0.0
0.0
0.0
0.0
0.0
0.0
0.0
0.0
13.0
136.0
248.0
312.0
325.0
286.0
196.0
60.0
0.0
0.0
0.0
0.0
0.0
0.0
0.0
0.0
0.0
0.0
0.0
0.0
0.0
0.0
0.0
0.0
13.0
137.0
249.0
314.0
327.0
288.0
199.0
62.0
0.0
0.0
0.0
0.0
0.0
0.0
0.0
0.0
0.0
0.0
0.0
0.0
0.0
0.0
0.0
0.0
13.0
138.0
251.0
316.0
330.0
291.0
202.0
65.0
0.0
0.0
0.0
0.0
0.0
0.0
0.0
0.0
0.0
0.0
0.0
0.0
0.0
0.0
0.0
0.0
14.0
139.0
252.0
318.0
332.0
293.0
205.0
68.0
0.0
0.0
0.0
0.0
0.0
0.0
0.0
0.0
0.0
0.0
0.0
0.0
0.0
0.0
0.0
0.0
14.0
141.0
254.0
320.0
335.0
296.0
208.0
71.0
0.0
0.0
0.0
0.0
0.0
0.0
0.0
0.0
0.0
0.0
0.0
0.0
0.0
0.0
0.0
0.0
15.0
142.0
256.0
322.0
337.0
299.0
211.0
75.0
0.0
0.0
0.0
0.0
0.0
0.0
0.0
0.0
0.0
0.0
0.0
0.0
0.0
0.0
0.0
0.0
15.0
144.0
258.0
325.0
340.0
303.0
215.0
83.0
0.0
0.0
0.0
0.0
0.0
0.0
0.0
0.0
0.0
0.0
0.0
0.0
0.0
0.0
0.0
0.0
16.0
146.0
260.0
328.0
343.0
306.0
219.0
87.0
0.0
0.0
0.0
0.0
0.0
0.0
0.0
0.0
0.0
0.0
0.0
0.0
0.0
0.0
0.0
0.0
17.0
148.0
263.0
330.0
346.0
310.0
222.0
91.0
0.0
0.0
0.0
0.0
0.0
0.0
0.0
0.0
0.0
0.0
0.0
0.0
0.0
0.0
0.0
0.0
17.0
150.0
265.0
334.0
350.0
313.0
226.0
95.0
1.0
0.0
0.0
0.0
0.0
0.0
0.0
0.0
0.0
0.0
0.0
0.0
0.0
0.0
0.0
0.0
18.0
152.0
268.0
337.0
353.0
317.0
230.0
99.0
1.0
0.0
0.0
0.0
0.0
0.0
0.0
0.0
0.0
0.0
0.0
0.0
0.0
0.0
0.0
0.0
19.0
155.0
271.0
340.0
357.0
321.0
235.0
104.0
2.0
0.0
0.0
0.0
0.0
0.0
0.0
0.0
0.0
0.0
0.0
0.0
0.0
0.0
0.0
0.0
21.0
158.0
274.0
344.0
361.0
325.0
239.0
108.0
2.0
0.0
0.0
0.0
0.0
0.0
0.0
0.0
0.0
0.0
0.0
0.0
0.0
0.0
0.0
0.0
22.0
161.0
278.0
347.0
365.0
330.0
244.0
113.0
3.0
0.0
0.0
0.0
0.0
0.0
0.0
0.0
0.0
0.0
0.0
0.0
0.0
0.0
0.0
0.0
23.0
164.0
281.0
351.0
369.0
334.0
248.0
118.0
4.0
0.0
0.0
0.0
0.0
0.0
0.0
0.0
0.0
0.0
0.0
0.0
0.0
0.0
0.0
0.0
25.0
167.0
285.0
355.0
374.0
339.0
253.0
122.0
5.0
0.0
0.0
0.0
0.0
0.0
0.0
0.0
0.0
0.0
0.0
0.0
0.0
0.0
0.0
0.0
27.0
170.0
288.0
359.0
378.0
344.0
258.0
127.0
6.0
0.0
0.0
0.0
0.0
0.0
0.0
0.0
0.0
0.0
0.0
0.0
0.0
0.0
0.0
0.0
29.0
174.0
292.0
364.0
383.0
348.0
263.0
133.0
8.0
0.0
0.0
0.0
0.0
0.0
0.0
0.0
0.0
0.0
0.0
0.0
0.0
0.0
0.0
0.0
31.0
178.0
297.0
368.0
388.0
353.0
268.0
138.0
9.0
0.0
0.0
0.0
0.0
0.0
0.0
0.0
0.0
0.0
0.0
0.0
0.0
0.0
0.0
0.0
33.0
182.0
301.0
373.0
392.0
359.0
274.0
143.0
11.0
0.0
0.0
0.0
0.0
0.0
0.0
0.0
0.0
0.0
0.0
0.0
0.0
0.0
0.0
0.0
35.0
186.0
305.0
377.0
397.0
364.0
279.0
149.0
13.0
0.0
0.0
0.0
0.0
0.0
0.0
0.0
0.0
0.0
0.0
0.0
0.0
0.0
0.0
0.0
38.0
190.0
310.0
382.0
403.0
369.0
285.0
154.0
15.0
0.0
0.0
0.0
0.0
0.0
0.0
0.0
0.0
0.0
0.0
0.0
0.0
0.0
0.0
0.0
40.0
194.0
314.0
387.0
408.0
375.0
290.0
160.0
18.0
0.0
0.0
0.0
0.0
0.0
0.0
0.0
0.0
0.0
0.0
0.0
0.0
0.0
0.0
0.0
43.0
199.0
319.0
393.0
413.0
381.0
296.0
166.0
20.0
0.0
0.0
0.0
0.0
0.0
0.0
0.0
0.0
0.0
0.0
0.0
0.0
0.0
0.0
0.0
46.0
203.0
324.0
398.0
419.0
386.0
302.0
172.0
23.0
0.0
0.0
0.0
0.0
0.0
0.0
0.0
0.0
0.0
0.0
0.0
0.0
0.0
0.0
0.0
50.0
208.0
329.0
403.0
425.0
392.0
308.0
178.0
26.0
0.0
0.0
0.0
0.0
0.0
0.0
0.0
0.0
0.0
0.0
0.0
0.0
0.0
0.0
0.0
53.0
213.0
335.0
409.0
431.0
398.0
314.0
184.0
30.0
0.0
0.0
0.0
0.0
0.0
0.0
0.0
0.0
0.0
0.0
0.0
0.0
0.0
0.0
0.0
57.0
218.0
340.0
415.0
436.0
404.0
320.0
190.0
33.0
0.0
0.0
0.0
0.0
0.0
0.0
0.0
0.0
0.0
0.0
0.0
0.0
0.0
0.0
0.0
61.0
223.0
346.0
420.0
443.0
410.0
326.0
196.0
37.0
0.0
0.0
0.0
0.0
0.0
0.0
0.0
0.0
0.0
0.0
0.0
0.0
0.0
0.0
0.0
65.0
229.0
351.0
426.0
449.0
417.0
333.0
203.0
41.0
0.0
0.0
0.0
0.0
0.0
0.0
0.0
0.0
0.0
0.0
0.0
0.0
0.0
0.0
0.0
70.0
234.0
357.0
432.0
455.0
423.0
339.0
209.0
46.0
0.0
0.0
0.0
0.0
0.0
0.0
0.0
0.0
0.0
0.0
0.0
0.0
0.0
0.0
0.0
75.0
240.0
363.0
439.0
461.0
430.0
346.0
215.0
50.0
0.0
0.0
0.0
0.0
0.0
0.0
0.0
0.0
0.0
0.0
0.0
0.0
0.0
0.0
0.0
80.0
246.0
369.0
445.0
468.0
436.0
352.0
222.0
55.0
0.0
0.0
0.0
0.0
0.0
0.0
0.0
0.0
0.0
0.0
0.0
0.0
0.0
0.0
0.0
85.0
252.0
375.0
451.0
474.0
443.0
359.0
229.0
60.0
0.0
0.0
0.0
0.0
0.0
0.0
0.0
0.0
0.0
0.0
0.0
0.0
0.0
0.0
0.0
94.0
258.0
382.0
458.0
481.0
450.0
366.0
235.0
66.0
0.0
0.0
0.0
0.0
0.0
0.0
0.0
0.0
0.0
0.0
0.0
0.0
0.0
0.0
0.0
100.0
264.0
388.0
464.0
488.0
456.0
373.0
242.0
72.0
0.0
0.0
0.0
0.0
0.0
0.0
0.0
0.0
0.0
0.0
0.0
0.0
0.0
0.0
0.0
106.0
270.0
395.0
471.0
495.0
463.0
380.0
249.0
78.0
0.0
0.0
0.0
0.0
0.0
0.0
0.0
0.0
0.0
0.0
0.0
0.0
0.0
0.0
1.0
112.0
276.0
401.0
478.0
501.0
470.0
386.0
256.0
84.0
0.0
0.0
0.0
0.0
0.0
0.0
0.0
0.0
0.0
0.0
0.0
0.0
0.0
0.0
2.0
119.0
283.0
408.0
485.0
508.0
477.0
393.0
263.0
90.0
0.0
0.0
0.0
0.0
0.0
0.0
0.0
0.0
0.0
0.0
0.0
0.0
0.0
0.0
2.0
125.0
290.0
415.0
492.0
516.0
484.0
401.0
270.0
101.0
0.0
0.0
0.0
0.0
0.0
0.0
0.0
0.0
0.0
0.0
0.0
0.0
0.0
0.0
4.0
132.0
296.0
422.0
499.0
523.0
492.0
408.0
277.0
107.0
0.0
0.0
0.0
0.0
0.0
0.0
0.0
0.0
0.0
0.0
0.0
0.0
0.0
0.0
5.0
138.0
303.0
429.0
506.0
530.0
499.0
415.0
284.0
114.0
1.0
0.0
0.0
0.0
0.0
0.0
0.0
0.0
0.0
0.0
0.0
0.0
0.0
0.0
6.0
145.0
310.0
436.0
513.0
537.0
506.0
422.0
291.0
121.0
2.0
0.0
0.0
0.0
0.0
0.0
0.0
0.0
0.0
0.0
0.0
0.0
0.0
0.0
8.0
152.0
317.0
443.0
520.0
544.0
513.0
429.0
298.0
128.0
3.0
0.0
0.0
0.0
0.0
0.0
0.0
0.0
0.0
0.0
0.0
0.0
0.0
0.0
10.0
159.0
324.0
450.0
528.0
552.0
521.0
437.0
305.0
135.0
4.0
0.0
0.0
0.0
0.0
0.0
0.0
0.0
0.0
0.0
0.0
0.0
0.0
0.0
13.0
166.0
331.0
457.0
535.0
559.0
528.0
444.0
312.0
142.0
5.0
0.0
0.0
0.0
0.0
0.0
0.0
0.0
0.0
0.0
0.0
0.0
0.0
0.0
15.0
173.0
339.0
465.0
543.0
567.0
536.0
451.0
319.0
149.0
7.0
0.0
0.0
0.0
0.0
0.0
0.0
0.0
0.0
0.0
0.0
0.0
0.0
0.0
18.0
180.0
346.0
472.0
550.0
574.0
543.0
459.0
327.0
156.0
9.0
0.0
0.0
0.0
0.0
0.0
0.0
0.0
0.0
0.0
0.0
0.0
0.0
0.0
21.0
187.0
354.0
480.0
558.0
582.0
551.0
466.0
334.0
163.0
11.0
0.0
0.0
0.0
0.0
0.0
0.0
0.0
0.0
0.0
0.0
0.0
0.0
0.0
25.0
195.0
361.0
487.0
565.0
589.0
558.0
473.0
341.0
170.0
13.0
0.0
0.0
0.0
0.0
0.0
0.0
0.0
0.0
0.0
0.0
0.0
0.0
0.0
28.0
202.0
369.0
495.0
573.0
597.0
566.0
481.0
348.0
177.0
16.0
0.0
0.0
0.0
0.0
0.0
0.0
0.0
0.0
0.0
0.0
0.0
0.0
0.0
32.0
210.0
376.0
503.0
581.0
605.0
573.0
488.0
356.0
184.0
19.0
0.0
0.0
0.0
0.0
0.0
0.0
0.0
0.0
0.0
0.0
0.0
0.0
0.0
37.0
218.0
384.0
511.0
589.0
612.0
581.0
496.0
363.0
192.0
22.0
0.0
0.0
0.0
0.0
0.0
0.0
0.0
0.0
0.0
0.0
0.0
0.0
0.0
42.0
225.0
392.0
518.0
596.0
620.0
588.0
503.0
370.0
199.0
25.0
0.0
0.0
0.0
0.0
0.0
0.0
0.0
0.0
0.0
0.0
0.0
0.0
0.0
47.0
233.0
400.0
526.0
604.0
628.0
596.0
511.0
377.0
206.0
29.0
0.0
0.0
0.0
0.0
0.0
0.0
0.0
0.0
0.0
0.0
0.0
0.0
0.0
52.0
241.0
408.0
534.0
612.0
636.0
604.0
518.0
385.0
213.0
33.0
0.0
0.0
0.0
0.0
0.0
0.0
0.0
0.0
0.0
0.0
0.0
0.0
0.0
58.0
249.0
416.0
542.0
620.0
643.0
611.0
525.0
392.0
220.0
37.0
0.0
0.0
0.0
0.0
0.0
0.0
0.0
0.0
0.0
0.0
0.0
0.0
0.0
64.0
257.0
424.0
550.0
628.0
651.0
619.0
533.0
399.0
227.0
41.0
0.0
0.0
0.0
0.0
0.0
0.0
0.0
0.0
0.0
0.0
0.0
0.0
0.0
70.0
265.0
432.0
558.0
636.0
659.0
626.0
540.0
407.0
234.0
45.0
0.0
0.0
0.0
0.0
0.0
0.0
0.0
0.0
0.0
0.0
0.0
0.0
0.0
77.0
273.0
440.0
566.0
644.0
667.0
634.0
548.0
414.0
241.0
50.0
0.0
0.0
0.0
0.0
0.0
0.0
0.0
0.0
0.0
0.0
0.0
0.0
0.0
84.0
281.0
448.0
574.0
651.0
674.0
642.0
555.0
421.0
248.0
55.0
0.0
0.0
0.0
0.0
0.0
0.0
0.0
0.0
0.0
0.0
0.0
0.0
0.0
92.0
289.0
456.0
582.0
659.0
682.0
649.0
563.0
428.0
255.0
60.0
0.0
0.0
0.0
0.0
0.0
0.0
0.0
0.0
0.0
0.0
0.0
0.0
0.0
100.0
298.0
464.0
590.0
667.0
690.0
657.0
570.0
435.0
262.0
65.0
0.0
0.0
0.0
0.0
0.0
0.0
0.0
0.0
0.0
0.0
0.0
0.0
0.0
110.0
306.0
472.0
598.0
675.0
698.0
664.0
577.0
443.0
269.0
71.0
0.0
0.0
0.0
0.0
0.0
0.0
0.0
0.0
0.0
0.0
0.0
0.0
0.0
119.0
314.0
481.0
606.0
683.0
705.0
672.0
585.0
450.0
276.0
77.0
0.0
0.0
0.0
0.0
0.0
0.0
0.0
0.0
0.0
0.0
0.0
0.0
1.0
127.0
323.0
489.0
615.0
691.0
713.0
679.0
592.0
457.0
283.0
83.0
0.0
0.0
0.0
0.0
0.0
0.0
0.0
0.0
0.0
0.0
0.0
0.0
2.0
135.0
331.0
497.0
623.0
699.0
721.0
687.0
599.0
464.0
290.0
89.0
0.0
0.0
0.0
0.0
0.0
0.0
0.0
0.0
0.0
0.0
0.0
0.0
4.0
144.0
339.0
505.0
631.0
707.0
729.0
694.0
606.0
471.0
297.0
95.0
0.0
0.0
0.0
0.0
0.0
0.0
0.0
0.0
0.0
0.0
0.0
0.0
5.0
152.0
348.0
514.0
639.0
715.0
736.0
702.0
614.0
478.0
304.0
102.0
0.0
0.0
0.0
0.0
0.0
0.0
0.0
0.0
0.0
0.0
0.0
0.0
7.0
161.0
356.0
522.0
647.0
723.0
744.0
709.0
621.0
485.0
311.0
110.0
0.0
0.0
0.0
0.0
0.0
0.0
0.0
0.0
0.0
0.0
0.0
0.0
10.0
169.0
365.0
530.0
655.0
730.0
751.0
716.0
628.0
492.0
318.0
117.0
0.0
0.0
0.0
0.0
0.0
0.0
0.0
0.0
0.0
0.0
0.0
0.0
13.0
178.0
373.0
538.0
663.0
738.0
759.0
724.0
635.0
499.0
324.0
124.0
1.0
0.0
0.0
0.0
0.0
0.0
0.0
0.0
0.0
0.0
0.0
0.0
16.0
186.0
381.0
547.0
671.0
746.0
766.0
731.0
642.0
506.0
331.0
131.0
1.0
0.0
0.0
0.0
0.0
0.0
0.0
0.0
0.0
0.0
0.0
0.0
19.0
195.0
390.0
555.0
679.0
754.0
774.0
738.0
649.0
513.0
338.0
137.0
2.0
0.0
0.0
0.0
0.0
0.0
0.0
0.0
0.0
0.0
0.0
0.0
23.0
204.0
398.0
563.0
687.0
761.0
781.0
745.0
656.0
519.0
345.0
144.0
3.0
0.0
0.0
0.0
0.0
0.0
0.0
0.0
0.0
0.0
0.0
0.0
27.0
212.0
407.0
571.0
695.0
769.0
789.0
752.0
663.0
526.0
351.0
150.0
5.0
0.0
0.0
0.0
0.0
0.0
0.0
0.0
0.0
0.0
0.0
0.0
32.0
221.0
415.0
579.0
703.0
777.0
796.0
760.0
670.0
533.0
358.0
157.0
6.0
0.0
0.0
0.0
0.0
0.0
0.0
0.0
0.0
0.0
0.0
0.0
37.0
229.0
423.0
588.0
711.0
784.0
803.0
767.0
677.0
539.0
364.0
164.0
8.0
0.0
0.0
0.0
0.0
0.0
0.0
0.0
0.0
0.0
0.0
0.0
42.0
238.0
432.0
596.0
718.0
792.0
810.0
774.0
683.0
546.0
371.0
170.0
10.0
0.0
0.0
0.0
0.0
0.0
0.0
0.0
0.0
0.0
0.0
0.0
48.0
246.0
440.0
604.0
726.0
799.0
818.0
780.0
690.0
553.0
377.0
177.0
12.0
0.0
0.0
0.0
0.0
0.0
0.0
0.0
0.0
0.0
0.0
0.0
54.0
255.0
448.0
612.0
734.0
807.0
825.0
787.0
697.0
559.0
384.0
183.0
14.0
0.0
0.0
0.0
0.0
0.0
0.0
0.0
0.0
0.0
0.0
0.0
60.0
264.0
457.0
620.0
742.0
814.0
832.0
794.0
703.0
566.0
390.0
190.0
16.0
0.0
0.0
0.0
0.0
0.0
0.0
0.0
0.0
0.0
0.0
0.0
67.0
272.0
465.0
628.0
749.0
821.0
839.0
801.0
710.0
572.0
397.0
196.0
19.0
0.0
0.0
0.0
0.0
0.0
0.0
0.0
0.0
0.0
0.0
0.0
74.0
280.0
473.0
636.0
757.0
828.0
846.0
808.0
716.0
578.0
403.0
202.0
22.0
0.0
0.0
0.0
0.0
0.0
0.0
0.0
0.0
0.0
0.0
0.0
81.0
289.0
481.0
643.0
764.0
836.0
853.0
814.0
723.0
585.0
409.0
209.0
25.0
0.0
0.0
0.0
0.0
0.0
0.0
0.0
0.0
0.0
0.0
0.0
89.0
297.0
489.0
651.0
772.0
843.0
859.0
821.0
729.0
591.0
416.0
215.0
28.0
0.0
0.0
0.0
0.0
0.0
0.0
0.0
0.0
0.0
0.0
0.0
97.0
306.0
497.0
659.0
779.0
850.0
866.0
827.0
735.0
597.0
422.0
221.0
32.0
0.0
0.0
0.0
0.0
0.0
0.0
0.0
0.0
0.0
0.0
0.0
105.0
314.0
505.0
667.0
786.0
857.0
873.0
834.0
742.0
603.0
428.0
227.0
35.0
0.0
0.0
0.0
0.0
0.0
0.0
0.0
0.0
0.0
0.0
0.0
114.0
322.0
513.0
674.0
794.0
864.0
879.0
840.0
748.0
609.0
434.0
234.0
39.0
0.0
0.0
0.0
0.0
0.0
0.0
0.0
0.0
0.0
0.0
1.0
122.0
331.0
521.0
682.0
801.0
871.0
886.0
846.0
754.0
615.0
440.0
240.0
43.0
0.0
0.0
0.0
0.0
0.0
0.0
0.0
0.0
0.0
0.0
1.0
131.0
339.0
529.0
689.0
808.0
877.0
892.0
852.0
760.0
621.0
446.0
246.0
47.0
0.0
0.0
0.0
0.0
0.0
0.0
0.0
0.0
0.0
0.0
3.0
139.0
347.0
537.0
697.0
815.0
884.0
899.0
859.0
766.0
627.0
452.0
252.0
51.0
0.0
0.0
0.0
0.0
0.0
0.0
0.0
0.0
0.0
0.0
4.0
147.0
355.0
545.0
704.0
822.0
891.0
905.0
865.0
772.0
633.0
458.0
258.0
56.0
0.0
0.0
0.0
0.0
0.0
0.0
0.0
0.0
0.0
0.0
6.0
156.0
363.0
552.0
711.0
829.0
897.0
911.0
871.0
778.0
639.0
464.0
264.0
60.0
0.0
0.0
0.0
0.0
0.0
0.0
0.0
0.0
0.0
0.0
8.0
164.0
371.0
560.0
718.0
836.0
904.0
918.0
877.0
783.0
645.0
469.0
270.0
65.0
0.0
0.0
0.0
0.0
0.0
0.0
0.0
0.0
0.0
0.0
11.0
172.0
379.0
567.0
726.0
842.0
910.0
924.0
882.0
789.0
650.0
475.0
276.0
70.0
0.0
0.0
0.0
0.0
0.0
0.0
0.0
0.0
0.0
0.0
14.0
180.0
386.0
575.0
733.0
849.0
916.0
930.0
888.0
795.0
656.0
481.0
282.0
75.0
0.0
0.0
0.0
0.0
0.0
0.0
0.0
0.0
0.0
0.0
17.0
188.0
394.0
582.0
740.0
856.0
922.0
936.0
894.0
800.0
661.0
487.0
287.0
80.0
0.0
0.0
0.0
0.0
0.0
0.0
0.0
0.0
0.0
0.0
20.0
196.0
402.0
589.0
746.0
862.0
929.0
941.0
900.0
806.0
667.0
492.0
293.0
85.0
0.0
0.0
0.0
0.0
0.0
0.0
0.0
0.0
0.0
0.0
24.0
204.0
409.0
597.0
753.0
868.0
935.0
947.0
905.0
811.0
672.0
498.0
299.0
91.0
0.0
0.0
0.0
0.0
0.0
0.0
0.0
0.0
0.0
0.0
28.0
212.0
417.0
604.0
760.0
875.0
941.0
953.0
911.0
817.0
678.0
503.0
305.0
97.0
0.0
0.0
0.0
0.0
0.0
0.0
0.0
0.0
0.0
0.0
32.0
220.0
424.0
611.0
766.0
881.0
946.0
958.0
916.0
822.0
683.0
509.0
310.0
102.0
0.0
0.0
0.0
0.0
0.0
0.0
0.0
0.0
0.0
0.0
37.0
228.0
432.0
618.0
773.0
887.0
952.0
964.0
921.0
827.0
688.0
514.0
316.0
108.0
0.0
0.0
0.0
0.0
0.0
0.0
0.0
0.0
0.0
0.0
42.0
235.0
439.0
624.0
779.0
893.0
958.0
969.0
926.0
832.0
694.0
519.0
322.0
114.0
0.0
0.0
0.0
0.0
0.0
0.0
0.0
0.0
0.0
0.0
47.0
243.0
446.0
631.0
786.0
899.0
963.0
975.0
932.0
838.0
699.0
525.0
327.0
120.0
1.0
0.0
0.0
0.0
0.0
0.0
0.0
0.0
0.0
0.0
52.0
250.0
453.0
638.0
792.0
905.0
969.0
980.0
937.0
843.0
704.0
530.0
333.0
125.0
1.0
0.0
0.0
0.0
0.0
0.0
0.0
0.0
0.0
0.0
58.0
257.0
460.0
644.0
798.0
911.0
974.0
985.0
942.0
847.0
709.0
535.0
338.0
131.0
2.0
0.0
0.0
0.0
0.0
0.0
0.0
0.0
0.0
0.0
64.0
265.0
467.0
651.0
804.0
916.0
980.0
990.0
947.0
852.0
714.0
540.0
343.0
137.0
3.0
0.0
0.0
0.0
0.0
0.0
0.0
0.0
0.0
0.0
70.0
272.0
473.0
657.0
810.0
922.0
985.0
995.0
951.0
857.0
719.0
545.0
349.0
143.0
4.0
0.0
0.0
0.0
0.0
0.0
0.0
0.0
0.0
0.0
76.0
279.0
480.0
663.0
816.0
927.0
990.0
1000.0
956.0
862.0
723.0
550.0
354.0
148.0
5.0
0.0
0.0
0.0
0.0
0.0
0.0
0.0
0.0
0.0
82.0
286.0
487.0
669.0
821.0
933.0
995.0
1005.0
961.0
867.0
728.0
555.0
359.0
154.0
7.0
0.0
0.0
0.0
0.0
0.0
0.0
0.0
0.0
0.0
89.0
292.0
493.0
675.0
827.0
938.0
1000.0
1009.0
966.0
871.0
733.0
560.0
364.0
159.0
9.0
0.0
0.0
0.0
0.0
0.0
0.0
0.0
0.0
0.0
96.0
299.0
499.0
681.0
832.0
943.0
1005.0
1014.0
970.0
876.0
738.0
565.0
370.0
165.0
10.0
0.0
0.0
0.0
0.0
0.0
0.0
0.0
0.0
0.0
102.0
306.0
506.0
687.0
838.0
948.0
1010.0
1019.0
974.0
880.0
742.0
570.0
375.0
170.0
12.0
0.0
0.0
0.0
0.0
0.0
0.0
0.0
0.0
0.0
108.0
312.0
512.0
693.0
843.0
953.0
1014.0
1023.0
979.0
885.0
747.0
574.0
380.0
176.0
15.0
0.0
0.0
0.0
0.0
0.0
0.0
0.0
0.0
1.0
115.0
319.0
518.0
698.0
848.0
958.0
1019.0
1027.0
983.0
889.0
751.0
579.0
385.0
181.0
17.0
0.0
0.0
0.0
0.0
0.0
0.0
0.0
0.0
1.0
122.0
325.0
523.0
704.0
853.0
962.0
1023.0
1032.0
987.0
893.0
756.0
584.0
390.0
187.0
19.0
0.0
0.0
0.0
0.0
0.0
0.0
0.0
0.0
2.0
128.0
331.0
529.0
709.0
858.0
967.0
1028.0
1036.0
991.0
897.0
760.0
588.0
395.0
192.0
22.0
0.0
0.0
0.0
0.0
0.0
0.0
0.0
0.0
4.0
135.0
337.0
535.0
714.0
863.0
972.0
1032.0
1040.0
996.0
901.0
764.0
593.0
399.0
197.0
25.0
0.0
0.0
0.0
0.0
0.0
0.0
0.0
0.0
5.0
141.0
343.0
540.0
719.0
868.0
976.0
1036.0
1044.0
1000.0
905.0
768.0
597.0
404.0
202.0
28.0
0.0
0.0
0.0
0.0
0.0
0.0
0.0
0.0
7.0
147.0
349.0
546.0
724.0
873.0
980.0
1040.0
1048.0
1003.0
909.0
772.0
602.0
409.0
207.0
31.0
0.0
0.0
0.0
0.0
0.0
0.0
0.0
0.0
8.0
153.0
355.0
551.0
729.0
877.0
984.0
1044.0
1052.0
1007.0
913.0
777.0
606.0
414.0
212.0
34.0
0.0
0.0
0.0
0.0
0.0
0.0
0.0
0.0
10.0
159.0
360.0
556.0
734.0
881.0
989.0
1048.0
1056.0
1011.0
917.0
781.0
610.0
418.0
217.0
37.0
0.0
0.0
0.0
0.0
0.0
0.0
0.0
0.0
12.0
165.0
366.0
561.0
739.0
886.0
993.0
1052.0
1059.0
1015.0
921.0
784.0
615.0
423.0
222.0
40.0
0.0
0.0
0.0
0.0
0.0
0.0
0.0
0.0
15.0
171.0
371.0
566.0
743.0
890.0
996.0
1055.0
1063.0
1018.0
925.0
788.0
619.0
427.0
227.0
44.0
0.0
0.0
0.0
0.0
0.0
0.0
0.0
0.0
17.0
176.0
376.0
571.0
748.0
894.0
1000.0
1059.0
1066.0
1022.0
928.0
792.0
623.0
432.0
232.0
47.0
0.0
0.0
0.0
0.0
0.0
0.0
0.0
0.0
20.0
182.0
381.0
576.0
752.0
898.0
1004.0
1062.0
1070.0
1025.0
932.0
796.0
627.0
436.0
237.0
51.0
0.0
0.0
0.0
0.0
0.0
0.0
0.0
0.0
22.0
187.0
386.0
580.0
756.0
902.0
1007.0
1066.0
1073.0
1029.0
935.0
800.0
631.0
441.0
242.0
55.0
0.0
0.0
0.0
0.0
0.0
0.0
0.0
0.0
25.0
192.0
391.0
585.0
760.0
906.0
1011.0
1069.0
1076.0
1032.0
939.0
803.0
635.0
445.0
246.0
59.0
0.0
0.0
0.0
0.0
0.0
0.0
0.0
0.0
28.0
198.0
396.0
589.0
764.0
909.0
1014.0
1072.0
1079.0
1035.0
942.0
807.0
639.0
449.0
251.0
63.0
0.0
0.0
0.0
0.0
0.0
0.0
0.0
0.0
31.0
202.0
400.0
593.0
768.0
913.0
1018.0
1076.0
1083.0
1038.0
945.0
810.0
643.0
453.0
255.0
67.0
0.0
0.0
0.0
0.0
0.0
0.0
0.0
0.0
34.0
207.0
405.0
597.0
772.0
916.0
1021.0
1079.0
1086.0
1041.0
948.0
814.0
646.0
457.0
260.0
71.0
0.0
0.0
0.0
0.0
0.0
0.0
0.0
0.0
37.0
212.0
409.0
601.0
775.0
919.0
1024.0
1082.0
1088.0
1044.0
952.0
817.0
650.0
461.0
264.0
75.0
0.0
0.0
0.0
0.0
0.0
0.0
0.0
0.0
41.0
216.0
413.0
605.0
779.0
923.0
1027.0
1084.0
1091.0
1047.0
955.0
820.0
654.0
465.0
269.0
80.0
0.0
0.0
0.0
0.0
0.0
0.0
0.0
0.0
44.0
221.0
417.0
609.0
782.0
926.0
1030.0
1087.0
1094.0
1050.0
958.0
824.0
657.0
469.0
273.0
84.0
0.0
0.0
0.0
0.0
0.0
0.0
0.0
0.0
47.0
225.0
421.0
612.0
785.0
929.0
1033.0
1090.0
1097.0
1053.0
961.0
827.0
661.0
473.0
277.0
88.0
0.0
0.0
0.0
0.0
0.0
0.0
0.0
0.0
50.0
229.0
425.0
616.0
788.0
931.0
1035.0
1092.0
1099.0
1055.0
963.0
830.0
664.0
477.0
281.0
91.0
0.0
0.0
0.0
0.0
0.0
0.0
0.0
0.0
54.0
233.0
429.0
619.0
791.0
934.0
1038.0
1095.0
1102.0
1058.0
966.0
833.0
667.0
481.0
285.0
95.0
0.0
0.0
0.0
0.0
0.0
0.0
0.0
0.0
57.0
237.0
432.0
622.0
794.0
937.0
1040.0
1097.0
1104.0
1060.0
969.0
836.0
671.0
484.0
289.0
99.0
0.0
0.0
0.0
0.0
0.0
0.0
0.0
0.0
60.0
241.0
435.0
625.0
797.0
939.0
1043.0
1100.0
1106.0
1063.0
972.0
839.0
674.0
488.0
293.0
104.0
1.0
0.0
0.0
0.0
0.0
0.0
0.0
0.0
63.0
244.0
439.0
628.0
800.0
942.0
1045.0
1102.0
1109.0
1065.0
974.0
842.0
677.0
491.0
297.0
108.0
1.0
0.0
0.0
0.0
0.0
0.0
0.0
0.0
67.0
248.0
442.0
631.0
802.0
944.0
1047.0
1104.0
1111.0
1067.0
977.0
844.0
680.0
495.0
301.0
112.0
2.0
0.0
0.0
0.0
0.0
0.0
0.0
0.0
70.0
251.0
445.0
634.0
805.0
946.0
1049.0
1106.0
1113.0
1070.0
979.0
847.0
683.0
498.0
304.0
116.0
2.0
0.0
0.0
0.0
0.0
0.0
0.0
0.0
73.0
254.0
448.0
636.0
807.0
948.0
1051.0
1108.0
1115.0
1072.0
981.0
850.0
686.0
501.0
308.0
120.0
3.0
0.0
0.0
0.0
0.0
0.0
0.0
0.0
76.0
257.0
450.0
638.0
809.0
950.0
1053.0
1110.0
1117.0
1074.0
984.0
852.0
689.0
504.0
311.0
123.0
4.0
0.0
0.0
0.0
0.0
0.0
0.0
0.0
79.0
260.0
453.0
641.0
811.0
952.0
1055.0
1112.0
1119.0
1076.0
986.0
855.0
692.0
507.0
315.0
127.0
5.0
0.0
0.0
0.0
0.0
0.0
0.0
0.0
82.0
263.0
455.0
643.0
813.0
954.0
1057.0
1113.0
1121.0
1078.0
988.0
857.0
694.0
510.0
318.0
131.0
6.0
0.0
0.0
0.0
0.0
0.0
0.0
0.0
85.0
266.0
458.0
645.0
815.0
956.0
1058.0
1115.0
1122.0
1080.0
990.0
860.0
697.0
513.0
321.0
134.0
7.0
0.0
0.0
0.0
0.0
0.0
0.0
0.0
85.0
268.0
460.0
647.0
817.0
958.0
1060.0
1117.0
1124.0
1082.0
992.0
862.0
700.0
516.0
325.0
138.0
8.0
0.0
0.0
0.0
0.0
0.0
0.0
0.0
88.0
271.0
462.0
649.0
818.0
959.0
1061.0
1118.0
1126.0
1083.0
994.0
864.0
702.0
519.0
328.0
141.0
9.0
0.0
0.0
0.0
0.0
0.0
0.0
0.0
90.0
273.0
464.0
651.0
820.0
960.0
1063.0
1119.0
1127.0
1085.0
996.0
866.0
704.0
522.0
331.0
144.0
10.0
0.0
0.0
0.0
0.0
0.0
0.0
0.0
93.0
275.0
466.0
652.0
821.0
962.0
1064.0
1121.0
1128.0
1086.0
998.0
868.0
707.0
524.0
333.0
147.0
11.0
0.0
0.0
0.0
0.0
0.0
0.0
0.0
95.0
277.0
467.0
654.0
823.0
963.0
1065.0
1122.0
1130.0
1088.0
999.0
870.0
709.0
527.0
336.0
150.0
13.0
0.0
0.0
0.0
0.0
0.0
0.0
0.0
97.0
279.0
469.0
655.0
824.0
964.0
1066.0
1123.0
1131.0
1089.0
1001.0
872.0
711.0
529.0
339.0
153.0
14.0
0.0
0.0
0.0
0.0
0.0
0.0
1.0
99.0
280.0
470.0
656.0
825.0
965.0
1067.0
1124.0
1132.0
1091.0
1003.0
874.0
713.0
532.0
342.0
156.0
15.0
0.0
0.0
0.0
0.0
0.0
0.0
1.0
101.0
282.0
472.0
657.0
826.0
966.0
1068.0
1125.0
1133.0
1092.0
1004.0
876.0
715.0
534.0
344.0
158.0
16.0
0.0
0.0
0.0
0.0
0.0
0.0
1.0
102.0
283.0
473.0
658.0
827.0
967.0
1069.0
1126.0
1134.0
1093.0
1006.0
877.0
717.0
536.0
346.0
161.0
18.0
0.0
0.0
0.0
0.0
0.0
0.0
1.0
104.0
285.0
474.0
659.0
828.0
968.0
1070.0
1127.0
1135.0
1094.0
1007.0
879.0
719.0
538.0
349.0
163.0
19.0
0.0
0.0
0.0
0.0
0.0
0.0
2.0
105.0
286.0
475.0
660.0
828.0
968.0
1070.0
1128.0
1136.0
1095.0
1008.0
880.0
721.0
540.0
351.0
166.0
20.0
0.0
0.0
0.0
0.0
0.0
0.0
2.0
106.0
287.0
476.0
661.0
829.0
969.0
1071.0
1128.0
1137.0
1097.0
1010.0
882.0
723.0
542.0
353.0
168.0
21.0
0.0
0.0
0.0
0.0
0.0
0.0
2.0
107.0
288.0
476.0
661.0
829.0
969.0
1071.0
1129.0
1138.0
1097.0
1011.0
883.0
724.0
544.0
355.0
170.0
22.0
0.0
0.0
0.0
0.0
0.0
0.0
2.0
108.0
288.0
477.0
662.0
830.0
970.0
1072.0
1129.0
1138.0
1098.0
1012.0
885.0
726.0
546.0
357.0
172.0
23.0
0.0
0.0
0.0
0.0
0.0
0.0
2.0
109.0
289.0
477.0
662.0
830.0
970.0
1072.0
1130.0
1139.0
1099.0
1013.0
886.0
727.0
547.0
359.0
174.0
24.0
0.0
0.0
0.0
0.0
0.0
0.0
3.0
110.0
289.0
478.0
662.0
830.0
970.0
1072.0
1130.0
1140.0
1100.0
1014.0
887.0
728.0
549.0
360.0
176.0
25.0
0.0
0.0
0.0
0.0
0.0
0.0
3.0
110.0
290.0
478.0
662.0
830.0
970.0
1073.0
1131.0
1140.0
1100.0
1015.0
888.0
730.0
550.0
362.0
177.0
26.0
0.0
0.0
0.0
0.0
0.0
0.0
3.0
111.0
290.0
478.0
662.0
830.0
970.0
1073.0
1131.0
1140.0
1101.0
1015.0
889.0
731.0
551.0
363.0
179.0
27.0
0.0
0.0
0.0
0.0
0.0
0.0
3.0
111.0
290.0
478.0
662.0
830.0
970.0
1073.0
1131.0
1141.0
1102.0
1016.0
890.0
732.0
553.0
365.0
180.0
28.0
0.0
0.0
0.0
0.0
0.0
0.0
3.0
111.0
290.0
478.0
662.0
830.0
970.0
1073.0
1131.0
1141.0
1102.0
1017.0
891.0
733.0
554.0
366.0
182.0
29.0
0.0
0.0
0.0
0.0
0.0
0.0
3.0
111.0
290.0
478.0
662.0
830.0
970.0
1073.0
1131.0
1141.0
1102.0
1017.0
891.0
734.0
555.0
367.0
183.0
30.0
0.0
0.0
0.0
0.0
0.0
0.0
3.0
111.0
289.0
477.0
662.0
829.0
970.0
1072.0
1131.0
1141.0
1103.0
1018.0
892.0
735.0
556.0
368.0
184.0
30.0
0.0
0.0
0.0
0.0
0.0
0.0
3.0
110.0
289.0
477.0
661.0
829.0
969.0
1072.0
1131.0
1141.0
1103.0
1018.0
893.0
735.0
557.0
369.0
185.0
31.0
0.0
0.0
0.0
0.0
0.0
0.0
3.0
110.0
289.0
476.0
660.0
828.0
969.0
1072.0
1131.0
1141.0
1103.0
1018.0
893.0
736.0
557.0
370.0
185.0
31.0
0.0
0.0
0.0
0.0
0.0
0.0
3.0
109.0
288.0
476.0
660.0
828.0
968.0
1071.0
1130.0
1141.0
1103.0
1019.0
894.0
736.0
558.0
370.0
186.0
32.0
0.0
0.0
0.0
0.0
0.0
0.0
3.0
109.0
287.0
475.0
659.0
827.0
968.0
1071.0
1130.0
1141.0
1103.0
1019.0
894.0
737.0
558.0
371.0
187.0
32.0
0.0
0.0
0.0
0.0
0.0
0.0
2.0
108.0
286.0
474.0
658.0
826.0
967.0
1070.0
1130.0
1141.0
1103.0
1019.0
894.0
737.0
559.0
371.0
187.0
32.0
0.0
0.0
0.0
0.0
0.0
0.0
2.0
107.0
285.0
473.0
657.0
825.0
966.0
1070.0
1129.0
1141.0
1103.0
1019.0
894.0
737.0
559.0
371.0
187.0
32.0
0.0
0.0
0.0
0.0
0.0
0.0
2.0
106.0
284.0
472.0
656.0
824.0
965.0
1069.0
1129.0
1140.0
1103.0
1019.0
894.0
738.0
559.0
372.0
187.0
32.0
0.0
0.0
0.0
0.0
0.0
0.0
2.0
104.0
283.0
470.0
655.0
823.0
964.0
1068.0
1128.0
1140.0
1103.0
1019.0
894.0
738.0
559.0
372.0
187.0
32.0
0.0
0.0
0.0
0.0
0.0
0.0
2.0
103.0
281.0
469.0
654.0
822.0
963.0
1067.0
1127.0
1139.0
1102.0
1019.0
894.0
738.0
559.0
372.0
187.0
32.0
0.0
0.0
0.0
0.0
0.0
0.0
1.0
102.0
280.0
468.0
652.0
821.0
962.0
1066.0
1127.0
1139.0
1102.0
1018.0
894.0
737.0
559.0
371.0
187.0
32.0
0.0
0.0
0.0
0.0
0.0
0.0
1.0
100.0
278.0
466.0
651.0
820.0
961.0
1065.0
1126.0
1138.0
1101.0
1018.0
894.0
737.0
559.0
371.0
186.0
32.0
0.0
0.0
0.0
0.0
0.0
0.0
1.0
98.0
277.0
465.0
649.0
818.0
960.0
1064.0
1125.0
1137.0
1101.0
1017.0
893.0
737.0
559.0
371.0
186.0
31.0
0.0
0.0
0.0
0.0
0.0
0.0
1.0
96.0
275.0
463.0
648.0
817.0
958.0
1063.0
1124.0
1137.0
1100.0
1017.0
893.0
736.0
558.0
370.0
185.0
31.0
0.0
0.0
0.0
0.0
0.0
0.0
0.0
95.0
273.0
461.0
646.0
815.0
957.0
1062.0
1123.0
1136.0
1099.0
1016.0
892.0
736.0
557.0
369.0
184.0
30.0
0.0
0.0
0.0
0.0
0.0
0.0
0.0
92.0
271.0
459.0
644.0
813.0
956.0
1061.0
1122.0
1135.0
1099.0
1016.0
892.0
735.0
557.0
369.0
183.0
29.0
0.0
0.0
0.0
0.0
0.0
0.0
0.0
90.0
269.0
457.0
642.0
812.0
954.0
1060.0
1121.0
1134.0
1098.0
1015.0
891.0
734.0
556.0
368.0
182.0
29.0
0.0
0.0
0.0
0.0
0.0
0.0
0.0
88.0
267.0
455.0
640.0
810.0
953.0
1058.0
1120.0
1133.0
1097.0
1014.0
890.0
733.0
555.0
367.0
181.0
28.0
0.0
0.0
0.0
0.0
0.0
0.0
0.0
86.0
264.0
453.0
638.0
808.0
951.0
1057.0
1118.0
1132.0
1096.0
1013.0
889.0
732.0
554.0
365.0
180.0
27.0
0.0
0.0
0.0
0.0
0.0
0.0
0.0
83.0
262.0
450.0
636.0
806.0
949.0
1055.0
1117.0
1130.0
1095.0
1012.0
888.0
731.0
553.0
364.0
178.0
26.0
0.0
0.0
0.0
0.0
0.0
0.0
0.0
83.0
259.0
448.0
634.0
804.0
947.0
1054.0
1116.0
1129.0
1093.0
1011.0
887.0
730.0
551.0
363.0
177.0
25.0
0.0
0.0
0.0
0.0
0.0
0.0
0.0
80.0
257.0
446.0
632.0
802.0
945.0
1052.0
1114.0
1128.0
1092.0
1010.0
886.0
729.0
550.0
361.0
175.0
24.0
0.0
0.0
0.0
0.0
0.0
0.0
0.0
78.0
254.0
443.0
629.0
800.0
944.0
1050.0
1112.0
1126.0
1091.0
1008.0
884.0
727.0
548.0
359.0
173.0
23.0
0.0
0.0
0.0
0.0
0.0
0.0
0.0
75.0
251.0
440.0
627.0
798.0
942.0
1048.0
1111.0
1125.0
1089.0
1007.0
883.0
726.0
547.0
357.0
171.0
22.0
0.0
0.0
0.0
0.0
0.0
0.0
0.0
72.0
248.0
438.0
624.0
795.0
939.0
1046.0
1109.0
1123.0
1088.0
1005.0
881.0
724.0
545.0
355.0
169.0
20.0
0.0
0.0
0.0
0.0
0.0
0.0
0.0
69.0
245.0
435.0
622.0
793.0
937.0
1045.0
1107.0
1122.0
1086.0
1004.0
880.0
723.0
543.0
353.0
166.0
19.0
0.0
0.0
0.0
0.0
0.0
0.0
0.0
66.0
242.0
432.0
619.0
791.0
935.0
1043.0
1106.0
1120.0
1085.0
1002.0
878.0
721.0
541.0
351.0
164.0
18.0
0.0
0.0
0.0
0.0
0.0
0.0
0.0
63.0
239.0
429.0
616.0
788.0
933.0
1040.0
1104.0
1118.0
1083.0
1000.0
876.0
719.0
539.0
349.0
161.0
17.0
0.0
0.0
0.0
0.0
0.0
0.0
0.0
60.0
235.0
426.0
613.0
786.0
931.0
1038.0
1102.0
1116.0
1081.0
999.0
874.0
717.0
537.0
346.0
159.0
15.0
0.0
0.0
0.0
0.0
0.0
0.0
0.0
57.0
232.0
423.0
611.0
783.0
928.0
1036.0
1100.0
1114.0
1079.0
997.0
872.0
714.0
534.0
344.0
156.0
14.0
0.0
0.0
0.0
0.0
0.0
0.0
0.0
54.0
229.0
419.0
608.0
780.0
926.0
1034.0
1098.0
1112.0
1077.0
995.0
870.0
712.0
532.0
341.0
153.0
13.0
0.0
0.0
0.0
0.0
0.0
0.0
0.0
51.0
225.0
416.0
605.0
778.0
923.0
1032.0
1095.0
1110.0
1075.0
992.0
868.0
710.0
529.0
338.0
149.0
11.0
0.0
0.0
0.0
0.0
0.0
0.0
0.0
49.0
221.0
413.0
602.0
775.0
921.0
1029.0
1093.0
1108.0
1073.0
990.0
865.0
707.0
526.0
335.0
146.0
10.0
0.0
0.0
0.0
0.0
0.0
0.0
0.0
46.0
218.0
409.0
598.0
772.0
918.0
1027.0
1091.0
1106.0
1071.0
988.0
863.0
705.0
523.0
332.0
143.0
9.0
0.0
0.0
0.0
0.0
0.0
0.0
0.0
43.0
214.0
406.0
595.0
769.0
915.0
1024.0
1088.0
1104.0
1068.0
985.0
860.0
702.0
520.0
328.0
139.0
8.0
0.0
0.0
0.0
0.0
0.0
0.0
0.0
40.0
210.0
402.0
592.0
766.0
912.0
1022.0
1086.0
1101.0
1066.0
983.0
858.0
699.0
517.0
325.0
135.0
6.0
0.0
0.0
0.0
0.0
0.0
0.0
0.0
37.0
206.0
399.0
589.0
763.0
910.0
1019.0
1083.0
1099.0
1063.0
980.0
855.0
696.0
514.0
321.0
132.0
5.0
0.0
0.0
0.0
0.0
0.0
0.0
0.0
34.0
202.0
395.0
585.0
760.0
907.0
1016.0
1081.0
1096.0
1061.0
978.0
852.0
693.0
511.0
318.0
128.0
4.0
0.0
0.0
0.0
0.0
0.0
0.0
0.0
32.0
198.0
391.0
582.0
757.0
904.0
1014.0
1078.0
1093.0
1058.0
975.0
849.0
690.0
507.0
314.0
123.0
3.0
0.0
0.0
0.0
0.0
0.0
0.0
0.0
29.0
194.0
387.0
578.0
753.0
901.0
1011.0
1076.0
1091.0
1055.0
972.0
846.0
686.0
503.0
310.0
119.0
3.0
0.0
0.0
0.0
0.0
0.0
0.0
0.0
27.0
190.0
384.0
575.0
750.0
898.0
1008.0
1073.0
1088.0
1053.0
969.0
843.0
683.0
500.0
306.0
115.0
2.0
0.0
0.0
0.0
0.0
0.0
0.0
0.0
24.0
186.0
380.0
571.0
747.0
895.0
1005.0
1070.0
1085.0
1050.0
966.0
840.0
679.0
496.0
302.0
110.0
1.0
0.0
0.0
0.0
0.0
0.0
0.0
0.0
22.0
181.0
376.0
567.0
743.0
891.0
1002.0
1067.0
1082.0
1047.0
963.0
836.0
675.0
492.0
297.0
106.0
1.0
0.0
0.0
0.0
0.0
0.0
0.0
0.0
20.0
177.0
371.0
563.0
740.0
888.0
999.0
1064.0
1079.0
1044.0
959.0
833.0
672.0
488.0
293.0
101.0
0.0
0.0
0.0
0.0
0.0
0.0
0.0
0.0
17.0
172.0
367.0
560.0
736.0
885.0
996.0
1061.0
1076.0
1040.0
956.0
829.0
668.0
483.0
288.0
96.0
0.0
0.0
0.0
0.0
0.0
0.0
0.0
0.0
15.0
168.0
363.0
556.0
733.0
881.0
992.0
1058.0
1073.0
1037.0
953.0
825.0
664.0
479.0
284.0
93.0
0.0
0.0
0.0
0.0
0.0
0.0
0.0
0.0
13.0
163.0
359.0
552.0
729.0
878.0
989.0
1054.0
1070.0
1034.0
949.0
821.0
659.0
474.0
279.0
88.0
0.0
0.0
0.0
0.0
0.0
0.0
0.0
0.0
12.0
159.0
355.0
548.0
725.0
875.0
986.0
1051.0
1066.0
1030.0
945.0
817.0
655.0
470.0
274.0
83.0
0.0
0.0
0.0
0.0
0.0
0.0
0.0
0.0
10.0
154.0
350.0
544.0
721.0
871.0
982.0
1048.0
1063.0
1027.0
941.0
813.0
651.0
465.0
269.0
78.0
0.0
0.0
0.0
0.0
0.0
0.0
0.0
0.0
8.0
149.0
346.0
540.0
718.0
867.0
979.0
1044.0
1059.0
1023.0
938.0
809.0
646.0
460.0
263.0
73.0
0.0
0.0
0.0
0.0
0.0
0.0
0.0
0.0
7.0
144.0
341.0
536.0
714.0
864.0
975.0
1041.0
1056.0
1019.0
934.0
805.0
642.0
455.0
258.0
68.0
0.0
0.0
0.0
0.0
0.0
0.0
0.0
0.0
5.0
140.0
337.0
532.0
710.0
860.0
972.0
1037.0
1052.0
1015.0
930.0
800.0
637.0
450.0
253.0
63.0
0.0
0.0
0.0
0.0
0.0
0.0
0.0
0.0
4.0
135.0
332.0
527.0
706.0
856.0
968.0
1033.0
1048.0
1011.0
925.0
796.0
632.0
445.0
247.0
58.0
0.0
0.0
0.0
0.0
0.0
0.0
0.0
0.0
3.0
130.0
328.0
523.0
702.0
852.0
964.0
1030.0
1044.0
1007.0
921.0
791.0
627.0
439.0
241.0
54.0
0.0
0.0
0.0
0.0
0.0
0.0
0.0
0.0
2.0
125.0
323.0
519.0
698.0
849.0
960.0
1026.0
1041.0
1003.0
917.0
787.0
622.0
434.0
235.0
49.0
0.0
0.0
0.0
0.0
0.0
0.0
0.0
0.0
2.0
120.0
318.0
514.0
694.0
845.0
957.0
1022.0
1037.0
999.0
912.0
782.0
617.0
428.0
230.0
45.0
0.0
0.0
0.0
0.0
0.0
0.0
0.0
0.0
1.0
115.0
314.0
510.0
690.0
841.0
953.0
1018.0
1032.0
995.0
908.0
777.0
611.0
423.0
223.0
41.0
0.0
0.0
0.0
0.0
0.0
0.0
0.0
0.0
0.0
109.0
309.0
505.0
685.0
837.0
949.0
1014.0
1028.0
990.0
903.0
772.0
606.0
417.0
217.0
37.0
0.0
0.0
0.0
0.0
0.0
0.0
0.0
0.0
0.0
104.0
304.0
501.0
681.0
832.0
945.0
1010.0
1024.0
986.0
898.0
767.0
600.0
411.0
211.0
33.0
0.0
0.0
0.0
0.0
0.0
0.0
0.0
0.0
0.0
99.0
299.0
496.0
677.0
828.0
940.0
1006.0
1020.0
981.0
893.0
761.0
595.0
405.0
205.0
29.0
0.0
0.0
0.0
0.0
0.0
0.0
0.0
0.0
0.0
95.0
294.0
492.0
672.0
824.0
936.0
1002.0
1015.0
977.0
888.0
756.0
589.0
399.0
198.0
25.0
0.0
0.0
0.0
0.0
0.0
0.0
0.0
0.0
0.0
90.0
289.0
487.0
668.0
820.0
932.0
997.0
1011.0
972.0
883.0
751.0
583.0
393.0
192.0
22.0
0.0
0.0
0.0
0.0
0.0
0.0
0.0
0.0
0.0
85.0
284.0
482.0
664.0
815.0
928.0
993.0
1006.0
967.0
878.0
745.0
577.0
386.0
185.0
19.0
0.0
0.0
0.0
0.0
0.0
0.0
0.0
0.0
0.0
80.0
279.0
478.0
659.0
811.0
923.0
988.0
1002.0
962.0
873.0
739.0
571.0
380.0
178.0
16.0
0.0
0.0
0.0
0.0
0.0
0.0
0.0
0.0
0.0
75.0
274.0
473.0
654.0
807.0
919.0
984.0
997.0
957.0
867.0
734.0
565.0
373.0
171.0
13.0
0.0
0.0
0.0
0.0
0.0
0.0
0.0
0.0
0.0
71.0
269.0
468.0
650.0
802.0
914.0
979.0
992.0
952.0
862.0
728.0
559.0
366.0
164.0
10.0
0.0
0.0
0.0
0.0
0.0
0.0
0.0
0.0
0.0
66.0
264.0
463.0
645.0
797.0
910.0
974.0
987.0
947.0
856.0
722.0
552.0
360.0
157.0
8.0
0.0
0.0
0.0
0.0
0.0
0.0
0.0
0.0
0.0
62.0
259.0
458.0
640.0
793.0
905.0
970.0
982.0
941.0
850.0
716.0
546.0
353.0
150.0
6.0
0.0
0.0
0.0
0.0
0.0
0.0
0.0
0.0
0.0
57.0
254.0
453.0
636.0
788.0
900.0
965.0
977.0
936.0
845.0
709.0
539.0
346.0
142.0
4.0
0.0
0.0
0.0
0.0
0.0
0.0
0.0
0.0
0.0
53.0
249.0
448.0
631.0
783.0
896.0
960.0
972.0
930.0
839.0
703.0
533.0
339.0
135.0
3.0
0.0
0.0
0.0
0.0
0.0
0.0
0.0
0.0
0.0
49.0
243.0
443.0
626.0
779.0
891.0
955.0
967.0
925.0
833.0
697.0
526.0
332.0
127.0
2.0
0.0
0.0
0.0
0.0
0.0
0.0
0.0
0.0
0.0
46.0
238.0
438.0
621.0
774.0
886.0
950.0
961.0
919.0
827.0
690.0
519.0
324.0
120.0
1.0
0.0
0.0
0.0
0.0
0.0
0.0
0.0
0.0
0.0
42.0
233.0
433.0
616.0
769.0
881.0
945.0
956.0
914.0
821.0
684.0
512.0
317.0
112.0
0.0
0.0
0.0
0.0
0.0
0.0
0.0
0.0
0.0
0.0
38.0
227.0
428.0
611.0
764.0
876.0
939.0
950.0
908.0
815.0
677.0
505.0
310.0
105.0
0.0
0.0
0.0
0.0
0.0
0.0
0.0
0.0
0.0
0.0
35.0
222.0
423.0
606.0
759.0
871.0
934.0
945.0
902.0
808.0
670.0
498.0
302.0
97.0
0.0
0.0
0.0
0.0
0.0
0.0
0.0
0.0
0.0
0.0
32.0
216.0
418.0
601.0
754.0
866.0
929.0
939.0
896.0
802.0
664.0
491.0
295.0
90.0
0.0
0.0
0.0
0.0
0.0
0.0
0.0
0.0
0.0
0.0
29.0
211.0
413.0
596.0
749.0
860.0
923.0
933.0
890.0
795.0
657.0
483.0
287.0
83.0
0.0
0.0
0.0
0.0
0.0
0.0
0.0
0.0
0.0
0.0
26.0
205.0
407.0
591.0
744.0
855.0
918.0
928.0
884.0
789.0
650.0
476.0
279.0
76.0
0.0
0.0
0.0
0.0
0.0
0.0
0.0
0.0
0.0
0.0
23.0
200.0
402.0
586.0
738.0
850.0
912.0
922.0
877.0
782.0
643.0
468.0
271.0
69.0
0.0
0.0
0.0
0.0
0.0
0.0
0.0
0.0
0.0
0.0
20.0
194.0
397.0
580.0
733.0
844.0
907.0
916.0
871.0
775.0
636.0
461.0
263.0
62.0
0.0
0.0
0.0
0.0
0.0
0.0
0.0
0.0
0.0
0.0
18.0
189.0
391.0
575.0
728.0
839.0
901.0
910.0
865.0
769.0
628.0
453.0
255.0
56.0
0.0
0.0
0.0
0.0
0.0
0.0
0.0
0.0
0.0
0.0
15.0
183.0
386.0
570.0
722.0
833.0
895.0
904.0
858.0
762.0
621.0
446.0
247.0
50.0
0.0
0.0
0.0
0.0
0.0
0.0
0.0
0.0
0.0
0.0
13.0
177.0
380.0
564.0
717.0
828.0
889.0
897.0
852.0
755.0
614.0
438.0
239.0
45.0
0.0
0.0
0.0
0.0
0.0
0.0
0.0
0.0
0.0
0.0
11.0
172.0
375.0
559.0
711.0
822.0
883.0
891.0
845.0
748.0
606.0
430.0
231.0
39.0
0.0
0.0
0.0
0.0
0.0
0.0
0.0
0.0
0.0
0.0
9.0
166.0
369.0
553.0
706.0
816.0
877.0
885.0
838.0
741.0
599.0
422.0
223.0
34.0
0.0
0.0
0.0
0.0
0.0
0.0
0.0
0.0
0.0
0.0
8.0
160.0
363.0
548.0
700.0
810.0
871.0
878.0
831.0
733.0
591.0
414.0
215.0
30.0
0.0
0.0
0.0
0.0
0.0
0.0
0.0
0.0
0.0
0.0
6.0
155.0
358.0
542.0
694.0
805.0
865.0
872.0
825.0
726.0
584.0
406.0
207.0
25.0
0.0
0.0
0.0
0.0
0.0
0.0
0.0
0.0
0.0
0.0
5.0
149.0
352.0
536.0
689.0
799.0
859.0
866.0
818.0
719.0
576.0
398.0
198.0
21.0
0.0
0.0
0.0
0.0
0.0
0.0
0.0
0.0
0.0
0.0
4.0
143.0
346.0
531.0
683.0
793.0
853.0
859.0
811.0
712.0
568.0
390.0
190.0
18.0
0.0
0.0
0.0
0.0
0.0
0.0
0.0
0.0
0.0
0.0
3.0
137.0
341.0
525.0
677.0
787.0
846.0
852.0
804.0
704.0
560.0
382.0
181.0
14.0
0.0
0.0
0.0
0.0
0.0
0.0
0.0
0.0
0.0
0.0
2.0
131.0
335.0
519.0
671.0
781.0
840.0
846.0
797.0
697.0
552.0
374.0
173.0
11.0
0.0
0.0
0.0
0.0
0.0
0.0
0.0
0.0
0.0
0.0
1.0
125.0
329.0
513.0
665.0
774.0
834.0
839.0
790.0
689.0
545.0
366.0
164.0
9.0
0.0
0.0
0.0
0.0
0.0
0.0
0.0
0.0
0.0
0.0
0.0
119.0
323.0
507.0
659.0
768.0
827.0
832.0
782.0
682.0
537.0
357.0
156.0
6.0
0.0
0.0
0.0
0.0
0.0
0.0
0.0
0.0
0.0
0.0
0.0
113.0
317.0
501.0
653.0
762.0
821.0
825.0
775.0
674.0
529.0
349.0
147.0
4.0
0.0
0.0
0.0
0.0
0.0
0.0
0.0
0.0
0.0
0.0
0.0
107.0
311.0
495.0
647.0
756.0
814.0
818.0
768.0
666.0
521.0
341.0
139.0
3.0
0.0
0.0
0.0
0.0
0.0
0.0
0.0
0.0
0.0
0.0
0.0
101.0
305.0
489.0
641.0
749.0
807.0
811.0
760.0
659.0
513.0
332.0
130.0
2.0
0.0
0.0
0.0
0.0
0.0
0.0
0.0
0.0
0.0
0.0
0.0
95.0
299.0
483.0
635.0
743.0
801.0
804.0
753.0
651.0
504.0
324.0
122.0
1.0
0.0
0.0
0.0
0.0
0.0
0.0
0.0
0.0
0.0
0.0
0.0
89.0
293.0
477.0
628.0
736.0
794.0
797.0
745.0
643.0
496.0
316.0
113.0
0.0
0.0
0.0
0.0
0.0
0.0
0.0
0.0
0.0
0.0
0.0
0.0
83.0
287.0
471.0
622.0
730.0
787.0
790.0
738.0
635.0
488.0
307.0
103.0
0.0
0.0
0.0
0.0
0.0
0.0
0.0
0.0
0.0
0.0
0.0
0.0
78.0
281.0
465.0
616.0
723.0
780.0
783.0
730.0
627.0
480.0
299.0
95.0
0.0
0.0
0.0
0.0
0.0
0.0
0.0
0.0
0.0
0.0
0.0
0.0
73.0
275.0
459.0
609.0
717.0
773.0
775.0
723.0
619.0
472.0
290.0
87.0
0.0
0.0
0.0
0.0
0.0
0.0
0.0
0.0
0.0
0.0
0.0
0.0
68.0
269.0
452.0
603.0
710.0
766.0
768.0
715.0
611.0
464.0
282.0
79.0
0.0
0.0
0.0
0.0
0.0
0.0
0.0
0.0
0.0
0.0
0.0
0.0
63.0
263.0
446.0
596.0
703.0
759.0
761.0
708.0
603.0
455.0
273.0
72.0
0.0
0.0
0.0
0.0
0.0
0.0
0.0
0.0
0.0
0.0
0.0
0.0
58.0
256.0
440.0
590.0
696.0
752.0
753.0
700.0
595.0
447.0
265.0
65.0
0.0
0.0
0.0
0.0
0.0
0.0
0.0
0.0
0.0
0.0
0.0
0.0
54.0
250.0
433.0
583.0
690.0
745.0
746.0
692.0
587.0
439.0
256.0
58.0
0.0
0.0
0.0
0.0
0.0
0.0
0.0
0.0
0.0
0.0
0.0
0.0
49.0
244.0
427.0
577.0
683.0
738.0
739.0
684.0
579.0
430.0
248.0
52.0
0.0
0.0
0.0
0.0
0.0
0.0
0.0
0.0
0.0
0.0
0.0
0.0
45.0
237.0
420.0
570.0
676.0
731.0
731.0
677.0
571.0
422.0
239.0
46.0
0.0
0.0
0.0
0.0
0.0
0.0
0.0
0.0
0.0
0.0
0.0
0.0
41.0
231.0
414.0
563.0
669.0
724.0
724.0
669.0
563.0
414.0
231.0
41.0
0.0
0.0
0.0
0.0
0.0
0.0
0.0
0.0
0.0
0.0
0.0
0.0
37.0
225.0
407.0
557.0
662.0
716.0
716.0
661.0
555.0
406.0
223.0
36.0
0.0
0.0
0.0
0.0
0.0
0.0
0.0
0.0
0.0
0.0
0.0
0.0
33.0
218.0
401.0
550.0
655.0
709.0
709.0
653.0
547.0
397.0
214.0
31.0
0.0
0.0
0.0
0.0
0.0
0.0
0.0
0.0
0.0
0.0
0.0
0.0
30.0
212.0
394.0
543.0
648.0
702.0
701.0
645.0
539.0
389.0
206.0
27.0
0.0
0.0
0.0
0.0
0.0
0.0
0.0
0.0
0.0
0.0
0.0
0.0
26.0
205.0
388.0
536.0
641.0
694.0
693.0
638.0
531.0
381.0
197.0
22.0
0.0
0.0
0.0
0.0
0.0
0.0
0.0
0.0
0.0
0.0
0.0
0.0
23.0
199.0
381.0
529.0
634.0
687.0
686.0
630.0
523.0
373.0
189.0
19.0
0.0
0.0
0.0
0.0
0.0
0.0
0.0
0.0
0.0
0.0
0.0
0.0
20.0
192.0
374.0
523.0
627.0
680.0
678.0
622.0
515.0
365.0
181.0
15.0
0.0
0.0
0.0
0.0
0.0
0.0
0.0
0.0
0.0
0.0
0.0
0.0
18.0
186.0
368.0
516.0
620.0
672.0
671.0
614.0
507.0
356.0
173.0
12.0
0.0
0.0
0.0
0.0
0.0
0.0
0.0
0.0
0.0
0.0
0.0
0.0
15.0
179.0
361.0
509.0
612.0
665.0
663.0
606.0
499.0
348.0
164.0
10.0
0.0
0.0
0.0
0.0
0.0
0.0
0.0
0.0
0.0
0.0
0.0
0.0
13.0
173.0
354.0
502.0
605.0
658.0
655.0
599.0
491.0
340.0
156.0
7.0
0.0
0.0
0.0
0.0
0.0
0.0
0.0
0.0
0.0
0.0
0.0
0.0
11.0
166.0
347.0
495.0
598.0
650.0
648.0
591.0
483.0
332.0
148.0
5.0
0.0
0.0
0.0
0.0
0.0
0.0
0.0
0.0
0.0
0.0
0.0
0.0
9.0
159.0
341.0
488.0
591.0
643.0
640.0
583.0
475.0
324.0
140.0
4.0
0.0
0.0
0.0
0.0
0.0
0.0
0.0
0.0
0.0
0.0
0.0
0.0
7.0
153.0
334.0
481.0
584.0
635.0
633.0
575.0
467.0
316.0
132.0
2.0
0.0
0.0
0.0
0.0
0.0
0.0
0.0
0.0
0.0
0.0
0.0
0.0
5.0
146.0
327.0
474.0
577.0
628.0
625.0
567.0
459.0
308.0
124.0
1.0
0.0
0.0
0.0
0.0
0.0
0.0
0.0
0.0
0.0
0.0
0.0
0.0
4.0
140.0
320.0
467.0
569.0
621.0
617.0
560.0
452.0
300.0
116.0
1.0
0.0
0.0
0.0
0.0
0.0
0.0
0.0
0.0
0.0
0.0
0.0
0.0
3.0
133.0
313.0
460.0
562.0
613.0
610.0
552.0
444.0
293.0
109.0
0.0
0.0
0.0
0.0
0.0
0.0
0.0
0.0
0.0
0.0
0.0
0.0
0.0
2.0
126.0
307.0
453.0
555.0
606.0
602.0
544.0
436.0
285.0
101.0
0.0
0.0
0.0
0.0
0.0
0.0
0.0
0.0
0.0
0.0
0.0
0.0
0.0
1.0
120.0
300.0
446.0
548.0
599.0
595.0
537.0
428.0
277.0
91.0
0.0
0.0
0.0
0.0
0.0
0.0
0.0
0.0
0.0
0.0
0.0
0.0
0.0
0.0
113.0
293.0
439.0
540.0
591.0
587.0
529.0
421.0
270.0
84.0
0.0
0.0
0.0
0.0
0.0
0.0
0.0
0.0
0.0
0.0
0.0
0.0
0.0
0.0
106.0
286.0
432.0
533.0
584.0
580.0
522.0
413.0
262.0
77.0
0.0
0.0
0.0
0.0
0.0
0.0
0.0
0.0
0.0
0.0
0.0
0.0
0.0
0.0
100.0
279.0
425.0
526.0
577.0
572.0
514.0
406.0
255.0
71.0
0.0
0.0
0.0
0.0
0.0
0.0
0.0
0.0
0.0
0.0
0.0
0.0
0.0
0.0
90.0
272.0
418.0
519.0
569.0
565.0
507.0
398.0
247.0
65.0
0.0
0.0
0.0
0.0
0.0
0.0
0.0
0.0
0.0
0.0
0.0
0.0
0.0
0.0
84.0
266.0
411.0
512.0
562.0
558.0
499.0
391.0
240.0
59.0
0.0
0.0
0.0
0.0
0.0
0.0
0.0
0.0
0.0
0.0
0.0
0.0
0.0
0.0
78.0
259.0
404.0
505.0
555.0
550.0
492.0
384.0
233.0
53.0
0.0
0.0
0.0
0.0
0.0
0.0
0.0
0.0
0.0
0.0
0.0
0.0
0.0
0.0
72.0
252.0
397.0
498.0
548.0
543.0
485.0
377.0
226.0
48.0
0.0
0.0
0.0
0.0
0.0
0.0
0.0
0.0
0.0
0.0
0.0
0.0
0.0
0.0
66.0
245.0
390.0
491.0
540.0
536.0
478.0
369.0
219.0
44.0
0.0
0.0
0.0
0.0
0.0
0.0
0.0
0.0
0.0
0.0
0.0
0.0
0.0
0.0
61.0
239.0
383.0
484.0
533.0
529.0
471.0
362.0
212.0
39.0
0.0
0.0
0.0
0.0
0.0
0.0
0.0
0.0
0.0
0.0
0.0
0.0
0.0
0.0
56.0
232.0
376.0
477.0
526.0
522.0
464.0
355.0
205.0
35.0
0.0
0.0
0.0
0.0
0.0
0.0
0.0
0.0
0.0
0.0
0.0
0.0
0.0
0.0
51.0
225.0
369.0
470.0
519.0
515.0
457.0
349.0
198.0
31.0
0.0
0.0
0.0
0.0
0.0
0.0
0.0
0.0
0.0
0.0
0.0
0.0
0.0
0.0
46.0
218.0
362.0
463.0
512.0
508.0
450.0
342.0
191.0
28.0
0.0
0.0
0.0
0.0
0.0
0.0
0.0
0.0
0.0
0.0
0.0
0.0
0.0
0.0
42.0
212.0
356.0
456.0
505.0
501.0
443.0
335.0
185.0
24.0
0.0
0.0
0.0
0.0
0.0
0.0
0.0
0.0
0.0
0.0
0.0
0.0
0.0
0.0
38.0
205.0
349.0
449.0
499.0
494.0
436.0
328.0
178.0
21.0
0.0
0.0
0.0
0.0
0.0
0.0
0.0
0.0
0.0
0.0
0.0
0.0
0.0
0.0
34.0
199.0
342.0
442.0
492.0
487.0
430.0
322.0
172.0
18.0
0.0
0.0
0.0
0.0
0.0
0.0
0.0
0.0
0.0
0.0
0.0
0.0
0.0
0.0
30.0
192.0
336.0
436.0
485.0
481.0
423.0
316.0
166.0
16.0
0.0
0.0
0.0
0.0
0.0
0.0
0.0
0.0
0.0
0.0
0.0
0.0
0.0
0.0
27.0
186.0
329.0
429.0
479.0
474.0
417.0
309.0
160.0
14.0
0.0
0.0
0.0
0.0
0.0
0.0
0.0
0.0
0.0
0.0
0.0
0.0
0.0
0.0
23.0
179.0
323.0
422.0
472.0
468.0
410.0
303.0
154.0
11.0
0.0
0.0
0.0
0.0
0.0
0.0
0.0
0.0
0.0
0.0
0.0
0.0
0.0
0.0
20.0
173.0
316.0
416.0
466.0
461.0
404.0
297.0
148.0
10.0
0.0
0.0
0.0
0.0
0.0
0.0
0.0
0.0
0.0
0.0
0.0
0.0
0.0
0.0
18.0
166.0
310.0
409.0
459.0
455.0
398.0
291.0
142.0
8.0
0.0
0.0
0.0
0.0
0.0
0.0
0.0
0.0
0.0
0.0
0.0
0.0
0.0
0.0
15.0
160.0
303.0
403.0
453.0
449.0
392.0
285.0
137.0
6.0
0.0
0.0
0.0
0.0
0.0
0.0
0.0
0.0
0.0
0.0
0.0
0.0
0.0
0.0
13.0
154.0
297.0
397.0
447.0
443.0
386.0
280.0
131.0
5.0
0.0
0.0
0.0
0.0
0.0
0.0
0.0
0.0
0.0
0.0
0.0
0.0
0.0
0.0
11.0
148.0
291.0
391.0
440.0
437.0
380.0
274.0
126.0
4.0
0.0
0.0
0.0
0.0
0.0
0.0
0.0
0.0
0.0
0.0
0.0
0.0
0.0
0.0
9.0
142.0
285.0
385.0
434.0
431.0
374.0
269.0
121.0
3.0
0.0
0.0
0.0
0.0
0.0
0.0
0.0
0.0
0.0
0.0
0.0
0.0
0.0
0.0
7.0
136.0
279.0
379.0
429.0
425.0
369.0
263.0
116.0
2.0
0.0
0.0
0.0
0.0
0.0
0.0
0.0
0.0
0.0
0.0
0.0
0.0
0.0
0.0
5.0
130.0
273.0
373.0
423.0
420.0
364.0
258.0
111.0
2.0
0.0
0.0
0.0
0.0
0.0
0.0
0.0
0.0
0.0
0.0
0.0
0.0
0.0
0.0
4.0
124.0
267.0
367.0
417.0
414.0
358.0
253.0
106.0
1.0
0.0
0.0
0.0
0.0
0.0
0.0
0.0
0.0
0.0
0.0
0.0
0.0
0.0
0.0
3.0
118.0
261.0
361.0
411.0
409.0
353.0
248.0
102.0
1.0
0.0
0.0
0.0
0.0
0.0
0.0
0.0
0.0
0.0
0.0
0.0
0.0
0.0
0.0
2.0
112.0
255.0
355.0
406.0
403.0
348.0
244.0
97.0
0.0
0.0
0.0
0.0
0.0
0.0
0.0
0.0
0.0
0.0
0.0
0.0
0.0
0.0
0.0
1.0
107.0
250.0
350.0
401.0
398.0
343.0
239.0
93.0
0.0
0.0
0.0
0.0
0.0
0.0
0.0
0.0
0.0
0.0
0.0
0.0
0.0
0.0
0.0
1.0
101.0
244.0
344.0
395.0
393.0
338.0
235.0
89.0
0.0
0.0
0.0
0.0
0.0
0.0
0.0
0.0
0.0
0.0
0.0
0.0
0.0
0.0
0.0
0.0
96.0
239.0
339.0
390.0
388.0
334.0
230.0
81.0
0.0
0.0
0.0
0.0
0.0
0.0
0.0
0.0
0.0
0.0
0.0
0.0
0.0
0.0
0.0
0.0
91.0
233.0
334.0
385.0
384.0
329.0
226.0
77.0
0.0
0.0
0.0
0.0
0.0
0.0
0.0
0.0
0.0
0.0
0.0
0.0
0.0
0.0
0.0
0.0
85.0
228.0
329.0
380.0
379.0
325.0
222.0
73.0
0.0
0.0
0.0
0.0
0.0
0.0
0.0
0.0
0.0
0.0
0.0
0.0
0.0
0.0
0.0
0.0
76.0
223.0
324.0
376.0
375.0
321.0
218.0
70.0
0.0
0.0
0.0
0.0
0.0
0.0
0.0
0.0
0.0
0.0
0.0
0.0
0.0
0.0
0.0
0.0
71.0
218.0
319.0
371.0
370.0
317.0
215.0
67.0
0.0
0.0
0.0
0.0
0.0
0.0
0.0
0.0
0.0
0.0
0.0
0.0
0.0
0.0
0.0
0.0
67.0
213.0
314.0
367.0
366.0
313.0
211.0
64.0
0.0
0.0
0.0
0.0
0.0
0.0
0.0
0.0
0.0
0.0
0.0
0.0
0.0
0.0
0.0
0.0
62.0
209.0
310.0
362.0
362.0
309.0
208.0
61.0
0.0
0.0
0.0
0.0
0.0
0.0
0.0
0.0
0.0
0.0
0.0
0.0
0.0
0.0
0.0
0.0
58.0
204.0
305.0
358.0
358.0
306.0
204.0
59.0
0.0
0.0
0.0
0.0
0.0
0.0
0.0
0.0
0.0
0.0
0.0
0.0
0.0
0.0
0.0
0.0
55.0
200.0
301.0
354.0
354.0
302.0
201.0
57.0
0.0
0.0
0.0
0.0
0.0
0.0
0.0
0.0
0.0
0.0
0.0
0.0
0.0
0.0
0.0
0.0
51.0
195.0
297.0
350.0
351.0
299.0
199.0
54.0
0.0
0.0
0.0
0.0
0.0
0.0
0.0
0.0
0.0
0.0
0.0
0.0
0.0
0.0
0.0
0.0
48.0
191.0
293.0
346.0
347.0
296.0
196.0
52.0
0.0
0.0
0.0
0.0
0.0
0.0
0.0
0.0
0.0
0.0
0.0
0.0
0.0
0.0
0.0
0.0
44.0
187.0
289.0
343.0
344.0
293.0
193.0
51.0
0.0
0.0
0.0
0.0
0.0
0.0
0.0
0.0
0.0
0.0
0.0
0.0
0.0
0.0
0.0
0.0
42.0
183.0
285.0
339.0
341.0
290.0
191.0
49.0
0.0
0.0
0.0
0.0
0.0
0.0
0.0
0.0
0.0
0.0
0.0
0.0
0.0
0.0
0.0
0.0
39.0
179.0
282.0
336.0
338.0
288.0
189.0
48.0
0.0
0.0
0.0
0.0
0.0
0.0
0.0
0.0
0.0
0.0
0.0
0.0
0.0
0.0
0.0
0.0
36.0
176.0
278.0
333.0
335.0
285.0
187.0
46.0
0.0
0.0
0.0
0.0
0.0
0.0
0.0
0.0
0.0
0.0
0.0
0.0
0.0
0.0
0.0
0.0
34.0
172.0
275.0
330.0
333.0
283.0
185.0
45.0
0.0
0.0
0.0
0.0
0.0
0.0
0.0
0.0
0.0
0.0
0.0
0.0
0.0
0.0
0.0
0.0
32.0
169.0
272.0
327.0
330.0
281.0
183.0
44.0
0.0
0.0
0.0
0.0
0.0
0.0
0.0
0.0
0.0
0.0
0.0
0.0
0.0
0.0
0.0
0.0
29.0
165.0
269.0
324.0
328.0
279.0
182.0
43.0
0.0
0.0
0.0
0.0
0.0
0.0
0.0
0.0
0.0
0.0
0.0
0.0
0.0
0.0
0.0
0.0
28.0
162.0
266.0
322.0
326.0
278.0
180.0
42.0
0.0
0.0
0.0
0.0
0.0
0.0
0.0
0.0
0.0
0.0
0.0
0.0
0.0
0.0
0.0
0.0
26.0
159.0
264.0
320.0
324.0
276.0
179.0
42.0
0.0
0.0
0.0
0.0
0.0
0.0
0.0
0.0
0.0
0.0
0.0
0.0
0.0
0.0
0.0
0.0
24.0
157.0
261.0
318.0
322.0
275.0
178.0
41.0
0.0
0.0
0.0
0.0
0.0
0.0
0.0
0.0
0.0
0.0
0.0
0.0
0.0
0.0
0.0
0.0
23.0
154.0
259.0
316.0
321.0
274.0
177.0
41.0
0.0
0.0
0.0
0.0
0.0
0.0
0.0
0.0
0.0
0.0
0.0
0.0
0.0
0.0
0.0
0.0
21.0
152.0
257.0
314.0
319.0
273.0
177.0
41.0
0.0
0.0
0.0
0.0
0.0
0.0
0.0
0.0
0.0
0.0
0.0
0.0
0.0
0.0
0.0
0.0
20.0
149.0
255.0
312.0
318.0
272.0
176.0
40.0
0.0
0.0
0.0
0.0
0.0
0.0
0.0
0.0
0.0
0.0
0.0
0.0
0.0
0.0
0.0
0.0
19.0
147.0
253.0
311.0
317.0
271.0
176.0
40.0
0.0
0.0
0.0
0.0
0.0
0.0
0.0
0.0
0.0
0.0
0.0
0.0
0.0
0.0
0.0
0.0
18.0
145.0
251.0
310.0
316.0
271.0
176.0
41.0
0.0
0.0
0.0
0.0
0.0
0.0
0.0
0.0
0.0
0.0
0.0
0.0
0.0
0.0
0.0
0.0
17.0
143.0
250.0
308.0
315.0
270.0
176.0
41.0
0.0
0.0
0.0
0.0
0.0
0.0
0.0
0.0
0.0
0.0
0.0
0.0
0.0
0.0
0.0
0.0
16.0
142.0
248.0
308.0
315.0
270.0
176.0
41.0
0.0
0.0
0.0
0.0
0.0
0.0
0.0
0.0
0.0
0.0
0.0
0.0
0.0
0.0
0.0
0.0
15.0
140.0
247.0
307.0
315.0
270.0
177.0
42.0
0.0
0.0
0.0
0.0
0.0
0.0
0.0
0.0
0.0
0.0
0.0
0.0
0.0
0.0
0.0
0.0
15.0
139.0
246.0
306.0
314.0
271.0
177.0
42.0
0.0
0.0
0.0
0.0
0.0
0.0
0.0
0.0
0.0
0.0
0.0
0.0
0.0
0.0
0.0
0.0
14.0
138.0
246.0
306.0
315.0
271.0
178.0
43.0
0.0
0.0
0.0
0.0
0.0
0.0
0.0
0.0
0.0
0.0
0.0
0.0
0.0
0.0
0.0
0.0
14.0
137.0
245.0
306.0
315.0
272.0
179.0
44.0
0.0
0.0
0.0
0.0
0.0
0.0
0.0
0.0
0.0
0.0
0.0
0.0
0.0
0.0
0.0
0.0
13.0
136.0
245.0
306.0
315.0
272.0
180.0
45.0
0.0
0.0
0.0
0.0
0.0
0.0
0.0
0.0
0.0
0.0
0.0
0.0
0.0
0.0
0.0
0.0
13.0
136.0
244.0
306.0
316.0
273.0
182.0
46.0
0.0
0.0
0.0
0.0
0.0
0.0
0.0
0.0
0.0
0.0
0.0
0.0
0.0
0.0
0.0
0.0
13.0
135.0
244.0
306.0
316.0
275.0
183.0
48.0
0.0
0.0
0.0
0.0
0.0
0.0
0.0
0.0
0.0
0.0
0.0
0.0
0.0
0.0
0.0
0.0
13.0
135.0
244.0
307.0
317.0
276.0
185.0
49.0
0.0
0.0
0.0
0.0
0.0
0.0
0.0
0.0
0.0
0.0
0.0
0.0
0.0
0.0
0.0
0.0
12.0
135.0
245.0
307.0
319.0
277.0
187.0
51.0
0.0
0.0
0.0
0.0
0.0
0.0
0.0
0.0
0.0
0.0
0.0
0.0
0.0
0.0
0.0
0.0
12.0
135.0
245.0
308.0
320.0
279.0
189.0
53.0
0.0
0.0
0.0
0.0
0.0
0.0
0.0
0.0
0.0
0.0
0.0
0.0
0.0
0.0
0.0
0.0
12.0
135.0
246.0
309.0
321.0
281.0
191.0
55.0
0.0
0.0
0.0
0.0
0.0
0.0
0.0
0.0
0.0
0.0
0.0
0.0
0.0
0.0
0.0
0.0
12.0
136.0
247.0
311.0
323.0
283.0
193.0
57.0
0.0
0.0
0.0
0.0
0.0
0.0
0.0
0.0
