0.0
0.0
0.0
0.0
0.0
0.0
0.0
0.0
1.0
36.0
81.0
110.0
124.0
95.0
48.0
3.0
0.0
0.0
0.0
0.0
0.0
0.0
0.0
0.0
0.0
0.0
0.0
0.0
0.0
0.0
0.0
0.0
1.0
27.0
54.0
77.0
83.0
67.0
32.0
3.0
0.0
0.0
0.0
0.0
0.0
0.0
0.0
0.0
0.0
0.0
0.0
0.0
0.0
0.0
0.0
0.0
1.0
27.0
48.0
69.0
67.0
53.0
24.0
3.0
0.0
0.0
0.0
0.0
0.0
0.0
0.0
0.0
0.0
0.0
0.0
0.0
0.0
0.0
0.0
0.0
1.0
13.0
25.0
43.0
48.0
39.0
24.0
4.0
0.0
0.0
0.0
0.0
0.0
0.0
0.0
0.0
0.0
0.0
0.0
0.0
0.0
0.0
0.0
0.0
1.0
37.0
64.0
83.0
106.0
77.0
63.0
15.0
0.0
0.0
0.0
0.0
0.0
0.0
0.0
0.0
0.0
0.0
0.0
0.0
0.0
0.0
0.0
0.0
1.0
15.0
10.0
34.0
52.0
170.0
110.0
21.0
0.0
0.0
0.0
0.0
0.0
0.0
0.0
0.0
0.0
0.0
0.0
0.0
0.0
0.0
0.0
0.0
1.0
8.0
12.0
16.0
18.0
133.0
88.0
33.0
0.0
0.0
0.0
0.0
0.0
0.0
0.0
0.0
0.0
0.0
0.0
0.0
0.0
0.0
0.0
0.0
1.0
39.0
79.0
101.0
107.0
93.0
66.0
27.0
0.0
0.0
0.0
0.0
0.0
0.0
0.0
0.0
0.0
0.0
0.0
0.0
0.0
0.0
0.0
0.0
1.0
21.0
40.0
46.0
65.0
62.0
40.0
10.0
0.0
0.0
0.0
0.0
0.0
0.0
0.0
0.0
0.0
0.0
0.0
0.0
0.0
0.0
0.0
0.0
1.0
42.0
113.0
175.0
191.0
93.0
81.0
26.0
0.0
0.0
0.0
0.0
0.0
0.0
0.0
0.0
0.0
0.0
0.0
0.0
0.0
0.0
0.0
0.0
2.0
62.0
113.0
161.0
187.0
139.0
129.0
51.0
0.0
0.0
0.0
0.0
0.0
0.0
0.0
0.0
0.0
0.0
0.0
0.0
0.0
0.0
0.0
0.0
1.0
59.0
122.0
169.0
184.0
160.0
101.0
44.0
0.0
0.0
0.0
0.0
0.0
0.0
0.0
0.0
0.0
0.0
0.0
0.0
0.0
0.0
0.0
0.0
1.0
58.0
97.0
131.0
152.0
173.0
96.0
35.0
0.0
0.0
0.0
0.0
0.0
0.0
0.0
0.0
0.0
0.0
0.0
0.0
0.0
0.0
0.0
0.0
1.0
20.0
39.0
55.0
55.0
54.0
41.0
16.0
0.0
0.0
0.0
0.0
0.0
0.0
0.0
0.0
0.0
0.0
0.0
0.0
0.0
0.0
0.0
0.0
1.0
7.0
13.0
18.0
19.0
17.0
11.0
5.0
0.0
0.0
0.0
0.0
0.0
0.0
0.0
0.0
0.0
0.0
0.0
0.0
0.0
0.0
0.0
0.0
1.0
8.0
18.0
23.0
27.0
22.0
14.0
6.0
0.0
0.0
0.0
0.0
0.0
0.0
0.0
0.0
0.0
0.0
0.0
0.0
0.0
0.0
0.0
0.0
9.0
71.0
134.0
233.0
199.0
85.0
90.0
46.0
0.0
0.0
0.0
0.0
0.0
0.0
0.0
0.0
0.0
0.0
0.0
0.0
0.0
0.0
0.0
0.0
1.0
29.0
38.0
35.0
23.0
212.0
111.0
50.0
1.0
0.0
0.0
0.0
0.0
0.0
0.0
0.0
0.0
0.0
0.0
0.0
0.0
0.0
0.0
0.0
5.0
90.0
171.0
232.0
249.0
212.0
145.0
65.0
1.0
0.0
0.0
0.0
0.0
0.0
0.0
0.0
0.0
0.0
0.0
0.0
0.0
0.0
0.0
0.0
1.0
11.0
19.0
26.0
28.0
25.0
18.0
8.0
1.0
0.0
0.0
0.0
0.0
0.0
0.0
0.0
0.0
0.0
0.0
0.0
0.0
0.0
0.0
0.0
5.0
92.0
174.0
233.0
247.0
217.0
151.0
66.0
1.0
0.0
0.0
0.0
0.0
0.0
0.0
0.0
0.0
0.0
0.0
0.0
0.0
0.0
0.0
0.0
6.0
79.0
148.0
191.0
200.0
191.0
131.0
51.0
1.0
0.0
0.0
0.0
0.0
0.0
0.0
0.0
0.0
0.0
0.0
0.0
0.0
0.0
0.0
0.0
2.0
47.0
87.0
122.0
141.0
140.0
102.0
48.0
2.0
0.0
0.0
0.0
0.0
0.0
0.0
0.0
0.0
0.0
0.0
0.0
0.0
0.0
0.0
0.0
2.0
57.0
104.0
145.0
148.0
148.0
107.0
56.0
2.0
0.0
0.0
0.0
0.0
0.0
0.0
0.0
0.0
0.0
0.0
0.0
0.0
0.0
0.0
0.0
6.0
58.0
109.0
136.0
150.0
112.0
72.0
35.0
1.0
0.0
0.0
0.0
0.0
0.0
0.0
0.0
0.0
0.0
0.0
0.0
0.0
0.0
0.0
0.0
2.0
19.0
41.0
43.0
45.0
208.0
141.0
73.0
1.0
0.0
0.0
0.0
0.0
0.0
0.0
0.0
0.0
0.0
0.0
0.0
0.0
0.0
0.0
0.0
2.0
9.0
22.0
44.0
44.0
216.0
162.0
86.0
5.0
0.0
0.0
0.0
0.0
0.0
0.0
0.0
0.0
0.0
0.0
0.0
0.0
0.0
0.0
0.0
3.0
26.0
17.0
49.0
71.0
252.0
155.0
77.0
3.0
0.0
0.0
0.0
0.0
0.0
0.0
0.0
0.0
0.0
0.0
0.0
0.0
0.0
0.0
0.0
2.0
25.0
45.0
60.0
68.0
61.0
39.0
21.0
2.0
0.0
0.0
0.0
0.0
0.0
0.0
0.0
0.0
0.0
0.0
0.0
0.0
0.0
0.0
0.0
4.0
36.0
63.0
77.0
84.0
77.0
58.0
29.0
2.0
0.0
0.0
0.0
0.0
0.0
0.0
0.0
0.0
0.0
0.0
0.0
0.0
0.0
0.0
0.0
12.0
112.0
183.0
282.0
302.0
182.0
169.0
61.0
2.0
0.0
0.0
0.0
0.0
0.0
0.0
0.0
0.0
0.0
0.0
0.0
0.0
0.0
0.0
0.0
9.0
91.0
153.0
230.0
245.0
290.0
219.0
121.0
9.0
0.0
0.0
0.0
0.0
0.0
0.0
0.0
0.0
0.0
0.0
0.0
0.0
0.0
0.0
0.0
5.0
44.0
76.0
94.0
102.0
93.0
69.0
37.0
2.0
0.0
0.0
0.0
0.0
0.0
0.0
0.0
0.0
0.0
0.0
0.0
0.0
0.0
0.0
0.0
3.0
46.0
107.0
108.0
94.0
191.0
171.0
120.0
20.0
0.0
0.0
0.0
0.0
0.0
0.0
0.0
0.0
0.0
0.0
0.0
0.0
0.0
0.0
0.0
21.0
33.0
22.0
38.0
143.0
144.0
136.0
91.0
21.0
0.0
0.0
0.0
0.0
0.0
0.0
0.0
0.0
0.0
0.0
0.0
0.0
0.0
0.0
0.0
14.0
40.0
71.0
86.0
98.0
85.0
72.0
44.0
5.0
0.0
0.0
0.0
0.0
0.0
0.0
0.0
0.0
0.0
0.0
0.0
0.0
0.0
0.0
0.0
52.0
149.0
180.0
235.0
273.0
277.0
236.0
138.0
36.0
0.0
0.0
0.0
0.0
0.0
0.0
0.0
0.0
0.0
0.0
0.0
0.0
0.0
0.0
0.0
46.0
123.0
203.0
294.0
326.0
294.0
239.0
141.0
27.0
0.0
0.0
0.0
0.0
0.0
0.0
0.0
0.0
0.0
0.0
0.0
0.0
0.0
0.0
0.0
6.0
18.0
25.0
28.0
27.0
219.0
172.0
106.0
17.0
0.0
0.0
0.0
0.0
0.0
0.0
0.0
0.0
0.0
0.0
0.0
0.0
0.0
0.0
0.0
63.0
173.0
218.0
250.0
282.0
250.0
145.0
88.0
25.0
0.0
0.0
0.0
0.0
0.0
0.0
0.0
0.0
0.0
0.0
0.0
0.0
0.0
0.0
0.0
10.0
55.0
80.0
93.0
145.0
105.0
98.0
61.0
21.0
0.0
0.0
0.0
0.0
0.0
0.0
0.0
0.0
0.0
0.0
0.0
0.0
0.0
0.0
0.0
36.0
67.0
166.0
153.0
138.0
133.0
100.0
72.0
34.0
0.0
0.0
0.0
0.0
0.0
0.0
0.0
0.0
0.0
0.0
0.0
0.0
0.0
0.0
0.0
6.0
19.0
29.0
37.0
38.0
34.0
28.0
16.0
7.0
0.0
0.0
0.0
0.0
0.0
0.0
0.0
0.0
0.0
0.0
0.0
0.0
0.0
0.0
0.0
14.0
36.0
53.0
67.0
76.0
67.0
52.0
34.0
12.0
0.0
0.0
0.0
0.0
0.0
0.0
0.0
0.0
0.0
0.0
0.0
0.0
0.0
0.0
0.0
20.0
45.0
79.0
85.0
81.0
68.0
63.0
40.0
13.0
0.0
0.0
0.0
0.0
0.0
0.0
0.0
0.0
0.0
0.0
0.0
0.0
0.0
0.0
1.0
8.0
18.0
25.0
32.0
34.0
262.0
211.0
132.0
52.0
0.0
0.0
0.0
0.0
0.0
0.0
0.0
0.0
0.0
0.0
0.0
0.0
0.0
0.0
1.0
85.0
193.0
290.0
352.0
366.0
338.0
269.0
173.0
68.0
0.0
0.0
0.0
0.0
0.0
0.0
0.0
0.0
0.0
0.0
0.0
0.0
0.0
0.0
2.0
92.0
209.0
316.0
378.0
398.0
386.0
320.0
210.0
86.0
1.0
0.0
0.0
0.0
0.0
0.0
0.0
0.0
0.0
0.0
0.0
0.0
0.0
0.0
1.0
23.0
64.0
80.0
106.0
100.0
76.0
57.0
40.0
19.0
1.0
0.0
0.0
0.0
0.0
0.0
0.0
0.0
0.0
0.0
0.0
0.0
0.0
0.0
2.0
16.0
19.0
30.0
97.0
55.0
332.0
265.0
182.0
70.0
1.0
0.0
0.0
0.0
0.0
0.0
0.0
0.0
0.0
0.0
0.0
0.0
0.0
0.0
1.0
36.0
82.0
103.0
102.0
113.0
96.0
93.0
56.0
28.0
1.0
0.0
0.0
0.0
0.0
0.0
0.0
0.0
0.0
0.0
0.0
0.0
0.0
0.0
1.0
20.0
51.0
67.0
99.0
115.0
101.0
85.0
51.0
26.0
1.0
0.0
0.0
0.0
0.0
0.0
0.0
0.0
0.0
0.0
0.0
0.0
0.0
0.0
3.0
55.0
111.0
151.0
202.0
209.0
191.0
149.0
90.0
38.0
1.0
0.0
0.0
0.0
0.0
0.0
0.0
0.0
0.0
0.0
0.0
0.0
0.0
0.0
5.0
79.0
154.0
206.0
275.0
260.0
225.0
189.0
108.0
48.0
1.0
0.0
0.0
0.0
0.0
0.0
0.0
0.0
0.0
0.0
0.0
0.0
0.0
0.0
7.0
101.0
195.0
322.0
416.0
390.0
352.0
314.0
221.0
107.0
5.0
0.0
0.0
0.0
0.0
0.0
0.0
0.0
0.0
0.0
0.0
0.0
0.0
0.0
2.0
37.0
24.0
38.0
158.0
45.0
324.0
263.0
221.0
92.0
4.0
0.0
0.0
0.0
0.0
0.0
0.0
0.0
0.0
0.0
0.0
0.0
0.0
0.0
2.0
21.0
44.0
28.0
39.0
56.0
293.0
250.0
154.0
70.0
3.0
0.0
0.0
0.0
0.0
0.0
0.0
0.0
0.0
0.0
0.0
0.0
0.0
0.0
3.0
20.0
39.0
57.0
71.0
75.0
71.0
50.0
32.0
18.0
2.0
0.0
0.0
0.0
0.0
0.0
0.0
0.0
0.0
0.0
0.0
0.0
0.0
0.0
3.0
13.0
22.0
38.0
41.0
48.0
328.0
273.0
194.0
94.0
5.0
0.0
0.0
0.0
0.0
0.0
0.0
0.0
0.0
0.0
0.0
0.0
0.0
0.0
3.0
30.0
54.0
72.0
77.0
80.0
80.0
67.0
40.0
20.0
2.0
0.0
0.0
0.0
0.0
0.0
0.0
0.0
0.0
0.0
0.0
0.0
0.0
0.0
7.0
84.0
137.0
229.0
250.0
252.0
263.0
205.0
112.0
51.0
2.0
0.0
0.0
0.0
0.0
0.0
0.0
0.0
0.0
0.0
0.0
0.0
0.0
0.0
18.0
123.0
217.0
318.0
369.0
433.0
411.0
322.0
207.0
86.0
2.0
0.0
0.0
0.0
0.0
0.0
0.0
0.0
0.0
0.0
0.0
0.0
0.0
0.0
23.0
149.0
264.0
384.0
442.0
470.0
448.0
378.0
276.0
149.0
15.0
0.0
0.0
0.0
0.0
0.0
0.0
0.0
0.0
0.0
0.0
0.0
0.0
0.0
51.0
140.0
233.0
325.0
413.0
434.0
424.0
363.0
285.0
151.0
27.0
0.0
0.0
0.0
0.0
0.0
0.0
0.0
0.0
0.0
0.0
0.0
0.0
0.0
34.0
105.0
190.0
244.0
292.0
312.0
308.0
229.0
161.0
76.0
3.0
0.0
0.0
0.0
0.0
0.0
0.0
0.0
0.0
0.0
0.0
0.0
0.0
0.0
52.0
121.0
156.0
207.0
274.0
291.0
357.0
221.0
243.0
145.0
4.0
0.0
0.0
0.0
0.0
0.0
0.0
0.0
0.0
0.0
0.0
0.0
0.0
0.0
6.0
41.0
82.0
44.0
42.0
44.0
297.0
352.0
239.0
90.0
4.0
0.0
0.0
0.0
0.0
0.0
0.0
0.0
0.0
0.0
0.0
0.0
0.0
0.0
41.0
110.0
183.0
255.0
274.0
297.0
239.0
213.0
167.0
79.0
4.0
0.0
0.0
0.0
0.0
0.0
0.0
0.0
0.0
0.0
0.0
0.0
0.0
0.0
6.0
16.0
27.0
35.0
42.0
42.0
39.0
36.0
27.0
14.0
4.0
0.0
0.0
0.0
0.0
0.0
0.0
0.0
0.0
0.0
0.0
0.0
0.0
0.0
7.0
17.0
44.0
58.0
75.0
92.0
401.0
339.0
258.0
151.0
48.0
0.0
0.0
0.0
0.0
0.0
0.0
0.0
0.0
0.0
0.0
0.0
0.0
0.0
23.0
63.0
96.0
94.0
124.0
137.0
142.0
104.0
75.0
40.0
10.0
0.0
0.0
0.0
0.0
0.0
0.0
0.0
0.0
0.0
0.0
0.0
0.0
1.0
82.0
208.0
295.0
457.0
478.0
406.0
463.0
316.0
232.0
103.0
33.0
0.0
0.0
0.0
0.0
0.0
0.0
0.0
0.0
0.0
0.0
0.0
0.0
1.0
79.0
232.0
275.0
358.0
409.0
574.0
374.0
180.0
254.0
68.0
5.0
0.0
0.0
0.0
0.0
0.0
0.0
0.0
0.0
0.0
0.0
0.0
0.0
2.0
98.0
231.0
367.0
462.0
531.0
539.0
513.0
452.0
339.0
199.0
67.0
0.0
0.0
0.0
0.0
0.0
0.0
0.0
0.0
0.0
0.0
0.0
0.0
1.0
72.0
90.0
266.0
466.0
439.0
167.0
311.0
186.0
171.0
217.0
76.0
2.0
0.0
0.0
0.0
0.0
0.0
0.0
0.0
0.0
0.0
0.0
0.0
1.0
16.0
43.0
69.0
81.0
85.0
88.0
417.0
344.0
257.0
150.0
53.0
0.0
0.0
0.0
0.0
0.0
0.0
0.0
0.0
0.0
0.0
0.0
0.0
1.0
42.0
116.0
235.0
261.0
262.0
262.0
302.0
254.0
150.0
158.0
85.0
1.0
0.0
0.0
0.0
0.0
0.0
0.0
0.0
0.0
0.0
0.0
0.0
1.0
24.0
81.0
31.0
310.0
620.0
375.0
286.0
320.0
140.0
67.0
14.0
0.0
0.0
0.0
0.0
0.0
0.0
0.0
0.0
0.0
0.0
0.0
0.0
6.0
103.0
215.0
320.0
395.0
450.0
465.0
439.0
378.0
284.0
168.0
62.0
0.0
0.0
0.0
0.0
0.0
0.0
0.0
0.0
0.0
0.0
0.0
0.0
2.0
16.0
40.0
50.0
51.0
46.0
71.0
418.0
373.0
287.0
172.0
69.0
1.0
0.0
0.0
0.0
0.0
0.0
0.0
0.0
0.0
0.0
0.0
0.0
10.0
73.0
109.0
188.0
328.0
240.0
229.0
231.0
46.0
93.0
18.0
7.0
1.0
0.0
0.0
0.0
0.0
0.0
0.0
0.0
0.0
0.0
0.0
0.0
2.0
60.0
143.0
257.0
301.0
370.0
394.0
441.0
372.0
281.0
216.0
102.0
4.0
0.0
0.0
0.0
0.0
0.0
0.0
0.0
0.0
0.0
0.0
0.0
5.0
60.0
118.0
130.0
171.0
139.0
169.0
140.0
149.0
155.0
106.0
49.0
1.0
0.0
0.0
0.0
0.0
0.0
0.0
0.0
0.0
0.0
0.0
0.0
8.0
147.0
333.0
427.0
402.0
381.0
295.0
259.0
133.0
48.0
20.0
8.0
1.0
0.0
0.0
0.0
0.0
0.0
0.0
0.0
0.0
0.0
0.0
0.0
3.0
60.0
115.0
233.0
269.0
314.0
311.0
316.0
251.0
201.0
125.0
47.0
1.0
0.0
0.0
0.0
0.0
0.0
0.0
0.0
0.0
0.0
0.0
0.0
14.0
118.0
237.0
342.0
480.0
481.0
548.0
573.0
487.0
382.0
245.0
101.0
4.0
0.0
0.0
0.0
0.0
0.0
0.0
0.0
0.0
0.0
0.0
0.0
3.0
42.0
81.0
141.0
148.0
180.0
178.0
154.0
157.0
108.0
72.0
14.0
1.0
0.0
0.0
0.0
0.0
0.0
0.0
0.0
0.0
0.0
0.0
0.0
12.0
79.0
139.0
218.0
248.0
277.0
274.0
268.0
232.0
172.0
111.0
43.0
1.0
0.0
0.0
0.0
0.0
0.0
0.0
0.0
0.0
0.0
0.0
0.0
34.0
111.0
128.0
163.0
367.0
380.0
229.0
273.0
308.0
290.0
229.0
126.0
21.0
0.0
0.0
0.0
0.0
0.0
0.0
0.0
0.0
0.0
0.0
0.0
10.0
32.0
64.0
102.0
144.0
161.0
139.0
119.0
103.0
76.0
50.0
23.0
2.0
0.0
0.0
0.0
0.0
0.0
0.0
0.0
0.0
0.0
0.0
0.0
49.0
149.0
265.0
402.0
448.0
496.0
500.0
457.0
389.0
286.0
180.0
82.0
2.0
0.0
0.0
0.0
0.0
0.0
0.0
0.0
0.0
0.0
0.0
0.0
37.0
109.0
196.0
253.0
311.0
313.0
311.0
281.0
223.0
180.0
121.0
50.0
2.0
0.0
0.0
0.0
0.0
0.0
0.0
0.0
0.0
0.0
0.0
1.0
79.0
205.0
294.0
377.0
423.0
558.0
435.0
464.0
393.0
265.0
191.0
100.0
2.0
0.0
0.0
0.0
0.0
0.0
0.0
0.0
0.0
0.0
0.0
0.0
82.0
229.0
387.0
524.0
617.0
673.0
678.0
637.0
555.0
439.0
294.0
143.0
9.0
0.0
0.0
0.0
0.0
0.0
0.0
0.0
0.0
0.0
0.0
1.0
84.0
226.0
382.0
517.0
620.0
678.0
692.0
656.0
579.0
460.0
309.0
154.0
13.0
0.0
0.0
0.0
0.0
0.0
0.0
0.0
0.0
0.0
0.0
1.0
80.0
218.0
344.0
464.0
570.0
586.0
618.0
577.0
486.0
381.0
260.0
125.0
9.0
0.0
0.0
0.0
0.0
0.0
0.0
0.0
0.0
0.0
0.0
1.0
60.0
179.0
276.0
326.0
412.0
452.0
434.0
478.0
434.0
307.0
194.0
112.0
11.0
0.0
0.0
0.0
0.0
0.0
0.0
0.0
0.0
0.0
0.0
1.0
90.0
245.0
310.0
389.0
676.0
566.0
289.0
121.0
93.0
178.0
274.0
159.0
10.0
0.0
0.0
0.0
0.0
0.0
0.0
0.0
0.0
0.0
0.0
1.0
62.0
170.0
255.0
255.0
291.0
396.0
430.0
421.0
356.0
329.0
172.0
83.0
4.0
0.0
0.0
0.0
0.0
0.0
0.0
0.0
0.0
0.0
0.0
1.0
40.0
123.0
179.0
294.0
309.0
391.0
515.0
486.0
422.0
384.0
327.0
170.0
42.0
0.0
0.0
0.0
0.0
0.0
0.0
0.0
0.0
0.0
0.0
1.0
9.0
45.0
79.0
180.0
344.0
474.0
444.0
424.0
449.0
332.0
255.0
140.0
14.0
0.0
0.0
0.0
0.0
0.0
0.0
0.0
0.0
0.0
0.0
9.0
56.0
136.0
159.0
47.0
55.0
60.0
352.0
486.0
681.0
483.0
353.0
204.0
51.0
0.0
0.0
0.0
0.0
0.0
0.0
0.0
0.0
0.0
0.0
5.0
115.0
252.0
390.0
524.0
622.0
686.0
707.0
655.0
578.0
455.0
315.0
174.0
53.0
0.0
0.0
0.0
0.0
0.0
0.0
0.0
0.0
0.0
0.0
5.0
116.0
238.0
379.0
509.0
560.0
580.0
626.0
589.0
517.0
379.0
277.0
136.0
35.0
0.0
0.0
0.0
0.0
0.0
0.0
0.0
0.0
0.0
0.0
2.0
34.0
73.0
119.0
158.0
188.0
208.0
204.0
192.0
169.0
138.0
95.0
54.0
17.0
0.0
0.0
0.0
0.0
0.0
0.0
0.0
0.0
0.0
0.0
2.0
91.0
155.0
263.0
431.0
522.0
519.0
537.0
508.0
401.0
327.0
226.0
149.0
43.0
0.0
0.0
0.0
0.0
0.0
0.0
0.0
0.0
0.0
0.0
10.0
133.0
275.0
431.0
557.0
642.0
705.0
696.0
666.0
583.0
462.0
319.0
178.0
54.0
0.0
0.0
0.0
0.0
0.0
0.0
0.0
0.0
0.0
0.0
11.0
136.0
286.0
435.0
564.0
649.0
696.0
708.0
684.0
597.0
479.0
335.0
191.0
65.0
0.0
0.0
0.0
0.0
0.0
0.0
0.0
0.0
0.0
0.0
13.0
138.0
285.0
429.0
556.0
661.0
716.0
717.0
684.0
595.0
484.0
341.0
192.0
65.0
0.0
0.0
0.0
0.0
0.0
0.0
0.0
0.0
0.0
0.0
3.0
51.0
99.0
144.0
202.0
264.0
289.0
275.0
254.0
207.0
180.0
149.0
91.0
36.0
1.0
0.0
0.0
0.0
0.0
0.0
0.0
0.0
0.0
0.0
4.0
13.0
122.0
185.0
257.0
292.0
244.0
246.0
256.0
209.0
138.0
31.0
25.0
8.0
0.0
0.0
0.0
0.0
0.0
0.0
0.0
0.0
0.0
0.0
4.0
85.0
218.0
348.0
272.0
285.0
258.0
63.0
255.0
318.0
237.0
190.0
154.0
50.0
2.0
0.0
0.0
0.0
0.0
0.0
0.0
0.0
0.0
0.0
15.0
123.0
240.0
368.0
476.0
549.0
588.0
598.0
544.0
487.0
396.0
273.0
162.0
56.0
0.0
0.0
0.0
0.0
0.0
0.0
0.0
0.0
0.0
0.0
40.0
145.0
275.0
416.0
494.0
593.0
661.0
684.0
678.0
628.0
498.0
363.0
224.0
86.0
2.0
0.0
0.0
0.0
0.0
0.0
0.0
0.0
0.0
0.0
12.0
43.0
92.0
141.0
151.0
179.0
198.0
167.0
179.0
137.0
116.0
81.0
36.0
13.0
1.0
0.0
0.0
0.0
0.0
0.0
0.0
0.0
0.0
0.0
18.0
87.0
175.0
235.0
171.0
252.0
151.0
247.0
292.0
280.0
191.0
61.0
18.0
9.0
1.0
0.0
0.0
0.0
0.0
0.0
0.0
0.0
0.0
0.0
4.0
14.0
26.0
143.0
224.0
364.0
397.0
519.0
573.0
628.0
581.0
421.0
251.0
100.0
8.0
0.0
0.0
0.0
0.0
0.0
0.0
0.0
0.0
0.0
47.0
145.0
265.0
398.0
484.0
567.0
609.0
639.0
609.0
533.0
438.0
306.0
184.0
70.0
1.0
0.0
0.0
0.0
0.0
0.0
0.0
0.0
0.0
0.0
14.0
42.0
73.0
105.0
122.0
130.0
145.0
154.0
131.0
140.0
116.0
73.0
52.0
20.0
1.0
0.0
0.0
0.0
0.0
0.0
0.0
0.0
0.0
0.0
28.0
89.0
173.0
260.0
337.0
359.0
349.0
365.0
371.0
286.0
233.0
163.0
96.0
39.0
1.0
0.0
0.0
0.0
0.0
0.0
0.0
0.0
0.0
0.0
26.0
79.0
154.0
218.0
263.0
299.0
322.0
321.0
307.0
274.0
209.0
139.0
87.0
38.0
1.0
0.0
0.0
0.0
0.0
0.0
0.0
0.0
0.0
0.0
10.0
32.0
59.0
94.0
105.0
120.0
135.0
124.0
116.0
101.0
79.0
61.0
40.0
17.0
1.0
0.0
0.0
0.0
0.0
0.0
0.0
0.0
0.0
0.0
11.0
29.0
47.0
65.0
77.0
85.0
96.0
99.0
86.0
81.0
66.0
48.0
32.0
14.0
1.0
0.0
0.0
0.0
0.0
0.0
0.0
0.0
0.0
1.0
72.0
194.0
333.0
467.0
577.0
672.0
734.0
722.0
683.0
611.0
532.0
390.0
240.0
106.0
5.0
0.0
0.0
0.0
0.0
0.0
0.0
0.0
0.0
1.0
29.0
28.0
29.0
132.0
376.0
558.0
431.0
565.0
819.0
659.0
604.0
427.0
257.0
127.0
22.0
0.0
0.0
0.0
0.0
0.0
0.0
0.0
0.0
1.0
57.0
147.0
267.0
382.0
484.0
572.0
626.0
618.0
570.0
524.0
447.0
336.0
203.0
92.0
6.0
0.0
0.0
0.0
0.0
0.0
0.0
0.0
0.0
1.0
41.0
112.0
183.0
251.0
287.0
354.0
391.0
350.0
387.0
308.0
231.0
173.0
111.0
52.0
4.0
0.0
0.0
0.0
0.0
0.0
0.0
0.0
0.0
1.0
32.0
78.0
130.0
195.0
258.0
295.0
313.0
321.0
303.0
273.0
230.0
160.0
102.0
49.0
4.0
0.0
0.0
0.0
0.0
0.0
0.0
0.0
0.0
3.0
76.0
158.0
336.0
376.0
514.0
554.0
588.0
640.0
542.0
543.0
427.0
356.0
171.0
84.0
11.0
0.0
0.0
0.0
0.0
0.0
0.0
0.0
0.0
4.0
89.0
215.0
353.0
496.0
623.0
696.0
752.0
764.0
745.0
663.0
561.0
423.0
276.0
134.0
15.0
0.0
0.0
0.0
0.0
0.0
0.0
0.0
0.0
1.0
23.0
51.0
85.0
120.0
150.0
167.0
178.0
179.0
179.0
154.0
125.0
92.0
61.0
27.0
3.0
0.0
0.0
0.0
0.0
0.0
0.0
0.0
0.0
1.0
8.0
115.0
165.0
276.0
620.0
577.0
142.0
64.0
61.0
753.0
553.0
366.0
292.0
130.0
14.0
0.0
0.0
0.0
0.0
0.0
0.0
0.0
0.0
4.0
67.0
144.0
231.0
294.0
362.0
418.0
482.0
479.0
423.0
405.0
311.0
219.0
143.0
67.0
3.0
0.0
0.0
0.0
0.0
0.0
0.0
0.0
0.0
6.0
99.0
217.0
364.0
500.0
623.0
719.0
765.0
723.0
681.0
570.0
498.0
380.0
250.0
133.0
19.0
0.0
0.0
0.0
0.0
0.0
0.0
0.0
0.0
6.0
91.0
215.0
331.0
468.0
590.0
677.0
737.0
756.0
701.0
646.0
563.0
428.0
284.0
148.0
23.0
0.0
0.0
0.0
0.0
0.0
0.0
0.0
0.0
8.0
101.0
208.0
347.0
481.0
610.0
670.0
739.0
734.0
697.0
564.0
513.0
387.0
252.0
124.0
20.0
0.0
0.0
0.0
0.0
0.0
0.0
0.0
0.0
6.0
77.0
236.0
340.0
422.0
454.0
588.0
666.0
735.0
787.0
647.0
479.0
368.0
240.0
112.0
36.0
0.0
0.0
0.0
0.0
0.0
0.0
0.0
0.0
9.0
110.0
226.0
371.0
494.0
616.0
705.0
745.0
763.0
737.0
652.0
564.0
426.0
283.0
139.0
40.0
0.0
0.0
0.0
0.0
0.0
0.0
0.0
0.0
3.0
47.0
119.0
204.0
332.0
337.0
354.0
340.0
388.0
379.0
397.0
439.0
355.0
281.0
185.0
55.0
0.0
0.0
0.0
0.0
0.0
0.0
0.0
0.0
11.0
128.0
271.0
425.0
570.0
691.0
775.0
829.0
839.0
807.0
733.0
620.0
482.0
326.0
175.0
55.0
0.0
0.0
0.0
0.0
0.0
0.0
0.0
0.0
19.0
144.0
305.0
171.0
184.0
277.0
765.0
536.0
602.0
522.0
452.0
382.0
65.0
72.0
94.0
4.0
0.0
0.0
0.0
0.0
0.0
0.0
0.0
0.0
8.0
83.0
217.0
381.0
533.0
653.0
882.0
478.0
336.0
122.0
275.0
295.0
253.0
259.0
133.0
47.0
0.0
0.0
0.0
0.0
0.0
0.0
0.0
0.0
16.0
135.0
272.0
437.0
600.0
708.0
856.0
474.0
405.0
375.0
325.0
269.0
193.0
137.0
66.0
25.0
0.0
0.0
0.0
0.0
0.0
0.0
0.0
0.0
15.0
126.0
272.0
399.0
581.0
770.0
859.0
487.0
498.0
450.0
419.0
341.0
261.0
198.0
118.0
32.0
0.0
0.0
0.0
0.0
0.0
0.0
0.0
0.0
3.0
11.0
55.0
36.0
47.0
57.0
65.0
353.0
937.0
909.0
601.0
122.0
397.0
256.0
54.0
6.0
0.0
0.0
0.0
0.0
0.0
0.0
0.0
0.0
4.0
32.0
54.0
86.0
105.0
122.0
134.0
156.0
158.0
150.0
145.0
113.0
83.0
54.0
30.0
13.0
0.0
0.0
0.0
0.0
0.0
0.0
0.0
0.0
17.0
139.0
273.0
425.0
551.0
675.0
759.0
818.0
826.0
787.0
705.0
599.0
470.0
322.0
179.0
65.0
1.0
0.0
0.0
0.0
0.0
0.0
0.0
0.0
29.0
65.0
144.0
204.0
345.0
462.0
394.0
418.0
510.0
432.0
296.0
406.0
235.0
27.0
55.0
14.0
0.0
0.0
0.0
0.0
0.0
0.0
0.0
0.0
22.0
125.0
183.0
334.0
432.0
353.0
458.0
307.0
417.0
316.0
258.0
57.0
183.0
31.0
17.0
6.0
0.0
0.0
0.0
0.0
0.0
0.0
0.0
0.0
29.0
77.0
162.0
226.0
289.0
453.0
394.0
348.0
456.0
456.0
417.0
411.0
382.0
275.0
208.0
75.0
4.0
0.0
0.0
0.0
0.0
0.0
0.0
0.0
21.0
69.0
132.0
204.0
273.0
343.0
408.0
409.0
442.0
412.0
379.0
308.0
249.0
156.0
96.0
31.0
0.0
0.0
0.0
0.0
0.0
0.0
0.0
0.0
11.0
38.0
67.0
94.0
116.0
140.0
162.0
168.0
179.0
161.0
169.0
151.0
103.0
59.0
29.0
10.0
0.0
0.0
0.0
0.0
0.0
0.0
0.0
0.0
30.0
100.0
195.0
305.0
386.0
471.0
507.0
504.0
484.0
519.0
458.0
374.0
298.0
199.0
110.0
40.0
1.0
0.0
0.0
0.0
0.0
0.0
0.0
0.0
9.0
13.0
57.0
100.0
115.0
182.0
304.0
419.0
385.0
363.0
363.0
335.0
293.0
130.0
81.0
31.0
1.0
0.0
0.0
0.0
0.0
0.0
0.0
0.0
31.0
97.0
194.0
273.0
350.0
448.0
475.0
526.0
534.0
500.0
434.0
381.0
292.0
169.0
105.0
34.0
1.0
0.0
0.0
0.0
0.0
0.0
0.0
0.0
12.0
38.0
64.0
85.0
104.0
129.0
147.0
173.0
181.0
175.0
203.0
183.0
150.0
88.0
48.0
18.0
1.0
0.0
0.0
0.0
0.0
0.0
0.0
0.0
49.0
170.0
261.0
335.0
350.0
341.0
500.0
541.0
624.0
638.0
589.0
439.0
335.0
220.0
159.0
44.0
1.0
0.0
0.0
0.0
0.0
0.0
0.0
0.0
48.0
153.0
292.0
445.0
589.0
718.0
810.0
864.0
871.0
840.0
763.0
648.0
512.0
361.0
210.0
84.0
3.0
0.0
0.0
0.0
0.0
0.0
0.0
0.0
50.0
159.0
302.0
451.0
593.0
713.0
800.0
853.0
872.0
836.0
765.0
660.0
522.0
372.0
220.0
89.0
3.0
0.0
0.0
0.0
0.0
0.0
0.0
0.0
9.0
60.0
151.0
210.0
315.0
304.0
450.0
559.0
612.0
446.0
470.0
438.0
329.0
284.0
239.0
66.0
3.0
0.0
0.0
0.0
0.0
0.0
0.0
0.0
32.0
94.0
161.0
242.0
313.0
340.0
416.0
433.0
444.0
425.0
358.0
303.0
217.0
170.0
86.0
29.0
1.0
0.0
0.0
0.0
0.0
0.0
0.0
0.0
43.0
126.0
235.0
377.0
492.0
617.0
690.0
664.0
753.0
700.0
644.0
565.0
446.0
335.0
207.0
75.0
2.0
0.0
0.0
0.0
0.0
0.0
0.0
0.0
53.0
164.0
311.0
466.0
619.0
745.0
833.0
885.0
894.0
863.0
782.0
666.0
527.0
372.0
220.0
90.0
4.0
0.0
0.0
0.0
0.0
0.0
0.0
0.0
45.0
142.0
273.0
414.0
559.0
675.0
731.0
771.0
743.0
718.0
670.0
566.0
437.0
315.0
190.0
81.0
4.0
0.0
0.0
0.0
0.0
0.0
0.0
0.0
46.0
143.0
270.0
405.0
531.0
636.0
714.0
755.0
765.0
733.0
670.0
577.0
460.0
327.0
194.0
80.0
3.0
0.0
0.0
0.0
0.0
0.0
0.0
0.0
42.0
128.0
216.0
355.0
511.0
630.0
606.0
642.0
621.0
587.0
566.0
480.0
362.0
197.0
115.0
44.0
1.0
0.0
0.0
0.0
0.0
0.0
0.0
0.0
52.0
162.0
307.0
469.0
602.0
722.0
800.0
848.0
847.0
827.0
770.0
662.0
539.0
387.0
235.0
99.0
6.0
0.0
0.0
0.0
0.0
0.0
0.0
0.0
52.0
160.0
299.0
446.0
584.0
703.0
795.0
843.0
851.0
815.0
741.0
630.0
501.0
352.0
210.0
87.0
3.0
0.0
0.0
0.0
0.0
0.0
0.0
0.0
32.0
103.0
194.0
291.0
398.0
504.0
578.0
583.0
605.0
594.0
508.0
430.0
340.0
233.0
137.0
54.0
1.0
0.0
0.0
0.0
0.0
0.0
0.0
0.0
17.0
55.0
100.0
160.0
218.0
262.0
303.0
337.0
329.0
327.0
290.0
244.0
187.0
137.0
80.0
30.0
1.0
0.0
0.0
0.0
0.0
0.0
0.0
0.0
16.0
51.0
92.0
143.0
189.0
226.0
254.0
251.0
251.0
246.0
220.0
188.0
154.0
107.0
62.0
27.0
1.0
0.0
0.0
0.0
0.0
0.0
0.0
0.0
11.0
32.0
61.0
87.0
123.0
123.0
134.0
169.0
153.0
144.0
151.0
124.0
101.0
64.0
36.0
13.0
1.0
0.0
0.0
0.0
0.0
0.0
0.0
0.0
4.0
12.0
25.0
36.0
50.0
59.0
66.0
70.0
72.0
71.0
61.0
52.0
41.0
30.0
18.0
8.0
1.0
0.0
0.0
0.0
0.0
0.0
0.0
0.0
9.0
28.0
52.0
84.0
99.0
129.0
145.0
139.0
150.0
120.0
119.0
101.0
83.0
60.0
41.0
17.0
1.0
0.0
0.0
0.0
0.0
0.0
0.0
0.0
8.0
23.0
45.0
64.0
81.0
88.0
110.0
132.0
139.0
123.0
115.0
95.0
76.0
62.0
37.0
16.0
1.0
0.0
0.0
0.0
0.0
0.0
0.0
0.0
32.0
75.0
152.0
244.0
338.0
404.0
428.0
465.0
509.0
460.0
354.0
301.0
246.0
156.0
89.0
32.0
1.0
0.0
0.0
0.0
0.0
0.0
0.0
0.0
29.0
86.0
159.0
230.0
350.0
404.0
472.0
467.0
470.0
494.0
458.0
376.0
286.0
204.0
116.0
42.0
1.0
0.0
0.0
0.0
0.0
0.0
0.0
0.0
18.0
129.0
321.0
342.0
364.0
313.0
212.0
683.0
233.0
398.0
484.0
304.0
122.0
110.0
68.0
16.0
1.0
0.0
0.0
0.0
0.0
0.0
0.0
0.0
19.0
62.0
135.0
175.0
204.0
212.0
277.0
250.0
274.0
250.0
230.0
179.0
145.0
94.0
58.0
24.0
1.0
0.0
0.0
0.0
0.0
0.0
0.0
0.0
45.0
142.0
278.0
429.0
565.0
688.0
769.0
808.0
826.0
802.0
745.0
640.0
513.0
364.0
218.0
94.0
6.0
0.0
0.0
0.0
0.0
0.0
0.0
0.0
39.0
131.0
264.0
401.0
491.0
583.0
607.0
694.0
696.0
722.0
672.0
576.0
516.0
376.0
234.0
100.0
9.0
0.0
0.0
0.0
0.0
0.0
0.0
0.0
52.0
169.0
329.0
501.0
569.0
523.0
254.0
201.0
280.0
945.0
435.0
57.0
45.0
32.0
19.0
8.0
1.0
0.0
0.0
0.0
0.0
0.0
0.0
0.0
48.0
136.0
276.0
360.0
552.0
429.0
637.0
587.0
658.0
880.0
774.0
529.0
348.0
195.0
80.0
7.0
1.0
0.0
0.0
0.0
0.0
0.0
0.0
0.0
12.0
35.0
61.0
85.0
122.0
144.0
153.0
182.0
191.0
214.0
187.0
188.0
119.0
85.0
43.0
18.0
1.0
0.0
0.0
0.0
0.0
0.0
0.0
0.0
12.0
42.0
82.0
123.0
160.0
193.0
215.0
229.0
239.0
226.0
205.0
179.0
142.0
100.0
60.0
24.0
1.0
0.0
0.0
0.0
0.0
0.0
0.0
0.0
24.0
71.0
145.0
205.0
294.0
349.0
462.0
476.0
474.0
468.0
410.0
356.0
282.0
179.0
77.0
26.0
1.0
0.0
0.0
0.0
0.0
0.0
0.0
0.0
44.0
153.0
300.0
458.0
609.0
735.0
827.0
886.0
898.0
873.0
801.0
694.0
555.0
398.0
240.0
102.0
5.0
0.0
0.0
0.0
0.0
0.0
0.0
0.0
33.0
100.0
225.0
400.0
556.0
640.0
764.0
746.0
642.0
618.0
567.0
502.0
401.0
268.0
169.0
76.0
3.0
0.0
0.0
0.0
0.0
0.0
0.0
0.0
7.0
24.0
66.0
127.0
145.0
155.0
212.0
173.0
180.0
185.0
149.0
221.0
228.0
163.0
98.0
53.0
5.0
0.0
0.0
0.0
0.0
0.0
0.0
0.0
7.0
55.0
103.0
170.0
226.0
260.0
299.0
321.0
323.0
299.0
293.0
245.0
192.0
146.0
83.0
32.0
1.0
0.0
0.0
0.0
0.0
0.0
0.0
0.0
3.0
12.0
24.0
37.0
49.0
67.0
233.0
534.0
927.0
748.0
769.0
752.0
385.0
125.0
18.0
7.0
1.0
0.0
0.0
0.0
0.0
0.0
0.0
0.0
14.0
119.0
242.0
368.0
519.0
668.0
672.0
721.0
700.0
691.0
605.0
517.0
441.0
298.0
191.0
80.0
3.0
0.0
0.0
0.0
0.0
0.0
0.0
0.0
10.0
97.0
217.0
337.0
441.0
582.0
631.0
742.0
831.0
801.0
671.0
549.0
438.0
301.0
193.0
78.0
4.0
0.0
0.0
0.0
0.0
0.0
0.0
0.0
3.0
15.0
36.0
41.0
134.0
218.0
194.0
172.0
151.0
184.0
208.0
181.0
152.0
69.0
52.0
30.0
1.0
0.0
0.0
0.0
0.0
0.0
0.0
0.0
3.0
30.0
61.0
88.0
133.0
140.0
163.0
163.0
154.0
162.0
148.0
108.0
96.0
60.0
34.0
12.0
1.0
0.0
0.0
0.0
0.0
0.0
0.0
0.0
11.0
106.0
240.0
385.0
501.0
628.0
739.0
763.0
771.0
726.0
676.0
551.0
417.0
292.0
168.0
62.0
1.0
0.0
0.0
0.0
0.0
0.0
0.0
0.0
5.0
30.0
71.0
89.0
47.0
166.0
158.0
222.0
416.0
328.0
361.0
396.0
317.0
217.0
129.0
63.0
4.0
0.0
0.0
0.0
0.0
0.0
0.0
0.0
9.0
101.0
221.0
358.0
472.0
575.0
667.0
714.0
716.0
663.0
596.0
495.0
386.0
284.0
157.0
57.0
1.0
0.0
0.0
0.0
0.0
0.0
0.0
0.0
2.0
44.0
83.0
152.0
191.0
200.0
251.0
242.0
275.0
311.0
300.0
218.0
207.0
125.0
80.0
31.0
1.0
0.0
0.0
0.0
0.0
0.0
0.0
0.0
15.0
51.0
141.0
122.0
121.0
55.0
63.0
361.0
426.0
435.0
435.0
586.0
550.0
317.0
216.0
72.0
5.0
0.0
0.0
0.0
0.0
0.0
0.0
0.0
7.0
97.0
211.0
336.0
448.0
542.0
622.0
665.0
686.0
665.0
593.0
502.0
394.0
264.0
148.0
53.0
0.0
0.0
0.0
0.0
0.0
0.0
0.0
0.0
6.0
49.0
148.0
230.0
371.0
506.0
882.0
287.0
470.0
405.0
441.0
551.0
148.0
206.0
67.0
47.0
1.0
0.0
0.0
0.0
0.0
0.0
0.0
0.0
6.0
95.0
222.0
354.0
478.0
591.0
715.0
755.0
778.0
751.0
663.0
578.0
441.0
324.0
188.0
67.0
1.0
0.0
0.0
0.0
0.0
0.0
0.0
0.0
7.0
115.0
258.0
415.0
565.0
693.0
789.0
845.0
858.0
824.0
747.0
634.0
496.0
341.0
190.0
67.0
0.0
0.0
0.0
0.0
0.0
0.0
0.0
0.0
6.0
113.0
258.0
419.0
573.0
707.0
809.0
866.0
879.0
851.0
776.0
662.0
519.0
361.0
203.0
72.0
1.0
0.0
0.0
0.0
0.0
0.0
0.0
0.0
4.0
87.0
197.0
238.0
395.0
448.0
580.0
442.0
344.0
481.0
419.0
461.0
325.0
232.0
141.0
74.0
2.0
0.0
0.0
0.0
0.0
0.0
0.0
0.0
6.0
52.0
75.0
220.0
292.0
239.0
187.0
244.0
300.0
353.0
296.0
397.0
447.0
366.0
198.0
68.0
0.0
0.0
0.0
0.0
0.0
0.0
0.0
0.0
1.0
15.0
34.0
56.0
78.0
95.0
122.0
123.0
115.0
118.0
109.0
91.0
74.0
52.0
28.0
9.0
0.0
0.0
0.0
0.0
0.0
0.0
0.0
0.0
1.0
7.0
31.0
160.0
230.0
297.0
433.0
536.0
654.0
415.0
395.0
103.0
90.0
25.0
14.0
4.0
0.0
0.0
0.0
0.0
0.0
0.0
0.0
0.0
1.0
46.0
123.0
181.0
266.0
341.0
357.0
392.0
398.0
392.0
396.0
320.0
244.0
172.0
95.0
23.0
0.0
0.0
0.0
0.0
0.0
0.0
0.0
0.0
1.0
15.0
36.0
59.0
83.0
99.0
111.0
119.0
120.0
126.0
110.0
95.0
71.0
43.0
24.0
8.0
0.0
0.0
0.0
0.0
0.0
0.0
0.0
0.0
3.0
27.0
53.0
51.0
67.0
179.0
311.0
237.0
460.0
502.0
528.0
465.0
222.0
81.0
13.0
4.0
0.0
0.0
0.0
0.0
0.0
0.0
0.0
0.0
1.0
25.0
55.0
140.0
190.0
145.0
92.0
169.0
266.0
232.0
206.0
192.0
141.0
103.0
61.0
16.0
0.0
0.0
0.0
0.0
0.0
0.0
0.0
0.0
1.0
34.0
90.0
168.0
231.0
292.0
325.0
338.0
387.0
398.0
363.0
311.0
243.0
172.0
91.0
27.0
0.0
0.0
0.0
0.0
0.0
0.0
0.0
0.0
2.0
93.0
244.0
399.0
510.0
672.0
771.0
473.0
492.0
481.0
396.0
328.0
242.0
167.0
82.0
8.0
0.0
0.0
0.0
0.0
0.0
0.0
0.0
0.0
2.0
66.0
109.0
220.0
330.0
381.0
371.0
331.0
436.0
360.0
387.0
332.0
225.0
242.0
176.0
45.0
0.0
0.0
0.0
0.0
0.0
0.0
0.0
0.0
1.0
53.0
30.0
135.0
232.0
95.0
563.0
363.0
724.0
675.0
795.0
456.0
387.0
183.0
120.0
19.0
0.0
0.0
0.0
0.0
0.0
0.0
0.0
0.0
0.0
25.0
61.0
107.0
124.0
171.0
218.0
218.0
220.0
207.0
172.0
144.0
112.0
84.0
38.0
3.0
0.0
0.0
0.0
0.0
0.0
0.0
0.0
0.0
0.0
21.0
67.0
118.0
151.0
197.0
237.0
273.0
292.0
270.0
238.0
194.0
145.0
72.0
39.0
3.0
0.0
0.0
0.0
0.0
0.0
0.0
0.0
0.0
0.0
25.0
101.0
184.0
226.0
281.0
352.0
388.0
418.0
326.0
321.0
265.0
204.0
112.0
58.0
3.0
0.0
0.0
0.0
0.0
0.0
0.0
0.0
0.0
0.0
18.0
52.0
91.0
135.0
180.0
205.0
216.0
219.0
192.0
174.0
142.0
98.0
67.0
31.0
2.0
0.0
0.0
0.0
0.0
0.0
0.0
0.0
0.0
0.0
65.0
205.0
369.0
519.0
645.0
730.0
425.0
419.0
397.0
332.0
262.0
211.0
146.0
73.0
7.0
0.0
0.0
0.0
0.0
0.0
0.0
0.0
0.0
0.0
62.0
188.0
343.0
492.0
618.0
722.0
777.0
790.0
758.0
676.0
562.0
424.0
273.0
126.0
9.0
0.0
0.0
0.0
0.0
0.0
0.0
0.0
0.0
0.0
55.0
169.0
316.0
471.0
584.0
671.0
725.0
719.0
687.0
616.0
497.0
377.0
240.0
110.0
7.0
0.0
0.0
0.0
0.0
0.0
0.0
0.0
0.0
0.0
50.0
149.0
277.0
405.0
574.0
625.0
697.0
695.0
666.0
599.0
463.0
323.0
200.0
77.0
2.0
0.0
0.0
0.0
0.0
0.0
0.0
0.0
0.0
0.0
13.0
45.0
76.0
106.0
133.0
146.0
175.0
184.0
168.0
185.0
157.0
116.0
73.0
28.0
2.0
0.0
0.0
0.0
0.0
0.0
0.0
0.0
0.0
0.0
21.0
51.0
162.0
252.0
221.0
262.0
276.0
362.0
306.0
273.0
275.0
184.0
123.0
56.0
1.0
0.0
0.0
0.0
0.0
0.0
0.0
0.0
0.0
0.0
25.0
75.0
153.0
222.0
269.0
313.0
316.0
360.0
322.0
289.0
222.0
158.0
93.0
39.0
1.0
0.0
0.0
0.0
0.0
0.0
0.0
0.0
0.0
0.0
9.0
43.0
72.0
131.0
151.0
179.0
253.0
262.0
226.0
280.0
246.0
134.0
84.0
54.0
4.0
0.0
0.0
0.0
0.0
0.0
0.0
0.0
0.0
0.0
11.0
50.0
99.0
146.0
166.0
210.0
201.0
186.0
200.0
188.0
163.0
110.0
94.0
23.0
2.0
0.0
0.0
0.0
0.0
0.0
0.0
0.0
0.0
0.0
4.0
60.0
156.0
388.0
609.0
782.0
734.0
679.0
275.0
334.0
317.0
129.0
86.0
8.0
1.0
0.0
0.0
0.0
0.0
0.0
0.0
0.0
0.0
0.0
7.0
53.0
134.0
213.0
171.0
197.0
163.0
105.0
221.0
223.0
221.0
221.0
128.0
59.0
4.0
0.0
0.0
0.0
0.0
0.0
0.0
0.0
0.0
0.0
19.0
108.0
136.0
146.0
98.0
134.0
140.0
304.0
485.0
443.0
495.0
231.0
51.0
58.0
1.0
0.0
0.0
0.0
0.0
0.0
0.0
0.0
0.0
0.0
3.0
31.0
61.0
84.0
105.0
134.0
123.0
114.0
128.0
118.0
86.0
57.0
35.0
14.0
1.0
0.0
0.0
0.0
0.0
0.0
0.0
0.0
0.0
0.0
13.0
141.0
286.0
433.0
552.0
646.0
699.0
694.0
656.0
579.0
470.0
337.0
196.0
72.0
0.0
0.0
0.0
0.0
0.0
0.0
0.0
0.0
0.0
0.0
28.0
152.0
266.0
271.0
410.0
385.0
491.0
358.0
451.0
361.0
214.0
142.0
55.0
37.0
0.0
0.0
0.0
0.0
0.0
0.0
0.0
0.0
0.0
0.0
3.0
35.0
67.0
132.0
161.0
236.0
227.0
168.0
171.0
184.0
155.0
110.0
79.0
31.0
0.0
0.0
0.0
0.0
0.0
0.0
0.0
0.0
0.0
0.0
21.0
72.0
242.0
443.0
453.0
466.0
548.0
156.0
55.0
49.0
442.0
121.0
103.0
14.0
0.0
0.0
0.0
0.0
0.0
0.0
0.0
0.0
0.0
0.0
5.0
89.0
162.0
317.0
462.0
633.0
575.0
472.0
572.0
485.0
459.0
296.0
126.0
46.0
0.0
0.0
0.0
0.0
0.0
0.0
0.0
0.0
0.0
0.0
2.0
66.0
145.0
230.0
251.0
313.0
280.0
269.0
330.0
291.0
305.0
240.0
181.0
72.0
0.0
0.0
0.0
0.0
0.0
0.0
0.0
0.0
0.0
0.0
8.0
105.0
262.0
470.0
448.0
502.0
373.0
230.0
192.0
114.0
133.0
165.0
15.0
5.0
0.0
0.0
0.0
0.0
0.0
0.0
0.0
0.0
0.0
0.0
2.0
48.0
116.0
180.0
235.0
289.0
313.0
310.0
300.0
252.0
205.0
152.0
75.0
22.0
0.0
0.0
0.0
0.0
0.0
0.0
0.0
0.0
0.0
0.0
1.0
40.0
97.0
166.0
219.0
280.0
283.0
282.0
249.0
218.0
165.0
110.0
65.0
20.0
0.0
0.0
0.0
0.0
0.0
0.0
0.0
0.0
0.0
0.0
3.0
77.0
162.0
307.0
402.0
497.0
533.0
509.0
462.0
389.0
312.0
219.0
97.0
4.0
0.0
0.0
0.0
0.0
0.0
0.0
0.0
0.0
0.0
0.0
3.0
45.0
95.0
109.0
194.0
220.0
390.0
329.0
454.0
364.0
187.0
64.0
13.0
9.0
0.0
0.0
0.0
0.0
0.0
0.0
0.0
0.0
0.0
0.0
4.0
110.0
255.0
402.0
533.0
636.0
692.0
707.0
669.0
582.0
461.0
314.0
162.0
17.0
0.0
0.0
0.0
0.0
0.0
0.0
0.0
0.0
0.0
0.0
3.0
102.0
245.0
394.0
526.0
623.0
672.0
689.0
657.0
570.0
456.0
315.0
163.0
19.0
0.0
0.0
0.0
0.0
0.0
0.0
0.0
0.0
0.0
0.0
3.0
84.0
181.0
331.0
385.0
492.0
540.0
575.0
615.0
562.0
452.0
290.0
141.0
15.0
0.0
0.0
0.0
0.0
0.0
0.0
0.0
0.0
0.0
0.0
1.0
68.0
164.0
261.0
371.0
425.0
452.0
451.0
436.0
389.0
308.0
213.0
108.0
9.0
0.0
0.0
0.0
0.0
0.0
0.0
0.0
0.0
0.0
0.0
1.0
8.0
20.0
33.0
45.0
52.0
56.0
62.0
458.0
402.0
309.0
210.0
102.0
8.0
0.0
0.0
0.0
0.0
0.0
0.0
0.0
0.0
0.0
0.0
1.0
27.0
49.0
112.0
161.0
183.0
200.0
152.0
187.0
151.0
111.0
61.0
11.0
2.0
0.0
0.0
0.0
0.0
0.0
0.0
0.0
0.0
0.0
0.0
1.0
60.0
163.0
273.0
347.0
395.0
449.0
468.0
419.0
348.0
322.0
179.0
81.0
2.0
0.0
0.0
0.0
0.0
0.0
0.0
0.0
0.0
0.0
0.0
0.0
66.0
167.0
291.0
386.0
459.0
507.0
508.0
471.0
401.0
312.0
207.0
99.0
4.0
0.0
0.0
0.0
0.0
0.0
0.0
0.0
0.0
0.0
0.0
0.0
17.0
37.0
86.0
99.0
107.0
119.0
134.0
136.0
127.0
111.0
69.0
32.0
2.0
0.0
0.0
0.0
0.0
0.0
0.0
0.0
0.0
0.0
0.0
0.0
30.0
89.0
123.0
168.0
180.0
128.0
140.0
152.0
165.0
186.0
137.0
68.0
5.0
0.0
0.0
0.0
0.0
0.0
0.0
0.0
0.0
0.0
0.0
0.0
83.0
231.0
388.0
524.0
620.0
675.0
680.0
635.0
545.0
422.0
271.0
117.0
3.0
0.0
0.0
0.0
0.0
0.0
0.0
0.0
0.0
0.0
0.0
0.0
8.0
19.0
42.0
53.0
51.0
60.0
85.0
486.0
427.0
332.0
215.0
94.0
3.0
0.0
0.0
0.0
0.0
0.0
0.0
0.0
0.0
0.0
0.0
1.0
59.0
133.0
81.0
126.0
317.0
229.0
113.0
131.0
269.0
276.0
234.0
113.0
10.0
0.0
0.0
0.0
0.0
0.0
0.0
0.0
0.0
0.0
0.0
0.0
35.0
107.0
184.0
262.0
316.0
345.0
346.0
320.0
281.0
220.0
145.0
59.0
1.0
0.0
0.0
0.0
0.0
0.0
0.0
0.0
0.0
0.0
0.0
0.0
46.0
155.0
318.0
386.0
326.0
394.0
422.0
386.0
435.0
393.0
269.0
105.0
6.0
0.0
0.0
0.0
0.0
0.0
0.0
0.0
0.0
0.0
0.0
0.0
53.0
142.0
290.0
469.0
628.0
323.0
319.0
61.0
82.0
60.0
21.0
21.0
0.0
0.0
0.0
0.0
0.0
0.0
0.0
0.0
0.0
0.0
0.0
0.0
14.0
41.0
65.0
97.0
106.0
123.0
124.0
127.0
89.0
63.0
38.0
16.0
0.0
0.0
0.0
0.0
0.0
0.0
0.0
0.0
0.0
0.0
0.0
0.0
5.0
44.0
73.0
179.0
247.0
389.0
319.0
135.0
245.0
106.0
108.0
10.0
0.0
0.0
0.0
0.0
0.0
0.0
0.0
0.0
0.0
0.0
0.0
0.0
20.0
41.0
59.0
68.0
177.0
186.0
279.0
224.0
397.0
314.0
173.0
79.0
1.0
0.0
0.0
0.0
0.0
0.0
0.0
0.0
0.0
0.0
0.0
0.0
4.0
75.0
145.0
206.0
221.0
261.0
252.0
281.0
239.0
164.0
89.0
32.0
0.0
0.0
0.0
0.0
0.0
0.0
0.0
0.0
0.0
0.0
0.0
0.0
12.0
70.0
97.0
144.0
141.0
198.0
130.0
156.0
112.0
150.0
89.0
29.0
0.0
0.0
0.0
0.0
0.0
0.0
0.0
0.0
0.0
0.0
0.0
0.0
4.0
36.0
77.0
127.0
178.0
191.0
167.0
150.0
95.0
49.0
27.0
5.0
0.0
0.0
0.0
0.0
0.0
0.0
0.0
0.0
0.0
0.0
0.0
0.0
8.0
71.0
165.0
227.0
345.0
342.0
354.0
373.0
336.0
310.0
201.0
59.0
0.0
0.0
0.0
0.0
0.0
0.0
0.0
0.0
0.0
0.0
0.0
0.0
3.0
28.0
38.0
82.0
106.0
125.0
49.0
360.0
371.0
287.0
148.0
22.0
0.0
0.0
0.0
0.0
0.0
0.0
0.0
0.0
0.0
0.0
0.0
0.0
3.0
24.0
49.0
71.0
85.0
99.0
101.0
85.0
67.0
47.0
26.0
4.0
0.0
0.0
0.0
0.0
0.0
0.0
0.0
0.0
0.0
0.0
0.0
0.0
6.0
88.0
164.0
222.0
287.0
334.0
327.0
308.0
228.0
157.0
77.0
4.0
0.0
0.0
0.0
0.0
0.0
0.0
0.0
0.0
0.0
0.0
0.0
0.0
9.0
145.0
274.0
332.0
426.0
509.0
501.0
434.0
355.0
176.0
109.0
10.0
0.0
0.0
0.0
0.0
0.0
0.0
0.0
0.0
0.0
0.0
0.0
0.0
8.0
93.0
202.0
267.0
327.0
397.0
366.0
394.0
379.0
283.0
160.0
24.0
0.0
0.0
0.0
0.0
0.0
0.0
0.0
0.0
0.0
0.0
0.0
0.0
2.0
18.0
39.0
52.0
65.0
69.0
65.0
57.0
46.0
32.0
16.0
3.0
0.0
0.0
0.0
0.0
0.0
0.0
0.0
0.0
0.0
0.0
0.0
0.0
8.0
149.0
260.0
357.0
453.0
515.0
384.0
353.0
222.0
157.0
58.0
2.0
0.0
0.0
0.0
0.0
0.0
0.0
0.0
0.0
0.0
0.0
0.0
0.0
3.0
56.0
126.0
198.0
248.0
293.0
300.0
268.0
205.0
123.0
57.0
2.0
0.0
0.0
0.0
0.0
0.0
0.0
0.0
0.0
0.0
0.0
0.0
0.0
11.0
140.0
205.0
240.0
251.0
297.0
590.0
406.0
164.0
40.0
11.0
2.0
0.0
0.0
0.0
0.0
0.0
0.0
0.0
0.0
0.0
0.0
0.0
0.0
9.0
126.0
175.0
199.0
251.0
296.0
340.0
354.0
278.0
129.0
67.0
1.0
0.0
0.0
0.0
0.0
0.0
0.0
0.0
0.0
0.0
0.0
0.0
0.0
1.0
16.0
31.0
43.0
55.0
61.0
70.0
60.0
48.0
34.0
14.0
1.0
0.0
0.0
0.0
0.0
0.0
0.0
0.0
0.0
0.0
0.0
0.0
0.0
1.0
10.0
22.0
32.0
39.0
43.0
43.0
39.0
32.0
21.0
10.0
1.0
0.0
0.0
0.0
0.0
0.0
0.0
0.0
0.0
0.0
0.0
0.0
0.0
2.0
57.0
123.0
184.0
218.0
232.0
244.0
207.0
164.0
104.0
45.0
1.0
0.0
0.0
0.0
0.0
0.0
0.0
0.0
0.0
0.0
0.0
0.0
0.0
2.0
71.0
154.0
227.0
289.0
304.0
320.0
296.0
237.0
144.0
56.0
1.0
0.0
0.0
0.0
0.0
0.0
0.0
0.0
0.0
0.0
0.0
0.0
0.0
1.0
40.0
117.0
158.0
171.0
267.0
301.0
301.0
251.0
221.0
106.0
3.0
0.0
0.0
0.0
0.0
0.0
0.0
0.0
0.0
0.0
0.0
0.0
0.0
1.0
12.0
59.0
88.0
151.0
175.0
196.0
154.0
94.0
72.0
7.0
1.0
0.0
0.0
0.0
0.0
0.0
0.0
0.0
0.0
0.0
0.0
0.0
0.0
1.0
76.0
185.0
291.0
360.0
398.0
382.0
318.0
246.0
159.0
62.0
0.0
0.0
0.0
0.0
0.0
0.0
0.0
0.0
0.0
0.0
0.0
0.0
0.0
1.0
20.0
47.0
74.0
95.0
101.0
74.0
357.0
290.0
177.0
69.0
0.0
0.0
0.0
0.0
0.0
0.0
0.0
0.0
0.0
0.0
0.0
0.0
0.0
1.0
82.0
195.0
299.0
393.0
444.0
446.0
415.0
331.0
204.0
78.0
1.0
0.0
0.0
0.0
0.0
0.0
0.0
0.0
0.0
0.0
0.0
0.0
0.0
1.0
7.0
57.0
145.0
165.0
324.0
333.0
182.0
130.0
127.0
82.0
2.0
0.0
0.0
0.0
0.0
0.0
0.0
0.0
0.0
0.0
0.0
0.0
0.0
1.0
80.0
208.0
270.0
310.0
215.0
194.0
59.0
23.0
14.0
5.0
0.0
0.0
0.0
0.0
0.0
0.0
0.0
0.0
0.0
0.0
0.0
0.0
0.0
0.0
6.0
16.0
25.0
33.0
72.0
163.0
356.0
272.0
205.0
55.0
0.0
0.0
0.0
0.0
0.0
0.0
0.0
0.0
0.0
0.0
0.0
0.0
0.0
0.0
53.0
130.0
250.0
365.0
281.0
267.0
301.0
252.0
190.0
64.0
0.0
0.0
0.0
0.0
0.0
0.0
0.0
0.0
0.0
0.0
0.0
0.0
0.0
1.0
75.0
139.0
46.0
301.0
132.0
200.0
218.0
202.0
82.0
42.0
0.0
0.0
0.0
0.0
0.0
0.0
0.0
0.0
0.0
0.0
0.0
0.0
0.0
0.0
66.0
189.0
291.0
352.0
348.0
354.0
284.0
234.0
152.0
54.0
0.0
0.0
0.0
0.0
0.0
0.0
0.0
0.0
0.0
0.0
0.0
0.0
0.0
0.0
32.0
49.0
60.0
135.0
126.0
276.0
272.0
272.0
171.0
52.0
0.0
0.0
0.0
0.0
0.0
0.0
0.0
0.0
0.0
0.0
0.0
0.0
0.0
0.0
20.0
46.0
115.0
257.0
407.0
369.0
283.0
115.0
139.0
38.0
0.0
0.0
0.0
0.0
0.0
0.0
0.0
0.0
0.0
0.0
0.0
0.0
0.0
0.0
15.0
46.0
85.0
106.0
110.0
106.0
92.0
64.0
37.0
3.0
0.0
0.0
0.0
0.0
0.0
0.0
0.0
0.0
0.0
0.0
0.0
0.0
0.0
0.0
29.0
115.0
298.0
301.0
306.0
236.0
51.0
30.0
54.0
3.0
0.0
0.0
0.0
0.0
0.0
0.0
0.0
0.0
0.0
0.0
0.0
0.0
0.0
0.0
4.0
33.0
57.0
67.0
82.0
82.0
327.0
247.0
136.0
14.0
0.0
0.0
0.0
0.0
0.0
0.0
0.0
0.0
0.0
0.0
0.0
0.0
0.0
0.0
4.0
83.0
114.0
94.0
267.0
253.0
253.0
163.0
104.0
19.0
0.0
0.0
0.0
0.0
0.0
0.0
0.0
0.0
0.0
0.0
0.0
0.0
0.0
0.0
12.0
51.0
59.0
126.0
110.0
38.0
211.0
156.0
81.0
6.0
0.0
0.0
0.0
0.0
0.0
0.0
0.0
0.0
0.0
0.0
0.0
0.0
0.0
0.0
3.0
18.0
30.0
40.0
43.0
46.0
42.0
31.0
17.0
2.0
0.0
0.0
0.0
0.0
0.0
0.0
0.0
0.0
0.0
0.0
0.0
0.0
0.0
0.0
8.0
88.0
162.0
214.0
233.0
222.0
174.0
113.0
59.0
2.0
0.0
0.0
0.0
0.0
0.0
0.0
0.0
0.0
0.0
0.0
0.0
0.0
0.0
0.0
2.0
38.0
89.0
125.0
162.0
175.0
145.0
111.0
63.0
6.0
0.0
0.0
0.0
0.0
0.0
0.0
0.0
0.0
0.0
0.0
0.0
0.0
0.0
0.0
3.0
23.0
39.0
54.0
57.0
58.0
53.0
38.0
21.0
2.0
0.0
0.0
0.0
0.0
0.0
0.0
0.0
0.0
0.0
0.0
0.0
0.0
0.0
0.0
6.0
91.0
148.0
247.0
259.0
279.0
249.0
150.0
73.0
1.0
0.0
0.0
0.0
0.0
0.0
0.0
0.0
0.0
0.0
0.0
0.0
0.0
0.0
0.0
2.0
24.0
42.0
59.0
68.0
67.0
56.0
36.0
16.0
1.0
0.0
0.0
0.0
0.0
0.0
0.0
0.0
0.0
0.0
0.0
0.0
0.0
0.0
0.0
2.0
10.0
19.0
26.0
29.0
29.0
25.0
18.0
9.0
1.0
0.0
0.0
0.0
0.0
0.0
0.0
0.0
0.0
0.0
0.0
0.0
0.0
0.0
0.0
2.0
77.0
182.0
232.0
240.0
250.0
260.0
141.0
63.0
4.0
0.0
0.0
0.0
0.0
0.0
0.0
0.0
0.0
0.0
0.0
0.0
0.0
0.0
0.0
2.0
11.0
24.0
34.0
37.0
38.0
32.0
22.0
10.0
1.0
0.0
0.0
0.0
0.0
0.0
0.0
0.0
0.0
0.0
0.0
0.0
0.0
0.0
0.0
2.0
28.0
52.0
77.0
106.0
90.0
80.0
50.0
27.0
1.0
0.0
0.0
0.0
0.0
0.0
0.0
0.0
0.0
0.0
0.0
0.0
0.0
0.0
0.0
1.0
16.0
34.0
48.0
63.0
61.0
55.0
35.0
17.0
1.0
0.0
0.0
0.0
0.0
0.0
0.0
0.0
0.0
0.0
0.0
0.0
0.0
0.0
0.0
2.0
47.0
98.0
144.0
172.0
180.0
147.0
107.0
45.0
1.0
0.0
0.0
0.0
0.0
0.0
0.0
0.0
0.0
0.0
0.0
0.0
0.0
0.0
0.0
1.0
18.0
50.0
69.0
84.0
86.0
70.0
44.0
18.0
0.0
0.0
0.0
0.0
0.0
0.0
0.0
0.0
0.0
0.0
0.0
0.0
0.0
0.0
0.0
2.0
84.0
182.0
259.0
297.0
290.0
243.0
162.0
68.0
0.0
0.0
0.0
0.0
0.0
0.0
0.0
0.0
0.0
0.0
0.0
0.0
0.0
0.0
0.0
1.0
60.0
151.0
217.0
227.0
230.0
182.0
122.0
44.0
0.0
0.0
0.0
0.0
0.0
0.0
0.0
0.0
0.0
0.0
0.0
0.0
0.0
0.0
0.0
1.0
14.0
31.0
50.0
53.0
46.0
233.0
149.0
61.0
0.0
0.0
0.0
0.0
0.0
0.0
0.0
0.0
0.0
0.0
0.0
0.0
0.0
0.0
0.0
1.0
14.0
32.0
43.0
54.0
49.0
238.0
158.0
63.0
0.0
0.0
0.0
0.0
0.0
0.0
0.0
0.0
0.0
0.0
0.0
0.0
0.0
0.0
0.0
0.0
22.0
14.0
28.0
251.0
218.0
250.0
133.0
37.0
0.0
0.0
0.0
0.0
0.0
0.0
0.0
0.0
0.0
0.0
0.0
0.0
0.0
0.0
0.0
1.0
11.0
20.0
34.0
25.0
43.0
235.0
162.0
63.0
0.0
0.0
0.0
0.0
0.0
0.0
0.0
0.0
0.0
0.0
0.0
0.0
0.0
0.0
0.0
0.0
19.0
45.0
91.0
102.0
223.0
207.0
86.0
55.0
0.0
0.0
0.0
0.0
0.0
0.0
0.0
0.0
0.0
0.0
0.0
0.0
0.0
0.0
0.0
0.0
5.0
36.0
142.0
138.0
303.0
239.0
124.0
47.0
0.0
0.0
0.0
0.0
0.0
0.0
0.0
0.0
0.0
0.0
0.0
0.0
0.0
0.0
0.0
0.0
41.0
101.0
155.0
149.0
91.0
53.0
38.0
20.0
0.0
0.0
0.0
0.0
0.0
0.0
0.0
0.0
0.0
0.0
0.0
0.0
0.0
0.0
0.0
0.0
20.0
68.0
91.0
110.0
78.0
101.0
60.0
20.0
0.0
0.0
0.0
0.0
0.0
0.0
0.0
0.0
0.0
0.0
0.0
0.0
0.0
0.0
0.0
0.0
41.0
63.0
147.0
140.0
104.0
91.0
52.0
6.0
0.0
0.0
0.0
0.0
0.0
0.0
0.0
0.0
0.0
0.0
0.0
0.0
0.0
0.0
0.0
0.0
53.0
55.0
110.0
131.0
188.0
98.0
42.0
31.0
0.0
0.0
0.0
0.0
0.0
0.0
0.0
0.0
0.0
0.0
0.0
0.0
0.0
0.0
0.0
0.0
37.0
76.0
150.0
190.0
160.0
139.0
86.0
4.0
0.0
0.0
0.0
0.0
0.0
0.0
0.0
0.0
0.0
0.0
0.0
0.0
0.0
0.0
0.0
0.0
11.0
45.0
67.0
75.0
68.0
52.0
38.0
4.0
0.0
0.0
0.0
0.0
0.0
0.0
0.0
0.0
0.0
0.0
0.0
0.0
0.0
0.0
0.0
0.0
22.0
71.0
104.0
131.0
123.0
83.0
44.0
4.0
0.0
0.0
0.0
0.0
0.0
0.0
0.0
0.0
0.0
0.0
0.0
0.0
0.0
0.0
0.0
0.0
3.0
48.0
108.0
130.0
150.0
136.0
86.0
13.0
0.0
0.0
0.0
0.0
0.0
0.0
0.0
0.0
0.0
0.0
0.0
0.0
0.0
0.0
0.0
0.0
5.0
38.0
61.0
83.0
73.0
61.0
36.0
6.0
0.0
0.0
0.0
0.0
0.0
0.0
0.0
0.0
0.0
0.0
0.0
0.0
0.0
0.0
0.0
0.0
10.0
62.0
130.0
150.0
129.0
96.0
57.0
3.0
0.0
0.0
0.0
0.0
0.0
0.0
0.0
0.0
0.0
0.0
0.0
0.0
0.0
0.0
0.0
0.0
9.0
88.0
163.0
217.0
148.0
158.0
87.0
32.0
0.0
0.0
0.0
0.0
0.0
0.0
0.0
0.0
0.0
0.0
0.0
0.0
0.0
0.0
0.0
0.0
14.0
69.0
99.0
148.0
196.0
106.0
58.0
2.0
0.0
0.0
0.0
0.0
0.0
0.0
0.0
0.0
0.0
0.0
0.0
0.0
0.0
0.0
0.0
0.0
7.0
61.0
98.0
116.0
109.0
92.0
46.0
3.0
0.0
0.0
0.0
0.0
0.0
0.0
0.0
0.0
0.0
0.0
0.0
0.0
0.0
0.0
0.0
0.0
2.0
63.0
110.0
142.0
169.0
154.0
79.0
11.0
0.0
0.0
0.0
0.0
0.0
0.0
0.0
0.0
0.0
0.0
0.0
0.0
0.0
0.0
0.0
0.0
8.0
73.0
103.0
138.0
158.0
128.0
53.0
2.0
0.0
0.0
0.0
0.0
0.0
0.0
0.0
0.0
0.0
0.0
0.0
0.0
0.0
0.0
0.0
0.0
2.0
25.0
41.0
51.0
50.0
40.0
23.0
2.0
0.0
0.0
0.0
0.0
0.0
0.0
0.0
0.0
0.0
0.0
0.0
0.0
0.0
0.0
0.0
0.0
13.0
35.0
16.0
67.0
111.0
142.0
90.0
10.0
0.0
0.0
0.0
0.0
0.0
0.0
0.0
0.0
0.0
0.0
0.0
0.0
0.0
0.0
0.0
0.0
2.0
17.0
28.0
32.0
32.0
26.0
15.0
2.0
0.0
0.0
0.0
0.0
0.0
0.0
0.0
0.0
0.0
0.0
0.0
0.0
0.0
0.0
0.0
0.0
2.0
10.0
17.0
21.0
22.0
18.0
11.0
2.0
0.0
0.0
0.0
0.0
0.0
0.0
0.0
0.0
0.0
0.0
0.0
0.0
0.0
0.0
0.0
0.0
1.0
14.0
25.0
35.0
36.0
29.0
18.0
2.0
0.0
0.0
0.0
0.0
0.0
0.0
0.0
0.0
0.0
0.0
0.0
0.0
0.0
0.0
0.0
0.0
5.0
68.0
123.0
146.0
137.0
116.0
67.0
2.0
0.0
0.0
0.0
0.0
0.0
0.0
0.0
0.0
0.0
0.0
0.0
0.0
0.0
0.0
0.0
0.0
1.0
19.0
33.0
50.0
44.0
38.0
22.0
2.0
0.0
0.0
0.0
0.0
0.0
0.0
0.0
0.0
0.0
0.0
0.0
0.0
0.0
0.0
0.0
0.0
1.0
22.0
39.0
48.0
46.0
40.0
23.0
2.0
0.0
0.0
0.0
0.0
0.0
0.0
0.0
0.0
0.0
0.0
0.0
0.0
0.0
0.0
0.0
0.0
6.0
71.0
111.0
152.0
137.0
108.0
47.0
2.0
0.0
0.0
0.0
0.0
0.0
0.0
0.0
0.0
0.0
0.0
0.0
0.0
0.0
0.0
0.0
0.0
7.0
78.0
139.0
186.0
21.0
14.0
42.0
10.0
0.0
0.0
0.0
0.0
0.0
0.0
0.0
0.0
0.0
0.0
0.0
0.0
0.0
0.0
0.0
0.0
3.0
65.0
121.0
160.0
166.0
135.0
86.0
7.0
0.0
0.0
0.0
0.0
0.0
0.0
0.0
0.0
0.0
0.0
0.0
0.0
0.0
0.0
0.0
0.0
5.0
71.0
80.0
102.0
120.0
82.0
7.0
2.0
0.0
0.0
0.0
0.0
0.0
0.0
0.0
0.0
0.0
0.0
0.0
0.0
0.0
0.0
0.0
0.0
1.0
29.0
60.0
76.0
80.0
63.0
38.0
3.0
0.0
0.0
0.0
0.0
0.0
0.0
0.0
0.0
0.0
0.0
0.0
0.0
0.0
0.0
0.0
0.0
4.0
69.0
113.0
142.0
125.0
99.0
47.0
2.0
0.0
0.0
0.0
0.0
0.0
0.0
0.0
0.0
0.0
0.0
0.0
0.0
0.0
0.0
0.0
0.0
1.0
12.0
22.0
29.0
29.0
28.0
16.0
2.0
0.0
0.0
0.0
0.0
0.0
0.0
0.0
0.0
0.0
0.0
0.0
0.0
0.0
0.0
0.0
0.0
1.0
21.0
47.0
66.0
66.0
51.0
29.0
2.0
0.0
0.0
0.0
0.0
0.0
0.0
0.0
0.0
0.0
0.0
0.0
0.0
0.0
0.0
0.0
0.0
1.0
46.0
84.0
132.0
151.0
123.0
65.0
8.0
0.0
0.0
0.0
0.0
0.0
0.0
0.0
0.0
0.0
0.0
0.0
0.0
0.0
0.0
0.0
0.0
1.0
9.0
18.0
22.0
22.0
20.0
12.0
2.0
0.0
0.0
0.0
0.0
0.0
0.0
0.0
0.0
0.0
0.0
0.0
0.0
0.0
0.0
0.0
0.0
1.0
5.0
10.0
13.0
13.0
11.0
6.0
2.0
0.0
0.0
0.0
0.0
0.0
0.0
0.0
0.0
0.0
0.0
0.0
0.0
0.0
0.0
0.0
0.0
1.0
34.0
69.0
91.0
87.0
74.0
42.0
4.0
0.0
0.0
0.0
0.0
0.0
0.0
0.0
0.0
0.0
0.0
0.0
0.0
0.0
0.0
0.0
0.0
1.0
43.0
84.0
109.0
99.0
75.0
40.0
2.0
0.0
0.0
0.0
0.0
0.0
0.0
0.0
0.0
0.0
0.0
0.0
0.0
0.0
0.0
0.0
0.0
1.0
54.0
119.0
152.0
178.0
148.0
89.0
10.0
0.0
0.0
0.0
0.0
0.0
0.0
0.0
0.0
0.0
0.0
0.0
0.0
0.0
0.0
0.0
0.0
1.0
49.0
108.0
152.0
137.0
112.0
85.0
12.0
0.0
0.0
0.0
0.0
0.0
0.0
0.0
0.0
0.0
0.0
0.0
0.0
0.0
0.0
0.0
0.0
1.0
25.0
41.0
39.0
24.0
123.0
70.0
8.0
0.0
0.0
0.0
0.0
0.0
0.0
0.0
0.0
0.0
0.0
0.0
0.0
0.0
0.0
0.0
0.0
2.0
62.0
116.0
157.0
152.0
122.0
73.0
2.0
0.0
0.0
0.0
0.0
0.0
0.0
0.0
0.0
0.0
0.0
0.0
0.0
0.0
0.0
0.0
0.0
1.0
19.0
40.0
54.0
58.0
51.0
26.0
2.0
0.0
0.0
0.0
0.0
0.0
0.0
0.0
0.0
0.0
0.0
0.0
0.0
0.0
0.0
0.0
0.0
1.0
6.0
11.0
15.0
16.0
14.0
8.0
2.0
0.0
0.0
0.0
0.0
0.0
0.0
0.0
0.0
0.0
0.0
0.0
0.0
0.0
0.0
0.0
0.0
1.0
14.0
24.0
37.0
39.0
34.0
21.0
3.0
0.0
0.0
0.0
0.0
0.0
0.0
0.0
0.0
0.0
0.0
0.0
0.0
0.0
0.0
0.0
0.0
1.0
53.0
109.0
152.0
182.0
145.0
81.0
12.0
0.0
0.0
0.0
0.0
0.0
0.0
0.0
0.0
