0.0
0.0
0.0
0.0
0.0
0.0
0.0
0.0
0.0
86.0
203.0
277.0
301.0
273.0
196.0
75.0
0.0
0.0
0.0
0.0
0.0
0.0
0.0
0.0
0.0
0.0
0.0
0.0
0.0
0.0
0.0
0.0
0.0
86.0
205.0
278.0
303.0
275.0
199.0
78.0
0.0
0.0
0.0
0.0
0.0
0.0
0.0
0.0
0.0
0.0
0.0
0.0
0.0
0.0
0.0
0.0
0.0
87.0
206.0
280.0
305.0
278.0
202.0
81.0
0.0
0.0
0.0
0.0
0.0
0.0
0.0
0.0
0.0
0.0
0.0
0.0
0.0
0.0
0.0
0.0
1.0
88.0
207.0
282.0
307.0
281.0
205.0
85.0
0.0
0.0
0.0
0.0
0.0
0.0
0.0
0.0
0.0
0.0
0.0
0.0
0.0
0.0
0.0
0.0
1.0
90.0
209.0
284.0
310.0
283.0
208.0
88.0
0.0
0.0
0.0
0.0
0.0
0.0
0.0
0.0
0.0
0.0
0.0
0.0
0.0
0.0
0.0
0.0
1.0
91.0
211.0
286.0
312.0
287.0
211.0
91.0
1.0
0.0
0.0
0.0
0.0
0.0
0.0
0.0
0.0
0.0
0.0
0.0
0.0
0.0
0.0
0.0
1.0
93.0
213.0
289.0
315.0
290.0
215.0
95.0
1.0
0.0
0.0
0.0
0.0
0.0
0.0
0.0
0.0
0.0
0.0
0.0
0.0
0.0
0.0
0.0
1.0
95.0
215.0
292.0
318.0
293.0
218.0
99.0
2.0
0.0
0.0
0.0
0.0
0.0
0.0
0.0
0.0
0.0
0.0
0.0
0.0
0.0
0.0
0.0
1.0
97.0
218.0
294.0
321.0
297.0
222.0
103.0
2.0
0.0
0.0
0.0
0.0
0.0
0.0
0.0
0.0
0.0
0.0
0.0
0.0
0.0
0.0
0.0
2.0
99.0
220.0
297.0
325.0
300.0
226.0
107.0
3.0
0.0
0.0
0.0
0.0
0.0
0.0
0.0
0.0
0.0
0.0
0.0
0.0
0.0
0.0
0.0
2.0
101.0
223.0
300.0
328.0
304.0
230.0
111.0
4.0
0.0
0.0
0.0
0.0
0.0
0.0
0.0
0.0
0.0
0.0
0.0
0.0
0.0
0.0
0.0
2.0
104.0
226.0
304.0
332.0
308.0
234.0
115.0
5.0
0.0
0.0
0.0
0.0
0.0
0.0
0.0
0.0
0.0
0.0
0.0
0.0
0.0
0.0
0.0
3.0
107.0
229.0
307.0
336.0
312.0
239.0
120.0
6.0
0.0
0.0
0.0
0.0
0.0
0.0
0.0
0.0
0.0
0.0
0.0
0.0
0.0
0.0
0.0
3.0
109.0
232.0
311.0
340.0
316.0
243.0
125.0
8.0
0.0
0.0
0.0
0.0
0.0
0.0
0.0
0.0
0.0
0.0
0.0
0.0
0.0
0.0
0.0
4.0
112.0
236.0
315.0
344.0
321.0
248.0
129.0
9.0
0.0
0.0
0.0
0.0
0.0
0.0
0.0
0.0
0.0
0.0
0.0
0.0
0.0
0.0
0.0
5.0
116.0
239.0
319.0
348.0
325.0
253.0
134.0
11.0
0.0
0.0
0.0
0.0
0.0
0.0
0.0
0.0
0.0
0.0
0.0
0.0
0.0
0.0
0.0
5.0
119.0
243.0
323.0
352.0
330.0
257.0
139.0
13.0
0.0
0.0
0.0
0.0
0.0
0.0
0.0
0.0
0.0
0.0
0.0
0.0
0.0
0.0
0.0
6.0
123.0
247.0
327.0
357.0
335.0
263.0
144.0
15.0
0.0
0.0
0.0
0.0
0.0
0.0
0.0
0.0
0.0
0.0
0.0
0.0
0.0
0.0
0.0
7.0
126.0
251.0
331.0
362.0
340.0
268.0
150.0
17.0
0.0
0.0
0.0
0.0
0.0
0.0
0.0
0.0
0.0
0.0
0.0
0.0
0.0
0.0
0.0
8.0
130.0
255.0
336.0
367.0
345.0
273.0
155.0
19.0
0.0
0.0
0.0
0.0
0.0
0.0
0.0
0.0
0.0
0.0
0.0
0.0
0.0
0.0
0.0
9.0
134.0
260.0
341.0
372.0
350.0
278.0
161.0
22.0
0.0
0.0
0.0
0.0
0.0
0.0
0.0
0.0
0.0
0.0
0.0
0.0
0.0
0.0
0.0
11.0
138.0
264.0
346.0
377.0
356.0
284.0
166.0
25.0
0.0
0.0
0.0
0.0
0.0
0.0
0.0
0.0
0.0
0.0
0.0
0.0
0.0
0.0
0.0
12.0
143.0
269.0
351.0
382.0
361.0
290.0
172.0
28.0
0.0
0.0
0.0
0.0
0.0
0.0
0.0
0.0
0.0
0.0
0.0
0.0
0.0
0.0
0.0
14.0
147.0
274.0
356.0
388.0
367.0
295.0
178.0
32.0
0.0
0.0
0.0
0.0
0.0
0.0
0.0
0.0
0.0
0.0
0.0
0.0
0.0
0.0
0.0
16.0
152.0
279.0
361.0
393.0
373.0
301.0
184.0
35.0
0.0
0.0
0.0
0.0
0.0
0.0
0.0
0.0
0.0
0.0
0.0
0.0
0.0
0.0
0.0
17.0
157.0
284.0
367.0
399.0
379.0
307.0
190.0
39.0
0.0
0.0
0.0
0.0
0.0
0.0
0.0
0.0
0.0
0.0
0.0
0.0
0.0
0.0
0.0
20.0
162.0
289.0
372.0
405.0
385.0
313.0
196.0
43.0
0.0
0.0
0.0
0.0
0.0
0.0
0.0
0.0
0.0
0.0
0.0
0.0
0.0
0.0
0.0
22.0
167.0
295.0
378.0
411.0
391.0
320.0
202.0
48.0
0.0
0.0
0.0
0.0
0.0
0.0
0.0
0.0
0.0
0.0
0.0
0.0
0.0
0.0
0.0
25.0
172.0
300.0
384.0
417.0
397.0
326.0
208.0
53.0
0.0
0.0
0.0
0.0
0.0
0.0
0.0
0.0
0.0
0.0
0.0
0.0
0.0
0.0
0.0
27.0
177.0
306.0
390.0
423.0
403.0
332.0
215.0
58.0
0.0
0.0
0.0
0.0
0.0
0.0
0.0
0.0
0.0
0.0
0.0
0.0
0.0
0.0
0.0
30.0
183.0
312.0
396.0
429.0
410.0
339.0
221.0
63.0
0.0
0.0
0.0
0.0
0.0
0.0
0.0
0.0
0.0
0.0
0.0
0.0
0.0
0.0
0.0
34.0
188.0
318.0
402.0
435.0
416.0
345.0
228.0
69.0
0.0
0.0
0.0
0.0
0.0
0.0
0.0
0.0
0.0
0.0
0.0
0.0
0.0
0.0
0.0
37.0
194.0
324.0
408.0
442.0
423.0
352.0
234.0
75.0
0.0
0.0
0.0
0.0
0.0
0.0
0.0
0.0
0.0
0.0
0.0
0.0
0.0
0.0
0.0
41.0
200.0
330.0
415.0
449.0
430.0
359.0
241.0
81.0
0.0
0.0
0.0
0.0
0.0
0.0
0.0
0.0
0.0
0.0
0.0
0.0
0.0
0.0
0.0
45.0
206.0
336.0
421.0
455.0
436.0
366.0
248.0
91.0
0.0
0.0
0.0
0.0
0.0
0.0
0.0
0.0
0.0
0.0
0.0
0.0
0.0
0.0
0.0
49.0
212.0
342.0
428.0
462.0
443.0
372.0
255.0
98.0
0.0
0.0
0.0
0.0
0.0
0.0
0.0
0.0
0.0
0.0
0.0
0.0
0.0
0.0
0.0
54.0
219.0
349.0
434.0
469.0
450.0
379.0
262.0
105.0
1.0
0.0
0.0
0.0
0.0
0.0
0.0
0.0
0.0
0.0
0.0
0.0
0.0
0.0
0.0
58.0
225.0
356.0
441.0
476.0
457.0
386.0
269.0
111.0
1.0
0.0
0.0
0.0
0.0
0.0
0.0
0.0
0.0
0.0
0.0
0.0
0.0
0.0
0.0
64.0
231.0
362.0
448.0
483.0
464.0
393.0
276.0
118.0
2.0
0.0
0.0
0.0
0.0
0.0
0.0
0.0
0.0
0.0
0.0
0.0
0.0
0.0
0.0
69.0
238.0
369.0
455.0
490.0
471.0
401.0
283.0
125.0
3.0
0.0
0.0
0.0
0.0
0.0
0.0
0.0
0.0
0.0
0.0
0.0
0.0
0.0
0.0
75.0
245.0
376.0
462.0
497.0
479.0
408.0
290.0
132.0
4.0
0.0
0.0
0.0
0.0
0.0
0.0
0.0
0.0
0.0
0.0
0.0
0.0
0.0
0.0
81.0
252.0
383.0
469.0
504.0
486.0
415.0
297.0
139.0
6.0
0.0
0.0
0.0
0.0
0.0
0.0
0.0
0.0
0.0
0.0
0.0
0.0
0.0
0.0
88.0
259.0
390.0
477.0
512.0
493.0
422.0
304.0
146.0
8.0
0.0
0.0
0.0
0.0
0.0
0.0
0.0
0.0
0.0
0.0
0.0
0.0
0.0
0.0
98.0
266.0
398.0
484.0
519.0
501.0
430.0
311.0
153.0
10.0
0.0
0.0
0.0
0.0
0.0
0.0
0.0
0.0
0.0
0.0
0.0
0.0
0.0
0.0
105.0
273.0
405.0
491.0
527.0
508.0
437.0
318.0
160.0
12.0
0.0
0.0
0.0
0.0
0.0
0.0
0.0
0.0
0.0
0.0
0.0
0.0
0.0
1.0
112.0
280.0
412.0
499.0
534.0
516.0
444.0
326.0
167.0
15.0
0.0
0.0
0.0
0.0
0.0
0.0
0.0
0.0
0.0
0.0
0.0
0.0
0.0
1.0
119.0
288.0
420.0
506.0
542.0
523.0
452.0
333.0
175.0
18.0
0.0
0.0
0.0
0.0
0.0
0.0
0.0
0.0
0.0
0.0
0.0
0.0
0.0
2.0
126.0
295.0
427.0
514.0
549.0
531.0
459.0
340.0
182.0
21.0
0.0
0.0
0.0
0.0
0.0
0.0
0.0
0.0
0.0
0.0
0.0
0.0
0.0
4.0
133.0
302.0
435.0
522.0
557.0
538.0
467.0
348.0
189.0
24.0
0.0
0.0
0.0
0.0
0.0
0.0
0.0
0.0
0.0
0.0
0.0
0.0
0.0
5.0
141.0
310.0
443.0
529.0
565.0
546.0
474.0
355.0
196.0
28.0
0.0
0.0
0.0
0.0
0.0
0.0
0.0
0.0
0.0
0.0
0.0
0.0
0.0
7.0
149.0
318.0
450.0
537.0
572.0
553.0
482.0
363.0
203.0
32.0
0.0
0.0
0.0
0.0
0.0
0.0
0.0
0.0
0.0
0.0
0.0
0.0
0.0
9.0
156.0
325.0
458.0
545.0
580.0
561.0
489.0
370.0
211.0
36.0
0.0
0.0
0.0
0.0
0.0
0.0
0.0
0.0
0.0
0.0
0.0
0.0
0.0
12.0
164.0
333.0
466.0
553.0
588.0
569.0
497.0
377.0
218.0
40.0
0.0
0.0
0.0
0.0
0.0
0.0
0.0
0.0
0.0
0.0
0.0
0.0
0.0
15.0
172.0
341.0
474.0
561.0
596.0
577.0
505.0
385.0
225.0
45.0
0.0
0.0
0.0
0.0
0.0
0.0
0.0
0.0
0.0
0.0
0.0
0.0
0.0
18.0
180.0
349.0
482.0
568.0
603.0
584.0
512.0
392.0
232.0
50.0
0.0
0.0
0.0
0.0
0.0
0.0
0.0
0.0
0.0
0.0
0.0
0.0
0.0
21.0
187.0
357.0
490.0
576.0
611.0
592.0
520.0
400.0
240.0
55.0
0.0
0.0
0.0
0.0
0.0
0.0
0.0
0.0
0.0
0.0
0.0
0.0
0.0
25.0
196.0
365.0
498.0
584.0
619.0
600.0
527.0
407.0
247.0
61.0
0.0
0.0
0.0
0.0
0.0
0.0
0.0
0.0
0.0
0.0
0.0
0.0
0.0
29.0
204.0
373.0
506.0
592.0
627.0
607.0
535.0
414.0
254.0
66.0
0.0
0.0
0.0
0.0
0.0
0.0
0.0
0.0
0.0
0.0
0.0
0.0
0.0
33.0
212.0
381.0
514.0
600.0
635.0
615.0
543.0
422.0
261.0
72.0
0.0
0.0
0.0
0.0
0.0
0.0
0.0
0.0
0.0
0.0
0.0
0.0
0.0
38.0
220.0
389.0
522.0
608.0
643.0
623.0
550.0
429.0
269.0
78.0
0.0
0.0
0.0
0.0
0.0
0.0
0.0
0.0
0.0
0.0
0.0
0.0
0.0
44.0
228.0
398.0
530.0
616.0
651.0
631.0
558.0
437.0
276.0
85.0
0.0
0.0
0.0
0.0
0.0
0.0
0.0
0.0
0.0
0.0
0.0
0.0
0.0
49.0
236.0
406.0
538.0
625.0
659.0
638.0
565.0
444.0
283.0
91.0
0.0
0.0
0.0
0.0
0.0
0.0
0.0
0.0
0.0
0.0
0.0
0.0
0.0
55.0
245.0
414.0
547.0
633.0
667.0
646.0
573.0
451.0
290.0
98.0
0.0
0.0
0.0
0.0
0.0
0.0
0.0
0.0
0.0
0.0
0.0
0.0
0.0
61.0
253.0
423.0
555.0
641.0
674.0
654.0
580.0
459.0
297.0
107.0
0.0
0.0
0.0
0.0
0.0
0.0
0.0
0.0
0.0
0.0
0.0
0.0
0.0
68.0
262.0
431.0
563.0
649.0
682.0
662.0
588.0
466.0
304.0
114.0
0.0
0.0
0.0
0.0
0.0
0.0
0.0
0.0
0.0
0.0
0.0
0.0
0.0
75.0
270.0
439.0
571.0
657.0
690.0
669.0
595.0
473.0
311.0
121.0
1.0
0.0
0.0
0.0
0.0
0.0
0.0
0.0
0.0
0.0
0.0
0.0
0.0
83.0
278.0
448.0
579.0
665.0
698.0
677.0
603.0
480.0
319.0
128.0
2.0
0.0
0.0
0.0
0.0
0.0
0.0
0.0
0.0
0.0
0.0
0.0
0.0
91.0
287.0
456.0
588.0
673.0
706.0
684.0
610.0
488.0
326.0
135.0
3.0
0.0
0.0
0.0
0.0
0.0
0.0
0.0
0.0
0.0
0.0
0.0
0.0
99.0
295.0
464.0
596.0
681.0
714.0
692.0
617.0
495.0
333.0
142.0
4.0
0.0
0.0
0.0
0.0
0.0
0.0
0.0
0.0
0.0
0.0
0.0
0.0
109.0
304.0
473.0
604.0
689.0
721.0
700.0
625.0
502.0
340.0
149.0
5.0
0.0
0.0
0.0
0.0
0.0
0.0
0.0
0.0
0.0
0.0
0.0
1.0
118.0
312.0
481.0
612.0
697.0
729.0
707.0
632.0
509.0
347.0
156.0
7.0
0.0
0.0
0.0
0.0
0.0
0.0
0.0
0.0
0.0
0.0
0.0
1.0
126.0
321.0
490.0
620.0
705.0
737.0
715.0
639.0
516.0
354.0
163.0
9.0
0.0
0.0
0.0
0.0
0.0
0.0
0.0
0.0
0.0
0.0
0.0
2.0
135.0
330.0
498.0
629.0
713.0
745.0
722.0
646.0
523.0
360.0
170.0
11.0
0.0
0.0
0.0
0.0
0.0
0.0
0.0
0.0
0.0
0.0
0.0
4.0
144.0
338.0
506.0
637.0
721.0
752.0
729.0
654.0
530.0
367.0
176.0
13.0
0.0
0.0
0.0
0.0
0.0
0.0
0.0
0.0
0.0
0.0
0.0
6.0
152.0
347.0
515.0
645.0
728.0
760.0
737.0
661.0
537.0
374.0
183.0
16.0
0.0
0.0
0.0
0.0
0.0
0.0
0.0
0.0
0.0
0.0
0.0
8.0
161.0
355.0
523.0
653.0
736.0
767.0
744.0
668.0
544.0
381.0
190.0
19.0
0.0
0.0
0.0
0.0
0.0
0.0
0.0
0.0
0.0
0.0
0.0
11.0
170.0
364.0
531.0
661.0
744.0
775.0
751.0
675.0
551.0
388.0
197.0
21.0
0.0
0.0
0.0
0.0
0.0
0.0
0.0
0.0
0.0
0.0
0.0
14.0
179.0
372.0
540.0
669.0
752.0
782.0
758.0
682.0
558.0
394.0
203.0
25.0
0.0
0.0
0.0
0.0
0.0
0.0
0.0
0.0
0.0
0.0
0.0
17.0
187.0
381.0
548.0
677.0
759.0
790.0
766.0
689.0
564.0
401.0
210.0
28.0
0.0
0.0
0.0
0.0
0.0
0.0
0.0
0.0
0.0
0.0
0.0
21.0
196.0
389.0
556.0
685.0
767.0
797.0
773.0
696.0
571.0
408.0
217.0
32.0
0.0
0.0
0.0
0.0
0.0
0.0
0.0
0.0
0.0
0.0
0.0
25.0
205.0
398.0
564.0
693.0
775.0
804.0
780.0
702.0
578.0
414.0
223.0
35.0
0.0
0.0
0.0
0.0
0.0
0.0
0.0
0.0
0.0
0.0
0.0
30.0
213.0
406.0
572.0
701.0
782.0
812.0
787.0
709.0
584.0
421.0
230.0
39.0
0.0
0.0
0.0
0.0
0.0
0.0
0.0
0.0
0.0
0.0
0.0
34.0
222.0
415.0
580.0
708.0
790.0
819.0
794.0
716.0
591.0
427.0
236.0
43.0
0.0
0.0
0.0
0.0
0.0
0.0
0.0
0.0
0.0
0.0
0.0
40.0
230.0
423.0
589.0
716.0
797.0
826.0
800.0
723.0
598.0
434.0
243.0
48.0
0.0
0.0
0.0
0.0
0.0
0.0
0.0
0.0
0.0
0.0
0.0
45.0
239.0
431.0
597.0
724.0
805.0
833.0
807.0
729.0
604.0
440.0
249.0
52.0
0.0
0.0
0.0
0.0
0.0
0.0
0.0
0.0
0.0
0.0
0.0
51.0
248.0
439.0
604.0
732.0
812.0
840.0
814.0
736.0
610.0
447.0
256.0
57.0
0.0
0.0
0.0
0.0
0.0
0.0
0.0
0.0
0.0
0.0
0.0
57.0
256.0
448.0
612.0
739.0
819.0
847.0
821.0
742.0
617.0
453.0
262.0
62.0
0.0
0.0
0.0
0.0
0.0
0.0
0.0
0.0
0.0
0.0
0.0
64.0
265.0
456.0
620.0
747.0
826.0
854.0
827.0
749.0
623.0
459.0
268.0
67.0
0.0
0.0
0.0
0.0
0.0
0.0
0.0
0.0
0.0
0.0
0.0
71.0
273.0
464.0
628.0
754.0
833.0
861.0
834.0
755.0
629.0
465.0
275.0
72.0
0.0
0.0
0.0
0.0
0.0
0.0
0.0
0.0
0.0
0.0
0.0
78.0
281.0
472.0
636.0
761.0
840.0
867.0
840.0
761.0
635.0
472.0
281.0
78.0
0.0
0.0
0.0
0.0
0.0
0.0
0.0
0.0
0.0
0.0
0.0
86.0
290.0
480.0
643.0
769.0
847.0
874.0
847.0
767.0
642.0
478.0
287.0
84.0
0.0
0.0
0.0
0.0
0.0
0.0
0.0
0.0
0.0
0.0
0.0
94.0
298.0
488.0
651.0
776.0
854.0
880.0
853.0
774.0
648.0
484.0
293.0
89.0
0.0
0.0
0.0
0.0
0.0
0.0
0.0
0.0
0.0
0.0
0.0
102.0
306.0
496.0
659.0
783.0
861.0
887.0
859.0
780.0
654.0
490.0
299.0
95.0
0.0
0.0
0.0
0.0
0.0
0.0
0.0
0.0
0.0
0.0
0.0
111.0
314.0
504.0
666.0
790.0
868.0
893.0
865.0
786.0
660.0
496.0
305.0
102.0
0.0
0.0
0.0
0.0
0.0
0.0
0.0
0.0
0.0
0.0
1.0
119.0
322.0
511.0
673.0
797.0
874.0
900.0
871.0
792.0
665.0
502.0
312.0
108.0
0.0
0.0
0.0
0.0
0.0
0.0
0.0
0.0
0.0
0.0
2.0
127.0
330.0
519.0
681.0
804.0
881.0
906.0
877.0
797.0
671.0
508.0
318.0
114.0
0.0
0.0
0.0
0.0
0.0
0.0
0.0
0.0
0.0
0.0
3.0
136.0
338.0
527.0
688.0
811.0
887.0
912.0
883.0
803.0
677.0
513.0
323.0
120.0
1.0
0.0
0.0
0.0
0.0
0.0
0.0
0.0
0.0
0.0
4.0
144.0
346.0
534.0
695.0
818.0
894.0
918.0
889.0
809.0
683.0
519.0
329.0
126.0
1.0
0.0
0.0
0.0
0.0
0.0
0.0
0.0
0.0
0.0
6.0
152.0
354.0
542.0
702.0
824.0
900.0
924.0
895.0
815.0
688.0
525.0
335.0
133.0
2.0
0.0
0.0
0.0
0.0
0.0
0.0
0.0
0.0
0.0
8.0
160.0
362.0
549.0
709.0
831.0
906.0
930.0
901.0
820.0
694.0
530.0
341.0
139.0
3.0
0.0
0.0
0.0
0.0
0.0
0.0
0.0
0.0
0.0
11.0
168.0
369.0
556.0
716.0
837.0
912.0
936.0
906.0
826.0
699.0
536.0
347.0
145.0
5.0
0.0
0.0
0.0
0.0
0.0
0.0
0.0
0.0
0.0
14.0
176.0
377.0
563.0
723.0
844.0
919.0
942.0
912.0
831.0
705.0
542.0
353.0
151.0
6.0
0.0
0.0
0.0
0.0
0.0
0.0
0.0
0.0
0.0
17.0
184.0
384.0
571.0
729.0
850.0
924.0
947.0
917.0
837.0
710.0
547.0
358.0
157.0
8.0
0.0
0.0
0.0
0.0
0.0
0.0
0.0
0.0
0.0
21.0
191.0
392.0
577.0
736.0
856.0
930.0
953.0
923.0
842.0
716.0
553.0
364.0
163.0
10.0
0.0
0.0
0.0
0.0
0.0
0.0
0.0
0.0
0.0
24.0
199.0
399.0
584.0
742.0
862.0
936.0
959.0
928.0
847.0
721.0
558.0
369.0
168.0
12.0
0.0
0.0
0.0
0.0
0.0
0.0
0.0
0.0
0.0
28.0
207.0
406.0
591.0
749.0
868.0
942.0
964.0
933.0
852.0
726.0
563.0
375.0
174.0
14.0
0.0
0.0
0.0
0.0
0.0
0.0
0.0
0.0
0.0
33.0
214.0
413.0
598.0
755.0
874.0
947.0
969.0
939.0
857.0
731.0
568.0
381.0
180.0
16.0
0.0
0.0
0.0
0.0
0.0
0.0
0.0
0.0
0.0
37.0
221.0
420.0
604.0
761.0
880.0
953.0
975.0
944.0
862.0
736.0
574.0
386.0
186.0
19.0
0.0
0.0
0.0
0.0
0.0
0.0
0.0
0.0
0.0
42.0
229.0
427.0
611.0
767.0
886.0
958.0
980.0
949.0
867.0
741.0
579.0
391.0
192.0
22.0
0.0
0.0
0.0
0.0
0.0
0.0
0.0
0.0
0.0
47.0
236.0
434.0
617.0
773.0
892.0
964.0
985.0
954.0
872.0
746.0
584.0
397.0
197.0
25.0
0.0
0.0
0.0
0.0
0.0
0.0
0.0
0.0
0.0
52.0
243.0
441.0
624.0
779.0
897.0
969.0
990.0
958.0
877.0
751.0
589.0
402.0
203.0
28.0
0.0
0.0
0.0
0.0
0.0
0.0
0.0
0.0
0.0
58.0
250.0
447.0
630.0
785.0
902.0
974.0
995.0
963.0
882.0
756.0
594.0
407.0
208.0
31.0
0.0
0.0
0.0
0.0
0.0
0.0
0.0
0.0
0.0
63.0
257.0
454.0
636.0
791.0
908.0
979.0
999.0
968.0
886.0
760.0
599.0
412.0
214.0
34.0
0.0
0.0
0.0
0.0
0.0
0.0
0.0
0.0
0.0
69.0
264.0
460.0
642.0
796.0
913.0
984.0
1004.0
972.0
891.0
765.0
604.0
418.0
219.0
38.0
0.0
0.0
0.0
0.0
0.0
0.0
0.0
0.0
0.0
75.0
270.0
466.0
648.0
802.0
918.0
989.0
1009.0
977.0
895.0
770.0
608.0
423.0
225.0
42.0
0.0
0.0
0.0
0.0
0.0
0.0
0.0
0.0
0.0
81.0
277.0
473.0
654.0
807.0
923.0
993.0
1013.0
981.0
900.0
774.0
613.0
428.0
230.0
45.0
0.0
0.0
0.0
0.0
0.0
0.0
0.0
0.0
0.0
88.0
283.0
479.0
659.0
812.0
928.0
998.0
1018.0
986.0
904.0
779.0
618.0
433.0
236.0
49.0
0.0
0.0
0.0
0.0
0.0
0.0
0.0
0.0
0.0
94.0
290.0
485.0
665.0
818.0
933.0
1003.0
1022.0
990.0
908.0
783.0
623.0
438.0
241.0
54.0
0.0
0.0
0.0
0.0
0.0
0.0
0.0
0.0
0.0
99.0
296.0
490.0
670.0
823.0
937.0
1007.0
1026.0
994.0
913.0
787.0
627.0
442.0
246.0
58.0
0.0
0.0
0.0
0.0
0.0
0.0
0.0
0.0
0.0
106.0
302.0
496.0
675.0
827.0
942.0
1011.0
1030.0
998.0
917.0
792.0
632.0
447.0
251.0
62.0
0.0
0.0
0.0
0.0
0.0
0.0
0.0
0.0
1.0
112.0
308.0
502.0
681.0
832.0
947.0
1015.0
1034.0
1002.0
921.0
796.0
636.0
452.0
256.0
67.0
0.0
0.0
0.0
0.0
0.0
0.0
0.0
0.0
2.0
118.0
314.0
507.0
686.0
837.0
951.0
1020.0
1038.0
1006.0
925.0
800.0
640.0
457.0
262.0
71.0
0.0
0.0
0.0
0.0
0.0
0.0
0.0
0.0
3.0
124.0
319.0
512.0
691.0
842.0
955.0
1024.0
1042.0
1010.0
929.0
804.0
645.0
461.0
267.0
76.0
0.0
0.0
0.0
0.0
0.0
0.0
0.0
0.0
4.0
130.0
325.0
518.0
695.0
846.0
959.0
1028.0
1046.0
1014.0
933.0
808.0
649.0
466.0
271.0
81.0
0.0
0.0
0.0
0.0
0.0
0.0
0.0
0.0
5.0
136.0
330.0
523.0
700.0
850.0
963.0
1031.0
1050.0
1017.0
936.0
812.0
653.0
470.0
276.0
86.0
0.0
0.0
0.0
0.0
0.0
0.0
0.0
0.0
7.0
142.0
336.0
528.0
705.0
855.0
967.0
1035.0
1053.0
1021.0
940.0
816.0
657.0
475.0
281.0
91.0
0.0
0.0
0.0
0.0
0.0
0.0
0.0
0.0
9.0
148.0
341.0
532.0
709.0
859.0
971.0
1039.0
1057.0
1025.0
944.0
820.0
661.0
479.0
286.0
94.0
0.0
0.0
0.0
0.0
0.0
0.0
0.0
0.0
10.0
153.0
346.0
537.0
713.0
863.0
975.0
1042.0
1060.0
1028.0
947.0
824.0
665.0
484.0
291.0
100.0
0.0
0.0
0.0
0.0
0.0
0.0
0.0
0.0
13.0
158.0
351.0
542.0
718.0
867.0
979.0
1046.0
1064.0
1031.0
951.0
827.0
669.0
488.0
295.0
105.0
1.0
0.0
0.0
0.0
0.0
0.0
0.0
0.0
15.0
164.0
356.0
546.0
722.0
870.0
982.0
1049.0
1067.0
1035.0
954.0
831.0
673.0
492.0
300.0
110.0
1.0
0.0
0.0
0.0
0.0
0.0
0.0
0.0
17.0
169.0
361.0
551.0
726.0
874.0
985.0
1052.0
1070.0
1038.0
957.0
834.0
677.0
496.0
304.0
114.0
2.0
0.0
0.0
0.0
0.0
0.0
0.0
0.0
19.0
174.0
365.0
555.0
730.0
878.0
989.0
1056.0
1073.0
1041.0
961.0
838.0
681.0
500.0
309.0
119.0
3.0
0.0
0.0
0.0
0.0
0.0
0.0
0.0
22.0
178.0
370.0
559.0
733.0
881.0
992.0
1059.0
1076.0
1044.0
964.0
841.0
685.0
504.0
313.0
124.0
4.0
0.0
0.0
0.0
0.0
0.0
0.0
0.0
24.0
183.0
374.0
563.0
737.0
884.0
995.0
1062.0
1079.0
1047.0
967.0
845.0
688.0
508.0
318.0
129.0
5.0
0.0
0.0
0.0
0.0
0.0
0.0
0.0
27.0
188.0
378.0
567.0
740.0
888.0
998.0
1064.0
1082.0
1050.0
970.0
848.0
692.0
512.0
322.0
133.0
6.0
0.0
0.0
0.0
0.0
0.0
0.0
0.0
30.0
192.0
382.0
570.0
744.0
891.0
1001.0
1067.0
1085.0
1053.0
973.0
851.0
695.0
516.0
326.0
138.0
7.0
0.0
0.0
0.0
0.0
0.0
0.0
0.0
33.0
196.0
386.0
574.0
747.0
894.0
1004.0
1070.0
1088.0
1055.0
976.0
854.0
699.0
520.0
330.0
142.0
9.0
0.0
0.0
0.0
0.0
0.0
0.0
0.0
35.0
200.0
390.0
577.0
750.0
897.0
1006.0
1072.0
1090.0
1058.0
979.0
857.0
702.0
524.0
334.0
147.0
10.0
0.0
0.0
0.0
0.0
0.0
0.0
0.0
38.0
204.0
393.0
581.0
753.0
899.0
1009.0
1075.0
1093.0
1061.0
981.0
860.0
705.0
527.0
338.0
151.0
12.0
0.0
0.0
0.0
0.0
0.0
0.0
0.0
41.0
208.0
397.0
584.0
756.0
902.0
1012.0
1077.0
1095.0
1063.0
984.0
863.0
708.0
531.0
342.0
155.0
14.0
0.0
0.0
0.0
0.0
0.0
0.0
0.0
44.0
212.0
400.0
587.0
759.0
904.0
1014.0
1080.0
1097.0
1066.0
987.0
866.0
712.0
534.0
346.0
159.0
16.0
0.0
0.0
0.0
0.0
0.0
0.0
0.0
47.0
216.0
404.0
590.0
761.0
907.0
1016.0
1082.0
1100.0
1068.0
989.0
869.0
715.0
537.0
349.0
163.0
17.0
0.0
0.0
0.0
0.0
0.0
0.0
0.0
49.0
219.0
407.0
593.0
764.0
909.0
1018.0
1084.0
1102.0
1070.0
992.0
871.0
718.0
541.0
353.0
167.0
19.0
0.0
0.0
0.0
0.0
0.0
0.0
0.0
52.0
222.0
410.0
595.0
766.0
911.0
1021.0
1086.0
1104.0
1072.0
994.0
874.0
720.0
544.0
357.0
171.0
22.0
0.0
0.0
0.0
0.0
0.0
0.0
0.0
55.0
225.0
413.0
598.0
769.0
914.0
1022.0
1088.0
1106.0
1074.0
996.0
876.0
723.0
547.0
360.0
175.0
24.0
0.0
0.0
0.0
0.0
0.0
0.0
0.0
58.0
228.0
415.0
600.0
771.0
916.0
1024.0
1090.0
1108.0
1076.0
998.0
879.0
726.0
550.0
363.0
178.0
26.0
0.0
0.0
0.0
0.0
0.0
0.0
0.0
60.0
231.0
418.0
603.0
773.0
918.0
1026.0
1092.0
1110.0
1078.0
1001.0
881.0
729.0
553.0
367.0
182.0
28.0
0.0
0.0
0.0
0.0
0.0
0.0
0.0
63.0
234.0
420.0
605.0
775.0
919.0
1028.0
1093.0
1111.0
1080.0
1003.0
884.0
731.0
556.0
370.0
185.0
30.0
0.0
0.0
0.0
0.0
0.0
0.0
0.0
66.0
237.0
423.0
607.0
777.0
921.0
1030.0
1095.0
1113.0
1082.0
1005.0
886.0
734.0
559.0
373.0
189.0
32.0
0.0
0.0
0.0
0.0
0.0
0.0
0.0
68.0
239.0
425.0
609.0
779.0
923.0
1031.0
1096.0
1115.0
1084.0
1007.0
888.0
736.0
562.0
376.0
192.0
35.0
0.0
0.0
0.0
0.0
0.0
0.0
0.0
70.0
241.0
427.0
611.0
780.0
924.0
1032.0
1098.0
1116.0
1086.0
1009.0
890.0
739.0
564.0
379.0
195.0
37.0
0.0
0.0
0.0
0.0
0.0
0.0
0.0
73.0
244.0
429.0
612.0
782.0
925.0
1034.0
1099.0
1117.0
1087.0
1010.0
892.0
741.0
567.0
382.0
198.0
39.0
0.0
0.0
0.0
0.0
0.0
0.0
0.0
75.0
246.0
430.0
614.0
783.0
927.0
1035.0
1101.0
1119.0
1089.0
1012.0
894.0
743.0
569.0
385.0
201.0
41.0
0.0
0.0
0.0
0.0
0.0
0.0
0.0
77.0
248.0
432.0
615.0
784.0
928.0
1036.0
1102.0
1120.0
1090.0
1014.0
896.0
745.0
572.0
387.0
204.0
43.0
0.0
0.0
0.0
0.0
0.0
0.0
0.0
79.0
249.0
434.0
617.0
786.0
929.0
1037.0
1103.0
1121.0
1091.0
1015.0
898.0
747.0
574.0
390.0
207.0
46.0
0.0
0.0
0.0
0.0
0.0
0.0
0.0
81.0
251.0
435.0
618.0
787.0
930.0
1038.0
1104.0
1122.0
1093.0
1017.0
900.0
749.0
576.0
392.0
209.0
48.0
0.0
0.0
0.0
0.0
0.0
0.0
0.0
80.0
252.0
436.0
619.0
788.0
931.0
1039.0
1105.0
1123.0
1094.0
1018.0
901.0
751.0
579.0
395.0
212.0
50.0
0.0
0.0
0.0
0.0
0.0
0.0
0.0
81.0
254.0
437.0
620.0
788.0
932.0
1040.0
1106.0
1124.0
1095.0
1020.0
903.0
753.0
581.0
397.0
214.0
52.0
0.0
0.0
0.0
0.0
0.0
0.0
0.0
83.0
255.0
438.0
621.0
789.0
932.0
1041.0
1106.0
1125.0
1096.0
1021.0
904.0
755.0
583.0
399.0
217.0
54.0
0.0
0.0
0.0
0.0
0.0
0.0
0.0
84.0
256.0
439.0
621.0
790.0
933.0
1041.0
1107.0
1126.0
1097.0
1022.0
906.0
757.0
584.0
401.0
219.0
56.0
0.0
0.0
0.0
0.0
0.0
0.0
0.0
85.0
257.0
440.0
622.0
790.0
933.0
1042.0
1108.0
1127.0
1098.0
1023.0
907.0
758.0
586.0
403.0
221.0
58.0
0.0
0.0
0.0
0.0
0.0
0.0
0.0
86.0
258.0
441.0
623.0
791.0
934.0
1042.0
1108.0
1128.0
1099.0
1024.0
908.0
760.0
588.0
405.0
223.0
59.0
0.0
0.0
0.0
0.0
0.0
0.0
0.0
87.0
258.0
441.0
623.0
791.0
934.0
1043.0
1109.0
1128.0
1100.0
1025.0
910.0
761.0
589.0
407.0
225.0
61.0
0.0
0.0
0.0
0.0
0.0
0.0
0.0
88.0
259.0
442.0
623.0
791.0
934.0
1043.0
1109.0
1129.0
1100.0
1026.0
911.0
762.0
591.0
408.0
227.0
63.0
0.0
0.0
0.0
0.0
0.0
0.0
0.0
88.0
259.0
442.0
623.0
791.0
935.0
1043.0
1109.0
1129.0
1101.0
1027.0
912.0
764.0
592.0
410.0
228.0
64.0
0.0
0.0
0.0
0.0
0.0
0.0
0.0
89.0
260.0
442.0
624.0
792.0
935.0
1043.0
1110.0
1130.0
1102.0
1028.0
913.0
765.0
594.0
411.0
230.0
65.0
0.0
0.0
0.0
0.0
0.0
0.0
0.0
89.0
260.0
442.0
623.0
791.0
935.0
1043.0
1110.0
1130.0
1102.0
1028.0
914.0
766.0
595.0
412.0
231.0
67.0
0.0
0.0
0.0
0.0
0.0
0.0
0.0
89.0
260.0
442.0
623.0
791.0
934.0
1043.0
1110.0
1130.0
1103.0
1029.0
914.0
767.0
596.0
414.0
232.0
68.0
0.0
0.0
0.0
0.0
0.0
0.0
0.0
89.0
260.0
442.0
623.0
791.0
934.0
1043.0
1110.0
1130.0
1103.0
1029.0
915.0
768.0
597.0
415.0
233.0
69.0
0.0
0.0
0.0
0.0
0.0
0.0
0.0
89.0
259.0
441.0
623.0
791.0
934.0
1043.0
1110.0
1130.0
1103.0
1030.0
916.0
768.0
598.0
416.0
234.0
70.0
0.0
0.0
0.0
0.0
0.0
0.0
0.0
89.0
259.0
441.0
622.0
790.0
934.0
1043.0
1110.0
1130.0
1103.0
1030.0
916.0
769.0
598.0
416.0
235.0
71.0
0.0
0.0
0.0
0.0
0.0
0.0
0.0
88.0
258.0
440.0
622.0
790.0
933.0
1042.0
1109.0
1130.0
1103.0
1031.0
917.0
770.0
599.0
417.0
236.0
71.0
0.0
0.0
0.0
0.0
0.0
0.0
0.0
88.0
258.0
440.0
621.0
789.0
933.0
1042.0
1109.0
1130.0
1103.0
1031.0
917.0
770.0
600.0
418.0
237.0
72.0
0.0
0.0
0.0
0.0
0.0
0.0
0.0
87.0
257.0
439.0
620.0
788.0
932.0
1041.0
1109.0
1130.0
1103.0
1031.0
917.0
770.0
600.0
418.0
237.0
72.0
0.0
0.0
0.0
0.0
0.0
0.0
0.0
86.0
256.0
438.0
619.0
787.0
931.0
1041.0
1108.0
1130.0
1103.0
1031.0
917.0
771.0
601.0
419.0
238.0
73.0
0.0
0.0
0.0
0.0
0.0
0.0
0.0
85.0
255.0
437.0
618.0
787.0
930.0
1040.0
1108.0
1129.0
1103.0
1031.0
918.0
771.0
601.0
419.0
238.0
73.0
0.0
0.0
0.0
0.0
0.0
0.0
0.0
84.0
254.0
436.0
617.0
786.0
929.0
1039.0
1107.0
1129.0
1103.0
1031.0
918.0
771.0
601.0
419.0
238.0
73.0
0.0
0.0
0.0
0.0
0.0
0.0
0.0
83.0
253.0
435.0
616.0
784.0
929.0
1038.0
1107.0
1129.0
1103.0
1031.0
918.0
771.0
601.0
419.0
238.0
73.0
0.0
0.0
0.0
0.0
0.0
0.0
0.0
82.0
252.0
433.0
615.0
783.0
927.0
1038.0
1106.0
1128.0
1102.0
1030.0
917.0
771.0
601.0
419.0
238.0
72.0
0.0
0.0
0.0
0.0
0.0
0.0
0.0
80.0
250.0
432.0
613.0
782.0
926.0
1037.0
1105.0
1127.0
1102.0
1030.0
917.0
771.0
601.0
419.0
237.0
72.0
0.0
0.0
0.0
0.0
0.0
0.0
0.0
78.0
248.0
430.0
612.0
781.0
925.0
1036.0
1104.0
1127.0
1101.0
1030.0
917.0
770.0
600.0
419.0
237.0
72.0
0.0
0.0
0.0
0.0
0.0
0.0
0.0
80.0
247.0
429.0
610.0
779.0
924.0
1034.0
1103.0
1126.0
1101.0
1029.0
916.0
770.0
600.0
418.0
236.0
71.0
0.0
0.0
0.0
0.0
0.0
0.0
0.0
78.0
245.0
427.0
609.0
778.0
923.0
1033.0
1102.0
1125.0
1100.0
1028.0
916.0
770.0
600.0
418.0
236.0
70.0
0.0
0.0
0.0
0.0
0.0
0.0
0.0
76.0
243.0
425.0
607.0
776.0
921.0
1032.0
1101.0
1124.0
1099.0
1028.0
915.0
769.0
599.0
417.0
235.0
69.0
0.0
0.0
0.0
0.0
0.0
0.0
0.0
74.0
241.0
423.0
605.0
774.0
920.0
1031.0
1100.0
1123.0
1098.0
1027.0
915.0
768.0
598.0
416.0
234.0
68.0
0.0
0.0
0.0
0.0
0.0
0.0
0.0
72.0
239.0
421.0
603.0
773.0
918.0
1029.0
1099.0
1122.0
1097.0
1026.0
914.0
767.0
597.0
415.0
233.0
67.0
0.0
0.0
0.0
0.0
0.0
0.0
0.0
70.0
237.0
419.0
601.0
771.0
916.0
1028.0
1098.0
1121.0
1096.0
1025.0
913.0
767.0
596.0
414.0
232.0
66.0
0.0
0.0
0.0
0.0
0.0
0.0
0.0
67.0
234.0
417.0
599.0
769.0
915.0
1026.0
1096.0
1120.0
1095.0
1024.0
912.0
766.0
595.0
413.0
230.0
64.0
0.0
0.0
0.0
0.0
0.0
0.0
0.0
65.0
232.0
414.0
597.0
767.0
913.0
1025.0
1095.0
1118.0
1094.0
1023.0
911.0
764.0
594.0
411.0
229.0
63.0
0.0
0.0
0.0
0.0
0.0
0.0
0.0
63.0
229.0
412.0
595.0
765.0
911.0
1023.0
1093.0
1117.0
1093.0
1022.0
910.0
763.0
593.0
410.0
227.0
61.0
0.0
0.0
0.0
0.0
0.0
0.0
0.0
60.0
226.0
409.0
592.0
763.0
909.0
1021.0
1092.0
1116.0
1091.0
1021.0
908.0
762.0
591.0
408.0
225.0
60.0
0.0
0.0
0.0
0.0
0.0
0.0
0.0
58.0
224.0
407.0
590.0
760.0
907.0
1019.0
1090.0
1114.0
1090.0
1019.0
907.0
760.0
590.0
407.0
224.0
58.0
0.0
0.0
0.0
0.0
0.0
0.0
0.0
55.0
221.0
404.0
587.0
758.0
905.0
1018.0
1088.0
1113.0
1089.0
1018.0
905.0
759.0
588.0
405.0
221.0
56.0
0.0
0.0
0.0
0.0
0.0
0.0
0.0
53.0
218.0
401.0
585.0
756.0
903.0
1016.0
1087.0
1111.0
1087.0
1016.0
904.0
757.0
586.0
403.0
219.0
54.0
0.0
0.0
0.0
0.0
0.0
0.0
0.0
50.0
215.0
398.0
582.0
753.0
901.0
1014.0
1085.0
1109.0
1085.0
1015.0
902.0
755.0
584.0
401.0
217.0
52.0
0.0
0.0
0.0
0.0
0.0
0.0
0.0
48.0
212.0
395.0
579.0
751.0
898.0
1011.0
1083.0
1107.0
1084.0
1013.0
900.0
754.0
582.0
398.0
215.0
50.0
0.0
0.0
0.0
0.0
0.0
0.0
0.0
45.0
208.0
392.0
576.0
748.0
896.0
1009.0
1081.0
1106.0
1082.0
1011.0
899.0
752.0
580.0
396.0
212.0
48.0
0.0
0.0
0.0
0.0
0.0
0.0
0.0
42.0
205.0
389.0
574.0
746.0
893.0
1007.0
1079.0
1104.0
1080.0
1009.0
897.0
749.0
578.0
394.0
209.0
45.0
0.0
0.0
0.0
0.0
0.0
0.0
0.0
40.0
201.0
386.0
571.0
743.0
891.0
1005.0
1077.0
1102.0
1078.0
1007.0
894.0
747.0
575.0
391.0
206.0
43.0
0.0
0.0
0.0
0.0
0.0
0.0
0.0
37.0
198.0
383.0
568.0
740.0
888.0
1002.0
1074.0
1099.0
1076.0
1005.0
892.0
745.0
573.0
388.0
203.0
41.0
0.0
0.0
0.0
0.0
0.0
0.0
0.0
35.0
194.0
379.0
564.0
737.0
886.0
1000.0
1072.0
1097.0
1074.0
1003.0
890.0
742.0
570.0
385.0
200.0
38.0
0.0
0.0
0.0
0.0
0.0
0.0
0.0
32.0
191.0
376.0
561.0
734.0
883.0
998.0
1070.0
1095.0
1072.0
1001.0
888.0
740.0
568.0
382.0
197.0
36.0
0.0
0.0
0.0
0.0
0.0
0.0
0.0
30.0
187.0
372.0
558.0
731.0
880.0
995.0
1067.0
1093.0
1069.0
998.0
885.0
737.0
565.0
379.0
193.0
34.0
0.0
0.0
0.0
0.0
0.0
0.0
0.0
27.0
183.0
369.0
555.0
728.0
877.0
992.0
1065.0
1090.0
1067.0
996.0
883.0
734.0
562.0
376.0
190.0
31.0
0.0
0.0
0.0
0.0
0.0
0.0
0.0
25.0
179.0
365.0
551.0
725.0
875.0
990.0
1062.0
1088.0
1064.0
993.0
880.0
732.0
558.0
372.0
186.0
29.0
0.0
0.0
0.0
0.0
0.0
0.0
0.0
23.0
175.0
361.0
548.0
722.0
872.0
987.0
1060.0
1085.0
1062.0
991.0
877.0
729.0
555.0
369.0
182.0
26.0
0.0
0.0
0.0
0.0
0.0
0.0
0.0
21.0
171.0
357.0
544.0
719.0
869.0
984.0
1057.0
1083.0
1059.0
988.0
874.0
725.0
552.0
365.0
178.0
24.0
0.0
0.0
0.0
0.0
0.0
0.0
0.0
18.0
167.0
354.0
541.0
715.0
866.0
981.0
1054.0
1080.0
1056.0
985.0
871.0
722.0
548.0
361.0
174.0
22.0
0.0
0.0
0.0
0.0
0.0
0.0
0.0
16.0
162.0
350.0
537.0
712.0
862.0
978.0
1051.0
1077.0
1054.0
982.0
868.0
719.0
545.0
357.0
170.0
20.0
0.0
0.0
0.0
0.0
0.0
0.0
0.0
14.0
158.0
346.0
533.0
708.0
859.0
975.0
1049.0
1074.0
1051.0
979.0
865.0
715.0
541.0
353.0
166.0
17.0
0.0
0.0
0.0
0.0
0.0
0.0
0.0
13.0
154.0
341.0
530.0
705.0
856.0
972.0
1046.0
1071.0
1048.0
976.0
861.0
712.0
537.0
349.0
161.0
15.0
0.0
0.0
0.0
0.0
0.0
0.0
0.0
11.0
149.0
337.0
526.0
701.0
853.0
969.0
1043.0
1068.0
1045.0
973.0
858.0
708.0
533.0
345.0
157.0
13.0
0.0
0.0
0.0
0.0
0.0
0.0
0.0
9.0
145.0
333.0
522.0
698.0
849.0
966.0
1039.0
1065.0
1041.0
969.0
854.0
704.0
529.0
340.0
152.0
11.0
0.0
0.0
0.0
0.0
0.0
0.0
0.0
8.0
140.0
329.0
518.0
694.0
846.0
963.0
1036.0
1062.0
1038.0
966.0
851.0
700.0
525.0
336.0
147.0
10.0
0.0
0.0
0.0
0.0
0.0
0.0
0.0
6.0
135.0
325.0
514.0
690.0
842.0
959.0
1033.0
1059.0
1035.0
962.0
847.0
696.0
520.0
331.0
142.0
8.0
0.0
0.0
0.0
0.0
0.0
0.0
0.0
5.0
131.0
320.0
510.0
687.0
839.0
956.0
1030.0
1055.0
1031.0
959.0
843.0
692.0
516.0
326.0
137.0
6.0
0.0
0.0
0.0
0.0
0.0
0.0
0.0
4.0
126.0
316.0
506.0
683.0
835.0
952.0
1026.0
1052.0
1028.0
955.0
839.0
688.0
511.0
321.0
131.0
5.0
0.0
0.0
0.0
0.0
0.0
0.0
0.0
3.0
121.0
311.0
501.0
679.0
831.0
949.0
1023.0
1048.0
1024.0
951.0
835.0
683.0
506.0
316.0
126.0
4.0
0.0
0.0
0.0
0.0
0.0
0.0
0.0
2.0
116.0
307.0
497.0
675.0
828.0
945.0
1019.0
1045.0
1020.0
947.0
831.0
679.0
502.0
311.0
121.0
3.0
0.0
0.0
0.0
0.0
0.0
0.0
0.0
1.0
111.0
302.0
493.0
671.0
824.0
942.0
1016.0
1041.0
1017.0
943.0
827.0
674.0
497.0
306.0
115.0
2.0
0.0
0.0
0.0
0.0
0.0
0.0
0.0
1.0
106.0
297.0
489.0
667.0
820.0
938.0
1012.0
1037.0
1013.0
939.0
822.0
669.0
491.0
300.0
109.0
1.0
0.0
0.0
0.0
0.0
0.0
0.0
0.0
0.0
101.0
293.0
484.0
663.0
816.0
934.0
1008.0
1034.0
1009.0
935.0
818.0
665.0
486.0
295.0
103.0
0.0
0.0
0.0
0.0
0.0
0.0
0.0
0.0
0.0
96.0
288.0
480.0
659.0
812.0
930.0
1004.0
1030.0
1005.0
931.0
813.0
660.0
481.0
289.0
97.0
0.0
0.0
0.0
0.0
0.0
0.0
0.0
0.0
0.0
93.0
283.0
475.0
654.0
808.0
926.0
1000.0
1026.0
1000.0
926.0
808.0
654.0
475.0
283.0
93.0
0.0
0.0
0.0
0.0
0.0
0.0
0.0
0.0
0.0
87.0
278.0
471.0
650.0
804.0
922.0
996.0
1022.0
996.0
922.0
803.0
649.0
470.0
277.0
87.0
0.0
0.0
0.0
0.0
0.0
0.0
0.0
0.0
0.0
82.0
273.0
466.0
646.0
800.0
918.0
992.0
1017.0
992.0
917.0
798.0
644.0
464.0
271.0
81.0
0.0
0.0
0.0
0.0
0.0
0.0
0.0
0.0
0.0
78.0
268.0
462.0
641.0
796.0
914.0
988.0
1013.0
987.0
912.0
793.0
639.0
458.0
265.0
75.0
0.0
0.0
0.0
0.0
0.0
0.0
0.0
0.0
0.0
73.0
263.0
457.0
637.0
792.0
910.0
984.0
1009.0
983.0
908.0
788.0
633.0
452.0
259.0
69.0
0.0
0.0
0.0
0.0
0.0
0.0
0.0
0.0
0.0
68.0
258.0
452.0
633.0
787.0
906.0
980.0
1004.0
978.0
903.0
783.0
627.0
446.0
252.0
63.0
0.0
0.0
0.0
0.0
0.0
0.0
0.0
0.0
0.0
64.0
253.0
447.0
628.0
783.0
901.0
975.0
1000.0
973.0
898.0
778.0
622.0
440.0
246.0
58.0
0.0
0.0
0.0
0.0
0.0
0.0
0.0
0.0
0.0
59.0
248.0
443.0
623.0
778.0
897.0
971.0
995.0
969.0
893.0
772.0
616.0
434.0
239.0
53.0
0.0
0.0
0.0
0.0
0.0
0.0
0.0
0.0
0.0
55.0
243.0
438.0
619.0
774.0
892.0
966.0
991.0
964.0
887.0
767.0
610.0
428.0
233.0
48.0
0.0
0.0
0.0
0.0
0.0
0.0
0.0
0.0
0.0
51.0
238.0
433.0
614.0
769.0
888.0
962.0
986.0
959.0
882.0
761.0
604.0
421.0
226.0
43.0
0.0
0.0
0.0
0.0
0.0
0.0
0.0
0.0
0.0
47.0
233.0
428.0
609.0
765.0
883.0
957.0
981.0
954.0
877.0
755.0
598.0
415.0
219.0
38.0
0.0
0.0
0.0
0.0
0.0
0.0
0.0
0.0
0.0
43.0
227.0
423.0
605.0
760.0
879.0
953.0
976.0
949.0
871.0
749.0
591.0
408.0
212.0
34.0
0.0
0.0
0.0
0.0
0.0
0.0
0.0
0.0
0.0
39.0
222.0
418.0
600.0
755.0
874.0
948.0
971.0
943.0
865.0
743.0
585.0
401.0
205.0
29.0
0.0
0.0
0.0
0.0
0.0
0.0
0.0
0.0
0.0
36.0
217.0
413.0
595.0
751.0
869.0
943.0
966.0
938.0
860.0
737.0
578.0
394.0
198.0
25.0
0.0
0.0
0.0
0.0
0.0
0.0
0.0
0.0
0.0
33.0
211.0
408.0
590.0
746.0
865.0
938.0
961.0
932.0
854.0
731.0
572.0
387.0
190.0
22.0
0.0
0.0
0.0
0.0
0.0
0.0
0.0
0.0
0.0
29.0
206.0
403.0
585.0
741.0
860.0
933.0
956.0
927.0
848.0
725.0
565.0
380.0
183.0
18.0
0.0
0.0
0.0
0.0
0.0
0.0
0.0
0.0
0.0
26.0
200.0
397.0
580.0
736.0
855.0
928.0
951.0
921.0
842.0
718.0
558.0
373.0
175.0
15.0
0.0
0.0
0.0
0.0
0.0
0.0
0.0
0.0
0.0
23.0
195.0
392.0
575.0
731.0
850.0
923.0
945.0
916.0
836.0
712.0
552.0
366.0
168.0
12.0
0.0
0.0
0.0
0.0
0.0
0.0
0.0
0.0
0.0
21.0
189.0
387.0
570.0
726.0
845.0
917.0
940.0
910.0
830.0
705.0
545.0
359.0
160.0
10.0
0.0
0.0
0.0
0.0
0.0
0.0
0.0
0.0
0.0
18.0
184.0
382.0
565.0
721.0
839.0
912.0
934.0
904.0
824.0
699.0
538.0
351.0
152.0
7.0
0.0
0.0
0.0
0.0
0.0
0.0
0.0
0.0
0.0
16.0
178.0
376.0
560.0
716.0
834.0
907.0
929.0
898.0
817.0
692.0
530.0
344.0
145.0
5.0
0.0
0.0
0.0
0.0
0.0
0.0
0.0
0.0
0.0
13.0
173.0
371.0
554.0
711.0
829.0
901.0
923.0
892.0
811.0
685.0
523.0
336.0
137.0
3.0
0.0
0.0
0.0
0.0
0.0
0.0
0.0
0.0
0.0
11.0
167.0
365.0
549.0
705.0
824.0
896.0
917.0
886.0
805.0
678.0
516.0
329.0
129.0
2.0
0.0
0.0
0.0
0.0
0.0
0.0
0.0
0.0
0.0
9.0
161.0
360.0
544.0
700.0
818.0
890.0
911.0
880.0
798.0
671.0
509.0
321.0
121.0
1.0
0.0
0.0
0.0
0.0
0.0
0.0
0.0
0.0
0.0
8.0
156.0
354.0
538.0
695.0
813.0
885.0
905.0
873.0
791.0
664.0
501.0
313.0
113.0
0.0
0.0
0.0
0.0
0.0
0.0
0.0
0.0
0.0
0.0
6.0
150.0
349.0
533.0
689.0
807.0
879.0
899.0
867.0
785.0
657.0
494.0
305.0
104.0
0.0
0.0
0.0
0.0
0.0
0.0
0.0
0.0
0.0
0.0
5.0
144.0
343.0
527.0
684.0
802.0
873.0
893.0
861.0
778.0
650.0
486.0
297.0
96.0
0.0
0.0
0.0
0.0
0.0
0.0
0.0
0.0
0.0
0.0
3.0
138.0
338.0
522.0
678.0
796.0
867.0
887.0
854.0
771.0
643.0
478.0
289.0
89.0
0.0
0.0
0.0
0.0
0.0
0.0
0.0
0.0
0.0
0.0
2.0
132.0
332.0
516.0
673.0
790.0
861.0
881.0
848.0
764.0
635.0
471.0
281.0
81.0
0.0
0.0
0.0
0.0
0.0
0.0
0.0
0.0
0.0
0.0
2.0
127.0
326.0
511.0
667.0
785.0
855.0
875.0
841.0
757.0
628.0
463.0
273.0
74.0
0.0
0.0
0.0
0.0
0.0
0.0
0.0
0.0
0.0
0.0
1.0
121.0
321.0
505.0
661.0
779.0
849.0
868.0
834.0
750.0
620.0
455.0
265.0
67.0
0.0
0.0
0.0
0.0
0.0
0.0
0.0
0.0
0.0
0.0
0.0
115.0
315.0
499.0
656.0
773.0
843.0
862.0
827.0
743.0
613.0
447.0
256.0
60.0
0.0
0.0
0.0
0.0
0.0
0.0
0.0
0.0
0.0
0.0
0.0
109.0
309.0
494.0
650.0
767.0
837.0
855.0
821.0
735.0
605.0
439.0
248.0
54.0
0.0
0.0
0.0
0.0
0.0
0.0
0.0
0.0
0.0
0.0
0.0
103.0
303.0
488.0
644.0
761.0
831.0
849.0
814.0
728.0
597.0
431.0
240.0
48.0
0.0
0.0
0.0
0.0
0.0
0.0
0.0
0.0
0.0
0.0
0.0
97.0
297.0
482.0
638.0
755.0
824.0
842.0
807.0
721.0
590.0
423.0
231.0
42.0
0.0
0.0
0.0
0.0
0.0
0.0
0.0
0.0
0.0
0.0
0.0
91.0
291.0
476.0
632.0
749.0
818.0
835.0
800.0
713.0
582.0
415.0
223.0
37.0
0.0
0.0
0.0
0.0
0.0
0.0
0.0
0.0
0.0
0.0
0.0
85.0
285.0
470.0
626.0
742.0
812.0
829.0
793.0
706.0
574.0
406.0
214.0
32.0
0.0
0.0
0.0
0.0
0.0
0.0
0.0
0.0
0.0
0.0
0.0
80.0
280.0
464.0
620.0
736.0
805.0
822.0
785.0
698.0
566.0
398.0
206.0
27.0
0.0
0.0
0.0
0.0
0.0
0.0
0.0
0.0
0.0
0.0
0.0
74.0
273.0
458.0
614.0
730.0
799.0
815.0
778.0
691.0
558.0
390.0
197.0
23.0
0.0
0.0
0.0
0.0
0.0
0.0
0.0
0.0
0.0
0.0
0.0
69.0
267.0
452.0
608.0
724.0
792.0
808.0
771.0
683.0
550.0
382.0
189.0
19.0
0.0
0.0
0.0
0.0
0.0
0.0
0.0
0.0
0.0
0.0
0.0
64.0
261.0
446.0
601.0
717.0
785.0
801.0
764.0
675.0
542.0
373.0
180.0
15.0
0.0
0.0
0.0
0.0
0.0
0.0
0.0
0.0
0.0
0.0
0.0
59.0
255.0
440.0
595.0
711.0
779.0
794.0
756.0
667.0
534.0
365.0
172.0
12.0
0.0
0.0
0.0
0.0
0.0
0.0
0.0
0.0
0.0
0.0
0.0
55.0
249.0
434.0
589.0
704.0
772.0
787.0
749.0
660.0
526.0
356.0
163.0
9.0
0.0
0.0
0.0
0.0
0.0
0.0
0.0
0.0
0.0
0.0
0.0
50.0
243.0
427.0
583.0
698.0
765.0
780.0
741.0
652.0
518.0
348.0
154.0
7.0
0.0
0.0
0.0
0.0
0.0
0.0
0.0
0.0
0.0
0.0
0.0
46.0
237.0
421.0
576.0
691.0
758.0
773.0
734.0
644.0
510.0
340.0
146.0
5.0
0.0
0.0
0.0
0.0
0.0
0.0
0.0
0.0
0.0
0.0
0.0
42.0
230.0
415.0
570.0
684.0
751.0
765.0
726.0
636.0
501.0
331.0
137.0
3.0
0.0
0.0
0.0
0.0
0.0
0.0
0.0
0.0
0.0
0.0
0.0
38.0
224.0
409.0
563.0
678.0
744.0
758.0
718.0
628.0
493.0
323.0
128.0
2.0
0.0
0.0
0.0
0.0
0.0
0.0
0.0
0.0
0.0
0.0
0.0
34.0
218.0
402.0
557.0
671.0
737.0
751.0
711.0
620.0
485.0
314.0
120.0
1.0
0.0
0.0
0.0
0.0
0.0
0.0
0.0
0.0
0.0
0.0
0.0
31.0
211.0
396.0
550.0
664.0
730.0
743.0
703.0
612.0
477.0
306.0
111.0
0.0
0.0
0.0
0.0
0.0
0.0
0.0
0.0
0.0
0.0
0.0
0.0
27.0
205.0
389.0
544.0
657.0
723.0
736.0
695.0
604.0
468.0
297.0
102.0
0.0
0.0
0.0
0.0
0.0
0.0
0.0
0.0
0.0
0.0
0.0
0.0
24.0
199.0
383.0
537.0
650.0
716.0
729.0
688.0
596.0
460.0
289.0
93.0
0.0
0.0
0.0
0.0
0.0
0.0
0.0
0.0
0.0
0.0
0.0
0.0
21.0
192.0
376.0
530.0
644.0
709.0
721.0
680.0
588.0
452.0
280.0
85.0
0.0
0.0
0.0
0.0
0.0
0.0
0.0
0.0
0.0
0.0
0.0
0.0
18.0
186.0
370.0
523.0
637.0
701.0
714.0
672.0
580.0
443.0
272.0
77.0
0.0
0.0
0.0
0.0
0.0
0.0
0.0
0.0
0.0
0.0
0.0
0.0
16.0
179.0
363.0
517.0
630.0
694.0
706.0
664.0
572.0
435.0
263.0
70.0
0.0
0.0
0.0
0.0
0.0
0.0
0.0
0.0
0.0
0.0
0.0
0.0
13.0
173.0
356.0
510.0
623.0
687.0
698.0
656.0
564.0
427.0
255.0
63.0
0.0
0.0
0.0
0.0
0.0
0.0
0.0
0.0
0.0
0.0
0.0
0.0
11.0
166.0
350.0
503.0
616.0
680.0
691.0
649.0
556.0
418.0
246.0
56.0
0.0
0.0
0.0
0.0
0.0
0.0
0.0
0.0
0.0
0.0
0.0
0.0
9.0
160.0
343.0
496.0
608.0
672.0
683.0
641.0
548.0
410.0
238.0
50.0
0.0
0.0
0.0
0.0
0.0
0.0
0.0
0.0
0.0
0.0
0.0
0.0
7.0
153.0
336.0
489.0
601.0
665.0
676.0
633.0
540.0
402.0
229.0
44.0
0.0
0.0
0.0
0.0
0.0
0.0
0.0
0.0
0.0
0.0
0.0
0.0
5.0
147.0
330.0
482.0
594.0
658.0
668.0
625.0
531.0
394.0
221.0
39.0
0.0
0.0
0.0
0.0
0.0
0.0
0.0
0.0
0.0
0.0
0.0
0.0
4.0
140.0
323.0
475.0
587.0
650.0
660.0
617.0
523.0
385.0
213.0
34.0
0.0
0.0
0.0
0.0
0.0
0.0
0.0
0.0
0.0
0.0
0.0
0.0
3.0
133.0
316.0
468.0
580.0
643.0
653.0
609.0
515.0
377.0
204.0
29.0
0.0
0.0
0.0
0.0
0.0
0.0
0.0
0.0
0.0
0.0
0.0
0.0
2.0
127.0
309.0
462.0
573.0
635.0
645.0
601.0
507.0
369.0
196.0
25.0
0.0
0.0
0.0
0.0
0.0
0.0
0.0
0.0
0.0
0.0
0.0
0.0
1.0
120.0
303.0
455.0
565.0
628.0
637.0
594.0
499.0
361.0
188.0
21.0
0.0
0.0
0.0
0.0
0.0
0.0
0.0
0.0
0.0
0.0
0.0
0.0
1.0
113.0
296.0
447.0
558.0
620.0
630.0
586.0
491.0
353.0
180.0
17.0
0.0
0.0
0.0
0.0
0.0
0.0
0.0
0.0
0.0
0.0
0.0
0.0
0.0
107.0
289.0
440.0
551.0
613.0
622.0
578.0
483.0
345.0
172.0
14.0
0.0
0.0
0.0
0.0
0.0
0.0
0.0
0.0
0.0
0.0
0.0
0.0
0.0
100.0
282.0
433.0
544.0
605.0
614.0
570.0
475.0
337.0
164.0
11.0
0.0
0.0
0.0
0.0
0.0
0.0
0.0
0.0
0.0
0.0
0.0
0.0
0.0
91.0
275.0
426.0
536.0
598.0
607.0
562.0
467.0
329.0
156.0
9.0
0.0
0.0
0.0
0.0
0.0
0.0
0.0
0.0
0.0
0.0
0.0
0.0
0.0
85.0
268.0
419.0
529.0
591.0
599.0
555.0
460.0
321.0
148.0
7.0
0.0
0.0
0.0
0.0
0.0
0.0
0.0
0.0
0.0
0.0
0.0
0.0
0.0
78.0
261.0
412.0
522.0
583.0
592.0
547.0
452.0
313.0
140.0
5.0
0.0
0.0
0.0
0.0
0.0
0.0
0.0
0.0
0.0
0.0
0.0
0.0
0.0
72.0
255.0
405.0
515.0
576.0
584.0
539.0
444.0
305.0
132.0
3.0
0.0
0.0
0.0
0.0
0.0
0.0
0.0
0.0
0.0
0.0
0.0
0.0
0.0
67.0
248.0
398.0
507.0
568.0
576.0
531.0
436.0
297.0
124.0
2.0
0.0
0.0
0.0
0.0
0.0
0.0
0.0
0.0
0.0
0.0
0.0
0.0
0.0
61.0
241.0
391.0
500.0
561.0
569.0
524.0
429.0
290.0
117.0
1.0
0.0
0.0
0.0
0.0
0.0
0.0
0.0
0.0
0.0
0.0
0.0
0.0
0.0
56.0
234.0
384.0
493.0
553.0
561.0
516.0
421.0
282.0
109.0
0.0
0.0
0.0
0.0
0.0
0.0
0.0
0.0
0.0
0.0
0.0
0.0
0.0
0.0
51.0
227.0
377.0
486.0
546.0
554.0
509.0
413.0
274.0
102.0
0.0
0.0
0.0
0.0
0.0
0.0
0.0
0.0
0.0
0.0
0.0
0.0
0.0
0.0
46.0
220.0
370.0
479.0
539.0
546.0
501.0
406.0
267.0
91.0
0.0
0.0
0.0
0.0
0.0
0.0
0.0
0.0
0.0
0.0
0.0
0.0
0.0
0.0
42.0
213.0
363.0
471.0
531.0
539.0
494.0
398.0
260.0
84.0
0.0
0.0
0.0
0.0
0.0
0.0
0.0
0.0
0.0
0.0
0.0
0.0
0.0
0.0
37.0
206.0
356.0
464.0
524.0
532.0
486.0
391.0
252.0
77.0
0.0
0.0
0.0
0.0
0.0
0.0
0.0
0.0
0.0
0.0
0.0
0.0
0.0
0.0
33.0
200.0
349.0
457.0
517.0
524.0
479.0
384.0
245.0
71.0
0.0
0.0
0.0
0.0
0.0
0.0
0.0
0.0
0.0
0.0
0.0
0.0
0.0
0.0
29.0
193.0
342.0
450.0
510.0
517.0
472.0
376.0
238.0
65.0
0.0
0.0
0.0
0.0
0.0
0.0
0.0
0.0
0.0
0.0
0.0
0.0
0.0
0.0
26.0
186.0
335.0
443.0
503.0
510.0
465.0
369.0
231.0
59.0
0.0
0.0
0.0
0.0
0.0
0.0
0.0
0.0
0.0
0.0
0.0
0.0
0.0
0.0
22.0
179.0
328.0
436.0
495.0
503.0
457.0
362.0
224.0
54.0
0.0
0.0
0.0
0.0
0.0
0.0
0.0
0.0
0.0
0.0
0.0
0.0
0.0
0.0
19.0
172.0
321.0
429.0
488.0
496.0
450.0
355.0
217.0
49.0
0.0
0.0
0.0
0.0
0.0
0.0
0.0
0.0
0.0
0.0
0.0
0.0
0.0
0.0
16.0
166.0
314.0
422.0
481.0
489.0
443.0
348.0
210.0
44.0
0.0
0.0
0.0
0.0
0.0
0.0
0.0
0.0
0.0
0.0
0.0
0.0
0.0
0.0
14.0
159.0
307.0
415.0
474.0
482.0
436.0
342.0
204.0
40.0
0.0
0.0
0.0
0.0
0.0
0.0
0.0
0.0
0.0
0.0
0.0
0.0
0.0
0.0
11.0
152.0
301.0
408.0
468.0
475.0
430.0
335.0
197.0
36.0
0.0
0.0
0.0
0.0
0.0
0.0
0.0
0.0
0.0
0.0
0.0
0.0
0.0
0.0
9.0
146.0
294.0
401.0
461.0
468.0
423.0
328.0
191.0
32.0
0.0
0.0
0.0
0.0
0.0
0.0
0.0
0.0
0.0
0.0
0.0
0.0
0.0
0.0
7.0
139.0
287.0
395.0
454.0
461.0
416.0
322.0
184.0
29.0
0.0
0.0
0.0
0.0
0.0
0.0
0.0
0.0
0.0
0.0
0.0
0.0
0.0
0.0
6.0
133.0
281.0
388.0
447.0
455.0
410.0
315.0
178.0
25.0
0.0
0.0
0.0
0.0
0.0
0.0
0.0
0.0
0.0
0.0
0.0
0.0
0.0
0.0
4.0
126.0
274.0
381.0
441.0
448.0
403.0
309.0
172.0
22.0
0.0
0.0
0.0
0.0
0.0
0.0
0.0
0.0
0.0
0.0
0.0
0.0
0.0
0.0
3.0
120.0
267.0
375.0
434.0
442.0
397.0
303.0
166.0
19.0
0.0
0.0
0.0
0.0
0.0
0.0
0.0
0.0
0.0
0.0
0.0
0.0
0.0
0.0
2.0
113.0
261.0
368.0
428.0
435.0
391.0
297.0
160.0
17.0
0.0
0.0
0.0
0.0
0.0
0.0
0.0
0.0
0.0
0.0
0.0
0.0
0.0
0.0
1.0
107.0
255.0
362.0
421.0
429.0
385.0
291.0
155.0
15.0
0.0
0.0
0.0
0.0
0.0
0.0
0.0
0.0
0.0
0.0
0.0
0.0
0.0
0.0
1.0
101.0
248.0
355.0
415.0
423.0
379.0
285.0
149.0
13.0
0.0
0.0
0.0
0.0
0.0
0.0
0.0
0.0
0.0
0.0
0.0
0.0
0.0
0.0
0.0
95.0
242.0
349.0
409.0
417.0
373.0
280.0
144.0
11.0
0.0
0.0
0.0
0.0
0.0
0.0
0.0
0.0
0.0
0.0
0.0
0.0
0.0
0.0
0.0
89.0
236.0
343.0
403.0
411.0
367.0
274.0
138.0
9.0
0.0
0.0
0.0
0.0
0.0
0.0
0.0
0.0
0.0
0.0
0.0
0.0
0.0
0.0
0.0
79.0
230.0
337.0
397.0
405.0
361.0
269.0
133.0
8.0
0.0
0.0
0.0
0.0
0.0
0.0
0.0
0.0
0.0
0.0
0.0
0.0
0.0
0.0
0.0
73.0
224.0
331.0
391.0
399.0
356.0
263.0
128.0
6.0
0.0
0.0
0.0
0.0
0.0
0.0
0.0
0.0
0.0
0.0
0.0
0.0
0.0
0.0
0.0
68.0
218.0
325.0
385.0
394.0
350.0
258.0
123.0
5.0
0.0
0.0
0.0
0.0
0.0
0.0
0.0
0.0
0.0
0.0
0.0
0.0
0.0
0.0
0.0
62.0
212.0
319.0
379.0
388.0
345.0
253.0
119.0
4.0
0.0
0.0
0.0
0.0
0.0
0.0
0.0
0.0
0.0
0.0
0.0
0.0
0.0
0.0
0.0
58.0
206.0
314.0
374.0
383.0
340.0
248.0
114.0
3.0
0.0
0.0
0.0
0.0
0.0
0.0
0.0
0.0
0.0
0.0
0.0
0.0
0.0
0.0
0.0
53.0
201.0
308.0
368.0
378.0
335.0
244.0
110.0
2.0
0.0
0.0
0.0
0.0
0.0
0.0
0.0
0.0
0.0
0.0
0.0
0.0
0.0
0.0
0.0
49.0
195.0
303.0
363.0
373.0
330.0
239.0
105.0
2.0
0.0
0.0
0.0
0.0
0.0
0.0
0.0
0.0
0.0
0.0
0.0
0.0
0.0
0.0
0.0
44.0
190.0
297.0
358.0
368.0
326.0
235.0
101.0
1.0
0.0
0.0
0.0
0.0
0.0
0.0
0.0
0.0
0.0
0.0
0.0
0.0
0.0
0.0
0.0
41.0
184.0
292.0
353.0
363.0
321.0
230.0
97.0
1.0
0.0
0.0
0.0
0.0
0.0
0.0
0.0
0.0
0.0
0.0
0.0
0.0
0.0
0.0
0.0
37.0
179.0
287.0
348.0
358.0
317.0
226.0
93.0
0.0
0.0
0.0
0.0
0.0
0.0
0.0
0.0
0.0
0.0
0.0
0.0
0.0
0.0
0.0
0.0
34.0
174.0
282.0
343.0
353.0
312.0
222.0
90.0
0.0
0.0
0.0
0.0
0.0
0.0
0.0
0.0
0.0
0.0
0.0
0.0
0.0
0.0
0.0
0.0
30.0
169.0
277.0
338.0
349.0
308.0
219.0
86.0
0.0
0.0
0.0
0.0
0.0
0.0
0.0
0.0
0.0
0.0
0.0
0.0
0.0
0.0
0.0
0.0
28.0
164.0
272.0
334.0
345.0
304.0
215.0
83.0
0.0
0.0
0.0
0.0
0.0
0.0
0.0
0.0
0.0
0.0
0.0
0.0
0.0
0.0
0.0
0.0
25.0
159.0
268.0
329.0
341.0
300.0
211.0
80.0
0.0
0.0
0.0
0.0
0.0
0.0
0.0
0.0
0.0
0.0
0.0
0.0
0.0
0.0
0.0
0.0
22.0
155.0
263.0
325.0
337.0
297.0
208.0
73.0
0.0
0.0
0.0
0.0
0.0
0.0
0.0
0.0
0.0
0.0
0.0
0.0
0.0
0.0
0.0
0.0
20.0
150.0
259.0
321.0
333.0
293.0
205.0
70.0
0.0
0.0
0.0
0.0
0.0
0.0
0.0
0.0
0.0
0.0
0.0
0.0
0.0
0.0
0.0
0.0
18.0
146.0
255.0
317.0
329.0
290.0
202.0
67.0
0.0
0.0
0.0
0.0
0.0
0.0
0.0
0.0
0.0
0.0
0.0
0.0
0.0
0.0
0.0
0.0
16.0
142.0
250.0
313.0
326.0
287.0
199.0
65.0
0.0
0.0
0.0
0.0
0.0
0.0
0.0
0.0
0.0
0.0
0.0
0.0
0.0
0.0
0.0
0.0
14.0
137.0
246.0
310.0
322.0
284.0
196.0
63.0
0.0
0.0
0.0
0.0
0.0
0.0
0.0
0.0
0.0
0.0
0.0
0.0
0.0
0.0
0.0
0.0
12.0
133.0
243.0
306.0
319.0
281.0
194.0
61.0
0.0
0.0
0.0
0.0
0.0
0.0
0.0
0.0
0.0
0.0
0.0
0.0
0.0
0.0
0.0
0.0
11.0
130.0
239.0
303.0
316.0
278.0
192.0
59.0
0.0
0.0
0.0
0.0
0.0
0.0
0.0
0.0
0.0
0.0
0.0
0.0
0.0
0.0
0.0
0.0
10.0
126.0
236.0
299.0
313.0
276.0
189.0
57.0
0.0
0.0
0.0
0.0
0.0
0.0
0.0
0.0
0.0
0.0
0.0
0.0
0.0
0.0
0.0
0.0
8.0
122.0
232.0
296.0
310.0
273.0
187.0
56.0
0.0
0.0
0.0
0.0
0.0
0.0
0.0
0.0
0.0
0.0
0.0
0.0
0.0
0.0
0.0
0.0
7.0
119.0
229.0
293.0
308.0
271.0
186.0
55.0
0.0
0.0
0.0
0.0
0.0
0.0
0.0
0.0
0.0
0.0
0.0
0.0
0.0
0.0
0.0
0.0
6.0
116.0
226.0
291.0
305.0
269.0
184.0
53.0
0.0
0.0
0.0
0.0
0.0
0.0
0.0
0.0
0.0
0.0
0.0
0.0
0.0
0.0
0.0
0.0
5.0
112.0
223.0
288.0
303.0
267.0
183.0
52.0
0.0
0.0
0.0
0.0
0.0
0.0
0.0
0.0
0.0
0.0
0.0
0.0
0.0
0.0
0.0
0.0
5.0
110.0
220.0
286.0
301.0
266.0
181.0
52.0
0.0
0.0
0.0
0.0
0.0
0.0
0.0
0.0
0.0
0.0
0.0
0.0
0.0
0.0
0.0
0.0
4.0
107.0
218.0
284.0
299.0
264.0
180.0
51.0
0.0
0.0
0.0
0.0
0.0
0.0
0.0
0.0
0.0
0.0
0.0
0.0
0.0
0.0
0.0
0.0
3.0
104.0
216.0
282.0
298.0
263.0
179.0
51.0
0.0
0.0
0.0
0.0
0.0
0.0
0.0
0.0
0.0
0.0
0.0
0.0
0.0
0.0
0.0
0.0
3.0
102.0
213.0
280.0
296.0
262.0
179.0
50.0
0.0
0.0
0.0
0.0
0.0
0.0
0.0
0.0
0.0
0.0
0.0
0.0
0.0
0.0
0.0
0.0
2.0
99.0
211.0
278.0
295.0
261.0
178.0
50.0
0.0
0.0
0.0
0.0
0.0
0.0
0.0
0.0
0.0
0.0
0.0
0.0
0.0
0.0
0.0
0.0
2.0
97.0
209.0
276.0
294.0
260.0
178.0
50.0
0.0
0.0
0.0
0.0
0.0
0.0
0.0
0.0
0.0
0.0
0.0
0.0
0.0
0.0
0.0
0.0
2.0
95.0
208.0
275.0
293.0
259.0
177.0
50.0
0.0
0.0
0.0
0.0
0.0
0.0
0.0
0.0
0.0
0.0
0.0
0.0
0.0
0.0
0.0
0.0
1.0
93.0
206.0
274.0
292.0
259.0
177.0
50.0
0.0
0.0
0.0
0.0
0.0
0.0
0.0
0.0
0.0
0.0
0.0
0.0
0.0
0.0
0.0
0.0
1.0
92.0
205.0
273.0
291.0
259.0
178.0
51.0
0.0
0.0
0.0
0.0
0.0
0.0
0.0
0.0
0.0
0.0
0.0
0.0
0.0
0.0
0.0
0.0
1.0
90.0
204.0
272.0
291.0
259.0
178.0
51.0
0.0
0.0
0.0
0.0
0.0
0.0
0.0
0.0
0.0
0.0
0.0
0.0
0.0
0.0
0.0
0.0
1.0
89.0
203.0
272.0
291.0
259.0
178.0
52.0
0.0
0.0
0.0
0.0
0.0
0.0
0.0
0.0
0.0
0.0
0.0
0.0
0.0
0.0
0.0
0.0
1.0
88.0
202.0
271.0
291.0
259.0
179.0
53.0
0.0
0.0
0.0
0.0
0.0
0.0
0.0
0.0
0.0
0.0
0.0
0.0
0.0
0.0
0.0
0.0
1.0
87.0
201.0
271.0
291.0
260.0
180.0
54.0
0.0
0.0
0.0
0.0
0.0
0.0
0.0
0.0
0.0
0.0
0.0
0.0
0.0
0.0
0.0
0.0
0.0
86.0
201.0
271.0
291.0
261.0
181.0
55.0
0.0
0.0
0.0
0.0
0.0
0.0
0.0
0.0
0.0
0.0
0.0
0.0
0.0
0.0
0.0
0.0
0.0
85.0
200.0
271.0
292.0
261.0
182.0
56.0
0.0
0.0
0.0
0.0
0.0
0.0
0.0
0.0
0.0
0.0
0.0
0.0
0.0
0.0
0.0
0.0
0.0
85.0
200.0
271.0
292.0
262.0
184.0
57.0
0.0
0.0
0.0
0.0
0.0
0.0
0.0
0.0
0.0
0.0
0.0
0.0
0.0
0.0
0.0
0.0
0.0
84.0
200.0
272.0
293.0
264.0
185.0
59.0
0.0
0.0
0.0
0.0
0.0
0.0
0.0
0.0
0.0
0.0
0.0
0.0
0.0
0.0
0.0
0.0
0.0
84.0
200.0
272.0
294.0
265.0
187.0
61.0
0.0
0.0
0.0
0.0
0.0
0.0
0.0
0.0
0.0
0.0
0.0
0.0
0.0
0.0
0.0
0.0
0.0
84.0
201.0
273.0
295.0
267.0
189.0
63.0
0.0
0.0
0.0
0.0
0.0
0.0
0.0
0.0
0.0
0.0
0.0
0.0
0.0
0.0
0.0
0.0
0.0
84.0
201.0
274.0
297.0
269.0
191.0
65.0
0.0
0.0
0.0
0.0
0.0
0.0
0.0
0.0
0.0
0.0
0.0
0.0
0.0
0.0
0.0
0.0
0.0
85.0
202.0
275.0
298.0
270.0
193.0
68.0
0.0
0.0
0.0
0.0
0.0
0.0
0.0
0.0
