0.0
0.0
0.0
0.0
0.0
0.0
0.0
0.0
0.0
19.0
41.0
52.0
76.0
67.0
54.0
14.0
0.0
0.0
0.0
0.0
0.0
0.0
0.0
0.0
0.0
0.0
0.0
0.0
0.0
0.0
0.0
0.0
0.0
44.0
125.0
173.0
97.0
63.0
21.0
8.0
0.0
0.0
0.0
0.0
0.0
0.0
0.0
0.0
0.0
0.0
0.0
0.0
0.0
0.0
0.0
0.0
0.0
23.0
9.0
173.0
191.0
171.0
74.0
35.0
0.0
0.0
0.0
0.0
0.0
0.0
0.0
0.0
0.0
0.0
0.0
0.0
0.0
0.0
0.0
0.0
0.0
25.0
44.0
57.0
99.0
61.0
71.0
34.0
0.0
0.0
0.0
0.0
0.0
0.0
0.0
0.0
0.0
0.0
0.0
0.0
0.0
0.0
0.0
0.0
0.0
7.0
17.0
23.0
28.0
26.0
19.0
8.0
0.0
0.0
0.0
0.0
0.0
0.0
0.0
0.0
0.0
0.0
0.0
0.0
0.0
0.0
0.0
0.0
0.0
35.0
91.0
110.0
117.0
112.0
102.0
52.0
0.0
0.0
0.0
0.0
0.0
0.0
0.0
0.0
0.0
0.0
0.0
0.0
0.0
0.0
0.0
0.0
0.0
5.0
12.0
19.0
22.0
20.0
12.0
5.0
0.0
0.0
0.0
0.0
0.0
0.0
0.0
0.0
0.0
0.0
0.0
0.0
0.0
0.0
0.0
0.0
0.0
10.0
24.0
13.0
25.0
129.0
103.0
40.0
0.0
0.0
0.0
0.0
0.0
0.0
0.0
0.0
0.0
0.0
0.0
0.0
0.0
0.0
0.0
0.0
0.0
40.0
66.0
85.0
194.0
102.0
81.0
43.0
1.0
0.0
0.0
0.0
0.0
0.0
0.0
0.0
0.0
0.0
0.0
0.0
0.0
0.0
0.0
0.0
0.0
24.0
16.0
74.0
71.0
110.0
122.0
55.0
1.0
0.0
0.0
0.0
0.0
0.0
0.0
0.0
0.0
0.0
0.0
0.0
0.0
0.0
0.0
0.0
0.0
20.0
40.0
73.0
96.0
136.0
44.0
5.0
0.0
0.0
0.0
0.0
0.0
0.0
0.0
0.0
0.0
0.0
0.0
0.0
0.0
0.0
0.0
0.0
0.0
33.0
82.0
135.0
139.0
122.0
92.0
39.0
0.0
0.0
0.0
0.0
0.0
0.0
0.0
0.0
0.0
0.0
0.0
0.0
0.0
0.0
0.0
0.0
0.0
22.0
22.0
71.0
125.0
92.0
146.0
66.0
5.0
0.0
0.0
0.0
0.0
0.0
0.0
0.0
0.0
0.0
0.0
0.0
0.0
0.0
0.0
0.0
0.0
6.0
13.0
20.0
24.0
23.0
17.0
8.0
0.0
0.0
0.0
0.0
0.0
0.0
0.0
0.0
0.0
0.0
0.0
0.0
0.0
0.0
0.0
0.0
0.0
23.0
74.0
79.0
62.0
54.0
34.0
22.0
1.0
0.0
0.0
0.0
0.0
0.0
0.0
0.0
0.0
0.0
0.0
0.0
0.0
0.0
0.0
0.0
0.0
34.0
81.0
122.0
137.0
124.0
92.0
43.0
1.0
0.0
0.0
0.0
0.0
0.0
0.0
0.0
0.0
0.0
0.0
0.0
0.0
0.0
0.0
0.0
0.0
44.0
104.0
151.0
171.0
161.0
119.0
53.0
2.0
0.0
0.0
0.0
0.0
0.0
0.0
0.0
0.0
0.0
0.0
0.0
0.0
0.0
0.0
0.0
0.0
40.0
88.0
121.0
130.0
109.0
71.0
32.0
1.0
0.0
0.0
0.0
0.0
0.0
0.0
0.0
0.0
0.0
0.0
0.0
0.0
0.0
0.0
0.0
1.0
67.0
151.0
206.0
224.0
223.0
159.0
71.0
2.0
0.0
0.0
0.0
0.0
0.0
0.0
0.0
0.0
0.0
0.0
0.0
0.0
0.0
0.0
0.0
0.0
39.0
78.0
104.0
122.0
115.0
84.0
47.0
2.0
0.0
0.0
0.0
0.0
0.0
0.0
0.0
0.0
0.0
0.0
0.0
0.0
0.0
0.0
0.0
1.0
67.0
100.0
117.0
126.0
88.0
157.0
91.0
12.0
0.0
0.0
0.0
0.0
0.0
0.0
0.0
0.0
0.0
0.0
0.0
0.0
0.0
0.0
0.0
1.0
65.0
145.0
207.0
229.0
216.0
165.0
91.0
5.0
0.0
0.0
0.0
0.0
0.0
0.0
0.0
0.0
0.0
0.0
0.0
0.0
0.0
0.0
0.0
1.0
39.0
86.0
106.0
110.0
103.0
80.0
44.0
1.0
0.0
0.0
0.0
0.0
0.0
0.0
0.0
0.0
0.0
0.0
0.0
0.0
0.0
0.0
0.0
1.0
11.0
22.0
30.0
32.0
31.0
22.0
12.0
2.0
0.0
0.0
0.0
0.0
0.0
0.0
0.0
0.0
0.0
0.0
0.0
0.0
0.0
0.0
0.0
1.0
14.0
30.0
39.0
47.0
46.0
37.0
22.0
2.0
0.0
0.0
0.0
0.0
0.0
0.0
0.0
0.0
0.0
0.0
0.0
0.0
0.0
0.0
0.0
1.0
6.0
13.0
18.0
20.0
20.0
16.0
8.0
2.0
0.0
0.0
0.0
0.0
0.0
0.0
0.0
0.0
0.0
0.0
0.0
0.0
0.0
0.0
0.0
1.0
31.0
74.0
151.0
202.0
223.0
168.0
108.0
14.0
0.0
0.0
0.0
0.0
0.0
0.0
0.0
0.0
0.0
0.0
0.0
0.0
0.0
0.0
0.0
1.0
19.0
39.0
55.0
65.0
61.0
46.0
24.0
2.0
0.0
0.0
0.0
0.0
0.0
0.0
0.0
0.0
0.0
0.0
0.0
0.0
0.0
0.0
0.0
2.0
44.0
90.0
126.0
130.0
122.0
86.0
46.0
2.0
0.0
0.0
0.0
0.0
0.0
0.0
0.0
0.0
0.0
0.0
0.0
0.0
0.0
0.0
0.0
1.0
19.0
27.0
25.0
23.0
214.0
181.0
107.0
11.0
0.0
0.0
0.0
0.0
0.0
0.0
0.0
0.0
0.0
0.0
0.0
0.0
0.0
0.0
0.0
1.0
28.0
61.0
83.0
94.0
90.0
72.0
42.0
6.0
0.0
0.0
0.0
0.0
0.0
0.0
0.0
0.0
0.0
0.0
0.0
0.0
0.0
0.0
0.0
1.0
52.0
116.0
178.0
221.0
246.0
221.0
121.0
22.0
0.0
0.0
0.0
0.0
0.0
0.0
0.0
0.0
0.0
0.0
0.0
0.0
0.0
0.0
0.0
1.0
20.0
41.0
56.0
59.0
60.0
46.0
27.0
5.0
0.0
0.0
0.0
0.0
0.0
0.0
0.0
0.0
0.0
0.0
0.0
0.0
0.0
0.0
0.0
10.0
108.0
203.0
252.0
303.0
238.0
133.0
45.0
3.0
0.0
0.0
0.0
0.0
0.0
0.0
0.0
0.0
0.0
0.0
0.0
0.0
0.0
0.0
0.0
2.0
77.0
171.0
243.0
114.0
155.0
58.0
86.0
39.0
0.0
0.0
0.0
0.0
0.0
0.0
0.0
0.0
0.0
0.0
0.0
0.0
0.0
0.0
0.0
3.0
26.0
47.0
69.0
75.0
60.0
52.0
31.0
10.0
0.0
0.0
0.0
0.0
0.0
0.0
0.0
0.0
0.0
0.0
0.0
0.0
0.0
0.0
0.0
4.0
20.0
23.0
24.0
27.0
222.0
172.0
105.0
38.0
0.0
0.0
0.0
0.0
0.0
0.0
0.0
0.0
0.0
0.0
0.0
0.0
0.0
0.0
0.0
3.0
36.0
67.0
80.0
81.0
77.0
64.0
31.0
14.0
0.0
0.0
0.0
0.0
0.0
0.0
0.0
0.0
0.0
0.0
0.0
0.0
0.0
0.0
0.0
3.0
31.0
48.0
66.0
72.0
76.0
64.0
39.0
16.0
0.0
0.0
0.0
0.0
0.0
0.0
0.0
0.0
0.0
0.0
0.0
0.0
0.0
0.0
0.0
4.0
32.0
51.0
62.0
73.0
72.0
55.0
34.0
15.0
0.0
0.0
0.0
0.0
0.0
0.0
0.0
0.0
0.0
0.0
0.0
0.0
0.0
0.0
0.0
15.0
94.0
148.0
192.0
268.0
300.0
261.0
169.0
55.0
0.0
0.0
0.0
0.0
0.0
0.0
0.0
0.0
0.0
0.0
0.0
0.0
0.0
0.0
0.0
19.0
137.0
231.0
300.0
330.0
313.0
251.0
161.0
66.0
0.0
0.0
0.0
0.0
0.0
0.0
0.0
0.0
0.0
0.0
0.0
0.0
0.0
0.0
0.0
4.0
75.0
126.0
139.0
169.0
162.0
150.0
110.0
57.0
1.0
0.0
0.0
0.0
0.0
0.0
0.0
0.0
0.0
0.0
0.0
0.0
0.0
0.0
0.0
23.0
59.0
100.0
169.0
229.0
166.0
71.0
53.0
8.0
0.0
0.0
0.0
0.0
0.0
0.0
0.0
0.0
0.0
0.0
0.0
0.0
0.0
0.0
0.0
53.0
156.0
267.0
330.0
348.0
338.0
270.0
178.0
77.0
1.0
0.0
0.0
0.0
0.0
0.0
0.0
0.0
0.0
0.0
0.0
0.0
0.0
0.0
0.0
57.0
162.0
259.0
326.0
363.0
340.0
276.0
186.0
84.0
1.0
0.0
0.0
0.0
0.0
0.0
0.0
0.0
0.0
0.0
0.0
0.0
0.0
0.0
0.0
5.0
14.0
23.0
29.0
32.0
241.0
197.0
132.0
59.0
1.0
0.0
0.0
0.0
0.0
0.0
0.0
0.0
0.0
0.0
0.0
0.0
0.0
0.0
0.0
5.0
21.0
34.0
31.0
42.0
248.0
221.0
158.0
70.0
3.0
0.0
0.0
0.0
0.0
0.0
0.0
0.0
0.0
0.0
0.0
0.0
0.0
0.0
0.0
24.0
55.0
77.0
94.0
111.0
86.0
69.0
49.0
26.0
1.0
0.0
0.0
0.0
0.0
0.0
0.0
0.0
0.0
0.0
0.0
0.0
0.0
0.0
0.0
54.0
143.0
202.0
245.0
276.0
247.0
194.0
125.0
57.0
1.0
0.0
0.0
0.0
0.0
0.0
0.0
0.0
0.0
0.0
0.0
0.0
0.0
0.0
0.0
11.0
23.0
34.0
49.0
51.0
53.0
46.0
34.0
15.0
1.0
0.0
0.0
0.0
0.0
0.0
0.0
0.0
0.0
0.0
0.0
0.0
0.0
0.0
0.0
11.0
24.0
64.0
83.0
157.0
173.0
176.0
111.0
73.0
9.0
0.0
0.0
0.0
0.0
0.0
0.0
0.0
0.0
0.0
0.0
0.0
0.0
0.0
1.0
30.0
70.0
98.0
99.0
119.0
134.0
123.0
91.0
46.0
2.0
0.0
0.0
0.0
0.0
0.0
0.0
0.0
0.0
0.0
0.0
0.0
0.0
0.0
1.0
46.0
121.0
213.0
267.0
248.0
270.0
210.0
115.0
55.0
2.0
0.0
0.0
0.0
0.0
0.0
0.0
0.0
0.0
0.0
0.0
0.0
0.0
0.0
1.0
35.0
76.0
105.0
127.0
140.0
141.0
122.0
82.0
42.0
2.0
0.0
0.0
0.0
0.0
0.0
0.0
0.0
0.0
0.0
0.0
0.0
0.0
0.0
1.0
70.0
142.0
240.0
239.0
252.0
328.0
256.0
212.0
132.0
14.0
0.0
0.0
0.0
0.0
0.0
0.0
0.0
0.0
0.0
0.0
0.0
0.0
0.0
1.0
54.0
174.0
264.0
327.0
353.0
348.0
287.0
161.0
106.0
15.0
0.0
0.0
0.0
0.0
0.0
0.0
0.0
0.0
0.0
0.0
0.0
0.0
0.0
1.0
80.0
206.0
319.0
343.0
347.0
316.0
255.0
237.0
121.0
4.0
0.0
0.0
0.0
0.0
0.0
0.0
0.0
0.0
0.0
0.0
0.0
0.0
0.0
3.0
74.0
162.0
243.0
315.0
321.0
320.0
323.0
257.0
140.0
20.0
0.0
0.0
0.0
0.0
0.0
0.0
0.0
0.0
0.0
0.0
0.0
0.0
0.0
1.0
69.0
169.0
181.0
357.0
265.0
252.0
271.0
286.0
147.0
22.0
0.0
0.0
0.0
0.0
0.0
0.0
0.0
0.0
0.0
0.0
0.0
0.0
0.0
9.0
118.0
163.0
286.0
377.0
455.0
379.0
315.0
211.0
90.0
26.0
0.0
0.0
0.0
0.0
0.0
0.0
0.0
0.0
0.0
0.0
0.0
0.0
0.0
9.0
123.0
248.0
359.0
418.0
441.0
437.0
386.0
287.0
164.0
23.0
0.0
0.0
0.0
0.0
0.0
0.0
0.0
0.0
0.0
0.0
0.0
0.0
0.0
8.0
119.0
244.0
358.0
416.0
431.0
420.0
385.0
281.0
170.0
25.0
0.0
0.0
0.0
0.0
0.0
0.0
0.0
0.0
0.0
0.0
0.0
0.0
0.0
3.0
53.0
134.0
220.0
254.0
271.0
246.0
164.0
94.0
41.0
4.0
0.0
0.0
0.0
0.0
0.0
0.0
0.0
0.0
0.0
0.0
0.0
0.0
0.0
13.0
128.0
233.0
349.0
420.0
430.0
444.0
369.0
252.0
158.0
45.0
0.0
0.0
0.0
0.0
0.0
0.0
0.0
0.0
0.0
0.0
0.0
0.0
0.0
20.0
130.0
259.0
408.0
424.0
460.0
341.0
234.0
200.0
108.0
29.0
0.0
0.0
0.0
0.0
0.0
0.0
0.0
0.0
0.0
0.0
0.0
0.0
0.0
3.0
66.0
177.0
256.0
305.0
243.0
221.0
173.0
115.0
78.0
24.0
0.0
0.0
0.0
0.0
0.0
0.0
0.0
0.0
0.0
0.0
0.0
0.0
0.0
19.0
151.0
281.0
401.0
476.0
507.0
486.0
415.0
323.0
198.0
71.0
0.0
0.0
0.0
0.0
0.0
0.0
0.0
0.0
0.0
0.0
0.0
0.0
0.0
21.0
147.0
259.0
350.0
410.0
442.0
428.0
370.0
281.0
169.0
62.0
0.0
0.0
0.0
0.0
0.0
0.0
0.0
0.0
0.0
0.0
0.0
0.0
0.0
33.0
92.0
80.0
331.0
493.0
334.0
256.0
200.0
112.0
82.0
49.0
0.0
0.0
0.0
0.0
0.0
0.0
0.0
0.0
0.0
0.0
0.0
0.0
0.0
24.0
44.0
28.0
99.0
198.0
198.0
179.0
192.0
189.0
141.0
56.0
0.0
0.0
0.0
0.0
0.0
0.0
0.0
0.0
0.0
0.0
0.0
0.0
0.0
25.0
67.0
131.0
177.0
198.0
263.0
187.0
103.0
30.0
75.0
33.0
1.0
0.0
0.0
0.0
0.0
0.0
0.0
0.0
0.0
0.0
0.0
0.0
0.0
39.0
79.0
106.0
150.0
137.0
225.0
199.0
158.0
102.0
43.0
49.0
1.0
0.0
0.0
0.0
0.0
0.0
0.0
0.0
0.0
0.0
0.0
0.0
0.0
33.0
79.0
136.0
98.0
71.0
121.0
208.0
149.0
151.0
106.0
70.0
3.0
0.0
0.0
0.0
0.0
0.0
0.0
0.0
0.0
0.0
0.0
0.0
0.0
71.0
193.0
307.0
412.0
491.0
520.0
483.0
425.0
313.0
200.0
80.0
1.0
0.0
0.0
0.0
0.0
0.0
0.0
0.0
0.0
0.0
0.0
0.0
0.0
15.0
46.0
77.0
92.0
100.0
110.0
110.0
102.0
66.0
45.0
20.0
1.0
0.0
0.0
0.0
0.0
0.0
0.0
0.0
0.0
0.0
0.0
0.0
0.0
27.0
54.0
90.0
106.0
155.0
158.0
126.0
151.0
126.0
85.0
38.0
3.0
0.0
0.0
0.0
0.0
0.0
0.0
0.0
0.0
0.0
0.0
0.0
1.0
43.0
115.0
210.0
266.0
280.0
324.0
311.0
277.0
217.0
128.0
50.0
1.0
0.0
0.0
0.0
0.0
0.0
0.0
0.0
0.0
0.0
0.0
0.0
1.0
16.0
39.0
58.0
73.0
93.0
88.0
77.0
66.0
63.0
38.0
17.0
1.0
0.0
0.0
0.0
0.0
0.0
0.0
0.0
0.0
0.0
0.0
0.0
1.0
17.0
45.0
67.0
93.0
106.0
105.0
114.0
90.0
71.0
44.0
22.0
1.0
0.0
0.0
0.0
0.0
0.0
0.0
0.0
0.0
0.0
0.0
0.0
1.0
8.0
19.0
30.0
39.0
45.0
47.0
46.0
40.0
31.0
22.0
9.0
1.0
0.0
0.0
0.0
0.0
0.0
0.0
0.0
0.0
0.0
0.0
0.0
1.0
14.0
28.0
47.0
60.0
69.0
75.0
67.0
63.0
52.0
35.0
17.0
2.0
0.0
0.0
0.0
0.0
0.0
0.0
0.0
0.0
0.0
0.0
0.0
3.0
55.0
140.0
187.0
246.0
280.0
276.0
324.0
282.0
238.0
143.0
71.0
2.0
0.0
0.0
0.0
0.0
0.0
0.0
0.0
0.0
0.0
0.0
0.0
12.0
35.0
139.0
190.0
135.0
222.0
299.0
178.0
209.0
327.0
297.0
121.0
16.0
0.0
0.0
0.0
0.0
0.0
0.0
0.0
0.0
0.0
0.0
0.0
2.0
77.0
147.0
202.0
226.0
219.0
256.0
286.0
223.0
175.0
139.0
83.0
10.0
0.0
0.0
0.0
0.0
0.0
0.0
0.0
0.0
0.0
0.0
0.0
8.0
120.0
255.0
403.0
475.0
540.0
576.0
521.0
460.0
378.0
253.0
114.0
6.0
0.0
0.0
0.0
0.0
0.0
0.0
0.0
0.0
0.0
0.0
0.0
2.0
97.0
217.0
343.0
496.0
500.0
488.0
469.0
456.0
388.0
288.0
142.0
12.0
0.0
0.0
0.0
0.0
0.0
0.0
0.0
0.0
0.0
0.0
0.0
2.0
70.0
162.0
205.0
242.0
309.0
443.0
349.0
357.0
332.0
209.0
151.0
28.0
0.0
0.0
0.0
0.0
0.0
0.0
0.0
0.0
0.0
0.0
0.0
3.0
16.0
29.0
42.0
47.0
74.0
76.0
466.0
410.0
340.0
232.0
118.0
10.0
0.0
0.0
0.0
0.0
0.0
0.0
0.0
0.0
0.0
0.0
0.0
3.0
26.0
44.0
38.0
44.0
75.0
87.0
459.0
403.0
339.0
216.0
110.0
10.0
0.0
0.0
0.0
0.0
0.0
0.0
0.0
0.0
0.0
0.0
0.0
6.0
65.0
119.0
165.0
219.0
242.0
266.0
265.0
239.0
185.0
113.0
52.0
4.0
0.0
0.0
0.0
0.0
0.0
0.0
0.0
0.0
0.0
0.0
0.0
16.0
155.0
307.0
435.0
523.0
578.0
584.0
563.0
511.0
414.0
285.0
150.0
15.0
0.0
0.0
0.0
0.0
0.0
0.0
0.0
0.0
0.0
0.0
0.0
22.0
129.0
232.0
375.0
434.0
505.0
529.0
548.0
395.0
303.0
234.0
88.0
4.0
0.0
0.0
0.0
0.0
0.0
0.0
0.0
0.0
0.0
0.0
0.0
56.0
171.0
303.0
405.0
465.0
540.0
603.0
555.0
507.0
401.0
271.0
126.0
6.0
0.0
0.0
0.0
0.0
0.0
0.0
0.0
0.0
0.0
0.0
0.0
49.0
198.0
217.0
253.0
286.0
441.0
322.0
546.0
389.0
487.0
243.0
115.0
38.0
0.0
0.0
0.0
0.0
0.0
0.0
0.0
0.0
0.0
0.0
0.0
7.0
24.0
42.0
58.0
67.0
76.0
79.0
81.0
72.0
58.0
42.0
24.0
8.0
0.0
0.0
0.0
0.0
0.0
0.0
0.0
0.0
0.0
0.0
0.0
9.0
26.0
49.0
72.0
82.0
92.0
95.0
94.0
73.0
61.0
48.0
26.0
8.0
0.0
0.0
0.0
0.0
0.0
0.0
0.0
0.0
0.0
0.0
0.0
12.0
41.0
71.0
92.0
113.0
125.0
122.0
120.0
107.0
94.0
63.0
36.0
11.0
0.0
0.0
0.0
0.0
0.0
0.0
0.0
0.0
0.0
0.0
2.0
87.0
210.0
257.0
490.0
676.0
224.0
121.0
436.0
425.0
381.0
75.0
72.0
19.0
0.0
0.0
0.0
0.0
0.0
0.0
0.0
0.0
0.0
0.0
0.0
54.0
153.0
271.0
359.0
351.0
400.0
457.0
507.0
418.0
345.0
224.0
155.0
59.0
0.0
0.0
0.0
0.0
0.0
0.0
0.0
0.0
0.0
0.0
1.0
89.0
248.0
354.0
429.0
549.0
272.0
367.0
375.0
104.0
204.0
29.0
17.0
6.0
0.0
0.0
0.0
0.0
0.0
0.0
0.0
0.0
0.0
0.0
1.0
74.0
183.0
304.0
413.0
485.0
543.0
549.0
531.0
474.0
379.0
275.0
164.0
58.0
0.0
0.0
0.0
0.0
0.0
0.0
0.0
0.0
0.0
0.0
2.0
50.0
149.0
116.0
213.0
240.0
230.0
310.0
213.0
178.0
99.0
33.0
38.0
31.0
0.0
0.0
0.0
0.0
0.0
0.0
0.0
0.0
0.0
0.0
2.0
75.0
193.0
315.0
418.0
503.0
559.0
574.0
542.0
488.0
399.0
288.0
174.0
62.0
0.0
0.0
0.0
0.0
0.0
0.0
0.0
0.0
0.0
0.0
1.0
57.0
144.0
208.0
324.0
396.0
390.0
453.0
414.0
373.0
305.0
228.0
152.0
62.0
1.0
0.0
0.0
0.0
0.0
0.0
0.0
0.0
0.0
0.0
4.0
89.0
178.0
316.0
456.0
532.0
611.0
640.0
593.0
544.0
421.0
317.0
218.0
87.0
1.0
0.0
0.0
0.0
0.0
0.0
0.0
0.0
0.0
0.0
3.0
80.0
185.0
296.0
404.0
469.0
510.0
476.0
491.0
443.0
382.0
278.0
164.0
67.0
1.0
0.0
0.0
0.0
0.0
0.0
0.0
0.0
0.0
0.0
1.0
10.0
22.0
35.0
46.0
55.0
60.0
62.0
59.0
54.0
48.0
33.0
22.0
9.0
1.0
0.0
0.0
0.0
0.0
0.0
0.0
0.0
0.0
0.0
2.0
22.0
54.0
73.0
92.0
95.0
118.0
133.0
129.0
122.0
90.0
64.0
39.0
18.0
1.0
0.0
0.0
0.0
0.0
0.0
0.0
0.0
0.0
0.0
2.0
24.0
55.0
72.0
100.0
121.0
131.0
126.0
124.0
113.0
87.0
68.0
41.0
20.0
1.0
0.0
0.0
0.0
0.0
0.0
0.0
0.0
0.0
0.0
2.0
30.0
63.0
99.0
130.0
152.0
166.0
171.0
166.0
151.0
124.0
91.0
58.0
24.0
1.0
0.0
0.0
0.0
0.0
0.0
0.0
0.0
0.0
0.0
17.0
102.0
222.0
274.0
285.0
274.0
314.0
128.0
121.0
239.0
215.0
68.0
20.0
25.0
2.0
0.0
0.0
0.0
0.0
0.0
0.0
0.0
0.0
0.0
12.0
142.0
293.0
449.0
585.0
690.0
756.0
766.0
728.0
651.0
538.0
396.0
246.0
107.0
4.0
0.0
0.0
0.0
0.0
0.0
0.0
0.0
0.0
0.0
10.0
118.0
259.0
409.0
496.0
557.0
613.0
660.0
604.0
555.0
447.0
332.0
209.0
85.0
2.0
0.0
0.0
0.0
0.0
0.0
0.0
0.0
0.0
0.0
3.0
13.0
27.0
38.0
53.0
63.0
68.0
77.0
71.0
60.0
55.0
41.0
23.0
10.0
2.0
0.0
0.0
0.0
0.0
0.0
0.0
0.0
0.0
0.0
17.0
154.0
306.0
462.0
597.0
699.0
761.0
779.0
750.0
677.0
566.0
423.0
267.0
122.0
7.0
0.0
0.0
0.0
0.0
0.0
0.0
0.0
0.0
0.0
19.0
146.0
289.0
419.0
511.0
600.0
651.0
655.0
625.0
555.0
484.0
383.0
228.0
103.0
6.0
0.0
0.0
0.0
0.0
0.0
0.0
0.0
0.0
0.0
38.0
141.0
220.0
314.0
338.0
481.0
242.0
324.0
224.0
386.0
326.0
225.0
54.0
10.0
2.0
0.0
0.0
0.0
0.0
0.0
0.0
0.0
0.0
0.0
45.0
150.0
304.0
438.0
549.0
659.0
710.0
722.0
701.0
619.0
504.0
370.0
238.0
109.0
6.0
0.0
0.0
0.0
0.0
0.0
0.0
0.0
0.0
0.0
50.0
165.0
308.0
459.0
589.0
692.0
748.0
764.0
736.0
667.0
552.0
416.0
269.0
126.0
9.0
0.0
0.0
0.0
0.0
0.0
0.0
0.0
0.0
0.0
12.0
38.0
70.0
102.0
131.0
151.0
165.0
166.0
161.0
145.0
118.0
92.0
59.0
29.0
3.0
0.0
0.0
0.0
0.0
0.0
0.0
0.0
0.0
0.0
8.0
30.0
57.0
80.0
100.0
108.0
122.0
124.0
127.0
110.0
91.0
71.0
47.0
20.0
3.0
0.0
0.0
0.0
0.0
0.0
0.0
0.0
0.0
0.0
44.0
92.0
129.0
202.0
284.0
355.0
453.0
574.0
656.0
623.0
499.0
344.0
252.0
167.0
27.0
0.0
0.0
0.0
0.0
0.0
0.0
0.0
0.0
0.0
27.0
70.0
100.0
147.0
191.0
215.0
208.0
211.0
205.0
194.0
165.0
116.0
62.0
13.0
3.0
0.0
0.0
0.0
0.0
0.0
0.0
0.0
0.0
0.0
67.0
217.0
386.0
558.0
706.0
812.0
355.0
370.0
365.0
309.0
296.0
200.0
140.0
66.0
5.0
0.0
0.0
0.0
0.0
0.0
0.0
0.0
0.0
0.0
53.0
140.0
206.0
311.0
424.0
560.0
632.0
660.0
628.0
602.0
500.0
447.0
342.0
178.0
35.0
0.0
0.0
0.0
0.0
0.0
0.0
0.0
0.0
0.0
10.0
21.0
131.0
83.0
139.0
65.0
343.0
556.0
607.0
423.0
331.0
131.0
84.0
53.0
36.0
0.0
0.0
0.0
0.0
0.0
0.0
0.0
0.0
1.0
69.0
192.0
330.0
465.0
588.0
677.0
715.0
736.0
721.0
657.0
567.0
438.0
292.0
147.0
44.0
0.0
0.0
0.0
0.0
0.0
0.0
0.0
0.0
1.0
27.0
48.0
150.0
113.0
227.0
349.0
411.0
498.0
538.0
400.0
408.0
411.0
283.0
162.0
58.0
0.0
0.0
0.0
0.0
0.0
0.0
0.0
0.0
1.0
41.0
106.0
160.0
222.0
312.0
290.0
201.0
266.0
248.0
147.0
152.0
73.0
27.0
15.0
5.0
0.0
0.0
0.0
0.0
0.0
0.0
0.0
0.0
1.0
43.0
109.0
274.0
336.0
404.0
419.0
371.0
242.0
139.0
81.0
55.0
36.0
24.0
13.0
4.0
0.0
0.0
0.0
0.0
0.0
0.0
0.0
0.0
2.0
85.0
216.0
367.0
514.0
642.0
739.0
797.0
813.0
785.0
716.0
609.0
474.0
324.0
176.0
58.0
0.0
0.0
0.0
0.0
0.0
0.0
0.0
0.0
2.0
65.0
170.0
273.0
336.0
392.0
559.0
626.0
688.0
665.0
658.0
581.0
431.0
317.0
166.0
67.0
1.0
0.0
0.0
0.0
0.0
0.0
0.0
0.0
3.0
77.0
186.0
314.0
442.0
548.0
627.0
677.0
688.0
661.0
604.0
510.0
392.0
270.0
149.0
50.0
0.0
0.0
0.0
0.0
0.0
0.0
0.0
0.0
3.0
79.0
190.0
319.0
445.0
550.0
624.0
674.0
677.0
649.0
591.0
494.0
385.0
264.0
146.0
51.0
0.0
0.0
0.0
0.0
0.0
0.0
0.0
0.0
3.0
80.0
193.0
322.0
443.0
554.0
637.0
678.0
684.0
666.0
598.0
480.0
382.0
263.0
147.0
50.0
0.0
0.0
0.0
0.0
0.0
0.0
0.0
0.0
1.0
33.0
81.0
147.0
196.0
247.0
282.0
304.0
310.0
285.0
265.0
234.0
176.0
121.0
67.0
24.0
0.0
0.0
0.0
0.0
0.0
0.0
0.0
0.0
2.0
61.0
157.0
178.0
245.0
378.0
375.0
296.0
512.0
361.0
65.0
194.0
137.0
153.0
155.0
83.0
6.0
0.0
0.0
0.0
0.0
0.0
0.0
0.0
2.0
39.0
92.0
167.0
247.0
304.0
298.0
321.0
341.0
299.0
330.0
283.0
250.0
179.0
95.0
38.0
1.0
0.0
0.0
0.0
0.0
0.0
0.0
0.0
5.0
87.0
197.0
319.0
439.0
536.0
613.0
659.0
663.0
643.0
592.0
508.0
396.0
275.0
157.0
58.0
1.0
0.0
0.0
0.0
0.0
0.0
0.0
0.0
8.0
119.0
278.0
450.0
613.0
761.0
799.0
534.0
533.0
516.0
425.0
327.0
252.0
188.0
120.0
43.0
1.0
0.0
0.0
0.0
0.0
0.0
0.0
0.0
8.0
113.0
249.0
405.0
557.0
681.0
777.0
831.0
847.0
823.0
751.0
645.0
509.0
359.0
207.0
81.0
2.0
0.0
0.0
0.0
0.0
0.0
0.0
0.0
2.0
13.0
28.0
43.0
64.0
75.0
84.0
92.0
96.0
87.0
83.0
73.0
57.0
44.0
26.0
11.0
1.0
0.0
0.0
0.0
0.0
0.0
0.0
0.0
11.0
134.0
282.0
450.0
601.0
744.0
841.0
422.0
411.0
418.0
367.0
296.0
234.0
165.0
103.0
43.0
1.0
0.0
0.0
0.0
0.0
0.0
0.0
0.0
10.0
104.0
221.0
336.0
462.0
576.0
653.0
742.0
788.0
712.0
632.0
560.0
452.0
316.0
181.0
73.0
3.0
0.0
0.0
0.0
0.0
0.0
0.0
0.0
11.0
126.0
267.0
420.0
567.0
689.0
784.0
841.0
853.0
829.0
759.0
661.0
528.0
380.0
230.0
97.0
4.0
0.0
0.0
0.0
0.0
0.0
0.0
0.0
2.0
10.0
60.0
269.0
562.0
658.0
846.0
276.0
174.0
309.0
70.0
386.0
230.0
217.0
246.0
85.0
3.0
0.0
0.0
0.0
0.0
0.0
0.0
0.0
8.0
92.0
200.0
330.0
440.0
553.0
611.0
662.0
656.0
682.0
623.0
527.0
404.0
293.0
167.0
68.0
1.0
0.0
0.0
0.0
0.0
0.0
0.0
0.0
5.0
38.0
69.0
80.0
71.0
117.0
132.0
253.0
216.0
236.0
232.0
289.0
291.0
238.0
165.0
61.0
4.0
0.0
0.0
0.0
0.0
0.0
0.0
0.0
9.0
91.0
202.0
323.0
420.0
532.0
613.0
621.0
635.0
616.0
554.0
438.0
322.0
212.0
123.0
53.0
1.0
0.0
0.0
0.0
0.0
0.0
0.0
0.0
7.0
57.0
125.0
207.0
273.0
331.0
344.0
343.0
374.0
370.0
314.0
273.0
213.0
140.0
72.0
31.0
2.0
0.0
0.0
0.0
0.0
0.0
0.0
0.0
13.0
80.0
120.0
175.0
48.0
165.0
67.0
88.0
222.0
293.0
354.0
431.0
336.0
292.0
241.0
112.0
21.0
0.0
0.0
0.0
0.0
0.0
0.0
0.0
3.0
11.0
64.0
141.0
172.0
248.0
211.0
329.0
407.0
435.0
281.0
295.0
264.0
179.0
144.0
102.0
6.0
0.0
0.0
0.0
0.0
0.0
0.0
0.0
14.0
118.0
247.0
414.0
496.0
588.0
613.0
651.0
714.0
700.0
637.0
574.0
476.0
359.0
212.0
94.0
7.0
0.0
0.0
0.0
0.0
0.0
0.0
0.0
18.0
141.0
289.0
445.0
626.0
742.0
878.0
497.0
468.0
457.0
358.0
296.0
196.0
130.0
80.0
28.0
2.0
0.0
0.0
0.0
0.0
0.0
0.0
0.0
3.0
17.0
34.0
51.0
72.0
91.0
108.0
110.0
109.0
106.0
96.0
85.0
63.0
45.0
29.0
13.0
2.0
0.0
0.0
0.0
0.0
0.0
0.0
0.0
12.0
61.0
143.0
194.0
215.0
479.0
569.0
505.0
524.0
567.0
641.0
465.0
335.0
267.0
186.0
120.0
17.0
0.0
0.0
0.0
0.0
0.0
0.0
0.0
27.0
109.0
181.0
275.0
340.0
413.0
442.0
539.0
626.0
611.0
640.0
572.0
489.0
407.0
239.0
116.0
19.0
0.0
0.0
0.0
0.0
0.0
0.0
0.0
3.0
14.0
102.0
221.0
292.0
264.0
376.0
359.0
554.0
445.0
405.0
375.0
421.0
228.0
162.0
42.0
2.0
0.0
0.0
0.0
0.0
0.0
0.0
0.0
32.0
134.0
271.0
371.0
453.0
633.0
725.0
643.0
765.0
633.0
570.0
474.0
338.0
255.0
178.0
77.0
10.0
0.0
0.0
0.0
0.0
0.0
0.0
0.0
15.0
59.0
94.0
139.0
233.0
339.0
405.0
526.0
530.0
470.0
449.0
404.0
383.0
315.0
207.0
128.0
20.0
0.0
0.0
0.0
0.0
0.0
0.0
0.0
16.0
43.0
91.0
35.0
74.0
57.0
129.0
297.0
391.0
447.0
542.0
396.0
373.0
350.0
217.0
131.0
29.0
0.0
0.0
0.0
0.0
0.0
0.0
0.0
17.0
36.0
62.0
89.0
222.0
381.0
383.0
258.0
477.0
342.0
401.0
485.0
418.0
292.0
238.0
134.0
25.0
0.0
0.0
0.0
0.0
0.0
0.0
0.0
37.0
161.0
245.0
310.0
529.0
646.0
819.0
473.0
370.0
355.0
369.0
395.0
441.0
464.0
262.0
80.0
12.0
0.0
0.0
0.0
0.0
0.0
0.0
0.0
5.0
17.0
33.0
48.0
65.0
83.0
89.0
87.0
92.0
94.0
83.0
74.0
59.0
41.0
24.0
13.0
3.0
0.0
0.0
0.0
0.0
0.0
0.0
0.0
36.0
84.0
272.0
372.0
455.0
491.0
559.0
444.0
333.0
309.0
227.0
395.0
457.0
411.0
292.0
140.0
34.0
0.0
0.0
0.0
0.0
0.0
0.0
0.0
26.0
79.0
97.0
125.0
168.0
262.0
375.0
441.0
396.0
399.0
301.0
295.0
216.0
144.0
144.0
44.0
3.0
0.0
0.0
0.0
0.0
0.0
0.0
0.0
22.0
120.0
152.0
278.0
410.0
447.0
436.0
494.0
514.0
475.0
406.0
394.0
380.0
348.0
246.0
145.0
31.0
0.0
0.0
0.0
0.0
0.0
0.0
0.0
19.0
85.0
206.0
284.0
421.0
525.0
588.0
626.0
675.0
559.0
515.0
565.0
518.0
366.0
277.0
133.0
17.0
0.0
0.0
0.0
0.0
0.0
0.0
0.0
21.0
77.0
168.0
294.0
393.0
376.0
401.0
309.0
425.0
398.0
479.0
443.0
357.0
371.0
251.0
138.0
26.0
0.0
0.0
0.0
0.0
0.0
0.0
0.0
9.0
25.0
23.0
39.0
134.0
237.0
441.0
373.0
301.0
174.0
374.0
400.0
349.0
313.0
256.0
143.0
34.0
0.0
0.0
0.0
0.0
0.0
0.0
0.0
39.0
128.0
256.0
395.0
521.0
641.0
733.0
769.0
764.0
734.0
673.0
590.0
466.0
340.0
205.0
105.0
12.0
0.0
0.0
0.0
0.0
0.0
0.0
0.0
16.0
64.0
140.0
204.0
267.0
300.0
358.0
406.0
423.0
403.0
334.0
337.0
251.0
174.0
92.0
45.0
3.0
0.0
0.0
0.0
0.0
0.0
0.0
0.0
24.0
55.0
112.0
143.0
198.0
249.0
307.0
399.0
414.0
373.0
311.0
262.0
186.0
129.0
106.0
43.0
3.0
0.0
0.0
0.0
0.0
0.0
0.0
0.0
37.0
123.0
241.0
377.0
483.0
595.0
694.0
765.0
783.0
755.0
702.0
601.0
509.0
384.0
242.0
117.0
15.0
0.0
0.0
0.0
0.0
0.0
0.0
0.0
33.0
106.0
189.0
279.0
352.0
416.0
470.0
565.0
685.0
591.0
501.0
430.0
438.0
249.0
237.0
124.0
36.0
0.0
0.0
0.0
0.0
0.0
0.0
0.0
20.0
70.0
130.0
213.0
301.0
377.0
428.0
429.0
438.0
435.0
422.0
302.0
196.0
161.0
106.0
46.0
3.0
0.0
0.0
0.0
0.0
0.0
0.0
0.0
22.0
79.0
146.0
234.0
311.0
367.0
451.0
492.0
482.0
449.0
361.0
297.0
217.0
144.0
81.0
28.0
3.0
0.0
0.0
0.0
0.0
0.0
0.0
0.0
13.0
47.0
97.0
145.0
222.0
242.0
243.0
249.0
270.0
282.0
245.0
203.0
176.0
115.0
73.0
36.0
3.0
0.0
0.0
0.0
0.0
0.0
0.0
0.0
14.0
71.0
115.0
207.0
279.0
308.0
453.0
355.0
444.0
475.0
482.0
366.0
243.0
178.0
105.0
57.0
3.0
0.0
0.0
0.0
0.0
0.0
0.0
0.0
41.0
147.0
298.0
465.0
627.0
769.0
828.0
621.0
507.0
426.0
314.0
202.0
237.0
174.0
116.0
11.0
3.0
0.0
0.0
0.0
0.0
0.0
0.0
0.0
3.0
46.0
80.0
161.0
232.0
234.0
235.0
283.0
384.0
336.0
283.0
270.0
233.0
149.0
86.0
52.0
7.0
0.0
0.0
0.0
0.0
0.0
0.0
0.0
4.0
29.0
59.0
90.0
122.0
152.0
174.0
189.0
193.0
185.0
167.0
149.0
121.0
87.0
54.0
25.0
3.0
0.0
0.0
0.0
0.0
0.0
0.0
0.0
14.0
93.0
207.0
311.0
387.0
412.0
498.0
539.0
649.0
628.0
645.0
585.0
526.0
443.0
280.0
135.0
26.0
0.0
0.0
0.0
0.0
0.0
0.0
0.0
25.0
67.0
79.0
89.0
155.0
273.0
387.0
370.0
412.0
390.0
431.0
229.0
187.0
153.0
278.0
134.0
34.0
0.0
0.0
0.0
0.0
0.0
0.0
0.0
16.0
67.0
117.0
220.0
335.0
387.0
447.0
605.0
630.0
393.0
496.0
377.0
384.0
137.0
21.0
49.0
3.0
0.0
0.0
0.0
0.0
0.0
0.0
0.0
16.0
123.0
255.0
381.0
498.0
588.0
670.0
694.0
704.0
727.0
701.0
549.0
434.0
329.0
200.0
86.0
8.0
0.0
0.0
0.0
0.0
0.0
0.0
0.0
8.0
68.0
128.0
196.0
278.0
330.0
390.0
391.0
416.0
400.0
339.0
298.0
236.0
170.0
99.0
48.0
3.0
0.0
0.0
0.0
0.0
0.0
0.0
0.0
3.0
13.0
31.0
46.0
70.0
82.0
91.0
92.0
98.0
100.0
90.0
77.0
62.0
50.0
30.0
16.0
3.0
0.0
0.0
0.0
0.0
0.0
0.0
0.0
9.0
63.0
122.0
200.0
264.0
316.0
340.0
331.0
355.0
339.0
318.0
264.0
195.0
163.0
83.0
35.0
3.0
0.0
0.0
0.0
0.0
0.0
0.0
0.0
4.0
43.0
93.0
155.0
214.0
303.0
357.0
386.0
401.0
383.0
315.0
281.0
224.0
148.0
82.0
27.0
2.0
0.0
0.0
0.0
0.0
0.0
0.0
0.0
3.0
73.0
142.0
358.0
396.0
474.0
453.0
486.0
425.0
209.0
344.0
350.0
315.0
179.0
117.0
10.0
2.0
0.0
0.0
0.0
0.0
0.0
0.0
0.0
6.0
67.0
157.0
269.0
343.0
446.0
445.0
497.0
486.0
529.0
511.0
434.0
328.0
242.0
129.0
51.0
2.0
0.0
0.0
0.0
0.0
0.0
0.0
0.0
10.0
104.0
221.0
363.0
495.0
618.0
694.0
747.0
751.0
725.0
661.0
600.0
496.0
371.0
235.0
113.0
11.0
0.0
0.0
0.0
0.0
0.0
0.0
0.0
8.0
91.0
225.0
356.0
513.0
591.0
680.0
781.0
758.0
679.0
617.0
506.0
442.0
296.0
162.0
75.0
2.0
0.0
0.0
0.0
0.0
0.0
0.0
0.0
9.0
93.0
259.0
420.0
559.0
541.0
662.0
559.0
476.0
530.0
489.0
385.0
247.0
266.0
152.0
55.0
2.0
0.0
0.0
0.0
0.0
0.0
0.0
0.0
10.0
105.0
203.0
330.0
471.0
548.0
616.0
652.0
661.0
617.0
541.0
483.0
363.0
252.0
141.0
56.0
2.0
0.0
0.0
0.0
0.0
0.0
0.0
0.0
4.0
62.0
100.0
162.0
258.0
328.0
350.0
354.0
399.0
366.0
375.0
328.0
240.0
192.0
107.0
49.0
2.0
0.0
0.0
0.0
0.0
0.0
0.0
0.0
1.0
8.0
19.0
34.0
43.0
368.0
87.0
615.0
598.0
922.0
432.0
449.0
190.0
222.0
152.0
54.0
2.0
0.0
0.0
0.0
0.0
0.0
0.0
0.0
1.0
17.0
38.0
67.0
93.0
134.0
132.0
141.0
157.0
153.0
147.0
131.0
107.0
70.0
51.0
22.0
2.0
0.0
0.0
0.0
0.0
0.0
0.0
0.0
1.0
66.0
153.0
237.0
399.0
497.0
585.0
642.0
725.0
736.0
658.0
555.0
447.0
328.0
177.0
82.0
6.0
0.0
0.0
0.0
0.0
0.0
0.0
0.0
3.0
55.0
135.0
219.0
287.0
350.0
407.0
435.0
441.0
425.0
393.0
336.0
226.0
146.0
105.0
40.0
1.0
0.0
0.0
0.0
0.0
0.0
0.0
0.0
1.0
17.0
41.0
59.0
91.0
112.0
117.0
133.0
142.0
148.0
142.0
117.0
92.0
64.0
39.0
12.0
1.0
0.0
0.0
0.0
0.0
0.0
0.0
0.0
1.0
106.0
254.0
380.0
523.0
721.0
854.0
626.0
423.0
496.0
445.0
398.0
225.0
188.0
79.0
39.0
1.0
0.0
0.0
0.0
0.0
0.0
0.0
0.0
1.0
25.0
72.0
143.0
153.0
196.0
217.0
217.0
224.0
221.0
184.0
145.0
107.0
71.0
42.0
12.0
1.0
0.0
0.0
0.0
0.0
0.0
0.0
0.0
1.0
28.0
69.0
118.0
167.0
209.0
247.0
266.0
277.0
273.0
245.0
212.0
171.0
133.0
76.0
33.0
2.0
0.0
0.0
0.0
0.0
0.0
0.0
0.0
4.0
88.0
174.0
252.0
360.0
460.0
474.0
526.0
455.0
401.0
279.0
139.0
96.0
49.0
17.0
7.0
1.0
0.0
0.0
0.0
0.0
0.0
0.0
0.0
1.0
34.0
149.0
298.0
521.0
701.0
446.0
566.0
712.0
525.0
317.0
371.0
42.0
30.0
17.0
7.0
1.0
0.0
0.0
0.0
0.0
0.0
0.0
0.0
1.0
42.0
215.0
389.0
362.0
463.0
813.0
885.0
288.0
246.0
334.0
401.0
42.0
103.0
167.0
7.0
1.0
0.0
0.0
0.0
0.0
0.0
0.0
0.0
1.0
70.0
180.0
306.0
447.0
563.0
645.0
732.0
744.0
737.0
672.0
597.0
481.0
337.0
201.0
79.0
2.0
0.0
0.0
0.0
0.0
0.0
0.0
0.0
1.0
73.0
197.0
339.0
472.0
593.0
681.0
740.0
767.0
739.0
673.0
578.0
469.0
331.0
186.0
67.0
1.0
0.0
0.0
0.0
0.0
0.0
0.0
0.0
0.0
41.0
107.0
193.0
283.0
390.0
428.0
474.0
490.0
463.0
437.0
364.0
279.0
203.0
118.0
46.0
1.0
0.0
0.0
0.0
0.0
0.0
0.0
0.0
1.0
41.0
85.0
127.0
144.0
193.0
223.0
329.0
448.0
442.0
493.0
322.0
171.0
181.0
90.0
6.0
2.0
0.0
0.0
0.0
0.0
0.0
0.0
0.0
0.0
52.0
122.0
226.0
317.0
427.0
459.0
533.0
439.0
393.0
449.0
450.0
403.0
269.0
170.0
77.0
3.0
0.0
0.0
0.0
0.0
0.0
0.0
0.0
0.0
18.0
49.0
80.0
104.0
133.0
168.0
213.0
195.0
210.0
169.0
175.0
126.0
78.0
36.0
10.0
0.0
0.0
0.0
0.0
0.0
0.0
0.0
0.0
0.0
40.0
124.0
222.0
338.0
421.0
466.0
512.0
543.0
533.0
489.0
437.0
350.0
232.0
137.0
46.0
0.0
0.0
0.0
0.0
0.0
0.0
0.0
0.0
0.0
25.0
80.0
143.0
123.0
160.0
183.0
286.0
443.0
334.0
178.0
111.0
153.0
138.0
87.0
52.0
1.0
0.0
0.0
0.0
0.0
0.0
0.0
0.0
0.0
5.0
58.0
125.0
192.0
288.0
330.0
432.0
382.0
376.0
258.0
296.0
242.0
185.0
92.0
27.0
0.0
0.0
0.0
0.0
0.0
0.0
0.0
0.0
0.0
10.0
35.0
71.0
103.0
113.0
161.0
194.0
210.0
170.0
151.0
130.0
111.0
75.0
38.0
14.0
0.0
0.0
0.0
0.0
0.0
0.0
0.0
0.0
0.0
26.0
125.0
109.0
246.0
225.0
191.0
88.0
350.0
285.0
260.0
160.0
264.0
288.0
196.0
49.0
1.0
0.0
0.0
0.0
0.0
0.0
0.0
0.0
0.0
19.0
83.0
56.0
51.0
112.0
56.0
285.0
440.0
457.0
452.0
664.0
424.0
265.0
172.0
59.0
0.0
0.0
0.0
0.0
0.0
0.0
0.0
0.0
0.0
37.0
182.0
347.0
357.0
540.0
780.0
669.0
453.0
344.0
271.0
49.0
38.0
26.0
14.0
4.0
0.0
0.0
0.0
0.0
0.0
0.0
0.0
0.0
0.0
28.0
76.0
136.0
204.0
388.0
474.0
498.0
568.0
517.0
524.0
462.0
296.0
222.0
122.0
52.0
0.0
0.0
0.0
0.0
0.0
0.0
0.0
0.0
0.0
20.0
145.0
292.0
437.0
573.0
675.0
736.0
756.0
738.0
675.0
577.0
448.0
302.0
156.0
23.0
0.0
0.0
0.0
0.0
0.0
0.0
0.0
0.0
0.0
19.0
150.0
294.0
438.0
569.0
670.0
731.0
761.0
742.0
679.0
578.0
446.0
298.0
151.0
20.0
0.0
0.0
0.0
0.0
0.0
0.0
0.0
0.0
0.0
12.0
69.0
185.0
319.0
321.0
438.0
519.0
510.0
502.0
368.0
398.0
348.0
282.0
163.0
29.0
0.0
0.0
0.0
0.0
0.0
0.0
0.0
0.0
0.0
13.0
122.0
251.0
396.0
527.0
626.0
679.0
713.0
699.0
621.0
509.0
405.0
256.0
132.0
15.0
0.0
0.0
0.0
0.0
0.0
0.0
0.0
0.0
0.0
5.0
81.0
153.0
254.0
331.0
400.0
426.0
435.0
397.0
370.0
306.0
221.0
123.0
56.0
3.0
0.0
0.0
0.0
0.0
0.0
0.0
0.0
0.0
0.0
12.0
128.0
259.0
406.0
522.0
622.0
690.0
681.0
663.0
621.0
498.0
384.0
255.0
126.0
10.0
0.0
0.0
0.0
0.0
0.0
0.0
0.0
0.0
0.0
2.0
33.0
66.0
55.0
167.0
207.0
171.0
198.0
252.0
261.0
238.0
140.0
113.0
54.0
6.0
0.0
0.0
0.0
0.0
0.0
0.0
0.0
0.0
0.0
2.0
15.0
23.0
115.0
144.0
270.0
165.0
225.0
234.0
263.0
266.0
284.0
258.0
134.0
21.0
0.0
0.0
0.0
0.0
0.0
0.0
0.0
0.0
0.0
4.0
48.0
97.0
165.0
218.0
245.0
264.0
271.0
265.0
248.0
220.0
169.0
101.0
47.0
2.0
0.0
0.0
0.0
0.0
0.0
0.0
0.0
0.0
0.0
4.0
43.0
85.0
139.0
189.0
231.0
246.0
259.0
245.0
231.0
187.0
135.0
83.0
37.0
2.0
0.0
0.0
0.0
0.0
0.0
0.0
0.0
0.0
0.0
4.0
40.0
215.0
325.0
495.0
515.0
328.0
237.0
138.0
108.0
46.0
47.0
56.0
34.0
9.0
0.0
0.0
0.0
0.0
0.0
0.0
0.0
0.0
0.0
2.0
33.0
75.0
119.0
153.0
186.0
210.0
215.0
218.0
196.0
164.0
123.0
82.0
37.0
2.0
0.0
0.0
0.0
0.0
0.0
0.0
0.0
0.0
0.0
1.0
50.0
100.0
235.0
365.0
394.0
560.0
637.0
421.0
404.0
361.0
236.0
186.0
97.0
5.0
0.0
0.0
0.0
0.0
0.0
0.0
0.0
0.0
0.0
2.0
39.0
82.0
139.0
187.0
228.0
262.0
286.0
261.0
231.0
198.0
143.0
93.0
38.0
1.0
0.0
0.0
0.0
0.0
0.0
0.0
0.0
0.0
0.0
8.0
94.0
238.0
378.0
600.0
598.0
675.0
545.0
232.0
220.0
158.0
84.0
39.0
12.0
1.0
0.0
0.0
0.0
0.0
0.0
0.0
0.0
0.0
0.0
3.0
81.0
190.0
294.0
415.0
492.0
533.0
530.0
503.0
443.0
372.0
269.0
162.0
63.0
1.0
0.0
0.0
0.0
0.0
0.0
0.0
0.0
0.0
0.0
4.0
57.0
154.0
256.0
332.0
468.0
505.0
496.0
447.0
470.0
372.0
399.0
241.0
95.0
4.0
0.0
0.0
0.0
0.0
0.0
0.0
0.0
0.0
0.0
2.0
78.0
210.0
354.0
462.0
535.0
572.0
601.0
546.0
459.0
354.0
275.0
155.0
60.0
1.0
0.0
0.0
0.0
0.0
0.0
0.0
0.0
0.0
0.0
2.0
79.0
195.0
310.0
413.0
478.0
531.0
538.0
515.0
454.0
364.0
271.0
154.0
54.0
0.0
0.0
0.0
0.0
0.0
0.0
0.0
0.0
0.0
0.0
3.0
72.0
169.0
216.0
470.0
492.0
341.0
167.0
297.0
313.0
108.0
79.0
17.0
28.0
0.0
0.0
0.0
0.0
0.0
0.0
0.0
0.0
0.0
0.0
2.0
55.0
117.0
147.0
158.0
232.0
326.0
397.0
294.0
170.0
67.0
44.0
36.0
6.0
0.0
0.0
0.0
0.0
0.0
0.0
0.0
0.0
0.0
0.0
2.0
84.0
253.0
304.0
454.0
455.0
597.0
666.0
392.0
339.0
247.0
86.0
82.0
40.0
0.0
0.0
0.0
0.0
0.0
0.0
0.0
0.0
0.0
0.0
2.0
50.0
182.0
195.0
379.0
497.0
637.0
517.0
488.0
391.0
327.0
227.0
188.0
57.0
0.0
0.0
0.0
0.0
0.0
0.0
0.0
0.0
0.0
0.0
1.0
80.0
221.0
369.0
494.0
596.0
658.0
668.0
643.0
561.0
458.0
314.0
172.0
54.0
0.0
0.0
0.0
0.0
0.0
0.0
0.0
0.0
0.0
0.0
1.0
67.0
171.0
312.0
435.0
522.0
584.0
578.0
570.0
493.0
434.0
319.0
184.0
60.0
0.0
0.0
0.0
0.0
0.0
0.0
0.0
0.0
0.0
0.0
0.0
23.0
70.0
105.0
113.0
169.0
159.0
187.0
145.0
139.0
132.0
88.0
58.0
22.0
0.0
0.0
0.0
0.0
0.0
0.0
0.0
0.0
0.0
0.0
0.0
63.0
178.0
312.0
432.0
517.0
575.0
588.0
582.0
546.0
411.0
296.0
153.0
24.0
0.0
0.0
0.0
0.0
0.0
0.0
0.0
0.0
0.0
0.0
0.0
32.0
141.0
205.0
291.0
208.0
300.0
168.0
133.0
79.0
207.0
208.0
118.0
35.0
0.0
0.0
0.0
0.0
0.0
0.0
0.0
0.0
0.0
0.0
0.0
60.0
201.0
385.0
538.0
252.0
269.0
340.0
164.0
95.0
38.0
26.0
14.0
3.0
0.0
0.0
0.0
0.0
0.0
0.0
0.0
0.0
0.0
0.0
0.0
22.0
61.0
109.0
155.0
197.0
229.0
235.0
215.0
189.0
139.0
88.0
45.0
3.0
0.0
0.0
0.0
0.0
0.0
0.0
0.0
0.0
0.0
0.0
0.0
18.0
58.0
109.0
141.0
163.0
180.0
197.0
185.0
164.0
123.0
81.0
40.0
3.0
0.0
0.0
0.0
0.0
0.0
0.0
0.0
0.0
0.0
0.0
0.0
27.0
71.0
152.0
207.0
308.0
313.0
330.0
354.0
333.0
328.0
260.0
158.0
27.0
0.0
0.0
0.0
0.0
0.0
0.0
0.0
0.0
0.0
0.0
0.0
5.0
15.0
28.0
39.0
49.0
59.0
65.0
419.0
366.0
287.0
195.0
94.0
6.0
0.0
0.0
0.0
0.0
0.0
0.0
0.0
0.0
0.0
0.0
0.0
6.0
15.0
102.0
175.0
180.0
226.0
318.0
202.0
238.0
220.0
139.0
109.0
20.0
0.0
0.0
0.0
0.0
0.0
0.0
0.0
0.0
0.0
0.0
0.0
14.0
95.0
163.0
243.0
313.0
340.0
356.0
307.0
263.0
196.0
117.0
49.0
2.0
0.0
0.0
0.0
0.0
0.0
0.0
0.0
0.0
0.0
0.0
0.0
18.0
145.0
254.0
378.0
415.0
489.0
529.0
491.0
436.0
382.0
250.0
139.0
8.0
0.0
0.0
0.0
0.0
0.0
0.0
0.0
0.0
0.0
0.0
0.0
12.0
113.0
217.0
278.0
367.0
405.0
412.0
385.0
337.0
283.0
173.0
72.0
1.0
0.0
0.0
0.0
0.0
0.0
0.0
0.0
0.0
0.0
0.0
0.0
6.0
107.0
199.0
224.0
297.0
240.0
361.0
218.0
200.0
211.0
204.0
121.0
6.0
0.0
0.0
0.0
0.0
0.0
0.0
0.0
0.0
0.0
0.0
0.0
3.0
28.0
61.0
93.0
111.0
116.0
114.0
106.0
91.0
71.0
47.0
22.0
1.0
0.0
0.0
0.0
0.0
0.0
0.0
0.0
0.0
0.0
0.0
0.0
3.0
23.0
46.0
71.0
88.0
92.0
97.0
95.0
89.0
67.0
44.0
18.0
1.0
0.0
0.0
0.0
0.0
0.0
0.0
0.0
0.0
0.0
0.0
0.0
11.0
99.0
188.0
276.0
347.0
336.0
346.0
296.0
259.0
184.0
129.0
49.0
1.0
0.0
0.0
0.0
0.0
0.0
0.0
0.0
0.0
0.0
0.0
0.0
2.0
41.0
73.0
32.0
237.0
261.0
321.0
307.0
315.0
206.0
122.0
83.0
6.0
0.0
0.0
0.0
0.0
0.0
0.0
0.0
0.0
0.0
0.0
0.0
2.0
65.0
119.0
167.0
198.0
256.0
279.0
284.0
237.0
167.0
120.0
44.0
1.0
0.0
0.0
0.0
0.0
0.0
0.0
0.0
0.0
0.0
0.0
0.0
4.0
50.0
23.0
198.0
154.0
247.0
308.0
307.0
312.0
151.0
130.0
59.0
1.0
0.0
0.0
0.0
0.0
0.0
0.0
0.0
0.0
0.0
0.0
0.0
7.0
74.0
167.0
173.0
207.0
237.0
418.0
326.0
210.0
178.0
134.0
85.0
1.0
0.0
0.0
0.0
0.0
0.0
0.0
0.0
0.0
0.0
0.0
0.0
7.0
128.0
266.0
393.0
491.0
550.0
560.0
531.0
453.0
340.0
207.0
73.0
0.0
0.0
0.0
0.0
0.0
0.0
0.0
0.0
0.0
0.0
0.0
0.0
2.0
27.0
68.0
100.0
103.0
122.0
128.0
114.0
78.0
54.0
32.0
9.0
0.0
0.0
0.0
0.0
0.0
0.0
0.0
0.0
0.0
0.0
0.0
0.0
5.0
118.0
254.0
382.0
488.0
546.0
559.0
529.0
448.0
334.0
196.0
65.0
0.0
0.0
0.0
0.0
0.0
0.0
0.0
0.0
0.0
0.0
0.0
0.0
4.0
112.0
250.0
376.0
471.0
523.0
530.0
492.0
424.0
312.0
181.0
58.0
0.0
0.0
0.0
0.0
0.0
0.0
0.0
0.0
0.0
0.0
0.0
0.0
4.0
87.0
227.0
244.0
331.0
549.0
518.0
271.0
262.0
63.0
13.0
4.0
0.0
0.0
0.0
0.0
0.0
0.0
0.0
0.0
0.0
0.0
0.0
0.0
2.0
56.0
129.0
193.0
226.0
270.0
274.0
221.0
181.0
116.0
66.0
4.0
0.0
0.0
0.0
0.0
0.0
0.0
0.0
0.0
0.0
0.0
0.0
0.0
2.0
58.0
132.0
178.0
226.0
228.0
267.0
215.0
195.0
130.0
67.0
3.0
0.0
0.0
0.0
0.0
0.0
0.0
0.0
0.0
0.0
0.0
0.0
0.0
1.0
50.0
99.0
175.0
237.0
310.0
316.0
265.0
173.0
122.0
58.0
3.0
0.0
0.0
0.0
0.0
0.0
0.0
0.0
0.0
0.0
0.0
0.0
0.0
1.0
15.0
17.0
27.0
49.0
71.0
46.0
360.0
344.0
296.0
149.0
18.0
0.0
0.0
0.0
0.0
0.0
0.0
0.0
0.0
0.0
0.0
0.0
0.0
1.0
56.0
139.0
205.0
277.0
314.0
326.0
316.0
263.0
185.0
94.0
6.0
0.0
0.0
0.0
0.0
0.0
0.0
0.0
0.0
0.0
0.0
0.0
0.0
0.0
12.0
28.0
31.0
42.0
40.0
69.0
365.0
297.0
205.0
105.0
8.0
0.0
0.0
0.0
0.0
0.0
0.0
0.0
0.0
0.0
0.0
0.0
0.0
0.0
45.0
117.0
197.0
219.0
244.0
274.0
254.0
177.0
150.0
85.0
2.0
0.0
0.0
0.0
0.0
0.0
0.0
0.0
0.0
0.0
0.0
0.0
0.0
1.0
83.0
217.0
345.0
441.0
496.0
506.0
466.0
383.0
268.0
133.0
7.0
0.0
0.0
0.0
0.0
0.0
0.0
0.0
0.0
0.0
0.0
0.0
0.0
0.0
29.0
75.0
121.0
149.0
164.0
163.0
153.0
114.0
79.0
37.0
2.0
0.0
0.0
0.0
0.0
0.0
0.0
0.0
0.0
0.0
0.0
0.0
0.0
0.0
37.0
71.0
127.0
113.0
209.0
159.0
196.0
220.0
231.0
131.0
15.0
0.0
0.0
0.0
0.0
0.0
0.0
0.0
0.0
0.0
0.0
0.0
0.0
0.0
36.0
95.0
167.0
210.0
218.0
204.0
188.0
152.0
109.0
49.0
1.0
0.0
0.0
0.0
0.0
0.0
0.0
0.0
0.0
0.0
0.0
0.0
0.0
0.0
25.0
70.0
113.0
147.0
172.0
172.0
162.0
127.0
83.0
37.0
1.0
0.0
0.0
0.0
0.0
0.0
0.0
0.0
0.0
0.0
0.0
0.0
0.0
0.0
12.0
40.0
84.0
94.0
108.0
106.0
92.0
77.0
47.0
24.0
1.0
0.0
0.0
0.0
0.0
0.0
0.0
0.0
0.0
0.0
0.0
0.0
0.0
0.0
40.0
93.0
267.0
399.0
339.0
302.0
165.0
77.0
36.0
7.0
1.0
0.0
0.0
0.0
0.0
0.0
0.0
0.0
0.0
0.0
0.0
0.0
0.0
0.0
48.0
165.0
226.0
295.0
279.0
358.0
333.0
311.0
230.0
84.0
2.0
0.0
0.0
0.0
0.0
0.0
0.0
0.0
0.0
0.0
0.0
0.0
0.0
0.0
8.0
16.0
23.0
53.0
73.0
92.0
378.0
290.0
193.0
75.0
1.0
0.0
0.0
0.0
0.0
0.0
0.0
0.0
0.0
0.0
0.0
0.0
0.0
0.0
4.0
25.0
42.0
54.0
59.0
62.0
57.0
47.0
30.0
11.0
0.0
0.0
0.0
0.0
0.0
0.0
0.0
0.0
0.0
0.0
0.0
0.0
0.0
0.0
9.0
163.0
240.0
208.0
237.0
272.0
134.0
119.0
48.0
6.0
0.0
0.0
0.0
0.0
0.0
0.0
0.0
0.0
0.0
0.0
0.0
0.0
0.0
0.0
12.0
107.0
196.0
269.0
319.0
319.0
297.0
228.0
135.0
50.0
0.0
0.0
0.0
0.0
0.0
0.0
0.0
0.0
0.0
0.0
0.0
0.0
0.0
0.0
15.0
131.0
236.0
317.0
364.0
368.0
331.0
254.0
155.0
59.0
0.0
0.0
0.0
0.0
0.0
0.0
0.0
0.0
0.0
0.0
0.0
0.0
0.0
0.0
8.0
88.0
149.0
200.0
123.0
162.0
180.0
100.0
14.0
5.0
0.0
0.0
0.0
0.0
0.0
0.0
0.0
0.0
0.0
0.0
0.0
0.0
0.0
0.0
2.0
77.0
105.0
104.0
140.0
214.0
267.0
216.0
156.0
54.0
0.0
0.0
0.0
0.0
0.0
0.0
0.0
0.0
0.0
0.0
0.0
0.0
0.0
0.0
2.0
69.0
129.0
193.0
221.0
306.0
289.0
182.0
137.0
53.0
0.0
0.0
0.0
0.0
0.0
0.0
0.0
0.0
0.0
0.0
0.0
0.0
0.0
0.0
2.0
12.0
20.0
27.0
32.0
32.0
266.0
203.0
122.0
40.0
0.0
0.0
0.0
0.0
0.0
0.0
0.0
0.0
0.0
0.0
0.0
0.0
0.0
0.0
2.0
11.0
33.0
48.0
49.0
32.0
307.0
225.0
119.0
17.0
0.0
0.0
0.0
0.0
0.0
0.0
0.0
0.0
0.0
0.0
0.0
0.0
0.0
0.0
3.0
9.0
52.0
148.0
148.0
297.0
251.0
157.0
91.0
30.0
0.0
0.0
0.0
0.0
0.0
0.0
0.0
0.0
0.0
0.0
0.0
0.0
0.0
0.0
2.0
28.0
53.0
77.0
91.0
91.0
77.0
54.0
29.0
3.0
0.0
0.0
0.0
0.0
0.0
0.0
0.0
0.0
0.0
0.0
0.0
0.0
0.0
0.0
1.0
44.0
88.0
125.0
138.0
127.0
107.0
82.0
50.0
10.0
0.0
0.0
0.0
0.0
0.0
0.0
0.0
0.0
0.0
0.0
0.0
0.0
0.0
0.0
5.0
88.0
204.0
264.0
336.0
330.0
298.0
201.0
130.0
15.0
0.0
0.0
0.0
0.0
0.0
0.0
0.0
0.0
0.0
0.0
0.0
0.0
0.0
0.0
2.0
93.0
195.0
280.0
330.0
307.0
231.0
158.0
88.0
2.0
0.0
0.0
0.0
0.0
0.0
0.0
0.0
0.0
0.0
0.0
0.0
0.0
0.0
0.0
1.0
23.0
44.0
65.0
82.0
79.0
65.0
51.0
27.0
3.0
0.0
0.0
0.0
0.0
0.0
0.0
0.0
0.0
0.0
0.0
0.0
0.0
0.0
0.0
1.0
32.0
70.0
107.0
136.0
139.0
124.0
97.0
54.0
6.0
0.0
0.0
0.0
0.0
0.0
0.0
0.0
0.0
0.0
0.0
0.0
0.0
0.0
0.0
1.0
22.0
14.0
27.0
25.0
25.0
276.0
227.0
120.0
21.0
0.0
0.0
0.0
0.0
0.0
0.0
0.0
0.0
0.0
0.0
0.0
0.0
0.0
0.0
1.0
44.0
112.0
148.0
192.0
186.0
155.0
114.0
58.0
2.0
0.0
0.0
0.0
0.0
0.0
0.0
0.0
0.0
0.0
0.0
0.0
0.0
0.0
0.0
1.0
6.0
14.0
21.0
25.0
79.0
253.0
187.0
110.0
12.0
0.0
0.0
0.0
0.0
0.0
0.0
0.0
0.0
0.0
0.0
0.0
0.0
0.0
0.0
1.0
52.0
116.0
161.0
180.0
190.0
159.0
90.0
43.0
2.0
0.0
0.0
0.0
0.0
0.0
0.0
0.0
0.0
0.0
0.0
0.0
0.0
0.0
0.0
0.0
47.0
126.0
183.0
207.0
223.0
219.0
154.0
78.0
3.0
0.0
0.0
0.0
0.0
0.0
0.0
0.0
0.0
0.0
0.0
0.0
0.0
0.0
0.0
0.0
34.0
80.0
118.0
164.0
157.0
135.0
97.0
46.0
1.0
0.0
0.0
0.0
0.0
0.0
0.0
0.0
0.0
0.0
0.0
0.0
0.0
0.0
0.0
0.0
18.0
35.0
54.0
64.0
79.0
86.0
59.0
26.0
1.0
0.0
0.0
0.0
0.0
0.0
0.0
0.0
0.0
0.0
0.0
0.0
0.0
0.0
0.0
0.0
21.0
52.0
78.0
97.0
100.0
84.0
64.0
30.0
1.0
0.0
0.0
0.0
0.0
0.0
0.0
0.0
0.0
0.0
0.0
0.0
0.0
0.0
0.0
0.0
9.0
27.0
47.0
56.0
73.0
69.0
48.0
21.0
1.0
0.0
0.0
0.0
0.0
0.0
0.0
0.0
0.0
0.0
0.0
0.0
0.0
0.0
0.0
0.0
13.0
27.0
42.0
56.0
67.0
60.0
41.0
21.0
1.0
0.0
0.0
0.0
0.0
0.0
0.0
0.0
0.0
0.0
0.0
0.0
0.0
0.0
0.0
0.0
6.0
16.0
25.0
32.0
33.0
32.0
20.0
9.0
1.0
0.0
0.0
0.0
0.0
0.0
0.0
0.0
0.0
0.0
0.0
0.0
0.0
0.0
0.0
0.0
7.0
19.0
30.0
32.0
33.0
156.0
115.0
52.0
1.0
0.0
0.0
0.0
0.0
0.0
0.0
0.0
0.0
0.0
0.0
0.0
0.0
0.0
0.0
0.0
32.0
86.0
142.0
178.0
218.0
202.0
147.0
72.0
2.0
0.0
0.0
0.0
0.0
0.0
0.0
0.0
0.0
0.0
0.0
0.0
0.0
0.0
0.0
0.0
3.0
123.0
109.0
161.0
163.0
155.0
50.0
63.0
1.0
0.0
0.0
0.0
0.0
0.0
0.0
0.0
0.0
0.0
0.0
0.0
0.0
0.0
0.0
0.0
3.0
18.0
38.0
47.0
49.0
211.0
141.0
57.0
1.0
0.0
0.0
0.0
0.0
0.0
0.0
0.0
0.0
0.0
0.0
0.0
0.0
0.0
0.0
0.0
15.0
110.0
178.0
224.0
235.0
205.0
135.0
56.0
0.0
0.0
0.0
0.0
0.0
0.0
0.0
0.0
0.0
0.0
0.0
0.0
0.0
0.0
0.0
0.0
6.0
50.0
54.0
93.0
111.0
82.0
58.0
8.0
0.0
0.0
0.0
0.0
0.0
0.0
0.0
0.0
0.0
0.0
0.0
0.0
0.0
0.0
0.0
0.0
2.0
68.0
139.0
144.0
141.0
136.0
117.0
30.0
1.0
0.0
0.0
0.0
0.0
0.0
0.0
0.0
0.0
0.0
0.0
0.0
0.0
0.0
0.0
0.0
2.0
26.0
72.0
110.0
97.0
81.0
29.0
16.0
0.0
0.0
0.0
0.0
0.0
0.0
0.0
0.0
0.0
0.0
0.0
0.0
0.0
0.0
0.0
0.0
2.0
28.0
55.0
62.0
81.0
58.0
39.0
20.0
0.0
0.0
0.0
0.0
0.0
0.0
0.0
0.0
0.0
0.0
0.0
0.0
0.0
0.0
0.0
0.0
2.0
34.0
69.0
105.0
117.0
100.0
71.0
28.0
0.0
0.0
0.0
0.0
0.0
0.0
0.0
0.0
0.0
0.0
0.0
0.0
0.0
0.0
0.0
0.0
9.0
46.0
103.0
93.0
193.0
187.0
122.0
40.0
0.0
0.0
0.0
0.0
0.0
0.0
0.0
0.0
0.0
0.0
0.0
0.0
0.0
0.0
0.0
0.0
2.0
59.0
112.0
140.0
112.0
107.0
61.0
28.0
0.0
0.0
0.0
0.0
0.0
0.0
0.0
0.0
0.0
0.0
0.0
0.0
0.0
0.0
0.0
0.0
2.0
47.0
97.0
133.0
113.0
95.0
85.0
35.0
0.0
0.0
0.0
0.0
0.0
0.0
0.0
0.0
0.0
0.0
0.0
0.0
0.0
0.0
0.0
0.0
3.0
40.0
58.0
50.0
25.0
154.0
92.0
39.0
0.0
0.0
0.0
0.0
0.0
0.0
0.0
0.0
0.0
0.0
0.0
0.0
0.0
0.0
0.0
0.0
1.0
43.0
86.0
116.0
128.0
120.0
58.0
13.0
0.0
0.0
0.0
0.0
0.0
0.0
0.0
0.0
0.0
0.0
0.0
0.0
0.0
0.0
0.0
0.0
2.0
84.0
101.0
163.0
194.0
180.0
115.0
21.0
0.0
0.0
0.0
0.0
0.0
0.0
0.0
0.0
0.0
0.0
0.0
0.0
0.0
0.0
0.0
0.0
1.0
60.0
118.0
165.0
210.0
164.0
88.0
17.0
0.0
0.0
0.0
0.0
0.0
0.0
0.0
0.0
0.0
0.0
0.0
0.0
0.0
0.0
0.0
0.0
6.0
76.0
147.0
194.0
183.0
122.0
81.0
21.0
0.0
0.0
0.0
0.0
0.0
0.0
0.0
0.0
0.0
0.0
0.0
0.0
0.0
0.0
0.0
0.0
3.0
70.0
120.0
191.0
206.0
153.0
102.0
13.0
0.0
0.0
0.0
0.0
0.0
0.0
0.0
0.0
0.0
0.0
0.0
0.0
0.0
0.0
0.0
0.0
1.0
10.0
18.0
23.0
24.0
20.0
13.0
3.0
0.0
0.0
0.0
0.0
0.0
0.0
0.0
0.0
0.0
0.0
0.0
0.0
0.0
0.0
0.0
0.0
1.0
50.0
115.0
144.0
153.0
128.0
76.0
12.0
0.0
0.0
0.0
0.0
0.0
0.0
0.0
0.0
0.0
0.0
0.0
0.0
0.0
0.0
0.0
0.0
2.0
71.0
90.0
132.0
108.0
90.0
68.0
5.0
0.0
0.0
0.0
0.0
0.0
0.0
0.0
0.0
0.0
0.0
0.0
0.0
0.0
0.0
0.0
0.0
1.0
12.0
59.0
43.0
18.0
142.0
100.0
12.0
0.0
0.0
0.0
0.0
0.0
0.0
0.0
0.0
0.0
0.0
0.0
0.0
0.0
0.0
0.0
0.0
0.0
16.0
30.0
44.0
46.0
36.0
22.0
4.0
0.0
0.0
0.0
0.0
0.0
0.0
0.0
0.0
0.0
0.0
0.0
0.0
0.0
0.0
0.0
0.0
1.0
33.0
149.0
150.0
116.0
119.0
53.0
8.0
0.0
0.0
0.0
0.0
0.0
0.0
0.0
0.0
0.0
0.0
0.0
0.0
0.0
0.0
0.0
0.0
0.0
49.0
118.0
148.0
164.0
142.0
87.0
12.0
0.0
0.0
0.0
0.0
0.0
0.0
0.0
0.0
0.0
0.0
0.0
0.0
0.0
0.0
0.0
0.0
0.0
10.0
21.0
29.0
33.0
28.0
17.0
2.0
0.0
0.0
0.0
0.0
0.0
0.0
0.0
0.0
0.0
0.0
0.0
0.0
0.0
0.0
0.0
0.0
0.0
21.0
48.0
56.0
61.0
52.0
28.0
3.0
0.0
0.0
0.0
0.0
0.0
0.0
0.0
0.0
0.0
0.0
0.0
0.0
0.0
0.0
0.0
0.0
0.0
30.0
69.0
83.0
89.0
76.0
47.0
2.0
0.0
0.0
0.0
0.0
0.0
0.0
0.0
0.0
0.0
0.0
0.0
0.0
0.0
0.0
0.0
0.0
1.0
52.0
117.0
158.0
174.0
143.0
81.0
11.0
0.0
0.0
0.0
0.0
0.0
0.0
0.0
0.0
0.0
0.0
0.0
0.0
0.0
0.0
0.0
0.0
0.0
9.0
9.0
12.0
23.0
135.0
98.0
18.0
0.0
0.0
0.0
0.0
0.0
0.0
0.0
0.0
0.0
0.0
0.0
0.0
0.0
0.0
0.0
0.0
0.0
5.0
13.0
18.0
18.0
124.0
71.0
3.0
0.0
0.0
0.0
0.0
0.0
0.0
0.0
0.0
0.0
0.0
0.0
0.0
0.0
0.0
0.0
0.0
0.0
37.0
68.0
106.0
127.0
125.0
98.0
19.0
0.0
0.0
0.0
0.0
0.0
0.0
0.0
0.0
0.0
0.0
0.0
0.0
0.0
0.0
0.0
0.0
0.0
8.0
12.0
27.0
17.0
140.0
87.0
10.0
0.0
0.0
0.0
0.0
0.0
0.0
0.0
0.0
0.0
0.0
0.0
0.0
0.0
0.0
0.0
0.0
0.0
43.0
95.0
145.0
145.0
117.0
61.0
2.0
0.0
0.0
0.0
0.0
0.0
0.0
0.0
0.0
0.0
0.0
0.0
0.0
0.0
0.0
0.0
0.0
0.0
10.0
21.0
31.0
33.0
30.0
17.0
2.0
0.0
0.0
0.0
0.0
0.0
0.0
0.0
0.0
0.0
0.0
0.0
0.0
0.0
0.0
0.0
0.0
0.0
12.0
31.0
48.0
46.0
49.0
42.0
9.0
0.0
0.0
0.0
0.0
0.0
0.0
0.0
0.0
0.0
0.0
0.0
0.0
0.0
0.0
0.0
0.0
0.0
16.0
40.0
44.0
57.0
45.0
31.0
2.0
0.0
0.0
0.0
0.0
0.0
0.0
0.0
0.0
0.0
0.0
0.0
0.0
0.0
0.0
0.0
0.0
0.0
9.0
24.0
40.0
42.0
39.0
25.0
3.0
0.0
0.0
0.0
0.0
0.0
0.0
0.0
0.0
0.0
0.0
0.0
0.0
0.0
0.0
0.0
0.0
0.0
7.0
17.0
26.0
28.0
24.0
15.0
2.0
0.0
0.0
0.0
0.0
0.0
0.0
0.0
0.0
0.0
0.0
0.0
0.0
0.0
0.0
0.0
0.0
0.0
29.0
65.0
88.0
100.0
87.0
46.0
3.0
0.0
0.0
0.0
0.0
0.0
0.0
0.0
0.0
0.0
0.0
0.0
0.0
0.0
0.0
0.0
0.0
0.0
43.0
88.0
166.0
169.0
139.0
89.0
8.0
0.0
0.0
0.0
0.0
0.0
0.0
0.0
0.0
0.0
0.0
0.0
0.0
0.0
0.0
0.0
0.0
0.0
21.0
47.0
69.0
108.0
76.0
46.0
3.0
0.0
0.0
0.0
0.0
0.0
0.0
0.0
0.0
0.0
0.0
0.0
0.0
0.0
0.0
0.0
0.0
0.0
17.0
40.0
54.0
96.0
98.0
61.0
13.0
0.0
0.0
0.0
0.0
0.0
0.0
0.0
0.0
0.0
0.0
0.0
0.0
0.0
0.0
0.0
0.0
0.0
11.0
33.0
62.0
57.0
60.0
53.0
9.0
0.0
0.0
0.0
0.0
0.0
0.0
0.0
0.0
0.0
0.0
0.0
0.0
0.0
0.0
0.0
0.0
0.0
9.0
22.0
35.0
41.0
36.0
20.0
4.0
0.0
0.0
0.0
0.0
0.0
0.0
0.0
0.0
0.0
0.0
0.0
0.0
0.0
0.0
0.0
0.0
0.0
20.0
48.0
69.0
69.0
55.0
35.0
3.0
0.0
0.0
0.0
0.0
0.0
0.0
0.0
0.0
0.0
0.0
0.0
0.0
0.0
0.0
0.0
0.0
0.0
34.0
105.0
101.0
94.0
86.0
55.0
8.0
0.0
0.0
0.0
0.0
0.0
0.0
0.0
0.0
0.0
0.0
0.0
0.0
0.0
0.0
0.0
0.0
0.0
44.0
96.0
130.0
184.0
163.0
89.0
13.0
0.0
0.0
0.0
0.0
0.0
0.0
0.0
0.0
