0.0
0.0
0.0
0.0
0.0
0.0
0.0
0.0
3.0
115.0
248.0
334.0
367.0
346.0
272.0
149.0
15.0
0.0
0.0
0.0
0.0
0.0
0.0
0.0
0.0
0.0
0.0
0.0
0.0
0.0
0.0
0.0
3.0
116.0
249.0
335.0
369.0
348.0
275.0
152.0
16.0
0.0
0.0
0.0
0.0
0.0
0.0
0.0
0.0
0.0
0.0
0.0
0.0
0.0
0.0
0.0
3.0
117.0
250.0
337.0
371.0
351.0
277.0
155.0
17.0
0.0
0.0
0.0
0.0
0.0
0.0
0.0
0.0
0.0
0.0
0.0
0.0
0.0
0.0
0.0
4.0
118.0
251.0
339.0
373.0
354.0
280.0
159.0
19.0
0.0
0.0
0.0
0.0
0.0
0.0
0.0
0.0
0.0
0.0
0.0
0.0
0.0
0.0
0.0
4.0
119.0
253.0
341.0
376.0
356.0
283.0
162.0
21.0
0.0
0.0
0.0
0.0
0.0
0.0
0.0
0.0
0.0
0.0
0.0
0.0
0.0
0.0
0.0
4.0
120.0
255.0
343.0
378.0
359.0
287.0
165.0
22.0
0.0
0.0
0.0
0.0
0.0
0.0
0.0
0.0
0.0
0.0
0.0
0.0
0.0
0.0
0.0
4.0
122.0
257.0
345.0
381.0
362.0
290.0
169.0
24.0
0.0
0.0
0.0
0.0
0.0
0.0
0.0
0.0
0.0
0.0
0.0
0.0
0.0
0.0
0.0
5.0
123.0
259.0
348.0
384.0
366.0
294.0
173.0
26.0
0.0
0.0
0.0
0.0
0.0
0.0
0.0
0.0
0.0
0.0
0.0
0.0
0.0
0.0
0.0
5.0
125.0
261.0
350.0
387.0
369.0
297.0
177.0
28.0
0.0
0.0
0.0
0.0
0.0
0.0
0.0
0.0
0.0
0.0
0.0
0.0
0.0
0.0
0.0
5.0
127.0
263.0
353.0
390.0
373.0
301.0
181.0
31.0
0.0
0.0
0.0
0.0
0.0
0.0
0.0
0.0
0.0
0.0
0.0
0.0
0.0
0.0
0.0
6.0
129.0
266.0
356.0
394.0
376.0
305.0
185.0
33.0
0.0
0.0
0.0
0.0
0.0
0.0
0.0
0.0
0.0
0.0
0.0
0.0
0.0
0.0
0.0
6.0
132.0
269.0
359.0
397.0
380.0
309.0
189.0
36.0
0.0
0.0
0.0
0.0
0.0
0.0
0.0
0.0
0.0
0.0
0.0
0.0
0.0
0.0
0.0
7.0
134.0
272.0
363.0
401.0
384.0
314.0
194.0
39.0
0.0
0.0
0.0
0.0
0.0
0.0
0.0
0.0
0.0
0.0
0.0
0.0
0.0
0.0
0.0
8.0
137.0
275.0
366.0
405.0
389.0
318.0
198.0
42.0
0.0
0.0
0.0
0.0
0.0
0.0
0.0
0.0
0.0
0.0
0.0
0.0
0.0
0.0
0.0
8.0
140.0
278.0
370.0
409.0
393.0
323.0
203.0
46.0
0.0
0.0
0.0
0.0
0.0
0.0
0.0
0.0
0.0
0.0
0.0
0.0
0.0
0.0
0.0
9.0
143.0
281.0
374.0
413.0
397.0
328.0
208.0
49.0
0.0
0.0
0.0
0.0
0.0
0.0
0.0
0.0
0.0
0.0
0.0
0.0
0.0
0.0
0.0
10.0
146.0
285.0
378.0
418.0
402.0
332.0
213.0
53.0
0.0
0.0
0.0
0.0
0.0
0.0
0.0
0.0
0.0
0.0
0.0
0.0
0.0
0.0
0.0
11.0
149.0
289.0
382.0
422.0
407.0
337.0
218.0
57.0
0.0
0.0
0.0
0.0
0.0
0.0
0.0
0.0
0.0
0.0
0.0
0.0
0.0
0.0
0.0
12.0
153.0
292.0
386.0
427.0
412.0
342.0
223.0
61.0
0.0
0.0
0.0
0.0
0.0
0.0
0.0
0.0
0.0
0.0
0.0
0.0
0.0
0.0
0.0
13.0
156.0
297.0
390.0
431.0
417.0
348.0
229.0
66.0
0.0
0.0
0.0
0.0
0.0
0.0
0.0
0.0
0.0
0.0
0.0
0.0
0.0
0.0
0.0
15.0
160.0
301.0
395.0
436.0
422.0
353.0
234.0
71.0
0.0
0.0
0.0
0.0
0.0
0.0
0.0
0.0
0.0
0.0
0.0
0.0
0.0
0.0
0.0
16.0
164.0
305.0
400.0
441.0
427.0
359.0
240.0
76.0
0.0
0.0
0.0
0.0
0.0
0.0
0.0
0.0
0.0
0.0
0.0
0.0
0.0
0.0
0.0
18.0
168.0
310.0
404.0
446.0
433.0
364.0
245.0
81.0
0.0
0.0
0.0
0.0
0.0
0.0
0.0
0.0
0.0
0.0
0.0
0.0
0.0
0.0
0.0
20.0
173.0
314.0
409.0
452.0
438.0
370.0
251.0
86.0
0.0
0.0
0.0
0.0
0.0
0.0
0.0
0.0
0.0
0.0
0.0
0.0
0.0
0.0
0.0
22.0
177.0
319.0
415.0
457.0
444.0
376.0
257.0
96.0
0.0
0.0
0.0
0.0
0.0
0.0
0.0
0.0
0.0
0.0
0.0
0.0
0.0
0.0
0.0
24.0
182.0
324.0
420.0
463.0
450.0
381.0
263.0
102.0
0.0
0.0
0.0
0.0
0.0
0.0
0.0
0.0
0.0
0.0
0.0
0.0
0.0
0.0
0.0
26.0
186.0
329.0
425.0
468.0
456.0
387.0
269.0
108.0
1.0
0.0
0.0
0.0
0.0
0.0
0.0
0.0
0.0
0.0
0.0
0.0
0.0
0.0
0.0
28.0
191.0
334.0
431.0
474.0
462.0
394.0
275.0
114.0
1.0
0.0
0.0
0.0
0.0
0.0
0.0
0.0
0.0
0.0
0.0
0.0
0.0
0.0
0.0
31.0
196.0
340.0
436.0
480.0
468.0
400.0
281.0
120.0
2.0
0.0
0.0
0.0
0.0
0.0
0.0
0.0
0.0
0.0
0.0
0.0
0.0
0.0
0.0
34.0
201.0
345.0
442.0
486.0
474.0
406.0
288.0
126.0
3.0
0.0
0.0
0.0
0.0
0.0
0.0
0.0
0.0
0.0
0.0
0.0
0.0
0.0
0.0
37.0
207.0
351.0
448.0
492.0
480.0
412.0
294.0
133.0
4.0
0.0
0.0
0.0
0.0
0.0
0.0
0.0
0.0
0.0
0.0
0.0
0.0
0.0
0.0
40.0
212.0
356.0
454.0
498.0
486.0
419.0
300.0
139.0
5.0
0.0
0.0
0.0
0.0
0.0
0.0
0.0
0.0
0.0
0.0
0.0
0.0
0.0
0.0
44.0
218.0
362.0
460.0
505.0
493.0
425.0
307.0
145.0
7.0
0.0
0.0
0.0
0.0
0.0
0.0
0.0
0.0
0.0
0.0
0.0
0.0
0.0
0.0
47.0
223.0
368.0
466.0
511.0
499.0
432.0
313.0
152.0
8.0
0.0
0.0
0.0
0.0
0.0
0.0
0.0
0.0
0.0
0.0
0.0
0.0
0.0
0.0
51.0
229.0
374.0
473.0
518.0
506.0
439.0
320.0
158.0
10.0
0.0
0.0
0.0
0.0
0.0
0.0
0.0
0.0
0.0
0.0
0.0
0.0
0.0
0.0
56.0
235.0
381.0
479.0
524.0
513.0
445.0
327.0
165.0
12.0
0.0
0.0
0.0
0.0
0.0
0.0
0.0
0.0
0.0
0.0
0.0
0.0
0.0
0.0
60.0
241.0
387.0
486.0
531.0
520.0
452.0
334.0
172.0
15.0
0.0
0.0
0.0
0.0
0.0
0.0
0.0
0.0
0.0
0.0
0.0
0.0
0.0
0.0
65.0
247.0
393.0
492.0
538.0
526.0
459.0
340.0
178.0
17.0
0.0
0.0
0.0
0.0
0.0
0.0
0.0
0.0
0.0
0.0
0.0
0.0
0.0
0.0
70.0
254.0
400.0
499.0
545.0
533.0
466.0
347.0
185.0
20.0
0.0
0.0
0.0
0.0
0.0
0.0
0.0
0.0
0.0
0.0
0.0
0.0
0.0
0.0
75.0
260.0
406.0
506.0
552.0
540.0
473.0
354.0
192.0
23.0
0.0
0.0
0.0
0.0
0.0
0.0
0.0
0.0
0.0
0.0
0.0
0.0
0.0
0.0
81.0
266.0
413.0
513.0
559.0
547.0
480.0
361.0
199.0
26.0
0.0
0.0
0.0
0.0
0.0
0.0
0.0
0.0
0.0
0.0
0.0
0.0
0.0
0.0
86.0
273.0
420.0
520.0
566.0
555.0
487.0
368.0
205.0
30.0
0.0
0.0
0.0
0.0
0.0
0.0
0.0
0.0
0.0
0.0
0.0
0.0
0.0
0.0
93.0
280.0
427.0
527.0
573.0
562.0
494.0
375.0
212.0
34.0
0.0
0.0
0.0
0.0
0.0
0.0
0.0
0.0
0.0
0.0
0.0
0.0
0.0
0.0
99.0
287.0
434.0
534.0
580.0
569.0
501.0
382.0
219.0
38.0
0.0
0.0
0.0
0.0
0.0
0.0
0.0
0.0
0.0
0.0
0.0
0.0
0.0
0.0
109.0
294.0
441.0
541.0
587.0
576.0
509.0
389.0
226.0
42.0
0.0
0.0
0.0
0.0
0.0
0.0
0.0
0.0
0.0
0.0
0.0
0.0
0.0
0.0
116.0
301.0
448.0
548.0
595.0
583.0
516.0
396.0
233.0
46.0
0.0
0.0
0.0
0.0
0.0
0.0
0.0
0.0
0.0
0.0
0.0
0.0
0.0
1.0
123.0
308.0
455.0
556.0
602.0
591.0
523.0
403.0
240.0
51.0
0.0
0.0
0.0
0.0
0.0
0.0
0.0
0.0
0.0
0.0
0.0
0.0
0.0
2.0
130.0
315.0
463.0
563.0
609.0
598.0
530.0
411.0
247.0
56.0
0.0
0.0
0.0
0.0
0.0
0.0
0.0
0.0
0.0
0.0
0.0
0.0
0.0
3.0
137.0
322.0
470.0
571.0
617.0
606.0
538.0
418.0
254.0
61.0
0.0
0.0
0.0
0.0
0.0
0.0
0.0
0.0
0.0
0.0
0.0
0.0
0.0
4.0
144.0
330.0
478.0
578.0
624.0
613.0
545.0
425.0
261.0
66.0
0.0
0.0
0.0
0.0
0.0
0.0
0.0
0.0
0.0
0.0
0.0
0.0
0.0
5.0
151.0
337.0
485.0
586.0
632.0
621.0
552.0
432.0
268.0
72.0
0.0
0.0
0.0
0.0
0.0
0.0
0.0
0.0
0.0
0.0
0.0
0.0
0.0
7.0
159.0
345.0
493.0
593.0
639.0
628.0
560.0
439.0
275.0
77.0
0.0
0.0
0.0
0.0
0.0
0.0
0.0
0.0
0.0
0.0
0.0
0.0
0.0
9.0
166.0
352.0
500.0
601.0
647.0
635.0
567.0
447.0
282.0
83.0
0.0
0.0
0.0
0.0
0.0
0.0
0.0
0.0
0.0
0.0
0.0
0.0
0.0
11.0
174.0
360.0
508.0
609.0
655.0
643.0
574.0
454.0
289.0
90.0
0.0
0.0
0.0
0.0
0.0
0.0
0.0
0.0
0.0
0.0
0.0
0.0
0.0
14.0
182.0
367.0
516.0
616.0
662.0
650.0
582.0
461.0
296.0
96.0
0.0
0.0
0.0
0.0
0.0
0.0
0.0
0.0
0.0
0.0
0.0
0.0
0.0
17.0
189.0
375.0
524.0
624.0
670.0
658.0
589.0
468.0
303.0
103.0
0.0
0.0
0.0
0.0
0.0
0.0
0.0
0.0
0.0
0.0
0.0
0.0
0.0
20.0
197.0
383.0
531.0
632.0
678.0
666.0
597.0
475.0
310.0
112.0
0.0
0.0
0.0
0.0
0.0
0.0
0.0
0.0
0.0
0.0
0.0
0.0
0.0
24.0
205.0
391.0
539.0
640.0
685.0
673.0
604.0
482.0
317.0
119.0
0.0
0.0
0.0
0.0
0.0
0.0
0.0
0.0
0.0
0.0
0.0
0.0
0.0
27.0
213.0
399.0
547.0
647.0
693.0
681.0
611.0
490.0
324.0
126.0
1.0
0.0
0.0
0.0
0.0
0.0
0.0
0.0
0.0
0.0
0.0
0.0
0.0
32.0
221.0
407.0
555.0
655.0
701.0
688.0
619.0
497.0
331.0
132.0
1.0
0.0
0.0
0.0
0.0
0.0
0.0
0.0
0.0
0.0
0.0
0.0
0.0
36.0
229.0
415.0
563.0
663.0
708.0
696.0
626.0
504.0
338.0
139.0
2.0
0.0
0.0
0.0
0.0
0.0
0.0
0.0
0.0
0.0
0.0
0.0
0.0
41.0
237.0
423.0
571.0
671.0
716.0
703.0
633.0
511.0
345.0
146.0
3.0
0.0
0.0
0.0
0.0
0.0
0.0
0.0
0.0
0.0
0.0
0.0
0.0
46.0
245.0
431.0
579.0
679.0
724.0
711.0
640.0
518.0
352.0
153.0
5.0
0.0
0.0
0.0
0.0
0.0
0.0
0.0
0.0
0.0
0.0
0.0
0.0
51.0
253.0
439.0
587.0
687.0
731.0
718.0
648.0
525.0
359.0
159.0
6.0
0.0
0.0
0.0
0.0
0.0
0.0
0.0
0.0
0.0
0.0
0.0
0.0
57.0
261.0
447.0
595.0
694.0
739.0
725.0
655.0
532.0
365.0
166.0
8.0
0.0
0.0
0.0
0.0
0.0
0.0
0.0
0.0
0.0
0.0
0.0
0.0
63.0
270.0
455.0
603.0
702.0
747.0
733.0
662.0
539.0
372.0
173.0
10.0
0.0
0.0
0.0
0.0
0.0
0.0
0.0
0.0
0.0
0.0
0.0
0.0
70.0
278.0
463.0
611.0
710.0
754.0
740.0
669.0
546.0
379.0
179.0
12.0
0.0
0.0
0.0
0.0
0.0
0.0
0.0
0.0
0.0
0.0
0.0
0.0
76.0
286.0
472.0
619.0
718.0
762.0
748.0
676.0
553.0
386.0
186.0
14.0
0.0
0.0
0.0
0.0
0.0
0.0
0.0
0.0
0.0
0.0
0.0
0.0
84.0
294.0
480.0
627.0
726.0
769.0
755.0
684.0
560.0
392.0
193.0
16.0
0.0
0.0
0.0
0.0
0.0
0.0
0.0
0.0
0.0
0.0
0.0
0.0
91.0
303.0
488.0
635.0
733.0
777.0
762.0
691.0
567.0
399.0
199.0
19.0
0.0
0.0
0.0
0.0
0.0
0.0
0.0
0.0
0.0
0.0
0.0
0.0
99.0
311.0
496.0
643.0
741.0
784.0
769.0
698.0
574.0
406.0
206.0
22.0
0.0
0.0
0.0
0.0
0.0
0.0
0.0
0.0
0.0
0.0
0.0
0.0
107.0
319.0
504.0
651.0
749.0
792.0
777.0
705.0
580.0
412.0
212.0
25.0
0.0
0.0
0.0
0.0
0.0
0.0
0.0
0.0
0.0
0.0
0.0
0.0
117.0
328.0
512.0
659.0
757.0
799.0
784.0
711.0
587.0
419.0
219.0
28.0
0.0
0.0
0.0
0.0
0.0
0.0
0.0
0.0
0.0
0.0
0.0
0.0
125.0
336.0
521.0
667.0
764.0
807.0
791.0
718.0
594.0
426.0
225.0
31.0
0.0
0.0
0.0
0.0
0.0
0.0
0.0
0.0
0.0
0.0
0.0
1.0
134.0
344.0
529.0
675.0
772.0
814.0
798.0
725.0
600.0
432.0
232.0
35.0
0.0
0.0
0.0
0.0
0.0
0.0
0.0
0.0
0.0
0.0
0.0
2.0
142.0
353.0
537.0
682.0
779.0
821.0
805.0
732.0
607.0
439.0
238.0
38.0
0.0
0.0
0.0
0.0
0.0
0.0
0.0
0.0
0.0
0.0
0.0
4.0
151.0
361.0
545.0
690.0
787.0
828.0
812.0
739.0
614.0
445.0
245.0
42.0
0.0
0.0
0.0
0.0
0.0
0.0
0.0
0.0
0.0
0.0
0.0
5.0
159.0
369.0
553.0
698.0
794.0
836.0
819.0
745.0
620.0
451.0
251.0
46.0
0.0
0.0
0.0
0.0
0.0
0.0
0.0
0.0
0.0
0.0
0.0
8.0
168.0
378.0
561.0
706.0
802.0
843.0
826.0
752.0
626.0
458.0
257.0
50.0
0.0
0.0
0.0
0.0
0.0
0.0
0.0
0.0
0.0
0.0
0.0
10.0
176.0
386.0
569.0
714.0
809.0
850.0
833.0
759.0
633.0
464.0
264.0
55.0
0.0
0.0
0.0
0.0
0.0
0.0
0.0
0.0
0.0
0.0
0.0
13.0
185.0
394.0
577.0
721.0
817.0
857.0
839.0
765.0
639.0
470.0
270.0
59.0
0.0
0.0
0.0
0.0
0.0
0.0
0.0
0.0
0.0
0.0
0.0
16.0
193.0
402.0
585.0
729.0
824.0
864.0
846.0
772.0
645.0
476.0
276.0
64.0
0.0
0.0
0.0
0.0
0.0
0.0
0.0
0.0
0.0
0.0
0.0
19.0
202.0
411.0
593.0
736.0
831.0
871.0
853.0
778.0
652.0
483.0
282.0
69.0
0.0
0.0
0.0
0.0
0.0
0.0
0.0
0.0
0.0
0.0
0.0
23.0
210.0
419.0
601.0
744.0
838.0
878.0
859.0
784.0
658.0
489.0
288.0
74.0
0.0
0.0
0.0
0.0
0.0
0.0
0.0
0.0
0.0
0.0
0.0
27.0
219.0
427.0
609.0
751.0
845.0
884.0
866.0
791.0
664.0
495.0
294.0
79.0
0.0
0.0
0.0
0.0
0.0
0.0
0.0
0.0
0.0
0.0
0.0
31.0
227.0
435.0
616.0
759.0
853.0
891.0
872.0
797.0
670.0
501.0
300.0
84.0
0.0
0.0
0.0
0.0
0.0
0.0
0.0
0.0
0.0
0.0
0.0
36.0
235.0
443.0
624.0
766.0
860.0
898.0
879.0
803.0
676.0
507.0
306.0
89.0
0.0
0.0
0.0
0.0
0.0
0.0
0.0
0.0
0.0
0.0
0.0
41.0
244.0
451.0
632.0
773.0
866.0
904.0
885.0
809.0
682.0
513.0
312.0
95.0
0.0
0.0
0.0
0.0
0.0
0.0
0.0
0.0
0.0
0.0
0.0
46.0
252.0
459.0
639.0
781.0
873.0
911.0
891.0
815.0
688.0
518.0
318.0
101.0
0.0
0.0
0.0
0.0
0.0
0.0
0.0
0.0
0.0
0.0
0.0
52.0
260.0
467.0
647.0
788.0
880.0
917.0
897.0
821.0
694.0
524.0
324.0
107.0
0.0
0.0
0.0
0.0
0.0
0.0
0.0
0.0
0.0
0.0
0.0
58.0
268.0
475.0
654.0
795.0
887.0
924.0
903.0
827.0
699.0
530.0
330.0
113.0
0.0
0.0
0.0
0.0
0.0
0.0
0.0
0.0
0.0
0.0
0.0
64.0
276.0
482.0
662.0
802.0
893.0
930.0
909.0
833.0
705.0
536.0
336.0
119.0
0.0
0.0
0.0
0.0
0.0
0.0
0.0
0.0
0.0
0.0
0.0
70.0
284.0
490.0
669.0
809.0
900.0
936.0
915.0
838.0
711.0
541.0
341.0
125.0
1.0
0.0
0.0
0.0
0.0
0.0
0.0
0.0
0.0
0.0
0.0
77.0
292.0
498.0
676.0
816.0
906.0
942.0
921.0
844.0
716.0
547.0
347.0
131.0
1.0
0.0
0.0
0.0
0.0
0.0
0.0
0.0
0.0
0.0
0.0
84.0
300.0
505.0
683.0
822.0
913.0
948.0
927.0
850.0
722.0
552.0
353.0
137.0
2.0
0.0
0.0
0.0
0.0
0.0
0.0
0.0
0.0
0.0
0.0
91.0
308.0
513.0
691.0
829.0
919.0
954.0
933.0
855.0
727.0
558.0
358.0
142.0
3.0
0.0
0.0
0.0
0.0
0.0
0.0
0.0
0.0
0.0
0.0
99.0
316.0
520.0
698.0
836.0
925.0
960.0
938.0
861.0
733.0
563.0
364.0
148.0
4.0
0.0
0.0
0.0
0.0
0.0
0.0
0.0
0.0
0.0
0.0
107.0
324.0
528.0
705.0
842.0
932.0
966.0
944.0
866.0
738.0
569.0
370.0
154.0
5.0
0.0
0.0
0.0
0.0
0.0
0.0
0.0
0.0
0.0
0.0
114.0
331.0
535.0
711.0
849.0
938.0
972.0
949.0
871.0
743.0
574.0
375.0
160.0
6.0
0.0
0.0
0.0
0.0
0.0
0.0
0.0
0.0
0.0
0.0
122.0
339.0
542.0
718.0
855.0
944.0
978.0
955.0
877.0
749.0
579.0
381.0
166.0
8.0
0.0
0.0
0.0
0.0
0.0
0.0
0.0
0.0
0.0
1.0
130.0
346.0
549.0
725.0
861.0
949.0
983.0
960.0
882.0
754.0
585.0
386.0
171.0
9.0
0.0
0.0
0.0
0.0
0.0
0.0
0.0
0.0
0.0
2.0
138.0
354.0
556.0
731.0
867.0
955.0
989.0
965.0
887.0
759.0
590.0
391.0
177.0
11.0
0.0
0.0
0.0
0.0
0.0
0.0
0.0
0.0
0.0
3.0
146.0
361.0
563.0
738.0
874.0
961.0
994.0
970.0
892.0
764.0
595.0
397.0
182.0
13.0
0.0
0.0
0.0
0.0
0.0
0.0
0.0
0.0
0.0
5.0
153.0
368.0
570.0
744.0
880.0
966.0
999.0
975.0
897.0
769.0
600.0
402.0
188.0
15.0
0.0
0.0
0.0
0.0
0.0
0.0
0.0
0.0
0.0
7.0
161.0
375.0
577.0
751.0
885.0
972.0
1004.0
980.0
902.0
774.0
605.0
407.0
194.0
17.0
0.0
0.0
0.0
0.0
0.0
0.0
0.0
0.0
0.0
9.0
168.0
383.0
583.0
757.0
891.0
977.0
1010.0
985.0
907.0
779.0
610.0
412.0
199.0
20.0
0.0
0.0
0.0
0.0
0.0
0.0
0.0
0.0
0.0
11.0
176.0
389.0
590.0
763.0
897.0
983.0
1015.0
990.0
911.0
783.0
615.0
417.0
205.0
22.0
0.0
0.0
0.0
0.0
0.0
0.0
0.0
0.0
0.0
14.0
183.0
396.0
596.0
769.0
902.0
988.0
1020.0
995.0
916.0
788.0
620.0
423.0
210.0
25.0
0.0
0.0
0.0
0.0
0.0
0.0
0.0
0.0
0.0
17.0
190.0
403.0
603.0
775.0
908.0
993.0
1024.0
1000.0
921.0
793.0
624.0
428.0
215.0
28.0
0.0
0.0
0.0
0.0
0.0
0.0
0.0
0.0
0.0
20.0
197.0
410.0
609.0
781.0
913.0
998.0
1029.0
1004.0
925.0
797.0
629.0
433.0
221.0
31.0
0.0
0.0
0.0
0.0
0.0
0.0
0.0
0.0
0.0
23.0
204.0
416.0
615.0
786.0
919.0
1003.0
1034.0
1009.0
930.0
802.0
634.0
437.0
226.0
34.0
0.0
0.0
0.0
0.0
0.0
0.0
0.0
0.0
0.0
26.0
211.0
423.0
621.0
792.0
924.0
1008.0
1038.0
1013.0
934.0
806.0
639.0
442.0
231.0
37.0
0.0
0.0
0.0
0.0
0.0
0.0
0.0
0.0
0.0
30.0
218.0
429.0
627.0
797.0
929.0
1013.0
1043.0
1018.0
938.0
811.0
643.0
447.0
236.0
41.0
0.0
0.0
0.0
0.0
0.0
0.0
0.0
0.0
0.0
34.0
224.0
435.0
633.0
803.0
934.0
1017.0
1047.0
1022.0
943.0
815.0
648.0
452.0
242.0
44.0
0.0
0.0
0.0
0.0
0.0
0.0
0.0
0.0
0.0
38.0
231.0
441.0
638.0
808.0
939.0
1022.0
1052.0
1026.0
947.0
819.0
652.0
457.0
247.0
48.0
0.0
0.0
0.0
0.0
0.0
0.0
0.0
0.0
0.0
42.0
237.0
447.0
644.0
813.0
944.0
1026.0
1056.0
1030.0
951.0
823.0
656.0
462.0
252.0
52.0
0.0
0.0
0.0
0.0
0.0
0.0
0.0
0.0
0.0
47.0
244.0
453.0
649.0
818.0
948.0
1031.0
1060.0
1034.0
955.0
828.0
661.0
466.0
257.0
56.0
0.0
0.0
0.0
0.0
0.0
0.0
0.0
0.0
0.0
51.0
250.0
459.0
655.0
823.0
953.0
1035.0
1064.0
1038.0
959.0
832.0
665.0
471.0
262.0
60.0
0.0
0.0
0.0
0.0
0.0
0.0
0.0
0.0
0.0
56.0
256.0
465.0
660.0
828.0
957.0
1039.0
1068.0
1042.0
963.0
836.0
669.0
475.0
267.0
64.0
0.0
0.0
0.0
0.0
0.0
0.0
0.0
0.0
0.0
61.0
262.0
470.0
665.0
833.0
962.0
1043.0
1072.0
1046.0
967.0
840.0
674.0
480.0
272.0
68.0
0.0
0.0
0.0
0.0
0.0
0.0
0.0
0.0
0.0
65.0
268.0
476.0
670.0
837.0
966.0
1047.0
1076.0
1050.0
970.0
843.0
678.0
484.0
276.0
72.0
0.0
0.0
0.0
0.0
0.0
0.0
0.0
0.0
0.0
70.0
273.0
481.0
675.0
842.0
970.0
1051.0
1079.0
1053.0
974.0
847.0
682.0
489.0
281.0
77.0
0.0
0.0
0.0
0.0
0.0
0.0
0.0
0.0
0.0
76.0
279.0
486.0
680.0
846.0
974.0
1055.0
1083.0
1057.0
978.0
851.0
686.0
493.0
286.0
81.0
0.0
0.0
0.0
0.0
0.0
0.0
0.0
0.0
0.0
81.0
284.0
491.0
684.0
850.0
978.0
1059.0
1087.0
1060.0
981.0
855.0
690.0
497.0
291.0
86.0
0.0
0.0
0.0
0.0
0.0
0.0
0.0
0.0
0.0
86.0
290.0
496.0
689.0
855.0
982.0
1062.0
1090.0
1064.0
985.0
858.0
694.0
502.0
295.0
91.0
0.0
0.0
0.0
0.0
0.0
0.0
0.0
0.0
0.0
91.0
295.0
501.0
693.0
859.0
986.0
1066.0
1093.0
1067.0
988.0
862.0
697.0
506.0
300.0
96.0
0.0
0.0
0.0
0.0
0.0
0.0
0.0
0.0
0.0
96.0
300.0
506.0
698.0
863.0
989.0
1069.0
1097.0
1070.0
991.0
865.0
701.0
510.0
304.0
99.0
0.0
0.0
0.0
0.0
0.0
0.0
0.0
0.0
0.0
100.0
305.0
510.0
702.0
866.0
993.0
1072.0
1100.0
1073.0
995.0
869.0
705.0
514.0
309.0
104.0
0.0
0.0
0.0
0.0
0.0
0.0
0.0
0.0
0.0
105.0
310.0
515.0
706.0
870.0
996.0
1076.0
1103.0
1076.0
998.0
872.0
709.0
518.0
313.0
108.0
0.0
0.0
0.0
0.0
0.0
0.0
0.0
0.0
0.0
110.0
315.0
519.0
710.0
874.0
999.0
1079.0
1106.0
1079.0
1001.0
876.0
712.0
522.0
318.0
113.0
1.0
0.0
0.0
0.0
0.0
0.0
0.0
0.0
1.0
115.0
319.0
523.0
714.0
877.0
1003.0
1082.0
1109.0
1082.0
1004.0
879.0
716.0
526.0
322.0
118.0
1.0
0.0
0.0
0.0
0.0
0.0
0.0
0.0
1.0
120.0
324.0
528.0
717.0
880.0
1006.0
1085.0
1112.0
1085.0
1007.0
882.0
719.0
530.0
326.0
122.0
2.0
0.0
0.0
0.0
0.0
0.0
0.0
0.0
2.0
125.0
328.0
531.0
721.0
884.0
1009.0
1087.0
1114.0
1088.0
1010.0
885.0
723.0
533.0
330.0
127.0
2.0
0.0
0.0
0.0
0.0
0.0
0.0
0.0
3.0
130.0
332.0
535.0
724.0
887.0
1012.0
1090.0
1117.0
1091.0
1013.0
888.0
726.0
537.0
334.0
131.0
3.0
0.0
0.0
0.0
0.0
0.0
0.0
0.0
4.0
134.0
337.0
539.0
728.0
890.0
1014.0
1093.0
1120.0
1093.0
1015.0
891.0
729.0
541.0
338.0
136.0
4.0
0.0
0.0
0.0
0.0
0.0
0.0
0.0
5.0
138.0
340.0
543.0
731.0
893.0
1017.0
1095.0
1122.0
1096.0
1018.0
894.0
733.0
544.0
342.0
140.0
5.0
0.0
0.0
0.0
0.0
0.0
0.0
0.0
6.0
143.0
344.0
546.0
734.0
896.0
1020.0
1098.0
1125.0
1098.0
1021.0
897.0
736.0
548.0
346.0
144.0
7.0
0.0
0.0
0.0
0.0
0.0
0.0
0.0
7.0
147.0
348.0
549.0
737.0
898.0
1022.0
1100.0
1127.0
1101.0
1023.0
900.0
739.0
551.0
350.0
149.0
8.0
0.0
0.0
0.0
0.0
0.0
0.0
0.0
8.0
151.0
352.0
553.0
740.0
901.0
1025.0
1102.0
1129.0
1103.0
1026.0
903.0
742.0
555.0
354.0
153.0
9.0
0.0
0.0
0.0
0.0
0.0
0.0
0.0
10.0
154.0
355.0
556.0
743.0
903.0
1027.0
1105.0
1131.0
1105.0
1028.0
905.0
745.0
558.0
357.0
157.0
11.0
0.0
0.0
0.0
0.0
0.0
0.0
0.0
11.0
158.0
358.0
559.0
745.0
906.0
1029.0
1107.0
1134.0
1108.0
1031.0
908.0
748.0
561.0
361.0
161.0
12.0
0.0
0.0
0.0
0.0
0.0
0.0
0.0
12.0
162.0
361.0
561.0
748.0
908.0
1031.0
1109.0
1136.0
1110.0
1033.0
910.0
751.0
565.0
365.0
165.0
14.0
0.0
0.0
0.0
0.0
0.0
0.0
0.0
14.0
165.0
364.0
564.0
750.0
910.0
1033.0
1111.0
1137.0
1112.0
1035.0
913.0
753.0
568.0
368.0
168.0
15.0
0.0
0.0
0.0
0.0
0.0
0.0
0.0
15.0
168.0
367.0
567.0
753.0
912.0
1035.0
1113.0
1139.0
1114.0
1037.0
915.0
756.0
571.0
372.0
172.0
17.0
0.0
0.0
0.0
0.0
0.0
0.0
0.0
17.0
171.0
370.0
569.0
755.0
914.0
1037.0
1114.0
1141.0
1116.0
1039.0
918.0
759.0
574.0
375.0
176.0
19.0
0.0
0.0
0.0
0.0
0.0
0.0
0.0
18.0
174.0
373.0
571.0
757.0
916.0
1039.0
1116.0
1143.0
1117.0
1041.0
920.0
761.0
577.0
378.0
179.0
20.0
0.0
0.0
0.0
0.0
0.0
0.0
0.0
20.0
177.0
375.0
574.0
759.0
918.0
1040.0
1118.0
1144.0
1119.0
1043.0
922.0
764.0
579.0
381.0
183.0
22.0
0.0
0.0
0.0
0.0
0.0
0.0
0.0
21.0
180.0
378.0
576.0
761.0
920.0
1042.0
1119.0
1146.0
1121.0
1045.0
924.0
766.0
582.0
384.0
186.0
24.0
0.0
0.0
0.0
0.0
0.0
0.0
0.0
22.0
182.0
380.0
578.0
762.0
921.0
1043.0
1121.0
1148.0
1122.0
1047.0
926.0
769.0
585.0
387.0
189.0
26.0
0.0
0.0
0.0
0.0
0.0
0.0
0.0
24.0
185.0
382.0
579.0
764.0
923.0
1045.0
1122.0
1149.0
1124.0
1049.0
928.0
771.0
588.0
390.0
193.0
28.0
0.0
0.0
0.0
0.0
0.0
0.0
0.0
25.0
187.0
384.0
581.0
765.0
924.0
1046.0
1123.0
1150.0
1126.0
1051.0
930.0
773.0
590.0
393.0
196.0
30.0
0.0
0.0
0.0
0.0
0.0
0.0
0.0
26.0
189.0
386.0
583.0
767.0
925.0
1047.0
1124.0
1152.0
1127.0
1052.0
932.0
776.0
593.0
396.0
199.0
31.0
0.0
0.0
0.0
0.0
0.0
0.0
0.0
28.0
191.0
387.0
584.0
768.0
926.0
1048.0
1125.0
1153.0
1128.0
1054.0
934.0
778.0
595.0
398.0
202.0
33.0
0.0
0.0
0.0
0.0
0.0
0.0
0.0
29.0
193.0
389.0
586.0
769.0
927.0
1049.0
1126.0
1154.0
1130.0
1055.0
936.0
780.0
597.0
401.0
204.0
35.0
0.0
0.0
0.0
0.0
0.0
0.0
0.0
30.0
194.0
390.0
587.0
770.0
928.0
1050.0
1127.0
1155.0
1131.0
1057.0
938.0
782.0
599.0
403.0
207.0
37.0
0.0
0.0
0.0
0.0
0.0
0.0
0.0
31.0
196.0
392.0
588.0
771.0
929.0
1051.0
1128.0
1156.0
1132.0
1058.0
939.0
783.0
602.0
406.0
210.0
39.0
0.0
0.0
0.0
0.0
0.0
0.0
0.0
32.0
197.0
393.0
589.0
772.0
930.0
1052.0
1129.0
1157.0
1133.0
1059.0
941.0
785.0
604.0
408.0
212.0
41.0
0.0
0.0
0.0
0.0
0.0
0.0
0.0
33.0
199.0
394.0
590.0
773.0
931.0
1052.0
1130.0
1158.0
1134.0
1061.0
942.0
787.0
606.0
410.0
215.0
42.0
0.0
0.0
0.0
0.0
0.0
0.0
0.0
34.0
200.0
395.0
591.0
774.0
931.0
1053.0
1130.0
1158.0
1135.0
1062.0
944.0
789.0
607.0
412.0
217.0
44.0
0.0
0.0
0.0
0.0
0.0
0.0
0.0
34.0
201.0
396.0
591.0
774.0
932.0
1053.0
1131.0
1159.0
1136.0
1063.0
945.0
790.0
609.0
414.0
219.0
46.0
0.0
0.0
0.0
0.0
0.0
0.0
0.0
35.0
202.0
397.0
592.0
775.0
932.0
1054.0
1132.0
1160.0
1137.0
1064.0
946.0
792.0
611.0
416.0
221.0
47.0
0.0
0.0
0.0
0.0
0.0
0.0
0.0
36.0
203.0
397.0
592.0
775.0
932.0
1054.0
1132.0
1160.0
1137.0
1065.0
947.0
793.0
613.0
418.0
223.0
49.0
0.0
0.0
0.0
0.0
0.0
0.0
0.0
36.0
203.0
398.0
593.0
775.0
933.0
1054.0
1132.0
1161.0
1138.0
1066.0
948.0
794.0
614.0
420.0
225.0
50.0
0.0
0.0
0.0
0.0
0.0
0.0
0.0
37.0
204.0
398.0
593.0
775.0
933.0
1055.0
1133.0
1161.0
1139.0
1066.0
949.0
796.0
616.0
422.0
227.0
52.0
0.0
0.0
0.0
0.0
0.0
0.0
0.0
37.0
204.0
398.0
593.0
775.0
933.0
1055.0
1133.0
1162.0
1139.0
1067.0
950.0
797.0
617.0
423.0
228.0
53.0
0.0
0.0
0.0
0.0
0.0
0.0
0.0
37.0
204.0
398.0
593.0
775.0
933.0
1055.0
1133.0
1162.0
1140.0
1068.0
951.0
798.0
618.0
424.0
230.0
54.0
0.0
0.0
0.0
0.0
0.0
0.0
0.0
37.0
204.0
398.0
593.0
775.0
933.0
1055.0
1133.0
1162.0
1140.0
1069.0
952.0
799.0
619.0
426.0
231.0
55.0
0.0
0.0
0.0
0.0
0.0
0.0
0.0
37.0
204.0
398.0
593.0
775.0
932.0
1055.0
1133.0
1162.0
1141.0
1069.0
953.0
800.0
621.0
427.0
232.0
56.0
0.0
0.0
0.0
0.0
0.0
0.0
0.0
37.0
204.0
398.0
592.0
775.0
932.0
1054.0
1133.0
1162.0
1141.0
1070.0
954.0
801.0
622.0
428.0
234.0
57.0
0.0
0.0
0.0
0.0
0.0
0.0
0.0
37.0
204.0
397.0
592.0
774.0
932.0
1054.0
1133.0
1162.0
1141.0
1070.0
954.0
802.0
622.0
429.0
235.0
58.0
0.0
0.0
0.0
0.0
0.0
0.0
0.0
37.0
204.0
397.0
591.0
774.0
931.0
1054.0
1133.0
1162.0
1141.0
1070.0
955.0
802.0
623.0
430.0
235.0
59.0
0.0
0.0
0.0
0.0
0.0
0.0
0.0
37.0
203.0
396.0
591.0
773.0
931.0
1053.0
1132.0
1162.0
1141.0
1071.0
955.0
803.0
624.0
431.0
236.0
59.0
0.0
0.0
0.0
0.0
0.0
0.0
0.0
36.0
202.0
396.0
590.0
772.0
930.0
1053.0
1132.0
1162.0
1141.0
1071.0
956.0
803.0
625.0
431.0
237.0
60.0
0.0
0.0
0.0
0.0
0.0
0.0
0.0
36.0
202.0
395.0
589.0
772.0
930.0
1052.0
1132.0
1162.0
1141.0
1071.0
956.0
804.0
625.0
432.0
237.0
60.0
0.0
0.0
0.0
0.0
0.0
0.0
0.0
35.0
201.0
394.0
588.0
771.0
929.0
1052.0
1131.0
1162.0
1141.0
1071.0
956.0
804.0
625.0
432.0
238.0
61.0
0.0
0.0
0.0
0.0
0.0
0.0
0.0
35.0
200.0
393.0
587.0
770.0
928.0
1051.0
1131.0
1161.0
1141.0
1071.0
956.0
804.0
626.0
433.0
238.0
61.0
0.0
0.0
0.0
0.0
0.0
0.0
0.0
34.0
198.0
392.0
586.0
769.0
927.0
1050.0
1130.0
1161.0
1141.0
1071.0
956.0
804.0
626.0
433.0
238.0
61.0
0.0
0.0
0.0
0.0
0.0
0.0
0.0
33.0
197.0
390.0
585.0
768.0
926.0
1049.0
1129.0
1160.0
1140.0
1071.0
956.0
805.0
626.0
433.0
238.0
61.0
0.0
0.0
0.0
0.0
0.0
0.0
0.0
33.0
196.0
389.0
584.0
766.0
925.0
1049.0
1129.0
1160.0
1140.0
1071.0
956.0
804.0
626.0
433.0
238.0
61.0
0.0
0.0
0.0
0.0
0.0
0.0
0.0
32.0
194.0
387.0
582.0
765.0
924.0
1048.0
1128.0
1159.0
1140.0
1070.0
956.0
804.0
626.0
433.0
238.0
61.0
0.0
0.0
0.0
0.0
0.0
0.0
0.0
31.0
193.0
386.0
581.0
764.0
923.0
1047.0
1127.0
1159.0
1139.0
1070.0
956.0
804.0
626.0
433.0
238.0
60.0
0.0
0.0
0.0
0.0
0.0
0.0
0.0
30.0
191.0
384.0
579.0
762.0
921.0
1045.0
1126.0
1158.0
1139.0
1069.0
955.0
804.0
625.0
432.0
237.0
60.0
0.0
0.0
0.0
0.0
0.0
0.0
0.0
28.0
189.0
382.0
577.0
761.0
920.0
1044.0
1125.0
1157.0
1138.0
1069.0
955.0
803.0
625.0
432.0
237.0
59.0
0.0
0.0
0.0
0.0
0.0
0.0
0.0
27.0
187.0
381.0
576.0
759.0
919.0
1043.0
1124.0
1156.0
1137.0
1068.0
954.0
803.0
624.0
431.0
236.0
58.0
0.0
0.0
0.0
0.0
0.0
0.0
0.0
26.0
185.0
379.0
574.0
757.0
917.0
1042.0
1123.0
1155.0
1136.0
1068.0
954.0
802.0
624.0
430.0
235.0
58.0
0.0
0.0
0.0
0.0
0.0
0.0
0.0
25.0
183.0
377.0
572.0
756.0
915.0
1040.0
1122.0
1154.0
1135.0
1067.0
953.0
802.0
623.0
430.0
234.0
57.0
0.0
0.0
0.0
0.0
0.0
0.0
0.0
24.0
181.0
374.0
570.0
754.0
914.0
1039.0
1121.0
1153.0
1135.0
1066.0
952.0
801.0
622.0
429.0
233.0
56.0
0.0
0.0
0.0
0.0
0.0
0.0
0.0
22.0
178.0
372.0
568.0
752.0
912.0
1037.0
1119.0
1152.0
1134.0
1065.0
951.0
800.0
621.0
428.0
232.0
54.0
0.0
0.0
0.0
0.0
0.0
0.0
0.0
21.0
176.0
370.0
566.0
750.0
910.0
1036.0
1118.0
1151.0
1132.0
1064.0
950.0
799.0
620.0
426.0
230.0
53.0
0.0
0.0
0.0
0.0
0.0
0.0
0.0
20.0
173.0
367.0
563.0
748.0
909.0
1034.0
1116.0
1150.0
1131.0
1063.0
949.0
798.0
619.0
425.0
229.0
52.0
0.0
0.0
0.0
0.0
0.0
0.0
0.0
19.0
171.0
365.0
561.0
746.0
907.0
1033.0
1115.0
1148.0
1130.0
1062.0
948.0
797.0
618.0
423.0
227.0
51.0
0.0
0.0
0.0
0.0
0.0
0.0
0.0
17.0
168.0
362.0
559.0
744.0
905.0
1031.0
1113.0
1147.0
1129.0
1061.0
947.0
795.0
616.0
422.0
226.0
49.0
0.0
0.0
0.0
0.0
0.0
0.0
0.0
16.0
165.0
360.0
556.0
741.0
903.0
1029.0
1112.0
1145.0
1127.0
1059.0
946.0
794.0
615.0
420.0
224.0
47.0
0.0
0.0
0.0
0.0
0.0
0.0
0.0
15.0
162.0
357.0
554.0
739.0
901.0
1027.0
1110.0
1144.0
1126.0
1058.0
944.0
792.0
613.0
418.0
222.0
46.0
0.0
0.0
0.0
0.0
0.0
0.0
0.0
13.0
159.0
354.0
551.0
737.0
898.0
1025.0
1108.0
1142.0
1125.0
1056.0
943.0
791.0
611.0
416.0
219.0
44.0
0.0
0.0
0.0
0.0
0.0
0.0
0.0
12.0
156.0
351.0
548.0
734.0
896.0
1023.0
1107.0
1141.0
1123.0
1055.0
941.0
789.0
609.0
414.0
217.0
42.0
0.0
0.0
0.0
0.0
0.0
0.0
0.0
11.0
153.0
348.0
545.0
732.0
894.0
1021.0
1105.0
1139.0
1121.0
1053.0
939.0
787.0
607.0
412.0
215.0
40.0
0.0
0.0
0.0
0.0
0.0
0.0
0.0
10.0
149.0
345.0
543.0
729.0
892.0
1019.0
1103.0
1137.0
1120.0
1052.0
937.0
785.0
605.0
410.0
212.0
39.0
0.0
0.0
0.0
0.0
0.0
0.0
0.0
8.0
146.0
342.0
540.0
726.0
889.0
1017.0
1101.0
1135.0
1118.0
1050.0
936.0
783.0
603.0
407.0
209.0
37.0
0.0
0.0
0.0
0.0
0.0
0.0
0.0
7.0
142.0
338.0
537.0
724.0
887.0
1015.0
1099.0
1133.0
1116.0
1048.0
934.0
781.0
601.0
405.0
206.0
35.0
0.0
0.0
0.0
0.0
0.0
0.0
0.0
6.0
139.0
335.0
534.0
721.0
884.0
1012.0
1097.0
1131.0
1114.0
1046.0
932.0
779.0
598.0
402.0
203.0
33.0
0.0
0.0
0.0
0.0
0.0
0.0
0.0
5.0
135.0
332.0
531.0
718.0
882.0
1010.0
1094.0
1129.0
1112.0
1044.0
929.0
776.0
596.0
399.0
200.0
31.0
0.0
0.0
0.0
0.0
0.0
0.0
0.0
4.0
132.0
328.0
527.0
715.0
879.0
1008.0
1092.0
1127.0
1110.0
1042.0
927.0
774.0
593.0
396.0
197.0
29.0
0.0
0.0
0.0
0.0
0.0
0.0
0.0
3.0
128.0
325.0
524.0
712.0
876.0
1005.0
1090.0
1125.0
1108.0
1039.0
925.0
771.0
590.0
393.0
194.0
27.0
0.0
0.0
0.0
0.0
0.0
0.0
0.0
3.0
124.0
321.0
521.0
709.0
874.0
1003.0
1088.0
1123.0
1105.0
1037.0
922.0
769.0
587.0
390.0
190.0
25.0
0.0
0.0
0.0
0.0
0.0
0.0
0.0
2.0
120.0
317.0
517.0
706.0
871.0
1000.0
1085.0
1120.0
1103.0
1035.0
920.0
766.0
584.0
386.0
186.0
23.0
0.0
0.0
0.0
0.0
0.0
0.0
0.0
1.0
116.0
314.0
514.0
703.0
868.0
997.0
1083.0
1118.0
1100.0
1032.0
917.0
763.0
581.0
383.0
183.0
21.0
0.0
0.0
0.0
0.0
0.0
0.0
0.0
1.0
112.0
310.0
511.0
700.0
865.0
995.0
1080.0
1115.0
1098.0
1029.0
914.0
760.0
578.0
379.0
179.0
19.0
0.0
0.0
0.0
0.0
0.0
0.0
0.0
1.0
108.0
306.0
507.0
697.0
862.0
992.0
1077.0
1113.0
1095.0
1027.0
911.0
757.0
574.0
376.0
175.0
17.0
0.0
0.0
0.0
0.0
0.0
0.0
0.0
0.0
103.0
302.0
503.0
693.0
859.0
989.0
1075.0
1110.0
1093.0
1024.0
908.0
754.0
571.0
372.0
170.0
15.0
0.0
0.0
0.0
0.0
0.0
0.0
0.0
0.0
99.0
298.0
500.0
690.0
856.0
986.0
1072.0
1107.0
1090.0
1021.0
905.0
750.0
567.0
368.0
166.0
13.0
0.0
0.0
0.0
0.0
0.0
0.0
0.0
0.0
97.0
294.0
496.0
687.0
853.0
983.0
1069.0
1105.0
1087.0
1018.0
902.0
747.0
563.0
364.0
162.0
11.0
0.0
0.0
0.0
0.0
0.0
0.0
0.0
0.0
92.0
290.0
492.0
683.0
850.0
980.0
1066.0
1102.0
1084.0
1015.0
899.0
743.0
559.0
359.0
157.0
10.0
0.0
0.0
0.0
0.0
0.0
0.0
0.0
0.0
88.0
286.0
488.0
680.0
846.0
977.0
1063.0
1099.0
1081.0
1012.0
895.0
739.0
555.0
355.0
152.0
8.0
0.0
0.0
0.0
0.0
0.0
0.0
0.0
0.0
84.0
282.0
485.0
676.0
843.0
974.0
1060.0
1096.0
1078.0
1008.0
892.0
736.0
551.0
350.0
148.0
7.0
0.0
0.0
0.0
0.0
0.0
0.0
0.0
0.0
79.0
277.0
481.0
672.0
840.0
971.0
1057.0
1093.0
1075.0
1005.0
888.0
732.0
547.0
346.0
143.0
5.0
0.0
0.0
0.0
0.0
0.0
0.0
0.0
0.0
75.0
273.0
477.0
669.0
836.0
968.0
1054.0
1089.0
1072.0
1002.0
884.0
728.0
542.0
341.0
137.0
4.0
0.0
0.0
0.0
0.0
0.0
0.0
0.0
0.0
71.0
269.0
473.0
665.0
833.0
964.0
1051.0
1086.0
1068.0
998.0
881.0
724.0
538.0
336.0
132.0
3.0
0.0
0.0
0.0
0.0
0.0
0.0
0.0
0.0
67.0
264.0
469.0
661.0
829.0
961.0
1047.0
1083.0
1065.0
994.0
877.0
719.0
533.0
331.0
127.0
2.0
0.0
0.0
0.0
0.0
0.0
0.0
0.0
0.0
63.0
260.0
465.0
658.0
826.0
958.0
1044.0
1079.0
1061.0
991.0
873.0
715.0
529.0
326.0
121.0
1.0
0.0
0.0
0.0
0.0
0.0
0.0
0.0
0.0
59.0
255.0
460.0
654.0
822.0
954.0
1041.0
1076.0
1058.0
987.0
868.0
710.0
524.0
321.0
116.0
1.0
0.0
0.0
0.0
0.0
0.0
0.0
0.0
0.0
56.0
251.0
456.0
650.0
818.0
951.0
1037.0
1072.0
1054.0
983.0
864.0
706.0
519.0
315.0
110.0
0.0
0.0
0.0
0.0
0.0
0.0
0.0
0.0
0.0
52.0
246.0
452.0
646.0
815.0
947.0
1034.0
1069.0
1050.0
979.0
860.0
701.0
514.0
310.0
104.0
0.0
0.0
0.0
0.0
0.0
0.0
0.0
0.0
0.0
49.0
242.0
448.0
642.0
811.0
943.0
1030.0
1065.0
1046.0
975.0
855.0
696.0
508.0
304.0
100.0
0.0
0.0
0.0
0.0
0.0
0.0
0.0
0.0
0.0
45.0
237.0
443.0
638.0
807.0
940.0
1026.0
1061.0
1042.0
971.0
851.0
691.0
503.0
299.0
94.0
0.0
0.0
0.0
0.0
0.0
0.0
0.0
0.0
0.0
42.0
232.0
439.0
634.0
803.0
936.0
1023.0
1058.0
1038.0
966.0
846.0
686.0
498.0
293.0
88.0
0.0
0.0
0.0
0.0
0.0
0.0
0.0
0.0
0.0
39.0
227.0
435.0
630.0
799.0
932.0
1019.0
1054.0
1034.0
962.0
841.0
681.0
492.0
287.0
82.0
0.0
0.0
0.0
0.0
0.0
0.0
0.0
0.0
0.0
35.0
223.0
430.0
625.0
795.0
928.0
1015.0
1050.0
1030.0
957.0
836.0
676.0
486.0
281.0
77.0
0.0
0.0
0.0
0.0
0.0
0.0
0.0
0.0
0.0
32.0
218.0
426.0
621.0
791.0
924.0
1011.0
1045.0
1026.0
953.0
832.0
670.0
481.0
275.0
71.0
0.0
0.0
0.0
0.0
0.0
0.0
0.0
0.0
0.0
30.0
213.0
421.0
617.0
787.0
920.0
1007.0
1041.0
1021.0
948.0
826.0
665.0
475.0
268.0
66.0
0.0
0.0
0.0
0.0
0.0
0.0
0.0
0.0
0.0
27.0
208.0
417.0
613.0
783.0
916.0
1003.0
1037.0
1017.0
943.0
821.0
659.0
469.0
262.0
60.0
0.0
0.0
0.0
0.0
0.0
0.0
0.0
0.0
0.0
24.0
203.0
412.0
608.0
779.0
912.0
999.0
1033.0
1012.0
938.0
816.0
654.0
463.0
256.0
55.0
0.0
0.0
0.0
0.0
0.0
0.0
0.0
0.0
0.0
22.0
198.0
407.0
604.0
775.0
908.0
994.0
1028.0
1008.0
933.0
811.0
648.0
456.0
249.0
50.0
0.0
0.0
0.0
0.0
0.0
0.0
0.0
0.0
0.0
19.0
193.0
403.0
599.0
770.0
904.0
990.0
1024.0
1003.0
928.0
805.0
642.0
450.0
242.0
46.0
0.0
0.0
0.0
0.0
0.0
0.0
0.0
0.0
0.0
17.0
188.0
398.0
595.0
766.0
899.0
986.0
1019.0
998.0
923.0
800.0
636.0
444.0
235.0
41.0
0.0
0.0
0.0
0.0
0.0
0.0
0.0
0.0
0.0
15.0
183.0
393.0
590.0
762.0
895.0
981.0
1015.0
993.0
918.0
794.0
630.0
437.0
229.0
37.0
0.0
0.0
0.0
0.0
0.0
0.0
0.0
0.0
0.0
13.0
178.0
388.0
586.0
757.0
890.0
977.0
1010.0
988.0
912.0
788.0
624.0
431.0
222.0
32.0
0.0
0.0
0.0
0.0
0.0
0.0
0.0
0.0
0.0
11.0
173.0
383.0
581.0
753.0
886.0
972.0
1005.0
983.0
907.0
782.0
617.0
424.0
214.0
28.0
0.0
0.0
0.0
0.0
0.0
0.0
0.0
0.0
0.0
9.0
167.0
379.0
577.0
748.0
881.0
967.0
1000.0
978.0
901.0
776.0
611.0
417.0
207.0
25.0
0.0
0.0
0.0
0.0
0.0
0.0
0.0
0.0
0.0
8.0
162.0
374.0
572.0
744.0
877.0
963.0
995.0
972.0
896.0
770.0
605.0
410.0
200.0
21.0
0.0
0.0
0.0
0.0
0.0
0.0
0.0
0.0
0.0
6.0
157.0
369.0
567.0
739.0
872.0
958.0
990.0
967.0
890.0
764.0
598.0
403.0
193.0
18.0
0.0
0.0
0.0
0.0
0.0
0.0
0.0
0.0
0.0
5.0
152.0
364.0
562.0
734.0
867.0
953.0
985.0
962.0
884.0
758.0
591.0
396.0
185.0
15.0
0.0
0.0
0.0
0.0
0.0
0.0
0.0
0.0
0.0
4.0
146.0
359.0
558.0
729.0
863.0
948.0
980.0
956.0
878.0
751.0
585.0
389.0
178.0
12.0
0.0
0.0
0.0
0.0
0.0
0.0
0.0
0.0
0.0
3.0
141.0
354.0
553.0
725.0
858.0
943.0
975.0
951.0
872.0
745.0
578.0
382.0
170.0
10.0
0.0
0.0
0.0
0.0
0.0
0.0
0.0
0.0
0.0
2.0
136.0
349.0
548.0
720.0
853.0
938.0
969.0
945.0
866.0
739.0
571.0
374.0
162.0
7.0
0.0
0.0
0.0
0.0
0.0
0.0
0.0
0.0
0.0
1.0
130.0
343.0
543.0
715.0
848.0
933.0
964.0
939.0
860.0
732.0
564.0
367.0
155.0
5.0
0.0
0.0
0.0
0.0
0.0
0.0
0.0
0.0
0.0
1.0
125.0
338.0
538.0
710.0
843.0
928.0
959.0
933.0
854.0
725.0
557.0
359.0
147.0
4.0
0.0
0.0
0.0
0.0
0.0
0.0
0.0
0.0
0.0
0.0
120.0
333.0
533.0
705.0
838.0
922.0
953.0
927.0
847.0
719.0
549.0
352.0
139.0
2.0
0.0
0.0
0.0
0.0
0.0
0.0
0.0
0.0
0.0
0.0
114.0
328.0
528.0
700.0
833.0
917.0
947.0
921.0
841.0
712.0
542.0
344.0
131.0
1.0
0.0
0.0
0.0
0.0
0.0
0.0
0.0
0.0
0.0
0.0
109.0
323.0
523.0
695.0
827.0
912.0
942.0
915.0
835.0
705.0
535.0
336.0
123.0
1.0
0.0
0.0
0.0
0.0
0.0
0.0
0.0
0.0
0.0
0.0
103.0
317.0
517.0
690.0
822.0
906.0
936.0
909.0
828.0
698.0
527.0
329.0
115.0
0.0
0.0
0.0
0.0
0.0
0.0
0.0
0.0
0.0
0.0
0.0
98.0
312.0
512.0
684.0
817.0
901.0
930.0
903.0
821.0
691.0
520.0
321.0
107.0
0.0
0.0
0.0
0.0
0.0
0.0
0.0
0.0
0.0
0.0
0.0
93.0
307.0
507.0
679.0
811.0
895.0
924.0
897.0
815.0
684.0
512.0
313.0
99.0
0.0
0.0
0.0
0.0
0.0
0.0
0.0
0.0
0.0
0.0
0.0
88.0
301.0
502.0
674.0
806.0
889.0
918.0
890.0
808.0
676.0
505.0
305.0
91.0
0.0
0.0
0.0
0.0
0.0
0.0
0.0
0.0
0.0
0.0
0.0
83.0
296.0
496.0
668.0
800.0
884.0
912.0
884.0
801.0
669.0
497.0
297.0
84.0
0.0
0.0
0.0
0.0
0.0
0.0
0.0
0.0
0.0
0.0
0.0
78.0
290.0
491.0
663.0
795.0
878.0
906.0
877.0
794.0
662.0
489.0
289.0
76.0
0.0
0.0
0.0
0.0
0.0
0.0
0.0
0.0
0.0
0.0
0.0
73.0
285.0
485.0
657.0
789.0
872.0
900.0
871.0
787.0
654.0
482.0
281.0
70.0
0.0
0.0
0.0
0.0
0.0
0.0
0.0
0.0
0.0
0.0
0.0
68.0
279.0
480.0
652.0
784.0
866.0
893.0
864.0
780.0
647.0
474.0
273.0
63.0
0.0
0.0
0.0
0.0
0.0
0.0
0.0
0.0
0.0
0.0
0.0
64.0
274.0
474.0
646.0
778.0
860.0
887.0
857.0
773.0
639.0
466.0
264.0
57.0
0.0
0.0
0.0
0.0
0.0
0.0
0.0
0.0
0.0
0.0
0.0
60.0
268.0
469.0
641.0
772.0
854.0
881.0
851.0
766.0
632.0
458.0
256.0
51.0
0.0
0.0
0.0
0.0
0.0
0.0
0.0
0.0
0.0
0.0
0.0
56.0
263.0
463.0
635.0
766.0
848.0
874.0
844.0
758.0
624.0
450.0
248.0
45.0
0.0
0.0
0.0
0.0
0.0
0.0
0.0
0.0
0.0
0.0
0.0
51.0
257.0
458.0
629.0
760.0
842.0
868.0
837.0
751.0
617.0
442.0
239.0
40.0
0.0
0.0
0.0
0.0
0.0
0.0
0.0
0.0
0.0
0.0
0.0
48.0
251.0
452.0
623.0
754.0
835.0
861.0
830.0
744.0
609.0
434.0
231.0
35.0
0.0
0.0
0.0
0.0
0.0
0.0
0.0
0.0
0.0
0.0
0.0
44.0
245.0
446.0
618.0
748.0
829.0
854.0
823.0
736.0
601.0
426.0
223.0
30.0
0.0
0.0
0.0
0.0
0.0
0.0
0.0
0.0
0.0
0.0
0.0
40.0
240.0
440.0
612.0
742.0
823.0
848.0
816.0
729.0
593.0
418.0
214.0
26.0
0.0
0.0
0.0
0.0
0.0
0.0
0.0
0.0
0.0
0.0
0.0
37.0
234.0
435.0
606.0
736.0
816.0
841.0
809.0
722.0
585.0
410.0
206.0
22.0
0.0
0.0
0.0
0.0
0.0
0.0
0.0
0.0
0.0
0.0
0.0
33.0
228.0
429.0
600.0
730.0
810.0
834.0
802.0
714.0
577.0
401.0
198.0
18.0
0.0
0.0
0.0
0.0
0.0
0.0
0.0
0.0
0.0
0.0
0.0
30.0
222.0
423.0
594.0
724.0
803.0
827.0
794.0
706.0
570.0
393.0
189.0
15.0
0.0
0.0
0.0
0.0
0.0
0.0
0.0
0.0
0.0
0.0
0.0
27.0
216.0
417.0
588.0
717.0
797.0
820.0
787.0
699.0
562.0
385.0
181.0
12.0
0.0
0.0
0.0
0.0
0.0
0.0
0.0
0.0
0.0
0.0
0.0
24.0
210.0
411.0
582.0
711.0
790.0
814.0
780.0
691.0
554.0
377.0
172.0
9.0
0.0
0.0
0.0
0.0
0.0
0.0
0.0
0.0
0.0
0.0
0.0
22.0
204.0
405.0
575.0
705.0
783.0
807.0
772.0
684.0
546.0
368.0
164.0
7.0
0.0
0.0
0.0
0.0
0.0
0.0
0.0
0.0
0.0
0.0
0.0
19.0
198.0
399.0
569.0
698.0
777.0
800.0
765.0
676.0
538.0
360.0
155.0
5.0
0.0
0.0
0.0
0.0
0.0
0.0
0.0
0.0
0.0
0.0
0.0
17.0
192.0
393.0
563.0
692.0
770.0
792.0
758.0
668.0
530.0
352.0
147.0
3.0
0.0
0.0
0.0
0.0
0.0
0.0
0.0
0.0
0.0
0.0
0.0
14.0
186.0
387.0
557.0
685.0
763.0
785.0
750.0
660.0
522.0
344.0
138.0
2.0
0.0
0.0
0.0
0.0
0.0
0.0
0.0
0.0
0.0
0.0
0.0
12.0
180.0
380.0
550.0
679.0
756.0
778.0
743.0
653.0
514.0
335.0
130.0
1.0
0.0
0.0
0.0
0.0
0.0
0.0
0.0
0.0
0.0
0.0
0.0
10.0
174.0
374.0
544.0
672.0
749.0
771.0
735.0
645.0
506.0
327.0
122.0
0.0
0.0
0.0
0.0
0.0
0.0
0.0
0.0
0.0
0.0
0.0
0.0
8.0
168.0
368.0
538.0
665.0
743.0
764.0
728.0
637.0
497.0
319.0
113.0
0.0
0.0
0.0
0.0
0.0
0.0
0.0
0.0
0.0
0.0
0.0
0.0
7.0
162.0
362.0
531.0
659.0
736.0
757.0
720.0
629.0
489.0
311.0
103.0
0.0
0.0
0.0
0.0
0.0
0.0
0.0
0.0
0.0
0.0
0.0
0.0
5.0
156.0
355.0
525.0
652.0
729.0
749.0
713.0
621.0
481.0
302.0
95.0
0.0
0.0
0.0
0.0
0.0
0.0
0.0
0.0
0.0
0.0
0.0
0.0
4.0
150.0
349.0
518.0
645.0
722.0
742.0
705.0
613.0
473.0
294.0
88.0
0.0
0.0
0.0
0.0
0.0
0.0
0.0
0.0
0.0
0.0
0.0
0.0
3.0
143.0
343.0
512.0
638.0
715.0
735.0
698.0
606.0
465.0
286.0
80.0
0.0
0.0
0.0
0.0
0.0
0.0
0.0
0.0
0.0
0.0
0.0
0.0
2.0
137.0
336.0
505.0
632.0
707.0
727.0
690.0
598.0
457.0
278.0
73.0
0.0
0.0
0.0
0.0
0.0
0.0
0.0
0.0
0.0
0.0
0.0
0.0
1.0
131.0
330.0
498.0
625.0
700.0
720.0
682.0
590.0
449.0
270.0
67.0
0.0
0.0
0.0
0.0
0.0
0.0
0.0
0.0
0.0
0.0
0.0
0.0
1.0
124.0
324.0
492.0
618.0
693.0
713.0
675.0
582.0
441.0
262.0
60.0
0.0
0.0
0.0
0.0
0.0
0.0
0.0
0.0
0.0
0.0
0.0
0.0
0.0
118.0
317.0
485.0
611.0
686.0
705.0
667.0
574.0
433.0
254.0
55.0
0.0
0.0
0.0
0.0
0.0
0.0
0.0
0.0
0.0
0.0
0.0
0.0
0.0
112.0
311.0
478.0
604.0
679.0
698.0
660.0
567.0
425.0
246.0
49.0
0.0
0.0
0.0
0.0
0.0
0.0
0.0
0.0
0.0
0.0
0.0
0.0
0.0
103.0
304.0
472.0
597.0
672.0
690.0
652.0
559.0
418.0
238.0
44.0
0.0
0.0
0.0
0.0
0.0
0.0
0.0
0.0
0.0
0.0
0.0
0.0
0.0
97.0
298.0
465.0
590.0
665.0
683.0
644.0
551.0
410.0
230.0
39.0
0.0
0.0
0.0
0.0
0.0
0.0
0.0
0.0
0.0
0.0
0.0
0.0
0.0
91.0
291.0
458.0
583.0
657.0
676.0
637.0
543.0
402.0
222.0
34.0
0.0
0.0
0.0
0.0
0.0
0.0
0.0
0.0
0.0
0.0
0.0
0.0
0.0
85.0
284.0
452.0
576.0
650.0
668.0
629.0
536.0
394.0
214.0
30.0
0.0
0.0
0.0
0.0
0.0
0.0
0.0
0.0
0.0
0.0
0.0
0.0
0.0
79.0
278.0
445.0
569.0
643.0
661.0
622.0
528.0
386.0
206.0
26.0
0.0
0.0
0.0
0.0
0.0
0.0
0.0
0.0
0.0
0.0
0.0
0.0
0.0
74.0
271.0
438.0
562.0
636.0
654.0
614.0
520.0
379.0
199.0
22.0
0.0
0.0
0.0
0.0
0.0
0.0
0.0
0.0
0.0
0.0
0.0
0.0
0.0
69.0
265.0
431.0
555.0
629.0
646.0
607.0
513.0
371.0
191.0
19.0
0.0
0.0
0.0
0.0
0.0
0.0
0.0
0.0
0.0
0.0
0.0
0.0
0.0
63.0
258.0
424.0
548.0
622.0
639.0
599.0
505.0
364.0
184.0
16.0
0.0
0.0
0.0
0.0
0.0
0.0
0.0
0.0
0.0
0.0
0.0
0.0
0.0
59.0
251.0
418.0
541.0
614.0
632.0
592.0
498.0
356.0
176.0
13.0
0.0
0.0
0.0
0.0
0.0
0.0
0.0
0.0
0.0
0.0
0.0
0.0
0.0
54.0
245.0
411.0
534.0
607.0
624.0
585.0
490.0
349.0
169.0
11.0
0.0
0.0
0.0
0.0
0.0
0.0
0.0
0.0
0.0
0.0
0.0
0.0
0.0
49.0
238.0
404.0
527.0
600.0
617.0
577.0
483.0
341.0
161.0
9.0
0.0
0.0
0.0
0.0
0.0
0.0
0.0
0.0
0.0
0.0
0.0
0.0
0.0
45.0
232.0
397.0
521.0
593.0
610.0
570.0
476.0
334.0
154.0
7.0
0.0
0.0
0.0
0.0
0.0
0.0
0.0
0.0
0.0
0.0
0.0
0.0
0.0
41.0
225.0
390.0
514.0
586.0
603.0
563.0
469.0
327.0
147.0
5.0
0.0
0.0
0.0
0.0
0.0
0.0
0.0
0.0
0.0
0.0
0.0
0.0
0.0
37.0
218.0
384.0
507.0
579.0
596.0
555.0
461.0
320.0
140.0
4.0
0.0
0.0
0.0
0.0
0.0
0.0
0.0
0.0
0.0
0.0
0.0
0.0
0.0
33.0
212.0
377.0
500.0
572.0
588.0
548.0
454.0
313.0
133.0
3.0
0.0
0.0
0.0
0.0
0.0
0.0
0.0
0.0
0.0
0.0
0.0
0.0
0.0
30.0
205.0
370.0
493.0
565.0
581.0
541.0
447.0
306.0
126.0
2.0
0.0
0.0
0.0
0.0
0.0
0.0
0.0
0.0
0.0
0.0
0.0
0.0
0.0
26.0
199.0
363.0
486.0
558.0
574.0
534.0
440.0
299.0
120.0
1.0
0.0
0.0
0.0
0.0
0.0
0.0
0.0
0.0
0.0
0.0
0.0
0.0
0.0
23.0
192.0
357.0
479.0
551.0
567.0
527.0
433.0
292.0
113.0
0.0
0.0
0.0
0.0
0.0
0.0
0.0
0.0
0.0
0.0
0.0
0.0
0.0
0.0
20.0
186.0
350.0
472.0
544.0
561.0
520.0
427.0
285.0
106.0
0.0
0.0
0.0
0.0
0.0
0.0
0.0
0.0
0.0
0.0
0.0
0.0
0.0
0.0
17.0
179.0
343.0
466.0
537.0
554.0
514.0
420.0
279.0
100.0
0.0
0.0
0.0
0.0
0.0
0.0
0.0
0.0
0.0
0.0
0.0
0.0
0.0
0.0
15.0
173.0
337.0
459.0
531.0
547.0
507.0
413.0
272.0
91.0
0.0
0.0
0.0
0.0
0.0
0.0
0.0
0.0
0.0
0.0
0.0
0.0
0.0
0.0
13.0
166.0
330.0
452.0
524.0
540.0
500.0
407.0
266.0
85.0
0.0
0.0
0.0
0.0
0.0
0.0
0.0
0.0
0.0
0.0
0.0
0.0
0.0
0.0
11.0
160.0
324.0
446.0
517.0
534.0
494.0
400.0
260.0
79.0
0.0
0.0
0.0
0.0
0.0
0.0
0.0
0.0
0.0
0.0
0.0
0.0
0.0
0.0
9.0
154.0
317.0
439.0
511.0
527.0
487.0
394.0
254.0
74.0
0.0
0.0
0.0
0.0
0.0
0.0
0.0
0.0
0.0
0.0
0.0
0.0
0.0
0.0
7.0
147.0
311.0
432.0
504.0
521.0
481.0
388.0
248.0
69.0
0.0
0.0
0.0
0.0
0.0
0.0
0.0
0.0
0.0
0.0
0.0
0.0
0.0
0.0
5.0
141.0
304.0
426.0
498.0
514.0
475.0
382.0
242.0
64.0
0.0
0.0
0.0
0.0
0.0
0.0
0.0
0.0
0.0
0.0
0.0
0.0
0.0
0.0
4.0
135.0
298.0
420.0
491.0
508.0
468.0
376.0
236.0
60.0
0.0
0.0
0.0
0.0
0.0
0.0
0.0
0.0
0.0
0.0
0.0
0.0
0.0
0.0
3.0
128.0
292.0
413.0
485.0
502.0
462.0
370.0
230.0
55.0
0.0
0.0
0.0
0.0
0.0
0.0
0.0
0.0
0.0
0.0
0.0
0.0
0.0
0.0
2.0
122.0
285.0
407.0
479.0
495.0
456.0
364.0
225.0
51.0
0.0
0.0
0.0
0.0
0.0
0.0
0.0
0.0
0.0
0.0
0.0
0.0
0.0
0.0
1.0
116.0
279.0
401.0
472.0
489.0
450.0
358.0
219.0
48.0
0.0
0.0
0.0
0.0
0.0
0.0
0.0
0.0
0.0
0.0
0.0
0.0
0.0
0.0
1.0
110.0
273.0
395.0
466.0
483.0
445.0
353.0
214.0
44.0
0.0
0.0
0.0
0.0
0.0
0.0
0.0
0.0
0.0
0.0
0.0
0.0
0.0
0.0
0.0
104.0
267.0
389.0
460.0
478.0
439.0
347.0
209.0
41.0
0.0
0.0
0.0
0.0
0.0
0.0
0.0
0.0
0.0
0.0
0.0
0.0
0.0
0.0
0.0
98.0
261.0
383.0
454.0
472.0
433.0
342.0
204.0
38.0
0.0
0.0
0.0
0.0
0.0
0.0
0.0
0.0
0.0
0.0
0.0
0.0
0.0
0.0
0.0
89.0
255.0
377.0
449.0
466.0
428.0
337.0
199.0
35.0
0.0
0.0
0.0
0.0
0.0
0.0
0.0
0.0
0.0
0.0
0.0
0.0
0.0
0.0
0.0
83.0
249.0
371.0
443.0
461.0
423.0
332.0
194.0
32.0
0.0
0.0
0.0
0.0
0.0
0.0
0.0
0.0
0.0
0.0
0.0
0.0
0.0
0.0
0.0
78.0
244.0
365.0
437.0
455.0
418.0
327.0
189.0
30.0
0.0
0.0
0.0
0.0
0.0
0.0
0.0
0.0
0.0
0.0
0.0
0.0
0.0
0.0
0.0
73.0
238.0
360.0
432.0
450.0
413.0
322.0
185.0
27.0
0.0
0.0
0.0
0.0
0.0
0.0
0.0
0.0
0.0
0.0
0.0
0.0
0.0
0.0
0.0
68.0
233.0
354.0
427.0
445.0
408.0
318.0
181.0
25.0
0.0
0.0
0.0
0.0
0.0
0.0
0.0
0.0
0.0
0.0
0.0
0.0
0.0
0.0
0.0
63.0
227.0
349.0
421.0
440.0
403.0
313.0
177.0
23.0
0.0
0.0
0.0
0.0
0.0
0.0
0.0
0.0
0.0
0.0
0.0
0.0
0.0
0.0
0.0
59.0
222.0
343.0
416.0
435.0
398.0
309.0
173.0
21.0
0.0
0.0
0.0
0.0
0.0
0.0
0.0
0.0
0.0
0.0
0.0
0.0
0.0
0.0
0.0
54.0
216.0
338.0
411.0
430.0
394.0
305.0
169.0
20.0
0.0
0.0
0.0
0.0
0.0
0.0
0.0
0.0
0.0
0.0
0.0
0.0
0.0
0.0
0.0
50.0
211.0
333.0
406.0
425.0
389.0
301.0
165.0
18.0
0.0
0.0
0.0
0.0
0.0
0.0
0.0
0.0
0.0
0.0
0.0
0.0
0.0
0.0
0.0
47.0
206.0
328.0
401.0
421.0
385.0
297.0
161.0
17.0
0.0
0.0
0.0
0.0
0.0
0.0
0.0
0.0
0.0
0.0
0.0
0.0
0.0
0.0
0.0
43.0
201.0
323.0
397.0
416.0
381.0
293.0
158.0
15.0
0.0
0.0
0.0
0.0
0.0
0.0
0.0
0.0
0.0
0.0
0.0
0.0
0.0
0.0
0.0
40.0
196.0
319.0
392.0
412.0
377.0
289.0
155.0
14.0
0.0
0.0
0.0
0.0
0.0
0.0
0.0
0.0
0.0
0.0
0.0
0.0
0.0
0.0
0.0
37.0
192.0
314.0
388.0
408.0
373.0
286.0
152.0
13.0
0.0
0.0
0.0
0.0
0.0
0.0
0.0
0.0
0.0
0.0
0.0
0.0
0.0
0.0
0.0
34.0
187.0
310.0
384.0
404.0
370.0
283.0
149.0
12.0
0.0
0.0
0.0
0.0
0.0
0.0
0.0
0.0
0.0
0.0
0.0
0.0
0.0
0.0
0.0
31.0
182.0
305.0
380.0
400.0
366.0
280.0
146.0
11.0
0.0
0.0
0.0
0.0
0.0
0.0
0.0
0.0
0.0
0.0
0.0
0.0
0.0
0.0
0.0
29.0
178.0
301.0
376.0
397.0
363.0
277.0
144.0
10.0
0.0
0.0
0.0
0.0
0.0
0.0
0.0
0.0
0.0
0.0
0.0
0.0
0.0
0.0
0.0
26.0
174.0
297.0
372.0
393.0
360.0
274.0
141.0
10.0
0.0
0.0
0.0
0.0
0.0
0.0
0.0
0.0
0.0
0.0
0.0
0.0
0.0
0.0
0.0
24.0
170.0
293.0
368.0
390.0
357.0
271.0
139.0
9.0
0.0
0.0
0.0
0.0
0.0
0.0
0.0
0.0
0.0
0.0
0.0
0.0
0.0
0.0
0.0
22.0
166.0
289.0
365.0
387.0
354.0
269.0
137.0
9.0
0.0
0.0
0.0
0.0
0.0
0.0
0.0
0.0
0.0
0.0
0.0
0.0
0.0
0.0
0.0
20.0
162.0
286.0
361.0
384.0
351.0
267.0
135.0
8.0
0.0
0.0
0.0
0.0
0.0
0.0
0.0
0.0
0.0
0.0
0.0
0.0
0.0
0.0
0.0
18.0
158.0
282.0
358.0
381.0
349.0
265.0
133.0
8.0
0.0
0.0
0.0
0.0
0.0
0.0
0.0
0.0
0.0
0.0
0.0
0.0
0.0
0.0
0.0
17.0
155.0
279.0
355.0
378.0
347.0
263.0
132.0
7.0
0.0
0.0
0.0
0.0
0.0
0.0
0.0
0.0
0.0
0.0
0.0
0.0
0.0
0.0
0.0
15.0
151.0
275.0
352.0
376.0
344.0
261.0
130.0
7.0
0.0
0.0
0.0
0.0
0.0
0.0
0.0
0.0
0.0
0.0
0.0
0.0
0.0
0.0
0.0
14.0
148.0
272.0
349.0
373.0
343.0
259.0
129.0
7.0
0.0
0.0
0.0
0.0
0.0
0.0
0.0
0.0
0.0
0.0
0.0
0.0
0.0
0.0
0.0
12.0
145.0
270.0
347.0
371.0
341.0
258.0
128.0
6.0
0.0
0.0
0.0
0.0
0.0
0.0
0.0
0.0
0.0
0.0
0.0
0.0
0.0
0.0
0.0
11.0
142.0
267.0
344.0
369.0
339.0
257.0
127.0
6.0
0.0
0.0
0.0
0.0
0.0
0.0
0.0
0.0
0.0
0.0
0.0
0.0
0.0
0.0
0.0
10.0
139.0
264.0
342.0
367.0
338.0
256.0
127.0
6.0
0.0
0.0
0.0
0.0
0.0
0.0
0.0
0.0
0.0
0.0
0.0
0.0
0.0
0.0
0.0
9.0
136.0
262.0
340.0
365.0
336.0
255.0
126.0
6.0
0.0
0.0
0.0
0.0
0.0
0.0
0.0
0.0
0.0
0.0
0.0
0.0
0.0
0.0
0.0
8.0
133.0
259.0
338.0
364.0
335.0
254.0
126.0
6.0
0.0
0.0
0.0
0.0
0.0
0.0
0.0
0.0
0.0
0.0
0.0
0.0
0.0
0.0
0.0
8.0
131.0
257.0
336.0
363.0
334.0
253.0
126.0
6.0
0.0
0.0
0.0
0.0
0.0
0.0
0.0
0.0
0.0
0.0
0.0
0.0
0.0
0.0
0.0
7.0
129.0
255.0
335.0
361.0
334.0
253.0
126.0
6.0
0.0
0.0
0.0
0.0
0.0
0.0
0.0
0.0
0.0
0.0
0.0
0.0
0.0
0.0
0.0
6.0
127.0
254.0
333.0
360.0
333.0
253.0
126.0
6.0
0.0
0.0
0.0
0.0
0.0
0.0
0.0
0.0
0.0
0.0
0.0
0.0
0.0
0.0
0.0
6.0
125.0
252.0
332.0
360.0
333.0
253.0
126.0
6.0
0.0
0.0
0.0
0.0
0.0
0.0
0.0
0.0
0.0
0.0
0.0
0.0
0.0
0.0
0.0
5.0
123.0
251.0
331.0
359.0
332.0
253.0
127.0
6.0
0.0
0.0
0.0
0.0
0.0
0.0
0.0
0.0
0.0
0.0
0.0
0.0
0.0
0.0
0.0
5.0
121.0
249.0
330.0
358.0
332.0
253.0
127.0
7.0
0.0
0.0
0.0
0.0
0.0
0.0
0.0
0.0
0.0
0.0
0.0
0.0
0.0
0.0
0.0
5.0
120.0
248.0
329.0
358.0
332.0
254.0
128.0
7.0
0.0
0.0
0.0
0.0
0.0
0.0
0.0
0.0
0.0
0.0
0.0
0.0
0.0
0.0
0.0
4.0
119.0
247.0
329.0
358.0
333.0
255.0
129.0
7.0
0.0
0.0
0.0
0.0
0.0
0.0
0.0
0.0
0.0
0.0
0.0
0.0
0.0
0.0
0.0
4.0
118.0
247.0
329.0
358.0
333.0
256.0
130.0
8.0
0.0
0.0
0.0
0.0
0.0
0.0
0.0
0.0
0.0
0.0
0.0
0.0
0.0
0.0
0.0
4.0
117.0
246.0
328.0
358.0
334.0
257.0
132.0
8.0
0.0
0.0
0.0
0.0
0.0
0.0
0.0
0.0
0.0
0.0
0.0
0.0
0.0
0.0
0.0
4.0
116.0
246.0
328.0
359.0
335.0
258.0
133.0
9.0
0.0
0.0
0.0
0.0
0.0
0.0
0.0
0.0
0.0
0.0
0.0
0.0
0.0
0.0
0.0
3.0
115.0
245.0
329.0
359.0
336.0
259.0
135.0
9.0
0.0
0.0
0.0
0.0
0.0
0.0
0.0
0.0
0.0
0.0
0.0
0.0
0.0
0.0
0.0
3.0
115.0
245.0
329.0
360.0
337.0
261.0
137.0
10.0
0.0
0.0
0.0
0.0
0.0
0.0
0.0
0.0
0.0
0.0
0.0
0.0
0.0
0.0
0.0
3.0
115.0
245.0
329.0
361.0
338.0
263.0
139.0
11.0
0.0
0.0
0.0
0.0
0.0
0.0
0.0
0.0
0.0
0.0
0.0
0.0
0.0
0.0
0.0
3.0
114.0
246.0
330.0
362.0
340.0
265.0
141.0
11.0
0.0
0.0
0.0
0.0
0.0
0.0
0.0
0.0
0.0
0.0
0.0
0.0
0.0
0.0
0.0
3.0
115.0
246.0
331.0
364.0
342.0
267.0
144.0
12.0
0.0
0.0
0.0
0.0
0.0
0.0
0.0
0.0
0.0
0.0
0.0
0.0
0.0
0.0
0.0
3.0
115.0
247.0
332.0
365.0
344.0
269.0
146.0
13.0
0.0
0.0
0.0
0.0
0.0
0.0
0.0
