0.0
0.0
0.0
0.0
0.0
0.0
0.0
0.0
0.0
8.0
18.0
28.0
34.0
31.0
22.0
11.0
1.0
0.0
0.0
0.0
0.0
0.0
0.0
0.0
0.0
0.0
0.0
0.0
0.0
0.0
0.0
0.0
0.0
26.0
62.0
102.0
94.0
59.0
36.0
16.0
1.0
0.0
0.0
0.0
0.0
0.0
0.0
0.0
0.0
0.0
0.0
0.0
0.0
0.0
0.0
0.0
0.0
56.0
136.0
202.0
225.0
211.0
166.0
84.0
3.0
0.0
0.0
0.0
0.0
0.0
0.0
0.0
0.0
0.0
0.0
0.0
0.0
0.0
0.0
0.0
0.0
50.0
115.0
150.0
165.0
149.0
111.0
52.0
1.0
0.0
0.0
0.0
0.0
0.0
0.0
0.0
0.0
0.0
0.0
0.0
0.0
0.0
0.0
0.0
0.0
27.0
14.0
65.0
129.0
109.0
178.0
49.0
1.0
0.0
0.0
0.0
0.0
0.0
0.0
0.0
0.0
0.0
0.0
0.0
0.0
0.0
0.0
0.0
0.0
13.0
29.0
38.0
46.0
52.0
39.0
20.0
1.0
0.0
0.0
0.0
0.0
0.0
0.0
0.0
0.0
0.0
0.0
0.0
0.0
0.0
0.0
0.0
0.0
52.0
111.0
154.0
161.0
163.0
127.0
64.0
1.0
0.0
0.0
0.0
0.0
0.0
0.0
0.0
0.0
0.0
0.0
0.0
0.0
0.0
0.0
0.0
0.0
11.0
32.0
61.0
71.0
78.0
48.0
34.0
2.0
0.0
0.0
0.0
0.0
0.0
0.0
0.0
0.0
0.0
0.0
0.0
0.0
0.0
0.0
0.0
0.0
13.0
33.0
49.0
56.0
45.0
38.0
19.0
1.0
0.0
0.0
0.0
0.0
0.0
0.0
0.0
0.0
0.0
0.0
0.0
0.0
0.0
0.0
0.0
0.0
14.0
32.0
55.0
64.0
55.0
56.0
31.0
2.0
0.0
0.0
0.0
0.0
0.0
0.0
0.0
0.0
0.0
0.0
0.0
0.0
0.0
0.0
0.0
0.0
58.0
134.0
202.0
226.0
214.0
145.0
72.0
1.0
0.0
0.0
0.0
0.0
0.0
0.0
0.0
0.0
0.0
0.0
0.0
0.0
0.0
0.0
0.0
0.0
38.0
70.0
117.0
125.0
125.0
103.0
72.0
2.0
0.0
0.0
0.0
0.0
0.0
0.0
0.0
0.0
0.0
0.0
0.0
0.0
0.0
0.0
0.0
0.0
49.0
106.0
155.0
182.0
190.0
136.0
72.0
5.0
0.0
0.0
0.0
0.0
0.0
0.0
0.0
0.0
0.0
0.0
0.0
0.0
0.0
0.0
0.0
0.0
32.0
69.0
88.0
87.0
82.0
62.0
37.0
2.0
0.0
0.0
0.0
0.0
0.0
0.0
0.0
0.0
0.0
0.0
0.0
0.0
0.0
0.0
0.0
0.0
28.0
68.0
97.0
121.0
107.0
76.0
42.0
2.0
0.0
0.0
0.0
0.0
0.0
0.0
0.0
0.0
0.0
0.0
0.0
0.0
0.0
0.0
0.0
2.0
61.0
136.0
241.0
229.0
143.0
142.0
89.0
8.0
0.0
0.0
0.0
0.0
0.0
0.0
0.0
0.0
0.0
0.0
0.0
0.0
0.0
0.0
0.0
0.0
7.0
14.0
20.0
22.0
176.0
135.0
78.0
7.0
0.0
0.0
0.0
0.0
0.0
0.0
0.0
0.0
0.0
0.0
0.0
0.0
0.0
0.0
0.0
1.0
66.0
151.0
227.0
250.0
230.0
171.0
85.0
2.0
0.0
0.0
0.0
0.0
0.0
0.0
0.0
0.0
0.0
0.0
0.0
0.0
0.0
0.0
0.0
1.0
61.0
153.0
200.0
233.0
230.0
182.0
106.0
12.0
0.0
0.0
0.0
0.0
0.0
0.0
0.0
0.0
0.0
0.0
0.0
0.0
0.0
0.0
0.0
1.0
53.0
118.0
174.0
205.0
206.0
164.0
95.0
12.0
0.0
0.0
0.0
0.0
0.0
0.0
0.0
0.0
0.0
0.0
0.0
0.0
0.0
0.0
0.0
1.0
47.0
102.0
155.0
169.0
179.0
141.0
89.0
13.0
0.0
0.0
0.0
0.0
0.0
0.0
0.0
0.0
0.0
0.0
0.0
0.0
0.0
0.0
0.0
1.0
11.0
26.0
38.0
45.0
43.0
37.0
22.0
3.0
0.0
0.0
0.0
0.0
0.0
0.0
0.0
0.0
0.0
0.0
0.0
0.0
0.0
0.0
0.0
2.0
84.0
138.0
232.0
291.0
301.0
189.0
108.0
10.0
0.0
0.0
0.0
0.0
0.0
0.0
0.0
0.0
0.0
0.0
0.0
0.0
0.0
0.0
0.0
1.0
84.0
180.0
258.0
307.0
300.0
224.0
138.0
20.0
0.0
0.0
0.0
0.0
0.0
0.0
0.0
0.0
0.0
0.0
0.0
0.0
0.0
0.0
0.0
3.0
92.0
187.0
279.0
315.0
270.0
231.0
131.0
44.0
0.0
0.0
0.0
0.0
0.0
0.0
0.0
0.0
0.0
0.0
0.0
0.0
0.0
0.0
0.0
3.0
78.0
192.0
252.0
286.0
272.0
233.0
133.0
46.0
0.0
0.0
0.0
0.0
0.0
0.0
0.0
0.0
0.0
0.0
0.0
0.0
0.0
0.0
0.0
1.0
7.0
15.0
21.0
23.0
160.0
139.0
94.0
33.0
0.0
0.0
0.0
0.0
0.0
0.0
0.0
0.0
0.0
0.0
0.0
0.0
0.0
0.0
0.0
1.0
57.0
116.0
145.0
161.0
156.0
143.0
96.0
33.0
0.0
0.0
0.0
0.0
0.0
0.0
0.0
0.0
0.0
0.0
0.0
0.0
0.0
0.0
0.0
5.0
79.0
119.0
171.0
210.0
222.0
200.0
150.0
63.0
0.0
0.0
0.0
0.0
0.0
0.0
0.0
0.0
0.0
0.0
0.0
0.0
0.0
0.0
0.0
1.0
14.0
27.0
40.0
45.0
42.0
36.0
23.0
9.0
0.0
0.0
0.0
0.0
0.0
0.0
0.0
0.0
0.0
0.0
0.0
0.0
0.0
0.0
0.0
2.0
39.0
65.0
76.0
77.0
77.0
71.0
61.0
22.0
0.0
0.0
0.0
0.0
0.0
0.0
0.0
0.0
0.0
0.0
0.0
0.0
0.0
0.0
0.0
2.0
23.0
44.0
66.0
81.0
70.0
54.0
40.0
20.0
0.0
0.0
0.0
0.0
0.0
0.0
0.0
0.0
0.0
0.0
0.0
0.0
0.0
0.0
0.0
3.0
35.0
64.0
82.0
95.0
98.0
63.0
34.0
13.0
0.0
0.0
0.0
0.0
0.0
0.0
0.0
0.0
0.0
0.0
0.0
0.0
0.0
0.0
0.0
2.0
32.0
60.0
90.0
92.0
74.0
53.0
31.0
15.0
0.0
0.0
0.0
0.0
0.0
0.0
0.0
0.0
0.0
0.0
0.0
0.0
0.0
0.0
0.0
6.0
72.0
130.0
165.0
195.0
191.0
156.0
103.0
44.0
1.0
0.0
0.0
0.0
0.0
0.0
0.0
0.0
0.0
0.0
0.0
0.0
0.0
0.0
0.0
2.0
68.0
131.0
180.0
187.0
196.0
197.0
148.0
68.0
3.0
0.0
0.0
0.0
0.0
0.0
0.0
0.0
0.0
0.0
0.0
0.0
0.0
0.0
0.0
2.0
61.0
111.0
134.0
161.0
158.0
143.0
104.0
54.0
2.0
0.0
0.0
0.0
0.0
0.0
0.0
0.0
0.0
0.0
0.0
0.0
0.0
0.0
0.0
2.0
14.0
28.0
36.0
39.0
39.0
32.0
22.0
10.0
1.0
0.0
0.0
0.0
0.0
0.0
0.0
0.0
0.0
0.0
0.0
0.0
0.0
0.0
0.0
7.0
75.0
144.0
190.0
208.0
209.0
154.0
115.0
50.0
1.0
0.0
0.0
0.0
0.0
0.0
0.0
0.0
0.0
0.0
0.0
0.0
0.0
0.0
0.0
3.0
11.0
20.0
27.0
30.0
234.0
183.0
136.0
58.0
1.0
0.0
0.0
0.0
0.0
0.0
0.0
0.0
0.0
0.0
0.0
0.0
0.0
0.0
0.0
17.0
118.0
212.0
270.0
356.0
377.0
296.0
201.0
92.0
3.0
0.0
0.0
0.0
0.0
0.0
0.0
0.0
0.0
0.0
0.0
0.0
0.0
0.0
0.0
5.0
49.0
85.0
107.0
107.0
92.0
98.0
70.0
48.0
2.0
0.0
0.0
0.0
0.0
0.0
0.0
0.0
0.0
0.0
0.0
0.0
0.0
0.0
0.0
6.0
40.0
70.0
99.0
117.0
103.0
75.0
55.0
24.0
1.0
0.0
0.0
0.0
0.0
0.0
0.0
0.0
0.0
0.0
0.0
0.0
0.0
0.0
0.0
6.0
36.0
68.0
80.0
81.0
85.0
67.0
47.0
25.0
2.0
0.0
0.0
0.0
0.0
0.0
0.0
0.0
0.0
0.0
0.0
0.0
0.0
0.0
0.0
12.0
31.0
67.0
135.0
208.0
249.0
308.0
268.0
135.0
15.0
0.0
0.0
0.0
0.0
0.0
0.0
0.0
0.0
0.0
0.0
0.0
0.0
0.0
0.0
39.0
119.0
67.0
128.0
157.0
261.0
195.0
100.0
42.0
3.0
0.0
0.0
0.0
0.0
0.0
0.0
0.0
0.0
0.0
0.0
0.0
0.0
0.0
0.0
17.0
46.0
80.0
108.0
111.0
96.0
102.0
59.0
25.0
2.0
0.0
0.0
0.0
0.0
0.0
0.0
0.0
0.0
0.0
0.0
0.0
0.0
0.0
0.0
62.0
180.0
292.0
371.0
412.0
418.0
359.0
262.0
139.0
11.0
0.0
0.0
0.0
0.0
0.0
0.0
0.0
0.0
0.0
0.0
0.0
0.0
0.0
0.0
62.0
147.0
252.0
369.0
420.0
394.0
279.0
187.0
109.0
6.0
0.0
0.0
0.0
0.0
0.0
0.0
0.0
0.0
0.0
0.0
0.0
0.0
0.0
0.0
11.0
50.0
74.0
108.0
119.0
132.0
124.0
90.0
44.0
7.0
0.0
0.0
0.0
0.0
0.0
0.0
0.0
0.0
0.0
0.0
0.0
0.0
0.0
0.0
59.0
158.0
257.0
329.0
352.0
343.0
294.0
218.0
123.0
12.0
0.0
0.0
0.0
0.0
0.0
0.0
0.0
0.0
0.0
0.0
0.0
0.0
0.0
0.0
58.0
154.0
249.0
307.0
337.0
350.0
300.0
225.0
125.0
15.0
0.0
0.0
0.0
0.0
0.0
0.0
0.0
0.0
0.0
0.0
0.0
0.0
0.0
1.0
75.0
174.0
279.0
348.0
372.0
346.0
309.0
206.0
102.0
4.0
0.0
0.0
0.0
0.0
0.0
0.0
0.0
0.0
0.0
0.0
0.0
0.0
0.0
1.0
32.0
100.0
128.0
256.0
196.0
111.0
91.0
92.0
53.0
18.0
0.0
0.0
0.0
0.0
0.0
0.0
0.0
0.0
0.0
0.0
0.0
0.0
0.0
1.0
27.0
64.0
92.0
115.0
128.0
122.0
107.0
76.0
38.0
4.0
0.0
0.0
0.0
0.0
0.0
0.0
0.0
0.0
0.0
0.0
0.0
0.0
0.0
1.0
36.0
87.0
141.0
192.0
210.0
213.0
196.0
142.0
80.0
15.0
0.0
0.0
0.0
0.0
0.0
0.0
0.0
0.0
0.0
0.0
0.0
0.0
0.0
2.0
80.0
184.0
294.0
338.0
213.0
330.0
378.0
202.0
141.0
58.0
0.0
0.0
0.0
0.0
0.0
0.0
0.0
0.0
0.0
0.0
0.0
0.0
0.0
1.0
17.0
39.0
59.0
73.0
90.0
85.0
67.0
48.0
27.0
10.0
0.0
0.0
0.0
0.0
0.0
0.0
0.0
0.0
0.0
0.0
0.0
0.0
0.0
6.0
44.0
19.0
121.0
216.0
218.0
364.0
398.0
342.0
121.0
49.0
0.0
0.0
0.0
0.0
0.0
0.0
0.0
0.0
0.0
0.0
0.0
0.0
0.0
4.0
56.0
182.0
384.0
412.0
467.0
41.0
277.0
231.0
32.0
5.0
0.0
0.0
0.0
0.0
0.0
0.0
0.0
0.0
0.0
0.0
0.0
0.0
0.0
1.0
22.0
52.0
76.0
98.0
112.0
120.0
104.0
75.0
41.0
14.0
0.0
0.0
0.0
0.0
0.0
0.0
0.0
0.0
0.0
0.0
0.0
0.0
0.0
2.0
27.0
59.0
81.0
104.0
99.0
104.0
97.0
66.0
36.0
15.0
0.0
0.0
0.0
0.0
0.0
0.0
0.0
0.0
0.0
0.0
0.0
0.0
0.0
2.0
39.0
75.0
101.0
126.0
117.0
118.0
90.0
86.0
45.0
17.0
0.0
0.0
0.0
0.0
0.0
0.0
0.0
0.0
0.0
0.0
0.0
0.0
0.0
6.0
108.0
223.0
323.0
391.0
422.0
414.0
369.0
276.0
172.0
65.0
0.0
0.0
0.0
0.0
0.0
0.0
0.0
0.0
0.0
0.0
0.0
0.0
0.0
8.0
126.0
267.0
377.0
427.0
443.0
461.0
393.0
313.0
211.0
86.0
1.0
0.0
0.0
0.0
0.0
0.0
0.0
0.0
0.0
0.0
0.0
0.0
0.0
11.0
128.0
262.0
377.0
454.0
491.0
482.0
423.0
325.0
208.0
76.0
0.0
0.0
0.0
0.0
0.0
0.0
0.0
0.0
0.0
0.0
0.0
0.0
0.0
7.0
40.0
63.0
107.0
142.0
128.0
172.0
118.0
93.0
70.0
38.0
1.0
0.0
0.0
0.0
0.0
0.0
0.0
0.0
0.0
0.0
0.0
0.0
0.0
5.0
38.0
25.0
63.0
94.0
131.0
419.0
365.0
274.0
156.0
86.0
2.0
0.0
0.0
0.0
0.0
0.0
0.0
0.0
0.0
0.0
0.0
0.0
0.0
4.0
16.0
35.0
38.0
75.0
98.0
442.0
407.0
311.0
195.0
88.0
2.0
0.0
0.0
0.0
0.0
0.0
0.0
0.0
0.0
0.0
0.0
0.0
0.0
4.0
14.0
33.0
78.0
84.0
118.0
426.0
373.0
294.0
181.0
78.0
1.0
0.0
0.0
0.0
0.0
0.0
0.0
0.0
0.0
0.0
0.0
0.0
0.0
19.0
161.0
306.0
401.0
464.0
475.0
469.0
389.0
306.0
193.0
78.0
1.0
0.0
0.0
0.0
0.0
0.0
0.0
0.0
0.0
0.0
0.0
0.0
0.0
11.0
76.0
131.0
167.0
208.0
242.0
232.0
209.0
157.0
100.0
43.0
1.0
0.0
0.0
0.0
0.0
0.0
0.0
0.0
0.0
0.0
0.0
0.0
0.0
4.0
15.0
26.0
36.0
44.0
45.0
44.0
39.0
31.0
20.0
9.0
1.0
0.0
0.0
0.0
0.0
0.0
0.0
0.0
0.0
0.0
0.0
0.0
0.0
8.0
27.0
54.0
72.0
87.0
96.0
84.0
74.0
60.0
43.0
18.0
1.0
0.0
0.0
0.0
0.0
0.0
0.0
0.0
0.0
0.0
0.0
0.0
0.0
9.0
29.0
52.0
69.0
85.0
87.0
80.0
68.0
60.0
42.0
19.0
1.0
0.0
0.0
0.0
0.0
0.0
0.0
0.0
0.0
0.0
0.0
0.0
0.0
23.0
66.0
109.0
146.0
169.0
178.0
172.0
152.0
122.0
81.0
38.0
2.0
0.0
0.0
0.0
0.0
0.0
0.0
0.0
0.0
0.0
0.0
0.0
0.0
37.0
48.0
77.0
100.0
233.0
95.0
307.0
419.0
221.0
101.0
53.0
4.0
0.0
0.0
0.0
0.0
0.0
0.0
0.0
0.0
0.0
0.0
0.0
0.0
52.0
139.0
236.0
327.0
351.0
338.0
301.0
324.0
269.0
169.0
80.0
2.0
0.0
0.0
0.0
0.0
0.0
0.0
0.0
0.0
0.0
0.0
0.0
0.0
89.0
241.0
357.0
378.0
445.0
659.0
363.0
310.0
141.0
23.0
54.0
2.0
0.0
0.0
0.0
0.0
0.0
0.0
0.0
0.0
0.0
0.0
0.0
1.0
81.0
207.0
316.0
439.0
496.0
529.0
459.0
405.0
308.0
280.0
120.0
11.0
0.0
0.0
0.0
0.0
0.0
0.0
0.0
0.0
0.0
0.0
0.0
1.0
87.0
119.0
53.0
40.0
248.0
323.0
572.0
593.0
334.0
282.0
161.0
18.0
0.0
0.0
0.0
0.0
0.0
0.0
0.0
0.0
0.0
0.0
0.0
1.0
53.0
129.0
201.0
255.0
280.0
353.0
325.0
284.0
212.0
148.0
79.0
9.0
0.0
0.0
0.0
0.0
0.0
0.0
0.0
0.0
0.0
0.0
0.0
2.0
77.0
169.0
274.0
327.0
394.0
400.0
411.0
405.0
337.0
240.0
108.0
3.0
0.0
0.0
0.0
0.0
0.0
0.0
0.0
0.0
0.0
0.0
0.0
1.0
43.0
101.0
194.0
253.0
326.0
290.0
222.0
214.0
165.0
157.0
69.0
3.0
0.0
0.0
0.0
0.0
0.0
0.0
0.0
0.0
0.0
0.0
0.0
1.0
43.0
86.0
110.0
189.0
297.0
431.0
315.0
321.0
341.0
344.0
179.0
42.0
0.0
0.0
0.0
0.0
0.0
0.0
0.0
0.0
0.0
0.0
0.0
3.0
123.0
270.0
438.0
574.0
546.0
596.0
331.0
242.0
207.0
262.0
129.0
20.0
0.0
0.0
0.0
0.0
0.0
0.0
0.0
0.0
0.0
0.0
0.0
1.0
31.0
72.0
94.0
130.0
146.0
145.0
135.0
113.0
91.0
75.0
39.0
4.0
0.0
0.0
0.0
0.0
0.0
0.0
0.0
0.0
0.0
0.0
0.0
5.0
117.0
259.0
411.0
516.0
608.0
657.0
637.0
575.0
467.0
322.0
171.0
21.0
0.0
0.0
0.0
0.0
0.0
0.0
0.0
0.0
0.0
0.0
0.0
7.0
128.0
270.0
417.0
535.0
615.0
649.0
645.0
578.0
467.0
329.0
180.0
27.0
0.0
0.0
0.0
0.0
0.0
0.0
0.0
0.0
0.0
0.0
0.0
7.0
126.0
250.0
402.0
470.0
544.0
601.0
585.0
528.0
414.0
275.0
150.0
14.0
0.0
0.0
0.0
0.0
0.0
0.0
0.0
0.0
0.0
0.0
0.0
11.0
113.0
213.0
355.0
499.0
574.0
585.0
537.0
482.0
404.0
331.0
196.0
57.0
0.0
0.0
0.0
0.0
0.0
0.0
0.0
0.0
0.0
0.0
0.0
6.0
102.0
226.0
324.0
418.0
521.0
586.0
602.0
613.0
316.0
235.0
166.0
46.0
0.0
0.0
0.0
0.0
0.0
0.0
0.0
0.0
0.0
0.0
0.0
3.0
109.0
216.0
327.0
414.0
412.0
383.0
405.0
360.0
359.0
289.0
150.0
43.0
0.0
0.0
0.0
0.0
0.0
0.0
0.0
0.0
0.0
0.0
0.0
12.0
120.0
317.0
274.0
327.0
340.0
538.0
468.0
456.0
499.0
378.0
180.0
76.0
0.0
0.0
0.0
0.0
0.0
0.0
0.0
0.0
0.0
0.0
0.0
11.0
94.0
314.0
412.0
460.0
438.0
361.0
416.0
465.0
321.0
228.0
168.0
74.0
0.0
0.0
0.0
0.0
0.0
0.0
0.0
0.0
0.0
0.0
0.0
22.0
138.0
281.0
546.0
563.0
540.0
220.0
247.0
118.0
349.0
231.0
169.0
39.0
0.0
0.0
0.0
0.0
0.0
0.0
0.0
0.0
0.0
0.0
0.0
30.0
190.0
236.0
212.0
512.0
528.0
437.0
444.0
50.0
221.0
221.0
133.0
30.0
0.0
0.0
0.0
0.0
0.0
0.0
0.0
0.0
0.0
0.0
0.0
17.0
149.0
228.0
342.0
401.0
445.0
630.0
517.0
454.0
453.0
349.0
163.0
76.0
1.0
0.0
0.0
0.0
0.0
0.0
0.0
0.0
0.0
0.0
0.0
65.0
115.0
88.0
46.0
57.0
319.0
315.0
364.0
544.0
415.0
453.0
267.0
52.0
3.0
0.0
0.0
0.0
0.0
0.0
0.0
0.0
0.0
0.0
0.0
53.0
175.0
317.0
444.0
548.0
618.0
643.0
622.0
554.0
461.0
337.0
198.0
71.0
0.0
0.0
0.0
0.0
0.0
0.0
0.0
0.0
0.0
0.0
0.0
70.0
236.0
359.0
448.0
582.0
301.0
406.0
417.0
129.0
236.0
33.0
20.0
7.0
0.0
0.0
0.0
0.0
0.0
0.0
0.0
0.0
0.0
0.0
0.0
81.0
167.0
315.0
472.0
383.0
562.0
409.0
423.0
336.0
90.0
44.0
75.0
8.0
1.0
0.0
0.0
0.0
0.0
0.0
0.0
0.0
0.0
0.0
0.0
52.0
155.0
286.0
373.0
460.0
496.0
512.0
497.0
425.0
327.0
229.0
134.0
52.0
1.0
0.0
0.0
0.0
0.0
0.0
0.0
0.0
0.0
0.0
1.0
69.0
239.0
232.0
404.0
473.0
476.0
609.0
465.0
399.0
252.0
119.0
96.0
65.0
1.0
0.0
0.0
0.0
0.0
0.0
0.0
0.0
0.0
0.0
0.0
57.0
174.0
301.0
404.0
495.0
559.0
578.0
544.0
497.0
409.0
299.0
189.0
70.0
1.0
0.0
0.0
0.0
0.0
0.0
0.0
0.0
0.0
0.0
1.0
78.0
212.0
351.0
488.0
562.0
635.0
628.0
576.0
529.0
450.0
338.0
204.0
82.0
1.0
0.0
0.0
0.0
0.0
0.0
0.0
0.0
0.0
0.0
0.0
67.0
185.0
293.0
437.0
536.0
560.0
623.0
588.0
535.0
446.0
337.0
222.0
95.0
3.0
0.0
0.0
0.0
0.0
0.0
0.0
0.0
0.0
0.0
1.0
70.0
184.0
312.0
437.0
514.0
563.0
522.0
550.0
502.0
442.0
326.0
196.0
85.0
1.0
0.0
0.0
0.0
0.0
0.0
0.0
0.0
0.0
0.0
1.0
8.0
19.0
32.0
44.0
53.0
59.0
61.0
60.0
54.0
50.0
34.0
23.0
10.0
1.0
0.0
0.0
0.0
0.0
0.0
0.0
0.0
0.0
0.0
1.0
88.0
256.0
367.0
463.0
454.0
560.0
648.0
639.0
630.0
472.0
336.0
201.0
96.0
2.0
0.0
0.0
0.0
0.0
0.0
0.0
0.0
0.0
0.0
1.0
68.0
149.0
269.0
359.0
408.0
436.0
462.0
458.0
438.0
358.0
253.0
173.0
71.0
2.0
0.0
0.0
0.0
0.0
0.0
0.0
0.0
0.0
0.0
2.0
75.0
168.0
264.0
389.0
411.0
436.0
474.0
460.0
413.0
376.0
268.0
189.0
73.0
2.0
0.0
0.0
0.0
0.0
0.0
0.0
0.0
0.0
0.0
1.0
51.0
134.0
229.0
278.0
312.0
349.0
388.0
351.0
328.0
262.0
196.0
124.0
49.0
2.0
0.0
0.0
0.0
0.0
0.0
0.0
0.0
0.0
0.0
1.0
46.0
113.0
197.0
262.0
301.0
328.0
341.0
326.0
299.0
253.0
175.0
99.0
45.0
2.0
0.0
0.0
0.0
0.0
0.0
0.0
0.0
0.0
0.0
17.0
132.0
235.0
355.0
391.0
570.0
276.0
381.0
258.0
471.0
402.0
280.0
65.0
11.0
2.0
0.0
0.0
0.0
0.0
0.0
0.0
0.0
0.0
0.0
3.0
44.0
109.0
162.0
205.0
257.0
278.0
285.0
282.0
247.0
200.0
146.0
96.0
43.0
2.0
0.0
0.0
0.0
0.0
0.0
0.0
0.0
0.0
0.0
7.0
128.0
281.0
445.0
592.0
709.0
780.0
805.0
782.0
712.0
595.0
450.0
289.0
133.0
8.0
0.0
0.0
0.0
0.0
0.0
0.0
0.0
0.0
0.0
3.0
63.0
176.0
340.0
499.0
604.0
668.0
639.0
658.0
607.0
566.0
421.0
276.0
139.0
16.0
0.0
0.0
0.0
0.0
0.0
0.0
0.0
0.0
0.0
3.0
52.0
100.0
174.0
244.0
284.0
309.0
299.0
310.0
291.0
221.0
193.0
112.0
48.0
3.0
0.0
0.0
0.0
0.0
0.0
0.0
0.0
0.0
0.0
10.0
130.0
272.0
422.0
554.0
663.0
725.0
751.0
731.0
680.0
582.0
448.0
306.0
151.0
14.0
0.0
0.0
0.0
0.0
0.0
0.0
0.0
0.0
0.0
12.0
145.0
302.0
464.0
605.0
716.0
786.0
812.0
788.0
716.0
601.0
452.0
300.0
145.0
12.0
0.0
0.0
0.0
0.0
0.0
0.0
0.0
0.0
0.0
3.0
34.0
70.0
118.0
141.0
147.0
152.0
161.0
146.0
131.0
128.0
111.0
72.0
35.0
4.0
0.0
0.0
0.0
0.0
0.0
0.0
0.0
0.0
0.0
14.0
143.0
292.0
424.0
551.0
664.0
714.0
721.0
703.0
633.0
550.0
423.0
278.0
140.0
13.0
0.0
0.0
0.0
0.0
0.0
0.0
0.0
0.0
0.0
16.0
151.0
300.0
458.0
587.0
700.0
759.0
785.0
755.0
688.0
580.0
452.0
300.0
153.0
16.0
0.0
0.0
0.0
0.0
0.0
0.0
0.0
0.0
0.0
25.0
152.0
248.0
390.0
312.0
202.0
396.0
88.0
197.0
396.0
200.0
191.0
103.0
141.0
6.0
0.0
0.0
0.0
0.0
0.0
0.0
0.0
0.0
0.0
5.0
51.0
41.0
89.0
165.0
300.0
369.0
403.0
379.0
395.0
321.0
347.0
300.0
199.0
37.0
0.0
0.0
0.0
0.0
0.0
0.0
0.0
0.0
0.0
16.0
134.0
280.0
400.0
545.0
628.0
678.0
743.0
728.0
668.0
575.0
426.0
267.0
143.0
38.0
0.0
0.0
0.0
0.0
0.0
0.0
0.0
0.0
0.0
48.0
172.0
333.0
497.0
638.0
749.0
819.0
844.0
819.0
753.0
634.0
491.0
333.0
172.0
49.0
0.0
0.0
0.0
0.0
0.0
0.0
0.0
0.0
0.0
41.0
141.0
241.0
432.0
557.0
730.0
740.0
616.0
664.0
518.0
439.0
290.0
164.0
60.0
23.0
0.0
0.0
0.0
0.0
0.0
0.0
0.0
0.0
0.0
4.0
14.0
160.0
206.0
323.0
705.0
629.0
128.0
67.0
61.0
717.0
494.0
295.0
201.0
56.0
0.0
0.0
0.0
0.0
0.0
0.0
0.0
0.0
0.0
30.0
15.0
28.0
41.0
52.0
61.0
920.0
863.0
834.0
371.0
399.0
162.0
28.0
15.0
5.0
0.0
0.0
0.0
0.0
0.0
0.0
0.0
0.0
0.0
10.0
16.0
42.0
107.0
177.0
280.0
530.0
577.0
507.0
395.0
429.0
284.0
167.0
135.0
46.0
0.0
0.0
0.0
0.0
0.0
0.0
0.0
0.0
0.0
15.0
41.0
114.0
143.0
150.0
210.0
289.0
226.0
220.0
327.0
308.0
186.0
138.0
110.0
27.0
0.0
0.0
0.0
0.0
0.0
0.0
0.0
0.0
0.0
9.0
39.0
76.0
109.0
141.0
183.0
187.0
184.0
217.0
216.0
177.0
144.0
102.0
49.0
15.0
0.0
0.0
0.0
0.0
0.0
0.0
0.0
0.0
0.0
53.0
177.0
301.0
427.0
549.0
653.0
683.0
717.0
703.0
673.0
565.0
439.0
301.0
175.0
63.0
0.0
0.0
0.0
0.0
0.0
0.0
0.0
0.0
0.0
65.0
195.0
356.0
514.0
656.0
768.0
843.0
875.0
848.0
784.0
673.0
527.0
366.0
204.0
71.0
1.0
0.0
0.0
0.0
0.0
0.0
0.0
0.0
0.0
68.0
198.0
358.0
520.0
657.0
771.0
842.0
861.0
832.0
762.0
648.0
509.0
351.0
198.0
69.0
1.0
0.0
0.0
0.0
0.0
0.0
0.0
0.0
0.0
45.0
108.0
183.0
251.0
351.0
384.0
522.0
546.0
591.0
523.0
510.0
421.0
324.0
199.0
81.0
2.0
0.0
0.0
0.0
0.0
0.0
0.0
0.0
0.0
6.0
18.0
76.0
71.0
192.0
223.0
331.0
358.0
402.0
422.0
395.0
240.0
233.0
155.0
57.0
2.0
0.0
0.0
0.0
0.0
0.0
0.0
0.0
2.0
47.0
176.0
288.0
322.0
272.0
676.0
581.0
419.0
97.0
382.0
148.0
81.0
31.0
18.0
7.0
0.0
0.0
0.0
0.0
0.0
0.0
0.0
0.0
0.0
24.0
65.0
126.0
189.0
241.0
263.0
171.0
303.0
381.0
467.0
471.0
398.0
342.0
212.0
85.0
7.0
0.0
0.0
0.0
0.0
0.0
0.0
0.0
1.0
18.0
44.0
72.0
120.0
167.0
191.0
208.0
211.0
184.0
138.0
127.0
79.0
49.0
29.0
7.0
1.0
0.0
0.0
0.0
0.0
0.0
0.0
0.0
1.0
30.0
90.0
158.0
208.0
269.0
333.0
355.0
356.0
331.0
301.0
269.0
196.0
145.0
86.0
30.0
1.0
0.0
0.0
0.0
0.0
0.0
0.0
0.0
1.0
66.0
161.0
290.0
449.0
584.0
657.0
735.0
754.0
754.0
685.0
572.0
465.0
332.0
201.0
78.0
2.0
0.0
0.0
0.0
0.0
0.0
0.0
0.0
2.0
93.0
236.0
393.0
566.0
725.0
816.0
464.0
456.0
373.0
333.0
276.0
218.0
145.0
91.0
32.0
1.0
0.0
0.0
0.0
0.0
0.0
0.0
0.0
1.0
54.0
117.0
203.0
282.0
369.0
437.0
447.0
460.0
466.0
420.0
347.0
306.0
206.0
102.0
45.0
1.0
0.0
0.0
0.0
0.0
0.0
0.0
0.0
1.0
44.0
119.0
202.0
252.0
342.0
420.0
420.0
438.0
405.0
358.0
332.0
277.0
196.0
116.0
46.0
2.0
0.0
0.0
0.0
0.0
0.0
0.0
0.0
1.0
8.0
20.0
71.0
125.0
144.0
219.0
310.0
188.0
177.0
156.0
173.0
195.0
162.0
99.0
46.0
2.0
0.0
0.0
0.0
0.0
0.0
0.0
0.0
1.0
71.0
239.0
443.0
477.0
616.0
574.0
565.0
313.0
359.0
261.0
426.0
435.0
331.0
154.0
78.0
5.0
0.0
0.0
0.0
0.0
0.0
0.0
0.0
1.0
58.0
140.0
236.0
335.0
417.0
535.0
592.0
590.0
518.0
494.0
396.0
287.0
197.0
120.0
43.0
1.0
0.0
0.0
0.0
0.0
0.0
0.0
0.0
3.0
94.0
232.0
393.0
545.0
681.0
786.0
858.0
886.0
867.0
797.0
694.0
561.0
404.0
248.0
106.0
5.0
0.0
0.0
0.0
0.0
0.0
0.0
0.0
3.0
88.0
218.0
374.0
522.0
648.0
751.0
815.0
844.0
819.0
757.0
658.0
522.0
376.0
227.0
96.0
4.0
0.0
0.0
0.0
0.0
0.0
0.0
0.0
1.0
30.0
76.0
129.0
173.0
223.0
258.0
284.0
283.0
271.0
238.0
210.0
166.0
126.0
75.0
33.0
1.0
0.0
0.0
0.0
0.0
0.0
0.0
0.0
1.0
32.0
89.0
158.0
222.0
269.0
281.0
313.0
318.0
316.0
298.0
258.0
212.0
154.0
90.0
36.0
1.0
0.0
0.0
0.0
0.0
0.0
0.0
0.0
1.0
23.0
60.0
92.0
116.0
122.0
146.0
161.0
180.0
159.0
141.0
134.0
101.0
77.0
53.0
26.0
2.0
0.0
0.0
0.0
0.0
0.0
0.0
0.0
4.0
81.0
194.0
311.0
426.0
536.0
620.0
674.0
661.0
656.0
608.0
520.0
394.0
285.0
165.0
70.0
2.0
0.0
0.0
0.0
0.0
0.0
0.0
0.0
2.0
42.0
115.0
174.0
254.0
327.0
397.0
404.0
454.0
416.0
377.0
345.0
272.0
191.0
125.0
46.0
2.0
0.0
0.0
0.0
0.0
0.0
0.0
0.0
4.0
89.0
204.0
334.0
467.0
586.0
693.0
778.0
773.0
789.0
720.0
635.0
500.0
373.0
216.0
102.0
5.0
0.0
0.0
0.0
0.0
0.0
0.0
0.0
4.0
87.0
190.0
323.0
435.0
538.0
606.0
649.0
655.0
609.0
549.0
508.0
424.0
287.0
166.0
73.0
2.0
0.0
0.0
0.0
0.0
0.0
0.0
0.0
1.0
52.0
109.0
201.0
295.0
409.0
430.0
505.0
528.0
508.0
473.0
397.0
322.0
241.0
141.0
51.0
2.0
0.0
0.0
0.0
0.0
0.0
0.0
0.0
1.0
35.0
87.0
138.0
183.0
233.0
279.0
306.0
303.0
304.0
285.0
235.0
192.0
141.0
86.0
35.0
2.0
0.0
0.0
0.0
0.0
0.0
0.0
0.0
2.0
37.0
83.0
140.0
187.0
230.0
274.0
288.0
304.0
298.0
273.0
234.0
193.0
140.0
79.0
38.0
2.0
0.0
0.0
0.0
0.0
0.0
0.0
0.0
1.0
33.0
86.0
145.0
226.0
303.0
312.0
342.0
357.0
348.0
319.0
287.0
233.0
163.0
102.0
51.0
4.0
0.0
0.0
0.0
0.0
0.0
0.0
0.0
1.0
28.0
68.0
113.0
155.0
186.0
226.0
249.0
253.0
236.0
215.0
191.0
156.0
117.0
73.0
33.0
2.0
0.0
0.0
0.0
0.0
0.0
0.0
0.0
6.0
107.0
271.0
317.0
325.0
232.0
118.0
330.0
357.0
481.0
511.0
464.0
284.0
197.0
106.0
85.0
2.0
0.0
0.0
0.0
0.0
0.0
0.0
0.0
2.0
48.0
123.0
174.0
236.0
322.0
377.0
374.0
372.0
365.0
339.0
283.0
209.0
156.0
84.0
35.0
2.0
0.0
0.0
0.0
0.0
0.0
0.0
0.0
5.0
91.0
209.0
359.0
494.0
619.0
684.0
770.0
754.0
729.0
670.0
594.0
463.0
337.0
214.0
88.0
2.0
0.0
0.0
0.0
0.0
0.0
0.0
0.0
1.0
65.0
107.0
197.0
239.0
319.0
677.0
736.0
1041.0
650.0
633.0
501.0
316.0
113.0
117.0
40.0
2.0
0.0
0.0
0.0
0.0
0.0
0.0
0.0
1.0
27.0
63.0
107.0
163.0
209.0
256.0
274.0
294.0
274.0
270.0
234.0
189.0
146.0
84.0
43.0
3.0
0.0
0.0
0.0
0.0
0.0
0.0
0.0
5.0
88.0
194.0
297.0
413.0
509.0
543.0
631.0
639.0
635.0
589.0
484.0
390.0
265.0
181.0
74.0
2.0
0.0
0.0
0.0
0.0
0.0
0.0
0.0
6.0
116.0
271.0
368.0
447.0
723.0
797.0
489.0
477.0
72.0
510.0
335.0
307.0
286.0
186.0
142.0
32.0
0.0
0.0
0.0
0.0
0.0
0.0
0.0
5.0
95.0
219.0
365.0
518.0
647.0
750.0
827.0
856.0
843.0
783.0
694.0
572.0
424.0
269.0
131.0
15.0
0.0
0.0
0.0
0.0
0.0
0.0
0.0
5.0
100.0
233.0
385.0
529.0
663.0
768.0
830.0
849.0
846.0
787.0
682.0
554.0
408.0
258.0
119.0
10.0
0.0
0.0
0.0
0.0
0.0
0.0
0.0
2.0
40.0
93.0
148.0
196.0
258.0
280.0
291.0
329.0
347.0
324.0
292.0
216.0
165.0
88.0
42.0
2.0
0.0
0.0
0.0
0.0
0.0
0.0
0.0
6.0
112.0
262.0
435.0
605.0
742.0
807.0
523.0
560.0
509.0
384.0
341.0
333.0
212.0
129.0
58.0
4.0
0.0
0.0
0.0
0.0
0.0
0.0
0.0
4.0
75.0
176.0
268.0
315.0
496.0
521.0
526.0
636.0
599.0
680.0
568.0
434.0
401.0
218.0
100.0
3.0
0.0
0.0
0.0
0.0
0.0
0.0
0.0
5.0
100.0
234.0
389.0
537.0
671.0
776.0
840.0
863.0
849.0
787.0
689.0
567.0
420.0
265.0
125.0
12.0
0.0
0.0
0.0
0.0
0.0
0.0
0.0
5.0
99.0
231.0
383.0
540.0
675.0
785.0
851.0
882.0
860.0
800.0
695.0
565.0
419.0
263.0
123.0
10.0
0.0
0.0
0.0
0.0
0.0
0.0
0.0
5.0
97.0
228.0
379.0
528.0
664.0
775.0
837.0
863.0
843.0
786.0
703.0
574.0
428.0
274.0
130.0
13.0
0.0
0.0
0.0
0.0
0.0
0.0
0.0
2.0
43.0
103.0
160.0
237.0
315.0
370.0
362.0
373.0
356.0
328.0
299.0
243.0
173.0
92.0
43.0
2.0
0.0
0.0
0.0
0.0
0.0
0.0
0.0
11.0
68.0
266.0
363.0
382.0
366.0
339.0
298.0
392.0
637.0
530.0
426.0
250.0
126.0
23.0
11.0
2.0
0.0
0.0
0.0
0.0
0.0
0.0
0.0
2.0
38.0
89.0
159.0
215.0
269.0
303.0
309.0
318.0
310.0
291.0
270.0
225.0
150.0
91.0
42.0
2.0
0.0
0.0
0.0
0.0
0.0
0.0
0.0
1.0
13.0
29.0
53.0
81.0
100.0
122.0
119.0
115.0
113.0
106.0
99.0
87.0
66.0
37.0
17.0
2.0
0.0
0.0
0.0
0.0
0.0
0.0
0.0
1.0
33.0
84.0
144.0
210.0
257.0
286.0
313.0
317.0
317.0
284.0
255.0
213.0
149.0
85.0
40.0
2.0
0.0
0.0
0.0
0.0
0.0
0.0
0.0
1.0
33.0
77.0
134.0
193.0
239.0
270.0
291.0
302.0
304.0
289.0
244.0
201.0
143.0
93.0
45.0
4.0
0.0
0.0
0.0
0.0
0.0
0.0
0.0
4.0
84.0
194.0
328.0
429.0
545.0
634.0
710.0
737.0
703.0
661.0
586.0
451.0
326.0
208.0
87.0
2.0
0.0
0.0
0.0
0.0
0.0
0.0
0.0
2.0
46.0
95.0
137.0
204.0
244.0
273.0
324.0
374.0
381.0
311.0
293.0
253.0
158.0
98.0
46.0
2.0
0.0
0.0
0.0
0.0
0.0
0.0
0.0
3.0
53.0
135.0
325.0
355.0
475.0
447.0
453.0
568.0
661.0
648.0
697.0
566.0
384.0
257.0
130.0
22.0
0.0
0.0
0.0
0.0
0.0
0.0
0.0
3.0
91.0
213.0
371.0
500.0
613.0
684.0
775.0
789.0
705.0
631.0
593.0
445.0
314.0
181.0
88.0
3.0
0.0
0.0
0.0
0.0
0.0
0.0
0.0
5.0
91.0
243.0
387.0
600.0
642.0
766.0
709.0
606.0
333.0
360.0
458.0
437.0
240.0
155.0
51.0
2.0
0.0
0.0
0.0
0.0
0.0
0.0
0.0
2.0
85.0
218.0
370.0
503.0
631.0
730.0
794.0
816.0
805.0
755.0
656.0
534.0
388.0
236.0
106.0
7.0
0.0
0.0
0.0
0.0
0.0
0.0
0.0
1.0
34.0
91.0
150.0
241.0
246.0
269.0
273.0
211.0
225.0
205.0
160.0
132.0
75.0
59.0
36.0
2.0
0.0
0.0
0.0
0.0
0.0
0.0
0.0
1.0
23.0
56.0
99.0
151.0
145.0
159.0
215.0
206.0
198.0
202.0
149.0
111.0
70.0
54.0
21.0
2.0
0.0
0.0
0.0
0.0
0.0
0.0
0.0
1.0
53.0
119.0
192.0
307.0
387.0
423.0
484.0
396.0
406.0
431.0
428.0
352.0
247.0
160.0
64.0
8.0
0.0
0.0
0.0
0.0
0.0
0.0
0.0
1.0
67.0
182.0
307.0
461.0
555.0
633.0
738.0
773.0
723.0
691.0
604.0
492.0
415.0
260.0
116.0
8.0
0.0
0.0
0.0
0.0
0.0
0.0
0.0
2.0
66.0
167.0
314.0
474.0
590.0
691.0
704.0
737.0
619.0
552.0
480.0
340.0
235.0
171.0
85.0
2.0
0.0
0.0
0.0
0.0
0.0
0.0
0.0
0.0
24.0
25.0
29.0
95.0
181.0
264.0
208.0
437.0
465.0
561.0
391.0
519.0
378.0
286.0
117.0
15.0
0.0
0.0
0.0
0.0
0.0
0.0
0.0
0.0
21.0
41.0
75.0
120.0
143.0
173.0
172.0
195.0
212.0
195.0
192.0
175.0
118.0
69.0
30.0
2.0
0.0
0.0
0.0
0.0
0.0
0.0
0.0
0.0
25.0
71.0
136.0
179.0
239.0
274.0
290.0
293.0
308.0
277.0
229.0
190.0
139.0
79.0
34.0
1.0
0.0
0.0
0.0
0.0
0.0
0.0
0.0
0.0
19.0
105.0
247.0
307.0
560.0
548.0
384.0
417.0
544.0
801.0
781.0
450.0
203.0
74.0
9.0
1.0
0.0
0.0
0.0
0.0
0.0
0.0
0.0
0.0
44.0
96.0
147.0
211.0
387.0
410.0
441.0
462.0
400.0
365.0
533.0
440.0
405.0
228.0
102.0
18.0
0.0
0.0
0.0
0.0
0.0
0.0
0.0
0.0
9.0
26.0
46.0
66.0
89.0
110.0
114.0
115.0
108.0
106.0
90.0
75.0
52.0
32.0
13.0
1.0
0.0
0.0
0.0
0.0
0.0
0.0
0.0
0.0
24.0
69.0
136.0
191.0
239.0
299.0
315.0
317.0
310.0
315.0
270.0
213.0
154.0
90.0
38.0
1.0
0.0
0.0
0.0
0.0
0.0
0.0
0.0
0.0
65.0
185.0
338.0
499.0
588.0
641.0
660.0
629.0
647.0
595.0
557.0
456.0
324.0
212.0
99.0
2.0
0.0
0.0
0.0
0.0
0.0
0.0
0.0
0.0
28.0
90.0
156.0
227.0
320.0
356.0
427.0
450.0
407.0
340.0
286.0
247.0
176.0
100.0
46.0
1.0
0.0
0.0
0.0
0.0
0.0
0.0
0.0
0.0
46.0
144.0
253.0
279.0
413.0
563.0
579.0
594.0
533.0
522.0
392.0
336.0
242.0
134.0
55.0
1.0
0.0
0.0
0.0
0.0
0.0
0.0
0.0
0.0
5.0
79.0
287.0
443.0
718.0
614.0
602.0
694.0
193.0
343.0
58.0
47.0
34.0
128.0
52.0
7.0
0.0
0.0
0.0
0.0
0.0
0.0
0.0
0.0
41.0
135.0
247.0
375.0
490.0
591.0
629.0
647.0
612.0
538.0
481.0
381.0
266.0
147.0
50.0
1.0
0.0
0.0
0.0
0.0
0.0
0.0
0.0
0.0
43.0
145.0
275.0
403.0
509.0
596.0
651.0
673.0
655.0
612.0
528.0
415.0
293.0
167.0
63.0
1.0
0.0
0.0
0.0
0.0
0.0
0.0
0.0
0.0
25.0
108.0
189.0
232.0
206.0
287.0
318.0
489.0
472.0
543.0
509.0
489.0
439.0
256.0
98.0
6.0
0.0
0.0
0.0
0.0
0.0
0.0
0.0
0.0
9.0
22.0
71.0
166.0
271.0
284.0
342.0
345.0
403.0
231.0
203.0
180.0
341.0
207.0
96.0
8.0
0.0
0.0
0.0
0.0
0.0
0.0
0.0
0.0
21.0
149.0
297.0
451.0
578.0
671.0
740.0
784.0
756.0
687.0
603.0
485.0
349.0
206.0
78.0
2.0
0.0
0.0
0.0
0.0
0.0
0.0
0.0
0.0
4.0
42.0
58.0
71.0
124.0
177.0
194.0
240.0
277.0
231.0
236.0
165.0
127.0
84.0
34.0
1.0
0.0
0.0
0.0
0.0
0.0
0.0
0.0
0.0
20.0
162.0
321.0
482.0
632.0
752.0
832.0
866.0
849.0
789.0
691.0
556.0
395.0
227.0
82.0
1.0
0.0
0.0
0.0
0.0
0.0
0.0
0.0
0.0
17.0
110.0
288.0
521.0
711.0
789.0
635.0
361.0
224.0
101.0
56.0
96.0
31.0
18.0
6.0
0.0
0.0
0.0
0.0
0.0
0.0
0.0
0.0
0.0
16.0
147.0
297.0
453.0
590.0
698.0
776.0
801.0
778.0
721.0
620.0
490.0
344.0
195.0
67.0
0.0
0.0
0.0
0.0
0.0
0.0
0.0
0.0
0.0
3.0
30.0
61.0
96.0
126.0
155.0
168.0
174.0
177.0
163.0
143.0
114.0
79.0
44.0
15.0
0.0
0.0
0.0
0.0
0.0
0.0
0.0
0.0
0.0
12.0
121.0
307.0
240.0
269.0
423.0
474.0
455.0
462.0
312.0
428.0
123.0
90.0
17.0
13.0
0.0
0.0
0.0
0.0
0.0
0.0
0.0
0.0
0.0
3.0
58.0
130.0
180.0
227.0
322.0
371.0
429.0
401.0
316.0
289.0
237.0
157.0
121.0
38.0
0.0
0.0
0.0
0.0
0.0
0.0
0.0
0.0
0.0
2.0
50.0
98.0
188.0
219.0
205.0
225.0
265.0
266.0
354.0
327.0
260.0
189.0
99.0
20.0
0.0
0.0
0.0
0.0
0.0
0.0
0.0
0.0
0.0
4.0
36.0
80.0
132.0
135.0
176.0
206.0
263.0
267.0
186.0
124.0
116.0
93.0
44.0
6.0
0.0
0.0
0.0
0.0
0.0
0.0
0.0
0.0
0.0
10.0
151.0
323.0
502.0
664.0
789.0
401.0
400.0
408.0
396.0
340.0
262.0
167.0
84.0
25.0
0.0
0.0
0.0
0.0
0.0
0.0
0.0
0.0
0.0
2.0
19.0
42.0
64.0
80.0
105.0
119.0
125.0
118.0
110.0
88.0
74.0
50.0
26.0
8.0
0.0
0.0
0.0
0.0
0.0
0.0
0.0
0.0
0.0
2.0
16.0
36.0
51.0
72.0
85.0
102.0
108.0
102.0
90.0
78.0
56.0
37.0
20.0
4.0
0.0
0.0
0.0
0.0
0.0
0.0
0.0
0.0
0.0
2.0
18.0
45.0
71.0
98.0
108.0
120.0
118.0
115.0
104.0
106.0
87.0
60.0
31.0
5.0
0.0
0.0
0.0
0.0
0.0
0.0
0.0
0.0
0.0
2.0
36.0
84.0
134.0
174.0
230.0
251.0
272.0
248.0
229.0
207.0
152.0
93.0
46.0
3.0
0.0
0.0
0.0
0.0
0.0
0.0
0.0
0.0
0.0
6.0
65.0
114.0
210.0
258.0
335.0
380.0
464.0
455.0
414.0
306.0
247.0
139.0
59.0
3.0
0.0
0.0
0.0
0.0
0.0
0.0
0.0
0.0
0.0
9.0
132.0
255.0
354.0
330.0
494.0
544.0
551.0
567.0
541.0
367.0
270.0
159.0
86.0
3.0
0.0
0.0
0.0
0.0
0.0
0.0
0.0
0.0
0.0
3.0
87.0
188.0
300.0
369.0
492.0
525.0
665.0
692.0
588.0
503.0
446.0
346.0
171.0
26.0
0.0
0.0
0.0
0.0
0.0
0.0
0.0
0.0
0.0
6.0
74.0
131.0
319.0
471.0
568.0
462.0
658.0
706.0
656.0
409.0
244.0
179.0
116.0
15.0
0.0
0.0
0.0
0.0
0.0
0.0
0.0
0.0
0.0
3.0
77.0
196.0
219.0
342.0
402.0
456.0
374.0
405.0
310.0
293.0
235.0
141.0
55.0
3.0
0.0
0.0
0.0
0.0
0.0
0.0
0.0
0.0
0.0
1.0
51.0
142.0
230.0
325.0
370.0
410.0
430.0
421.0
378.0
256.0
164.0
92.0
31.0
2.0
0.0
0.0
0.0
0.0
0.0
0.0
0.0
0.0
0.0
1.0
35.0
87.0
142.0
197.0
228.0
255.0
260.0
256.0
230.0
196.0
137.0
84.0
40.0
2.0
0.0
0.0
0.0
0.0
0.0
0.0
0.0
0.0
0.0
1.0
75.0
195.0
233.0
320.0
523.0
587.0
297.0
273.0
301.0
307.0
39.0
97.0
80.0
2.0
0.0
0.0
0.0
0.0
0.0
0.0
0.0
0.0
0.0
2.0
77.0
176.0
273.0
370.0
452.0
512.0
504.0
488.0
441.0
372.0
239.0
149.0
62.0
2.0
0.0
0.0
0.0
0.0
0.0
0.0
0.0
0.0
0.0
1.0
78.0
206.0
347.0
483.0
590.0
692.0
724.0
701.0
636.0
546.0
395.0
261.0
114.0
6.0
0.0
0.0
0.0
0.0
0.0
0.0
0.0
0.0
0.0
2.0
66.0
123.0
200.0
227.0
408.0
327.0
553.0
602.0
321.0
380.0
296.0
220.0
130.0
15.0
0.0
0.0
0.0
0.0
0.0
0.0
0.0
0.0
0.0
1.0
80.0
217.0
361.0
493.0
595.0
671.0
703.0
696.0
631.0
533.0
399.0
250.0
106.0
4.0
0.0
0.0
0.0
0.0
0.0
0.0
0.0
0.0
0.0
0.0
20.0
57.0
87.0
140.0
151.0
152.0
139.0
160.0
158.0
140.0
80.0
57.0
19.0
1.0
0.0
0.0
0.0
0.0
0.0
0.0
0.0
0.0
0.0
0.0
38.0
129.0
197.0
279.0
327.0
362.0
364.0
346.0
295.0
269.0
212.0
145.0
53.0
1.0
0.0
0.0
0.0
0.0
0.0
0.0
0.0
0.0
0.0
1.0
73.0
216.0
362.0
479.0
595.0
647.0
687.0
671.0
588.0
495.0
367.0
233.0
96.0
2.0
0.0
0.0
0.0
0.0
0.0
0.0
0.0
0.0
0.0
0.0
36.0
98.0
189.0
270.0
311.0
348.0
364.0
329.0
291.0
259.0
183.0
103.0
43.0
1.0
0.0
0.0
0.0
0.0
0.0
0.0
0.0
0.0
0.0
0.0
31.0
93.0
92.0
208.0
345.0
489.0
562.0
632.0
493.0
607.0
373.0
247.0
66.0
1.0
0.0
0.0
0.0
0.0
0.0
0.0
0.0
0.0
0.0
0.0
56.0
173.0
306.0
423.0
522.0
576.0
595.0
571.0
510.0
417.0
306.0
184.0
68.0
0.0
0.0
0.0
0.0
0.0
0.0
0.0
0.0
0.0
0.0
0.0
19.0
88.0
133.0
169.0
183.0
210.0
196.0
179.0
165.0
128.0
103.0
51.0
15.0
0.0
0.0
0.0
0.0
0.0
0.0
0.0
0.0
0.0
0.0
0.0
63.0
139.0
351.0
455.0
660.0
792.0
488.0
90.0
53.0
44.0
32.0
19.0
31.0
0.0
0.0
0.0
0.0
0.0
0.0
0.0
0.0
0.0
0.0
0.0
7.0
51.0
75.0
142.0
173.0
226.0
258.0
245.0
199.0
168.0
115.0
50.0
32.0
0.0
0.0
0.0
0.0
0.0
0.0
0.0
0.0
0.0
0.0
0.0
55.0
186.0
335.0
477.0
592.0
664.0
700.0
668.0
600.0
492.0
356.0
201.0
66.0
0.0
0.0
0.0
0.0
0.0
0.0
0.0
0.0
0.0
0.0
0.0
5.0
16.0
30.0
43.0
53.0
59.0
61.0
452.0
399.0
333.0
237.0
132.0
45.0
0.0
0.0
0.0
0.0
0.0
0.0
0.0
0.0
0.0
0.0
0.0
9.0
98.0
267.0
463.0
657.0
467.0
690.0
335.0
48.0
40.0
28.0
54.0
5.0
0.0
0.0
0.0
0.0
0.0
0.0
0.0
0.0
0.0
0.0
0.0
10.0
75.0
220.0
296.0
294.0
393.0
255.0
281.0
421.0
140.0
64.0
71.0
30.0
0.0
0.0
0.0
0.0
0.0
0.0
0.0
0.0
0.0
0.0
0.0
16.0
107.0
196.0
335.0
500.0
572.0
709.0
597.0
516.0
356.0
246.0
113.0
5.0
0.0
0.0
0.0
0.0
0.0
0.0
0.0
0.0
0.0
0.0
0.0
21.0
180.0
339.0
484.0
597.0
678.0
705.0
685.0
613.0
497.0
350.0
190.0
26.0
0.0
0.0
0.0
0.0
0.0
0.0
0.0
0.0
0.0
0.0
0.0
4.0
33.0
75.0
121.0
171.0
191.0
180.0
185.0
175.0
158.0
115.0
61.0
9.0
0.0
0.0
0.0
0.0
0.0
0.0
0.0
0.0
0.0
0.0
0.0
11.0
104.0
157.0
235.0
336.0
300.0
335.0
356.0
343.0
247.0
161.0
78.0
4.0
0.0
0.0
0.0
0.0
0.0
0.0
0.0
0.0
0.0
0.0
0.0
12.0
73.0
253.0
253.0
456.0
567.0
570.0
562.0
354.0
393.0
253.0
121.0
3.0
0.0
0.0
0.0
0.0
0.0
0.0
0.0
0.0
0.0
0.0
0.0
8.0
134.0
276.0
425.0
532.0
580.0
581.0
545.0
509.0
405.0
294.0
139.0
12.0
0.0
0.0
0.0
0.0
0.0
0.0
0.0
0.0
0.0
0.0
0.0
12.0
137.0
249.0
347.0
443.0
482.0
451.0
431.0
401.0
310.0
201.0
91.0
3.0
0.0
0.0
0.0
0.0
0.0
0.0
0.0
0.0
0.0
0.0
0.0
3.0
13.0
31.0
52.0
59.0
57.0
58.0
433.0
391.0
308.0
206.0
106.0
8.0
0.0
0.0
0.0
0.0
0.0
0.0
0.0
0.0
0.0
0.0
0.0
3.0
43.0
87.0
129.0
163.0
188.0
195.0
183.0
162.0
123.0
82.0
38.0
2.0
0.0
0.0
0.0
0.0
0.0
0.0
0.0
0.0
0.0
0.0
0.0
3.0
49.0
94.0
132.0
171.0
198.0
209.0
195.0
175.0
135.0
93.0
43.0
2.0
0.0
0.0
0.0
0.0
0.0
0.0
0.0
0.0
0.0
0.0
0.0
21.0
158.0
344.0
376.0
638.0
522.0
262.0
53.0
46.0
149.0
184.0
97.0
18.0
0.0
0.0
0.0
0.0
0.0
0.0
0.0
0.0
0.0
0.0
0.0
5.0
76.0
149.0
207.0
276.0
295.0
303.0
274.0
244.0
201.0
139.0
54.0
2.0
0.0
0.0
0.0
0.0
0.0
0.0
0.0
0.0
0.0
0.0
0.0
2.0
58.0
134.0
142.0
268.0
328.0
266.0
271.0
236.0
256.0
189.0
92.0
5.0
0.0
0.0
0.0
0.0
0.0
0.0
0.0
0.0
0.0
0.0
0.0
2.0
77.0
147.0
225.0
298.0
288.0
315.0
322.0
271.0
189.0
115.0
56.0
2.0
0.0
0.0
0.0
0.0
0.0
0.0
0.0
0.0
0.0
0.0
0.0
2.0
74.0
165.0
265.0
291.0
327.0
346.0
344.0
314.0
264.0
152.0
68.0
1.0
0.0
0.0
0.0
0.0
0.0
0.0
0.0
0.0
0.0
0.0
0.0
3.0
80.0
176.0
278.0
340.0
399.0
397.0
362.0
312.0
213.0
133.0
54.0
1.0
0.0
0.0
0.0
0.0
0.0
0.0
0.0
0.0
0.0
0.0
0.0
5.0
119.0
239.0
466.0
464.0
539.0
562.0
514.0
228.0
106.0
90.0
48.0
1.0
0.0
0.0
0.0
0.0
0.0
0.0
0.0
0.0
0.0
0.0
0.0
1.0
23.0
52.0
98.0
128.0
115.0
130.0
444.0
341.0
285.0
177.0
65.0
1.0
0.0
0.0
0.0
0.0
0.0
0.0
0.0
0.0
0.0
0.0
0.0
1.0
120.0
225.0
353.0
128.0
315.0
657.0
496.0
141.0
104.0
45.0
7.0
0.0
0.0
0.0
0.0
0.0
0.0
0.0
0.0
0.0
0.0
0.0
0.0
2.0
109.0
251.0
392.0
507.0
585.0
606.0
574.0
489.0
374.0
228.0
85.0
0.0
0.0
0.0
0.0
0.0
0.0
0.0
0.0
0.0
0.0
0.0
0.0
2.0
98.0
232.0
374.0
487.0
558.0
583.0
558.0
476.0
362.0
224.0
84.0
1.0
0.0
0.0
0.0
0.0
0.0
0.0
0.0
0.0
0.0
0.0
0.0
2.0
114.0
219.0
144.0
409.0
277.0
459.0
191.0
220.0
299.0
161.0
86.0
2.0
0.0
0.0
0.0
0.0
0.0
0.0
0.0
0.0
0.0
0.0
0.0
1.0
40.0
113.0
118.0
192.0
229.0
381.0
346.0
349.0
291.0
184.0
77.0
1.0
0.0
0.0
0.0
0.0
0.0
0.0
0.0
0.0
0.0
0.0
0.0
3.0
45.0
152.0
217.0
141.0
221.0
276.0
347.0
242.0
44.0
68.0
16.0
0.0
0.0
0.0
0.0
0.0
0.0
0.0
0.0
0.0
0.0
0.0
0.0
0.0
15.0
38.0
62.0
87.0
100.0
113.0
110.0
85.0
64.0
36.0
11.0
0.0
0.0
0.0
0.0
0.0
0.0
0.0
0.0
0.0
0.0
0.0
0.0
0.0
13.0
32.0
55.0
70.0
80.0
81.0
77.0
65.0
48.0
26.0
8.0
0.0
0.0
0.0
0.0
0.0
0.0
0.0
0.0
0.0
0.0
0.0
0.0
0.0
19.0
46.0
76.0
104.0
109.0
118.0
114.0
94.0
76.0
45.0
6.0
0.0
0.0
0.0
0.0
0.0
0.0
0.0
0.0
0.0
0.0
0.0
0.0
0.0
13.0
39.0
62.0
75.0
89.0
89.0
87.0
77.0
55.0
32.0
5.0
0.0
0.0
0.0
0.0
0.0
0.0
0.0
0.0
0.0
0.0
0.0
0.0
0.0
23.0
65.0
115.0
146.0
164.0
166.0
140.0
111.0
75.0
41.0
4.0
0.0
0.0
0.0
0.0
0.0
0.0
0.0
0.0
0.0
0.0
0.0
0.0
0.0
68.0
198.0
331.0
445.0
518.0
539.0
497.0
414.0
305.0
169.0
19.0
0.0
0.0
0.0
0.0
0.0
0.0
0.0
0.0
0.0
0.0
0.0
0.0
0.0
69.0
200.0
342.0
458.0
533.0
544.0
515.0
434.0
311.0
165.0
17.0
0.0
0.0
0.0
0.0
0.0
0.0
0.0
0.0
0.0
0.0
0.0
0.0
0.0
61.0
194.0
323.0
400.0
464.0
437.0
407.0
352.0
248.0
135.0
13.0
0.0
0.0
0.0
0.0
0.0
0.0
0.0
0.0
0.0
0.0
0.0
0.0
0.0
27.0
81.0
115.0
130.0
123.0
103.0
116.0
123.0
116.0
65.0
7.0
0.0
0.0
0.0
0.0
0.0
0.0
0.0
0.0
0.0
0.0
0.0
0.0
0.0
18.0
58.0
96.0
129.0
147.0
154.0
142.0
115.0
81.0
42.0
2.0
0.0
0.0
0.0
0.0
0.0
0.0
0.0
0.0
0.0
0.0
0.0
0.0
0.0
42.0
151.0
301.0
405.0
462.0
440.0
420.0
314.0
220.0
125.0
10.0
0.0
0.0
0.0
0.0
0.0
0.0
0.0
0.0
0.0
0.0
0.0
0.0
0.0
24.0
175.0
298.0
401.0
467.0
482.0
463.0
381.0
259.0
128.0
7.0
0.0
0.0
0.0
0.0
0.0
0.0
0.0
0.0
0.0
0.0
0.0
0.0
0.0
23.0
160.0
284.0
325.0
366.0
417.0
429.0
367.0
242.0
118.0
9.0
0.0
0.0
0.0
0.0
0.0
0.0
0.0
0.0
0.0
0.0
0.0
0.0
0.0
4.0
14.0
29.0
32.0
45.0
46.0
329.0
267.0
180.0
84.0
4.0
0.0
0.0
0.0
0.0
0.0
0.0
0.0
0.0
0.0
0.0
0.0
0.0
0.0
4.0
17.0
34.0
33.0
50.0
51.0
336.0
273.0
186.0
90.0
3.0
0.0
0.0
0.0
0.0
0.0
0.0
0.0
0.0
0.0
0.0
0.0
0.0
0.0
18.0
160.0
286.0
401.0
462.0
473.0
436.0
359.0
244.0
109.0
3.0
0.0
0.0
0.0
0.0
0.0
0.0
0.0
0.0
0.0
0.0
0.0
0.0
0.0
6.0
63.0
119.0
158.0
207.0
207.0
190.0
158.0
114.0
50.0
1.0
0.0
0.0
0.0
0.0
0.0
0.0
0.0
0.0
0.0
0.0
0.0
0.0
0.0
3.0
21.0
42.0
57.0
60.0
70.0
64.0
54.0
32.0
14.0
1.0
0.0
0.0
0.0
0.0
0.0
0.0
0.0
0.0
0.0
0.0
0.0
0.0
0.0
3.0
22.0
43.0
62.0
69.0
72.0
64.0
52.0
34.0
15.0
1.0
0.0
0.0
0.0
0.0
0.0
0.0
0.0
0.0
0.0
0.0
0.0
0.0
0.0
4.0
34.0
69.0
158.0
143.0
180.0
158.0
87.0
54.0
21.0
1.0
0.0
0.0
0.0
0.0
0.0
0.0
0.0
0.0
0.0
0.0
0.0
0.0
0.0
2.0
19.0
40.0
52.0
63.0
63.0
301.0
231.0
150.0
61.0
1.0
0.0
0.0
0.0
0.0
0.0
0.0
0.0
0.0
0.0
0.0
0.0
0.0
0.0
2.0
37.0
76.0
113.0
137.0
133.0
118.0
96.0
68.0
29.0
0.0
0.0
0.0
0.0
0.0
0.0
0.0
0.0
0.0
0.0
0.0
0.0
0.0
0.0
4.0
79.0
157.0
216.0
267.0
296.0
297.0
346.0
204.0
73.0
1.0
0.0
0.0
0.0
0.0
0.0
0.0
0.0
0.0
0.0
0.0
0.0
0.0
0.0
2.0
23.0
40.0
57.0
63.0
54.0
310.0
242.0
149.0
55.0
0.0
0.0
0.0
0.0
0.0
0.0
0.0
0.0
0.0
0.0
0.0
0.0
0.0
0.0
2.0
10.0
22.0
31.0
34.0
42.0
320.0
258.0
163.0
61.0
0.0
0.0
0.0
0.0
0.0
0.0
0.0
0.0
0.0
0.0
0.0
0.0
0.0
0.0
3.0
85.0
175.0
223.0
286.0
295.0
287.0
247.0
181.0
72.0
0.0
0.0
0.0
0.0
0.0
0.0
0.0
0.0
0.0
0.0
0.0
0.0
0.0
0.0
5.0
107.0
222.0
327.0
382.0
374.0
351.0
248.0
158.0
54.0
0.0
0.0
0.0
0.0
0.0
0.0
0.0
0.0
0.0
0.0
0.0
0.0
0.0
0.0
3.0
89.0
188.0
272.0
360.0
368.0
332.0
289.0
174.0
61.0
0.0
0.0
0.0
0.0
0.0
0.0
0.0
0.0
0.0
0.0
0.0
0.0
0.0
0.0
3.0
97.0
207.0
307.0
367.0
393.0
370.0
291.0
176.0
60.0
0.0
0.0
0.0
0.0
0.0
0.0
0.0
0.0
0.0
0.0
0.0
0.0
0.0
0.0
2.0
92.0
207.0
308.0
357.0
384.0
354.0
282.0
169.0
55.0
0.0
0.0
0.0
0.0
0.0
0.0
0.0
0.0
0.0
0.0
0.0
0.0
0.0
0.0
2.0
91.0
207.0
319.0
375.0
377.0
343.0
262.0
162.0
53.0
0.0
0.0
0.0
0.0
0.0
0.0
0.0
0.0
0.0
0.0
0.0
0.0
0.0
0.0
2.0
80.0
194.0
303.0
326.0
300.0
309.0
268.0
169.0
27.0
0.0
0.0
0.0
0.0
0.0
0.0
0.0
0.0
0.0
0.0
0.0
0.0
0.0
0.0
1.0
16.0
38.0
57.0
66.0
80.0
72.0
57.0
33.0
5.0
0.0
0.0
0.0
0.0
0.0
0.0
0.0
0.0
0.0
0.0
0.0
0.0
0.0
0.0
0.0
16.0
16.0
46.0
61.0
102.0
322.0
251.0
136.0
22.0
0.0
0.0
0.0
0.0
0.0
0.0
0.0
0.0
0.0
0.0
0.0
0.0
0.0
0.0
0.0
7.0
15.0
34.0
36.0
35.0
241.0
198.0
113.0
16.0
0.0
0.0
0.0
0.0
0.0
0.0
0.0
0.0
0.0
0.0
0.0
0.0
0.0
0.0
0.0
18.0
60.0
68.0
97.0
100.0
98.0
100.0
60.0
8.0
0.0
0.0
0.0
0.0
0.0
0.0
0.0
0.0
0.0
0.0
0.0
0.0
0.0
0.0
0.0
13.0
34.0
48.0
65.0
64.0
57.0
42.0
26.0
3.0
0.0
0.0
0.0
0.0
0.0
0.0
0.0
0.0
0.0
0.0
0.0
0.0
0.0
0.0
0.0
27.0
53.0
118.0
117.0
131.0
87.0
55.0
58.0
11.0
0.0
0.0
0.0
0.0
0.0
0.0
0.0
0.0
0.0
0.0
0.0
0.0
0.0
0.0
0.0
15.0
44.0
81.0
98.0
126.0
108.0
83.0
40.0
3.0
0.0
0.0
0.0
0.0
0.0
0.0
0.0
0.0
0.0
0.0
0.0
0.0
0.0
0.0
0.0
23.0
14.0
137.0
108.0
160.0
175.0
140.0
93.0
4.0
0.0
0.0
0.0
0.0
0.0
0.0
0.0
0.0
0.0
0.0
0.0
0.0
0.0
0.0
0.0
11.0
29.0
22.0
36.0
48.0
247.0
179.0
101.0
6.0
0.0
0.0
0.0
0.0
0.0
0.0
0.0
0.0
0.0
0.0
0.0
0.0
0.0
0.0
0.0
41.0
124.0
201.0
249.0
248.0
213.0
157.0
77.0
2.0
0.0
0.0
0.0
0.0
0.0
0.0
0.0
0.0
0.0
0.0
0.0
0.0
0.0
0.0
0.0
40.0
107.0
173.0
229.0
227.0
212.0
146.0
71.0
2.0
0.0
0.0
0.0
0.0
0.0
0.0
0.0
0.0
0.0
0.0
0.0
0.0
0.0
0.0
0.0
43.0
136.0
215.0
280.0
268.0
232.0
158.0
81.0
2.0
0.0
0.0
0.0
0.0
0.0
0.0
0.0
0.0
0.0
0.0
0.0
0.0
0.0
0.0
0.0
22.0
136.0
231.0
293.0
316.0
277.0
205.0
98.0
2.0
0.0
0.0
0.0
0.0
0.0
0.0
0.0
0.0
0.0
0.0
0.0
0.0
0.0
0.0
0.0
43.0
155.0
146.0
164.0
239.0
189.0
119.0
9.0
3.0
0.0
0.0
0.0
0.0
0.0
0.0
0.0
0.0
0.0
0.0
0.0
0.0
0.0
0.0
0.0
13.0
103.0
167.0
186.0
201.0
161.0
113.0
49.0
1.0
0.0
0.0
0.0
0.0
0.0
0.0
0.0
0.0
0.0
0.0
0.0
0.0
0.0
0.0
0.0
9.0
11.0
45.0
188.0
236.0
198.0
194.0
108.0
8.0
0.0
0.0
0.0
0.0
0.0
0.0
0.0
0.0
0.0
0.0
0.0
0.0
0.0
0.0
0.0
7.0
58.0
107.0
130.0
117.0
96.0
71.0
33.0
1.0
0.0
0.0
0.0
0.0
0.0
0.0
0.0
0.0
0.0
0.0
0.0
0.0
0.0
0.0
0.0
3.0
92.0
199.0
167.0
26.0
104.0
137.0
81.0
12.0
0.0
0.0
0.0
0.0
0.0
0.0
0.0
0.0
0.0
0.0
0.0
0.0
0.0
0.0
0.0
7.0
36.0
44.0
23.0
42.0
207.0
164.0
86.0
4.0
0.0
0.0
0.0
0.0
0.0
0.0
0.0
0.0
0.0
0.0
0.0
0.0
0.0
0.0
0.0
5.0
59.0
105.0
142.0
140.0
118.0
88.0
39.0
1.0
0.0
0.0
0.0
0.0
0.0
0.0
0.0
0.0
0.0
0.0
0.0
0.0
0.0
0.0
0.0
8.0
76.0
138.0
173.0
170.0
148.0
95.0
49.0
1.0
0.0
0.0
0.0
0.0
0.0
0.0
0.0
0.0
0.0
0.0
0.0
0.0
0.0
0.0
0.0
9.0
119.0
219.0
285.0
297.0
264.0
183.0
87.0
1.0
0.0
0.0
0.0
0.0
0.0
0.0
0.0
0.0
0.0
0.0
0.0
0.0
0.0
0.0
0.0
6.0
98.0
166.0
214.0
241.0
220.0
159.0
64.0
1.0
0.0
0.0
0.0
0.0
0.0
0.0
0.0
0.0
0.0
0.0
0.0
0.0
0.0
0.0
0.0
5.0
85.0
144.0
143.0
73.0
67.0
35.0
22.0
1.0
0.0
0.0
0.0
0.0
0.0
0.0
0.0
0.0
0.0
0.0
0.0
0.0
0.0
0.0
0.0
4.0
25.0
78.0
95.0
133.0
119.0
42.0
23.0
1.0
0.0
0.0
0.0
0.0
0.0
0.0
0.0
0.0
0.0
0.0
0.0
0.0
0.0
0.0
0.0
2.0
82.0
189.0
125.0
122.0
176.0
146.0
84.0
5.0
0.0
0.0
0.0
0.0
0.0
0.0
0.0
0.0
0.0
0.0
0.0
0.0
0.0
0.0
0.0
1.0
25.0
16.0
74.0
160.0
235.0
181.0
78.0
4.0
0.0
0.0
0.0
0.0
0.0
0.0
0.0
0.0
0.0
0.0
0.0
0.0
0.0
0.0
0.0
3.0
26.0
67.0
74.0
126.0
113.0
61.0
17.0
1.0
0.0
0.0
0.0
0.0
0.0
0.0
0.0
0.0
0.0
0.0
0.0
0.0
0.0
0.0
0.0
3.0
79.0
143.0
207.0
219.0
191.0
132.0
57.0
1.0
0.0
0.0
0.0
0.0
0.0
0.0
0.0
0.0
0.0
0.0
0.0
0.0
0.0
0.0
0.0
1.0
8.0
16.0
29.0
30.0
214.0
153.0
73.0
1.0
0.0
0.0
0.0
0.0
0.0
0.0
0.0
0.0
0.0
0.0
0.0
0.0
0.0
0.0
0.0
1.0
23.0
43.0
59.0
67.0
64.0
42.0
21.0
0.0
0.0
0.0
0.0
0.0
0.0
0.0
0.0
0.0
0.0
0.0
0.0
0.0
0.0
0.0
0.0
2.0
78.0
154.0
193.0
216.0
181.0
121.0
50.0
0.0
0.0
0.0
0.0
0.0
0.0
0.0
0.0
0.0
0.0
0.0
0.0
0.0
0.0
0.0
0.0
1.0
19.0
38.0
51.0
60.0
59.0
48.0
20.0
0.0
0.0
0.0
0.0
0.0
0.0
0.0
0.0
0.0
0.0
0.0
0.0
0.0
0.0
0.0
0.0
3.0
70.0
108.0
104.0
109.0
56.0
61.0
24.0
2.0
0.0
0.0
0.0
0.0
0.0
0.0
0.0
0.0
0.0
0.0
0.0
0.0
0.0
0.0
0.0
1.0
22.0
55.0
102.0
92.0
77.0
46.0
9.0
0.0
0.0
0.0
0.0
0.0
0.0
0.0
0.0
0.0
0.0
0.0
0.0
0.0
0.0
0.0
0.0
3.0
66.0
129.0
140.0
31.0
84.0
84.0
66.0
1.0
0.0
0.0
0.0
0.0
0.0
0.0
0.0
0.0
0.0
0.0
0.0
0.0
0.0
0.0
0.0
1.0
38.0
84.0
115.0
122.0
107.0
76.0
37.0
0.0
0.0
0.0
0.0
0.0
0.0
0.0
0.0
0.0
0.0
0.0
0.0
0.0
0.0
0.0
0.0
1.0
21.0
42.0
59.0
54.0
47.0
33.0
15.0
0.0
0.0
0.0
0.0
0.0
0.0
0.0
0.0
0.0
0.0
0.0
0.0
0.0
0.0
0.0
0.0
0.0
6.0
12.0
17.0
18.0
143.0
100.0
44.0
0.0
0.0
0.0
0.0
0.0
0.0
0.0
0.0
0.0
0.0
0.0
0.0
0.0
0.0
0.0
0.0
0.0
39.0
94.0
158.0
164.0
118.0
87.0
41.0
0.0
0.0
0.0
0.0
0.0
0.0
0.0
0.0
0.0
0.0
0.0
0.0
0.0
0.0
0.0
0.0
1.0
51.0
108.0
144.0
161.0
152.0
100.0
53.0
0.0
0.0
0.0
0.0
0.0
0.0
0.0
0.0
0.0
0.0
0.0
0.0
0.0
0.0
0.0
0.0
1.0
57.0
129.0
176.0
179.0
153.0
113.0
50.0
0.0
0.0
0.0
0.0
0.0
0.0
0.0
0.0
0.0
0.0
0.0
0.0
0.0
0.0
0.0
0.0
0.0
32.0
95.0
117.0
166.0
132.0
150.0
59.0
1.0
0.0
0.0
0.0
0.0
0.0
0.0
0.0
0.0
0.0
0.0
0.0
0.0
0.0
0.0
0.0
0.0
15.0
35.0
48.0
49.0
48.0
33.0
15.0
0.0
0.0
0.0
0.0
0.0
0.0
0.0
0.0
0.0
0.0
0.0
0.0
0.0
0.0
0.0
0.0
0.0
23.0
39.0
64.0
72.0
56.0
40.0
13.0
0.0
0.0
0.0
0.0
0.0
0.0
0.0
0.0
0.0
0.0
0.0
0.0
0.0
0.0
0.0
0.0
0.0
16.0
65.0
107.0
60.0
60.0
56.0
32.0
0.0
0.0
0.0
0.0
0.0
0.0
0.0
0.0
0.0
0.0
0.0
0.0
0.0
0.0
0.0
0.0
0.0
41.0
102.0
157.0
136.0
155.0
144.0
69.0
2.0
0.0
0.0
0.0
0.0
0.0
0.0
0.0
0.0
0.0
0.0
0.0
0.0
0.0
0.0
0.0
0.0
21.0
56.0
135.0
141.0
52.0
29.0
12.0
0.0
0.0
0.0
0.0
0.0
0.0
0.0
0.0
0.0
0.0
0.0
0.0
0.0
0.0
0.0
0.0
0.0
14.0
32.0
48.0
55.0
39.0
24.0
12.0
0.0
0.0
0.0
0.0
0.0
0.0
0.0
0.0
0.0
0.0
0.0
0.0
0.0
0.0
0.0
0.0
0.0
11.0
24.0
36.0
42.0
40.0
30.0
14.0
0.0
0.0
0.0
0.0
0.0
0.0
0.0
0.0
0.0
0.0
0.0
0.0
0.0
0.0
0.0
0.0
0.0
52.0
122.0
175.0
202.0
184.0
133.0
61.0
1.0
0.0
0.0
0.0
0.0
0.0
0.0
0.0
0.0
0.0
0.0
0.0
0.0
0.0
0.0
0.0
0.0
48.0
124.0
179.0
196.0
189.0
133.0
58.0
0.0
0.0
0.0
0.0
0.0
0.0
0.0
0.0
0.0
0.0
0.0
0.0
0.0
0.0
0.0
0.0
0.0
43.0
110.0
157.0
171.0
143.0
94.0
35.0
1.0
0.0
0.0
0.0
0.0
0.0
0.0
0.0
0.0
0.0
0.0
0.0
0.0
0.0
0.0
0.0
0.0
50.0
120.0
172.0
189.0
163.0
116.0
54.0
1.0
0.0
0.0
0.0
0.0
0.0
0.0
0.0
0.0
0.0
0.0
0.0
0.0
0.0
0.0
0.0
0.0
34.0
78.0
123.0
133.0
122.0
80.0
40.0
1.0
0.0
0.0
0.0
0.0
0.0
0.0
0.0
0.0
0.0
0.0
0.0
0.0
0.0
0.0
0.0
0.0
45.0
104.0
158.0
171.0
153.0
109.0
51.0
1.0
0.0
0.0
0.0
0.0
0.0
0.0
0.0
0.0
0.0
0.0
0.0
0.0
0.0
0.0
0.0
0.0
52.0
140.0
191.0
215.0
194.0
136.0
65.0
1.0
0.0
0.0
0.0
0.0
0.0
0.0
0.0
0.0
0.0
0.0
0.0
0.0
0.0
0.0
0.0
0.0
58.0
141.0
163.0
213.0
146.0
158.0
76.0
5.0
0.0
0.0
0.0
0.0
0.0
0.0
0.0
