0.0
0.0
0.0
0.0
0.0
0.0
0.0
0.0
36.0
188.0
306.0
373.0
386.0
343.0
247.0
105.0
1.0
0.0
0.0
0.0
0.0
0.0
0.0
0.0
0.0
0.0
0.0
0.0
0.0
0.0
0.0
0.0
37.0
189.0
307.0
375.0
388.0
345.0
250.0
108.0
1.0
0.0
0.0
0.0
0.0
0.0
0.0
0.0
0.0
0.0
0.0
0.0
0.0
0.0
0.0
0.0
37.0
190.0
308.0
377.0
390.0
348.0
253.0
111.0
2.0
0.0
0.0
0.0
0.0
0.0
0.0
0.0
0.0
0.0
0.0
0.0
0.0
0.0
0.0
0.0
38.0
191.0
310.0
378.0
392.0
350.0
256.0
115.0
2.0
0.0
0.0
0.0
0.0
0.0
0.0
0.0
0.0
0.0
0.0
0.0
0.0
0.0
0.0
0.0
38.0
193.0
312.0
381.0
395.0
353.0
259.0
118.0
3.0
0.0
0.0
0.0
0.0
0.0
0.0
0.0
0.0
0.0
0.0
0.0
0.0
0.0
0.0
0.0
39.0
194.0
313.0
383.0
398.0
356.0
262.0
122.0
4.0
0.0
0.0
0.0
0.0
0.0
0.0
0.0
0.0
0.0
0.0
0.0
0.0
0.0
0.0
0.0
40.0
196.0
316.0
385.0
400.0
360.0
266.0
125.0
4.0
0.0
0.0
0.0
0.0
0.0
0.0
0.0
0.0
0.0
0.0
0.0
0.0
0.0
0.0
0.0
41.0
197.0
318.0
388.0
403.0
363.0
269.0
129.0
5.0
0.0
0.0
0.0
0.0
0.0
0.0
0.0
0.0
0.0
0.0
0.0
0.0
0.0
0.0
0.0
42.0
199.0
320.0
391.0
407.0
367.0
273.0
133.0
6.0
0.0
0.0
0.0
0.0
0.0
0.0
0.0
0.0
0.0
0.0
0.0
0.0
0.0
0.0
0.0
43.0
201.0
323.0
394.0
410.0
370.0
277.0
137.0
7.0
0.0
0.0
0.0
0.0
0.0
0.0
0.0
0.0
0.0
0.0
0.0
0.0
0.0
0.0
0.0
44.0
204.0
325.0
397.0
414.0
374.0
281.0
141.0
8.0
0.0
0.0
0.0
0.0
0.0
0.0
0.0
0.0
0.0
0.0
0.0
0.0
0.0
0.0
0.0
46.0
206.0
328.0
400.0
417.0
378.0
286.0
146.0
10.0
0.0
0.0
0.0
0.0
0.0
0.0
0.0
0.0
0.0
0.0
0.0
0.0
0.0
0.0
0.0
48.0
209.0
331.0
404.0
421.0
382.0
290.0
150.0
11.0
0.0
0.0
0.0
0.0
0.0
0.0
0.0
0.0
0.0
0.0
0.0
0.0
0.0
0.0
0.0
49.0
212.0
335.0
407.0
425.0
387.0
294.0
155.0
13.0
0.0
0.0
0.0
0.0
0.0
0.0
0.0
0.0
0.0
0.0
0.0
0.0
0.0
0.0
0.0
51.0
215.0
338.0
411.0
429.0
391.0
299.0
160.0
15.0
0.0
0.0
0.0
0.0
0.0
0.0
0.0
0.0
0.0
0.0
0.0
0.0
0.0
0.0
0.0
53.0
218.0
341.0
415.0
434.0
396.0
304.0
165.0
17.0
0.0
0.0
0.0
0.0
0.0
0.0
0.0
0.0
0.0
0.0
0.0
0.0
0.0
0.0
0.0
56.0
221.0
345.0
419.0
438.0
400.0
309.0
170.0
19.0
0.0
0.0
0.0
0.0
0.0
0.0
0.0
0.0
0.0
0.0
0.0
0.0
0.0
0.0
0.0
58.0
224.0
349.0
423.0
443.0
405.0
314.0
175.0
21.0
0.0
0.0
0.0
0.0
0.0
0.0
0.0
0.0
0.0
0.0
0.0
0.0
0.0
0.0
0.0
61.0
228.0
353.0
428.0
447.0
410.0
319.0
180.0
24.0
0.0
0.0
0.0
0.0
0.0
0.0
0.0
0.0
0.0
0.0
0.0
0.0
0.0
0.0
0.0
64.0
232.0
357.0
432.0
452.0
415.0
324.0
185.0
26.0
0.0
0.0
0.0
0.0
0.0
0.0
0.0
0.0
0.0
0.0
0.0
0.0
0.0
0.0
0.0
67.0
236.0
361.0
437.0
457.0
420.0
330.0
191.0
29.0
0.0
0.0
0.0
0.0
0.0
0.0
0.0
0.0
0.0
0.0
0.0
0.0
0.0
0.0
0.0
70.0
240.0
366.0
442.0
462.0
426.0
335.0
196.0
32.0
0.0
0.0
0.0
0.0
0.0
0.0
0.0
0.0
0.0
0.0
0.0
0.0
0.0
0.0
0.0
73.0
244.0
370.0
447.0
467.0
431.0
341.0
202.0
36.0
0.0
0.0
0.0
0.0
0.0
0.0
0.0
0.0
0.0
0.0
0.0
0.0
0.0
0.0
0.0
77.0
248.0
375.0
452.0
473.0
437.0
346.0
208.0
39.0
0.0
0.0
0.0
0.0
0.0
0.0
0.0
0.0
0.0
0.0
0.0
0.0
0.0
0.0
0.0
81.0
253.0
380.0
457.0
478.0
443.0
352.0
213.0
43.0
0.0
0.0
0.0
0.0
0.0
0.0
0.0
0.0
0.0
0.0
0.0
0.0
0.0
0.0
0.0
85.0
257.0
385.0
462.0
484.0
448.0
358.0
219.0
47.0
0.0
0.0
0.0
0.0
0.0
0.0
0.0
0.0
0.0
0.0
0.0
0.0
0.0
0.0
0.0
89.0
262.0
390.0
468.0
490.0
454.0
364.0
225.0
51.0
0.0
0.0
0.0
0.0
0.0
0.0
0.0
0.0
0.0
0.0
0.0
0.0
0.0
0.0
0.0
97.0
267.0
396.0
473.0
495.0
460.0
370.0
231.0
56.0
0.0
0.0
0.0
0.0
0.0
0.0
0.0
0.0
0.0
0.0
0.0
0.0
0.0
0.0
0.0
102.0
272.0
401.0
479.0
501.0
466.0
376.0
238.0
60.0
0.0
0.0
0.0
0.0
0.0
0.0
0.0
0.0
0.0
0.0
0.0
0.0
0.0
0.0
0.0
107.0
278.0
407.0
485.0
507.0
473.0
383.0
244.0
65.0
0.0
0.0
0.0
0.0
0.0
0.0
0.0
0.0
0.0
0.0
0.0
0.0
0.0
0.0
0.0
112.0
283.0
412.0
491.0
514.0
479.0
389.0
250.0
70.0
0.0
0.0
0.0
0.0
0.0
0.0
0.0
0.0
0.0
0.0
0.0
0.0
0.0
0.0
1.0
117.0
288.0
418.0
497.0
520.0
485.0
395.0
256.0
76.0
0.0
0.0
0.0
0.0
0.0
0.0
0.0
0.0
0.0
0.0
0.0
0.0
0.0
0.0
1.0
122.0
294.0
424.0
503.0
526.0
492.0
402.0
263.0
81.0
0.0
0.0
0.0
0.0
0.0
0.0
0.0
0.0
0.0
0.0
0.0
0.0
0.0
0.0
2.0
128.0
300.0
430.0
509.0
533.0
498.0
408.0
269.0
87.0
0.0
0.0
0.0
0.0
0.0
0.0
0.0
0.0
0.0
0.0
0.0
0.0
0.0
0.0
3.0
133.0
306.0
436.0
516.0
539.0
505.0
415.0
276.0
94.0
0.0
0.0
0.0
0.0
0.0
0.0
0.0
0.0
0.0
0.0
0.0
0.0
0.0
0.0
4.0
139.0
312.0
442.0
522.0
546.0
512.0
422.0
283.0
103.0
0.0
0.0
0.0
0.0
0.0
0.0
0.0
0.0
0.0
0.0
0.0
0.0
0.0
0.0
5.0
145.0
318.0
449.0
529.0
552.0
518.0
428.0
289.0
110.0
0.0
0.0
0.0
0.0
0.0
0.0
0.0
0.0
0.0
0.0
0.0
0.0
0.0
0.0
6.0
151.0
324.0
455.0
535.0
559.0
525.0
435.0
296.0
117.0
1.0
0.0
0.0
0.0
0.0
0.0
0.0
0.0
0.0
0.0
0.0
0.0
0.0
0.0
8.0
157.0
330.0
462.0
542.0
566.0
532.0
442.0
303.0
123.0
1.0
0.0
0.0
0.0
0.0
0.0
0.0
0.0
0.0
0.0
0.0
0.0
0.0
0.0
10.0
163.0
337.0
468.0
549.0
573.0
539.0
449.0
309.0
130.0
2.0
0.0
0.0
0.0
0.0
0.0
0.0
0.0
0.0
0.0
0.0
0.0
0.0
0.0
12.0
169.0
343.0
475.0
556.0
580.0
546.0
456.0
316.0
136.0
3.0
0.0
0.0
0.0
0.0
0.0
0.0
0.0
0.0
0.0
0.0
0.0
0.0
0.0
14.0
176.0
350.0
482.0
563.0
587.0
553.0
463.0
323.0
143.0
4.0
0.0
0.0
0.0
0.0
0.0
0.0
0.0
0.0
0.0
0.0
0.0
0.0
0.0
16.0
182.0
357.0
489.0
570.0
594.0
560.0
470.0
330.0
150.0
5.0
0.0
0.0
0.0
0.0
0.0
0.0
0.0
0.0
0.0
0.0
0.0
0.0
0.0
19.0
189.0
363.0
496.0
577.0
601.0
567.0
477.0
337.0
157.0
7.0
0.0
0.0
0.0
0.0
0.0
0.0
0.0
0.0
0.0
0.0
0.0
0.0
0.0
22.0
196.0
370.0
503.0
584.0
608.0
574.0
484.0
344.0
163.0
9.0
0.0
0.0
0.0
0.0
0.0
0.0
0.0
0.0
0.0
0.0
0.0
0.0
0.0
25.0
203.0
377.0
510.0
591.0
616.0
582.0
491.0
351.0
170.0
11.0
0.0
0.0
0.0
0.0
0.0
0.0
0.0
0.0
0.0
0.0
0.0
0.0
0.0
28.0
210.0
385.0
517.0
599.0
623.0
589.0
498.0
358.0
177.0
13.0
0.0
0.0
0.0
0.0
0.0
0.0
0.0
0.0
0.0
0.0
0.0
0.0
0.0
32.0
217.0
392.0
525.0
606.0
630.0
596.0
506.0
365.0
184.0
15.0
0.0
0.0
0.0
0.0
0.0
0.0
0.0
0.0
0.0
0.0
0.0
0.0
0.0
35.0
224.0
399.0
532.0
613.0
638.0
603.0
513.0
372.0
191.0
18.0
0.0
0.0
0.0
0.0
0.0
0.0
0.0
0.0
0.0
0.0
0.0
0.0
0.0
40.0
231.0
406.0
539.0
621.0
645.0
611.0
520.0
379.0
198.0
21.0
0.0
0.0
0.0
0.0
0.0
0.0
0.0
0.0
0.0
0.0
0.0
0.0
0.0
44.0
238.0
414.0
547.0
628.0
653.0
618.0
527.0
386.0
204.0
24.0
0.0
0.0
0.0
0.0
0.0
0.0
0.0
0.0
0.0
0.0
0.0
0.0
0.0
49.0
246.0
421.0
554.0
636.0
660.0
625.0
534.0
393.0
211.0
27.0
0.0
0.0
0.0
0.0
0.0
0.0
0.0
0.0
0.0
0.0
0.0
0.0
0.0
54.0
253.0
429.0
562.0
643.0
668.0
633.0
542.0
400.0
218.0
30.0
0.0
0.0
0.0
0.0
0.0
0.0
0.0
0.0
0.0
0.0
0.0
0.0
0.0
59.0
261.0
436.0
569.0
651.0
675.0
640.0
549.0
407.0
225.0
34.0
0.0
0.0
0.0
0.0
0.0
0.0
0.0
0.0
0.0
0.0
0.0
0.0
0.0
65.0
268.0
444.0
577.0
659.0
683.0
648.0
556.0
414.0
232.0
38.0
0.0
0.0
0.0
0.0
0.0
0.0
0.0
0.0
0.0
0.0
0.0
0.0
0.0
71.0
276.0
452.0
585.0
666.0
690.0
655.0
563.0
421.0
239.0
42.0
0.0
0.0
0.0
0.0
0.0
0.0
0.0
0.0
0.0
0.0
0.0
0.0
0.0
77.0
284.0
459.0
593.0
674.0
698.0
662.0
571.0
428.0
245.0
46.0
0.0
0.0
0.0
0.0
0.0
0.0
0.0
0.0
0.0
0.0
0.0
0.0
0.0
84.0
291.0
467.0
600.0
681.0
705.0
670.0
578.0
435.0
252.0
51.0
0.0
0.0
0.0
0.0
0.0
0.0
0.0
0.0
0.0
0.0
0.0
0.0
0.0
91.0
299.0
475.0
608.0
689.0
713.0
677.0
585.0
442.0
259.0
55.0
0.0
0.0
0.0
0.0
0.0
0.0
0.0
0.0
0.0
0.0
0.0
0.0
0.0
98.0
307.0
483.0
616.0
697.0
720.0
685.0
592.0
449.0
266.0
60.0
0.0
0.0
0.0
0.0
0.0
0.0
0.0
0.0
0.0
0.0
0.0
0.0
0.0
106.0
315.0
491.0
624.0
705.0
728.0
692.0
599.0
456.0
273.0
65.0
0.0
0.0
0.0
0.0
0.0
0.0
0.0
0.0
0.0
0.0
0.0
0.0
0.0
116.0
323.0
499.0
632.0
712.0
735.0
699.0
606.0
463.0
279.0
70.0
0.0
0.0
0.0
0.0
0.0
0.0
0.0
0.0
0.0
0.0
0.0
0.0
0.0
124.0
331.0
507.0
639.0
720.0
743.0
707.0
614.0
470.0
286.0
76.0
0.0
0.0
0.0
0.0
0.0
0.0
0.0
0.0
0.0
0.0
0.0
0.0
1.0
132.0
339.0
515.0
647.0
728.0
750.0
714.0
621.0
477.0
293.0
81.0
0.0
0.0
0.0
0.0
0.0
0.0
0.0
0.0
0.0
0.0
0.0
0.0
2.0
140.0
347.0
523.0
655.0
735.0
758.0
721.0
628.0
484.0
300.0
87.0
0.0
0.0
0.0
0.0
0.0
0.0
0.0
0.0
0.0
0.0
0.0
0.0
3.0
149.0
355.0
531.0
663.0
743.0
765.0
728.0
635.0
491.0
306.0
93.0
0.0
0.0
0.0
0.0
0.0
0.0
0.0
0.0
0.0
0.0
0.0
0.0
5.0
157.0
363.0
539.0
671.0
751.0
773.0
736.0
642.0
497.0
313.0
99.0
0.0
0.0
0.0
0.0
0.0
0.0
0.0
0.0
0.0
0.0
0.0
0.0
7.0
165.0
372.0
547.0
679.0
758.0
780.0
743.0
649.0
504.0
319.0
105.0
0.0
0.0
0.0
0.0
0.0
0.0
0.0
0.0
0.0
0.0
0.0
0.0
9.0
173.0
380.0
555.0
687.0
766.0
787.0
750.0
656.0
511.0
326.0
113.0
0.0
0.0
0.0
0.0
0.0
0.0
0.0
0.0
0.0
0.0
0.0
0.0
11.0
182.0
388.0
563.0
694.0
773.0
795.0
757.0
662.0
518.0
333.0
120.0
0.0
0.0
0.0
0.0
0.0
0.0
0.0
0.0
0.0
0.0
0.0
0.0
14.0
190.0
396.0
571.0
702.0
781.0
802.0
764.0
669.0
524.0
339.0
126.0
0.0
0.0
0.0
0.0
0.0
0.0
0.0
0.0
0.0
0.0
0.0
0.0
17.0
198.0
404.0
579.0
710.0
789.0
809.0
771.0
676.0
531.0
346.0
133.0
1.0
0.0
0.0
0.0
0.0
0.0
0.0
0.0
0.0
0.0
0.0
0.0
20.0
207.0
413.0
587.0
718.0
796.0
817.0
778.0
683.0
537.0
352.0
139.0
2.0
0.0
0.0
0.0
0.0
0.0
0.0
0.0
0.0
0.0
0.0
0.0
24.0
215.0
421.0
595.0
726.0
804.0
824.0
785.0
689.0
544.0
358.0
145.0
2.0
0.0
0.0
0.0
0.0
0.0
0.0
0.0
0.0
0.0
0.0
0.0
28.0
223.0
429.0
603.0
733.0
811.0
831.0
792.0
696.0
550.0
365.0
152.0
3.0
0.0
0.0
0.0
0.0
0.0
0.0
0.0
0.0
0.0
0.0
0.0
33.0
232.0
437.0
611.0
741.0
818.0
838.0
799.0
703.0
557.0
371.0
158.0
5.0
0.0
0.0
0.0
0.0
0.0
0.0
0.0
0.0
0.0
0.0
0.0
37.0
240.0
445.0
619.0
749.0
826.0
845.0
805.0
709.0
563.0
377.0
164.0
6.0
0.0
0.0
0.0
0.0
0.0
0.0
0.0
0.0
0.0
0.0
0.0
42.0
249.0
454.0
627.0
756.0
833.0
852.0
812.0
716.0
570.0
384.0
170.0
7.0
0.0
0.0
0.0
0.0
0.0
0.0
0.0
0.0
0.0
0.0
0.0
48.0
257.0
462.0
635.0
764.0
840.0
859.0
819.0
722.0
576.0
390.0
177.0
9.0
0.0
0.0
0.0
0.0
0.0
0.0
0.0
0.0
0.0
0.0
0.0
53.0
265.0
470.0
642.0
771.0
847.0
866.0
825.0
729.0
582.0
396.0
183.0
11.0
0.0
0.0
0.0
0.0
0.0
0.0
0.0
0.0
0.0
0.0
0.0
59.0
274.0
478.0
650.0
779.0
855.0
873.0
832.0
735.0
588.0
402.0
189.0
13.0
0.0
0.0
0.0
0.0
0.0
0.0
0.0
0.0
0.0
0.0
0.0
66.0
282.0
486.0
658.0
786.0
862.0
880.0
838.0
741.0
594.0
408.0
195.0
15.0
0.0
0.0
0.0
0.0
0.0
0.0
0.0
0.0
0.0
0.0
0.0
72.0
290.0
494.0
666.0
793.0
869.0
886.0
845.0
747.0
601.0
414.0
201.0
18.0
0.0
0.0
0.0
0.0
0.0
0.0
0.0
0.0
0.0
0.0
0.0
79.0
298.0
502.0
673.0
801.0
876.0
893.0
851.0
754.0
607.0
420.0
207.0
20.0
0.0
0.0
0.0
0.0
0.0
0.0
0.0
0.0
0.0
0.0
0.0
86.0
307.0
510.0
681.0
808.0
883.0
899.0
857.0
760.0
613.0
426.0
213.0
23.0
0.0
0.0
0.0
0.0
0.0
0.0
0.0
0.0
0.0
0.0
0.0
94.0
315.0
518.0
688.0
815.0
889.0
906.0
864.0
766.0
618.0
432.0
219.0
26.0
0.0
0.0
0.0
0.0
0.0
0.0
0.0
0.0
0.0
0.0
0.0
102.0
323.0
526.0
696.0
822.0
896.0
912.0
870.0
772.0
624.0
438.0
225.0
29.0
0.0
0.0
0.0
0.0
0.0
0.0
0.0
0.0
0.0
0.0
0.0
110.0
331.0
533.0
703.0
829.0
903.0
919.0
876.0
778.0
630.0
444.0
231.0
32.0
0.0
0.0
0.0
0.0
0.0
0.0
0.0
0.0
0.0
0.0
0.0
119.0
339.0
541.0
711.0
836.0
909.0
925.0
882.0
783.0
636.0
449.0
237.0
35.0
0.0
0.0
0.0
0.0
0.0
0.0
0.0
0.0
0.0
0.0
0.0
127.0
347.0
549.0
718.0
843.0
916.0
931.0
888.0
789.0
642.0
455.0
243.0
38.0
0.0
0.0
0.0
0.0
0.0
0.0
0.0
0.0
0.0
0.0
1.0
135.0
355.0
556.0
725.0
850.0
922.0
937.0
894.0
795.0
647.0
461.0
248.0
42.0
0.0
0.0
0.0
0.0
0.0
0.0
0.0
0.0
0.0
0.0
2.0
143.0
363.0
564.0
732.0
857.0
929.0
943.0
900.0
801.0
653.0
466.0
254.0
46.0
0.0
0.0
0.0
0.0
0.0
0.0
0.0
0.0
0.0
0.0
4.0
151.0
371.0
571.0
739.0
864.0
935.0
949.0
905.0
806.0
658.0
472.0
260.0
50.0
0.0
0.0
0.0
0.0
0.0
0.0
0.0
0.0
0.0
0.0
5.0
160.0
379.0
579.0
747.0
870.0
941.0
955.0
911.0
812.0
664.0
478.0
266.0
54.0
0.0
0.0
0.0
0.0
0.0
0.0
0.0
0.0
0.0
0.0
7.0
168.0
386.0
586.0
753.0
877.0
948.0
961.0
917.0
817.0
669.0
483.0
271.0
58.0
0.0
0.0
0.0
0.0
0.0
0.0
0.0
0.0
0.0
0.0
9.0
176.0
394.0
593.0
760.0
883.0
954.0
967.0
922.0
822.0
675.0
488.0
277.0
62.0
0.0
0.0
0.0
0.0
0.0
0.0
0.0
0.0
0.0
0.0
12.0
184.0
402.0
601.0
767.0
889.0
960.0
973.0
928.0
828.0
680.0
494.0
282.0
66.0
0.0
0.0
0.0
0.0
0.0
0.0
0.0
0.0
0.0
0.0
15.0
191.0
409.0
608.0
774.0
896.0
966.0
978.0
933.0
833.0
685.0
499.0
288.0
71.0
0.0
0.0
0.0
0.0
0.0
0.0
0.0
0.0
0.0
0.0
18.0
199.0
417.0
615.0
780.0
902.0
971.0
984.0
938.0
838.0
690.0
504.0
293.0
76.0
0.0
0.0
0.0
0.0
0.0
0.0
0.0
0.0
0.0
0.0
21.0
207.0
424.0
622.0
787.0
908.0
977.0
989.0
944.0
843.0
695.0
510.0
299.0
80.0
0.0
0.0
0.0
0.0
0.0
0.0
0.0
0.0
0.0
0.0
25.0
215.0
431.0
629.0
793.0
914.0
983.0
995.0
949.0
848.0
700.0
515.0
304.0
85.0
0.0
0.0
0.0
0.0
0.0
0.0
0.0
0.0
0.0
0.0
29.0
222.0
438.0
635.0
800.0
920.0
988.0
1000.0
954.0
853.0
705.0
520.0
310.0
90.0
0.0
0.0
0.0
0.0
0.0
0.0
0.0
0.0
0.0
0.0
33.0
230.0
445.0
642.0
806.0
926.0
994.0
1005.0
959.0
858.0
710.0
525.0
315.0
96.0
0.0
0.0
0.0
0.0
0.0
0.0
0.0
0.0
0.0
0.0
37.0
237.0
452.0
649.0
812.0
932.0
999.0
1010.0
964.0
863.0
715.0
530.0
320.0
101.0
0.0
0.0
0.0
0.0
0.0
0.0
0.0
0.0
0.0
0.0
42.0
244.0
459.0
655.0
818.0
937.0
1004.0
1015.0
969.0
868.0
720.0
535.0
325.0
106.0
0.0
0.0
0.0
0.0
0.0
0.0
0.0
0.0
0.0
0.0
46.0
252.0
466.0
661.0
824.0
943.0
1010.0
1020.0
973.0
873.0
725.0
540.0
331.0
111.0
0.0
0.0
0.0
0.0
0.0
0.0
0.0
0.0
0.0
0.0
51.0
259.0
473.0
668.0
830.0
948.0
1015.0
1025.0
978.0
877.0
729.0
545.0
336.0
117.0
0.0
0.0
0.0
0.0
0.0
0.0
0.0
0.0
0.0
0.0
56.0
266.0
480.0
674.0
836.0
954.0
1020.0
1030.0
983.0
882.0
734.0
550.0
341.0
122.0
0.0
0.0
0.0
0.0
0.0
0.0
0.0
0.0
0.0
0.0
62.0
273.0
486.0
680.0
841.0
959.0
1025.0
1034.0
987.0
886.0
739.0
554.0
346.0
128.0
1.0
0.0
0.0
0.0
0.0
0.0
0.0
0.0
0.0
0.0
67.0
280.0
493.0
686.0
847.0
964.0
1030.0
1039.0
992.0
891.0
743.0
559.0
351.0
133.0
2.0
0.0
0.0
0.0
0.0
0.0
0.0
0.0
0.0
0.0
73.0
286.0
499.0
692.0
852.0
969.0
1034.0
1043.0
996.0
895.0
748.0
564.0
356.0
138.0
2.0
0.0
0.0
0.0
0.0
0.0
0.0
0.0
0.0
0.0
79.0
293.0
505.0
698.0
858.0
974.0
1039.0
1048.0
1000.0
899.0
752.0
568.0
361.0
144.0
3.0
0.0
0.0
0.0
0.0
0.0
0.0
0.0
0.0
0.0
85.0
299.0
511.0
703.0
863.0
979.0
1043.0
1052.0
1004.0
904.0
756.0
573.0
366.0
149.0
4.0
0.0
0.0
0.0
0.0
0.0
0.0
0.0
0.0
0.0
91.0
306.0
517.0
709.0
868.0
984.0
1048.0
1056.0
1009.0
908.0
761.0
578.0
371.0
154.0
5.0
0.0
0.0
0.0
0.0
0.0
0.0
0.0
0.0
0.0
98.0
312.0
523.0
714.0
873.0
988.0
1052.0
1061.0
1013.0
912.0
765.0
582.0
375.0
159.0
7.0
0.0
0.0
0.0
0.0
0.0
0.0
0.0
0.0
0.0
104.0
318.0
529.0
720.0
878.0
993.0
1057.0
1065.0
1017.0
916.0
769.0
586.0
380.0
165.0
8.0
0.0
0.0
0.0
0.0
0.0
0.0
0.0
0.0
0.0
109.0
325.0
535.0
725.0
883.0
997.0
1061.0
1069.0
1021.0
920.0
773.0
591.0
385.0
170.0
10.0
0.0
0.0
0.0
0.0
0.0
0.0
0.0
0.0
0.0
116.0
331.0
540.0
730.0
887.0
1002.0
1065.0
1073.0
1024.0
924.0
777.0
595.0
390.0
175.0
12.0
0.0
0.0
0.0
0.0
0.0
0.0
0.0
0.0
1.0
122.0
336.0
546.0
735.0
892.0
1006.0
1069.0
1076.0
1028.0
928.0
781.0
599.0
394.0
180.0
13.0
0.0
0.0
0.0
0.0
0.0
0.0
0.0
0.0
1.0
128.0
342.0
551.0
740.0
897.0
1010.0
1073.0
1080.0
1032.0
931.0
785.0
604.0
399.0
185.0
15.0
0.0
0.0
0.0
0.0
0.0
0.0
0.0
0.0
2.0
134.0
348.0
556.0
745.0
901.0
1014.0
1076.0
1084.0
1036.0
935.0
789.0
608.0
403.0
190.0
18.0
0.0
0.0
0.0
0.0
0.0
0.0
0.0
0.0
3.0
140.0
353.0
561.0
749.0
905.0
1018.0
1080.0
1087.0
1039.0
939.0
793.0
612.0
408.0
195.0
20.0
0.0
0.0
0.0
0.0
0.0
0.0
0.0
0.0
5.0
146.0
359.0
566.0
754.0
909.0
1022.0
1084.0
1091.0
1043.0
942.0
797.0
616.0
412.0
199.0
22.0
0.0
0.0
0.0
0.0
0.0
0.0
0.0
0.0
6.0
152.0
364.0
571.0
758.0
913.0
1026.0
1087.0
1094.0
1046.0
946.0
800.0
620.0
417.0
204.0
25.0
0.0
0.0
0.0
0.0
0.0
0.0
0.0
0.0
7.0
157.0
369.0
576.0
763.0
917.0
1029.0
1091.0
1098.0
1049.0
949.0
804.0
624.0
421.0
209.0
27.0
0.0
0.0
0.0
0.0
0.0
0.0
0.0
0.0
9.0
163.0
374.0
580.0
767.0
921.0
1033.0
1094.0
1101.0
1053.0
953.0
808.0
628.0
425.0
214.0
30.0
0.0
0.0
0.0
0.0
0.0
0.0
0.0
0.0
11.0
168.0
379.0
585.0
771.0
925.0
1036.0
1097.0
1104.0
1056.0
956.0
811.0
632.0
429.0
218.0
33.0
0.0
0.0
0.0
0.0
0.0
0.0
0.0
0.0
13.0
173.0
384.0
589.0
775.0
929.0
1040.0
1100.0
1107.0
1059.0
959.0
815.0
635.0
434.0
223.0
36.0
0.0
0.0
0.0
0.0
0.0
0.0
0.0
0.0
15.0
178.0
389.0
593.0
779.0
932.0
1043.0
1104.0
1110.0
1062.0
962.0
818.0
639.0
438.0
227.0
39.0
0.0
0.0
0.0
0.0
0.0
0.0
0.0
0.0
17.0
183.0
393.0
597.0
783.0
935.0
1046.0
1107.0
1113.0
1065.0
965.0
821.0
643.0
442.0
232.0
42.0
0.0
0.0
0.0
0.0
0.0
0.0
0.0
0.0
19.0
188.0
397.0
601.0
786.0
939.0
1049.0
1109.0
1116.0
1068.0
968.0
825.0
646.0
446.0
236.0
45.0
0.0
0.0
0.0
0.0
0.0
0.0
0.0
0.0
21.0
193.0
402.0
605.0
790.0
942.0
1052.0
1112.0
1119.0
1070.0
971.0
828.0
650.0
450.0
240.0
48.0
0.0
0.0
0.0
0.0
0.0
0.0
0.0
0.0
24.0
197.0
406.0
609.0
793.0
945.0
1055.0
1115.0
1121.0
1073.0
974.0
831.0
653.0
453.0
245.0
51.0
0.0
0.0
0.0
0.0
0.0
0.0
0.0
0.0
26.0
202.0
410.0
613.0
796.0
948.0
1058.0
1118.0
1124.0
1076.0
977.0
834.0
657.0
457.0
249.0
55.0
0.0
0.0
0.0
0.0
0.0
0.0
0.0
0.0
29.0
206.0
414.0
616.0
799.0
951.0
1060.0
1120.0
1126.0
1078.0
980.0
837.0
660.0
461.0
253.0
58.0
0.0
0.0
0.0
0.0
0.0
0.0
0.0
0.0
31.0
210.0
418.0
620.0
802.0
954.0
1063.0
1123.0
1129.0
1081.0
983.0
840.0
664.0
465.0
257.0
61.0
0.0
0.0
0.0
0.0
0.0
0.0
0.0
0.0
34.0
214.0
421.0
623.0
805.0
956.0
1065.0
1125.0
1131.0
1083.0
985.0
843.0
667.0
468.0
261.0
65.0
0.0
0.0
0.0
0.0
0.0
0.0
0.0
0.0
36.0
218.0
425.0
626.0
808.0
959.0
1068.0
1127.0
1133.0
1086.0
988.0
846.0
670.0
472.0
265.0
69.0
0.0
0.0
0.0
0.0
0.0
0.0
0.0
0.0
39.0
222.0
428.0
629.0
811.0
961.0
1070.0
1129.0
1136.0
1088.0
990.0
849.0
673.0
475.0
269.0
72.0
0.0
0.0
0.0
0.0
0.0
0.0
0.0
0.0
41.0
225.0
431.0
632.0
813.0
964.0
1072.0
1131.0
1138.0
1090.0
993.0
852.0
676.0
479.0
273.0
76.0
0.0
0.0
0.0
0.0
0.0
0.0
0.0
0.0
44.0
229.0
434.0
635.0
816.0
966.0
1074.0
1134.0
1140.0
1093.0
995.0
854.0
679.0
482.0
276.0
79.0
0.0
0.0
0.0
0.0
0.0
0.0
0.0
0.0
46.0
232.0
437.0
637.0
818.0
968.0
1076.0
1135.0
1142.0
1095.0
998.0
857.0
682.0
485.0
280.0
83.0
0.0
0.0
0.0
0.0
0.0
0.0
0.0
0.0
49.0
235.0
440.0
640.0
821.0
970.0
1078.0
1137.0
1144.0
1097.0
1000.0
859.0
685.0
489.0
284.0
87.0
0.0
0.0
0.0
0.0
0.0
0.0
0.0
0.0
51.0
238.0
443.0
642.0
823.0
972.0
1080.0
1139.0
1146.0
1099.0
1002.0
862.0
688.0
492.0
287.0
90.0
0.0
0.0
0.0
0.0
0.0
0.0
0.0
0.0
54.0
241.0
445.0
645.0
825.0
974.0
1082.0
1141.0
1147.0
1101.0
1004.0
864.0
691.0
495.0
291.0
94.0
0.0
0.0
0.0
0.0
0.0
0.0
0.0
0.0
56.0
244.0
448.0
647.0
827.0
976.0
1083.0
1142.0
1149.0
1103.0
1006.0
867.0
693.0
498.0
294.0
95.0
0.0
0.0
0.0
0.0
0.0
0.0
0.0
0.0
58.0
247.0
450.0
649.0
828.0
977.0
1085.0
1144.0
1151.0
1104.0
1008.0
869.0
696.0
501.0
297.0
99.0
0.0
0.0
0.0
0.0
0.0
0.0
0.0
0.0
61.0
249.0
452.0
651.0
830.0
979.0
1086.0
1145.0
1152.0
1106.0
1010.0
871.0
698.0
504.0
300.0
102.0
0.0
0.0
0.0
0.0
0.0
0.0
0.0
0.0
63.0
251.0
455.0
652.0
832.0
980.0
1088.0
1147.0
1154.0
1108.0
1012.0
873.0
701.0
506.0
303.0
105.0
0.0
0.0
0.0
0.0
0.0
0.0
0.0
0.0
65.0
254.0
457.0
654.0
833.0
982.0
1089.0
1148.0
1155.0
1109.0
1014.0
875.0
703.0
509.0
306.0
109.0
1.0
0.0
0.0
0.0
0.0
0.0
0.0
0.0
67.0
256.0
458.0
656.0
835.0
983.0
1090.0
1149.0
1156.0
1111.0
1016.0
877.0
706.0
512.0
309.0
112.0
1.0
0.0
0.0
0.0
0.0
0.0
0.0
0.0
69.0
258.0
460.0
657.0
836.0
984.0
1091.0
1151.0
1158.0
1112.0
1017.0
879.0
708.0
514.0
312.0
115.0
2.0
0.0
0.0
0.0
0.0
0.0
0.0
0.0
71.0
260.0
462.0
659.0
837.0
985.0
1092.0
1152.0
1159.0
1114.0
1019.0
881.0
710.0
517.0
315.0
118.0
2.0
0.0
0.0
0.0
0.0
0.0
0.0
0.0
72.0
261.0
463.0
660.0
838.0
986.0
1093.0
1153.0
1160.0
1115.0
1021.0
883.0
712.0
519.0
318.0
121.0
2.0
0.0
0.0
0.0
0.0
0.0
0.0
0.0
74.0
263.0
464.0
661.0
839.0
987.0
1094.0
1154.0
1161.0
1116.0
1022.0
885.0
714.0
522.0
320.0
124.0
3.0
0.0
0.0
0.0
0.0
0.0
0.0
0.0
76.0
264.0
466.0
662.0
840.0
988.0
1095.0
1154.0
1162.0
1117.0
1023.0
887.0
716.0
524.0
323.0
126.0
4.0
0.0
0.0
0.0
0.0
0.0
0.0
0.0
77.0
266.0
467.0
663.0
841.0
988.0
1096.0
1155.0
1163.0
1119.0
1025.0
888.0
718.0
526.0
325.0
129.0
4.0
0.0
0.0
0.0
0.0
0.0
0.0
0.0
78.0
267.0
468.0
664.0
841.0
989.0
1096.0
1156.0
1164.0
1120.0
1026.0
890.0
720.0
528.0
327.0
131.0
5.0
0.0
0.0
0.0
0.0
0.0
0.0
0.0
79.0
268.0
469.0
664.0
842.0
990.0
1097.0
1157.0
1165.0
1121.0
1027.0
891.0
722.0
530.0
329.0
134.0
5.0
0.0
0.0
0.0
0.0
0.0
0.0
0.0
81.0
269.0
469.0
665.0
843.0
990.0
1097.0
1157.0
1165.0
1122.0
1029.0
893.0
723.0
532.0
331.0
136.0
6.0
0.0
0.0
0.0
0.0
0.0
0.0
0.0
81.0
270.0
470.0
665.0
843.0
990.0
1098.0
1158.0
1166.0
1122.0
1030.0
894.0
725.0
534.0
333.0
138.0
6.0
0.0
0.0
0.0
0.0
0.0
0.0
0.0
82.0
270.0
470.0
666.0
843.0
991.0
1098.0
1158.0
1167.0
1123.0
1031.0
895.0
726.0
535.0
335.0
140.0
7.0
0.0
0.0
0.0
0.0
0.0
0.0
0.0
83.0
271.0
471.0
666.0
843.0
991.0
1098.0
1159.0
1167.0
1124.0
1032.0
896.0
728.0
537.0
337.0
142.0
8.0
0.0
0.0
0.0
0.0
0.0
0.0
0.0
84.0
271.0
471.0
666.0
844.0
991.0
1099.0
1159.0
1168.0
1125.0
1033.0
898.0
729.0
538.0
339.0
144.0
8.0
0.0
0.0
0.0
0.0
0.0
0.0
0.0
84.0
272.0
471.0
666.0
844.0
991.0
1099.0
1159.0
1168.0
1125.0
1033.0
899.0
730.0
540.0
340.0
145.0
9.0
0.0
0.0
0.0
0.0
0.0
0.0
0.0
84.0
272.0
471.0
666.0
844.0
991.0
1099.0
1159.0
1169.0
1126.0
1034.0
900.0
731.0
541.0
342.0
147.0
9.0
0.0
0.0
0.0
0.0
0.0
0.0
0.0
84.0
272.0
471.0
666.0
843.0
991.0
1099.0
1159.0
1169.0
1126.0
1035.0
901.0
733.0
542.0
343.0
148.0
10.0
0.0
0.0
0.0
0.0
0.0
0.0
0.0
85.0
272.0
471.0
666.0
843.0
991.0
1099.0
1159.0
1169.0
1127.0
1035.0
901.0
734.0
544.0
344.0
149.0
10.0
0.0
0.0
0.0
0.0
0.0
0.0
0.0
84.0
271.0
471.0
665.0
843.0
990.0
1099.0
1159.0
1169.0
1127.0
1036.0
902.0
734.0
545.0
346.0
151.0
11.0
0.0
0.0
0.0
0.0
0.0
0.0
0.0
84.0
271.0
470.0
665.0
842.0
990.0
1098.0
1159.0
1169.0
1127.0
1036.0
903.0
735.0
546.0
347.0
152.0
11.0
0.0
0.0
0.0
0.0
0.0
0.0
0.0
84.0
271.0
470.0
664.0
842.0
990.0
1098.0
1159.0
1169.0
1128.0
1037.0
903.0
736.0
546.0
347.0
153.0
11.0
0.0
0.0
0.0
0.0
0.0
0.0
0.0
83.0
270.0
469.0
664.0
841.0
989.0
1098.0
1159.0
1169.0
1128.0
1037.0
904.0
737.0
547.0
348.0
153.0
12.0
0.0
0.0
0.0
0.0
0.0
0.0
0.0
83.0
269.0
468.0
663.0
841.0
989.0
1097.0
1159.0
1169.0
1128.0
1038.0
904.0
737.0
548.0
349.0
154.0
12.0
0.0
0.0
0.0
0.0
0.0
0.0
0.0
82.0
268.0
467.0
662.0
840.0
988.0
1097.0
1158.0
1169.0
1128.0
1038.0
905.0
738.0
548.0
350.0
155.0
12.0
0.0
0.0
0.0
0.0
0.0
0.0
0.0
81.0
268.0
466.0
661.0
839.0
987.0
1096.0
1158.0
1169.0
1128.0
1038.0
905.0
738.0
549.0
350.0
155.0
12.0
0.0
0.0
0.0
0.0
0.0
0.0
0.0
80.0
267.0
465.0
660.0
838.0
986.0
1095.0
1158.0
1169.0
1128.0
1038.0
905.0
738.0
549.0
350.0
155.0
12.0
0.0
0.0
0.0
0.0
0.0
0.0
0.0
79.0
265.0
464.0
659.0
837.0
986.0
1095.0
1157.0
1168.0
1128.0
1038.0
905.0
739.0
549.0
351.0
156.0
12.0
0.0
0.0
0.0
0.0
0.0
0.0
0.0
78.0
264.0
463.0
658.0
836.0
985.0
1094.0
1156.0
1168.0
1127.0
1038.0
905.0
739.0
550.0
351.0
156.0
12.0
0.0
0.0
0.0
0.0
0.0
0.0
0.0
77.0
263.0
462.0
657.0
835.0
984.0
1093.0
1156.0
1167.0
1127.0
1038.0
905.0
739.0
550.0
351.0
155.0
12.0
0.0
0.0
0.0
0.0
0.0
0.0
0.0
76.0
261.0
460.0
655.0
834.0
983.0
1092.0
1155.0
1167.0
1127.0
1037.0
905.0
739.0
549.0
350.0
155.0
12.0
0.0
0.0
0.0
0.0
0.0
0.0
0.0
74.0
260.0
459.0
654.0
832.0
981.0
1091.0
1154.0
1166.0
1126.0
1037.0
905.0
738.0
549.0
350.0
155.0
12.0
0.0
0.0
0.0
0.0
0.0
0.0
0.0
72.0
258.0
457.0
652.0
831.0
980.0
1090.0
1154.0
1166.0
1126.0
1037.0
905.0
738.0
549.0
350.0
154.0
12.0
0.0
0.0
0.0
0.0
0.0
0.0
0.0
71.0
256.0
455.0
651.0
829.0
979.0
1089.0
1153.0
1165.0
1125.0
1036.0
904.0
738.0
549.0
349.0
154.0
11.0
0.0
0.0
0.0
0.0
0.0
0.0
0.0
69.0
254.0
453.0
649.0
828.0
978.0
1088.0
1152.0
1164.0
1125.0
1036.0
904.0
737.0
548.0
349.0
153.0
11.0
0.0
0.0
0.0
0.0
0.0
0.0
0.0
67.0
252.0
452.0
647.0
826.0
976.0
1087.0
1151.0
1163.0
1124.0
1035.0
903.0
737.0
547.0
348.0
152.0
11.0
0.0
0.0
0.0
0.0
0.0
0.0
0.0
65.0
250.0
450.0
646.0
825.0
975.0
1086.0
1150.0
1162.0
1123.0
1034.0
902.0
736.0
547.0
347.0
151.0
10.0
0.0
0.0
0.0
0.0
0.0
0.0
0.0
64.0
248.0
447.0
644.0
823.0
973.0
1084.0
1148.0
1161.0
1122.0
1034.0
902.0
735.0
546.0
346.0
150.0
10.0
0.0
0.0
0.0
0.0
0.0
0.0
0.0
62.0
246.0
445.0
642.0
821.0
972.0
1083.0
1147.0
1160.0
1121.0
1033.0
901.0
734.0
545.0
345.0
149.0
9.0
0.0
0.0
0.0
0.0
0.0
0.0
0.0
59.0
243.0
443.0
640.0
819.0
970.0
1081.0
1146.0
1159.0
1120.0
1032.0
900.0
733.0
544.0
344.0
147.0
9.0
0.0
0.0
0.0
0.0
0.0
0.0
0.0
57.0
241.0
441.0
637.0
817.0
968.0
1080.0
1145.0
1158.0
1119.0
1031.0
899.0
732.0
543.0
342.0
146.0
8.0
0.0
0.0
0.0
0.0
0.0
0.0
0.0
55.0
238.0
438.0
635.0
815.0
966.0
1078.0
1143.0
1157.0
1118.0
1030.0
898.0
731.0
541.0
341.0
144.0
8.0
0.0
0.0
0.0
0.0
0.0
0.0
0.0
53.0
235.0
436.0
633.0
813.0
965.0
1077.0
1142.0
1156.0
1117.0
1029.0
896.0
730.0
540.0
339.0
142.0
7.0
0.0
0.0
0.0
0.0
0.0
0.0
0.0
51.0
233.0
433.0
630.0
811.0
963.0
1075.0
1140.0
1154.0
1116.0
1027.0
895.0
728.0
538.0
338.0
140.0
7.0
0.0
0.0
0.0
0.0
0.0
0.0
0.0
49.0
230.0
430.0
628.0
809.0
961.0
1073.0
1139.0
1153.0
1114.0
1026.0
894.0
727.0
537.0
336.0
138.0
6.0
0.0
0.0
0.0
0.0
0.0
0.0
0.0
46.0
227.0
428.0
626.0
807.0
959.0
1071.0
1137.0
1151.0
1113.0
1024.0
892.0
725.0
535.0
334.0
136.0
5.0
0.0
0.0
0.0
0.0
0.0
0.0
0.0
44.0
224.0
425.0
623.0
804.0
957.0
1070.0
1135.0
1150.0
1111.0
1023.0
891.0
724.0
533.0
332.0
133.0
5.0
0.0
0.0
0.0
0.0
0.0
0.0
0.0
42.0
220.0
422.0
620.0
802.0
955.0
1068.0
1134.0
1148.0
1110.0
1021.0
889.0
722.0
531.0
329.0
131.0
4.0
0.0
0.0
0.0
0.0
0.0
0.0
0.0
40.0
217.0
419.0
618.0
799.0
952.0
1066.0
1132.0
1146.0
1108.0
1020.0
887.0
720.0
529.0
327.0
128.0
4.0
0.0
0.0
0.0
0.0
0.0
0.0
0.0
37.0
214.0
416.0
615.0
797.0
950.0
1064.0
1130.0
1144.0
1106.0
1018.0
885.0
718.0
526.0
324.0
126.0
3.0
0.0
0.0
0.0
0.0
0.0
0.0
0.0
35.0
211.0
413.0
612.0
794.0
948.0
1062.0
1128.0
1143.0
1104.0
1016.0
883.0
715.0
524.0
322.0
123.0
2.0
0.0
0.0
0.0
0.0
0.0
0.0
0.0
33.0
207.0
410.0
609.0
792.0
945.0
1059.0
1126.0
1141.0
1102.0
1014.0
881.0
713.0
521.0
319.0
120.0
2.0
0.0
0.0
0.0
0.0
0.0
0.0
0.0
31.0
204.0
406.0
606.0
789.0
943.0
1057.0
1124.0
1139.0
1101.0
1012.0
879.0
711.0
519.0
316.0
116.0
1.0
0.0
0.0
0.0
0.0
0.0
0.0
0.0
28.0
200.0
403.0
603.0
786.0
940.0
1055.0
1122.0
1137.0
1098.0
1010.0
877.0
708.0
516.0
313.0
113.0
1.0
0.0
0.0
0.0
0.0
0.0
0.0
0.0
26.0
196.0
400.0
600.0
784.0
938.0
1053.0
1120.0
1134.0
1096.0
1008.0
874.0
706.0
513.0
310.0
109.0
1.0
0.0
0.0
0.0
0.0
0.0
0.0
0.0
24.0
193.0
396.0
597.0
781.0
935.0
1050.0
1117.0
1132.0
1094.0
1005.0
872.0
703.0
510.0
306.0
106.0
0.0
0.0
0.0
0.0
0.0
0.0
0.0
0.0
22.0
189.0
393.0
594.0
778.0
933.0
1048.0
1115.0
1130.0
1092.0
1003.0
869.0
700.0
507.0
303.0
102.0
0.0
0.0
0.0
0.0
0.0
0.0
0.0
0.0
20.0
185.0
389.0
590.0
775.0
930.0
1045.0
1113.0
1128.0
1089.0
1000.0
867.0
697.0
504.0
299.0
98.0
0.0
0.0
0.0
0.0
0.0
0.0
0.0
0.0
18.0
181.0
386.0
587.0
772.0
927.0
1043.0
1110.0
1125.0
1087.0
998.0
864.0
694.0
500.0
296.0
96.0
0.0
0.0
0.0
0.0
0.0
0.0
0.0
0.0
16.0
177.0
382.0
584.0
769.0
924.0
1040.0
1108.0
1123.0
1084.0
995.0
861.0
691.0
497.0
292.0
92.0
0.0
0.0
0.0
0.0
0.0
0.0
0.0
0.0
15.0
173.0
378.0
580.0
766.0
921.0
1037.0
1105.0
1120.0
1082.0
992.0
858.0
688.0
493.0
288.0
88.0
0.0
0.0
0.0
0.0
0.0
0.0
0.0
0.0
13.0
169.0
374.0
577.0
762.0
919.0
1034.0
1102.0
1117.0
1079.0
989.0
855.0
684.0
489.0
284.0
84.0
0.0
0.0
0.0
0.0
0.0
0.0
0.0
0.0
11.0
165.0
370.0
573.0
759.0
916.0
1032.0
1100.0
1115.0
1076.0
986.0
851.0
681.0
486.0
280.0
80.0
0.0
0.0
0.0
0.0
0.0
0.0
0.0
0.0
10.0
160.0
367.0
570.0
756.0
913.0
1029.0
1097.0
1112.0
1073.0
983.0
848.0
677.0
482.0
275.0
76.0
0.0
0.0
0.0
0.0
0.0
0.0
0.0
0.0
8.0
156.0
363.0
566.0
753.0
909.0
1026.0
1094.0
1109.0
1070.0
980.0
845.0
673.0
478.0
271.0
72.0
0.0
0.0
0.0
0.0
0.0
0.0
0.0
0.0
7.0
152.0
359.0
562.0
749.0
906.0
1023.0
1091.0
1106.0
1067.0
977.0
841.0
669.0
473.0
266.0
68.0
0.0
0.0
0.0
0.0
0.0
0.0
0.0
0.0
6.0
147.0
355.0
559.0
746.0
903.0
1020.0
1088.0
1103.0
1064.0
973.0
837.0
665.0
469.0
262.0
63.0
0.0
0.0
0.0
0.0
0.0
0.0
0.0
0.0
5.0
143.0
350.0
555.0
742.0
900.0
1017.0
1085.0
1100.0
1061.0
970.0
834.0
661.0
464.0
257.0
59.0
0.0
0.0
0.0
0.0
0.0
0.0
0.0
0.0
4.0
138.0
346.0
551.0
739.0
897.0
1013.0
1082.0
1097.0
1057.0
966.0
830.0
657.0
460.0
252.0
55.0
0.0
0.0
0.0
0.0
0.0
0.0
0.0
0.0
3.0
134.0
342.0
547.0
735.0
893.0
1010.0
1079.0
1093.0
1054.0
963.0
826.0
653.0
455.0
247.0
51.0
0.0
0.0
0.0
0.0
0.0
0.0
0.0
0.0
2.0
129.0
338.0
543.0
732.0
890.0
1007.0
1075.0
1090.0
1050.0
959.0
822.0
648.0
450.0
241.0
48.0
0.0
0.0
0.0
0.0
0.0
0.0
0.0
0.0
1.0
124.0
333.0
539.0
728.0
886.0
1004.0
1072.0
1087.0
1047.0
955.0
817.0
644.0
445.0
236.0
44.0
0.0
0.0
0.0
0.0
0.0
0.0
0.0
0.0
1.0
120.0
329.0
535.0
724.0
883.0
1000.0
1069.0
1083.0
1043.0
951.0
813.0
639.0
440.0
231.0
40.0
0.0
0.0
0.0
0.0
0.0
0.0
0.0
0.0
0.0
115.0
325.0
531.0
720.0
879.0
997.0
1065.0
1080.0
1039.0
947.0
809.0
634.0
435.0
225.0
36.0
0.0
0.0
0.0
0.0
0.0
0.0
0.0
0.0
0.0
110.0
320.0
527.0
717.0
876.0
993.0
1062.0
1076.0
1035.0
943.0
804.0
629.0
430.0
219.0
33.0
0.0
0.0
0.0
0.0
0.0
0.0
0.0
0.0
0.0
105.0
316.0
523.0
713.0
872.0
990.0
1058.0
1072.0
1031.0
938.0
800.0
624.0
424.0
214.0
29.0
0.0
0.0
0.0
0.0
0.0
0.0
0.0
0.0
0.0
102.0
311.0
519.0
709.0
868.0
986.0
1054.0
1068.0
1027.0
934.0
795.0
619.0
419.0
208.0
26.0
0.0
0.0
0.0
0.0
0.0
0.0
0.0
0.0
0.0
97.0
307.0
515.0
705.0
864.0
982.0
1050.0
1064.0
1023.0
930.0
790.0
614.0
413.0
202.0
23.0
0.0
0.0
0.0
0.0
0.0
0.0
0.0
0.0
0.0
92.0
302.0
510.0
701.0
860.0
978.0
1047.0
1060.0
1019.0
925.0
785.0
608.0
407.0
195.0
20.0
0.0
0.0
0.0
0.0
0.0
0.0
0.0
0.0
0.0
87.0
298.0
506.0
697.0
857.0
975.0
1043.0
1056.0
1015.0
920.0
780.0
603.0
401.0
189.0
17.0
0.0
0.0
0.0
0.0
0.0
0.0
0.0
0.0
0.0
83.0
293.0
502.0
693.0
853.0
971.0
1039.0
1052.0
1010.0
916.0
775.0
597.0
395.0
183.0
15.0
0.0
0.0
0.0
0.0
0.0
0.0
0.0
0.0
0.0
79.0
288.0
497.0
689.0
849.0
967.0
1035.0
1048.0
1006.0
911.0
770.0
592.0
389.0
176.0
12.0
0.0
0.0
0.0
0.0
0.0
0.0
0.0
0.0
0.0
74.0
284.0
493.0
684.0
845.0
963.0
1031.0
1044.0
1001.0
906.0
764.0
586.0
383.0
170.0
10.0
0.0
0.0
0.0
0.0
0.0
0.0
0.0
0.0
0.0
70.0
279.0
489.0
680.0
840.0
959.0
1026.0
1039.0
996.0
901.0
759.0
580.0
377.0
163.0
8.0
0.0
0.0
0.0
0.0
0.0
0.0
0.0
0.0
0.0
66.0
274.0
484.0
676.0
836.0
954.0
1022.0
1035.0
992.0
896.0
753.0
574.0
370.0
156.0
6.0
0.0
0.0
0.0
0.0
0.0
0.0
0.0
0.0
0.0
62.0
269.0
480.0
672.0
832.0
950.0
1018.0
1030.0
987.0
890.0
747.0
568.0
364.0
149.0
5.0
0.0
0.0
0.0
0.0
0.0
0.0
0.0
0.0
0.0
58.0
264.0
475.0
667.0
828.0
946.0
1013.0
1026.0
982.0
885.0
742.0
562.0
357.0
142.0
3.0
0.0
0.0
0.0
0.0
0.0
0.0
0.0
0.0
0.0
54.0
259.0
470.0
663.0
824.0
942.0
1009.0
1021.0
977.0
880.0
736.0
555.0
351.0
135.0
2.0
0.0
0.0
0.0
0.0
0.0
0.0
0.0
0.0
0.0
50.0
255.0
466.0
658.0
819.0
937.0
1004.0
1016.0
972.0
874.0
730.0
549.0
344.0
128.0
1.0
0.0
0.0
0.0
0.0
0.0
0.0
0.0
0.0
0.0
47.0
250.0
461.0
654.0
815.0
933.0
1000.0
1011.0
966.0
868.0
724.0
543.0
337.0
121.0
0.0
0.0
0.0
0.0
0.0
0.0
0.0
0.0
0.0
0.0
43.0
245.0
456.0
649.0
810.0
928.0
995.0
1006.0
961.0
863.0
718.0
536.0
330.0
114.0
0.0
0.0
0.0
0.0
0.0
0.0
0.0
0.0
0.0
0.0
40.0
240.0
452.0
645.0
806.0
924.0
990.0
1001.0
956.0
857.0
711.0
529.0
323.0
107.0
0.0
0.0
0.0
0.0
0.0
0.0
0.0
0.0
0.0
0.0
37.0
235.0
447.0
640.0
801.0
919.0
985.0
996.0
950.0
851.0
705.0
523.0
316.0
99.0
0.0
0.0
0.0
0.0
0.0
0.0
0.0
0.0
0.0
0.0
34.0
229.0
442.0
635.0
796.0
914.0
980.0
991.0
945.0
845.0
699.0
516.0
308.0
92.0
0.0
0.0
0.0
0.0
0.0
0.0
0.0
0.0
0.0
0.0
31.0
224.0
437.0
631.0
792.0
909.0
975.0
986.0
939.0
839.0
692.0
509.0
301.0
85.0
0.0
0.0
0.0
0.0
0.0
0.0
0.0
0.0
0.0
0.0
28.0
219.0
432.0
626.0
787.0
904.0
970.0
980.0
933.0
833.0
686.0
502.0
294.0
79.0
0.0
0.0
0.0
0.0
0.0
0.0
0.0
0.0
0.0
0.0
25.0
214.0
427.0
621.0
782.0
900.0
965.0
975.0
927.0
826.0
679.0
495.0
286.0
72.0
0.0
0.0
0.0
0.0
0.0
0.0
0.0
0.0
0.0
0.0
23.0
209.0
422.0
616.0
777.0
895.0
960.0
969.0
922.0
820.0
672.0
487.0
279.0
66.0
0.0
0.0
0.0
0.0
0.0
0.0
0.0
0.0
0.0
0.0
20.0
204.0
417.0
611.0
772.0
890.0
955.0
964.0
916.0
814.0
665.0
480.0
271.0
60.0
0.0
0.0
0.0
0.0
0.0
0.0
0.0
0.0
0.0
0.0
18.0
198.0
412.0
606.0
767.0
884.0
949.0
958.0
909.0
807.0
658.0
473.0
263.0
54.0
0.0
0.0
0.0
0.0
0.0
0.0
0.0
0.0
0.0
0.0
16.0
193.0
407.0
601.0
762.0
879.0
944.0
952.0
903.0
801.0
651.0
465.0
255.0
49.0
0.0
0.0
0.0
0.0
0.0
0.0
0.0
0.0
0.0
0.0
14.0
188.0
402.0
596.0
757.0
874.0
938.0
946.0
897.0
794.0
644.0
458.0
248.0
43.0
0.0
0.0
0.0
0.0
0.0
0.0
0.0
0.0
0.0
0.0
12.0
182.0
397.0
591.0
752.0
869.0
933.0
940.0
891.0
787.0
637.0
450.0
240.0
39.0
0.0
0.0
0.0
0.0
0.0
0.0
0.0
0.0
0.0
0.0
10.0
177.0
392.0
586.0
747.0
863.0
927.0
935.0
884.0
781.0
630.0
443.0
232.0
34.0
0.0
0.0
0.0
0.0
0.0
0.0
0.0
0.0
0.0
0.0
9.0
172.0
386.0
581.0
742.0
858.0
922.0
928.0
878.0
774.0
623.0
435.0
224.0
29.0
0.0
0.0
0.0
0.0
0.0
0.0
0.0
0.0
0.0
0.0
7.0
166.0
381.0
576.0
736.0
852.0
916.0
922.0
871.0
767.0
615.0
427.0
216.0
25.0
0.0
0.0
0.0
0.0
0.0
0.0
0.0
0.0
0.0
0.0
6.0
161.0
376.0
570.0
731.0
847.0
910.0
916.0
865.0
760.0
608.0
419.0
208.0
21.0
0.0
0.0
0.0
0.0
0.0
0.0
0.0
0.0
0.0
0.0
5.0
155.0
371.0
565.0
726.0
841.0
904.0
910.0
858.0
753.0
600.0
412.0
199.0
18.0
0.0
0.0
0.0
0.0
0.0
0.0
0.0
0.0
0.0
0.0
3.0
150.0
365.0
560.0
720.0
836.0
898.0
904.0
852.0
746.0
593.0
404.0
191.0
15.0
0.0
0.0
0.0
0.0
0.0
0.0
0.0
0.0
0.0
0.0
3.0
144.0
360.0
554.0
715.0
830.0
892.0
897.0
845.0
738.0
585.0
396.0
183.0
12.0
0.0
0.0
0.0
0.0
0.0
0.0
0.0
0.0
0.0
0.0
2.0
139.0
354.0
549.0
709.0
824.0
886.0
891.0
838.0
731.0
578.0
388.0
175.0
9.0
0.0
0.0
0.0
0.0
0.0
0.0
0.0
0.0
0.0
0.0
1.0
133.0
349.0
543.0
703.0
818.0
880.0
884.0
831.0
724.0
570.0
380.0
166.0
7.0
0.0
0.0
0.0
0.0
0.0
0.0
0.0
0.0
0.0
0.0
1.0
128.0
343.0
538.0
698.0
812.0
874.0
878.0
824.0
716.0
562.0
372.0
158.0
5.0
0.0
0.0
0.0
0.0
0.0
0.0
0.0
0.0
0.0
0.0
0.0
122.0
338.0
532.0
692.0
806.0
867.0
871.0
817.0
709.0
554.0
363.0
150.0
3.0
0.0
0.0
0.0
0.0
0.0
0.0
0.0
0.0
0.0
0.0
0.0
116.0
332.0
527.0
686.0
800.0
861.0
864.0
810.0
702.0
546.0
355.0
141.0
2.0
0.0
0.0
0.0
0.0
0.0
0.0
0.0
0.0
0.0
0.0
0.0
110.0
326.0
521.0
680.0
794.0
855.0
858.0
803.0
694.0
539.0
347.0
133.0
1.0
0.0
0.0
0.0
0.0
0.0
0.0
0.0
0.0
0.0
0.0
0.0
104.0
321.0
515.0
675.0
788.0
848.0
851.0
796.0
686.0
531.0
339.0
124.0
0.0
0.0
0.0
0.0
0.0
0.0
0.0
0.0
0.0
0.0
0.0
0.0
99.0
315.0
509.0
669.0
782.0
842.0
844.0
788.0
679.0
523.0
331.0
116.0
0.0
0.0
0.0
0.0
0.0
0.0
0.0
0.0
0.0
0.0
0.0
0.0
93.0
309.0
503.0
663.0
776.0
835.0
837.0
781.0
671.0
515.0
322.0
106.0
0.0
0.0
0.0
0.0
0.0
0.0
0.0
0.0
0.0
0.0
0.0
0.0
88.0
304.0
498.0
657.0
769.0
829.0
830.0
774.0
664.0
507.0
314.0
98.0
0.0
0.0
0.0
0.0
0.0
0.0
0.0
0.0
0.0
0.0
0.0
0.0
83.0
298.0
492.0
650.0
763.0
822.0
823.0
767.0
656.0
499.0
306.0
91.0
0.0
0.0
0.0
0.0
0.0
0.0
0.0
0.0
0.0
0.0
0.0
0.0
78.0
292.0
486.0
644.0
757.0
815.0
816.0
759.0
648.0
491.0
298.0
83.0
0.0
0.0
0.0
0.0
0.0
0.0
0.0
0.0
0.0
0.0
0.0
0.0
73.0
286.0
480.0
638.0
750.0
809.0
809.0
752.0
640.0
483.0
289.0
76.0
0.0
0.0
0.0
0.0
0.0
0.0
0.0
0.0
0.0
0.0
0.0
0.0
68.0
280.0
474.0
632.0
744.0
802.0
802.0
744.0
633.0
475.0
281.0
69.0
0.0
0.0
0.0
0.0
0.0
0.0
0.0
0.0
0.0
0.0
0.0
0.0
64.0
274.0
468.0
626.0
737.0
795.0
795.0
737.0
625.0
467.0
273.0
63.0
0.0
0.0
0.0
0.0
0.0
0.0
0.0
0.0
0.0
0.0
0.0
0.0
59.0
268.0
462.0
619.0
731.0
788.0
788.0
729.0
617.0
459.0
265.0
57.0
0.0
0.0
0.0
0.0
0.0
0.0
0.0
0.0
0.0
0.0
0.0
0.0
55.0
262.0
455.0
613.0
724.0
781.0
780.0
722.0
609.0
450.0
256.0
51.0
0.0
0.0
0.0
0.0
0.0
0.0
0.0
0.0
0.0
0.0
0.0
0.0
51.0
256.0
449.0
607.0
718.0
774.0
773.0
714.0
601.0
442.0
248.0
45.0
0.0
0.0
0.0
0.0
0.0
0.0
0.0
0.0
0.0
0.0
0.0
0.0
47.0
250.0
443.0
600.0
711.0
767.0
766.0
707.0
594.0
434.0
240.0
40.0
0.0
0.0
0.0
0.0
0.0
0.0
0.0
0.0
0.0
0.0
0.0
0.0
43.0
244.0
437.0
594.0
704.0
760.0
759.0
699.0
586.0
426.0
232.0
35.0
0.0
0.0
0.0
0.0
0.0
0.0
0.0
0.0
0.0
0.0
0.0
0.0
39.0
238.0
430.0
587.0
697.0
753.0
751.0
691.0
578.0
418.0
223.0
31.0
0.0
0.0
0.0
0.0
0.0
0.0
0.0
0.0
0.0
0.0
0.0
0.0
36.0
231.0
424.0
581.0
691.0
746.0
744.0
684.0
570.0
410.0
215.0
27.0
0.0
0.0
0.0
0.0
0.0
0.0
0.0
0.0
0.0
0.0
0.0
0.0
32.0
225.0
418.0
574.0
684.0
739.0
737.0
676.0
562.0
402.0
207.0
23.0
0.0
0.0
0.0
0.0
0.0
0.0
0.0
0.0
0.0
0.0
0.0
0.0
29.0
219.0
411.0
568.0
677.0
732.0
729.0
669.0
554.0
394.0
199.0
19.0
0.0
0.0
0.0
0.0
0.0
0.0
0.0
0.0
0.0
0.0
0.0
0.0
26.0
213.0
405.0
561.0
670.0
725.0
722.0
661.0
547.0
386.0
191.0
16.0
0.0
0.0
0.0
0.0
0.0
0.0
0.0
0.0
0.0
0.0
0.0
0.0
23.0
207.0
398.0
554.0
663.0
718.0
714.0
653.0
539.0
378.0
183.0
13.0
0.0
0.0
0.0
0.0
0.0
0.0
0.0
0.0
0.0
0.0
0.0
0.0
20.0
200.0
392.0
548.0
656.0
711.0
707.0
646.0
531.0
370.0
175.0
11.0
0.0
0.0
0.0
0.0
0.0
0.0
0.0
0.0
0.0
0.0
0.0
0.0
18.0
194.0
386.0
541.0
649.0
703.0
700.0
638.0
523.0
363.0
167.0
8.0
0.0
0.0
0.0
0.0
0.0
0.0
0.0
0.0
0.0
0.0
0.0
0.0
15.0
188.0
379.0
534.0
642.0
696.0
692.0
631.0
516.0
355.0
159.0
6.0
0.0
0.0
0.0
0.0
0.0
0.0
0.0
0.0
0.0
0.0
0.0
0.0
13.0
181.0
373.0
527.0
635.0
689.0
685.0
623.0
508.0
347.0
152.0
5.0
0.0
0.0
0.0
0.0
0.0
0.0
0.0
0.0
0.0
0.0
0.0
0.0
11.0
175.0
366.0
521.0
628.0
682.0
678.0
616.0
500.0
339.0
144.0
3.0
0.0
0.0
0.0
0.0
0.0
0.0
0.0
0.0
0.0
0.0
0.0
0.0
9.0
169.0
359.0
514.0
621.0
675.0
670.0
608.0
493.0
332.0
136.0
2.0
0.0
0.0
0.0
0.0
0.0
0.0
0.0
0.0
0.0
0.0
0.0
0.0
7.0
162.0
353.0
507.0
614.0
668.0
663.0
601.0
485.0
324.0
129.0
1.0
0.0
0.0
0.0
0.0
0.0
0.0
0.0
0.0
0.0
0.0
0.0
0.0
6.0
156.0
346.0
500.0
607.0
660.0
655.0
593.0
477.0
316.0
121.0
0.0
0.0
0.0
0.0
0.0
0.0
0.0
0.0
0.0
0.0
0.0
0.0
0.0
5.0
149.0
340.0
494.0
600.0
653.0
648.0
586.0
470.0
309.0
114.0
0.0
0.0
0.0
0.0
0.0
0.0
0.0
0.0
0.0
0.0
0.0
0.0
0.0
3.0
143.0
333.0
487.0
593.0
646.0
641.0
578.0
463.0
302.0
104.0
0.0
0.0
0.0
0.0
0.0
0.0
0.0
0.0
0.0
0.0
0.0
0.0
0.0
2.0
137.0
326.0
480.0
587.0
639.0
634.0
571.0
455.0
294.0
97.0
0.0
0.0
0.0
0.0
0.0
0.0
0.0
0.0
0.0
0.0
0.0
0.0
0.0
1.0
130.0
320.0
473.0
580.0
632.0
626.0
564.0
448.0
287.0
90.0
0.0
0.0
0.0
0.0
0.0
0.0
0.0
0.0
0.0
0.0
0.0
0.0
0.0
1.0
124.0
313.0
466.0
573.0
625.0
619.0
556.0
441.0
280.0
83.0
0.0
0.0
0.0
0.0
0.0
0.0
0.0
0.0
0.0
0.0
0.0
0.0
0.0
0.0
117.0
307.0
460.0
566.0
618.0
612.0
549.0
433.0
273.0
77.0
0.0
0.0
0.0
0.0
0.0
0.0
0.0
0.0
0.0
0.0
0.0
0.0
0.0
0.0
111.0
300.0
453.0
559.0
611.0
605.0
542.0
426.0
266.0
71.0
0.0
0.0
0.0
0.0
0.0
0.0
0.0
0.0
0.0
0.0
0.0
0.0
0.0
0.0
104.0
293.0
446.0
552.0
604.0
598.0
535.0
419.0
259.0
66.0
0.0
0.0
0.0
0.0
0.0
0.0
0.0
0.0
0.0
0.0
0.0
0.0
0.0
0.0
95.0
287.0
439.0
545.0
597.0
591.0
528.0
412.0
252.0
60.0
0.0
0.0
0.0
0.0
0.0
0.0
0.0
0.0
0.0
0.0
0.0
0.0
0.0
0.0
89.0
280.0
433.0
538.0
590.0
584.0
521.0
406.0
245.0
55.0
0.0
0.0
0.0
0.0
0.0
0.0
0.0
0.0
0.0
0.0
0.0
0.0
0.0
0.0
83.0
274.0
426.0
531.0
583.0
577.0
514.0
399.0
238.0
51.0
0.0
0.0
0.0
0.0
0.0
0.0
0.0
0.0
0.0
0.0
0.0
0.0
0.0
0.0
78.0
267.0
419.0
525.0
576.0
570.0
507.0
392.0
232.0
46.0
0.0
0.0
0.0
0.0
0.0
0.0
0.0
0.0
0.0
0.0
0.0
0.0
0.0
0.0
72.0
261.0
413.0
518.0
569.0
563.0
501.0
385.0
225.0
42.0
0.0
0.0
0.0
0.0
0.0
0.0
0.0
0.0
0.0
0.0
0.0
0.0
0.0
0.0
67.0
254.0
406.0
511.0
563.0
557.0
494.0
379.0
219.0
38.0
0.0
0.0
0.0
0.0
0.0
0.0
0.0
0.0
0.0
0.0
0.0
0.0
0.0
0.0
62.0
248.0
399.0
504.0
556.0
550.0
488.0
373.0
213.0
35.0
0.0
0.0
0.0
0.0
0.0
0.0
0.0
0.0
0.0
0.0
0.0
0.0
0.0
0.0
57.0
241.0
393.0
498.0
549.0
544.0
481.0
366.0
207.0
31.0
0.0
0.0
0.0
0.0
0.0
0.0
0.0
0.0
0.0
0.0
0.0
0.0
0.0
0.0
52.0
235.0
386.0
491.0
543.0
537.0
475.0
360.0
201.0
28.0
0.0
0.0
0.0
0.0
0.0
0.0
0.0
0.0
0.0
0.0
0.0
0.0
0.0
0.0
48.0
229.0
380.0
485.0
536.0
531.0
468.0
354.0
195.0
25.0
0.0
0.0
0.0
0.0
0.0
0.0
0.0
0.0
0.0
0.0
0.0
0.0
0.0
0.0
44.0
222.0
374.0
478.0
530.0
524.0
462.0
348.0
189.0
23.0
0.0
0.0
0.0
0.0
0.0
0.0
0.0
0.0
0.0
0.0
0.0
0.0
0.0
0.0
40.0
216.0
367.0
472.0
524.0
518.0
456.0
342.0
183.0
20.0
0.0
0.0
0.0
0.0
0.0
0.0
0.0
0.0
0.0
0.0
0.0
0.0
0.0
0.0
36.0
210.0
361.0
466.0
517.0
512.0
450.0
336.0
178.0
18.0
0.0
0.0
0.0
0.0
0.0
0.0
0.0
0.0
0.0
0.0
0.0
0.0
0.0
0.0
33.0
204.0
355.0
460.0
511.0
506.0
444.0
331.0
172.0
16.0
0.0
0.0
0.0
0.0
0.0
0.0
0.0
0.0
0.0
0.0
0.0
0.0
0.0
0.0
29.0
198.0
349.0
453.0
505.0
500.0
439.0
325.0
167.0
14.0
0.0
0.0
0.0
0.0
0.0
0.0
0.0
0.0
0.0
0.0
0.0
0.0
0.0
0.0
26.0
192.0
343.0
447.0
499.0
494.0
433.0
320.0
162.0
12.0
0.0
0.0
0.0
0.0
0.0
0.0
0.0
0.0
0.0
0.0
0.0
0.0
0.0
0.0
23.0
186.0
336.0
441.0
493.0
488.0
427.0
314.0
157.0
10.0
0.0
0.0
0.0
0.0
0.0
0.0
0.0
0.0
0.0
0.0
0.0
0.0
0.0
0.0
21.0
180.0
331.0
435.0
487.0
483.0
422.0
309.0
152.0
9.0
0.0
0.0
0.0
0.0
0.0
0.0
0.0
0.0
0.0
0.0
0.0
0.0
0.0
0.0
18.0
174.0
325.0
430.0
482.0
477.0
417.0
304.0
147.0
8.0
0.0
0.0
0.0
0.0
0.0
0.0
0.0
0.0
0.0
0.0
0.0
0.0
0.0
0.0
16.0
168.0
319.0
424.0
476.0
472.0
412.0
299.0
143.0
7.0
0.0
0.0
0.0
0.0
0.0
0.0
0.0
0.0
0.0
0.0
0.0
0.0
0.0
0.0
14.0
163.0
313.0
418.0
471.0
467.0
407.0
295.0
139.0
5.0
0.0
0.0
0.0
0.0
0.0
0.0
0.0
0.0
0.0
0.0
0.0
0.0
0.0
0.0
12.0
157.0
308.0
413.0
465.0
461.0
402.0
290.0
134.0
5.0
0.0
0.0
0.0
0.0
0.0
0.0
0.0
0.0
0.0
0.0
0.0
0.0
0.0
0.0
10.0
151.0
302.0
407.0
460.0
456.0
397.0
286.0
130.0
4.0
0.0
0.0
0.0
0.0
0.0
0.0
0.0
0.0
0.0
0.0
0.0
0.0
0.0
0.0
8.0
146.0
297.0
402.0
455.0
451.0
392.0
281.0
126.0
3.0
0.0
0.0
0.0
0.0
0.0
0.0
0.0
0.0
0.0
0.0
0.0
0.0
0.0
0.0
7.0
141.0
291.0
397.0
450.0
447.0
388.0
277.0
122.0
2.0
0.0
0.0
0.0
0.0
0.0
0.0
0.0
0.0
0.0
0.0
0.0
0.0
0.0
0.0
5.0
135.0
286.0
392.0
445.0
442.0
383.0
273.0
119.0
2.0
0.0
0.0
0.0
0.0
0.0
0.0
0.0
0.0
0.0
0.0
0.0
0.0
0.0
0.0
4.0
130.0
281.0
387.0
440.0
438.0
379.0
269.0
115.0
2.0
0.0
0.0
0.0
0.0
0.0
0.0
0.0
0.0
0.0
0.0
0.0
0.0
0.0
0.0
3.0
125.0
276.0
382.0
435.0
433.0
375.0
266.0
112.0
1.0
0.0
0.0
0.0
0.0
0.0
0.0
0.0
0.0
0.0
0.0
0.0
0.0
0.0
0.0
2.0
120.0
271.0
377.0
431.0
429.0
371.0
262.0
109.0
1.0
0.0
0.0
0.0
0.0
0.0
0.0
0.0
0.0
0.0
0.0
0.0
0.0
0.0
0.0
2.0
115.0
266.0
372.0
426.0
425.0
368.0
259.0
106.0
1.0
0.0
0.0
0.0
0.0
0.0
0.0
0.0
0.0
0.0
0.0
0.0
0.0
0.0
0.0
1.0
111.0
262.0
368.0
422.0
421.0
364.0
255.0
103.0
0.0
0.0
0.0
0.0
0.0
0.0
0.0
0.0
0.0
0.0
0.0
0.0
0.0
0.0
0.0
1.0
106.0
257.0
363.0
418.0
417.0
361.0
252.0
100.0
0.0
0.0
0.0
0.0
0.0
0.0
0.0
0.0
0.0
0.0
0.0
0.0
0.0
0.0
0.0
0.0
101.0
253.0
359.0
414.0
413.0
357.0
249.0
97.0
0.0
0.0
0.0
0.0
0.0
0.0
0.0
0.0
0.0
0.0
0.0
0.0
0.0
0.0
0.0
0.0
97.0
248.0
355.0
410.0
410.0
354.0
247.0
95.0
0.0
0.0
0.0
0.0
0.0
0.0
0.0
0.0
0.0
0.0
0.0
0.0
0.0
0.0
0.0
0.0
93.0
244.0
351.0
407.0
407.0
351.0
244.0
93.0
0.0
0.0
0.0
0.0
0.0
0.0
0.0
0.0
0.0
0.0
0.0
0.0
0.0
0.0
0.0
0.0
84.0
240.0
347.0
403.0
403.0
348.0
242.0
91.0
0.0
0.0
0.0
0.0
0.0
0.0
0.0
0.0
0.0
0.0
0.0
0.0
0.0
0.0
0.0
0.0
80.0
236.0
344.0
400.0
400.0
346.0
239.0
85.0
0.0
0.0
0.0
0.0
0.0
0.0
0.0
0.0
0.0
0.0
0.0
0.0
0.0
0.0
0.0
0.0
76.0
232.0
340.0
396.0
398.0
343.0
237.0
83.0
0.0
0.0
0.0
0.0
0.0
0.0
0.0
0.0
0.0
0.0
0.0
0.0
0.0
0.0
0.0
0.0
73.0
229.0
337.0
393.0
395.0
341.0
236.0
81.0
0.0
0.0
0.0
0.0
0.0
0.0
0.0
0.0
0.0
0.0
0.0
0.0
0.0
0.0
0.0
0.0
70.0
225.0
333.0
390.0
392.0
339.0
234.0
80.0
0.0
0.0
0.0
0.0
0.0
0.0
0.0
0.0
0.0
0.0
0.0
0.0
0.0
0.0
0.0
0.0
66.0
222.0
330.0
388.0
390.0
337.0
232.0
79.0
0.0
0.0
0.0
0.0
0.0
0.0
0.0
0.0
0.0
0.0
0.0
0.0
0.0
0.0
0.0
0.0
63.0
219.0
327.0
385.0
388.0
335.0
231.0
78.0
0.0
0.0
0.0
0.0
0.0
0.0
0.0
0.0
0.0
0.0
0.0
0.0
0.0
0.0
0.0
0.0
61.0
215.0
325.0
383.0
386.0
333.0
230.0
77.0
0.0
0.0
0.0
0.0
0.0
0.0
0.0
0.0
0.0
0.0
0.0
0.0
0.0
0.0
0.0
0.0
58.0
213.0
322.0
380.0
384.0
332.0
229.0
76.0
0.0
0.0
0.0
0.0
0.0
0.0
0.0
0.0
0.0
0.0
0.0
0.0
0.0
0.0
0.0
0.0
56.0
210.0
320.0
378.0
382.0
331.0
228.0
76.0
0.0
0.0
0.0
0.0
0.0
0.0
0.0
0.0
0.0
0.0
0.0
0.0
0.0
0.0
0.0
0.0
53.0
207.0
317.0
376.0
381.0
330.0
227.0
75.0
0.0
0.0
0.0
0.0
0.0
0.0
0.0
0.0
0.0
0.0
0.0
0.0
0.0
0.0
0.0
0.0
51.0
205.0
315.0
375.0
379.0
329.0
226.0
75.0
0.0
0.0
0.0
0.0
0.0
0.0
0.0
0.0
0.0
0.0
0.0
0.0
0.0
0.0
0.0
0.0
49.0
202.0
313.0
373.0
378.0
328.0
226.0
75.0
0.0
0.0
0.0
0.0
0.0
0.0
0.0
0.0
0.0
0.0
0.0
0.0
0.0
0.0
0.0
0.0
48.0
200.0
311.0
372.0
377.0
327.0
226.0
75.0
0.0
0.0
0.0
0.0
0.0
0.0
0.0
0.0
0.0
0.0
0.0
0.0
0.0
0.0
0.0
0.0
46.0
198.0
310.0
370.0
376.0
327.0
226.0
76.0
0.0
0.0
0.0
0.0
0.0
0.0
0.0
0.0
0.0
0.0
0.0
0.0
0.0
0.0
0.0
0.0
44.0
196.0
308.0
369.0
376.0
327.0
226.0
76.0
0.0
0.0
0.0
0.0
0.0
0.0
0.0
0.0
0.0
0.0
0.0
0.0
0.0
0.0
0.0
0.0
43.0
195.0
307.0
368.0
375.0
327.0
226.0
77.0
0.0
0.0
0.0
0.0
0.0
0.0
0.0
0.0
0.0
0.0
0.0
0.0
0.0
0.0
0.0
0.0
42.0
193.0
306.0
368.0
375.0
327.0
227.0
77.0
0.0
0.0
0.0
0.0
0.0
0.0
0.0
0.0
0.0
0.0
0.0
0.0
0.0
0.0
0.0
0.0
41.0
192.0
305.0
367.0
375.0
327.0
228.0
78.0
0.0
0.0
0.0
0.0
0.0
0.0
0.0
0.0
0.0
0.0
0.0
0.0
0.0
0.0
0.0
0.0
40.0
191.0
304.0
367.0
375.0
328.0
228.0
79.0
0.0
0.0
0.0
0.0
0.0
0.0
0.0
0.0
0.0
0.0
0.0
0.0
0.0
0.0
0.0
0.0
39.0
190.0
303.0
367.0
375.0
328.0
229.0
81.0
0.0
0.0
0.0
0.0
0.0
0.0
0.0
0.0
0.0
0.0
0.0
0.0
0.0
0.0
0.0
0.0
38.0
189.0
303.0
367.0
375.0
329.0
231.0
87.0
0.0
0.0
0.0
0.0
0.0
0.0
0.0
0.0
0.0
0.0
0.0
0.0
0.0
0.0
0.0
0.0
38.0
188.0
303.0
367.0
376.0
330.0
232.0
88.0
0.0
0.0
0.0
0.0
0.0
0.0
0.0
0.0
0.0
0.0
0.0
0.0
0.0
0.0
0.0
0.0
37.0
188.0
303.0
367.0
377.0
331.0
234.0
90.0
0.0
0.0
0.0
0.0
0.0
0.0
0.0
0.0
0.0
0.0
0.0
0.0
0.0
0.0
0.0
0.0
37.0
187.0
303.0
368.0
378.0
333.0
235.0
92.0
0.0
0.0
0.0
0.0
0.0
0.0
0.0
0.0
0.0
0.0
0.0
0.0
0.0
0.0
0.0
0.0
36.0
187.0
303.0
368.0
379.0
334.0
237.0
94.0
0.0
0.0
0.0
0.0
0.0
0.0
0.0
0.0
0.0
0.0
0.0
0.0
0.0
0.0
0.0
0.0
36.0
187.0
303.0
369.0
380.0
336.0
239.0
97.0
0.0
0.0
0.0
0.0
0.0
0.0
0.0
0.0
0.0
0.0
0.0
0.0
0.0
0.0
0.0
0.0
36.0
187.0
304.0
370.0
382.0
338.0
241.0
99.0
0.0
0.0
0.0
0.0
0.0
0.0
0.0
0.0
0.0
0.0
0.0
0.0
0.0
0.0
0.0
0.0
36.0
188.0
305.0
371.0
383.0
340.0
244.0
102.0
1.0
0.0
0.0
0.0
0.0
0.0
0.0
0.0
