0.0
0.0
0.0
0.0
0.0
0.0
0.0
0.0
2.0
51.0
83.0
115.0
129.0
109.0
88.0
29.0
0.0
0.0
0.0
0.0
0.0
0.0
0.0
0.0
0.0
0.0
0.0
0.0
0.0
0.0
0.0
0.0
2.0
26.0
43.0
47.0
53.0
59.0
39.0
15.0
0.0
0.0
0.0
0.0
0.0
0.0
0.0
0.0
0.0
0.0
0.0
0.0
0.0
0.0
0.0
0.0
2.0
33.0
78.0
114.0
121.0
63.0
54.0
18.0
0.0
0.0
0.0
0.0
0.0
0.0
0.0
0.0
0.0
0.0
0.0
0.0
0.0
0.0
0.0
0.0
2.0
25.0
43.0
66.0
71.0
56.0
53.0
23.0
0.0
0.0
0.0
0.0
0.0
0.0
0.0
0.0
0.0
0.0
0.0
0.0
0.0
0.0
0.0
0.0
2.0
26.0
49.0
59.0
57.0
51.0
37.0
13.0
0.0
0.0
0.0
0.0
0.0
0.0
0.0
0.0
0.0
0.0
0.0
0.0
0.0
0.0
0.0
0.0
2.0
24.0
42.0
57.0
58.0
50.0
28.0
10.0
0.0
0.0
0.0
0.0
0.0
0.0
0.0
0.0
0.0
0.0
0.0
0.0
0.0
0.0
0.0
0.0
6.0
85.0
146.0
195.0
218.0
171.0
170.0
65.0
1.0
0.0
0.0
0.0
0.0
0.0
0.0
0.0
0.0
0.0
0.0
0.0
0.0
0.0
0.0
0.0
5.0
102.0
191.0
250.0
267.0
233.0
154.0
69.0
0.0
0.0
0.0
0.0
0.0
0.0
0.0
0.0
0.0
0.0
0.0
0.0
0.0
0.0
0.0
0.0
2.0
59.0
87.0
114.0
132.0
159.0
88.0
32.0
0.0
0.0
0.0
0.0
0.0
0.0
0.0
0.0
0.0
0.0
0.0
0.0
0.0
0.0
0.0
0.0
2.0
19.0
40.0
49.0
62.0
218.0
146.0
63.0
0.0
0.0
0.0
0.0
0.0
0.0
0.0
0.0
0.0
0.0
0.0
0.0
0.0
0.0
0.0
0.0
9.0
109.0
195.0
259.0
266.0
224.0
160.0
72.0
1.0
0.0
0.0
0.0
0.0
0.0
0.0
0.0
0.0
0.0
0.0
0.0
0.0
0.0
0.0
0.0
9.0
118.0
205.0
256.0
262.0
243.0
150.0
67.0
1.0
0.0
0.0
0.0
0.0
0.0
0.0
0.0
0.0
0.0
0.0
0.0
0.0
0.0
0.0
0.0
2.0
32.0
59.0
77.0
89.0
78.0
67.0
32.0
1.0
0.0
0.0
0.0
0.0
0.0
0.0
0.0
0.0
0.0
0.0
0.0
0.0
0.0
0.0
0.0
2.0
43.0
83.0
123.0
116.0
90.0
51.0
9.0
1.0
0.0
0.0
0.0
0.0
0.0
0.0
0.0
0.0
0.0
0.0
0.0
0.0
0.0
0.0
0.0
2.0
32.0
64.0
74.0
79.0
63.0
42.0
25.0
1.0
0.0
0.0
0.0
0.0
0.0
0.0
0.0
0.0
0.0
0.0
0.0
0.0
0.0
0.0
0.0
9.0
84.0
148.0
185.0
191.0
184.0
125.0
47.0
1.0
0.0
0.0
0.0
0.0
0.0
0.0
0.0
0.0
0.0
0.0
0.0
0.0
0.0
0.0
0.0
2.0
15.0
27.0
36.0
39.0
36.0
26.0
12.0
1.0
0.0
0.0
0.0
0.0
0.0
0.0
0.0
0.0
0.0
0.0
0.0
0.0
0.0
0.0
0.0
3.0
14.0
23.0
25.0
29.0
227.0
168.0
83.0
2.0
0.0
0.0
0.0
0.0
0.0
0.0
0.0
0.0
0.0
0.0
0.0
0.0
0.0
0.0
0.0
3.0
10.0
18.0
23.0
24.0
214.0
153.0
84.0
4.0
0.0
0.0
0.0
0.0
0.0
0.0
0.0
0.0
0.0
0.0
0.0
0.0
0.0
0.0
0.0
3.0
27.0
88.0
144.0
203.0
201.0
209.0
105.0
8.0
0.0
0.0
0.0
0.0
0.0
0.0
0.0
0.0
0.0
0.0
0.0
0.0
0.0
0.0
0.0
6.0
48.0
84.0
105.0
113.0
93.0
66.0
33.0
1.0
0.0
0.0
0.0
0.0
0.0
0.0
0.0
0.0
0.0
0.0
0.0
0.0
0.0
0.0
0.0
13.0
104.0
184.0
224.0
237.0
207.0
141.0
73.0
1.0
0.0
0.0
0.0
0.0
0.0
0.0
0.0
0.0
0.0
0.0
0.0
0.0
0.0
0.0
0.0
16.0
131.0
175.0
259.0
302.0
294.0
173.0
85.0
2.0
0.0
0.0
0.0
0.0
0.0
0.0
0.0
0.0
0.0
0.0
0.0
0.0
0.0
0.0
0.0
11.0
120.0
208.0
273.0
316.0
294.0
192.0
101.0
4.0
0.0
0.0
0.0
0.0
0.0
0.0
0.0
0.0
0.0
0.0
0.0
0.0
0.0
0.0
0.0
15.0
126.0
201.0
306.0
320.0
198.0
181.0
68.0
2.0
0.0
0.0
0.0
0.0
0.0
0.0
0.0
0.0
0.0
0.0
0.0
0.0
0.0
0.0
0.0
17.0
118.0
240.0
283.0
301.0
269.0
217.0
106.0
7.0
0.0
0.0
0.0
0.0
0.0
0.0
0.0
0.0
0.0
0.0
0.0
0.0
0.0
0.0
0.0
4.0
64.0
102.0
189.0
199.0
309.0
224.0
135.0
7.0
0.0
0.0
0.0
0.0
0.0
0.0
0.0
0.0
0.0
0.0
0.0
0.0
0.0
0.0
0.0
9.0
33.0
56.0
66.0
73.0
67.0
47.0
25.0
3.0
0.0
0.0
0.0
0.0
0.0
0.0
0.0
0.0
0.0
0.0
0.0
0.0
0.0
0.0
0.0
17.0
53.0
123.0
118.0
98.0
222.0
202.0
143.0
23.0
0.0
0.0
0.0
0.0
0.0
0.0
0.0
0.0
0.0
0.0
0.0
0.0
0.0
0.0
0.0
32.0
110.0
185.0
206.0
190.0
181.0
116.0
54.0
3.0
0.0
0.0
0.0
0.0
0.0
0.0
0.0
0.0
0.0
0.0
0.0
0.0
0.0
0.0
0.0
20.0
75.0
100.0
131.0
235.0
244.0
177.0
148.0
25.0
0.0
0.0
0.0
0.0
0.0
0.0
0.0
0.0
0.0
0.0
0.0
0.0
0.0
0.0
0.0
48.0
148.0
246.0
255.0
252.0
244.0
181.0
76.0
3.0
0.0
0.0
0.0
0.0
0.0
0.0
0.0
0.0
0.0
0.0
0.0
0.0
0.0
0.0
0.0
26.0
61.0
75.0
91.0
205.0
248.0
267.0
157.0
26.0
0.0
0.0
0.0
0.0
0.0
0.0
0.0
0.0
0.0
0.0
0.0
0.0
0.0
0.0
0.0
25.0
64.0
105.0
125.0
123.0
107.0
89.0
49.0
4.0
0.0
0.0
0.0
0.0
0.0
0.0
0.0
0.0
0.0
0.0
0.0
0.0
0.0
0.0
0.0
14.0
34.0
49.0
64.0
70.0
62.0
52.0
29.0
5.0
0.0
0.0
0.0
0.0
0.0
0.0
0.0
0.0
0.0
0.0
0.0
0.0
0.0
0.0
0.0
15.0
15.0
24.0
212.0
286.0
305.0
199.0
165.0
59.0
0.0
0.0
0.0
0.0
0.0
0.0
0.0
0.0
0.0
0.0
0.0
0.0
0.0
0.0
0.0
43.0
102.0
126.0
214.0
156.0
260.0
139.0
61.0
21.0
0.0
0.0
0.0
0.0
0.0
0.0
0.0
0.0
0.0
0.0
0.0
0.0
0.0
0.0
0.0
51.0
121.0
188.0
234.0
256.0
242.0
182.0
112.0
37.0
0.0
0.0
0.0
0.0
0.0
0.0
0.0
0.0
0.0
0.0
0.0
0.0
0.0
0.0
1.0
86.0
129.0
59.0
112.0
285.0
307.0
200.0
15.0
5.0
0.0
0.0
0.0
0.0
0.0
0.0
0.0
0.0
0.0
0.0
0.0
0.0
0.0
0.0
0.0
62.0
157.0
240.0
300.0
300.0
273.0
218.0
141.0
51.0
0.0
0.0
0.0
0.0
0.0
0.0
0.0
0.0
0.0
0.0
0.0
0.0
0.0
0.0
2.0
49.0
112.0
117.0
136.0
133.0
151.0
90.0
68.0
30.0
0.0
0.0
0.0
0.0
0.0
0.0
0.0
0.0
0.0
0.0
0.0
0.0
0.0
0.0
1.0
42.0
93.0
140.0
186.0
191.0
184.0
154.0
94.0
38.0
0.0
0.0
0.0
0.0
0.0
0.0
0.0
0.0
0.0
0.0
0.0
0.0
0.0
0.0
1.0
79.0
179.0
266.0
324.0
340.0
313.0
254.0
160.0
61.0
0.0
0.0
0.0
0.0
0.0
0.0
0.0
0.0
0.0
0.0
0.0
0.0
0.0
0.0
1.0
50.0
117.0
184.0
235.0
254.0
233.0
185.0
109.0
43.0
0.0
0.0
0.0
0.0
0.0
0.0
0.0
0.0
0.0
0.0
0.0
0.0
0.0
0.0
1.0
39.0
94.0
144.0
180.0
190.0
164.0
131.0
91.0
35.0
0.0
0.0
0.0
0.0
0.0
0.0
0.0
0.0
0.0
0.0
0.0
0.0
0.0
0.0
3.0
82.0
168.0
240.0
283.0
293.0
296.0
237.0
144.0
55.0
1.0
0.0
0.0
0.0
0.0
0.0
0.0
0.0
0.0
0.0
0.0
0.0
0.0
0.0
1.0
10.0
21.0
31.0
37.0
38.0
280.0
225.0
149.0
63.0
1.0
0.0
0.0
0.0
0.0
0.0
0.0
0.0
0.0
0.0
0.0
0.0
0.0
0.0
4.0
94.0
193.0
275.0
338.0
351.0
328.0
274.0
178.0
78.0
1.0
0.0
0.0
0.0
0.0
0.0
0.0
0.0
0.0
0.0
0.0
0.0
0.0
0.0
6.0
127.0
211.0
249.0
343.0
408.0
327.0
282.0
194.0
99.0
2.0
0.0
0.0
0.0
0.0
0.0
0.0
0.0
0.0
0.0
0.0
0.0
0.0
0.0
5.0
107.0
230.0
326.0
360.0
347.0
310.0
263.0
171.0
74.0
1.0
0.0
0.0
0.0
0.0
0.0
0.0
0.0
0.0
0.0
0.0
0.0
0.0
0.0
2.0
36.0
72.0
103.0
122.0
127.0
123.0
104.0
71.0
33.0
1.0
0.0
0.0
0.0
0.0
0.0
0.0
0.0
0.0
0.0
0.0
0.0
0.0
0.0
2.0
62.0
135.0
194.0
224.0
231.0
218.0
194.0
107.0
55.0
2.0
0.0
0.0
0.0
0.0
0.0
0.0
0.0
0.0
0.0
0.0
0.0
0.0
0.0
2.0
83.0
139.0
261.0
313.0
362.0
248.0
236.0
137.0
75.0
3.0
0.0
0.0
0.0
0.0
0.0
0.0
0.0
0.0
0.0
0.0
0.0
0.0
0.0
2.0
11.0
64.0
192.0
145.0
350.0
300.0
199.0
171.0
113.0
13.0
0.0
0.0
0.0
0.0
0.0
0.0
0.0
0.0
0.0
0.0
0.0
0.0
0.0
14.0
155.0
285.0
393.0
449.0
417.0
356.0
276.0
163.0
69.0
2.0
0.0
0.0
0.0
0.0
0.0
0.0
0.0
0.0
0.0
0.0
0.0
0.0
0.0
8.0
98.0
186.0
246.0
312.0
314.0
272.0
244.0
153.0
74.0
2.0
0.0
0.0
0.0
0.0
0.0
0.0
0.0
0.0
0.0
0.0
0.0
0.0
0.0
9.0
100.0
164.0
244.0
276.0
297.0
295.0
231.0
162.0
69.0
2.0
0.0
0.0
0.0
0.0
0.0
0.0
0.0
0.0
0.0
0.0
0.0
0.0
0.0
10.0
71.0
143.0
174.0
216.0
272.0
264.0
222.0
129.0
61.0
2.0
0.0
0.0
0.0
0.0
0.0
0.0
0.0
0.0
0.0
0.0
0.0
0.0
0.0
3.0
87.0
188.0
243.0
260.0
286.0
300.0
188.0
80.0
11.0
4.0
0.0
0.0
0.0
0.0
0.0
0.0
0.0
0.0
0.0
0.0
0.0
0.0
0.0
30.0
185.0
280.0
369.0
239.0
297.0
174.0
88.0
62.0
18.0
2.0
0.0
0.0
0.0
0.0
0.0
0.0
0.0
0.0
0.0
0.0
0.0
0.0
0.0
12.0
84.0
154.0
198.0
221.0
227.0
222.0
171.0
103.0
57.0
3.0
0.0
0.0
0.0
0.0
0.0
0.0
0.0
0.0
0.0
0.0
0.0
0.0
0.0
17.0
55.0
93.0
129.0
152.0
159.0
151.0
127.0
87.0
44.0
3.0
0.0
0.0
0.0
0.0
0.0
0.0
0.0
0.0
0.0
0.0
0.0
0.0
0.0
19.0
63.0
109.0
148.0
167.0
177.0
141.0
126.0
86.0
42.0
3.0
0.0
0.0
0.0
0.0
0.0
0.0
0.0
0.0
0.0
0.0
0.0
0.0
0.0
16.0
42.0
183.0
279.0
551.0
468.0
376.0
373.0
283.0
149.0
37.0
0.0
0.0
0.0
0.0
0.0
0.0
0.0
0.0
0.0
0.0
0.0
0.0
0.0
28.0
82.0
143.0
185.0
217.0
223.0
203.0
167.0
113.0
55.0
4.0
0.0
0.0
0.0
0.0
0.0
0.0
0.0
0.0
0.0
0.0
0.0
0.0
0.0
70.0
199.0
336.0
451.0
531.0
541.0
514.0
443.0
330.0
181.0
27.0
0.0
0.0
0.0
0.0
0.0
0.0
0.0
0.0
0.0
0.0
0.0
0.0
0.0
80.0
216.0
366.0
485.0
485.0
515.0
337.0
254.0
189.0
156.0
20.0
0.0
0.0
0.0
0.0
0.0
0.0
0.0
0.0
0.0
0.0
0.0
0.0
0.0
82.0
224.0
369.0
474.0
549.0
568.0
534.0
451.0
328.0
185.0
28.0
0.0
0.0
0.0
0.0
0.0
0.0
0.0
0.0
0.0
0.0
0.0
0.0
0.0
56.0
140.0
239.0
289.0
335.0
361.0
341.0
290.0
206.0
110.0
33.0
0.0
0.0
0.0
0.0
0.0
0.0
0.0
0.0
0.0
0.0
0.0
0.0
1.0
47.0
184.0
243.0
385.0
436.0
382.0
529.0
327.0
246.0
113.0
43.0
0.0
0.0
0.0
0.0
0.0
0.0
0.0
0.0
0.0
0.0
0.0
0.0
2.0
91.0
213.0
336.0
437.0
508.0
524.0
464.0
389.0
318.0
182.0
52.0
0.0
0.0
0.0
0.0
0.0
0.0
0.0
0.0
0.0
0.0
0.0
0.0
1.0
20.0
73.0
221.0
449.0
563.0
502.0
395.0
369.0
321.0
123.0
18.0
0.0
0.0
0.0
0.0
0.0
0.0
0.0
0.0
0.0
0.0
0.0
0.0
1.0
51.0
106.0
177.0
225.0
243.0
259.0
252.0
203.0
155.0
100.0
36.0
0.0
0.0
0.0
0.0
0.0
0.0
0.0
0.0
0.0
0.0
0.0
0.0
2.0
95.0
222.0
348.0
436.0
508.0
528.0
540.0
482.0
338.0
194.0
70.0
0.0
0.0
0.0
0.0
0.0
0.0
0.0
0.0
0.0
0.0
0.0
0.0
3.0
110.0
252.0
389.0
498.0
562.0
581.0
547.0
466.0
348.0
206.0
71.0
0.0
0.0
0.0
0.0
0.0
0.0
0.0
0.0
0.0
0.0
0.0
0.0
2.0
98.0
261.0
365.0
388.0
470.0
484.0
422.0
443.0
351.0
180.0
57.0
0.0
0.0
0.0
0.0
0.0
0.0
0.0
0.0
0.0
0.0
0.0
0.0
2.0
42.0
268.0
348.0
368.0
307.0
189.0
258.0
328.0
176.0
100.0
60.0
2.0
0.0
0.0
0.0
0.0
0.0
0.0
0.0
0.0
0.0
0.0
0.0
4.0
93.0
205.0
321.0
375.0
402.0
439.0
427.0
346.0
260.0
154.0
58.0
0.0
0.0
0.0
0.0
0.0
0.0
0.0
0.0
0.0
0.0
0.0
0.0
2.0
15.0
32.0
47.0
56.0
56.0
62.0
59.0
50.0
38.0
24.0
9.0
0.0
0.0
0.0
0.0
0.0
0.0
0.0
0.0
0.0
0.0
0.0
0.0
7.0
113.0
235.0
361.0
442.0
476.0
478.0
451.0
397.0
314.0
195.0
72.0
1.0
0.0
0.0
0.0
0.0
0.0
0.0
0.0
0.0
0.0
0.0
0.0
10.0
146.0
295.0
433.0
531.0
604.0
631.0
585.0
502.0
383.0
232.0
90.0
1.0
0.0
0.0
0.0
0.0
0.0
0.0
0.0
0.0
0.0
0.0
0.0
11.0
142.0
278.0
398.0
472.0
535.0
546.0
514.0
439.0
325.0
199.0
80.0
1.0
0.0
0.0
0.0
0.0
0.0
0.0
0.0
0.0
0.0
0.0
0.0
13.0
128.0
261.0
463.0
496.0
511.0
374.0
367.0
273.0
304.0
183.0
84.0
1.0
0.0
0.0
0.0
0.0
0.0
0.0
0.0
0.0
0.0
0.0
0.0
3.0
94.0
204.0
295.0
337.0
399.0
432.0
423.0
340.0
260.0
182.0
68.0
3.0
0.0
0.0
0.0
0.0
0.0
0.0
0.0
0.0
0.0
0.0
0.0
4.0
53.0
113.0
149.0
134.0
148.0
196.0
199.0
177.0
130.0
98.0
29.0
1.0
0.0
0.0
0.0
0.0
0.0
0.0
0.0
0.0
0.0
0.0
0.0
10.0
90.0
153.0
196.0
259.0
294.0
290.0
273.0
246.0
189.0
114.0
44.0
1.0
0.0
0.0
0.0
0.0
0.0
0.0
0.0
0.0
0.0
0.0
0.0
11.0
79.0
157.0
214.0
250.0
297.0
298.0
299.0
270.0
212.0
130.0
48.0
1.0
0.0
0.0
0.0
0.0
0.0
0.0
0.0
0.0
0.0
0.0
0.0
18.0
164.0
302.0
430.0
546.0
584.0
622.0
560.0
509.0
374.0
242.0
101.0
4.0
0.0
0.0
0.0
0.0
0.0
0.0
0.0
0.0
0.0
0.0
0.0
23.0
84.0
145.0
202.0
260.0
281.0
292.0
277.0
248.0
175.0
110.0
51.0
1.0
0.0
0.0
0.0
0.0
0.0
0.0
0.0
0.0
0.0
0.0
0.0
49.0
163.0
317.0
482.0
575.0
613.0
614.0
572.0
479.0
331.0
232.0
106.0
5.0
0.0
0.0
0.0
0.0
0.0
0.0
0.0
0.0
0.0
0.0
0.0
61.0
192.0
343.0
485.0
593.0
667.0
663.0
630.0
549.0
432.0
281.0
128.0
7.0
0.0
0.0
0.0
0.0
0.0
0.0
0.0
0.0
0.0
0.0
0.0
77.0
199.0
334.0
435.0
519.0
566.0
574.0
551.0
469.0
383.0
209.0
94.0
2.0
0.0
0.0
0.0
0.0
0.0
0.0
0.0
0.0
0.0
0.0
0.0
66.0
191.0
341.0
459.0
523.0
604.0
624.0
591.0
501.0
375.0
248.0
98.0
2.0
0.0
0.0
0.0
0.0
0.0
0.0
0.0
0.0
0.0
0.0
0.0
81.0
224.0
380.0
525.0
638.0
698.0
689.0
638.0
555.0
429.0
275.0
133.0
6.0
0.0
0.0
0.0
0.0
0.0
0.0
0.0
0.0
0.0
0.0
2.0
76.0
157.0
295.0
489.0
697.0
549.0
443.0
217.0
47.0
230.0
145.0
97.0
2.0
0.0
0.0
0.0
0.0
0.0
0.0
0.0
0.0
0.0
0.0
0.0
62.0
168.0
296.0
423.0
501.0
603.0
584.0
562.0
501.0
368.0
232.0
121.0
8.0
0.0
0.0
0.0
0.0
0.0
0.0
0.0
0.0
0.0
0.0
1.0
93.0
249.0
412.0
553.0
653.0
712.0
716.0
681.0
594.0
466.0
313.0
150.0
10.0
0.0
0.0
0.0
0.0
0.0
0.0
0.0
0.0
0.0
0.0
1.0
96.0
246.0
410.0
550.0
663.0
720.0
730.0
692.0
600.0
470.0
317.0
157.0
13.0
0.0
0.0
0.0
0.0
0.0
0.0
0.0
0.0
0.0
0.0
2.0
98.0
246.0
406.0
521.0
617.0
689.0
701.0
653.0
582.0
452.0
309.0
160.0
15.0
0.0
0.0
0.0
0.0
0.0
0.0
0.0
0.0
0.0
0.0
1.0
50.0
125.0
229.0
300.0
328.0
368.0
334.0
336.0
282.0
214.0
131.0
56.0
3.0
0.0
0.0
0.0
0.0
0.0
0.0
0.0
0.0
0.0
0.0
3.0
99.0
232.0
400.0
402.0
543.0
595.0
625.0
587.0
494.0
379.0
260.0
118.0
11.0
0.0
0.0
0.0
0.0
0.0
0.0
0.0
0.0
0.0
0.0
1.0
9.0
21.0
90.0
186.0
325.0
411.0
396.0
477.0
404.0
373.0
268.0
164.0
47.0
0.0
0.0
0.0
0.0
0.0
0.0
0.0
0.0
0.0
0.0
2.0
43.0
151.0
239.0
326.0
382.0
378.0
382.0
374.0
320.0
239.0
129.0
70.0
4.0
0.0
0.0
0.0
0.0
0.0
0.0
0.0
0.0
0.0
0.0
2.0
43.0
100.0
177.0
231.0
286.0
307.0
312.0
271.0
242.0
206.0
123.0
59.0
4.0
0.0
0.0
0.0
0.0
0.0
0.0
0.0
0.0
0.0
0.0
3.0
80.0
212.0
351.0
451.0
434.0
510.0
431.0
468.0
448.0
373.0
242.0
98.0
4.0
0.0
0.0
0.0
0.0
0.0
0.0
0.0
0.0
0.0
0.0
4.0
104.0
202.0
335.0
435.0
521.0
634.0
694.0
625.0
567.0
410.0
284.0
137.0
50.0
0.0
0.0
0.0
0.0
0.0
0.0
0.0
0.0
0.0
0.0
8.0
144.0
309.0
473.0
614.0
722.0
785.0
795.0
753.0
659.0
525.0
366.0
198.0
58.0
0.0
0.0
0.0
0.0
0.0
0.0
0.0
0.0
0.0
0.0
2.0
40.0
90.0
146.0
190.0
227.0
245.0
253.0
243.0
219.0
178.0
125.0
69.0
21.0
0.0
0.0
0.0
0.0
0.0
0.0
0.0
0.0
0.0
0.0
7.0
118.0
257.0
359.0
487.0
506.0
578.0
716.0
682.0
510.0
406.0
257.0
141.0
45.0
0.0
0.0
0.0
0.0
0.0
0.0
0.0
0.0
0.0
0.0
12.0
152.0
304.0
467.0
603.0
710.0
765.0
768.0
732.0
634.0
509.0
358.0
196.0
60.0
0.0
0.0
0.0
0.0
0.0
0.0
0.0
0.0
0.0
0.0
13.0
147.0
297.0
442.0
579.0
694.0
737.0
763.0
725.0
632.0
505.0
359.0
206.0
65.0
0.0
0.0
0.0
0.0
0.0
0.0
0.0
0.0
0.0
0.0
15.0
160.0
325.0
489.0
633.0
732.0
788.0
795.0
756.0
664.0
535.0
379.0
214.0
70.0
0.0
0.0
0.0
0.0
0.0
0.0
0.0
0.0
0.0
0.0
16.0
144.0
269.0
407.0
526.0
569.0
630.0
618.0
644.0
633.0
485.0
376.0
199.0
76.0
1.0
0.0
0.0
0.0
0.0
0.0
0.0
0.0
0.0
0.0
3.0
63.0
117.0
209.0
305.0
344.0
368.0
381.0
336.0
291.0
248.0
182.0
85.0
33.0
0.0
0.0
0.0
0.0
0.0
0.0
0.0
0.0
0.0
0.0
18.0
133.0
243.0
347.0
449.0
521.0
579.0
584.0
528.0
465.0
407.0
293.0
174.0
60.0
0.0
0.0
0.0
0.0
0.0
0.0
0.0
0.0
0.0
0.0
16.0
90.0
356.0
477.0
436.0
743.0
830.0
516.0
248.0
265.0
89.0
36.0
33.0
44.0
0.0
0.0
0.0
0.0
0.0
0.0
0.0
0.0
0.0
0.0
24.0
59.0
111.0
185.0
185.0
200.0
199.0
166.0
176.0
181.0
143.0
81.0
77.0
35.0
1.0
0.0
0.0
0.0
0.0
0.0
0.0
0.0
0.0
0.0
8.0
77.0
29.0
114.0
296.0
223.0
285.0
250.0
470.0
234.0
382.0
286.0
111.0
9.0
1.0
0.0
0.0
0.0
0.0
0.0
0.0
0.0
0.0
0.0
52.0
206.0
207.0
211.0
292.0
196.0
331.0
401.0
334.0
463.0
303.0
179.0
103.0
7.0
1.0
0.0
0.0
0.0
0.0
0.0
0.0
0.0
0.0
0.0
28.0
103.0
190.0
273.0
348.0
369.0
353.0
371.0
334.0
297.0
206.0
137.0
79.0
23.0
1.0
0.0
0.0
0.0
0.0
0.0
0.0
0.0
0.0
0.0
31.0
91.0
174.0
232.0
298.0
327.0
359.0
328.0
318.0
269.0
202.0
147.0
93.0
34.0
1.0
0.0
0.0
0.0
0.0
0.0
0.0
0.0
0.0
0.0
70.0
176.0
408.0
560.0
614.0
661.0
448.0
429.0
436.0
524.0
386.0
156.0
20.0
16.0
6.0
0.0
0.0
0.0
0.0
0.0
0.0
0.0
0.0
1.0
58.0
122.0
289.0
602.0
625.0
653.0
685.0
399.0
413.0
377.0
267.0
99.0
41.0
8.0
1.0
0.0
0.0
0.0
0.0
0.0
0.0
0.0
0.0
0.0
38.0
150.0
338.0
357.0
333.0
257.0
256.0
333.0
375.0
433.0
615.0
486.0
280.0
102.0
10.0
0.0
0.0
0.0
0.0
0.0
0.0
0.0
0.0
0.0
12.0
43.0
75.0
102.0
120.0
132.0
140.0
146.0
143.0
132.0
113.0
81.0
47.0
17.0
1.0
0.0
0.0
0.0
0.0
0.0
0.0
0.0
0.0
0.0
7.0
19.0
165.0
46.0
114.0
499.0
950.0
758.0
391.0
59.0
356.0
112.0
118.0
83.0
17.0
0.0
0.0
0.0
0.0
0.0
0.0
0.0
0.0
0.0
33.0
98.0
179.0
231.0
295.0
333.0
352.0
361.0
337.0
295.0
241.0
188.0
98.0
37.0
1.0
0.0
0.0
0.0
0.0
0.0
0.0
0.0
0.0
1.0
84.0
227.0
393.0
556.0
690.0
782.0
841.0
848.0
800.0
715.0
585.0
428.0
262.0
113.0
5.0
0.0
0.0
0.0
0.0
0.0
0.0
0.0
0.0
1.0
60.0
164.0
290.0
388.0
495.0
571.0
637.0
628.0
590.0
523.0
450.0
347.0
213.0
97.0
5.0
0.0
0.0
0.0
0.0
0.0
0.0
0.0
0.0
1.0
72.0
183.0
324.0
445.0
551.0
615.0
656.0
641.0
606.0
540.0
443.0
328.0
198.0
79.0
2.0
0.0
0.0
0.0
0.0
0.0
0.0
0.0
0.0
2.0
85.0
236.0
387.0
535.0
651.0
718.0
721.0
692.0
639.0
563.0
443.0
313.0
179.0
81.0
2.0
0.0
0.0
0.0
0.0
0.0
0.0
0.0
0.0
1.0
33.0
92.0
152.0
204.0
253.0
272.0
294.0
303.0
285.0
262.0
212.0
157.0
93.0
36.0
2.0
0.0
0.0
0.0
0.0
0.0
0.0
0.0
0.0
1.0
40.0
105.0
184.0
244.0
295.0
335.0
364.0
384.0
384.0
348.0
280.0
222.0
140.0
69.0
4.0
0.0
0.0
0.0
0.0
0.0
0.0
0.0
0.0
1.0
47.0
116.0
191.0
250.0
281.0
343.0
398.0
383.0
344.0
311.0
249.0
174.0
114.0
44.0
2.0
0.0
0.0
0.0
0.0
0.0
0.0
0.0
0.0
3.0
92.0
218.0
354.0
499.0
601.0
664.0
680.0
658.0
636.0
563.0
461.0
329.0
214.0
94.0
2.0
0.0
0.0
0.0
0.0
0.0
0.0
0.0
0.0
4.0
78.0
184.0
318.0
436.0
498.0
578.0
610.0
587.0
575.0
521.0
395.0
322.0
194.0
80.0
2.0
0.0
0.0
0.0
0.0
0.0
0.0
0.0
0.0
1.0
9.0
63.0
90.0
295.0
425.0
553.0
581.0
385.0
341.0
321.0
391.0
239.0
162.0
73.0
6.0
0.0
0.0
0.0
0.0
0.0
0.0
0.0
0.0
3.0
89.0
232.0
408.0
662.0
653.0
652.0
692.0
549.0
341.0
310.0
270.0
225.0
175.0
93.0
15.0
0.0
0.0
0.0
0.0
0.0
0.0
0.0
0.0
5.0
105.0
231.0
382.0
528.0
660.0
744.0
804.0
819.0
747.0
649.0
540.0
414.0
262.0
130.0
13.0
0.0
0.0
0.0
0.0
0.0
0.0
0.0
0.0
3.0
55.0
119.0
190.0
236.0
312.0
391.0
396.0
426.0
421.0
344.0
256.0
184.0
116.0
51.0
3.0
0.0
0.0
0.0
0.0
0.0
0.0
0.0
0.0
4.0
76.0
176.0
276.0
383.0
459.0
516.0
578.0
603.0
530.0
453.0
346.0
257.0
170.0
85.0
3.0
0.0
0.0
0.0
0.0
0.0
0.0
0.0
0.0
7.0
131.0
285.0
482.0
632.0
740.0
836.0
471.0
482.0
465.0
392.0
289.0
236.0
156.0
86.0
9.0
0.0
0.0
0.0
0.0
0.0
0.0
0.0
0.0
8.0
134.0
299.0
480.0
643.0
805.0
923.0
398.0
367.0
326.0
298.0
204.0
150.0
98.0
37.0
3.0
0.0
0.0
0.0
0.0
0.0
0.0
0.0
0.0
9.0
135.0
293.0
461.0
620.0
754.0
853.0
906.0
915.0
877.0
788.0
662.0
507.0
337.0
173.0
22.0
0.0
0.0
0.0
0.0
0.0
0.0
0.0
0.0
9.0
132.0
285.0
450.0
606.0
735.0
829.0
879.0
886.0
848.0
765.0
644.0
494.0
329.0
169.0
23.0
0.0
0.0
0.0
0.0
0.0
0.0
0.0
0.0
9.0
119.0
253.0
422.0
541.0
652.0
714.0
745.0
779.0
777.0
677.0
584.0
440.0
292.0
149.0
43.0
0.0
0.0
0.0
0.0
0.0
0.0
0.0
0.0
7.0
108.0
233.0
366.0
483.0
566.0
665.0
780.0
821.0
783.0
705.0
587.0
437.0
295.0
153.0
46.0
0.0
0.0
0.0
0.0
0.0
0.0
0.0
0.0
7.0
115.0
259.0
340.0
457.0
619.0
650.0
602.0
778.0
635.0
360.0
410.0
301.0
243.0
174.0
57.0
0.0
0.0
0.0
0.0
0.0
0.0
0.0
0.0
15.0
144.0
276.0
359.0
498.0
620.0
693.0
722.0
699.0
669.0
606.0
475.0
448.0
291.0
162.0
45.0
0.0
0.0
0.0
0.0
0.0
0.0
0.0
0.0
4.0
65.0
179.0
307.0
390.0
542.0
722.0
583.0
567.0
519.0
521.0
535.0
459.0
320.0
187.0
54.0
0.0
0.0
0.0
0.0
0.0
0.0
0.0
0.0
15.0
156.0
330.0
491.0
660.0
771.0
857.0
384.0
399.0
365.0
378.0
342.0
269.0
168.0
95.0
31.0
0.0
0.0
0.0
0.0
0.0
0.0
0.0
0.0
3.0
42.0
71.0
141.0
170.0
208.0
266.0
259.0
241.0
249.0
228.0
189.0
164.0
106.0
71.0
24.0
0.0
0.0
0.0
0.0
0.0
0.0
0.0
0.0
11.0
136.0
299.0
471.0
614.0
683.0
788.0
378.0
393.0
388.0
347.0
305.0
237.0
150.0
69.0
22.0
0.0
0.0
0.0
0.0
0.0
0.0
0.0
0.0
17.0
158.0
328.0
493.0
613.0
745.0
838.0
519.0
484.0
440.0
414.0
328.0
257.0
188.0
109.0
32.0
0.0
0.0
0.0
0.0
0.0
0.0
0.0
0.0
3.0
44.0
130.0
178.0
158.0
261.0
354.0
418.0
330.0
325.0
311.0
212.0
213.0
131.0
111.0
35.0
0.0
0.0
0.0
0.0
0.0
0.0
0.0
0.0
14.0
128.0
264.0
409.0
545.0
671.0
744.0
783.0
800.0
767.0
693.0
592.0
465.0
317.0
178.0
60.0
0.0
0.0
0.0
0.0
0.0
0.0
0.0
0.0
12.0
103.0
209.0
327.0
439.0
539.0
620.0
646.0
667.0
632.0
575.0
479.0
375.0
247.0
138.0
44.0
0.0
0.0
0.0
0.0
0.0
0.0
0.0
0.0
3.0
13.0
66.0
119.0
134.0
217.0
373.0
527.0
483.0
455.0
458.0
425.0
371.0
159.0
94.0
32.0
0.0
0.0
0.0
0.0
0.0
0.0
0.0
0.0
17.0
142.0
289.0
442.0
587.0
712.0
807.0
864.0
873.0
841.0
755.0
642.0
503.0
346.0
195.0
67.0
1.0
0.0
0.0
0.0
0.0
0.0
0.0
0.0
17.0
136.0
275.0
428.0
562.0
680.0
758.0
812.0
836.0
797.0
728.0
619.0
484.0
336.0
186.0
69.0
1.0
0.0
0.0
0.0
0.0
0.0
0.0
0.0
18.0
151.0
306.0
471.0
628.0
756.0
855.0
907.0
913.0
873.0
791.0
671.0
522.0
358.0
197.0
68.0
1.0
0.0
0.0
0.0
0.0
0.0
0.0
0.0
17.0
142.0
285.0
437.0
584.0
709.0
804.0
852.0
862.0
819.0
741.0
622.0
488.0
333.0
181.0
62.0
0.0
0.0
0.0
0.0
0.0
0.0
0.0
0.0
14.0
132.0
285.0
472.0
650.0
795.0
896.0
480.0
481.0
378.0
277.0
188.0
122.0
39.0
15.0
5.0
0.0
0.0
0.0
0.0
0.0
0.0
0.0
0.0
19.0
152.0
309.0
468.0
619.0
758.0
843.0
500.0
505.0
480.0
428.0
368.0
285.0
183.0
105.0
35.0
0.0
0.0
0.0
0.0
0.0
0.0
0.0
0.0
15.0
158.0
324.0
493.0
605.0
816.0
954.0
589.0
505.0
439.0
415.0
354.0
294.0
200.0
101.0
26.0
0.0
0.0
0.0
0.0
0.0
0.0
0.0
0.0
3.0
33.0
124.0
223.0
300.0
304.0
325.0
173.0
253.0
161.0
154.0
194.0
182.0
153.0
116.0
43.0
2.0
0.0
0.0
0.0
0.0
0.0
0.0
0.0
17.0
130.0
263.0
393.0
513.0
620.0
710.0
729.0
743.0
697.0
624.0
534.0
412.0
280.0
152.0
55.0
0.0
0.0
0.0
0.0
0.0
0.0
0.0
0.0
19.0
170.0
180.0
247.0
503.0
649.0
495.0
439.0
448.0
426.0
278.0
71.0
72.0
30.0
17.0
6.0
0.0
0.0
0.0
0.0
0.0
0.0
0.0
0.0
8.0
59.0
78.0
87.0
221.0
245.0
382.0
387.0
121.0
431.0
308.0
287.0
270.0
189.0
158.0
76.0
1.0
0.0
0.0
0.0
0.0
0.0
0.0
0.0
25.0
89.0
174.0
260.0
307.0
220.0
431.0
518.0
387.0
76.0
92.0
277.0
86.0
43.0
17.0
6.0
1.0
0.0
0.0
0.0
0.0
0.0
0.0
0.0
15.0
125.0
249.0
376.0
518.0
619.0
691.0
752.0
755.0
749.0
674.0
568.0
462.0
311.0
175.0
61.0
0.0
0.0
0.0
0.0
0.0
0.0
0.0
0.0
19.0
110.0
113.0
312.0
614.0
815.0
464.0
485.0
368.0
310.0
419.0
334.0
179.0
29.0
16.0
6.0
0.0
0.0
0.0
0.0
0.0
0.0
0.0
0.0
15.0
142.0
292.0
465.0
667.0
732.0
817.0
455.0
455.0
403.0
428.0
427.0
338.0
278.0
168.0
71.0
4.0
0.0
0.0
0.0
0.0
0.0
0.0
0.0
13.0
116.0
233.0
358.0
475.0
574.0
646.0
693.0
715.0
682.0
617.0
518.0
401.0
269.0
152.0
53.0
1.0
0.0
0.0
0.0
0.0
0.0
0.0
0.0
14.0
111.0
227.0
351.0
487.0
595.0
657.0
688.0
716.0
689.0
600.0
529.0
398.0
274.0
152.0
54.0
1.0
0.0
0.0
0.0
0.0
0.0
0.0
0.0
20.0
114.0
320.0
428.0
572.0
622.0
485.0
505.0
482.0
481.0
605.0
576.0
240.0
121.0
50.0
6.0
1.0
0.0
0.0
0.0
0.0
0.0
0.0
0.0
11.0
102.0
206.0
310.0
417.0
500.0
563.0
609.0
571.0
552.0
503.0
402.0
290.0
197.0
101.0
35.0
1.0
0.0
0.0
0.0
0.0
0.0
0.0
0.0
8.0
81.0
171.0
286.0
369.0
422.0
481.0
497.0
515.0
464.0
437.0
386.0
275.0
163.0
89.0
24.0
1.0
0.0
0.0
0.0
0.0
0.0
0.0
0.0
13.0
91.0
198.0
292.0
380.0
439.0
523.0
546.0
485.0
440.0
439.0
330.0
241.0
145.0
87.0
30.0
1.0
0.0
0.0
0.0
0.0
0.0
0.0
0.0
15.0
135.0
280.0
437.0
584.0
711.0
795.0
851.0
856.0
829.0
760.0
652.0
514.0
361.0
205.0
77.0
2.0
0.0
0.0
0.0
0.0
0.0
0.0
0.0
15.0
152.0
320.0
498.0
673.0
819.0
923.0
502.0
480.0
409.0
382.0
373.0
288.0
181.0
129.0
37.0
1.0
0.0
0.0
0.0
0.0
0.0
0.0
0.0
11.0
124.0
271.0
413.0
571.0
757.0
859.0
451.0
447.0
353.0
291.0
231.0
176.0
113.0
62.0
25.0
0.0
0.0
0.0
0.0
0.0
0.0
0.0
0.0
14.0
129.0
270.0
421.0
569.0
692.0
781.0
814.0
829.0
799.0
713.0
601.0
465.0
321.0
182.0
66.0
1.0
0.0
0.0
0.0
0.0
0.0
0.0
0.0
13.0
120.0
251.0
410.0
529.0
639.0
715.0
727.0
743.0
711.0
633.0
538.0
406.0
287.0
168.0
61.0
0.0
0.0
0.0
0.0
0.0
0.0
0.0
0.0
14.0
135.0
290.0
473.0
588.0
704.0
850.0
502.0
506.0
514.0
431.0
351.0
254.0
190.0
99.0
38.0
1.0
0.0
0.0
0.0
0.0
0.0
0.0
0.0
8.0
138.0
181.0
183.0
216.0
63.0
163.0
309.0
422.0
639.0
464.0
314.0
143.0
240.0
175.0
75.0
4.0
0.0
0.0
0.0
0.0
0.0
0.0
0.0
2.0
80.0
23.0
174.0
239.0
205.0
256.0
465.0
690.0
957.0
745.0
692.0
468.0
403.0
123.0
73.0
1.0
0.0
0.0
0.0
0.0
0.0
0.0
0.0
3.0
12.0
26.0
77.0
288.0
172.0
102.0
488.0
489.0
372.0
464.0
591.0
309.0
180.0
133.0
8.0
0.0
0.0
0.0
0.0
0.0
0.0
0.0
0.0
12.0
143.0
302.0
472.0
632.0
767.0
867.0
923.0
932.0
897.0
814.0
695.0
545.0
379.0
213.0
75.0
0.0
0.0
0.0
0.0
0.0
0.0
0.0
0.0
16.0
19.0
45.0
159.0
139.0
200.0
74.0
192.0
363.0
340.0
517.0
661.0
464.0
297.0
167.0
49.0
1.0
0.0
0.0
0.0
0.0
0.0
0.0
0.0
2.0
10.0
193.0
199.0
198.0
620.0
455.0
268.0
241.0
833.0
637.0
397.0
272.0
79.0
27.0
6.0
0.0
0.0
0.0
0.0
0.0
0.0
0.0
0.0
3.0
14.0
51.0
36.0
56.0
113.0
365.0
316.0
465.0
435.0
582.0
289.0
367.0
263.0
225.0
79.0
4.0
0.0
0.0
0.0
0.0
0.0
0.0
0.0
7.0
99.0
218.0
341.0
465.0
573.0
638.0
684.0
694.0
666.0
595.0
505.0
387.0
274.0
155.0
53.0
0.0
0.0
0.0
0.0
0.0
0.0
0.0
0.0
7.0
102.0
225.0
355.0
486.0
589.0
669.0
711.0
718.0
686.0
620.0
535.0
420.0
287.0
160.0
56.0
0.0
0.0
0.0
0.0
0.0
0.0
0.0
0.0
6.0
97.0
220.0
353.0
479.0
590.0
673.0
718.0
731.0
704.0
635.0
540.0
419.0
283.0
157.0
53.0
0.0
0.0
0.0
0.0
0.0
0.0
0.0
0.0
7.0
113.0
256.0
415.0
569.0
702.0
803.0
860.0
878.0
845.0
775.0
664.0
523.0
361.0
201.0
69.0
1.0
0.0
0.0
0.0
0.0
0.0
0.0
0.0
6.0
111.0
254.0
412.0
564.0
695.0
791.0
846.0
857.0
824.0
748.0
635.0
494.0
338.0
184.0
61.0
0.0
0.0
0.0
0.0
0.0
0.0
0.0
0.0
2.0
92.0
230.0
359.0
445.0
476.0
554.0
636.0
551.0
510.0
507.0
587.0
478.0
334.0
176.0
58.0
1.0
0.0
0.0
0.0
0.0
0.0
0.0
0.0
4.0
35.0
153.0
298.0
608.0
526.0
624.0
621.0
714.0
474.0
681.0
405.0
235.0
82.0
16.0
11.0
0.0
0.0
0.0
0.0
0.0
0.0
0.0
0.0
5.0
102.0
240.0
397.0
549.0
678.0
775.0
832.0
845.0
812.0
736.0
623.0
482.0
326.0
174.0
56.0
0.0
0.0
0.0
0.0
0.0
0.0
0.0
0.0
1.0
46.0
125.0
207.0
309.0
340.0
375.0
413.0
338.0
354.0
246.0
218.0
169.0
152.0
83.0
32.0
0.0
0.0
0.0
0.0
0.0
0.0
0.0
0.0
1.0
33.0
87.0
152.0
198.0
283.0
308.0
321.0
341.0
303.0
263.0
236.0
192.0
133.0
70.0
22.0
0.0
0.0
0.0
0.0
0.0
0.0
0.0
0.0
4.0
47.0
121.0
250.0
170.0
305.0
260.0
369.0
351.0
175.0
137.0
224.0
164.0
98.0
59.0
43.0
0.0
0.0
0.0
0.0
0.0
0.0
0.0
0.0
4.0
111.0
201.0
334.0
424.0
492.0
549.0
368.0
401.0
549.0
568.0
394.0
267.0
130.0
87.0
25.0
0.0
0.0
0.0
0.0
0.0
0.0
0.0
0.0
2.0
91.0
185.0
260.0
390.0
495.0
602.0
683.0
694.0
721.0
614.0
523.0
384.0
257.0
144.0
57.0
0.0
0.0
0.0
0.0
0.0
0.0
0.0
0.0
6.0
69.0
216.0
456.0
595.0
510.0
586.0
441.0
351.0
159.0
65.0
55.0
43.0
29.0
15.0
11.0
0.0
0.0
0.0
0.0
0.0
0.0
0.0
0.0
1.0
25.0
53.0
111.0
220.0
316.0
375.0
314.0
380.0
542.0
545.0
509.0
443.0
329.0
157.0
48.0
0.0
0.0
0.0
0.0
0.0
0.0
0.0
0.0
2.0
87.0
224.0
379.0
537.0
675.0
766.0
826.0
841.0
799.0
722.0
606.0
464.0
309.0
156.0
19.0
0.0
0.0
0.0
0.0
0.0
0.0
0.0
0.0
1.0
74.0
189.0
333.0
479.0
582.0
621.0
729.0
732.0
725.0
638.0
556.0
405.0
266.0
147.0
24.0
0.0
0.0
0.0
0.0
0.0
0.0
0.0
0.0
1.0
32.0
80.0
122.0
179.0
229.0
257.0
329.0
320.0
283.0
267.0
218.0
160.0
95.0
38.0
3.0
0.0
0.0
0.0
0.0
0.0
0.0
0.0
0.0
1.0
10.0
26.0
43.0
70.0
77.0
90.0
102.0
105.0
98.0
97.0
79.0
65.0
45.0
22.0
3.0
0.0
0.0
0.0
0.0
0.0
0.0
0.0
0.0
0.0
19.0
55.0
103.0
143.0
192.0
223.0
248.0
239.0
230.0
205.0
172.0
128.0
86.0
38.0
3.0
0.0
0.0
0.0
0.0
0.0
0.0
0.0
0.0
0.0
36.0
124.0
226.0
305.0
397.0
463.0
497.0
506.0
486.0
454.0
372.0
289.0
196.0
88.0
10.0
0.0
0.0
0.0
0.0
0.0
0.0
0.0
0.0
1.0
61.0
136.0
265.0
392.0
498.0
623.0
666.0
750.0
679.0
641.0
615.0
498.0
300.0
153.0
17.0
0.0
0.0
0.0
0.0
0.0
0.0
0.0
0.0
0.0
70.0
200.0
353.0
507.0
621.0
709.0
749.0
743.0
732.0
668.0
554.0
422.0
280.0
130.0
10.0
0.0
0.0
0.0
0.0
0.0
0.0
0.0
0.0
0.0
19.0
59.0
107.0
155.0
191.0
216.0
216.0
215.0
213.0
199.0
166.0
125.0
77.0
36.0
2.0
0.0
0.0
0.0
0.0
0.0
0.0
0.0
0.0
0.0
19.0
43.0
76.0
89.0
107.0
111.0
203.0
239.0
253.0
230.0
209.0
150.0
81.0
45.0
8.0
0.0
0.0
0.0
0.0
0.0
0.0
0.0
0.0
1.0
74.0
172.0
308.0
472.0
527.0
582.0
600.0
594.0
519.0
416.0
367.0
233.0
130.0
41.0
2.0
0.0
0.0
0.0
0.0
0.0
0.0
0.0
0.0
0.0
54.0
160.0
264.0
419.0
508.0
561.0
566.0
613.0
596.0
508.0
424.0
285.0
150.0
69.0
2.0
0.0
0.0
0.0
0.0
0.0
0.0
0.0
0.0
0.0
33.0
106.0
182.0
275.0
352.0
400.0
426.0
446.0
399.0
345.0
294.0
216.0
159.0
60.0
2.0
0.0
0.0
0.0
0.0
0.0
0.0
0.0
0.0
0.0
31.0
101.0
170.0
257.0
308.0
369.0
405.0
403.0
373.0
348.0
323.0
239.0
146.0
66.0
2.0
0.0
0.0
0.0
0.0
0.0
0.0
0.0
0.0
0.0
36.0
113.0
195.0
269.0
343.0
423.0
442.0
450.0
383.0
334.0
268.0
200.0
127.0
62.0
2.0
0.0
0.0
0.0
0.0
0.0
0.0
0.0
0.0
0.0
29.0
99.0
170.0
248.0
342.0
397.0
364.0
366.0
363.0
338.0
232.0
194.0
134.0
50.0
1.0
0.0
0.0
0.0
0.0
0.0
0.0
0.0
0.0
0.0
20.0
61.0
116.0
166.0
226.0
280.0
286.0
291.0
282.0
267.0
229.0
174.0
104.0
44.0
1.0
0.0
0.0
0.0
0.0
0.0
0.0
0.0
0.0
0.0
38.0
148.0
194.0
314.0
293.0
441.0
491.0
488.0
584.0
576.0
312.0
222.0
93.0
9.0
1.0
0.0
0.0
0.0
0.0
0.0
0.0
0.0
0.0
0.0
15.0
132.0
277.0
426.0
549.0
619.0
642.0
616.0
584.0
477.0
417.0
332.0
208.0
66.0
1.0
0.0
0.0
0.0
0.0
0.0
0.0
0.0
0.0
0.0
18.0
157.0
296.0
374.0
537.0
575.0
545.0
595.0
648.0
579.0
539.0
418.0
265.0
100.0
4.0
0.0
0.0
0.0
0.0
0.0
0.0
0.0
0.0
0.0
18.0
150.0
294.0
444.0
565.0
677.0
728.0
760.0
711.0
631.0
507.0
373.0
227.0
89.0
2.0
0.0
0.0
0.0
0.0
0.0
0.0
0.0
0.0
0.0
5.0
52.0
109.0
219.0
196.0
252.0
252.0
298.0
224.0
243.0
84.0
35.0
72.0
48.0
4.0
0.0
0.0
0.0
0.0
0.0
0.0
0.0
0.0
0.0
3.0
76.0
248.0
349.0
334.0
459.0
497.0
272.0
121.0
57.0
134.0
89.0
84.0
34.0
1.0
0.0
0.0
0.0
0.0
0.0
0.0
0.0
0.0
0.0
10.0
92.0
198.0
291.0
362.0
404.0
433.0
450.0
459.0
389.0
334.0
228.0
148.0
54.0
1.0
0.0
0.0
0.0
0.0
0.0
0.0
0.0
0.0
0.0
10.0
88.0
181.0
229.0
332.0
391.0
425.0
416.0
385.0
366.0
293.0
231.0
131.0
42.0
0.0
0.0
0.0
0.0
0.0
0.0
0.0
0.0
0.0
0.0
23.0
99.0
301.0
409.0
635.0
801.0
466.0
64.0
61.0
54.0
44.0
32.0
81.0
7.0
0.0
0.0
0.0
0.0
0.0
0.0
0.0
0.0
0.0
0.0
2.0
12.0
104.0
127.0
230.0
272.0
343.0
359.0
434.0
332.0
243.0
161.0
87.0
22.0
0.0
0.0
0.0
0.0
0.0
0.0
0.0
0.0
0.0
0.0
15.0
85.0
275.0
194.0
399.0
323.0
239.0
68.0
402.0
289.0
232.0
104.0
160.0
82.0
3.0
0.0
0.0
0.0
0.0
0.0
0.0
0.0
0.0
0.0
2.0
63.0
171.0
257.0
313.0
404.0
475.0
478.0
449.0
412.0
319.0
227.0
115.0
45.0
0.0
0.0
0.0
0.0
0.0
0.0
0.0
0.0
0.0
0.0
9.0
134.0
289.0
437.0
570.0
675.0
738.0
750.0
701.0
622.0
497.0
349.0
193.0
61.0
0.0
0.0
0.0
0.0
0.0
0.0
0.0
0.0
0.0
0.0
8.0
135.0
289.0
444.0
582.0
682.0
738.0
748.0
715.0
628.0
512.0
357.0
196.0
61.0
0.0
0.0
0.0
0.0
0.0
0.0
0.0
0.0
0.0
0.0
5.0
121.0
266.0
400.0
535.0
600.0
670.0
644.0
661.0
550.0
451.0
292.0
136.0
38.0
0.0
0.0
0.0
0.0
0.0
0.0
0.0
0.0
0.0
0.0
2.0
82.0
181.0
264.0
328.0
432.0
426.0
452.0
443.0
402.0
356.0
248.0
125.0
38.0
0.0
0.0
0.0
0.0
0.0
0.0
0.0
0.0
0.0
0.0
4.0
99.0
245.0
378.0
475.0
580.0
579.0
599.0
629.0
474.0
364.0
272.0
153.0
34.0
0.0
0.0
0.0
0.0
0.0
0.0
0.0
0.0
0.0
0.0
5.0
122.0
265.0
400.0
510.0
599.0
677.0
659.0
627.0
522.0
411.0
300.0
146.0
16.0
0.0
0.0
0.0
0.0
0.0
0.0
0.0
0.0
0.0
0.0
4.0
118.0
268.0
426.0
555.0
658.0
716.0
727.0
684.0
606.0
480.0
324.0
167.0
18.0
0.0
0.0
0.0
0.0
0.0
0.0
0.0
0.0
0.0
0.0
3.0
82.0
166.0
267.0
379.0
396.0
446.0
474.0
468.0
386.0
298.0
198.0
99.0
4.0
0.0
0.0
0.0
0.0
0.0
0.0
0.0
0.0
0.0
0.0
2.0
52.0
102.0
150.0
213.0
264.0
301.0
328.0
293.0
236.0
188.0
107.0
67.0
3.0
0.0
0.0
0.0
0.0
0.0
0.0
0.0
0.0
0.0
0.0
1.0
31.0
96.0
33.0
44.0
52.0
176.0
429.0
749.0
641.0
437.0
316.0
175.0
30.0
0.0
0.0
0.0
0.0
0.0
0.0
0.0
0.0
0.0
0.0
2.0
92.0
224.0
369.0
507.0
604.0
631.0
639.0
559.0
479.0
357.0
214.0
100.0
3.0
0.0
0.0
0.0
0.0
0.0
0.0
0.0
0.0
0.0
0.0
1.0
53.0
148.0
316.0
362.0
535.0
570.0
580.0
502.0
465.0
340.0
196.0
105.0
2.0
0.0
0.0
0.0
0.0
0.0
0.0
0.0
0.0
0.0
0.0
2.0
87.0
223.0
340.0
465.0
531.0
612.0
586.0
517.0
432.0
333.0
204.0
96.0
2.0
0.0
0.0
0.0
0.0
0.0
0.0
0.0
0.0
0.0
0.0
2.0
85.0
198.0
337.0
420.0
421.0
545.0
605.0
542.0
455.0
410.0
265.0
124.0
2.0
0.0
0.0
0.0
0.0
0.0
0.0
0.0
0.0
0.0
0.0
1.0
84.0
224.0
375.0
479.0
543.0
570.0
601.0
565.0
463.0
356.0
213.0
98.0
2.0
0.0
0.0
0.0
0.0
0.0
0.0
0.0
0.0
0.0
0.0
1.0
92.0
242.0
402.0
538.0
638.0
691.0
699.0
660.0
576.0
444.0
290.0
133.0
6.0
0.0
0.0
0.0
0.0
0.0
0.0
0.0
0.0
0.0
0.0
1.0
18.0
21.0
103.0
107.0
167.0
160.0
160.0
256.0
240.0
243.0
226.0
100.0
10.0
0.0
0.0
0.0
0.0
0.0
0.0
0.0
0.0
0.0
0.0
0.0
36.0
84.0
47.0
82.0
140.0
241.0
443.0
495.0
475.0
386.0
317.0
135.0
12.0
0.0
0.0
0.0
0.0
0.0
0.0
0.0
0.0
0.0
0.0
0.0
36.0
108.0
103.0
154.0
202.0
190.0
247.0
268.0
198.0
110.0
98.0
30.0
1.0
0.0
0.0
0.0
0.0
0.0
0.0
0.0
0.0
0.0
0.0
0.0
21.0
98.0
133.0
142.0
183.0
284.0
333.0
362.0
327.0
296.0
208.0
121.0
6.0
0.0
0.0
0.0
0.0
0.0
0.0
0.0
0.0
0.0
0.0
0.0
40.0
118.0
188.0
267.0
298.0
325.0
274.0
282.0
244.0
175.0
107.0
41.0
1.0
0.0
0.0
0.0
0.0
0.0
0.0
0.0
0.0
0.0
0.0
0.0
46.0
140.0
246.0
316.0
426.0
437.0
446.0
429.0
332.0
260.0
169.0
65.0
1.0
0.0
0.0
0.0
0.0
0.0
0.0
0.0
0.0
0.0
0.0
0.0
76.0
231.0
397.0
543.0
650.0
707.0
711.0
664.0
566.0
428.0
265.0
103.0
1.0
0.0
0.0
0.0
0.0
0.0
0.0
0.0
0.0
0.0
0.0
0.0
17.0
18.0
44.0
118.0
166.0
226.0
306.0
160.0
272.0
383.0
275.0
104.0
5.0
0.0
0.0
0.0
0.0
0.0
0.0
0.0
0.0
0.0
0.0
0.0
48.0
149.0
265.0
367.0
440.0
475.0
493.0
454.0
374.0
272.0
167.0
62.0
0.0
0.0
0.0
0.0
0.0
0.0
0.0
0.0
0.0
0.0
0.0
0.0
46.0
178.0
346.0
316.0
494.0
344.0
481.0
502.0
431.0
226.0
64.0
7.0
0.0
0.0
0.0
0.0
0.0
0.0
0.0
0.0
0.0
0.0
0.0
0.0
44.0
141.0
183.0
349.0
448.0
471.0
496.0
388.0
374.0
245.0
212.0
89.0
1.0
0.0
0.0
0.0
0.0
0.0
0.0
0.0
0.0
0.0
0.0
0.0
64.0
229.0
351.0
563.0
657.0
612.0
329.0
246.0
196.0
32.0
19.0
30.0
0.0
0.0
0.0
0.0
0.0
0.0
0.0
0.0
0.0
0.0
0.0
0.0
14.0
134.0
162.0
216.0
392.0
446.0
406.0
285.0
332.0
296.0
161.0
77.0
0.0
0.0
0.0
0.0
0.0
0.0
0.0
0.0
0.0
0.0
0.0
0.0
42.0
18.0
30.0
155.0
78.0
242.0
320.0
401.0
418.0
373.0
240.0
17.0
0.0
0.0
0.0
0.0
0.0
0.0
0.0
0.0
0.0
0.0
0.0
0.0
4.0
46.0
159.0
373.0
661.0
721.0
586.0
516.0
169.0
31.0
18.0
5.0
0.0
0.0
0.0
0.0
0.0
0.0
0.0
0.0
0.0
0.0
0.0
0.0
5.0
41.0
113.0
152.0
263.0
248.0
260.0
292.0
271.0
271.0
191.0
58.0
0.0
0.0
0.0
0.0
0.0
0.0
0.0
0.0
0.0
0.0
0.0
0.0
4.0
15.0
27.0
38.0
46.0
50.0
69.0
640.0
510.0
321.0
170.0
30.0
0.0
0.0
0.0
0.0
0.0
0.0
0.0
0.0
0.0
0.0
0.0
0.0
8.0
127.0
217.0
357.0
446.0
505.0
336.0
254.0
329.0
267.0
126.0
19.0
0.0
0.0
0.0
0.0
0.0
0.0
0.0
0.0
0.0
0.0
0.0
0.0
8.0
92.0
145.0
248.0
381.0
541.0
571.0
514.0
417.0
316.0
134.0
12.0
0.0
0.0
0.0
0.0
0.0
0.0
0.0
0.0
0.0
0.0
0.0
0.0
15.0
170.0
327.0
463.0
564.0
619.0
614.0
563.0
460.0
322.0
168.0
15.0
0.0
0.0
0.0
0.0
0.0
0.0
0.0
0.0
0.0
0.0
0.0
0.0
14.0
163.0
320.0
454.0
554.0
599.0
589.0
541.0
447.0
316.0
164.0
15.0
0.0
0.0
0.0
0.0
0.0
0.0
0.0
0.0
0.0
0.0
0.0
0.0
6.0
137.0
276.0
394.0
465.0
468.0
500.0
383.0
343.0
260.0
126.0
9.0
0.0
0.0
0.0
0.0
0.0
0.0
0.0
0.0
0.0
0.0
0.0
0.0
6.0
64.0
146.0
208.0
252.0
270.0
272.0
272.0
205.0
130.0
60.0
2.0
0.0
0.0
0.0
0.0
0.0
0.0
0.0
0.0
0.0
0.0
0.0
0.0
3.0
44.0
91.0
132.0
135.0
158.0
114.0
412.0
353.0
244.0
110.0
2.0
0.0
0.0
0.0
0.0
0.0
0.0
0.0
0.0
0.0
0.0
0.0
0.0
2.0
36.0
66.0
98.0
111.0
130.0
148.0
115.0
73.0
56.0
27.0
2.0
0.0
0.0
0.0
0.0
0.0
0.0
0.0
0.0
0.0
0.0
0.0
0.0
2.0
60.0
95.0
158.0
183.0
152.0
147.0
133.0
92.0
64.0
32.0
2.0
0.0
0.0
0.0
0.0
0.0
0.0
0.0
0.0
0.0
0.0
0.0
0.0
7.0
137.0
288.0
421.0
517.0
569.0
567.0
513.0
418.0
286.0
137.0
6.0
0.0
0.0
0.0
0.0
0.0
0.0
0.0
0.0
0.0
0.0
0.0
0.0
4.0
111.0
181.0
242.0
312.0
360.0
219.0
202.0
93.0
67.0
11.0
1.0
0.0
0.0
0.0
0.0
0.0
0.0
0.0
0.0
0.0
0.0
0.0
0.0
5.0
120.0
260.0
387.0
479.0
532.0
533.0
481.0
382.0
250.0
111.0
3.0
0.0
0.0
0.0
0.0
0.0
0.0
0.0
0.0
0.0
0.0
0.0
0.0
9.0
136.0
173.0
177.0
161.0
203.0
597.0
354.0
77.0
21.0
9.0
1.0
0.0
0.0
0.0
0.0
0.0
0.0
0.0
0.0
0.0
0.0
0.0
0.0
1.0
24.0
52.0
73.0
94.0
90.0
95.0
84.0
67.0
44.0
16.0
1.0
0.0
0.0
0.0
0.0
0.0
0.0
0.0
0.0
0.0
0.0
0.0
0.0
2.0
96.0
233.0
338.0
396.0
422.0
413.0
427.0
332.0
213.0
110.0
3.0
0.0
0.0
0.0
0.0
0.0
0.0
0.0
0.0
0.0
0.0
0.0
0.0
2.0
84.0
199.0
317.0
411.0
504.0
482.0
396.0
310.0
188.0
85.0
2.0
0.0
0.0
0.0
0.0
0.0
0.0
0.0
0.0
0.0
0.0
0.0
0.0
1.0
68.0
187.0
315.0
409.0
437.0
417.0
363.0
282.0
174.0
62.0
1.0
0.0
0.0
0.0
0.0
0.0
0.0
0.0
0.0
0.0
0.0
0.0
0.0
4.0
106.0
150.0
164.0
210.0
252.0
299.0
318.0
241.0
94.0
42.0
0.0
0.0
0.0
0.0
0.0
0.0
0.0
0.0
0.0
0.0
0.0
0.0
0.0
1.0
23.0
52.0
80.0
93.0
95.0
105.0
394.0
306.0
188.0
70.0
0.0
0.0
0.0
0.0
0.0
0.0
0.0
0.0
0.0
0.0
0.0
0.0
0.0
1.0
12.0
30.0
40.0
55.0
63.0
62.0
338.0
265.0
166.0
61.0
0.0
0.0
0.0
0.0
0.0
0.0
0.0
0.0
0.0
0.0
0.0
0.0
0.0
0.0
64.0
173.0
282.0
353.0
392.0
371.0
372.0
291.0
178.0
66.0
0.0
0.0
0.0
0.0
0.0
0.0
0.0
0.0
0.0
0.0
0.0
0.0
0.0
1.0
80.0
212.0
330.0
428.0
477.0
458.0
398.0
305.0
182.0
63.0
0.0
0.0
0.0
0.0
0.0
0.0
0.0
0.0
0.0
0.0
0.0
0.0
0.0
0.0
78.0
208.0
321.0
417.0
461.0
455.0
401.0
310.0
190.0
66.0
0.0
0.0
0.0
0.0
0.0
0.0
0.0
0.0
0.0
0.0
0.0
0.0
0.0
0.0
59.0
159.0
253.0
327.0
354.0
350.0
309.0
248.0
143.0
46.0
0.0
0.0
0.0
0.0
0.0
0.0
0.0
0.0
0.0
0.0
0.0
0.0
0.0
0.0
14.0
34.0
56.0
70.0
74.0
73.0
64.0
49.0
28.0
10.0
0.0
0.0
0.0
0.0
0.0
0.0
0.0
0.0
0.0
0.0
0.0
0.0
0.0
0.0
8.0
25.0
39.0
49.0
55.0
53.0
45.0
35.0
18.0
4.0
0.0
0.0
0.0
0.0
0.0
0.0
0.0
0.0
0.0
0.0
0.0
0.0
0.0
0.0
61.0
137.0
183.0
306.0
330.0
402.0
371.0
309.0
168.0
21.0
0.0
0.0
0.0
0.0
0.0
0.0
0.0
0.0
0.0
0.0
0.0
0.0
0.0
0.0
50.0
121.0
164.0
437.0
318.0
363.0
31.0
23.0
13.0
4.0
0.0
0.0
0.0
0.0
0.0
0.0
0.0
0.0
0.0
0.0
0.0
0.0
0.0
0.0
5.0
74.0
193.0
226.0
427.0
436.0
241.0
167.0
145.0
48.0
0.0
0.0
0.0
0.0
0.0
0.0
0.0
0.0
0.0
0.0
0.0
0.0
0.0
0.0
14.0
43.0
68.0
89.0
95.0
102.0
83.0
65.0
35.0
3.0
0.0
0.0
0.0
0.0
0.0
0.0
0.0
0.0
0.0
0.0
0.0
0.0
0.0
0.0
10.0
15.0
46.0
52.0
44.0
93.0
331.0
276.0
149.0
22.0
0.0
0.0
0.0
0.0
0.0
0.0
0.0
0.0
0.0
0.0
0.0
0.0
0.0
0.0
20.0
67.0
106.0
127.0
144.0
161.0
129.0
84.0
40.0
3.0
0.0
0.0
0.0
0.0
0.0
0.0
0.0
0.0
0.0
0.0
0.0
0.0
0.0
0.0
23.0
163.0
273.0
374.0
413.0
397.0
343.0
265.0
145.0
14.0
0.0
0.0
0.0
0.0
0.0
0.0
0.0
0.0
0.0
0.0
0.0
0.0
0.0
0.0
14.0
68.0
151.0
193.0
253.0
253.0
157.0
121.0
59.0
2.0
0.0
0.0
0.0
0.0
0.0
0.0
0.0
0.0
0.0
0.0
0.0
0.0
0.0
0.0
8.0
61.0
97.0
140.0
159.0
151.0
138.0
99.0
46.0
2.0
0.0
0.0
0.0
0.0
0.0
0.0
0.0
0.0
0.0
0.0
0.0
0.0
0.0
0.0
3.0
24.0
76.0
60.0
104.0
107.0
110.0
77.0
42.0
4.0
0.0
0.0
0.0
0.0
0.0
0.0
0.0
0.0
0.0
0.0
0.0
0.0
0.0
0.0
10.0
74.0
165.0
218.0
218.0
184.0
185.0
141.0
75.0
2.0
0.0
0.0
0.0
0.0
0.0
0.0
0.0
0.0
0.0
0.0
0.0
0.0
0.0
0.0
3.0
13.0
23.0
30.0
40.0
34.0
262.0
205.0
89.0
6.0
0.0
0.0
0.0
0.0
0.0
0.0
0.0
0.0
0.0
0.0
0.0
0.0
0.0
0.0
13.0
131.0
239.0
332.0
369.0
363.0
324.0
243.0
121.0
8.0
0.0
0.0
0.0
0.0
0.0
0.0
0.0
0.0
0.0
0.0
0.0
0.0
0.0
0.0
6.0
37.0
55.0
71.0
97.0
92.0
110.0
81.0
47.0
3.0
0.0
0.0
0.0
0.0
0.0
0.0
0.0
0.0
0.0
0.0
0.0
0.0
0.0
0.0
2.0
88.0
161.0
367.0
366.0
261.0
175.0
107.0
9.0
1.0
0.0
0.0
0.0
0.0
0.0
0.0
0.0
0.0
0.0
0.0
0.0
0.0
0.0
0.0
7.0
109.0
227.0
302.0
263.0
267.0
195.0
226.0
111.0
7.0
0.0
0.0
0.0
0.0
0.0
0.0
0.0
0.0
0.0
0.0
0.0
0.0
0.0
0.0
7.0
104.0
197.0
274.0
317.0
307.0
276.0
184.0
80.0
1.0
0.0
0.0
0.0
0.0
0.0
0.0
0.0
0.0
0.0
0.0
0.0
0.0
0.0
0.0
15.0
84.0
164.0
137.0
243.0
182.0
243.0
135.0
107.0
7.0
0.0
0.0
0.0
0.0
0.0
0.0
0.0
0.0
0.0
0.0
0.0
0.0
0.0
0.0
3.0
120.0
199.0
301.0
349.0
314.0
267.0
152.0
67.0
1.0
0.0
0.0
0.0
0.0
0.0
0.0
0.0
0.0
0.0
0.0
0.0
0.0
0.0
0.0
3.0
64.0
109.0
153.0
183.0
190.0
154.0
100.0
42.0
1.0
0.0
0.0
0.0
0.0
0.0
0.0
0.0
0.0
0.0
0.0
0.0
0.0
0.0
0.0
2.0
70.0
158.0
208.0
242.0
256.0
236.0
151.0
69.0
1.0
0.0
0.0
0.0
0.0
0.0
0.0
0.0
0.0
0.0
0.0
0.0
0.0
0.0
0.0
3.0
75.0
151.0
208.0
249.0
240.0
210.0
137.0
57.0
1.0
0.0
0.0
0.0
0.0
0.0
0.0
0.0
0.0
0.0
0.0
0.0
0.0
0.0
0.0
3.0
88.0
178.0
255.0
310.0
295.0
249.0
166.0
69.0
1.0
0.0
0.0
0.0
0.0
0.0
0.0
0.0
0.0
0.0
0.0
0.0
0.0
0.0
0.0
1.0
30.0
68.0
87.0
89.0
87.0
61.0
48.0
25.0
0.0
0.0
0.0
0.0
0.0
0.0
0.0
0.0
0.0
0.0
0.0
0.0
0.0
0.0
0.0
1.0
17.0
38.0
60.0
69.0
67.0
55.0
40.0
15.0
0.0
0.0
0.0
0.0
0.0
0.0
0.0
0.0
0.0
0.0
0.0
0.0
0.0
0.0
0.0
1.0
31.0
65.0
92.0
103.0
91.0
66.0
48.0
19.0
0.0
0.0
0.0
0.0
0.0
0.0
0.0
0.0
0.0
0.0
0.0
0.0
0.0
0.0
0.0
1.0
13.0
23.0
67.0
85.0
111.0
110.0
66.0
31.0
1.0
0.0
0.0
0.0
0.0
0.0
0.0
0.0
0.0
0.0
0.0
0.0
0.0
0.0
0.0
0.0
32.0
86.0
90.0
137.0
152.0
136.0
76.0
5.0
0.0
0.0
0.0
0.0
0.0
0.0
0.0
0.0
0.0
0.0
0.0
0.0
0.0
0.0
0.0
1.0
49.0
74.0
104.0
123.0
118.0
78.0
40.0
10.0
0.0
0.0
0.0
0.0
0.0
0.0
0.0
0.0
0.0
0.0
0.0
0.0
0.0
0.0
0.0
0.0
40.0
91.0
138.0
159.0
170.0
154.0
99.0
40.0
0.0
0.0
0.0
0.0
0.0
0.0
0.0
0.0
0.0
0.0
0.0
0.0
0.0
0.0
0.0
2.0
72.0
126.0
186.0
237.0
162.0
145.0
75.0
20.0
0.0
0.0
0.0
0.0
0.0
0.0
0.0
0.0
0.0
0.0
0.0
0.0
0.0
0.0
0.0
0.0
19.0
45.0
63.0
79.0
93.0
67.0
46.0
16.0
0.0
0.0
0.0
0.0
0.0
0.0
0.0
0.0
0.0
0.0
0.0
0.0
0.0
0.0
0.0
0.0
5.0
13.0
105.0
140.0
222.0
255.0
166.0
53.0
0.0
0.0
0.0
0.0
0.0
0.0
0.0
0.0
0.0
0.0
0.0
0.0
0.0
0.0
0.0
0.0
63.0
160.0
248.0
292.0
286.0
230.0
143.0
50.0
0.0
0.0
0.0
0.0
0.0
0.0
0.0
0.0
0.0
0.0
0.0
0.0
0.0
0.0
0.0
0.0
46.0
43.0
20.0
50.0
75.0
249.0
174.0
64.0
0.0
0.0
0.0
0.0
0.0
0.0
0.0
0.0
0.0
0.0
0.0
0.0
0.0
0.0
0.0
0.0
33.0
85.0
123.0
171.0
152.0
119.0
125.0
62.0
0.0
0.0
0.0
0.0
0.0
0.0
0.0
0.0
0.0
0.0
0.0
0.0
0.0
0.0
0.0
0.0
58.0
155.0
241.0
259.0
240.0
218.0
140.0
48.0
0.0
0.0
0.0
0.0
0.0
0.0
0.0
0.0
0.0
0.0
0.0
0.0
0.0
0.0
0.0
0.0
13.0
53.0
108.0
91.0
118.0
60.0
32.0
25.0
0.0
0.0
0.0
0.0
0.0
0.0
0.0
0.0
0.0
0.0
0.0
0.0
0.0
0.0
0.0
0.0
47.0
142.0
219.0
272.0
221.0
194.0
131.0
48.0
0.0
0.0
0.0
0.0
0.0
0.0
0.0
0.0
0.0
0.0
0.0
0.0
0.0
0.0
0.0
0.0
36.0
106.0
179.0
237.0
260.0
218.0
141.0
52.0
0.0
0.0
0.0
0.0
0.0
0.0
0.0
0.0
0.0
0.0
0.0
0.0
0.0
0.0
0.0
0.0
41.0
115.0
188.0
230.0
264.0
203.0
94.0
31.0
0.0
0.0
0.0
0.0
0.0
0.0
0.0
0.0
0.0
0.0
0.0
0.0
0.0
0.0
0.0
0.0
5.0
33.0
47.0
62.0
69.0
57.0
31.0
10.0
0.0
0.0
0.0
0.0
0.0
0.0
0.0
0.0
0.0
0.0
0.0
0.0
0.0
0.0
0.0
0.0
10.0
86.0
168.0
259.0
260.0
216.0
123.0
15.0
0.0
0.0
0.0
0.0
0.0
0.0
0.0
0.0
0.0
0.0
0.0
0.0
0.0
0.0
0.0
0.0
3.0
10.0
45.0
129.0
137.0
146.0
108.0
19.0
0.0
0.0
0.0
0.0
0.0
0.0
0.0
0.0
0.0
0.0
0.0
0.0
0.0
0.0
0.0
0.0
19.0
135.0
211.0
261.0
269.0
228.0
143.0
22.0
0.0
0.0
0.0
0.0
0.0
0.0
0.0
0.0
0.0
0.0
0.0
0.0
0.0
0.0
0.0
0.0
13.0
87.0
136.0
197.0
277.0
208.0
123.0
23.0
0.0
0.0
0.0
0.0
0.0
0.0
0.0
0.0
0.0
0.0
0.0
0.0
0.0
0.0
0.0
0.0
4.0
42.0
65.0
70.0
83.0
67.0
40.0
4.0
0.0
0.0
0.0
0.0
0.0
0.0
0.0
0.0
0.0
0.0
0.0
0.0
0.0
0.0
0.0
0.0
8.0
70.0
101.0
128.0
151.0
115.0
60.0
3.0
0.0
0.0
0.0
0.0
0.0
0.0
0.0
0.0
0.0
0.0
0.0
0.0
0.0
0.0
0.0
0.0
18.0
76.0
75.0
113.0
195.0
216.0
135.0
34.0
0.0
0.0
0.0
0.0
0.0
0.0
0.0
0.0
0.0
0.0
0.0
0.0
0.0
0.0
0.0
0.0
4.0
46.0
72.0
83.0
85.0
63.0
38.0
3.0
0.0
0.0
0.0
0.0
0.0
0.0
0.0
0.0
0.0
0.0
0.0
0.0
0.0
0.0
0.0
0.0
9.0
69.0
140.0
169.0
167.0
160.0
122.0
25.0
0.0
0.0
0.0
0.0
0.0
0.0
0.0
0.0
0.0
0.0
0.0
0.0
0.0
0.0
0.0
0.0
6.0
53.0
93.0
130.0
112.0
96.0
41.0
3.0
0.0
0.0
0.0
0.0
0.0
0.0
0.0
0.0
0.0
0.0
0.0
0.0
0.0
0.0
0.0
0.0
10.0
83.0
155.0
231.0
246.0
123.0
81.0
9.0
0.0
0.0
0.0
0.0
0.0
0.0
0.0
0.0
0.0
0.0
0.0
0.0
0.0
0.0
0.0
0.0
8.0
84.0
148.0
187.0
206.0
196.0
122.0
26.0
0.0
0.0
0.0
0.0
0.0
0.0
0.0
0.0
0.0
0.0
0.0
0.0
0.0
0.0
0.0
0.0
2.0
42.0
91.0
104.0
101.0
111.0
65.0
9.0
0.0
0.0
0.0
0.0
0.0
0.0
0.0
0.0
0.0
0.0
0.0
0.0
0.0
0.0
0.0
0.0
2.0
32.0
71.0
84.0
94.0
65.0
47.0
7.0
0.0
0.0
0.0
0.0
0.0
0.0
0.0
0.0
0.0
0.0
0.0
0.0
0.0
0.0
0.0
0.0
4.0
33.0
54.0
67.0
86.0
63.0
41.0
7.0
0.0
0.0
0.0
0.0
0.0
0.0
0.0
0.0
0.0
0.0
0.0
0.0
0.0
0.0
0.0
0.0
4.0
15.0
39.0
98.0
89.0
91.0
86.0
19.0
0.0
0.0
0.0
0.0
0.0
0.0
0.0
0.0
0.0
0.0
0.0
0.0
0.0
0.0
0.0
0.0
3.0
33.0
53.0
74.0
120.0
106.0
71.0
16.0
0.0
0.0
0.0
0.0
0.0
0.0
0.0
0.0
0.0
0.0
0.0
0.0
0.0
0.0
0.0
0.0
2.0
42.0
69.0
83.0
121.0
70.0
62.0
7.0
0.0
0.0
0.0
0.0
0.0
0.0
0.0
0.0
0.0
0.0
0.0
0.0
0.0
0.0
0.0
0.0
2.0
25.0
44.0
54.0
63.0
53.0
34.0
6.0
0.0
0.0
0.0
0.0
0.0
0.0
0.0
0.0
0.0
0.0
0.0
0.0
0.0
0.0
0.0
0.0
2.0
9.0
17.0
92.0
68.0
182.0
90.0
12.0
0.0
0.0
0.0
0.0
0.0
0.0
0.0
0.0
0.0
0.0
0.0
0.0
0.0
0.0
0.0
0.0
2.0
9.0
19.0
26.0
35.0
187.0
119.0
43.0
0.0
0.0
0.0
0.0
0.0
0.0
0.0
0.0
0.0
0.0
0.0
0.0
0.0
0.0
0.0
0.0
2.0
8.0
15.0
19.0
58.0
194.0
94.0
31.0
0.0
0.0
0.0
0.0
0.0
0.0
0.0
0.0
0.0
0.0
0.0
0.0
0.0
0.0
0.0
0.0
10.0
57.0
138.0
86.0
216.0
49.0
43.0
14.0
0.0
0.0
0.0
0.0
0.0
0.0
0.0
0.0
0.0
0.0
0.0
0.0
0.0
0.0
0.0
0.0
4.0
35.0
56.0
97.0
93.0
85.0
48.0
19.0
0.0
0.0
0.0
0.0
0.0
0.0
0.0
0.0
0.0
0.0
0.0
0.0
0.0
0.0
0.0
0.0
1.0
14.0
25.0
33.0
34.0
28.0
19.0
7.0
0.0
0.0
0.0
0.0
0.0
0.0
0.0
0.0
0.0
0.0
0.0
0.0
0.0
0.0
0.0
0.0
6.0
80.0
150.0
199.0
211.0
183.0
126.0
46.0
0.0
0.0
0.0
0.0
0.0
0.0
0.0
0.0
0.0
0.0
0.0
0.0
0.0
0.0
0.0
0.0
1.0
67.0
117.0
212.0
189.0
179.0
123.0
43.0
0.0
0.0
0.0
0.0
0.0
0.0
0.0
0.0
0.0
0.0
0.0
0.0
0.0
0.0
0.0
0.0
4.0
66.0
181.0
216.0
216.0
188.0
110.0
23.0
0.0
0.0
0.0
0.0
0.0
0.0
0.0
0.0
