0.0
0.0
0.0
0.0
0.0
0.0
0.0
0.0
1.0
99.0
226.0
307.0
338.0
316.0
241.0
121.0
6.0
0.0
0.0
0.0
0.0
0.0
0.0
0.0
0.0
0.0
0.0
0.0
0.0
0.0
0.0
0.0
1.0
99.0
227.0
309.0
340.0
318.0
244.0
123.0
7.0
0.0
0.0
0.0
0.0
0.0
0.0
0.0
0.0
0.0
0.0
0.0
0.0
0.0
0.0
0.0
1.0
100.0
228.0
311.0
342.0
320.0
247.0
126.0
8.0
0.0
0.0
0.0
0.0
0.0
0.0
0.0
0.0
0.0
0.0
0.0
0.0
0.0
0.0
0.0
1.0
101.0
230.0
313.0
344.0
323.0
250.0
130.0
9.0
0.0
0.0
0.0
0.0
0.0
0.0
0.0
0.0
0.0
0.0
0.0
0.0
0.0
0.0
0.0
2.0
102.0
231.0
315.0
347.0
326.0
253.0
133.0
10.0
0.0
0.0
0.0
0.0
0.0
0.0
0.0
0.0
0.0
0.0
0.0
0.0
0.0
0.0
0.0
2.0
104.0
233.0
317.0
349.0
329.0
256.0
137.0
11.0
0.0
0.0
0.0
0.0
0.0
0.0
0.0
0.0
0.0
0.0
0.0
0.0
0.0
0.0
0.0
2.0
105.0
235.0
319.0
352.0
332.0
260.0
140.0
12.0
0.0
0.0
0.0
0.0
0.0
0.0
0.0
0.0
0.0
0.0
0.0
0.0
0.0
0.0
0.0
2.0
107.0
237.0
322.0
355.0
335.0
263.0
144.0
14.0
0.0
0.0
0.0
0.0
0.0
0.0
0.0
0.0
0.0
0.0
0.0
0.0
0.0
0.0
0.0
2.0
109.0
239.0
324.0
358.0
339.0
267.0
148.0
15.0
0.0
0.0
0.0
0.0
0.0
0.0
0.0
0.0
0.0
0.0
0.0
0.0
0.0
0.0
0.0
3.0
111.0
242.0
327.0
361.0
342.0
271.0
152.0
17.0
0.0
0.0
0.0
0.0
0.0
0.0
0.0
0.0
0.0
0.0
0.0
0.0
0.0
0.0
0.0
3.0
113.0
244.0
330.0
365.0
346.0
275.0
156.0
19.0
0.0
0.0
0.0
0.0
0.0
0.0
0.0
0.0
0.0
0.0
0.0
0.0
0.0
0.0
0.0
3.0
116.0
247.0
334.0
369.0
350.0
279.0
161.0
21.0
0.0
0.0
0.0
0.0
0.0
0.0
0.0
0.0
0.0
0.0
0.0
0.0
0.0
0.0
0.0
4.0
118.0
250.0
337.0
372.0
354.0
283.0
165.0
24.0
0.0
0.0
0.0
0.0
0.0
0.0
0.0
0.0
0.0
0.0
0.0
0.0
0.0
0.0
0.0
5.0
121.0
253.0
340.0
376.0
358.0
288.0
170.0
26.0
0.0
0.0
0.0
0.0
0.0
0.0
0.0
0.0
0.0
0.0
0.0
0.0
0.0
0.0
0.0
5.0
124.0
257.0
344.0
380.0
363.0
292.0
174.0
29.0
0.0
0.0
0.0
0.0
0.0
0.0
0.0
0.0
0.0
0.0
0.0
0.0
0.0
0.0
0.0
6.0
127.0
260.0
348.0
385.0
367.0
297.0
179.0
32.0
0.0
0.0
0.0
0.0
0.0
0.0
0.0
0.0
0.0
0.0
0.0
0.0
0.0
0.0
0.0
7.0
130.0
264.0
352.0
389.0
372.0
302.0
184.0
35.0
0.0
0.0
0.0
0.0
0.0
0.0
0.0
0.0
0.0
0.0
0.0
0.0
0.0
0.0
0.0
7.0
134.0
268.0
356.0
393.0
377.0
307.0
189.0
38.0
0.0
0.0
0.0
0.0
0.0
0.0
0.0
0.0
0.0
0.0
0.0
0.0
0.0
0.0
0.0
8.0
137.0
272.0
361.0
398.0
382.0
312.0
195.0
42.0
0.0
0.0
0.0
0.0
0.0
0.0
0.0
0.0
0.0
0.0
0.0
0.0
0.0
0.0
0.0
10.0
141.0
276.0
365.0
403.0
387.0
317.0
200.0
45.0
0.0
0.0
0.0
0.0
0.0
0.0
0.0
0.0
0.0
0.0
0.0
0.0
0.0
0.0
0.0
11.0
145.0
280.0
370.0
408.0
392.0
323.0
205.0
49.0
0.0
0.0
0.0
0.0
0.0
0.0
0.0
0.0
0.0
0.0
0.0
0.0
0.0
0.0
0.0
12.0
149.0
284.0
374.0
413.0
397.0
328.0
211.0
54.0
0.0
0.0
0.0
0.0
0.0
0.0
0.0
0.0
0.0
0.0
0.0
0.0
0.0
0.0
0.0
14.0
153.0
289.0
379.0
418.0
403.0
334.0
217.0
58.0
0.0
0.0
0.0
0.0
0.0
0.0
0.0
0.0
0.0
0.0
0.0
0.0
0.0
0.0
0.0
15.0
158.0
294.0
384.0
424.0
408.0
340.0
223.0
63.0
0.0
0.0
0.0
0.0
0.0
0.0
0.0
0.0
0.0
0.0
0.0
0.0
0.0
0.0
0.0
17.0
162.0
299.0
390.0
429.0
414.0
346.0
228.0
68.0
0.0
0.0
0.0
0.0
0.0
0.0
0.0
0.0
0.0
0.0
0.0
0.0
0.0
0.0
0.0
19.0
167.0
304.0
395.0
435.0
420.0
351.0
234.0
73.0
0.0
0.0
0.0
0.0
0.0
0.0
0.0
0.0
0.0
0.0
0.0
0.0
0.0
0.0
0.0
21.0
172.0
309.0
400.0
440.0
426.0
358.0
240.0
79.0
0.0
0.0
0.0
0.0
0.0
0.0
0.0
0.0
0.0
0.0
0.0
0.0
0.0
0.0
0.0
23.0
177.0
314.0
406.0
446.0
432.0
364.0
247.0
85.0
0.0
0.0
0.0
0.0
0.0
0.0
0.0
0.0
0.0
0.0
0.0
0.0
0.0
0.0
0.0
26.0
182.0
320.0
412.0
452.0
438.0
370.0
253.0
95.0
0.0
0.0
0.0
0.0
0.0
0.0
0.0
0.0
0.0
0.0
0.0
0.0
0.0
0.0
0.0
28.0
187.0
325.0
418.0
458.0
444.0
376.0
259.0
101.0
0.0
0.0
0.0
0.0
0.0
0.0
0.0
0.0
0.0
0.0
0.0
0.0
0.0
0.0
0.0
31.0
192.0
331.0
424.0
464.0
450.0
383.0
266.0
107.0
1.0
0.0
0.0
0.0
0.0
0.0
0.0
0.0
0.0
0.0
0.0
0.0
0.0
0.0
0.0
34.0
198.0
337.0
430.0
471.0
457.0
389.0
272.0
114.0
1.0
0.0
0.0
0.0
0.0
0.0
0.0
0.0
0.0
0.0
0.0
0.0
0.0
0.0
0.0
38.0
203.0
343.0
436.0
477.0
463.0
396.0
279.0
120.0
2.0
0.0
0.0
0.0
0.0
0.0
0.0
0.0
0.0
0.0
0.0
0.0
0.0
0.0
0.0
41.0
209.0
349.0
442.0
484.0
470.0
402.0
285.0
127.0
3.0
0.0
0.0
0.0
0.0
0.0
0.0
0.0
0.0
0.0
0.0
0.0
0.0
0.0
0.0
45.0
215.0
355.0
449.0
490.0
477.0
409.0
292.0
133.0
4.0
0.0
0.0
0.0
0.0
0.0
0.0
0.0
0.0
0.0
0.0
0.0
0.0
0.0
0.0
49.0
221.0
361.0
455.0
497.0
484.0
416.0
299.0
140.0
6.0
0.0
0.0
0.0
0.0
0.0
0.0
0.0
0.0
0.0
0.0
0.0
0.0
0.0
0.0
54.0
227.0
367.0
462.0
504.0
490.0
423.0
306.0
147.0
8.0
0.0
0.0
0.0
0.0
0.0
0.0
0.0
0.0
0.0
0.0
0.0
0.0
0.0
0.0
58.0
234.0
374.0
468.0
510.0
497.0
430.0
312.0
153.0
9.0
0.0
0.0
0.0
0.0
0.0
0.0
0.0
0.0
0.0
0.0
0.0
0.0
0.0
0.0
63.0
240.0
381.0
475.0
517.0
504.0
437.0
319.0
160.0
12.0
0.0
0.0
0.0
0.0
0.0
0.0
0.0
0.0
0.0
0.0
0.0
0.0
0.0
0.0
68.0
246.0
387.0
482.0
524.0
511.0
444.0
326.0
167.0
14.0
0.0
0.0
0.0
0.0
0.0
0.0
0.0
0.0
0.0
0.0
0.0
0.0
0.0
0.0
74.0
253.0
394.0
489.0
532.0
518.0
451.0
333.0
174.0
17.0
0.0
0.0
0.0
0.0
0.0
0.0
0.0
0.0
0.0
0.0
0.0
0.0
0.0
0.0
80.0
260.0
401.0
496.0
539.0
526.0
458.0
340.0
181.0
19.0
0.0
0.0
0.0
0.0
0.0
0.0
0.0
0.0
0.0
0.0
0.0
0.0
0.0
0.0
86.0
267.0
408.0
503.0
546.0
533.0
465.0
348.0
188.0
23.0
0.0
0.0
0.0
0.0
0.0
0.0
0.0
0.0
0.0
0.0
0.0
0.0
0.0
0.0
92.0
274.0
415.0
511.0
553.0
540.0
473.0
355.0
195.0
26.0
0.0
0.0
0.0
0.0
0.0
0.0
0.0
0.0
0.0
0.0
0.0
0.0
0.0
0.0
102.0
281.0
422.0
518.0
561.0
548.0
480.0
362.0
202.0
30.0
0.0
0.0
0.0
0.0
0.0
0.0
0.0
0.0
0.0
0.0
0.0
0.0
0.0
0.0
109.0
288.0
430.0
525.0
568.0
555.0
487.0
369.0
209.0
33.0
0.0
0.0
0.0
0.0
0.0
0.0
0.0
0.0
0.0
0.0
0.0
0.0
0.0
1.0
116.0
295.0
437.0
533.0
575.0
562.0
494.0
376.0
216.0
37.0
0.0
0.0
0.0
0.0
0.0
0.0
0.0
0.0
0.0
0.0
0.0
0.0
0.0
1.0
123.0
302.0
444.0
540.0
583.0
570.0
502.0
384.0
223.0
42.0
0.0
0.0
0.0
0.0
0.0
0.0
0.0
0.0
0.0
0.0
0.0
0.0
0.0
2.0
131.0
310.0
452.0
548.0
590.0
577.0
509.0
391.0
230.0
46.0
0.0
0.0
0.0
0.0
0.0
0.0
0.0
0.0
0.0
0.0
0.0
0.0
0.0
3.0
138.0
317.0
459.0
555.0
598.0
585.0
517.0
398.0
237.0
51.0
0.0
0.0
0.0
0.0
0.0
0.0
0.0
0.0
0.0
0.0
0.0
0.0
0.0
5.0
145.0
325.0
467.0
563.0
606.0
592.0
524.0
405.0
244.0
56.0
0.0
0.0
0.0
0.0
0.0
0.0
0.0
0.0
0.0
0.0
0.0
0.0
0.0
7.0
153.0
332.0
475.0
571.0
613.0
600.0
532.0
413.0
251.0
61.0
0.0
0.0
0.0
0.0
0.0
0.0
0.0
0.0
0.0
0.0
0.0
0.0
0.0
9.0
161.0
340.0
482.0
578.0
621.0
608.0
539.0
420.0
258.0
67.0
0.0
0.0
0.0
0.0
0.0
0.0
0.0
0.0
0.0
0.0
0.0
0.0
0.0
11.0
168.0
348.0
490.0
586.0
629.0
615.0
546.0
427.0
266.0
73.0
0.0
0.0
0.0
0.0
0.0
0.0
0.0
0.0
0.0
0.0
0.0
0.0
0.0
14.0
176.0
355.0
498.0
594.0
636.0
623.0
554.0
434.0
273.0
79.0
0.0
0.0
0.0
0.0
0.0
0.0
0.0
0.0
0.0
0.0
0.0
0.0
0.0
17.0
184.0
363.0
506.0
602.0
644.0
630.0
561.0
442.0
280.0
85.0
0.0
0.0
0.0
0.0
0.0
0.0
0.0
0.0
0.0
0.0
0.0
0.0
0.0
20.0
192.0
371.0
514.0
610.0
652.0
638.0
569.0
449.0
287.0
91.0
0.0
0.0
0.0
0.0
0.0
0.0
0.0
0.0
0.0
0.0
0.0
0.0
0.0
23.0
200.0
379.0
522.0
617.0
660.0
646.0
576.0
456.0
294.0
98.0
0.0
0.0
0.0
0.0
0.0
0.0
0.0
0.0
0.0
0.0
0.0
0.0
0.0
27.0
208.0
387.0
530.0
625.0
667.0
653.0
584.0
464.0
301.0
107.0
0.0
0.0
0.0
0.0
0.0
0.0
0.0
0.0
0.0
0.0
0.0
0.0
0.0
31.0
216.0
395.0
538.0
633.0
675.0
661.0
591.0
471.0
308.0
114.0
0.0
0.0
0.0
0.0
0.0
0.0
0.0
0.0
0.0
0.0
0.0
0.0
0.0
36.0
224.0
403.0
546.0
641.0
683.0
668.0
599.0
478.0
315.0
121.0
1.0
0.0
0.0
0.0
0.0
0.0
0.0
0.0
0.0
0.0
0.0
0.0
0.0
41.0
232.0
412.0
554.0
649.0
691.0
676.0
606.0
485.0
322.0
128.0
1.0
0.0
0.0
0.0
0.0
0.0
0.0
0.0
0.0
0.0
0.0
0.0
0.0
46.0
240.0
420.0
562.0
657.0
699.0
684.0
613.0
493.0
329.0
135.0
2.0
0.0
0.0
0.0
0.0
0.0
0.0
0.0
0.0
0.0
0.0
0.0
0.0
52.0
248.0
428.0
570.0
665.0
706.0
691.0
621.0
500.0
336.0
142.0
3.0
0.0
0.0
0.0
0.0
0.0
0.0
0.0
0.0
0.0
0.0
0.0
0.0
58.0
257.0
436.0
578.0
673.0
714.0
699.0
628.0
507.0
343.0
149.0
4.0
0.0
0.0
0.0
0.0
0.0
0.0
0.0
0.0
0.0
0.0
0.0
0.0
64.0
265.0
444.0
586.0
681.0
722.0
706.0
635.0
514.0
350.0
155.0
6.0
0.0
0.0
0.0
0.0
0.0
0.0
0.0
0.0
0.0
0.0
0.0
0.0
71.0
273.0
453.0
594.0
689.0
730.0
714.0
643.0
521.0
357.0
162.0
8.0
0.0
0.0
0.0
0.0
0.0
0.0
0.0
0.0
0.0
0.0
0.0
0.0
78.0
282.0
461.0
602.0
697.0
737.0
721.0
650.0
528.0
364.0
169.0
9.0
0.0
0.0
0.0
0.0
0.0
0.0
0.0
0.0
0.0
0.0
0.0
0.0
85.0
290.0
469.0
611.0
705.0
745.0
729.0
657.0
535.0
371.0
176.0
12.0
0.0
0.0
0.0
0.0
0.0
0.0
0.0
0.0
0.0
0.0
0.0
0.0
93.0
299.0
477.0
619.0
712.0
753.0
736.0
664.0
542.0
378.0
182.0
14.0
0.0
0.0
0.0
0.0
0.0
0.0
0.0
0.0
0.0
0.0
0.0
0.0
101.0
307.0
486.0
627.0
720.0
760.0
744.0
672.0
549.0
385.0
189.0
16.0
0.0
0.0
0.0
0.0
0.0
0.0
0.0
0.0
0.0
0.0
0.0
0.0
111.0
315.0
494.0
635.0
728.0
768.0
751.0
679.0
556.0
391.0
196.0
19.0
0.0
0.0
0.0
0.0
0.0
0.0
0.0
0.0
0.0
0.0
0.0
0.0
120.0
324.0
502.0
643.0
736.0
775.0
758.0
686.0
563.0
398.0
203.0
22.0
0.0
0.0
0.0
0.0
0.0
0.0
0.0
0.0
0.0
0.0
0.0
1.0
128.0
332.0
510.0
651.0
744.0
783.0
765.0
693.0
570.0
405.0
209.0
25.0
0.0
0.0
0.0
0.0
0.0
0.0
0.0
0.0
0.0
0.0
0.0
2.0
137.0
341.0
519.0
659.0
751.0
790.0
773.0
700.0
576.0
411.0
216.0
28.0
0.0
0.0
0.0
0.0
0.0
0.0
0.0
0.0
0.0
0.0
0.0
3.0
145.0
349.0
527.0
667.0
759.0
798.0
780.0
707.0
583.0
418.0
222.0
32.0
0.0
0.0
0.0
0.0
0.0
0.0
0.0
0.0
0.0
0.0
0.0
5.0
154.0
358.0
535.0
675.0
767.0
805.0
787.0
713.0
590.0
425.0
229.0
35.0
0.0
0.0
0.0
0.0
0.0
0.0
0.0
0.0
0.0
0.0
0.0
7.0
163.0
366.0
543.0
683.0
774.0
812.0
794.0
720.0
597.0
431.0
235.0
39.0
0.0
0.0
0.0
0.0
0.0
0.0
0.0
0.0
0.0
0.0
0.0
10.0
171.0
374.0
551.0
691.0
782.0
820.0
801.0
727.0
603.0
438.0
242.0
43.0
0.0
0.0
0.0
0.0
0.0
0.0
0.0
0.0
0.0
0.0
0.0
12.0
180.0
383.0
560.0
698.0
789.0
827.0
808.0
734.0
610.0
444.0
248.0
47.0
0.0
0.0
0.0
0.0
0.0
0.0
0.0
0.0
0.0
0.0
0.0
15.0
188.0
391.0
568.0
706.0
797.0
834.0
815.0
740.0
616.0
450.0
255.0
52.0
0.0
0.0
0.0
0.0
0.0
0.0
0.0
0.0
0.0
0.0
0.0
19.0
197.0
399.0
576.0
714.0
804.0
841.0
822.0
747.0
623.0
457.0
261.0
56.0
0.0
0.0
0.0
0.0
0.0
0.0
0.0
0.0
0.0
0.0
0.0
23.0
205.0
408.0
584.0
722.0
812.0
848.0
828.0
754.0
629.0
463.0
267.0
61.0
0.0
0.0
0.0
0.0
0.0
0.0
0.0
0.0
0.0
0.0
0.0
27.0
214.0
416.0
592.0
729.0
819.0
855.0
835.0
760.0
635.0
469.0
274.0
66.0
0.0
0.0
0.0
0.0
0.0
0.0
0.0
0.0
0.0
0.0
0.0
31.0
222.0
424.0
600.0
737.0
826.0
862.0
842.0
766.0
642.0
476.0
280.0
71.0
0.0
0.0
0.0
0.0
0.0
0.0
0.0
0.0
0.0
0.0
0.0
36.0
231.0
432.0
607.0
744.0
833.0
869.0
848.0
773.0
648.0
482.0
286.0
76.0
0.0
0.0
0.0
0.0
0.0
0.0
0.0
0.0
0.0
0.0
0.0
41.0
239.0
441.0
615.0
752.0
841.0
876.0
855.0
779.0
654.0
488.0
292.0
82.0
0.0
0.0
0.0
0.0
0.0
0.0
0.0
0.0
0.0
0.0
0.0
47.0
248.0
449.0
623.0
759.0
848.0
882.0
861.0
785.0
660.0
494.0
298.0
87.0
0.0
0.0
0.0
0.0
0.0
0.0
0.0
0.0
0.0
0.0
0.0
52.0
256.0
457.0
631.0
766.0
855.0
889.0
868.0
791.0
666.0
500.0
304.0
93.0
0.0
0.0
0.0
0.0
0.0
0.0
0.0
0.0
0.0
0.0
0.0
59.0
264.0
465.0
638.0
774.0
861.0
896.0
874.0
798.0
672.0
506.0
310.0
99.0
0.0
0.0
0.0
0.0
0.0
0.0
0.0
0.0
0.0
0.0
0.0
65.0
273.0
473.0
646.0
781.0
868.0
902.0
880.0
804.0
678.0
512.0
316.0
105.0
0.0
0.0
0.0
0.0
0.0
0.0
0.0
0.0
0.0
0.0
0.0
72.0
281.0
480.0
653.0
788.0
875.0
909.0
886.0
810.0
684.0
518.0
322.0
111.0
0.0
0.0
0.0
0.0
0.0
0.0
0.0
0.0
0.0
0.0
0.0
79.0
289.0
488.0
661.0
795.0
882.0
915.0
892.0
815.0
690.0
524.0
328.0
117.0
0.0
0.0
0.0
0.0
0.0
0.0
0.0
0.0
0.0
0.0
0.0
86.0
297.0
496.0
668.0
802.0
888.0
921.0
898.0
821.0
695.0
529.0
334.0
123.0
1.0
0.0
0.0
0.0
0.0
0.0
0.0
0.0
0.0
0.0
0.0
94.0
305.0
504.0
675.0
809.0
895.0
927.0
904.0
827.0
701.0
535.0
340.0
129.0
1.0
0.0
0.0
0.0
0.0
0.0
0.0
0.0
0.0
0.0
0.0
102.0
313.0
511.0
683.0
816.0
901.0
933.0
910.0
833.0
707.0
541.0
346.0
135.0
2.0
0.0
0.0
0.0
0.0
0.0
0.0
0.0
0.0
0.0
0.0
109.0
321.0
519.0
690.0
822.0
908.0
939.0
916.0
838.0
712.0
546.0
351.0
141.0
3.0
0.0
0.0
0.0
0.0
0.0
0.0
0.0
0.0
0.0
0.0
118.0
329.0
526.0
697.0
829.0
914.0
945.0
922.0
844.0
718.0
552.0
357.0
147.0
4.0
0.0
0.0
0.0
0.0
0.0
0.0
0.0
0.0
0.0
1.0
126.0
336.0
533.0
704.0
836.0
920.0
951.0
927.0
849.0
723.0
557.0
363.0
153.0
5.0
0.0
0.0
0.0
0.0
0.0
0.0
0.0
0.0
0.0
2.0
134.0
344.0
541.0
711.0
842.0
926.0
957.0
933.0
855.0
729.0
563.0
368.0
159.0
7.0
0.0
0.0
0.0
0.0
0.0
0.0
0.0
0.0
0.0
3.0
142.0
351.0
548.0
717.0
848.0
932.0
963.0
938.0
860.0
734.0
568.0
374.0
165.0
9.0
0.0
0.0
0.0
0.0
0.0
0.0
0.0
0.0
0.0
5.0
149.0
359.0
555.0
724.0
855.0
938.0
968.0
944.0
865.0
739.0
573.0
380.0
171.0
10.0
0.0
0.0
0.0
0.0
0.0
0.0
0.0
0.0
0.0
7.0
157.0
366.0
562.0
731.0
861.0
944.0
974.0
949.0
871.0
744.0
579.0
385.0
176.0
12.0
0.0
0.0
0.0
0.0
0.0
0.0
0.0
0.0
0.0
9.0
165.0
374.0
569.0
737.0
867.0
950.0
979.0
954.0
876.0
749.0
584.0
390.0
182.0
15.0
0.0
0.0
0.0
0.0
0.0
0.0
0.0
0.0
0.0
11.0
172.0
381.0
576.0
744.0
873.0
955.0
985.0
959.0
881.0
754.0
589.0
396.0
188.0
17.0
0.0
0.0
0.0
0.0
0.0
0.0
0.0
0.0
0.0
14.0
180.0
388.0
582.0
750.0
879.0
961.0
990.0
964.0
886.0
759.0
594.0
401.0
193.0
19.0
0.0
0.0
0.0
0.0
0.0
0.0
0.0
0.0
0.0
17.0
187.0
395.0
589.0
756.0
885.0
966.0
995.0
969.0
891.0
764.0
599.0
406.0
199.0
22.0
0.0
0.0
0.0
0.0
0.0
0.0
0.0
0.0
0.0
20.0
195.0
402.0
596.0
762.0
890.0
972.0
1000.0
974.0
895.0
769.0
604.0
412.0
205.0
25.0
0.0
0.0
0.0
0.0
0.0
0.0
0.0
0.0
0.0
24.0
202.0
409.0
602.0
768.0
896.0
977.0
1005.0
979.0
900.0
774.0
609.0
417.0
210.0
28.0
0.0
0.0
0.0
0.0
0.0
0.0
0.0
0.0
0.0
27.0
209.0
416.0
608.0
774.0
902.0
982.0
1010.0
984.0
905.0
779.0
614.0
422.0
216.0
31.0
0.0
0.0
0.0
0.0
0.0
0.0
0.0
0.0
0.0
31.0
216.0
422.0
614.0
780.0
907.0
987.0
1015.0
988.0
909.0
783.0
619.0
427.0
221.0
34.0
0.0
0.0
0.0
0.0
0.0
0.0
0.0
0.0
0.0
35.0
223.0
429.0
621.0
786.0
912.0
992.0
1020.0
993.0
914.0
788.0
624.0
432.0
226.0
38.0
0.0
0.0
0.0
0.0
0.0
0.0
0.0
0.0
0.0
40.0
230.0
435.0
627.0
791.0
917.0
997.0
1024.0
997.0
918.0
793.0
628.0
437.0
232.0
41.0
0.0
0.0
0.0
0.0
0.0
0.0
0.0
0.0
0.0
44.0
236.0
441.0
632.0
797.0
923.0
1002.0
1029.0
1002.0
923.0
797.0
633.0
442.0
237.0
45.0
0.0
0.0
0.0
0.0
0.0
0.0
0.0
0.0
0.0
49.0
243.0
448.0
638.0
802.0
927.0
1006.0
1033.0
1006.0
927.0
801.0
638.0
447.0
242.0
49.0
0.0
0.0
0.0
0.0
0.0
0.0
0.0
0.0
0.0
54.0
250.0
454.0
644.0
807.0
932.0
1011.0
1038.0
1010.0
931.0
806.0
642.0
452.0
248.0
53.0
0.0
0.0
0.0
0.0
0.0
0.0
0.0
0.0
0.0
59.0
256.0
460.0
649.0
812.0
937.0
1015.0
1042.0
1015.0
936.0
810.0
647.0
457.0
253.0
57.0
0.0
0.0
0.0
0.0
0.0
0.0
0.0
0.0
0.0
64.0
262.0
466.0
655.0
817.0
942.0
1020.0
1046.0
1019.0
940.0
814.0
651.0
461.0
258.0
61.0
0.0
0.0
0.0
0.0
0.0
0.0
0.0
0.0
0.0
69.0
268.0
471.0
660.0
822.0
946.0
1024.0
1050.0
1023.0
944.0
818.0
656.0
466.0
263.0
65.0
0.0
0.0
0.0
0.0
0.0
0.0
0.0
0.0
0.0
75.0
274.0
477.0
665.0
827.0
951.0
1028.0
1054.0
1027.0
948.0
823.0
660.0
471.0
268.0
70.0
0.0
0.0
0.0
0.0
0.0
0.0
0.0
0.0
0.0
80.0
280.0
482.0
671.0
832.0
955.0
1032.0
1058.0
1031.0
952.0
827.0
664.0
475.0
273.0
74.0
0.0
0.0
0.0
0.0
0.0
0.0
0.0
0.0
0.0
86.0
286.0
488.0
675.0
836.0
959.0
1036.0
1062.0
1034.0
955.0
831.0
668.0
480.0
278.0
79.0
0.0
0.0
0.0
0.0
0.0
0.0
0.0
0.0
0.0
92.0
292.0
493.0
680.0
841.0
964.0
1040.0
1066.0
1038.0
959.0
834.0
672.0
484.0
283.0
84.0
0.0
0.0
0.0
0.0
0.0
0.0
0.0
0.0
0.0
98.0
297.0
498.0
685.0
845.0
968.0
1044.0
1069.0
1042.0
963.0
838.0
677.0
489.0
287.0
88.0
0.0
0.0
0.0
0.0
0.0
0.0
0.0
0.0
0.0
102.0
303.0
503.0
690.0
849.0
972.0
1048.0
1073.0
1045.0
966.0
842.0
681.0
493.0
292.0
93.0
0.0
0.0
0.0
0.0
0.0
0.0
0.0
0.0
0.0
107.0
308.0
508.0
694.0
854.0
975.0
1051.0
1076.0
1049.0
970.0
846.0
685.0
497.0
297.0
97.0
0.0
0.0
0.0
0.0
0.0
0.0
0.0
0.0
1.0
113.0
313.0
513.0
699.0
858.0
979.0
1055.0
1080.0
1052.0
973.0
849.0
688.0
502.0
301.0
102.0
0.0
0.0
0.0
0.0
0.0
0.0
0.0
0.0
1.0
118.0
318.0
518.0
703.0
862.0
983.0
1058.0
1083.0
1055.0
977.0
853.0
692.0
506.0
306.0
107.0
0.0
0.0
0.0
0.0
0.0
0.0
0.0
0.0
2.0
124.0
323.0
522.0
707.0
865.0
986.0
1062.0
1086.0
1058.0
980.0
856.0
696.0
510.0
311.0
112.0
1.0
0.0
0.0
0.0
0.0
0.0
0.0
0.0
3.0
129.0
328.0
526.0
711.0
869.0
990.0
1065.0
1089.0
1062.0
983.0
860.0
700.0
514.0
315.0
116.0
1.0
0.0
0.0
0.0
0.0
0.0
0.0
0.0
4.0
134.0
333.0
531.0
715.0
873.0
993.0
1068.0
1092.0
1065.0
986.0
863.0
703.0
518.0
319.0
121.0
2.0
0.0
0.0
0.0
0.0
0.0
0.0
0.0
6.0
139.0
337.0
535.0
719.0
876.0
996.0
1071.0
1095.0
1068.0
989.0
867.0
707.0
522.0
324.0
126.0
3.0
0.0
0.0
0.0
0.0
0.0
0.0
0.0
7.0
144.0
342.0
539.0
722.0
879.0
999.0
1074.0
1098.0
1070.0
993.0
870.0
711.0
526.0
328.0
131.0
4.0
0.0
0.0
0.0
0.0
0.0
0.0
0.0
8.0
148.0
346.0
543.0
726.0
883.0
1002.0
1077.0
1101.0
1073.0
995.0
873.0
714.0
530.0
332.0
135.0
5.0
0.0
0.0
0.0
0.0
0.0
0.0
0.0
10.0
153.0
350.0
547.0
729.0
886.0
1005.0
1080.0
1104.0
1076.0
998.0
876.0
717.0
533.0
336.0
140.0
6.0
0.0
0.0
0.0
0.0
0.0
0.0
0.0
11.0
157.0
354.0
550.0
733.0
889.0
1008.0
1082.0
1106.0
1079.0
1001.0
879.0
721.0
537.0
340.0
144.0
7.0
0.0
0.0
0.0
0.0
0.0
0.0
0.0
13.0
161.0
358.0
554.0
736.0
892.0
1011.0
1085.0
1109.0
1081.0
1004.0
882.0
724.0
541.0
344.0
148.0
9.0
0.0
0.0
0.0
0.0
0.0
0.0
0.0
15.0
166.0
362.0
557.0
739.0
894.0
1013.0
1087.0
1111.0
1084.0
1007.0
885.0
727.0
544.0
348.0
153.0
10.0
0.0
0.0
0.0
0.0
0.0
0.0
0.0
17.0
169.0
365.0
560.0
742.0
897.0
1016.0
1090.0
1114.0
1086.0
1009.0
888.0
730.0
548.0
352.0
157.0
12.0
0.0
0.0
0.0
0.0
0.0
0.0
0.0
19.0
173.0
369.0
563.0
745.0
900.0
1018.0
1092.0
1116.0
1089.0
1012.0
891.0
733.0
551.0
356.0
161.0
14.0
0.0
0.0
0.0
0.0
0.0
0.0
0.0
20.0
177.0
372.0
566.0
747.0
902.0
1020.0
1094.0
1118.0
1091.0
1014.0
893.0
736.0
554.0
359.0
165.0
15.0
0.0
0.0
0.0
0.0
0.0
0.0
0.0
22.0
181.0
375.0
569.0
750.0
904.0
1023.0
1096.0
1120.0
1093.0
1017.0
896.0
739.0
558.0
363.0
169.0
17.0
0.0
0.0
0.0
0.0
0.0
0.0
0.0
24.0
184.0
378.0
572.0
752.0
907.0
1025.0
1098.0
1122.0
1095.0
1019.0
898.0
742.0
561.0
367.0
173.0
19.0
0.0
0.0
0.0
0.0
0.0
0.0
0.0
26.0
187.0
381.0
575.0
755.0
909.0
1027.0
1100.0
1124.0
1097.0
1021.0
901.0
745.0
564.0
370.0
176.0
21.0
0.0
0.0
0.0
0.0
0.0
0.0
0.0
28.0
190.0
384.0
577.0
757.0
911.0
1029.0
1102.0
1126.0
1099.0
1023.0
903.0
748.0
567.0
373.0
180.0
23.0
0.0
0.0
0.0
0.0
0.0
0.0
0.0
30.0
193.0
387.0
580.0
759.0
913.0
1030.0
1104.0
1128.0
1101.0
1025.0
906.0
750.0
570.0
377.0
184.0
25.0
0.0
0.0
0.0
0.0
0.0
0.0
0.0
32.0
196.0
389.0
582.0
761.0
915.0
1032.0
1105.0
1130.0
1103.0
1027.0
908.0
753.0
573.0
380.0
187.0
27.0
0.0
0.0
0.0
0.0
0.0
0.0
0.0
34.0
199.0
392.0
584.0
763.0
916.0
1034.0
1107.0
1131.0
1105.0
1029.0
910.0
756.0
576.0
383.0
191.0
29.0
0.0
0.0
0.0
0.0
0.0
0.0
0.0
35.0
201.0
394.0
586.0
765.0
918.0
1035.0
1109.0
1133.0
1106.0
1031.0
912.0
758.0
578.0
386.0
194.0
31.0
0.0
0.0
0.0
0.0
0.0
0.0
0.0
37.0
204.0
396.0
588.0
766.0
920.0
1037.0
1110.0
1134.0
1108.0
1033.0
915.0
760.0
581.0
389.0
197.0
33.0
0.0
0.0
0.0
0.0
0.0
0.0
0.0
39.0
206.0
398.0
590.0
768.0
921.0
1038.0
1111.0
1136.0
1110.0
1035.0
917.0
763.0
584.0
392.0
200.0
35.0
0.0
0.0
0.0
0.0
0.0
0.0
0.0
41.0
208.0
400.0
591.0
769.0
922.0
1039.0
1113.0
1137.0
1111.0
1037.0
919.0
765.0
586.0
395.0
203.0
37.0
0.0
0.0
0.0
0.0
0.0
0.0
0.0
42.0
210.0
402.0
593.0
771.0
923.0
1040.0
1114.0
1138.0
1113.0
1038.0
920.0
767.0
589.0
397.0
206.0
39.0
0.0
0.0
0.0
0.0
0.0
0.0
0.0
44.0
212.0
403.0
594.0
772.0
925.0
1041.0
1115.0
1140.0
1114.0
1040.0
922.0
769.0
591.0
400.0
209.0
42.0
0.0
0.0
0.0
0.0
0.0
0.0
0.0
45.0
214.0
405.0
595.0
773.0
926.0
1042.0
1116.0
1141.0
1115.0
1041.0
924.0
771.0
593.0
402.0
212.0
44.0
0.0
0.0
0.0
0.0
0.0
0.0
0.0
46.0
216.0
406.0
597.0
774.0
926.0
1043.0
1117.0
1142.0
1116.0
1043.0
926.0
773.0
595.0
405.0
214.0
46.0
0.0
0.0
0.0
0.0
0.0
0.0
0.0
48.0
217.0
407.0
598.0
775.0
927.0
1044.0
1118.0
1143.0
1118.0
1044.0
927.0
775.0
597.0
407.0
217.0
48.0
0.0
0.0
0.0
0.0
0.0
0.0
0.0
49.0
218.0
408.0
599.0
776.0
928.0
1045.0
1118.0
1144.0
1119.0
1045.0
929.0
777.0
599.0
409.0
219.0
49.0
0.0
0.0
0.0
0.0
0.0
0.0
0.0
50.0
220.0
409.0
599.0
777.0
929.0
1046.0
1119.0
1144.0
1120.0
1047.0
930.0
778.0
601.0
411.0
221.0
51.0
0.0
0.0
0.0
0.0
0.0
0.0
0.0
51.0
221.0
410.0
600.0
777.0
929.0
1046.0
1120.0
1145.0
1121.0
1048.0
931.0
780.0
603.0
413.0
224.0
53.0
0.0
0.0
0.0
0.0
0.0
0.0
0.0
52.0
221.0
411.0
601.0
778.0
930.0
1047.0
1120.0
1146.0
1121.0
1049.0
933.0
781.0
605.0
415.0
226.0
55.0
0.0
0.0
0.0
0.0
0.0
0.0
0.0
53.0
222.0
412.0
601.0
778.0
930.0
1047.0
1121.0
1146.0
1122.0
1050.0
934.0
783.0
607.0
417.0
228.0
57.0
0.0
0.0
0.0
0.0
0.0
0.0
0.0
53.0
223.0
412.0
602.0
778.0
930.0
1047.0
1121.0
1147.0
1123.0
1051.0
935.0
784.0
608.0
419.0
230.0
58.0
0.0
0.0
0.0
0.0
0.0
0.0
0.0
54.0
223.0
412.0
602.0
778.0
930.0
1047.0
1121.0
1147.0
1124.0
1052.0
936.0
785.0
610.0
421.0
231.0
60.0
0.0
0.0
0.0
0.0
0.0
0.0
0.0
54.0
224.0
413.0
602.0
779.0
931.0
1048.0
1122.0
1148.0
1124.0
1052.0
937.0
787.0
611.0
422.0
233.0
61.0
0.0
0.0
0.0
0.0
0.0
0.0
0.0
55.0
224.0
413.0
602.0
779.0
931.0
1048.0
1122.0
1148.0
1125.0
1053.0
938.0
788.0
612.0
423.0
234.0
62.0
0.0
0.0
0.0
0.0
0.0
0.0
0.0
55.0
224.0
413.0
602.0
778.0
930.0
1048.0
1122.0
1148.0
1125.0
1054.0
939.0
789.0
613.0
425.0
236.0
64.0
0.0
0.0
0.0
0.0
0.0
0.0
0.0
55.0
224.0
413.0
602.0
778.0
930.0
1048.0
1122.0
1149.0
1125.0
1054.0
940.0
790.0
615.0
426.0
237.0
65.0
0.0
0.0
0.0
0.0
0.0
0.0
0.0
55.0
224.0
412.0
601.0
778.0
930.0
1047.0
1122.0
1149.0
1126.0
1055.0
940.0
791.0
616.0
427.0
238.0
66.0
0.0
0.0
0.0
0.0
0.0
0.0
0.0
55.0
224.0
412.0
601.0
778.0
930.0
1047.0
1122.0
1149.0
1126.0
1055.0
941.0
791.0
616.0
428.0
239.0
67.0
0.0
0.0
0.0
0.0
0.0
0.0
0.0
54.0
223.0
412.0
600.0
777.0
929.0
1047.0
1122.0
1149.0
1126.0
1055.0
942.0
792.0
617.0
429.0
240.0
67.0
0.0
0.0
0.0
0.0
0.0
0.0
0.0
54.0
223.0
411.0
600.0
776.0
929.0
1046.0
1121.0
1149.0
1126.0
1056.0
942.0
793.0
618.0
430.0
241.0
68.0
0.0
0.0
0.0
0.0
0.0
0.0
0.0
54.0
222.0
410.0
599.0
776.0
928.0
1046.0
1121.0
1149.0
1126.0
1056.0
942.0
793.0
618.0
430.0
242.0
69.0
0.0
0.0
0.0
0.0
0.0
0.0
0.0
53.0
221.0
410.0
598.0
775.0
928.0
1045.0
1121.0
1148.0
1126.0
1056.0
943.0
793.0
619.0
431.0
242.0
69.0
0.0
0.0
0.0
0.0
0.0
0.0
0.0
52.0
221.0
409.0
597.0
774.0
927.0
1045.0
1120.0
1148.0
1126.0
1056.0
943.0
794.0
619.0
431.0
242.0
69.0
0.0
0.0
0.0
0.0
0.0
0.0
0.0
52.0
220.0
408.0
596.0
773.0
926.0
1044.0
1120.0
1148.0
1126.0
1056.0
943.0
794.0
620.0
432.0
243.0
70.0
0.0
0.0
0.0
0.0
0.0
0.0
0.0
51.0
218.0
406.0
595.0
772.0
925.0
1043.0
1119.0
1147.0
1126.0
1056.0
943.0
794.0
620.0
432.0
243.0
70.0
0.0
0.0
0.0
0.0
0.0
0.0
0.0
50.0
217.0
405.0
594.0
771.0
924.0
1043.0
1119.0
1147.0
1125.0
1056.0
943.0
794.0
620.0
432.0
243.0
70.0
0.0
0.0
0.0
0.0
0.0
0.0
0.0
49.0
216.0
404.0
593.0
770.0
923.0
1042.0
1118.0
1146.0
1125.0
1056.0
943.0
794.0
620.0
432.0
243.0
69.0
0.0
0.0
0.0
0.0
0.0
0.0
0.0
48.0
214.0
402.0
591.0
769.0
922.0
1041.0
1117.0
1146.0
1125.0
1055.0
943.0
794.0
620.0
432.0
243.0
69.0
0.0
0.0
0.0
0.0
0.0
0.0
0.0
46.0
213.0
401.0
590.0
767.0
921.0
1040.0
1116.0
1145.0
1124.0
1055.0
942.0
794.0
619.0
431.0
242.0
69.0
0.0
0.0
0.0
0.0
0.0
0.0
0.0
45.0
211.0
399.0
588.0
766.0
919.0
1039.0
1115.0
1144.0
1123.0
1054.0
942.0
793.0
619.0
431.0
242.0
68.0
0.0
0.0
0.0
0.0
0.0
0.0
0.0
44.0
209.0
397.0
587.0
764.0
918.0
1037.0
1114.0
1143.0
1123.0
1054.0
941.0
793.0
619.0
430.0
241.0
67.0
0.0
0.0
0.0
0.0
0.0
0.0
0.0
42.0
207.0
395.0
585.0
763.0
917.0
1036.0
1113.0
1142.0
1122.0
1053.0
941.0
792.0
618.0
430.0
240.0
67.0
0.0
0.0
0.0
0.0
0.0
0.0
0.0
41.0
205.0
394.0
583.0
761.0
915.0
1035.0
1112.0
1141.0
1121.0
1052.0
940.0
792.0
617.0
429.0
239.0
66.0
0.0
0.0
0.0
0.0
0.0
0.0
0.0
39.0
203.0
391.0
581.0
759.0
913.0
1033.0
1111.0
1140.0
1120.0
1052.0
939.0
791.0
617.0
428.0
238.0
65.0
0.0
0.0
0.0
0.0
0.0
0.0
0.0
38.0
201.0
389.0
579.0
757.0
912.0
1032.0
1110.0
1139.0
1119.0
1051.0
939.0
790.0
616.0
427.0
237.0
63.0
0.0
0.0
0.0
0.0
0.0
0.0
0.0
36.0
198.0
387.0
577.0
755.0
910.0
1030.0
1108.0
1138.0
1118.0
1050.0
938.0
789.0
615.0
426.0
236.0
62.0
0.0
0.0
0.0
0.0
0.0
0.0
0.0
34.0
196.0
385.0
575.0
753.0
908.0
1029.0
1107.0
1137.0
1117.0
1049.0
937.0
788.0
614.0
425.0
235.0
61.0
0.0
0.0
0.0
0.0
0.0
0.0
0.0
33.0
193.0
382.0
573.0
751.0
906.0
1027.0
1105.0
1136.0
1116.0
1048.0
935.0
787.0
612.0
423.0
233.0
59.0
0.0
0.0
0.0
0.0
0.0
0.0
0.0
31.0
191.0
380.0
570.0
749.0
905.0
1025.0
1104.0
1134.0
1115.0
1046.0
934.0
786.0
611.0
422.0
231.0
58.0
0.0
0.0
0.0
0.0
0.0
0.0
0.0
29.0
188.0
377.0
568.0
747.0
903.0
1024.0
1102.0
1133.0
1113.0
1045.0
933.0
784.0
609.0
420.0
229.0
56.0
0.0
0.0
0.0
0.0
0.0
0.0
0.0
28.0
185.0
374.0
565.0
745.0
900.0
1022.0
1101.0
1131.0
1112.0
1044.0
932.0
783.0
608.0
418.0
227.0
54.0
0.0
0.0
0.0
0.0
0.0
0.0
0.0
26.0
182.0
372.0
563.0
742.0
898.0
1020.0
1099.0
1130.0
1110.0
1042.0
930.0
781.0
606.0
417.0
225.0
52.0
0.0
0.0
0.0
0.0
0.0
0.0
0.0
24.0
179.0
369.0
560.0
740.0
896.0
1018.0
1097.0
1128.0
1109.0
1041.0
929.0
780.0
604.0
414.0
223.0
51.0
0.0
0.0
0.0
0.0
0.0
0.0
0.0
22.0
176.0
366.0
557.0
738.0
894.0
1016.0
1095.0
1126.0
1107.0
1039.0
927.0
778.0
602.0
412.0
221.0
49.0
0.0
0.0
0.0
0.0
0.0
0.0
0.0
21.0
172.0
363.0
555.0
735.0
892.0
1014.0
1093.0
1125.0
1105.0
1037.0
925.0
776.0
600.0
410.0
218.0
47.0
0.0
0.0
0.0
0.0
0.0
0.0
0.0
19.0
169.0
360.0
552.0
732.0
889.0
1012.0
1091.0
1123.0
1104.0
1036.0
923.0
774.0
598.0
408.0
216.0
44.0
0.0
0.0
0.0
0.0
0.0
0.0
0.0
17.0
166.0
356.0
549.0
730.0
887.0
1009.0
1089.0
1121.0
1102.0
1034.0
921.0
772.0
596.0
405.0
213.0
42.0
0.0
0.0
0.0
0.0
0.0
0.0
0.0
16.0
162.0
353.0
546.0
727.0
884.0
1007.0
1087.0
1119.0
1100.0
1032.0
919.0
770.0
593.0
402.0
210.0
40.0
0.0
0.0
0.0
0.0
0.0
0.0
0.0
14.0
159.0
350.0
543.0
724.0
882.0
1005.0
1085.0
1117.0
1098.0
1030.0
917.0
767.0
591.0
400.0
207.0
38.0
0.0
0.0
0.0
0.0
0.0
0.0
0.0
12.0
155.0
346.0
539.0
721.0
879.0
1002.0
1083.0
1114.0
1096.0
1028.0
915.0
765.0
588.0
397.0
204.0
36.0
0.0
0.0
0.0
0.0
0.0
0.0
0.0
11.0
151.0
343.0
536.0
718.0
876.0
1000.0
1080.0
1112.0
1093.0
1025.0
912.0
762.0
585.0
394.0
200.0
33.0
0.0
0.0
0.0
0.0
0.0
0.0
0.0
10.0
147.0
339.0
533.0
715.0
874.0
997.0
1078.0
1110.0
1091.0
1023.0
910.0
760.0
582.0
391.0
197.0
31.0
0.0
0.0
0.0
0.0
0.0
0.0
0.0
8.0
143.0
336.0
530.0
712.0
871.0
995.0
1075.0
1108.0
1089.0
1021.0
907.0
757.0
579.0
387.0
193.0
29.0
0.0
0.0
0.0
0.0
0.0
0.0
0.0
7.0
139.0
332.0
526.0
709.0
868.0
992.0
1073.0
1105.0
1086.0
1018.0
905.0
754.0
576.0
384.0
189.0
27.0
0.0
0.0
0.0
0.0
0.0
0.0
0.0
6.0
135.0
328.0
523.0
706.0
865.0
989.0
1070.0
1103.0
1084.0
1015.0
902.0
751.0
573.0
380.0
186.0
24.0
0.0
0.0
0.0
0.0
0.0
0.0
0.0
5.0
131.0
324.0
519.0
703.0
862.0
987.0
1068.0
1100.0
1081.0
1013.0
899.0
748.0
570.0
377.0
182.0
22.0
0.0
0.0
0.0
0.0
0.0
0.0
0.0
4.0
127.0
320.0
516.0
699.0
859.0
984.0
1065.0
1097.0
1079.0
1010.0
896.0
745.0
566.0
373.0
177.0
20.0
0.0
0.0
0.0
0.0
0.0
0.0
0.0
3.0
123.0
316.0
512.0
696.0
856.0
981.0
1062.0
1095.0
1076.0
1007.0
893.0
741.0
562.0
369.0
173.0
18.0
0.0
0.0
0.0
0.0
0.0
0.0
0.0
2.0
118.0
312.0
508.0
692.0
853.0
978.0
1059.0
1092.0
1073.0
1004.0
890.0
738.0
559.0
365.0
169.0
16.0
0.0
0.0
0.0
0.0
0.0
0.0
0.0
1.0
114.0
308.0
504.0
689.0
849.0
975.0
1056.0
1089.0
1070.0
1001.0
886.0
734.0
555.0
360.0
164.0
14.0
0.0
0.0
0.0
0.0
0.0
0.0
0.0
1.0
109.0
304.0
501.0
685.0
846.0
972.0
1053.0
1086.0
1067.0
998.0
883.0
731.0
551.0
356.0
160.0
12.0
0.0
0.0
0.0
0.0
0.0
0.0
0.0
0.0
105.0
300.0
497.0
682.0
843.0
968.0
1050.0
1083.0
1064.0
994.0
879.0
727.0
547.0
352.0
155.0
10.0
0.0
0.0
0.0
0.0
0.0
0.0
0.0
0.0
100.0
296.0
493.0
678.0
839.0
965.0
1047.0
1080.0
1061.0
991.0
876.0
723.0
542.0
347.0
150.0
9.0
0.0
0.0
0.0
0.0
0.0
0.0
0.0
0.0
96.0
291.0
489.0
675.0
836.0
962.0
1044.0
1077.0
1057.0
988.0
872.0
719.0
538.0
342.0
145.0
7.0
0.0
0.0
0.0
0.0
0.0
0.0
0.0
0.0
93.0
287.0
485.0
671.0
832.0
959.0
1041.0
1073.0
1054.0
984.0
868.0
715.0
534.0
338.0
140.0
6.0
0.0
0.0
0.0
0.0
0.0
0.0
0.0
0.0
88.0
282.0
481.0
667.0
829.0
955.0
1037.0
1070.0
1050.0
980.0
864.0
710.0
529.0
333.0
134.0
4.0
0.0
0.0
0.0
0.0
0.0
0.0
0.0
0.0
83.0
278.0
477.0
663.0
825.0
952.0
1034.0
1066.0
1047.0
977.0
860.0
706.0
524.0
327.0
129.0
3.0
0.0
0.0
0.0
0.0
0.0
0.0
0.0
0.0
79.0
273.0
472.0
659.0
822.0
948.0
1031.0
1063.0
1043.0
973.0
856.0
702.0
519.0
322.0
123.0
2.0
0.0
0.0
0.0
0.0
0.0
0.0
0.0
0.0
75.0
269.0
468.0
655.0
818.0
945.0
1027.0
1059.0
1039.0
969.0
852.0
697.0
515.0
317.0
118.0
1.0
0.0
0.0
0.0
0.0
0.0
0.0
0.0
0.0
70.0
264.0
464.0
651.0
814.0
941.0
1023.0
1056.0
1036.0
965.0
848.0
692.0
509.0
312.0
112.0
1.0
0.0
0.0
0.0
0.0
0.0
0.0
0.0
0.0
66.0
260.0
459.0
647.0
810.0
937.0
1020.0
1052.0
1032.0
960.0
843.0
687.0
504.0
306.0
106.0
0.0
0.0
0.0
0.0
0.0
0.0
0.0
0.0
0.0
62.0
255.0
455.0
643.0
806.0
934.0
1016.0
1048.0
1028.0
956.0
838.0
682.0
499.0
300.0
100.0
0.0
0.0
0.0
0.0
0.0
0.0
0.0
0.0
0.0
58.0
250.0
451.0
639.0
802.0
930.0
1012.0
1044.0
1024.0
952.0
834.0
677.0
493.0
294.0
95.0
0.0
0.0
0.0
0.0
0.0
0.0
0.0
0.0
0.0
54.0
245.0
446.0
635.0
798.0
926.0
1008.0
1040.0
1019.0
947.0
829.0
672.0
488.0
289.0
89.0
0.0
0.0
0.0
0.0
0.0
0.0
0.0
0.0
0.0
50.0
240.0
442.0
631.0
794.0
922.0
1004.0
1036.0
1015.0
943.0
824.0
667.0
482.0
282.0
83.0
0.0
0.0
0.0
0.0
0.0
0.0
0.0
0.0
0.0
46.0
236.0
437.0
626.0
790.0
918.0
1000.0
1032.0
1011.0
938.0
819.0
662.0
477.0
276.0
78.0
0.0
0.0
0.0
0.0
0.0
0.0
0.0
0.0
0.0
43.0
231.0
432.0
622.0
786.0
914.0
996.0
1028.0
1006.0
933.0
814.0
656.0
471.0
270.0
72.0
0.0
0.0
0.0
0.0
0.0
0.0
0.0
0.0
0.0
39.0
226.0
428.0
618.0
782.0
910.0
992.0
1023.0
1002.0
929.0
809.0
651.0
465.0
264.0
66.0
0.0
0.0
0.0
0.0
0.0
0.0
0.0
0.0
0.0
36.0
221.0
423.0
613.0
778.0
905.0
988.0
1019.0
997.0
924.0
804.0
645.0
459.0
257.0
61.0
0.0
0.0
0.0
0.0
0.0
0.0
0.0
0.0
0.0
33.0
216.0
418.0
609.0
773.0
901.0
983.0
1015.0
993.0
919.0
798.0
639.0
452.0
251.0
56.0
0.0
0.0
0.0
0.0
0.0
0.0
0.0
0.0
0.0
30.0
210.0
414.0
604.0
769.0
897.0
979.0
1010.0
988.0
914.0
793.0
633.0
446.0
244.0
51.0
0.0
0.0
0.0
0.0
0.0
0.0
0.0
0.0
0.0
27.0
205.0
409.0
600.0
764.0
892.0
975.0
1005.0
983.0
908.0
787.0
627.0
440.0
237.0
46.0
0.0
0.0
0.0
0.0
0.0
0.0
0.0
0.0
0.0
24.0
200.0
404.0
595.0
760.0
888.0
970.0
1001.0
978.0
903.0
781.0
621.0
433.0
230.0
41.0
0.0
0.0
0.0
0.0
0.0
0.0
0.0
0.0
0.0
22.0
195.0
399.0
590.0
755.0
883.0
965.0
996.0
973.0
898.0
776.0
615.0
426.0
223.0
36.0
0.0
0.0
0.0
0.0
0.0
0.0
0.0
0.0
0.0
19.0
190.0
394.0
586.0
751.0
879.0
961.0
991.0
968.0
892.0
770.0
609.0
420.0
216.0
32.0
0.0
0.0
0.0
0.0
0.0
0.0
0.0
0.0
0.0
17.0
185.0
389.0
581.0
746.0
874.0
956.0
986.0
962.0
887.0
764.0
602.0
413.0
209.0
28.0
0.0
0.0
0.0
0.0
0.0
0.0
0.0
0.0
0.0
15.0
179.0
384.0
576.0
742.0
870.0
951.0
981.0
957.0
881.0
758.0
596.0
406.0
202.0
24.0
0.0
0.0
0.0
0.0
0.0
0.0
0.0
0.0
0.0
13.0
174.0
379.0
571.0
737.0
865.0
946.0
976.0
952.0
875.0
751.0
589.0
399.0
194.0
21.0
0.0
0.0
0.0
0.0
0.0
0.0
0.0
0.0
0.0
11.0
169.0
374.0
566.0
732.0
860.0
941.0
971.0
946.0
869.0
745.0
582.0
392.0
187.0
17.0
0.0
0.0
0.0
0.0
0.0
0.0
0.0
0.0
0.0
9.0
163.0
369.0
561.0
727.0
855.0
936.0
966.0
941.0
863.0
739.0
576.0
385.0
179.0
14.0
0.0
0.0
0.0
0.0
0.0
0.0
0.0
0.0
0.0
7.0
158.0
364.0
556.0
722.0
850.0
931.0
960.0
935.0
857.0
732.0
569.0
377.0
172.0
11.0
0.0
0.0
0.0
0.0
0.0
0.0
0.0
0.0
0.0
6.0
152.0
359.0
551.0
717.0
845.0
926.0
955.0
929.0
851.0
726.0
562.0
370.0
164.0
9.0
0.0
0.0
0.0
0.0
0.0
0.0
0.0
0.0
0.0
5.0
147.0
353.0
546.0
712.0
840.0
921.0
949.0
923.0
845.0
719.0
555.0
363.0
156.0
7.0
0.0
0.0
0.0
0.0
0.0
0.0
0.0
0.0
0.0
3.0
141.0
348.0
541.0
707.0
835.0
916.0
944.0
917.0
839.0
712.0
547.0
355.0
149.0
5.0
0.0
0.0
0.0
0.0
0.0
0.0
0.0
0.0
0.0
2.0
136.0
343.0
536.0
702.0
830.0
910.0
938.0
911.0
832.0
706.0
540.0
348.0
141.0
3.0
0.0
0.0
0.0
0.0
0.0
0.0
0.0
0.0
0.0
2.0
130.0
338.0
531.0
697.0
824.0
905.0
932.0
905.0
826.0
699.0
533.0
340.0
133.0
2.0
0.0
0.0
0.0
0.0
0.0
0.0
0.0
0.0
0.0
1.0
125.0
332.0
526.0
692.0
819.0
899.0
927.0
899.0
819.0
692.0
526.0
332.0
125.0
1.0
0.0
0.0
0.0
0.0
0.0
0.0
0.0
0.0
0.0
0.0
119.0
327.0
520.0
686.0
814.0
894.0
921.0
893.0
813.0
685.0
518.0
324.0
116.0
0.0
0.0
0.0
0.0
0.0
0.0
0.0
0.0
0.0
0.0
0.0
113.0
321.0
515.0
681.0
808.0
888.0
915.0
887.0
806.0
678.0
511.0
316.0
108.0
0.0
0.0
0.0
0.0
0.0
0.0
0.0
0.0
0.0
0.0
0.0
108.0
316.0
510.0
676.0
803.0
882.0
909.0
880.0
799.0
670.0
503.0
309.0
100.0
0.0
0.0
0.0
0.0
0.0
0.0
0.0
0.0
0.0
0.0
0.0
102.0
310.0
504.0
670.0
797.0
877.0
903.0
874.0
792.0
663.0
495.0
301.0
92.0
0.0
0.0
0.0
0.0
0.0
0.0
0.0
0.0
0.0
0.0
0.0
96.0
305.0
499.0
665.0
792.0
871.0
897.0
867.0
785.0
656.0
488.0
292.0
85.0
0.0
0.0
0.0
0.0
0.0
0.0
0.0
0.0
0.0
0.0
0.0
91.0
299.0
493.0
659.0
786.0
865.0
890.0
861.0
778.0
648.0
480.0
284.0
77.0
0.0
0.0
0.0
0.0
0.0
0.0
0.0
0.0
0.0
0.0
0.0
86.0
294.0
488.0
654.0
780.0
859.0
884.0
854.0
771.0
641.0
472.0
276.0
70.0
0.0
0.0
0.0
0.0
0.0
0.0
0.0
0.0
0.0
0.0
0.0
80.0
288.0
482.0
648.0
774.0
853.0
878.0
847.0
764.0
633.0
464.0
268.0
64.0
0.0
0.0
0.0
0.0
0.0
0.0
0.0
0.0
0.0
0.0
0.0
75.0
282.0
476.0
642.0
769.0
847.0
871.0
841.0
757.0
626.0
456.0
260.0
57.0
0.0
0.0
0.0
0.0
0.0
0.0
0.0
0.0
0.0
0.0
0.0
71.0
277.0
471.0
637.0
763.0
841.0
865.0
834.0
750.0
618.0
448.0
251.0
51.0
0.0
0.0
0.0
0.0
0.0
0.0
0.0
0.0
0.0
0.0
0.0
66.0
271.0
465.0
631.0
757.0
834.0
858.0
827.0
742.0
611.0
440.0
243.0
45.0
0.0
0.0
0.0
0.0
0.0
0.0
0.0
0.0
0.0
0.0
0.0
61.0
265.0
459.0
625.0
751.0
828.0
852.0
820.0
735.0
603.0
432.0
235.0
40.0
0.0
0.0
0.0
0.0
0.0
0.0
0.0
0.0
0.0
0.0
0.0
57.0
259.0
453.0
619.0
745.0
822.0
845.0
813.0
728.0
595.0
424.0
226.0
35.0
0.0
0.0
0.0
0.0
0.0
0.0
0.0
0.0
0.0
0.0
0.0
53.0
253.0
448.0
613.0
739.0
815.0
838.0
806.0
720.0
587.0
416.0
218.0
30.0
0.0
0.0
0.0
0.0
0.0
0.0
0.0
0.0
0.0
0.0
0.0
48.0
247.0
442.0
607.0
732.0
809.0
831.0
799.0
713.0
579.0
408.0
209.0
26.0
0.0
0.0
0.0
0.0
0.0
0.0
0.0
0.0
0.0
0.0
0.0
45.0
241.0
436.0
601.0
726.0
802.0
825.0
791.0
705.0
571.0
399.0
201.0
22.0
0.0
0.0
0.0
0.0
0.0
0.0
0.0
0.0
0.0
0.0
0.0
41.0
236.0
430.0
595.0
720.0
796.0
818.0
784.0
697.0
563.0
391.0
192.0
18.0
0.0
0.0
0.0
0.0
0.0
0.0
0.0
0.0
0.0
0.0
0.0
37.0
230.0
424.0
589.0
713.0
789.0
811.0
777.0
690.0
555.0
383.0
184.0
15.0
0.0
0.0
0.0
0.0
0.0
0.0
0.0
0.0
0.0
0.0
0.0
34.0
224.0
418.0
583.0
707.0
783.0
804.0
770.0
682.0
547.0
374.0
175.0
12.0
0.0
0.0
0.0
0.0
0.0
0.0
0.0
0.0
0.0
0.0
0.0
30.0
217.0
412.0
576.0
701.0
776.0
797.0
762.0
674.0
539.0
366.0
167.0
9.0
0.0
0.0
0.0
0.0
0.0
0.0
0.0
0.0
0.0
0.0
0.0
27.0
211.0
405.0
570.0
694.0
769.0
790.0
755.0
667.0
531.0
358.0
158.0
7.0
0.0
0.0
0.0
0.0
0.0
0.0
0.0
0.0
0.0
0.0
0.0
24.0
205.0
399.0
564.0
688.0
762.0
783.0
747.0
659.0
523.0
349.0
150.0
5.0
0.0
0.0
0.0
0.0
0.0
0.0
0.0
0.0
0.0
0.0
0.0
21.0
199.0
393.0
557.0
681.0
755.0
775.0
740.0
651.0
515.0
341.0
141.0
3.0
0.0
0.0
0.0
0.0
0.0
0.0
0.0
0.0
0.0
0.0
0.0
19.0
193.0
387.0
551.0
674.0
748.0
768.0
732.0
643.0
507.0
333.0
133.0
2.0
0.0
0.0
0.0
0.0
0.0
0.0
0.0
0.0
0.0
0.0
0.0
16.0
187.0
381.0
545.0
668.0
741.0
761.0
725.0
635.0
499.0
324.0
124.0
1.0
0.0
0.0
0.0
0.0
0.0
0.0
0.0
0.0
0.0
0.0
0.0
14.0
181.0
374.0
538.0
661.0
735.0
754.0
717.0
627.0
491.0
316.0
116.0
0.0
0.0
0.0
0.0
0.0
0.0
0.0
0.0
0.0
0.0
0.0
0.0
12.0
174.0
368.0
532.0
654.0
727.0
746.0
709.0
619.0
482.0
308.0
107.0
0.0
0.0
0.0
0.0
0.0
0.0
0.0
0.0
0.0
0.0
0.0
0.0
10.0
168.0
361.0
525.0
647.0
720.0
739.0
702.0
612.0
474.0
299.0
97.0
0.0
0.0
0.0
0.0
0.0
0.0
0.0
0.0
0.0
0.0
0.0
0.0
8.0
162.0
355.0
518.0
641.0
713.0
732.0
694.0
604.0
466.0
291.0
89.0
0.0
0.0
0.0
0.0
0.0
0.0
0.0
0.0
0.0
0.0
0.0
0.0
6.0
155.0
349.0
512.0
634.0
706.0
724.0
686.0
596.0
458.0
283.0
82.0
0.0
0.0
0.0
0.0
0.0
0.0
0.0
0.0
0.0
0.0
0.0
0.0
5.0
149.0
342.0
505.0
627.0
699.0
717.0
679.0
588.0
450.0
274.0
74.0
0.0
0.0
0.0
0.0
0.0
0.0
0.0
0.0
0.0
0.0
0.0
0.0
4.0
143.0
336.0
498.0
620.0
692.0
709.0
671.0
580.0
442.0
266.0
67.0
0.0
0.0
0.0
0.0
0.0
0.0
0.0
0.0
0.0
0.0
0.0
0.0
2.0
136.0
329.0
492.0
613.0
685.0
702.0
663.0
572.0
434.0
258.0
61.0
0.0
0.0
0.0
0.0
0.0
0.0
0.0
0.0
0.0
0.0
0.0
0.0
2.0
130.0
323.0
485.0
606.0
677.0
694.0
656.0
564.0
425.0
250.0
55.0
0.0
0.0
0.0
0.0
0.0
0.0
0.0
0.0
0.0
0.0
0.0
0.0
1.0
123.0
316.0
478.0
599.0
670.0
687.0
648.0
556.0
417.0
241.0
49.0
0.0
0.0
0.0
0.0
0.0
0.0
0.0
0.0
0.0
0.0
0.0
0.0
0.0
117.0
309.0
471.0
592.0
663.0
679.0
640.0
548.0
409.0
233.0
44.0
0.0
0.0
0.0
0.0
0.0
0.0
0.0
0.0
0.0
0.0
0.0
0.0
0.0
110.0
303.0
465.0
585.0
656.0
672.0
633.0
540.0
401.0
225.0
39.0
0.0
0.0
0.0
0.0
0.0
0.0
0.0
0.0
0.0
0.0
0.0
0.0
0.0
104.0
296.0
458.0
578.0
648.0
664.0
625.0
532.0
393.0
217.0
34.0
0.0
0.0
0.0
0.0
0.0
0.0
0.0
0.0
0.0
0.0
0.0
0.0
0.0
95.0
289.0
451.0
571.0
641.0
657.0
617.0
525.0
385.0
209.0
29.0
0.0
0.0
0.0
0.0
0.0
0.0
0.0
0.0
0.0
0.0
0.0
0.0
0.0
89.0
283.0
444.0
564.0
634.0
649.0
609.0
517.0
377.0
201.0
25.0
0.0
0.0
0.0
0.0
0.0
0.0
0.0
0.0
0.0
0.0
0.0
0.0
0.0
83.0
276.0
437.0
557.0
627.0
642.0
602.0
509.0
370.0
193.0
22.0
0.0
0.0
0.0
0.0
0.0
0.0
0.0
0.0
0.0
0.0
0.0
0.0
0.0
77.0
269.0
430.0
550.0
619.0
634.0
594.0
501.0
362.0
185.0
18.0
0.0
0.0
0.0
0.0
0.0
0.0
0.0
0.0
0.0
0.0
0.0
0.0
0.0
72.0
263.0
423.0
542.0
612.0
627.0
587.0
493.0
354.0
178.0
15.0
0.0
0.0
0.0
0.0
0.0
0.0
0.0
0.0
0.0
0.0
0.0
0.0
0.0
66.0
256.0
416.0
535.0
605.0
620.0
579.0
486.0
346.0
170.0
12.0
0.0
0.0
0.0
0.0
0.0
0.0
0.0
0.0
0.0
0.0
0.0
0.0
0.0
61.0
249.0
409.0
528.0
597.0
612.0
571.0
478.0
339.0
162.0
10.0
0.0
0.0
0.0
0.0
0.0
0.0
0.0
0.0
0.0
0.0
0.0
0.0
0.0
56.0
242.0
403.0
521.0
590.0
605.0
564.0
471.0
331.0
155.0
8.0
0.0
0.0
0.0
0.0
0.0
0.0
0.0
0.0
0.0
0.0
0.0
0.0
0.0
51.0
236.0
396.0
514.0
583.0
597.0
556.0
463.0
324.0
147.0
6.0
0.0
0.0
0.0
0.0
0.0
0.0
0.0
0.0
0.0
0.0
0.0
0.0
0.0
47.0
229.0
389.0
507.0
576.0
590.0
549.0
456.0
316.0
140.0
4.0
0.0
0.0
0.0
0.0
0.0
0.0
0.0
0.0
0.0
0.0
0.0
0.0
0.0
42.0
222.0
382.0
500.0
568.0
583.0
542.0
448.0
309.0
133.0
3.0
0.0
0.0
0.0
0.0
0.0
0.0
0.0
0.0
0.0
0.0
0.0
0.0
0.0
38.0
216.0
375.0
493.0
561.0
575.0
534.0
441.0
301.0
125.0
2.0
0.0
0.0
0.0
0.0
0.0
0.0
0.0
0.0
0.0
0.0
0.0
0.0
0.0
34.0
209.0
368.0
486.0
554.0
568.0
527.0
434.0
294.0
118.0
1.0
0.0
0.0
0.0
0.0
0.0
0.0
0.0
0.0
0.0
0.0
0.0
0.0
0.0
30.0
202.0
361.0
479.0
547.0
561.0
520.0
426.0
287.0
111.0
0.0
0.0
0.0
0.0
0.0
0.0
0.0
0.0
0.0
0.0
0.0
0.0
0.0
0.0
27.0
195.0
354.0
472.0
540.0
554.0
513.0
419.0
280.0
104.0
0.0
0.0
0.0
0.0
0.0
0.0
0.0
0.0
0.0
0.0
0.0
0.0
0.0
0.0
24.0
189.0
348.0
465.0
533.0
547.0
506.0
412.0
273.0
95.0
0.0
0.0
0.0
0.0
0.0
0.0
0.0
0.0
0.0
0.0
0.0
0.0
0.0
0.0
21.0
182.0
341.0
458.0
526.0
540.0
499.0
405.0
266.0
88.0
0.0
0.0
0.0
0.0
0.0
0.0
0.0
0.0
0.0
0.0
0.0
0.0
0.0
0.0
18.0
176.0
334.0
451.0
519.0
533.0
492.0
398.0
259.0
82.0
0.0
0.0
0.0
0.0
0.0
0.0
0.0
0.0
0.0
0.0
0.0
0.0
0.0
0.0
15.0
169.0
327.0
444.0
512.0
526.0
485.0
392.0
253.0
76.0
0.0
0.0
0.0
0.0
0.0
0.0
0.0
0.0
0.0
0.0
0.0
0.0
0.0
0.0
13.0
162.0
321.0
437.0
505.0
519.0
478.0
385.0
246.0
70.0
0.0
0.0
0.0
0.0
0.0
0.0
0.0
0.0
0.0
0.0
0.0
0.0
0.0
0.0
11.0
156.0
314.0
431.0
498.0
512.0
471.0
378.0
240.0
65.0
0.0
0.0
0.0
0.0
0.0
0.0
0.0
0.0
0.0
0.0
0.0
0.0
0.0
0.0
9.0
149.0
307.0
424.0
492.0
505.0
465.0
372.0
233.0
60.0
0.0
0.0
0.0
0.0
0.0
0.0
0.0
0.0
0.0
0.0
0.0
0.0
0.0
0.0
7.0
143.0
301.0
417.0
485.0
499.0
458.0
365.0
227.0
55.0
0.0
0.0
0.0
0.0
0.0
0.0
0.0
0.0
0.0
0.0
0.0
0.0
0.0
0.0
5.0
137.0
294.0
411.0
478.0
492.0
452.0
359.0
221.0
51.0
0.0
0.0
0.0
0.0
0.0
0.0
0.0
0.0
0.0
0.0
0.0
0.0
0.0
0.0
4.0
130.0
288.0
404.0
472.0
486.0
445.0
353.0
215.0
46.0
0.0
0.0
0.0
0.0
0.0
0.0
0.0
0.0
0.0
0.0
0.0
0.0
0.0
0.0
3.0
124.0
281.0
398.0
465.0
479.0
439.0
347.0
209.0
43.0
0.0
0.0
0.0
0.0
0.0
0.0
0.0
0.0
0.0
0.0
0.0
0.0
0.0
0.0
2.0
118.0
275.0
391.0
459.0
473.0
433.0
341.0
204.0
39.0
0.0
0.0
0.0
0.0
0.0
0.0
0.0
0.0
0.0
0.0
0.0
0.0
0.0
0.0
1.0
111.0
269.0
385.0
453.0
467.0
427.0
335.0
198.0
35.0
0.0
0.0
0.0
0.0
0.0
0.0
0.0
0.0
0.0
0.0
0.0
0.0
0.0
0.0
1.0
105.0
262.0
379.0
446.0
461.0
421.0
329.0
192.0
32.0
0.0
0.0
0.0
0.0
0.0
0.0
0.0
0.0
0.0
0.0
0.0
0.0
0.0
0.0
0.0
99.0
256.0
373.0
440.0
455.0
415.0
324.0
187.0
29.0
0.0
0.0
0.0
0.0
0.0
0.0
0.0
0.0
0.0
0.0
0.0
0.0
0.0
0.0
0.0
93.0
250.0
366.0
434.0
449.0
409.0
318.0
182.0
27.0
0.0
0.0
0.0
0.0
0.0
0.0
0.0
0.0
0.0
0.0
0.0
0.0
0.0
0.0
0.0
83.0
244.0
360.0
428.0
443.0
404.0
313.0
177.0
24.0
0.0
0.0
0.0
0.0
0.0
0.0
0.0
0.0
0.0
0.0
0.0
0.0
0.0
0.0
0.0
78.0
238.0
355.0
422.0
437.0
398.0
308.0
172.0
22.0
0.0
0.0
0.0
0.0
0.0
0.0
0.0
0.0
0.0
0.0
0.0
0.0
0.0
0.0
0.0
72.0
232.0
349.0
417.0
432.0
393.0
303.0
167.0
20.0
0.0
0.0
0.0
0.0
0.0
0.0
0.0
0.0
0.0
0.0
0.0
0.0
0.0
0.0
0.0
67.0
226.0
343.0
411.0
426.0
388.0
298.0
162.0
18.0
0.0
0.0
0.0
0.0
0.0
0.0
0.0
0.0
0.0
0.0
0.0
0.0
0.0
0.0
0.0
62.0
221.0
337.0
406.0
421.0
383.0
293.0
158.0
16.0
0.0
0.0
0.0
0.0
0.0
0.0
0.0
0.0
0.0
0.0
0.0
0.0
0.0
0.0
0.0
58.0
215.0
332.0
400.0
416.0
378.0
288.0
153.0
14.0
0.0
0.0
0.0
0.0
0.0
0.0
0.0
0.0
0.0
0.0
0.0
0.0
0.0
0.0
0.0
53.0
210.0
326.0
395.0
411.0
373.0
284.0
149.0
13.0
0.0
0.0
0.0
0.0
0.0
0.0
0.0
0.0
0.0
0.0
0.0
0.0
0.0
0.0
0.0
49.0
204.0
321.0
390.0
406.0
368.0
279.0
145.0
11.0
0.0
0.0
0.0
0.0
0.0
0.0
0.0
0.0
0.0
0.0
0.0
0.0
0.0
0.0
0.0
45.0
199.0
316.0
385.0
401.0
364.0
275.0
141.0
10.0
0.0
0.0
0.0
0.0
0.0
0.0
0.0
0.0
0.0
0.0
0.0
0.0
0.0
0.0
0.0
41.0
194.0
311.0
380.0
396.0
359.0
271.0
138.0
9.0
0.0
0.0
0.0
0.0
0.0
0.0
0.0
0.0
0.0
0.0
0.0
0.0
0.0
0.0
0.0
38.0
189.0
306.0
375.0
392.0
355.0
267.0
134.0
8.0
0.0
0.0
0.0
0.0
0.0
0.0
0.0
0.0
0.0
0.0
0.0
0.0
0.0
0.0
0.0
35.0
184.0
301.0
370.0
387.0
351.0
263.0
130.0
7.0
0.0
0.0
0.0
0.0
0.0
0.0
0.0
0.0
0.0
0.0
0.0
0.0
0.0
0.0
0.0
32.0
179.0
296.0
366.0
383.0
347.0
260.0
127.0
6.0
0.0
0.0
0.0
0.0
0.0
0.0
0.0
0.0
0.0
0.0
0.0
0.0
0.0
0.0
0.0
29.0
174.0
291.0
361.0
379.0
343.0
256.0
124.0
5.0
0.0
0.0
0.0
0.0
0.0
0.0
0.0
0.0
0.0
0.0
0.0
0.0
0.0
0.0
0.0
26.0
169.0
287.0
357.0
375.0
339.0
253.0
121.0
5.0
0.0
0.0
0.0
0.0
0.0
0.0
0.0
0.0
0.0
0.0
0.0
0.0
0.0
0.0
0.0
24.0
165.0
283.0
353.0
371.0
336.0
250.0
118.0
4.0
0.0
0.0
0.0
0.0
0.0
0.0
0.0
0.0
0.0
0.0
0.0
0.0
0.0
0.0
0.0
22.0
161.0
278.0
349.0
367.0
333.0
247.0
116.0
4.0
0.0
0.0
0.0
0.0
0.0
0.0
0.0
0.0
0.0
0.0
0.0
0.0
0.0
0.0
0.0
19.0
156.0
274.0
345.0
364.0
329.0
244.0
113.0
3.0
0.0
0.0
0.0
0.0
0.0
0.0
0.0
0.0
0.0
0.0
0.0
0.0
0.0
0.0
0.0
17.0
152.0
270.0
341.0
361.0
326.0
241.0
111.0
3.0
0.0
0.0
0.0
0.0
0.0
0.0
0.0
0.0
0.0
0.0
0.0
0.0
0.0
0.0
0.0
16.0
148.0
267.0
338.0
357.0
324.0
239.0
109.0
2.0
0.0
0.0
0.0
0.0
0.0
0.0
0.0
0.0
0.0
0.0
0.0
0.0
0.0
0.0
0.0
14.0
144.0
263.0
335.0
354.0
321.0
237.0
107.0
2.0
0.0
0.0
0.0
0.0
0.0
0.0
0.0
0.0
0.0
0.0
0.0
0.0
0.0
0.0
0.0
13.0
141.0
259.0
331.0
351.0
318.0
234.0
105.0
2.0
0.0
0.0
0.0
0.0
0.0
0.0
0.0
0.0
0.0
0.0
0.0
0.0
0.0
0.0
0.0
11.0
137.0
256.0
328.0
349.0
316.0
232.0
104.0
2.0
0.0
0.0
0.0
0.0
0.0
0.0
0.0
0.0
0.0
0.0
0.0
0.0
0.0
0.0
0.0
10.0
134.0
253.0
325.0
346.0
314.0
231.0
102.0
2.0
0.0
0.0
0.0
0.0
0.0
0.0
0.0
0.0
0.0
0.0
0.0
0.0
0.0
0.0
0.0
9.0
130.0
250.0
323.0
344.0
312.0
229.0
101.0
1.0
0.0
0.0
0.0
0.0
0.0
0.0
0.0
0.0
0.0
0.0
0.0
0.0
0.0
0.0
0.0
8.0
127.0
247.0
320.0
342.0
310.0
228.0
100.0
1.0
0.0
0.0
0.0
0.0
0.0
0.0
0.0
0.0
0.0
0.0
0.0
0.0
0.0
0.0
0.0
7.0
124.0
244.0
318.0
340.0
308.0
226.0
99.0
1.0
0.0
0.0
0.0
0.0
0.0
0.0
0.0
0.0
0.0
0.0
0.0
0.0
0.0
0.0
0.0
6.0
121.0
242.0
315.0
338.0
307.0
225.0
98.0
1.0
0.0
0.0
0.0
0.0
0.0
0.0
0.0
0.0
0.0
0.0
0.0
0.0
0.0
0.0
0.0
5.0
119.0
239.0
313.0
336.0
306.0
224.0
98.0
1.0
0.0
0.0
0.0
0.0
0.0
0.0
0.0
0.0
0.0
0.0
0.0
0.0
0.0
0.0
0.0
5.0
116.0
237.0
311.0
334.0
305.0
224.0
97.0
1.0
0.0
0.0
0.0
0.0
0.0
0.0
0.0
0.0
0.0
0.0
0.0
0.0
0.0
0.0
0.0
4.0
114.0
235.0
310.0
333.0
304.0
223.0
97.0
1.0
0.0
0.0
0.0
0.0
0.0
0.0
0.0
0.0
0.0
0.0
0.0
0.0
0.0
0.0
0.0
4.0
111.0
233.0
308.0
332.0
303.0
223.0
97.0
1.0
0.0
0.0
0.0
0.0
0.0
0.0
0.0
0.0
0.0
0.0
0.0
0.0
0.0
0.0
0.0
3.0
109.0
231.0
307.0
331.0
302.0
223.0
97.0
1.0
0.0
0.0
0.0
0.0
0.0
0.0
0.0
0.0
0.0
0.0
0.0
0.0
0.0
0.0
0.0
3.0
107.0
230.0
305.0
330.0
302.0
222.0
98.0
1.0
0.0
0.0
0.0
0.0
0.0
0.0
0.0
0.0
0.0
0.0
0.0
0.0
0.0
0.0
0.0
3.0
106.0
228.0
304.0
330.0
302.0
223.0
98.0
1.0
0.0
0.0
0.0
0.0
0.0
0.0
0.0
0.0
0.0
0.0
0.0
0.0
0.0
0.0
0.0
2.0
104.0
227.0
304.0
329.0
302.0
223.0
99.0
1.0
0.0
0.0
0.0
0.0
0.0
0.0
0.0
0.0
0.0
0.0
0.0
0.0
0.0
0.0
0.0
2.0
103.0
226.0
303.0
329.0
302.0
224.0
100.0
1.0
0.0
0.0
0.0
0.0
0.0
0.0
0.0
0.0
0.0
0.0
0.0
0.0
0.0
0.0
0.0
2.0
102.0
225.0
302.0
329.0
302.0
224.0
101.0
2.0
0.0
0.0
0.0
0.0
0.0
0.0
0.0
0.0
0.0
0.0
0.0
0.0
0.0
0.0
0.0
2.0
100.0
224.0
302.0
329.0
303.0
225.0
102.0
2.0
0.0
0.0
0.0
0.0
0.0
0.0
0.0
0.0
0.0
0.0
0.0
0.0
0.0
0.0
0.0
1.0
100.0
224.0
302.0
329.0
303.0
226.0
103.0
2.0
0.0
0.0
0.0
0.0
0.0
0.0
0.0
0.0
0.0
0.0
0.0
0.0
0.0
0.0
0.0
1.0
99.0
223.0
302.0
329.0
304.0
227.0
105.0
2.0
0.0
0.0
0.0
0.0
0.0
0.0
0.0
0.0
0.0
0.0
0.0
0.0
0.0
0.0
0.0
1.0
98.0
223.0
302.0
330.0
305.0
229.0
106.0
3.0
0.0
0.0
0.0
0.0
0.0
0.0
0.0
0.0
0.0
0.0
0.0
0.0
0.0
0.0
0.0
1.0
98.0
223.0
303.0
331.0
306.0
230.0
108.0
3.0
0.0
0.0
0.0
0.0
0.0
0.0
0.0
0.0
0.0
0.0
0.0
0.0
0.0
0.0
0.0
1.0
98.0
223.0
303.0
332.0
308.0
232.0
110.0
3.0
0.0
0.0
0.0
0.0
0.0
0.0
0.0
0.0
0.0
0.0
0.0
0.0
0.0
0.0
0.0
1.0
98.0
224.0
304.0
333.0
309.0
234.0
112.0
4.0
0.0
0.0
0.0
0.0
0.0
0.0
0.0
0.0
0.0
0.0
0.0
0.0
0.0
0.0
0.0
1.0
98.0
224.0
305.0
334.0
311.0
236.0
115.0
4.0
0.0
0.0
0.0
0.0
0.0
0.0
0.0
0.0
0.0
0.0
0.0
0.0
0.0
0.0
0.0
1.0
98.0
225.0
306.0
336.0
313.0
238.0
117.0
5.0
0.0
0.0
0.0
0.0
0.0
0.0
0.0
