0.0
0.0
0.0
0.0
0.0
0.0
0.0
0.0
0.0
19.0
28.0
59.0
89.0
77.0
98.0
27.0
0.0
0.0
0.0
0.0
0.0
0.0
0.0
0.0
0.0
0.0
0.0
0.0
0.0
0.0
0.0
0.0
0.0
18.0
35.0
44.0
77.0
67.0
57.0
21.0
0.0
0.0
0.0
0.0
0.0
0.0
0.0
0.0
0.0
0.0
0.0
0.0
0.0
0.0
0.0
0.0
0.0
13.0
40.0
63.0
71.0
65.0
34.0
20.0
1.0
0.0
0.0
0.0
0.0
0.0
0.0
0.0
0.0
0.0
0.0
0.0
0.0
0.0
0.0
0.0
0.0
29.0
66.0
120.0
121.0
111.0
12.0
5.0
0.0
0.0
0.0
0.0
0.0
0.0
0.0
0.0
0.0
0.0
0.0
0.0
0.0
0.0
0.0
0.0
0.0
42.0
99.0
154.0
185.0
154.0
146.0
69.0
3.0
0.0
0.0
0.0
0.0
0.0
0.0
0.0
0.0
0.0
0.0
0.0
0.0
0.0
0.0
0.0
0.0
5.0
12.0
20.0
35.0
178.0
109.0
68.0
1.0
0.0
0.0
0.0
0.0
0.0
0.0
0.0
0.0
0.0
0.0
0.0
0.0
0.0
0.0
0.0
0.0
6.0
12.0
18.0
20.0
165.0
121.0
57.0
1.0
0.0
0.0
0.0
0.0
0.0
0.0
0.0
0.0
0.0
0.0
0.0
0.0
0.0
0.0
0.0
0.0
5.0
14.0
20.0
21.0
170.0
127.0
60.0
1.0
0.0
0.0
0.0
0.0
0.0
0.0
0.0
0.0
0.0
0.0
0.0
0.0
0.0
0.0
0.0
0.0
8.0
12.0
26.0
25.0
172.0
131.0
72.0
1.0
0.0
0.0
0.0
0.0
0.0
0.0
0.0
0.0
0.0
0.0
0.0
0.0
0.0
0.0
0.0
0.0
5.0
12.0
18.0
21.0
190.0
149.0
59.0
1.0
0.0
0.0
0.0
0.0
0.0
0.0
0.0
0.0
0.0
0.0
0.0
0.0
0.0
0.0
0.0
0.0
34.0
90.0
128.0
164.0
140.0
92.0
44.0
1.0
0.0
0.0
0.0
0.0
0.0
0.0
0.0
0.0
0.0
0.0
0.0
0.0
0.0
0.0
0.0
1.0
35.0
81.0
166.0
142.0
55.0
71.0
44.0
2.0
0.0
0.0
0.0
0.0
0.0
0.0
0.0
0.0
0.0
0.0
0.0
0.0
0.0
0.0
0.0
0.0
39.0
95.0
146.0
161.0
147.0
106.0
48.0
1.0
0.0
0.0
0.0
0.0
0.0
0.0
0.0
0.0
0.0
0.0
0.0
0.0
0.0
0.0
0.0
0.0
23.0
54.0
76.0
86.0
80.0
59.0
31.0
1.0
0.0
0.0
0.0
0.0
0.0
0.0
0.0
0.0
0.0
0.0
0.0
0.0
0.0
0.0
0.0
0.0
16.0
41.0
54.0
61.0
53.0
38.0
24.0
1.0
0.0
0.0
0.0
0.0
0.0
0.0
0.0
0.0
0.0
0.0
0.0
0.0
0.0
0.0
0.0
0.0
5.0
29.0
17.0
26.0
148.0
113.0
59.0
3.0
0.0
0.0
0.0
0.0
0.0
0.0
0.0
0.0
0.0
0.0
0.0
0.0
0.0
0.0
0.0
0.0
8.0
14.0
58.0
39.0
188.0
156.0
87.0
4.0
0.0
0.0
0.0
0.0
0.0
0.0
0.0
0.0
0.0
0.0
0.0
0.0
0.0
0.0
0.0
0.0
32.0
73.0
104.0
116.0
117.0
87.0
40.0
2.0
0.0
0.0
0.0
0.0
0.0
0.0
0.0
0.0
0.0
0.0
0.0
0.0
0.0
0.0
0.0
0.0
35.0
85.0
115.0
130.0
118.0
83.0
47.0
2.0
0.0
0.0
0.0
0.0
0.0
0.0
0.0
0.0
0.0
0.0
0.0
0.0
0.0
0.0
0.0
1.0
54.0
89.0
160.0
205.0
211.0
122.0
62.0
2.0
0.0
0.0
0.0
0.0
0.0
0.0
0.0
0.0
0.0
0.0
0.0
0.0
0.0
0.0
0.0
0.0
47.0
104.0
157.0
178.0
188.0
146.0
87.0
7.0
0.0
0.0
0.0
0.0
0.0
0.0
0.0
0.0
0.0
0.0
0.0
0.0
0.0
0.0
0.0
1.0
29.0
65.0
90.0
104.0
99.0
74.0
42.0
3.0
0.0
0.0
0.0
0.0
0.0
0.0
0.0
0.0
0.0
0.0
0.0
0.0
0.0
0.0
0.0
1.0
7.0
15.0
20.0
23.0
22.0
17.0
10.0
3.0
0.0
0.0
0.0
0.0
0.0
0.0
0.0
0.0
0.0
0.0
0.0
0.0
0.0
0.0
0.0
1.0
20.0
38.0
63.0
71.0
59.0
55.0
33.0
3.0
0.0
0.0
0.0
0.0
0.0
0.0
0.0
0.0
0.0
0.0
0.0
0.0
0.0
0.0
0.0
1.0
45.0
117.0
142.0
142.0
226.0
203.0
143.0
25.0
0.0
0.0
0.0
0.0
0.0
0.0
0.0
0.0
0.0
0.0
0.0
0.0
0.0
0.0
0.0
1.0
58.0
115.0
163.0
218.0
220.0
172.0
121.0
20.0
0.0
0.0
0.0
0.0
0.0
0.0
0.0
0.0
0.0
0.0
0.0
0.0
0.0
0.0
0.0
2.0
89.0
186.0
261.0
286.0
256.0
195.0
116.0
17.0
0.0
0.0
0.0
0.0
0.0
0.0
0.0
0.0
0.0
0.0
0.0
0.0
0.0
0.0
0.0
1.0
17.0
24.0
23.0
50.0
247.0
186.0
106.0
14.0
0.0
0.0
0.0
0.0
0.0
0.0
0.0
0.0
0.0
0.0
0.0
0.0
0.0
0.0
0.0
1.0
64.0
100.0
159.0
224.0
230.0
215.0
152.0
51.0
0.0
0.0
0.0
0.0
0.0
0.0
0.0
0.0
0.0
0.0
0.0
0.0
0.0
0.0
0.0
12.0
75.0
147.0
281.0
239.0
190.0
40.0
13.0
4.0
0.0
0.0
0.0
0.0
0.0
0.0
0.0
0.0
0.0
0.0
0.0
0.0
0.0
0.0
0.0
4.0
87.0
167.0
215.0
266.0
230.0
226.0
124.0
41.0
0.0
0.0
0.0
0.0
0.0
0.0
0.0
0.0
0.0
0.0
0.0
0.0
0.0
0.0
0.0
1.0
32.0
16.0
180.0
199.0
127.0
164.0
119.0
44.0
0.0
0.0
0.0
0.0
0.0
0.0
0.0
0.0
0.0
0.0
0.0
0.0
0.0
0.0
0.0
2.0
80.0
157.0
204.0
228.0
240.0
216.0
126.0
39.0
0.0
0.0
0.0
0.0
0.0
0.0
0.0
0.0
0.0
0.0
0.0
0.0
0.0
0.0
0.0
2.0
33.0
60.0
87.0
77.0
59.0
53.0
40.0
14.0
0.0
0.0
0.0
0.0
0.0
0.0
0.0
0.0
0.0
0.0
0.0
0.0
0.0
0.0
0.0
5.0
48.0
120.0
166.0
89.0
110.0
97.0
101.0
36.0
0.0
0.0
0.0
0.0
0.0
0.0
0.0
0.0
0.0
0.0
0.0
0.0
0.0
0.0
0.0
3.0
12.0
23.0
25.0
50.0
262.0
229.0
168.0
60.0
0.0
0.0
0.0
0.0
0.0
0.0
0.0
0.0
0.0
0.0
0.0
0.0
0.0
0.0
0.0
2.0
72.0
157.0
212.0
302.0
317.0
291.0
187.0
80.0
2.0
0.0
0.0
0.0
0.0
0.0
0.0
0.0
0.0
0.0
0.0
0.0
0.0
0.0
0.0
6.0
70.0
120.0
158.0
206.0
173.0
153.0
101.0
41.0
0.0
0.0
0.0
0.0
0.0
0.0
0.0
0.0
0.0
0.0
0.0
0.0
0.0
0.0
0.0
8.0
81.0
155.0
189.0
235.0
238.0
188.0
127.0
51.0
1.0
0.0
0.0
0.0
0.0
0.0
0.0
0.0
0.0
0.0
0.0
0.0
0.0
0.0
0.0
10.0
103.0
185.0
223.0
303.0
302.0
265.0
188.0
94.0
3.0
0.0
0.0
0.0
0.0
0.0
0.0
0.0
0.0
0.0
0.0
0.0
0.0
0.0
0.0
18.0
147.0
259.0
340.0
365.0
348.0
292.0
200.0
89.0
1.0
0.0
0.0
0.0
0.0
0.0
0.0
0.0
0.0
0.0
0.0
0.0
0.0
0.0
0.0
16.0
116.0
203.0
286.0
281.0
83.0
196.0
215.0
54.0
3.0
0.0
0.0
0.0
0.0
0.0
0.0
0.0
0.0
0.0
0.0
0.0
0.0
0.0
0.0
7.0
46.0
68.0
84.0
89.0
84.0
89.0
59.0
21.0
1.0
0.0
0.0
0.0
0.0
0.0
0.0
0.0
0.0
0.0
0.0
0.0
0.0
0.0
0.0
5.0
42.0
77.0
83.0
79.0
89.0
81.0
56.0
31.0
2.0
0.0
0.0
0.0
0.0
0.0
0.0
0.0
0.0
0.0
0.0
0.0
0.0
0.0
0.0
14.0
35.0
64.0
74.0
79.0
97.0
79.0
59.0
28.0
1.0
0.0
0.0
0.0
0.0
0.0
0.0
0.0
0.0
0.0
0.0
0.0
0.0
0.0
0.0
14.0
44.0
65.0
85.0
111.0
106.0
106.0
73.0
31.0
1.0
0.0
0.0
0.0
0.0
0.0
0.0
0.0
0.0
0.0
0.0
0.0
0.0
0.0
0.0
8.0
23.0
39.0
51.0
56.0
54.0
43.0
30.0
16.0
2.0
0.0
0.0
0.0
0.0
0.0
0.0
0.0
0.0
0.0
0.0
0.0
0.0
0.0
0.0
42.0
127.0
191.0
251.0
282.0
267.0
222.0
147.0
72.0
2.0
0.0
0.0
0.0
0.0
0.0
0.0
0.0
0.0
0.0
0.0
0.0
0.0
0.0
0.0
53.0
122.0
216.0
285.0
264.0
248.0
222.0
176.0
88.0
2.0
0.0
0.0
0.0
0.0
0.0
0.0
0.0
0.0
0.0
0.0
0.0
0.0
0.0
0.0
45.0
197.0
312.0
337.0
377.0
385.0
270.0
180.0
116.0
14.0
0.0
0.0
0.0
0.0
0.0
0.0
0.0
0.0
0.0
0.0
0.0
0.0
0.0
0.0
63.0
160.0
250.0
316.0
338.0
333.0
282.0
212.0
114.0
9.0
0.0
0.0
0.0
0.0
0.0
0.0
0.0
0.0
0.0
0.0
0.0
0.0
0.0
0.0
25.0
63.0
115.0
138.0
137.0
127.0
109.0
77.0
38.0
3.0
0.0
0.0
0.0
0.0
0.0
0.0
0.0
0.0
0.0
0.0
0.0
0.0
0.0
0.0
7.0
20.0
33.0
42.0
48.0
44.0
38.0
27.0
15.0
3.0
0.0
0.0
0.0
0.0
0.0
0.0
0.0
0.0
0.0
0.0
0.0
0.0
0.0
4.0
90.0
220.0
254.0
276.0
261.0
345.0
166.0
177.0
75.0
9.0
0.0
0.0
0.0
0.0
0.0
0.0
0.0
0.0
0.0
0.0
0.0
0.0
0.0
1.0
44.0
108.0
184.0
222.0
250.0
219.0
198.0
133.0
76.0
11.0
0.0
0.0
0.0
0.0
0.0
0.0
0.0
0.0
0.0
0.0
0.0
0.0
0.0
1.0
65.0
160.0
245.0
314.0
347.0
340.0
300.0
225.0
121.0
15.0
0.0
0.0
0.0
0.0
0.0
0.0
0.0
0.0
0.0
0.0
0.0
0.0
0.0
3.0
57.0
77.0
68.0
85.0
181.0
298.0
253.0
140.0
49.0
8.0
0.0
0.0
0.0
0.0
0.0
0.0
0.0
0.0
0.0
0.0
0.0
0.0
0.0
2.0
84.0
237.0
320.0
416.0
428.0
400.0
322.0
245.0
144.0
22.0
0.0
0.0
0.0
0.0
0.0
0.0
0.0
0.0
0.0
0.0
0.0
0.0
0.0
1.0
63.0
187.0
191.0
235.0
171.0
233.0
212.0
216.0
153.0
54.0
0.0
0.0
0.0
0.0
0.0
0.0
0.0
0.0
0.0
0.0
0.0
0.0
0.0
1.0
56.0
114.0
240.0
315.0
493.0
407.0
320.0
268.0
163.0
52.0
0.0
0.0
0.0
0.0
0.0
0.0
0.0
0.0
0.0
0.0
0.0
0.0
0.0
1.0
39.0
86.0
128.0
150.0
164.0
154.0
137.0
101.0
61.0
22.0
0.0
0.0
0.0
0.0
0.0
0.0
0.0
0.0
0.0
0.0
0.0
0.0
0.0
2.0
46.0
79.0
92.0
153.0
231.0
315.0
202.0
177.0
146.0
73.0
0.0
0.0
0.0
0.0
0.0
0.0
0.0
0.0
0.0
0.0
0.0
0.0
0.0
2.0
42.0
85.0
124.0
164.0
192.0
202.0
160.0
124.0
86.0
30.0
0.0
0.0
0.0
0.0
0.0
0.0
0.0
0.0
0.0
0.0
0.0
0.0
0.0
2.0
23.0
44.0
71.0
91.0
94.0
101.0
87.0
60.0
37.0
15.0
0.0
0.0
0.0
0.0
0.0
0.0
0.0
0.0
0.0
0.0
0.0
0.0
0.0
2.0
57.0
112.0
195.0
298.0
292.0
273.0
249.0
136.0
101.0
34.0
1.0
0.0
0.0
0.0
0.0
0.0
0.0
0.0
0.0
0.0
0.0
0.0
0.0
3.0
20.0
35.0
54.0
68.0
75.0
79.0
63.0
47.0
29.0
12.0
0.0
0.0
0.0
0.0
0.0
0.0
0.0
0.0
0.0
0.0
0.0
0.0
0.0
3.0
28.0
49.0
75.0
97.0
98.0
101.0
90.0
66.0
45.0
14.0
0.0
0.0
0.0
0.0
0.0
0.0
0.0
0.0
0.0
0.0
0.0
0.0
0.0
3.0
52.0
138.0
210.0
189.0
149.0
422.0
404.0
344.0
251.0
99.0
4.0
0.0
0.0
0.0
0.0
0.0
0.0
0.0
0.0
0.0
0.0
0.0
0.0
5.0
53.0
53.0
75.0
119.0
128.0
383.0
358.0
294.0
171.0
64.0
1.0
0.0
0.0
0.0
0.0
0.0
0.0
0.0
0.0
0.0
0.0
0.0
0.0
4.0
14.0
27.0
41.0
42.0
47.0
354.0
313.0
240.0
155.0
65.0
1.0
0.0
0.0
0.0
0.0
0.0
0.0
0.0
0.0
0.0
0.0
0.0
0.0
4.0
49.0
121.0
129.0
214.0
198.0
184.0
185.0
167.0
103.0
54.0
2.0
0.0
0.0
0.0
0.0
0.0
0.0
0.0
0.0
0.0
0.0
0.0
0.0
11.0
36.0
57.0
73.0
97.0
100.0
94.0
84.0
57.0
43.0
19.0
1.0
0.0
0.0
0.0
0.0
0.0
0.0
0.0
0.0
0.0
0.0
0.0
0.0
29.0
87.0
166.0
217.0
280.0
290.0
285.0
229.0
186.0
117.0
45.0
1.0
0.0
0.0
0.0
0.0
0.0
0.0
0.0
0.0
0.0
0.0
0.0
0.0
41.0
130.0
216.0
327.0
370.0
395.0
377.0
331.0
266.0
185.0
75.0
1.0
0.0
0.0
0.0
0.0
0.0
0.0
0.0
0.0
0.0
0.0
0.0
0.0
55.0
154.0
262.0
367.0
430.0
437.0
399.0
340.0
272.0
164.0
77.0
1.0
0.0
0.0
0.0
0.0
0.0
0.0
0.0
0.0
0.0
0.0
0.0
0.0
67.0
188.0
331.0
454.0
536.0
555.0
502.0
417.0
328.0
215.0
95.0
3.0
0.0
0.0
0.0
0.0
0.0
0.0
0.0
0.0
0.0
0.0
0.0
0.0
7.0
18.0
31.0
41.0
48.0
51.0
386.0
343.0
265.0
181.0
83.0
3.0
0.0
0.0
0.0
0.0
0.0
0.0
0.0
0.0
0.0
0.0
0.0
0.0
13.0
48.0
53.0
100.0
84.0
97.0
434.0
403.0
316.0
207.0
83.0
2.0
0.0
0.0
0.0
0.0
0.0
0.0
0.0
0.0
0.0
0.0
0.0
0.0
21.0
19.0
383.0
549.0
599.0
285.0
146.0
110.0
327.0
287.0
149.0
23.0
0.0
0.0
0.0
0.0
0.0
0.0
0.0
0.0
0.0
0.0
0.0
1.0
56.0
148.0
246.0
342.0
368.0
401.0
401.0
343.0
280.0
179.0
91.0
5.0
0.0
0.0
0.0
0.0
0.0
0.0
0.0
0.0
0.0
0.0
0.0
1.0
8.0
39.0
130.0
280.0
501.0
491.0
488.0
418.0
260.0
234.0
82.0
3.0
0.0
0.0
0.0
0.0
0.0
0.0
0.0
0.0
0.0
0.0
0.0
1.0
40.0
100.0
164.0
211.0
261.0
265.0
261.0
237.0
181.0
119.0
63.0
4.0
0.0
0.0
0.0
0.0
0.0
0.0
0.0
0.0
0.0
0.0
0.0
2.0
100.0
241.0
374.0
497.0
567.0
611.0
585.0
520.0
419.0
280.0
137.0
10.0
0.0
0.0
0.0
0.0
0.0
0.0
0.0
0.0
0.0
0.0
0.0
3.0
113.0
264.0
407.0
527.0
607.0
643.0
615.0
550.0
448.0
309.0
156.0
14.0
0.0
0.0
0.0
0.0
0.0
0.0
0.0
0.0
0.0
0.0
0.0
1.0
56.0
142.0
222.0
274.0
317.0
333.0
309.0
278.0
223.0
165.0
81.0
8.0
0.0
0.0
0.0
0.0
0.0
0.0
0.0
0.0
0.0
0.0
0.0
1.0
14.0
30.0
50.0
61.0
66.0
75.0
66.0
64.0
50.0
34.0
17.0
3.0
0.0
0.0
0.0
0.0
0.0
0.0
0.0
0.0
0.0
0.0
0.0
6.0
98.0
203.0
292.0
360.0
399.0
395.0
380.0
316.0
198.0
143.0
71.0
4.0
0.0
0.0
0.0
0.0
0.0
0.0
0.0
0.0
0.0
0.0
0.0
7.0
128.0
268.0
412.0
529.0
596.0
624.0
607.0
545.0
444.0
307.0
154.0
16.0
0.0
0.0
0.0
0.0
0.0
0.0
0.0
0.0
0.0
0.0
0.0
4.0
76.0
192.0
278.0
381.0
422.0
445.0
372.0
340.0
308.0
169.0
77.0
4.0
0.0
0.0
0.0
0.0
0.0
0.0
0.0
0.0
0.0
0.0
0.0
8.0
129.0
258.0
407.0
504.0
583.0
623.0
602.0
543.0
437.0
312.0
168.0
23.0
0.0
0.0
0.0
0.0
0.0
0.0
0.0
0.0
0.0
0.0
0.0
11.0
138.0
291.0
417.0
520.0
590.0
632.0
622.0
558.0
440.0
317.0
167.0
24.0
0.0
0.0
0.0
0.0
0.0
0.0
0.0
0.0
0.0
0.0
0.0
4.0
58.0
197.0
134.0
225.0
249.0
462.0
461.0
357.0
324.0
132.0
85.0
5.0
0.0
0.0
0.0
0.0
0.0
0.0
0.0
0.0
0.0
0.0
0.0
3.0
56.0
127.0
40.0
118.0
56.0
352.0
692.0
461.0
570.0
288.0
229.0
70.0
0.0
0.0
0.0
0.0
0.0
0.0
0.0
0.0
0.0
0.0
0.0
4.0
25.0
51.0
75.0
97.0
106.0
105.0
111.0
95.0
78.0
58.0
32.0
10.0
0.0
0.0
0.0
0.0
0.0
0.0
0.0
0.0
0.0
0.0
0.0
4.0
27.0
56.0
79.0
109.0
130.0
132.0
126.0
115.0
90.0
64.0
38.0
13.0
0.0
0.0
0.0
0.0
0.0
0.0
0.0
0.0
0.0
0.0
0.0
4.0
15.0
26.0
38.0
47.0
53.0
56.0
56.0
49.0
41.0
33.0
18.0
6.0
0.0
0.0
0.0
0.0
0.0
0.0
0.0
0.0
0.0
0.0
0.0
51.0
182.0
330.0
465.0
571.0
643.0
652.0
631.0
579.0
476.0
335.0
189.0
64.0
0.0
0.0
0.0
0.0
0.0
0.0
0.0
0.0
0.0
0.0
0.0
18.0
66.0
126.0
182.0
181.0
154.0
180.0
208.0
128.0
107.0
72.0
42.0
15.0
0.0
0.0
0.0
0.0
0.0
0.0
0.0
0.0
0.0
0.0
0.0
29.0
72.0
101.0
128.0
250.0
254.0
312.0
310.0
353.0
268.0
203.0
200.0
91.0
2.0
0.0
0.0
0.0
0.0
0.0
0.0
0.0
0.0
0.0
0.0
53.0
170.0
293.0
409.0
506.0
567.0
576.0
552.0
514.0
405.0
290.0
174.0
63.0
0.0
0.0
0.0
0.0
0.0
0.0
0.0
0.0
0.0
0.0
1.0
35.0
170.0
164.0
154.0
113.0
186.0
335.0
420.0
230.0
106.0
86.0
96.0
15.0
0.0
0.0
0.0
0.0
0.0
0.0
0.0
0.0
0.0
0.0
0.0
6.0
60.0
95.0
102.0
223.0
265.0
123.0
337.0
220.0
260.0
289.0
190.0
102.0
5.0
0.0
0.0
0.0
0.0
0.0
0.0
0.0
0.0
0.0
0.0
19.0
45.0
75.0
104.0
153.0
156.0
150.0
144.0
123.0
110.0
64.0
43.0
15.0
1.0
0.0
0.0
0.0
0.0
0.0
0.0
0.0
0.0
0.0
0.0
14.0
23.0
31.0
81.0
171.0
234.0
300.0
331.0
381.0
295.0
239.0
137.0
53.0
2.0
0.0
0.0
0.0
0.0
0.0
0.0
0.0
0.0
0.0
1.0
49.0
140.0
205.0
315.0
371.0
355.0
396.0
387.0
374.0
265.0
209.0
109.0
40.0
1.0
0.0
0.0
0.0
0.0
0.0
0.0
0.0
0.0
0.0
1.0
77.0
103.0
90.0
151.0
233.0
305.0
434.0
608.0
716.0
620.0
444.0
232.0
114.0
11.0
0.0
0.0
0.0
0.0
0.0
0.0
0.0
0.0
0.0
2.0
67.0
163.0
270.0
366.0
424.0
464.0
475.0
499.0
423.0
378.0
266.0
169.0
63.0
1.0
0.0
0.0
0.0
0.0
0.0
0.0
0.0
0.0
0.0
2.0
102.0
252.0
413.0
556.0
672.0
746.0
771.0
749.0
677.0
565.0
424.0
262.0
110.0
3.0
0.0
0.0
0.0
0.0
0.0
0.0
0.0
0.0
0.0
2.0
98.0
237.0
393.0
522.0
638.0
708.0
724.0
694.0
637.0
524.0
395.0
245.0
103.0
3.0
0.0
0.0
0.0
0.0
0.0
0.0
0.0
0.0
0.0
3.0
111.0
262.0
419.0
557.0
667.0
727.0
751.0
730.0
661.0
550.0
412.0
254.0
107.0
3.0
0.0
0.0
0.0
0.0
0.0
0.0
0.0
0.0
0.0
4.0
104.0
241.0
387.0
520.0
630.0
701.0
728.0
715.0
646.0
549.0
408.0
257.0
115.0
5.0
0.0
0.0
0.0
0.0
0.0
0.0
0.0
0.0
0.0
5.0
101.0
240.0
375.0
500.0
610.0
670.0
664.0
647.0
597.0
500.0
386.0
247.0
113.0
6.0
0.0
0.0
0.0
0.0
0.0
0.0
0.0
0.0
0.0
2.0
39.0
85.0
137.0
177.0
219.0
247.0
253.0
257.0
228.0
188.0
142.0
81.0
37.0
2.0
0.0
0.0
0.0
0.0
0.0
0.0
0.0
0.0
0.0
10.0
121.0
267.0
461.0
537.0
498.0
561.0
591.0
536.0
550.0
411.0
328.0
201.0
89.0
4.0
0.0
0.0
0.0
0.0
0.0
0.0
0.0
0.0
0.0
8.0
136.0
292.0
454.0
595.0
706.0
778.0
804.0
781.0
711.0
601.0
458.0
299.0
141.0
9.0
0.0
0.0
0.0
0.0
0.0
0.0
0.0
0.0
0.0
9.0
128.0
273.0
423.0
557.0
663.0
733.0
758.0
739.0
683.0
582.0
450.0
298.0
144.0
13.0
0.0
0.0
0.0
0.0
0.0
0.0
0.0
0.0
0.0
10.0
128.0
269.0
410.0
538.0
623.0
689.0
714.0
680.0
629.0
525.0
400.0
251.0
121.0
9.0
0.0
0.0
0.0
0.0
0.0
0.0
0.0
0.0
0.0
6.0
55.0
117.0
167.0
232.0
282.0
310.0
309.0
324.0
296.0
264.0
194.0
112.0
56.0
3.0
0.0
0.0
0.0
0.0
0.0
0.0
0.0
0.0
0.0
3.0
35.0
74.0
110.0
150.0
169.0
190.0
189.0
188.0
160.0
139.0
103.0
63.0
31.0
3.0
0.0
0.0
0.0
0.0
0.0
0.0
0.0
0.0
0.0
3.0
21.0
42.0
62.0
84.0
100.0
96.0
105.0
103.0
103.0
86.0
65.0
38.0
20.0
3.0
0.0
0.0
0.0
0.0
0.0
0.0
0.0
0.0
0.0
16.0
142.0
284.0
432.0
569.0
664.0
717.0
753.0
728.0
655.0
552.0
431.0
284.0
142.0
16.0
0.0
0.0
0.0
0.0
0.0
0.0
0.0
0.0
0.0
12.0
88.0
146.0
238.0
297.0
355.0
403.0
370.0
324.0
300.0
273.0
212.0
121.0
51.0
3.0
0.0
0.0
0.0
0.0
0.0
0.0
0.0
0.0
0.0
20.0
186.0
361.0
513.0
690.0
780.0
546.0
478.0
512.0
558.0
381.0
270.0
158.0
77.0
3.0
0.0
0.0
0.0
0.0
0.0
0.0
0.0
0.0
0.0
13.0
87.0
167.0
215.0
330.0
355.0
406.0
374.0
406.0
425.0
311.0
207.0
112.0
52.0
4.0
0.0
0.0
0.0
0.0
0.0
0.0
0.0
0.0
0.0
30.0
110.0
224.0
353.0
437.0
476.0
434.0
547.0
560.0
435.0
318.0
241.0
121.0
71.0
4.0
0.0
0.0
0.0
0.0
0.0
0.0
0.0
0.0
0.0
22.0
52.0
28.0
110.0
339.0
489.0
455.0
560.0
539.0
562.0
440.0
274.0
203.0
108.0
36.0
0.0
0.0
0.0
0.0
0.0
0.0
0.0
0.0
0.0
24.0
77.0
98.0
155.0
189.0
259.0
318.0
358.0
436.0
305.0
227.0
176.0
86.0
18.0
4.0
0.0
0.0
0.0
0.0
0.0
0.0
0.0
0.0
0.0
13.0
29.0
72.0
117.0
157.0
174.0
177.0
181.0
150.0
163.0
166.0
116.0
89.0
50.0
12.0
0.0
0.0
0.0
0.0
0.0
0.0
0.0
0.0
0.0
55.0
170.0
306.0
443.0
562.0
666.0
742.0
770.0
747.0
668.0
569.0
450.0
311.0
174.0
56.0
0.0
0.0
0.0
0.0
0.0
0.0
0.0
0.0
0.0
22.0
56.0
160.0
206.0
280.0
310.0
433.0
504.0
620.0
559.0
468.0
428.0
378.0
203.0
64.0
0.0
0.0
0.0
0.0
0.0
0.0
0.0
0.0
0.0
6.0
92.0
189.0
253.0
267.0
209.0
213.0
335.0
305.0
295.0
271.0
107.0
94.0
84.0
25.0
0.0
0.0
0.0
0.0
0.0
0.0
0.0
0.0
1.0
64.0
225.0
351.0
265.0
673.0
347.0
424.0
386.0
531.0
566.0
318.0
246.0
234.0
101.0
12.0
0.0
0.0
0.0
0.0
0.0
0.0
0.0
0.0
0.0
20.0
21.0
45.0
138.0
288.0
266.0
312.0
497.0
735.0
582.0
633.0
576.0
249.0
100.0
8.0
0.0
0.0
0.0
0.0
0.0
0.0
0.0
0.0
1.0
82.0
221.0
380.0
586.0
700.0
841.0
449.0
531.0
445.0
398.0
270.0
226.0
171.0
90.0
46.0
1.0
0.0
0.0
0.0
0.0
0.0
0.0
0.0
1.0
76.0
221.0
389.0
558.0
679.0
777.0
484.0
513.0
455.0
387.0
351.0
295.0
193.0
108.0
36.0
0.0
0.0
0.0
0.0
0.0
0.0
0.0
0.0
1.0
67.0
179.0
314.0
455.0
575.0
675.0
732.0
762.0
747.0
688.0
587.0
457.0
318.0
173.0
60.0
0.0
0.0
0.0
0.0
0.0
0.0
0.0
0.0
1.0
42.0
122.0
207.0
311.0
383.0
441.0
459.0
465.0
451.0
372.0
327.0
281.0
201.0
109.0
44.0
0.0
0.0
0.0
0.0
0.0
0.0
0.0
0.0
1.0
16.0
25.0
71.0
176.0
237.0
276.0
292.0
326.0
265.0
255.0
178.0
94.0
42.0
62.0
19.0
0.0
0.0
0.0
0.0
0.0
0.0
0.0
0.0
2.0
47.0
50.0
133.0
300.0
340.0
363.0
502.0
436.0
340.0
385.0
547.0
425.0
380.0
248.0
93.0
4.0
0.0
0.0
0.0
0.0
0.0
0.0
0.0
2.0
89.0
225.0
379.0
526.0
661.0
767.0
827.0
842.0
819.0
757.0
654.0
517.0
368.0
214.0
80.0
1.0
0.0
0.0
0.0
0.0
0.0
0.0
0.0
2.0
85.0
212.0
361.0
495.0
608.0
710.0
752.0
762.0
729.0
671.0
572.0
448.0
312.0
179.0
71.0
1.0
0.0
0.0
0.0
0.0
0.0
0.0
0.0
2.0
44.0
109.0
185.0
268.0
340.0
378.0
423.0
403.0
380.0
372.0
300.0
250.0
178.0
100.0
36.0
1.0
0.0
0.0
0.0
0.0
0.0
0.0
0.0
1.0
26.0
193.0
212.0
265.0
59.0
459.0
589.0
570.0
145.0
697.0
762.0
596.0
152.0
19.0
8.0
1.0
0.0
0.0
0.0
0.0
0.0
0.0
0.0
2.0
55.0
126.0
222.0
319.0
399.0
460.0
529.0
512.0
517.0
440.0
402.0
319.0
236.0
129.0
48.0
1.0
0.0
0.0
0.0
0.0
0.0
0.0
0.0
2.0
55.0
138.0
201.0
262.0
343.0
377.0
411.0
413.0
405.0
418.0
363.0
319.0
201.0
121.0
47.0
1.0
0.0
0.0
0.0
0.0
0.0
0.0
0.0
6.0
31.0
85.0
253.0
343.0
349.0
383.0
430.0
553.0
410.0
404.0
437.0
365.0
333.0
156.0
109.0
10.0
0.0
0.0
0.0
0.0
0.0
0.0
0.0
1.0
50.0
134.0
238.0
298.0
364.0
459.0
497.0
491.0
484.0
439.0
380.0
313.0
200.0
121.0
50.0
1.0
0.0
0.0
0.0
0.0
0.0
0.0
0.0
1.0
49.0
140.0
219.0
273.0
292.0
397.0
468.0
432.0
401.0
320.0
279.0
363.0
313.0
202.0
110.0
9.0
0.0
0.0
0.0
0.0
0.0
0.0
0.0
6.0
52.0
39.0
81.0
47.0
121.0
306.0
383.0
546.0
441.0
472.0
416.0
394.0
287.0
200.0
105.0
17.0
0.0
0.0
0.0
0.0
0.0
0.0
0.0
5.0
66.0
210.0
428.0
545.0
770.0
889.0
908.0
476.0
265.0
132.0
186.0
46.0
71.0
20.0
12.0
1.0
0.0
0.0
0.0
0.0
0.0
0.0
0.0
2.0
54.0
119.0
186.0
261.0
313.0
386.0
361.0
350.0
388.0
326.0
272.0
248.0
174.0
109.0
42.0
1.0
0.0
0.0
0.0
0.0
0.0
0.0
0.0
4.0
78.0
188.0
329.0
465.0
553.0
571.0
688.0
706.0
677.0
663.0
529.0
455.0
332.0
182.0
84.0
1.0
0.0
0.0
0.0
0.0
0.0
0.0
0.0
6.0
92.0
210.0
341.0
489.0
606.0
708.0
762.0
799.0
760.0
708.0
602.0
473.0
322.0
199.0
92.0
6.0
0.0
0.0
0.0
0.0
0.0
0.0
0.0
2.0
36.0
79.0
128.0
192.0
240.0
281.0
302.0
285.0
276.0
254.0
219.0
174.0
129.0
80.0
34.0
2.0
0.0
0.0
0.0
0.0
0.0
0.0
0.0
6.0
77.0
168.0
268.0
369.0
464.0
547.0
581.0
577.0
576.0
498.0
372.0
285.0
198.0
121.0
47.0
2.0
0.0
0.0
0.0
0.0
0.0
0.0
0.0
7.0
92.0
213.0
341.0
455.0
575.0
653.0
745.0
781.0
741.0
728.0
628.0
505.0
365.0
229.0
100.0
7.0
0.0
0.0
0.0
0.0
0.0
0.0
0.0
7.0
98.0
216.0
308.0
465.0
526.0
452.0
557.0
656.0
745.0
720.0
635.0
542.0
375.0
205.0
88.0
11.0
0.0
0.0
0.0
0.0
0.0
0.0
0.0
3.0
25.0
74.0
104.0
130.0
279.0
199.0
202.0
293.0
341.0
265.0
169.0
168.0
197.0
128.0
77.0
6.0
0.0
0.0
0.0
0.0
0.0
0.0
0.0
3.0
42.0
102.0
171.0
228.0
303.0
349.0
345.0
341.0
360.0
311.0
265.0
209.0
146.0
90.0
40.0
2.0
0.0
0.0
0.0
0.0
0.0
0.0
0.0
2.0
41.0
79.0
137.0
185.0
271.0
308.0
341.0
321.0
353.0
383.0
317.0
280.0
186.0
94.0
51.0
6.0
0.0
0.0
0.0
0.0
0.0
0.0
0.0
2.0
10.0
22.0
34.0
59.0
58.0
66.0
264.0
301.0
451.0
550.0
549.0
418.0
333.0
231.0
142.0
20.0
0.0
0.0
0.0
0.0
0.0
0.0
0.0
10.0
114.0
249.0
401.0
549.0
685.0
791.0
850.0
875.0
849.0
790.0
689.0
558.0
413.0
261.0
122.0
12.0
0.0
0.0
0.0
0.0
0.0
0.0
0.0
5.0
47.0
113.0
119.0
198.0
211.0
374.0
489.0
565.0
619.0
535.0
452.0
423.0
388.0
228.0
132.0
29.0
0.0
0.0
0.0
0.0
0.0
0.0
0.0
2.0
23.0
48.0
72.0
108.0
137.0
180.0
185.0
217.0
174.0
162.0
126.0
105.0
79.0
54.0
30.0
4.0
0.0
0.0
0.0
0.0
0.0
0.0
0.0
2.0
18.0
40.0
61.0
85.0
118.0
127.0
135.0
148.0
144.0
130.0
117.0
85.0
66.0
46.0
24.0
3.0
0.0
0.0
0.0
0.0
0.0
0.0
0.0
3.0
26.0
68.0
145.0
151.0
203.0
230.0
209.0
264.0
203.0
169.0
207.0
176.0
101.0
74.0
35.0
4.0
0.0
0.0
0.0
0.0
0.0
0.0
0.0
8.0
93.0
188.0
273.0
411.0
484.0
539.0
609.0
649.0
629.0
587.0
491.0
404.0
266.0
162.0
75.0
3.0
0.0
0.0
0.0
0.0
0.0
0.0
0.0
9.0
104.0
213.0
343.0
459.0
579.0
679.0
733.0
758.0
738.0
686.0
612.0
527.0
402.0
266.0
137.0
21.0
0.0
0.0
0.0
0.0
0.0
0.0
0.0
2.0
26.0
55.0
88.0
120.0
149.0
173.0
189.0
192.0
193.0
178.0
155.0
124.0
91.0
57.0
26.0
3.0
0.0
0.0
0.0
0.0
0.0
0.0
0.0
2.0
15.0
31.0
54.0
80.0
108.0
135.0
157.0
165.0
167.0
154.0
125.0
108.0
79.0
56.0
25.0
3.0
0.0
0.0
0.0
0.0
0.0
0.0
0.0
11.0
109.0
268.0
451.0
597.0
715.0
822.0
638.0
552.0
477.0
434.0
409.0
326.0
252.0
157.0
74.0
6.0
0.0
0.0
0.0
0.0
0.0
0.0
0.0
6.0
93.0
198.0
363.0
482.0
588.0
686.0
721.0
746.0
729.0
630.0
469.0
367.0
276.0
172.0
72.0
3.0
0.0
0.0
0.0
0.0
0.0
0.0
0.0
19.0
124.0
237.0
434.0
442.0
272.0
314.0
347.0
416.0
414.0
292.0
338.0
351.0
292.0
190.0
64.0
6.0
0.0
0.0
0.0
0.0
0.0
0.0
0.0
8.0
97.0
224.0
365.0
519.0
640.0
725.0
799.0
793.0
769.0
726.0
626.0
509.0
371.0
238.0
118.0
14.0
0.0
0.0
0.0
0.0
0.0
0.0
0.0
8.0
98.0
221.0
364.0
490.0
601.0
701.0
770.0
785.0
788.0
725.0
620.0
508.0
384.0
257.0
129.0
16.0
0.0
0.0
0.0
0.0
0.0
0.0
0.0
4.0
82.0
175.0
311.0
448.0
530.0
641.0
719.0
800.0
737.0
696.0
603.0
523.0
393.0
256.0
132.0
18.0
0.0
0.0
0.0
0.0
0.0
0.0
0.0
2.0
18.0
41.0
71.0
100.0
123.0
133.0
151.0
143.0
148.0
143.0
122.0
105.0
73.0
50.0
26.0
3.0
0.0
0.0
0.0
0.0
0.0
0.0
0.0
7.0
54.0
68.0
154.0
303.0
388.0
695.0
974.0
901.0
558.0
296.0
60.0
49.0
36.0
23.0
11.0
3.0
0.0
0.0
0.0
0.0
0.0
0.0
0.0
6.0
45.0
67.0
120.0
165.0
194.0
175.0
283.0
252.0
228.0
292.0
211.0
143.0
104.0
111.0
49.0
5.0
0.0
0.0
0.0
0.0
0.0
0.0
0.0
3.0
35.0
82.0
130.0
179.0
215.0
244.0
262.0
248.0
244.0
230.0
186.0
154.0
114.0
72.0
32.0
3.0
0.0
0.0
0.0
0.0
0.0
0.0
0.0
8.0
108.0
244.0
394.0
541.0
671.0
776.0
847.0
874.0
860.0
795.0
703.0
580.0
432.0
276.0
137.0
17.0
0.0
0.0
0.0
0.0
0.0
0.0
0.0
8.0
109.0
243.0
396.0
544.0
674.0
778.0
845.0
863.0
848.0
784.0
686.0
557.0
410.0
258.0
122.0
12.0
0.0
0.0
0.0
0.0
0.0
0.0
0.0
2.0
32.0
76.0
114.0
154.0
204.0
237.0
255.0
274.0
271.0
254.0
209.0
179.0
145.0
94.0
48.0
6.0
0.0
0.0
0.0
0.0
0.0
0.0
0.0
2.0
18.0
38.0
62.0
80.0
107.0
126.0
146.0
141.0
154.0
141.0
130.0
104.0
76.0
50.0
22.0
3.0
0.0
0.0
0.0
0.0
0.0
0.0
0.0
3.0
47.0
75.0
82.0
122.0
144.0
207.0
184.0
274.0
213.0
247.0
287.0
238.0
164.0
119.0
68.0
6.0
0.0
0.0
0.0
0.0
0.0
0.0
0.0
2.0
31.0
78.0
138.0
200.0
279.0
307.0
289.0
303.0
287.0
246.0
204.0
189.0
145.0
103.0
47.0
6.0
0.0
0.0
0.0
0.0
0.0
0.0
0.0
2.0
67.0
159.0
278.0
364.0
454.0
537.0
565.0
588.0
566.0
520.0
448.0
364.0
277.0
169.0
66.0
3.0
0.0
0.0
0.0
0.0
0.0
0.0
0.0
1.0
17.0
57.0
149.0
362.0
311.0
254.0
462.0
677.0
461.0
950.0
718.0
506.0
494.0
201.0
61.0
12.0
0.0
0.0
0.0
0.0
0.0
0.0
0.0
1.0
22.0
46.0
75.0
99.0
116.0
142.0
146.0
157.0
168.0
135.0
126.0
98.0
74.0
47.0
20.0
3.0
0.0
0.0
0.0
0.0
0.0
0.0
0.0
1.0
17.0
21.0
57.0
174.0
322.0
330.0
294.0
500.0
621.0
641.0
353.0
327.0
332.0
244.0
148.0
29.0
0.0
0.0
0.0
0.0
0.0
0.0
0.0
4.0
94.0
219.0
365.0
504.0
631.0
729.0
802.0
832.0
821.0
764.0
665.0
547.0
403.0
257.0
122.0
12.0
0.0
0.0
0.0
0.0
0.0
0.0
0.0
4.0
87.0
211.0
351.0
498.0
630.0
735.0
803.0
828.0
804.0
741.0
647.0
527.0
392.0
245.0
114.0
10.0
0.0
0.0
0.0
0.0
0.0
0.0
0.0
1.0
13.0
34.0
56.0
80.0
97.0
99.0
109.0
118.0
112.0
111.0
95.0
73.0
50.0
34.0
16.0
2.0
0.0
0.0
0.0
0.0
0.0
0.0
0.0
1.0
21.0
45.0
72.0
95.0
110.0
132.0
149.0
140.0
148.0
145.0
127.0
108.0
69.0
44.0
22.0
2.0
0.0
0.0
0.0
0.0
0.0
0.0
0.0
1.0
19.0
42.0
75.0
98.0
120.0
137.0
142.0
151.0
166.0
164.0
134.0
110.0
82.0
51.0
22.0
2.0
0.0
0.0
0.0
0.0
0.0
0.0
0.0
1.0
71.0
187.0
312.0
403.0
450.0
491.0
531.0
565.0
674.0
643.0
609.0
500.0
359.0
207.0
81.0
7.0
0.0
0.0
0.0
0.0
0.0
0.0
0.0
3.0
88.0
222.0
382.0
541.0
680.0
789.0
863.0
898.0
880.0
819.0
718.0
587.0
433.0
273.0
125.0
10.0
0.0
0.0
0.0
0.0
0.0
0.0
0.0
2.0
74.0
192.0
331.0
473.0
602.0
699.0
771.0
789.0
774.0
715.0
624.0
509.0
385.0
238.0
102.0
7.0
0.0
0.0
0.0
0.0
0.0
0.0
0.0
2.0
71.0
179.0
299.0
414.0
517.0
613.0
687.0
742.0
692.0
628.0
563.0
466.0
337.0
209.0
100.0
7.0
0.0
0.0
0.0
0.0
0.0
0.0
0.0
1.0
29.0
75.0
137.0
179.0
216.0
275.0
299.0
329.0
315.0
295.0
263.0
237.0
181.0
114.0
50.0
4.0
0.0
0.0
0.0
0.0
0.0
0.0
0.0
1.0
21.0
61.0
90.0
117.0
139.0
156.0
174.0
233.0
271.0
191.0
132.0
128.0
111.0
88.0
35.0
3.0
0.0
0.0
0.0
0.0
0.0
0.0
0.0
1.0
31.0
88.0
166.0
197.0
243.0
301.0
330.0
335.0
332.0
290.0
280.0
190.0
140.0
80.0
37.0
2.0
0.0
0.0
0.0
0.0
0.0
0.0
0.0
0.0
33.0
101.0
178.0
256.0
338.0
382.0
403.0
412.0
413.0
371.0
341.0
257.0
185.0
136.0
56.0
3.0
0.0
0.0
0.0
0.0
0.0
0.0
0.0
0.0
33.0
94.0
159.0
230.0
300.0
321.0
359.0
378.0
404.0
385.0
305.0
225.0
172.0
111.0
45.0
1.0
0.0
0.0
0.0
0.0
0.0
0.0
0.0
0.0
42.0
185.0
375.0
476.0
553.0
621.0
213.0
436.0
414.0
378.0
467.0
428.0
386.0
269.0
114.0
13.0
0.0
0.0
0.0
0.0
0.0
0.0
0.0
0.0
41.0
122.0
234.0
293.0
320.0
173.0
130.0
209.0
291.0
261.0
200.0
90.0
34.0
20.0
13.0
2.0
0.0
0.0
0.0
0.0
0.0
0.0
0.0
0.0
32.0
98.0
182.0
253.0
326.0
348.0
405.0
412.0
400.0
394.0
364.0
275.0
209.0
106.0
45.0
1.0
0.0
0.0
0.0
0.0
0.0
0.0
0.0
0.0
28.0
84.0
151.0
222.0
289.0
348.0
373.0
412.0
362.0
302.0
254.0
214.0
143.0
74.0
26.0
1.0
0.0
0.0
0.0
0.0
0.0
0.0
0.0
0.0
23.0
47.0
77.0
167.0
194.0
192.0
196.0
256.0
328.0
288.0
178.0
134.0
146.0
95.0
44.0
2.0
0.0
0.0
0.0
0.0
0.0
0.0
0.0
0.0
56.0
171.0
316.0
462.0
592.0
694.0
763.0
788.0
773.0
718.0
624.0
500.0
357.0
210.0
83.0
2.0
0.0
0.0
0.0
0.0
0.0
0.0
0.0
0.0
61.0
194.0
352.0
526.0
679.0
793.0
387.0
411.0
382.0
343.0
303.0
239.0
191.0
98.0
36.0
1.0
0.0
0.0
0.0
0.0
0.0
0.0
0.0
0.0
19.0
85.0
104.0
254.0
350.0
326.0
369.0
111.0
213.0
330.0
197.0
146.0
87.0
18.0
7.0
1.0
0.0
0.0
0.0
0.0
0.0
0.0
0.0
0.0
19.0
33.0
206.0
415.0
333.0
373.0
455.0
284.0
138.0
72.0
157.0
186.0
109.0
76.0
20.0
4.0
0.0
0.0
0.0
0.0
0.0
0.0
0.0
0.0
16.0
46.0
96.0
141.0
178.0
212.0
227.0
229.0
147.0
165.0
135.0
86.0
102.0
58.0
23.0
1.0
0.0
0.0
0.0
0.0
0.0
0.0
0.0
0.0
42.0
146.0
279.0
414.0
534.0
619.0
676.0
709.0
692.0
630.0
549.0
435.0
308.0
176.0
63.0
0.0
0.0
0.0
0.0
0.0
0.0
0.0
0.0
0.0
32.0
101.0
209.0
309.0
372.0
446.0
501.0
541.0
548.0
496.0
423.0
329.0
228.0
108.0
40.0
0.0
0.0
0.0
0.0
0.0
0.0
0.0
0.0
0.0
24.0
166.0
272.0
361.0
475.0
569.0
571.0
603.0
516.0
441.0
311.0
171.0
107.0
47.0
8.0
0.0
0.0
0.0
0.0
0.0
0.0
0.0
0.0
0.0
25.0
164.0
340.0
428.0
509.0
332.0
444.0
505.0
364.0
368.0
226.0
234.0
166.0
88.0
41.0
0.0
0.0
0.0
0.0
0.0
0.0
0.0
0.0
0.0
8.0
12.0
67.0
150.0
234.0
322.0
307.0
303.0
319.0
297.0
213.0
142.0
59.0
16.0
18.0
0.0
0.0
0.0
0.0
0.0
0.0
0.0
0.0
0.0
4.0
54.0
94.0
227.0
278.0
175.0
228.0
415.0
290.0
346.0
222.0
41.0
28.0
16.0
5.0
0.0
0.0
0.0
0.0
0.0
0.0
0.0
0.0
0.0
13.0
109.0
134.0
210.0
269.0
442.0
715.0
598.0
373.0
263.0
347.0
338.0
256.0
206.0
50.0
0.0
0.0
0.0
0.0
0.0
0.0
0.0
0.0
0.0
25.0
164.0
247.0
372.0
493.0
397.0
380.0
566.0
443.0
262.0
332.0
78.0
30.0
15.0
5.0
0.0
0.0
0.0
0.0
0.0
0.0
0.0
0.0
0.0
10.0
117.0
248.0
386.0
502.0
626.0
674.0
699.0
692.0
643.0
544.0
429.0
304.0
160.0
50.0
0.0
0.0
0.0
0.0
0.0
0.0
0.0
0.0
0.0
10.0
112.0
240.0
358.0
461.0
570.0
691.0
708.0
666.0
636.0
581.0
446.0
321.0
175.0
52.0
0.0
0.0
0.0
0.0
0.0
0.0
0.0
0.0
0.0
2.0
10.0
78.0
109.0
271.0
228.0
365.0
434.0
244.0
392.0
280.0
221.0
163.0
94.0
28.0
0.0
0.0
0.0
0.0
0.0
0.0
0.0
0.0
0.0
2.0
36.0
76.0
170.0
200.0
319.0
290.0
204.0
249.0
246.0
331.0
255.0
219.0
181.0
40.0
0.0
0.0
0.0
0.0
0.0
0.0
0.0
0.0
0.0
8.0
123.0
264.0
417.0
557.0
662.0
731.0
762.0
749.0
689.0
584.0
459.0
312.0
162.0
21.0
0.0
0.0
0.0
0.0
0.0
0.0
0.0
0.0
0.0
2.0
36.0
79.0
128.0
170.0
216.0
227.0
228.0
218.0
198.0
162.0
134.0
96.0
47.0
5.0
0.0
0.0
0.0
0.0
0.0
0.0
0.0
0.0
0.0
2.0
14.0
33.0
54.0
70.0
86.0
91.0
92.0
91.0
84.0
69.0
52.0
33.0
15.0
3.0
0.0
0.0
0.0
0.0
0.0
0.0
0.0
0.0
0.0
1.0
25.0
55.0
82.0
109.0
126.0
139.0
141.0
141.0
165.0
138.0
91.0
55.0
25.0
3.0
0.0
0.0
0.0
0.0
0.0
0.0
0.0
0.0
0.0
5.0
118.0
268.0
427.0
568.0
684.0
760.0
788.0
770.0
707.0
602.0
464.0
305.0
148.0
13.0
0.0
0.0
0.0
0.0
0.0
0.0
0.0
0.0
0.0
3.0
37.0
195.0
109.0
167.0
265.0
250.0
248.0
137.0
246.0
262.0
293.0
244.0
142.0
31.0
0.0
0.0
0.0
0.0
0.0
0.0
0.0
0.0
0.0
1.0
55.0
122.0
184.0
247.0
365.0
353.0
471.0
373.0
293.0
227.0
180.0
95.0
54.0
2.0
0.0
0.0
0.0
0.0
0.0
0.0
0.0
0.0
0.0
3.0
102.0
240.0
393.0
524.0
644.0
705.0
735.0
704.0
624.0
523.0
392.0
242.0
111.0
5.0
0.0
0.0
0.0
0.0
0.0
0.0
0.0
0.0
0.0
1.0
59.0
190.0
259.0
384.0
491.0
571.0
683.0
657.0
539.0
479.0
396.0
232.0
90.0
3.0
0.0
0.0
0.0
0.0
0.0
0.0
0.0
0.0
0.0
1.0
35.0
79.0
135.0
170.0
190.0
218.0
226.0
231.0
205.0
197.0
151.0
96.0
38.0
1.0
0.0
0.0
0.0
0.0
0.0
0.0
0.0
0.0
0.0
1.0
64.0
178.0
324.0
443.0
590.0
605.0
615.0
551.0
497.0
393.0
281.0
198.0
93.0
4.0
0.0
0.0
0.0
0.0
0.0
0.0
0.0
0.0
0.0
1.0
39.0
103.0
165.0
223.0
280.0
308.0
315.0
316.0
267.0
228.0
146.0
92.0
34.0
1.0
0.0
0.0
0.0
0.0
0.0
0.0
0.0
0.0
0.0
1.0
63.0
160.0
272.0
365.0
438.0
474.0
504.0
488.0
472.0
384.0
307.0
188.0
72.0
1.0
0.0
0.0
0.0
0.0
0.0
0.0
0.0
0.0
0.0
0.0
96.0
238.0
187.0
89.0
51.0
56.0
394.0
425.0
651.0
592.0
329.0
217.0
83.0
3.0
0.0
0.0
0.0
0.0
0.0
0.0
0.0
0.0
0.0
0.0
7.0
65.0
53.0
127.0
164.0
230.0
357.0
388.0
362.0
260.0
174.0
114.0
66.0
3.0
0.0
0.0
0.0
0.0
0.0
0.0
0.0
0.0
0.0
1.0
76.0
208.0
352.0
483.0
592.0
663.0
686.0
667.0
613.0
509.0
386.0
234.0
93.0
2.0
0.0
0.0
0.0
0.0
0.0
0.0
0.0
0.0
0.0
0.0
15.0
49.0
68.0
109.0
180.0
162.0
240.0
285.0
231.0
140.0
83.0
59.0
26.0
1.0
0.0
0.0
0.0
0.0
0.0
0.0
0.0
0.0
0.0
0.0
79.0
223.0
381.0
521.0
637.0
705.0
734.0
712.0
643.0
533.0
389.0
234.0
87.0
1.0
0.0
0.0
0.0
0.0
0.0
0.0
0.0
0.0
0.0
0.0
74.0
217.0
376.0
522.0
636.0
706.0
729.0
704.0
636.0
524.0
383.0
224.0
81.0
0.0
0.0
0.0
0.0
0.0
0.0
0.0
0.0
0.0
0.0
0.0
65.0
193.0
337.0
468.0
572.0
639.0
662.0
642.0
577.0
475.0
345.0
201.0
71.0
0.0
0.0
0.0
0.0
0.0
0.0
0.0
0.0
0.0
0.0
0.0
59.0
179.0
295.0
392.0
501.0
575.0
567.0
527.0
558.0
393.0
275.0
140.0
42.0
0.0
0.0
0.0
0.0
0.0
0.0
0.0
0.0
0.0
0.0
0.0
11.0
82.0
126.0
99.0
149.0
342.0
291.0
366.0
379.0
363.0
315.0
223.0
73.0
2.0
0.0
0.0
0.0
0.0
0.0
0.0
0.0
0.0
0.0
0.0
60.0
152.0
399.0
375.0
480.0
541.0
516.0
59.0
53.0
43.0
61.0
18.0
8.0
0.0
0.0
0.0
0.0
0.0
0.0
0.0
0.0
0.0
0.0
0.0
22.0
16.0
59.0
96.0
116.0
198.0
249.0
298.0
333.0
324.0
243.0
138.0
55.0
0.0
0.0
0.0
0.0
0.0
0.0
0.0
0.0
0.0
0.0
0.0
5.0
16.0
29.0
40.0
49.0
54.0
56.0
55.0
49.0
40.0
29.0
15.0
5.0
0.0
0.0
0.0
0.0
0.0
0.0
0.0
0.0
0.0
0.0
0.0
7.0
28.0
43.0
60.0
75.0
90.0
90.0
90.0
78.0
63.0
48.0
27.0
4.0
0.0
0.0
0.0
0.0
0.0
0.0
0.0
0.0
0.0
0.0
0.0
4.0
22.0
42.0
57.0
71.0
80.0
83.0
79.0
73.0
58.0
41.0
21.0
4.0
0.0
0.0
0.0
0.0
0.0
0.0
0.0
0.0
0.0
0.0
0.0
6.0
37.0
64.0
84.0
108.0
106.0
125.0
136.0
116.0
103.0
75.0
47.0
6.0
0.0
0.0
0.0
0.0
0.0
0.0
0.0
0.0
0.0
0.0
0.0
22.0
21.0
29.0
51.0
140.0
384.0
278.0
416.0
311.0
144.0
195.0
181.0
34.0
0.0
0.0
0.0
0.0
0.0
0.0
0.0
0.0
0.0
0.0
0.0
19.0
142.0
289.0
370.0
497.0
571.0
620.0
555.0
490.0
383.0
266.0
136.0
16.0
0.0
0.0
0.0
0.0
0.0
0.0
0.0
0.0
0.0
0.0
0.0
4.0
87.0
187.0
317.0
397.0
440.0
412.0
442.0
404.0
319.0
224.0
104.0
9.0
0.0
0.0
0.0
0.0
0.0
0.0
0.0
0.0
0.0
0.0
0.0
8.0
78.0
183.0
238.0
276.0
311.0
327.0
302.0
281.0
213.0
125.0
49.0
3.0
0.0
0.0
0.0
0.0
0.0
0.0
0.0
0.0
0.0
0.0
0.0
11.0
182.0
295.0
445.0
316.0
472.0
253.0
192.0
99.0
313.0
316.0
167.0
30.0
0.0
0.0
0.0
0.0
0.0
0.0
0.0
0.0
0.0
0.0
0.0
9.0
106.0
198.0
254.0
348.0
373.0
410.0
362.0
277.0
211.0
141.0
60.0
2.0
0.0
0.0
0.0
0.0
0.0
0.0
0.0
0.0
0.0
0.0
0.0
7.0
88.0
160.0
243.0
311.0
364.0
365.0
315.0
293.0
226.0
137.0
58.0
2.0
0.0
0.0
0.0
0.0
0.0
0.0
0.0
0.0
0.0
0.0
0.0
2.0
35.0
73.0
107.0
138.0
158.0
157.0
151.0
131.0
102.0
70.0
33.0
1.0
0.0
0.0
0.0
0.0
0.0
0.0
0.0
0.0
0.0
0.0
0.0
25.0
135.0
263.0
177.0
313.0
716.0
609.0
240.0
48.0
38.0
141.0
79.0
4.0
0.0
0.0
0.0
0.0
0.0
0.0
0.0
0.0
0.0
0.0
0.0
3.0
73.0
137.0
205.0
263.0
292.0
331.0
308.0
251.0
198.0
120.0
47.0
1.0
0.0
0.0
0.0
0.0
0.0
0.0
0.0
0.0
0.0
0.0
0.0
4.0
72.0
142.0
213.0
254.0
333.0
330.0
309.0
278.0
237.0
148.0
57.0
1.0
0.0
0.0
0.0
0.0
0.0
0.0
0.0
0.0
0.0
0.0
0.0
2.0
21.0
42.0
58.0
89.0
98.0
79.0
468.0
418.0
322.0
203.0
85.0
1.0
0.0
0.0
0.0
0.0
0.0
0.0
0.0
0.0
0.0
0.0
0.0
3.0
87.0
196.0
296.0
374.0
406.0
426.0
381.0
312.0
249.0
159.0
60.0
1.0
0.0
0.0
0.0
0.0
0.0
0.0
0.0
0.0
0.0
0.0
0.0
4.0
82.0
168.0
253.0
335.0
385.0
372.0
355.0
312.0
254.0
159.0
59.0
1.0
0.0
0.0
0.0
0.0
0.0
0.0
0.0
0.0
0.0
0.0
0.0
4.0
123.0
270.0
411.0
523.0
594.0
615.0
586.0
511.0
393.0
246.0
97.0
1.0
0.0
0.0
0.0
0.0
0.0
0.0
0.0
0.0
0.0
0.0
0.0
3.0
107.0
243.0
382.0
485.0
562.0
575.0
545.0
473.0
361.0
224.0
86.0
1.0
0.0
0.0
0.0
0.0
0.0
0.0
0.0
0.0
0.0
0.0
0.0
1.0
26.0
68.0
81.0
93.0
123.0
165.0
157.0
136.0
94.0
56.0
20.0
0.0
0.0
0.0
0.0
0.0
0.0
0.0
0.0
0.0
0.0
0.0
0.0
1.0
39.0
108.0
192.0
225.0
150.0
181.0
120.0
124.0
118.0
45.0
6.0
0.0
0.0
0.0
0.0
0.0
0.0
0.0
0.0
0.0
0.0
0.0
0.0
1.0
50.0
178.0
258.0
220.0
340.0
518.0
506.0
363.0
322.0
209.0
55.0
0.0
0.0
0.0
0.0
0.0
0.0
0.0
0.0
0.0
0.0
0.0
0.0
1.0
27.0
60.0
103.0
145.0
173.0
160.0
178.0
119.0
80.0
42.0
15.0
0.0
0.0
0.0
0.0
0.0
0.0
0.0
0.0
0.0
0.0
0.0
0.0
1.0
24.0
62.0
101.0
141.0
132.0
113.0
121.0
111.0
80.0
49.0
13.0
0.0
0.0
0.0
0.0
0.0
0.0
0.0
0.0
0.0
0.0
0.0
0.0
1.0
11.0
22.0
33.0
45.0
45.0
47.0
396.0
334.0
248.0
146.0
43.0
0.0
0.0
0.0
0.0
0.0
0.0
0.0
0.0
0.0
0.0
0.0
0.0
0.0
66.0
202.0
320.0
415.0
489.0
475.0
419.0
383.0
277.0
170.0
26.0
0.0
0.0
0.0
0.0
0.0
0.0
0.0
0.0
0.0
0.0
0.0
0.0
0.0
43.0
123.0
197.0
251.0
281.0
327.0
284.0
245.0
143.0
74.0
4.0
0.0
0.0
0.0
0.0
0.0
0.0
0.0
0.0
0.0
0.0
0.0
0.0
0.0
7.0
19.0
30.0
39.0
45.0
46.0
391.0
383.0
284.0
194.0
35.0
0.0
0.0
0.0
0.0
0.0
0.0
0.0
0.0
0.0
0.0
0.0
0.0
0.0
54.0
143.0
244.0
289.0
280.0
324.0
308.0
240.0
191.0
102.0
4.0
0.0
0.0
0.0
0.0
0.0
0.0
0.0
0.0
0.0
0.0
0.0
0.0
0.0
51.0
112.0
213.0
243.0
321.0
412.0
519.0
479.0
300.0
147.0
10.0
0.0
0.0
0.0
0.0
0.0
0.0
0.0
0.0
0.0
0.0
0.0
0.0
0.0
75.0
202.0
322.0
405.0
434.0
453.0
404.0
353.0
266.0
151.0
16.0
0.0
0.0
0.0
0.0
0.0
0.0
0.0
0.0
0.0
0.0
0.0
0.0
0.0
16.0
48.0
79.0
106.0
117.0
123.0
114.0
97.0
68.0
35.0
2.0
0.0
0.0
0.0
0.0
0.0
0.0
0.0
0.0
0.0
0.0
0.0
0.0
0.0
18.0
57.0
89.0
117.0
135.0
139.0
127.0
107.0
76.0
37.0
2.0
0.0
0.0
0.0
0.0
0.0
0.0
0.0
0.0
0.0
0.0
0.0
0.0
0.0
9.0
31.0
51.0
76.0
86.0
83.0
73.0
66.0
47.0
23.0
2.0
0.0
0.0
0.0
0.0
0.0
0.0
0.0
0.0
0.0
0.0
0.0
0.0
0.0
7.0
24.0
42.0
55.0
68.0
68.0
61.0
53.0
34.0
18.0
2.0
0.0
0.0
0.0
0.0
0.0
0.0
0.0
0.0
0.0
0.0
0.0
0.0
0.0
53.0
177.0
305.0
407.0
467.0
482.0
450.0
374.0
258.0
124.0
5.0
0.0
0.0
0.0
0.0
0.0
0.0
0.0
0.0
0.0
0.0
0.0
0.0
0.0
4.0
87.0
206.0
267.0
257.0
306.0
377.0
341.0
247.0
117.0
11.0
0.0
0.0
0.0
0.0
0.0
0.0
0.0
0.0
0.0
0.0
0.0
0.0
0.0
14.0
116.0
226.0
378.0
409.0
327.0
321.0
279.0
201.0
118.0
10.0
0.0
0.0
0.0
0.0
0.0
0.0
0.0
0.0
0.0
0.0
0.0
0.0
0.0
4.0
19.0
34.0
34.0
37.0
38.0
287.0
240.0
163.0
70.0
1.0
0.0
0.0
0.0
0.0
0.0
0.0
0.0
0.0
0.0
0.0
0.0
0.0
0.0
14.0
130.0
232.0
323.0
368.0
371.0
333.0
266.0
173.0
72.0
1.0
0.0
0.0
0.0
0.0
0.0
0.0
0.0
0.0
0.0
0.0
0.0
0.0
0.0
15.0
152.0
283.0
389.0
449.0
465.0
427.0
339.0
222.0
97.0
2.0
0.0
0.0
0.0
0.0
0.0
0.0
0.0
0.0
0.0
0.0
0.0
0.0
0.0
3.0
33.0
60.0
81.0
100.0
115.0
107.0
86.0
55.0
25.0
1.0
0.0
0.0
0.0
0.0
0.0
0.0
0.0
0.0
0.0
0.0
0.0
0.0
0.0
12.0
144.0
272.0
375.0
434.0
445.0
407.0
319.0
204.0
82.0
0.0
0.0
0.0
0.0
0.0
0.0
0.0
0.0
0.0
0.0
0.0
0.0
0.0
0.0
2.0
53.0
120.0
139.0
162.0
147.0
152.0
112.0
84.0
31.0
1.0
0.0
0.0
0.0
0.0
0.0
0.0
0.0
0.0
0.0
0.0
0.0
0.0
0.0
2.0
62.0
176.0
240.0
209.0
244.0
223.0
231.0
167.0
51.0
2.0
0.0
0.0
0.0
0.0
0.0
0.0
0.0
0.0
0.0
0.0
0.0
0.0
0.0
2.0
39.0
79.0
108.0
122.0
127.0
113.0
95.0
58.0
23.0
0.0
0.0
0.0
0.0
0.0
0.0
0.0
0.0
0.0
0.0
0.0
0.0
0.0
0.0
2.0
26.0
48.0
67.0
87.0
88.0
75.0
65.0
38.0
12.0
0.0
0.0
0.0
0.0
0.0
0.0
0.0
0.0
0.0
0.0
0.0
0.0
0.0
0.0
2.0
20.0
43.0
59.0
67.0
65.0
57.0
41.0
28.0
11.0
0.0
0.0
0.0
0.0
0.0
0.0
0.0
0.0
0.0
0.0
0.0
0.0
0.0
0.0
2.0
53.0
51.0
64.0
51.0
33.0
272.0
184.0
131.0
27.0
0.0
0.0
0.0
0.0
0.0
0.0
0.0
0.0
0.0
0.0
0.0
0.0
0.0
0.0
1.0
72.0
111.0
167.0
239.0
291.0
261.0
188.0
148.0
62.0
0.0
0.0
0.0
0.0
0.0
0.0
0.0
0.0
0.0
0.0
0.0
0.0
0.0
0.0
4.0
98.0
201.0
272.0
312.0
351.0
302.0
243.0
157.0
52.0
0.0
0.0
0.0
0.0
0.0
0.0
0.0
0.0
0.0
0.0
0.0
0.0
0.0
0.0
4.0
98.0
209.0
303.0
348.0
361.0
335.0
254.0
157.0
26.0
0.0
0.0
0.0
0.0
0.0
0.0
0.0
0.0
0.0
0.0
0.0
0.0
0.0
0.0
3.0
40.0
68.0
211.0
389.0
268.0
153.0
55.0
15.0
4.0
0.0
0.0
0.0
0.0
0.0
0.0
0.0
0.0
0.0
0.0
0.0
0.0
0.0
0.0
1.0
38.0
87.0
120.0
149.0
147.0
142.0
110.0
71.0
12.0
0.0
0.0
0.0
0.0
0.0
0.0
0.0
0.0
0.0
0.0
0.0
0.0
0.0
0.0
3.0
49.0
132.0
164.0
205.0
122.0
175.0
168.0
89.0
39.0
0.0
0.0
0.0
0.0
0.0
0.0
0.0
0.0
0.0
0.0
0.0
0.0
0.0
0.0
1.0
10.0
21.0
32.0
37.0
42.0
34.0
25.0
16.0
3.0
0.0
0.0
0.0
0.0
0.0
0.0
0.0
0.0
0.0
0.0
0.0
0.0
0.0
0.0
0.0
7.0
13.0
41.0
45.0
60.0
271.0
184.0
128.0
23.0
0.0
0.0
0.0
0.0
0.0
0.0
0.0
0.0
0.0
0.0
0.0
0.0
0.0
0.0
0.0
37.0
101.0
159.0
195.0
215.0
177.0
149.0
84.0
11.0
0.0
0.0
0.0
0.0
0.0
0.0
0.0
0.0
0.0
0.0
0.0
0.0
0.0
0.0
0.0
12.0
22.0
40.0
40.0
29.0
255.0
200.0
103.0
10.0
0.0
0.0
0.0
0.0
0.0
0.0
0.0
0.0
0.0
0.0
0.0
0.0
0.0
0.0
0.0
26.0
66.0
113.0
162.0
171.0
151.0
104.0
51.0
2.0
0.0
0.0
0.0
0.0
0.0
0.0
0.0
0.0
0.0
0.0
0.0
0.0
0.0
0.0
0.0
63.0
161.0
251.0
301.0
299.0
258.0
181.0
90.0
2.0
0.0
0.0
0.0
0.0
0.0
0.0
0.0
0.0
0.0
0.0
0.0
0.0
0.0
0.0
0.0
31.0
81.0
122.0
144.0
152.0
133.0
98.0
50.0
2.0
0.0
0.0
0.0
0.0
0.0
0.0
0.0
0.0
0.0
0.0
0.0
0.0
0.0
0.0
0.0
30.0
67.0
105.0
128.0
125.0
121.0
89.0
40.0
2.0
0.0
0.0
0.0
0.0
0.0
0.0
0.0
0.0
0.0
0.0
0.0
0.0
0.0
0.0
0.0
39.0
97.0
155.0
189.0
195.0
160.0
109.0
45.0
2.0
0.0
0.0
0.0
0.0
0.0
0.0
0.0
0.0
0.0
0.0
0.0
0.0
0.0
0.0
0.0
25.0
76.0
115.0
134.0
140.0
114.0
81.0
37.0
2.0
0.0
0.0
0.0
0.0
0.0
0.0
0.0
0.0
0.0
0.0
0.0
0.0
0.0
0.0
0.0
36.0
104.0
160.0
186.0
178.0
169.0
134.0
65.0
1.0
0.0
0.0
0.0
0.0
0.0
0.0
0.0
0.0
0.0
0.0
0.0
0.0
0.0
0.0
0.0
25.0
75.0
131.0
174.0
149.0
148.0
109.0
46.0
1.0
0.0
0.0
0.0
0.0
0.0
0.0
0.0
0.0
0.0
0.0
0.0
0.0
0.0
0.0
0.0
14.0
92.0
148.0
182.0
213.0
167.0
134.0
61.0
1.0
0.0
0.0
0.0
0.0
0.0
0.0
0.0
0.0
0.0
0.0
0.0
0.0
0.0
0.0
0.0
23.0
135.0
229.0
234.0
221.0
200.0
139.0
69.0
1.0
0.0
0.0
0.0
0.0
0.0
0.0
0.0
0.0
0.0
0.0
0.0
0.0
0.0
0.0
0.0
15.0
126.0
185.0
218.0
208.0
215.0
178.0
86.0
2.0
0.0
0.0
0.0
0.0
0.0
0.0
0.0
0.0
0.0
0.0
0.0
0.0
0.0
0.0
0.0
12.0
96.0
173.0
208.0
225.0
191.0
117.0
49.0
1.0
0.0
0.0
0.0
0.0
0.0
0.0
0.0
0.0
0.0
0.0
0.0
0.0
0.0
0.0
0.0
6.0
48.0
85.0
104.0
112.0
98.0
67.0
32.0
1.0
0.0
0.0
0.0
0.0
0.0
0.0
0.0
0.0
0.0
0.0
0.0
0.0
0.0
0.0
0.0
2.0
41.0
81.0
95.0
89.0
85.0
58.0
32.0
1.0
0.0
0.0
0.0
0.0
0.0
0.0
0.0
0.0
0.0
0.0
0.0
0.0
0.0
0.0
0.0
7.0
68.0
136.0
155.0
160.0
145.0
98.0
46.0
1.0
0.0
0.0
0.0
0.0
0.0
0.0
0.0
0.0
0.0
0.0
0.0
0.0
0.0
0.0
0.0
9.0
77.0
124.0
153.0
161.0
135.0
85.0
41.0
1.0
0.0
0.0
0.0
0.0
0.0
0.0
0.0
0.0
0.0
0.0
0.0
0.0
0.0
0.0
0.0
2.0
12.0
21.0
27.0
28.0
25.0
18.0
8.0
0.0
0.0
0.0
0.0
0.0
0.0
0.0
0.0
0.0
0.0
0.0
0.0
0.0
0.0
0.0
0.0
3.0
33.0
55.0
60.0
64.0
60.0
44.0
20.0
0.0
0.0
0.0
0.0
0.0
0.0
0.0
0.0
0.0
0.0
0.0
0.0
0.0
0.0
0.0
0.0
7.0
91.0
164.0
213.0
223.0
191.0
132.0
59.0
0.0
0.0
0.0
0.0
0.0
0.0
0.0
0.0
0.0
0.0
0.0
0.0
0.0
0.0
0.0
0.0
12.0
51.0
82.0
67.0
152.0
214.0
171.0
75.0
4.0
0.0
0.0
0.0
0.0
0.0
0.0
0.0
0.0
0.0
0.0
0.0
0.0
0.0
0.0
0.0
1.0
52.0
196.0
195.0
166.0
89.0
13.0
6.0
0.0
0.0
0.0
0.0
0.0
0.0
0.0
0.0
0.0
0.0
0.0
0.0
0.0
0.0
0.0
0.0
1.0
27.0
47.0
55.0
52.0
36.0
26.0
12.0
0.0
0.0
0.0
0.0
0.0
0.0
0.0
0.0
0.0
0.0
0.0
0.0
0.0
0.0
0.0
0.0
8.0
92.0
149.0
205.0
29.0
24.0
64.0
45.0
1.0
0.0
0.0
0.0
0.0
0.0
0.0
0.0
0.0
0.0
0.0
0.0
0.0
0.0
0.0
0.0
1.0
38.0
83.0
108.0
117.0
110.0
71.0
32.0
0.0
0.0
0.0
0.0
0.0
0.0
0.0
0.0
0.0
0.0
0.0
0.0
0.0
0.0
0.0
0.0
2.0
68.0
143.0
213.0
191.0
217.0
140.0
55.0
1.0
0.0
0.0
0.0
0.0
0.0
0.0
0.0
0.0
0.0
0.0
0.0
0.0
0.0
0.0
0.0
1.0
65.0
107.0
147.0
192.0
153.0
86.0
37.0
0.0
0.0
0.0
0.0
0.0
0.0
0.0
0.0
0.0
0.0
0.0
0.0
0.0
0.0
0.0
0.0
1.0
23.0
45.0
62.0
62.0
53.0
31.0
16.0
0.0
0.0
0.0
0.0
0.0
0.0
0.0
0.0
0.0
0.0
0.0
0.0
0.0
0.0
0.0
0.0
1.0
78.0
159.0
89.0
67.0
15.0
140.0
58.0
2.0
0.0
0.0
0.0
0.0
0.0
0.0
0.0
0.0
0.0
0.0
0.0
0.0
0.0
0.0
0.0
1.0
11.0
15.0
19.0
34.0
196.0
135.0
53.0
0.0
0.0
0.0
0.0
0.0
0.0
0.0
0.0
0.0
0.0
0.0
0.0
0.0
0.0
0.0
0.0
1.0
7.0
21.0
60.0
20.0
127.0
103.0
46.0
0.0
0.0
0.0
0.0
0.0
0.0
0.0
0.0
0.0
0.0
0.0
0.0
0.0
0.0
0.0
0.0
1.0
37.0
43.0
90.0
72.0
85.0
63.0
24.0
0.0
0.0
0.0
0.0
0.0
0.0
0.0
0.0
0.0
0.0
0.0
0.0
0.0
0.0
0.0
0.0
0.0
14.0
33.0
41.0
47.0
40.0
25.0
9.0
0.0
0.0
0.0
0.0
0.0
0.0
0.0
0.0
0.0
0.0
0.0
0.0
0.0
0.0
0.0
0.0
0.0
13.0
33.0
40.0
43.0
43.0
29.0
11.0
0.0
0.0
0.0
0.0
0.0
0.0
0.0
0.0
0.0
0.0
0.0
0.0
0.0
0.0
0.0
0.0
0.0
18.0
49.0
64.0
67.0
44.0
24.0
8.0
0.0
0.0
0.0
0.0
0.0
0.0
0.0
0.0
0.0
0.0
0.0
0.0
0.0
0.0
0.0
0.0
0.0
10.0
23.0
35.0
35.0
29.0
19.0
9.0
0.0
0.0
0.0
0.0
0.0
0.0
0.0
0.0
0.0
0.0
0.0
0.0
0.0
0.0
0.0
0.0
0.0
5.0
12.0
17.0
39.0
169.0
102.0
42.0
0.0
0.0
0.0
0.0
0.0
0.0
0.0
0.0
0.0
0.0
0.0
0.0
0.0
0.0
0.0
0.0
0.0
17.0
32.0
46.0
55.0
51.0
36.0
15.0
0.0
0.0
0.0
0.0
0.0
0.0
0.0
0.0
0.0
0.0
0.0
0.0
0.0
0.0
0.0
0.0
0.0
16.0
52.0
143.0
123.0
53.0
94.0
43.0
0.0
0.0
0.0
0.0
0.0
0.0
0.0
0.0
0.0
0.0
0.0
0.0
0.0
0.0
0.0
0.0
0.0
16.0
45.0
26.0
53.0
125.0
80.0
35.0
0.0
0.0
0.0
0.0
0.0
0.0
0.0
0.0
0.0
0.0
0.0
0.0
0.0
0.0
0.0
0.0
1.0
45.0
130.0
155.0
154.0
112.0
58.0
28.0
0.0
0.0
0.0
0.0
0.0
0.0
0.0
0.0
0.0
0.0
0.0
0.0
0.0
0.0
0.0
0.0
1.0
28.0
125.0
113.0
71.0
58.0
60.0
23.0
0.0
0.0
0.0
0.0
0.0
0.0
0.0
0.0
0.0
0.0
0.0
0.0
0.0
0.0
0.0
0.0
0.0
12.0
31.0
44.0
45.0
39.0
30.0
11.0
0.0
0.0
0.0
0.0
0.0
0.0
0.0
0.0
0.0
0.0
0.0
0.0
0.0
0.0
0.0
0.0
0.0
7.0
16.0
24.0
30.0
26.0
18.0
7.0
0.0
0.0
0.0
0.0
0.0
0.0
0.0
0.0
0.0
0.0
0.0
0.0
0.0
0.0
0.0
0.0
0.0
41.0
27.0
49.0
128.0
146.0
134.0
55.0
1.0
0.0
0.0
0.0
0.0
0.0
0.0
0.0
0.0
0.0
0.0
0.0
0.0
0.0
0.0
0.0
0.0
12.0
32.0
81.0
127.0
120.0
102.0
9.0
0.0
0.0
0.0
0.0
0.0
0.0
0.0
0.0
0.0
0.0
0.0
0.0
0.0
0.0
0.0
0.0
0.0
34.0
97.0
122.0
121.0
130.0
105.0
56.0
0.0
0.0
0.0
0.0
0.0
0.0
0.0
0.0
0.0
0.0
0.0
0.0
0.0
0.0
0.0
0.0
0.0
17.0
25.0
91.0
178.0
194.0
134.0
55.0
2.0
0.0
0.0
0.0
0.0
0.0
0.0
0.0
0.0
0.0
0.0
0.0
0.0
0.0
0.0
0.0
0.0
45.0
105.0
181.0
202.0
188.0
124.0
44.0
0.0
0.0
0.0
0.0
0.0
0.0
0.0
0.0
0.0
0.0
0.0
0.0
0.0
0.0
0.0
0.0
0.0
43.0
107.0
158.0
181.0
157.0
117.0
55.0
0.0
0.0
0.0
0.0
0.0
0.0
0.0
0.0
0.0
0.0
0.0
0.0
0.0
0.0
0.0
0.0
0.0
52.0
129.0
112.0
198.0
135.0
117.0
23.0
0.0
0.0
0.0
0.0
0.0
0.0
0.0
0.0
0.0
0.0
0.0
0.0
0.0
0.0
0.0
0.0
0.0
54.0
93.0
129.0
120.0
100.0
64.0
36.0
0.0
0.0
0.0
0.0
0.0
0.0
0.0
0.0
0.0
0.0
0.0
0.0
0.0
0.0
0.0
0.0
0.0
4.0
64.0
84.0
90.0
75.0
81.0
41.0
0.0
0.0
0.0
0.0
0.0
0.0
0.0
0.0
0.0
0.0
0.0
0.0
0.0
0.0
0.0
0.0
0.0
36.0
93.0
150.0
161.0
155.0
123.0
52.0
1.0
0.0
0.0
0.0
0.0
0.0
0.0
0.0
0.0
0.0
0.0
0.0
0.0
0.0
0.0
0.0
0.0
40.0
96.0
143.0
163.0
151.0
108.0
47.0
0.0
0.0
0.0
0.0
0.0
0.0
0.0
0.0
0.0
0.0
0.0
0.0
0.0
0.0
0.0
0.0
0.0
52.0
91.0
118.0
136.0
123.0
85.0
31.0
0.0
0.0
0.0
0.0
0.0
0.0
0.0
0.0
