0.0
0.0
0.0
0.0
0.0
0.0
0.0
0.0
0.0
77.0
187.0
252.0
270.0
238.0
158.0
37.0
0.0
0.0
0.0
0.0
0.0
0.0
0.0
0.0
0.0
0.0
0.0
0.0
0.0
0.0
0.0
0.0
0.0
78.0
188.0
254.0
272.0
240.0
161.0
40.0
0.0
0.0
0.0
0.0
0.0
0.0
0.0
0.0
0.0
0.0
0.0
0.0
0.0
0.0
0.0
0.0
0.0
79.0
189.0
256.0
274.0
243.0
164.0
42.0
0.0
0.0
0.0
0.0
0.0
0.0
0.0
0.0
0.0
0.0
0.0
0.0
0.0
0.0
0.0
0.0
0.0
80.0
191.0
258.0
276.0
245.0
167.0
44.0
0.0
0.0
0.0
0.0
0.0
0.0
0.0
0.0
0.0
0.0
0.0
0.0
0.0
0.0
0.0
0.0
0.0
81.0
193.0
260.0
279.0
248.0
170.0
47.0
0.0
0.0
0.0
0.0
0.0
0.0
0.0
0.0
0.0
0.0
0.0
0.0
0.0
0.0
0.0
0.0
0.0
83.0
195.0
262.0
282.0
251.0
173.0
50.0
0.0
0.0
0.0
0.0
0.0
0.0
0.0
0.0
0.0
0.0
0.0
0.0
0.0
0.0
0.0
0.0
1.0
85.0
197.0
265.0
285.0
255.0
177.0
53.0
0.0
0.0
0.0
0.0
0.0
0.0
0.0
0.0
0.0
0.0
0.0
0.0
0.0
0.0
0.0
0.0
1.0
87.0
199.0
268.0
288.0
258.0
180.0
56.0
0.0
0.0
0.0
0.0
0.0
0.0
0.0
0.0
0.0
0.0
0.0
0.0
0.0
0.0
0.0
0.0
1.0
89.0
202.0
270.0
291.0
261.0
184.0
60.0
0.0
0.0
0.0
0.0
0.0
0.0
0.0
0.0
0.0
0.0
0.0
0.0
0.0
0.0
0.0
0.0
1.0
91.0
204.0
274.0
294.0
265.0
188.0
64.0
0.0
0.0
0.0
0.0
0.0
0.0
0.0
0.0
0.0
0.0
0.0
0.0
0.0
0.0
0.0
0.0
2.0
93.0
207.0
277.0
298.0
269.0
192.0
68.0
0.0
0.0
0.0
0.0
0.0
0.0
0.0
0.0
0.0
0.0
0.0
0.0
0.0
0.0
0.0
0.0
2.0
96.0
210.0
280.0
302.0
273.0
196.0
77.0
0.0
0.0
0.0
0.0
0.0
0.0
0.0
0.0
0.0
0.0
0.0
0.0
0.0
0.0
0.0
0.0
2.0
99.0
213.0
284.0
306.0
277.0
201.0
81.0
0.0
0.0
0.0
0.0
0.0
0.0
0.0
0.0
0.0
0.0
0.0
0.0
0.0
0.0
0.0
0.0
3.0
102.0
217.0
287.0
310.0
282.0
205.0
86.0
0.0
0.0
0.0
0.0
0.0
0.0
0.0
0.0
0.0
0.0
0.0
0.0
0.0
0.0
0.0
0.0
3.0
105.0
220.0
291.0
314.0
286.0
210.0
91.0
1.0
0.0
0.0
0.0
0.0
0.0
0.0
0.0
0.0
0.0
0.0
0.0
0.0
0.0
0.0
0.0
4.0
108.0
224.0
295.0
318.0
291.0
215.0
96.0
1.0
0.0
0.0
0.0
0.0
0.0
0.0
0.0
0.0
0.0
0.0
0.0
0.0
0.0
0.0
0.0
5.0
112.0
228.0
299.0
323.0
295.0
220.0
101.0
2.0
0.0
0.0
0.0
0.0
0.0
0.0
0.0
0.0
0.0
0.0
0.0
0.0
0.0
0.0
0.0
6.0
115.0
232.0
304.0
327.0
300.0
225.0
106.0
3.0
0.0
0.0
0.0
0.0
0.0
0.0
0.0
0.0
0.0
0.0
0.0
0.0
0.0
0.0
0.0
7.0
119.0
236.0
308.0
332.0
305.0
230.0
111.0
4.0
0.0
0.0
0.0
0.0
0.0
0.0
0.0
0.0
0.0
0.0
0.0
0.0
0.0
0.0
0.0
8.0
123.0
240.0
313.0
337.0
311.0
235.0
117.0
6.0
0.0
0.0
0.0
0.0
0.0
0.0
0.0
0.0
0.0
0.0
0.0
0.0
0.0
0.0
0.0
9.0
127.0
245.0
318.0
342.0
316.0
241.0
122.0
7.0
0.0
0.0
0.0
0.0
0.0
0.0
0.0
0.0
0.0
0.0
0.0
0.0
0.0
0.0
0.0
10.0
132.0
249.0
323.0
347.0
321.0
246.0
128.0
9.0
0.0
0.0
0.0
0.0
0.0
0.0
0.0
0.0
0.0
0.0
0.0
0.0
0.0
0.0
0.0
12.0
136.0
254.0
328.0
353.0
327.0
252.0
133.0
11.0
0.0
0.0
0.0
0.0
0.0
0.0
0.0
0.0
0.0
0.0
0.0
0.0
0.0
0.0
0.0
13.0
141.0
259.0
333.0
358.0
333.0
258.0
139.0
13.0
0.0
0.0
0.0
0.0
0.0
0.0
0.0
0.0
0.0
0.0
0.0
0.0
0.0
0.0
0.0
15.0
145.0
264.0
338.0
364.0
338.0
264.0
145.0
15.0
0.0
0.0
0.0
0.0
0.0
0.0
0.0
0.0
0.0
0.0
0.0
0.0
0.0
0.0
0.0
17.0
150.0
269.0
344.0
370.0
344.0
270.0
151.0
18.0
0.0
0.0
0.0
0.0
0.0
0.0
0.0
0.0
0.0
0.0
0.0
0.0
0.0
0.0
0.0
20.0
155.0
275.0
350.0
376.0
350.0
276.0
157.0
21.0
0.0
0.0
0.0
0.0
0.0
0.0
0.0
0.0
0.0
0.0
0.0
0.0
0.0
0.0
0.0
22.0
161.0
280.0
355.0
382.0
357.0
282.0
164.0
24.0
0.0
0.0
0.0
0.0
0.0
0.0
0.0
0.0
0.0
0.0
0.0
0.0
0.0
0.0
0.0
25.0
166.0
286.0
361.0
388.0
363.0
289.0
170.0
28.0
0.0
0.0
0.0
0.0
0.0
0.0
0.0
0.0
0.0
0.0
0.0
0.0
0.0
0.0
0.0
28.0
171.0
291.0
367.0
394.0
369.0
295.0
176.0
31.0
0.0
0.0
0.0
0.0
0.0
0.0
0.0
0.0
0.0
0.0
0.0
0.0
0.0
0.0
0.0
31.0
177.0
297.0
373.0
400.0
376.0
302.0
183.0
35.0
0.0
0.0
0.0
0.0
0.0
0.0
0.0
0.0
0.0
0.0
0.0
0.0
0.0
0.0
0.0
34.0
183.0
303.0
380.0
407.0
382.0
308.0
190.0
40.0
0.0
0.0
0.0
0.0
0.0
0.0
0.0
0.0
0.0
0.0
0.0
0.0
0.0
0.0
0.0
38.0
189.0
310.0
386.0
413.0
389.0
315.0
196.0
44.0
0.0
0.0
0.0
0.0
0.0
0.0
0.0
0.0
0.0
0.0
0.0
0.0
0.0
0.0
0.0
42.0
195.0
316.0
393.0
420.0
396.0
322.0
203.0
49.0
0.0
0.0
0.0
0.0
0.0
0.0
0.0
0.0
0.0
0.0
0.0
0.0
0.0
0.0
0.0
46.0
201.0
322.0
399.0
427.0
403.0
329.0
210.0
54.0
0.0
0.0
0.0
0.0
0.0
0.0
0.0
0.0
0.0
0.0
0.0
0.0
0.0
0.0
0.0
51.0
207.0
329.0
406.0
433.0
409.0
336.0
217.0
60.0
0.0
0.0
0.0
0.0
0.0
0.0
0.0
0.0
0.0
0.0
0.0
0.0
0.0
0.0
0.0
56.0
213.0
335.0
413.0
440.0
416.0
343.0
224.0
66.0
0.0
0.0
0.0
0.0
0.0
0.0
0.0
0.0
0.0
0.0
0.0
0.0
0.0
0.0
0.0
61.0
220.0
342.0
420.0
447.0
424.0
350.0
231.0
72.0
0.0
0.0
0.0
0.0
0.0
0.0
0.0
0.0
0.0
0.0
0.0
0.0
0.0
0.0
0.0
66.0
227.0
349.0
427.0
455.0
431.0
357.0
238.0
78.0
0.0
0.0
0.0
0.0
0.0
0.0
0.0
0.0
0.0
0.0
0.0
0.0
0.0
0.0
0.0
72.0
233.0
356.0
434.0
462.0
438.0
364.0
245.0
85.0
0.0
0.0
0.0
0.0
0.0
0.0
0.0
0.0
0.0
0.0
0.0
0.0
0.0
0.0
0.0
78.0
240.0
363.0
441.0
469.0
445.0
371.0
252.0
96.0
0.0
0.0
0.0
0.0
0.0
0.0
0.0
0.0
0.0
0.0
0.0
0.0
0.0
0.0
0.0
85.0
247.0
370.0
448.0
476.0
453.0
378.0
259.0
103.0
0.0
0.0
0.0
0.0
0.0
0.0
0.0
0.0
0.0
0.0
0.0
0.0
0.0
0.0
0.0
95.0
254.0
377.0
455.0
484.0
460.0
386.0
266.0
110.0
1.0
0.0
0.0
0.0
0.0
0.0
0.0
0.0
0.0
0.0
0.0
0.0
0.0
0.0
0.0
102.0
261.0
385.0
463.0
491.0
467.0
393.0
274.0
117.0
2.0
0.0
0.0
0.0
0.0
0.0
0.0
0.0
0.0
0.0
0.0
0.0
0.0
0.0
1.0
109.0
269.0
392.0
470.0
499.0
475.0
401.0
281.0
124.0
3.0
0.0
0.0
0.0
0.0
0.0
0.0
0.0
0.0
0.0
0.0
0.0
0.0
0.0
2.0
116.0
276.0
399.0
478.0
506.0
482.0
408.0
288.0
131.0
5.0
0.0
0.0
0.0
0.0
0.0
0.0
0.0
0.0
0.0
0.0
0.0
0.0
0.0
3.0
123.0
283.0
407.0
486.0
514.0
490.0
416.0
296.0
138.0
6.0
0.0
0.0
0.0
0.0
0.0
0.0
0.0
0.0
0.0
0.0
0.0
0.0
0.0
4.0
131.0
291.0
415.0
493.0
522.0
498.0
423.0
303.0
146.0
8.0
0.0
0.0
0.0
0.0
0.0
0.0
0.0
0.0
0.0
0.0
0.0
0.0
0.0
6.0
138.0
299.0
422.0
501.0
529.0
505.0
431.0
311.0
153.0
10.0
0.0
0.0
0.0
0.0
0.0
0.0
0.0
0.0
0.0
0.0
0.0
0.0
0.0
8.0
146.0
306.0
430.0
509.0
537.0
513.0
438.0
318.0
160.0
13.0
0.0
0.0
0.0
0.0
0.0
0.0
0.0
0.0
0.0
0.0
0.0
0.0
0.0
10.0
154.0
314.0
438.0
517.0
545.0
521.0
446.0
325.0
168.0
16.0
0.0
0.0
0.0
0.0
0.0
0.0
0.0
0.0
0.0
0.0
0.0
0.0
0.0
13.0
161.0
322.0
446.0
524.0
553.0
529.0
454.0
333.0
175.0
19.0
0.0
0.0
0.0
0.0
0.0
0.0
0.0
0.0
0.0
0.0
0.0
0.0
0.0
16.0
169.0
330.0
454.0
532.0
561.0
536.0
461.0
340.0
182.0
22.0
0.0
0.0
0.0
0.0
0.0
0.0
0.0
0.0
0.0
0.0
0.0
0.0
0.0
19.0
177.0
338.0
462.0
540.0
568.0
544.0
469.0
348.0
190.0
26.0
0.0
0.0
0.0
0.0
0.0
0.0
0.0
0.0
0.0
0.0
0.0
0.0
0.0
23.0
185.0
346.0
470.0
548.0
576.0
552.0
477.0
355.0
197.0
29.0
0.0
0.0
0.0
0.0
0.0
0.0
0.0
0.0
0.0
0.0
0.0
0.0
0.0
27.0
193.0
354.0
478.0
556.0
584.0
560.0
484.0
363.0
204.0
34.0
0.0
0.0
0.0
0.0
0.0
0.0
0.0
0.0
0.0
0.0
0.0
0.0
0.0
31.0
201.0
362.0
486.0
564.0
592.0
568.0
492.0
370.0
212.0
38.0
0.0
0.0
0.0
0.0
0.0
0.0
0.0
0.0
0.0
0.0
0.0
0.0
0.0
36.0
209.0
370.0
494.0
573.0
600.0
575.0
500.0
378.0
219.0
43.0
0.0
0.0
0.0
0.0
0.0
0.0
0.0
0.0
0.0
0.0
0.0
0.0
0.0
41.0
218.0
378.0
502.0
581.0
608.0
583.0
507.0
385.0
226.0
47.0
0.0
0.0
0.0
0.0
0.0
0.0
0.0
0.0
0.0
0.0
0.0
0.0
0.0
47.0
226.0
387.0
510.0
589.0
616.0
591.0
515.0
393.0
234.0
53.0
0.0
0.0
0.0
0.0
0.0
0.0
0.0
0.0
0.0
0.0
0.0
0.0
0.0
52.0
234.0
395.0
519.0
597.0
624.0
599.0
523.0
400.0
241.0
58.0
0.0
0.0
0.0
0.0
0.0
0.0
0.0
0.0
0.0
0.0
0.0
0.0
0.0
59.0
243.0
403.0
527.0
605.0
632.0
607.0
530.0
408.0
248.0
64.0
0.0
0.0
0.0
0.0
0.0
0.0
0.0
0.0
0.0
0.0
0.0
0.0
0.0
66.0
251.0
412.0
535.0
613.0
640.0
615.0
538.0
415.0
255.0
70.0
0.0
0.0
0.0
0.0
0.0
0.0
0.0
0.0
0.0
0.0
0.0
0.0
0.0
73.0
259.0
420.0
543.0
621.0
648.0
622.0
545.0
423.0
263.0
76.0
0.0
0.0
0.0
0.0
0.0
0.0
0.0
0.0
0.0
0.0
0.0
0.0
0.0
80.0
268.0
428.0
552.0
629.0
656.0
630.0
553.0
430.0
270.0
82.0
0.0
0.0
0.0
0.0
0.0
0.0
0.0
0.0
0.0
0.0
0.0
0.0
0.0
88.0
276.0
437.0
560.0
638.0
664.0
638.0
561.0
438.0
277.0
89.0
0.0
0.0
0.0
0.0
0.0
0.0
0.0
0.0
0.0
0.0
0.0
0.0
0.0
96.0
285.0
445.0
568.0
646.0
672.0
646.0
568.0
445.0
284.0
96.0
0.0
0.0
0.0
0.0
0.0
0.0
0.0
0.0
0.0
0.0
0.0
0.0
0.0
107.0
294.0
454.0
577.0
654.0
680.0
653.0
576.0
452.0
292.0
105.0
0.0
0.0
0.0
0.0
0.0
0.0
0.0
0.0
0.0
0.0
0.0
0.0
1.0
115.0
302.0
462.0
585.0
662.0
688.0
661.0
583.0
460.0
299.0
112.0
0.0
0.0
0.0
0.0
0.0
0.0
0.0
0.0
0.0
0.0
0.0
0.0
2.0
124.0
311.0
471.0
593.0
670.0
696.0
669.0
590.0
467.0
306.0
119.0
1.0
0.0
0.0
0.0
0.0
0.0
0.0
0.0
0.0
0.0
0.0
0.0
3.0
133.0
319.0
479.0
602.0
678.0
704.0
676.0
598.0
474.0
313.0
126.0
2.0
0.0
0.0
0.0
0.0
0.0
0.0
0.0
0.0
0.0
0.0
0.0
4.0
142.0
328.0
488.0
610.0
686.0
711.0
684.0
605.0
481.0
320.0
133.0
3.0
0.0
0.0
0.0
0.0
0.0
0.0
0.0
0.0
0.0
0.0
0.0
6.0
150.0
337.0
496.0
618.0
694.0
719.0
691.0
613.0
488.0
327.0
140.0
4.0
0.0
0.0
0.0
0.0
0.0
0.0
0.0
0.0
0.0
0.0
0.0
9.0
159.0
345.0
505.0
626.0
702.0
727.0
699.0
620.0
496.0
334.0
147.0
6.0
0.0
0.0
0.0
0.0
0.0
0.0
0.0
0.0
0.0
0.0
0.0
12.0
168.0
354.0
513.0
634.0
710.0
735.0
706.0
627.0
503.0
341.0
154.0
7.0
0.0
0.0
0.0
0.0
0.0
0.0
0.0
0.0
0.0
0.0
0.0
15.0
177.0
362.0
521.0
643.0
718.0
742.0
714.0
634.0
510.0
348.0
161.0
9.0
0.0
0.0
0.0
0.0
0.0
0.0
0.0
0.0
0.0
0.0
0.0
19.0
185.0
371.0
530.0
651.0
726.0
750.0
721.0
641.0
517.0
355.0
167.0
11.0
0.0
0.0
0.0
0.0
0.0
0.0
0.0
0.0
0.0
0.0
0.0
23.0
194.0
380.0
538.0
659.0
734.0
757.0
728.0
649.0
524.0
362.0
174.0
14.0
0.0
0.0
0.0
0.0
0.0
0.0
0.0
0.0
0.0
0.0
0.0
27.0
203.0
388.0
546.0
667.0
741.0
765.0
736.0
656.0
530.0
369.0
181.0
17.0
0.0
0.0
0.0
0.0
0.0
0.0
0.0
0.0
0.0
0.0
0.0
32.0
212.0
397.0
555.0
675.0
749.0
772.0
743.0
663.0
537.0
375.0
188.0
19.0
0.0
0.0
0.0
0.0
0.0
0.0
0.0
0.0
0.0
0.0
0.0
37.0
220.0
405.0
563.0
683.0
757.0
780.0
750.0
670.0
544.0
382.0
195.0
23.0
0.0
0.0
0.0
0.0
0.0
0.0
0.0
0.0
0.0
0.0
0.0
42.0
229.0
414.0
571.0
691.0
764.0
787.0
757.0
676.0
551.0
389.0
201.0
26.0
0.0
0.0
0.0
0.0
0.0
0.0
0.0
0.0
0.0
0.0
0.0
48.0
238.0
422.0
579.0
699.0
772.0
794.0
764.0
683.0
558.0
396.0
208.0
29.0
0.0
0.0
0.0
0.0
0.0
0.0
0.0
0.0
0.0
0.0
0.0
55.0
247.0
431.0
588.0
707.0
780.0
802.0
771.0
690.0
564.0
402.0
215.0
33.0
0.0
0.0
0.0
0.0
0.0
0.0
0.0
0.0
0.0
0.0
0.0
61.0
255.0
439.0
596.0
714.0
787.0
809.0
778.0
697.0
571.0
409.0
221.0
37.0
0.0
0.0
0.0
0.0
0.0
0.0
0.0
0.0
0.0
0.0
0.0
68.0
264.0
447.0
604.0
722.0
794.0
816.0
785.0
703.0
577.0
415.0
228.0
41.0
0.0
0.0
0.0
0.0
0.0
0.0
0.0
0.0
0.0
0.0
0.0
76.0
272.0
456.0
612.0
730.0
802.0
823.0
792.0
710.0
584.0
422.0
234.0
46.0
0.0
0.0
0.0
0.0
0.0
0.0
0.0
0.0
0.0
0.0
0.0
83.0
281.0
464.0
620.0
737.0
809.0
830.0
798.0
717.0
590.0
428.0
241.0
50.0
0.0
0.0
0.0
0.0
0.0
0.0
0.0
0.0
0.0
0.0
0.0
92.0
289.0
472.0
627.0
745.0
816.0
837.0
805.0
723.0
597.0
435.0
247.0
55.0
0.0
0.0
0.0
0.0
0.0
0.0
0.0
0.0
0.0
0.0
0.0
100.0
298.0
480.0
635.0
752.0
823.0
844.0
812.0
730.0
603.0
441.0
254.0
60.0
0.0
0.0
0.0
0.0
0.0
0.0
0.0
0.0
0.0
0.0
0.0
109.0
306.0
488.0
643.0
760.0
830.0
850.0
818.0
736.0
609.0
447.0
260.0
65.0
0.0
0.0
0.0
0.0
0.0
0.0
0.0
0.0
0.0
0.0
1.0
118.0
314.0
496.0
651.0
767.0
837.0
857.0
824.0
742.0
616.0
453.0
267.0
71.0
0.0
0.0
0.0
0.0
0.0
0.0
0.0
0.0
0.0
0.0
2.0
126.0
323.0
504.0
658.0
774.0
844.0
864.0
831.0
748.0
622.0
460.0
273.0
76.0
0.0
0.0
0.0
0.0
0.0
0.0
0.0
0.0
0.0
0.0
3.0
135.0
331.0
512.0
666.0
781.0
851.0
870.0
837.0
755.0
628.0
466.0
279.0
82.0
0.0
0.0
0.0
0.0
0.0
0.0
0.0
0.0
0.0
0.0
5.0
143.0
339.0
520.0
673.0
788.0
858.0
877.0
843.0
761.0
634.0
472.0
285.0
88.0
0.0
0.0
0.0
0.0
0.0
0.0
0.0
0.0
0.0
0.0
7.0
151.0
347.0
528.0
681.0
795.0
864.0
883.0
850.0
767.0
640.0
478.0
291.0
94.0
0.0
0.0
0.0
0.0
0.0
0.0
0.0
0.0
0.0
0.0
9.0
160.0
355.0
535.0
688.0
802.0
871.0
889.0
856.0
773.0
646.0
484.0
298.0
100.0
0.0
0.0
0.0
0.0
0.0
0.0
0.0
0.0
0.0
0.0
12.0
168.0
363.0
543.0
695.0
809.0
878.0
895.0
862.0
778.0
652.0
490.0
304.0
106.0
0.0
0.0
0.0
0.0
0.0
0.0
0.0
0.0
0.0
0.0
15.0
176.0
371.0
550.0
702.0
816.0
884.0
902.0
868.0
784.0
657.0
496.0
310.0
113.0
1.0
0.0
0.0
0.0
0.0
0.0
0.0
0.0
0.0
0.0
19.0
184.0
379.0
558.0
709.0
823.0
890.0
908.0
873.0
790.0
663.0
501.0
316.0
119.0
1.0
0.0
0.0
0.0
0.0
0.0
0.0
0.0
0.0
0.0
23.0
192.0
386.0
565.0
716.0
829.0
896.0
914.0
879.0
796.0
669.0
507.0
322.0
125.0
2.0
0.0
0.0
0.0
0.0
0.0
0.0
0.0
0.0
0.0
27.0
200.0
394.0
572.0
723.0
836.0
903.0
919.0
885.0
801.0
674.0
513.0
328.0
131.0
3.0
0.0
0.0
0.0
0.0
0.0
0.0
0.0
0.0
0.0
31.0
208.0
401.0
579.0
730.0
842.0
909.0
925.0
890.0
807.0
680.0
518.0
333.0
137.0
4.0
0.0
0.0
0.0
0.0
0.0
0.0
0.0
0.0
0.0
36.0
216.0
409.0
587.0
736.0
848.0
915.0
931.0
896.0
812.0
685.0
524.0
339.0
144.0
6.0
0.0
0.0
0.0
0.0
0.0
0.0
0.0
0.0
0.0
41.0
223.0
416.0
593.0
743.0
855.0
921.0
937.0
901.0
818.0
691.0
530.0
345.0
150.0
7.0
0.0
0.0
0.0
0.0
0.0
0.0
0.0
0.0
0.0
46.0
231.0
423.0
600.0
749.0
861.0
926.0
942.0
907.0
823.0
696.0
535.0
351.0
156.0
9.0
0.0
0.0
0.0
0.0
0.0
0.0
0.0
0.0
0.0
52.0
238.0
431.0
607.0
756.0
867.0
932.0
948.0
912.0
828.0
701.0
540.0
356.0
162.0
11.0
0.0
0.0
0.0
0.0
0.0
0.0
0.0
0.0
0.0
58.0
246.0
438.0
614.0
762.0
873.0
938.0
953.0
917.0
833.0
707.0
546.0
362.0
167.0
13.0
0.0
0.0
0.0
0.0
0.0
0.0
0.0
0.0
0.0
64.0
253.0
445.0
620.0
768.0
878.0
943.0
958.0
922.0
838.0
712.0
551.0
368.0
173.0
16.0
0.0
0.0
0.0
0.0
0.0
0.0
0.0
0.0
0.0
70.0
260.0
451.0
627.0
774.0
884.0
949.0
963.0
928.0
843.0
717.0
556.0
373.0
179.0
18.0
0.0
0.0
0.0
0.0
0.0
0.0
0.0
0.0
0.0
76.0
268.0
458.0
633.0
780.0
890.0
954.0
968.0
932.0
848.0
722.0
562.0
378.0
185.0
21.0
0.0
0.0
0.0
0.0
0.0
0.0
0.0
0.0
0.0
83.0
275.0
465.0
639.0
786.0
895.0
959.0
973.0
937.0
853.0
727.0
567.0
384.0
191.0
24.0
0.0
0.0
0.0
0.0
0.0
0.0
0.0
0.0
0.0
90.0
281.0
471.0
645.0
792.0
901.0
964.0
978.0
942.0
858.0
732.0
572.0
389.0
196.0
27.0
0.0
0.0
0.0
0.0
0.0
0.0
0.0
0.0
0.0
96.0
288.0
478.0
651.0
797.0
906.0
969.0
983.0
947.0
863.0
737.0
577.0
395.0
202.0
31.0
0.0
0.0
0.0
0.0
0.0
0.0
0.0
0.0
0.0
103.0
295.0
484.0
657.0
803.0
911.0
974.0
988.0
952.0
867.0
741.0
582.0
400.0
208.0
34.0
0.0
0.0
0.0
0.0
0.0
0.0
0.0
0.0
1.0
110.0
302.0
490.0
663.0
808.0
916.0
979.0
993.0
956.0
872.0
746.0
587.0
405.0
213.0
38.0
0.0
0.0
0.0
0.0
0.0
0.0
0.0
0.0
2.0
117.0
308.0
496.0
669.0
814.0
921.0
984.0
997.0
961.0
876.0
751.0
592.0
410.0
219.0
42.0
0.0
0.0
0.0
0.0
0.0
0.0
0.0
0.0
3.0
123.0
314.0
502.0
674.0
819.0
926.0
988.0
1002.0
965.0
881.0
755.0
596.0
415.0
224.0
46.0
0.0
0.0
0.0
0.0
0.0
0.0
0.0
0.0
4.0
130.0
321.0
508.0
680.0
824.0
931.0
993.0
1006.0
969.0
885.0
760.0
601.0
420.0
230.0
50.0
0.0
0.0
0.0
0.0
0.0
0.0
0.0
0.0
6.0
136.0
327.0
514.0
685.0
829.0
935.0
997.0
1010.0
973.0
890.0
764.0
606.0
425.0
235.0
54.0
0.0
0.0
0.0
0.0
0.0
0.0
0.0
0.0
7.0
143.0
333.0
520.0
690.0
834.0
940.0
1002.0
1014.0
978.0
894.0
768.0
610.0
430.0
240.0
59.0
0.0
0.0
0.0
0.0
0.0
0.0
0.0
0.0
10.0
149.0
339.0
525.0
696.0
839.0
944.0
1006.0
1018.0
982.0
898.0
773.0
615.0
435.0
245.0
63.0
0.0
0.0
0.0
0.0
0.0
0.0
0.0
0.0
12.0
155.0
344.0
530.0
701.0
843.0
949.0
1010.0
1023.0
986.0
902.0
777.0
619.0
440.0
250.0
68.0
0.0
0.0
0.0
0.0
0.0
0.0
0.0
0.0
14.0
161.0
350.0
536.0
705.0
848.0
953.0
1014.0
1026.0
990.0
906.0
781.0
624.0
444.0
256.0
73.0
0.0
0.0
0.0
0.0
0.0
0.0
0.0
0.0
17.0
167.0
355.0
541.0
710.0
852.0
957.0
1018.0
1030.0
993.0
910.0
785.0
628.0
449.0
261.0
78.0
0.0
0.0
0.0
0.0
0.0
0.0
0.0
0.0
20.0
173.0
361.0
546.0
715.0
857.0
961.0
1022.0
1034.0
997.0
914.0
789.0
632.0
454.0
266.0
83.0
0.0
0.0
0.0
0.0
0.0
0.0
0.0
0.0
22.0
178.0
366.0
551.0
719.0
861.0
965.0
1025.0
1038.0
1001.0
917.0
793.0
637.0
458.0
270.0
88.0
0.0
0.0
0.0
0.0
0.0
0.0
0.0
0.0
26.0
184.0
371.0
555.0
724.0
865.0
969.0
1029.0
1041.0
1004.0
921.0
797.0
641.0
463.0
275.0
91.0
0.0
0.0
0.0
0.0
0.0
0.0
0.0
0.0
29.0
189.0
376.0
560.0
728.0
869.0
973.0
1033.0
1045.0
1008.0
925.0
801.0
645.0
467.0
280.0
96.0
0.0
0.0
0.0
0.0
0.0
0.0
0.0
0.0
32.0
194.0
381.0
564.0
732.0
873.0
976.0
1036.0
1048.0
1011.0
928.0
805.0
649.0
471.0
285.0
101.0
1.0
0.0
0.0
0.0
0.0
0.0
0.0
0.0
35.0
199.0
386.0
569.0
736.0
876.0
980.0
1039.0
1051.0
1015.0
932.0
808.0
653.0
476.0
289.0
106.0
1.0
0.0
0.0
0.0
0.0
0.0
0.0
0.0
39.0
204.0
390.0
573.0
740.0
880.0
983.0
1043.0
1055.0
1018.0
935.0
812.0
657.0
480.0
294.0
111.0
2.0
0.0
0.0
0.0
0.0
0.0
0.0
0.0
42.0
209.0
395.0
577.0
744.0
883.0
986.0
1046.0
1058.0
1021.0
938.0
815.0
660.0
484.0
298.0
116.0
3.0
0.0
0.0
0.0
0.0
0.0
0.0
0.0
46.0
214.0
399.0
581.0
748.0
887.0
990.0
1049.0
1061.0
1024.0
942.0
819.0
664.0
488.0
303.0
121.0
4.0
0.0
0.0
0.0
0.0
0.0
0.0
0.0
50.0
218.0
403.0
585.0
751.0
890.0
993.0
1052.0
1064.0
1027.0
945.0
822.0
668.0
492.0
307.0
125.0
5.0
0.0
0.0
0.0
0.0
0.0
0.0
0.0
53.0
223.0
407.0
589.0
755.0
893.0
996.0
1055.0
1066.0
1030.0
948.0
825.0
671.0
496.0
311.0
130.0
6.0
0.0
0.0
0.0
0.0
0.0
0.0
0.0
57.0
227.0
411.0
592.0
758.0
896.0
999.0
1058.0
1069.0
1033.0
951.0
829.0
675.0
500.0
316.0
135.0
8.0
0.0
0.0
0.0
0.0
0.0
0.0
0.0
61.0
231.0
415.0
596.0
761.0
899.0
1001.0
1060.0
1072.0
1036.0
954.0
832.0
678.0
504.0
320.0
139.0
9.0
0.0
0.0
0.0
0.0
0.0
0.0
0.0
65.0
235.0
419.0
599.0
764.0
902.0
1004.0
1063.0
1075.0
1038.0
957.0
835.0
682.0
507.0
324.0
143.0
11.0
0.0
0.0
0.0
0.0
0.0
0.0
0.0
68.0
239.0
422.0
602.0
767.0
905.0
1007.0
1065.0
1077.0
1041.0
959.0
838.0
685.0
511.0
328.0
148.0
13.0
0.0
0.0
0.0
0.0
0.0
0.0
0.0
72.0
243.0
426.0
606.0
770.0
907.0
1009.0
1068.0
1079.0
1043.0
962.0
841.0
688.0
515.0
332.0
152.0
15.0
0.0
0.0
0.0
0.0
0.0
0.0
0.0
76.0
246.0
429.0
609.0
773.0
910.0
1011.0
1070.0
1082.0
1046.0
965.0
844.0
691.0
518.0
335.0
156.0
17.0
0.0
0.0
0.0
0.0
0.0
0.0
0.0
79.0
250.0
432.0
611.0
775.0
912.0
1014.0
1072.0
1084.0
1048.0
967.0
847.0
695.0
521.0
339.0
160.0
19.0
0.0
0.0
0.0
0.0
0.0
0.0
0.0
80.0
253.0
435.0
614.0
778.0
915.0
1016.0
1074.0
1086.0
1050.0
970.0
849.0
698.0
525.0
343.0
164.0
21.0
0.0
0.0
0.0
0.0
0.0
0.0
0.0
84.0
256.0
438.0
617.0
780.0
917.0
1018.0
1076.0
1088.0
1053.0
972.0
852.0
700.0
528.0
346.0
168.0
23.0
0.0
0.0
0.0
0.0
0.0
0.0
0.0
87.0
259.0
441.0
619.0
782.0
919.0
1020.0
1078.0
1090.0
1055.0
974.0
855.0
703.0
531.0
350.0
171.0
25.0
0.0
0.0
0.0
0.0
0.0
0.0
0.0
90.0
262.0
443.0
621.0
784.0
921.0
1022.0
1080.0
1092.0
1057.0
977.0
857.0
706.0
534.0
353.0
175.0
27.0
0.0
0.0
0.0
0.0
0.0
0.0
1.0
93.0
265.0
446.0
624.0
786.0
923.0
1024.0
1082.0
1094.0
1059.0
979.0
859.0
709.0
537.0
356.0
178.0
30.0
0.0
0.0
0.0
0.0
0.0
0.0
1.0
96.0
268.0
448.0
626.0
788.0
925.0
1025.0
1084.0
1096.0
1061.0
981.0
862.0
711.0
540.0
359.0
182.0
32.0
0.0
0.0
0.0
0.0
0.0
0.0
2.0
99.0
270.0
450.0
628.0
790.0
926.0
1027.0
1085.0
1097.0
1063.0
983.0
864.0
714.0
543.0
363.0
185.0
34.0
0.0
0.0
0.0
0.0
0.0
0.0
2.0
102.0
272.0
452.0
630.0
792.0
928.0
1028.0
1087.0
1099.0
1064.0
985.0
866.0
716.0
546.0
366.0
188.0
36.0
0.0
0.0
0.0
0.0
0.0
0.0
2.0
104.0
275.0
454.0
631.0
793.0
929.0
1030.0
1088.0
1101.0
1066.0
987.0
868.0
719.0
548.0
368.0
191.0
39.0
0.0
0.0
0.0
0.0
0.0
0.0
3.0
106.0
277.0
456.0
633.0
795.0
930.0
1031.0
1090.0
1102.0
1068.0
989.0
870.0
721.0
551.0
371.0
194.0
41.0
0.0
0.0
0.0
0.0
0.0
0.0
4.0
109.0
279.0
458.0
634.0
796.0
932.0
1032.0
1091.0
1103.0
1069.0
990.0
872.0
723.0
553.0
374.0
197.0
43.0
0.0
0.0
0.0
0.0
0.0
0.0
4.0
111.0
280.0
459.0
636.0
797.0
933.0
1033.0
1092.0
1105.0
1071.0
992.0
874.0
725.0
556.0
376.0
200.0
46.0
0.0
0.0
0.0
0.0
0.0
0.0
5.0
112.0
282.0
461.0
637.0
798.0
934.0
1034.0
1093.0
1106.0
1072.0
993.0
876.0
727.0
558.0
379.0
203.0
48.0
0.0
0.0
0.0
0.0
0.0
0.0
5.0
114.0
283.0
462.0
638.0
799.0
935.0
1035.0
1094.0
1107.0
1073.0
995.0
878.0
729.0
560.0
381.0
205.0
50.0
0.0
0.0
0.0
0.0
0.0
0.0
6.0
116.0
285.0
463.0
639.0
800.0
936.0
1036.0
1095.0
1108.0
1074.0
996.0
879.0
731.0
562.0
384.0
208.0
52.0
0.0
0.0
0.0
0.0
0.0
0.0
6.0
117.0
286.0
464.0
640.0
801.0
936.0
1037.0
1096.0
1109.0
1076.0
998.0
881.0
733.0
564.0
386.0
210.0
54.0
0.0
0.0
0.0
0.0
0.0
0.0
6.0
118.0
287.0
465.0
641.0
802.0
937.0
1038.0
1097.0
1110.0
1077.0
999.0
882.0
735.0
566.0
388.0
212.0
56.0
0.0
0.0
0.0
0.0
0.0
0.0
7.0
120.0
288.0
466.0
641.0
802.0
938.0
1038.0
1097.0
1111.0
1078.0
1000.0
884.0
736.0
568.0
390.0
214.0
58.0
0.0
0.0
0.0
0.0
0.0
0.0
7.0
121.0
289.0
467.0
642.0
803.0
938.0
1039.0
1098.0
1111.0
1078.0
1001.0
885.0
738.0
570.0
392.0
216.0
60.0
0.0
0.0
0.0
0.0
0.0
0.0
8.0
121.0
290.0
467.0
642.0
803.0
938.0
1039.0
1098.0
1112.0
1079.0
1002.0
886.0
739.0
571.0
393.0
218.0
61.0
0.0
0.0
0.0
0.0
0.0
0.0
8.0
122.0
290.0
468.0
643.0
803.0
939.0
1040.0
1099.0
1113.0
1080.0
1003.0
887.0
741.0
573.0
395.0
220.0
63.0
0.0
0.0
0.0
0.0
0.0
0.0
8.0
123.0
291.0
468.0
643.0
804.0
939.0
1040.0
1099.0
1113.0
1081.0
1004.0
889.0
742.0
574.0
397.0
222.0
65.0
0.0
0.0
0.0
0.0
0.0
0.0
8.0
123.0
291.0
468.0
643.0
804.0
939.0
1040.0
1099.0
1114.0
1081.0
1005.0
889.0
743.0
575.0
398.0
223.0
66.0
0.0
0.0
0.0
0.0
0.0
0.0
8.0
123.0
291.0
468.0
643.0
804.0
939.0
1040.0
1100.0
1114.0
1082.0
1006.0
890.0
744.0
577.0
399.0
224.0
67.0
0.0
0.0
0.0
0.0
0.0
0.0
8.0
124.0
291.0
468.0
643.0
803.0
939.0
1040.0
1100.0
1114.0
1082.0
1006.0
891.0
745.0
578.0
401.0
226.0
68.0
0.0
0.0
0.0
0.0
0.0
0.0
9.0
124.0
291.0
468.0
643.0
803.0
939.0
1040.0
1100.0
1114.0
1083.0
1007.0
892.0
746.0
579.0
402.0
227.0
69.0
0.0
0.0
0.0
0.0
0.0
0.0
8.0
124.0
291.0
468.0
642.0
803.0
938.0
1040.0
1100.0
1114.0
1083.0
1007.0
893.0
747.0
580.0
403.0
228.0
70.0
0.0
0.0
0.0
0.0
0.0
0.0
8.0
123.0
290.0
467.0
642.0
803.0
938.0
1039.0
1100.0
1115.0
1083.0
1008.0
893.0
747.0
580.0
403.0
229.0
71.0
0.0
0.0
0.0
0.0
0.0
0.0
8.0
123.0
290.0
467.0
641.0
802.0
938.0
1039.0
1099.0
1115.0
1083.0
1008.0
894.0
748.0
581.0
404.0
229.0
72.0
0.0
0.0
0.0
0.0
0.0
0.0
8.0
122.0
289.0
466.0
641.0
801.0
937.0
1039.0
1099.0
1114.0
1083.0
1008.0
894.0
748.0
582.0
405.0
230.0
72.0
0.0
0.0
0.0
0.0
0.0
0.0
8.0
122.0
288.0
465.0
640.0
801.0
937.0
1038.0
1099.0
1114.0
1083.0
1008.0
894.0
749.0
582.0
405.0
231.0
73.0
0.0
0.0
0.0
0.0
0.0
0.0
8.0
121.0
288.0
464.0
639.0
800.0
936.0
1038.0
1098.0
1114.0
1083.0
1008.0
894.0
749.0
582.0
406.0
231.0
73.0
0.0
0.0
0.0
0.0
0.0
0.0
7.0
120.0
287.0
463.0
638.0
799.0
935.0
1037.0
1098.0
1114.0
1083.0
1008.0
894.0
749.0
583.0
406.0
231.0
73.0
0.0
0.0
0.0
0.0
0.0
0.0
7.0
119.0
285.0
462.0
637.0
798.0
934.0
1036.0
1097.0
1113.0
1083.0
1008.0
894.0
749.0
583.0
406.0
231.0
73.0
0.0
0.0
0.0
0.0
0.0
0.0
7.0
118.0
284.0
461.0
636.0
797.0
933.0
1035.0
1097.0
1113.0
1082.0
1008.0
894.0
749.0
583.0
406.0
231.0
73.0
0.0
0.0
0.0
0.0
0.0
0.0
6.0
116.0
283.0
460.0
635.0
796.0
932.0
1035.0
1096.0
1112.0
1082.0
1008.0
894.0
749.0
583.0
406.0
231.0
73.0
0.0
0.0
0.0
0.0
0.0
0.0
6.0
115.0
281.0
458.0
633.0
795.0
931.0
1034.0
1095.0
1112.0
1082.0
1007.0
894.0
749.0
582.0
406.0
231.0
72.0
0.0
0.0
0.0
0.0
0.0
0.0
5.0
113.0
280.0
457.0
632.0
793.0
930.0
1033.0
1094.0
1111.0
1081.0
1007.0
894.0
749.0
582.0
405.0
230.0
72.0
0.0
0.0
0.0
0.0
0.0
0.0
5.0
112.0
278.0
455.0
630.0
792.0
929.0
1032.0
1093.0
1110.0
1080.0
1006.0
893.0
748.0
582.0
405.0
230.0
71.0
0.0
0.0
0.0
0.0
0.0
0.0
4.0
110.0
276.0
453.0
629.0
790.0
927.0
1030.0
1092.0
1109.0
1080.0
1006.0
893.0
748.0
581.0
404.0
229.0
70.0
0.0
0.0
0.0
0.0
0.0
0.0
4.0
108.0
274.0
451.0
627.0
789.0
926.0
1029.0
1091.0
1108.0
1079.0
1005.0
892.0
747.0
580.0
403.0
228.0
69.0
0.0
0.0
0.0
0.0
0.0
0.0
3.0
106.0
272.0
449.0
625.0
787.0
924.0
1028.0
1090.0
1107.0
1078.0
1004.0
891.0
746.0
580.0
402.0
227.0
68.0
0.0
0.0
0.0
0.0
0.0
0.0
3.0
103.0
270.0
447.0
623.0
785.0
923.0
1026.0
1089.0
1106.0
1077.0
1003.0
890.0
745.0
579.0
401.0
226.0
67.0
0.0
0.0
0.0
0.0
0.0
0.0
2.0
101.0
268.0
445.0
621.0
783.0
921.0
1025.0
1088.0
1105.0
1076.0
1002.0
889.0
744.0
578.0
400.0
225.0
66.0
0.0
0.0
0.0
0.0
0.0
0.0
2.0
99.0
266.0
443.0
619.0
781.0
919.0
1023.0
1086.0
1104.0
1075.0
1001.0
888.0
743.0
577.0
399.0
223.0
64.0
0.0
0.0
0.0
0.0
0.0
0.0
2.0
96.0
263.0
441.0
617.0
779.0
918.0
1022.0
1085.0
1103.0
1074.0
1000.0
887.0
742.0
575.0
398.0
222.0
63.0
0.0
0.0
0.0
0.0
0.0
0.0
1.0
93.0
260.0
438.0
615.0
777.0
916.0
1020.0
1083.0
1101.0
1072.0
999.0
886.0
741.0
574.0
396.0
220.0
61.0
0.0
0.0
0.0
0.0
0.0
0.0
1.0
91.0
258.0
436.0
612.0
775.0
914.0
1018.0
1082.0
1100.0
1071.0
998.0
885.0
740.0
572.0
394.0
218.0
59.0
0.0
0.0
0.0
0.0
0.0
0.0
0.0
88.0
255.0
433.0
610.0
773.0
912.0
1016.0
1080.0
1098.0
1070.0
996.0
883.0
738.0
571.0
393.0
216.0
57.0
0.0
0.0
0.0
0.0
0.0
0.0
0.0
85.0
252.0
430.0
607.0
771.0
910.0
1015.0
1078.0
1097.0
1068.0
995.0
882.0
736.0
569.0
391.0
214.0
55.0
0.0
0.0
0.0
0.0
0.0
0.0
0.0
82.0
249.0
428.0
605.0
768.0
907.0
1013.0
1076.0
1095.0
1066.0
993.0
880.0
735.0
567.0
389.0
212.0
53.0
0.0
0.0
0.0
0.0
0.0
0.0
0.0
78.0
246.0
425.0
602.0
766.0
905.0
1010.0
1075.0
1093.0
1065.0
991.0
878.0
733.0
565.0
387.0
209.0
51.0
0.0
0.0
0.0
0.0
0.0
0.0
0.0
78.0
243.0
422.0
599.0
763.0
903.0
1008.0
1073.0
1091.0
1063.0
990.0
876.0
731.0
563.0
384.0
207.0
49.0
0.0
0.0
0.0
0.0
0.0
0.0
0.0
75.0
240.0
419.0
596.0
761.0
900.0
1006.0
1071.0
1089.0
1061.0
988.0
874.0
729.0
561.0
382.0
204.0
47.0
0.0
0.0
0.0
0.0
0.0
0.0
0.0
71.0
236.0
415.0
593.0
758.0
898.0
1004.0
1068.0
1087.0
1059.0
986.0
872.0
727.0
558.0
379.0
201.0
44.0
0.0
0.0
0.0
0.0
0.0
0.0
0.0
68.0
233.0
412.0
590.0
755.0
895.0
1002.0
1066.0
1085.0
1057.0
984.0
870.0
724.0
556.0
377.0
198.0
42.0
0.0
0.0
0.0
0.0
0.0
0.0
0.0
64.0
229.0
409.0
587.0
752.0
893.0
999.0
1064.0
1083.0
1055.0
982.0
868.0
722.0
553.0
374.0
195.0
39.0
0.0
0.0
0.0
0.0
0.0
0.0
0.0
61.0
226.0
406.0
584.0
750.0
890.0
997.0
1062.0
1081.0
1053.0
979.0
866.0
719.0
551.0
371.0
192.0
37.0
0.0
0.0
0.0
0.0
0.0
0.0
0.0
58.0
222.0
402.0
581.0
747.0
887.0
994.0
1059.0
1078.0
1050.0
977.0
863.0
717.0
548.0
368.0
189.0
35.0
0.0
0.0
0.0
0.0
0.0
0.0
0.0
54.0
218.0
399.0
578.0
744.0
885.0
992.0
1057.0
1076.0
1048.0
974.0
861.0
714.0
545.0
364.0
185.0
32.0
0.0
0.0
0.0
0.0
0.0
0.0
0.0
51.0
214.0
395.0
574.0
740.0
882.0
989.0
1054.0
1074.0
1045.0
972.0
858.0
711.0
542.0
361.0
182.0
30.0
0.0
0.0
0.0
0.0
0.0
0.0
0.0
48.0
210.0
391.0
571.0
737.0
879.0
986.0
1052.0
1071.0
1043.0
969.0
855.0
708.0
538.0
357.0
178.0
27.0
0.0
0.0
0.0
0.0
0.0
0.0
0.0
44.0
206.0
387.0
567.0
734.0
876.0
983.0
1049.0
1068.0
1040.0
966.0
852.0
705.0
535.0
354.0
174.0
25.0
0.0
0.0
0.0
0.0
0.0
0.0
0.0
41.0
202.0
384.0
564.0
731.0
873.0
980.0
1046.0
1066.0
1037.0
964.0
849.0
702.0
532.0
350.0
170.0
23.0
0.0
0.0
0.0
0.0
0.0
0.0
0.0
38.0
198.0
380.0
560.0
727.0
870.0
977.0
1043.0
1063.0
1035.0
961.0
846.0
698.0
528.0
346.0
166.0
20.0
0.0
0.0
0.0
0.0
0.0
0.0
0.0
35.0
194.0
376.0
557.0
724.0
866.0
974.0
1040.0
1060.0
1032.0
958.0
843.0
695.0
524.0
342.0
161.0
18.0
0.0
0.0
0.0
0.0
0.0
0.0
0.0
32.0
189.0
372.0
553.0
720.0
863.0
971.0
1037.0
1057.0
1029.0
954.0
839.0
691.0
520.0
338.0
157.0
16.0
0.0
0.0
0.0
0.0
0.0
0.0
0.0
29.0
185.0
368.0
549.0
717.0
860.0
968.0
1034.0
1054.0
1026.0
951.0
836.0
688.0
516.0
334.0
152.0
14.0
0.0
0.0
0.0
0.0
0.0
0.0
0.0
26.0
180.0
363.0
545.0
713.0
857.0
965.0
1031.0
1051.0
1022.0
948.0
832.0
684.0
512.0
329.0
148.0
12.0
0.0
0.0
0.0
0.0
0.0
0.0
0.0
24.0
176.0
359.0
541.0
710.0
853.0
962.0
1028.0
1048.0
1019.0
944.0
829.0
680.0
508.0
325.0
143.0
10.0
0.0
0.0
0.0
0.0
0.0
0.0
0.0
21.0
171.0
355.0
537.0
706.0
850.0
958.0
1025.0
1044.0
1016.0
941.0
825.0
676.0
504.0
320.0
138.0
8.0
0.0
0.0
0.0
0.0
0.0
0.0
0.0
19.0
167.0
350.0
533.0
702.0
846.0
955.0
1021.0
1041.0
1012.0
937.0
821.0
672.0
499.0
315.0
133.0
7.0
0.0
0.0
0.0
0.0
0.0
0.0
0.0
16.0
162.0
346.0
529.0
698.0
842.0
951.0
1018.0
1037.0
1009.0
933.0
817.0
667.0
495.0
310.0
127.0
5.0
0.0
0.0
0.0
0.0
0.0
0.0
0.0
14.0
157.0
342.0
525.0
694.0
839.0
948.0
1014.0
1034.0
1005.0
930.0
813.0
663.0
490.0
305.0
122.0
4.0
0.0
0.0
0.0
0.0
0.0
0.0
0.0
12.0
152.0
337.0
521.0
690.0
835.0
944.0
1011.0
1030.0
1001.0
926.0
809.0
658.0
485.0
300.0
117.0
3.0
0.0
0.0
0.0
0.0
0.0
0.0
0.0
10.0
147.0
332.0
516.0
686.0
831.0
940.0
1007.0
1027.0
997.0
922.0
804.0
654.0
480.0
295.0
111.0
2.0
0.0
0.0
0.0
0.0
0.0
0.0
0.0
9.0
142.0
328.0
512.0
682.0
827.0
937.0
1003.0
1023.0
993.0
917.0
800.0
649.0
475.0
289.0
105.0
1.0
0.0
0.0
0.0
0.0
0.0
0.0
0.0
7.0
137.0
323.0
508.0
678.0
823.0
933.0
1000.0
1019.0
989.0
913.0
795.0
644.0
470.0
284.0
99.0
0.0
0.0
0.0
0.0
0.0
0.0
0.0
0.0
5.0
132.0
318.0
503.0
674.0
819.0
929.0
996.0
1015.0
985.0
909.0
791.0
639.0
464.0
278.0
93.0
0.0
0.0
0.0
0.0
0.0
0.0
0.0
0.0
4.0
127.0
313.0
499.0
670.0
815.0
925.0
992.0
1011.0
981.0
904.0
786.0
634.0
459.0
272.0
89.0
0.0
0.0
0.0
0.0
0.0
0.0
0.0
0.0
3.0
122.0
309.0
494.0
665.0
811.0
921.0
988.0
1007.0
977.0
900.0
781.0
629.0
453.0
266.0
83.0
0.0
0.0
0.0
0.0
0.0
0.0
0.0
0.0
2.0
116.0
304.0
489.0
661.0
807.0
917.0
984.0
1003.0
972.0
895.0
776.0
624.0
448.0
260.0
77.0
0.0
0.0
0.0
0.0
0.0
0.0
0.0
0.0
1.0
111.0
299.0
485.0
657.0
803.0
913.0
979.0
998.0
968.0
890.0
771.0
618.0
442.0
254.0
71.0
0.0
0.0
0.0
0.0
0.0
0.0
0.0
0.0
1.0
106.0
294.0
480.0
652.0
798.0
908.0
975.0
994.0
963.0
886.0
766.0
613.0
436.0
248.0
65.0
0.0
0.0
0.0
0.0
0.0
0.0
0.0
0.0
0.0
100.0
289.0
475.0
648.0
794.0
904.0
971.0
989.0
959.0
881.0
761.0
607.0
430.0
242.0
60.0
0.0
0.0
0.0
0.0
0.0
0.0
0.0
0.0
0.0
95.0
284.0
470.0
643.0
789.0
900.0
966.0
985.0
954.0
875.0
755.0
601.0
424.0
235.0
55.0
0.0
0.0
0.0
0.0
0.0
0.0
0.0
0.0
0.0
91.0
278.0
466.0
638.0
785.0
895.0
962.0
980.0
949.0
870.0
750.0
595.0
417.0
229.0
49.0
0.0
0.0
0.0
0.0
0.0
0.0
0.0
0.0
0.0
85.0
273.0
461.0
634.0
780.0
891.0
957.0
975.0
944.0
865.0
744.0
589.0
411.0
222.0
44.0
0.0
0.0
0.0
0.0
0.0
0.0
0.0
0.0
0.0
80.0
268.0
456.0
629.0
776.0
886.0
953.0
971.0
939.0
860.0
738.0
583.0
405.0
215.0
40.0
0.0
0.0
0.0
0.0
0.0
0.0
0.0
0.0
0.0
75.0
263.0
451.0
624.0
771.0
882.0
948.0
966.0
934.0
854.0
733.0
577.0
398.0
208.0
35.0
0.0
0.0
0.0
0.0
0.0
0.0
0.0
0.0
0.0
70.0
257.0
446.0
619.0
766.0
877.0
943.0
961.0
929.0
849.0
727.0
571.0
391.0
201.0
31.0
0.0
0.0
0.0
0.0
0.0
0.0
0.0
0.0
0.0
65.0
252.0
441.0
614.0
762.0
872.0
938.0
956.0
923.0
843.0
721.0
564.0
385.0
194.0
27.0
0.0
0.0
0.0
0.0
0.0
0.0
0.0
0.0
0.0
61.0
247.0
436.0
610.0
757.0
867.0
933.0
951.0
918.0
837.0
714.0
558.0
378.0
187.0
23.0
0.0
0.0
0.0
0.0
0.0
0.0
0.0
0.0
0.0
56.0
241.0
430.0
605.0
752.0
862.0
928.0
945.0
912.0
831.0
708.0
551.0
371.0
179.0
19.0
0.0
0.0
0.0
0.0
0.0
0.0
0.0
0.0
0.0
52.0
236.0
425.0
600.0
747.0
857.0
923.0
940.0
907.0
825.0
702.0
544.0
364.0
172.0
16.0
0.0
0.0
0.0
0.0
0.0
0.0
0.0
0.0
0.0
47.0
230.0
420.0
594.0
742.0
852.0
918.0
935.0
901.0
819.0
695.0
538.0
357.0
165.0
13.0
0.0
0.0
0.0
0.0
0.0
0.0
0.0
0.0
0.0
43.0
225.0
415.0
589.0
737.0
847.0
913.0
929.0
895.0
813.0
689.0
531.0
349.0
157.0
10.0
0.0
0.0
0.0
0.0
0.0
0.0
0.0
0.0
0.0
40.0
219.0
409.0
584.0
732.0
842.0
907.0
924.0
889.0
807.0
682.0
524.0
342.0
149.0
8.0
0.0
0.0
0.0
0.0
0.0
0.0
0.0
0.0
0.0
36.0
213.0
404.0
579.0
727.0
837.0
902.0
918.0
883.0
801.0
676.0
517.0
334.0
142.0
6.0
0.0
0.0
0.0
0.0
0.0
0.0
0.0
0.0
0.0
32.0
208.0
398.0
574.0
721.0
831.0
897.0
912.0
877.0
794.0
669.0
509.0
327.0
134.0
4.0
0.0
0.0
0.0
0.0
0.0
0.0
0.0
0.0
0.0
29.0
202.0
393.0
568.0
716.0
826.0
891.0
906.0
871.0
788.0
662.0
502.0
319.0
126.0
2.0
0.0
0.0
0.0
0.0
0.0
0.0
0.0
0.0
0.0
26.0
196.0
387.0
563.0
711.0
821.0
885.0
901.0
865.0
781.0
655.0
495.0
312.0
118.0
1.0
0.0
0.0
0.0
0.0
0.0
0.0
0.0
0.0
0.0
23.0
191.0
382.0
557.0
705.0
815.0
880.0
895.0
859.0
775.0
648.0
487.0
304.0
110.0
0.0
0.0
0.0
0.0
0.0
0.0
0.0
0.0
0.0
0.0
20.0
185.0
376.0
552.0
700.0
810.0
874.0
889.0
853.0
768.0
641.0
480.0
296.0
102.0
0.0
0.0
0.0
0.0
0.0
0.0
0.0
0.0
0.0
0.0
17.0
179.0
371.0
546.0
694.0
804.0
868.0
883.0
846.0
761.0
634.0
472.0
288.0
94.0
0.0
0.0
0.0
0.0
0.0
0.0
0.0
0.0
0.0
0.0
15.0
173.0
365.0
541.0
689.0
798.0
862.0
876.0
840.0
754.0
626.0
465.0
280.0
86.0
0.0
0.0
0.0
0.0
0.0
0.0
0.0
0.0
0.0
0.0
12.0
167.0
359.0
535.0
683.0
793.0
856.0
870.0
833.0
747.0
619.0
457.0
272.0
78.0
0.0
0.0
0.0
0.0
0.0
0.0
0.0
0.0
0.0
0.0
10.0
161.0
354.0
530.0
677.0
787.0
850.0
864.0
826.0
740.0
612.0
449.0
264.0
71.0
0.0
0.0
0.0
0.0
0.0
0.0
0.0
0.0
0.0
0.0
8.0
155.0
348.0
524.0
672.0
781.0
844.0
857.0
820.0
733.0
604.0
441.0
256.0
64.0
0.0
0.0
0.0
0.0
0.0
0.0
0.0
0.0
0.0
0.0
7.0
149.0
342.0
518.0
666.0
775.0
838.0
851.0
813.0
726.0
597.0
433.0
247.0
57.0
0.0
0.0
0.0
0.0
0.0
0.0
0.0
0.0
0.0
0.0
5.0
143.0
336.0
512.0
660.0
769.0
832.0
844.0
806.0
719.0
589.0
425.0
239.0
51.0
0.0
0.0
0.0
0.0
0.0
0.0
0.0
0.0
0.0
0.0
4.0
137.0
330.0
506.0
654.0
763.0
826.0
838.0
799.0
711.0
581.0
417.0
231.0
45.0
0.0
0.0
0.0
0.0
0.0
0.0
0.0
0.0
0.0
0.0
3.0
131.0
324.0
500.0
648.0
757.0
819.0
831.0
792.0
704.0
573.0
409.0
222.0
39.0
0.0
0.0
0.0
0.0
0.0
0.0
0.0
0.0
0.0
0.0
2.0
125.0
318.0
494.0
642.0
751.0
813.0
824.0
785.0
697.0
566.0
401.0
214.0
34.0
0.0
0.0
0.0
0.0
0.0
0.0
0.0
0.0
0.0
0.0
1.0
119.0
312.0
488.0
636.0
744.0
806.0
818.0
778.0
689.0
558.0
393.0
205.0
29.0
0.0
0.0
0.0
0.0
0.0
0.0
0.0
0.0
0.0
0.0
0.0
113.0
306.0
482.0
630.0
738.0
800.0
811.0
770.0
681.0
550.0
385.0
197.0
25.0
0.0
0.0
0.0
0.0
0.0
0.0
0.0
0.0
0.0
0.0
0.0
107.0
300.0
476.0
624.0
732.0
793.0
804.0
763.0
674.0
542.0
376.0
188.0
21.0
0.0
0.0
0.0
0.0
0.0
0.0
0.0
0.0
0.0
0.0
0.0
100.0
294.0
470.0
617.0
725.0
786.0
797.0
756.0
666.0
534.0
368.0
180.0
17.0
0.0
0.0
0.0
0.0
0.0
0.0
0.0
0.0
0.0
0.0
0.0
94.0
288.0
464.0
611.0
719.0
780.0
790.0
748.0
658.0
526.0
359.0
171.0
13.0
0.0
0.0
0.0
0.0
0.0
0.0
0.0
0.0
0.0
0.0
0.0
88.0
281.0
458.0
605.0
712.0
773.0
783.0
741.0
651.0
518.0
351.0
162.0
10.0
0.0
0.0
0.0
0.0
0.0
0.0
0.0
0.0
0.0
0.0
0.0
82.0
275.0
452.0
598.0
706.0
766.0
776.0
734.0
643.0
509.0
343.0
154.0
8.0
0.0
0.0
0.0
0.0
0.0
0.0
0.0
0.0
0.0
0.0
0.0
76.0
269.0
445.0
592.0
699.0
759.0
768.0
726.0
635.0
501.0
334.0
145.0
5.0
0.0
0.0
0.0
0.0
0.0
0.0
0.0
0.0
0.0
0.0
0.0
71.0
263.0
439.0
585.0
692.0
752.0
761.0
718.0
627.0
493.0
326.0
136.0
4.0
0.0
0.0
0.0
0.0
0.0
0.0
0.0
0.0
0.0
0.0
0.0
65.0
256.0
433.0
579.0
686.0
745.0
754.0
711.0
619.0
485.0
317.0
127.0
2.0
0.0
0.0
0.0
0.0
0.0
0.0
0.0
0.0
0.0
0.0
0.0
60.0
250.0
426.0
572.0
679.0
738.0
746.0
703.0
611.0
476.0
308.0
119.0
1.0
0.0
0.0
0.0
0.0
0.0
0.0
0.0
0.0
0.0
0.0
0.0
55.0
244.0
420.0
566.0
672.0
731.0
739.0
695.0
603.0
468.0
300.0
110.0
0.0
0.0
0.0
0.0
0.0
0.0
0.0
0.0
0.0
0.0
0.0
0.0
51.0
237.0
413.0
559.0
665.0
724.0
732.0
688.0
595.0
460.0
291.0
101.0
0.0
0.0
0.0
0.0
0.0
0.0
0.0
0.0
0.0
0.0
0.0
0.0
46.0
231.0
407.0
552.0
658.0
717.0
724.0
680.0
587.0
451.0
283.0
91.0
0.0
0.0
0.0
0.0
0.0
0.0
0.0
0.0
0.0
0.0
0.0
0.0
42.0
224.0
400.0
546.0
651.0
710.0
717.0
672.0
579.0
443.0
274.0
83.0
0.0
0.0
0.0
0.0
0.0
0.0
0.0
0.0
0.0
0.0
0.0
0.0
38.0
218.0
393.0
539.0
644.0
702.0
709.0
664.0
570.0
434.0
265.0
75.0
0.0
0.0
0.0
0.0
0.0
0.0
0.0
0.0
0.0
0.0
0.0
0.0
34.0
211.0
387.0
532.0
637.0
695.0
701.0
656.0
562.0
426.0
257.0
68.0
0.0
0.0
0.0
0.0
0.0
0.0
0.0
0.0
0.0
0.0
0.0
0.0
30.0
204.0
380.0
525.0
630.0
688.0
694.0
648.0
554.0
418.0
248.0
61.0
0.0
0.0
0.0
0.0
0.0
0.0
0.0
0.0
0.0
0.0
0.0
0.0
26.0
198.0
373.0
518.0
623.0
680.0
686.0
640.0
546.0
409.0
240.0
54.0
0.0
0.0
0.0
0.0
0.0
0.0
0.0
0.0
0.0
0.0
0.0
0.0
23.0
191.0
367.0
511.0
616.0
673.0
679.0
632.0
538.0
401.0
231.0
48.0
0.0
0.0
0.0
0.0
0.0
0.0
0.0
0.0
0.0
0.0
0.0
0.0
20.0
185.0
360.0
504.0
609.0
665.0
671.0
624.0
529.0
392.0
222.0
42.0
0.0
0.0
0.0
0.0
0.0
0.0
0.0
0.0
0.0
0.0
0.0
0.0
17.0
178.0
353.0
497.0
602.0
658.0
663.0
616.0
521.0
384.0
214.0
37.0
0.0
0.0
0.0
0.0
0.0
0.0
0.0
0.0
0.0
0.0
0.0
0.0
15.0
171.0
346.0
490.0
594.0
651.0
655.0
608.0
513.0
376.0
205.0
32.0
0.0
0.0
0.0
0.0
0.0
0.0
0.0
0.0
0.0
0.0
0.0
0.0
12.0
164.0
339.0
483.0
587.0
643.0
648.0
600.0
505.0
367.0
197.0
27.0
0.0
0.0
0.0
0.0
0.0
0.0
0.0
0.0
0.0
0.0
0.0
0.0
10.0
158.0
332.0
476.0
580.0
636.0
640.0
592.0
497.0
359.0
188.0
23.0
0.0
0.0
0.0
0.0
0.0
0.0
0.0
0.0
0.0
0.0
0.0
0.0
8.0
151.0
325.0
469.0
572.0
628.0
632.0
584.0
488.0
350.0
180.0
19.0
0.0
0.0
0.0
0.0
0.0
0.0
0.0
0.0
0.0
0.0
0.0
0.0
6.0
144.0
319.0
462.0
565.0
620.0
624.0
576.0
480.0
342.0
172.0
15.0
0.0
0.0
0.0
0.0
0.0
0.0
0.0
0.0
0.0
0.0
0.0
0.0
5.0
137.0
312.0
455.0
558.0
613.0
617.0
568.0
472.0
334.0
163.0
12.0
0.0
0.0
0.0
0.0
0.0
0.0
0.0
0.0
0.0
0.0
0.0
0.0
3.0
131.0
305.0
448.0
550.0
605.0
609.0
561.0
464.0
326.0
155.0
9.0
0.0
0.0
0.0
0.0
0.0
0.0
0.0
0.0
0.0
0.0
0.0
0.0
2.0
124.0
298.0
441.0
543.0
598.0
601.0
553.0
456.0
317.0
147.0
7.0
0.0
0.0
0.0
0.0
0.0
0.0
0.0
0.0
0.0
0.0
0.0
0.0
1.0
117.0
291.0
434.0
536.0
590.0
593.0
545.0
448.0
309.0
138.0
5.0
0.0
0.0
0.0
0.0
0.0
0.0
0.0
0.0
0.0
0.0
0.0
0.0
1.0
110.0
284.0
426.0
528.0
583.0
585.0
537.0
440.0
301.0
130.0
3.0
0.0
0.0
0.0
0.0
0.0
0.0
0.0
0.0
0.0
0.0
0.0
0.0
0.0
103.0
277.0
419.0
521.0
575.0
578.0
529.0
432.0
293.0
122.0
2.0
0.0
0.0
0.0
0.0
0.0
0.0
0.0
0.0
0.0
0.0
0.0
0.0
0.0
96.0
270.0
412.0
513.0
567.0
570.0
521.0
424.0
285.0
114.0
1.0
0.0
0.0
0.0
0.0
0.0
0.0
0.0
0.0
0.0
0.0
0.0
0.0
0.0
87.0
263.0
405.0
506.0
560.0
562.0
513.0
416.0
277.0
106.0
0.0
0.0
0.0
0.0
0.0
0.0
0.0
0.0
0.0
0.0
0.0
0.0
0.0
0.0
81.0
256.0
398.0
499.0
552.0
554.0
505.0
408.0
269.0
98.0
0.0
0.0
0.0
0.0
0.0
0.0
0.0
0.0
0.0
0.0
0.0
0.0
0.0
0.0
74.0
249.0
390.0
491.0
545.0
547.0
497.0
400.0
261.0
88.0
0.0
0.0
0.0
0.0
0.0
0.0
0.0
0.0
0.0
0.0
0.0
0.0
0.0
0.0
68.0
242.0
383.0
484.0
537.0
539.0
490.0
392.0
254.0
81.0
0.0
0.0
0.0
0.0
0.0
0.0
0.0
0.0
0.0
0.0
0.0
0.0
0.0
0.0
62.0
235.0
376.0
477.0
530.0
532.0
482.0
385.0
246.0
74.0
0.0
0.0
0.0
0.0
0.0
0.0
0.0
0.0
0.0
0.0
0.0
0.0
0.0
0.0
57.0
228.0
369.0
469.0
522.0
524.0
474.0
377.0
238.0
67.0
0.0
0.0
0.0
0.0
0.0
0.0
0.0
0.0
0.0
0.0
0.0
0.0
0.0
0.0
52.0
221.0
362.0
462.0
515.0
516.0
467.0
369.0
231.0
61.0
0.0
0.0
0.0
0.0
0.0
0.0
0.0
0.0
0.0
0.0
0.0
0.0
0.0
0.0
47.0
214.0
354.0
455.0
507.0
509.0
459.0
362.0
223.0
55.0
0.0
0.0
0.0
0.0
0.0
0.0
0.0
0.0
0.0
0.0
0.0
0.0
0.0
0.0
42.0
207.0
347.0
447.0
500.0
502.0
452.0
354.0
216.0
49.0
0.0
0.0
0.0
0.0
0.0
0.0
0.0
0.0
0.0
0.0
0.0
0.0
0.0
0.0
37.0
200.0
340.0
440.0
493.0
494.0
444.0
347.0
208.0
44.0
0.0
0.0
0.0
0.0
0.0
0.0
0.0
0.0
0.0
0.0
0.0
0.0
0.0
0.0
33.0
193.0
333.0
433.0
485.0
487.0
437.0
340.0
201.0
39.0
0.0
0.0
0.0
0.0
0.0
0.0
0.0
0.0
0.0
0.0
0.0
0.0
0.0
0.0
29.0
186.0
326.0
426.0
478.0
480.0
430.0
333.0
194.0
35.0
0.0
0.0
0.0
0.0
0.0
0.0
0.0
0.0
0.0
0.0
0.0
0.0
0.0
0.0
26.0
179.0
319.0
419.0
471.0
472.0
423.0
325.0
187.0
31.0
0.0
0.0
0.0
0.0
0.0
0.0
0.0
0.0
0.0
0.0
0.0
0.0
0.0
0.0
22.0
172.0
312.0
412.0
464.0
465.0
416.0
318.0
180.0
27.0
0.0
0.0
0.0
0.0
0.0
0.0
0.0
0.0
0.0
0.0
0.0
0.0
0.0
0.0
19.0
165.0
305.0
405.0
457.0
458.0
408.0
311.0
173.0
23.0
0.0
0.0
0.0
0.0
0.0
0.0
0.0
0.0
0.0
0.0
0.0
0.0
0.0
0.0
16.0
158.0
298.0
398.0
450.0
451.0
402.0
305.0
167.0
20.0
0.0
0.0
0.0
0.0
0.0
0.0
0.0
0.0
0.0
0.0
0.0
0.0
0.0
0.0
13.0
152.0
291.0
391.0
443.0
444.0
395.0
298.0
160.0
17.0
0.0
0.0
0.0
0.0
0.0
0.0
0.0
0.0
0.0
0.0
0.0
0.0
0.0
0.0
11.0
145.0
285.0
384.0
436.0
437.0
388.0
291.0
154.0
15.0
0.0
0.0
0.0
0.0
0.0
0.0
0.0
0.0
0.0
0.0
0.0
0.0
0.0
0.0
9.0
138.0
278.0
377.0
429.0
430.0
381.0
285.0
147.0
12.0
0.0
0.0
0.0
0.0
0.0
0.0
0.0
0.0
0.0
0.0
0.0
0.0
0.0
0.0
7.0
132.0
271.0
370.0
422.0
424.0
375.0
278.0
141.0
10.0
0.0
0.0
0.0
0.0
0.0
0.0
0.0
0.0
0.0
0.0
0.0
0.0
0.0
0.0
5.0
125.0
264.0
364.0
416.0
417.0
368.0
272.0
135.0
8.0
0.0
0.0
0.0
0.0
0.0
0.0
0.0
0.0
0.0
0.0
0.0
0.0
0.0
0.0
4.0
119.0
258.0
357.0
409.0
411.0
362.0
266.0
129.0
6.0
0.0
0.0
0.0
0.0
0.0
0.0
0.0
0.0
0.0
0.0
0.0
0.0
0.0
0.0
3.0
112.0
251.0
350.0
402.0
404.0
355.0
260.0
123.0
5.0
0.0
0.0
0.0
0.0
0.0
0.0
0.0
0.0
0.0
0.0
0.0
0.0
0.0
0.0
2.0
106.0
245.0
344.0
396.0
398.0
349.0
254.0
117.0
4.0
0.0
0.0
0.0
0.0
0.0
0.0
0.0
0.0
0.0
0.0
0.0
0.0
0.0
0.0
1.0
100.0
239.0
338.0
390.0
392.0
343.0
248.0
112.0
3.0
0.0
0.0
0.0
0.0
0.0
0.0
0.0
0.0
0.0
0.0
0.0
0.0
0.0
0.0
0.0
93.0
232.0
331.0
384.0
386.0
337.0
242.0
106.0
2.0
0.0
0.0
0.0
0.0
0.0
0.0
0.0
0.0
0.0
0.0
0.0
0.0
0.0
0.0
0.0
87.0
226.0
325.0
377.0
380.0
332.0
236.0
101.0
1.0
0.0
0.0
0.0
0.0
0.0
0.0
0.0
0.0
0.0
0.0
0.0
0.0
0.0
0.0
0.0
77.0
220.0
319.0
371.0
374.0
326.0
231.0
96.0
1.0
0.0
0.0
0.0
0.0
0.0
0.0
0.0
0.0
0.0
0.0
0.0
0.0
0.0
0.0
0.0
71.0
214.0
313.0
365.0
368.0
320.0
226.0
91.0
0.0
0.0
0.0
0.0
0.0
0.0
0.0
0.0
0.0
0.0
0.0
0.0
0.0
0.0
0.0
0.0
66.0
208.0
307.0
360.0
362.0
315.0
220.0
86.0
0.0
0.0
0.0
0.0
0.0
0.0
0.0
0.0
0.0
0.0
0.0
0.0
0.0
0.0
0.0
0.0
61.0
202.0
301.0
354.0
357.0
310.0
215.0
81.0
0.0
0.0
0.0
0.0
0.0
0.0
0.0
0.0
0.0
0.0
0.0
0.0
0.0
0.0
0.0
0.0
56.0
196.0
295.0
348.0
351.0
304.0
211.0
72.0
0.0
0.0
0.0
0.0
0.0
0.0
0.0
0.0
0.0
0.0
0.0
0.0
0.0
0.0
0.0
0.0
51.0
191.0
290.0
343.0
346.0
299.0
206.0
68.0
0.0
0.0
0.0
0.0
0.0
0.0
0.0
0.0
0.0
0.0
0.0
0.0
0.0
0.0
0.0
0.0
46.0
185.0
284.0
338.0
341.0
295.0
201.0
64.0
0.0
0.0
0.0
0.0
0.0
0.0
0.0
0.0
0.0
0.0
0.0
0.0
0.0
0.0
0.0
0.0
42.0
180.0
279.0
332.0
336.0
290.0
197.0
60.0
0.0
0.0
0.0
0.0
0.0
0.0
0.0
0.0
0.0
0.0
0.0
0.0
0.0
0.0
0.0
0.0
38.0
174.0
274.0
327.0
331.0
285.0
192.0
57.0
0.0
0.0
0.0
0.0
0.0
0.0
0.0
0.0
0.0
0.0
0.0
0.0
0.0
0.0
0.0
0.0
35.0
169.0
269.0
322.0
326.0
281.0
188.0
53.0
0.0
0.0
0.0
0.0
0.0
0.0
0.0
0.0
0.0
0.0
0.0
0.0
0.0
0.0
0.0
0.0
31.0
164.0
264.0
317.0
322.0
276.0
184.0
50.0
0.0
0.0
0.0
0.0
0.0
0.0
0.0
0.0
0.0
0.0
0.0
0.0
0.0
0.0
0.0
0.0
28.0
159.0
259.0
313.0
317.0
272.0
180.0
47.0
0.0
0.0
0.0
0.0
0.0
0.0
0.0
0.0
0.0
0.0
0.0
0.0
0.0
0.0
0.0
0.0
25.0
154.0
254.0
308.0
313.0
268.0
177.0
45.0
0.0
0.0
0.0
0.0
0.0
0.0
0.0
0.0
0.0
0.0
0.0
0.0
0.0
0.0
0.0
0.0
23.0
149.0
249.0
304.0
309.0
264.0
173.0
42.0
0.0
0.0
0.0
0.0
0.0
0.0
0.0
0.0
0.0
0.0
0.0
0.0
0.0
0.0
0.0
0.0
20.0
144.0
245.0
300.0
305.0
261.0
170.0
40.0
0.0
0.0
0.0
0.0
0.0
0.0
0.0
0.0
0.0
0.0
0.0
0.0
0.0
0.0
0.0
0.0
18.0
140.0
240.0
295.0
301.0
257.0
167.0
38.0
0.0
0.0
0.0
0.0
0.0
0.0
0.0
0.0
0.0
0.0
0.0
0.0
0.0
0.0
0.0
0.0
16.0
136.0
236.0
291.0
297.0
254.0
164.0
36.0
0.0
0.0
0.0
0.0
0.0
0.0
0.0
0.0
0.0
0.0
0.0
0.0
0.0
0.0
0.0
0.0
14.0
131.0
232.0
288.0
294.0
251.0
161.0
34.0
0.0
0.0
0.0
0.0
0.0
0.0
0.0
0.0
0.0
0.0
0.0
0.0
0.0
0.0
0.0
0.0
12.0
127.0
228.0
284.0
291.0
248.0
158.0
33.0
0.0
0.0
0.0
0.0
0.0
0.0
0.0
0.0
0.0
0.0
0.0
0.0
0.0
0.0
0.0
0.0
11.0
123.0
224.0
280.0
287.0
245.0
156.0
31.0
0.0
0.0
0.0
0.0
0.0
0.0
0.0
0.0
0.0
0.0
0.0
0.0
0.0
0.0
0.0
0.0
9.0
119.0
221.0
277.0
284.0
242.0
153.0
30.0
0.0
0.0
0.0
0.0
0.0
0.0
0.0
0.0
0.0
0.0
0.0
0.0
0.0
0.0
0.0
0.0
8.0
116.0
217.0
274.0
282.0
240.0
151.0
29.0
0.0
0.0
0.0
0.0
0.0
0.0
0.0
0.0
0.0
0.0
0.0
0.0
0.0
0.0
0.0
0.0
7.0
112.0
214.0
271.0
279.0
237.0
149.0
27.0
0.0
0.0
0.0
0.0
0.0
0.0
0.0
0.0
0.0
0.0
0.0
0.0
0.0
0.0
0.0
0.0
6.0
109.0
211.0
268.0
276.0
235.0
147.0
27.0
0.0
0.0
0.0
0.0
0.0
0.0
0.0
0.0
0.0
0.0
0.0
0.0
0.0
0.0
0.0
0.0
5.0
106.0
208.0
265.0
274.0
233.0
146.0
26.0
0.0
0.0
0.0
0.0
0.0
0.0
0.0
0.0
0.0
0.0
0.0
0.0
0.0
0.0
0.0
0.0
4.0
102.0
205.0
263.0
272.0
231.0
144.0
25.0
0.0
0.0
0.0
0.0
0.0
0.0
0.0
0.0
0.0
0.0
0.0
0.0
0.0
0.0
0.0
0.0
4.0
99.0
202.0
260.0
270.0
230.0
143.0
24.0
0.0
0.0
0.0
0.0
0.0
0.0
0.0
0.0
0.0
0.0
0.0
0.0
0.0
0.0
0.0
0.0
3.0
97.0
200.0
258.0
268.0
228.0
142.0
24.0
0.0
0.0
0.0
0.0
0.0
0.0
0.0
0.0
0.0
0.0
0.0
0.0
0.0
0.0
0.0
0.0
2.0
94.0
198.0
256.0
266.0
227.0
141.0
24.0
0.0
0.0
0.0
0.0
0.0
0.0
0.0
0.0
0.0
0.0
0.0
0.0
0.0
0.0
0.0
0.0
2.0
92.0
195.0
254.0
265.0
226.0
140.0
23.0
0.0
0.0
0.0
0.0
0.0
0.0
0.0
0.0
0.0
0.0
0.0
0.0
0.0
0.0
0.0
0.0
2.0
89.0
193.0
253.0
264.0
225.0
140.0
23.0
0.0
0.0
0.0
0.0
0.0
0.0
0.0
0.0
0.0
0.0
0.0
0.0
0.0
0.0
0.0
0.0
1.0
87.0
191.0
251.0
262.0
224.0
139.0
23.0
0.0
0.0
0.0
0.0
0.0
0.0
0.0
0.0
0.0
0.0
0.0
0.0
0.0
0.0
0.0
0.0
1.0
85.0
190.0
250.0
262.0
224.0
139.0
23.0
0.0
0.0
0.0
0.0
0.0
0.0
0.0
0.0
0.0
0.0
0.0
0.0
0.0
0.0
0.0
0.0
1.0
84.0
188.0
249.0
261.0
223.0
139.0
23.0
0.0
0.0
0.0
0.0
0.0
0.0
0.0
0.0
0.0
0.0
0.0
0.0
0.0
0.0
0.0
0.0
1.0
82.0
187.0
248.0
260.0
223.0
139.0
23.0
0.0
0.0
0.0
0.0
0.0
0.0
0.0
0.0
0.0
0.0
0.0
0.0
0.0
0.0
0.0
0.0
0.0
80.0
186.0
247.0
260.0
223.0
140.0
24.0
0.0
0.0
0.0
0.0
0.0
0.0
0.0
0.0
0.0
0.0
0.0
0.0
0.0
0.0
0.0
0.0
0.0
79.0
185.0
247.0
260.0
223.0
140.0
24.0
0.0
0.0
0.0
0.0
0.0
0.0
0.0
0.0
0.0
0.0
0.0
0.0
0.0
0.0
0.0
0.0
0.0
78.0
184.0
246.0
260.0
224.0
141.0
25.0
0.0
0.0
0.0
0.0
0.0
0.0
0.0
0.0
0.0
0.0
0.0
0.0
0.0
0.0
0.0
0.0
0.0
77.0
184.0
246.0
260.0
224.0
142.0
25.0
0.0
0.0
0.0
0.0
0.0
0.0
0.0
0.0
0.0
0.0
0.0
0.0
0.0
0.0
0.0
0.0
0.0
76.0
183.0
246.0
260.0
225.0
143.0
26.0
0.0
0.0
0.0
0.0
0.0
0.0
0.0
0.0
0.0
0.0
0.0
0.0
0.0
0.0
0.0
0.0
0.0
76.0
183.0
246.0
261.0
226.0
144.0
27.0
0.0
0.0
0.0
0.0
0.0
0.0
0.0
0.0
0.0
0.0
0.0
0.0
0.0
0.0
0.0
0.0
0.0
75.0
183.0
246.0
261.0
227.0
146.0
28.0
0.0
0.0
0.0
0.0
0.0
0.0
0.0
0.0
0.0
0.0
0.0
0.0
0.0
0.0
0.0
0.0
0.0
75.0
183.0
247.0
262.0
228.0
147.0
29.0
0.0
0.0
0.0
0.0
0.0
0.0
0.0
0.0
0.0
0.0
0.0
0.0
0.0
0.0
0.0
0.0
0.0
75.0
183.0
247.0
263.0
230.0
149.0
30.0
0.0
0.0
0.0
0.0
0.0
0.0
0.0
0.0
0.0
0.0
0.0
0.0
0.0
0.0
0.0
0.0
0.0
75.0
184.0
248.0
265.0
231.0
151.0
32.0
0.0
0.0
0.0
0.0
0.0
0.0
0.0
0.0
0.0
0.0
0.0
0.0
0.0
0.0
0.0
0.0
0.0
75.0
184.0
249.0
266.0
233.0
153.0
33.0
0.0
0.0
0.0
0.0
0.0
0.0
0.0
0.0
0.0
0.0
0.0
0.0
0.0
0.0
0.0
0.0
0.0
76.0
185.0
251.0
268.0
235.0
155.0
35.0
0.0
0.0
0.0
0.0
0.0
0.0
0.0
0.0
