0.0
0.0
0.0
0.0
0.0
0.0
0.0
0.0
0.0
27.0
75.0
103.0
108.0
72.0
44.0
2.0
0.0
0.0
0.0
0.0
0.0
0.0
0.0
0.0
0.0
0.0
0.0
0.0
0.0
0.0
0.0
0.0
0.0
18.0
50.0
68.0
61.0
50.0
29.0
2.0
0.0
0.0
0.0
0.0
0.0
0.0
0.0
0.0
0.0
0.0
0.0
0.0
0.0
0.0
0.0
0.0
0.0
12.0
24.0
59.0
63.0
53.0
28.0
3.0
0.0
0.0
0.0
0.0
0.0
0.0
0.0
0.0
0.0
0.0
0.0
0.0
0.0
0.0
0.0
0.0
0.0
9.0
24.0
35.0
38.0
32.0
21.0
2.0
0.0
0.0
0.0
0.0
0.0
0.0
0.0
0.0
0.0
0.0
0.0
0.0
0.0
0.0
0.0
0.0
0.0
27.0
46.0
57.0
101.0
58.0
66.0
16.0
0.0
0.0
0.0
0.0
0.0
0.0
0.0
0.0
0.0
0.0
0.0
0.0
0.0
0.0
0.0
0.0
0.0
9.0
25.0
12.0
32.0
143.0
101.0
18.0
0.0
0.0
0.0
0.0
0.0
0.0
0.0
0.0
0.0
0.0
0.0
0.0
0.0
0.0
0.0
0.0
0.0
4.0
10.0
16.0
15.0
123.0
79.0
11.0
0.0
0.0
0.0
0.0
0.0
0.0
0.0
0.0
0.0
0.0
0.0
0.0
0.0
0.0
0.0
0.0
0.0
29.0
75.0
105.0
92.0
80.0
38.0
3.0
0.0
0.0
0.0
0.0
0.0
0.0
0.0
0.0
0.0
0.0
0.0
0.0
0.0
0.0
0.0
0.0
0.0
14.0
38.0
45.0
60.0
47.0
29.0
4.0
0.0
0.0
0.0
0.0
0.0
0.0
0.0
0.0
0.0
0.0
0.0
0.0
0.0
0.0
0.0
0.0
0.0
18.0
110.0
88.0
113.0
123.0
102.0
40.0
0.0
0.0
0.0
0.0
0.0
0.0
0.0
0.0
0.0
0.0
0.0
0.0
0.0
0.0
0.0
0.0
0.0
39.0
89.0
145.0
175.0
151.0
109.0
22.0
0.0
0.0
0.0
0.0
0.0
0.0
0.0
0.0
0.0
0.0
0.0
0.0
0.0
0.0
0.0
0.0
0.0
41.0
75.0
134.0
141.0
147.0
115.0
43.0
0.0
0.0
0.0
0.0
0.0
0.0
0.0
0.0
0.0
0.0
0.0
0.0
0.0
0.0
0.0
0.0
0.0
27.0
77.0
120.0
134.0
105.0
103.0
46.0
0.0
0.0
0.0
0.0
0.0
0.0
0.0
0.0
0.0
0.0
0.0
0.0
0.0
0.0
0.0
0.0
0.0
15.0
32.0
48.0
50.0
45.0
32.0
14.0
0.0
0.0
0.0
0.0
0.0
0.0
0.0
0.0
0.0
0.0
0.0
0.0
0.0
0.0
0.0
0.0
0.0
5.0
11.0
15.0
17.0
15.0
11.0
4.0
0.0
0.0
0.0
0.0
0.0
0.0
0.0
0.0
0.0
0.0
0.0
0.0
0.0
0.0
0.0
0.0
0.0
6.0
14.0
19.0
23.0
20.0
14.0
6.0
0.0
0.0
0.0
0.0
0.0
0.0
0.0
0.0
0.0
0.0
0.0
0.0
0.0
0.0
0.0
0.0
0.0
44.0
102.0
146.0
162.0
149.0
104.0
40.0
0.0
0.0
0.0
0.0
0.0
0.0
0.0
0.0
0.0
0.0
0.0
0.0
0.0
0.0
0.0
0.0
0.0
12.0
25.0
33.0
34.0
161.0
109.0
46.0
0.0
0.0
0.0
0.0
0.0
0.0
0.0
0.0
0.0
0.0
0.0
0.0
0.0
0.0
0.0
0.0
1.0
63.0
139.0
194.0
212.0
190.0
132.0
57.0
0.0
0.0
0.0
0.0
0.0
0.0
0.0
0.0
0.0
0.0
0.0
0.0
0.0
0.0
0.0
0.0
0.0
7.0
16.0
21.0
23.0
23.0
15.0
6.0
0.0
0.0
0.0
0.0
0.0
0.0
0.0
0.0
0.0
0.0
0.0
0.0
0.0
0.0
0.0
0.0
1.0
66.0
143.0
176.0
213.0
199.0
137.0
64.0
2.0
0.0
0.0
0.0
0.0
0.0
0.0
0.0
0.0
0.0
0.0
0.0
0.0
0.0
0.0
0.0
1.0
72.0
116.0
141.0
152.0
116.0
150.0
71.0
4.0
0.0
0.0
0.0
0.0
0.0
0.0
0.0
0.0
0.0
0.0
0.0
0.0
0.0
0.0
0.0
1.0
44.0
84.0
108.0
112.0
110.0
85.0
42.0
1.0
0.0
0.0
0.0
0.0
0.0
0.0
0.0
0.0
0.0
0.0
0.0
0.0
0.0
0.0
0.0
1.0
44.0
98.0
139.0
133.0
119.0
85.0
35.0
1.0
0.0
0.0
0.0
0.0
0.0
0.0
0.0
0.0
0.0
0.0
0.0
0.0
0.0
0.0
0.0
1.0
40.0
86.0
118.0
118.0
107.0
75.0
33.0
1.0
0.0
0.0
0.0
0.0
0.0
0.0
0.0
0.0
0.0
0.0
0.0
0.0
0.0
0.0
0.0
1.0
20.0
37.0
20.0
36.0
178.0
134.0
65.0
1.0
0.0
0.0
0.0
0.0
0.0
0.0
0.0
0.0
0.0
0.0
0.0
0.0
0.0
0.0
0.0
2.0
21.0
40.0
48.0
64.0
163.0
118.0
51.0
1.0
0.0
0.0
0.0
0.0
0.0
0.0
0.0
0.0
0.0
0.0
0.0
0.0
0.0
0.0
0.0
1.0
7.0
17.0
39.0
53.0
208.0
154.0
84.0
5.0
0.0
0.0
0.0
0.0
0.0
0.0
0.0
0.0
0.0
0.0
0.0
0.0
0.0
0.0
0.0
1.0
19.0
36.0
50.0
58.0
53.0
39.0
19.0
1.0
0.0
0.0
0.0
0.0
0.0
0.0
0.0
0.0
0.0
0.0
0.0
0.0
0.0
0.0
0.0
1.0
26.0
50.0
70.0
76.0
71.0
51.0
25.0
1.0
0.0
0.0
0.0
0.0
0.0
0.0
0.0
0.0
0.0
0.0
0.0
0.0
0.0
0.0
0.0
1.0
61.0
129.0
189.0
224.0
234.0
188.0
100.0
9.0
0.0
0.0
0.0
0.0
0.0
0.0
0.0
0.0
0.0
0.0
0.0
0.0
0.0
0.0
0.0
8.0
100.0
166.0
199.0
242.0
174.0
75.0
8.0
2.0
0.0
0.0
0.0
0.0
0.0
0.0
0.0
0.0
0.0
0.0
0.0
0.0
0.0
0.0
0.0
2.0
22.0
38.0
45.0
47.0
47.0
39.0
24.0
2.0
0.0
0.0
0.0
0.0
0.0
0.0
0.0
0.0
0.0
0.0
0.0
0.0
0.0
0.0
0.0
2.0
32.0
62.0
83.0
66.0
70.0
44.0
33.0
4.0
0.0
0.0
0.0
0.0
0.0
0.0
0.0
0.0
0.0
0.0
0.0
0.0
0.0
0.0
0.0
4.0
44.0
79.0
108.0
116.0
99.0
77.0
42.0
3.0
0.0
0.0
0.0
0.0
0.0
0.0
0.0
0.0
0.0
0.0
0.0
0.0
0.0
0.0
0.0
2.0
9.0
17.0
22.0
95.0
208.0
188.0
109.0
25.0
0.0
0.0
0.0
0.0
0.0
0.0
0.0
0.0
0.0
0.0
0.0
0.0
0.0
0.0
0.0
3.0
14.0
18.0
43.0
51.0
240.0
180.0
89.0
3.0
0.0
0.0
0.0
0.0
0.0
0.0
0.0
0.0
0.0
0.0
0.0
0.0
0.0
0.0
0.0
2.0
9.0
16.0
21.0
23.0
22.0
17.0
10.0
3.0
0.0
0.0
0.0
0.0
0.0
0.0
0.0
0.0
0.0
0.0
0.0
0.0
0.0
0.0
0.0
2.0
37.0
44.0
69.0
74.0
67.0
51.0
40.0
3.0
0.0
0.0
0.0
0.0
0.0
0.0
0.0
0.0
0.0
0.0
0.0
0.0
0.0
0.0
0.0
5.0
32.0
57.0
89.0
88.0
72.0
65.0
35.0
6.0
0.0
0.0
0.0
0.0
0.0
0.0
0.0
0.0
0.0
0.0
0.0
0.0
0.0
0.0
0.0
7.0
46.0
85.0
97.0
89.0
78.0
65.0
24.0
11.0
0.0
0.0
0.0
0.0
0.0
0.0
0.0
0.0
0.0
0.0
0.0
0.0
0.0
0.0
0.0
3.0
87.0
191.0
294.0
315.0
237.0
150.0
57.0
15.0
0.0
0.0
0.0
0.0
0.0
0.0
0.0
0.0
0.0
0.0
0.0
0.0
0.0
0.0
0.0
38.0
118.0
191.0
276.0
318.0
317.0
240.0
138.0
44.0
0.0
0.0
0.0
0.0
0.0
0.0
0.0
0.0
0.0
0.0
0.0
0.0
0.0
0.0
0.0
46.0
120.0
211.0
270.0
280.0
270.0
217.0
135.0
47.0
0.0
0.0
0.0
0.0
0.0
0.0
0.0
0.0
0.0
0.0
0.0
0.0
0.0
0.0
0.0
32.0
63.0
86.0
115.0
120.0
133.0
135.0
93.0
39.0
0.0
0.0
0.0
0.0
0.0
0.0
0.0
0.0
0.0
0.0
0.0
0.0
0.0
0.0
1.0
48.0
169.0
208.0
137.0
91.0
104.0
125.0
57.0
26.0
0.0
0.0
0.0
0.0
0.0
0.0
0.0
0.0
0.0
0.0
0.0
0.0
0.0
0.0
0.0
5.0
14.0
22.0
185.0
211.0
373.0
305.0
147.0
73.0
0.0
0.0
0.0
0.0
0.0
0.0
0.0
0.0
0.0
0.0
0.0
0.0
0.0
0.0
0.0
51.0
124.0
210.0
268.0
277.0
263.0
207.0
139.0
55.0
0.0
0.0
0.0
0.0
0.0
0.0
0.0
0.0
0.0
0.0
0.0
0.0
0.0
0.0
0.0
59.0
156.0
238.0
293.0
301.0
288.0
242.0
161.0
70.0
1.0
0.0
0.0
0.0
0.0
0.0
0.0
0.0
0.0
0.0
0.0
0.0
0.0
0.0
1.0
70.0
175.0
271.0
341.0
346.0
326.0
258.0
166.0
73.0
1.0
0.0
0.0
0.0
0.0
0.0
0.0
0.0
0.0
0.0
0.0
0.0
0.0
0.0
1.0
83.0
194.0
296.0
363.0
381.0
376.0
314.0
216.0
97.0
3.0
0.0
0.0
0.0
0.0
0.0
0.0
0.0
0.0
0.0
0.0
0.0
0.0
0.0
1.0
10.0
23.0
34.0
42.0
43.0
40.0
34.0
24.0
11.0
1.0
0.0
0.0
0.0
0.0
0.0
0.0
0.0
0.0
0.0
0.0
0.0
0.0
0.0
1.0
8.0
18.0
29.0
35.0
37.0
33.0
27.0
17.0
8.0
1.0
0.0
0.0
0.0
0.0
0.0
0.0
0.0
0.0
0.0
0.0
0.0
0.0
0.0
3.0
92.0
206.0
308.0
376.0
387.0
361.0
279.0
194.0
92.0
3.0
0.0
0.0
0.0
0.0
0.0
0.0
0.0
0.0
0.0
0.0
0.0
0.0
0.0
2.0
82.0
188.0
289.0
352.0
406.0
377.0
325.0
224.0
107.0
8.0
0.0
0.0
0.0
0.0
0.0
0.0
0.0
0.0
0.0
0.0
0.0
0.0
0.0
4.0
99.0
191.0
301.0
332.0
324.0
311.0
233.0
152.0
75.0
1.0
0.0
0.0
0.0
0.0
0.0
0.0
0.0
0.0
0.0
0.0
0.0
0.0
0.0
3.0
78.0
148.0
233.0
204.0
218.0
326.0
268.0
240.0
119.0
8.0
0.0
0.0
0.0
0.0
0.0
0.0
0.0
0.0
0.0
0.0
0.0
0.0
0.0
4.0
72.0
158.0
212.0
264.0
287.0
264.0
215.0
138.0
65.0
2.0
0.0
0.0
0.0
0.0
0.0
0.0
0.0
0.0
0.0
0.0
0.0
0.0
0.0
2.0
10.0
21.0
31.0
33.0
35.0
268.0
227.0
160.0
83.0
6.0
0.0
0.0
0.0
0.0
0.0
0.0
0.0
0.0
0.0
0.0
0.0
0.0
0.0
2.0
18.0
40.0
66.0
77.0
90.0
82.0
80.0
55.0
27.0
3.0
0.0
0.0
0.0
0.0
0.0
0.0
0.0
0.0
0.0
0.0
0.0
0.0
0.0
9.0
110.0
220.0
320.0
404.0
428.0
398.0
324.0
225.0
125.0
11.0
0.0
0.0
0.0
0.0
0.0
0.0
0.0
0.0
0.0
0.0
0.0
0.0
0.0
8.0
110.0
214.0
316.0
372.0
385.0
414.0
376.0
256.0
137.0
11.0
0.0
0.0
0.0
0.0
0.0
0.0
0.0
0.0
0.0
0.0
0.0
0.0
0.0
3.0
16.0
277.0
387.0
323.0
364.0
400.0
158.0
66.0
102.0
31.0
0.0
0.0
0.0
0.0
0.0
0.0
0.0
0.0
0.0
0.0
0.0
0.0
0.0
8.0
92.0
216.0
265.0
321.0
408.0
443.0
370.0
271.0
143.0
9.0
0.0
0.0
0.0
0.0
0.0
0.0
0.0
0.0
0.0
0.0
0.0
0.0
0.0
18.0
147.0
277.0
346.0
412.0
436.0
408.0
363.0
266.0
155.0
22.0
0.0
0.0
0.0
0.0
0.0
0.0
0.0
0.0
0.0
0.0
0.0
0.0
0.0
17.0
147.0
264.0
409.0
431.0
369.0
326.0
238.0
130.0
49.0
4.0
0.0
0.0
0.0
0.0
0.0
0.0
0.0
0.0
0.0
0.0
0.0
0.0
0.0
7.0
15.0
256.0
444.0
291.0
205.0
159.0
65.0
79.0
100.0
5.0
0.0
0.0
0.0
0.0
0.0
0.0
0.0
0.0
0.0
0.0
0.0
0.0
0.0
18.0
24.0
27.0
132.0
180.0
388.0
275.0
192.0
177.0
111.0
34.0
0.0
0.0
0.0
0.0
0.0
0.0
0.0
0.0
0.0
0.0
0.0
0.0
0.0
33.0
97.0
159.0
225.0
222.0
267.0
252.0
271.0
233.0
160.0
59.0
0.0
0.0
0.0
0.0
0.0
0.0
0.0
0.0
0.0
0.0
0.0
0.0
0.0
5.0
83.0
39.0
55.0
337.0
374.0
196.0
308.0
162.0
146.0
51.0
0.0
0.0
0.0
0.0
0.0
0.0
0.0
0.0
0.0
0.0
0.0
0.0
1.0
74.0
214.0
295.0
410.0
343.0
320.0
245.0
115.0
107.0
71.0
6.0
0.0
0.0
0.0
0.0
0.0
0.0
0.0
0.0
0.0
0.0
0.0
0.0
1.0
80.0
218.0
283.0
340.0
355.0
477.0
309.0
318.0
229.0
105.0
42.0
0.0
0.0
0.0
0.0
0.0
0.0
0.0
0.0
0.0
0.0
0.0
0.0
0.0
6.0
16.0
43.0
36.0
41.0
302.0
508.0
464.0
317.0
17.0
17.0
0.0
0.0
0.0
0.0
0.0
0.0
0.0
0.0
0.0
0.0
0.0
0.0
0.0
48.0
129.0
218.0
290.0
349.0
351.0
338.0
298.0
219.0
131.0
50.0
1.0
0.0
0.0
0.0
0.0
0.0
0.0
0.0
0.0
0.0
0.0
0.0
0.0
59.0
78.0
110.0
138.0
357.0
574.0
445.0
245.0
26.0
16.0
6.0
0.0
0.0
0.0
0.0
0.0
0.0
0.0
0.0
0.0
0.0
0.0
0.0
1.0
63.0
134.0
222.0
233.0
297.0
379.0
329.0
327.0
269.0
198.0
89.0
3.0
0.0
0.0
0.0
0.0
0.0
0.0
0.0
0.0
0.0
0.0
0.0
1.0
21.0
49.0
66.0
77.0
41.0
96.0
401.0
348.0
283.0
164.0
73.0
1.0
0.0
0.0
0.0
0.0
0.0
0.0
0.0
0.0
0.0
0.0
0.0
1.0
32.0
61.0
101.0
123.0
141.0
200.0
158.0
133.0
125.0
83.0
26.0
1.0
0.0
0.0
0.0
0.0
0.0
0.0
0.0
0.0
0.0
0.0
0.0
2.0
32.0
63.0
99.0
107.0
120.0
136.0
119.0
103.0
91.0
54.0
24.0
1.0
0.0
0.0
0.0
0.0
0.0
0.0
0.0
0.0
0.0
0.0
0.0
1.0
23.0
51.0
87.0
93.0
113.0
129.0
117.0
114.0
82.0
58.0
30.0
1.0
0.0
0.0
0.0
0.0
0.0
0.0
0.0
0.0
0.0
0.0
0.0
5.0
86.0
121.0
156.0
200.0
348.0
407.0
409.0
391.0
379.0
264.0
114.0
7.0
0.0
0.0
0.0
0.0
0.0
0.0
0.0
0.0
0.0
0.0
0.0
2.0
11.0
73.0
135.0
235.0
241.0
273.0
237.0
250.0
267.0
202.0
123.0
5.0
0.0
0.0
0.0
0.0
0.0
0.0
0.0
0.0
0.0
0.0
0.0
17.0
142.0
140.0
305.0
350.0
626.0
361.0
254.0
41.0
32.0
20.0
9.0
1.0
0.0
0.0
0.0
0.0
0.0
0.0
0.0
0.0
0.0
0.0
0.0
10.0
131.0
266.0
398.0
496.0
563.0
583.0
547.0
465.0
358.0
232.0
106.0
4.0
0.0
0.0
0.0
0.0
0.0
0.0
0.0
0.0
0.0
0.0
0.0
12.0
121.0
250.0
377.0
453.0
519.0
516.0
513.0
450.0
342.0
207.0
91.0
3.0
0.0
0.0
0.0
0.0
0.0
0.0
0.0
0.0
0.0
0.0
0.0
3.0
31.0
63.0
92.0
127.0
155.0
178.0
198.0
175.0
133.0
96.0
44.0
3.0
0.0
0.0
0.0
0.0
0.0
0.0
0.0
0.0
0.0
0.0
0.0
3.0
12.0
23.0
33.0
60.0
119.0
169.0
364.0
314.0
189.0
108.0
60.0
6.0
0.0
0.0
0.0
0.0
0.0
0.0
0.0
0.0
0.0
0.0
0.0
6.0
62.0
167.0
302.0
394.0
448.0
424.0
468.0
376.0
268.0
175.0
80.0
2.0
0.0
0.0
0.0
0.0
0.0
0.0
0.0
0.0
0.0
0.0
0.0
4.0
14.0
26.0
37.0
45.0
50.0
52.0
379.0
333.0
263.0
176.0
85.0
6.0
0.0
0.0
0.0
0.0
0.0
0.0
0.0
0.0
0.0
0.0
0.0
33.0
156.0
268.0
335.0
439.0
554.0
640.0
499.0
385.0
222.0
88.0
88.0
4.0
0.0
0.0
0.0
0.0
0.0
0.0
0.0
0.0
0.0
0.0
0.0
22.0
85.0
140.0
201.0
253.0
255.0
244.0
256.0
223.0
177.0
104.0
57.0
3.0
0.0
0.0
0.0
0.0
0.0
0.0
0.0
0.0
0.0
0.0
0.0
58.0
183.0
324.0
457.0
558.0
621.0
641.0
606.0
532.0
422.0
289.0
146.0
13.0
0.0
0.0
0.0
0.0
0.0
0.0
0.0
0.0
0.0
0.0
0.0
32.0
136.0
191.0
276.0
300.0
345.0
254.0
385.0
285.0
138.0
148.0
13.0
3.0
0.0
0.0
0.0
0.0
0.0
0.0
0.0
0.0
0.0
0.0
0.0
42.0
91.0
156.0
241.0
336.0
365.0
393.0
311.0
281.0
213.0
148.0
67.0
4.0
0.0
0.0
0.0
0.0
0.0
0.0
0.0
0.0
0.0
0.0
0.0
34.0
101.0
157.0
229.0
285.0
290.0
294.0
283.0
257.0
214.0
145.0
61.0
4.0
0.0
0.0
0.0
0.0
0.0
0.0
0.0
0.0
0.0
0.0
2.0
52.0
164.0
133.0
267.0
313.0
83.0
169.0
513.0
291.0
51.0
160.0
117.0
52.0
0.0
0.0
0.0
0.0
0.0
0.0
0.0
0.0
0.0
0.0
1.0
72.0
149.0
243.0
314.0
296.0
422.0
484.0
450.0
414.0
373.0
248.0
154.0
56.0
0.0
0.0
0.0
0.0
0.0
0.0
0.0
0.0
0.0
0.0
1.0
62.0
164.0
292.0
405.0
477.0
518.0
537.0
468.0
425.0
344.0
221.0
127.0
32.0
0.0
0.0
0.0
0.0
0.0
0.0
0.0
0.0
0.0
0.0
1.0
24.0
143.0
282.0
352.0
158.0
285.0
55.0
223.0
302.0
285.0
152.0
15.0
5.0
0.0
0.0
0.0
0.0
0.0
0.0
0.0
0.0
0.0
0.0
1.0
8.0
21.0
357.0
484.0
681.0
619.0
422.0
237.0
247.0
42.0
30.0
17.0
6.0
0.0
0.0
0.0
0.0
0.0
0.0
0.0
0.0
0.0
0.0
1.0
83.0
263.0
223.0
365.0
393.0
457.0
365.0
339.0
364.0
41.0
29.0
17.0
5.0
0.0
0.0
0.0
0.0
0.0
0.0
0.0
0.0
0.0
0.0
4.0
104.0
245.0
365.0
449.0
546.0
627.0
582.0
554.0
483.0
391.0
280.0
134.0
46.0
0.0
0.0
0.0
0.0
0.0
0.0
0.0
0.0
0.0
0.0
4.0
98.0
222.0
360.0
472.0
565.0
619.0
644.0
612.0
547.0
469.0
347.0
202.0
71.0
1.0
0.0
0.0
0.0
0.0
0.0
0.0
0.0
0.0
0.0
1.0
45.0
105.0
198.0
250.0
284.0
309.0
303.0
305.0
230.0
196.0
132.0
87.0
31.0
0.0
0.0
0.0
0.0
0.0
0.0
0.0
0.0
0.0
0.0
4.0
67.0
144.0
246.0
321.0
402.0
431.0
447.0
446.0
386.0
323.0
216.0
128.0
44.0
0.0
0.0
0.0
0.0
0.0
0.0
0.0
0.0
0.0
0.0
2.0
23.0
46.0
63.0
73.0
104.0
135.0
148.0
140.0
123.0
92.0
71.0
42.0
18.0
0.0
0.0
0.0
0.0
0.0
0.0
0.0
0.0
0.0
0.0
5.0
70.0
152.0
205.0
283.0
308.0
376.0
374.0
362.0
338.0
262.0
192.0
112.0
39.0
0.0
0.0
0.0
0.0
0.0
0.0
0.0
0.0
0.0
0.0
9.0
107.0
231.0
349.0
435.0
522.0
569.0
591.0
542.0
492.0
390.0
282.0
165.0
63.0
1.0
0.0
0.0
0.0
0.0
0.0
0.0
0.0
0.0
0.0
2.0
12.0
54.0
122.0
194.0
315.0
487.0
635.0
645.0
534.0
374.0
312.0
242.0
96.0
9.0
0.0
0.0
0.0
0.0
0.0
0.0
0.0
0.0
0.0
13.0
114.0
226.0
327.0
425.0
501.0
542.0
542.0
518.0
464.0
384.0
283.0
169.0
66.0
1.0
0.0
0.0
0.0
0.0
0.0
0.0
0.0
0.0
0.0
16.0
138.0
279.0
421.0
548.0
644.0
709.0
723.0
689.0
616.0
511.0
375.0
230.0
97.0
4.0
0.0
0.0
0.0
0.0
0.0
0.0
0.0
0.0
0.0
17.0
140.0
277.0
414.0
536.0
630.0
672.0
684.0
661.0
585.0
477.0
351.0
212.0
89.0
3.0
0.0
0.0
0.0
0.0
0.0
0.0
0.0
0.0
0.0
11.0
169.0
206.0
491.0
631.0
563.0
400.0
611.0
346.0
426.0
345.0
180.0
19.0
8.0
1.0
0.0
0.0
0.0
0.0
0.0
0.0
0.0
0.0
0.0
24.0
74.0
152.0
230.0
295.0
329.0
390.0
398.0
405.0
349.0
258.0
201.0
113.0
48.0
1.0
0.0
0.0
0.0
0.0
0.0
0.0
0.0
0.0
0.0
27.0
88.0
173.0
246.0
316.0
340.0
385.0
427.0
368.0
318.0
250.0
184.0
89.0
37.0
2.0
0.0
0.0
0.0
0.0
0.0
0.0
0.0
0.0
0.0
41.0
133.0
241.0
349.0
468.0
519.0
541.0
611.0
617.0
543.0
462.0
353.0
205.0
89.0
6.0
0.0
0.0
0.0
0.0
0.0
0.0
0.0
0.0
0.0
30.0
95.0
200.0
299.0
424.0
484.0
524.0
524.0
484.0
403.0
312.0
221.0
132.0
51.0
2.0
0.0
0.0
0.0
0.0
0.0
0.0
0.0
0.0
0.0
55.0
167.0
307.0
442.0
566.0
656.0
707.0
719.0
683.0
613.0
509.0
379.0
239.0
109.0
7.0
0.0
0.0
0.0
0.0
0.0
0.0
0.0
0.0
0.0
36.0
109.0
174.0
255.0
327.0
404.0
476.0
430.0
366.0
353.0
310.0
281.0
147.0
61.0
2.0
0.0
0.0
0.0
0.0
0.0
0.0
0.0
0.0
0.0
45.0
133.0
250.0
364.0
453.0
531.0
573.0
589.0
559.0
493.0
414.0
312.0
203.0
95.0
8.0
0.0
0.0
0.0
0.0
0.0
0.0
0.0
0.0
0.0
63.0
178.0
312.0
441.0
544.0
634.0
696.0
712.0
662.0
594.0
506.0
375.0
233.0
113.0
9.0
0.0
0.0
0.0
0.0
0.0
0.0
0.0
0.0
1.0
62.0
179.0
319.0
452.0
550.0
611.0
678.0
664.0
602.0
503.0
385.0
298.0
186.0
84.0
2.0
0.0
0.0
0.0
0.0
0.0
0.0
0.0
0.0
0.0
34.0
97.0
174.0
239.0
288.0
329.0
323.0
356.0
380.0
326.0
294.0
234.0
137.0
57.0
3.0
0.0
0.0
0.0
0.0
0.0
0.0
0.0
0.0
1.0
39.0
93.0
176.0
246.0
299.0
356.0
390.0
349.0
313.0
294.0
207.0
151.0
93.0
38.0
3.0
0.0
0.0
0.0
0.0
0.0
0.0
0.0
0.0
1.0
29.0
84.0
138.0
180.0
226.0
249.0
272.0
268.0
255.0
245.0
214.0
146.0
90.0
38.0
3.0
0.0
0.0
0.0
0.0
0.0
0.0
0.0
0.0
3.0
55.0
129.0
187.0
251.0
273.0
288.0
339.0
349.0
307.0
218.0
182.0
99.0
52.0
12.0
3.0
0.0
0.0
0.0
0.0
0.0
0.0
0.0
0.0
1.0
52.0
129.0
289.0
406.0
453.0
416.0
445.0
511.0
429.0
405.0
504.0
401.0
313.0
160.0
45.0
0.0
0.0
0.0
0.0
0.0
0.0
0.0
0.0
3.0
89.0
213.0
354.0
496.0
618.0
708.0
758.0
764.0
737.0
677.0
574.0
440.0
292.0
150.0
44.0
0.0
0.0
0.0
0.0
0.0
0.0
0.0
0.0
1.0
54.0
157.0
255.0
361.0
460.0
437.0
498.0
575.0
538.0
554.0
523.0
389.0
283.0
148.0
37.0
0.0
0.0
0.0
0.0
0.0
0.0
0.0
0.0
7.0
34.0
90.0
138.0
241.0
327.0
286.0
308.0
373.0
318.0
222.0
295.0
171.0
24.0
39.0
10.0
0.0
0.0
0.0
0.0
0.0
0.0
0.0
0.0
5.0
94.0
219.0
357.0
492.0
609.0
703.0
761.0
768.0
738.0
675.0
570.0
440.0
300.0
162.0
52.0
0.0
0.0
0.0
0.0
0.0
0.0
0.0
0.0
6.0
110.0
253.0
400.0
515.0
641.0
737.0
386.0
386.0
361.0
327.0
278.0
204.0
161.0
85.0
29.0
0.0
0.0
0.0
0.0
0.0
0.0
0.0
0.0
7.0
102.0
242.0
291.0
407.0
399.0
410.0
232.0
279.0
209.0
362.0
390.0
321.0
171.0
113.0
45.0
1.0
0.0
0.0
0.0
0.0
0.0
0.0
0.0
6.0
91.0
200.0
319.0
436.0
534.0
607.0
653.0
658.0
632.0
565.0
476.0
367.0
247.0
134.0
45.0
0.0
0.0
0.0
0.0
0.0
0.0
0.0
0.0
8.0
104.0
223.0
366.0
482.0
595.0
687.0
732.0
742.0
703.0
640.0
563.0
427.0
287.0
160.0
56.0
1.0
0.0
0.0
0.0
0.0
0.0
0.0
0.0
8.0
96.0
218.0
356.0
481.0
589.0
661.0
726.0
731.0
702.0
644.0
552.0
429.0
305.0
168.0
59.0
1.0
0.0
0.0
0.0
0.0
0.0
0.0
0.0
5.0
52.0
128.0
198.0
258.0
334.0
412.0
449.0
479.0
437.0
397.0
334.0
236.0
180.0
101.0
34.0
0.0
0.0
0.0
0.0
0.0
0.0
0.0
0.0
12.0
121.0
257.0
403.0
547.0
665.0
758.0
809.0
813.0
780.0
701.0
594.0
463.0
320.0
180.0
65.0
1.0
0.0
0.0
0.0
0.0
0.0
0.0
0.0
13.0
125.0
261.0
411.0
554.0
680.0
769.0
825.0
838.0
801.0
730.0
620.0
488.0
340.0
193.0
73.0
1.0
0.0
0.0
0.0
0.0
0.0
0.0
0.0
13.0
114.0
233.0
362.0
484.0
611.0
696.0
735.0
717.0
697.0
618.0
511.0
398.0
280.0
156.0
57.0
1.0
0.0
0.0
0.0
0.0
0.0
0.0
0.0
3.0
12.0
26.0
36.0
48.0
59.0
70.0
77.0
76.0
65.0
61.0
55.0
40.0
33.0
18.0
8.0
1.0
0.0
0.0
0.0
0.0
0.0
0.0
0.0
3.0
31.0
80.0
118.0
160.0
189.0
204.0
235.0
224.0
211.0
191.0
167.0
121.0
86.0
51.0
19.0
1.0
0.0
0.0
0.0
0.0
0.0
0.0
0.0
17.0
125.0
252.0
392.0
528.0
637.0
725.0
776.0
779.0
750.0
690.0
600.0
481.0
338.0
200.0
80.0
3.0
0.0
0.0
0.0
0.0
0.0
0.0
0.0
34.0
126.0
244.0
378.0
503.0
593.0
676.0
704.0
723.0
689.0
626.0
518.0
426.0
290.0
159.0
63.0
1.0
0.0
0.0
0.0
0.0
0.0
0.0
0.0
8.0
29.0
90.0
118.0
93.0
174.0
246.0
293.0
219.0
221.0
216.0
143.0
156.0
99.0
96.0
36.0
3.0
0.0
0.0
0.0
0.0
0.0
0.0
0.0
27.0
60.0
127.0
162.0
197.0
378.0
268.0
190.0
337.0
352.0
328.0
363.0
377.0
285.0
252.0
105.0
14.0
0.0
0.0
0.0
0.0
0.0
0.0
0.0
27.0
90.0
174.0
272.0
342.0
418.0
448.0
441.0
421.0
464.0
411.0
337.0
275.0
188.0
109.0
45.0
1.0
0.0
0.0
0.0
0.0
0.0
0.0
0.0
15.0
53.0
119.0
210.0
298.0
369.0
413.0
455.0
457.0
361.0
268.0
186.0
124.0
45.0
17.0
7.0
1.0
0.0
0.0
0.0
0.0
0.0
0.0
0.0
29.0
94.0
145.0
235.0
393.0
492.0
574.0
605.0
688.0
754.0
447.0
477.0
409.0
375.0
218.0
103.0
14.0
0.0
0.0
0.0
0.0
0.0
0.0
0.0
37.0
113.0
167.0
268.0
486.0
495.0
535.0
365.0
620.0
644.0
573.0
322.0
461.0
395.0
232.0
57.0
1.0
0.0
0.0
0.0
0.0
0.0
0.0
0.0
43.0
142.0
265.0
367.0
414.0
531.0
569.0
632.0
661.0
634.0
582.0
537.0
463.0
327.0
197.0
73.0
2.0
0.0
0.0
0.0
0.0
0.0
0.0
0.0
50.0
151.0
289.0
437.0
576.0
690.0
781.0
825.0
840.0
806.0
736.0
632.0
501.0
355.0
210.0
90.0
5.0
0.0
0.0
0.0
0.0
0.0
0.0
0.0
20.0
18.0
62.0
62.0
110.0
508.0
574.0
934.0
499.0
520.0
400.0
206.0
44.0
65.0
19.0
9.0
2.0
0.0
0.0
0.0
0.0
0.0
0.0
0.0
39.0
113.0
176.0
222.0
206.0
352.0
135.0
73.0
496.0
673.0
569.0
601.0
387.0
157.0
98.0
45.0
2.0
0.0
0.0
0.0
0.0
0.0
0.0
0.0
22.0
65.0
120.0
175.0
212.0
279.0
322.0
324.0
284.0
278.0
288.0
225.0
177.0
126.0
76.0
34.0
2.0
0.0
0.0
0.0
0.0
0.0
0.0
0.0
11.0
25.0
75.0
98.0
118.0
182.0
193.0
262.0
243.0
212.0
250.0
173.0
132.0
65.0
24.0
25.0
2.0
0.0
0.0
0.0
0.0
0.0
0.0
0.0
8.0
25.0
47.0
67.0
87.0
114.0
123.0
132.0
149.0
144.0
130.0
112.0
95.0
63.0
36.0
13.0
2.0
0.0
0.0
0.0
0.0
0.0
0.0
0.0
44.0
114.0
227.0
347.0
447.0
516.0
578.0
596.0
554.0
545.0
521.0
458.0
355.0
240.0
149.0
61.0
2.0
0.0
0.0
0.0
0.0
0.0
0.0
1.0
53.0
144.0
264.0
407.0
533.0
631.0
714.0
756.0
767.0
748.0
660.0
574.0
463.0
326.0
194.0
89.0
7.0
0.0
0.0
0.0
0.0
0.0
0.0
0.0
13.0
116.0
228.0
340.0
435.0
591.0
874.0
914.0
271.0
66.0
61.0
53.0
42.0
31.0
19.0
9.0
2.0
0.0
0.0
0.0
0.0
0.0
0.0
0.0
28.0
83.0
146.0
204.0
268.0
313.0
360.0
364.0
380.0
379.0
323.0
251.0
203.0
129.0
83.0
37.0
2.0
0.0
0.0
0.0
0.0
0.0
0.0
1.0
61.0
155.0
279.0
424.0
596.0
753.0
781.0
434.0
372.0
411.0
427.0
359.0
269.0
173.0
124.0
65.0
7.0
0.0
0.0
0.0
0.0
0.0
0.0
0.0
6.0
25.0
25.0
85.0
174.0
231.0
322.0
304.0
338.0
329.0
334.0
287.0
248.0
198.0
162.0
83.0
15.0
0.0
0.0
0.0
0.0
0.0
0.0
1.0
32.0
72.0
88.0
105.0
121.0
276.0
446.0
417.0
250.0
471.0
309.0
350.0
408.0
323.0
196.0
130.0
32.0
0.0
0.0
0.0
0.0
0.0
0.0
0.0
22.0
61.0
120.0
178.0
224.0
262.0
295.0
306.0
295.0
269.0
258.0
222.0
179.0
125.0
76.0
38.0
3.0
0.0
0.0
0.0
0.0
0.0
0.0
0.0
25.0
72.0
154.0
243.0
269.0
335.0
313.0
350.0
327.0
282.0
292.0
264.0
204.0
160.0
97.0
43.0
3.0
0.0
0.0
0.0
0.0
0.0
0.0
1.0
59.0
164.0
303.0
448.0
584.0
701.0
784.0
837.0
851.0
824.0
761.0
657.0
528.0
384.0
244.0
117.0
14.0
0.0
0.0
0.0
0.0
0.0
0.0
1.0
57.0
157.0
287.0
426.0
557.0
672.0
758.0
807.0
822.0
799.0
733.0
634.0
513.0
378.0
242.0
118.0
16.0
0.0
0.0
0.0
0.0
0.0
0.0
0.0
10.0
25.0
43.0
65.0
95.0
125.0
145.0
162.0
145.0
149.0
135.0
129.0
89.0
64.0
41.0
23.0
3.0
0.0
0.0
0.0
0.0
0.0
0.0
0.0
10.0
28.0
54.0
79.0
107.0
131.0
128.0
150.0
163.0
130.0
128.0
136.0
100.0
75.0
47.0
24.0
3.0
0.0
0.0
0.0
0.0
0.0
0.0
0.0
64.0
177.0
247.0
422.0
580.0
665.0
833.0
386.0
196.0
207.0
312.0
287.0
311.0
209.0
130.0
133.0
23.0
0.0
0.0
0.0
0.0
0.0
0.0
0.0
26.0
84.0
143.0
207.0
291.0
352.0
384.0
421.0
379.0
375.0
369.0
342.0
277.0
197.0
126.0
57.0
10.0
0.0
0.0
0.0
0.0
0.0
0.0
1.0
54.0
152.0
292.0
439.0
592.0
723.0
839.0
547.0
511.0
526.0
487.0
400.0
319.0
211.0
120.0
47.0
3.0
0.0
0.0
0.0
0.0
0.0
0.0
1.0
53.0
142.0
261.0
402.0
529.0
635.0
724.0
788.0
789.0
761.0
707.0
601.0
475.0
345.0
220.0
110.0
16.0
0.0
0.0
0.0
0.0
0.0
0.0
1.0
49.0
132.0
244.0
358.0
473.0
583.0
683.0
708.0
772.0
747.0
683.0
576.0
457.0
326.0
184.0
86.0
7.0
0.0
0.0
0.0
0.0
0.0
0.0
1.0
57.0
159.0
293.0
437.0
575.0
695.0
783.0
837.0
849.0
815.0
750.0
649.0
526.0
383.0
242.0
116.0
14.0
0.0
0.0
0.0
0.0
0.0
0.0
1.0
55.0
155.0
289.0
433.0
567.0
682.0
768.0
821.0
838.0
816.0
746.0
652.0
530.0
393.0
251.0
122.0
17.0
0.0
0.0
0.0
0.0
0.0
0.0
0.0
10.0
26.0
49.0
89.0
95.0
104.0
121.0
141.0
142.0
144.0
130.0
112.0
85.0
66.0
42.0
19.0
3.0
0.0
0.0
0.0
0.0
0.0
0.0
0.0
14.0
40.0
83.0
118.0
159.0
179.0
215.0
249.0
252.0
268.0
272.0
225.0
176.0
128.0
77.0
37.0
3.0
0.0
0.0
0.0
0.0
0.0
0.0
0.0
22.0
60.0
108.0
156.0
202.0
242.0
259.0
257.0
280.0
282.0
269.0
226.0
195.0
140.0
83.0
40.0
3.0
0.0
0.0
0.0
0.0
0.0
0.0
0.0
53.0
154.0
287.0
425.0
558.0
672.0
772.0
828.0
847.0
814.0
748.0
655.0
522.0
381.0
239.0
118.0
15.0
0.0
0.0
0.0
0.0
0.0
0.0
0.0
49.0
142.0
261.0
399.0
540.0
659.0
740.0
800.0
803.0
760.0
700.0
608.0
494.0
362.0
227.0
111.0
15.0
0.0
0.0
0.0
0.0
0.0
0.0
0.0
49.0
144.0
260.0
382.0
567.0
700.0
853.0
487.0
462.0
478.0
372.0
307.0
268.0
179.0
111.0
47.0
5.0
0.0
0.0
0.0
0.0
0.0
0.0
0.0
13.0
46.0
39.0
83.0
163.0
278.0
257.0
266.0
269.0
273.0
237.0
219.0
122.0
121.0
87.0
33.0
3.0
0.0
0.0
0.0
0.0
0.0
0.0
0.0
12.0
37.0
89.0
98.0
136.0
210.0
238.0
202.0
221.0
192.0
146.0
147.0
113.0
87.0
51.0
30.0
3.0
0.0
0.0
0.0
0.0
0.0
0.0
0.0
28.0
64.0
123.0
172.0
239.0
270.0
306.0
367.0
350.0
380.0
358.0
280.0
195.0
134.0
93.0
43.0
3.0
0.0
0.0
0.0
0.0
0.0
0.0
0.0
25.0
73.0
145.0
224.0
296.0
348.0
326.0
383.0
435.0
402.0
368.0
299.0
252.0
164.0
108.0
51.0
3.0
0.0
0.0
0.0
0.0
0.0
0.0
0.0
36.0
111.0
203.0
274.0
336.0
419.0
468.0
537.0
562.0
493.0
439.0
384.0
267.0
192.0
111.0
51.0
3.0
0.0
0.0
0.0
0.0
0.0
0.0
0.0
8.0
22.0
38.0
59.0
90.0
115.0
134.0
146.0
151.0
148.0
139.0
112.0
87.0
61.0
39.0
15.0
3.0
0.0
0.0
0.0
0.0
0.0
0.0
0.0
43.0
133.0
259.0
395.0
522.0
630.0
714.0
769.0
787.0
780.0
713.0
619.0
501.0
372.0
231.0
110.0
10.0
0.0
0.0
0.0
0.0
0.0
0.0
0.0
30.0
97.0
182.0
274.0
352.0
407.0
477.0
486.0
505.0
521.0
429.0
383.0
292.0
212.0
129.0
52.0
2.0
0.0
0.0
0.0
0.0
0.0
0.0
0.0
21.0
83.0
71.0
227.0
432.0
667.0
701.0
160.0
418.0
573.0
608.0
264.0
261.0
303.0
232.0
131.0
31.0
0.0
0.0
0.0
0.0
0.0
0.0
0.0
20.0
70.0
134.0
184.0
253.0
311.0
362.0
421.0
439.0
387.0
358.0
266.0
191.0
141.0
85.0
38.0
2.0
0.0
0.0
0.0
0.0
0.0
0.0
0.0
38.0
134.0
264.0
408.0
543.0
661.0
750.0
802.0
820.0
802.0
745.0
648.0
526.0
387.0
244.0
115.0
11.0
0.0
0.0
0.0
0.0
0.0
0.0
0.0
34.0
124.0
250.0
387.0
515.0
621.0
701.0
752.0
768.0
759.0
701.0
614.0
496.0
360.0
221.0
101.0
9.0
0.0
0.0
0.0
0.0
0.0
0.0
0.0
8.0
73.0
162.0
284.0
284.0
329.0
416.0
450.0
445.0
438.0
359.0
372.0
215.0
158.0
82.0
42.0
2.0
0.0
0.0
0.0
0.0
0.0
0.0
0.0
3.0
18.0
36.0
59.0
76.0
89.0
98.0
120.0
120.0
118.0
102.0
94.0
85.0
59.0
37.0
18.0
2.0
0.0
0.0
0.0
0.0
0.0
0.0
0.0
4.0
32.0
65.0
101.0
144.0
170.0
201.0
216.0
224.0
222.0
204.0
165.0
125.0
97.0
62.0
25.0
2.0
0.0
0.0
0.0
0.0
0.0
0.0
0.0
18.0
115.0
233.0
397.0
564.0
748.0
701.0
765.0
567.0
566.0
461.0
268.0
85.0
31.0
19.0
21.0
2.0
0.0
0.0
0.0
0.0
0.0
0.0
0.0
2.0
9.0
91.0
191.0
200.0
198.0
203.0
193.0
390.0
366.0
330.0
405.0
368.0
331.0
232.0
103.0
17.0
0.0
0.0
0.0
0.0
0.0
0.0
0.0
4.0
70.0
155.0
253.0
324.0
404.0
407.0
474.0
474.0
453.0
451.0
422.0
312.0
242.0
119.0
54.0
2.0
0.0
0.0
0.0
0.0
0.0
0.0
0.0
4.0
37.0
77.0
119.0
161.0
191.0
213.0
233.0
245.0
234.0
211.0
188.0
151.0
111.0
65.0
28.0
1.0
0.0
0.0
0.0
0.0
0.0
0.0
0.0
7.0
66.0
137.0
192.0
244.0
309.0
376.0
422.0
415.0
340.0
292.0
281.0
228.0
137.0
87.0
38.0
1.0
0.0
0.0
0.0
0.0
0.0
0.0
0.0
8.0
103.0
227.0
358.0
492.0
606.0
688.0
760.0
798.0
780.0
708.0
614.0
496.0
362.0
220.0
96.0
5.0
0.0
0.0
0.0
0.0
0.0
0.0
0.0
2.0
37.0
66.0
101.0
169.0
197.0
206.0
214.0
247.0
281.0
249.0
177.0
138.0
125.0
79.0
36.0
2.0
0.0
0.0
0.0
0.0
0.0
0.0
0.0
3.0
46.0
107.0
161.0
241.0
304.0
332.0
361.0
317.0
326.0
324.0
264.0
208.0
145.0
78.0
31.0
1.0
0.0
0.0
0.0
0.0
0.0
0.0
0.0
4.0
48.0
102.0
168.0
235.0
257.0
311.0
354.0
380.0
364.0
348.0
297.0
223.0
155.0
91.0
36.0
1.0
0.0
0.0
0.0
0.0
0.0
0.0
0.0
1.0
76.0
196.0
287.0
395.0
481.0
552.0
604.0
628.0
576.0
552.0
546.0
454.0
310.0
193.0
88.0
8.0
0.0
0.0
0.0
0.0
0.0
0.0
0.0
4.0
82.0
190.0
323.0
449.0
556.0
659.0
725.0
743.0
734.0
682.0
570.0
445.0
320.0
193.0
77.0
3.0
0.0
0.0
0.0
0.0
0.0
0.0
0.0
5.0
96.0
226.0
371.0
514.0
639.0
734.0
793.0
811.0
791.0
723.0
623.0
498.0
353.0
208.0
82.0
2.0
0.0
0.0
0.0
0.0
0.0
0.0
0.0
4.0
94.0
223.0
371.0
515.0
641.0
731.0
792.0
810.0
784.0
715.0
617.0
489.0
345.0
198.0
77.0
2.0
0.0
0.0
0.0
0.0
0.0
0.0
0.0
3.0
86.0
203.0
341.0
474.0
586.0
675.0
743.0
754.0
733.0
679.0
581.0
463.0
328.0
189.0
73.0
1.0
0.0
0.0
0.0
0.0
0.0
0.0
0.0
3.0
84.0
206.0
348.0
488.0
611.0
704.0
762.0
774.0
760.0
699.0
596.0
471.0
332.0
190.0
72.0
1.0
0.0
0.0
0.0
0.0
0.0
0.0
0.0
2.0
56.0
138.0
221.0
317.0
383.0
452.0
493.0
498.0
472.0
442.0
405.0
316.0
216.0
122.0
39.0
0.0
0.0
0.0
0.0
0.0
0.0
0.0
0.0
3.0
84.0
213.0
364.0
566.0
667.0
792.0
432.0
440.0
425.0
340.0
255.0
195.0
102.0
56.0
28.0
0.0
0.0
0.0
0.0
0.0
0.0
0.0
0.0
1.0
6.0
55.0
58.0
153.0
134.0
159.0
352.0
377.0
292.0
521.0
505.0
239.0
171.0
181.0
70.0
0.0
0.0
0.0
0.0
0.0
0.0
0.0
0.0
1.0
63.0
167.0
278.0
401.0
512.0
580.0
622.0
628.0
605.0
547.0
458.0
362.0
248.0
134.0
47.0
0.0
0.0
0.0
0.0
0.0
0.0
0.0
0.0
1.0
62.0
160.0
274.0
398.0
524.0
616.0
665.0
704.0
661.0
613.0
531.0
403.0
277.0
153.0
55.0
0.0
0.0
0.0
0.0
0.0
0.0
0.0
0.0
1.0
63.0
176.0
310.0
456.0
582.0
670.0
735.0
751.0
727.0
666.0
567.0
432.0
290.0
153.0
49.0
0.0
0.0
0.0
0.0
0.0
0.0
0.0
0.0
0.0
42.0
103.0
166.0
266.0
351.0
424.0
431.0
564.0
387.0
447.0
433.0
351.0
216.0
157.0
59.0
0.0
0.0
0.0
0.0
0.0
0.0
0.0
0.0
1.0
69.0
157.0
260.0
400.0
509.0
496.0
466.0
323.0
222.0
408.0
405.0
191.0
185.0
177.0
52.0
0.0
0.0
0.0
0.0
0.0
0.0
0.0
0.0
0.0
31.0
67.0
102.0
119.0
160.0
188.0
270.0
358.0
349.0
378.0
243.0
128.0
128.0
58.0
4.0
0.0
0.0
0.0
0.0
0.0
0.0
0.0
0.0
0.0
62.0
180.0
324.0
473.0
593.0
683.0
749.0
770.0
738.0
666.0
563.0
434.0
290.0
148.0
21.0
0.0
0.0
0.0
0.0
0.0
0.0
0.0
0.0
0.0
50.0
134.0
178.0
281.0
397.0
465.0
397.0
397.0
411.0
392.0
331.0
287.0
242.0
161.0
31.0
0.0
0.0
0.0
0.0
0.0
0.0
0.0
0.0
0.0
7.0
22.0
57.0
114.0
127.0
147.0
149.0
161.0
140.0
122.0
120.0
77.0
47.0
23.0
3.0
0.0
0.0
0.0
0.0
0.0
0.0
0.0
0.0
0.0
25.0
77.0
142.0
230.0
280.0
335.0
343.0
388.0
349.0
295.0
223.0
185.0
127.0
66.0
3.0
0.0
0.0
0.0
0.0
0.0
0.0
0.0
0.0
0.0
46.0
146.0
280.0
416.0
535.0
618.0
686.0
700.0
669.0
598.0
502.0
386.0
259.0
125.0
14.0
0.0
0.0
0.0
0.0
0.0
0.0
0.0
0.0
0.0
42.0
148.0
276.0
399.0
500.0
573.0
643.0
677.0
655.0
605.0
518.0
390.0
250.0
119.0
12.0
0.0
0.0
0.0
0.0
0.0
0.0
0.0
0.0
0.0
19.0
67.0
138.0
187.0
241.0
297.0
303.0
294.0
264.0
238.0
197.0
145.0
93.0
43.0
2.0
0.0
0.0
0.0
0.0
0.0
0.0
0.0
0.0
0.0
22.0
161.0
310.0
457.0
588.0
685.0
747.0
765.0
735.0
664.0
556.0
419.0
269.0
126.0
8.0
0.0
0.0
0.0
0.0
0.0
0.0
0.0
0.0
0.0
5.0
51.0
98.0
146.0
190.0
224.0
252.0
259.0
238.0
204.0
179.0
125.0
77.0
36.0
2.0
0.0
0.0
0.0
0.0
0.0
0.0
0.0
0.0
0.0
4.0
32.0
61.0
92.0
133.0
144.0
171.0
169.0
170.0
156.0
108.0
64.0
38.0
16.0
2.0
0.0
0.0
0.0
0.0
0.0
0.0
0.0
0.0
0.0
4.0
31.0
52.0
95.0
133.0
162.0
149.0
148.0
143.0
139.0
113.0
80.0
53.0
25.0
2.0
0.0
0.0
0.0
0.0
0.0
0.0
0.0
0.0
0.0
6.0
61.0
120.0
176.0
220.0
245.0
286.0
304.0
291.0
264.0
210.0
138.0
83.0
32.0
1.0
0.0
0.0
0.0
0.0
0.0
0.0
0.0
0.0
0.0
2.0
56.0
176.0
225.0
347.0
287.0
347.0
371.0
322.0
397.0
220.0
167.0
114.0
44.0
1.0
0.0
0.0
0.0
0.0
0.0
0.0
0.0
0.0
0.0
15.0
111.0
298.0
403.0
501.0
592.0
634.0
603.0
434.0
347.0
294.0
187.0
88.0
23.0
1.0
0.0
0.0
0.0
0.0
0.0
0.0
0.0
0.0
0.0
5.0
63.0
131.0
186.0
234.0
275.0
323.0
325.0
295.0
251.0
190.0
141.0
93.0
33.0
1.0
0.0
0.0
0.0
0.0
0.0
0.0
0.0
0.0
0.0
5.0
60.0
140.0
208.0
286.0
302.0
357.0
323.0
316.0
303.0
266.0
198.0
103.0
42.0
1.0
0.0
0.0
0.0
0.0
0.0
0.0
0.0
0.0
0.0
3.0
62.0
127.0
177.0
249.0
246.0
281.0
352.0
247.0
204.0
198.0
160.0
139.0
91.0
5.0
0.0
0.0
0.0
0.0
0.0
0.0
0.0
0.0
0.0
2.0
38.0
85.0
136.0
175.0
220.0
238.0
231.0
219.0
204.0
177.0
130.0
83.0
30.0
0.0
0.0
0.0
0.0
0.0
0.0
0.0
0.0
0.0
0.0
2.0
38.0
81.0
125.0
181.0
225.0
244.0
242.0
225.0
219.0
179.0
133.0
77.0
27.0
0.0
0.0
0.0
0.0
0.0
0.0
0.0
0.0
0.0
0.0
1.0
9.0
48.0
109.0
199.0
237.0
206.0
245.0
267.0
301.0
272.0
195.0
113.0
44.0
1.0
0.0
0.0
0.0
0.0
0.0
0.0
0.0
0.0
0.0
2.0
74.0
138.0
284.0
344.0
305.0
245.0
213.0
335.0
288.0
162.0
76.0
16.0
7.0
0.0
0.0
0.0
0.0
0.0
0.0
0.0
0.0
0.0
0.0
3.0
103.0
224.0
405.0
493.0
571.0
543.0
554.0
558.0
441.0
337.0
218.0
128.0
36.0
0.0
0.0
0.0
0.0
0.0
0.0
0.0
0.0
0.0
0.0
6.0
89.0
139.0
279.0
251.0
53.0
343.0
573.0
432.0
322.0
499.0
322.0
172.0
5.0
0.0
0.0
0.0
0.0
0.0
0.0
0.0
0.0
0.0
0.0
1.0
25.0
71.0
106.0
125.0
132.0
153.0
186.0
225.0
168.0
138.0
99.0
48.0
26.0
0.0
0.0
0.0
0.0
0.0
0.0
0.0
0.0
0.0
0.0
1.0
11.0
30.0
47.0
64.0
73.0
83.0
81.0
73.0
62.0
53.0
39.0
22.0
7.0
0.0
0.0
0.0
0.0
0.0
0.0
0.0
0.0
0.0
0.0
1.0
7.0
19.0
30.0
42.0
47.0
55.0
52.0
50.0
47.0
37.0
25.0
13.0
4.0
0.0
0.0
0.0
0.0
0.0
0.0
0.0
0.0
0.0
0.0
1.0
54.0
146.0
245.0
361.0
423.0
442.0
460.0
416.0
377.0
297.0
211.0
114.0
13.0
0.0
0.0
0.0
0.0
0.0
0.0
0.0
0.0
0.0
0.0
1.0
71.0
90.0
233.0
270.0
232.0
172.0
317.0
489.0
297.0
273.0
241.0
172.0
33.0
0.0
0.0
0.0
0.0
0.0
0.0
0.0
0.0
0.0
0.0
3.0
87.0
208.0
380.0
431.0
517.0
330.0
458.0
446.0
332.0
252.0
151.0
62.0
12.0
0.0
0.0
0.0
0.0
0.0
0.0
0.0
0.0
0.0
0.0
0.0
56.0
158.0
223.0
409.0
424.0
480.0
525.0
391.0
373.0
328.0
209.0
85.0
3.0
0.0
0.0
0.0
0.0
0.0
0.0
0.0
0.0
0.0
0.0
1.0
69.0
186.0
311.0
418.0
511.0
574.0
604.0
574.0
438.0
319.0
204.0
109.0
6.0
0.0
0.0
0.0
0.0
0.0
0.0
0.0
0.0
0.0
0.0
0.0
15.0
38.0
74.0
95.0
123.0
174.0
184.0
169.0
162.0
127.0
75.0
39.0
5.0
0.0
0.0
0.0
0.0
0.0
0.0
0.0
0.0
0.0
0.0
0.0
38.0
117.0
64.0
178.0
169.0
364.0
190.0
503.0
161.0
83.0
154.0
68.0
3.0
0.0
0.0
0.0
0.0
0.0
0.0
0.0
0.0
0.0
0.0
0.0
9.0
16.0
27.0
52.0
61.0
80.0
79.0
399.0
349.0
268.0
183.0
87.0
2.0
0.0
0.0
0.0
0.0
0.0
0.0
0.0
0.0
0.0
0.0
0.0
44.0
180.0
341.0
493.0
394.0
383.0
330.0
235.0
213.0
109.0
68.0
80.0
6.0
0.0
0.0
0.0
0.0
0.0
0.0
0.0
0.0
0.0
0.0
0.0
50.0
215.0
197.0
196.0
214.0
357.0
293.0
340.0
240.0
171.0
191.0
113.0
10.0
0.0
0.0
0.0
0.0
0.0
0.0
0.0
0.0
0.0
0.0
0.0
42.0
24.0
31.0
52.0
137.0
366.0
261.0
382.0
278.0
122.0
155.0
124.0
10.0
0.0
0.0
0.0
0.0
0.0
0.0
0.0
0.0
0.0
0.0
0.0
13.0
78.0
192.0
227.0
433.0
630.0
591.0
338.0
194.0
29.0
32.0
8.0
1.0
0.0
0.0
0.0
0.0
0.0
0.0
0.0
0.0
0.0
0.0
0.0
26.0
152.0
227.0
332.0
216.0
330.0
155.0
108.0
41.0
199.0
196.0
89.0
8.0
0.0
0.0
0.0
0.0
0.0
0.0
0.0
0.0
0.0
0.0
0.0
23.0
173.0
313.0
439.0
536.0
590.0
601.0
564.0
487.0
375.0
237.0
98.0
2.0
0.0
0.0
0.0
0.0
0.0
0.0
0.0
0.0
0.0
0.0
0.0
30.0
196.0
313.0
198.0
465.0
389.0
564.0
325.0
43.0
33.0
20.0
8.0
1.0
0.0
0.0
0.0
0.0
0.0
0.0
0.0
0.0
0.0
0.0
0.0
40.0
129.0
231.0
120.0
236.0
652.0
496.0
148.0
39.0
29.0
83.0
42.0
1.0
0.0
0.0
0.0
0.0
0.0
0.0
0.0
0.0
0.0
0.0
0.0
3.0
54.0
114.0
187.0
215.0
253.0
260.0
243.0
202.0
144.0
91.0
29.0
0.0
0.0
0.0
0.0
0.0
0.0
0.0
0.0
0.0
0.0
0.0
0.0
3.0
51.0
235.0
382.0
498.0
338.0
437.0
78.0
39.0
29.0
18.0
6.0
0.0
0.0
0.0
0.0
0.0
0.0
0.0
0.0
0.0
0.0
0.0
0.0
18.0
171.0
276.0
326.0
294.0
189.0
185.0
122.0
181.0
85.0
35.0
18.0
0.0
0.0
0.0
0.0
0.0
0.0
0.0
0.0
0.0
0.0
0.0
0.0
7.0
96.0
125.0
239.0
309.0
457.0
472.0
448.0
322.0
291.0
196.0
60.0
0.0
0.0
0.0
0.0
0.0
0.0
0.0
0.0
0.0
0.0
0.0
0.0
2.0
19.0
36.0
53.0
72.0
75.0
80.0
70.0
58.0
45.0
24.0
8.0
0.0
0.0
0.0
0.0
0.0
0.0
0.0
0.0
0.0
0.0
0.0
0.0
2.0
22.0
50.0
71.0
83.0
102.0
89.0
87.0
66.0
54.0
28.0
8.0
0.0
0.0
0.0
0.0
0.0
0.0
0.0
0.0
0.0
0.0
0.0
0.0
8.0
118.0
226.0
331.0
407.0
496.0
492.0
458.0
401.0
272.0
157.0
16.0
0.0
0.0
0.0
0.0
0.0
0.0
0.0
0.0
0.0
0.0
0.0
0.0
8.0
119.0
247.0
348.0
417.0
486.0
465.0
426.0
343.0
240.0
114.0
7.0
0.0
0.0
0.0
0.0
0.0
0.0
0.0
0.0
0.0
0.0
0.0
0.0
6.0
116.0
205.0
336.0
435.0
480.0
374.0
377.0
345.0
230.0
109.0
12.0
0.0
0.0
0.0
0.0
0.0
0.0
0.0
0.0
0.0
0.0
0.0
0.0
1.0
49.0
116.0
170.0
193.0
230.0
261.0
244.0
191.0
143.0
79.0
7.0
0.0
0.0
0.0
0.0
0.0
0.0
0.0
0.0
0.0
0.0
0.0
0.0
1.0
45.0
104.0
152.0
191.0
199.0
238.0
222.0
182.0
133.0
72.0
9.0
0.0
0.0
0.0
0.0
0.0
0.0
0.0
0.0
0.0
0.0
0.0
0.0
1.0
27.0
59.0
93.0
113.0
125.0
126.0
109.0
86.0
61.0
32.0
2.0
0.0
0.0
0.0
0.0
0.0
0.0
0.0
0.0
0.0
0.0
0.0
0.0
3.0
94.0
203.0
320.0
386.0
414.0
421.0
337.0
257.0
175.0
74.0
2.0
0.0
0.0
0.0
0.0
0.0
0.0
0.0
0.0
0.0
0.0
0.0
0.0
1.0
8.0
23.0
28.0
41.0
43.0
48.0
343.0
285.0
197.0
100.0
6.0
0.0
0.0
0.0
0.0
0.0
0.0
0.0
0.0
0.0
0.0
0.0
0.0
1.0
22.0
59.0
86.0
110.0
108.0
110.0
111.0
82.0
60.0
25.0
2.0
0.0
0.0
0.0
0.0
0.0
0.0
0.0
0.0
0.0
0.0
0.0
0.0
2.0
84.0
188.0
298.0
401.0
429.0
396.0
376.0
322.0
212.0
104.0
2.0
0.0
0.0
0.0
0.0
0.0
0.0
0.0
0.0
0.0
0.0
0.0
0.0
1.0
55.0
133.0
205.0
255.0
255.0
240.0
235.0
182.0
123.0
60.0
1.0
0.0
0.0
0.0
0.0
0.0
0.0
0.0
0.0
0.0
0.0
0.0
0.0
1.0
79.0
191.0
311.0
385.0
436.0
427.0
392.0
328.0
222.0
101.0
3.0
0.0
0.0
0.0
0.0
0.0
0.0
0.0
0.0
0.0
0.0
0.0
0.0
0.0
15.0
65.0
96.0
102.0
169.0
176.0
207.0
120.0
74.0
60.0
2.0
0.0
0.0
0.0
0.0
0.0
0.0
0.0
0.0
0.0
0.0
0.0
0.0
0.0
36.0
92.0
172.0
194.0
131.0
93.0
94.0
58.0
56.0
21.0
1.0
0.0
0.0
0.0
0.0
0.0
0.0
0.0
0.0
0.0
0.0
0.0
0.0
0.0
33.0
103.0
162.0
142.0
172.0
166.0
145.0
136.0
65.0
7.0
1.0
0.0
0.0
0.0
0.0
0.0
0.0
0.0
0.0
0.0
0.0
0.0
0.0
0.0
36.0
104.0
176.0
206.0
230.0
245.0
227.0
195.0
127.0
50.0
0.0
0.0
0.0
0.0
0.0
0.0
0.0
0.0
0.0
0.0
0.0
0.0
0.0
1.0
71.0
151.0
203.0
201.0
148.0
231.0
246.0
131.0
29.0
33.0
0.0
0.0
0.0
0.0
0.0
0.0
0.0
0.0
0.0
0.0
0.0
0.0
0.0
0.0
16.0
33.0
64.0
100.0
106.0
88.0
110.0
71.0
55.0
14.0
0.0
0.0
0.0
0.0
0.0
0.0
0.0
0.0
0.0
0.0
0.0
0.0
0.0
0.0
5.0
15.0
25.0
30.0
34.0
34.0
275.0
218.0
132.0
49.0
0.0
0.0
0.0
0.0
0.0
0.0
0.0
0.0
0.0
0.0
0.0
0.0
0.0
0.0
5.0
14.0
24.0
33.0
34.0
36.0
281.0
220.0
134.0
50.0
0.0
0.0
0.0
0.0
0.0
0.0
0.0
0.0
0.0
0.0
0.0
0.0
0.0
0.0
28.0
83.0
171.0
208.0
230.0
270.0
224.0
168.0
122.0
65.0
0.0
0.0
0.0
0.0
0.0
0.0
0.0
0.0
0.0
0.0
0.0
0.0
0.0
0.0
16.0
83.0
183.0
235.0
438.0
388.0
253.0
153.0
78.0
5.0
0.0
0.0
0.0
0.0
0.0
0.0
0.0
0.0
0.0
0.0
0.0
0.0
0.0
0.0
24.0
40.0
96.0
82.0
198.0
255.0
203.0
179.0
155.0
55.0
0.0
0.0
0.0
0.0
0.0
0.0
0.0
0.0
0.0
0.0
0.0
0.0
0.0
0.0
3.0
60.0
136.0
217.0
221.0
183.0
193.0
163.0
96.0
14.0
0.0
0.0
0.0
0.0
0.0
0.0
0.0
0.0
0.0
0.0
0.0
0.0
0.0
0.0
9.0
80.0
134.0
166.0
195.0
210.0
169.0
161.0
78.0
4.0
0.0
0.0
0.0
0.0
0.0
0.0
0.0
0.0
0.0
0.0
0.0
0.0
0.0
0.0
3.0
16.0
21.0
60.0
43.0
49.0
320.0
269.0
139.0
20.0
0.0
0.0
0.0
0.0
0.0
0.0
0.0
0.0
0.0
0.0
0.0
0.0
0.0
0.0
2.0
17.0
22.0
27.0
45.0
71.0
298.0
235.0
129.0
16.0
0.0
0.0
0.0
0.0
0.0
0.0
0.0
0.0
0.0
0.0
0.0
0.0
0.0
0.0
9.0
113.0
208.0
291.0
328.0
335.0
302.0
236.0
136.0
15.0
0.0
0.0
0.0
0.0
0.0
0.0
0.0
0.0
0.0
0.0
0.0
0.0
0.0
0.0
2.0
9.0
43.0
58.0
45.0
80.0
249.0
154.0
67.0
3.0
0.0
0.0
0.0
0.0
0.0
0.0
0.0
0.0
0.0
0.0
0.0
0.0
0.0
0.0
9.0
117.0
210.0
271.0
302.0
324.0
272.0
212.0
105.0
6.0
0.0
0.0
0.0
0.0
0.0
0.0
0.0
0.0
0.0
0.0
0.0
0.0
0.0
0.0
2.0
14.0
27.0
36.0
44.0
48.0
39.0
28.0
15.0
2.0
0.0
0.0
0.0
0.0
0.0
0.0
0.0
0.0
0.0
0.0
0.0
0.0
0.0
0.0
3.0
89.0
160.0
259.0
313.0
339.0
297.0
214.0
112.0
9.0
0.0
0.0
0.0
0.0
0.0
0.0
0.0
0.0
0.0
0.0
0.0
0.0
0.0
0.0
3.0
62.0
135.0
198.0
214.0
228.0
205.0
151.0
74.0
2.0
0.0
0.0
0.0
0.0
0.0
0.0
0.0
0.0
0.0
0.0
0.0
0.0
0.0
0.0
1.0
27.0
56.0
77.0
89.0
87.0
75.0
54.0
26.0
1.0
0.0
0.0
0.0
0.0
0.0
0.0
0.0
0.0
0.0
0.0
0.0
0.0
0.0
0.0
1.0
30.0
63.0
88.0
101.0
99.0
86.0
60.0
31.0
1.0
0.0
0.0
0.0
0.0
0.0
0.0
0.0
0.0
0.0
0.0
0.0
0.0
0.0
0.0
1.0
41.0
86.0
125.0
149.0
154.0
126.0
89.0
40.0
1.0
0.0
0.0
0.0
0.0
0.0
0.0
0.0
0.0
0.0
0.0
0.0
0.0
0.0
0.0
1.0
44.0
100.0
133.0
154.0
155.0
134.0
91.0
42.0
1.0
0.0
0.0
0.0
0.0
0.0
0.0
0.0
0.0
0.0
0.0
0.0
0.0
0.0
0.0
2.0
6.0
89.0
116.0
168.0
318.0
265.0
157.0
86.0
1.0
0.0
0.0
0.0
0.0
0.0
0.0
0.0
0.0
0.0
0.0
0.0
0.0
0.0
0.0
0.0
68.0
149.0
210.0
238.0
264.0
230.0
183.0
85.0
4.0
0.0
0.0
0.0
0.0
0.0
0.0
0.0
0.0
0.0
0.0
0.0
0.0
0.0
0.0
1.0
62.0
112.0
144.0
215.0
239.0
237.0
183.0
83.0
3.0
0.0
0.0
0.0
0.0
0.0
0.0
0.0
0.0
0.0
0.0
0.0
0.0
0.0
0.0
0.0
51.0
123.0
196.0
234.0
235.0
199.0
139.0
64.0
1.0
0.0
0.0
0.0
0.0
0.0
0.0
0.0
0.0
0.0
0.0
0.0
0.0
0.0
0.0
0.0
66.0
141.0
154.0
183.0
199.0
117.0
84.0
28.0
0.0
0.0
0.0
0.0
0.0
0.0
0.0
0.0
0.0
0.0
0.0
0.0
0.0
0.0
0.0
0.0
5.0
12.0
160.0
137.0
175.0
118.0
93.0
34.0
0.0
0.0
0.0
0.0
0.0
0.0
0.0
0.0
0.0
0.0
0.0
0.0
0.0
0.0
0.0
0.0
42.0
77.0
122.0
156.0
206.0
157.0
131.0
70.0
2.0
0.0
0.0
0.0
0.0
0.0
0.0
0.0
0.0
0.0
0.0
0.0
0.0
0.0
0.0
0.0
17.0
70.0
60.0
215.0
180.0
73.0
33.0
32.0
2.0
0.0
0.0
0.0
0.0
0.0
0.0
0.0
0.0
0.0
0.0
0.0
0.0
0.0
0.0
0.0
12.0
30.0
18.0
22.0
51.0
194.0
155.0
63.0
0.0
0.0
0.0
0.0
0.0
0.0
0.0
0.0
0.0
0.0
0.0
0.0
0.0
0.0
0.0
0.0
47.0
54.0
111.0
266.0
192.0
48.0
11.0
4.0
0.0
0.0
0.0
0.0
0.0
0.0
0.0
0.0
0.0
0.0
0.0
0.0
0.0
0.0
0.0
0.0
6.0
30.0
28.0
34.0
30.0
175.0
102.0
35.0
0.0
0.0
0.0
0.0
0.0
0.0
0.0
0.0
0.0
0.0
0.0
0.0
0.0
0.0
0.0
0.0
4.0
44.0
88.0
120.0
137.0
92.0
59.0
22.0
0.0
0.0
0.0
0.0
0.0
0.0
0.0
0.0
0.0
0.0
0.0
0.0
0.0
0.0
0.0
0.0
4.0
18.0
29.0
24.0
43.0
147.0
86.0
32.0
0.0
0.0
0.0
0.0
0.0
0.0
0.0
0.0
0.0
0.0
0.0
0.0
0.0
0.0
0.0
0.0
18.0
80.0
108.0
96.0
53.0
73.0
70.0
21.0
0.0
0.0
0.0
0.0
0.0
0.0
0.0
0.0
0.0
0.0
0.0
0.0
0.0
0.0
0.0
0.0
9.0
67.0
114.0
112.0
137.0
142.0
94.0
42.0
0.0
0.0
0.0
0.0
0.0
0.0
0.0
0.0
0.0
0.0
0.0
0.0
0.0
0.0
0.0
0.0
22.0
111.0
164.0
163.0
138.0
147.0
63.0
18.0
0.0
0.0
0.0
0.0
0.0
0.0
0.0
0.0
0.0
0.0
0.0
0.0
0.0
0.0
0.0
0.0
10.0
100.0
148.0
192.0
199.0
150.0
78.0
8.0
0.0
0.0
0.0
0.0
0.0
0.0
0.0
0.0
0.0
0.0
0.0
0.0
0.0
0.0
0.0
0.0
13.0
94.0
162.0
194.0
199.0
170.0
105.0
10.0
0.0
0.0
0.0
0.0
0.0
0.0
0.0
0.0
0.0
0.0
0.0
0.0
0.0
0.0
0.0
0.0
6.0
77.0
120.0
163.0
160.0
122.0
73.0
3.0
0.0
0.0
0.0
0.0
0.0
0.0
0.0
0.0
0.0
0.0
0.0
0.0
0.0
0.0
0.0
0.0
5.0
65.0
109.0
142.0
109.0
106.0
63.0
3.0
0.0
0.0
0.0
0.0
0.0
0.0
0.0
0.0
0.0
0.0
0.0
0.0
0.0
0.0
0.0
0.0
2.0
26.0
46.0
63.0
67.0
48.0
31.0
4.0
0.0
0.0
0.0
0.0
0.0
0.0
0.0
0.0
0.0
0.0
0.0
0.0
0.0
0.0
0.0
0.0
1.0
7.0
18.0
32.0
29.0
146.0
88.0
12.0
0.0
0.0
0.0
0.0
0.0
0.0
0.0
0.0
0.0
0.0
0.0
0.0
0.0
0.0
0.0
0.0
1.0
23.0
43.0
58.0
58.0
42.0
25.0
2.0
0.0
0.0
0.0
0.0
0.0
0.0
0.0
0.0
0.0
0.0
0.0
0.0
0.0
0.0
0.0
0.0
1.0
9.0
17.0
21.0
22.0
18.0
11.0
2.0
0.0
0.0
0.0
0.0
0.0
0.0
0.0
0.0
0.0
0.0
0.0
0.0
0.0
0.0
0.0
0.0
1.0
9.0
19.0
26.0
27.0
22.0
12.0
2.0
0.0
0.0
0.0
0.0
0.0
0.0
0.0
0.0
0.0
0.0
0.0
0.0
0.0
0.0
0.0
0.0
1.0
34.0
61.0
79.0
81.0
67.0
39.0
2.0
0.0
0.0
0.0
0.0
0.0
0.0
0.0
0.0
0.0
0.0
0.0
0.0
0.0
0.0
0.0
0.0
1.0
42.0
77.0
96.0
102.0
83.0
43.0
2.0
0.0
0.0
0.0
0.0
0.0
0.0
0.0
0.0
0.0
0.0
0.0
0.0
0.0
0.0
0.0
0.0
1.0
44.0
100.0
121.0
112.0
94.0
58.0
6.0
0.0
0.0
0.0
0.0
0.0
0.0
0.0
0.0
0.0
0.0
0.0
0.0
0.0
0.0
0.0
0.0
1.0
31.0
61.0
83.0
83.0
60.0
37.0
2.0
0.0
0.0
0.0
0.0
0.0
0.0
0.0
0.0
0.0
0.0
0.0
0.0
0.0
0.0
0.0
0.0
1.0
16.0
20.0
33.0
21.0
119.0
67.0
2.0
0.0
0.0
0.0
0.0
0.0
0.0
0.0
0.0
0.0
0.0
0.0
0.0
0.0
0.0
0.0
0.0
1.0
55.0
114.0
154.0
153.0
117.0
65.0
4.0
0.0
0.0
0.0
0.0
0.0
0.0
0.0
0.0
0.0
0.0
0.0
0.0
0.0
0.0
0.0
0.0
0.0
14.0
33.0
42.0
44.0
32.0
19.0
1.0
0.0
0.0
0.0
0.0
0.0
0.0
0.0
0.0
0.0
0.0
0.0
0.0
0.0
0.0
0.0
0.0
0.0
12.0
27.0
38.0
39.0
34.0
16.0
1.0
0.0
0.0
0.0
0.0
0.0
0.0
0.0
0.0
0.0
0.0
0.0
0.0
0.0
0.0
0.0
0.0
0.0
18.0
37.0
44.0
47.0
34.0
20.0
2.0
0.0
0.0
0.0
0.0
0.0
0.0
0.0
0.0
0.0
0.0
0.0
0.0
0.0
0.0
0.0
0.0
0.0
48.0
110.0
146.0
149.0
120.0
60.0
3.0
0.0
0.0
0.0
0.0
0.0
0.0
0.0
0.0
0.0
0.0
0.0
0.0
0.0
0.0
0.0
0.0
0.0
23.0
44.0
57.0
67.0
61.0
28.0
1.0
0.0
0.0
0.0
0.0
0.0
0.0
0.0
0.0
0.0
0.0
0.0
0.0
0.0
0.0
0.0
0.0
0.0
36.0
73.0
74.0
87.0
63.0
43.0
1.0
0.0
0.0
0.0
0.0
0.0
0.0
0.0
0.0
0.0
0.0
0.0
0.0
0.0
0.0
0.0
0.0
0.0
22.0
39.0
37.0
53.0
50.0
22.0
2.0
0.0
0.0
0.0
0.0
0.0
0.0
0.0
0.0
0.0
0.0
0.0
0.0
0.0
0.0
0.0
0.0
0.0
4.0
15.0
27.0
19.0
133.0
69.0
4.0
0.0
0.0
0.0
0.0
0.0
0.0
0.0
0.0
0.0
0.0
0.0
0.0
0.0
0.0
0.0
0.0
0.0
38.0
89.0
107.0
112.0
111.0
69.0
4.0
0.0
0.0
0.0
0.0
0.0
0.0
0.0
0.0
0.0
0.0
0.0
0.0
0.0
0.0
0.0
0.0
0.0
32.0
75.0
100.0
103.0
84.0
40.0
1.0
0.0
0.0
0.0
0.0
0.0
0.0
0.0
0.0
0.0
0.0
0.0
0.0
0.0
0.0
0.0
0.0
0.0
13.0
29.0
41.0
45.0
32.0
16.0
1.0
0.0
0.0
0.0
0.0
0.0
0.0
0.0
0.0
0.0
0.0
0.0
0.0
0.0
0.0
0.0
0.0
0.0
21.0
52.0
76.0
82.0
67.0
32.0
1.0
0.0
0.0
0.0
0.0
0.0
0.0
0.0
0.0
0.0
0.0
0.0
0.0
0.0
0.0
0.0
0.0
0.0
19.0
53.0
73.0
84.0
67.0
40.0
1.0
0.0
0.0
0.0
0.0
0.0
0.0
0.0
0.0
0.0
0.0
0.0
0.0
0.0
0.0
0.0
0.0
0.0
12.0
29.0
48.0
45.0
32.0
19.0
2.0
0.0
0.0
0.0
0.0
0.0
0.0
0.0
0.0
0.0
0.0
0.0
0.0
0.0
0.0
0.0
0.0
0.0
11.0
25.0
36.0
34.0
26.0
16.0
1.0
0.0
0.0
0.0
0.0
0.0
0.0
0.0
0.0
0.0
0.0
0.0
0.0
0.0
0.0
0.0
0.0
0.0
21.0
65.0
90.0
74.0
59.0
33.0
1.0
0.0
0.0
0.0
0.0
0.0
0.0
0.0
0.0
0.0
0.0
0.0
0.0
0.0
0.0
0.0
0.0
0.0
35.0
95.0
132.0
133.0
107.0
47.0
1.0
0.0
0.0
0.0
0.0
0.0
0.0
0.0
0.0
0.0
0.0
0.0
0.0
0.0
0.0
0.0
0.0
0.0
39.0
84.0
120.0
135.0
133.0
72.0
2.0
0.0
0.0
0.0
0.0
0.0
0.0
0.0
0.0
0.0
0.0
0.0
0.0
0.0
0.0
0.0
0.0
0.0
11.0
29.0
24.0
29.0
102.0
49.0
5.0
0.0
0.0
0.0
0.0
0.0
0.0
0.0
0.0
0.0
0.0
0.0
0.0
0.0
0.0
0.0
0.0
0.0
22.0
58.0
80.0
77.0
69.0
37.0
1.0
0.0
0.0
0.0
0.0
0.0
0.0
0.0
0.0
0.0
0.0
0.0
0.0
0.0
0.0
0.0
0.0
0.0
27.0
67.0
91.0
93.0
73.0
43.0
1.0
0.0
0.0
0.0
0.0
0.0
0.0
0.0
0.0
0.0
0.0
0.0
0.0
0.0
0.0
0.0
0.0
0.0
34.0
76.0
147.0
160.0
94.0
66.0
10.0
0.0
0.0
0.0
0.0
0.0
0.0
0.0
0.0
0.0
0.0
0.0
0.0
0.0
0.0
0.0
0.0
0.0
29.0
83.0
99.0
123.0
124.0
54.0
5.0
0.0
0.0
0.0
0.0
0.0
0.0
0.0
0.0
0.0
0.0
0.0
0.0
0.0
0.0
0.0
0.0
0.0
11.0
30.0
49.0
47.0
43.0
27.0
2.0
0.0
0.0
0.0
0.0
0.0
0.0
0.0
0.0
0.0
0.0
0.0
0.0
0.0
0.0
0.0
0.0
0.0
29.0
79.0
106.0
127.0
109.0
73.0
9.0
0.0
0.0
0.0
0.0
0.0
0.0
0.0
0.0
0.0
0.0
0.0
0.0
0.0
0.0
0.0
0.0
0.0
26.0
61.0
82.0
98.0
71.0
40.0
2.0
0.0
0.0
0.0
0.0
0.0
0.0
0.0
0.0
0.0
0.0
0.0
0.0
0.0
0.0
0.0
0.0
0.0
10.0
27.0
45.0
51.0
48.0
24.0
4.0
0.0
0.0
0.0
0.0
0.0
0.0
0.0
0.0
