0.0
0.0
0.0
0.0
0.0
0.0
0.0
0.0
7.0
79.0
138.0
187.0
196.0
155.0
67.0
4.0
0.0
0.0
0.0
0.0
0.0
0.0
0.0
0.0
0.0
0.0
0.0
0.0
0.0
0.0
0.0
0.0
7.0
109.0
164.0
195.0
240.0
172.0
139.0
31.0
0.0
0.0
0.0
0.0
0.0
0.0
0.0
0.0
0.0
0.0
0.0
0.0
0.0
0.0
0.0
0.0
2.0
47.0
83.0
94.0
95.0
83.0
61.0
15.0
0.0
0.0
0.0
0.0
0.0
0.0
0.0
0.0
0.0
0.0
0.0
0.0
0.0
0.0
0.0
0.0
3.0
27.0
46.0
52.0
66.0
60.0
38.0
9.0
0.0
0.0
0.0
0.0
0.0
0.0
0.0
0.0
0.0
0.0
0.0
0.0
0.0
0.0
0.0
0.0
3.0
22.0
44.0
68.0
70.0
67.0
36.0
16.0
0.0
0.0
0.0
0.0
0.0
0.0
0.0
0.0
0.0
0.0
0.0
0.0
0.0
0.0
0.0
0.0
2.0
31.0
52.0
75.0
83.0
71.0
35.0
15.0
0.0
0.0
0.0
0.0
0.0
0.0
0.0
0.0
0.0
0.0
0.0
0.0
0.0
0.0
0.0
0.0
2.0
120.0
152.0
140.0
88.0
124.0
81.0
15.0
0.0
0.0
0.0
0.0
0.0
0.0
0.0
0.0
0.0
0.0
0.0
0.0
0.0
0.0
0.0
0.0
2.0
9.0
20.0
28.0
28.0
168.0
112.0
42.0
0.0
0.0
0.0
0.0
0.0
0.0
0.0
0.0
0.0
0.0
0.0
0.0
0.0
0.0
0.0
0.0
3.0
32.0
54.0
74.0
76.0
67.0
45.0
16.0
0.0
0.0
0.0
0.0
0.0
0.0
0.0
0.0
0.0
0.0
0.0
0.0
0.0
0.0
0.0
0.0
3.0
27.0
49.0
59.0
72.0
57.0
34.0
11.0
0.0
0.0
0.0
0.0
0.0
0.0
0.0
0.0
0.0
0.0
0.0
0.0
0.0
0.0
0.0
0.0
5.0
69.0
80.0
109.0
93.0
82.0
99.0
43.0
1.0
0.0
0.0
0.0
0.0
0.0
0.0
0.0
0.0
0.0
0.0
0.0
0.0
0.0
0.0
0.0
2.0
81.0
167.0
184.0
122.0
147.0
83.0
64.0
0.0
0.0
0.0
0.0
0.0
0.0
0.0
0.0
0.0
0.0
0.0
0.0
0.0
0.0
0.0
0.0
3.0
20.0
34.0
46.0
48.0
46.0
30.0
12.0
0.0
0.0
0.0
0.0
0.0
0.0
0.0
0.0
0.0
0.0
0.0
0.0
0.0
0.0
0.0
0.0
6.0
39.0
58.0
78.0
73.0
62.0
45.0
17.0
0.0
0.0
0.0
0.0
0.0
0.0
0.0
0.0
0.0
0.0
0.0
0.0
0.0
0.0
0.0
0.0
4.0
32.0
53.0
61.0
76.0
76.0
45.0
19.0
0.0
0.0
0.0
0.0
0.0
0.0
0.0
0.0
0.0
0.0
0.0
0.0
0.0
0.0
0.0
0.0
3.0
12.0
20.0
27.0
34.0
211.0
143.0
60.0
0.0
0.0
0.0
0.0
0.0
0.0
0.0
0.0
0.0
0.0
0.0
0.0
0.0
0.0
0.0
0.0
25.0
104.0
116.0
153.0
294.0
212.0
184.0
81.0
2.0
0.0
0.0
0.0
0.0
0.0
0.0
0.0
0.0
0.0
0.0
0.0
0.0
0.0
0.0
0.0
3.0
24.0
44.0
51.0
42.0
231.0
167.0
74.0
1.0
0.0
0.0
0.0
0.0
0.0
0.0
0.0
0.0
0.0
0.0
0.0
0.0
0.0
0.0
0.0
3.0
35.0
42.0
24.0
47.0
264.0
165.0
78.0
2.0
0.0
0.0
0.0
0.0
0.0
0.0
0.0
0.0
0.0
0.0
0.0
0.0
0.0
0.0
0.0
4.0
19.0
30.0
39.0
29.0
219.0
172.0
73.0
1.0
0.0
0.0
0.0
0.0
0.0
0.0
0.0
0.0
0.0
0.0
0.0
0.0
0.0
0.0
0.0
10.0
66.0
109.0
143.0
148.0
122.0
86.0
39.0
1.0
0.0
0.0
0.0
0.0
0.0
0.0
0.0
0.0
0.0
0.0
0.0
0.0
0.0
0.0
0.0
14.0
101.0
173.0
222.0
227.0
213.0
143.0
67.0
1.0
0.0
0.0
0.0
0.0
0.0
0.0
0.0
0.0
0.0
0.0
0.0
0.0
0.0
0.0
0.0
23.0
150.0
246.0
312.0
315.0
278.0
207.0
103.0
4.0
0.0
0.0
0.0
0.0
0.0
0.0
0.0
0.0
0.0
0.0
0.0
0.0
0.0
0.0
0.0
40.0
107.0
193.0
234.0
259.0
225.0
186.0
93.0
1.0
0.0
0.0
0.0
0.0
0.0
0.0
0.0
0.0
0.0
0.0
0.0
0.0
0.0
0.0
0.0
6.0
16.0
26.0
32.0
33.0
32.0
22.0
11.0
1.0
0.0
0.0
0.0
0.0
0.0
0.0
0.0
0.0
0.0
0.0
0.0
0.0
0.0
0.0
0.0
40.0
122.0
190.0
224.0
218.0
202.0
147.0
67.0
1.0
0.0
0.0
0.0
0.0
0.0
0.0
0.0
0.0
0.0
0.0
0.0
0.0
0.0
0.0
0.0
8.0
25.0
41.0
49.0
46.0
38.0
29.0
17.0
1.0
0.0
0.0
0.0
0.0
0.0
0.0
0.0
0.0
0.0
0.0
0.0
0.0
0.0
0.0
0.0
15.0
45.0
73.0
82.0
113.0
89.0
66.0
35.0
3.0
0.0
0.0
0.0
0.0
0.0
0.0
0.0
0.0
0.0
0.0
0.0
0.0
0.0
0.0
0.0
27.0
76.0
127.0
178.0
178.0
170.0
113.0
57.0
2.0
0.0
0.0
0.0
0.0
0.0
0.0
0.0
0.0
0.0
0.0
0.0
0.0
0.0
0.0
0.0
16.0
49.0
61.0
70.0
76.0
251.0
183.0
87.0
2.0
0.0
0.0
0.0
0.0
0.0
0.0
0.0
0.0
0.0
0.0
0.0
0.0
0.0
0.0
0.0
30.0
82.0
121.0
144.0
160.0
146.0
112.0
58.0
2.0
0.0
0.0
0.0
0.0
0.0
0.0
0.0
0.0
0.0
0.0
0.0
0.0
0.0
0.0
0.0
14.0
36.0
52.0
58.0
59.0
55.0
40.0
27.0
3.0
0.0
0.0
0.0
0.0
0.0
0.0
0.0
0.0
0.0
0.0
0.0
0.0
0.0
0.0
0.0
14.0
33.0
53.0
64.0
66.0
59.0
48.0
23.0
2.0
0.0
0.0
0.0
0.0
0.0
0.0
0.0
0.0
0.0
0.0
0.0
0.0
0.0
0.0
0.0
11.0
31.0
45.0
51.0
57.0
48.0
36.0
19.0
3.0
0.0
0.0
0.0
0.0
0.0
0.0
0.0
0.0
0.0
0.0
0.0
0.0
0.0
0.0
0.0
10.0
27.0
42.0
53.0
55.0
49.0
37.0
19.0
3.0
0.0
0.0
0.0
0.0
0.0
0.0
0.0
0.0
0.0
0.0
0.0
0.0
0.0
0.0
1.0
64.0
150.0
235.0
286.0
285.0
260.0
173.0
93.0
3.0
0.0
0.0
0.0
0.0
0.0
0.0
0.0
0.0
0.0
0.0
0.0
0.0
0.0
0.0
0.0
18.0
44.0
69.0
82.0
80.0
73.0
55.0
30.0
3.0
0.0
0.0
0.0
0.0
0.0
0.0
0.0
0.0
0.0
0.0
0.0
0.0
0.0
0.0
1.0
70.0
178.0
270.0
312.0
332.0
302.0
228.0
124.0
20.0
0.0
0.0
0.0
0.0
0.0
0.0
0.0
0.0
0.0
0.0
0.0
0.0
0.0
0.0
1.0
74.0
155.0
222.0
271.0
279.0
263.0
216.0
130.0
21.0
0.0
0.0
0.0
0.0
0.0
0.0
0.0
0.0
0.0
0.0
0.0
0.0
0.0
0.0
1.0
89.0
204.0
299.0
365.0
396.0
358.0
278.0
169.0
28.0
0.0
0.0
0.0
0.0
0.0
0.0
0.0
0.0
0.0
0.0
0.0
0.0
0.0
0.0
2.0
97.0
214.0
318.0
381.0
391.0
369.0
281.0
164.0
51.0
0.0
0.0
0.0
0.0
0.0
0.0
0.0
0.0
0.0
0.0
0.0
0.0
0.0
0.0
1.0
65.0
154.0
214.0
279.0
305.0
273.0
218.0
127.0
46.0
0.0
0.0
0.0
0.0
0.0
0.0
0.0
0.0
0.0
0.0
0.0
0.0
0.0
0.0
1.0
29.0
57.0
85.0
111.0
100.0
86.0
55.0
41.0
13.0
0.0
0.0
0.0
0.0
0.0
0.0
0.0
0.0
0.0
0.0
0.0
0.0
0.0
0.0
1.0
40.0
73.0
97.0
93.0
145.0
126.0
90.0
46.0
9.0
0.0
0.0
0.0
0.0
0.0
0.0
0.0
0.0
0.0
0.0
0.0
0.0
0.0
0.0
2.0
34.0
43.0
75.0
89.0
106.0
108.0
97.0
56.0
19.0
0.0
0.0
0.0
0.0
0.0
0.0
0.0
0.0
0.0
0.0
0.0
0.0
0.0
0.0
21.0
85.0
270.0
353.0
356.0
346.0
139.0
26.0
16.0
6.0
0.0
0.0
0.0
0.0
0.0
0.0
0.0
0.0
0.0
0.0
0.0
0.0
0.0
0.0
2.0
11.0
22.0
34.0
40.0
47.0
312.0
250.0
161.0
62.0
0.0
0.0
0.0
0.0
0.0
0.0
0.0
0.0
0.0
0.0
0.0
0.0
0.0
0.0
7.0
105.0
207.0
261.0
317.0
324.0
299.0
231.0
140.0
55.0
0.0
0.0
0.0
0.0
0.0
0.0
0.0
0.0
0.0
0.0
0.0
0.0
0.0
0.0
6.0
111.0
108.0
103.0
145.0
249.0
239.0
228.0
161.0
97.0
6.0
0.0
0.0
0.0
0.0
0.0
0.0
0.0
0.0
0.0
0.0
0.0
0.0
0.0
7.0
98.0
206.0
241.0
294.0
332.0
350.0
293.0
210.0
102.0
3.0
0.0
0.0
0.0
0.0
0.0
0.0
0.0
0.0
0.0
0.0
0.0
0.0
0.0
9.0
128.0
242.0
337.0
389.0
405.0
377.0
309.0
196.0
81.0
1.0
0.0
0.0
0.0
0.0
0.0
0.0
0.0
0.0
0.0
0.0
0.0
0.0
0.0
12.0
145.0
271.0
387.0
447.0
453.0
419.0
337.0
212.0
98.0
2.0
0.0
0.0
0.0
0.0
0.0
0.0
0.0
0.0
0.0
0.0
0.0
0.0
0.0
10.0
61.0
183.0
173.0
119.0
119.0
146.0
124.0
136.0
29.0
4.0
0.0
0.0
0.0
0.0
0.0
0.0
0.0
0.0
0.0
0.0
0.0
0.0
0.0
3.0
15.0
32.0
44.0
53.0
50.0
44.0
36.0
25.0
11.0
1.0
0.0
0.0
0.0
0.0
0.0
0.0
0.0
0.0
0.0
0.0
0.0
0.0
0.0
4.0
22.0
39.0
48.0
53.0
61.0
59.0
45.0
31.0
14.0
1.0
0.0
0.0
0.0
0.0
0.0
0.0
0.0
0.0
0.0
0.0
0.0
0.0
0.0
6.0
51.0
87.0
89.0
133.0
160.0
122.0
109.0
90.0
44.0
1.0
0.0
0.0
0.0
0.0
0.0
0.0
0.0
0.0
0.0
0.0
0.0
0.0
0.0
12.0
87.0
172.0
200.0
230.0
263.0
254.0
206.0
154.0
64.0
1.0
0.0
0.0
0.0
0.0
0.0
0.0
0.0
0.0
0.0
0.0
0.0
0.0
0.0
4.0
24.0
26.0
68.0
73.0
56.0
361.0
310.0
214.0
98.0
4.0
0.0
0.0
0.0
0.0
0.0
0.0
0.0
0.0
0.0
0.0
0.0
0.0
0.0
41.0
141.0
290.0
380.0
431.0
472.0
403.0
343.0
242.0
111.0
5.0
0.0
0.0
0.0
0.0
0.0
0.0
0.0
0.0
0.0
0.0
0.0
0.0
0.0
40.0
119.0
211.0
293.0
331.0
342.0
277.0
250.0
173.0
76.0
2.0
0.0
0.0
0.0
0.0
0.0
0.0
0.0
0.0
0.0
0.0
0.0
0.0
0.0
42.0
126.0
227.0
277.0
334.0
287.0
282.0
251.0
146.0
56.0
2.0
0.0
0.0
0.0
0.0
0.0
0.0
0.0
0.0
0.0
0.0
0.0
0.0
0.0
5.0
87.0
214.0
300.0
295.0
279.0
268.0
318.0
67.0
74.0
9.0
0.0
0.0
0.0
0.0
0.0
0.0
0.0
0.0
0.0
0.0
0.0
0.0
0.0
51.0
143.0
246.0
286.0
344.0
338.0
329.0
274.0
203.0
90.0
2.0
0.0
0.0
0.0
0.0
0.0
0.0
0.0
0.0
0.0
0.0
0.0
0.0
0.0
61.0
170.0
287.0
372.0
410.0
409.0
392.0
330.0
231.0
119.0
8.0
0.0
0.0
0.0
0.0
0.0
0.0
0.0
0.0
0.0
0.0
0.0
0.0
0.0
33.0
84.0
126.0
139.0
176.0
217.0
193.0
164.0
102.0
49.0
3.0
0.0
0.0
0.0
0.0
0.0
0.0
0.0
0.0
0.0
0.0
0.0
0.0
1.0
48.0
142.0
214.0
290.0
356.0
337.0
318.0
226.0
138.0
76.0
3.0
0.0
0.0
0.0
0.0
0.0
0.0
0.0
0.0
0.0
0.0
0.0
0.0
1.0
20.0
41.0
75.0
89.0
90.0
47.0
440.0
407.0
294.0
151.0
17.0
0.0
0.0
0.0
0.0
0.0
0.0
0.0
0.0
0.0
0.0
0.0
0.0
1.0
67.0
158.0
255.0
356.0
409.0
420.0
363.0
299.0
209.0
108.0
9.0
0.0
0.0
0.0
0.0
0.0
0.0
0.0
0.0
0.0
0.0
0.0
0.0
2.0
101.0
244.0
384.0
479.0
528.0
528.0
512.0
433.0
306.0
165.0
15.0
0.0
0.0
0.0
0.0
0.0
0.0
0.0
0.0
0.0
0.0
0.0
0.0
2.0
113.0
266.0
408.0
519.0
576.0
586.0
545.0
455.0
324.0
177.0
18.0
0.0
0.0
0.0
0.0
0.0
0.0
0.0
0.0
0.0
0.0
0.0
0.0
3.0
78.0
181.0
229.0
287.0
300.0
448.0
351.0
327.0
213.0
106.0
4.0
0.0
0.0
0.0
0.0
0.0
0.0
0.0
0.0
0.0
0.0
0.0
0.0
3.0
106.0
240.0
357.0
427.0
530.0
565.0
493.0
405.0
292.0
160.0
22.0
0.0
0.0
0.0
0.0
0.0
0.0
0.0
0.0
0.0
0.0
0.0
0.0
1.0
18.0
39.0
59.0
77.0
86.0
84.0
86.0
76.0
51.0
28.0
4.0
0.0
0.0
0.0
0.0
0.0
0.0
0.0
0.0
0.0
0.0
0.0
0.0
2.0
10.0
23.0
93.0
177.0
644.0
444.0
298.0
353.0
286.0
155.0
64.0
0.0
0.0
0.0
0.0
0.0
0.0
0.0
0.0
0.0
0.0
0.0
0.0
2.0
12.0
27.0
42.0
53.0
56.0
62.0
55.0
46.0
30.0
16.0
6.0
0.0
0.0
0.0
0.0
0.0
0.0
0.0
0.0
0.0
0.0
0.0
0.0
2.0
11.0
24.0
35.0
44.0
58.0
50.0
380.0
333.0
266.0
183.0
73.0
0.0
0.0
0.0
0.0
0.0
0.0
0.0
0.0
0.0
0.0
0.0
0.0
17.0
140.0
262.0
405.0
467.0
672.0
428.0
238.0
169.0
236.0
47.0
33.0
0.0
0.0
0.0
0.0
0.0
0.0
0.0
0.0
0.0
0.0
0.0
0.0
2.0
13.0
183.0
205.0
254.0
436.0
455.0
339.0
362.0
232.0
162.0
56.0
0.0
0.0
0.0
0.0
0.0
0.0
0.0
0.0
0.0
0.0
0.0
0.0
26.0
160.0
344.0
386.0
506.0
375.0
328.0
224.0
58.0
71.0
51.0
6.0
0.0
0.0
0.0
0.0
0.0
0.0
0.0
0.0
0.0
0.0
0.0
0.0
33.0
182.0
355.0
301.0
278.0
206.0
492.0
77.0
197.0
118.0
18.0
6.0
0.0
0.0
0.0
0.0
0.0
0.0
0.0
0.0
0.0
0.0
0.0
0.0
7.0
119.0
129.0
163.0
190.0
458.0
714.0
545.0
297.0
31.0
18.0
7.0
0.0
0.0
0.0
0.0
0.0
0.0
0.0
0.0
0.0
0.0
0.0
0.0
11.0
106.0
167.0
252.0
224.0
291.0
398.0
325.0
338.0
281.0
214.0
94.0
2.0
0.0
0.0
0.0
0.0
0.0
0.0
0.0
0.0
0.0
0.0
0.0
7.0
111.0
104.0
180.0
171.0
176.0
510.0
291.0
221.0
300.0
214.0
40.0
2.0
0.0
0.0
0.0
0.0
0.0
0.0
0.0
0.0
0.0
0.0
0.0
13.0
68.0
47.0
40.0
57.0
201.0
253.0
257.0
253.0
264.0
178.0
72.0
2.0
0.0
0.0
0.0
0.0
0.0
0.0
0.0
0.0
0.0
0.0
0.0
17.0
16.0
97.0
158.0
245.0
250.0
272.0
237.0
234.0
230.0
162.0
87.0
1.0
0.0
0.0
0.0
0.0
0.0
0.0
0.0
0.0
0.0
0.0
0.0
38.0
139.0
156.0
259.0
300.0
428.0
312.0
256.0
74.0
54.0
22.0
17.0
1.0
0.0
0.0
0.0
0.0
0.0
0.0
0.0
0.0
0.0
0.0
0.0
10.0
27.0
47.0
77.0
84.0
99.0
98.0
469.0
374.0
275.0
167.0
67.0
1.0
0.0
0.0
0.0
0.0
0.0
0.0
0.0
0.0
0.0
0.0
0.0
53.0
169.0
304.0
412.0
504.0
541.0
560.0
524.0
440.0
319.0
194.0
79.0
1.0
0.0
0.0
0.0
0.0
0.0
0.0
0.0
0.0
0.0
0.0
0.0
37.0
100.0
169.0
231.0
291.0
303.0
335.0
301.0
280.0
199.0
122.0
52.0
1.0
0.0
0.0
0.0
0.0
0.0
0.0
0.0
0.0
0.0
0.0
0.0
10.0
19.0
33.0
46.0
146.0
221.0
446.0
483.0
454.0
355.0
219.0
126.0
12.0
0.0
0.0
0.0
0.0
0.0
0.0
0.0
0.0
0.0
0.0
0.0
55.0
155.0
253.0
309.0
386.0
441.0
466.0
397.0
331.0
254.0
153.0
65.0
1.0
0.0
0.0
0.0
0.0
0.0
0.0
0.0
0.0
0.0
0.0
1.0
54.0
142.0
223.0
306.0
338.0
339.0
323.0
339.0
279.0
212.0
122.0
50.0
1.0
0.0
0.0
0.0
0.0
0.0
0.0
0.0
0.0
0.0
0.0
0.0
8.0
224.0
203.0
47.0
314.0
456.0
807.0
422.0
131.0
38.0
25.0
56.0
1.0
0.0
0.0
0.0
0.0
0.0
0.0
0.0
0.0
0.0
0.0
1.0
52.0
116.0
210.0
283.0
362.0
330.0
357.0
331.0
276.0
231.0
137.0
60.0
2.0
0.0
0.0
0.0
0.0
0.0
0.0
0.0
0.0
0.0
0.0
1.0
46.0
131.0
208.0
247.0
284.0
346.0
353.0
312.0
273.0
218.0
141.0
58.0
2.0
0.0
0.0
0.0
0.0
0.0
0.0
0.0
0.0
0.0
0.0
1.0
54.0
151.0
211.0
295.0
348.0
427.0
434.0
391.0
347.0
239.0
160.0
63.0
2.0
0.0
0.0
0.0
0.0
0.0
0.0
0.0
0.0
0.0
0.0
1.0
55.0
140.0
146.0
241.0
368.0
360.0
274.0
318.0
217.0
230.0
197.0
99.0
13.0
0.0
0.0
0.0
0.0
0.0
0.0
0.0
0.0
0.0
0.0
1.0
67.0
131.0
199.0
283.0
334.0
357.0
397.0
351.0
343.0
235.0
143.0
60.0
2.0
0.0
0.0
0.0
0.0
0.0
0.0
0.0
0.0
0.0
0.0
4.0
125.0
288.0
452.0
594.0
700.0
755.0
761.0
713.0
618.0
483.0
320.0
153.0
10.0
0.0
0.0
0.0
0.0
0.0
0.0
0.0
0.0
0.0
0.0
2.0
71.0
169.0
292.0
381.0
428.0
456.0
460.0
424.0
370.0
290.0
173.0
71.0
2.0
0.0
0.0
0.0
0.0
0.0
0.0
0.0
0.0
0.0
0.0
4.0
58.0
147.0
222.0
252.0
316.0
344.0
366.0
299.0
275.0
191.0
124.0
55.0
3.0
0.0
0.0
0.0
0.0
0.0
0.0
0.0
0.0
0.0
0.0
2.0
48.0
97.0
142.0
188.0
224.0
245.0
255.0
252.0
230.0
183.0
121.0
58.0
6.0
0.0
0.0
0.0
0.0
0.0
0.0
0.0
0.0
0.0
0.0
5.0
103.0
212.0
267.0
357.0
455.0
491.0
555.0
542.0
517.0
442.0
347.0
140.0
13.0
0.0
0.0
0.0
0.0
0.0
0.0
0.0
0.0
0.0
0.0
8.0
125.0
274.0
425.0
545.0
659.0
696.0
691.0
648.0
525.0
420.0
282.0
139.0
14.0
0.0
0.0
0.0
0.0
0.0
0.0
0.0
0.0
0.0
0.0
22.0
139.0
288.0
524.0
517.0
256.0
303.0
331.0
226.0
334.0
156.0
137.0
54.0
3.0
0.0
0.0
0.0
0.0
0.0
0.0
0.0
0.0
0.0
0.0
2.0
67.0
147.0
241.0
326.0
386.0
395.0
391.0
366.0
312.0
245.0
158.0
76.0
3.0
0.0
0.0
0.0
0.0
0.0
0.0
0.0
0.0
0.0
0.0
9.0
50.0
147.0
203.0
282.0
545.0
515.0
612.0
489.0
379.0
451.0
381.0
198.0
42.0
0.0
0.0
0.0
0.0
0.0
0.0
0.0
0.0
0.0
0.0
3.0
37.0
74.0
120.0
131.0
171.0
164.0
165.0
170.0
163.0
118.0
70.0
46.0
6.0
0.0
0.0
0.0
0.0
0.0
0.0
0.0
0.0
0.0
0.0
3.0
40.0
102.0
147.0
195.0
263.0
262.0
204.0
150.0
155.0
202.0
131.0
66.0
12.0
0.0
0.0
0.0
0.0
0.0
0.0
0.0
0.0
0.0
0.0
16.0
97.0
28.0
42.0
53.0
62.0
66.0
877.0
784.0
685.0
256.0
228.0
53.0
5.0
0.0
0.0
0.0
0.0
0.0
0.0
0.0
0.0
0.0
0.0
10.0
94.0
130.0
247.0
278.0
304.0
87.0
290.0
264.0
226.0
151.0
180.0
186.0
47.0
0.0
0.0
0.0
0.0
0.0
0.0
0.0
0.0
0.0
0.0
10.0
47.0
85.0
173.0
298.0
209.0
360.0
247.0
188.0
181.0
169.0
74.0
52.0
17.0
0.0
0.0
0.0
0.0
0.0
0.0
0.0
0.0
0.0
0.0
32.0
109.0
204.0
320.0
390.0
519.0
562.0
604.0
553.0
527.0
433.0
322.0
187.0
64.0
0.0
0.0
0.0
0.0
0.0
0.0
0.0
0.0
0.0
0.0
40.0
62.0
135.0
214.0
380.0
618.0
403.0
175.0
293.0
347.0
552.0
188.0
55.0
5.0
0.0
0.0
0.0
0.0
0.0
0.0
0.0
0.0
0.0
0.0
35.0
93.0
166.0
232.0
342.0
467.0
535.0
536.0
435.0
384.0
344.0
269.0
193.0
77.0
1.0
0.0
0.0
0.0
0.0
0.0
0.0
0.0
0.0
0.0
44.0
163.0
245.0
337.0
436.0
305.0
279.0
322.0
414.0
484.0
545.0
383.0
203.0
47.0
1.0
0.0
0.0
0.0
0.0
0.0
0.0
0.0
0.0
1.0
71.0
182.0
177.0
208.0
723.0
462.0
438.0
180.0
61.0
322.0
555.0
231.0
205.0
51.0
0.0
0.0
0.0
0.0
0.0
0.0
0.0
0.0
0.0
0.0
57.0
195.0
372.0
518.0
669.0
709.0
532.0
215.0
257.0
250.0
266.0
279.0
156.0
55.0
2.0
0.0
0.0
0.0
0.0
0.0
0.0
0.0
0.0
0.0
60.0
175.0
312.0
436.0
549.0
625.0
680.0
689.0
649.0
562.0
454.0
322.0
184.0
65.0
0.0
0.0
0.0
0.0
0.0
0.0
0.0
0.0
0.0
0.0
65.0
187.0
328.0
463.0
579.0
658.0
700.0
696.0
653.0
572.0
458.0
325.0
185.0
65.0
0.0
0.0
0.0
0.0
0.0
0.0
0.0
0.0
0.0
1.0
67.0
186.0
340.0
489.0
600.0
681.0
712.0
734.0
687.0
604.0
496.0
360.0
210.0
82.0
1.0
0.0
0.0
0.0
0.0
0.0
0.0
0.0
0.0
1.0
69.0
185.0
333.0
455.0
573.0
676.0
726.0
728.0
714.0
624.0
494.0
339.0
201.0
80.0
1.0
0.0
0.0
0.0
0.0
0.0
0.0
0.0
0.0
2.0
89.0
244.0
379.0
416.0
514.0
629.0
550.0
271.0
230.0
286.0
242.0
152.0
113.0
17.0
2.0
0.0
0.0
0.0
0.0
0.0
0.0
0.0
0.0
1.0
84.0
220.0
369.0
506.0
640.0
736.0
786.0
783.0
722.0
642.0
520.0
378.0
226.0
87.0
2.0
0.0
0.0
0.0
0.0
0.0
0.0
0.0
0.0
2.0
80.0
199.0
340.0
472.0
598.0
710.0
747.0
733.0
656.0
579.0
468.0
345.0
195.0
72.0
1.0
0.0
0.0
0.0
0.0
0.0
0.0
0.0
0.0
1.0
18.0
51.0
91.0
112.0
152.0
167.0
177.0
160.0
144.0
132.0
109.0
80.0
40.0
17.0
1.0
0.0
0.0
0.0
0.0
0.0
0.0
0.0
0.0
1.0
53.0
156.0
246.0
290.0
397.0
487.0
543.0
488.0
465.0
421.0
313.0
253.0
145.0
74.0
3.0
0.0
0.0
0.0
0.0
0.0
0.0
0.0
0.0
1.0
39.0
98.0
157.0
217.0
263.0
295.0
327.0
312.0
287.0
264.0
217.0
158.0
98.0
42.0
2.0
0.0
0.0
0.0
0.0
0.0
0.0
0.0
0.0
2.0
68.0
139.0
270.0
387.0
582.0
552.0
474.0
271.0
344.0
787.0
377.0
70.0
21.0
9.0
1.0
0.0
0.0
0.0
0.0
0.0
0.0
0.0
0.0
1.0
22.0
64.0
106.0
142.0
169.0
196.0
189.0
192.0
166.0
129.0
97.0
95.0
54.0
20.0
1.0
0.0
0.0
0.0
0.0
0.0
0.0
0.0
0.0
1.0
92.0
129.0
288.0
326.0
454.0
851.0
828.0
773.0
435.0
243.0
122.0
347.0
115.0
39.0
1.0
0.0
0.0
0.0
0.0
0.0
0.0
0.0
0.0
5.0
113.0
262.0
426.0
573.0
696.0
786.0
834.0
831.0
788.0
700.0
574.0
419.0
257.0
109.0
4.0
0.0
0.0
0.0
0.0
0.0
0.0
0.0
0.0
6.0
115.0
261.0
424.0
579.0
707.0
797.0
837.0
831.0
788.0
700.0
574.0
425.0
267.0
119.0
6.0
0.0
0.0
0.0
0.0
0.0
0.0
0.0
0.0
2.0
10.0
29.0
92.0
223.0
191.0
361.0
305.0
395.0
446.0
744.0
661.0
488.0
302.0
134.0
20.0
0.0
0.0
0.0
0.0
0.0
0.0
0.0
0.0
3.0
57.0
138.0
235.0
311.0
375.0
383.0
372.0
401.0
388.0
314.0
259.0
184.0
102.0
34.0
2.0
0.0
0.0
0.0
0.0
0.0
0.0
0.0
0.0
11.0
118.0
243.0
389.0
493.0
600.0
687.0
735.0
721.0
661.0
527.0
409.0
324.0
209.0
97.0
3.0
0.0
0.0
0.0
0.0
0.0
0.0
0.0
0.0
9.0
127.0
281.0
446.0
605.0
732.0
820.0
867.0
862.0
812.0
719.0
588.0
433.0
269.0
119.0
6.0
0.0
0.0
0.0
0.0
0.0
0.0
0.0
0.0
8.0
106.0
242.0
385.0
526.0
624.0
691.0
724.0
757.0
734.0
660.0
537.0
401.0
239.0
114.0
8.0
0.0
0.0
0.0
0.0
0.0
0.0
0.0
0.0
11.0
121.0
253.0
395.0
524.0
639.0
739.0
749.0
710.0
684.0
639.0
544.0
391.0
240.0
105.0
5.0
0.0
0.0
0.0
0.0
0.0
0.0
0.0
0.0
11.0
94.0
162.0
300.0
446.0
512.0
613.0
571.0
669.0
700.0
661.0
457.0
381.0
263.0
122.0
18.0
0.0
0.0
0.0
0.0
0.0
0.0
0.0
0.0
12.0
136.0
286.0
451.0
603.0
723.0
809.0
854.0
854.0
805.0
713.0
590.0
438.0
279.0
131.0
10.0
0.0
0.0
0.0
0.0
0.0
0.0
0.0
0.0
12.0
131.0
274.0
433.0
576.0
698.0
773.0
825.0
813.0
766.0
680.0
565.0
417.0
266.0
127.0
10.0
0.0
0.0
0.0
0.0
0.0
0.0
0.0
0.0
15.0
144.0
313.0
482.0
647.0
780.0
851.0
410.0
384.0
393.0
323.0
252.0
186.0
118.0
55.0
3.0
0.0
0.0
0.0
0.0
0.0
0.0
0.0
0.0
6.0
55.0
130.0
173.0
530.0
824.0
464.0
403.0
176.0
79.0
60.0
50.0
38.0
47.0
33.0
3.0
0.0
0.0
0.0
0.0
0.0
0.0
0.0
0.0
7.0
49.0
119.0
167.0
202.0
292.0
276.0
279.0
219.0
167.0
220.0
172.0
131.0
71.0
36.0
3.0
0.0
0.0
0.0
0.0
0.0
0.0
0.0
0.0
3.0
29.0
59.0
89.0
118.0
144.0
161.0
169.0
170.0
163.0
143.0
118.0
87.0
58.0
30.0
3.0
0.0
0.0
0.0
0.0
0.0
0.0
0.0
0.0
3.0
13.0
27.0
40.0
53.0
63.0
70.0
78.0
76.0
72.0
63.0
53.0
40.0
26.0
13.0
3.0
0.0
0.0
0.0
0.0
0.0
0.0
0.0
0.0
4.0
29.0
51.0
76.0
97.0
117.0
152.0
150.0
151.0
143.0
122.0
106.0
77.0
52.0
29.0
4.0
0.0
0.0
0.0
0.0
0.0
0.0
0.0
0.0
3.0
24.0
50.0
76.0
88.0
108.0
119.0
127.0
134.0
126.0
110.0
81.0
65.0
44.0
25.0
4.0
0.0
0.0
0.0
0.0
0.0
0.0
0.0
0.0
9.0
64.0
140.0
243.0
311.0
442.0
466.0
496.0
471.0
374.0
330.0
267.0
204.0
158.0
86.0
4.0
0.0
0.0
0.0
0.0
0.0
0.0
0.0
0.0
3.0
73.0
72.0
252.0
186.0
266.0
411.0
485.0
478.0
357.0
414.0
613.0
521.0
265.0
124.0
33.0
0.0
0.0
0.0
0.0
0.0
0.0
0.0
0.0
37.0
136.0
251.0
395.0
507.0
629.0
728.0
783.0
795.0
777.0
683.0
580.0
456.0
301.0
160.0
48.0
0.0
0.0
0.0
0.0
0.0
0.0
0.0
0.0
43.0
154.0
303.0
460.0
598.0
715.0
794.0
838.0
843.0
799.0
712.0
601.0
453.0
302.0
155.0
45.0
0.0
0.0
0.0
0.0
0.0
0.0
0.0
0.0
45.0
155.0
302.0
465.0
605.0
721.0
816.0
858.0
861.0
810.0
722.0
596.0
450.0
294.0
151.0
44.0
0.0
0.0
0.0
0.0
0.0
0.0
0.0
0.0
50.0
179.0
346.0
543.0
682.0
806.0
888.0
453.0
464.0
435.0
371.0
309.0
214.0
152.0
88.0
26.0
0.0
0.0
0.0
0.0
0.0
0.0
0.0
0.0
30.0
85.0
175.0
264.0
398.0
470.0
574.0
592.0
616.0
593.0
571.0
529.0
405.0
262.0
154.0
54.0
0.0
0.0
0.0
0.0
0.0
0.0
0.0
0.0
40.0
145.0
291.0
505.0
597.0
653.0
647.0
768.0
671.0
677.0
579.0
486.0
338.0
226.0
104.0
33.0
0.0
0.0
0.0
0.0
0.0
0.0
0.0
0.0
44.0
147.0
288.0
431.0
572.0
691.0
785.0
829.0
807.0
761.0
661.0
568.0
432.0
298.0
158.0
50.0
0.0
0.0
0.0
0.0
0.0
0.0
0.0
0.0
5.0
15.0
29.0
103.0
284.0
197.0
149.0
453.0
448.0
352.0
410.0
488.0
261.0
151.0
102.0
9.0
0.0
0.0
0.0
0.0
0.0
0.0
0.0
0.0
22.0
13.0
233.0
233.0
229.0
672.0
493.0
297.0
265.0
857.0
650.0
404.0
272.0
79.0
25.0
5.0
0.0
0.0
0.0
0.0
0.0
0.0
0.0
0.0
18.0
14.0
57.0
79.0
145.0
211.0
456.0
370.0
493.0
436.0
440.0
485.0
187.0
192.0
73.0
36.0
0.0
0.0
0.0
0.0
0.0
0.0
0.0
0.0
36.0
23.0
139.0
299.0
398.0
625.0
240.0
224.0
413.0
718.0
481.0
173.0
41.0
28.0
15.0
5.0
0.0
0.0
0.0
0.0
0.0
0.0
0.0
0.0
56.0
135.0
215.0
524.0
671.0
589.0
228.0
340.0
71.0
283.0
775.0
335.0
290.0
135.0
42.0
6.0
0.0
0.0
0.0
0.0
0.0
0.0
0.0
0.0
45.0
146.0
276.0
413.0
538.0
646.0
722.0
759.0
765.0
722.0
649.0
539.0
413.0
278.0
150.0
50.0
0.0
0.0
0.0
0.0
0.0
0.0
0.0
0.0
6.0
20.0
38.0
54.0
71.0
85.0
93.0
99.0
95.0
104.0
96.0
75.0
57.0
39.0
23.0
7.0
0.0
0.0
0.0
0.0
0.0
0.0
0.0
0.0
13.0
47.0
86.0
111.0
121.0
136.0
158.0
183.0
247.0
239.0
234.0
193.0
140.0
82.0
36.0
16.0
0.0
0.0
0.0
0.0
0.0
0.0
0.0
0.0
17.0
63.0
110.0
166.0
266.0
315.0
232.0
326.0
287.0
331.0
167.0
80.0
142.0
89.0
78.0
22.0
0.0
0.0
0.0
0.0
0.0
0.0
0.0
0.0
7.0
23.0
41.0
58.0
75.0
89.0
98.0
106.0
105.0
100.0
90.0
80.0
62.0
41.0
21.0
7.0
0.0
0.0
0.0
0.0
0.0
0.0
0.0
0.0
38.0
121.0
239.0
349.0
462.0
550.0
623.0
662.0
633.0
606.0
534.0
456.0
340.0
217.0
109.0
39.0
0.0
0.0
0.0
0.0
0.0
0.0
0.0
0.0
4.0
15.0
141.0
221.0
304.0
472.0
612.0
783.0
509.0
510.0
133.0
129.0
40.0
27.0
15.0
5.0
0.0
0.0
0.0
0.0
0.0
0.0
0.0
0.0
51.0
163.0
316.0
480.0
629.0
753.0
847.0
894.0
902.0
865.0
780.0
661.0
516.0
357.0
198.0
69.0
1.0
0.0
0.0
0.0
0.0
0.0
0.0
0.0
42.0
139.0
208.0
379.0
548.0
808.0
818.0
362.0
445.0
468.0
446.0
225.0
124.0
89.0
76.0
34.0
1.0
0.0
0.0
0.0
0.0
0.0
0.0
0.0
53.0
174.0
336.0
470.0
590.0
666.0
763.0
355.0
344.0
392.0
365.0
373.0
252.0
191.0
102.0
49.0
1.0
0.0
0.0
0.0
0.0
0.0
0.0
0.0
4.0
78.0
97.0
166.0
161.0
572.0
908.0
617.0
258.0
67.0
118.0
293.0
205.0
27.0
84.0
11.0
0.0
0.0
0.0
0.0
0.0
0.0
0.0
0.0
44.0
145.0
279.0
422.0
552.0
657.0
739.0
785.0
786.0
751.0
676.0
570.0
437.0
298.0
162.0
56.0
0.0
0.0
0.0
0.0
0.0
0.0
0.0
0.0
4.0
39.0
41.0
92.0
211.0
279.0
267.0
323.0
304.0
306.0
282.0
321.0
338.0
224.0
152.0
74.0
2.0
0.0
0.0
0.0
0.0
0.0
0.0
0.0
26.0
84.0
26.0
40.0
53.0
63.0
307.0
314.0
388.0
410.0
724.0
729.0
504.0
296.0
171.0
70.0
0.0
0.0
0.0
0.0
0.0
0.0
0.0
0.0
28.0
92.0
167.0
284.0
382.0
430.0
481.0
528.0
536.0
526.0
432.0
379.0
292.0
200.0
101.0
36.0
0.0
0.0
0.0
0.0
0.0
0.0
0.0
0.0
21.0
72.0
124.0
158.0
246.0
417.0
439.0
415.0
411.0
202.0
177.0
103.0
44.0
30.0
17.0
6.0
0.0
0.0
0.0
0.0
0.0
0.0
0.0
0.0
6.0
13.0
39.0
88.0
183.0
296.0
391.0
345.0
399.0
372.0
280.0
230.0
199.0
189.0
99.0
38.0
1.0
0.0
0.0
0.0
0.0
0.0
0.0
0.0
43.0
146.0
287.0
437.0
575.0
689.0
777.0
827.0
825.0
789.0
708.0
601.0
464.0
316.0
171.0
59.0
0.0
0.0
0.0
0.0
0.0
0.0
0.0
0.0
45.0
156.0
308.0
471.0
624.0
752.0
845.0
897.0
906.0
865.0
782.0
662.0
513.0
353.0
195.0
68.0
1.0
0.0
0.0
0.0
0.0
0.0
0.0
0.0
23.0
132.0
135.0
293.0
361.0
318.0
359.0
213.0
494.0
302.0
274.0
110.0
41.0
27.0
15.0
5.0
0.0
0.0
0.0
0.0
0.0
0.0
0.0
0.0
29.0
91.0
264.0
384.0
364.0
336.0
227.0
261.0
250.0
445.0
644.0
561.0
559.0
265.0
58.0
53.0
0.0
0.0
0.0
0.0
0.0
0.0
0.0
0.0
36.0
134.0
266.0
404.0
534.0
650.0
719.0
754.0
767.0
735.0
657.0
550.0
425.0
290.0
158.0
54.0
0.0
0.0
0.0
0.0
0.0
0.0
0.0
0.0
14.0
59.0
129.0
283.0
252.0
340.0
350.0
443.0
344.0
406.0
137.0
51.0
178.0
207.0
164.0
52.0
2.0
0.0
0.0
0.0
0.0
0.0
0.0
0.0
47.0
178.0
290.0
253.0
420.0
363.0
520.0
325.0
513.0
419.0
223.0
167.0
64.0
136.0
17.0
38.0
1.0
0.0
0.0
0.0
0.0
0.0
0.0
0.0
15.0
119.0
235.0
358.0
480.0
574.0
647.0
679.0
695.0
658.0
589.0
492.0
387.0
268.0
149.0
49.0
0.0
0.0
0.0
0.0
0.0
0.0
0.0
0.0
17.0
140.0
279.0
424.0
561.0
668.0
748.0
794.0
807.0
775.0
705.0
599.0
464.0
319.0
176.0
59.0
0.0
0.0
0.0
0.0
0.0
0.0
0.0
0.0
6.0
70.0
267.0
300.0
585.0
660.0
897.0
995.0
588.0
73.0
66.0
56.0
43.0
29.0
66.0
5.0
0.0
0.0
0.0
0.0
0.0
0.0
0.0
0.0
20.0
81.0
282.0
336.0
396.0
476.0
505.0
442.0
146.0
76.0
82.0
58.0
45.0
31.0
17.0
6.0
0.0
0.0
0.0
0.0
0.0
0.0
0.0
0.0
19.0
142.0
321.0
471.0
680.0
724.0
890.0
405.0
358.0
268.0
377.0
292.0
225.0
130.0
104.0
50.0
1.0
0.0
0.0
0.0
0.0
0.0
0.0
0.0
13.0
85.0
26.0
181.0
333.0
507.0
635.0
568.0
384.0
301.0
434.0
344.0
215.0
190.0
131.0
43.0
0.0
0.0
0.0
0.0
0.0
0.0
0.0
0.0
3.0
72.0
149.0
211.0
259.0
376.0
366.0
418.0
442.0
441.0
456.0
382.0
267.0
191.0
114.0
34.0
0.0
0.0
0.0
0.0
0.0
0.0
0.0
0.0
14.0
46.0
212.0
420.0
374.0
786.0
680.0
523.0
330.0
291.0
147.0
167.0
55.0
26.0
14.0
4.0
0.0
0.0
0.0
0.0
0.0
0.0
0.0
0.0
13.0
134.0
285.0
448.0
602.0
730.0
825.0
877.0
889.0
847.0
768.0
647.0
495.0
330.0
174.0
55.0
0.0
0.0
0.0
0.0
0.0
0.0
0.0
0.0
6.0
82.0
160.0
284.0
405.0
435.0
401.0
443.0
486.0
535.0
581.0
556.0
430.0
312.0
175.0
61.0
0.0
0.0
0.0
0.0
0.0
0.0
0.0
0.0
2.0
65.0
137.0
280.0
363.0
463.0
568.0
624.0
601.0
448.0
381.0
348.0
236.0
175.0
96.0
28.0
0.0
0.0
0.0
0.0
0.0
0.0
0.0
0.0
2.0
11.0
213.0
76.0
322.0
294.0
127.0
77.0
270.0
678.0
304.0
340.0
394.0
365.0
191.0
58.0
0.0
0.0
0.0
0.0
0.0
0.0
0.0
0.0
9.0
120.0
263.0
422.0
572.0
697.0
779.0
826.0
834.0
798.0
723.0
614.0
464.0
310.0
164.0
50.0
0.0
0.0
0.0
0.0
0.0
0.0
0.0
0.0
8.0
114.0
255.0
410.0
553.0
685.0
775.0
822.0
821.0
780.0
698.0
587.0
446.0
294.0
150.0
43.0
0.0
0.0
0.0
0.0
0.0
0.0
0.0
0.0
6.0
113.0
261.0
484.0
657.0
802.0
893.0
389.0
421.0
326.0
226.0
134.0
143.0
71.0
39.0
11.0
0.0
0.0
0.0
0.0
0.0
0.0
0.0
0.0
7.0
122.0
278.0
455.0
641.0
736.0
850.0
527.0
563.0
554.0
428.0
357.0
266.0
155.0
87.0
27.0
0.0
0.0
0.0
0.0
0.0
0.0
0.0
0.0
8.0
134.0
294.0
487.0
661.0
759.0
815.0
436.0
440.0
368.0
351.0
287.0
229.0
182.0
93.0
14.0
0.0
0.0
0.0
0.0
0.0
0.0
0.0
0.0
6.0
76.0
176.0
209.0
279.0
392.0
435.0
411.0
435.0
420.0
304.0
159.0
65.0
46.0
13.0
3.0
0.0
0.0
0.0
0.0
0.0
0.0
0.0
0.0
1.0
45.0
104.0
180.0
251.0
327.0
359.0
350.0
384.0
344.0
328.0
251.0
196.0
139.0
69.0
10.0
0.0
0.0
0.0
0.0
0.0
0.0
0.0
0.0
1.0
67.0
118.0
234.0
384.0
253.0
346.0
316.0
160.0
85.0
117.0
217.0
205.0
299.0
150.0
22.0
0.0
0.0
0.0
0.0
0.0
0.0
0.0
0.0
1.0
40.0
93.0
147.0
209.0
260.0
288.0
298.0
304.0
287.0
244.0
196.0
139.0
85.0
36.0
3.0
0.0
0.0
0.0
0.0
0.0
0.0
0.0
0.0
4.0
89.0
217.0
358.0
507.0
626.0
707.0
749.0
761.0
723.0
668.0
554.0
416.0
276.0
141.0
17.0
0.0
0.0
0.0
0.0
0.0
0.0
0.0
0.0
1.0
18.0
40.0
59.0
92.0
109.0
132.0
130.0
118.0
115.0
108.0
88.0
67.0
42.0
23.0
3.0
0.0
0.0
0.0
0.0
0.0
0.0
0.0
0.0
4.0
94.0
235.0
408.0
597.0
767.0
874.0
510.0
508.0
408.0
300.0
240.0
148.0
102.0
47.0
3.0
0.0
0.0
0.0
0.0
0.0
0.0
0.0
0.0
1.0
11.0
25.0
44.0
67.0
80.0
91.0
91.0
90.0
86.0
76.0
66.0
48.0
32.0
15.0
2.0
0.0
0.0
0.0
0.0
0.0
0.0
0.0
0.0
2.0
89.0
219.0
375.0
527.0
659.0
731.0
792.0
774.0
740.0
646.0
517.0
376.0
236.0
111.0
6.0
0.0
0.0
0.0
0.0
0.0
0.0
0.0
0.0
1.0
21.0
69.0
216.0
362.0
409.0
487.0
550.0
544.0
423.0
357.0
204.0
197.0
150.0
142.0
19.0
0.0
0.0
0.0
0.0
0.0
0.0
0.0
0.0
2.0
90.0
231.0
405.0
570.0
704.0
787.0
445.0
454.0
445.0
409.0
317.0
232.0
141.0
64.0
2.0
0.0
0.0
0.0
0.0
0.0
0.0
0.0
0.0
1.0
63.0
174.0
309.0
425.0
542.0
623.0
683.0
689.0
665.0
577.0
481.0
349.0
220.0
95.0
4.0
0.0
0.0
0.0
0.0
0.0
0.0
0.0
0.0
1.0
37.0
102.0
160.0
226.0
292.0
332.0
364.0
372.0
340.0
288.0
269.0
211.0
122.0
47.0
2.0
0.0
0.0
0.0
0.0
0.0
0.0
0.0
0.0
1.0
80.0
211.0
355.0
486.0
607.0
718.0
773.0
784.0
731.0
666.0
547.0
402.0
265.0
120.0
8.0
0.0
0.0
0.0
0.0
0.0
0.0
0.0
0.0
0.0
59.0
153.0
327.0
442.0
533.0
657.0
727.0
692.0
690.0
642.0
539.0
425.0
257.0
112.0
7.0
0.0
0.0
0.0
0.0
0.0
0.0
0.0
0.0
0.0
50.0
148.0
252.0
373.0
480.0
541.0
563.0
591.0
549.0
492.0
426.0
305.0
187.0
83.0
5.0
0.0
0.0
0.0
0.0
0.0
0.0
0.0
0.0
0.0
24.0
70.0
123.0
176.0
212.0
242.0
256.0
252.0
237.0
202.0
179.0
126.0
76.0
31.0
1.0
0.0
0.0
0.0
0.0
0.0
0.0
0.0
0.0
0.0
10.0
32.0
73.0
128.0
144.0
181.0
194.0
192.0
175.0
144.0
127.0
78.0
54.0
25.0
1.0
0.0
0.0
0.0
0.0
0.0
0.0
0.0
0.0
0.0
65.0
192.0
353.0
500.0
632.0
732.0
789.0
799.0
752.0
669.0
555.0
412.0
253.0
105.0
4.0
0.0
0.0
0.0
0.0
0.0
0.0
0.0
0.0
0.0
69.0
202.0
367.0
517.0
639.0
738.0
411.0
455.0
421.0
369.0
307.0
237.0
139.0
51.0
1.0
0.0
0.0
0.0
0.0
0.0
0.0
0.0
0.0
0.0
53.0
162.0
287.0
424.0
533.0
620.0
650.0
654.0
618.0
551.0
439.0
316.0
187.0
71.0
1.0
0.0
0.0
0.0
0.0
0.0
0.0
0.0
0.0
0.0
43.0
19.0
48.0
54.0
57.0
156.0
656.0
800.0
775.0
614.0
605.0
437.0
258.0
56.0
2.0
0.0
0.0
0.0
0.0
0.0
0.0
0.0
0.0
0.0
34.0
151.0
203.0
257.0
336.0
401.0
230.0
241.0
115.0
125.0
53.0
106.0
45.0
7.0
1.0
0.0
0.0
0.0
0.0
0.0
0.0
0.0
0.0
0.0
47.0
156.0
304.0
444.0
554.0
614.0
616.0
609.0
588.0
513.0
422.0
302.0
162.0
63.0
0.0
0.0
0.0
0.0
0.0
0.0
0.0
0.0
0.0
0.0
34.0
42.0
28.0
106.0
329.0
399.0
443.0
364.0
331.0
288.0
271.0
222.0
157.0
37.0
2.0
0.0
0.0
0.0
0.0
0.0
0.0
0.0
0.0
0.0
36.0
132.0
259.0
354.0
422.0
520.0
592.0
612.0
567.0
486.0
386.0
275.0
156.0
51.0
0.0
0.0
0.0
0.0
0.0
0.0
0.0
0.0
0.0
0.0
32.0
116.0
200.0
328.0
443.0
481.0
495.0
567.0
516.0
445.0
372.0
321.0
183.0
78.0
1.0
0.0
0.0
0.0
0.0
0.0
0.0
0.0
0.0
0.0
29.0
193.0
367.0
553.0
673.0
798.0
461.0
453.0
435.0
344.0
234.0
176.0
98.0
32.0
0.0
0.0
0.0
0.0
0.0
0.0
0.0
0.0
0.0
0.0
19.0
188.0
365.0
464.0
689.0
670.0
569.0
592.0
70.0
54.0
44.0
31.0
17.0
6.0
0.0
0.0
0.0
0.0
0.0
0.0
0.0
0.0
0.0
0.0
6.0
83.0
337.0
519.0
577.0
603.0
579.0
265.0
198.0
253.0
128.0
177.0
16.0
5.0
0.0
0.0
0.0
0.0
0.0
0.0
0.0
0.0
0.0
0.0
8.0
105.0
199.0
328.0
445.0
470.0
421.0
475.0
496.0
448.0
402.0
283.0
179.0
62.0
0.0
0.0
0.0
0.0
0.0
0.0
0.0
0.0
0.0
0.0
16.0
117.0
239.0
278.0
497.0
507.0
429.0
413.0
613.0
631.0
539.0
273.0
134.0
33.0
0.0
0.0
0.0
0.0
0.0
0.0
0.0
0.0
0.0
0.0
6.0
54.0
128.0
213.0
276.0
296.0
305.0
259.0
238.0
170.0
119.0
56.0
26.0
5.0
0.0
0.0
0.0
0.0
0.0
0.0
0.0
0.0
0.0
0.0
5.0
58.0
105.0
173.0
246.0
290.0
294.0
294.0
258.0
217.0
163.0
114.0
58.0
4.0
0.0
0.0
0.0
0.0
0.0
0.0
0.0
0.0
0.0
0.0
12.0
141.0
298.0
453.0
571.0
676.0
715.0
711.0
659.0
592.0
462.0
318.0
167.0
21.0
0.0
0.0
0.0
0.0
0.0
0.0
0.0
0.0
0.0
0.0
2.0
75.0
100.0
201.0
203.0
312.0
480.0
732.0
775.0
554.0
382.0
204.0
63.0
12.0
0.0
0.0
0.0
0.0
0.0
0.0
0.0
0.0
0.0
0.0
2.0
19.0
71.0
55.0
156.0
284.0
437.0
484.0
397.0
399.0
370.0
279.0
159.0
44.0
0.0
0.0
0.0
0.0
0.0
0.0
0.0
0.0
0.0
0.0
2.0
47.0
97.0
163.0
211.0
235.0
240.0
255.0
244.0
214.0
150.0
98.0
48.0
3.0
0.0
0.0
0.0
0.0
0.0
0.0
0.0
0.0
0.0
0.0
2.0
88.0
178.0
198.0
358.0
477.0
639.0
543.0
518.0
478.0
461.0
276.0
132.0
9.0
0.0
0.0
0.0
0.0
0.0
0.0
0.0
0.0
0.0
0.0
2.0
17.0
41.0
58.0
72.0
91.0
100.0
95.0
94.0
82.0
65.0
45.0
22.0
3.0
0.0
0.0
0.0
0.0
0.0
0.0
0.0
0.0
0.0
0.0
2.0
66.0
165.0
281.0
343.0
362.0
424.0
448.0
417.0
343.0
258.0
174.0
98.0
9.0
0.0
0.0
0.0
0.0
0.0
0.0
0.0
0.0
0.0
0.0
2.0
42.0
91.0
148.0
190.0
232.0
245.0
269.0
243.0
205.0
166.0
111.0
56.0
4.0
0.0
0.0
0.0
0.0
0.0
0.0
0.0
0.0
0.0
0.0
1.0
31.0
68.0
105.0
130.0
133.0
196.0
157.0
167.0
146.0
97.0
64.0
21.0
2.0
0.0
0.0
0.0
0.0
0.0
0.0
0.0
0.0
0.0
0.0
1.0
12.0
28.0
40.0
48.0
55.0
59.0
59.0
467.0
407.0
311.0
202.0
94.0
5.0
0.0
0.0
0.0
0.0
0.0
0.0
0.0
0.0
0.0
0.0
1.0
48.0
107.0
170.0
228.0
263.0
278.0
279.0
255.0
225.0
170.0
111.0
52.0
3.0
0.0
0.0
0.0
0.0
0.0
0.0
0.0
0.0
0.0
0.0
3.0
97.0
219.0
360.0
464.0
518.0
534.0
535.0
498.0
438.0
333.0
209.0
86.0
1.0
0.0
0.0
0.0
0.0
0.0
0.0
0.0
0.0
0.0
0.0
2.0
61.0
135.0
224.0
300.0
356.0
373.0
336.0
279.0
262.0
200.0
118.0
49.0
1.0
0.0
0.0
0.0
0.0
0.0
0.0
0.0
0.0
0.0
0.0
2.0
95.0
235.0
371.0
494.0
590.0
636.0
661.0
626.0
520.0
396.0
245.0
104.0
3.0
0.0
0.0
0.0
0.0
0.0
0.0
0.0
0.0
0.0
0.0
1.0
46.0
106.0
188.0
250.0
312.0
358.0
329.0
304.0
260.0
196.0
116.0
45.0
1.0
0.0
0.0
0.0
0.0
0.0
0.0
0.0
0.0
0.0
0.0
1.0
74.0
186.0
297.0
404.0
488.0
523.0
526.0
484.0
417.0
306.0
184.0
73.0
1.0
0.0
0.0
0.0
0.0
0.0
0.0
0.0
0.0
0.0
0.0
1.0
45.0
110.0
182.0
253.0
299.0
313.0
323.0
335.0
266.0
207.0
121.0
52.0
1.0
0.0
0.0
0.0
0.0
0.0
0.0
0.0
0.0
0.0
0.0
1.0
93.0
215.0
377.0
456.0
451.0
466.0
425.0
510.0
439.0
359.0
243.0
95.0
2.0
0.0
0.0
0.0
0.0
0.0
0.0
0.0
0.0
0.0
0.0
1.0
61.0
144.0
235.0
292.0
378.0
392.0
408.0
368.0
311.0
223.0
135.0
49.0
0.0
0.0
0.0
0.0
0.0
0.0
0.0
0.0
0.0
0.0
0.0
0.0
70.0
192.0
321.0
421.0
498.0
535.0
540.0
491.0
418.0
309.0
186.0
67.0
0.0
0.0
0.0
0.0
0.0
0.0
0.0
0.0
0.0
0.0
0.0
0.0
11.0
26.0
45.0
62.0
75.0
74.0
72.0
69.0
53.0
40.0
25.0
9.0
0.0
0.0
0.0
0.0
0.0
0.0
0.0
0.0
0.0
0.0
0.0
0.0
84.0
233.0
385.0
508.0
603.0
634.0
638.0
584.0
479.0
354.0
205.0
68.0
0.0
0.0
0.0
0.0
0.0
0.0
0.0
0.0
0.0
0.0
0.0
0.0
78.0
220.0
371.0
504.0
590.0
630.0
624.0
576.0
486.0
353.0
200.0
65.0
0.0
0.0
0.0
0.0
0.0
0.0
0.0
0.0
0.0
0.0
0.0
0.0
85.0
243.0
319.0
462.0
237.0
63.0
295.0
278.0
138.0
29.0
17.0
5.0
0.0
0.0
0.0
0.0
0.0
0.0
0.0
0.0
0.0
0.0
0.0
0.0
72.0
235.0
324.0
454.0
474.0
382.0
348.0
297.0
174.0
237.0
92.0
15.0
0.0
0.0
0.0
0.0
0.0
0.0
0.0
0.0
0.0
0.0
0.0
0.0
41.0
99.0
71.0
350.0
582.0
669.0
534.0
212.0
37.0
27.0
15.0
4.0
0.0
0.0
0.0
0.0
0.0
0.0
0.0
0.0
0.0
0.0
0.0
0.0
64.0
193.0
341.0
465.0
553.0
591.0
588.0
539.0
454.0
330.0
191.0
29.0
0.0
0.0
0.0
0.0
0.0
0.0
0.0
0.0
0.0
0.0
0.0
0.0
66.0
205.0
357.0
490.0
580.0
616.0
614.0
560.0
457.0
327.0
180.0
20.0
0.0
0.0
0.0
0.0
0.0
0.0
0.0
0.0
0.0
0.0
0.0
0.0
13.0
58.0
88.0
103.0
112.0
135.0
158.0
137.0
122.0
73.0
45.0
4.0
0.0
0.0
0.0
0.0
0.0
0.0
0.0
0.0
0.0
0.0
0.0
0.0
27.0
84.0
107.0
83.0
91.0
71.0
52.0
453.0
426.0
307.0
167.0
20.0
0.0
0.0
0.0
0.0
0.0
0.0
0.0
0.0
0.0
0.0
0.0
0.0
12.0
26.0
39.0
81.0
137.0
146.0
165.0
131.0
105.0
110.0
35.0
3.0
0.0
0.0
0.0
0.0
0.0
0.0
0.0
0.0
0.0
0.0
0.0
0.0
5.0
38.0
75.0
100.0
104.0
142.0
109.0
519.0
403.0
237.0
104.0
3.0
0.0
0.0
0.0
0.0
0.0
0.0
0.0
0.0
0.0
0.0
0.0
0.0
26.0
115.0
273.0
278.0
407.0
399.0
316.0
270.0
56.0
26.0
14.0
8.0
0.0
0.0
0.0
0.0
0.0
0.0
0.0
0.0
0.0
0.0
0.0
0.0
12.0
112.0
210.0
286.0
338.0
350.0
405.0
341.0
272.0
187.0
88.0
2.0
0.0
0.0
0.0
0.0
0.0
0.0
0.0
0.0
0.0
0.0
0.0
0.0
20.0
176.0
318.0
442.0
528.0
577.0
581.0
525.0
422.0
285.0
140.0
8.0
0.0
0.0
0.0
0.0
0.0
0.0
0.0
0.0
0.0
0.0
0.0
0.0
16.0
146.0
272.0
393.0
485.0
542.0
559.0
504.0
408.0
282.0
135.0
9.0
0.0
0.0
0.0
0.0
0.0
0.0
0.0
0.0
0.0
0.0
0.0
0.0
13.0
127.0
233.0
345.0
425.0
459.0
445.0
393.0
304.0
208.0
88.0
2.0
0.0
0.0
0.0
0.0
0.0
0.0
0.0
0.0
0.0
0.0
0.0
0.0
3.0
92.0
166.0
227.0
256.0
297.0
293.0
265.0
251.0
163.0
67.0
4.0
0.0
0.0
0.0
0.0
0.0
0.0
0.0
0.0
0.0
0.0
0.0
0.0
15.0
90.0
62.0
54.0
204.0
234.0
359.0
557.0
444.0
294.0
112.0
8.0
0.0
0.0
0.0
0.0
0.0
0.0
0.0
0.0
0.0
0.0
0.0
0.0
3.0
52.0
110.0
173.0
248.0
272.0
309.0
182.0
197.0
138.0
49.0
1.0
0.0
0.0
0.0
0.0
0.0
0.0
0.0
0.0
0.0
0.0
0.0
0.0
7.0
88.0
183.0
271.0
325.0
347.0
338.0
281.0
220.0
132.0
51.0
1.0
0.0
0.0
0.0
0.0
0.0
0.0
0.0
0.0
0.0
0.0
0.0
0.0
8.0
119.0
247.0
346.0
416.0
466.0
457.0
407.0
306.0
192.0
79.0
1.0
0.0
0.0
0.0
0.0
0.0
0.0
0.0
0.0
0.0
0.0
0.0
0.0
5.0
92.0
188.0
273.0
335.0
371.0
344.0
289.0
222.0
153.0
57.0
1.0
0.0
0.0
0.0
0.0
0.0
0.0
0.0
0.0
0.0
0.0
0.0
0.0
2.0
18.0
35.0
48.0
58.0
65.0
58.0
57.0
44.0
30.0
12.0
1.0
0.0
0.0
0.0
0.0
0.0
0.0
0.0
0.0
0.0
0.0
0.0
0.0
2.0
28.0
58.0
88.0
122.0
120.0
105.0
98.0
86.0
55.0
21.0
0.0
0.0
0.0
0.0
0.0
0.0
0.0
0.0
0.0
0.0
0.0
0.0
0.0
2.0
45.0
99.0
159.0
206.0
216.0
214.0
190.0
154.0
94.0
41.0
0.0
0.0
0.0
0.0
0.0
0.0
0.0
0.0
0.0
0.0
0.0
0.0
0.0
1.0
51.0
119.0
165.0
209.0
235.0
229.0
209.0
174.0
96.0
42.0
0.0
0.0
0.0
0.0
0.0
0.0
0.0
0.0
0.0
0.0
0.0
0.0
0.0
1.0
24.0
28.0
31.0
77.0
109.0
97.0
394.0
310.0
189.0
83.0
1.0
0.0
0.0
0.0
0.0
0.0
0.0
0.0
0.0
0.0
0.0
0.0
0.0
2.0
34.0
50.0
119.0
61.0
137.0
43.0
295.0
281.0
160.0
48.0
0.0
0.0
0.0
0.0
0.0
0.0
0.0
0.0
0.0
0.0
0.0
0.0
0.0
1.0
25.0
58.0
95.0
126.0
138.0
140.0
94.0
73.0
44.0
15.0
0.0
0.0
0.0
0.0
0.0
0.0
0.0
0.0
0.0
0.0
0.0
0.0
0.0
1.0
14.0
36.0
55.0
71.0
78.0
77.0
69.0
53.0
30.0
10.0
0.0
0.0
0.0
0.0
0.0
0.0
0.0
0.0
0.0
0.0
0.0
0.0
0.0
1.0
14.0
35.0
29.0
45.0
57.0
64.0
344.0
257.0
157.0
50.0
0.0
0.0
0.0
0.0
0.0
0.0
0.0
0.0
0.0
0.0
0.0
0.0
0.0
1.0
40.0
99.0
147.0
187.0
204.0
201.0
162.0
123.0
71.0
21.0
0.0
0.0
0.0
0.0
0.0
0.0
0.0
0.0
0.0
0.0
0.0
0.0
0.0
1.0
48.0
102.0
165.0
207.0
229.0
211.0
202.0
146.0
82.0
12.0
0.0
0.0
0.0
0.0
0.0
0.0
0.0
0.0
0.0
0.0
0.0
0.0
0.0
1.0
94.0
230.0
303.0
312.0
278.0
265.0
363.0
201.0
106.0
4.0
0.0
0.0
0.0
0.0
0.0
0.0
0.0
0.0
0.0
0.0
0.0
0.0
0.0
0.0
57.0
161.0
251.0
254.0
275.0
334.0
282.0
206.0
112.0
18.0
0.0
0.0
0.0
0.0
0.0
0.0
0.0
0.0
0.0
0.0
0.0
0.0
0.0
0.0
62.0
173.0
271.0
309.0
372.0
359.0
289.0
204.0
98.0
3.0
0.0
0.0
0.0
0.0
0.0
0.0
0.0
0.0
0.0
0.0
0.0
0.0
0.0
0.0
75.0
195.0
304.0
376.0
432.0
440.0
355.0
254.0
139.0
14.0
0.0
0.0
0.0
0.0
0.0
0.0
0.0
0.0
0.0
0.0
0.0
0.0
0.0
0.0
73.0
182.0
305.0
385.0
435.0
420.0
372.0
278.0
147.0
13.0
0.0
0.0
0.0
0.0
0.0
0.0
0.0
0.0
0.0
0.0
0.0
0.0
0.0
0.0
76.0
200.0
319.0
408.0
441.0
426.0
363.0
273.0
147.0
13.0
0.0
0.0
0.0
0.0
0.0
0.0
0.0
0.0
0.0
0.0
0.0
0.0
0.0
0.0
6.0
34.0
250.0
341.0
285.0
239.0
232.0
237.0
151.0
26.0
0.0
0.0
0.0
0.0
0.0
0.0
0.0
0.0
0.0
0.0
0.0
0.0
0.0
0.0
51.0
130.0
222.0
273.0
294.0
285.0
275.0
188.0
83.0
2.0
0.0
0.0
0.0
0.0
0.0
0.0
0.0
0.0
0.0
0.0
0.0
0.0
0.0
0.0
25.0
70.0
113.0
140.0
152.0
150.0
127.0
94.0
45.0
2.0
0.0
0.0
0.0
0.0
0.0
0.0
0.0
0.0
0.0
0.0
0.0
0.0
0.0
0.0
22.0
98.0
157.0
140.0
129.0
72.0
61.0
73.0
50.0
4.0
0.0
0.0
0.0
0.0
0.0
0.0
0.0
0.0
0.0
0.0
0.0
0.0
0.0
0.0
56.0
159.0
240.0
297.0
356.0
319.0
312.0
229.0
112.0
4.0
0.0
0.0
0.0
0.0
0.0
0.0
0.0
0.0
0.0
0.0
0.0
0.0
0.0
0.0
43.0
150.0
243.0
321.0
346.0
337.0
287.0
176.0
88.0
1.0
0.0
0.0
0.0
0.0
0.0
0.0
0.0
0.0
0.0
0.0
0.0
0.0
0.0
0.0
4.0
90.0
85.0
170.0
278.0
265.0
285.0
184.0
120.0
11.0
0.0
0.0
0.0
0.0
0.0
0.0
0.0
0.0
0.0
0.0
0.0
0.0
0.0
0.0
22.0
167.0
284.0
373.0
413.0
401.0
341.0
238.0
113.0
4.0
0.0
0.0
0.0
0.0
0.0
0.0
0.0
0.0
0.0
0.0
0.0
0.0
0.0
0.0
21.0
151.0
252.0
336.0
377.0
361.0
315.0
210.0
110.0
3.0
0.0
0.0
0.0
0.0
0.0
0.0
0.0
0.0
0.0
0.0
0.0
0.0
0.0
0.0
14.0
133.0
271.0
358.0
389.0
366.0
275.0
184.0
90.0
2.0
0.0
0.0
0.0
0.0
0.0
0.0
0.0
0.0
0.0
0.0
0.0
0.0
0.0
0.0
3.0
13.0
23.0
30.0
33.0
32.0
272.0
187.0
85.0
2.0
0.0
0.0
0.0
0.0
0.0
0.0
0.0
0.0
0.0
0.0
0.0
0.0
0.0
0.0
4.0
21.0
41.0
48.0
46.0
41.0
286.0
189.0
85.0
1.0
0.0
0.0
0.0
0.0
0.0
0.0
0.0
0.0
0.0
0.0
0.0
0.0
0.0
0.0
3.0
22.0
40.0
55.0
58.0
57.0
49.0
33.0
15.0
1.0
0.0
0.0
0.0
0.0
0.0
0.0
0.0
0.0
0.0
0.0
0.0
0.0
0.0
0.0
9.0
108.0
202.0
267.0
309.0
290.0
231.0
151.0
64.0
1.0
0.0
0.0
0.0
0.0
0.0
0.0
0.0
0.0
0.0
0.0
0.0
0.0
0.0
0.0
2.0
19.0
36.0
46.0
55.0
57.0
44.0
29.0
13.0
0.0
0.0
0.0
0.0
0.0
0.0
0.0
0.0
0.0
0.0
0.0
0.0
0.0
0.0
0.0
2.0
10.0
20.0
27.0
31.0
28.0
23.0
15.0
6.0
0.0
0.0
0.0
0.0
0.0
0.0
0.0
0.0
0.0
0.0
0.0
0.0
0.0
0.0
0.0
5.0
49.0
100.0
123.0
115.0
100.0
72.0
52.0
19.0
0.0
0.0
0.0
0.0
0.0
0.0
0.0
0.0
0.0
0.0
0.0
0.0
0.0
0.0
0.0
2.0
86.0
171.0
251.0
295.0
268.0
189.0
129.0
53.0
1.0
0.0
0.0
0.0
0.0
0.0
0.0
0.0
0.0
0.0
0.0
0.0
0.0
0.0
0.0
9.0
91.0
107.0
188.0
335.0
287.0
193.0
68.0
49.0
2.0
0.0
0.0
0.0
0.0
0.0
0.0
0.0
0.0
0.0
0.0
0.0
0.0
0.0
0.0
1.0
20.0
42.0
53.0
59.0
60.0
54.0
37.0
13.0
0.0
0.0
0.0
0.0
0.0
0.0
0.0
0.0
0.0
0.0
0.0
0.0
0.0
0.0
0.0
1.0
19.0
35.0
50.0
61.0
60.0
46.0
27.0
11.0
0.0
0.0
0.0
0.0
0.0
0.0
0.0
0.0
0.0
0.0
0.0
0.0
0.0
0.0
0.0
1.0
38.0
18.0
26.0
246.0
177.0
208.0
115.0
71.0
2.0
0.0
0.0
0.0
0.0
0.0
0.0
0.0
0.0
0.0
0.0
0.0
0.0
0.0
0.0
1.0
21.0
45.0
65.0
78.0
92.0
70.0
43.0
17.0
0.0
0.0
0.0
0.0
0.0
0.0
0.0
0.0
0.0
0.0
0.0
0.0
0.0
0.0
0.0
1.0
51.0
119.0
144.0
144.0
136.0
125.0
78.0
33.0
0.0
0.0
0.0
0.0
0.0
0.0
0.0
0.0
0.0
0.0
0.0
0.0
0.0
0.0
0.0
1.0
21.0
48.0
72.0
86.0
86.0
63.0
43.0
15.0
0.0
0.0
0.0
0.0
0.0
0.0
0.0
0.0
0.0
0.0
0.0
0.0
0.0
0.0
0.0
1.0
34.0
78.0
119.0
128.0
122.0
102.0
64.0
23.0
0.0
0.0
0.0
0.0
0.0
0.0
0.0
0.0
0.0
0.0
0.0
0.0
0.0
0.0
0.0
1.0
48.0
105.0
138.0
157.0
144.0
120.0
85.0
30.0
0.0
0.0
0.0
0.0
0.0
0.0
0.0
0.0
0.0
0.0
0.0
0.0
0.0
0.0
0.0
1.0
73.0
161.0
259.0
252.0
191.0
170.0
124.0
44.0
0.0
0.0
0.0
0.0
0.0
0.0
0.0
0.0
0.0
0.0
0.0
0.0
0.0
0.0
0.0
1.0
76.0
149.0
217.0
284.0
276.0
232.0
127.0
23.0
0.0
0.0
0.0
0.0
0.0
0.0
0.0
0.0
0.0
0.0
0.0
0.0
0.0
0.0
0.0
0.0
15.0
32.0
46.0
51.0
43.0
35.0
22.0
4.0
0.0
0.0
0.0
0.0
0.0
0.0
0.0
0.0
0.0
0.0
0.0
0.0
0.0
0.0
0.0
0.0
20.0
49.0
73.0
73.0
75.0
241.0
155.0
28.0
0.0
0.0
0.0
0.0
0.0
0.0
0.0
0.0
0.0
0.0
0.0
0.0
0.0
0.0
0.0
1.0
58.0
129.0
185.0
147.0
111.0
90.0
66.0
4.0
0.0
0.0
0.0
0.0
0.0
0.0
0.0
0.0
0.0
0.0
0.0
0.0
0.0
0.0
0.0
0.0
76.0
108.0
217.0
158.0
149.0
145.0
55.0
31.0
0.0
0.0
0.0
0.0
0.0
0.0
0.0
0.0
0.0
0.0
0.0
0.0
0.0
0.0
0.0
0.0
21.0
52.0
68.0
87.0
72.0
62.0
39.0
6.0
0.0
0.0
0.0
0.0
0.0
0.0
0.0
0.0
0.0
0.0
0.0
0.0
0.0
0.0
0.0
0.0
11.0
30.0
77.0
85.0
103.0
92.0
41.0
4.0
0.0
0.0
0.0
0.0
0.0
0.0
0.0
0.0
0.0
0.0
0.0
0.0
0.0
0.0
0.0
0.0
23.0
64.0
95.0
108.0
101.0
78.0
45.0
3.0
0.0
0.0
0.0
0.0
0.0
0.0
0.0
0.0
0.0
0.0
0.0
0.0
0.0
0.0
0.0
0.0
29.0
104.0
72.0
130.0
74.0
58.0
40.0
9.0
0.0
0.0
0.0
0.0
0.0
0.0
0.0
0.0
0.0
0.0
0.0
0.0
0.0
0.0
0.0
0.0
37.0
89.0
149.0
186.0
205.0
196.0
131.0
20.0
0.0
0.0
0.0
0.0
0.0
0.0
0.0
0.0
0.0
0.0
0.0
0.0
0.0
0.0
0.0
0.0
7.0
23.0
51.0
97.0
49.0
173.0
95.0
10.0
0.0
0.0
0.0
0.0
0.0
0.0
0.0
0.0
0.0
0.0
0.0
0.0
0.0
0.0
0.0
0.0
8.0
11.0
19.0
42.0
65.0
214.0
127.0
19.0
0.0
0.0
0.0
0.0
0.0
0.0
0.0
0.0
0.0
0.0
0.0
0.0
0.0
0.0
0.0
0.0
11.0
34.0
51.0
74.0
79.0
56.0
39.0
5.0
0.0
0.0
0.0
0.0
0.0
0.0
0.0
0.0
0.0
0.0
0.0
0.0
0.0
0.0
0.0
0.0
4.0
11.0
17.0
20.0
22.0
16.0
10.0
3.0
0.0
0.0
0.0
0.0
0.0
0.0
0.0
0.0
0.0
0.0
0.0
0.0
0.0
0.0
0.0
0.0
28.0
87.0
139.0
149.0
138.0
102.0
56.0
3.0
0.0
0.0
0.0
0.0
0.0
0.0
0.0
0.0
0.0
0.0
0.0
0.0
0.0
0.0
0.0
0.0
5.0
30.0
47.0
69.0
76.0
65.0
35.0
3.0
0.0
0.0
0.0
0.0
0.0
0.0
0.0
0.0
0.0
0.0
0.0
0.0
0.0
0.0
0.0
0.0
26.0
127.0
203.0
176.0
95.0
15.0
33.0
10.0
0.0
0.0
0.0
0.0
0.0
0.0
0.0
0.0
0.0
0.0
0.0
0.0
0.0
0.0
0.0
0.0
3.0
28.0
49.0
46.0
41.0
45.0
30.0
5.0
0.0
0.0
0.0
0.0
0.0
0.0
0.0
0.0
0.0
0.0
0.0
0.0
0.0
0.0
0.0
0.0
6.0
66.0
151.0
113.0
29.0
92.0
87.0
14.0
0.0
0.0
0.0
0.0
0.0
0.0
0.0
0.0
0.0
0.0
0.0
0.0
0.0
0.0
0.0
0.0
21.0
122.0
172.0
195.0
206.0
148.0
62.0
2.0
0.0
0.0
0.0
0.0
0.0
0.0
0.0
0.0
0.0
0.0
0.0
0.0
0.0
0.0
0.0
0.0
13.0
85.0
159.0
234.0
236.0
191.0
112.0
15.0
0.0
0.0
0.0
0.0
0.0
0.0
0.0
0.0
0.0
0.0
0.0
0.0
0.0
0.0
0.0
0.0
4.0
27.0
43.0
51.0
56.0
46.0
27.0
3.0
0.0
0.0
0.0
0.0
0.0
0.0
0.0
0.0
0.0
0.0
0.0
0.0
0.0
0.0
0.0
0.0
3.0
20.0
36.0
47.0
44.0
37.0
19.0
2.0
0.0
0.0
0.0
0.0
0.0
0.0
0.0
0.0
0.0
0.0
0.0
0.0
0.0
0.0
0.0
0.0
3.0
11.0
17.0
33.0
41.0
187.0
108.0
10.0
0.0
0.0
0.0
0.0
0.0
0.0
0.0
0.0
0.0
0.0
0.0
0.0
0.0
0.0
0.0
0.0
6.0
53.0
81.0
160.0
174.0
189.0
85.0
8.0
0.0
0.0
0.0
0.0
0.0
0.0
0.0
0.0
0.0
0.0
0.0
0.0
0.0
0.0
0.0
0.0
12.0
111.0
182.0
225.0
230.0
182.0
92.0
11.0
0.0
0.0
0.0
0.0
0.0
0.0
0.0
0.0
0.0
0.0
0.0
0.0
0.0
0.0
0.0
0.0
13.0
90.0
139.0
192.0
166.0
125.0
68.0
2.0
0.0
0.0
0.0
0.0
0.0
0.0
0.0
0.0
0.0
0.0
0.0
0.0
0.0
0.0
0.0
0.0
5.0
55.0
91.0
110.0
107.0
81.0
40.0
3.0
0.0
0.0
0.0
0.0
0.0
0.0
0.0
0.0
0.0
0.0
0.0
0.0
0.0
0.0
0.0
0.0
9.0
98.0
175.0
219.0
230.0
189.0
113.0
14.0
0.0
0.0
0.0
0.0
0.0
0.0
0.0
0.0
0.0
0.0
0.0
0.0
0.0
0.0
0.0
0.0
9.0
82.0
134.0
160.0
177.0
101.0
63.0
3.0
0.0
0.0
0.0
0.0
0.0
0.0
0.0
0.0
0.0
0.0
0.0
0.0
0.0
0.0
0.0
0.0
2.0
23.0
40.0
45.0
50.0
45.0
29.0
4.0
0.0
0.0
0.0
0.0
0.0
0.0
0.0
0.0
0.0
0.0
0.0
0.0
0.0
0.0
0.0
0.0
3.0
27.0
52.0
66.0
65.0
51.0
31.0
3.0
0.0
0.0
0.0
0.0
0.0
0.0
0.0
0.0
0.0
0.0
0.0
0.0
0.0
0.0
0.0
0.0
8.0
65.0
83.0
164.0
233.0
200.0
121.0
27.0
0.0
0.0
0.0
0.0
0.0
0.0
0.0
0.0
0.0
0.0
0.0
0.0
0.0
0.0
0.0
0.0
2.0
20.0
33.0
46.0
53.0
42.0
25.0
4.0
0.0
0.0
0.0
0.0
0.0
0.0
0.0
0.0
0.0
0.0
0.0
0.0
0.0
0.0
0.0
0.0
3.0
29.0
58.0
72.0
81.0
64.0
36.0
7.0
0.0
0.0
0.0
0.0
0.0
0.0
0.0
0.0
0.0
0.0
0.0
0.0
0.0
0.0
0.0
0.0
2.0
52.0
92.0
119.0
157.0
111.0
56.0
16.0
0.0
0.0
0.0
0.0
0.0
0.0
0.0
0.0
0.0
0.0
0.0
0.0
0.0
0.0
0.0
0.0
3.0
32.0
58.0
63.0
80.0
66.0
41.0
7.0
0.0
0.0
0.0
0.0
0.0
0.0
0.0
0.0
0.0
0.0
0.0
0.0
0.0
0.0
0.0
0.0
6.0
48.0
91.0
113.0
90.0
77.0
39.0
3.0
0.0
0.0
0.0
0.0
0.0
0.0
0.0
0.0
0.0
0.0
0.0
0.0
0.0
0.0
0.0
0.0
2.0
40.0
80.0
104.0
95.0
65.0
59.0
12.0
0.0
0.0
0.0
0.0
0.0
0.0
0.0
0.0
