0.0
0.0
0.0
0.0
0.0
0.0
0.0
0.0
46.0
198.0
308.0
369.0
374.0
325.0
224.0
74.0
0.0
0.0
0.0
0.0
0.0
0.0
0.0
0.0
0.0
0.0
0.0
0.0
0.0
0.0
0.0
0.0
47.0
199.0
310.0
370.0
376.0
327.0
227.0
77.0
0.0
0.0
0.0
0.0
0.0
0.0
0.0
0.0
0.0
0.0
0.0
0.0
0.0
0.0
0.0
0.0
47.0
200.0
311.0
372.0
379.0
330.0
230.0
80.0
0.0
0.0
0.0
0.0
0.0
0.0
0.0
0.0
0.0
0.0
0.0
0.0
0.0
0.0
0.0
0.0
48.0
201.0
313.0
374.0
381.0
333.0
233.0
88.0
0.0
0.0
0.0
0.0
0.0
0.0
0.0
0.0
0.0
0.0
0.0
0.0
0.0
0.0
0.0
0.0
48.0
202.0
314.0
376.0
384.0
336.0
236.0
91.0
0.0
0.0
0.0
0.0
0.0
0.0
0.0
0.0
0.0
0.0
0.0
0.0
0.0
0.0
0.0
0.0
49.0
204.0
316.0
379.0
386.0
339.0
239.0
95.0
0.0
0.0
0.0
0.0
0.0
0.0
0.0
0.0
0.0
0.0
0.0
0.0
0.0
0.0
0.0
0.0
50.0
205.0
319.0
381.0
389.0
342.0
243.0
99.0
0.0
0.0
0.0
0.0
0.0
0.0
0.0
0.0
0.0
0.0
0.0
0.0
0.0
0.0
0.0
0.0
51.0
207.0
321.0
384.0
392.0
346.0
247.0
102.0
1.0
0.0
0.0
0.0
0.0
0.0
0.0
0.0
0.0
0.0
0.0
0.0
0.0
0.0
0.0
0.0
53.0
209.0
323.0
387.0
396.0
349.0
251.0
106.0
1.0
0.0
0.0
0.0
0.0
0.0
0.0
0.0
0.0
0.0
0.0
0.0
0.0
0.0
0.0
0.0
54.0
211.0
326.0
390.0
399.0
353.0
255.0
111.0
2.0
0.0
0.0
0.0
0.0
0.0
0.0
0.0
0.0
0.0
0.0
0.0
0.0
0.0
0.0
0.0
56.0
214.0
329.0
393.0
403.0
357.0
259.0
115.0
2.0
0.0
0.0
0.0
0.0
0.0
0.0
0.0
0.0
0.0
0.0
0.0
0.0
0.0
0.0
0.0
57.0
216.0
332.0
396.0
406.0
361.0
263.0
119.0
3.0
0.0
0.0
0.0
0.0
0.0
0.0
0.0
0.0
0.0
0.0
0.0
0.0
0.0
0.0
0.0
59.0
219.0
335.0
400.0
410.0
365.0
267.0
124.0
4.0
0.0
0.0
0.0
0.0
0.0
0.0
0.0
0.0
0.0
0.0
0.0
0.0
0.0
0.0
0.0
61.0
222.0
338.0
404.0
414.0
369.0
272.0
128.0
5.0
0.0
0.0
0.0
0.0
0.0
0.0
0.0
0.0
0.0
0.0
0.0
0.0
0.0
0.0
0.0
64.0
225.0
341.0
407.0
419.0
374.0
277.0
133.0
6.0
0.0
0.0
0.0
0.0
0.0
0.0
0.0
0.0
0.0
0.0
0.0
0.0
0.0
0.0
0.0
66.0
228.0
345.0
411.0
423.0
379.0
281.0
138.0
7.0
0.0
0.0
0.0
0.0
0.0
0.0
0.0
0.0
0.0
0.0
0.0
0.0
0.0
0.0
0.0
69.0
231.0
349.0
416.0
427.0
383.0
286.0
143.0
8.0
0.0
0.0
0.0
0.0
0.0
0.0
0.0
0.0
0.0
0.0
0.0
0.0
0.0
0.0
0.0
72.0
235.0
353.0
420.0
432.0
388.0
291.0
148.0
10.0
0.0
0.0
0.0
0.0
0.0
0.0
0.0
0.0
0.0
0.0
0.0
0.0
0.0
0.0
0.0
74.0
239.0
357.0
424.0
437.0
393.0
296.0
153.0
12.0
0.0
0.0
0.0
0.0
0.0
0.0
0.0
0.0
0.0
0.0
0.0
0.0
0.0
0.0
0.0
78.0
242.0
361.0
429.0
442.0
398.0
302.0
159.0
14.0
0.0
0.0
0.0
0.0
0.0
0.0
0.0
0.0
0.0
0.0
0.0
0.0
0.0
0.0
0.0
81.0
246.0
365.0
434.0
447.0
404.0
307.0
164.0
16.0
0.0
0.0
0.0
0.0
0.0
0.0
0.0
0.0
0.0
0.0
0.0
0.0
0.0
0.0
0.0
85.0
250.0
370.0
439.0
452.0
409.0
313.0
170.0
18.0
0.0
0.0
0.0
0.0
0.0
0.0
0.0
0.0
0.0
0.0
0.0
0.0
0.0
0.0
0.0
89.0
255.0
374.0
444.0
457.0
414.0
318.0
175.0
20.0
0.0
0.0
0.0
0.0
0.0
0.0
0.0
0.0
0.0
0.0
0.0
0.0
0.0
0.0
0.0
97.0
259.0
379.0
449.0
463.0
420.0
324.0
181.0
23.0
0.0
0.0
0.0
0.0
0.0
0.0
0.0
0.0
0.0
0.0
0.0
0.0
0.0
0.0
0.0
101.0
264.0
384.0
454.0
468.0
426.0
330.0
187.0
26.0
0.0
0.0
0.0
0.0
0.0
0.0
0.0
0.0
0.0
0.0
0.0
0.0
0.0
0.0
0.0
105.0
269.0
389.0
459.0
474.0
432.0
336.0
193.0
29.0
0.0
0.0
0.0
0.0
0.0
0.0
0.0
0.0
0.0
0.0
0.0
0.0
0.0
0.0
1.0
110.0
273.0
395.0
465.0
479.0
438.0
342.0
199.0
32.0
0.0
0.0
0.0
0.0
0.0
0.0
0.0
0.0
0.0
0.0
0.0
0.0
0.0
0.0
1.0
114.0
278.0
400.0
470.0
485.0
444.0
348.0
205.0
36.0
0.0
0.0
0.0
0.0
0.0
0.0
0.0
0.0
0.0
0.0
0.0
0.0
0.0
0.0
1.0
119.0
284.0
405.0
476.0
491.0
450.0
354.0
211.0
40.0
0.0
0.0
0.0
0.0
0.0
0.0
0.0
0.0
0.0
0.0
0.0
0.0
0.0
0.0
2.0
124.0
289.0
411.0
482.0
497.0
456.0
360.0
217.0
44.0
0.0
0.0
0.0
0.0
0.0
0.0
0.0
0.0
0.0
0.0
0.0
0.0
0.0
0.0
3.0
129.0
294.0
417.0
488.0
504.0
462.0
367.0
224.0
48.0
0.0
0.0
0.0
0.0
0.0
0.0
0.0
0.0
0.0
0.0
0.0
0.0
0.0
0.0
4.0
134.0
300.0
423.0
494.0
510.0
469.0
373.0
230.0
53.0
0.0
0.0
0.0
0.0
0.0
0.0
0.0
0.0
0.0
0.0
0.0
0.0
0.0
0.0
5.0
140.0
305.0
428.0
500.0
516.0
475.0
380.0
236.0
57.0
0.0
0.0
0.0
0.0
0.0
0.0
0.0
0.0
0.0
0.0
0.0
0.0
0.0
0.0
6.0
145.0
311.0
435.0
507.0
523.0
482.0
386.0
243.0
62.0
0.0
0.0
0.0
0.0
0.0
0.0
0.0
0.0
0.0
0.0
0.0
0.0
0.0
0.0
7.0
151.0
317.0
441.0
513.0
529.0
488.0
393.0
249.0
68.0
0.0
0.0
0.0
0.0
0.0
0.0
0.0
0.0
0.0
0.0
0.0
0.0
0.0
0.0
9.0
157.0
323.0
447.0
520.0
536.0
495.0
400.0
256.0
73.0
0.0
0.0
0.0
0.0
0.0
0.0
0.0
0.0
0.0
0.0
0.0
0.0
0.0
0.0
11.0
163.0
329.0
453.0
526.0
543.0
502.0
406.0
263.0
79.0
0.0
0.0
0.0
0.0
0.0
0.0
0.0
0.0
0.0
0.0
0.0
0.0
0.0
0.0
13.0
169.0
336.0
460.0
533.0
550.0
509.0
413.0
269.0
85.0
0.0
0.0
0.0
0.0
0.0
0.0
0.0
0.0
0.0
0.0
0.0
0.0
0.0
0.0
15.0
175.0
342.0
467.0
540.0
556.0
516.0
420.0
276.0
91.0
0.0
0.0
0.0
0.0
0.0
0.0
0.0
0.0
0.0
0.0
0.0
0.0
0.0
0.0
17.0
181.0
349.0
473.0
547.0
563.0
523.0
427.0
283.0
97.0
0.0
0.0
0.0
0.0
0.0
0.0
0.0
0.0
0.0
0.0
0.0
0.0
0.0
0.0
20.0
187.0
355.0
480.0
553.0
570.0
530.0
434.0
290.0
107.0
0.0
0.0
0.0
0.0
0.0
0.0
0.0
0.0
0.0
0.0
0.0
0.0
0.0
0.0
22.0
194.0
362.0
487.0
560.0
577.0
537.0
441.0
297.0
114.0
0.0
0.0
0.0
0.0
0.0
0.0
0.0
0.0
0.0
0.0
0.0
0.0
0.0
0.0
25.0
200.0
369.0
494.0
568.0
585.0
544.0
448.0
304.0
121.0
1.0
0.0
0.0
0.0
0.0
0.0
0.0
0.0
0.0
0.0
0.0
0.0
0.0
0.0
29.0
207.0
376.0
501.0
575.0
592.0
551.0
455.0
311.0
128.0
1.0
0.0
0.0
0.0
0.0
0.0
0.0
0.0
0.0
0.0
0.0
0.0
0.0
0.0
32.0
214.0
383.0
508.0
582.0
599.0
558.0
462.0
318.0
134.0
2.0
0.0
0.0
0.0
0.0
0.0
0.0
0.0
0.0
0.0
0.0
0.0
0.0
0.0
36.0
221.0
390.0
515.0
589.0
606.0
565.0
469.0
325.0
141.0
3.0
0.0
0.0
0.0
0.0
0.0
0.0
0.0
0.0
0.0
0.0
0.0
0.0
0.0
40.0
228.0
397.0
523.0
596.0
614.0
573.0
476.0
332.0
148.0
5.0
0.0
0.0
0.0
0.0
0.0
0.0
0.0
0.0
0.0
0.0
0.0
0.0
0.0
45.0
235.0
404.0
530.0
604.0
621.0
580.0
484.0
339.0
155.0
6.0
0.0
0.0
0.0
0.0
0.0
0.0
0.0
0.0
0.0
0.0
0.0
0.0
0.0
49.0
242.0
411.0
537.0
611.0
628.0
587.0
491.0
346.0
162.0
8.0
0.0
0.0
0.0
0.0
0.0
0.0
0.0
0.0
0.0
0.0
0.0
0.0
0.0
54.0
249.0
419.0
545.0
619.0
636.0
595.0
498.0
353.0
168.0
10.0
0.0
0.0
0.0
0.0
0.0
0.0
0.0
0.0
0.0
0.0
0.0
0.0
0.0
60.0
257.0
426.0
552.0
626.0
643.0
602.0
505.0
360.0
175.0
12.0
0.0
0.0
0.0
0.0
0.0
0.0
0.0
0.0
0.0
0.0
0.0
0.0
0.0
65.0
264.0
434.0
560.0
634.0
651.0
609.0
512.0
367.0
182.0
14.0
0.0
0.0
0.0
0.0
0.0
0.0
0.0
0.0
0.0
0.0
0.0
0.0
0.0
71.0
272.0
441.0
567.0
641.0
658.0
617.0
520.0
374.0
189.0
17.0
0.0
0.0
0.0
0.0
0.0
0.0
0.0
0.0
0.0
0.0
0.0
0.0
0.0
77.0
279.0
449.0
575.0
649.0
666.0
624.0
527.0
381.0
196.0
20.0
0.0
0.0
0.0
0.0
0.0
0.0
0.0
0.0
0.0
0.0
0.0
0.0
0.0
84.0
287.0
457.0
583.0
657.0
673.0
632.0
534.0
388.0
203.0
23.0
0.0
0.0
0.0
0.0
0.0
0.0
0.0
0.0
0.0
0.0
0.0
0.0
0.0
91.0
295.0
464.0
590.0
664.0
681.0
639.0
541.0
395.0
210.0
26.0
0.0
0.0
0.0
0.0
0.0
0.0
0.0
0.0
0.0
0.0
0.0
0.0
0.0
98.0
302.0
472.0
598.0
672.0
688.0
646.0
549.0
402.0
217.0
29.0
0.0
0.0
0.0
0.0
0.0
0.0
0.0
0.0
0.0
0.0
0.0
0.0
0.0
106.0
310.0
480.0
606.0
680.0
696.0
654.0
556.0
409.0
223.0
33.0
0.0
0.0
0.0
0.0
0.0
0.0
0.0
0.0
0.0
0.0
0.0
0.0
0.0
116.0
318.0
488.0
614.0
687.0
703.0
661.0
563.0
416.0
230.0
36.0
0.0
0.0
0.0
0.0
0.0
0.0
0.0
0.0
0.0
0.0
0.0
0.0
0.0
124.0
326.0
496.0
622.0
695.0
711.0
668.0
570.0
423.0
237.0
40.0
0.0
0.0
0.0
0.0
0.0
0.0
0.0
0.0
0.0
0.0
0.0
0.0
1.0
132.0
334.0
504.0
629.0
703.0
719.0
676.0
577.0
430.0
244.0
44.0
0.0
0.0
0.0
0.0
0.0
0.0
0.0
0.0
0.0
0.0
0.0
0.0
2.0
140.0
342.0
512.0
637.0
710.0
726.0
683.0
585.0
437.0
251.0
49.0
0.0
0.0
0.0
0.0
0.0
0.0
0.0
0.0
0.0
0.0
0.0
0.0
3.0
148.0
350.0
520.0
645.0
718.0
734.0
691.0
592.0
444.0
257.0
53.0
0.0
0.0
0.0
0.0
0.0
0.0
0.0
0.0
0.0
0.0
0.0
0.0
5.0
156.0
358.0
528.0
653.0
726.0
741.0
698.0
599.0
451.0
264.0
58.0
0.0
0.0
0.0
0.0
0.0
0.0
0.0
0.0
0.0
0.0
0.0
0.0
7.0
164.0
366.0
536.0
661.0
734.0
749.0
705.0
606.0
458.0
271.0
63.0
0.0
0.0
0.0
0.0
0.0
0.0
0.0
0.0
0.0
0.0
0.0
0.0
9.0
172.0
374.0
544.0
669.0
741.0
756.0
712.0
613.0
465.0
278.0
68.0
0.0
0.0
0.0
0.0
0.0
0.0
0.0
0.0
0.0
0.0
0.0
0.0
11.0
181.0
382.0
552.0
677.0
749.0
764.0
720.0
620.0
471.0
284.0
73.0
0.0
0.0
0.0
0.0
0.0
0.0
0.0
0.0
0.0
0.0
0.0
0.0
14.0
189.0
391.0
560.0
685.0
757.0
771.0
727.0
627.0
478.0
291.0
79.0
0.0
0.0
0.0
0.0
0.0
0.0
0.0
0.0
0.0
0.0
0.0
0.0
17.0
197.0
399.0
568.0
692.0
764.0
778.0
734.0
634.0
485.0
297.0
84.0
0.0
0.0
0.0
0.0
0.0
0.0
0.0
0.0
0.0
0.0
0.0
0.0
21.0
206.0
407.0
576.0
700.0
772.0
786.0
741.0
641.0
492.0
304.0
90.0
0.0
0.0
0.0
0.0
0.0
0.0
0.0
0.0
0.0
0.0
0.0
0.0
25.0
214.0
415.0
584.0
708.0
779.0
793.0
748.0
648.0
498.0
311.0
96.0
0.0
0.0
0.0
0.0
0.0
0.0
0.0
0.0
0.0
0.0
0.0
0.0
29.0
222.0
424.0
592.0
716.0
787.0
800.0
755.0
654.0
505.0
317.0
102.0
0.0
0.0
0.0
0.0
0.0
0.0
0.0
0.0
0.0
0.0
0.0
0.0
33.0
231.0
432.0
600.0
724.0
794.0
808.0
762.0
661.0
512.0
324.0
109.0
0.0
0.0
0.0
0.0
0.0
0.0
0.0
0.0
0.0
0.0
0.0
0.0
38.0
239.0
440.0
608.0
731.0
802.0
815.0
769.0
668.0
518.0
330.0
116.0
0.0
0.0
0.0
0.0
0.0
0.0
0.0
0.0
0.0
0.0
0.0
0.0
43.0
247.0
448.0
616.0
739.0
809.0
822.0
776.0
675.0
525.0
336.0
123.0
0.0
0.0
0.0
0.0
0.0
0.0
0.0
0.0
0.0
0.0
0.0
0.0
48.0
256.0
456.0
624.0
747.0
817.0
829.0
783.0
681.0
531.0
343.0
129.0
1.0
0.0
0.0
0.0
0.0
0.0
0.0
0.0
0.0
0.0
0.0
0.0
54.0
264.0
465.0
632.0
754.0
824.0
836.0
790.0
688.0
537.0
349.0
135.0
1.0
0.0
0.0
0.0
0.0
0.0
0.0
0.0
0.0
0.0
0.0
0.0
60.0
273.0
473.0
640.0
762.0
831.0
843.0
796.0
694.0
544.0
355.0
142.0
2.0
0.0
0.0
0.0
0.0
0.0
0.0
0.0
0.0
0.0
0.0
0.0
67.0
281.0
481.0
648.0
770.0
839.0
850.0
803.0
701.0
550.0
362.0
148.0
3.0
0.0
0.0
0.0
0.0
0.0
0.0
0.0
0.0
0.0
0.0
0.0
73.0
289.0
489.0
655.0
777.0
846.0
857.0
810.0
707.0
556.0
368.0
154.0
4.0
0.0
0.0
0.0
0.0
0.0
0.0
0.0
0.0
0.0
0.0
0.0
80.0
298.0
497.0
663.0
785.0
853.0
864.0
816.0
713.0
563.0
374.0
160.0
5.0
0.0
0.0
0.0
0.0
0.0
0.0
0.0
0.0
0.0
0.0
0.0
88.0
306.0
505.0
671.0
792.0
860.0
871.0
823.0
720.0
569.0
380.0
166.0
7.0
0.0
0.0
0.0
0.0
0.0
0.0
0.0
0.0
0.0
0.0
0.0
95.0
314.0
513.0
679.0
799.0
867.0
877.0
829.0
726.0
575.0
386.0
173.0
8.0
0.0
0.0
0.0
0.0
0.0
0.0
0.0
0.0
0.0
0.0
0.0
103.0
322.0
521.0
686.0
807.0
874.0
884.0
835.0
732.0
581.0
392.0
179.0
10.0
0.0
0.0
0.0
0.0
0.0
0.0
0.0
0.0
0.0
0.0
0.0
112.0
331.0
529.0
694.0
814.0
881.0
890.0
842.0
738.0
587.0
398.0
185.0
12.0
0.0
0.0
0.0
0.0
0.0
0.0
0.0
0.0
0.0
0.0
0.0
121.0
339.0
537.0
701.0
821.0
888.0
897.0
848.0
744.0
593.0
404.0
191.0
14.0
0.0
0.0
0.0
0.0
0.0
0.0
0.0
0.0
0.0
0.0
1.0
129.0
347.0
545.0
709.0
828.0
894.0
903.0
854.0
750.0
599.0
410.0
197.0
16.0
0.0
0.0
0.0
0.0
0.0
0.0
0.0
0.0
0.0
0.0
2.0
137.0
355.0
552.0
716.0
835.0
901.0
910.0
860.0
756.0
605.0
416.0
203.0
19.0
0.0
0.0
0.0
0.0
0.0
0.0
0.0
0.0
0.0
0.0
3.0
146.0
363.0
560.0
724.0
842.0
908.0
916.0
866.0
762.0
611.0
422.0
209.0
21.0
0.0
0.0
0.0
0.0
0.0
0.0
0.0
0.0
0.0
0.0
4.0
154.0
371.0
568.0
731.0
849.0
914.0
922.0
872.0
768.0
616.0
428.0
215.0
24.0
0.0
0.0
0.0
0.0
0.0
0.0
0.0
0.0
0.0
0.0
6.0
162.0
379.0
575.0
738.0
856.0
921.0
928.0
878.0
774.0
622.0
433.0
220.0
27.0
0.0
0.0
0.0
0.0
0.0
0.0
0.0
0.0
0.0
0.0
8.0
171.0
387.0
583.0
745.0
863.0
927.0
935.0
884.0
779.0
628.0
439.0
226.0
30.0
0.0
0.0
0.0
0.0
0.0
0.0
0.0
0.0
0.0
0.0
10.0
179.0
395.0
590.0
752.0
869.0
934.0
941.0
890.0
785.0
633.0
445.0
232.0
33.0
0.0
0.0
0.0
0.0
0.0
0.0
0.0
0.0
0.0
0.0
13.0
187.0
403.0
598.0
759.0
876.0
940.0
946.0
896.0
791.0
639.0
450.0
238.0
37.0
0.0
0.0
0.0
0.0
0.0
0.0
0.0
0.0
0.0
0.0
16.0
195.0
410.0
605.0
766.0
882.0
946.0
952.0
901.0
796.0
644.0
456.0
244.0
40.0
0.0
0.0
0.0
0.0
0.0
0.0
0.0
0.0
0.0
0.0
19.0
203.0
418.0
612.0
773.0
889.0
952.0
958.0
907.0
802.0
650.0
461.0
249.0
44.0
0.0
0.0
0.0
0.0
0.0
0.0
0.0
0.0
0.0
0.0
23.0
211.0
426.0
620.0
780.0
895.0
958.0
964.0
912.0
807.0
655.0
467.0
255.0
48.0
0.0
0.0
0.0
0.0
0.0
0.0
0.0
0.0
0.0
0.0
27.0
219.0
433.0
627.0
787.0
902.0
964.0
969.0
918.0
812.0
660.0
472.0
260.0
52.0
0.0
0.0
0.0
0.0
0.0
0.0
0.0
0.0
0.0
0.0
31.0
226.0
440.0
634.0
793.0
908.0
970.0
975.0
923.0
817.0
665.0
477.0
266.0
56.0
0.0
0.0
0.0
0.0
0.0
0.0
0.0
0.0
0.0
0.0
35.0
234.0
448.0
641.0
800.0
914.0
975.0
980.0
928.0
823.0
671.0
483.0
272.0
60.0
0.0
0.0
0.0
0.0
0.0
0.0
0.0
0.0
0.0
0.0
40.0
242.0
455.0
648.0
806.0
920.0
981.0
986.0
933.0
828.0
676.0
488.0
277.0
64.0
0.0
0.0
0.0
0.0
0.0
0.0
0.0
0.0
0.0
0.0
45.0
249.0
462.0
654.0
812.0
926.0
987.0
991.0
939.0
833.0
681.0
493.0
282.0
69.0
0.0
0.0
0.0
0.0
0.0
0.0
0.0
0.0
0.0
0.0
50.0
257.0
469.0
661.0
819.0
932.0
992.0
996.0
944.0
838.0
686.0
498.0
288.0
73.0
0.0
0.0
0.0
0.0
0.0
0.0
0.0
0.0
0.0
0.0
55.0
264.0
476.0
667.0
825.0
937.0
998.0
1001.0
949.0
843.0
691.0
503.0
293.0
78.0
0.0
0.0
0.0
0.0
0.0
0.0
0.0
0.0
0.0
0.0
61.0
271.0
483.0
674.0
831.0
943.0
1003.0
1006.0
953.0
847.0
696.0
508.0
299.0
83.0
0.0
0.0
0.0
0.0
0.0
0.0
0.0
0.0
0.0
0.0
67.0
279.0
490.0
680.0
837.0
948.0
1008.0
1011.0
958.0
852.0
700.0
513.0
304.0
88.0
0.0
0.0
0.0
0.0
0.0
0.0
0.0
0.0
0.0
0.0
73.0
286.0
497.0
687.0
843.0
954.0
1013.0
1016.0
963.0
857.0
705.0
518.0
309.0
93.0
0.0
0.0
0.0
0.0
0.0
0.0
0.0
0.0
0.0
0.0
79.0
293.0
503.0
693.0
848.0
959.0
1018.0
1021.0
968.0
861.0
710.0
523.0
314.0
98.0
0.0
0.0
0.0
0.0
0.0
0.0
0.0
0.0
0.0
0.0
85.0
300.0
510.0
699.0
854.0
965.0
1023.0
1026.0
972.0
866.0
715.0
528.0
319.0
104.0
0.0
0.0
0.0
0.0
0.0
0.0
0.0
0.0
0.0
0.0
92.0
307.0
516.0
705.0
859.0
970.0
1028.0
1030.0
977.0
870.0
719.0
533.0
324.0
108.0
0.0
0.0
0.0
0.0
0.0
0.0
0.0
0.0
0.0
0.0
98.0
313.0
523.0
711.0
865.0
975.0
1033.0
1035.0
981.0
875.0
724.0
538.0
330.0
114.0
0.0
0.0
0.0
0.0
0.0
0.0
0.0
0.0
0.0
0.0
105.0
320.0
529.0
716.0
870.0
980.0
1037.0
1039.0
985.0
879.0
728.0
542.0
335.0
119.0
0.0
0.0
0.0
0.0
0.0
0.0
0.0
0.0
0.0
0.0
111.0
326.0
535.0
722.0
875.0
985.0
1042.0
1044.0
990.0
884.0
733.0
547.0
340.0
124.0
1.0
0.0
0.0
0.0
0.0
0.0
0.0
0.0
0.0
0.0
118.0
333.0
541.0
728.0
881.0
989.0
1046.0
1048.0
994.0
888.0
737.0
552.0
344.0
130.0
1.0
0.0
0.0
0.0
0.0
0.0
0.0
0.0
0.0
1.0
125.0
339.0
547.0
733.0
886.0
994.0
1051.0
1052.0
998.0
892.0
741.0
556.0
349.0
135.0
2.0
0.0
0.0
0.0
0.0
0.0
0.0
0.0
0.0
2.0
131.0
345.0
552.0
738.0
891.0
999.0
1055.0
1056.0
1002.0
896.0
745.0
561.0
354.0
140.0
3.0
0.0
0.0
0.0
0.0
0.0
0.0
0.0
0.0
3.0
138.0
351.0
558.0
744.0
895.0
1003.0
1059.0
1060.0
1006.0
900.0
750.0
565.0
359.0
145.0
4.0
0.0
0.0
0.0
0.0
0.0
0.0
0.0
0.0
4.0
144.0
357.0
564.0
749.0
900.0
1007.0
1063.0
1064.0
1010.0
904.0
754.0
570.0
364.0
151.0
5.0
0.0
0.0
0.0
0.0
0.0
0.0
0.0
0.0
5.0
150.0
363.0
569.0
754.0
905.0
1012.0
1067.0
1068.0
1014.0
908.0
758.0
574.0
368.0
156.0
7.0
0.0
0.0
0.0
0.0
0.0
0.0
0.0
0.0
7.0
157.0
369.0
574.0
759.0
909.0
1016.0
1071.0
1072.0
1017.0
912.0
762.0
578.0
373.0
161.0
8.0
0.0
0.0
0.0
0.0
0.0
0.0
0.0
0.0
9.0
163.0
375.0
579.0
763.0
913.0
1020.0
1075.0
1076.0
1021.0
915.0
766.0
582.0
378.0
166.0
10.0
0.0
0.0
0.0
0.0
0.0
0.0
0.0
0.0
11.0
168.0
380.0
585.0
768.0
918.0
1024.0
1079.0
1079.0
1025.0
919.0
770.0
587.0
382.0
171.0
11.0
0.0
0.0
0.0
0.0
0.0
0.0
0.0
0.0
13.0
174.0
385.0
589.0
772.0
922.0
1028.0
1082.0
1083.0
1028.0
923.0
774.0
591.0
387.0
176.0
13.0
0.0
0.0
0.0
0.0
0.0
0.0
0.0
0.0
15.0
180.0
391.0
594.0
777.0
926.0
1031.0
1086.0
1086.0
1032.0
926.0
777.0
595.0
391.0
180.0
15.0
0.0
0.0
0.0
0.0
0.0
0.0
0.0
0.0
17.0
185.0
396.0
599.0
781.0
930.0
1035.0
1089.0
1089.0
1035.0
930.0
781.0
599.0
396.0
185.0
17.0
0.0
0.0
0.0
0.0
0.0
0.0
0.0
0.0
20.0
191.0
401.0
604.0
785.0
934.0
1039.0
1093.0
1093.0
1038.0
933.0
785.0
603.0
400.0
190.0
19.0
0.0
0.0
0.0
0.0
0.0
0.0
0.0
0.0
22.0
196.0
406.0
608.0
789.0
937.0
1042.0
1096.0
1096.0
1041.0
937.0
788.0
607.0
404.0
195.0
22.0
0.0
0.0
0.0
0.0
0.0
0.0
0.0
0.0
25.0
201.0
410.0
612.0
793.0
941.0
1045.0
1099.0
1099.0
1045.0
940.0
792.0
611.0
409.0
199.0
24.0
0.0
0.0
0.0
0.0
0.0
0.0
0.0
0.0
28.0
206.0
415.0
617.0
797.0
945.0
1049.0
1102.0
1102.0
1048.0
943.0
795.0
614.0
413.0
204.0
27.0
0.0
0.0
0.0
0.0
0.0
0.0
0.0
0.0
31.0
211.0
420.0
621.0
801.0
948.0
1052.0
1105.0
1105.0
1051.0
946.0
799.0
618.0
417.0
208.0
29.0
0.0
0.0
0.0
0.0
0.0
0.0
0.0
0.0
34.0
216.0
424.0
625.0
805.0
951.0
1055.0
1108.0
1108.0
1054.0
949.0
802.0
622.0
421.0
213.0
32.0
0.0
0.0
0.0
0.0
0.0
0.0
0.0
0.0
37.0
221.0
428.0
629.0
808.0
954.0
1058.0
1111.0
1111.0
1057.0
952.0
805.0
625.0
425.0
217.0
35.0
0.0
0.0
0.0
0.0
0.0
0.0
0.0
0.0
40.0
225.0
432.0
632.0
811.0
958.0
1061.0
1114.0
1113.0
1059.0
955.0
809.0
629.0
429.0
222.0
38.0
0.0
0.0
0.0
0.0
0.0
0.0
0.0
0.0
43.0
230.0
436.0
636.0
815.0
960.0
1063.0
1116.0
1116.0
1062.0
958.0
812.0
632.0
433.0
226.0
41.0
0.0
0.0
0.0
0.0
0.0
0.0
0.0
0.0
46.0
234.0
440.0
639.0
818.0
963.0
1066.0
1119.0
1119.0
1065.0
961.0
815.0
636.0
437.0
230.0
44.0
0.0
0.0
0.0
0.0
0.0
0.0
0.0
0.0
49.0
238.0
444.0
643.0
821.0
966.0
1069.0
1122.0
1121.0
1067.0
964.0
818.0
639.0
440.0
234.0
47.0
0.0
0.0
0.0
0.0
0.0
0.0
0.0
0.0
52.0
242.0
447.0
646.0
824.0
969.0
1071.0
1124.0
1123.0
1070.0
967.0
821.0
643.0
444.0
238.0
50.0
0.0
0.0
0.0
0.0
0.0
0.0
0.0
0.0
55.0
246.0
451.0
649.0
827.0
971.0
1074.0
1126.0
1126.0
1072.0
969.0
824.0
646.0
448.0
242.0
53.0
0.0
0.0
0.0
0.0
0.0
0.0
0.0
0.0
58.0
249.0
454.0
652.0
829.0
974.0
1076.0
1128.0
1128.0
1075.0
972.0
827.0
649.0
451.0
246.0
56.0
0.0
0.0
0.0
0.0
0.0
0.0
0.0
0.0
62.0
253.0
458.0
655.0
832.0
976.0
1078.0
1131.0
1130.0
1077.0
974.0
829.0
652.0
455.0
250.0
59.0
0.0
0.0
0.0
0.0
0.0
0.0
0.0
0.0
65.0
257.0
461.0
658.0
834.0
978.0
1080.0
1133.0
1132.0
1079.0
977.0
832.0
655.0
458.0
254.0
63.0
0.0
0.0
0.0
0.0
0.0
0.0
0.0
0.0
68.0
260.0
464.0
660.0
837.0
981.0
1082.0
1135.0
1134.0
1081.0
979.0
835.0
658.0
461.0
258.0
66.0
0.0
0.0
0.0
0.0
0.0
0.0
0.0
0.0
71.0
263.0
466.0
663.0
839.0
983.0
1084.0
1136.0
1136.0
1083.0
982.0
838.0
661.0
465.0
261.0
69.0
0.0
0.0
0.0
0.0
0.0
0.0
0.0
0.0
74.0
266.0
469.0
665.0
841.0
984.0
1086.0
1138.0
1138.0
1085.0
984.0
840.0
664.0
468.0
265.0
73.0
0.0
0.0
0.0
0.0
0.0
0.0
0.0
0.0
76.0
269.0
472.0
667.0
843.0
986.0
1088.0
1140.0
1140.0
1087.0
986.0
843.0
667.0
471.0
268.0
76.0
0.0
0.0
0.0
0.0
0.0
0.0
0.0
0.0
79.0
272.0
474.0
670.0
845.0
988.0
1089.0
1142.0
1142.0
1089.0
988.0
845.0
670.0
474.0
272.0
79.0
0.0
0.0
0.0
0.0
0.0
0.0
0.0
0.0
82.0
274.0
476.0
672.0
847.0
990.0
1091.0
1143.0
1143.0
1091.0
990.0
847.0
672.0
477.0
275.0
83.0
0.0
0.0
0.0
0.0
0.0
0.0
0.0
0.0
85.0
277.0
479.0
674.0
848.0
991.0
1092.0
1145.0
1145.0
1093.0
992.0
850.0
675.0
480.0
278.0
86.0
0.0
0.0
0.0
0.0
0.0
0.0
0.0
0.0
87.0
279.0
481.0
675.0
850.0
993.0
1094.0
1146.0
1146.0
1095.0
994.0
852.0
677.0
483.0
281.0
89.0
0.0
0.0
0.0
0.0
0.0
0.0
0.0
0.0
90.0
281.0
483.0
677.0
852.0
994.0
1095.0
1148.0
1148.0
1096.0
996.0
854.0
680.0
486.0
284.0
92.0
0.0
0.0
0.0
0.0
0.0
0.0
0.0
0.0
92.0
283.0
484.0
679.0
853.0
995.0
1096.0
1149.0
1149.0
1098.0
998.0
856.0
682.0
488.0
287.0
93.0
0.0
0.0
0.0
0.0
0.0
0.0
0.0
0.0
92.0
285.0
486.0
680.0
854.0
997.0
1097.0
1150.0
1151.0
1099.0
999.0
858.0
685.0
491.0
290.0
96.0
0.0
0.0
0.0
0.0
0.0
0.0
0.0
0.0
94.0
287.0
488.0
681.0
855.0
998.0
1099.0
1151.0
1152.0
1101.0
1001.0
860.0
687.0
493.0
293.0
99.0
0.0
0.0
0.0
0.0
0.0
0.0
0.0
0.0
96.0
289.0
489.0
683.0
856.0
999.0
1100.0
1152.0
1153.0
1102.0
1003.0
862.0
689.0
496.0
296.0
102.0
0.0
0.0
0.0
0.0
0.0
0.0
0.0
0.0
98.0
291.0
490.0
684.0
857.0
1000.0
1100.0
1153.0
1154.0
1103.0
1004.0
864.0
691.0
498.0
298.0
105.0
1.0
0.0
0.0
0.0
0.0
0.0
0.0
0.0
99.0
292.0
492.0
685.0
858.0
1000.0
1101.0
1154.0
1155.0
1105.0
1006.0
865.0
693.0
500.0
301.0
108.0
1.0
0.0
0.0
0.0
0.0
0.0
0.0
0.0
101.0
293.0
493.0
686.0
859.0
1001.0
1102.0
1155.0
1156.0
1106.0
1007.0
867.0
695.0
503.0
303.0
110.0
1.0
0.0
0.0
0.0
0.0
0.0
0.0
0.0
102.0
294.0
494.0
687.0
860.0
1002.0
1103.0
1156.0
1157.0
1107.0
1009.0
869.0
697.0
505.0
305.0
113.0
2.0
0.0
0.0
0.0
0.0
0.0
0.0
1.0
104.0
295.0
495.0
687.0
860.0
1002.0
1103.0
1156.0
1158.0
1108.0
1010.0
870.0
699.0
507.0
308.0
115.0
2.0
0.0
0.0
0.0
0.0
0.0
0.0
1.0
105.0
296.0
495.0
688.0
861.0
1003.0
1104.0
1157.0
1159.0
1109.0
1011.0
872.0
700.0
509.0
310.0
117.0
2.0
0.0
0.0
0.0
0.0
0.0
0.0
1.0
106.0
297.0
496.0
688.0
861.0
1003.0
1104.0
1157.0
1159.0
1110.0
1012.0
873.0
702.0
510.0
312.0
119.0
3.0
0.0
0.0
0.0
0.0
0.0
0.0
1.0
107.0
298.0
496.0
689.0
862.0
1003.0
1105.0
1158.0
1160.0
1111.0
1013.0
874.0
703.0
512.0
314.0
121.0
3.0
0.0
0.0
0.0
0.0
0.0
0.0
1.0
107.0
298.0
497.0
689.0
862.0
1004.0
1105.0
1158.0
1161.0
1111.0
1014.0
876.0
705.0
514.0
315.0
123.0
4.0
0.0
0.0
0.0
0.0
0.0
0.0
1.0
108.0
299.0
497.0
689.0
862.0
1004.0
1105.0
1159.0
1161.0
1112.0
1015.0
877.0
706.0
515.0
317.0
125.0
4.0
0.0
0.0
0.0
0.0
0.0
0.0
1.0
108.0
299.0
497.0
689.0
862.0
1004.0
1105.0
1159.0
1162.0
1113.0
1016.0
878.0
708.0
517.0
319.0
127.0
4.0
0.0
0.0
0.0
0.0
0.0
0.0
1.0
109.0
299.0
497.0
689.0
862.0
1004.0
1105.0
1159.0
1162.0
1113.0
1017.0
879.0
709.0
518.0
320.0
128.0
5.0
0.0
0.0
0.0
0.0
0.0
0.0
1.0
109.0
299.0
497.0
689.0
862.0
1004.0
1105.0
1159.0
1162.0
1114.0
1018.0
880.0
710.0
519.0
322.0
130.0
5.0
0.0
0.0
0.0
0.0
0.0
0.0
1.0
109.0
299.0
497.0
689.0
862.0
1004.0
1105.0
1159.0
1163.0
1114.0
1018.0
881.0
711.0
521.0
323.0
131.0
5.0
0.0
0.0
0.0
0.0
0.0
0.0
1.0
109.0
299.0
497.0
688.0
861.0
1003.0
1105.0
1159.0
1163.0
1115.0
1019.0
881.0
712.0
522.0
324.0
132.0
6.0
0.0
0.0
0.0
0.0
0.0
0.0
1.0
108.0
298.0
496.0
688.0
861.0
1003.0
1105.0
1159.0
1163.0
1115.0
1019.0
882.0
713.0
523.0
325.0
133.0
6.0
0.0
0.0
0.0
0.0
0.0
0.0
1.0
108.0
298.0
496.0
687.0
860.0
1003.0
1105.0
1159.0
1163.0
1115.0
1020.0
883.0
713.0
523.0
326.0
134.0
6.0
0.0
0.0
0.0
0.0
0.0
0.0
1.0
108.0
297.0
495.0
687.0
860.0
1002.0
1104.0
1159.0
1163.0
1116.0
1020.0
883.0
714.0
524.0
327.0
135.0
6.0
0.0
0.0
0.0
0.0
0.0
0.0
1.0
107.0
297.0
494.0
686.0
859.0
1002.0
1104.0
1159.0
1163.0
1116.0
1020.0
884.0
715.0
525.0
327.0
136.0
7.0
0.0
0.0
0.0
0.0
0.0
0.0
1.0
106.0
296.0
493.0
685.0
858.0
1001.0
1103.0
1159.0
1163.0
1116.0
1021.0
884.0
715.0
525.0
328.0
136.0
7.0
0.0
0.0
0.0
0.0
0.0
0.0
1.0
105.0
295.0
492.0
684.0
858.0
1000.0
1103.0
1158.0
1163.0
1116.0
1021.0
884.0
715.0
526.0
328.0
136.0
7.0
0.0
0.0
0.0
0.0
0.0
0.0
1.0
104.0
294.0
491.0
683.0
857.0
999.0
1102.0
1158.0
1162.0
1116.0
1021.0
884.0
716.0
526.0
329.0
137.0
7.0
0.0
0.0
0.0
0.0
0.0
0.0
1.0
103.0
293.0
490.0
682.0
856.0
999.0
1102.0
1157.0
1162.0
1115.0
1021.0
885.0
716.0
526.0
329.0
137.0
7.0
0.0
0.0
0.0
0.0
0.0
0.0
1.0
102.0
291.0
489.0
681.0
855.0
998.0
1101.0
1157.0
1162.0
1115.0
1021.0
885.0
716.0
527.0
329.0
137.0
7.0
0.0
0.0
0.0
0.0
0.0
0.0
0.0
101.0
290.0
488.0
680.0
853.0
997.0
1100.0
1156.0
1161.0
1115.0
1021.0
885.0
716.0
527.0
329.0
137.0
7.0
0.0
0.0
0.0
0.0
0.0
0.0
0.0
99.0
289.0
486.0
678.0
852.0
996.0
1099.0
1155.0
1161.0
1115.0
1020.0
884.0
716.0
526.0
329.0
137.0
7.0
0.0
0.0
0.0
0.0
0.0
0.0
0.0
98.0
287.0
485.0
677.0
851.0
995.0
1098.0
1155.0
1160.0
1114.0
1020.0
884.0
716.0
526.0
329.0
136.0
7.0
0.0
0.0
0.0
0.0
0.0
0.0
0.0
96.0
285.0
483.0
676.0
850.0
993.0
1097.0
1154.0
1159.0
1114.0
1020.0
884.0
715.0
526.0
328.0
136.0
6.0
0.0
0.0
0.0
0.0
0.0
0.0
0.0
94.0
284.0
481.0
674.0
848.0
992.0
1096.0
1153.0
1159.0
1113.0
1019.0
883.0
715.0
525.0
328.0
135.0
6.0
0.0
0.0
0.0
0.0
0.0
0.0
0.0
92.0
282.0
480.0
672.0
847.0
991.0
1095.0
1152.0
1158.0
1112.0
1019.0
883.0
715.0
525.0
327.0
134.0
6.0
0.0
0.0
0.0
0.0
0.0
0.0
0.0
90.0
280.0
478.0
671.0
845.0
989.0
1094.0
1151.0
1157.0
1112.0
1018.0
882.0
714.0
524.0
326.0
133.0
6.0
0.0
0.0
0.0
0.0
0.0
0.0
0.0
88.0
278.0
476.0
669.0
843.0
988.0
1093.0
1150.0
1156.0
1111.0
1017.0
882.0
713.0
523.0
325.0
132.0
5.0
0.0
0.0
0.0
0.0
0.0
0.0
0.0
88.0
275.0
474.0
667.0
842.0
986.0
1091.0
1149.0
1155.0
1110.0
1017.0
881.0
712.0
523.0
324.0
131.0
5.0
0.0
0.0
0.0
0.0
0.0
0.0
0.0
86.0
273.0
471.0
665.0
840.0
985.0
1090.0
1148.0
1154.0
1109.0
1016.0
880.0
712.0
522.0
323.0
130.0
5.0
0.0
0.0
0.0
0.0
0.0
0.0
0.0
83.0
271.0
469.0
663.0
838.0
983.0
1088.0
1146.0
1153.0
1108.0
1015.0
879.0
711.0
520.0
322.0
128.0
4.0
0.0
0.0
0.0
0.0
0.0
0.0
0.0
81.0
268.0
467.0
661.0
836.0
982.0
1087.0
1145.0
1152.0
1107.0
1014.0
878.0
709.0
519.0
320.0
127.0
4.0
0.0
0.0
0.0
0.0
0.0
0.0
0.0
78.0
266.0
464.0
658.0
834.0
980.0
1085.0
1144.0
1151.0
1106.0
1013.0
877.0
708.0
518.0
319.0
125.0
4.0
0.0
0.0
0.0
0.0
0.0
0.0
0.0
76.0
263.0
462.0
656.0
832.0
978.0
1084.0
1142.0
1149.0
1105.0
1011.0
876.0
707.0
516.0
317.0
123.0
3.0
0.0
0.0
0.0
0.0
0.0
0.0
0.0
73.0
260.0
459.0
654.0
830.0
976.0
1082.0
1141.0
1148.0
1103.0
1010.0
874.0
705.0
515.0
316.0
121.0
3.0
0.0
0.0
0.0
0.0
0.0
0.0
0.0
70.0
257.0
457.0
651.0
828.0
974.0
1080.0
1139.0
1146.0
1102.0
1009.0
873.0
704.0
513.0
314.0
119.0
2.0
0.0
0.0
0.0
0.0
0.0
0.0
0.0
68.0
254.0
454.0
649.0
826.0
972.0
1078.0
1137.0
1145.0
1101.0
1007.0
871.0
702.0
511.0
312.0
117.0
2.0
0.0
0.0
0.0
0.0
0.0
0.0
0.0
65.0
251.0
451.0
646.0
823.0
970.0
1077.0
1136.0
1143.0
1099.0
1006.0
870.0
700.0
509.0
309.0
114.0
2.0
0.0
0.0
0.0
0.0
0.0
0.0
0.0
62.0
248.0
448.0
644.0
821.0
968.0
1075.0
1134.0
1142.0
1097.0
1004.0
868.0
699.0
507.0
307.0
112.0
1.0
0.0
0.0
0.0
0.0
0.0
0.0
0.0
59.0
245.0
445.0
641.0
818.0
966.0
1073.0
1132.0
1140.0
1096.0
1002.0
866.0
697.0
505.0
305.0
109.0
1.0
0.0
0.0
0.0
0.0
0.0
0.0
0.0
57.0
242.0
442.0
638.0
816.0
963.0
1071.0
1130.0
1138.0
1094.0
1001.0
864.0
694.0
503.0
302.0
106.0
1.0
0.0
0.0
0.0
0.0
0.0
0.0
0.0
54.0
238.0
439.0
635.0
813.0
961.0
1069.0
1128.0
1136.0
1092.0
999.0
862.0
692.0
500.0
299.0
103.0
0.0
0.0
0.0
0.0
0.0
0.0
0.0
0.0
51.0
235.0
436.0
632.0
811.0
959.0
1066.0
1126.0
1134.0
1090.0
997.0
860.0
690.0
498.0
296.0
100.0
0.0
0.0
0.0
0.0
0.0
0.0
0.0
0.0
48.0
231.0
433.0
630.0
808.0
956.0
1064.0
1124.0
1132.0
1088.0
994.0
858.0
687.0
495.0
294.0
97.0
0.0
0.0
0.0
0.0
0.0
0.0
0.0
0.0
46.0
228.0
430.0
627.0
805.0
954.0
1062.0
1122.0
1130.0
1086.0
992.0
855.0
685.0
492.0
290.0
93.0
0.0
0.0
0.0
0.0
0.0
0.0
0.0
0.0
43.0
224.0
426.0
623.0
803.0
951.0
1060.0
1120.0
1128.0
1084.0
990.0
853.0
682.0
489.0
287.0
92.0
0.0
0.0
0.0
0.0
0.0
0.0
0.0
0.0
40.0
220.0
423.0
620.0
800.0
949.0
1057.0
1118.0
1126.0
1082.0
988.0
850.0
679.0
486.0
284.0
89.0
0.0
0.0
0.0
0.0
0.0
0.0
0.0
0.0
38.0
217.0
419.0
617.0
797.0
946.0
1055.0
1115.0
1124.0
1079.0
985.0
848.0
677.0
483.0
280.0
85.0
0.0
0.0
0.0
0.0
0.0
0.0
0.0
0.0
35.0
213.0
416.0
614.0
794.0
943.0
1052.0
1113.0
1121.0
1077.0
983.0
845.0
674.0
480.0
277.0
81.0
0.0
0.0
0.0
0.0
0.0
0.0
0.0
0.0
33.0
209.0
412.0
611.0
791.0
941.0
1050.0
1110.0
1119.0
1074.0
980.0
842.0
670.0
476.0
273.0
78.0
0.0
0.0
0.0
0.0
0.0
0.0
0.0
0.0
30.0
205.0
408.0
607.0
788.0
938.0
1047.0
1108.0
1116.0
1072.0
977.0
839.0
667.0
473.0
269.0
74.0
0.0
0.0
0.0
0.0
0.0
0.0
0.0
0.0
28.0
201.0
405.0
604.0
785.0
935.0
1044.0
1105.0
1114.0
1069.0
974.0
836.0
664.0
469.0
265.0
70.0
0.0
0.0
0.0
0.0
0.0
0.0
0.0
0.0
25.0
197.0
401.0
600.0
782.0
932.0
1041.0
1102.0
1111.0
1066.0
971.0
833.0
660.0
465.0
261.0
66.0
0.0
0.0
0.0
0.0
0.0
0.0
0.0
0.0
23.0
192.0
397.0
597.0
778.0
929.0
1039.0
1100.0
1108.0
1063.0
968.0
830.0
657.0
461.0
257.0
63.0
0.0
0.0
0.0
0.0
0.0
0.0
0.0
0.0
21.0
188.0
393.0
593.0
775.0
926.0
1036.0
1097.0
1105.0
1060.0
965.0
826.0
653.0
457.0
252.0
59.0
0.0
0.0
0.0
0.0
0.0
0.0
0.0
0.0
19.0
184.0
389.0
590.0
772.0
923.0
1033.0
1094.0
1102.0
1057.0
962.0
823.0
649.0
453.0
248.0
55.0
0.0
0.0
0.0
0.0
0.0
0.0
0.0
0.0
17.0
180.0
385.0
586.0
768.0
920.0
1030.0
1091.0
1099.0
1054.0
959.0
819.0
645.0
449.0
243.0
52.0
0.0
0.0
0.0
0.0
0.0
0.0
0.0
0.0
15.0
175.0
381.0
582.0
765.0
916.0
1027.0
1088.0
1096.0
1051.0
955.0
815.0
641.0
444.0
238.0
48.0
0.0
0.0
0.0
0.0
0.0
0.0
0.0
0.0
13.0
171.0
377.0
579.0
761.0
913.0
1023.0
1085.0
1093.0
1048.0
952.0
812.0
637.0
440.0
233.0
44.0
0.0
0.0
0.0
0.0
0.0
0.0
0.0
0.0
11.0
166.0
373.0
575.0
758.0
910.0
1020.0
1082.0
1090.0
1044.0
948.0
808.0
633.0
435.0
228.0
41.0
0.0
0.0
0.0
0.0
0.0
0.0
0.0
0.0
10.0
162.0
369.0
571.0
754.0
906.0
1017.0
1078.0
1087.0
1041.0
944.0
804.0
628.0
430.0
223.0
37.0
0.0
0.0
0.0
0.0
0.0
0.0
0.0
0.0
8.0
157.0
365.0
567.0
751.0
903.0
1014.0
1075.0
1083.0
1037.0
940.0
799.0
624.0
425.0
218.0
34.0
0.0
0.0
0.0
0.0
0.0
0.0
0.0
0.0
7.0
152.0
360.0
563.0
747.0
900.0
1010.0
1072.0
1080.0
1034.0
936.0
795.0
619.0
420.0
212.0
31.0
0.0
0.0
0.0
0.0
0.0
0.0
0.0
0.0
6.0
148.0
356.0
559.0
743.0
896.0
1007.0
1068.0
1076.0
1030.0
932.0
791.0
614.0
415.0
207.0
28.0
0.0
0.0
0.0
0.0
0.0
0.0
0.0
0.0
4.0
143.0
352.0
555.0
739.0
892.0
1003.0
1065.0
1072.0
1026.0
928.0
786.0
609.0
410.0
201.0
25.0
0.0
0.0
0.0
0.0
0.0
0.0
0.0
0.0
3.0
138.0
347.0
551.0
736.0
889.0
1000.0
1061.0
1069.0
1022.0
924.0
782.0
604.0
405.0
196.0
22.0
0.0
0.0
0.0
0.0
0.0
0.0
0.0
0.0
3.0
133.0
343.0
547.0
732.0
885.0
996.0
1057.0
1065.0
1018.0
920.0
777.0
599.0
399.0
190.0
19.0
0.0
0.0
0.0
0.0
0.0
0.0
0.0
0.0
2.0
128.0
338.0
543.0
728.0
881.0
992.0
1054.0
1061.0
1014.0
915.0
772.0
594.0
393.0
184.0
16.0
0.0
0.0
0.0
0.0
0.0
0.0
0.0
0.0
1.0
124.0
334.0
538.0
724.0
877.0
989.0
1050.0
1057.0
1010.0
911.0
767.0
589.0
388.0
178.0
14.0
0.0
0.0
0.0
0.0
0.0
0.0
0.0
0.0
1.0
119.0
329.0
534.0
720.0
874.0
985.0
1046.0
1053.0
1005.0
906.0
762.0
583.0
382.0
171.0
11.0
0.0
0.0
0.0
0.0
0.0
0.0
0.0
0.0
0.0
114.0
324.0
530.0
716.0
870.0
981.0
1042.0
1049.0
1001.0
901.0
757.0
578.0
376.0
165.0
9.0
0.0
0.0
0.0
0.0
0.0
0.0
0.0
0.0
0.0
109.0
320.0
526.0
712.0
866.0
977.0
1038.0
1045.0
996.0
896.0
752.0
572.0
370.0
159.0
7.0
0.0
0.0
0.0
0.0
0.0
0.0
0.0
0.0
0.0
104.0
315.0
521.0
708.0
862.0
973.0
1034.0
1040.0
992.0
891.0
746.0
566.0
364.0
152.0
6.0
0.0
0.0
0.0
0.0
0.0
0.0
0.0
0.0
0.0
100.0
310.0
517.0
703.0
858.0
969.0
1030.0
1036.0
987.0
886.0
741.0
560.0
357.0
145.0
4.0
0.0
0.0
0.0
0.0
0.0
0.0
0.0
0.0
0.0
95.0
306.0
512.0
699.0
853.0
965.0
1025.0
1031.0
982.0
881.0
735.0
555.0
351.0
139.0
3.0
0.0
0.0
0.0
0.0
0.0
0.0
0.0
0.0
0.0
90.0
301.0
508.0
695.0
849.0
961.0
1021.0
1027.0
977.0
876.0
730.0
548.0
345.0
132.0
2.0
0.0
0.0
0.0
0.0
0.0
0.0
0.0
0.0
0.0
85.0
296.0
503.0
690.0
845.0
956.0
1017.0
1022.0
972.0
871.0
724.0
542.0
338.0
125.0
1.0
0.0
0.0
0.0
0.0
0.0
0.0
0.0
0.0
0.0
81.0
291.0
499.0
686.0
841.0
952.0
1012.0
1018.0
967.0
865.0
718.0
536.0
331.0
118.0
0.0
0.0
0.0
0.0
0.0
0.0
0.0
0.0
0.0
0.0
76.0
286.0
494.0
682.0
836.0
948.0
1008.0
1013.0
962.0
860.0
712.0
530.0
324.0
111.0
0.0
0.0
0.0
0.0
0.0
0.0
0.0
0.0
0.0
0.0
72.0
281.0
489.0
677.0
832.0
943.0
1003.0
1008.0
957.0
854.0
706.0
523.0
318.0
104.0
0.0
0.0
0.0
0.0
0.0
0.0
0.0
0.0
0.0
0.0
67.0
276.0
485.0
673.0
827.0
939.0
998.0
1003.0
952.0
848.0
700.0
517.0
311.0
97.0
0.0
0.0
0.0
0.0
0.0
0.0
0.0
0.0
0.0
0.0
63.0
271.0
480.0
668.0
823.0
934.0
994.0
998.0
946.0
843.0
694.0
510.0
304.0
90.0
0.0
0.0
0.0
0.0
0.0
0.0
0.0
0.0
0.0
0.0
59.0
266.0
475.0
663.0
818.0
929.0
989.0
993.0
941.0
837.0
687.0
503.0
296.0
84.0
0.0
0.0
0.0
0.0
0.0
0.0
0.0
0.0
0.0
0.0
55.0
261.0
470.0
659.0
814.0
925.0
984.0
987.0
935.0
831.0
681.0
496.0
289.0
77.0
0.0
0.0
0.0
0.0
0.0
0.0
0.0
0.0
0.0
0.0
52.0
256.0
466.0
654.0
809.0
920.0
979.0
982.0
930.0
825.0
674.0
489.0
282.0
71.0
0.0
0.0
0.0
0.0
0.0
0.0
0.0
0.0
0.0
0.0
48.0
251.0
461.0
649.0
804.0
915.0
974.0
977.0
924.0
818.0
668.0
482.0
274.0
65.0
0.0
0.0
0.0
0.0
0.0
0.0
0.0
0.0
0.0
0.0
44.0
246.0
456.0
644.0
799.0
910.0
969.0
971.0
918.0
812.0
661.0
475.0
267.0
59.0
0.0
0.0
0.0
0.0
0.0
0.0
0.0
0.0
0.0
0.0
41.0
241.0
451.0
640.0
795.0
905.0
963.0
966.0
912.0
806.0
654.0
468.0
259.0
53.0
0.0
0.0
0.0
0.0
0.0
0.0
0.0
0.0
0.0
0.0
38.0
236.0
446.0
635.0
790.0
900.0
958.0
960.0
906.0
799.0
648.0
461.0
252.0
48.0
0.0
0.0
0.0
0.0
0.0
0.0
0.0
0.0
0.0
0.0
34.0
230.0
441.0
630.0
785.0
895.0
953.0
955.0
900.0
793.0
641.0
453.0
244.0
43.0
0.0
0.0
0.0
0.0
0.0
0.0
0.0
0.0
0.0
0.0
31.0
225.0
436.0
625.0
780.0
890.0
947.0
949.0
894.0
786.0
634.0
446.0
236.0
38.0
0.0
0.0
0.0
0.0
0.0
0.0
0.0
0.0
0.0
0.0
28.0
220.0
431.0
620.0
775.0
884.0
942.0
943.0
888.0
780.0
627.0
438.0
228.0
33.0
0.0
0.0
0.0
0.0
0.0
0.0
0.0
0.0
0.0
0.0
26.0
214.0
425.0
615.0
769.0
879.0
936.0
937.0
881.0
773.0
619.0
431.0
220.0
29.0
0.0
0.0
0.0
0.0
0.0
0.0
0.0
0.0
0.0
0.0
23.0
209.0
420.0
609.0
764.0
874.0
931.0
931.0
875.0
766.0
612.0
423.0
212.0
25.0
0.0
0.0
0.0
0.0
0.0
0.0
0.0
0.0
0.0
0.0
21.0
204.0
415.0
604.0
759.0
868.0
925.0
925.0
869.0
759.0
605.0
416.0
204.0
21.0
0.0
0.0
0.0
0.0
0.0
0.0
0.0
0.0
0.0
0.0
18.0
198.0
410.0
599.0
754.0
863.0
919.0
919.0
862.0
752.0
597.0
408.0
196.0
17.0
0.0
0.0
0.0
0.0
0.0
0.0
0.0
0.0
0.0
0.0
16.0
193.0
404.0
594.0
748.0
857.0
913.0
913.0
855.0
745.0
590.0
400.0
188.0
14.0
0.0
0.0
0.0
0.0
0.0
0.0
0.0
0.0
0.0
0.0
14.0
187.0
399.0
588.0
743.0
852.0
907.0
906.0
849.0
738.0
582.0
392.0
180.0
11.0
0.0
0.0
0.0
0.0
0.0
0.0
0.0
0.0
0.0
0.0
12.0
182.0
394.0
583.0
737.0
846.0
901.0
900.0
842.0
731.0
575.0
384.0
172.0
9.0
0.0
0.0
0.0
0.0
0.0
0.0
0.0
0.0
0.0
0.0
10.0
176.0
388.0
578.0
732.0
840.0
895.0
894.0
835.0
724.0
567.0
376.0
164.0
7.0
0.0
0.0
0.0
0.0
0.0
0.0
0.0
0.0
0.0
0.0
9.0
171.0
383.0
572.0
726.0
834.0
889.0
887.0
828.0
717.0
560.0
368.0
155.0
5.0
0.0
0.0
0.0
0.0
0.0
0.0
0.0
0.0
0.0
0.0
7.0
165.0
377.0
567.0
721.0
828.0
883.0
881.0
821.0
709.0
552.0
360.0
147.0
3.0
0.0
0.0
0.0
0.0
0.0
0.0
0.0
0.0
0.0
0.0
6.0
160.0
372.0
561.0
715.0
823.0
877.0
874.0
814.0
702.0
544.0
352.0
138.0
2.0
0.0
0.0
0.0
0.0
0.0
0.0
0.0
0.0
0.0
0.0
4.0
154.0
366.0
555.0
709.0
817.0
871.0
867.0
807.0
694.0
536.0
344.0
130.0
1.0
0.0
0.0
0.0
0.0
0.0
0.0
0.0
0.0
0.0
0.0
3.0
148.0
360.0
550.0
703.0
811.0
864.0
861.0
800.0
687.0
528.0
336.0
122.0
0.0
0.0
0.0
0.0
0.0
0.0
0.0
0.0
0.0
0.0
0.0
2.0
143.0
355.0
544.0
697.0
804.0
858.0
854.0
793.0
679.0
521.0
327.0
113.0
0.0
0.0
0.0
0.0
0.0
0.0
0.0
0.0
0.0
0.0
0.0
2.0
137.0
349.0
538.0
691.0
798.0
851.0
847.0
786.0
672.0
513.0
319.0
104.0
0.0
0.0
0.0
0.0
0.0
0.0
0.0
0.0
0.0
0.0
0.0
1.0
131.0
343.0
532.0
686.0
792.0
845.0
840.0
779.0
664.0
505.0
311.0
96.0
0.0
0.0
0.0
0.0
0.0
0.0
0.0
0.0
0.0
0.0
0.0
1.0
125.0
338.0
527.0
680.0
786.0
838.0
833.0
771.0
656.0
497.0
303.0
88.0
0.0
0.0
0.0
0.0
0.0
0.0
0.0
0.0
0.0
0.0
0.0
0.0
119.0
332.0
521.0
673.0
779.0
832.0
826.0
764.0
649.0
489.0
294.0
81.0
0.0
0.0
0.0
0.0
0.0
0.0
0.0
0.0
0.0
0.0
0.0
0.0
114.0
326.0
515.0
667.0
773.0
825.0
819.0
757.0
641.0
481.0
286.0
74.0
0.0
0.0
0.0
0.0
0.0
0.0
0.0
0.0
0.0
0.0
0.0
0.0
107.0
320.0
509.0
661.0
767.0
818.0
812.0
749.0
633.0
472.0
278.0
67.0
0.0
0.0
0.0
0.0
0.0
0.0
0.0
0.0
0.0
0.0
0.0
0.0
101.0
314.0
503.0
655.0
760.0
811.0
805.0
742.0
625.0
464.0
269.0
60.0
0.0
0.0
0.0
0.0
0.0
0.0
0.0
0.0
0.0
0.0
0.0
0.0
95.0
308.0
497.0
649.0
754.0
805.0
798.0
734.0
618.0
456.0
261.0
54.0
0.0
0.0
0.0
0.0
0.0
0.0
0.0
0.0
0.0
0.0
0.0
0.0
90.0
302.0
491.0
642.0
747.0
798.0
791.0
727.0
610.0
448.0
253.0
49.0
0.0
0.0
0.0
0.0
0.0
0.0
0.0
0.0
0.0
0.0
0.0
0.0
84.0
296.0
485.0
636.0
741.0
791.0
784.0
719.0
602.0
440.0
244.0
43.0
0.0
0.0
0.0
0.0
0.0
0.0
0.0
0.0
0.0
0.0
0.0
0.0
79.0
290.0
478.0
630.0
734.0
784.0
776.0
712.0
594.0
432.0
236.0
38.0
0.0
0.0
0.0
0.0
0.0
0.0
0.0
0.0
0.0
0.0
0.0
0.0
74.0
284.0
472.0
623.0
727.0
777.0
769.0
704.0
586.0
424.0
228.0
33.0
0.0
0.0
0.0
0.0
0.0
0.0
0.0
0.0
0.0
0.0
0.0
0.0
69.0
278.0
466.0
617.0
721.0
770.0
762.0
696.0
578.0
416.0
219.0
29.0
0.0
0.0
0.0
0.0
0.0
0.0
0.0
0.0
0.0
0.0
0.0
0.0
65.0
272.0
460.0
610.0
714.0
763.0
754.0
689.0
570.0
408.0
211.0
25.0
0.0
0.0
0.0
0.0
0.0
0.0
0.0
0.0
0.0
0.0
0.0
0.0
60.0
266.0
453.0
604.0
707.0
756.0
747.0
681.0
562.0
399.0
203.0
21.0
0.0
0.0
0.0
0.0
0.0
0.0
0.0
0.0
0.0
0.0
0.0
0.0
55.0
259.0
447.0
597.0
700.0
749.0
740.0
673.0
555.0
391.0
195.0
18.0
0.0
0.0
0.0
0.0
0.0
0.0
0.0
0.0
0.0
0.0
0.0
0.0
51.0
253.0
440.0
591.0
693.0
742.0
732.0
666.0
547.0
383.0
187.0
14.0
0.0
0.0
0.0
0.0
0.0
0.0
0.0
0.0
0.0
0.0
0.0
0.0
47.0
247.0
434.0
584.0
686.0
734.0
725.0
658.0
539.0
375.0
178.0
12.0
0.0
0.0
0.0
0.0
0.0
0.0
0.0
0.0
0.0
0.0
0.0
0.0
43.0
241.0
428.0
577.0
679.0
727.0
717.0
650.0
531.0
367.0
170.0
9.0
0.0
0.0
0.0
0.0
0.0
0.0
0.0
0.0
0.0
0.0
0.0
0.0
39.0
234.0
421.0
571.0
673.0
720.0
710.0
643.0
523.0
359.0
162.0
7.0
0.0
0.0
0.0
0.0
0.0
0.0
0.0
0.0
0.0
0.0
0.0
0.0
36.0
228.0
415.0
564.0
666.0
713.0
702.0
635.0
515.0
351.0
154.0
5.0
0.0
0.0
0.0
0.0
0.0
0.0
0.0
0.0
0.0
0.0
0.0
0.0
32.0
222.0
408.0
557.0
659.0
706.0
695.0
627.0
507.0
343.0
146.0
4.0
0.0
0.0
0.0
0.0
0.0
0.0
0.0
0.0
0.0
0.0
0.0
0.0
29.0
215.0
402.0
550.0
652.0
698.0
687.0
620.0
500.0
335.0
138.0
2.0
0.0
0.0
0.0
0.0
0.0
0.0
0.0
0.0
0.0
0.0
0.0
0.0
26.0
209.0
395.0
544.0
645.0
691.0
680.0
612.0
492.0
328.0
130.0
1.0
0.0
0.0
0.0
0.0
0.0
0.0
0.0
0.0
0.0
0.0
0.0
0.0
23.0
202.0
388.0
537.0
638.0
684.0
673.0
604.0
484.0
320.0
123.0
1.0
0.0
0.0
0.0
0.0
0.0
0.0
0.0
0.0
0.0
0.0
0.0
0.0
20.0
196.0
382.0
530.0
631.0
677.0
665.0
597.0
476.0
312.0
115.0
0.0
0.0
0.0
0.0
0.0
0.0
0.0
0.0
0.0
0.0
0.0
0.0
0.0
17.0
190.0
375.0
523.0
623.0
669.0
658.0
589.0
469.0
304.0
107.0
0.0
0.0
0.0
0.0
0.0
0.0
0.0
0.0
0.0
0.0
0.0
0.0
0.0
15.0
183.0
368.0
516.0
616.0
662.0
650.0
582.0
461.0
297.0
97.0
0.0
0.0
0.0
0.0
0.0
0.0
0.0
0.0
0.0
0.0
0.0
0.0
0.0
13.0
177.0
362.0
509.0
609.0
655.0
643.0
574.0
454.0
289.0
90.0
0.0
0.0
0.0
0.0
0.0
0.0
0.0
0.0
0.0
0.0
0.0
0.0
0.0
11.0
170.0
355.0
503.0
602.0
648.0
636.0
567.0
446.0
282.0
83.0
0.0
0.0
0.0
0.0
0.0
0.0
0.0
0.0
0.0
0.0
0.0
0.0
0.0
9.0
164.0
349.0
496.0
595.0
641.0
628.0
559.0
439.0
274.0
77.0
0.0
0.0
0.0
0.0
0.0
0.0
0.0
0.0
0.0
0.0
0.0
0.0
0.0
7.0
157.0
342.0
489.0
588.0
633.0
621.0
552.0
431.0
267.0
71.0
0.0
0.0
0.0
0.0
0.0
0.0
0.0
0.0
0.0
0.0
0.0
0.0
0.0
5.0
151.0
335.0
482.0
581.0
626.0
614.0
545.0
424.0
259.0
65.0
0.0
0.0
0.0
0.0
0.0
0.0
0.0
0.0
0.0
0.0
0.0
0.0
0.0
4.0
144.0
329.0
475.0
574.0
619.0
606.0
537.0
417.0
252.0
59.0
0.0
0.0
0.0
0.0
0.0
0.0
0.0
0.0
0.0
0.0
0.0
0.0
0.0
3.0
138.0
322.0
468.0
567.0
612.0
599.0
530.0
409.0
245.0
54.0
0.0
0.0
0.0
0.0
0.0
0.0
0.0
0.0
0.0
0.0
0.0
0.0
0.0
2.0
131.0
315.0
462.0
560.0
605.0
592.0
523.0
402.0
238.0
49.0
0.0
0.0
0.0
0.0
0.0
0.0
0.0
0.0
0.0
0.0
0.0
0.0
0.0
1.0
125.0
309.0
455.0
553.0
598.0
585.0
516.0
395.0
231.0
45.0
0.0
0.0
0.0
0.0
0.0
0.0
0.0
0.0
0.0
0.0
0.0
0.0
0.0
1.0
119.0
302.0
448.0
546.0
591.0
578.0
509.0
388.0
224.0
40.0
0.0
0.0
0.0
0.0
0.0
0.0
0.0
0.0
0.0
0.0
0.0
0.0
0.0
0.0
112.0
295.0
441.0
540.0
584.0
571.0
502.0
381.0
217.0
36.0
0.0
0.0
0.0
0.0
0.0
0.0
0.0
0.0
0.0
0.0
0.0
0.0
0.0
0.0
106.0
289.0
434.0
533.0
577.0
564.0
495.0
375.0
211.0
33.0
0.0
0.0
0.0
0.0
0.0
0.0
0.0
0.0
0.0
0.0
0.0
0.0
0.0
0.0
96.0
282.0
428.0
526.0
570.0
557.0
488.0
368.0
204.0
29.0
0.0
0.0
0.0
0.0
0.0
0.0
0.0
0.0
0.0
0.0
0.0
0.0
0.0
0.0
90.0
276.0
421.0
519.0
563.0
550.0
482.0
361.0
198.0
26.0
0.0
0.0
0.0
0.0
0.0
0.0
0.0
0.0
0.0
0.0
0.0
0.0
0.0
0.0
84.0
269.0
414.0
512.0
557.0
544.0
475.0
355.0
191.0
23.0
0.0
0.0
0.0
0.0
0.0
0.0
0.0
0.0
0.0
0.0
0.0
0.0
0.0
0.0
78.0
263.0
408.0
506.0
550.0
537.0
468.0
348.0
185.0
20.0
0.0
0.0
0.0
0.0
0.0
0.0
0.0
0.0
0.0
0.0
0.0
0.0
0.0
0.0
73.0
256.0
401.0
499.0
543.0
530.0
462.0
342.0
179.0
17.0
0.0
0.0
0.0
0.0
0.0
0.0
0.0
0.0
0.0
0.0
0.0
0.0
0.0
0.0
67.0
250.0
395.0
493.0
537.0
524.0
455.0
336.0
173.0
15.0
0.0
0.0
0.0
0.0
0.0
0.0
0.0
0.0
0.0
0.0
0.0
0.0
0.0
0.0
62.0
243.0
388.0
486.0
530.0
518.0
449.0
330.0
167.0
13.0
0.0
0.0
0.0
0.0
0.0
0.0
0.0
0.0
0.0
0.0
0.0
0.0
0.0
0.0
58.0
237.0
382.0
480.0
524.0
511.0
443.0
324.0
161.0
11.0
0.0
0.0
0.0
0.0
0.0
0.0
0.0
0.0
0.0
0.0
0.0
0.0
0.0
0.0
53.0
231.0
375.0
473.0
517.0
505.0
437.0
318.0
156.0
9.0
0.0
0.0
0.0
0.0
0.0
0.0
0.0
0.0
0.0
0.0
0.0
0.0
0.0
0.0
49.0
225.0
369.0
467.0
511.0
499.0
431.0
312.0
150.0
8.0
0.0
0.0
0.0
0.0
0.0
0.0
0.0
0.0
0.0
0.0
0.0
0.0
0.0
0.0
44.0
218.0
363.0
461.0
505.0
493.0
425.0
306.0
145.0
6.0
0.0
0.0
0.0
0.0
0.0
0.0
0.0
0.0
0.0
0.0
0.0
0.0
0.0
0.0
40.0
212.0
357.0
454.0
499.0
487.0
419.0
301.0
140.0
5.0
0.0
0.0
0.0
0.0
0.0
0.0
0.0
0.0
0.0
0.0
0.0
0.0
0.0
0.0
37.0
206.0
351.0
448.0
493.0
481.0
414.0
295.0
134.0
4.0
0.0
0.0
0.0
0.0
0.0
0.0
0.0
0.0
0.0
0.0
0.0
0.0
0.0
0.0
33.0
200.0
345.0
442.0
487.0
475.0
408.0
290.0
129.0
3.0
0.0
0.0
0.0
0.0
0.0
0.0
0.0
0.0
0.0
0.0
0.0
0.0
0.0
0.0
30.0
194.0
339.0
436.0
481.0
470.0
403.0
285.0
125.0
2.0
0.0
0.0
0.0
0.0
0.0
0.0
0.0
0.0
0.0
0.0
0.0
0.0
0.0
0.0
27.0
188.0
333.0
431.0
475.0
464.0
398.0
280.0
120.0
2.0
0.0
0.0
0.0
0.0
0.0
0.0
0.0
0.0
0.0
0.0
0.0
0.0
0.0
0.0
24.0
183.0
327.0
425.0
470.0
459.0
392.0
275.0
115.0
1.0
0.0
0.0
0.0
0.0
0.0
0.0
0.0
0.0
0.0
0.0
0.0
0.0
0.0
0.0
21.0
177.0
321.0
419.0
464.0
454.0
387.0
271.0
111.0
1.0
0.0
0.0
0.0
0.0
0.0
0.0
0.0
0.0
0.0
0.0
0.0
0.0
0.0
0.0
19.0
171.0
316.0
414.0
459.0
448.0
383.0
266.0
107.0
1.0
0.0
0.0
0.0
0.0
0.0
0.0
0.0
0.0
0.0
0.0
0.0
0.0
0.0
0.0
16.0
166.0
310.0
408.0
454.0
443.0
378.0
262.0
103.0
0.0
0.0
0.0
0.0
0.0
0.0
0.0
0.0
0.0
0.0
0.0
0.0
0.0
0.0
0.0
14.0
160.0
305.0
403.0
449.0
438.0
373.0
257.0
99.0
0.0
0.0
0.0
0.0
0.0
0.0
0.0
0.0
0.0
0.0
0.0
0.0
0.0
0.0
0.0
12.0
155.0
299.0
398.0
444.0
434.0
369.0
253.0
95.0
0.0
0.0
0.0
0.0
0.0
0.0
0.0
0.0
0.0
0.0
0.0
0.0
0.0
0.0
0.0
10.0
150.0
294.0
393.0
439.0
429.0
364.0
249.0
87.0
0.0
0.0
0.0
0.0
0.0
0.0
0.0
0.0
0.0
0.0
0.0
0.0
0.0
0.0
0.0
9.0
144.0
289.0
388.0
434.0
425.0
360.0
245.0
84.0
0.0
0.0
0.0
0.0
0.0
0.0
0.0
0.0
0.0
0.0
0.0
0.0
0.0
0.0
0.0
7.0
139.0
284.0
383.0
429.0
420.0
356.0
242.0
80.0
0.0
0.0
0.0
0.0
0.0
0.0
0.0
0.0
0.0
0.0
0.0
0.0
0.0
0.0
0.0
6.0
134.0
279.0
378.0
425.0
416.0
352.0
238.0
77.0
0.0
0.0
0.0
0.0
0.0
0.0
0.0
0.0
0.0
0.0
0.0
0.0
0.0
0.0
0.0
5.0
130.0
274.0
373.0
420.0
412.0
349.0
235.0
75.0
0.0
0.0
0.0
0.0
0.0
0.0
0.0
0.0
0.0
0.0
0.0
0.0
0.0
0.0
0.0
4.0
125.0
270.0
369.0
416.0
408.0
345.0
232.0
72.0
0.0
0.0
0.0
0.0
0.0
0.0
0.0
0.0
0.0
0.0
0.0
0.0
0.0
0.0
0.0
3.0
120.0
265.0
365.0
412.0
404.0
342.0
228.0
69.0
0.0
0.0
0.0
0.0
0.0
0.0
0.0
0.0
0.0
0.0
0.0
0.0
0.0
0.0
0.0
2.0
116.0
261.0
360.0
408.0
401.0
338.0
226.0
67.0
0.0
0.0
0.0
0.0
0.0
0.0
0.0
0.0
0.0
0.0
0.0
0.0
0.0
0.0
0.0
2.0
111.0
256.0
356.0
404.0
397.0
335.0
223.0
65.0
0.0
0.0
0.0
0.0
0.0
0.0
0.0
0.0
0.0
0.0
0.0
0.0
0.0
0.0
0.0
1.0
107.0
252.0
352.0
401.0
394.0
332.0
220.0
63.0
0.0
0.0
0.0
0.0
0.0
0.0
0.0
0.0
0.0
0.0
0.0
0.0
0.0
0.0
0.0
1.0
103.0
248.0
349.0
397.0
391.0
330.0
218.0
61.0
0.0
0.0
0.0
0.0
0.0
0.0
0.0
0.0
0.0
0.0
0.0
0.0
0.0
0.0
0.0
0.0
99.0
244.0
345.0
394.0
388.0
327.0
216.0
60.0
0.0
0.0
0.0
0.0
0.0
0.0
0.0
0.0
0.0
0.0
0.0
0.0
0.0
0.0
0.0
0.0
95.0
240.0
341.0
391.0
385.0
325.0
214.0
58.0
0.0
0.0
0.0
0.0
0.0
0.0
0.0
0.0
0.0
0.0
0.0
0.0
0.0
0.0
0.0
0.0
91.0
237.0
338.0
388.0
382.0
322.0
212.0
57.0
0.0
0.0
0.0
0.0
0.0
0.0
0.0
0.0
0.0
0.0
0.0
0.0
0.0
0.0
0.0
0.0
87.0
233.0
335.0
385.0
380.0
320.0
210.0
56.0
0.0
0.0
0.0
0.0
0.0
0.0
0.0
0.0
0.0
0.0
0.0
0.0
0.0
0.0
0.0
0.0
79.0
230.0
332.0
382.0
377.0
318.0
209.0
55.0
0.0
0.0
0.0
0.0
0.0
0.0
0.0
0.0
0.0
0.0
0.0
0.0
0.0
0.0
0.0
0.0
76.0
227.0
329.0
379.0
375.0
316.0
207.0
54.0
0.0
0.0
0.0
0.0
0.0
0.0
0.0
0.0
0.0
0.0
0.0
0.0
0.0
0.0
0.0
0.0
73.0
224.0
326.0
377.0
373.0
315.0
206.0
53.0
0.0
0.0
0.0
0.0
0.0
0.0
0.0
0.0
0.0
0.0
0.0
0.0
0.0
0.0
0.0
0.0
70.0
221.0
323.0
375.0
371.0
313.0
205.0
53.0
0.0
0.0
0.0
0.0
0.0
0.0
0.0
0.0
0.0
0.0
0.0
0.0
0.0
0.0
0.0
0.0
67.0
218.0
321.0
373.0
370.0
312.0
204.0
52.0
0.0
0.0
0.0
0.0
0.0
0.0
0.0
0.0
0.0
0.0
0.0
0.0
0.0
0.0
0.0
0.0
65.0
215.0
319.0
371.0
368.0
311.0
203.0
52.0
0.0
0.0
0.0
0.0
0.0
0.0
0.0
0.0
0.0
0.0
0.0
0.0
0.0
0.0
0.0
0.0
63.0
213.0
317.0
369.0
367.0
310.0
203.0
52.0
0.0
0.0
0.0
0.0
0.0
0.0
0.0
0.0
0.0
0.0
0.0
0.0
0.0
0.0
0.0
0.0
60.0
211.0
315.0
368.0
366.0
310.0
203.0
52.0
0.0
0.0
0.0
0.0
0.0
0.0
0.0
0.0
0.0
0.0
0.0
0.0
0.0
0.0
0.0
0.0
58.0
209.0
313.0
366.0
365.0
309.0
202.0
52.0
0.0
0.0
0.0
0.0
0.0
0.0
0.0
0.0
0.0
0.0
0.0
0.0
0.0
0.0
0.0
0.0
57.0
207.0
311.0
365.0
364.0
309.0
202.0
52.0
0.0
0.0
0.0
0.0
0.0
0.0
0.0
0.0
0.0
0.0
0.0
0.0
0.0
0.0
0.0
0.0
55.0
205.0
310.0
364.0
364.0
308.0
203.0
53.0
0.0
0.0
0.0
0.0
0.0
0.0
0.0
0.0
0.0
0.0
0.0
0.0
0.0
0.0
0.0
0.0
53.0
203.0
309.0
363.0
363.0
308.0
203.0
53.0
0.0
0.0
0.0
0.0
0.0
0.0
0.0
0.0
0.0
0.0
0.0
0.0
0.0
0.0
0.0
0.0
52.0
202.0
308.0
363.0
363.0
309.0
204.0
54.0
0.0
0.0
0.0
0.0
0.0
0.0
0.0
0.0
0.0
0.0
0.0
0.0
0.0
0.0
0.0
0.0
51.0
201.0
307.0
362.0
363.0
309.0
204.0
55.0
0.0
0.0
0.0
0.0
0.0
0.0
0.0
0.0
0.0
0.0
0.0
0.0
0.0
0.0
0.0
0.0
50.0
199.0
306.0
362.0
363.0
310.0
205.0
56.0
0.0
0.0
0.0
0.0
0.0
0.0
0.0
0.0
0.0
0.0
0.0
0.0
0.0
0.0
0.0
0.0
49.0
199.0
305.0
362.0
363.0
310.0
206.0
57.0
0.0
0.0
0.0
0.0
0.0
0.0
0.0
0.0
0.0
0.0
0.0
0.0
0.0
0.0
0.0
0.0
48.0
198.0
305.0
362.0
364.0
311.0
207.0
58.0
0.0
0.0
0.0
0.0
0.0
0.0
0.0
0.0
0.0
0.0
0.0
0.0
0.0
0.0
0.0
0.0
47.0
197.0
305.0
362.0
364.0
312.0
209.0
59.0
0.0
0.0
0.0
0.0
0.0
0.0
0.0
0.0
0.0
0.0
0.0
0.0
0.0
0.0
0.0
0.0
47.0
197.0
305.0
362.0
365.0
313.0
210.0
61.0
0.0
0.0
0.0
0.0
0.0
0.0
0.0
0.0
0.0
0.0
0.0
0.0
0.0
0.0
0.0
0.0
46.0
196.0
305.0
363.0
366.0
315.0
212.0
62.0
0.0
0.0
0.0
0.0
0.0
0.0
0.0
0.0
0.0
0.0
0.0
0.0
0.0
0.0
0.0
0.0
46.0
196.0
305.0
364.0
367.0
316.0
214.0
64.0
0.0
0.0
0.0
0.0
0.0
0.0
0.0
0.0
0.0
0.0
0.0
0.0
0.0
0.0
0.0
0.0
46.0
196.0
306.0
364.0
369.0
318.0
216.0
66.0
0.0
0.0
0.0
0.0
0.0
0.0
0.0
0.0
0.0
0.0
0.0
0.0
0.0
0.0
0.0
0.0
46.0
197.0
306.0
366.0
370.0
320.0
218.0
69.0
0.0
0.0
0.0
0.0
0.0
0.0
0.0
0.0
0.0
0.0
0.0
0.0
0.0
0.0
0.0
0.0
46.0
197.0
307.0
367.0
372.0
322.0
221.0
71.0
0.0
0.0
0.0
0.0
0.0
0.0
0.0
0.0
