_wind_offshore_current load factor in France in 2016
0.0644
0.0829
0.2054
0.3754
0.5294
0.6392
0.6909
0.6932
0.7406
0.7618
0.7941
0.7733
0.7704
0.8092
0.8531
0.8973
0.924
0.8982
0.9415
0.9645
0.9585
0.9743
0.9863
0.9907
0.9884
0.9842
0.9817
0.9806
0.9863
0.9888
0.9908
0.9906
0.988
0.9864
0.9826
0.9811
0.9821
0.9737
0.9517
0.9154
0.9001
0.8929
0.8662
0.8211
0.8001
0.7897
0.7618
0.7478
0.7354
0.7529
0.7685
0.8279
0.8749
0.9438
0.9633
0.9783
0.9891
0.9908
0.9879
0.9883
0.9872
0.9571
0.9276
0.8868
0.9174
0.9469
0.9571
0.9576
0.9641
0.9649
0.9581
0.9581
0.9603
0.9633
0.9601
0.9555
0.9504
0.9396
0.9294
0.9349
0.9232
0.9146
0.9104
0.9291
0.9339
0.9247
0.8949
0.8625
0.868
0.8444
0.8242
0.7569
0.8345
0.901
0.8953
0.9082
0.9455
0.9688
0.971
0.9647
0.9555
0.9365
0.919
0.9051
0.906
0.9129
0.9138
0.8821
0.8607
0.8324
0.8847
0.9074
0.9178
0.9138
0.8873
0.8588
0.7861
0.6814
0.5635
0.6116
0.6874
0.707
0.7375
0.7914
0.7816
0.7751
0.7676
0.6778
0.6874
0.5607
0.5135
0.6693
0.6544
0.5719
0.4859
0.4873
0.5844
0.7301
0.7966
0.8279
0.9038
0.9666
0.9772
0.9325
0.9312
0.9666
0.9781
0.9845
0.9797
0.9761
0.9697
0.9458
0.9483
0.9489
0.9571
0.9726
0.9668
0.9194
0.8195
0.6932
0.6353
0.4347
0.236
0.0758
0.0284
0.1002
0.2688
0.4347
0.5607
0.6062
0.525
0.4056
0.3444
0.3293
0.309
0.3024
0.2828
0.229
0.1967
0.1681
0.1225
0.0869
0.0796
0.1193
0.2325
0.3238
0.384
0.4317
0.4698
0.5536
0.6196
0.6838
0.7333
0.7488
0.7588
0.8043
0.8279
0.8294
0.8345
0.8416
0.818
0.8164
0.8211
0.8743
0.9489
0.9801
0.9895
0.9908
0.9883
0.9853
0.9909
0.9887
0.9884
0.9855
0.9776
0.9576
0.9291
0.9001
0.8644
0.8625
0.8726
0.8858
0.8656
0.8638
0.8794
0.8703
0.8619
0.8457
0.8668
0.8794
0.8831
0.8709
0.8588
0.8537
0.836
0.8345
0.8457
0.8613
0.8504
0.8805
0.9276
0.9247
0.9305
0.9647
0.9748
0.9712
0.9734
0.9808
0.9859
0.9901
0.9881
0.9905
0.9846
0.9835
0.9903
0.9907
0.9885
0.9906
0.9906
0.9901
0.9909
0.9842
0.9681
0.9601
0.9576
0.9497
0.9475
0.9349
0.9129
0.91
0.9198
0.9162
0.9154
0.9108
0.8831
0.8381
0.8067
0.8416
0.8879
0.91
0.9244
0.9225
0.9182
0.9146
0.9051
0.8743
0.818
0.7984
0.7578
0.7364
0.6909
0.594
0.4902
0.3711
0.2528
0.1821
0.1731
0.2054
0.2764
0.3683
0.4245
0.4551
0.4376
0.4581
0.5004
0.4902
0.4932
0.5365
0.5437
0.5337
0.5062
0.4478
0.3626
0.279
0.2384
0.1914
0.1978
0.3584
0.5106
0.6209
0.6169
0.4946
0.4128
0.6681
0.7093
0.6944
0.6897
0.7193
0.7104
0.6778
0.6754
0.6656
0.6327
0.5621
0.4522
0.4186
0.4347
0.4756
0.5193
0.5816
0.6468
0.6944
0.7406
0.7333
0.7002
0.5579
0.5365
0.7569
0.8316
0.8437
0.8416
0.8302
0.7807
0.6944
0.6681
0.6644
0.6557
0.6235
0.5872
0.5536
0.5394
0.5522
0.5437
0.5062
0.4449
0.3811
0.3683
0.3811
0.3926
0.2142
0.0944
0.1957
0.1781
0.1368
0.1031
0.0966
0.0966
0.0903
0.0656
0.0366
0.0092
0.0003
0.0
0.0049
0.0332
0.0842
0.1359
0.1539
0.1623
0.1681
0.1781
0.1925
0.2176
0.2479
0.2564
0.2325
0.2313
0.3117
0.3655
0.4274
0.6035
0.685
0.6656
0.6921
0.6544
0.6569
0.6656
0.6897
0.7447
0.7685
0.787
0.8051
0.8067
0.7879
0.7588
0.7627
0.7081
0.4128
0.1643
0.0616
0.0392
0.0388
0.0353
0.0397
0.0746
0.1069
0.1275
0.1266
0.1233
0.1153
0.1002
0.0849
0.0703
0.0621
0.0566
0.0604
0.0765
0.1046
0.125
0.1385
0.113
0.0733
0.0488
0.0315
0.0159
0.0082
0.0094
0.0162
0.0349
0.0593
0.0849
0.1138
0.1377
0.1394
0.1291
0.1209
0.1091
0.1099
0.1217
0.1511
0.176
0.1811
0.1842
0.1894
0.1771
0.1842
0.1852
0.1643
0.1351
0.1185
0.113
0.1317
0.2043
0.3197
0.439
0.499
0.4815
0.4215
0.3528
0.3417
0.317
0.2802
0.236
0.2131
0.2065
0.2313
0.2503
0.2701
0.3252
0.3612
0.3556
0.3334
0.2777
0.2337
0.2302
0.2854
0.4449
0.5899
0.6235
0.6035
0.594
0.6182
0.5885
0.5522
0.5279
0.538
0.5913
0.6607
0.7789
0.8726
0.8575
0.7949
0.7385
0.7182
0.7834
0.7149
0.7704
0.7733
0.7396
0.7104
0.6632
0.6742
0.6544
0.6248
0.5265
0.3375
0.2256
0.1283
0.0379
0.0049
0.0041
0.0299
0.0869
0.1529
0.1989
0.2256
0.2279
0.2614
0.3472
0.3768
0.394
0.4143
0.4201
0.4756
0.6116
0.5995
0.6129
0.5913
0.5593
0.5279
0.5019
0.4932
0.5004
0.4975
0.5019
0.5062
0.4712
0.4361
0.4376
0.4449
0.3725
0.317
0.374
0.4274
0.4085
0.4114
0.4186
0.5775
0.7733
0.8279
0.8156
0.8124
0.8172
0.8264
0.836
0.8353
0.8226
0.8084
0.7932
0.7657
0.7225
0.6717
0.6275
0.6008
0.5579
0.5062
0.4522
0.4259
0.5265
0.5236
0.3955
0.3197
0.364
0.3472
0.2932
0.2467
0.279
0.3375
0.2577
0.1385
0.1483
0.2267
0.2407
0.2187
0.2919
0.442
0.5967
0.7258
0.7498
0.7608
0.8537
0.9082
0.9206
0.9065
0.8607
0.8345
0.8416
0.8017
0.7685
0.81
0.8148
0.8219
0.8423
0.8556
0.8619
0.8772
0.8799
0.8749
0.8777
0.8837
0.8873
0.8919
0.8909
0.9069
0.9426
0.962
0.9649
0.9626
0.9585
0.9535
0.9444
0.939
0.9432
0.9491
0.9569
0.9129
0.6196
0.5479
0.7539
0.7081
0.4317
0.2443
0.1623
0.1076
0.098
0.1169
0.1185
0.1024
0.0685
0.0429
0.0425
0.0366
0.0439
0.0644
0.236
0.4157
0.332
0.3197
0.3911
0.3528
0.2997
0.2491
0.2407
0.309
0.4172
0.4961
0.6209
0.7115
0.7343
0.7269
0.7312
0.7447
0.7427
0.7354
0.7807
0.8076
0.7966
0.7825
0.8026
0.7733
0.8242
0.8563
0.8451
0.8632
0.8726
0.8929
0.9024
0.9033
0.9087
0.9138
0.9146
0.9266
0.9458
0.9607
0.9714
0.9878
0.9909
0.9908
0.9905
0.9861
0.9396
0.843
0.7789
0.6826
0.4975
0.3655
0.3238
0.301
0.332
0.5164
0.7843
0.8963
0.9225
0.9679
0.9765
0.9815
0.9818
0.972
0.9639
0.9626
0.9628
0.9715
0.9639
0.9455
0.9269
0.9251
0.9186
0.8934
0.8899
0.8853
0.8821
0.8721
0.8324
0.7742
0.8067
0.8092
0.7949
0.7958
0.7852
0.7666
0.7215
0.7723
0.7618
0.7618
0.8164
0.8437
0.8156
0.7932
0.7627
0.7247
0.7093
0.6632
0.6327
0.6049
0.6656
0.6582
0.6619
0.6481
0.6742
0.7312
0.7478
0.7488
0.7458
0.7798
0.8242
0.843
0.8726
0.8924
0.8826
0.9318
0.9458
0.8973
0.7508
0.5789
0.4259
0.3782
0.3683
0.3683
0.3683
0.3983
0.461
0.5091
0.5607
0.5858
0.6196
0.7733
0.7458
0.6862
0.6392
0.6209
0.5775
0.4917
0.7437
0.8124
0.8324
0.8156
0.7723
0.7081
0.7059
0.7427
0.7406
0.699
0.6532
0.5747
0.4771
0.4056
0.3306
0.313
0.3754
0.5062
0.6494
0.7447
0.7897
0.7779
0.7816
0.7417
0.7843
0.8374
0.8132
0.7559
0.6519
0.5091
0.4932
0.5048
0.4493
0.4288
0.4215
0.4099
0.3897
0.3626
0.3389
0.3157
0.2905
0.2552
0.2455
0.279
0.3403
0.4259
0.3998
0.4522
0.5579
0.6196
0.6766
0.7002
0.7104
0.6766
0.6607
0.6932
0.6717
0.6519
0.6656
0.6862
0.7215
0.7984
0.8257
0.8249
0.8423
0.8531
0.8894
0.9087
0.9345
0.9491
0.9458
0.9712
0.9801
0.9832
0.9847
0.9869
0.9878
0.9841
0.9842
0.9887
0.9909
0.9908
0.986
0.953
0.924
0.8632
0.8076
0.7171
0.7559
0.8842
0.9087
0.8338
0.7751
0.7322
0.6979
0.6314
0.6456
0.8034
0.8929
0.9095
0.906
0.9091
0.9396
0.9574
0.97
0.9831
0.9905
0.9896
0.9857
0.984
0.9826
0.9826
0.9841
0.9895
0.9909
0.9908
0.9889
0.9863
0.9883
0.9881
0.9839
0.9744
0.9704
0.9814
0.9906
0.9873
0.9772
0.9616
0.9415
0.9255
0.9047
0.8821
0.8721
0.8607
0.8367
0.8638
0.921
0.9645
0.9866
0.9217
0.9838
0.9896
0.9898
0.9908
0.9909
0.9772
0.9906
0.9907
0.9886
0.9823
0.9668
0.9355
0.9371
0.9472
0.9483
0.9402
0.9322
0.9117
0.8939
0.8837
0.8644
0.8316
0.8092
0.7301
0.6693
0.6632
0.5607
0.5607
0.6766
0.7225
0.7354
0.6897
0.6353
0.5394
0.4625
0.4449
0.3955
0.374
0.3725
0.3361
0.2764
0.1801
0.0862
0.0261
0.009
0.0088
0.0054
0.0025
0.0026
0.0051
0.013
0.0315
0.0709
0.1209
0.1852
0.2302
0.2528
0.2244
0.2348
0.2601
0.305
0.4259
0.4551
0.4215
0.5207
0.5872
0.6248
0.6262
0.7225
0.728
0.7549
0.8537
0.8766
0.8973
0.8996
0.9262
0.9432
0.9662
0.9813
0.981
0.9704
0.9486
0.9251
0.8968
0.8242
0.7488
0.7204
0.6594
0.5705
0.6035
0.5981
0.634
0.7498
0.7825
0.8743
0.9549
0.9574
0.9496
0.9073
0.7731
0.643
0.6141
0.7526
0.8787
0.9658
0.9909
0.977
0.9312
0.8524
0.6693
0.5981
0.5579
0.5279
0.5222
0.5522
0.6557
0.6874
0.7385
0.7488
0.7385
0.6874
0.6456
0.512
0.3361
0.3911
0.3655
0.3528
0.3486
0.3037
0.2431
0.2384
0.2867
0.4303
0.5733
0.7182
0.7578
0.787
0.7888
0.7733
0.7549
0.7498
0.7569
0.777
0.8034
0.8203
0.8092
0.8034
0.8909
0.9178
0.8939
0.8766
0.8575
0.8195
0.7685
0.7093
0.7417
0.7637
0.7618
0.7236
0.6619
0.6301
0.6076
0.5816
0.5649
0.5437
0.5149
0.4669
0.4434
0.4085
0.332
0.1791
0.1275
0.1438
0.1145
0.0995
0.0869
0.0765
0.0621
0.0498
0.0299
0.0186
0.0162
0.0265
0.0508
0.079
0.1091
0.1502
0.2021
0.2676
0.3598
0.48
0.5954
0.6456
0.6275
0.4639
0.384
0.4698
0.4464
0.4157
0.4041
0.4186
0.4522
0.5705
0.6544
0.6644
0.6669
0.6288
0.5607
0.5451
0.4829
0.4128
0.2984
0.152
0.0529
0.0011
0.0291
0.1031
0.176
0.2372
0.2815
0.3768
0.5004
0.4698
0.4172
0.3825
0.3417
0.3157
0.2503
0.1643
0.1069
0.074
0.0709
0.1099
0.176
0.2279
0.236
0.2503
0.2337
0.1978
0.1595
0.1258
0.1161
0.1576
0.2043
0.3024
0.4215
0.555
0.6607
0.7364
0.7312
0.7529
0.8076
0.8302
0.8498
0.8517
0.8316
0.8395
0.8692
0.8889
0.9412
0.9384
0.8697
0.818
0.7676
0.7569
0.7608
0.6838
0.7923
0.8234
0.8234
0.8491
0.8749
0.8692
0.8287
0.818
0.8226
0.8188
0.7733
0.7375
0.7193
0.7215
0.7676
0.7852
0.7488
0.7047
0.6838
0.6582
0.6468
0.5967
0.5337
0.4464
0.5437
0.538
0.4844
0.4844
0.5308
0.5508
0.525
0.423
0.4259
0.4434
0.4654
0.5091
0.4888
0.4946
0.5193
0.5164
0.538
0.5394
0.5308
0.5193
0.5193
0.5279
0.5033
0.407
0.5337
0.6142
0.6506
0.7025
0.7182
0.6979
0.6632
0.6022
0.6582
0.6607
0.6967
0.7247
0.7406
0.7312
0.7312
0.7549
0.843
0.8451
0.7417
0.5803
0.4639
0.4245
0.3197
0.1936
0.1201
0.0973
0.0973
0.0855
0.0621
0.0415
0.0265
0.025
0.0478
0.0995
0.1883
0.2828
0.3782
0.4917
0.5789
0.5579
0.5222
0.4829
0.4128
0.3293
0.2905
0.2688
0.2958
0.3361
0.357
0.332
0.3077
0.2479
0.1604
0.113
0.0855
0.1114
0.1811
0.2419
0.4449
0.525
0.5565
0.5733
0.5593
0.5663
0.4815
0.4522
0.4932
0.4815
0.4669
0.4317
0.3854
0.3361
0.2932
0.2841
0.2279
0.1691
0.1394
0.1201
0.1031
0.0889
0.0685
0.0529
0.0411
0.0458
0.0869
0.1368
0.1925
0.2726
0.3556
0.4186
0.4698
0.5279
0.5981
0.6619
0.6275
0.4493
0.5981
0.6008
0.5913
0.5885
0.5761
0.5844
0.6275
0.6681
0.7666
0.8219
0.8338
0.8203
0.7798
0.6669
0.7236
0.6921
0.6967
0.7059
0.7059
0.729
0.7666
0.8367
0.8331
0.8381
0.855
0.8709
0.8794
0.9015
0.9178
0.9202
0.9033
0.8968
0.9065
0.8668
0.8345
0.8108
0.7742
0.7427
0.7225
0.7036
0.6802
0.6632
0.6778
0.6885
0.6838
0.679
0.6754
0.7676
0.7949
0.8092
0.8302
0.8537
0.8766
0.8944
0.9065
0.9087
0.919
0.9015
0.8715
0.8715
0.8464
0.8234
0.8034
0.7843
0.7723
0.7519
0.7417
0.7126
0.7047
0.6909
0.6932
0.6681
0.7437
0.685
0.5954
0.5279
0.4917
0.4099
0.332
0.3403
0.3911
0.439
0.4157
0.374
0.3037
0.1266
0.0122
0.0003
0.0122
0.061
0.1511
0.2552
0.4303
0.5677
0.679
0.7852
0.8219
0.8257
0.8715
0.8726
0.9186
0.9284
0.9232
0.9301
0.9255
0.9104
0.9029
0.8958
0.8858
0.8721
0.8242
0.7984
0.8188
0.836
0.8437
0.8556
0.868
0.8709
0.7923
0.7714
0.8853
0.9349
0.9695
0.9869
0.9909
0.9902
0.9907
0.9909
0.9881
0.9829
0.9814
0.9815
0.9781
0.9751
0.9705
0.9664
0.9609
0.9475
0.9247
0.9133
0.9056
0.8847
0.8416
0.7807
0.7834
0.7852
0.7914
0.7704
0.7193
0.6921
0.6443
0.4844
0.3797
0.5508
0.7447
0.818
0.8749
0.8914
0.8484
0.7843
0.7269
0.7578
0.81
0.8656
0.7816
0.5858
0.3584
0.2479
0.1936
0.175
0.1831
0.1842
0.2109
0.2601
0.288
0.3444
0.4347
0.5033
0.5337
0.5677
0.5649
0.5408
0.5265
0.5135
0.4581
0.3926
0.4449
0.5691
0.6156
0.5995
0.6766
0.7343
0.7761
0.7906
0.7751
0.7458
0.7193
0.6897
0.6569
0.6116
0.6404
0.7025
0.7182
0.6705
0.6209
0.5775
0.5408
0.5451
0.5691
0.5677
0.5164
0.4537
0.4186
0.3797
0.2828
0.2043
0.2626
0.2726
0.2841
0.343
0.4274
0.4917
0.4888
0.4317
0.4027
0.3754
0.2713
0.1456
0.0498
0.0072
0.0265
0.152
0.343
0.4742
0.5308
0.5607
0.5663
0.5677
0.461
0.35
0.6182
0.6897
0.729
0.7468
0.7458
0.7333
0.7301
0.7115
0.6557
0.5816
0.4742
0.3782
0.2815
0.2325
0.2021
0.1741
0.1567
0.1394
0.1084
0.065
0.0315
0.0189
0.018
0.012
0.0186
0.0448
0.0752
0.1242
0.1946
0.2932
0.4012
0.439
0.5106
0.4771
0.5193
0.6404
0.7036
0.7807
0.8257
0.881
0.9339
0.9875
0.9875
0.9909
0.9862
0.9832
0.9837
0.9906
0.9893
0.9909
0.9909
0.9909
0.9909
0.9909
0.9909
0.9908
0.9895
0.9863
0.985
0.9842
0.9828
0.9814
0.9752
0.9734
0.9672
0.9543
0.9276
0.9121
0.8777
0.8264
0.6944
0.6519
0.6275
0.5522
0.525
0.5019
0.4961
0.5236
0.48
0.4201
0.4859
0.5508
0.5663
0.5465
0.5308
0.5279
0.4376
0.3969
0.3063
0.1989
0.1557
0.1308
0.1122
0.1153
0.1069
0.1145
0.1193
0.1614
0.1691
0.1421
0.1351
0.1368
0.143
0.1456
0.1662
0.212
0.2764
0.332
0.357
0.3472
0.3211
0.3063
0.2971
0.2958
0.2764
0.2076
0.1711
0.1643
0.1342
0.1217
0.1053
0.1024
0.1016
0.1114
0.1317
0.1576
0.1862
0.2198
0.3225
0.4551
0.555
0.5844
0.5789
0.5522
0.5351
0.525
0.499
0.3926
0.2713
0.2491
0.2739
0.3143
0.3768
0.4172
0.5279
0.6519
0.7025
0.7115
0.6921
0.7093
0.7437
0.7215
0.679
0.7025
0.7215
0.7215
0.7149
0.716
0.6956
0.6681
0.6557
0.6417
0.6619
0.6754
0.6379
0.6022
0.5719
0.6656
0.7081
0.7798
0.8001
0.7637
0.6944
0.6156
0.5607
0.5308
0.6062
0.7236
0.7529
0.7215
0.6979
0.6766
0.6778
0.6366
0.5899
0.555
0.4859
0.4508
0.4099
0.4317
0.4099
0.3782
0.3211
0.3472
0.2984
0.2348
0.212
0.2233
0.2688
0.3375
0.4844
0.6049
0.6862
0.7225
0.7081
0.6814
0.6607
0.6076
0.5451
0.5149
0.5844
0.6248
0.6619
0.6366
0.6301
0.7807
0.8092
0.7789
0.7417
0.728
0.7333
0.7396
0.7458
0.728
0.6921
0.6742
0.5899
0.5494
0.5135
0.5222
0.5593
0.5844
0.5422
0.4946
0.5004
0.5207
0.5294
0.4844
0.4215
0.461
0.5149
0.5465
0.5579
0.5178
0.4405
0.4085
0.3711
0.2802
0.2384
0.1936
0.1711
0.1701
0.2407
0.3797
0.5294
0.6102
0.6209
0.6022
0.555
0.4317
0.3077
0.2713
0.2131
0.1936
0.2313
0.3024
0.332
0.343
0.3612
0.3883
0.4303
0.4669
0.6035
0.7193
0.7529
0.7364
0.7025
0.673
0.6607
0.6519
0.6301
0.6301
0.6379
0.6456
0.6392
0.6532
0.6569
0.6404
0.6314
0.6142
0.5926
0.5803
0.583
0.6022
0.6275
0.6102
0.6693
0.7666
0.7637
0.7343
0.7204
0.7225
0.7247
0.7115
0.7354
0.6956
0.634
0.6838
0.7013
0.6967
0.7301
0.7676
0.7468
0.7204
0.6944
0.6607
0.6169
0.5872
0.5705
0.5351
0.5621
0.7126
0.7695
0.7657
0.728
0.6693
0.6417
0.6102
0.5885
0.5479
0.5236
0.4815
0.4844
0.5351
0.4873
0.6129
0.6742
0.6494
0.6392
0.6417
0.6582
0.6874
0.699
0.6644
0.6062
0.6156
0.6169
0.6235
0.6314
0.6275
0.6156
0.6022
0.5719
0.4727
0.4128
0.4157
0.4186
0.4464
0.4449
0.4625
0.5775
0.5164
0.4669
0.4522
0.4551
0.4756
0.5033
0.4946
0.5222
0.6196
0.6656
0.679
0.6885
0.6766
0.6468
0.6169
0.5885
0.5337
0.4303
0.3854
0.3768
0.3347
0.2638
0.2244
0.2601
0.2984
0.2552
0.212
0.1852
0.1842
0.1925
0.2043
0.2626
0.3528
0.3854
0.423
0.4946
0.5236
0.4961
0.3854
0.2233
0.1325
0.0784
0.0406
0.025
0.0215
0.0199
0.0261
0.0307
0.0508
0.0849
0.1275
0.1821
0.2431
0.2854
0.2688
0.2638
0.2945
0.332
0.4172
0.4975
0.5579
0.6062
0.634
0.7137
0.7637
0.7569
0.7301
0.728
0.7269
0.7406
0.3955
0.2828
0.2032
0.1652
0.1421
0.1283
0.1209
0.1283
0.2032
0.3626
0.4961
0.4698
0.4041
0.3969
0.4815
0.5981
0.6468
0.6717
0.7618
0.8026
0.8188
0.8338
0.8715
0.8987
0.8726
0.8821
0.9154
0.9349
0.9453
0.9384
0.9418
0.9499
0.9381
0.8625
0.8471
0.8601
0.4332
0.4201
0.6129
0.7608
0.8067
0.7906
0.8156
0.81
0.8132
0.8001
0.8302
0.8619
0.8924
0.9352
0.966
0.9677
0.9693
0.9686
0.9725
0.9759
0.9718
0.9734
0.9813
0.9906
0.9739
0.8427
0.8093
0.958
0.8958
0.9335
0.9772
0.9776
0.9849
0.9909
0.979
0.9429
0.9358
0.9447
0.955
0.9662
0.9782
0.9883
0.9899
0.9907
0.9873
0.9722
0.9475
0.921
0.901
0.8929
0.8842
0.8738
0.8437
0.8444
0.8226
0.7941
0.7104
0.6594
0.5761
0.4027
0.4172
0.5091
0.6301
0.7269
0.7984
0.8582
0.8847
0.8992
0.8504
0.7417
0.6838
0.6301
0.6129
0.5565
0.4873
0.3883
0.3472
0.3361
0.357
0.3306
0.2638
0.2021
0.1009
0.0236
0.0007
0.0068
0.0518
0.1412
0.2491
0.3472
0.4303
0.5019
0.5593
0.5789
0.5844
0.6116
0.6569
0.6967
0.6979
0.6956
0.6544
0.6169
0.6693
0.6669
0.6506
0.6468
0.679
0.6366
0.583
0.6417
0.7468
0.7816
0.8124
0.8338
0.8569
0.8721
0.8656
0.8092
0.7608
0.7519
0.7204
0.6909
0.6607
0.6327
0.525
0.384
0.2828
0.1967
0.13
0.0679
0.0332
0.0148
0.0046
0.0033
0.0044
0.0074
0.0159
0.0353
0.0616
0.0849
0.1145
0.2087
0.3375
0.288
0.143
0.0344
0.0113
0.0353
0.0691
0.1122
0.1731
0.2726
0.374
0.4201
0.3955
0.1852
0.1894
0.3458
0.3117
0.2739
0.2407
0.2221
0.212
0.2313
0.2564
0.2764
0.2626
0.1741
0.13
0.1039
0.1266
0.1633
0.2431
0.3556
0.5149
0.6874
0.7171
0.7025
0.6921
0.5691
0.5422
0.5621
0.5365
0.4303
0.3403
0.2626
0.2187
0.2337
0.221
0.2372
0.3797
0.4756
0.5607
0.6209
0.6778
0.6897
0.7247
0.7375
0.7966
0.8249
0.836
0.814
0.7437
0.6632
0.7396
0.7458
0.7322
0.7478
0.6681
0.5236
0.3969
0.2676
0.1672
0.1145
0.1169
0.1946
0.3211
0.3883
0.4186
0.4361
0.442
0.4303
0.357
0.2313
0.1456
0.1009
0.0803
0.1177
0.1122
0.1623
0.1662
0.1741
0.1771
0.1781
0.2479
0.3754
0.4829
0.4975
0.5465
0.594
0.5677
0.5106
0.4669
0.3926
0.2867
0.1862
0.1177
0.1024
0.1317
0.201
0.3117
0.4215
0.6632
0.7322
0.7529
0.7695
0.7742
0.729
0.6681
0.6802
0.699
0.6494
0.6644
0.7171
0.6885
0.6656
0.6062
0.6301
0.6544
0.6481
0.6275
0.6022
0.5508
0.5365
0.4902
0.3854
0.4654
0.4683
0.4595
0.4464
0.4259
0.3926
0.374
0.35
0.343
0.3472
0.4551
0.555
0.6035
0.6288
0.6049
0.5494
0.4902
0.3725
0.2945
0.2651
0.2516
0.2244
0.229
0.2065
0.2932
0.3293
0.3184
0.2828
0.2764
0.301
0.3143
0.332
0.384
0.4376
0.5279
0.5536
0.5091
0.4625
0.4405
0.4756
0.5494
0.6008
0.5926
0.5872
0.5926
0.4434
0.3697
0.4551
0.5408
0.5451
0.5422
0.6569
0.7578
0.7779
0.7529
0.6656
0.5164
0.35
0.2396
0.1557
0.1595
0.2764
0.4829
0.6494
0.7417
0.7685
0.729
0.7059
0.7322
0.707
0.7458
0.8437
0.8524
0.8992
0.9322
0.951
0.9601
0.9682
0.9645
0.9387
0.8381
0.6956
0.5981
0.4274
0.2313
0.1308
0.0319
0.0005
0.0018
0.0058
0.0024
0.0046
0.0065
0.0265
0.0478
0.0444
0.0429
0.061
0.0869
0.1201
0.143
0.1701
0.1925
0.2325
0.2841
0.3143
0.3768
0.442
0.4245
0.2958
0.1691
0.143
0.2142
0.3598
0.4932
0.4873
0.3768
0.2841
0.2054
0.1099
0.13
0.2828
0.4201
0.5207
0.5635
0.5077
0.3725
0.236
0.1614
0.1291
0.1153
0.0862
0.0593
0.0571
0.0667
0.0758
0.0862
0.1031
0.1474
0.2221
0.2688
0.2043
0.1091
0.0268
0.0068
0.0002
0.0009
0.0375
0.1483
0.2764
0.288
0.2065
0.1731
0.1652
0.2221
0.3472
0.4654
0.5451
0.538
0.5164
0.512
0.5207
0.5207
0.5106
0.5135
0.5422
0.5733
0.6921
0.8188
0.8444
0.8051
0.8108
0.8409
0.8721
0.8569
0.8108
0.7834
0.8051
0.787
0.7104
0.6156
0.6262
0.6826
0.7115
0.7447
0.7637
0.7695
0.7608
0.7588
0.7588
0.6778
0.7798
0.9087
0.9266
0.9287
0.9266
0.9251
0.917
0.8929
0.8444
0.7375
0.5607
0.394
0.317
0.2688
0.2919
0.332
0.305
0.2455
0.2244
0.2279
0.2256
0.1791
0.1447
0.0966
0.0835
0.0803
0.0862
0.1153
0.1604
0.2165
0.2467
0.2221
0.2032
0.2384
0.332
0.5265
0.6778
0.6967
0.6142
0.5479
0.5106
0.4902
0.5033
0.48
0.3697
0.2802
0.2431
0.2043
0.2279
0.2751
0.236
0.2098
0.1781
0.1548
0.1308
0.1317
0.1325
0.1465
0.1529
0.1801
0.2313
0.2815
0.309
0.3265
0.3403
0.3458
0.3403
0.317
0.2764
0.2233
0.1781
0.091
0.0189
0.0001
0.0
0.0001
0.0001
0.0001
0.0
0.0
0.0005
0.0146
0.0561
0.0903
0.0869
0.0937
0.1831
0.4274
0.6742
0.7529
0.7364
0.6956
0.6607
0.6519
0.6089
0.4551
0.2651
0.4332
0.499
0.4786
0.5465
0.6417
0.7375
0.8116
0.8543
0.8607
0.8464
0.8402
0.8662
0.8588
0.8498
0.8471
0.8491
0.8531
0.8457
0.8563
0.8674
0.8563
0.8444
0.7975
0.8338
0.9069
0.9273
0.9312
0.9117
0.9006
0.8788
0.8076
0.594
0.3868
0.3486
0.4085
0.5062
0.5691
0.6222
0.5844
0.5607
0.5479
0.5565
0.5677
0.4742
0.3983
0.4085
0.3279
0.1325
0.0829
0.0937
0.0822
0.093
0.1421
0.2054
0.2302
0.2142
0.1914
0.2176
0.2491
0.2638
0.2726
0.2431
0.1831
0.1145
0.0488
0.0162
0.0076
0.0092
0.025
0.065
0.0835
0.0903
0.1342
0.2076
0.2815
0.364
0.4478
0.5308
0.6008
0.6494
0.6693
0.6008
0.5222
0.4975
0.4727
0.4347
0.4186
0.4085
0.3983
0.3754
0.3361
0.3211
0.3157
0.3225
0.2958
0.3417
0.364
0.3669
0.3542
0.3458
0.364
0.4157
0.4829
0.5691
0.6519
0.6717
0.6693
0.7258
0.6862
0.6417
0.5691
0.5178
0.4844
0.4669
0.439
0.4012
0.3417
0.2455
0.1283
0.1731
0.3486
0.4654
0.5649
0.6366
0.6619
0.6838
0.6754
0.6456
0.6129
0.5747
0.5649
0.5816
0.4888
0.364
0.2443
0.1548
0.0966
0.0577
0.0336
0.0202
0.0151
0.0349
0.0656
0.1493
0.3293
0.4537
0.5522
0.634
0.6944
0.7498
0.7966
0.8331
0.8491
0.8156
0.7569
0.7312
0.6921
0.6669
0.6196
0.5789
0.5649
0.5677
0.5663
0.5279
0.5091
0.4625
0.2905
0.3211
0.3725
0.4157
0.4859
0.555
0.6022
0.6456
0.6802
0.6944
0.6909
0.6705
0.6275
0.5816
0.4961
0.4085
0.3897
0.4114
0.4537
0.4888
0.5091
0.5077
0.4712
0.3926
0.1721
0.1394
0.1771
0.1275
0.1209
0.1456
0.1873
0.236
0.2893
0.343
0.364
0.3444
0.313
0.3063
0.3157
0.3768
0.4654
0.4917
0.439
0.394
0.3669
0.3252
0.2651
0.2131
0.098
0.0709
0.0966
0.0715
0.0566
0.0555
0.0733
0.1217
0.2043
0.305
0.4041
0.4712
0.5106
0.5479
0.5494
0.5705
0.5465
0.5019
0.4844
0.4844
0.4786
0.4917
0.5019
0.5033
0.4449
0.4201
0.5365
0.5926
0.6443
0.6956
0.728
0.7498
0.7508
0.7312
0.6778
0.5705
0.5004
0.5062
0.5207
0.512
0.4186
0.2663
0.1842
0.2528
0.6544
0.8491
0.8662
0.7941
0.7742
0.7427
0.836
0.8451
0.81
0.7798
0.7588
0.7569
0.7427
0.7137
0.6681
0.6076
0.5981
0.5995
0.5621
0.5222
0.48
0.4215
0.3811
0.3754
0.3782
0.3754
0.3626
0.343
0.1604
0.0809
0.0816
0.0616
0.0571
0.0685
0.0959
0.1242
0.1548
0.1914
0.2407
0.2919
0.3197
0.364
0.3444
0.3024
0.2455
0.2043
0.1731
0.1334
0.0903
0.0777
0.0995
0.1421
0.152
0.1529
0.1957
0.2564
0.3238
0.3897
0.4932
0.5789
0.5872
0.5579
0.5465
0.5279
0.4961
0.5308
0.5607
0.5775
0.5308
0.4581
0.4143
0.4157
0.374
0.3389
0.2958
0.2076
0.1672
0.1539
0.1242
0.1069
0.0771
0.0627
0.0488
0.0232
0.0143
0.0186
0.0268
0.037
0.0703
0.1539
0.3542
0.525
0.5803
0.5733
0.555
0.5351
0.5265
0.4829
0.4332
0.3926
0.2479
0.1681
0.2713
0.364
0.3697
0.3926
0.4245
0.4537
0.4829
0.5077
0.5236
0.5236
0.643
0.7488
0.7879
0.7647
0.7458
0.7488
0.7427
0.7258
0.7104
0.7047
0.7013
0.6569
0.5279
0.4566
0.6248
0.6693
0.6814
0.6909
0.6967
0.6838
0.6607
0.6468
0.5621
0.5913
0.679
0.7549
0.7598
0.7225
0.6632
0.594
0.6544
0.6909
0.6366
0.6102
0.5926
0.5048
0.3389
0.3626
0.4771
0.5579
0.6142
0.6275
0.6196
0.5981
0.594
0.6035
0.499
0.301
0.2337
0.343
0.555
0.6681
0.6814
0.6766
0.643
0.5593
0.5062
0.4946
0.5135
0.4493
0.3347
0.4099
0.6569
0.7779
0.8203
0.8309
0.7992
0.7427
0.6885
0.6076
0.4537
0.2919
0.2302
0.2372
0.2726
0.3598
0.5705
0.7779
0.7941
0.7301
0.6885
0.6557
0.6235
0.643
0.5789
0.5164
0.5062
0.5236
0.5479
0.5593
0.5995
0.6717
0.7225
0.7301
0.6956
0.7343
0.8402
0.8697
0.881
0.8697
0.8345
0.7519
0.6557
0.5451
0.5222
0.5308
0.5705
0.5899
0.5747
0.5394
0.6826
0.7704
0.7458
0.6838
0.6301
0.5816
0.512
0.4056
0.2932
0.1821
0.113
0.0995
0.1502
0.2
0.2065
0.1873
0.1193
0.0508
0.0225
0.0072
0.0018
0.0005
0.0037
0.0028
0.0084
0.0122
0.0122
0.0276
0.0796
0.1567
0.2165
0.2131
0.1852
0.1456
0.0937
0.0566
0.0311
0.0068
0.0006
0.0168
0.0561
0.1002
0.1662
0.2337
0.2777
0.2384
0.1031
0.0284
0.0146
0.0106
0.0082
0.0146
0.0205
0.0353
0.0604
0.0784
0.0835
0.0822
0.0771
0.0644
0.0473
0.0458
0.0448
0.0287
0.0268
0.0243
0.0287
0.0534
0.0822
0.1039
0.0709
0.0638
0.0937
0.1107
0.1266
0.1447
0.1662
0.201
0.2337
0.2614
0.2739
0.2945
0.3279
0.357
0.364
0.3711
0.3883
0.3782
0.3711
0.3754
0.394
0.3825
0.3655
0.3306
0.2971
0.3103
0.3361
0.3361
0.3252
0.3265
0.3375
0.3472
0.3361
0.309
0.2854
0.2552
0.2777
0.3556
0.4215
0.4186
0.394
0.3854
0.3868
0.3911
0.3782
0.3626
0.3403
0.3306
0.3184
0.3306
0.2905
0.2516
0.2443
0.2372
0.2372
0.2589
0.305
0.3883
0.4493
0.4786
0.4932
0.5408
0.5705
0.5279
0.4712
0.4245
0.3897
0.3683
0.3472
0.3225
0.2764
0.1691
0.0842
0.0561
0.0205
0.0037
0.0
0.0
0.0019
0.0099
0.0205
0.0307
0.0415
0.0599
0.1359
0.2815
0.3598
0.3926
0.3868
0.3472
0.301
0.2279
0.1557
0.0959
0.0529
0.0202
0.0008
0.0035
0.0232
0.0429
0.0566
0.0758
0.0959
0.1145
0.1359
0.1576
0.2032
0.254
0.3293
0.4027
0.3626
0.2919
0.2372
0.1842
0.125
0.0638
0.0254
0.0082
0.0106
0.0243
0.0448
0.0715
0.0875
0.098
0.1053
0.1193
0.1456
0.176
0.2109
0.2221
0.221
0.2098
0.2087
0.2467
0.2663
0.2701
0.2651
0.2739
0.317
0.3782
0.442
0.5236
0.5844
0.6142
0.6417
0.8309
0.928
0.9567
0.9702
0.9601
0.9396
0.9056
0.8697
0.8594
0.8743
0.8826
0.8211
0.7861
0.7843
0.728
0.6909
0.6379
0.6182
0.5926
0.5565
0.5422
0.5077
0.423
0.3143
0.3911
0.3969
0.384
0.394
0.3998
0.4332
0.4756
0.4625
0.4727
0.4727
0.4478
0.4114
0.3669
0.3683
0.4085
0.4405
0.4522
0.4625
0.4332
0.4332
0.4215
0.3854
0.301
0.2065
0.1623
0.1557
0.1576
0.1394
0.1325
0.2076
0.3514
0.4683
0.538
0.5437
0.48
0.3655
0.3157
0.305
0.3143
0.3293
0.3063
0.2984
0.4961
0.5265
0.4844
0.4595
0.374
0.2337
0.1502
0.1989
0.279
0.3197
0.2455
0.2302
0.2337
0.1967
0.1873
0.1791
0.1529
0.152
0.2165
0.2919
0.1894
0.2455
0.4859
0.6049
0.4946
0.4595
0.512
0.5164
0.5294
0.4625
0.3143
0.364
0.4245
0.4961
0.5733
0.6506
0.7225
0.7666
0.7975
0.7932
0.7618
0.699
0.6417
0.6862
0.7137
0.6826
0.6979
0.6956
0.6569
0.594
0.5294
0.4888
0.4478
0.4012
0.4873
0.4815
0.4157
0.3486
0.3279
0.3238
0.3157
0.2945
0.2651
0.2233
0.1781
0.1317
0.1046
0.0959
0.098
0.1084
0.1771
0.2841
0.3598
0.4245
0.4742
0.4698
0.3768
0.2958
0.3225
0.3626
0.3584
0.357
0.3711
0.4186
0.4815
0.5451
0.5844
0.6102
0.6209
0.6607
0.7215
0.7343
0.685
0.6632
0.6544
0.6481
0.6353
0.6156
0.6209
0.6417
0.6196
0.6353
0.7002
0.7013
0.6288
0.5077
0.3293
0.1662
0.0709
0.0157
0.0037
0.011
0.0444
0.1069
0.2187
0.3063
0.3211
0.2919
0.2233
0.1529
0.1002
0.061
0.0353
0.0162
0.009
0.0059
0.008
0.0099
0.0005
0.0621
0.176
0.2087
0.1368
0.0524
0.0186
0.0411
0.0822
0.091
0.0952
0.0987
0.113
0.1242
0.1177
0.1177
0.1225
0.13
0.1193
0.1046
0.1002
0.0473
0.0284
0.0183
0.0033
0.0002
0.0006
0.0033
0.0056
0.0078
0.0046
0.0001
0.0
0.0001
0.0001
0.0159
0.0809
0.1672
0.2919
0.4099
0.4508
0.4361
0.4143
0.3854
0.2491
0.1031
0.0621
0.0503
0.037
0.0545
0.0439
0.0439
0.0336
0.0196
0.013
0.0097
0.011
0.0168
0.0284
0.0379
0.0566
0.1114
0.1623
0.1914
0.2153
0.2516
0.2828
0.2739
0.1936
0.0771
0.0829
0.1145
0.1394
0.143
0.1412
0.1614
0.1978
0.2552
0.2815
0.3077
0.3612
0.3897
0.3911
0.3955
0.394
0.3143
0.2626
0.2443
0.2233
0.2065
0.2198
0.2267
0.1595
0.0889
0.0771
0.125
0.1438
0.1412
0.1421
0.1701
0.2267
0.2828
0.3542
0.4434
0.5803
0.6826
0.6681
0.6102
0.5437
0.4961
0.4844
0.4815
0.4902
0.5048
0.5222
0.5308
0.5178
0.48
0.4639
0.7427
0.8588
0.8996
0.9108
0.91
0.9082
0.9051
0.8949
0.8783
0.836
0.7396
0.6826
0.6802
0.6494
0.5236
0.4566
0.4902
0.5294
0.5579
0.5394
0.4829
0.3669
0.4434
0.4317
0.3754
0.3143
0.2751
0.2626
0.2626
0.279
0.2919
0.301
0.3143
0.3238
0.3361
0.4434
0.5033
0.4434
0.3926
0.35
0.3143
0.3184
0.3157
0.313
0.3077
0.2663
0.2564
0.2467
0.2165
0.2233
0.2528
0.2751
0.2841
0.2841
0.2984
0.3265
0.364
0.4274
0.4669
0.5451
0.5607
0.5222
0.4771
0.4157
0.3612
0.3184
0.2764
0.236
0.2032
0.2065
0.1925
0.1662
0.1502
0.1351
0.1291
0.1242
0.1114
0.093
0.0784
0.0777
0.0923
0.1217
0.1633
0.2302
0.3117
0.35
0.3584
0.3444
0.3265
0.317
0.288
0.2589
0.2467
0.1721
0.152
0.1438
0.1385
0.1275
0.1138
0.0995
0.0923
0.0855
0.0816
0.0803
0.0803
0.0829
0.0973
0.1225
0.1529
0.1781
0.1967
0.1967
0.1883
0.1781
0.1741
0.1731
0.1633
0.1039
0.0353
0.0236
0.0265
0.0232
0.0148
0.0084
0.0037
0.0009
0.0004
0.001
0.004
0.0086
0.0165
0.0261
0.0468
0.091
0.1557
0.2098
0.2176
0.2065
0.2054
0.2187
0.2384
0.1883
0.1193
0.1334
0.1201
0.093
0.0673
0.0397
0.0135
0.0027
0.0008
0.0092
0.0287
0.0733
0.1576
0.2701
0.3265
0.3225
0.3103
0.2893
0.2564
0.2153
0.1781
0.1548
0.1567
0.1145
0.0621
0.0835
0.1053
0.1138
0.1076
0.1069
0.1242
0.1493
0.1721
0.1883
0.2054
0.1989
0.2054
0.2867
0.3598
0.4027
0.4361
0.3983
0.3626
0.3347
0.313
0.364
0.3697
0.2076
0.0973
0.093
0.0842
0.0721
0.0656
0.0599
0.055
0.0561
0.0604
0.0784
0.0937
0.1091
0.1493
0.2739
0.4595
0.5479
0.555
0.5365
0.5178
0.5106
0.4975
0.4639
0.407
0.2479
0.1474
0.1412
0.1217
0.0987
0.0916
0.0796
0.0582
0.0503
0.0524
0.0473
0.0357
0.0284
0.0303
0.0276
0.0361
0.055
0.1114
0.2165
0.3184
0.3669
0.3711
0.3403
0.279
0.1623
0.0599
0.0135
0.0146
0.0627
0.1412
0.1662
0.2467
0.3768
0.4917
0.6156
0.716
0.7488
0.7608
0.7657
0.7637
0.7807
0.7879
0.8043
0.8001
0.7861
0.7733
0.6932
0.5954
0.4932
0.5019
0.5091
0.4786
0.5062
0.5844
0.6681
0.728
0.7478
0.7618
0.7676
0.7529
0.7104
0.5607
0.5207
0.5294
0.4566
0.4186
0.3897
0.4259
0.5337
0.5761
0.5663
0.5719
0.5308
0.4508
0.5365
0.5789
0.5899
0.5995
0.6456
0.6967
0.7002
0.6944
0.6754
0.6248
0.525
0.4742
0.4581
0.512
0.5294
0.5178
0.4946
0.4215
0.3157
0.2244
0.1567
0.1342
0.1225
0.0944
0.093
0.1701
0.2407
0.3375
0.4157
0.4932
0.6778
0.843
0.921
0.9538
0.9517
0.9402
0.917
0.8504
0.7761
0.7539
0.6885
0.6404
0.6196
0.6494
0.6569
0.6594
0.5579
0.5607
0.6366
0.6582
0.6802
0.6967
0.7258
0.787
0.7966
0.7519
0.6693
0.5508
0.4288
0.317
0.3669
0.4829
0.5635
0.5705
0.5649
0.5279
0.4551
0.4056
0.364
0.3024
0.1842
0.113
0.0944
0.1201
0.1465
0.143
0.143
0.1456
0.1511
0.1511
0.1548
0.1529
0.1474
0.1275
0.1169
0.1069
0.0869
0.0765
0.0662
0.0473
0.0315
0.0171
0.0157
0.0328
0.0503
0.0508
0.0662
0.0855
0.0923
0.0995
0.1342
0.2076
0.279
0.3458
0.3782
0.3811
0.3655
0.3389
0.3265
0.3184
0.3334
0.3458
0.332
0.2997
0.2589
0.221
0.1821
0.1438
0.0882
0.0561
0.0638
0.0987
0.1465
0.1791
0.1791
0.1731
0.1967
0.2491
0.3403
0.4157
0.439
0.4434
0.48
0.5351
0.5422
0.5207
0.4727
0.4157
0.3486
0.3265
0.3143
0.3197
0.2279
0.1904
0.2054
0.1957
0.2153
0.2614
0.3117
0.357
0.3998
0.4215
0.4347
0.4288
0.4099
0.3955
0.4259
0.4215
0.4186
0.3897
0.309
0.2267
0.1614
0.1114
0.0842
0.0758
0.0444
0.0383
0.0508
0.0721
0.1084
0.1403
0.1662
0.1989
0.2564
0.3037
0.3252
0.2958
0.2651
0.2384
0.2302
0.3063
0.3486
0.3626
0.3883
0.4361
0.4829
0.5236
0.5365
0.5536
0.5677
0.5775
0.7852
0.8464
0.8662
0.8858
0.8996
0.8973
0.8842
0.8632
0.8543
0.8457
0.7932
0.7247
0.7236
0.6897
0.6481
0.5872
0.5365
0.4742
0.4464
0.439
0.4522
0.4201
0.3238
0.3238
0.3825
0.394
0.3797
0.3669
0.3768
0.4027
0.4143
0.3825
0.3306
0.2815
0.2348
0.1614
0.1016
0.0453
0.0061
0.0026
0.0037
0.0125
0.0388
0.0937
0.2076
0.3361
0.2905
0.1811
0.1946
0.2244
0.236
0.2348
0.2589
0.3797
0.4128
0.4027
0.3768
0.3486
0.2854
0.2663
0.3143
0.35
0.3293
0.2516
0.1681
0.1107
0.0508
0.0875
0.2638
0.2384
0.0835
0.0284
0.0406
0.1031
0.1567
0.1925
0.1342
0.1161
0.0995
0.0842
0.125
0.2726
0.4683
0.5649
0.5508
0.4683
0.4347
0.4332
0.3983
0.3306
0.2815
0.2552
0.2479
0.288
0.2098
0.1873
0.1291
0.0959
0.0889
0.1024
0.125
0.1585
0.2233
0.2945
0.3458
0.3811
0.4303
0.4742
0.5747
0.6742
0.6838
0.6366
0.5663
0.5048
0.4712
0.4522
0.4245
0.4099
0.2713
0.2651
0.2419
0.2279
0.2065
0.1873
0.1914
0.2384
0.2802
0.313
0.357
0.3911
0.3854
0.3375
0.374
0.4698
0.5422
0.5607
0.4902
0.3556
0.2867
0.2443
0.2325
0.2503
0.1831
0.1946
0.1721
0.1465
0.1275
0.1377
0.1585
0.1904
0.2479
0.3024
0.2971
0.2828
0.3037
0.3252
0.3725
0.4361
0.4654
0.4508
0.4595
0.499
0.5465
0.583
0.5967
0.5479
0.4259
0.384
0.3797
0.4056
0.4215
0.3983
0.3883
0.3911
0.4041
0.4361
0.4551
0.4099
0.3697
0.2854
0.2098
0.175
0.1291
0.0896
0.0577
0.0392
0.0295
0.025
0.0303
0.0667
0.113
0.1474
0.1731
0.1842
0.1967
0.2528
0.3711
0.4712
0.525
0.5775
0.6404
0.6862
0.6862
0.634
0.4961
0.4595
0.4522
0.4434
0.4041
0.3334
0.2396
0.1275
0.0524
0.018
0.0101
0.0295
0.0691
0.1447
0.2516
0.3626
0.4581
0.5451
0.6314
0.6742
0.6717
0.6921
0.728
0.7002
0.6921
0.7236
0.7225
0.6967
0.6314
0.6049
0.5995
0.5885
0.5899
0.5816
0.4317
0.439
0.5033
0.5593
0.6196
0.6557
0.6766
0.6921
0.7059
0.7322
0.7406
0.7375
0.7002
0.5981
0.4551
0.4464
0.48
0.5106
0.5408
0.5635
0.5677
0.5451
0.5719
0.5663
0.4727
0.5091
0.6062
0.6619
0.7047
0.7406
0.7843
0.8211
0.8381
0.8575
0.8625
0.8409
0.7519
0.6392
0.5565
0.5322
0.5294
0.5048
0.4698
0.48
0.4332
0.407
0.407
0.4143
0.3883
0.3486
0.3375
0.4274
0.4449
0.4434
0.461
0.5207
0.5593
0.5635
0.5663
0.5536
0.5033
0.4303
0.4085
0.423
0.4186
0.4027
0.3926
0.407
0.4361
0.4478
0.499
0.5351
0.5149
0.5279
0.6569
0.7914
0.8471
0.8668
0.8726
0.8619
0.8498
0.8279
0.7992
0.7478
0.6468
0.4742
0.3403
0.3444
0.3334
0.2958
0.254
0.2187
0.1852
0.1474
0.0987
0.0503
0.0165
0.0031
0.0033
0.0056
0.0097
0.0159
0.0239
0.0319
0.0366
0.0453
0.061
0.0875
0.1317
0.1946
0.2945
0.4012
0.4303
0.423
0.3983
0.3626
0.332
0.2905
0.2751
0.3037
0.2479
0.2516
0.2739
0.2614
0.2221
0.1842
0.1741
0.1862
0.2153
0.2564
0.2958
0.2984
0.2854
0.2676
0.2893
0.3403
0.3528
0.3157
0.3077
0.3486
0.3626
0.3265
0.2564
0.1781
0.0869
0.0518
0.0303
0.0117
0.0059
0.0056
0.0068
0.0099
0.014
0.0196
0.0268
0.0353
0.0488
0.0777
0.1548
0.3024
0.4493
0.4902
0.5091
0.4961
0.4434
0.3811
0.332
0.2854
0.1936
0.0937
0.0599
0.0571
0.0508
0.0463
0.0458
0.0402
0.0284
0.0219
0.0189
0.0299
0.0566
0.0903
0.2479
0.4317
0.4405
0.3768
0.2552
0.1275
0.0463
0.014
0.0097
0.0103
0.0599
0.0829
0.1567
0.1967
0.2372
0.229
0.2032
0.212
0.2516
0.309
0.3458
0.3334
0.3184
0.332
0.4128
0.4639
0.4114
0.364
0.3389
0.3103
0.2701
0.2233
0.1585
0.0777
0.0215
0.0065
0.0165
0.0336
0.0529
0.0777
0.1099
0.1438
0.1681
0.176
0.1633
0.1502
0.1377
0.1377
0.1672
0.176
0.1914
0.2372
0.254
0.2065
0.152
0.1275
0.1266
0.1662
0.2043
0.2142
0.2905
0.4114
0.5193
0.6062
0.6802
0.7225
0.7333
0.7333
0.7375
0.716
0.6754
0.6022
0.5337
0.5077
0.5193
0.525
0.5365
0.5607
0.555
0.5747
0.5579
0.5149
0.4522
0.3444
0.3811
0.4537
0.4566
0.4859
0.5149
0.5494
0.5677
0.583
0.6222
0.6327
0.583
0.4946
0.4361
0.4522
0.4347
0.3983
0.3825
0.3983
0.4041
0.3868
0.3655
0.3389
0.2815
0.2302
0.2267
0.2244
0.236
0.2601
0.3306
0.4493
0.5607
0.6353
0.6921
0.7236
0.7417
0.7269
0.6607
0.6022
0.5479
0.5033
0.4844
0.4698
0.4683
0.4537
0.4347
0.4259
0.3211
0.3375
0.3926
0.407
0.3969
0.3911
0.4201
0.4478
0.4654
0.4888
0.5422
0.5649
0.4975
0.4317
0.4815
0.5322
0.5236
0.4756
0.4245
0.3669
0.3117
0.2919
0.3211
0.3238
0.2372
0.2601
0.2971
0.3063
0.305
0.2945
0.2713
0.2601
0.2313
0.2032
0.1821
0.1936
0.1978
0.212
0.288
0.3911
0.4683
0.5322
0.5394
0.4946
0.4274
0.3612
0.2945
0.2348
0.1351
0.065
0.0311
0.0125
0.0183
0.0162
0.0137
0.0151
0.0212
0.0311
0.0468
0.0656
0.0862
0.1233
0.2
0.35
0.4917
0.525
0.525
0.5048
0.48
0.4566
0.4317
0.4085
0.2651
0.13
0.1275
0.1233
0.1266
0.1456
0.1595
0.1711
0.1894
0.212
0.2302
0.2455
0.2601
0.3037
0.4493
0.6035
0.6742
0.679
0.6519
0.6182
0.5872
0.5649
0.5465
0.5279
0.3897
0.2384
0.2777
0.3225
0.3528
0.3782
0.3825
0.3754
0.357
0.3306
0.3143
0.3184
0.3389
0.4493
0.6494
0.7618
0.7789
0.7559
0.7036
0.6404
0.5899
0.5607
0.5607
0.5719
0.5048
0.3825
0.3683
0.461
0.4844
0.4493
0.3868
0.3252
0.2777
0.2455
0.2165
0.1936
0.1967
0.1691
0.1721
0.3103
0.5522
0.7193
0.7825
0.7816
0.7478
0.7149
0.7002
0.6921
0.5954
0.4201
0.3238
0.305
0.4566
0.4888
0.538
0.5775
0.6169
0.6569
0.6301
0.555
0.5193
0.5437
0.5844
0.6062
0.6142
0.6209
0.6102
0.5954
0.5733
0.5422
0.5164
0.4902
0.343
0.2552
0.2325
0.2065
0.1957
0.1925
0.2065
0.2455
0.309
0.3584
0.4114
0.4259
0.394
0.3556
0.3655
0.3725
0.3626
0.3117
0.2244
0.2087
0.2279
0.2076
0.2021
0.1801
0.13
0.1061
0.0937
0.0777
0.0524
0.0291
0.0117
0.0108
0.0159
0.0232
0.0229
0.0174
0.0165
0.0246
0.0508
0.0771
0.0849
0.0829
0.0816
0.0923
0.1002
0.0944
0.0862
0.0869
0.0679
0.0349
0.0291
0.0254
0.0257
0.0379
0.0529
0.0673
0.0715
0.0697
0.0835
0.1359
0.2256
0.254
0.2971
0.3486
0.3998
0.4376
0.4056
0.364
0.3472
0.3293
0.2984
0.2419
0.1412
0.0488
0.0319
0.0174
0.0113
0.0146
0.0336
0.0715
0.1217
0.1633
0.1862
0.2032
0.2337
0.3024
0.3883
0.4114
0.364
0.2867
0.2233
0.176
0.1258
0.079
0.0425
0.0232
0.011
0.0099
0.0162
0.0225
0.042
0.0746
0.1138
0.1567
0.1989
0.2256
0.229
0.2313
0.229
0.2325
0.2867
0.3211
0.3238
0.3117
0.2919
0.2601
0.2325
0.2109
0.2032
0.2244
0.2098
0.1567
0.1258
0.0916
0.0679
0.0561
0.0571
0.0822
0.143
0.229
0.3103
0.3626
0.3926
0.4027
0.4625
0.5106
0.5337
0.5091
0.4888
0.4625
0.4157
0.3556
0.2905
0.2267
0.1368
0.0796
0.065
0.0448
0.0388
0.0379
0.0411
0.0627
0.0796
0.0796
0.0765
0.0771
0.0822
0.1031
0.1325
0.1483
0.1557
0.1483
0.1266
0.1061
0.0715
0.0383
0.0154
0.028
0.0752
0.1209
0.1456
0.1511
0.176
0.2256
0.313
0.4317
0.5308
0.6089
0.6314
0.6182
0.5705
0.4742
0.4041
0.3926
0.3883
0.3782
0.3754
0.3768
0.3655
0.3711
0.343
0.3184
0.2455
0.1957
0.2431
0.305
0.3584
0.4157
0.4873
0.5522
0.5872
0.5885
0.5816
0.5733
0.5508
0.4975
0.439
0.4186
0.4508
0.48
0.5279
0.5408
0.5279
0.4902
0.4537
0.4143
0.3279
0.2815
0.3157
0.35
0.4027
0.4683
0.5222
0.5465
0.5522
0.5351
0.499
0.4566
0.4099
0.3472
0.3157
0.3265
0.3334
0.3334
0.3117
0.2713
0.2221
0.1701
0.1145
0.0667
0.0344
0.0225
0.0383
0.0577
0.0765
0.1031
0.1351
0.1691
0.1862
0.1967
0.212
0.2372
0.2676
0.317
0.423
0.4581
0.4128
0.3556
0.301
0.2601
0.2313
0.2279
0.2337
0.2372
0.1978
0.1672
0.1351
0.1209
0.1217
0.1359
0.1567
0.1741
0.1936
0.2153
0.2279
0.229
0.2131
0.1978
0.2187
0.2348
0.2396
0.2443
0.2614
0.2984
0.3252
0.3117
0.2726
0.2467
0.1721
0.0829
0.0295
0.0113
0.0157
0.034
0.0777
0.1412
0.2
0.2601
0.3458
0.4027
0.4303
0.4464
0.4405
0.4405
0.4405
0.4742
0.5308
0.5733
0.6956
0.6619
0.6301
0.6076
0.5858
0.5705
0.7657
0.8108
0.8203
0.8226
0.8211
0.8132
0.7932
0.7751
0.7695
0.7508
0.7215
0.6468
0.5649
0.5885
0.5844
0.5705
0.594
0.6196
0.6632
0.6967
0.6885
0.6742
0.5981
0.5691
0.6814
0.6632
0.6656
0.6705
0.6742
0.699
0.7059
0.7013
0.7002
0.673
0.6049
0.4917
0.4347
0.3955
0.313
0.2751
0.2726
0.2777
0.2443
0.1456
0.0952
0.1009
0.0758
0.0125
0.0143
0.0101
0.0048
0.0125
0.0561
0.125
0.2443
0.4215
0.5719
0.6327
0.6035
0.5437
0.525
0.5351
0.4975
0.4376
0.3697
0.3077
0.2638
0.2491
0.2131
0.1672
0.1317
0.0952
0.0816
0.0816
0.0896
0.1061
0.1385
0.1904
0.2577
0.3197
0.357
0.3782
0.3598
0.343
0.3655
0.3768
0.4041
0.4012
0.3514
0.2651
0.1681
0.1046
0.0621
0.0349
0.0222
0.0135
0.0276
0.0397
0.0429
0.0463
0.0529
0.0555
0.055
0.0555
0.061
0.0685
0.0796
0.0923
0.1107
0.1225
0.1209
0.1099
0.0715
0.0383
0.0189
0.0082
0.0044
0.0043
0.007
0.0054
0.0001
0.0008
0.0025
0.0044
0.0272
0.0566
0.1024
0.1652
0.2491
0.3361
0.4201
0.499
0.5747
0.5844
0.5408
0.4815
0.4172
0.3825
0.3911
0.3811
0.343
0.3063
0.2491
0.1711
0.1438
0.1283
0.1069
0.0966
0.1061
0.1385
0.1914
0.2751
0.3334
0.3347
0.3417
0.3077
0.3389
0.3811
0.4376
0.5422
0.4756
0.4041
0.3225
0.3157
0.364
0.4274
0.3811
0.3293
0.4027
0.3655
0.3514
0.3556
0.3683
0.3897
0.4317
0.4712
0.5106
0.555
0.6022
0.6404
0.6826
0.6594
0.5967
0.5337
0.4932
0.48
0.4786
0.4712
0.4669
0.4595
0.4143
0.2841
0.3868
0.3669
0.3293
0.2932
0.2726
0.2688
0.2815
0.313
0.3375
0.3417
0.364
0.3911
0.4742
0.4581
0.3897
0.2932
0.212
0.1412
0.0746
0.0463
0.0323
0.0303
0.0383
0.0434
0.0952
0.1114
0.1217
0.1283
0.1394
0.1662
0.2076
0.2626
0.3279
0.3683
0.3697
0.3655
0.3926
0.423
0.3797
0.332
0.2893
0.2372
0.1781
0.13
0.0903
0.0577
0.0375
0.0115
0.001
0.0
0.0
0.0009
0.0054
0.007
0.0025
0.0
0.0
0.0
0.0002
0.0025
0.0148
0.0709
0.1852
0.3157
0.4274
0.4683
0.4493
0.4347
0.4274
0.4274
0.3811
0.2176
0.1447
0.1904
0.1946
0.1791
0.1633
0.1438
0.13
0.1275
0.1403
0.1771
0.2663
0.4902
0.7182
0.7608
0.7059
0.6494
0.6022
0.5747
0.5565
0.5394
0.5222
0.5091
0.4639
0.3293
0.3655
0.4259
0.4041
0.3417
0.2713
0.2098
0.1741
0.1701
0.1936
0.2479
0.3983
0.6404
0.7676
0.7676
0.7182
0.6619
0.6156
0.5885
0.525
0.4888
0.4932
0.5106
0.48
0.313
0.2701
0.3782
0.3598
0.2726
0.1989
0.1576
0.1385
0.1377
0.1643
0.2065
0.288
0.4829
0.673
0.7182
0.679
0.6353
0.5913
0.5465
0.5207
0.5135
0.4975
0.4727
0.4085
0.2479
0.1595
0.1474
0.1114
0.0673
0.0379
0.018
0.0072
0.0034
0.0033
0.0061
0.0051
0.0261
0.0673
0.0944
0.1046
0.1209
0.1258
0.1502
0.1904
0.221
0.212
0.1852
0.125
0.0493
0.0186
0.0232
0.0353
0.0566
0.0809
0.1377
0.2713
0.4434
0.4143
0.3768
0.2893
0.2491
0.3486
0.4274
0.3983
0.3868
0.3926
0.3926
0.3897
0.357
0.3926
0.3955
0.3983
0.3157
0.4027
0.3782
0.3926
0.4522
0.5337
0.5351
0.5062
0.4698
0.407
0.3458
0.2919
0.2528
0.2589
0.2552
0.2638
0.2663
0.2443
0.2142
0.1957
0.2187
0.2828
0.3854
0.4522
0.4157
0.5451
0.6644
0.7036
0.7578
0.7676
0.8108
0.8203
0.8188
0.8478
0.8517
0.8116
0.7396
0.7529
0.7569
0.7468
0.7333
0.7354
0.7036
0.6956
0.6921
0.6956
0.6967
0.6874
0.6102
0.7115
0.7666
0.7923
0.8242
0.8575
0.8799
0.8884
0.8963
0.8944
0.8831
0.865
0.8156
0.7312
0.6569
0.6417
0.6169
0.5747
0.5351
0.5351
0.5207
0.5265
0.5593
0.6062
0.5004
0.5004
0.5236
0.4595
0.4027
0.384
0.4099
0.4376
0.4434
0.4288
0.3897
0.3334
0.2854
0.2893
0.2589
0.2165
0.1604
0.1009
0.0529
0.0196
0.0078
0.009
0.0243
0.0616
0.0746
0.0784
0.0944
0.1002
0.0803
0.0577
0.0411
0.0303
0.0287
0.0444
0.0849
0.143
0.2467
0.3969
0.5437
0.6693
0.7447
0.7529
0.7247
0.6897
0.6468
0.6142
0.5954
0.5649
0.3725
0.2142
0.1801
0.2932
0.3361
0.3754
0.3797
0.3486
0.2997
0.2384
0.1873
0.1351
0.1046
0.1138
0.1359
0.1283
0.0903
0.0473
0.0232
0.0099
0.0019
0.0028
0.011
0.025
0.0257
0.0177
0.018
0.0219
0.025
0.0311
0.0483
0.0691
0.079
0.0662
0.0415
0.0287
0.0493
0.1359
0.3754
0.4201
0.3265
0.1862
0.1009
0.0715
0.0621
0.0667
0.0703
0.0555
0.0261
0.0054
0.0002
0.0307
0.0239
0.0068
0.0154
0.0434
0.0691
0.0809
0.0656
0.0498
0.0765
0.2815
0.4288
0.4041
0.343
0.309
0.2945
0.3211
0.3556
0.3725
0.3983
0.3854
0.3598
0.442
0.4449
0.394
0.3334
0.2396
0.1308
0.0796
0.0727
0.0803
0.1046
0.1821
0.4114
0.6062
0.5872
0.5222
0.4274
0.309
0.1914
0.1201
0.0829
0.0855
0.1465
0.3334
0.357
0.3417
0.3211
0.309
0.3077
0.3486
0.4215
0.4902
0.5265
0.5135
0.4493
0.4215
0.4595
0.439
0.3811
0.3514
0.3514
0.3754
0.4099
0.4056
0.4056
0.439
0.5019
0.538
0.5062
0.6076
0.6656
0.7013
0.7406
0.7852
0.8219
0.8437
0.8471
0.8338
0.7975
0.7385
0.6481
0.5621
0.4917
0.4537
0.407
0.3868
0.3825
0.3725
0.3306
0.3252
0.3347
0.317
0.2153
0.2142
0.1946
0.175
0.175
0.1721
0.1842
0.2054
0.2256
0.2552
0.2589
0.2552
0.305
0.4245
0.4902
0.4975
0.4771
0.4508
0.4274
0.4143
0.407
0.4114
0.4172
0.4215
0.2663
0.1978
0.201
0.13
0.0916
0.0571
0.0284
0.011
0.0033
0.0002
0.0001
0.0068
0.065
0.1652
0.2589
0.301
0.2867
0.2467
0.2087
0.1731
0.1359
0.1016
0.0733
0.0667
0.0715
0.0498
0.065
0.0524
0.0315
0.0215
0.0272
0.0555
0.0966
0.1438
0.2153
0.3556
0.5048
0.5322
0.4537
0.3854
0.3211
0.2467
0.2176
0.229
0.2467
0.2764
0.3117
0.3389
0.2313
0.1377
0.0995
0.0593
0.0299
0.0094
0.0059
0.0082
0.0108
0.0159
0.0291
0.042
0.1009
0.2187
0.2516
0.2244
0.221
0.2076
0.2
0.1811
0.1511
0.1122
0.0599
0.0108
0.0
0.0001
0.0205
0.0503
0.0667
0.0721
0.0869
0.1368
0.1781
0.1904
0.2467
0.3612
0.4551
0.4888
0.4786
0.4303
0.3542
0.2867
0.2396
0.2109
0.1403
0.061
0.0196
0.0041
0.0001
0.0
0.0097
0.0246
0.0429
0.0771
0.1177
0.1662
0.1842
0.2233
0.2726
0.2701
0.2384
0.2348
0.2256
0.2131
0.1978
0.1084
0.1842
0.3279
0.3883
0.3811
0.3825
0.4143
0.3669
0.2688
0.2802
0.3655
0.4537
0.4566
0.4317
0.3754
0.3528
0.3797
0.3998
0.3854
0.3334
0.3117
0.3024
0.301
0.3265
0.3626
0.3868
0.4186
0.4434
0.4595
0.4786
0.5222
0.4522
0.394
0.4041
0.3955
0.3711
0.35
0.3389
0.3265
0.309
0.279
0.2384
0.2087
0.2431
0.2396
0.1989
0.1801
0.1691
0.1548
0.1084
0.0709
0.0463
0.0448
0.0534
0.0715
0.0758
0.0539
0.0518
0.0571
0.0721
0.079
0.0777
0.0703
0.065
0.0582
0.061
0.0822
0.1385
0.2854
0.4946
0.6301
0.6468
0.6366
0.6327
0.6235
0.5913
0.5437
0.5135
0.5135
0.4201
0.3143
0.6008
0.6392
0.5747
0.5164
0.4712
0.4172
0.3528
0.3024
0.2663
0.2407
0.1967
0.1209
0.0588
0.0633
0.1493
0.3811
0.5899
0.6632
0.6742
0.7104
0.7137
0.6288
0.5164
0.6209
0.5408
0.4698
0.4376
0.4274
0.442
0.4639
0.4595
0.442
0.4099
0.3697
0.3584
0.3375
0.2997
0.2589
0.2065
0.1548
0.1217
0.1084
0.1053
0.1061
0.1161
0.143
0.1791
0.1161
0.0835
0.091
0.1225
0.1623
0.2109
0.2577
0.2984
0.3265
0.3403
0.3458
0.3768
0.3514
0.317
0.305
0.3037
0.3334
0.3983
0.4859
0.5422
0.5719
0.5995
0.6417
0.6182
0.5816
0.7364
0.7888
0.8124
0.8249
0.8156
0.8001
0.7852
0.7569
0.6944
0.5494
0.4888
0.4654
0.4085
0.3252
0.221
0.2065
0.2503
0.2867
0.2676
0.2165
0.1741
0.1595
0.1138
0.0478
0.0132
0.0072
0.0406
0.0822
0.1258
0.1771
0.2098
0.2198
0.1989
0.1502
0.1145
0.0588
0.0157
0.0012
0.0003
0.0106
0.0582
0.125
0.1883
0.2577
0.309
0.3293
0.2905
0.1576
0.1046
0.1529
0.1914
0.236
0.279
0.288
0.2802
0.2165
0.1721
0.1967
0.2564
0.3444
0.4288
0.4581
0.394
0.2945
0.2626
0.423
0.5062
0.4522
0.4566
0.4712
0.4186
0.357
0.6089
0.5479
0.538
0.5899
0.6392
0.634
0.6404
0.6456
0.4917
0.2043
0.0493
0.0685
0.1169
0.0952
0.309
0.5265
0.4669
0.5279
0.7375
0.814
0.8164
0.7742
0.6932
0.6353
0.7949
0.8132
0.7992
0.7676
0.7508
0.6778
0.5872
0.5077
0.4027
0.3669
0.3184
0.2997
0.2713
0.2087
0.152
0.2176
0.2626
0.3117
0.3375
0.2841
0.2479
0.2841
0.3556
0.3037
0.3293
0.3782
0.309
0.2302
0.1801
0.1421
0.0916
0.0478
0.0202
0.0084
0.0027
0.0088
0.0196
0.0627
0.2043
0.3143
0.3238
0.3542
0.4114
0.4114
0.4932
0.4522
0.3542
0.309
0.4012
0.512
0.6301
0.7182
0.7488
0.7549
0.787
0.777
0.7598
0.6754
0.6766
0.6569
0.6142
0.5691
0.525
0.5858
0.5719
0.5995
0.5995
0.5451
0.5193
0.5091
0.439
0.313
0.4537
0.4478
0.4376
0.4508
0.4625
0.4449
0.4085
0.374
0.343
0.3403
0.4288
0.4975
0.4756
0.4595
0.4317
0.4317
0.407
0.4099
0.4493
0.4581
0.4464
0.4581
0.4464
0.3655
0.4099
0.3911
0.332
0.2726
0.2267
0.212
0.2302
0.2764
0.3444
0.4245
0.5193
0.525
0.4595
0.374
0.305
0.2713
0.2614
0.2516
0.2407
0.2187
0.2
0.1701
0.1193
0.0561
0.0375
0.0392
0.0453
0.0513
0.0473
0.0463
0.0425
0.0392
0.0336
0.0349
0.0439
0.0638
0.0829
0.093
0.0916
0.0796
0.0673
0.0524
0.0483
0.0534
0.0685
0.0855
0.1053
0.0566
0.0357
0.0215
0.0086
0.0048
0.0038
0.0012
0.0007
0.0016
0.0044
0.011
0.0154
0.0186
0.0219
0.0189
0.0117
0.0051
0.0094
0.0375
0.0691
0.0715
0.0644
0.0644
0.0691
0.0402
0.0265
0.0406
0.0577
0.0771
0.1002
0.1122
0.125
0.1548
0.1978
0.2701
0.3252
0.317
0.2958
0.2713
0.2348
0.1862
0.1342
0.0862
0.0488
0.0243
0.0058
0.0004
0.0001
0.0
0.0003
0.0135
0.0076
0.0046
0.0065
0.0092
0.012
0.0159
0.025
0.0673
0.1447
0.2467
0.3334
0.3969
0.4215
0.3998
0.3514
0.305
0.2663
0.2313
0.1873
0.1438
0.1185
0.0561
0.0171
0.007
0.0021
0.0016
0.0035
0.0137
0.0229
0.0171
0.0009
0.0007
0.0003
0.0013
0.0366
0.1585
0.3197
0.4595
0.5705
0.6417
0.6196
0.5705
0.555
0.5593
0.5844
0.4478
0.3361
0.4654
0.7879
0.8423
0.8601
0.8491
0.8067
0.7343
0.6089
0.4946
0.4859
0.4654
0.4493
0.4537
0.4888
0.5663
0.643
0.716
0.7984
0.7093
0.5279
0.4478
0.4537
0.3725
0.5077
0.442
0.407
0.4317
0.4522
0.4595
0.4303
0.3897
0.3293
0.3103
0.2932
0.2479
0.2076
0.1421
0.0966
0.0498
0.0171
0.0022
0.0021
0.0268
0.055
0.0944
0.1266
0.0875
0.0588
0.0545
0.0703
0.0822
0.0966
0.1076
0.1107
0.1177
0.1438
0.1701
0.1633
0.1317
0.1604
0.2372
0.2564
0.3143
0.4522
0.5164
0.5437
0.6008
0.6301
0.6392
0.6607
0.6102
0.5222
0.5451
0.5408
0.4669
0.3754
0.3252
0.279
0.2244
0.1883
0.2098
0.2528
0.2455
0.2131
0.1633
0.0937
0.0392
0.012
0.0017
0.0002
0.0005
0.0008
0.0122
0.0272
0.0254
0.0328
0.0357
0.0397
0.0561
0.0758
0.1002
0.1225
0.1548
0.175
0.2021
0.2431
0.2087
0.1731
0.152
0.1421
0.1585
0.2087
0.2828
0.3444
0.3811
0.3926
0.3754
0.3403
0.2176
0.2043
0.2233
0.2233
0.2221
0.2503
0.3157
0.3655
0.3655
0.3897
0.3969
0.4056
0.3626
0.3063
0.2701
0.2313
0.1831
0.1368
0.1002
0.0721
0.0518
0.0415
0.0503
0.0685
0.0633
0.0508
0.0644
0.0721
0.0777
0.0703
0.0577
0.0397
0.0232
0.0303
0.0752
0.1576
0.2651
0.2479
0.1161
0.0483
0.0353
0.0458
0.1438
0.2997
0.4625
0.6089
0.6921
0.7247
0.685
0.6494
0.7879
0.8524
0.8556
0.8316
0.7733
0.7364
0.7333
0.7093
0.6705
0.6519
0.5899
0.538
0.5365
0.5508
0.5494
0.5351
0.512
0.4639
0.4143
0.3669
0.305
0.2233
0.1099
0.0777
0.0758
0.0463
0.0434
0.0503
0.0529
0.0488
0.037
0.0199
0.0053
0.0
0.0
0.0
0.0011
0.0019
0.0056
0.0222
0.0667
0.1483
0.2601
0.3782
0.4902
0.5719
0.4508
0.3238
0.4493
0.5422
0.555
0.5663
0.5422
0.5465
0.6062
0.5926
0.673
0.7888
0.7941
0.7861
0.7685
0.7385
0.716
0.7269
0.7468
0.7498
0.7375
0.7182
0.7093
0.6874
0.5995
0.5193
0.5967
0.729
0.7834
0.7897
0.7539
0.6392
0.5062
0.4537
0.5522
0.6506
0.7025
0.7025
0.6582
0.5899
0.5789
0.5691
0.394
0.2958
0.1978
0.201
0.2198
0.2419
0.1614
0.0944
0.055
0.0276
0.0063
0.0068
0.007
0.0076
0.0094
0.0171
0.0366
0.1193
0.3334
0.6248
0.7608
0.7714
0.7704
0.7458
0.7081
0.6557
0.6379
0.6182
0.6262
0.6129
0.4975
0.5789
0.6862
0.7236
0.7149
0.6814
0.6456
0.6327
0.634
0.6129
0.643
0.707
0.7215
0.6778
0.6248
0.5816
0.5164
0.4566
0.4099
0.3655
0.3077
0.2348
0.1967
0.1681
0.152
0.1652
0.1633
0.1691
0.1567
0.1209
0.0966
0.0855
0.0937
0.1107
0.152
0.1914
0.229
0.2663
0.301
0.2997
0.2688
0.2431
0.2348
0.2267
0.2267
0.2419
0.2688
0.2984
0.2221
0.1904
0.2198
0.2165
0.2021
0.1801
0.1557
0.1412
0.1351
0.143
0.1731
0.2142
0.2688
0.3252
0.3825
0.4288
0.4464
0.4508
0.4493
0.439
0.4027
0.3375
0.2626
0.1967
0.1069
0.0366
0.0439
0.0539
0.0621
0.0703
0.0923
0.1209
0.1576
0.2165
0.3293
0.423
0.4625
0.4639
0.4449
0.4157
0.3725
0.3306
0.2764
0.221
0.1821
0.1465
0.1039
0.0709
0.0513
0.0222
0.0108
0.0148
0.0125
0.0034
0.0025
0.0034
0.0054
0.0094
0.0137
0.0383
0.1107
0.2325
0.3347
0.3797
0.3969
0.3983
0.394
0.3868
0.3626
0.3417
0.317
0.2984
0.2443
0.1567
0.1691
0.2528
0.2971
0.2893
0.3197
0.3514
0.407
0.4566
0.583
0.685
0.6979
0.6862
0.6826
0.6862
0.685
0.6778
0.7149
0.7385
0.7215
0.6532
0.6594
0.6944
0.6885
0.6644
0.8043
0.8338
0.8826
0.9074
0.9042
0.8899
0.8575
0.8249
0.8076
0.7807
0.7852
0.7816
0.7647
0.7498
0.7447
0.7519
0.7618
0.7608
0.7478
0.7406
0.7385
0.7354
0.7488
0.7941
0.7498
0.6327
0.5279
0.4478
0.407
0.4114
0.4449
0.4537
0.4581
0.4844
0.4478
0.4361
0.4114
0.3969
0.4186
0.4201
0.364
0.2688
0.1852
0.1225
0.1069
0.1099
0.0995
0.0916
0.1529
0.1053
0.0425
0.0287
0.074
0.1394
0.1852
0.2455
0.3655
0.3998
0.3389
0.3143
0.4157
0.5816
0.7258
0.7657
0.7798
0.7385
0.6862
0.6404
0.5149
0.4056
0.4157
0.4932
0.6353
0.7723
0.915
0.9402
0.9355
0.9121
0.8697
0.8116
0.7761
0.7779
0.7427
0.7013
0.6705
0.6532
0.7427
0.8478
0.9329
0.9637
0.9399
0.8638
0.7897
0.7569
0.7333
0.5719
0.5872
0.6156
0.6569
0.707
0.7013
0.6909
0.6544
0.5465
0.5465
0.5967
0.5885
0.5635
0.5494
0.5465
0.5508
0.5858
0.6008
0.5954
0.5465
0.4771
0.3868
0.2997
0.2313
0.1359
0.1275
0.1161
0.1225
0.1483
0.1852
0.2187
0.2676
0.343
0.4493
0.4946
0.5193
0.5062
0.4288
0.3444
0.2503
0.176
0.1114
0.0555
0.0299
0.0276
0.0493
0.0916
0.1595
0.1711
0.2958
0.3584
0.3969
0.4303
0.4625
0.4449
0.3969
0.3252
0.3444
0.3697
0.3768
0.3725
0.3883
0.3955
0.3612
0.3157
0.2984
0.2945
0.2777
0.2503
0.2131
0.1701
0.1242
0.0508
0.0555
0.0816
0.079
0.0784
0.0889
0.1076
0.1217
0.1377
0.1681
0.2187
0.2676
0.3024
0.3225
0.2867
0.2372
0.2267
0.2384
0.254
0.2802
0.3037
0.305
0.2905
0.212
0.0916
0.0835
0.0966
0.0849
0.0889
0.1145
0.1595
0.2076
0.2676
0.364
0.4595
0.5135
0.5207
0.4917
0.4347
0.3868
0.3472
0.3077
0.2577
0.1914
0.1308
0.0916
0.0721
0.0571
0.0406
0.0439
0.0703
0.065
0.0545
0.0518
0.0588
0.0765
0.1308
0.2348
0.3598
0.4478
0.4873
0.4888
0.4756
0.4683
0.4595
0.4361
0.3514
0.3197
0.3403
0.3389
0.3403
0.2997
0.2651
0.2626
0.3403
0.4303
0.4902
0.525
0.5677
0.5967
0.5635
0.6582
0.7204
0.716
0.7215
0.7396
0.7539
0.7508
0.7519
0.7301
0.7225
0.7618
0.8034
0.8331
0.8242
0.7204
0.716
0.7104
0.6967
0.6921
0.6644
0.5294
0.4361
0.3711
0.384
0.3998
0.332
0.2153
0.0937
0.0143
0.0157
0.0765
0.201
0.3683
0.4654
0.499
0.5193
0.5279
0.5803
0.6062
0.6062
0.6076
0.5451
0.5279
0.5494
0.5649
0.5789
0.4537
0.3375
0.2764
0.1801
0.143
0.1957
0.279
0.3238
0.3225
0.2676
0.2043
0.1275
0.0809
0.0691
0.0709
0.0816
0.0849
0.0644
0.0291
0.0303
0.0336
0.0429
0.0545
0.0638
0.0771
0.1076
0.1576
0.2384
0.3334
0.4056
0.4317
0.4274
0.4027
0.3542
0.3117
0.3063
0.3334
0.3556
0.3626
0.3361
0.2244
0.1225
0.1031
0.1193
0.1217
0.1024
0.0903
0.1002
0.1291
0.1862
0.2688
0.3514
0.4347
0.4932
0.4975
0.4464
0.3754
0.3024
0.2313
0.1447
0.1061
0.0923
0.0966
0.113
0.1283
0.1275
0.113
0.152
0.2109
0.1914
0.1883
0.1925
0.1914
0.2098
0.2419
0.2958
0.3725
0.4361
0.4902
0.5322
0.5593
0.5691
0.5579
0.5294
0.4625
0.3683
0.3024
0.2841
0.2626
0.2815
0.3197
0.3811
0.4551
0.4742
0.4742
0.4595
0.4522
0.4829
0.6353
0.7126
0.7225
0.7002
0.6681
0.6506
0.6275
0.583
0.5222
0.4771
0.5048
0.5579
0.5816
0.5494
0.4551
0.5149
0.5967
0.5394
0.538
0.5048
0.4932
0.4771
0.4551
0.4859
0.6327
0.7036
0.7204
0.7013
0.6632
0.6301
0.583
0.5365
0.4932
0.4727
0.4669
0.4303
0.4742
0.5004
0.5322
0.4975
0.5465
0.5019
0.4683
0.4012
0.3911
0.384
0.3486
0.4361
0.6129
0.7126
0.7301
0.7093
0.6826
0.6619
0.6519
0.6506
0.6392
0.6022
0.5579
0.525
0.5004
0.4873
0.5322
0.4932
0.5135
0.4114
0.3528
0.3556
0.3184
0.2971
0.2713
0.357
0.4815
0.5635
0.5885
0.5719
0.5351
0.4873
0.4201
0.3514
0.2841
0.236
0.2198
0.212
0.1731
0.125
0.0959
0.0638
0.0434
0.0375
0.0392
0.0429
0.0524
0.0685
0.0896
0.1465
0.2
0.2348
0.2491
0.2384
0.2233
0.2109
0.2032
0.2244
0.2932
0.3655
0.3584
0.2945
0.236
0.2267
0.2372
0.1623
0.1275
0.2419
0.3238
0.3514
0.3626
0.35
0.3252
0.3584
0.4756
0.5337
0.5649
0.5691
0.5536
0.5365
0.5178
0.4902
0.461
0.4376
0.4157
0.3897
0.3697
0.3361
0.3265
0.1989
0.125
0.1614
0.1883
0.1595
0.1185
0.0903
0.0765
0.0616
0.0545
0.0582
0.0616
0.0638
0.0746
0.0829
0.0842
0.091
0.0952
0.0721
0.0425
0.0189
0.0094
0.0135
0.0349
0.0545
0.0566
0.0784
0.1474
0.212
0.2713
0.3103
0.3612
0.499
0.6062
0.6275
0.5926
0.4522
0.3514
0.3897
0.5106
0.5705
0.5691
0.5279
0.5178
0.5265
0.5294
0.525
0.4975
0.3238
0.2098
0.2841
0.2828
0.2663
0.2802
0.317
0.3293
0.3626
0.4361
0.4742
0.5019
0.5091
0.5033
0.5004
0.4683
0.4566
0.4815
0.5135
0.5106
0.5135
0.4946
0.4639
0.4245
0.2739
0.1643
0.2233
0.2098
0.2233
0.2601
0.2945
0.3184
0.3542
0.4157
0.4625
0.4859
0.4537
0.3897
0.374
0.384
0.3655
0.3444
0.3854
0.4859
0.5926
0.6468
0.6532
0.6275
0.5178
0.525
0.7322
0.7723
0.7666
0.7647
0.7618
0.7417
0.7215
0.6932
0.6932
0.6681
0.6557
0.6392
0.6142
0.5803
0.5451
0.5193
0.4902
0.4493
0.3911
0.313
0.2348
0.1701
0.1122
0.0493
0.0862
0.1385
0.1989
0.2419
0.2443
0.2802
0.3556
0.4449
0.5365
0.6102
0.6814
0.7396
0.8316
0.9065
0.9217
0.8464
0.9633
0.9847
0.9786
0.9768
0.9736
0.97
0.9637
0.9641
0.9718
0.9707
0.9626
0.953
0.9255
0.8939
0.881
0.8738
0.8324
0.7704
0.8067
0.8416
0.8172
0.8367
0.7879
0.7598
0.7375
0.7396
0.7569
0.7608
0.7343
0.7733
0.7666
0.7406
0.8001
0.8524
0.8638
0.8588
0.8076
0.7519
0.7657
0.8026
0.7807
0.7637
0.7149
0.679
0.6506
0.6169
0.5691
0.5494
0.5207
0.4786
0.4595
0.3897
0.3265
0.2905
0.2153
0.113
0.1009
0.1334
0.1099
0.0633
0.0193
0.0007
0.0033
0.0222
0.0483
0.098
0.1862
0.2997
0.442
0.5677
0.6404
0.6754
0.6956
0.7204
0.7559
0.7761
0.814
0.8009
0.9042
0.917
0.8826
0.8219
0.7182
0.6035
0.5077
0.2945
0.1721
0.3472
0.5803
0.6169
0.5954
0.6417
0.6557
0.594
0.5236
0.5351
0.5747
0.6288
0.6862
0.699
0.6681
0.6327
0.5308
0.3514
0.4888
0.5536
0.5621
0.5789
0.5803
0.525
0.583
0.6619
0.6379
0.5761
0.5691
0.5761
0.5408
0.5135
0.4361
0.3883
0.3252
0.2688
0.2221
0.176
0.1377
0.113
0.079
0.0524
0.0488
0.034
0.0146
0.0097
0.0094
0.0168
0.0287
0.0448
0.079
0.1076
0.1242
0.1465
0.1652
0.1614
0.1711
0.201
0.2638
0.3306
0.35
0.3542
0.3768
0.4056
0.394
0.2984
0.2279
0.254
0.2419
0.2337
0.2279
0.2279
0.3225
0.4157
0.4303
0.442
0.4551
0.4449
0.442
0.461
0.4639
0.4669
0.4888
0.5077
0.5747
0.555
0.5337
0.5394
0.4508
0.4434
0.5635
0.6089
0.6468
0.6582
0.6169
0.6235
0.6921
0.6979
0.6862
0.6802
0.6506
0.6404
0.6275
0.6222
0.6035
0.5885
0.6116
0.6532
0.699
0.7385
0.7488
0.7676
0.7676
0.7269
0.8294
0.9069
0.9276
0.939
0.9273
0.9158
0.9202
0.9244
0.9365
0.954
0.9755
0.9866
0.9881
0.9832
0.9581
0.9523
0.9494
0.9315
0.8674
0.8092
0.8287
0.836
0.7897
0.7685
0.8132
0.8914
0.8977
0.8909
0.8766
0.8249
0.7468
0.6742
0.6481
0.7126
0.729
0.7025
0.673
0.6644
0.6235
0.6921
0.7149
0.7447
0.7036
0.6404
0.5677
0.5178
0.5494
0.5265
0.4405
0.5033
0.5872
0.6544
0.7417
0.8264
0.8909
0.9387
0.9758
0.9905
0.9571
0.897
0.8093
0.8165
0.8833
0.9372
0.967
0.9842
0.9886
0.9679
0.9393
0.9121
0.8638
0.8203
0.777
0.8172
0.8017
0.7685
0.679
0.6874
0.7385
0.7852
0.8026
0.7637
0.8195
0.7779
0.729
0.7458
0.7437
0.8026
0.8709
0.9255
0.9378
0.9273
0.9247
0.9322
0.9342
0.9284
0.956
0.9609
0.9851
0.9906
0.9898
0.9892
0.9909
0.9886
0.9817
0.9607
0.9458
0.9387
0.9387
0.9332
0.9178
0.881
0.8498
0.8067
0.7437
0.6742
0.5705
0.4595
0.343
0.1989
0.1421
0.1308
0.1217
0.0869
0.0616
0.0513
0.0425
0.0721
0.1084
0.1377
0.1242
0.2109
0.2867
0.3697
0.5149
0.3542
0.4522
0.4478
0.4186
0.4186
0.4464
0.4712
0.5164
0.5775
0.6693
0.7723
0.8451
0.8234
0.8017
0.7923
0.8067
0.8279
0.8632
0.8594
0.9087
0.9078
0.8982
0.9258
0.9458
0.9679
0.9705
0.9596
0.9543
0.9396
0.8987
0.8968
0.8783
0.7666
0.8092
0.7949
0.5178
0.5048
0.4434
0.3868
0.4727
0.499
0.5149
0.5279
0.4698
0.4157
0.4245
0.4917
0.525
0.5164
0.4888
0.5193
0.5178
0.499
0.5308
0.5607
0.5508
0.4829
0.5033
0.538
0.5479
0.5308
0.4786
0.4434
0.4595
0.5062
0.5178
0.5422
0.5705
0.5077
0.4932
0.4829
0.4201
0.3683
0.332
0.2932
0.2516
0.2153
0.2087
0.2054
0.201
0.2021
0.2614
0.3293
0.3897
0.3955
0.3683
0.332
0.423
0.5149
0.5719
0.5621
0.4566
0.3811
0.3669
0.3854
0.4434
0.4756
0.5279
0.5816
0.6089
0.5981
0.6379
0.6632
0.6681
0.6607
0.6327
0.5995
0.6275
0.6102
0.5926
0.5733
0.6838
0.7468
0.7364
0.7354
0.7385
0.7549
0.7468
0.7714
0.7608
0.7627
0.7742
0.7137
0.6379
0.7137
0.6967
0.7458
0.7437
0.7742
0.843
0.8721
0.8858
0.8944
0.8873
0.8601
0.8345
0.814
0.8076
0.7958
0.777
0.7627
0.7508
0.7447
0.7406
0.7385
0.7385
0.7333
0.7215
0.7115
0.7204
0.7104
0.6353
0.643
0.6644
0.643
0.6353
0.6235
0.6129
0.5733
0.6288
0.6885
0.673
0.643
0.6008
0.48
0.3725
0.3279
0.3024
0.2764
0.2739
0.2971
0.3225
0.374
0.4128
0.4405
0.4245
0.3697
0.3361
0.2958
0.2841
0.2815
0.288
0.384
0.594
0.7093
0.7171
0.6366
0.5193
0.4085
0.332
0.3238
0.3024
0.2638
0.2279
0.2233
0.2256
0.2337
0.2479
0.2577
0.2552
0.2455
0.2325
0.2165
0.2187
0.2302
0.2564
0.3375
0.4946
0.5747
0.6156
0.6404
0.6607
0.6705
0.6116
0.5164
0.4771
0.4143
0.423
0.4815
0.5494
0.5279
0.5222
0.4975
0.4698
0.4245
0.4756
0.4201
0.394
0.4215
0.4683
0.4932
0.6222
0.6619
0.6778
0.6838
0.6754
0.6456
0.6366
0.5913
0.499
0.5789
0.6656
0.6532
0.6644
0.6874
0.707
0.728
0.7447
0.8043
0.8563
0.8879
0.9001
0.8924
0.8563
0.8195
0.7966
0.7861
0.7798
0.7733
0.7676
0.7468
0.7126
0.6693
0.6142
0.5451
0.5193
0.5294
0.5536
0.5062
0.4961
0.5033
0.5091
0.4917
0.4464
0.5308
0.5077
0.5135
0.5077
0.5437
0.7204
0.7714
0.6956
0.6366
0.6196
0.5437
0.5164
0.4522
0.4027
0.3669
0.3389
0.3063
0.2945
0.305
0.313
0.3157
0.301
0.2651
0.2221
0.2221
0.2142
0.2087
0.2109
0.2919
0.4085
0.5048
0.5691
0.6142
0.6301
0.6076
0.6022
0.6417
0.6262
0.394
0.2932
0.5437
0.673
0.6089
0.5422
0.439
0.3143
0.279
0.317
0.3103
0.2676
0.221
0.1904
0.2279
0.2726
0.3926
0.4932
0.5565
0.5621
0.5365
0.6062
0.6582
0.7081
0.7059
0.6582
0.6008
0.5322
0.4434
0.3797
0.3854
0.4128
0.3157
0.2043
0.1548
0.1502
0.175
0.236
0.3279
0.4143
0.4625
0.4975
0.5337
0.5705
0.5926
0.5981
0.6129
0.6196
0.5536
0.4434
0.394
0.3868
0.3486
0.3252
0.3417
0.3486
0.3375
0.3225
0.3143
0.3024
0.3117
0.3157
0.3697
0.5308
0.6169
0.6392
0.6353
0.594
0.5337
0.4917
0.4537
0.3897
0.3486
0.3472
0.357
0.35
0.3063
0.2945
0.3103
0.3197
0.309
0.3417
0.317
0.3184
0.3347
0.3184
0.4157
0.5635
0.6235
0.634
0.6116
0.5733
0.5437
0.5308
0.5222
0.5062
0.4786
0.4274
0.3375
0.2651
0.2815
0.3897
0.5033
0.5308
0.3556
0.2337
0.2325
0.2279
0.212
0.2076
0.2739
0.3854
0.4566
0.4829
0.4742
0.4522
0.4172
0.3969
0.3926
0.3782
0.374
0.3279
0.2256
0.1308
0.0987
0.0691
0.0721
0.1233
0.1385
0.1053
0.0816
0.0616
0.0483
0.0402
0.0411
0.0353
0.0328
0.0284
0.0439
0.1084
0.1811
0.2419
0.3063
0.374
0.4508
0.5465
0.5789
0.5579
0.5308
0.5294
0.555
0.5222
0.4449
0.4114
0.4056
0.4012
0.4027
0.3998
0.4654
0.5705
0.594
0.5816
0.5885
0.6209
0.6404
0.6481
0.6443
0.6468
0.6468
0.6379
0.6443
0.6532
0.643
0.6288
0.6035
0.5422
0.4449
0.3626
0.374
0.35
0.317
0.2739
0.3077
0.4405
0.5279
0.5691
0.5913
0.6049
0.6062
0.6248
0.6456
0.6557
0.6544
0.6456
0.6262
0.6035
0.5719
0.4932
0.4317
0.4786
0.5775
0.5691
0.5351
0.5004
0.4478
0.3811
0.4303
0.5522
0.583
0.5775
0.5844
0.6062
0.6262
0.6353
0.6327
0.6288
0.6169
0.5858
0.4961
0.3598
0.301
0.2919
0.2854
0.2802
0.2491
0.2407
0.2443
0.2244
0.2777
0.3293
0.4478
0.5719
0.583
0.5565
0.5265
0.5193
0.5207
0.5193
0.512
0.4932
0.4742
0.5663
0.594
0.5579
0.4639
0.4303
0.4245
0.4288
0.3458
0.3077
0.2503
0.1967
0.1529
0.1359
0.1781
0.2419
0.2893
0.3103
0.3077
0.2739
0.2187
0.1791
0.1456
0.125
0.1308
0.1456
0.143
0.1308
0.1039
0.0796
0.0667
0.0599
0.0616
0.0638
0.0588
0.0621
0.0679
0.0796
0.143
0.2479
0.3389
0.3955
0.4027
0.3238
0.2244
0.1701
0.1483
0.1585
0.176
0.1914
0.2198
0.2419
0.2384
0.2256
0.229
0.2467
0.2256
0.1904
0.176
0.1643
0.1548
0.1595
0.2467
0.439
0.5479
0.512
0.4041
0.3334
0.2828
0.2815
0.288
0.3063
0.2984
0.2984
0.3211
0.313
0.2997
0.2919
0.2713
0.2688
0.2455
0.2043
0.1862
0.2032
0.2187
0.2348
0.2764
0.305
0.3403
0.3444
0.3403
0.3238
0.2919
0.2384
0.1957
0.1701
0.1368
0.1169
0.079
0.0627
0.0425
0.0219
0.0154
0.011
0.0058
0.0099
0.0243
0.0402
0.0593
0.0855
0.1801
0.3556
0.525
0.6379
0.6519
0.6669
0.6582
0.6669
0.7036
0.7025
0.6921
0.6932
0.6656
0.6102
0.6569
0.6967
0.6766
0.643
0.5844
0.5408
0.5494
0.6222
0.6897
0.7333
0.7549
0.7647
0.7843
0.8203
0.7906
0.8084
0.7992
0.8395
0.8331
0.7676
0.6778
0.5885
0.4946
0.3768
0.2919
0.2552
0.3157
0.35
0.2187
0.1283
0.1016
0.0944
0.0923
0.079
0.0803
0.1053
0.1193
0.1046
0.0727
0.0453
0.042
0.0644
0.1002
0.1576
0.176
0.1701
0.2098
0.1781
0.1474
0.1691
0.2302
0.2726
0.3037
0.3211
0.3782
0.4215
0.4522
0.5508
0.6379
0.679
0.7193
0.7204
0.7519
0.7958
0.7897
0.7578
0.7578
0.7984
0.7685
0.6693
0.5663
0.442
0.3825
0.2997
0.3306
0.1502
0.0593
0.055
0.1258
0.1781
0.2087
0.2267
0.2997
0.3782
0.394
0.3955
0.4493
0.5265
0.5885
0.6301
0.6569
0.6814
0.6656
0.6644
0.6705
0.6532
0.6456
0.6235
0.5663
0.5193
0.4114
0.3334
0.2971
0.3063
0.3293
0.3528
0.4347
0.5451
0.5649
0.5522
0.5816
0.6008
0.6156
0.5635
0.5789
0.5691
0.5621
0.5437
0.5437
0.5422
0.5322
0.4946
0.4683
0.4085
0.3103
0.2348
0.3103
0.3655
0.3697
0.357
0.3983
0.4829
0.5149
0.5308
0.5733
0.6102
0.6116
0.5872
0.5322
0.4595
0.4332
0.4376
0.439
0.4537
0.4961
0.4844
0.4361
0.4215
0.3334
0.407
0.4361
0.5019
0.5236
0.4771
0.5536
0.6656
0.7013
0.716
0.7258
0.7258
0.7137
0.7036
0.6885
0.6766
0.673
0.6826
0.6885
0.6921
0.6897
0.6632
0.6209
0.5635
0.4405
0.3612
0.3143
0.2932
0.301
0.3584
0.5236
0.6826
0.7137
0.6814
0.6353
0.6062
0.5522
0.4859
0.4434
0.4012
0.3361
0.212
0.13
0.1061
0.1039
0.1069
0.1169
0.1161
0.091
0.0685
0.0656
0.0588
0.0458
0.0425
0.0703
0.1061
0.1614
0.2384
0.3024
0.3389
0.3472
0.3265
0.2945
0.2626
0.2372
0.2098
0.1576
0.1275
0.1351
0.1483
0.1643
0.1623
0.098
0.0488
0.0276
0.0209
0.0174
0.0165
0.0189
0.0268
0.0463
0.0777
0.1242
0.1662
0.1914
0.1672
0.1403
