0.0
0.0
0.0
0.0
0.0
0.0
0.0
0.0
0.0
46.0
119.0
171.0
188.0
185.0
159.0
108.0
48.0
1.0
0.0
0.0
0.0
0.0
0.0
0.0
0.0
0.0
0.0
0.0
0.0
0.0
0.0
0.0
0.0
42.0
99.0
155.0
178.0
177.0
139.0
99.0
47.0
1.0
0.0
0.0
0.0
0.0
0.0
0.0
0.0
0.0
0.0
0.0
0.0
0.0
0.0
0.0
0.0
37.0
96.0
151.0
188.0
186.0
146.0
100.0
44.0
1.0
0.0
0.0
0.0
0.0
0.0
0.0
0.0
0.0
0.0
0.0
0.0
0.0
0.0
0.0
0.0
7.0
133.0
198.0
234.0
173.0
175.0
109.0
54.0
1.0
0.0
0.0
0.0
0.0
0.0
0.0
0.0
0.0
0.0
0.0
0.0
0.0
0.0
0.0
0.0
15.0
64.0
74.0
106.0
128.0
107.0
113.0
37.0
1.0
0.0
0.0
0.0
0.0
0.0
0.0
0.0
0.0
0.0
0.0
0.0
0.0
0.0
0.0
0.0
7.0
17.0
26.0
31.0
243.0
213.0
152.0
70.0
2.0
0.0
0.0
0.0
0.0
0.0
0.0
0.0
0.0
0.0
0.0
0.0
0.0
0.0
0.0
0.0
84.0
201.0
301.0
366.0
366.0
330.0
247.0
117.0
5.0
0.0
0.0
0.0
0.0
0.0
0.0
0.0
0.0
0.0
0.0
0.0
0.0
0.0
0.0
0.0
19.0
47.0
76.0
109.0
129.0
112.0
62.0
25.0
1.0
0.0
0.0
0.0
0.0
0.0
0.0
0.0
0.0
0.0
0.0
0.0
0.0
0.0
0.0
0.0
25.0
59.0
70.0
86.0
72.0
68.0
60.0
30.0
2.0
0.0
0.0
0.0
0.0
0.0
0.0
0.0
0.0
0.0
0.0
0.0
0.0
0.0
0.0
0.0
62.0
149.0
221.0
258.0
274.0
249.0
182.0
82.0
3.0
0.0
0.0
0.0
0.0
0.0
0.0
0.0
0.0
0.0
0.0
0.0
0.0
0.0
0.0
0.0
59.0
139.0
200.0
228.0
246.0
218.0
150.0
90.0
6.0
0.0
0.0
0.0
0.0
0.0
0.0
0.0
0.0
0.0
0.0
0.0
0.0
0.0
0.0
1.0
51.0
120.0
199.0
226.0
231.0
132.0
69.0
11.0
2.0
0.0
0.0
0.0
0.0
0.0
0.0
0.0
0.0
0.0
0.0
0.0
0.0
0.0
0.0
0.0
74.0
185.0
261.0
339.0
347.0
310.0
233.0
119.0
10.0
0.0
0.0
0.0
0.0
0.0
0.0
0.0
0.0
0.0
0.0
0.0
0.0
0.0
0.0
1.0
71.0
162.0
255.0
299.0
313.0
284.0
227.0
104.0
2.0
0.0
0.0
0.0
0.0
0.0
0.0
0.0
0.0
0.0
0.0
0.0
0.0
0.0
0.0
1.0
91.0
192.0
271.0
349.0
341.0
276.0
193.0
100.0
2.0
0.0
0.0
0.0
0.0
0.0
0.0
0.0
0.0
0.0
0.0
0.0
0.0
0.0
0.0
1.0
93.0
227.0
337.0
398.0
413.0
367.0
280.0
147.0
9.0
0.0
0.0
0.0
0.0
0.0
0.0
0.0
0.0
0.0
0.0
0.0
0.0
0.0
0.0
0.0
72.0
167.0
250.0
309.0
309.0
262.0
201.0
109.0
7.0
0.0
0.0
0.0
0.0
0.0
0.0
0.0
0.0
0.0
0.0
0.0
0.0
0.0
0.0
1.0
8.0
18.0
27.0
35.0
227.0
206.0
154.0
83.0
7.0
0.0
0.0
0.0
0.0
0.0
0.0
0.0
0.0
0.0
0.0
0.0
0.0
0.0
0.0
1.0
77.0
173.0
268.0
304.0
269.0
242.0
207.0
111.0
3.0
0.0
0.0
0.0
0.0
0.0
0.0
0.0
0.0
0.0
0.0
0.0
0.0
0.0
0.0
2.0
92.0
223.0
196.0
120.0
35.0
140.0
176.0
124.0
3.0
0.0
0.0
0.0
0.0
0.0
0.0
0.0
0.0
0.0
0.0
0.0
0.0
0.0
0.0
2.0
88.0
223.0
290.0
347.0
348.0
354.0
261.0
152.0
20.0
0.0
0.0
0.0
0.0
0.0
0.0
0.0
0.0
0.0
0.0
0.0
0.0
0.0
0.0
1.0
76.0
152.0
363.0
420.0
129.0
237.0
33.0
26.0
3.0
0.0
0.0
0.0
0.0
0.0
0.0
0.0
0.0
0.0
0.0
0.0
0.0
0.0
0.0
1.0
58.0
118.0
172.0
197.0
220.0
174.0
131.0
63.0
3.0
0.0
0.0
0.0
0.0
0.0
0.0
0.0
0.0
0.0
0.0
0.0
0.0
0.0
0.0
1.0
122.0
266.0
407.0
355.0
151.0
236.0
192.0
72.0
4.0
0.0
0.0
0.0
0.0
0.0
0.0
0.0
0.0
0.0
0.0
0.0
0.0
0.0
0.0
2.0
107.0
245.0
361.0
432.0
451.0
407.0
314.0
179.0
22.0
0.0
0.0
0.0
0.0
0.0
0.0
0.0
0.0
0.0
0.0
0.0
0.0
0.0
0.0
3.0
99.0
251.0
305.0
380.0
405.0
282.0
247.0
154.0
17.0
0.0
0.0
0.0
0.0
0.0
0.0
0.0
0.0
0.0
0.0
0.0
0.0
0.0
0.0
1.0
9.0
20.0
29.0
40.0
279.0
249.0
185.0
109.0
15.0
0.0
0.0
0.0
0.0
0.0
0.0
0.0
0.0
0.0
0.0
0.0
0.0
0.0
0.0
1.0
12.0
22.0
31.0
37.0
276.0
247.0
194.0
115.0
16.0
0.0
0.0
0.0
0.0
0.0
0.0
0.0
0.0
0.0
0.0
0.0
0.0
0.0
0.0
1.0
18.0
44.0
66.0
82.0
89.0
83.0
59.0
35.0
5.0
0.0
0.0
0.0
0.0
0.0
0.0
0.0
0.0
0.0
0.0
0.0
0.0
0.0
0.0
1.0
57.0
149.0
157.0
131.0
183.0
286.0
240.0
186.0
65.0
0.0
0.0
0.0
0.0
0.0
0.0
0.0
0.0
0.0
0.0
0.0
0.0
0.0
0.0
1.0
28.0
133.0
229.0
221.0
216.0
211.0
125.0
65.0
5.0
0.0
0.0
0.0
0.0
0.0
0.0
0.0
0.0
0.0
0.0
0.0
0.0
0.0
0.0
4.0
120.0
263.0
381.0
448.0
460.0
425.0
325.0
190.0
60.0
0.0
0.0
0.0
0.0
0.0
0.0
0.0
0.0
0.0
0.0
0.0
0.0
0.0
0.0
4.0
129.0
264.0
357.0
406.0
426.0
405.0
332.0
205.0
69.0
0.0
0.0
0.0
0.0
0.0
0.0
0.0
0.0
0.0
0.0
0.0
0.0
0.0
0.0
13.0
131.0
251.0
357.0
419.0
386.0
349.0
229.0
133.0
50.0
0.0
0.0
0.0
0.0
0.0
0.0
0.0
0.0
0.0
0.0
0.0
0.0
0.0
0.0
2.0
101.0
187.0
289.0
320.0
340.0
340.0
274.0
172.0
59.0
0.0
0.0
0.0
0.0
0.0
0.0
0.0
0.0
0.0
0.0
0.0
0.0
0.0
0.0
2.0
11.0
22.0
31.0
37.0
275.0
254.0
201.0
123.0
43.0
0.0
0.0
0.0
0.0
0.0
0.0
0.0
0.0
0.0
0.0
0.0
0.0
0.0
0.0
6.0
121.0
253.0
361.0
436.0
460.0
440.0
347.0
208.0
79.0
0.0
0.0
0.0
0.0
0.0
0.0
0.0
0.0
0.0
0.0
0.0
0.0
0.0
0.0
8.0
127.0
263.0
374.0
436.0
454.0
417.0
329.0
203.0
78.0
0.0
0.0
0.0
0.0
0.0
0.0
0.0
0.0
0.0
0.0
0.0
0.0
0.0
0.0
26.0
152.0
303.0
200.0
285.0
256.0
355.0
306.0
36.0
23.0
0.0
0.0
0.0
0.0
0.0
0.0
0.0
0.0
0.0
0.0
0.0
0.0
0.0
0.0
2.0
13.0
23.0
33.0
39.0
279.0
258.0
205.0
132.0
52.0
0.0
0.0
0.0
0.0
0.0
0.0
0.0
0.0
0.0
0.0
0.0
0.0
0.0
0.0
24.0
125.0
200.0
386.0
354.0
113.0
42.0
44.0
79.0
41.0
0.0
0.0
0.0
0.0
0.0
0.0
0.0
0.0
0.0
0.0
0.0
0.0
0.0
0.0
13.0
125.0
311.0
434.0
436.0
365.0
214.0
152.0
110.0
48.0
1.0
0.0
0.0
0.0
0.0
0.0
0.0
0.0
0.0
0.0
0.0
0.0
0.0
0.0
5.0
67.0
139.0
199.0
170.0
331.0
325.0
293.0
211.0
113.0
4.0
0.0
0.0
0.0
0.0
0.0
0.0
0.0
0.0
0.0
0.0
0.0
0.0
0.0
12.0
139.0
261.0
360.0
408.0
416.0
384.0
311.0
202.0
83.0
1.0
0.0
0.0
0.0
0.0
0.0
0.0
0.0
0.0
0.0
0.0
0.0
0.0
0.0
3.0
52.0
107.0
150.0
202.0
177.0
204.0
170.0
82.0
40.0
1.0
0.0
0.0
0.0
0.0
0.0
0.0
0.0
0.0
0.0
0.0
0.0
0.0
0.0
6.0
36.0
90.0
215.0
285.0
263.0
282.0
270.0
274.0
89.0
9.0
0.0
0.0
0.0
0.0
0.0
0.0
0.0
0.0
0.0
0.0
0.0
0.0
0.0
14.0
97.0
161.0
209.0
262.0
294.0
339.0
231.0
180.0
130.0
13.0
0.0
0.0
0.0
0.0
0.0
0.0
0.0
0.0
0.0
0.0
0.0
0.0
0.0
20.0
177.0
325.0
441.0
499.0
523.0
491.0
403.0
271.0
122.0
4.0
0.0
0.0
0.0
0.0
0.0
0.0
0.0
0.0
0.0
0.0
0.0
0.0
0.0
19.0
147.0
274.0
377.0
407.0
414.0
391.0
331.0
221.0
93.0
1.0
0.0
0.0
0.0
0.0
0.0
0.0
0.0
0.0
0.0
0.0
0.0
0.0
0.0
19.0
135.0
291.0
410.0
459.0
395.0
376.0
369.0
321.0
148.0
7.0
0.0
0.0
0.0
0.0
0.0
0.0
0.0
0.0
0.0
0.0
0.0
0.0
0.0
26.0
192.0
340.0
457.0
520.0
526.0
509.0
373.0
242.0
112.0
3.0
0.0
0.0
0.0
0.0
0.0
0.0
0.0
0.0
0.0
0.0
0.0
0.0
0.0
26.0
191.0
345.0
455.0
524.0
553.0
520.0
434.0
300.0
139.0
8.0
0.0
0.0
0.0
0.0
0.0
0.0
0.0
0.0
0.0
0.0
0.0
0.0
0.0
40.0
133.0
222.0
306.0
311.0
440.0
469.0
415.0
310.0
144.0
10.0
0.0
0.0
0.0
0.0
0.0
0.0
0.0
0.0
0.0
0.0
0.0
0.0
0.0
24.0
72.0
122.0
164.0
181.0
191.0
171.0
151.0
103.0
51.0
2.0
0.0
0.0
0.0
0.0
0.0
0.0
0.0
0.0
0.0
0.0
0.0
0.0
0.0
28.0
80.0
138.0
178.0
221.0
209.0
195.0
157.0
107.0
54.0
2.0
0.0
0.0
0.0
0.0
0.0
0.0
0.0
0.0
0.0
0.0
0.0
0.0
0.0
12.0
47.0
67.0
84.0
81.0
334.0
284.0
221.0
133.0
59.0
2.0
0.0
0.0
0.0
0.0
0.0
0.0
0.0
0.0
0.0
0.0
0.0
0.0
0.0
6.0
19.0
31.0
42.0
48.0
357.0
340.0
291.0
207.0
109.0
7.0
0.0
0.0
0.0
0.0
0.0
0.0
0.0
0.0
0.0
0.0
0.0
0.0
0.0
18.0
58.0
100.0
125.0
133.0
119.0
107.0
75.0
59.0
28.0
2.0
0.0
0.0
0.0
0.0
0.0
0.0
0.0
0.0
0.0
0.0
0.0
0.0
0.0
79.0
220.0
413.0
294.0
359.0
379.0
309.0
357.0
265.0
172.0
23.0
0.0
0.0
0.0
0.0
0.0
0.0
0.0
0.0
0.0
0.0
0.0
0.0
1.0
48.0
64.0
33.0
165.0
258.0
281.0
320.0
257.0
228.0
161.0
29.0
0.0
0.0
0.0
0.0
0.0
0.0
0.0
0.0
0.0
0.0
0.0
0.0
1.0
69.0
182.0
304.0
414.0
437.0
446.0
376.0
323.0
217.0
95.0
3.0
0.0
0.0
0.0
0.0
0.0
0.0
0.0
0.0
0.0
0.0
0.0
0.0
0.0
69.0
168.0
297.0
410.0
447.0
400.0
404.0
321.0
234.0
142.0
15.0
0.0
0.0
0.0
0.0
0.0
0.0
0.0
0.0
0.0
0.0
0.0
0.0
1.0
105.0
287.0
459.0
543.0
519.0
433.0
382.0
317.0
249.0
125.0
8.0
0.0
0.0
0.0
0.0
0.0
0.0
0.0
0.0
0.0
0.0
0.0
0.0
1.0
98.0
240.0
348.0
448.0
523.0
559.0
519.0
420.0
310.0
161.0
16.0
0.0
0.0
0.0
0.0
0.0
0.0
0.0
0.0
0.0
0.0
0.0
0.0
1.0
100.0
251.0
420.0
526.0
603.0
610.0
562.0
461.0
330.0
176.0
17.0
0.0
0.0
0.0
0.0
0.0
0.0
0.0
0.0
0.0
0.0
0.0
0.0
1.0
56.0
269.0
479.0
469.0
468.0
456.0
377.0
342.0
298.0
143.0
8.0
0.0
0.0
0.0
0.0
0.0
0.0
0.0
0.0
0.0
0.0
0.0
0.0
1.0
17.0
50.0
93.0
83.0
64.0
428.0
426.0
317.0
175.0
108.0
4.0
0.0
0.0
0.0
0.0
0.0
0.0
0.0
0.0
0.0
0.0
0.0
0.0
1.0
73.0
165.0
309.0
428.0
484.0
492.0
472.0
379.0
212.0
122.0
5.0
0.0
0.0
0.0
0.0
0.0
0.0
0.0
0.0
0.0
0.0
0.0
0.0
3.0
128.0
293.0
453.0
574.0
654.0
669.0
631.0
538.0
398.0
226.0
32.0
0.0
0.0
0.0
0.0
0.0
0.0
0.0
0.0
0.0
0.0
0.0
0.0
4.0
128.0
288.0
429.0
526.0
603.0
624.0
593.0
508.0
379.0
210.0
29.0
0.0
0.0
0.0
0.0
0.0
0.0
0.0
0.0
0.0
0.0
0.0
0.0
2.0
86.0
175.0
276.0
335.0
394.0
439.0
421.0
366.0
242.0
107.0
6.0
0.0
0.0
0.0
0.0
0.0
0.0
0.0
0.0
0.0
0.0
0.0
0.0
2.0
107.0
225.0
346.0
384.0
367.0
454.0
506.0
456.0
400.0
259.0
68.0
0.0
0.0
0.0
0.0
0.0
0.0
0.0
0.0
0.0
0.0
0.0
0.0
10.0
100.0
231.0
417.0
518.0
581.0
516.0
393.0
346.0
182.0
144.0
6.0
0.0
0.0
0.0
0.0
0.0
0.0
0.0
0.0
0.0
0.0
0.0
0.0
2.0
74.0
204.0
285.0
356.0
442.0
454.0
398.0
359.0
253.0
153.0
47.0
0.0
0.0
0.0
0.0
0.0
0.0
0.0
0.0
0.0
0.0
0.0
0.0
18.0
169.0
374.0
454.0
590.0
496.0
459.0
358.0
191.0
165.0
103.0
9.0
0.0
0.0
0.0
0.0
0.0
0.0
0.0
0.0
0.0
0.0
0.0
0.0
17.0
190.0
340.0
380.0
420.0
410.0
574.0
325.0
348.0
242.0
95.0
36.0
0.0
0.0
0.0
0.0
0.0
0.0
0.0
0.0
0.0
0.0
0.0
0.0
3.0
33.0
65.0
193.0
201.0
218.0
520.0
729.0
638.0
447.0
82.0
37.0
0.0
0.0
0.0
0.0
0.0
0.0
0.0
0.0
0.0
0.0
0.0
0.0
5.0
129.0
147.0
187.0
219.0
521.0
809.0
619.0
339.0
35.0
21.0
7.0
0.0
0.0
0.0
0.0
0.0
0.0
0.0
0.0
0.0
0.0
0.0
0.0
11.0
145.0
260.0
387.0
411.0
489.0
576.0
503.0
473.0
373.0
253.0
97.0
1.0
0.0
0.0
0.0
0.0
0.0
0.0
0.0
0.0
0.0
0.0
0.0
11.0
98.0
253.0
216.0
241.0
226.0
283.0
292.0
500.0
470.0
209.0
54.0
1.0
0.0
0.0
0.0
0.0
0.0
0.0
0.0
0.0
0.0
0.0
0.0
20.0
176.0
336.0
472.0
573.0
643.0
681.0
606.0
483.0
377.0
230.0
79.0
0.0
0.0
0.0
0.0
0.0
0.0
0.0
0.0
0.0
0.0
0.0
0.0
19.0
127.0
86.0
54.0
64.0
327.0
427.0
442.0
447.0
487.0
313.0
113.0
3.0
0.0
0.0
0.0
0.0
0.0
0.0
0.0
0.0
0.0
0.0
0.0
41.0
232.0
200.0
411.0
458.0
824.0
452.0
311.0
49.0
37.0
22.0
8.0
0.0
0.0
0.0
0.0
0.0
0.0
0.0
0.0
0.0
0.0
0.0
0.0
19.0
136.0
259.0
373.0
435.0
487.0
475.0
463.0
396.0
290.0
164.0
58.0
0.0
0.0
0.0
0.0
0.0
0.0
0.0
0.0
0.0
0.0
0.0
0.0
22.0
82.0
88.0
333.0
464.0
677.0
850.0
474.0
391.0
130.0
23.0
19.0
0.0
0.0
0.0
0.0
0.0
0.0
0.0
0.0
0.0
0.0
0.0
0.0
44.0
150.0
286.0
416.0
509.0
560.0
557.0
538.0
451.0
334.0
204.0
77.0
1.0
0.0
0.0
0.0
0.0
0.0
0.0
0.0
0.0
0.0
0.0
0.0
56.0
193.0
340.0
471.0
580.0
634.0
636.0
596.0
509.0
384.0
236.0
89.0
1.0
0.0
0.0
0.0
0.0
0.0
0.0
0.0
0.0
0.0
0.0
0.0
52.0
193.0
335.0
445.0
550.0
632.0
670.0
578.0
471.0
322.0
174.0
81.0
1.0
0.0
0.0
0.0
0.0
0.0
0.0
0.0
0.0
0.0
0.0
0.0
82.0
265.0
346.0
513.0
535.0
393.0
583.0
552.0
476.0
205.0
215.0
122.0
2.0
0.0
0.0
0.0
0.0
0.0
0.0
0.0
0.0
0.0
0.0
0.0
6.0
22.0
36.0
47.0
58.0
60.0
60.0
59.0
48.0
40.0
26.0
10.0
1.0
0.0
0.0
0.0
0.0
0.0
0.0
0.0
0.0
0.0
0.0
0.0
74.0
232.0
402.0
559.0
666.0
730.0
735.0
695.0
590.0
448.0
280.0
115.0
2.0
0.0
0.0
0.0
0.0
0.0
0.0
0.0
0.0
0.0
0.0
0.0
71.0
211.0
368.0
489.0
606.0
649.0
678.0
617.0
526.0
405.0
247.0
97.0
1.0
0.0
0.0
0.0
0.0
0.0
0.0
0.0
0.0
0.0
0.0
0.0
97.0
275.0
459.0
616.0
732.0
792.0
794.0
740.0
634.0
486.0
311.0
129.0
2.0
0.0
0.0
0.0
0.0
0.0
0.0
0.0
0.0
0.0
0.0
1.0
73.0
198.0
297.0
375.0
454.0
535.0
505.0
453.0
365.0
299.0
196.0
75.0
1.0
0.0
0.0
0.0
0.0
0.0
0.0
0.0
0.0
0.0
0.0
0.0
22.0
42.0
41.0
162.0
440.0
520.0
377.0
296.0
103.0
176.0
265.0
153.0
18.0
0.0
0.0
0.0
0.0
0.0
0.0
0.0
0.0
0.0
0.0
1.0
95.0
260.0
428.0
573.0
679.0
745.0
747.0
711.0
607.0
479.0
309.0
138.0
5.0
0.0
0.0
0.0
0.0
0.0
0.0
0.0
0.0
0.0
0.0
1.0
94.0
242.0
392.0
537.0
658.0
729.0
711.0
691.0
589.0
460.0
300.0
133.0
5.0
0.0
0.0
0.0
0.0
0.0
0.0
0.0
0.0
0.0
0.0
1.0
62.0
175.0
262.0
718.0
738.0
630.0
616.0
573.0
226.0
85.0
28.0
12.0
2.0
0.0
0.0
0.0
0.0
0.0
0.0
0.0
0.0
0.0
0.0
2.0
99.0
283.0
393.0
142.0
220.0
454.0
801.0
559.0
501.0
246.0
335.0
177.0
24.0
0.0
0.0
0.0
0.0
0.0
0.0
0.0
0.0
0.0
0.0
4.0
108.0
238.0
415.0
563.0
722.0
714.0
670.0
577.0
452.0
439.0
286.0
134.0
9.0
0.0
0.0
0.0
0.0
0.0
0.0
0.0
0.0
0.0
0.0
3.0
120.0
285.0
437.0
595.0
700.0
760.0
765.0
710.0
615.0
482.0
317.0
146.0
6.0
0.0
0.0
0.0
0.0
0.0
0.0
0.0
0.0
0.0
0.0
1.0
68.0
155.0
263.0
374.0
369.0
349.0
456.0
482.0
451.0
248.0
156.0
102.0
13.0
0.0
0.0
0.0
0.0
0.0
0.0
0.0
0.0
0.0
0.0
3.0
61.0
123.0
187.0
271.0
319.0
326.0
330.0
316.0
272.0
197.0
133.0
61.0
2.0
0.0
0.0
0.0
0.0
0.0
0.0
0.0
0.0
0.0
0.0
2.0
87.0
178.0
296.0
466.0
546.0
509.0
508.0
441.0
382.0
306.0
221.0
93.0
2.0
0.0
0.0
0.0
0.0
0.0
0.0
0.0
0.0
0.0
0.0
2.0
65.0
164.0
256.0
356.0
378.0
392.0
383.0
384.0
320.0
247.0
176.0
93.0
4.0
0.0
0.0
0.0
0.0
0.0
0.0
0.0
0.0
0.0
0.0
7.0
132.0
288.0
416.0
545.0
639.0
633.0
655.0
593.0
574.0
510.0
321.0
175.0
14.0
0.0
0.0
0.0
0.0
0.0
0.0
0.0
0.0
0.0
0.0
5.0
70.0
175.0
309.0
378.0
383.0
456.0
411.0
444.0
440.0
351.0
257.0
193.0
29.0
0.0
0.0
0.0
0.0
0.0
0.0
0.0
0.0
0.0
0.0
8.0
141.0
287.0
442.0
566.0
659.0
698.0
700.0
663.0
542.0
390.0
251.0
117.0
3.0
0.0
0.0
0.0
0.0
0.0
0.0
0.0
0.0
0.0
0.0
2.0
31.0
62.0
87.0
112.0
119.0
134.0
142.0
127.0
107.0
80.0
53.0
29.0
3.0
0.0
0.0
0.0
0.0
0.0
0.0
0.0
0.0
0.0
0.0
2.0
15.0
30.0
46.0
56.0
64.0
68.0
69.0
68.0
59.0
48.0
30.0
15.0
3.0
0.0
0.0
0.0
0.0
0.0
0.0
0.0
0.0
0.0
0.0
3.0
68.0
145.0
216.0
316.0
359.0
362.0
394.0
373.0
292.0
209.0
143.0
64.0
3.0
0.0
0.0
0.0
0.0
0.0
0.0
0.0
0.0
0.0
0.0
12.0
162.0
326.0
465.0
586.0
680.0
717.0
723.0
682.0
545.0
388.0
269.0
139.0
3.0
0.0
0.0
0.0
0.0
0.0
0.0
0.0
0.0
0.0
0.0
6.0
81.0
158.0
231.0
310.0
367.0
415.0
383.0
380.0
289.0
220.0
139.0
75.0
4.0
0.0
0.0
0.0
0.0
0.0
0.0
0.0
0.0
0.0
0.0
16.0
180.0
358.0
538.0
687.0
798.0
854.0
863.0
810.0
714.0
564.0
383.0
200.0
24.0
0.0
0.0
0.0
0.0
0.0
0.0
0.0
0.0
0.0
0.0
19.0
196.0
384.0
561.0
715.0
828.0
884.0
888.0
831.0
727.0
581.0
399.0
210.0
24.0
0.0
0.0
0.0
0.0
0.0
0.0
0.0
0.0
0.0
0.0
4.0
61.0
147.0
251.0
350.0
482.0
647.0
772.0
758.0
624.0
441.0
334.0
228.0
36.0
0.0
0.0
0.0
0.0
0.0
0.0
0.0
0.0
0.0
0.0
13.0
162.0
265.0
418.0
593.0
632.0
693.0
678.0
733.0
565.0
525.0
366.0
172.0
14.0
0.0
0.0
0.0
0.0
0.0
0.0
0.0
0.0
0.0
0.0
12.0
109.0
201.0
291.0
347.0
399.0
382.0
395.0
381.0
306.0
263.0
171.0
90.0
5.0
0.0
0.0
0.0
0.0
0.0
0.0
0.0
0.0
0.0
0.0
23.0
183.0
356.0
522.0
650.0
744.0
795.0
791.0
742.0
640.0
501.0
331.0
175.0
23.0
0.0
0.0
0.0
0.0
0.0
0.0
0.0
0.0
0.0
0.0
4.0
26.0
191.0
152.0
101.0
249.0
362.0
388.0
527.0
437.0
362.0
173.0
41.0
15.0
0.0
0.0
0.0
0.0
0.0
0.0
0.0
0.0
0.0
0.0
30.0
143.0
142.0
321.0
249.0
266.0
411.0
573.0
418.0
202.0
350.0
214.0
60.0
5.0
0.0
0.0
0.0
0.0
0.0
0.0
0.0
0.0
0.0
0.0
5.0
17.0
32.0
46.0
58.0
917.0
886.0
878.0
387.0
430.0
171.0
32.0
17.0
5.0
0.0
0.0
0.0
0.0
0.0
0.0
0.0
0.0
0.0
0.0
72.0
250.0
446.0
630.0
772.0
472.0
474.0
492.0
478.0
424.0
350.0
252.0
135.0
43.0
0.0
0.0
0.0
0.0
0.0
0.0
0.0
0.0
0.0
0.0
80.0
264.0
480.0
652.0
784.0
459.0
499.0
508.0
503.0
465.0
365.0
243.0
114.0
42.0
0.0
0.0
0.0
0.0
0.0
0.0
0.0
0.0
0.0
0.0
62.0
217.0
344.0
505.0
617.0
692.0
756.0
737.0
676.0
588.0
507.0
290.0
138.0
36.0
0.0
0.0
0.0
0.0
0.0
0.0
0.0
0.0
0.0
0.0
46.0
114.0
189.0
249.0
360.0
373.0
551.0
565.0
613.0
512.0
487.0
367.0
236.0
86.0
1.0
0.0
0.0
0.0
0.0
0.0
0.0
0.0
0.0
0.0
60.0
170.0
318.0
411.0
401.0
396.0
633.0
675.0
721.0
635.0
585.0
441.0
230.0
86.0
0.0
0.0
0.0
0.0
0.0
0.0
0.0
0.0
0.0
0.0
73.0
221.0
376.0
499.0
652.0
790.0
815.0
782.0
741.0
634.0
488.0
350.0
176.0
45.0
0.0
0.0
0.0
0.0
0.0
0.0
0.0
0.0
0.0
1.0
73.0
229.0
489.0
526.0
567.0
641.0
525.0
325.0
311.0
290.0
263.0
228.0
144.0
67.0
1.0
0.0
0.0
0.0
0.0
0.0
0.0
0.0
0.0
2.0
64.0
260.0
343.0
319.0
388.0
365.0
430.0
461.0
275.0
58.0
115.0
93.0
121.0
32.0
1.0
0.0
0.0
0.0
0.0
0.0
0.0
0.0
0.0
0.0
83.0
242.0
425.0
598.0
740.0
840.0
896.0
899.0
850.0
739.0
599.0
426.0
244.0
84.0
0.0
0.0
0.0
0.0
0.0
0.0
0.0
0.0
0.0
0.0
17.0
63.0
36.0
50.0
61.0
189.0
346.0
554.0
515.0
367.0
164.0
213.0
119.0
26.0
0.0
0.0
0.0
0.0
0.0
0.0
0.0
0.0
0.0
1.0
48.0
93.0
160.0
266.0
288.0
255.0
415.0
318.0
110.0
207.0
158.0
159.0
145.0
71.0
3.0
0.0
0.0
0.0
0.0
0.0
0.0
0.0
0.0
0.0
90.0
256.0
480.0
704.0
819.0
433.0
512.0
475.0
424.0
402.0
335.0
188.0
74.0
25.0
0.0
0.0
0.0
0.0
0.0
0.0
0.0
0.0
0.0
1.0
29.0
55.0
123.0
195.0
192.0
227.0
210.0
190.0
216.0
208.0
160.0
112.0
61.0
31.0
0.0
0.0
0.0
0.0
0.0
0.0
0.0
0.0
0.0
1.0
52.0
196.0
467.0
597.0
625.0
424.0
460.0
447.0
534.0
314.0
170.0
164.0
42.0
15.0
0.0
0.0
0.0
0.0
0.0
0.0
0.0
0.0
0.0
1.0
73.0
202.0
343.0
479.0
578.0
649.0
692.0
693.0
654.0
560.0
458.0
329.0
190.0
66.0
1.0
0.0
0.0
0.0
0.0
0.0
0.0
0.0
0.0
1.0
29.0
27.0
51.0
159.0
331.0
292.0
335.0
537.0
789.0
598.0
627.0
520.0
193.0
50.0
1.0
0.0
0.0
0.0
0.0
0.0
0.0
0.0
0.0
1.0
33.0
99.0
202.0
270.0
425.0
481.0
507.0
483.0
482.0
471.0
430.0
348.0
260.0
115.0
6.0
0.0
0.0
0.0
0.0
0.0
0.0
0.0
0.0
2.0
91.0
226.0
367.0
499.0
613.0
700.0
742.0
731.0
684.0
598.0
488.0
348.0
209.0
79.0
1.0
0.0
0.0
0.0
0.0
0.0
0.0
0.0
0.0
2.0
112.0
286.0
477.0
654.0
802.0
906.0
959.0
958.0
904.0
799.0
653.0
476.0
284.0
111.0
2.0
0.0
0.0
0.0
0.0
0.0
0.0
0.0
0.0
2.0
116.0
305.0
516.0
686.0
821.0
503.0
527.0
547.0
549.0
493.0
395.0
280.0
163.0
62.0
1.0
0.0
0.0
0.0
0.0
0.0
0.0
0.0
0.0
2.0
119.0
303.0
488.0
689.0
813.0
575.0
519.0
574.0
576.0
495.0
430.0
306.0
184.0
70.0
2.0
0.0
0.0
0.0
0.0
0.0
0.0
0.0
0.0
3.0
124.0
306.0
518.0
719.0
877.0
537.0
554.0
546.0
553.0
471.0
383.0
277.0
173.0
67.0
1.0
0.0
0.0
0.0
0.0
0.0
0.0
0.0
0.0
4.0
96.0
226.0
415.0
640.0
757.0
582.0
702.0
729.0
610.0
512.0
358.0
330.0
207.0
106.0
3.0
0.0
0.0
0.0
0.0
0.0
0.0
0.0
0.0
3.0
110.0
266.0
426.0
545.0
634.0
727.0
771.0
758.0
731.0
682.0
588.0
430.0
267.0
116.0
5.0
0.0
0.0
0.0
0.0
0.0
0.0
0.0
0.0
4.0
121.0
292.0
475.0
646.0
791.0
890.0
945.0
943.0
890.0
792.0
654.0
485.0
300.0
126.0
4.0
0.0
0.0
0.0
0.0
0.0
0.0
0.0
0.0
4.0
119.0
287.0
473.0
643.0
786.0
891.0
942.0
941.0
892.0
789.0
648.0
475.0
292.0
123.0
4.0
0.0
0.0
0.0
0.0
0.0
0.0
0.0
0.0
4.0
101.0
246.0
387.0
578.0
700.0
770.0
780.0
794.0
716.0
619.0
473.0
327.0
216.0
81.0
1.0
0.0
0.0
0.0
0.0
0.0
0.0
0.0
0.0
3.0
65.0
155.0
254.0
358.0
443.0
482.0
527.0
490.0
448.0
423.0
324.0
249.0
153.0
62.0
1.0
0.0
0.0
0.0
0.0
0.0
0.0
0.0
0.0
2.0
63.0
139.0
242.0
342.0
420.0
475.0
539.0
505.0
498.0
403.0
352.0
257.0
165.0
63.0
2.0
0.0
0.0
0.0
0.0
0.0
0.0
0.0
0.0
3.0
52.0
136.0
214.0
311.0
435.0
468.0
499.0
501.0
464.0
375.0
341.0
260.0
149.0
48.0
1.0
0.0
0.0
0.0
0.0
0.0
0.0
0.0
0.0
2.0
83.0
245.0
408.0
550.0
683.0
850.0
817.0
751.0
537.0
446.0
454.0
336.0
235.0
100.0
7.0
0.0
0.0
0.0
0.0
0.0
0.0
0.0
0.0
4.0
105.0
233.0
384.0
551.0
675.0
772.0
809.0
819.0
763.0
677.0
562.0
420.0
272.0
127.0
7.0
0.0
0.0
0.0
0.0
0.0
0.0
0.0
0.0
4.0
106.0
246.0
421.0
562.0
689.0
780.0
818.0
829.0
778.0
701.0
597.0
441.0
277.0
127.0
9.0
0.0
0.0
0.0
0.0
0.0
0.0
0.0
0.0
5.0
101.0
253.0
395.0
536.0
636.0
668.0
704.0
699.0
666.0
629.0
532.0
352.0
211.0
90.0
2.0
0.0
0.0
0.0
0.0
0.0
0.0
0.0
0.0
1.0
54.0
163.0
303.0
313.0
395.0
327.0
444.0
542.0
491.0
390.0
264.0
245.0
174.0
67.0
3.0
0.0
0.0
0.0
0.0
0.0
0.0
0.0
0.0
6.0
124.0
291.0
473.0
642.0
787.0
886.0
942.0
947.0
902.0
807.0
670.0
506.0
321.0
145.0
10.0
0.0
0.0
0.0
0.0
0.0
0.0
0.0
0.0
6.0
132.0
304.0
489.0
661.0
803.0
901.0
959.0
958.0
906.0
806.0
669.0
497.0
314.0
143.0
8.0
0.0
0.0
0.0
0.0
0.0
0.0
0.0
0.0
3.0
57.0
128.0
225.0
288.0
329.0
392.0
403.0
462.0
437.0
379.0
321.0
232.0
160.0
60.0
2.0
0.0
0.0
0.0
0.0
0.0
0.0
0.0
0.0
3.0
62.0
137.0
262.0
337.0
427.0
444.0
469.0
516.0
496.0
422.0
334.0
249.0
149.0
58.0
2.0
0.0
0.0
0.0
0.0
0.0
0.0
0.0
0.0
6.0
124.0
306.0
497.0
686.0
850.0
443.0
472.0
485.0
460.0
377.0
334.0
232.0
113.0
55.0
4.0
0.0
0.0
0.0
0.0
0.0
0.0
0.0
0.0
11.0
145.0
292.0
441.0
598.0
794.0
444.0
515.0
456.0
449.0
328.0
305.0
205.0
117.0
87.0
2.0
0.0
0.0
0.0
0.0
0.0
0.0
0.0
0.0
4.0
104.0
226.0
373.0
501.0
654.0
734.0
785.0
757.0
757.0
731.0
592.0
464.0
282.0
116.0
8.0
0.0
0.0
0.0
0.0
0.0
0.0
0.0
0.0
6.0
126.0
284.0
458.0
615.0
746.0
844.0
898.0
906.0
868.0
779.0
653.0
495.0
322.0
153.0
13.0
0.0
0.0
0.0
0.0
0.0
0.0
0.0
0.0
6.0
114.0
266.0
427.0
621.0
701.0
727.0
746.0
727.0
703.0
604.0
512.0
393.0
264.0
122.0
5.0
0.0
0.0
0.0
0.0
0.0
0.0
0.0
0.0
2.0
77.0
134.0
258.0
410.0
553.0
749.0
722.0
666.0
548.0
634.0
574.0
446.0
316.0
166.0
23.0
0.0
0.0
0.0
0.0
0.0
0.0
0.0
0.0
5.0
108.0
243.0
397.0
535.0
632.0
721.0
769.0
738.0
666.0
581.0
476.0
361.0
218.0
99.0
2.0
0.0
0.0
0.0
0.0
0.0
0.0
0.0
0.0
5.0
113.0
261.0
416.0
549.0
665.0
763.0
831.0
846.0
822.0
708.0
600.0
448.0
297.0
130.0
9.0
0.0
0.0
0.0
0.0
0.0
0.0
0.0
0.0
5.0
125.0
236.0
388.0
473.0
585.0
667.0
739.0
833.0
801.0
683.0
531.0
387.0
224.0
97.0
8.0
0.0
0.0
0.0
0.0
0.0
0.0
0.0
0.0
6.0
132.0
293.0
494.0
674.0
825.0
458.0
444.0
490.0
444.0
385.0
335.0
264.0
169.0
81.0
7.0
0.0
0.0
0.0
0.0
0.0
0.0
0.0
0.0
6.0
126.0
292.0
474.0
640.0
779.0
886.0
943.0
939.0
882.0
782.0
645.0
474.0
298.0
135.0
7.0
0.0
0.0
0.0
0.0
0.0
0.0
0.0
0.0
6.0
124.0
290.0
467.0
635.0
774.0
873.0
927.0
925.0
877.0
780.0
646.0
483.0
305.0
141.0
9.0
0.0
0.0
0.0
0.0
0.0
0.0
0.0
0.0
5.0
126.0
291.0
512.0
685.0
830.0
555.0
572.0
579.0
549.0
456.0
320.0
228.0
147.0
66.0
2.0
0.0
0.0
0.0
0.0
0.0
0.0
0.0
0.0
7.0
95.0
272.0
390.0
422.0
527.0
682.0
934.0
1006.0
779.0
562.0
405.0
262.0
105.0
30.0
2.0
0.0
0.0
0.0
0.0
0.0
0.0
0.0
0.0
1.0
22.0
49.0
73.0
101.0
122.0
134.0
147.0
150.0
134.0
116.0
99.0
71.0
51.0
28.0
3.0
0.0
0.0
0.0
0.0
0.0
0.0
0.0
0.0
3.0
96.0
241.0
393.0
594.0
789.0
853.0
807.0
738.0
609.0
546.0
424.0
348.0
193.0
115.0
14.0
0.0
0.0
0.0
0.0
0.0
0.0
0.0
0.0
1.0
52.0
115.0
182.0
277.0
318.0
341.0
360.0
418.0
385.0
329.0
269.0
190.0
120.0
56.0
2.0
0.0
0.0
0.0
0.0
0.0
0.0
0.0
0.0
2.0
45.0
129.0
209.0
276.0
370.0
385.0
417.0
401.0
361.0
340.0
284.0
189.0
129.0
54.0
2.0
0.0
0.0
0.0
0.0
0.0
0.0
0.0
0.0
4.0
106.0
220.0
341.0
482.0
601.0
682.0
706.0
592.0
615.0
613.0
485.0
360.0
213.0
103.0
3.0
0.0
0.0
0.0
0.0
0.0
0.0
0.0
0.0
6.0
127.0
292.0
487.0
686.0
813.0
552.0
505.0
513.0
481.0
431.0
424.0
366.0
242.0
122.0
14.0
0.0
0.0
0.0
0.0
0.0
0.0
0.0
0.0
5.0
133.0
317.0
504.0
689.0
814.0
482.0
498.0
506.0
488.0
408.0
367.0
286.0
180.0
80.0
4.0
0.0
0.0
0.0
0.0
0.0
0.0
0.0
0.0
4.0
105.0
243.0
397.0
550.0
707.0
808.0
863.0
864.0
822.0
746.0
631.0
484.0
319.0
152.0
15.0
0.0
0.0
0.0
0.0
0.0
0.0
0.0
0.0
4.0
110.0
249.0
412.0
560.0
695.0
762.0
847.0
824.0
770.0
672.0
544.0
422.0
270.0
127.0
7.0
0.0
0.0
0.0
0.0
0.0
0.0
0.0
0.0
1.0
50.0
118.0
184.0
246.0
335.0
410.0
434.0
415.0
385.0
337.0
266.0
178.0
114.0
45.0
2.0
0.0
0.0
0.0
0.0
0.0
0.0
0.0
0.0
2.0
89.0
302.0
398.0
481.0
479.0
471.0
510.0
573.0
433.0
450.0
337.0
237.0
151.0
74.0
9.0
0.0
0.0
0.0
0.0
0.0
0.0
0.0
0.0
1.0
31.0
85.0
142.0
188.0
228.0
257.0
286.0
281.0
258.0
222.0
183.0
139.0
91.0
43.0
2.0
0.0
0.0
0.0
0.0
0.0
0.0
0.0
0.0
1.0
42.0
120.0
202.0
259.0
308.0
356.0
414.0
388.0
352.0
307.0
261.0
204.0
137.0
64.0
5.0
0.0
0.0
0.0
0.0
0.0
0.0
0.0
0.0
7.0
73.0
87.0
208.0
312.0
467.0
622.0
661.0
810.0
656.0
597.0
434.0
323.0
244.0
186.0
28.0
0.0
0.0
0.0
0.0
0.0
0.0
0.0
0.0
3.0
89.0
212.0
366.0
517.0
626.0
712.0
805.0
815.0
697.0
672.0
541.0
432.0
236.0
95.0
7.0
0.0
0.0
0.0
0.0
0.0
0.0
0.0
0.0
5.0
95.0
203.0
249.0
350.0
450.0
494.0
639.0
342.0
72.0
139.0
389.0
418.0
358.0
155.0
27.0
0.0
0.0
0.0
0.0
0.0
0.0
0.0
0.0
3.0
109.0
276.0
461.0
639.0
784.0
892.0
948.0
957.0
913.0
823.0
688.0
516.0
332.0
154.0
11.0
0.0
0.0
0.0
0.0
0.0
0.0
0.0
0.0
2.0
108.0
275.0
463.0
643.0
794.0
901.0
967.0
975.0
933.0
841.0
709.0
536.0
342.0
158.0
12.0
0.0
0.0
0.0
0.0
0.0
0.0
0.0
0.0
1.0
54.0
125.0
218.0
314.0
361.0
407.0
441.0
438.0
425.0
391.0
339.0
233.0
145.0
68.0
3.0
0.0
0.0
0.0
0.0
0.0
0.0
0.0
0.0
1.0
57.0
155.0
254.0
366.0
430.0
480.0
496.0
496.0
491.0
458.0
366.0
297.0
193.0
91.0
6.0
0.0
0.0
0.0
0.0
0.0
0.0
0.0
0.0
1.0
81.0
204.0
356.0
497.0
609.0
733.0
790.0
849.0
771.0
712.0
581.0
473.0
308.0
134.0
7.0
0.0
0.0
0.0
0.0
0.0
0.0
0.0
0.0
1.0
28.0
52.0
121.0
309.0
110.0
425.0
516.0
525.0
536.0
712.0
454.0
483.0
354.0
160.0
27.0
0.0
0.0
0.0
0.0
0.0
0.0
0.0
0.0
2.0
54.0
142.0
191.0
236.0
237.0
486.0
623.0
720.0
714.0
718.0
587.0
384.0
282.0
157.0
26.0
0.0
0.0
0.0
0.0
0.0
0.0
0.0
0.0
1.0
55.0
141.0
282.0
341.0
473.0
631.0
689.0
740.0
665.0
606.0
479.0
329.0
225.0
113.0
6.0
0.0
0.0
0.0
0.0
0.0
0.0
0.0
0.0
1.0
44.0
134.0
223.0
338.0
422.0
455.0
517.0
498.0
480.0
417.0
358.0
285.0
169.0
71.0
5.0
0.0
0.0
0.0
0.0
0.0
0.0
0.0
0.0
1.0
78.0
219.0
385.0
542.0
672.0
746.0
806.0
820.0
804.0
710.0
588.0
440.0
259.0
106.0
4.0
0.0
0.0
0.0
0.0
0.0
0.0
0.0
0.0
1.0
84.0
234.0
398.0
558.0
695.0
805.0
861.0
869.0
820.0
737.0
614.0
453.0
284.0
123.0
4.0
0.0
0.0
0.0
0.0
0.0
0.0
0.0
0.0
1.0
87.0
244.0
424.0
589.0
727.0
835.0
894.0
902.0
853.0
769.0
639.0
477.0
297.0
129.0
5.0
0.0
0.0
0.0
0.0
0.0
0.0
0.0
0.0
1.0
86.0
241.0
405.0
563.0
711.0
813.0
849.0
862.0
823.0
732.0
599.0
439.0
277.0
117.0
4.0
0.0
0.0
0.0
0.0
0.0
0.0
0.0
0.0
1.0
77.0
219.0
382.0
545.0
690.0
788.0
830.0
836.0
813.0
732.0
611.0
452.0
271.0
121.0
5.0
0.0
0.0
0.0
0.0
0.0
0.0
0.0
0.0
0.0
76.0
220.0
378.0
546.0
669.0
769.0
837.0
848.0
801.0
720.0
593.0
441.0
273.0
119.0
5.0
0.0
0.0
0.0
0.0
0.0
0.0
0.0
0.0
0.0
73.0
224.0
386.0
559.0
702.0
804.0
843.0
857.0
819.0
720.0
613.0
445.0
282.0
119.0
5.0
0.0
0.0
0.0
0.0
0.0
0.0
0.0
0.0
0.0
55.0
177.0
304.0
424.0
515.0
588.0
642.0
666.0
610.0
523.0
416.0
319.0
194.0
76.0
1.0
0.0
0.0
0.0
0.0
0.0
0.0
0.0
0.0
0.0
44.0
125.0
234.0
320.0
414.0
481.0
508.0
498.0
489.0
475.0
387.0
278.0
169.0
58.0
1.0
0.0
0.0
0.0
0.0
0.0
0.0
0.0
0.0
0.0
6.0
19.0
35.0
74.0
62.0
385.0
1012.0
1022.0
860.0
651.0
381.0
358.0
157.0
46.0
1.0
0.0
0.0
0.0
0.0
0.0
0.0
0.0
0.0
0.0
62.0
202.0
370.0
533.0
653.0
757.0
815.0
824.0
772.0
675.0
569.0
414.0
253.0
104.0
3.0
0.0
0.0
0.0
0.0
0.0
0.0
0.0
0.0
0.0
6.0
20.0
36.0
52.0
184.0
75.0
451.0
825.0
376.0
383.0
441.0
450.0
317.0
127.0
12.0
0.0
0.0
0.0
0.0
0.0
0.0
0.0
0.0
0.0
55.0
189.0
336.0
490.0
618.0
686.0
728.0
691.0
692.0
647.0
531.0
400.0
261.0
106.0
4.0
0.0
0.0
0.0
0.0
0.0
0.0
0.0
0.0
0.0
63.0
208.0
381.0
550.0
699.0
801.0
859.0
853.0
807.0
713.0
582.0
424.0
255.0
96.0
1.0
0.0
0.0
0.0
0.0
0.0
0.0
0.0
0.0
0.0
58.0
198.0
368.0
536.0
680.0
761.0
821.0
836.0
786.0
691.0
571.0
397.0
231.0
85.0
1.0
0.0
0.0
0.0
0.0
0.0
0.0
0.0
0.0
0.0
23.0
67.0
129.0
203.0
206.0
344.0
525.0
323.0
389.0
426.0
311.0
342.0
221.0
115.0
9.0
0.0
0.0
0.0
0.0
0.0
0.0
0.0
0.0
0.0
45.0
175.0
321.0
394.0
400.0
331.0
335.0
144.0
265.0
391.0
363.0
39.0
69.0
48.0
2.0
0.0
0.0
0.0
0.0
0.0
0.0
0.0
0.0
0.0
53.0
187.0
350.0
517.0
656.0
739.0
779.0
756.0
700.0
658.0
546.0
373.0
226.0
91.0
1.0
0.0
0.0
0.0
0.0
0.0
0.0
0.0
0.0
0.0
23.0
125.0
149.0
245.0
283.0
390.0
321.0
401.0
142.0
61.0
208.0
249.0
204.0
68.0
3.0
0.0
0.0
0.0
0.0
0.0
0.0
0.0
0.0
0.0
4.0
71.0
114.0
241.0
361.0
554.0
540.0
579.0
501.0
447.0
314.0
200.0
195.0
55.0
1.0
0.0
0.0
0.0
0.0
0.0
0.0
0.0
0.0
0.0
22.0
176.0
338.0
495.0
626.0
727.0
784.0
793.0
745.0
661.0
533.0
378.0
216.0
74.0
0.0
0.0
0.0
0.0
0.0
0.0
0.0
0.0
0.0
0.0
20.0
163.0
315.0
461.0
586.0
679.0
735.0
738.0
703.0
618.0
506.0
360.0
205.0
69.0
0.0
0.0
0.0
0.0
0.0
0.0
0.0
0.0
0.0
0.0
4.0
49.0
99.0
166.0
245.0
257.0
239.0
229.0
246.0
233.0
194.0
161.0
79.0
27.0
0.0
0.0
0.0
0.0
0.0
0.0
0.0
0.0
0.0
0.0
33.0
189.0
251.0
365.0
472.0
319.0
276.0
477.0
326.0
131.0
215.0
33.0
18.0
6.0
0.0
0.0
0.0
0.0
0.0
0.0
0.0
0.0
0.0
0.0
20.0
107.0
189.0
259.0
436.0
447.0
626.0
523.0
338.0
365.0
314.0
359.0
207.0
83.0
2.0
0.0
0.0
0.0
0.0
0.0
0.0
0.0
0.0
0.0
17.0
178.0
359.0
533.0
690.0
806.0
864.0
871.0
827.0
732.0
590.0
413.0
232.0
74.0
0.0
0.0
0.0
0.0
0.0
0.0
0.0
0.0
0.0
0.0
18.0
177.0
346.0
518.0
630.0
638.0
673.0
636.0
604.0
574.0
482.0
352.0
192.0
51.0
0.0
0.0
0.0
0.0
0.0
0.0
0.0
0.0
0.0
0.0
6.0
98.0
258.0
402.0
479.0
561.0
573.0
571.0
508.0
460.0
610.0
452.0
208.0
55.0
0.0
0.0
0.0
0.0
0.0
0.0
0.0
0.0
0.0
0.0
14.0
166.0
340.0
507.0
652.0
753.0
821.0
835.0
789.0
698.0
566.0
400.0
221.0
66.0
0.0
0.0
0.0
0.0
0.0
0.0
0.0
0.0
0.0
0.0
17.0
148.0
367.0
503.0
624.0
727.0
772.0
739.0
570.0
464.0
377.0
239.0
110.0
24.0
0.0
0.0
0.0
0.0
0.0
0.0
0.0
0.0
0.0
0.0
3.0
186.0
389.0
596.0
698.0
475.0
424.0
406.0
490.0
430.0
441.0
340.0
237.0
65.0
0.0
0.0
0.0
0.0
0.0
0.0
0.0
0.0
0.0
0.0
3.0
118.0
246.0
310.0
439.0
370.0
466.0
609.0
601.0
438.0
306.0
209.0
153.0
22.0
0.0
0.0
0.0
0.0
0.0
0.0
0.0
0.0
0.0
0.0
8.0
103.0
206.0
390.0
326.0
358.0
337.0
382.0
218.0
152.0
141.0
33.0
75.0
17.0
0.0
0.0
0.0
0.0
0.0
0.0
0.0
0.0
0.0
0.0
9.0
148.0
324.0
490.0
632.0
741.0
802.0
813.0
772.0
669.0
531.0
360.0
185.0
21.0
0.0
0.0
0.0
0.0
0.0
0.0
0.0
0.0
0.0
0.0
9.0
151.0
327.0
496.0
638.0
737.0
799.0
801.0
749.0
668.0
535.0
371.0
192.0
22.0
0.0
0.0
0.0
0.0
0.0
0.0
0.0
0.0
0.0
0.0
8.0
150.0
325.0
500.0
648.0
763.0
815.0
816.0
772.0
672.0
525.0
352.0
178.0
16.0
0.0
0.0
0.0
0.0
0.0
0.0
0.0
0.0
0.0
0.0
8.0
152.0
328.0
506.0
650.0
760.0
824.0
826.0
779.0
679.0
531.0
362.0
180.0
15.0
0.0
0.0
0.0
0.0
0.0
0.0
0.0
0.0
0.0
0.0
7.0
148.0
328.0
509.0
662.0
771.0
839.0
840.0
791.0
680.0
533.0
358.0
177.0
15.0
0.0
0.0
0.0
0.0
0.0
0.0
0.0
0.0
0.0
0.0
5.0
158.0
261.0
569.0
558.0
506.0
473.0
516.0
362.0
439.0
350.0
183.0
106.0
3.0
0.0
0.0
0.0
0.0
0.0
0.0
0.0
0.0
0.0
0.0
4.0
103.0
226.0
345.0
466.0
498.0
549.0
465.0
443.0
341.0
258.0
181.0
78.0
3.0
0.0
0.0
0.0
0.0
0.0
0.0
0.0
0.0
0.0
0.0
5.0
147.0
339.0
543.0
710.0
454.0
455.0
447.0
544.0
486.0
368.0
269.0
123.0
13.0
0.0
0.0
0.0
0.0
0.0
0.0
0.0
0.0
0.0
0.0
2.0
77.0
197.0
303.0
366.0
397.0
502.0
526.0
469.0
422.0
357.0
254.0
102.0
5.0
0.0
0.0
0.0
0.0
0.0
0.0
0.0
0.0
0.0
0.0
5.0
133.0
310.0
486.0
632.0
738.0
795.0
800.0
751.0
650.0
503.0
329.0
153.0
8.0
0.0
0.0
0.0
0.0
0.0
0.0
0.0
0.0
0.0
0.0
4.0
137.0
320.0
497.0
648.0
755.0
811.0
813.0
758.0
654.0
503.0
327.0
150.0
6.0
0.0
0.0
0.0
0.0
0.0
0.0
0.0
0.0
0.0
0.0
1.0
71.0
182.0
312.0
392.0
436.0
533.0
541.0
476.0
401.0
309.0
203.0
98.0
6.0
0.0
0.0
0.0
0.0
0.0
0.0
0.0
0.0
0.0
0.0
1.0
93.0
320.0
414.0
481.0
846.0
859.0
816.0
297.0
112.0
42.0
27.0
12.0
2.0
0.0
0.0
0.0
0.0
0.0
0.0
0.0
0.0
0.0
0.0
1.0
15.0
35.0
55.0
72.0
85.0
94.0
96.0
88.0
72.0
55.0
39.0
16.0
1.0
0.0
0.0
0.0
0.0
0.0
0.0
0.0
0.0
0.0
0.0
2.0
77.0
192.0
314.0
396.0
475.0
554.0
568.0
518.0
401.0
309.0
196.0
82.0
1.0
0.0
0.0
0.0
0.0
0.0
0.0
0.0
0.0
0.0
0.0
3.0
84.0
189.0
311.0
383.0
467.0
497.0
516.0
494.0
409.0
314.0
194.0
72.0
1.0
0.0
0.0
0.0
0.0
0.0
0.0
0.0
0.0
0.0
0.0
2.0
87.0
229.0
350.0
441.0
518.0
553.0
583.0
536.0
464.0
362.0
231.0
94.0
1.0
0.0
0.0
0.0
0.0
0.0
0.0
0.0
0.0
0.0
0.0
1.0
73.0
193.0
321.0
414.0
464.0
522.0
504.0
465.0
379.0
289.0
187.0
78.0
1.0
0.0
0.0
0.0
0.0
0.0
0.0
0.0
0.0
0.0
0.0
1.0
46.0
119.0
218.0
300.0
356.0
376.0
351.0
350.0
289.0
193.0
151.0
51.0
1.0
0.0
0.0
0.0
0.0
0.0
0.0
0.0
0.0
0.0
0.0
1.0
41.0
39.0
37.0
49.0
86.0
213.0
355.0
557.0
470.0
302.0
119.0
54.0
2.0
0.0
0.0
0.0
0.0
0.0
0.0
0.0
0.0
0.0
0.0
1.0
96.0
105.0
108.0
435.0
824.0
725.0
767.0
537.0
210.0
38.0
24.0
9.0
1.0
0.0
0.0
0.0
0.0
0.0
0.0
0.0
0.0
0.0
0.0
1.0
70.0
197.0
314.0
398.0
449.0
500.0
506.0
448.0
381.0
263.0
179.0
58.0
0.0
0.0
0.0
0.0
0.0
0.0
0.0
0.0
0.0
0.0
0.0
2.0
20.0
62.0
156.0
308.0
487.0
749.0
427.0
501.0
273.0
323.0
241.0
8.0
0.0
0.0
0.0
0.0
0.0
0.0
0.0
0.0
0.0
0.0
0.0
1.0
109.0
259.0
465.0
619.0
589.0
509.0
532.0
493.0
302.0
257.0
141.0
54.0
1.0
0.0
0.0
0.0
0.0
0.0
0.0
0.0
0.0
0.0
0.0
0.0
9.0
134.0
352.0
267.0
80.0
288.0
388.0
254.0
341.0
227.0
88.0
8.0
0.0
0.0
0.0
0.0
0.0
0.0
0.0
0.0
0.0
0.0
0.0
1.0
83.0
229.0
404.0
526.0
605.0
641.0
642.0
599.0
508.0
376.0
232.0
76.0
0.0
0.0
0.0
0.0
0.0
0.0
0.0
0.0
0.0
0.0
0.0
0.0
56.0
116.0
189.0
231.0
445.0
584.0
589.0
633.0
526.0
492.0
287.0
94.0
1.0
0.0
0.0
0.0
0.0
0.0
0.0
0.0
0.0
0.0
0.0
0.0
88.0
257.0
435.0
588.0
696.0
753.0
747.0
694.0
584.0
429.0
248.0
79.0
0.0
0.0
0.0
0.0
0.0
0.0
0.0
0.0
0.0
0.0
0.0
0.0
90.0
263.0
443.0
596.0
704.0
756.0
750.0
691.0
575.0
421.0
242.0
73.0
0.0
0.0
0.0
0.0
0.0
0.0
0.0
0.0
0.0
0.0
0.0
0.0
88.0
265.0
446.0
601.0
714.0
768.0
767.0
711.0
598.0
439.0
253.0
76.0
0.0
0.0
0.0
0.0
0.0
0.0
0.0
0.0
0.0
0.0
0.0
0.0
81.0
250.0
424.0
572.0
672.0
729.0
723.0
663.0
549.0
397.0
223.0
30.0
0.0
0.0
0.0
0.0
0.0
0.0
0.0
0.0
0.0
0.0
0.0
0.0
80.0
250.0
430.0
585.0
693.0
753.0
750.0
686.0
567.0
407.0
227.0
30.0
0.0
0.0
0.0
0.0
0.0
0.0
0.0
0.0
0.0
0.0
0.0
0.0
79.0
250.0
430.0
584.0
692.0
752.0
747.0
688.0
573.0
412.0
227.0
29.0
0.0
0.0
0.0
0.0
0.0
0.0
0.0
0.0
0.0
0.0
0.0
0.0
68.0
224.0
377.0
516.0
608.0
644.0
633.0
581.0
489.0
352.0
201.0
24.0
0.0
0.0
0.0
0.0
0.0
0.0
0.0
0.0
0.0
0.0
0.0
0.0
54.0
187.0
332.0
444.0
515.0
563.0
557.0
485.0
386.0
256.0
126.0
4.0
0.0
0.0
0.0
0.0
0.0
0.0
0.0
0.0
0.0
0.0
0.0
0.0
56.0
188.0
340.0
466.0
531.0
551.0
557.0
495.0
408.0
273.0
127.0
4.0
0.0
0.0
0.0
0.0
0.0
0.0
0.0
0.0
0.0
0.0
0.0
0.0
35.0
118.0
167.0
220.0
187.0
260.0
303.0
474.0
368.0
277.0
199.0
43.0
0.0
0.0
0.0
0.0
0.0
0.0
0.0
0.0
0.0
0.0
0.0
0.0
5.0
70.0
144.0
240.0
246.0
237.0
243.0
250.0
271.0
240.0
108.0
13.0
0.0
0.0
0.0
0.0
0.0
0.0
0.0
0.0
0.0
0.0
0.0
0.0
22.0
184.0
340.0
444.0
556.0
566.0
613.0
519.0
466.0
295.0
140.0
7.0
0.0
0.0
0.0
0.0
0.0
0.0
0.0
0.0
0.0
0.0
0.0
0.0
15.0
168.0
311.0
443.0
363.0
335.0
488.0
491.0
358.0
267.0
174.0
8.0
0.0
0.0
0.0
0.0
0.0
0.0
0.0
0.0
0.0
0.0
0.0
0.0
15.0
154.0
257.0
361.0
445.0
475.0
522.0
459.0
342.0
236.0
105.0
2.0
0.0
0.0
0.0
0.0
0.0
0.0
0.0
0.0
0.0
0.0
0.0
0.0
5.0
89.0
119.0
252.0
198.0
229.0
299.0
378.0
375.0
199.0
72.0
4.0
0.0
0.0
0.0
0.0
0.0
0.0
0.0
0.0
0.0
0.0
0.0
0.0
4.0
66.0
152.0
217.0
215.0
244.0
261.0
294.0
235.0
173.0
82.0
6.0
0.0
0.0
0.0
0.0
0.0
0.0
0.0
0.0
0.0
0.0
0.0
0.0
18.0
180.0
338.0
490.0
554.0
558.0
569.0
506.0
403.0
260.0
111.0
2.0
0.0
0.0
0.0
0.0
0.0
0.0
0.0
0.0
0.0
0.0
0.0
0.0
17.0
176.0
334.0
480.0
583.0
628.0
611.0
534.0
423.0
284.0
128.0
5.0
0.0
0.0
0.0
0.0
0.0
0.0
0.0
0.0
0.0
0.0
0.0
0.0
16.0
169.0
326.0
459.0
559.0
615.0
629.0
576.0
456.0
300.0
134.0
5.0
0.0
0.0
0.0
0.0
0.0
0.0
0.0
0.0
0.0
0.0
0.0
0.0
17.0
195.0
370.0
518.0
619.0
664.0
654.0
588.0
469.0
311.0
139.0
3.0
0.0
0.0
0.0
0.0
0.0
0.0
0.0
0.0
0.0
0.0
0.0
0.0
14.0
180.0
345.0
487.0
601.0
641.0
620.0
549.0
435.0
281.0
119.0
2.0
0.0
0.0
0.0
0.0
0.0
0.0
0.0
0.0
0.0
0.0
0.0
0.0
6.0
80.0
166.0
234.0
277.0
282.0
287.0
224.0
189.0
111.0
45.0
1.0
0.0
0.0
0.0
0.0
0.0
0.0
0.0
0.0
0.0
0.0
0.0
0.0
7.0
82.0
111.0
150.0
180.0
247.0
287.0
315.0
143.0
173.0
86.0
8.0
0.0
0.0
0.0
0.0
0.0
0.0
0.0
0.0
0.0
0.0
0.0
0.0
11.0
161.0
318.0
459.0
555.0
604.0
605.0
548.0
433.0
279.0
115.0
2.0
0.0
0.0
0.0
0.0
0.0
0.0
0.0
0.0
0.0
0.0
0.0
0.0
2.0
43.0
91.0
140.0
167.0
179.0
185.0
159.0
128.0
89.0
40.0
1.0
0.0
0.0
0.0
0.0
0.0
0.0
0.0
0.0
0.0
0.0
0.0
0.0
3.0
28.0
61.0
96.0
106.0
116.0
465.0
385.0
290.0
182.0
61.0
1.0
0.0
0.0
0.0
0.0
0.0
0.0
0.0
0.0
0.0
0.0
0.0
0.0
9.0
142.0
284.0
399.0
484.0
540.0
538.0
490.0
363.0
230.0
87.0
0.0
0.0
0.0
0.0
0.0
0.0
0.0
0.0
0.0
0.0
0.0
0.0
0.0
2.0
17.0
44.0
68.0
82.0
57.0
422.0
384.0
292.0
176.0
68.0
0.0
0.0
0.0
0.0
0.0
0.0
0.0
0.0
0.0
0.0
0.0
0.0
0.0
2.0
11.0
107.0
111.0
154.0
186.0
337.0
207.0
182.0
117.0
34.0
0.0
0.0
0.0
0.0
0.0
0.0
0.0
0.0
0.0
0.0
0.0
0.0
0.0
14.0
120.0
322.0
483.0
363.0
258.0
225.0
137.0
90.0
39.0
7.0
0.0
0.0
0.0
0.0
0.0
0.0
0.0
0.0
0.0
0.0
0.0
0.0
0.0
4.0
57.0
135.0
130.0
154.0
174.0
322.0
227.0
122.0
86.0
40.0
1.0
0.0
0.0
0.0
0.0
0.0
0.0
0.0
0.0
0.0
0.0
0.0
0.0
1.0
59.0
128.0
174.0
212.0
230.0
232.0
191.0
164.0
94.0
34.0
0.0
0.0
0.0
0.0
0.0
0.0
0.0
0.0
0.0
0.0
0.0
0.0
0.0
1.0
74.0
71.0
164.0
152.0
228.0
230.0
281.0
238.0
227.0
52.0
0.0
0.0
0.0
0.0
0.0
0.0
0.0
0.0
0.0
0.0
0.0
0.0
0.0
1.0
67.0
153.0
234.0
291.0
293.0
300.0
260.0
194.0
112.0
43.0
0.0
0.0
0.0
0.0
0.0
0.0
0.0
0.0
0.0
0.0
0.0
0.0
0.0
2.0
106.0
248.0
370.0
422.0
462.0
453.0
370.0
302.0
204.0
68.0
0.0
0.0
0.0
0.0
0.0
0.0
0.0
0.0
0.0
0.0
0.0
0.0
0.0
3.0
111.0
270.0
390.0
461.0
500.0
494.0
433.0
313.0
195.0
61.0
0.0
0.0
0.0
0.0
0.0
0.0
0.0
0.0
0.0
0.0
0.0
0.0
0.0
3.0
119.0
272.0
409.0
497.0
542.0
532.0
451.0
340.0
196.0
27.0
0.0
0.0
0.0
0.0
0.0
0.0
0.0
0.0
0.0
0.0
0.0
0.0
0.0
1.0
13.0
28.0
32.0
42.0
56.0
374.0
310.0
243.0
145.0
20.0
0.0
0.0
0.0
0.0
0.0
0.0
0.0
0.0
0.0
0.0
0.0
0.0
0.0
1.0
9.0
22.0
293.0
524.0
604.0
296.0
191.0
71.0
29.0
5.0
0.0
0.0
0.0
0.0
0.0
0.0
0.0
0.0
0.0
0.0
0.0
0.0
0.0
1.0
106.0
252.0
389.0
480.0
529.0
519.0
447.0
345.0
197.0
24.0
0.0
0.0
0.0
0.0
0.0
0.0
0.0
0.0
0.0
0.0
0.0
0.0
0.0
1.0
61.0
203.0
242.0
366.0
408.0
443.0
384.0
294.0
167.0
32.0
0.0
0.0
0.0
0.0
0.0
0.0
0.0
0.0
0.0
0.0
0.0
0.0
0.0
1.0
84.0
221.0
299.0
371.0
438.0
440.0
421.0
316.0
167.0
14.0
0.0
0.0
0.0
0.0
0.0
0.0
0.0
0.0
0.0
0.0
0.0
0.0
0.0
1.0
85.0
209.0
389.0
427.0
414.0
393.0
294.0
194.0
85.0
6.0
0.0
0.0
0.0
0.0
0.0
0.0
0.0
0.0
0.0
0.0
0.0
0.0
0.0
0.0
42.0
118.0
186.0
251.0
271.0
232.0
215.0
139.0
66.0
3.0
0.0
0.0
0.0
0.0
0.0
0.0
0.0
0.0
0.0
0.0
0.0
0.0
0.0
1.0
47.0
126.0
205.0
266.0
313.0
333.0
286.0
166.0
90.0
3.0
0.0
0.0
0.0
0.0
0.0
0.0
0.0
0.0
0.0
0.0
0.0
0.0
0.0
0.0
82.0
217.0
337.0
427.0
475.0
454.0
411.0
289.0
145.0
8.0
0.0
0.0
0.0
0.0
0.0
0.0
0.0
0.0
0.0
0.0
0.0
0.0
0.0
0.0
34.0
28.0
31.0
147.0
412.0
416.0
473.0
319.0
183.0
21.0
0.0
0.0
0.0
0.0
0.0
0.0
0.0
0.0
0.0
0.0
0.0
0.0
0.0
0.0
7.0
19.0
33.0
47.0
55.0
331.0
285.0
212.0
112.0
8.0
0.0
0.0
0.0
0.0
0.0
0.0
0.0
0.0
0.0
0.0
0.0
0.0
0.0
0.0
46.0
117.0
196.0
222.0
240.0
211.0
173.0
127.0
63.0
3.0
0.0
0.0
0.0
0.0
0.0
0.0
0.0
0.0
0.0
0.0
0.0
0.0
0.0
0.0
37.0
49.0
95.0
197.0
300.0
284.0
211.0
236.0
169.0
23.0
0.0
0.0
0.0
0.0
0.0
0.0
0.0
0.0
0.0
0.0
0.0
0.0
0.0
0.0
79.0
162.0
286.0
251.0
534.0
209.0
35.0
140.0
67.0
17.0
0.0
0.0
0.0
0.0
0.0
0.0
0.0
0.0
0.0
0.0
0.0
0.0
0.0
0.0
42.0
105.0
180.0
247.0
271.0
265.0
200.0
147.0
76.0
2.0
0.0
0.0
0.0
0.0
0.0
0.0
0.0
0.0
0.0
0.0
0.0
0.0
0.0
0.0
20.0
64.0
99.0
133.0
147.0
137.0
121.0
87.0
43.0
2.0
0.0
0.0
0.0
0.0
0.0
0.0
0.0
0.0
0.0
0.0
0.0
0.0
0.0
0.0
24.0
78.0
131.0
163.0
183.0
178.0
140.0
105.0
49.0
2.0
0.0
0.0
0.0
0.0
0.0
0.0
0.0
0.0
0.0
0.0
0.0
0.0
0.0
0.0
48.0
178.0
307.0
377.0
437.0
437.0
375.0
266.0
131.0
5.0
0.0
0.0
0.0
0.0
0.0
0.0
0.0
0.0
0.0
0.0
0.0
0.0
0.0
0.0
15.0
126.0
233.0
271.0
324.0
276.0
227.0
192.0
87.0
2.0
0.0
0.0
0.0
0.0
0.0
0.0
0.0
0.0
0.0
0.0
0.0
0.0
0.0
0.0
7.0
39.0
63.0
84.0
108.0
110.0
91.0
69.0
32.0
2.0
0.0
0.0
0.0
0.0
0.0
0.0
0.0
0.0
0.0
0.0
0.0
0.0
0.0
0.0
24.0
128.0
148.0
197.0
237.0
326.0
242.0
221.0
143.0
13.0
0.0
0.0
0.0
0.0
0.0
0.0
0.0
0.0
0.0
0.0
0.0
0.0
0.0
0.0
21.0
131.0
256.0
285.0
452.0
409.0
273.0
176.0
103.0
10.0
0.0
0.0
0.0
0.0
0.0
0.0
0.0
0.0
0.0
0.0
0.0
0.0
0.0
0.0
15.0
143.0
242.0
350.0
391.0
385.0
318.0
209.0
93.0
1.0
0.0
0.0
0.0
0.0
0.0
0.0
0.0
0.0
0.0
0.0
0.0
0.0
0.0
0.0
16.0
146.0
253.0
346.0
373.0
353.0
300.0
199.0
90.0
1.0
0.0
0.0
0.0
0.0
0.0
0.0
0.0
0.0
0.0
0.0
0.0
0.0
0.0
0.0
14.0
132.0
225.0
323.0
377.0
372.0
305.0
194.0
82.0
1.0
0.0
0.0
0.0
0.0
0.0
0.0
0.0
0.0
0.0
0.0
0.0
0.0
0.0
0.0
17.0
169.0
297.0
397.0
432.0
420.0
357.0
242.0
106.0
2.0
0.0
0.0
0.0
0.0
0.0
0.0
0.0
0.0
0.0
0.0
0.0
0.0
0.0
0.0
3.0
45.0
55.0
65.0
67.0
130.0
197.0
140.0
69.0
7.0
0.0
0.0
0.0
0.0
0.0
0.0
0.0
0.0
0.0
0.0
0.0
0.0
0.0
0.0
3.0
50.0
93.0
124.0
128.0
125.0
106.0
80.0
38.0
2.0
0.0
0.0
0.0
0.0
0.0
0.0
0.0
0.0
0.0
0.0
0.0
0.0
0.0
0.0
34.0
156.0
290.0
271.0
286.0
218.0
146.0
99.0
87.0
3.0
0.0
0.0
0.0
0.0
0.0
0.0
0.0
0.0
0.0
0.0
0.0
0.0
0.0
0.0
5.0
66.0
123.0
165.0
194.0
181.0
159.0
105.0
44.0
1.0
0.0
0.0
0.0
0.0
0.0
0.0
0.0
0.0
0.0
0.0
0.0
0.0
0.0
0.0
2.0
17.0
35.0
46.0
52.0
49.0
46.0
34.0
15.0
1.0
0.0
0.0
0.0
0.0
0.0
0.0
0.0
0.0
0.0
0.0
0.0
0.0
0.0
0.0
7.0
109.0
206.0
293.0
322.0
305.0
250.0
174.0
74.0
1.0
0.0
0.0
0.0
0.0
0.0
0.0
0.0
0.0
0.0
0.0
0.0
0.0
0.0
0.0
21.0
83.0
187.0
251.0
369.0
261.0
180.0
193.0
77.0
2.0
0.0
0.0
0.0
0.0
0.0
0.0
0.0
0.0
0.0
0.0
0.0
0.0
0.0
0.0
5.0
101.0
197.0
250.0
297.0
296.0
238.0
165.0
71.0
1.0
0.0
0.0
0.0
0.0
0.0
0.0
0.0
0.0
0.0
0.0
0.0
0.0
0.0
0.0
2.0
40.0
76.0
103.0
115.0
112.0
96.0
64.0
28.0
1.0
0.0
0.0
0.0
0.0
0.0
0.0
0.0
0.0
0.0
0.0
0.0
0.0
0.0
0.0
2.0
22.0
62.0
69.0
92.0
103.0
92.0
66.0
33.0
1.0
0.0
0.0
0.0
0.0
0.0
0.0
0.0
0.0
0.0
0.0
0.0
0.0
0.0
0.0
2.0
59.0
121.0
159.0
175.0
158.0
179.0
105.0
43.0
1.0
0.0
0.0
0.0
0.0
0.0
0.0
0.0
0.0
0.0
0.0
0.0
0.0
0.0
0.0
10.0
80.0
109.0
208.0
294.0
368.0
319.0
185.0
100.0
6.0
0.0
0.0
0.0
0.0
0.0
0.0
0.0
0.0
0.0
0.0
0.0
0.0
0.0
0.0
4.0
97.0
199.0
274.0
314.0
306.0
257.0
172.0
67.0
1.0
0.0
0.0
0.0
0.0
0.0
0.0
0.0
0.0
0.0
0.0
0.0
0.0
0.0
0.0
1.0
105.0
165.0
246.0
279.0
285.0
194.0
182.0
74.0
1.0
0.0
0.0
0.0
0.0
0.0
0.0
0.0
0.0
0.0
0.0
0.0
0.0
0.0
0.0
1.0
17.0
30.0
42.0
29.0
238.0
207.0
142.0
61.0
1.0
0.0
0.0
0.0
0.0
0.0
0.0
0.0
0.0
0.0
0.0
0.0
0.0
0.0
0.0
1.0
14.0
30.0
42.0
51.0
44.0
40.0
29.0
12.0
0.0
0.0
0.0
0.0
0.0
0.0
0.0
0.0
0.0
0.0
0.0
0.0
0.0
0.0
0.0
1.0
13.0
27.0
37.0
41.0
45.0
37.0
22.0
9.0
0.0
0.0
0.0
0.0
0.0
0.0
0.0
0.0
0.0
0.0
0.0
0.0
0.0
0.0
0.0
5.0
58.0
145.0
144.0
220.0
194.0
30.0
18.0
7.0
0.0
0.0
0.0
0.0
0.0
0.0
0.0
0.0
0.0
0.0
0.0
0.0
0.0
0.0
0.0
1.0
46.0
106.0
152.0
182.0
198.0
166.0
115.0
45.0
0.0
0.0
0.0
0.0
0.0
0.0
0.0
0.0
0.0
0.0
0.0
0.0
0.0
0.0
0.0
1.0
46.0
102.0
151.0
184.0
183.0
164.0
93.0
44.0
0.0
0.0
0.0
0.0
0.0
0.0
0.0
0.0
0.0
0.0
0.0
0.0
0.0
0.0
0.0
1.0
73.0
154.0
249.0
308.0
303.0
237.0
173.0
68.0
1.0
0.0
0.0
0.0
0.0
0.0
0.0
0.0
0.0
0.0
0.0
0.0
0.0
0.0
0.0
1.0
74.0
166.0
251.0
281.0
283.0
241.0
162.0
66.0
0.0
0.0
0.0
0.0
0.0
0.0
0.0
0.0
0.0
0.0
0.0
0.0
0.0
0.0
0.0
1.0
85.0
179.0
268.0
310.0
313.0
262.0
176.0
70.0
0.0
0.0
0.0
0.0
0.0
0.0
0.0
0.0
0.0
0.0
0.0
0.0
0.0
0.0
0.0
1.0
63.0
149.0
234.0
287.0
276.0
234.0
158.0
68.0
1.0
0.0
0.0
0.0
0.0
0.0
0.0
0.0
0.0
0.0
0.0
0.0
0.0
0.0
0.0
1.0
69.0
158.0
242.0
251.0
270.0
207.0
135.0
58.0
1.0
0.0
0.0
0.0
0.0
0.0
0.0
0.0
0.0
0.0
0.0
0.0
0.0
0.0
0.0
1.0
68.0
139.0
197.0
230.0
238.0
192.0
112.0
49.0
0.0
0.0
0.0
0.0
0.0
0.0
0.0
0.0
0.0
0.0
0.0
0.0
0.0
0.0
0.0
1.0
79.0
183.0
265.0
307.0
301.0
256.0
165.0
67.0
0.0
0.0
0.0
0.0
0.0
0.0
0.0
0.0
0.0
0.0
0.0
0.0
0.0
0.0
0.0
0.0
24.0
45.0
73.0
102.0
90.0
76.0
50.0
19.0
0.0
0.0
0.0
0.0
0.0
0.0
0.0
0.0
0.0
0.0
0.0
0.0
0.0
0.0
0.0
0.0
42.0
109.0
167.0
194.0
191.0
165.0
111.0
54.0
1.0
0.0
0.0
0.0
0.0
0.0
0.0
0.0
0.0
0.0
0.0
0.0
0.0
0.0
0.0
1.0
84.0
196.0
289.0
345.0
339.0
284.0
193.0
82.0
0.0
0.0
0.0
0.0
0.0
0.0
0.0
0.0
0.0
0.0
0.0
0.0
0.0
0.0
0.0
0.0
15.0
35.0
51.0
56.0
53.0
41.0
30.0
13.0
1.0
0.0
0.0
0.0
0.0
0.0
0.0
0.0
0.0
0.0
0.0
0.0
0.0
0.0
0.0
0.0
7.0
17.0
24.0
28.0
28.0
24.0
16.0
7.0
0.0
0.0
0.0
0.0
0.0
0.0
0.0
0.0
0.0
0.0
0.0
0.0
0.0
0.0
0.0
1.0
79.0
193.0
289.0
338.0
341.0
291.0
191.0
80.0
1.0
0.0
0.0
0.0
0.0
0.0
0.0
0.0
0.0
0.0
0.0
0.0
0.0
0.0
0.0
1.0
86.0
210.0
297.0
351.0
360.0
305.0
207.0
91.0
1.0
0.0
0.0
0.0
0.0
0.0
0.0
0.0
0.0
0.0
0.0
0.0
0.0
0.0
0.0
0.0
51.0
129.0
197.0
200.0
209.0
187.0
135.0
54.0
1.0
0.0
0.0
0.0
0.0
0.0
0.0
0.0
0.0
0.0
0.0
0.0
0.0
0.0
0.0
0.0
11.0
26.0
32.0
25.0
173.0
157.0
117.0
59.0
2.0
0.0
0.0
0.0
0.0
0.0
0.0
0.0
0.0
0.0
0.0
0.0
0.0
0.0
0.0
0.0
7.0
17.0
25.0
30.0
245.0
179.0
112.0
75.0
3.0
0.0
0.0
0.0
0.0
0.0
0.0
0.0
0.0
0.0
0.0
0.0
0.0
0.0
0.0
0.0
25.0
51.0
83.0
91.0
118.0
101.0
74.0
30.0
1.0
0.0
0.0
0.0
0.0
0.0
0.0
0.0
0.0
0.0
0.0
0.0
0.0
0.0
0.0
0.0
34.0
86.0
127.0
159.0
166.0
138.0
97.0
42.0
1.0
0.0
0.0
0.0
0.0
0.0
0.0
0.0
0.0
0.0
0.0
0.0
0.0
0.0
0.0
0.0
12.0
49.0
146.0
201.0
281.0
265.0
181.0
94.0
2.0
0.0
0.0
0.0
0.0
0.0
0.0
0.0
0.0
0.0
0.0
0.0
0.0
0.0
0.0
0.0
38.0
84.0
238.0
166.0
303.0
142.0
97.0
50.0
2.0
0.0
0.0
0.0
0.0
0.0
0.0
0.0
0.0
0.0
0.0
0.0
0.0
0.0
0.0
0.0
34.0
87.0
131.0
156.0
157.0
138.0
99.0
41.0
1.0
0.0
0.0
0.0
0.0
0.0
0.0
