0.0
0.0
0.0
0.0
0.0
0.0
0.0
0.0
6.0
152.0
327.0
452.0
520.0
526.0
470.0
355.0
189.0
19.0
0.0
0.0
0.0
0.0
0.0
0.0
0.0
0.0
0.0
0.0
0.0
0.0
0.0
0.0
6.0
153.0
327.0
453.0
522.0
528.0
472.0
358.0
192.0
20.0
0.0
0.0
0.0
0.0
0.0
0.0
0.0
0.0
0.0
0.0
0.0
0.0
0.0
0.0
6.0
153.0
328.0
454.0
523.0
530.0
475.0
361.0
195.0
21.0
0.0
0.0
0.0
0.0
0.0
0.0
0.0
0.0
0.0
0.0
0.0
0.0
0.0
0.0
6.0
153.0
329.0
456.0
525.0
533.0
478.0
364.0
199.0
23.0
0.0
0.0
0.0
0.0
0.0
0.0
0.0
0.0
0.0
0.0
0.0
0.0
0.0
0.0
6.0
154.0
330.0
457.0
527.0
535.0
481.0
367.0
202.0
25.0
0.0
0.0
0.0
0.0
0.0
0.0
0.0
0.0
0.0
0.0
0.0
0.0
0.0
0.0
6.0
155.0
331.0
459.0
530.0
538.0
484.0
370.0
206.0
26.0
0.0
0.0
0.0
0.0
0.0
0.0
0.0
0.0
0.0
0.0
0.0
0.0
0.0
0.0
6.0
156.0
333.0
461.0
532.0
541.0
487.0
374.0
210.0
28.0
0.0
0.0
0.0
0.0
0.0
0.0
0.0
0.0
0.0
0.0
0.0
0.0
0.0
0.0
6.0
157.0
334.0
463.0
535.0
544.0
490.0
378.0
213.0
30.0
0.0
0.0
0.0
0.0
0.0
0.0
0.0
0.0
0.0
0.0
0.0
0.0
0.0
0.0
7.0
158.0
336.0
465.0
537.0
547.0
494.0
381.0
217.0
32.0
0.0
0.0
0.0
0.0
0.0
0.0
0.0
0.0
0.0
0.0
0.0
0.0
0.0
0.0
7.0
160.0
338.0
468.0
540.0
550.0
498.0
385.0
221.0
35.0
0.0
0.0
0.0
0.0
0.0
0.0
0.0
0.0
0.0
0.0
0.0
0.0
0.0
0.0
7.0
161.0
340.0
470.0
543.0
554.0
501.0
389.0
226.0
37.0
0.0
0.0
0.0
0.0
0.0
0.0
0.0
0.0
0.0
0.0
0.0
0.0
0.0
0.0
8.0
163.0
342.0
473.0
546.0
557.0
505.0
394.0
230.0
40.0
0.0
0.0
0.0
0.0
0.0
0.0
0.0
0.0
0.0
0.0
0.0
0.0
0.0
0.0
8.0
165.0
345.0
476.0
550.0
561.0
509.0
398.0
234.0
42.0
0.0
0.0
0.0
0.0
0.0
0.0
0.0
0.0
0.0
0.0
0.0
0.0
0.0
0.0
9.0
167.0
347.0
479.0
553.0
565.0
514.0
402.0
239.0
45.0
0.0
0.0
0.0
0.0
0.0
0.0
0.0
0.0
0.0
0.0
0.0
0.0
0.0
0.0
9.0
169.0
350.0
482.0
557.0
569.0
518.0
407.0
244.0
48.0
0.0
0.0
0.0
0.0
0.0
0.0
0.0
0.0
0.0
0.0
0.0
0.0
0.0
0.0
10.0
172.0
353.0
485.0
560.0
573.0
522.0
412.0
248.0
52.0
0.0
0.0
0.0
0.0
0.0
0.0
0.0
0.0
0.0
0.0
0.0
0.0
0.0
0.0
10.0
174.0
356.0
489.0
564.0
577.0
527.0
416.0
253.0
55.0
0.0
0.0
0.0
0.0
0.0
0.0
0.0
0.0
0.0
0.0
0.0
0.0
0.0
0.0
11.0
177.0
359.0
492.0
568.0
582.0
532.0
421.0
258.0
58.0
0.0
0.0
0.0
0.0
0.0
0.0
0.0
0.0
0.0
0.0
0.0
0.0
0.0
0.0
12.0
180.0
362.0
496.0
573.0
586.0
536.0
426.0
263.0
62.0
0.0
0.0
0.0
0.0
0.0
0.0
0.0
0.0
0.0
0.0
0.0
0.0
0.0
0.0
13.0
183.0
366.0
500.0
577.0
591.0
541.0
431.0
269.0
66.0
0.0
0.0
0.0
0.0
0.0
0.0
0.0
0.0
0.0
0.0
0.0
0.0
0.0
0.0
14.0
186.0
369.0
504.0
581.0
596.0
546.0
437.0
274.0
70.0
0.0
0.0
0.0
0.0
0.0
0.0
0.0
0.0
0.0
0.0
0.0
0.0
0.0
0.0
15.0
189.0
373.0
508.0
586.0
601.0
552.0
442.0
279.0
74.0
0.0
0.0
0.0
0.0
0.0
0.0
0.0
0.0
0.0
0.0
0.0
0.0
0.0
0.0
16.0
193.0
377.0
513.0
591.0
606.0
557.0
447.0
285.0
79.0
0.0
0.0
0.0
0.0
0.0
0.0
0.0
0.0
0.0
0.0
0.0
0.0
0.0
0.0
17.0
196.0
381.0
517.0
595.0
611.0
562.0
453.0
290.0
83.0
0.0
0.0
0.0
0.0
0.0
0.0
0.0
0.0
0.0
0.0
0.0
0.0
0.0
0.0
19.0
200.0
385.0
522.0
600.0
616.0
568.0
458.0
296.0
88.0
0.0
0.0
0.0
0.0
0.0
0.0
0.0
0.0
0.0
0.0
0.0
0.0
0.0
0.0
20.0
204.0
389.0
526.0
605.0
622.0
573.0
464.0
301.0
93.0
0.0
0.0
0.0
0.0
0.0
0.0
0.0
0.0
0.0
0.0
0.0
0.0
0.0
0.0
22.0
208.0
394.0
531.0
611.0
627.0
579.0
470.0
307.0
99.0
0.0
0.0
0.0
0.0
0.0
0.0
0.0
0.0
0.0
0.0
0.0
0.0
0.0
0.0
23.0
212.0
398.0
536.0
616.0
633.0
585.0
476.0
313.0
104.0
0.0
0.0
0.0
0.0
0.0
0.0
0.0
0.0
0.0
0.0
0.0
0.0
0.0
0.0
25.0
216.0
403.0
541.0
621.0
638.0
591.0
482.0
319.0
110.0
0.0
0.0
0.0
0.0
0.0
0.0
0.0
0.0
0.0
0.0
0.0
0.0
0.0
0.0
27.0
221.0
408.0
546.0
627.0
644.0
596.0
488.0
325.0
119.0
0.0
0.0
0.0
0.0
0.0
0.0
0.0
0.0
0.0
0.0
0.0
0.0
0.0
0.0
29.0
226.0
413.0
552.0
633.0
650.0
602.0
494.0
331.0
125.0
0.0
0.0
0.0
0.0
0.0
0.0
0.0
0.0
0.0
0.0
0.0
0.0
0.0
0.0
32.0
230.0
418.0
557.0
638.0
656.0
608.0
500.0
337.0
131.0
1.0
0.0
0.0
0.0
0.0
0.0
0.0
0.0
0.0
0.0
0.0
0.0
0.0
0.0
34.0
235.0
423.0
563.0
644.0
662.0
615.0
506.0
343.0
137.0
1.0
0.0
0.0
0.0
0.0
0.0
0.0
0.0
0.0
0.0
0.0
0.0
0.0
0.0
37.0
240.0
429.0
568.0
650.0
668.0
621.0
512.0
349.0
143.0
2.0
0.0
0.0
0.0
0.0
0.0
0.0
0.0
0.0
0.0
0.0
0.0
0.0
0.0
39.0
245.0
434.0
574.0
656.0
674.0
627.0
518.0
355.0
149.0
2.0
0.0
0.0
0.0
0.0
0.0
0.0
0.0
0.0
0.0
0.0
0.0
0.0
0.0
42.0
251.0
440.0
580.0
662.0
680.0
633.0
525.0
361.0
155.0
3.0
0.0
0.0
0.0
0.0
0.0
0.0
0.0
0.0
0.0
0.0
0.0
0.0
0.0
45.0
256.0
445.0
586.0
668.0
687.0
640.0
531.0
368.0
161.0
4.0
0.0
0.0
0.0
0.0
0.0
0.0
0.0
0.0
0.0
0.0
0.0
0.0
0.0
49.0
261.0
451.0
592.0
674.0
693.0
646.0
537.0
374.0
167.0
5.0
0.0
0.0
0.0
0.0
0.0
0.0
0.0
0.0
0.0
0.0
0.0
0.0
0.0
52.0
267.0
457.0
598.0
681.0
699.0
653.0
544.0
380.0
173.0
7.0
0.0
0.0
0.0
0.0
0.0
0.0
0.0
0.0
0.0
0.0
0.0
0.0
0.0
56.0
273.0
463.0
604.0
687.0
706.0
659.0
550.0
386.0
179.0
8.0
0.0
0.0
0.0
0.0
0.0
0.0
0.0
0.0
0.0
0.0
0.0
0.0
0.0
60.0
278.0
469.0
611.0
694.0
712.0
666.0
557.0
393.0
185.0
10.0
0.0
0.0
0.0
0.0
0.0
0.0
0.0
0.0
0.0
0.0
0.0
0.0
0.0
64.0
284.0
475.0
617.0
700.0
719.0
672.0
563.0
399.0
191.0
12.0
0.0
0.0
0.0
0.0
0.0
0.0
0.0
0.0
0.0
0.0
0.0
0.0
0.0
68.0
290.0
481.0
623.0
707.0
726.0
679.0
570.0
406.0
198.0
13.0
0.0
0.0
0.0
0.0
0.0
0.0
0.0
0.0
0.0
0.0
0.0
0.0
0.0
73.0
297.0
488.0
630.0
713.0
732.0
686.0
576.0
412.0
204.0
16.0
0.0
0.0
0.0
0.0
0.0
0.0
0.0
0.0
0.0
0.0
0.0
0.0
0.0
77.0
303.0
494.0
637.0
720.0
739.0
692.0
583.0
418.0
210.0
18.0
0.0
0.0
0.0
0.0
0.0
0.0
0.0
0.0
0.0
0.0
0.0
0.0
0.0
82.0
309.0
501.0
643.0
727.0
746.0
699.0
590.0
425.0
216.0
20.0
0.0
0.0
0.0
0.0
0.0
0.0
0.0
0.0
0.0
0.0
0.0
0.0
0.0
88.0
316.0
507.0
650.0
734.0
753.0
706.0
596.0
431.0
222.0
23.0
0.0
0.0
0.0
0.0
0.0
0.0
0.0
0.0
0.0
0.0
0.0
0.0
0.0
93.0
322.0
514.0
657.0
741.0
760.0
713.0
603.0
438.0
229.0
25.0
0.0
0.0
0.0
0.0
0.0
0.0
0.0
0.0
0.0
0.0
0.0
0.0
0.0
99.0
329.0
521.0
664.0
747.0
766.0
719.0
609.0
444.0
235.0
28.0
0.0
0.0
0.0
0.0
0.0
0.0
0.0
0.0
0.0
0.0
0.0
0.0
0.0
105.0
335.0
528.0
671.0
754.0
773.0
726.0
616.0
451.0
241.0
31.0
0.0
0.0
0.0
0.0
0.0
0.0
0.0
0.0
0.0
0.0
0.0
0.0
0.0
111.0
342.0
535.0
678.0
761.0
780.0
733.0
623.0
457.0
247.0
34.0
0.0
0.0
0.0
0.0
0.0
0.0
0.0
0.0
0.0
0.0
0.0
0.0
0.0
118.0
349.0
542.0
684.0
768.0
787.0
740.0
629.0
464.0
254.0
37.0
0.0
0.0
0.0
0.0
0.0
0.0
0.0
0.0
0.0
0.0
0.0
0.0
0.0
127.0
356.0
549.0
692.0
775.0
794.0
747.0
636.0
470.0
260.0
41.0
0.0
0.0
0.0
0.0
0.0
0.0
0.0
0.0
0.0
0.0
0.0
0.0
0.0
134.0
363.0
556.0
699.0
782.0
801.0
753.0
643.0
476.0
266.0
44.0
0.0
0.0
0.0
0.0
0.0
0.0
0.0
0.0
0.0
0.0
0.0
0.0
1.0
141.0
370.0
563.0
706.0
789.0
808.0
760.0
649.0
483.0
272.0
48.0
0.0
0.0
0.0
0.0
0.0
0.0
0.0
0.0
0.0
0.0
0.0
0.0
1.0
148.0
377.0
570.0
713.0
796.0
815.0
767.0
656.0
489.0
278.0
52.0
0.0
0.0
0.0
0.0
0.0
0.0
0.0
0.0
0.0
0.0
0.0
0.0
2.0
155.0
384.0
577.0
720.0
803.0
822.0
774.0
662.0
495.0
284.0
56.0
0.0
0.0
0.0
0.0
0.0
0.0
0.0
0.0
0.0
0.0
0.0
0.0
3.0
162.0
392.0
584.0
727.0
811.0
829.0
780.0
669.0
502.0
291.0
60.0
0.0
0.0
0.0
0.0
0.0
0.0
0.0
0.0
0.0
0.0
0.0
0.0
4.0
169.0
399.0
592.0
734.0
818.0
836.0
787.0
675.0
508.0
297.0
64.0
0.0
0.0
0.0
0.0
0.0
0.0
0.0
0.0
0.0
0.0
0.0
0.0
6.0
177.0
406.0
599.0
742.0
825.0
842.0
794.0
682.0
514.0
303.0
68.0
0.0
0.0
0.0
0.0
0.0
0.0
0.0
0.0
0.0
0.0
0.0
0.0
7.0
184.0
414.0
606.0
749.0
832.0
849.0
800.0
688.0
521.0
309.0
73.0
0.0
0.0
0.0
0.0
0.0
0.0
0.0
0.0
0.0
0.0
0.0
0.0
9.0
191.0
421.0
613.0
756.0
839.0
856.0
807.0
695.0
527.0
315.0
77.0
0.0
0.0
0.0
0.0
0.0
0.0
0.0
0.0
0.0
0.0
0.0
0.0
11.0
199.0
428.0
621.0
763.0
846.0
863.0
814.0
701.0
533.0
321.0
82.0
0.0
0.0
0.0
0.0
0.0
0.0
0.0
0.0
0.0
0.0
0.0
0.0
13.0
206.0
436.0
628.0
770.0
853.0
870.0
820.0
707.0
539.0
327.0
87.0
0.0
0.0
0.0
0.0
0.0
0.0
0.0
0.0
0.0
0.0
0.0
0.0
16.0
214.0
443.0
636.0
778.0
860.0
877.0
827.0
714.0
545.0
333.0
91.0
0.0
0.0
0.0
0.0
0.0
0.0
0.0
0.0
0.0
0.0
0.0
0.0
19.0
222.0
451.0
643.0
785.0
867.0
883.0
833.0
720.0
551.0
338.0
96.0
0.0
0.0
0.0
0.0
0.0
0.0
0.0
0.0
0.0
0.0
0.0
0.0
22.0
229.0
458.0
650.0
792.0
874.0
890.0
840.0
726.0
557.0
344.0
102.0
0.0
0.0
0.0
0.0
0.0
0.0
0.0
0.0
0.0
0.0
0.0
0.0
25.0
237.0
466.0
658.0
799.0
881.0
897.0
846.0
732.0
563.0
350.0
107.0
0.0
0.0
0.0
0.0
0.0
0.0
0.0
0.0
0.0
0.0
0.0
0.0
29.0
245.0
474.0
665.0
807.0
888.0
904.0
853.0
739.0
569.0
356.0
112.0
0.0
0.0
0.0
0.0
0.0
0.0
0.0
0.0
0.0
0.0
0.0
0.0
32.0
252.0
481.0
673.0
814.0
895.0
910.0
859.0
745.0
575.0
362.0
118.0
0.0
0.0
0.0
0.0
0.0
0.0
0.0
0.0
0.0
0.0
0.0
0.0
36.0
260.0
489.0
680.0
821.0
902.0
917.0
865.0
751.0
581.0
367.0
123.0
0.0
0.0
0.0
0.0
0.0
0.0
0.0
0.0
0.0
0.0
0.0
0.0
41.0
268.0
496.0
687.0
828.0
908.0
923.0
872.0
757.0
587.0
373.0
130.0
0.0
0.0
0.0
0.0
0.0
0.0
0.0
0.0
0.0
0.0
0.0
0.0
45.0
276.0
504.0
695.0
835.0
915.0
930.0
878.0
763.0
592.0
379.0
136.0
0.0
0.0
0.0
0.0
0.0
0.0
0.0
0.0
0.0
0.0
0.0
0.0
50.0
283.0
512.0
702.0
842.0
922.0
936.0
884.0
769.0
598.0
384.0
141.0
0.0
0.0
0.0
0.0
0.0
0.0
0.0
0.0
0.0
0.0
0.0
0.0
55.0
291.0
519.0
709.0
849.0
929.0
943.0
890.0
774.0
604.0
390.0
147.0
1.0
0.0
0.0
0.0
0.0
0.0
0.0
0.0
0.0
0.0
0.0
0.0
61.0
299.0
527.0
717.0
856.0
935.0
949.0
896.0
780.0
609.0
395.0
152.0
1.0
0.0
0.0
0.0
0.0
0.0
0.0
0.0
0.0
0.0
0.0
0.0
66.0
307.0
534.0
724.0
863.0
942.0
955.0
902.0
786.0
615.0
401.0
158.0
2.0
0.0
0.0
0.0
0.0
0.0
0.0
0.0
0.0
0.0
0.0
0.0
72.0
314.0
542.0
731.0
870.0
948.0
961.0
908.0
792.0
620.0
406.0
163.0
3.0
0.0
0.0
0.0
0.0
0.0
0.0
0.0
0.0
0.0
0.0
0.0
78.0
322.0
549.0
738.0
877.0
955.0
968.0
914.0
797.0
626.0
411.0
168.0
3.0
0.0
0.0
0.0
0.0
0.0
0.0
0.0
0.0
0.0
0.0
0.0
84.0
330.0
557.0
746.0
884.0
961.0
974.0
919.0
803.0
631.0
417.0
174.0
4.0
0.0
0.0
0.0
0.0
0.0
0.0
0.0
0.0
0.0
0.0
0.0
91.0
338.0
564.0
753.0
890.0
968.0
980.0
925.0
808.0
637.0
422.0
179.0
5.0
0.0
0.0
0.0
0.0
0.0
0.0
0.0
0.0
0.0
0.0
0.0
98.0
345.0
572.0
760.0
897.0
974.0
986.0
931.0
814.0
642.0
427.0
184.0
7.0
0.0
0.0
0.0
0.0
0.0
0.0
0.0
0.0
0.0
0.0
0.0
105.0
353.0
579.0
767.0
904.0
980.0
991.0
936.0
819.0
647.0
432.0
190.0
8.0
0.0
0.0
0.0
0.0
0.0
0.0
0.0
0.0
0.0
0.0
0.0
112.0
361.0
586.0
774.0
910.0
986.0
997.0
942.0
824.0
652.0
438.0
195.0
9.0
0.0
0.0
0.0
0.0
0.0
0.0
0.0
0.0
0.0
0.0
0.0
120.0
368.0
594.0
781.0
917.0
993.0
1003.0
947.0
830.0
657.0
443.0
200.0
11.0
0.0
0.0
0.0
0.0
0.0
0.0
0.0
0.0
0.0
0.0
0.0
128.0
376.0
601.0
787.0
923.0
999.0
1009.0
953.0
835.0
662.0
448.0
205.0
12.0
0.0
0.0
0.0
0.0
0.0
0.0
0.0
0.0
0.0
0.0
0.0
136.0
384.0
608.0
794.0
930.0
1005.0
1014.0
958.0
840.0
667.0
453.0
210.0
14.0
0.0
0.0
0.0
0.0
0.0
0.0
0.0
0.0
0.0
0.0
1.0
144.0
391.0
615.0
801.0
936.0
1010.0
1020.0
963.0
845.0
672.0
458.0
215.0
16.0
0.0
0.0
0.0
0.0
0.0
0.0
0.0
0.0
0.0
0.0
1.0
152.0
399.0
622.0
808.0
942.0
1016.0
1025.0
969.0
850.0
677.0
463.0
220.0
18.0
0.0
0.0
0.0
0.0
0.0
0.0
0.0
0.0
0.0
0.0
2.0
159.0
406.0
629.0
814.0
948.0
1022.0
1031.0
974.0
855.0
682.0
467.0
225.0
20.0
0.0
0.0
0.0
0.0
0.0
0.0
0.0
0.0
0.0
0.0
3.0
167.0
413.0
636.0
821.0
954.0
1028.0
1036.0
979.0
860.0
687.0
472.0
230.0
22.0
0.0
0.0
0.0
0.0
0.0
0.0
0.0
0.0
0.0
0.0
5.0
175.0
421.0
643.0
827.0
960.0
1033.0
1041.0
984.0
864.0
692.0
477.0
235.0
24.0
0.0
0.0
0.0
0.0
0.0
0.0
0.0
0.0
0.0
0.0
6.0
182.0
428.0
650.0
834.0
966.0
1039.0
1046.0
989.0
869.0
696.0
482.0
240.0
26.0
0.0
0.0
0.0
0.0
0.0
0.0
0.0
0.0
0.0
0.0
8.0
190.0
435.0
657.0
840.0
972.0
1044.0
1052.0
993.0
874.0
701.0
486.0
245.0
28.0
0.0
0.0
0.0
0.0
0.0
0.0
0.0
0.0
0.0
0.0
10.0
197.0
442.0
663.0
846.0
978.0
1050.0
1057.0
998.0
878.0
705.0
491.0
250.0
31.0
0.0
0.0
0.0
0.0
0.0
0.0
0.0
0.0
0.0
0.0
13.0
205.0
449.0
670.0
852.0
984.0
1055.0
1062.0
1003.0
883.0
710.0
496.0
255.0
33.0
0.0
0.0
0.0
0.0
0.0
0.0
0.0
0.0
0.0
0.0
15.0
212.0
456.0
677.0
858.0
989.0
1060.0
1066.0
1007.0
887.0
714.0
500.0
260.0
36.0
0.0
0.0
0.0
0.0
0.0
0.0
0.0
0.0
0.0
0.0
18.0
220.0
463.0
683.0
864.0
995.0
1065.0
1071.0
1012.0
892.0
719.0
505.0
264.0
39.0
0.0
0.0
0.0
0.0
0.0
0.0
0.0
0.0
0.0
0.0
21.0
227.0
470.0
689.0
870.0
1000.0
1070.0
1076.0
1016.0
896.0
723.0
509.0
269.0
42.0
0.0
0.0
0.0
0.0
0.0
0.0
0.0
0.0
0.0
0.0
24.0
234.0
477.0
696.0
876.0
1005.0
1075.0
1080.0
1021.0
900.0
727.0
514.0
274.0
45.0
0.0
0.0
0.0
0.0
0.0
0.0
0.0
0.0
0.0
0.0
27.0
241.0
483.0
702.0
882.0
1011.0
1080.0
1085.0
1025.0
905.0
732.0
518.0
278.0
48.0
0.0
0.0
0.0
0.0
0.0
0.0
0.0
0.0
0.0
0.0
31.0
248.0
490.0
708.0
887.0
1016.0
1085.0
1089.0
1029.0
909.0
736.0
522.0
283.0
51.0
0.0
0.0
0.0
0.0
0.0
0.0
0.0
0.0
0.0
0.0
35.0
255.0
496.0
714.0
893.0
1021.0
1089.0
1094.0
1034.0
913.0
740.0
527.0
288.0
54.0
0.0
0.0
0.0
0.0
0.0
0.0
0.0
0.0
0.0
0.0
39.0
262.0
503.0
720.0
898.0
1026.0
1094.0
1098.0
1038.0
917.0
744.0
531.0
292.0
57.0
0.0
0.0
0.0
0.0
0.0
0.0
0.0
0.0
0.0
0.0
43.0
269.0
509.0
726.0
904.0
1031.0
1099.0
1102.0
1042.0
921.0
748.0
535.0
297.0
61.0
0.0
0.0
0.0
0.0
0.0
0.0
0.0
0.0
0.0
0.0
47.0
275.0
515.0
731.0
909.0
1036.0
1103.0
1106.0
1046.0
925.0
752.0
539.0
301.0
64.0
0.0
0.0
0.0
0.0
0.0
0.0
0.0
0.0
0.0
0.0
51.0
282.0
522.0
737.0
914.0
1040.0
1107.0
1110.0
1049.0
929.0
756.0
544.0
306.0
68.0
0.0
0.0
0.0
0.0
0.0
0.0
0.0
0.0
0.0
0.0
56.0
288.0
528.0
743.0
919.0
1045.0
1112.0
1114.0
1053.0
932.0
760.0
548.0
310.0
71.0
0.0
0.0
0.0
0.0
0.0
0.0
0.0
0.0
0.0
0.0
60.0
295.0
533.0
748.0
924.0
1049.0
1116.0
1118.0
1057.0
936.0
764.0
552.0
314.0
75.0
0.0
0.0
0.0
0.0
0.0
0.0
0.0
0.0
0.0
0.0
65.0
301.0
539.0
753.0
929.0
1054.0
1120.0
1122.0
1061.0
940.0
768.0
556.0
319.0
79.0
0.0
0.0
0.0
0.0
0.0
0.0
0.0
0.0
0.0
0.0
70.0
307.0
545.0
759.0
934.0
1058.0
1124.0
1126.0
1064.0
943.0
771.0
560.0
323.0
83.0
0.0
0.0
0.0
0.0
0.0
0.0
0.0
0.0
0.0
0.0
75.0
314.0
551.0
764.0
938.0
1062.0
1128.0
1129.0
1068.0
947.0
775.0
564.0
327.0
86.0
0.0
0.0
0.0
0.0
0.0
0.0
0.0
0.0
0.0
0.0
80.0
320.0
556.0
769.0
943.0
1067.0
1131.0
1133.0
1071.0
950.0
779.0
568.0
332.0
90.0
0.0
0.0
0.0
0.0
0.0
0.0
0.0
0.0
0.0
0.0
86.0
325.0
562.0
774.0
947.0
1071.0
1135.0
1136.0
1075.0
954.0
782.0
571.0
336.0
95.0
0.0
0.0
0.0
0.0
0.0
0.0
0.0
0.0
0.0
0.0
91.0
331.0
567.0
779.0
952.0
1075.0
1139.0
1140.0
1078.0
957.0
786.0
575.0
340.0
99.0
0.0
0.0
0.0
0.0
0.0
0.0
0.0
0.0
0.0
0.0
96.0
337.0
572.0
783.0
956.0
1078.0
1142.0
1143.0
1081.0
960.0
789.0
579.0
344.0
103.0
0.0
0.0
0.0
0.0
0.0
0.0
0.0
0.0
0.0
0.0
102.0
343.0
577.0
788.0
960.0
1082.0
1146.0
1146.0
1084.0
964.0
793.0
583.0
349.0
107.0
0.0
0.0
0.0
0.0
0.0
0.0
0.0
0.0
0.0
0.0
107.0
348.0
582.0
792.0
964.0
1086.0
1149.0
1150.0
1088.0
967.0
796.0
586.0
353.0
112.0
0.0
0.0
0.0
0.0
0.0
0.0
0.0
0.0
0.0
0.0
113.0
353.0
587.0
797.0
968.0
1089.0
1152.0
1153.0
1091.0
970.0
799.0
590.0
357.0
116.0
0.0
0.0
0.0
0.0
0.0
0.0
0.0
0.0
0.0
0.0
118.0
359.0
592.0
801.0
972.0
1093.0
1155.0
1156.0
1094.0
973.0
803.0
594.0
361.0
119.0
0.0
0.0
0.0
0.0
0.0
0.0
0.0
0.0
0.0
0.0
123.0
364.0
596.0
805.0
976.0
1096.0
1159.0
1159.0
1096.0
976.0
806.0
597.0
365.0
124.0
0.0
0.0
0.0
0.0
0.0
0.0
0.0
0.0
0.0
0.0
128.0
369.0
601.0
809.0
979.0
1099.0
1162.0
1162.0
1099.0
979.0
809.0
601.0
369.0
128.0
0.0
0.0
0.0
0.0
0.0
0.0
0.0
0.0
0.0
1.0
134.0
374.0
605.0
813.0
983.0
1103.0
1165.0
1164.0
1102.0
982.0
812.0
604.0
373.0
133.0
0.0
0.0
0.0
0.0
0.0
0.0
0.0
0.0
0.0
1.0
139.0
378.0
610.0
817.0
986.0
1106.0
1167.0
1167.0
1105.0
985.0
815.0
608.0
376.0
137.0
1.0
0.0
0.0
0.0
0.0
0.0
0.0
0.0
0.0
2.0
144.0
383.0
614.0
821.0
989.0
1109.0
1170.0
1170.0
1108.0
988.0
818.0
611.0
380.0
141.0
1.0
0.0
0.0
0.0
0.0
0.0
0.0
0.0
0.0
2.0
149.0
388.0
618.0
824.0
993.0
1112.0
1173.0
1172.0
1110.0
990.0
821.0
615.0
384.0
146.0
2.0
0.0
0.0
0.0
0.0
0.0
0.0
0.0
0.0
3.0
154.0
392.0
622.0
828.0
996.0
1114.0
1175.0
1175.0
1113.0
993.0
824.0
618.0
388.0
150.0
2.0
0.0
0.0
0.0
0.0
0.0
0.0
0.0
0.0
4.0
159.0
396.0
626.0
831.0
999.0
1117.0
1178.0
1177.0
1115.0
996.0
827.0
621.0
392.0
154.0
3.0
0.0
0.0
0.0
0.0
0.0
0.0
0.0
0.0
5.0
163.0
401.0
629.0
834.0
1002.0
1120.0
1180.0
1180.0
1118.0
998.0
830.0
624.0
395.0
158.0
4.0
0.0
0.0
0.0
0.0
0.0
0.0
0.0
0.0
6.0
168.0
405.0
633.0
838.0
1004.0
1122.0
1183.0
1182.0
1120.0
1001.0
833.0
628.0
399.0
162.0
5.0
0.0
0.0
0.0
0.0
0.0
0.0
0.0
0.0
7.0
172.0
409.0
637.0
841.0
1007.0
1125.0
1185.0
1184.0
1122.0
1003.0
836.0
631.0
402.0
166.0
6.0
0.0
0.0
0.0
0.0
0.0
0.0
0.0
0.0
8.0
177.0
412.0
640.0
844.0
1010.0
1127.0
1187.0
1186.0
1124.0
1006.0
839.0
634.0
406.0
170.0
7.0
0.0
0.0
0.0
0.0
0.0
0.0
0.0
0.0
10.0
181.0
416.0
643.0
846.0
1012.0
1129.0
1189.0
1188.0
1127.0
1008.0
841.0
637.0
409.0
174.0
8.0
0.0
0.0
0.0
0.0
0.0
0.0
0.0
0.0
11.0
185.0
420.0
646.0
849.0
1015.0
1131.0
1191.0
1190.0
1129.0
1011.0
844.0
640.0
413.0
178.0
9.0
0.0
0.0
0.0
0.0
0.0
0.0
0.0
0.0
12.0
189.0
423.0
649.0
852.0
1017.0
1133.0
1193.0
1192.0
1131.0
1013.0
846.0
643.0
416.0
182.0
10.0
0.0
0.0
0.0
0.0
0.0
0.0
0.0
0.0
14.0
192.0
426.0
652.0
854.0
1019.0
1135.0
1195.0
1194.0
1133.0
1015.0
849.0
646.0
420.0
186.0
12.0
0.0
0.0
0.0
0.0
0.0
0.0
0.0
0.0
15.0
196.0
430.0
655.0
857.0
1021.0
1137.0
1197.0
1196.0
1135.0
1017.0
852.0
649.0
423.0
189.0
13.0
0.0
0.0
0.0
0.0
0.0
0.0
0.0
0.0
17.0
199.0
433.0
658.0
859.0
1023.0
1139.0
1199.0
1198.0
1137.0
1019.0
854.0
652.0
426.0
193.0
14.0
0.0
0.0
0.0
0.0
0.0
0.0
0.0
0.0
18.0
203.0
436.0
660.0
861.0
1025.0
1141.0
1200.0
1200.0
1139.0
1022.0
856.0
654.0
429.0
197.0
16.0
0.0
0.0
0.0
0.0
0.0
0.0
0.0
0.0
20.0
206.0
438.0
663.0
863.0
1027.0
1143.0
1202.0
1201.0
1140.0
1024.0
859.0
657.0
433.0
200.0
17.0
0.0
0.0
0.0
0.0
0.0
0.0
0.0
0.0
21.0
209.0
441.0
665.0
865.0
1029.0
1144.0
1204.0
1203.0
1142.0
1026.0
861.0
660.0
436.0
204.0
19.0
0.0
0.0
0.0
0.0
0.0
0.0
0.0
0.0
23.0
212.0
444.0
667.0
867.0
1031.0
1146.0
1205.0
1204.0
1144.0
1027.0
863.0
662.0
439.0
207.0
20.0
0.0
0.0
0.0
0.0
0.0
0.0
0.0
0.0
24.0
215.0
446.0
669.0
869.0
1032.0
1147.0
1206.0
1206.0
1145.0
1029.0
866.0
665.0
442.0
211.0
22.0
0.0
0.0
0.0
0.0
0.0
0.0
0.0
0.0
25.0
218.0
448.0
671.0
871.0
1034.0
1149.0
1208.0
1207.0
1147.0
1031.0
868.0
668.0
445.0
214.0
24.0
0.0
0.0
0.0
0.0
0.0
0.0
0.0
0.0
27.0
220.0
451.0
673.0
872.0
1035.0
1150.0
1209.0
1209.0
1149.0
1033.0
870.0
670.0
447.0
217.0
25.0
0.0
0.0
0.0
0.0
0.0
0.0
0.0
0.0
28.0
223.0
453.0
675.0
874.0
1036.0
1151.0
1210.0
1210.0
1150.0
1035.0
872.0
672.0
450.0
220.0
27.0
0.0
0.0
0.0
0.0
0.0
0.0
0.0
0.0
30.0
225.0
455.0
677.0
875.0
1038.0
1152.0
1211.0
1211.0
1151.0
1036.0
874.0
675.0
453.0
223.0
29.0
0.0
0.0
0.0
0.0
0.0
0.0
0.0
0.0
31.0
227.0
457.0
678.0
877.0
1039.0
1153.0
1212.0
1212.0
1153.0
1038.0
876.0
677.0
456.0
226.0
31.0
0.0
0.0
0.0
0.0
0.0
0.0
0.0
0.0
32.0
229.0
458.0
679.0
878.0
1040.0
1154.0
1213.0
1213.0
1154.0
1040.0
878.0
679.0
458.0
229.0
32.0
0.0
0.0
0.0
0.0
0.0
0.0
0.0
0.0
33.0
231.0
460.0
681.0
879.0
1041.0
1155.0
1214.0
1214.0
1155.0
1041.0
880.0
682.0
461.0
232.0
34.0
0.0
0.0
0.0
0.0
0.0
0.0
0.0
0.0
35.0
233.0
461.0
682.0
880.0
1042.0
1156.0
1215.0
1216.0
1157.0
1043.0
881.0
684.0
463.0
235.0
36.0
0.0
0.0
0.0
0.0
0.0
0.0
0.0
0.0
36.0
235.0
463.0
683.0
881.0
1042.0
1157.0
1216.0
1216.0
1158.0
1044.0
883.0
686.0
466.0
238.0
37.0
0.0
0.0
0.0
0.0
0.0
0.0
0.0
0.0
37.0
236.0
464.0
684.0
882.0
1043.0
1157.0
1217.0
1217.0
1159.0
1046.0
885.0
688.0
468.0
240.0
39.0
0.0
0.0
0.0
0.0
0.0
0.0
0.0
0.0
38.0
238.0
465.0
685.0
882.0
1044.0
1158.0
1218.0
1218.0
1160.0
1047.0
887.0
690.0
470.0
243.0
41.0
0.0
0.0
0.0
0.0
0.0
0.0
0.0
0.0
39.0
239.0
466.0
686.0
883.0
1044.0
1159.0
1218.0
1219.0
1161.0
1048.0
888.0
692.0
473.0
245.0
43.0
0.0
0.0
0.0
0.0
0.0
0.0
0.0
0.0
40.0
240.0
467.0
687.0
884.0
1045.0
1159.0
1219.0
1220.0
1162.0
1049.0
890.0
694.0
475.0
248.0
44.0
0.0
0.0
0.0
0.0
0.0
0.0
0.0
0.0
40.0
241.0
468.0
687.0
884.0
1045.0
1160.0
1219.0
1220.0
1163.0
1051.0
891.0
695.0
477.0
250.0
46.0
0.0
0.0
0.0
0.0
0.0
0.0
0.0
0.0
41.0
242.0
469.0
688.0
885.0
1046.0
1160.0
1220.0
1221.0
1164.0
1052.0
893.0
697.0
479.0
252.0
47.0
0.0
0.0
0.0
0.0
0.0
0.0
0.0
0.0
42.0
243.0
469.0
688.0
885.0
1046.0
1160.0
1220.0
1222.0
1165.0
1053.0
894.0
699.0
481.0
255.0
49.0
0.0
0.0
0.0
0.0
0.0
0.0
0.0
0.0
42.0
244.0
470.0
689.0
885.0
1046.0
1161.0
1221.0
1222.0
1165.0
1054.0
895.0
700.0
483.0
257.0
50.0
0.0
0.0
0.0
0.0
0.0
0.0
0.0
0.0
43.0
244.0
470.0
689.0
885.0
1046.0
1161.0
1221.0
1223.0
1166.0
1055.0
897.0
702.0
484.0
259.0
52.0
0.0
0.0
0.0
0.0
0.0
0.0
0.0
0.0
43.0
245.0
470.0
689.0
885.0
1046.0
1161.0
1221.0
1223.0
1167.0
1056.0
898.0
703.0
486.0
260.0
53.0
0.0
0.0
0.0
0.0
0.0
0.0
0.0
0.0
44.0
245.0
471.0
689.0
885.0
1046.0
1161.0
1221.0
1224.0
1167.0
1057.0
899.0
705.0
488.0
262.0
55.0
0.0
0.0
0.0
0.0
0.0
0.0
0.0
0.0
44.0
245.0
471.0
689.0
885.0
1046.0
1161.0
1222.0
1224.0
1168.0
1058.0
900.0
706.0
489.0
264.0
56.0
0.0
0.0
0.0
0.0
0.0
0.0
0.0
0.0
44.0
246.0
471.0
689.0
885.0
1046.0
1161.0
1222.0
1224.0
1169.0
1058.0
901.0
707.0
491.0
265.0
57.0
0.0
0.0
0.0
0.0
0.0
0.0
0.0
0.0
44.0
246.0
470.0
689.0
885.0
1046.0
1161.0
1222.0
1225.0
1169.0
1059.0
902.0
709.0
492.0
267.0
58.0
0.0
0.0
0.0
0.0
0.0
0.0
0.0
0.0
44.0
245.0
470.0
688.0
884.0
1046.0
1161.0
1222.0
1225.0
1170.0
1060.0
903.0
710.0
493.0
268.0
59.0
0.0
0.0
0.0
0.0
0.0
0.0
0.0
0.0
44.0
245.0
470.0
688.0
884.0
1045.0
1160.0
1222.0
1225.0
1170.0
1060.0
904.0
711.0
494.0
270.0
60.0
0.0
0.0
0.0
0.0
0.0
0.0
0.0
0.0
44.0
245.0
469.0
687.0
884.0
1045.0
1160.0
1222.0
1225.0
1170.0
1061.0
904.0
712.0
496.0
271.0
61.0
0.0
0.0
0.0
0.0
0.0
0.0
0.0
0.0
44.0
244.0
469.0
687.0
883.0
1044.0
1160.0
1222.0
1225.0
1171.0
1061.0
905.0
713.0
497.0
272.0
62.0
0.0
0.0
0.0
0.0
0.0
0.0
0.0
0.0
43.0
244.0
468.0
686.0
882.0
1044.0
1160.0
1221.0
1225.0
1171.0
1062.0
906.0
713.0
497.0
273.0
63.0
0.0
0.0
0.0
0.0
0.0
0.0
0.0
0.0
43.0
243.0
468.0
685.0
882.0
1043.0
1159.0
1221.0
1225.0
1171.0
1062.0
906.0
714.0
498.0
274.0
64.0
0.0
0.0
0.0
0.0
0.0
0.0
0.0
0.0
43.0
242.0
467.0
685.0
881.0
1043.0
1159.0
1221.0
1225.0
1171.0
1063.0
907.0
715.0
499.0
275.0
64.0
0.0
0.0
0.0
0.0
0.0
0.0
0.0
0.0
42.0
241.0
466.0
684.0
880.0
1042.0
1158.0
1221.0
1225.0
1171.0
1063.0
907.0
715.0
500.0
275.0
65.0
0.0
0.0
0.0
0.0
0.0
0.0
0.0
0.0
41.0
240.0
465.0
683.0
879.0
1041.0
1158.0
1220.0
1225.0
1171.0
1063.0
908.0
716.0
500.0
276.0
65.0
0.0
0.0
0.0
0.0
0.0
0.0
0.0
0.0
41.0
239.0
464.0
682.0
878.0
1041.0
1157.0
1220.0
1225.0
1171.0
1063.0
908.0
716.0
501.0
276.0
66.0
0.0
0.0
0.0
0.0
0.0
0.0
0.0
0.0
40.0
238.0
462.0
681.0
877.0
1040.0
1156.0
1219.0
1224.0
1171.0
1063.0
908.0
717.0
501.0
277.0
66.0
0.0
0.0
0.0
0.0
0.0
0.0
0.0
0.0
39.0
237.0
461.0
679.0
876.0
1039.0
1156.0
1219.0
1224.0
1171.0
1063.0
908.0
717.0
501.0
277.0
66.0
0.0
0.0
0.0
0.0
0.0
0.0
0.0
0.0
38.0
235.0
460.0
678.0
875.0
1038.0
1155.0
1218.0
1224.0
1171.0
1063.0
909.0
717.0
502.0
277.0
66.0
0.0
0.0
0.0
0.0
0.0
0.0
0.0
0.0
37.0
234.0
458.0
677.0
874.0
1037.0
1154.0
1218.0
1223.0
1171.0
1063.0
909.0
717.0
502.0
277.0
66.0
0.0
0.0
0.0
0.0
0.0
0.0
0.0
0.0
37.0
232.0
457.0
675.0
873.0
1036.0
1153.0
1217.0
1223.0
1170.0
1063.0
909.0
717.0
502.0
277.0
66.0
0.0
0.0
0.0
0.0
0.0
0.0
0.0
0.0
36.0
231.0
455.0
674.0
871.0
1035.0
1152.0
1216.0
1222.0
1170.0
1063.0
908.0
717.0
501.0
277.0
65.0
0.0
0.0
0.0
0.0
0.0
0.0
0.0
0.0
34.0
229.0
454.0
672.0
870.0
1034.0
1151.0
1216.0
1222.0
1170.0
1063.0
908.0
717.0
501.0
276.0
65.0
0.0
0.0
0.0
0.0
0.0
0.0
0.0
0.0
33.0
227.0
452.0
671.0
869.0
1032.0
1150.0
1215.0
1221.0
1169.0
1062.0
908.0
716.0
501.0
276.0
65.0
0.0
0.0
0.0
0.0
0.0
0.0
0.0
0.0
32.0
225.0
450.0
669.0
867.0
1031.0
1149.0
1214.0
1221.0
1169.0
1062.0
908.0
716.0
500.0
275.0
64.0
0.0
0.0
0.0
0.0
0.0
0.0
0.0
0.0
31.0
223.0
448.0
667.0
866.0
1030.0
1148.0
1213.0
1220.0
1168.0
1062.0
907.0
716.0
500.0
275.0
63.0
0.0
0.0
0.0
0.0
0.0
0.0
0.0
0.0
30.0
221.0
446.0
665.0
864.0
1028.0
1147.0
1212.0
1219.0
1168.0
1061.0
907.0
715.0
499.0
274.0
63.0
0.0
0.0
0.0
0.0
0.0
0.0
0.0
0.0
29.0
219.0
444.0
664.0
862.0
1027.0
1146.0
1211.0
1218.0
1167.0
1060.0
906.0
714.0
498.0
273.0
62.0
0.0
0.0
0.0
0.0
0.0
0.0
0.0
0.0
27.0
216.0
442.0
662.0
861.0
1026.0
1145.0
1210.0
1218.0
1166.0
1060.0
905.0
714.0
498.0
272.0
61.0
0.0
0.0
0.0
0.0
0.0
0.0
0.0
0.0
26.0
214.0
440.0
660.0
859.0
1024.0
1143.0
1209.0
1217.0
1165.0
1059.0
905.0
713.0
497.0
271.0
60.0
0.0
0.0
0.0
0.0
0.0
0.0
0.0
0.0
25.0
211.0
437.0
658.0
857.0
1022.0
1142.0
1208.0
1216.0
1165.0
1058.0
904.0
712.0
496.0
270.0
59.0
0.0
0.0
0.0
0.0
0.0
0.0
0.0
0.0
23.0
209.0
435.0
656.0
855.0
1021.0
1141.0
1207.0
1215.0
1164.0
1057.0
903.0
711.0
494.0
268.0
58.0
0.0
0.0
0.0
0.0
0.0
0.0
0.0
0.0
22.0
206.0
433.0
653.0
853.0
1019.0
1139.0
1206.0
1214.0
1163.0
1056.0
902.0
710.0
493.0
267.0
56.0
0.0
0.0
0.0
0.0
0.0
0.0
0.0
0.0
21.0
203.0
430.0
651.0
852.0
1018.0
1138.0
1204.0
1213.0
1162.0
1055.0
901.0
709.0
492.0
265.0
55.0
0.0
0.0
0.0
0.0
0.0
0.0
0.0
0.0
20.0
201.0
428.0
649.0
850.0
1016.0
1136.0
1203.0
1211.0
1161.0
1054.0
900.0
707.0
490.0
263.0
53.0
0.0
0.0
0.0
0.0
0.0
0.0
0.0
0.0
18.0
198.0
425.0
647.0
847.0
1014.0
1135.0
1202.0
1210.0
1159.0
1053.0
898.0
706.0
488.0
261.0
52.0
0.0
0.0
0.0
0.0
0.0
0.0
0.0
0.0
17.0
195.0
422.0
644.0
845.0
1012.0
1133.0
1200.0
1209.0
1158.0
1052.0
897.0
704.0
487.0
259.0
50.0
0.0
0.0
0.0
0.0
0.0
0.0
0.0
0.0
16.0
192.0
420.0
642.0
843.0
1010.0
1132.0
1199.0
1208.0
1157.0
1050.0
896.0
703.0
485.0
257.0
49.0
0.0
0.0
0.0
0.0
0.0
0.0
0.0
0.0
15.0
189.0
417.0
639.0
841.0
1008.0
1130.0
1197.0
1206.0
1156.0
1049.0
894.0
701.0
483.0
255.0
47.0
0.0
0.0
0.0
0.0
0.0
0.0
0.0
0.0
13.0
186.0
414.0
637.0
839.0
1007.0
1128.0
1196.0
1205.0
1154.0
1048.0
892.0
699.0
481.0
252.0
45.0
0.0
0.0
0.0
0.0
0.0
0.0
0.0
0.0
12.0
182.0
411.0
634.0
837.0
1005.0
1127.0
1194.0
1203.0
1153.0
1046.0
891.0
697.0
479.0
250.0
44.0
0.0
0.0
0.0
0.0
0.0
0.0
0.0
0.0
11.0
179.0
408.0
632.0
834.0
1003.0
1125.0
1193.0
1202.0
1151.0
1044.0
889.0
695.0
476.0
247.0
42.0
0.0
0.0
0.0
0.0
0.0
0.0
0.0
0.0
10.0
176.0
405.0
629.0
832.0
1000.0
1123.0
1191.0
1200.0
1149.0
1043.0
887.0
693.0
474.0
245.0
40.0
0.0
0.0
0.0
0.0
0.0
0.0
0.0
0.0
9.0
172.0
402.0
626.0
830.0
998.0
1121.0
1189.0
1198.0
1148.0
1041.0
885.0
691.0
471.0
242.0
38.0
0.0
0.0
0.0
0.0
0.0
0.0
0.0
0.0
8.0
169.0
399.0
623.0
827.0
996.0
1119.0
1187.0
1197.0
1146.0
1039.0
883.0
688.0
469.0
239.0
36.0
0.0
0.0
0.0
0.0
0.0
0.0
0.0
0.0
7.0
166.0
396.0
621.0
825.0
994.0
1117.0
1186.0
1195.0
1144.0
1037.0
881.0
686.0
466.0
235.0
34.0
0.0
0.0
0.0
0.0
0.0
0.0
0.0
0.0
6.0
162.0
393.0
618.0
822.0
992.0
1115.0
1184.0
1193.0
1142.0
1035.0
878.0
683.0
463.0
232.0
32.0
0.0
0.0
0.0
0.0
0.0
0.0
0.0
0.0
5.0
158.0
389.0
615.0
820.0
989.0
1113.0
1182.0
1191.0
1140.0
1033.0
876.0
680.0
460.0
229.0
30.0
0.0
0.0
0.0
0.0
0.0
0.0
0.0
0.0
4.0
155.0
386.0
612.0
817.0
987.0
1111.0
1180.0
1189.0
1138.0
1030.0
873.0
678.0
457.0
225.0
28.0
0.0
0.0
0.0
0.0
0.0
0.0
0.0
0.0
3.0
151.0
383.0
609.0
814.0
985.0
1109.0
1178.0
1187.0
1136.0
1028.0
871.0
675.0
453.0
222.0
26.0
0.0
0.0
0.0
0.0
0.0
0.0
0.0
0.0
3.0
147.0
379.0
606.0
812.0
982.0
1106.0
1175.0
1185.0
1134.0
1026.0
868.0
672.0
450.0
218.0
24.0
0.0
0.0
0.0
0.0
0.0
0.0
0.0
0.0
2.0
144.0
376.0
603.0
809.0
980.0
1104.0
1173.0
1183.0
1131.0
1023.0
865.0
669.0
446.0
214.0
22.0
0.0
0.0
0.0
0.0
0.0
0.0
0.0
0.0
2.0
140.0
373.0
600.0
806.0
977.0
1102.0
1171.0
1180.0
1129.0
1020.0
862.0
665.0
443.0
210.0
20.0
0.0
0.0
0.0
0.0
0.0
0.0
0.0
0.0
1.0
136.0
369.0
597.0
803.0
975.0
1100.0
1169.0
1178.0
1126.0
1018.0
859.0
662.0
439.0
206.0
19.0
0.0
0.0
0.0
0.0
0.0
0.0
0.0
0.0
1.0
132.0
366.0
594.0
801.0
972.0
1097.0
1166.0
1176.0
1124.0
1015.0
856.0
658.0
435.0
201.0
17.0
0.0
0.0
0.0
0.0
0.0
0.0
0.0
0.0
0.0
128.0
362.0
590.0
798.0
970.0
1095.0
1164.0
1173.0
1121.0
1012.0
853.0
655.0
431.0
197.0
15.0
0.0
0.0
0.0
0.0
0.0
0.0
0.0
0.0
0.0
124.0
358.0
587.0
795.0
967.0
1092.0
1162.0
1171.0
1119.0
1009.0
850.0
651.0
427.0
192.0
13.0
0.0
0.0
0.0
0.0
0.0
0.0
0.0
0.0
0.0
120.0
355.0
584.0
792.0
964.0
1090.0
1159.0
1168.0
1116.0
1006.0
846.0
647.0
423.0
188.0
12.0
0.0
0.0
0.0
0.0
0.0
0.0
0.0
0.0
0.0
116.0
351.0
581.0
789.0
962.0
1087.0
1156.0
1165.0
1113.0
1003.0
843.0
643.0
418.0
183.0
10.0
0.0
0.0
0.0
0.0
0.0
0.0
0.0
0.0
0.0
113.0
347.0
577.0
786.0
959.0
1084.0
1154.0
1163.0
1110.0
1000.0
839.0
639.0
414.0
178.0
9.0
0.0
0.0
0.0
0.0
0.0
0.0
0.0
0.0
0.0
109.0
344.0
574.0
783.0
956.0
1082.0
1151.0
1160.0
1107.0
996.0
835.0
635.0
409.0
173.0
7.0
0.0
0.0
0.0
0.0
0.0
0.0
0.0
0.0
0.0
105.0
340.0
571.0
780.0
953.0
1079.0
1148.0
1157.0
1104.0
993.0
832.0
631.0
405.0
168.0
6.0
0.0
0.0
0.0
0.0
0.0
0.0
0.0
0.0
0.0
101.0
336.0
567.0
777.0
950.0
1076.0
1145.0
1154.0
1101.0
989.0
828.0
627.0
400.0
163.0
5.0
0.0
0.0
0.0
0.0
0.0
0.0
0.0
0.0
0.0
97.0
332.0
564.0
774.0
947.0
1073.0
1143.0
1151.0
1097.0
986.0
824.0
622.0
395.0
157.0
4.0
0.0
0.0
0.0
0.0
0.0
0.0
0.0
0.0
0.0
93.0
328.0
560.0
770.0
944.0
1070.0
1140.0
1148.0
1094.0
982.0
819.0
617.0
390.0
152.0
3.0
0.0
0.0
0.0
0.0
0.0
0.0
0.0
0.0
0.0
89.0
325.0
557.0
767.0
941.0
1067.0
1137.0
1144.0
1090.0
978.0
815.0
613.0
385.0
146.0
2.0
0.0
0.0
0.0
0.0
0.0
0.0
0.0
0.0
0.0
86.0
321.0
553.0
764.0
938.0
1064.0
1133.0
1141.0
1087.0
974.0
811.0
608.0
379.0
141.0
1.0
0.0
0.0
0.0
0.0
0.0
0.0
0.0
0.0
0.0
82.0
317.0
550.0
761.0
935.0
1061.0
1130.0
1138.0
1083.0
970.0
806.0
603.0
374.0
135.0
1.0
0.0
0.0
0.0
0.0
0.0
0.0
0.0
0.0
0.0
79.0
313.0
546.0
757.0
932.0
1058.0
1127.0
1134.0
1079.0
966.0
802.0
598.0
369.0
129.0
0.0
0.0
0.0
0.0
0.0
0.0
0.0
0.0
0.0
0.0
75.0
309.0
542.0
754.0
929.0
1055.0
1124.0
1131.0
1076.0
962.0
797.0
593.0
363.0
123.0
0.0
0.0
0.0
0.0
0.0
0.0
0.0
0.0
0.0
0.0
72.0
305.0
539.0
750.0
925.0
1051.0
1120.0
1127.0
1072.0
958.0
792.0
588.0
357.0
118.0
0.0
0.0
0.0
0.0
0.0
0.0
0.0
0.0
0.0
0.0
68.0
301.0
535.0
747.0
922.0
1048.0
1117.0
1124.0
1068.0
953.0
788.0
582.0
351.0
112.0
0.0
0.0
0.0
0.0
0.0
0.0
0.0
0.0
0.0
0.0
65.0
297.0
531.0
744.0
919.0
1045.0
1113.0
1120.0
1064.0
949.0
783.0
577.0
346.0
106.0
0.0
0.0
0.0
0.0
0.0
0.0
0.0
0.0
0.0
0.0
62.0
293.0
528.0
740.0
915.0
1041.0
1110.0
1116.0
1060.0
944.0
778.0
571.0
340.0
100.0
0.0
0.0
0.0
0.0
0.0
0.0
0.0
0.0
0.0
0.0
58.0
289.0
524.0
736.0
912.0
1038.0
1106.0
1112.0
1055.0
939.0
772.0
566.0
333.0
94.0
0.0
0.0
0.0
0.0
0.0
0.0
0.0
0.0
0.0
0.0
55.0
284.0
520.0
733.0
908.0
1034.0
1103.0
1108.0
1051.0
935.0
767.0
560.0
327.0
88.0
0.0
0.0
0.0
0.0
0.0
0.0
0.0
0.0
0.0
0.0
52.0
280.0
516.0
729.0
905.0
1031.0
1099.0
1104.0
1046.0
930.0
762.0
554.0
321.0
83.0
0.0
0.0
0.0
0.0
0.0
0.0
0.0
0.0
0.0
0.0
49.0
276.0
512.0
726.0
901.0
1027.0
1095.0
1100.0
1042.0
925.0
756.0
548.0
314.0
77.0
0.0
0.0
0.0
0.0
0.0
0.0
0.0
0.0
0.0
0.0
47.0
272.0
508.0
722.0
897.0
1023.0
1091.0
1096.0
1037.0
920.0
751.0
542.0
308.0
72.0
0.0
0.0
0.0
0.0
0.0
0.0
0.0
0.0
0.0
0.0
44.0
268.0
505.0
718.0
894.0
1020.0
1087.0
1092.0
1033.0
915.0
745.0
536.0
301.0
66.0
0.0
0.0
0.0
0.0
0.0
0.0
0.0
0.0
0.0
0.0
41.0
263.0
501.0
714.0
890.0
1016.0
1083.0
1087.0
1028.0
909.0
739.0
530.0
295.0
61.0
0.0
0.0
0.0
0.0
0.0
0.0
0.0
0.0
0.0
0.0
39.0
259.0
497.0
710.0
886.0
1012.0
1079.0
1083.0
1023.0
904.0
734.0
523.0
288.0
56.0
0.0
0.0
0.0
0.0
0.0
0.0
0.0
0.0
0.0
0.0
36.0
255.0
493.0
707.0
882.0
1008.0
1075.0
1078.0
1018.0
899.0
728.0
517.0
281.0
52.0
0.0
0.0
0.0
0.0
0.0
0.0
0.0
0.0
0.0
0.0
34.0
251.0
488.0
703.0
878.0
1004.0
1070.0
1074.0
1013.0
893.0
722.0
511.0
274.0
47.0
0.0
0.0
0.0
0.0
0.0
0.0
0.0
0.0
0.0
0.0
31.0
246.0
484.0
699.0
875.0
1000.0
1066.0
1069.0
1008.0
887.0
716.0
504.0
267.0
43.0
0.0
0.0
0.0
0.0
0.0
0.0
0.0
0.0
0.0
0.0
29.0
242.0
480.0
695.0
871.0
996.0
1062.0
1064.0
1003.0
882.0
709.0
497.0
260.0
38.0
0.0
0.0
0.0
0.0
0.0
0.0
0.0
0.0
0.0
0.0
27.0
237.0
476.0
691.0
866.0
991.0
1057.0
1059.0
997.0
876.0
703.0
491.0
253.0
34.0
0.0
0.0
0.0
0.0
0.0
0.0
0.0
0.0
0.0
0.0
25.0
233.0
472.0
687.0
862.0
987.0
1053.0
1054.0
992.0
870.0
697.0
484.0
246.0
31.0
0.0
0.0
0.0
0.0
0.0
0.0
0.0
0.0
0.0
0.0
23.0
229.0
468.0
682.0
858.0
983.0
1048.0
1049.0
987.0
864.0
690.0
477.0
239.0
27.0
0.0
0.0
0.0
0.0
0.0
0.0
0.0
0.0
0.0
0.0
21.0
224.0
464.0
678.0
854.0
978.0
1043.0
1044.0
981.0
858.0
684.0
470.0
231.0
24.0
0.0
0.0
0.0
0.0
0.0
0.0
0.0
0.0
0.0
0.0
19.0
220.0
459.0
674.0
850.0
974.0
1039.0
1039.0
976.0
852.0
677.0
463.0
224.0
20.0
0.0
0.0
0.0
0.0
0.0
0.0
0.0
0.0
0.0
0.0
17.0
215.0
455.0
670.0
845.0
970.0
1034.0
1034.0
970.0
846.0
671.0
456.0
216.0
17.0
0.0
0.0
0.0
0.0
0.0
0.0
0.0
0.0
0.0
0.0
15.0
211.0
451.0
666.0
841.0
965.0
1029.0
1029.0
964.0
840.0
664.0
449.0
209.0
15.0
0.0
0.0
0.0
0.0
0.0
0.0
0.0
0.0
0.0
0.0
14.0
206.0
446.0
661.0
837.0
960.0
1024.0
1023.0
958.0
833.0
657.0
442.0
201.0
12.0
0.0
0.0
0.0
0.0
0.0
0.0
0.0
0.0
0.0
0.0
12.0
202.0
442.0
657.0
832.0
956.0
1019.0
1018.0
952.0
827.0
650.0
434.0
194.0
10.0
0.0
0.0
0.0
0.0
0.0
0.0
0.0
0.0
0.0
0.0
11.0
197.0
437.0
652.0
828.0
951.0
1014.0
1012.0
947.0
821.0
643.0
427.0
186.0
8.0
0.0
0.0
0.0
0.0
0.0
0.0
0.0
0.0
0.0
0.0
9.0
192.0
433.0
648.0
823.0
946.0
1009.0
1007.0
940.0
814.0
636.0
420.0
178.0
6.0
0.0
0.0
0.0
0.0
0.0
0.0
0.0
0.0
0.0
0.0
8.0
188.0
428.0
643.0
818.0
941.0
1004.0
1001.0
934.0
808.0
629.0
412.0
170.0
4.0
0.0
0.0
0.0
0.0
0.0
0.0
0.0
0.0
0.0
0.0
7.0
183.0
424.0
639.0
814.0
936.0
998.0
996.0
928.0
801.0
622.0
405.0
163.0
3.0
0.0
0.0
0.0
0.0
0.0
0.0
0.0
0.0
0.0
0.0
6.0
178.0
419.0
634.0
809.0
931.0
993.0
990.0
922.0
794.0
615.0
397.0
155.0
2.0
0.0
0.0
0.0
0.0
0.0
0.0
0.0
0.0
0.0
0.0
5.0
174.0
414.0
629.0
804.0
926.0
987.0
984.0
916.0
788.0
608.0
390.0
147.0
1.0
0.0
0.0
0.0
0.0
0.0
0.0
0.0
0.0
0.0
0.0
4.0
169.0
410.0
625.0
799.0
921.0
982.0
978.0
909.0
781.0
601.0
382.0
139.0
0.0
0.0
0.0
0.0
0.0
0.0
0.0
0.0
0.0
0.0
0.0
3.0
164.0
405.0
620.0
794.0
916.0
976.0
972.0
903.0
774.0
594.0
374.0
131.0
0.0
0.0
0.0
0.0
0.0
0.0
0.0
0.0
0.0
0.0
0.0
2.0
159.0
400.0
615.0
789.0
910.0
971.0
966.0
897.0
767.0
586.0
367.0
122.0
0.0
0.0
0.0
0.0
0.0
0.0
0.0
0.0
0.0
0.0
0.0
2.0
154.0
396.0
610.0
784.0
905.0
965.0
960.0
890.0
760.0
579.0
359.0
115.0
0.0
0.0
0.0
0.0
0.0
0.0
0.0
0.0
0.0
0.0
0.0
1.0
150.0
391.0
605.0
779.0
900.0
959.0
954.0
883.0
753.0
572.0
351.0
107.0
0.0
0.0
0.0
0.0
0.0
0.0
0.0
0.0
0.0
0.0
0.0
1.0
145.0
386.0
600.0
774.0
894.0
954.0
948.0
877.0
746.0
564.0
344.0
100.0
0.0
0.0
0.0
0.0
0.0
0.0
0.0
0.0
0.0
0.0
0.0
0.0
140.0
381.0
595.0
769.0
889.0
948.0
941.0
870.0
739.0
557.0
336.0
93.0
0.0
0.0
0.0
0.0
0.0
0.0
0.0
0.0
0.0
0.0
0.0
0.0
135.0
376.0
590.0
763.0
883.0
942.0
935.0
863.0
732.0
549.0
328.0
86.0
0.0
0.0
0.0
0.0
0.0
0.0
0.0
0.0
0.0
0.0
0.0
0.0
130.0
371.0
585.0
758.0
878.0
936.0
929.0
857.0
725.0
542.0
320.0
80.0
0.0
0.0
0.0
0.0
0.0
0.0
0.0
0.0
0.0
0.0
0.0
0.0
123.0
366.0
580.0
753.0
872.0
930.0
922.0
850.0
718.0
534.0
312.0
73.0
0.0
0.0
0.0
0.0
0.0
0.0
0.0
0.0
0.0
0.0
0.0
0.0
119.0
361.0
575.0
747.0
866.0
924.0
916.0
843.0
710.0
527.0
305.0
68.0
0.0
0.0
0.0
0.0
0.0
0.0
0.0
0.0
0.0
0.0
0.0
0.0
114.0
356.0
570.0
742.0
861.0
918.0
909.0
836.0
703.0
519.0
297.0
62.0
0.0
0.0
0.0
0.0
0.0
0.0
0.0
0.0
0.0
0.0
0.0
0.0
109.0
351.0
564.0
736.0
855.0
912.0
903.0
829.0
696.0
512.0
289.0
56.0
0.0
0.0
0.0
0.0
0.0
0.0
0.0
0.0
0.0
0.0
0.0
0.0
104.0
345.0
559.0
731.0
849.0
905.0
896.0
822.0
689.0
504.0
281.0
51.0
0.0
0.0
0.0
0.0
0.0
0.0
0.0
0.0
0.0
0.0
0.0
0.0
99.0
340.0
554.0
725.0
843.0
899.0
890.0
815.0
681.0
497.0
274.0
46.0
0.0
0.0
0.0
0.0
0.0
0.0
0.0
0.0
0.0
0.0
0.0
0.0
95.0
335.0
548.0
720.0
837.0
893.0
883.0
808.0
674.0
489.0
266.0
42.0
0.0
0.0
0.0
0.0
0.0
0.0
0.0
0.0
0.0
0.0
0.0
0.0
90.0
330.0
543.0
714.0
831.0
887.0
876.0
801.0
667.0
481.0
258.0
37.0
0.0
0.0
0.0
0.0
0.0
0.0
0.0
0.0
0.0
0.0
0.0
0.0
86.0
324.0
537.0
708.0
825.0
880.0
870.0
794.0
659.0
474.0
251.0
33.0
0.0
0.0
0.0
0.0
0.0
0.0
0.0
0.0
0.0
0.0
0.0
0.0
81.0
319.0
532.0
702.0
819.0
874.0
863.0
787.0
652.0
466.0
243.0
29.0
0.0
0.0
0.0
0.0
0.0
0.0
0.0
0.0
0.0
0.0
0.0
0.0
77.0
314.0
526.0
696.0
813.0
867.0
856.0
780.0
645.0
459.0
235.0
26.0
0.0
0.0
0.0
0.0
0.0
0.0
0.0
0.0
0.0
0.0
0.0
0.0
73.0
308.0
521.0
691.0
807.0
861.0
849.0
773.0
638.0
451.0
228.0
22.0
0.0
0.0
0.0
0.0
0.0
0.0
0.0
0.0
0.0
0.0
0.0
0.0
69.0
303.0
515.0
685.0
800.0
854.0
843.0
766.0
630.0
444.0
220.0
19.0
0.0
0.0
0.0
0.0
0.0
0.0
0.0
0.0
0.0
0.0
0.0
0.0
65.0
297.0
509.0
679.0
794.0
848.0
836.0
759.0
623.0
437.0
213.0
17.0
0.0
0.0
0.0
0.0
0.0
0.0
0.0
0.0
0.0
0.0
0.0
0.0
61.0
292.0
503.0
673.0
788.0
841.0
829.0
752.0
616.0
429.0
205.0
14.0
0.0
0.0
0.0
0.0
0.0
0.0
0.0
0.0
0.0
0.0
0.0
0.0
57.0
286.0
498.0
667.0
782.0
835.0
822.0
745.0
609.0
422.0
198.0
12.0
0.0
0.0
0.0
0.0
0.0
0.0
0.0
0.0
0.0
0.0
0.0
0.0
54.0
280.0
492.0
661.0
775.0
828.0
815.0
738.0
601.0
414.0
190.0
9.0
0.0
0.0
0.0
0.0
0.0
0.0
0.0
0.0
0.0
0.0
0.0
0.0
50.0
275.0
486.0
655.0
769.0
822.0
809.0
731.0
594.0
407.0
183.0
8.0
0.0
0.0
0.0
0.0
0.0
0.0
0.0
0.0
0.0
0.0
0.0
0.0
47.0
269.0
480.0
649.0
763.0
815.0
802.0
724.0
587.0
400.0
176.0
6.0
0.0
0.0
0.0
0.0
0.0
0.0
0.0
0.0
0.0
0.0
0.0
0.0
43.0
263.0
474.0
642.0
756.0
808.0
795.0
717.0
580.0
393.0
169.0
4.0
0.0
0.0
0.0
0.0
0.0
0.0
0.0
0.0
0.0
0.0
0.0
0.0
40.0
258.0
468.0
636.0
750.0
802.0
788.0
710.0
573.0
386.0
161.0
3.0
0.0
0.0
0.0
0.0
0.0
0.0
0.0
0.0
0.0
0.0
0.0
0.0
37.0
252.0
462.0
630.0
744.0
795.0
781.0
703.0
566.0
379.0
154.0
2.0
0.0
0.0
0.0
0.0
0.0
0.0
0.0
0.0
0.0
0.0
0.0
0.0
34.0
246.0
456.0
624.0
737.0
789.0
775.0
696.0
559.0
372.0
147.0
1.0
0.0
0.0
0.0
0.0
0.0
0.0
0.0
0.0
0.0
0.0
0.0
0.0
31.0
241.0
450.0
618.0
731.0
782.0
768.0
689.0
552.0
365.0
141.0
1.0
0.0
0.0
0.0
0.0
0.0
0.0
0.0
0.0
0.0
0.0
0.0
0.0
28.0
235.0
444.0
611.0
724.0
775.0
761.0
682.0
545.0
358.0
134.0
0.0
0.0
0.0
0.0
0.0
0.0
0.0
0.0
0.0
0.0
0.0
0.0
0.0
26.0
229.0
438.0
605.0
718.0
769.0
754.0
676.0
538.0
351.0
127.0
0.0
0.0
0.0
0.0
0.0
0.0
0.0
0.0
0.0
0.0
0.0
0.0
0.0
23.0
223.0
432.0
599.0
711.0
762.0
748.0
669.0
531.0
344.0
118.0
0.0
0.0
0.0
0.0
0.0
0.0
0.0
0.0
0.0
0.0
0.0
0.0
0.0
21.0
217.0
426.0
593.0
705.0
756.0
741.0
662.0
524.0
337.0
111.0
0.0
0.0
0.0
0.0
0.0
0.0
0.0
0.0
0.0
0.0
0.0
0.0
0.0
19.0
212.0
420.0
586.0
699.0
749.0
734.0
655.0
518.0
331.0
105.0
0.0
0.0
0.0
0.0
0.0
0.0
0.0
0.0
0.0
0.0
0.0
0.0
0.0
16.0
206.0
414.0
580.0
692.0
742.0
728.0
649.0
511.0
324.0
99.0
0.0
0.0
0.0
0.0
0.0
0.0
0.0
0.0
0.0
0.0
0.0
0.0
0.0
14.0
200.0
408.0
574.0
686.0
736.0
721.0
642.0
505.0
318.0
93.0
0.0
0.0
0.0
0.0
0.0
0.0
0.0
0.0
0.0
0.0
0.0
0.0
0.0
12.0
194.0
402.0
568.0
679.0
729.0
715.0
636.0
498.0
312.0
88.0
0.0
0.0
0.0
0.0
0.0
0.0
0.0
0.0
0.0
0.0
0.0
0.0
0.0
11.0
188.0
396.0
562.0
673.0
723.0
708.0
629.0
492.0
305.0
83.0
0.0
0.0
0.0
0.0
0.0
0.0
0.0
0.0
0.0
0.0
0.0
0.0
0.0
9.0
182.0
390.0
555.0
667.0
717.0
702.0
623.0
486.0
299.0
78.0
0.0
0.0
0.0
0.0
0.0
0.0
0.0
0.0
0.0
0.0
0.0
0.0
0.0
8.0
176.0
384.0
549.0
660.0
710.0
695.0
617.0
479.0
293.0
73.0
0.0
0.0
0.0
0.0
0.0
0.0
0.0
0.0
0.0
0.0
0.0
0.0
0.0
6.0
171.0
378.0
543.0
654.0
704.0
689.0
610.0
473.0
287.0
69.0
0.0
0.0
0.0
0.0
0.0
0.0
0.0
0.0
0.0
0.0
0.0
0.0
0.0
5.0
165.0
372.0
537.0
648.0
698.0
683.0
604.0
467.0
281.0
65.0
0.0
0.0
0.0
0.0
0.0
0.0
0.0
0.0
0.0
0.0
0.0
0.0
0.0
4.0
159.0
366.0
531.0
642.0
691.0
677.0
598.0
461.0
276.0
61.0
0.0
0.0
0.0
0.0
0.0
0.0
0.0
0.0
0.0
0.0
0.0
0.0
0.0
3.0
153.0
360.0
525.0
635.0
685.0
670.0
592.0
456.0
270.0
57.0
0.0
0.0
0.0
0.0
0.0
0.0
0.0
0.0
0.0
0.0
0.0
0.0
0.0
2.0
147.0
354.0
518.0
629.0
679.0
664.0
586.0
450.0
265.0
53.0
0.0
0.0
0.0
0.0
0.0
0.0
0.0
0.0
0.0
0.0
0.0
0.0
0.0
1.0
142.0
348.0
512.0
623.0
673.0
658.0
580.0
444.0
259.0
50.0
0.0
0.0
0.0
0.0
0.0
0.0
0.0
0.0
0.0
0.0
0.0
0.0
0.0
1.0
136.0
342.0
506.0
617.0
667.0
652.0
575.0
439.0
254.0
46.0
0.0
0.0
0.0
0.0
0.0
0.0
0.0
0.0
0.0
0.0
0.0
0.0
0.0
1.0
130.0
336.0
500.0
611.0
661.0
647.0
569.0
433.0
249.0
43.0
0.0
0.0
0.0
0.0
0.0
0.0
0.0
0.0
0.0
0.0
0.0
0.0
0.0
0.0
125.0
331.0
495.0
605.0
655.0
641.0
563.0
428.0
244.0
40.0
0.0
0.0
0.0
0.0
0.0
0.0
0.0
0.0
0.0
0.0
0.0
0.0
0.0
0.0
119.0
325.0
489.0
599.0
649.0
635.0
558.0
423.0
239.0
38.0
0.0
0.0
0.0
0.0
0.0
0.0
0.0
0.0
0.0
0.0
0.0
0.0
0.0
0.0
110.0
319.0
483.0
594.0
644.0
630.0
553.0
418.0
234.0
35.0
0.0
0.0
0.0
0.0
0.0
0.0
0.0
0.0
0.0
0.0
0.0
0.0
0.0
0.0
104.0
313.0
477.0
588.0
638.0
624.0
547.0
413.0
230.0
33.0
0.0
0.0
0.0
0.0
0.0
0.0
0.0
0.0
0.0
0.0
0.0
0.0
0.0
0.0
99.0
308.0
471.0
582.0
633.0
619.0
542.0
408.0
225.0
31.0
0.0
0.0
0.0
0.0
0.0
0.0
0.0
0.0
0.0
0.0
0.0
0.0
0.0
0.0
94.0
302.0
466.0
577.0
627.0
614.0
537.0
403.0
221.0
29.0
0.0
0.0
0.0
0.0
0.0
0.0
0.0
0.0
0.0
0.0
0.0
0.0
0.0
0.0
89.0
297.0
460.0
571.0
622.0
609.0
533.0
399.0
216.0
27.0
0.0
0.0
0.0
0.0
0.0
0.0
0.0
0.0
0.0
0.0
0.0
0.0
0.0
0.0
84.0
291.0
455.0
566.0
616.0
604.0
528.0
394.0
212.0
25.0
0.0
0.0
0.0
0.0
0.0
0.0
0.0
0.0
0.0
0.0
0.0
0.0
0.0
0.0
80.0
286.0
449.0
560.0
611.0
599.0
523.0
390.0
208.0
23.0
0.0
0.0
0.0
0.0
0.0
0.0
0.0
0.0
0.0
0.0
0.0
0.0
0.0
0.0
75.0
280.0
444.0
555.0
606.0
594.0
519.0
386.0
205.0
22.0
0.0
0.0
0.0
0.0
0.0
0.0
0.0
0.0
0.0
0.0
0.0
0.0
0.0
0.0
71.0
275.0
439.0
550.0
601.0
589.0
514.0
382.0
201.0
20.0
0.0
0.0
0.0
0.0
0.0
0.0
0.0
0.0
0.0
0.0
0.0
0.0
0.0
0.0
67.0
270.0
434.0
545.0
596.0
585.0
510.0
378.0
197.0
19.0
0.0
0.0
0.0
0.0
0.0
0.0
0.0
0.0
0.0
0.0
0.0
0.0
0.0
0.0
63.0
265.0
428.0
540.0
592.0
580.0
506.0
374.0
194.0
18.0
0.0
0.0
0.0
0.0
0.0
0.0
0.0
0.0
0.0
0.0
0.0
0.0
0.0
0.0
59.0
260.0
423.0
535.0
587.0
576.0
502.0
371.0
191.0
16.0
0.0
0.0
0.0
0.0
0.0
0.0
0.0
0.0
0.0
0.0
0.0
0.0
0.0
0.0
56.0
255.0
418.0
530.0
583.0
572.0
498.0
367.0
188.0
15.0
0.0
0.0
0.0
0.0
0.0
0.0
0.0
0.0
0.0
0.0
0.0
0.0
0.0
0.0
52.0
250.0
414.0
526.0
578.0
568.0
494.0
364.0
185.0
14.0
0.0
0.0
0.0
0.0
0.0
0.0
0.0
0.0
0.0
0.0
0.0
0.0
0.0
0.0
49.0
245.0
409.0
521.0
574.0
564.0
491.0
361.0
182.0
13.0
0.0
0.0
0.0
0.0
0.0
0.0
0.0
0.0
0.0
0.0
0.0
0.0
0.0
0.0
46.0
240.0
404.0
517.0
570.0
560.0
487.0
358.0
180.0
13.0
0.0
0.0
0.0
0.0
0.0
0.0
0.0
0.0
0.0
0.0
0.0
0.0
0.0
0.0
43.0
236.0
400.0
512.0
566.0
556.0
484.0
355.0
177.0
12.0
0.0
0.0
0.0
0.0
0.0
0.0
0.0
0.0
0.0
0.0
0.0
0.0
0.0
0.0
40.0
231.0
395.0
508.0
562.0
553.0
481.0
352.0
175.0
11.0
0.0
0.0
0.0
0.0
0.0
0.0
0.0
0.0
0.0
0.0
0.0
0.0
0.0
0.0
38.0
227.0
391.0
504.0
558.0
549.0
478.0
350.0
173.0
11.0
0.0
0.0
0.0
0.0
0.0
0.0
0.0
0.0
0.0
0.0
0.0
0.0
0.0
0.0
35.0
222.0
387.0
500.0
555.0
546.0
475.0
347.0
171.0
10.0
0.0
0.0
0.0
0.0
0.0
0.0
0.0
0.0
0.0
0.0
0.0
0.0
0.0
0.0
33.0
218.0
383.0
496.0
551.0
543.0
473.0
345.0
169.0
10.0
0.0
0.0
0.0
0.0
0.0
0.0
0.0
0.0
0.0
0.0
0.0
0.0
0.0
0.0
30.0
214.0
379.0
493.0
548.0
540.0
470.0
343.0
167.0
9.0
0.0
0.0
0.0
0.0
0.0
0.0
0.0
0.0
0.0
0.0
0.0
0.0
0.0
0.0
28.0
210.0
375.0
489.0
545.0
537.0
468.0
341.0
166.0
9.0
0.0
0.0
0.0
0.0
0.0
0.0
0.0
0.0
0.0
0.0
0.0
0.0
0.0
0.0
26.0
206.0
371.0
486.0
541.0
535.0
466.0
339.0
164.0
9.0
0.0
0.0
0.0
0.0
0.0
0.0
0.0
0.0
0.0
0.0
0.0
0.0
0.0
0.0
25.0
202.0
368.0
483.0
539.0
532.0
464.0
338.0
163.0
8.0
0.0
0.0
0.0
0.0
0.0
0.0
0.0
0.0
0.0
0.0
0.0
0.0
0.0
0.0
23.0
199.0
364.0
479.0
536.0
530.0
462.0
336.0
162.0
8.0
0.0
0.0
0.0
0.0
0.0
0.0
0.0
0.0
0.0
0.0
0.0
0.0
0.0
0.0
21.0
195.0
361.0
476.0
533.0
528.0
460.0
335.0
161.0
8.0
0.0
0.0
0.0
0.0
0.0
0.0
0.0
0.0
0.0
0.0
0.0
0.0
0.0
0.0
20.0
192.0
358.0
474.0
531.0
526.0
459.0
334.0
161.0
8.0
0.0
0.0
0.0
0.0
0.0
0.0
0.0
0.0
0.0
0.0
0.0
0.0
0.0
0.0
18.0
188.0
355.0
471.0
529.0
524.0
457.0
333.0
160.0
8.0
0.0
0.0
0.0
0.0
0.0
0.0
0.0
0.0
0.0
0.0
0.0
0.0
0.0
0.0
17.0
185.0
352.0
468.0
526.0
522.0
456.0
332.0
160.0
8.0
0.0
0.0
0.0
0.0
0.0
0.0
0.0
0.0
0.0
0.0
0.0
0.0
0.0
0.0
16.0
182.0
349.0
466.0
524.0
521.0
455.0
332.0
159.0
8.0
0.0
0.0
0.0
0.0
0.0
0.0
0.0
0.0
0.0
0.0
0.0
0.0
0.0
0.0
15.0
179.0
347.0
464.0
523.0
519.0
454.0
331.0
159.0
8.0
0.0
0.0
0.0
0.0
0.0
0.0
0.0
0.0
0.0
0.0
0.0
0.0
0.0
0.0
14.0
177.0
344.0
462.0
521.0
518.0
453.0
331.0
160.0
8.0
0.0
0.0
0.0
0.0
0.0
0.0
0.0
0.0
0.0
0.0
0.0
0.0
0.0
0.0
13.0
174.0
342.0
460.0
519.0
517.0
453.0
331.0
160.0
8.0
0.0
0.0
0.0
0.0
0.0
0.0
0.0
0.0
0.0
0.0
0.0
0.0
0.0
0.0
12.0
172.0
340.0
458.0
518.0
516.0
452.0
331.0
160.0
8.0
0.0
0.0
0.0
0.0
0.0
0.0
0.0
0.0
0.0
0.0
0.0
0.0
0.0
0.0
11.0
169.0
338.0
456.0
517.0
516.0
452.0
331.0
161.0
8.0
0.0
0.0
0.0
0.0
0.0
0.0
0.0
0.0
0.0
0.0
0.0
0.0
0.0
0.0
10.0
167.0
336.0
455.0
516.0
515.0
452.0
332.0
162.0
9.0
0.0
0.0
0.0
0.0
0.0
0.0
0.0
0.0
0.0
0.0
0.0
0.0
0.0
0.0
10.0
165.0
334.0
454.0
515.0
515.0
452.0
332.0
163.0
9.0
0.0
0.0
0.0
0.0
0.0
0.0
0.0
0.0
0.0
0.0
0.0
0.0
0.0
0.0
9.0
163.0
333.0
452.0
515.0
515.0
453.0
333.0
164.0
9.0
0.0
0.0
0.0
0.0
0.0
0.0
0.0
0.0
0.0
0.0
0.0
0.0
0.0
0.0
9.0
161.0
331.0
452.0
514.0
515.0
453.0
334.0
165.0
10.0
0.0
0.0
0.0
0.0
0.0
0.0
0.0
0.0
0.0
0.0
0.0
0.0
0.0
0.0
8.0
160.0
330.0
451.0
514.0
515.0
454.0
335.0
166.0
10.0
0.0
0.0
0.0
0.0
0.0
0.0
0.0
0.0
0.0
0.0
0.0
0.0
0.0
0.0
8.0
158.0
329.0
450.0
514.0
515.0
455.0
336.0
168.0
11.0
0.0
0.0
0.0
0.0
0.0
0.0
0.0
0.0
0.0
0.0
0.0
0.0
0.0
0.0
7.0
157.0
328.0
450.0
514.0
516.0
456.0
337.0
169.0
11.0
0.0
0.0
0.0
0.0
0.0
0.0
0.0
0.0
0.0
0.0
0.0
0.0
0.0
0.0
7.0
156.0
327.0
449.0
514.0
516.0
457.0
339.0
171.0
12.0
0.0
0.0
0.0
0.0
0.0
0.0
0.0
0.0
0.0
0.0
0.0
0.0
0.0
0.0
7.0
155.0
327.0
449.0
514.0
517.0
458.0
341.0
173.0
13.0
0.0
0.0
0.0
0.0
0.0
0.0
0.0
0.0
0.0
0.0
0.0
0.0
0.0
0.0
6.0
154.0
326.0
449.0
515.0
518.0
459.0
343.0
175.0
13.0
0.0
0.0
0.0
0.0
0.0
0.0
0.0
0.0
0.0
0.0
0.0
0.0
0.0
0.0
6.0
154.0
326.0
449.0
515.0
519.0
461.0
345.0
178.0
14.0
0.0
0.0
0.0
0.0
0.0
0.0
0.0
0.0
0.0
0.0
0.0
0.0
0.0
0.0
6.0
153.0
326.0
450.0
516.0
521.0
463.0
347.0
180.0
15.0
0.0
0.0
0.0
0.0
0.0
0.0
0.0
0.0
0.0
0.0
0.0
0.0
0.0
0.0
6.0
153.0
326.0
450.0
517.0
522.0
465.0
349.0
183.0
16.0
0.0
0.0
0.0
0.0
0.0
0.0
0.0
0.0
0.0
0.0
0.0
0.0
0.0
0.0
6.0
152.0
326.0
451.0
518.0
524.0
467.0
352.0
186.0
17.0
0.0
0.0
0.0
0.0
0.0
0.0
