Consumption in Le Havre, France, in 2017
0.0
0.0
0.0
0.0
0.0
0.0
0.0
0.0
0.0
125.0
297.0
421.0
489.0
497.0
444.0
333.0
172.0
14.0
0.0
0.0
0.0
0.0
0.0
0.0
0.0
0.0
0.0
0.0
0.0
0.0
0.0
0.0
0.0
125.0
297.0
422.0
491.0
499.0
446.0
336.0
175.0
15.0
0.0
0.0
0.0
0.0
0.0
0.0
0.0
0.0
0.0
0.0
0.0
0.0
0.0
0.0
0.0
126.0
298.0
423.0
492.0
501.0
449.0
339.0
179.0
16.0
0.0
0.0
0.0
0.0
0.0
0.0
0.0
0.0
0.0
0.0
0.0
0.0
0.0
0.0
0.0
126.0
299.0
425.0
494.0
503.0
451.0
342.0
182.0
17.0
0.0
0.0
0.0
0.0
0.0
0.0
0.0
0.0
0.0
0.0
0.0
0.0
0.0
0.0
0.0
127.0
300.0
426.0
496.0
506.0
454.0
345.0
185.0
19.0
0.0
0.0
0.0
0.0
0.0
0.0
0.0
0.0
0.0
0.0
0.0
0.0
0.0
0.0
0.0
128.0
302.0
428.0
499.0
509.0
457.0
348.0
189.0
20.0
0.0
0.0
0.0
0.0
0.0
0.0
0.0
0.0
0.0
0.0
0.0
0.0
0.0
0.0
0.0
129.0
303.0
430.0
501.0
512.0
461.0
352.0
193.0
22.0
0.0
0.0
0.0
0.0
0.0
0.0
0.0
0.0
0.0
0.0
0.0
0.0
0.0
0.0
0.0
130.0
305.0
432.0
504.0
515.0
464.0
356.0
197.0
24.0
0.0
0.0
0.0
0.0
0.0
0.0
0.0
0.0
0.0
0.0
0.0
0.0
0.0
0.0
0.0
131.0
306.0
434.0
506.0
518.0
468.0
359.0
200.0
26.0
0.0
0.0
0.0
0.0
0.0
0.0
0.0
0.0
0.0
0.0
0.0
0.0
0.0
0.0
2.0
133.0
308.0
437.0
509.0
521.0
471.0
363.0
205.0
28.0
0.0
0.0
0.0
0.0
0.0
0.0
0.0
0.0
0.0
0.0
0.0
0.0
0.0
0.0
2.0
135.0
310.0
439.0
512.0
524.0
475.0
367.0
209.0
30.0
0.0
0.0
0.0
0.0
0.0
0.0
0.0
0.0
0.0
0.0
0.0
0.0
0.0
0.0
3.0
136.0
313.0
442.0
515.0
528.0
479.0
372.0
213.0
33.0
0.0
0.0
0.0
0.0
0.0
0.0
0.0
0.0
0.0
0.0
0.0
0.0
0.0
0.0
3.0
138.0
315.0
445.0
519.0
532.0
483.0
376.0
218.0
35.0
0.0
0.0
0.0
0.0
0.0
0.0
0.0
0.0
0.0
0.0
0.0
0.0
0.0
0.0
3.0
141.0
318.0
448.0
522.0
536.0
487.0
380.0
222.0
38.0
0.0
0.0
0.0
0.0
0.0
0.0
0.0
0.0
0.0
0.0
0.0
0.0
0.0
0.0
4.0
143.0
320.0
451.0
526.0
540.0
492.0
385.0
227.0
41.0
0.0
0.0
0.0
0.0
0.0
0.0
0.0
0.0
0.0
0.0
0.0
0.0
0.0
0.0
4.0
145.0
323.0
455.0
530.0
544.0
496.0
390.0
232.0
44.0
0.0
0.0
0.0
0.0
0.0
0.0
0.0
0.0
0.0
0.0
0.0
0.0
0.0
0.0
4.0
148.0
326.0
458.0
534.0
548.0
501.0
395.0
237.0
47.0
0.0
0.0
0.0
0.0
0.0
0.0
0.0
0.0
0.0
0.0
0.0
0.0
0.0
0.0
5.0
151.0
330.0
462.0
538.0
553.0
506.0
399.0
242.0
50.0
0.0
0.0
0.0
0.0
0.0
0.0
0.0
0.0
0.0
0.0
0.0
0.0
0.0
0.0
6.0
154.0
333.0
466.0
542.0
557.0
510.0
404.0
247.0
54.0
0.0
0.0
0.0
0.0
0.0
0.0
0.0
0.0
0.0
0.0
0.0
0.0
0.0
0.0
6.0
157.0
337.0
469.0
546.0
562.0
515.0
410.0
252.0
57.0
0.0
0.0
0.0
0.0
0.0
0.0
0.0
0.0
0.0
0.0
0.0
0.0
0.0
0.0
7.0
160.0
340.0
474.0
551.0
567.0
520.0
415.0
257.0
61.0
0.0
0.0
0.0
0.0
0.0
0.0
0.0
0.0
0.0
0.0
0.0
0.0
0.0
0.0
8.0
163.0
344.0
478.0
555.0
572.0
526.0
420.0
263.0
65.0
0.0
0.0
0.0
0.0
0.0
0.0
0.0
0.0
0.0
0.0
0.0
0.0
0.0
0.0
9.0
167.0
348.0
482.0
560.0
577.0
531.0
426.0
268.0
70.0
0.0
0.0
0.0
0.0
0.0
0.0
0.0
0.0
0.0
0.0
0.0
0.0
0.0
0.0
10.0
171.0
352.0
487.0
565.0
582.0
536.0
431.0
274.0
74.0
0.0
0.0
0.0
0.0
0.0
0.0
0.0
0.0
0.0
0.0
0.0
0.0
0.0
0.0
11.0
174.0
356.0
491.0
570.0
587.0
542.0
437.0
279.0
79.0
0.0
0.0
0.0
0.0
0.0
0.0
0.0
0.0
0.0
0.0
0.0
0.0
0.0
0.0
12.0
178.0
361.0
496.0
575.0
593.0
548.0
443.0
285.0
84.0
0.0
0.0
0.0
0.0
0.0
0.0
0.0
0.0
0.0
0.0
0.0
0.0
0.0
0.0
13.0
183.0
365.0
501.0
581.0
598.0
553.0
448.0
291.0
89.0
0.0
0.0
0.0
0.0
0.0
0.0
0.0
0.0
0.0
0.0
0.0
0.0
0.0
0.0
14.0
187.0
370.0
506.0
586.0
604.0
559.0
454.0
297.0
94.0
0.0
0.0
0.0
0.0
0.0
0.0
0.0
0.0
0.0
0.0
0.0
0.0
0.0
0.0
16.0
191.0
375.0
511.0
591.0
610.0
565.0
460.0
303.0
99.0
0.0
0.0
0.0
0.0
0.0
0.0
0.0
0.0
0.0
0.0
0.0
0.0
0.0
0.0
18.0
196.0
380.0
517.0
597.0
616.0
571.0
466.0
309.0
105.0
0.0
0.0
0.0
0.0
0.0
0.0
0.0
0.0
0.0
0.0
0.0
0.0
0.0
0.0
19.0
200.0
385.0
522.0
603.0
621.0
577.0
472.0
315.0
115.0
0.0
0.0
0.0
0.0
0.0
0.0
0.0
0.0
0.0
0.0
0.0
0.0
0.0
0.0
21.0
205.0
390.0
527.0
608.0
627.0
583.0
479.0
321.0
121.0
0.0
0.0
0.0
0.0
0.0
0.0
0.0
0.0
0.0
0.0
0.0
0.0
0.0
0.0
23.0
210.0
395.0
533.0
614.0
634.0
589.0
485.0
327.0
127.0
0.0
0.0
0.0
0.0
0.0
0.0
0.0
0.0
0.0
0.0
0.0
0.0
0.0
0.0
26.0
215.0
401.0
539.0
620.0
640.0
596.0
491.0
333.0
133.0
0.0
0.0
0.0
0.0
0.0
0.0
0.0
0.0
0.0
0.0
0.0
0.0
0.0
0.0
28.0
221.0
406.0
545.0
626.0
646.0
602.0
497.0
339.0
139.0
0.0
0.0
0.0
0.0
0.0
0.0
0.0
0.0
0.0
0.0
0.0
0.0
0.0
0.0
31.0
226.0
412.0
551.0
633.0
652.0
608.0
504.0
346.0
145.0
0.0
0.0
0.0
0.0
0.0
0.0
0.0
0.0
0.0
0.0
0.0
0.0
0.0
0.0
33.0
231.0
418.0
557.0
639.0
659.0
615.0
510.0
352.0
151.0
0.0
0.0
0.0
0.0
0.0
0.0
0.0
0.0
0.0
0.0
0.0
0.0
0.0
0.0
36.0
237.0
424.0
563.0
645.0
665.0
621.0
517.0
358.0
157.0
0.0
0.0
0.0
0.0
0.0
0.0
0.0
0.0
0.0
0.0
0.0
0.0
0.0
0.0
39.0
243.0
430.0
569.0
652.0
672.0
628.0
523.0
365.0
164.0
0.0
0.0
0.0
0.0
0.0
0.0
0.0
0.0
0.0
0.0
0.0
0.0
0.0
0.0
43.0
249.0
436.0
575.0
658.0
678.0
635.0
530.0
371.0
170.0
7.0
0.0
0.0
0.0
0.0
0.0
0.0
0.0
0.0
0.0
0.0
0.0
0.0
0.0
46.0
254.0
442.0
582.0
665.0
685.0
641.0
536.0
378.0
176.0
8.0
0.0
0.0
0.0
0.0
0.0
0.0
0.0
0.0
0.0
0.0
0.0
0.0
0.0
50.0
260.0
448.0
588.0
671.0
692.0
648.0
543.0
384.0
182.0
10.0
0.0
0.0
0.0
0.0
0.0
0.0
0.0
0.0
0.0
0.0
0.0
0.0
0.0
54.0
267.0
454.0
595.0
678.0
698.0
655.0
550.0
391.0
189.0
12.0
0.0
0.0
0.0
0.0
0.0
0.0
0.0
0.0
0.0
0.0
0.0
0.0
0.0
58.0
273.0
461.0
601.0
685.0
705.0
661.0
556.0
397.0
195.0
14.0
0.0
0.0
0.0
0.0
0.0
0.0
0.0
0.0
0.0
0.0
0.0
0.0
0.0
62.0
279.0
468.0
608.0
692.0
712.0
668.0
563.0
404.0
201.0
16.0
0.0
0.0
0.0
0.0
0.0
0.0
0.0
0.0
0.0
0.0
0.0
0.0
0.0
67.0
286.0
474.0
615.0
698.0
719.0
675.0
570.0
410.0
208.0
18.0
0.0
0.0
0.0
0.0
0.0
0.0
0.0
0.0
0.0
0.0
0.0
0.0
0.0
72.0
292.0
481.0
622.0
705.0
726.0
682.0
577.0
417.0
214.0
21.0
0.0
0.0
0.0
0.0
0.0
0.0
0.0
0.0
0.0
0.0
0.0
0.0
0.0
77.0
299.0
488.0
629.0
712.0
733.0
689.0
583.0
424.0
220.0
24.0
0.0
0.0
0.0
0.0
0.0
0.0
0.0
0.0
0.0
0.0
0.0
0.0
0.0
82.0
306.0
495.0
636.0
719.0
740.0
696.0
590.0
430.0
227.0
26.0
0.0
0.0
0.0
0.0
0.0
0.0
0.0
0.0
0.0
0.0
0.0
0.0
0.0
88.0
312.0
501.0
643.0
726.0
747.0
703.0
597.0
437.0
233.0
29.0
0.0
0.0
0.0
0.0
0.0
0.0
0.0
0.0
0.0
0.0
0.0
0.0
0.0
94.0
319.0
508.0
650.0
733.0
754.0
710.0
604.0
443.0
240.0
33.0
0.0
0.0
0.0
0.0
0.0
0.0
0.0
0.0
0.0
0.0
0.0
0.0
0.0
100.0
326.0
516.0
657.0
740.0
761.0
716.0
610.0
450.0
246.0
36.0
0.0
0.0
0.0
0.0
0.0
0.0
0.0
0.0
0.0
0.0
0.0
0.0
0.0
107.0
333.0
523.0
664.0
748.0
768.0
723.0
617.0
456.0
252.0
39.0
0.0
0.0
0.0
0.0
0.0
0.0
0.0
0.0
0.0
0.0
0.0
0.0
0.0
113.0
340.0
530.0
671.0
755.0
775.0
730.0
624.0
463.0
259.0
43.0
0.0
0.0
0.0
0.0
0.0
0.0
0.0
0.0
0.0
0.0
0.0
0.0
0.0
123.0
348.0
537.0
678.0
762.0
782.0
737.0
631.0
470.0
265.0
47.0
0.0
0.0
0.0
0.0
0.0
0.0
0.0
0.0
0.0
0.0
0.0
0.0
0.0
130.0
355.0
544.0
686.0
769.0
789.0
744.0
637.0
476.0
271.0
50.0
0.0
0.0
0.0
0.0
0.0
0.0
0.0
0.0
0.0
0.0
0.0
0.0
1.0
137.0
362.0
552.0
693.0
776.0
796.0
751.0
644.0
483.0
278.0
55.0
0.0
0.0
0.0
0.0
0.0
0.0
0.0
0.0
0.0
0.0
0.0
0.0
1.0
145.0
369.0
559.0
700.0
784.0
803.0
758.0
651.0
489.0
284.0
59.0
0.0
0.0
0.0
0.0
0.0
0.0
0.0
0.0
0.0
0.0
0.0
0.0
2.0
152.0
377.0
566.0
708.0
791.0
810.0
765.0
657.0
496.0
290.0
63.0
0.0
0.0
0.0
0.0
0.0
0.0
0.0
0.0
0.0
0.0
0.0
0.0
3.0
159.0
384.0
574.0
715.0
798.0
817.0
772.0
664.0
502.0
296.0
67.0
0.0
0.0
0.0
0.0
0.0
0.0
0.0
0.0
0.0
0.0
0.0
0.0
4.0
167.0
392.0
581.0
722.0
805.0
824.0
778.0
671.0
508.0
302.0
72.0
0.0
0.0
0.0
0.0
0.0
0.0
0.0
0.0
0.0
0.0
0.0
0.0
6.0
174.0
399.0
589.0
730.0
812.0
831.0
785.0
677.0
515.0
309.0
77.0
0.0
0.0
0.0
0.0
0.0
0.0
0.0
0.0
0.0
0.0
0.0
0.0
7.0
182.0
407.0
596.0
737.0
820.0
838.0
792.0
684.0
521.0
315.0
82.0
0.0
0.0
0.0
0.0
0.0
0.0
0.0
0.0
0.0
0.0
0.0
0.0
9.0
190.0
415.0
604.0
744.0
827.0
845.0
799.0
690.0
527.0
321.0
87.0
0.0
0.0
0.0
0.0
0.0
0.0
0.0
0.0
0.0
0.0
0.0
0.0
12.0
197.0
422.0
611.0
752.0
834.0
852.0
805.0
697.0
534.0
327.0
92.0
0.0
0.0
0.0
0.0
0.0
0.0
0.0
0.0
0.0
0.0
0.0
0.0
14.0
205.0
430.0
619.0
759.0
841.0
859.0
812.0
703.0
540.0
333.0
97.0
0.0
0.0
0.0
0.0
0.0
0.0
0.0
0.0
0.0
0.0
0.0
0.0
17.0
213.0
438.0
626.0
767.0
848.0
866.0
819.0
710.0
546.0
339.0
102.0
0.0
0.0
0.0
0.0
0.0
0.0
0.0
0.0
0.0
0.0
0.0
0.0
20.0
221.0
445.0
634.0
774.0
855.0
873.0
825.0
716.0
552.0
345.0
108.0
0.0
0.0
0.0
0.0
0.0
0.0
0.0
0.0
0.0
0.0
0.0
0.0
23.0
228.0
453.0
642.0
781.0
862.0
880.0
832.0
722.0
558.0
351.0
113.0
0.0
0.0
0.0
0.0
0.0
0.0
0.0
0.0
0.0
0.0
0.0
0.0
27.0
236.0
461.0
649.0
788.0
869.0
887.0
838.0
729.0
564.0
357.0
119.0
0.0
0.0
0.0
0.0
0.0
0.0
0.0
0.0
0.0
0.0
0.0
0.0
30.0
244.0
468.0
657.0
796.0
877.0
893.0
845.0
735.0
570.0
363.0
126.0
0.0
0.0
0.0
0.0
0.0
0.0
0.0
0.0
0.0
0.0
0.0
0.0
34.0
252.0
476.0
664.0
803.0
883.0
900.0
851.0
741.0
576.0
369.0
132.0
0.0
0.0
0.0
0.0
0.0
0.0
0.0
0.0
0.0
0.0
0.0
0.0
39.0
260.0
484.0
672.0
810.0
890.0
907.0
858.0
747.0
582.0
374.0
138.0
0.0
0.0
0.0
0.0
0.0
0.0
0.0
0.0
0.0
0.0
0.0
0.0
43.0
268.0
492.0
679.0
818.0
897.0
913.0
864.0
753.0
588.0
380.0
144.0
0.0
0.0
0.0
0.0
0.0
0.0
0.0
0.0
0.0
0.0
0.0
0.0
48.0
276.0
499.0
687.0
825.0
904.0
920.0
870.0
759.0
594.0
386.0
149.0
1.0
0.0
0.0
0.0
0.0
0.0
0.0
0.0
0.0
0.0
0.0
0.0
53.0
284.0
507.0
694.0
832.0
911.0
926.0
877.0
765.0
600.0
392.0
155.0
2.0
0.0
0.0
0.0
0.0
0.0
0.0
0.0
0.0
0.0
0.0
0.0
59.0
292.0
515.0
701.0
839.0
918.0
933.0
883.0
771.0
605.0
397.0
160.0
3.0
0.0
0.0
0.0
0.0
0.0
0.0
0.0
0.0
0.0
0.0
0.0
64.0
300.0
522.0
709.0
846.0
925.0
939.0
889.0
777.0
611.0
403.0
166.0
4.0
0.0
0.0
0.0
0.0
0.0
0.0
0.0
0.0
0.0
0.0
0.0
70.0
307.0
530.0
716.0
853.0
931.0
945.0
895.0
783.0
617.0
408.0
172.0
5.0
0.0
0.0
0.0
0.0
0.0
0.0
0.0
0.0
0.0
0.0
0.0
77.0
315.0
538.0
723.0
860.0
938.0
952.0
901.0
788.0
622.0
414.0
177.0
6.0
0.0
0.0
0.0
0.0
0.0
0.0
0.0
0.0
0.0
0.0
0.0
83.0
323.0
545.0
731.0
867.0
944.0
958.0
907.0
794.0
628.0
419.0
183.0
7.0
0.0
0.0
0.0
0.0
0.0
0.0
0.0
0.0
0.0
0.0
0.0
90.0
331.0
553.0
738.0
874.0
951.0
964.0
912.0
800.0
633.0
425.0
188.0
8.0
0.0
0.0
0.0
0.0
0.0
0.0
0.0
0.0
0.0
0.0
0.0
97.0
339.0
560.0
745.0
880.0
957.0
970.0
918.0
805.0
639.0
430.0
194.0
10.0
0.0
0.0
0.0
0.0
0.0
0.0
0.0
0.0
0.0
0.0
0.0
104.0
347.0
568.0
752.0
887.0
964.0
976.0
924.0
811.0
644.0
435.0
199.0
11.0
0.0
0.0
0.0
0.0
0.0
0.0
0.0
0.0
0.0
0.0
0.0
111.0
354.0
575.0
759.0
894.0
970.0
982.0
930.0
816.0
649.0
441.0
204.0
13.0
0.0
0.0
0.0
0.0
0.0
0.0
0.0
0.0
0.0
0.0
0.0
119.0
362.0
583.0
766.0
901.0
976.0
988.0
935.0
822.0
655.0
446.0
210.0
15.0
0.0
0.0
0.0
0.0
0.0
0.0
0.0
0.0
0.0
0.0
0.0
128.0
370.0
590.0
773.0
907.0
982.0
994.0
941.0
827.0
660.0
451.0
215.0
17.0
0.0
0.0
0.0
0.0
0.0
0.0
0.0
0.0
0.0
0.0
0.0
136.0
377.0
597.0
780.0
914.0
988.0
999.0
946.0
832.0
665.0
456.0
220.0
19.0
0.0
0.0
0.0
0.0
0.0
0.0
0.0
0.0
0.0
0.0
1.0
144.0
385.0
605.0
787.0
920.0
994.0
1005.0
952.0
837.0
670.0
461.0
225.0
21.0
0.0
0.0
0.0
0.0
0.0
0.0
0.0
0.0
0.0
0.0
2.0
151.0
393.0
612.0
794.0
926.0
1000.0
1011.0
957.0
842.0
675.0
466.0
231.0
23.0
0.0
0.0
0.0
0.0
0.0
0.0
0.0
0.0
0.0
0.0
3.0
159.0
400.0
619.0
800.0
933.0
1006.0
1016.0
962.0
847.0
680.0
471.0
236.0
26.0
0.0
0.0
0.0
0.0
0.0
0.0
0.0
0.0
0.0
0.0
4.0
167.0
408.0
626.0
807.0
939.0
1012.0
1022.0
967.0
852.0
685.0
476.0
241.0
28.0
0.0
0.0
0.0
0.0
0.0
0.0
0.0
0.0
0.0
0.0
5.0
175.0
415.0
633.0
814.0
945.0
1018.0
1027.0
972.0
857.0
690.0
481.0
246.0
31.0
0.0
0.0
0.0
0.0
0.0
0.0
0.0
0.0
0.0
0.0
7.0
182.0
422.0
640.0
820.0
951.0
1023.0
1032.0
977.0
862.0
695.0
486.0
251.0
34.0
0.0
0.0
0.0
0.0
0.0
0.0
0.0
0.0
0.0
0.0
9.0
190.0
430.0
647.0
826.0
957.0
1029.0
1037.0
982.0
867.0
699.0
491.0
256.0
36.0
0.0
0.0
0.0
0.0
0.0
0.0
0.0
0.0
0.0
0.0
12.0
198.0
437.0
653.0
833.0
963.0
1034.0
1043.0
987.0
872.0
704.0
496.0
261.0
39.0
0.0
0.0
0.0
0.0
0.0
0.0
0.0
0.0
0.0
0.0
14.0
205.0
444.0
660.0
839.0
968.0
1040.0
1048.0
992.0
876.0
709.0
501.0
266.0
42.0
0.0
0.0
0.0
0.0
0.0
0.0
0.0
0.0
0.0
0.0
17.0
213.0
451.0
667.0
845.0
974.0
1045.0
1053.0
997.0
881.0
713.0
505.0
271.0
45.0
0.0
0.0
0.0
0.0
0.0
0.0
0.0
0.0
0.0
0.0
20.0
220.0
458.0
673.0
851.0
980.0
1050.0
1057.0
1001.0
885.0
718.0
510.0
276.0
49.0
0.0
0.0
0.0
0.0
0.0
0.0
0.0
0.0
0.0
0.0
23.0
227.0
465.0
680.0
857.0
985.0
1055.0
1062.0
1006.0
890.0
722.0
514.0
281.0
52.0
0.0
0.0
0.0
0.0
0.0
0.0
0.0
0.0
0.0
0.0
26.0
234.0
472.0
686.0
863.0
991.0
1060.0
1067.0
1010.0
894.0
727.0
519.0
285.0
55.0
0.0
0.0
0.0
0.0
0.0
0.0
0.0
0.0
0.0
0.0
30.0
242.0
478.0
692.0
869.0
996.0
1065.0
1072.0
1015.0
899.0
731.0
524.0
290.0
59.0
0.0
0.0
0.0
0.0
0.0
0.0
0.0
0.0
0.0
0.0
34.0
249.0
485.0
698.0
874.0
1001.0
1070.0
1076.0
1019.0
903.0
735.0
528.0
295.0
62.0
0.0
0.0
0.0
0.0
0.0
0.0
0.0
0.0
0.0
0.0
38.0
256.0
491.0
704.0
880.0
1006.0
1075.0
1081.0
1023.0
907.0
740.0
532.0
300.0
66.0
0.0
0.0
0.0
0.0
0.0
0.0
0.0
0.0
0.0
0.0
42.0
263.0
498.0
710.0
886.0
1011.0
1079.0
1085.0
1028.0
911.0
744.0
537.0
304.0
70.0
0.0
0.0
0.0
0.0
0.0
0.0
0.0
0.0
0.0
0.0
46.0
269.0
504.0
716.0
891.0
1016.0
1084.0
1089.0
1032.0
915.0
748.0
541.0
309.0
74.0
0.0
0.0
0.0
0.0
0.0
0.0
0.0
0.0
0.0
0.0
50.0
276.0
511.0
722.0
896.0
1021.0
1088.0
1093.0
1036.0
919.0
752.0
546.0
314.0
78.0
0.0
0.0
0.0
0.0
0.0
0.0
0.0
0.0
0.0
0.0
55.0
283.0
517.0
728.0
901.0
1026.0
1093.0
1098.0
1040.0
923.0
756.0
550.0
318.0
82.0
0.0
0.0
0.0
0.0
0.0
0.0
0.0
0.0
0.0
0.0
60.0
289.0
523.0
733.0
907.0
1031.0
1097.0
1102.0
1044.0
927.0
760.0
554.0
323.0
86.0
0.0
0.0
0.0
0.0
0.0
0.0
0.0
0.0
0.0
0.0
65.0
296.0
529.0
739.0
912.0
1035.0
1101.0
1106.0
1047.0
931.0
764.0
558.0
327.0
90.0
0.0
0.0
0.0
0.0
0.0
0.0
0.0
0.0
0.0
0.0
70.0
302.0
535.0
744.0
916.0
1040.0
1106.0
1109.0
1051.0
935.0
768.0
562.0
332.0
94.0
0.0
0.0
0.0
0.0
0.0
0.0
0.0
0.0
0.0
0.0
75.0
308.0
540.0
749.0
921.0
1044.0
1110.0
1113.0
1055.0
938.0
772.0
566.0
336.0
99.0
0.0
0.0
0.0
0.0
0.0
0.0
0.0
0.0
0.0
0.0
80.0
314.0
546.0
755.0
926.0
1048.0
1114.0
1117.0
1059.0
942.0
776.0
570.0
341.0
103.0
0.0
0.0
0.0
0.0
0.0
0.0
0.0
0.0
0.0
0.0
86.0
320.0
552.0
760.0
931.0
1053.0
1117.0
1121.0
1062.0
946.0
779.0
574.0
345.0
108.0
0.0
0.0
0.0
0.0
0.0
0.0
0.0
0.0
0.0
0.0
91.0
326.0
557.0
765.0
935.0
1057.0
1121.0
1124.0
1066.0
949.0
783.0
578.0
349.0
112.0
0.0
0.0
0.0
0.0
0.0
0.0
0.0
0.0
0.0
0.0
97.0
332.0
562.0
770.0
939.0
1061.0
1125.0
1128.0
1069.0
953.0
787.0
582.0
354.0
117.0
0.0
0.0
0.0
0.0
0.0
0.0
0.0
0.0
0.0
0.0
102.0
338.0
568.0
774.0
944.0
1065.0
1129.0
1131.0
1072.0
956.0
790.0
586.0
358.0
121.0
0.0
0.0
0.0
0.0
0.0
0.0
0.0
0.0
0.0
0.0
108.0
343.0
573.0
779.0
948.0
1068.0
1132.0
1134.0
1076.0
959.0
794.0
590.0
362.0
125.0
0.0
0.0
0.0
0.0
0.0
0.0
0.0
0.0
0.0
0.0
114.0
349.0
578.0
783.0
952.0
1072.0
1135.0
1138.0
1079.0
963.0
797.0
594.0
366.0
130.0
0.0
0.0
0.0
0.0
0.0
0.0
0.0
0.0
0.0
0.0
119.0
354.0
583.0
788.0
956.0
1076.0
1139.0
1141.0
1082.0
966.0
801.0
598.0
370.0
135.0
1.0
0.0
0.0
0.0
0.0
0.0
0.0
0.0
0.0
0.0
124.0
360.0
587.0
792.0
960.0
1079.0
1142.0
1144.0
1085.0
969.0
804.0
601.0
374.0
139.0
1.0
0.0
0.0
0.0
0.0
0.0
0.0
0.0
0.0
0.0
130.0
365.0
592.0
796.0
964.0
1083.0
1145.0
1147.0
1088.0
972.0
807.0
605.0
379.0
144.0
2.0
0.0
0.0
0.0
0.0
0.0
0.0
0.0
0.0
1.0
135.0
370.0
597.0
800.0
967.0
1086.0
1148.0
1150.0
1091.0
975.0
811.0
609.0
383.0
148.0
2.0
0.0
0.0
0.0
0.0
0.0
0.0
0.0
0.0
2.0
141.0
375.0
601.0
804.0
971.0
1089.0
1151.0
1153.0
1094.0
978.0
814.0
612.0
387.0
153.0
3.0
0.0
0.0
0.0
0.0
0.0
0.0
0.0
0.0
2.0
146.0
379.0
605.0
808.0
974.0
1092.0
1154.0
1156.0
1097.0
981.0
817.0
616.0
390.0
157.0
4.0
0.0
0.0
0.0
0.0
0.0
0.0
0.0
0.0
3.0
151.0
384.0
609.0
812.0
978.0
1095.0
1157.0
1158.0
1099.0
984.0
820.0
619.0
394.0
161.0
5.0
0.0
0.0
0.0
0.0
0.0
0.0
0.0
0.0
4.0
156.0
389.0
614.0
816.0
981.0
1098.0
1160.0
1161.0
1102.0
987.0
823.0
623.0
398.0
166.0
6.0
0.0
0.0
0.0
0.0
0.0
0.0
0.0
0.0
5.0
161.0
393.0
617.0
819.0
984.0
1101.0
1162.0
1164.0
1105.0
990.0
826.0
626.0
402.0
170.0
7.0
0.0
0.0
0.0
0.0
0.0
0.0
0.0
0.0
6.0
166.0
397.0
621.0
822.0
987.0
1104.0
1165.0
1166.0
1107.0
992.0
829.0
629.0
406.0
174.0
8.0
0.0
0.0
0.0
0.0
0.0
0.0
0.0
0.0
8.0
170.0
401.0
625.0
826.0
990.0
1107.0
1167.0
1169.0
1110.0
995.0
832.0
633.0
410.0
178.0
10.0
0.0
0.0
0.0
0.0
0.0
0.0
0.0
0.0
9.0
175.0
405.0
629.0
829.0
993.0
1109.0
1170.0
1171.0
1112.0
998.0
835.0
636.0
413.0
182.0
11.0
0.0
0.0
0.0
0.0
0.0
0.0
0.0
0.0
10.0
179.0
409.0
632.0
832.0
996.0
1112.0
1172.0
1173.0
1115.0
1000.0
838.0
639.0
417.0
187.0
13.0
0.0
0.0
0.0
0.0
0.0
0.0
0.0
0.0
12.0
183.0
413.0
635.0
835.0
998.0
1114.0
1174.0
1175.0
1117.0
1003.0
841.0
642.0
420.0
191.0
14.0
0.0
0.0
0.0
0.0
0.0
0.0
0.0
0.0
13.0
187.0
417.0
639.0
838.0
1001.0
1116.0
1177.0
1178.0
1119.0
1005.0
844.0
645.0
424.0
194.0
16.0
0.0
0.0
0.0
0.0
0.0
0.0
0.0
0.0
15.0
191.0
420.0
642.0
841.0
1003.0
1119.0
1179.0
1180.0
1121.0
1008.0
846.0
648.0
427.0
198.0
17.0
0.0
0.0
0.0
0.0
0.0
0.0
0.0
0.0
16.0
195.0
424.0
645.0
843.0
1006.0
1121.0
1181.0
1182.0
1123.0
1010.0
849.0
651.0
431.0
202.0
19.0
0.0
0.0
0.0
0.0
0.0
0.0
0.0
0.0
18.0
199.0
427.0
648.0
846.0
1008.0
1123.0
1183.0
1184.0
1125.0
1012.0
852.0
654.0
434.0
206.0
21.0
0.0
0.0
0.0
0.0
0.0
0.0
0.0
0.0
20.0
202.0
430.0
650.0
848.0
1010.0
1125.0
1185.0
1185.0
1127.0
1014.0
854.0
657.0
438.0
210.0
23.0
0.0
0.0
0.0
0.0
0.0
0.0
0.0
0.0
21.0
206.0
433.0
653.0
851.0
1012.0
1127.0
1186.0
1187.0
1129.0
1017.0
857.0
660.0
441.0
213.0
25.0
0.0
0.0
0.0
0.0
0.0
0.0
0.0
0.0
23.0
209.0
436.0
656.0
853.0
1014.0
1128.0
1188.0
1189.0
1131.0
1019.0
859.0
663.0
444.0
217.0
26.0
0.0
0.0
0.0
0.0
0.0
0.0
0.0
0.0
24.0
212.0
439.0
658.0
855.0
1016.0
1130.0
1190.0
1191.0
1133.0
1021.0
861.0
666.0
447.0
221.0
28.0
0.0
0.0
0.0
0.0
0.0
0.0
0.0
0.0
26.0
215.0
442.0
660.0
857.0
1018.0
1132.0
1191.0
1192.0
1135.0
1023.0
864.0
668.0
450.0
224.0
30.0
0.0
0.0
0.0
0.0
0.0
0.0
0.0
0.0
28.0
218.0
444.0
663.0
859.0
1019.0
1133.0
1193.0
1194.0
1137.0
1025.0
866.0
671.0
453.0
227.0
32.0
0.0
0.0
0.0
0.0
0.0
0.0
0.0
0.0
29.0
221.0
447.0
665.0
860.0
1021.0
1135.0
1194.0
1195.0
1138.0
1027.0
868.0
674.0
456.0
231.0
34.0
0.0
0.0
0.0
0.0
0.0
0.0
0.0
0.0
31.0
224.0
449.0
667.0
862.0
1022.0
1136.0
1196.0
1197.0
1140.0
1029.0
870.0
676.0
459.0
234.0
37.0
0.0
0.0
0.0
0.0
0.0
0.0
0.0
0.0
33.0
226.0
451.0
668.0
864.0
1024.0
1137.0
1197.0
1198.0
1141.0
1030.0
873.0
679.0
462.0
237.0
39.0
0.0
0.0
0.0
0.0
0.0
0.0
0.0
0.0
34.0
229.0
453.0
670.0
865.0
1025.0
1138.0
1198.0
1200.0
1143.0
1032.0
875.0
681.0
465.0
240.0
41.0
0.0
0.0
0.0
0.0
0.0
0.0
0.0
0.0
36.0
231.0
455.0
672.0
867.0
1026.0
1140.0
1199.0
1201.0
1144.0
1034.0
877.0
683.0
468.0
244.0
43.0
0.0
0.0
0.0
0.0
0.0
0.0
0.0
0.0
37.0
233.0
457.0
673.0
868.0
1027.0
1141.0
1200.0
1202.0
1146.0
1036.0
879.0
686.0
470.0
246.0
45.0
0.0
0.0
0.0
0.0
0.0
0.0
0.0
0.0
38.0
235.0
459.0
675.0
869.0
1028.0
1142.0
1201.0
1203.0
1147.0
1037.0
880.0
688.0
473.0
249.0
47.0
0.0
0.0
0.0
0.0
0.0
0.0
0.0
0.0
40.0
237.0
460.0
676.0
870.0
1029.0
1143.0
1202.0
1204.0
1148.0
1039.0
882.0
690.0
475.0
252.0
49.0
0.0
0.0
0.0
0.0
0.0
0.0
0.0
0.0
41.0
239.0
462.0
677.0
871.0
1030.0
1143.0
1203.0
1205.0
1150.0
1040.0
884.0
692.0
478.0
255.0
51.0
0.0
0.0
0.0
0.0
0.0
0.0
0.0
0.0
42.0
240.0
463.0
678.0
872.0
1031.0
1144.0
1204.0
1206.0
1151.0
1042.0
886.0
694.0
480.0
258.0
53.0
0.0
0.0
0.0
0.0
0.0
0.0
0.0
0.0
43.0
242.0
464.0
679.0
873.0
1032.0
1145.0
1205.0
1207.0
1152.0
1043.0
888.0
696.0
482.0
260.0
55.0
0.0
0.0
0.0
0.0
0.0
0.0
0.0
0.0
44.0
243.0
465.0
680.0
874.0
1032.0
1146.0
1205.0
1208.0
1153.0
1044.0
889.0
698.0
485.0
263.0
57.0
0.0
0.0
0.0
0.0
0.0
0.0
0.0
0.0
45.0
245.0
466.0
681.0
874.0
1033.0
1146.0
1206.0
1209.0
1154.0
1046.0
891.0
700.0
487.0
265.0
59.0
0.0
0.0
0.0
0.0
0.0
0.0
0.0
0.0
46.0
246.0
467.0
682.0
875.0
1033.0
1147.0
1207.0
1210.0
1155.0
1047.0
892.0
702.0
489.0
267.0
61.0
0.0
0.0
0.0
0.0
0.0
0.0
0.0
0.0
47.0
247.0
468.0
682.0
875.0
1034.0
1147.0
1207.0
1210.0
1156.0
1048.0
894.0
704.0
491.0
270.0
63.0
0.0
0.0
0.0
0.0
0.0
0.0
0.0
0.0
48.0
248.0
469.0
683.0
876.0
1034.0
1147.0
1208.0
1211.0
1157.0
1049.0
895.0
705.0
493.0
272.0
65.0
0.0
0.0
0.0
0.0
0.0
0.0
0.0
0.0
48.0
248.0
469.0
683.0
876.0
1034.0
1148.0
1208.0
1212.0
1158.0
1050.0
897.0
707.0
495.0
274.0
66.0
0.0
0.0
0.0
0.0
0.0
0.0
0.0
0.0
49.0
249.0
469.0
683.0
876.0
1035.0
1148.0
1209.0
1212.0
1158.0
1051.0
898.0
709.0
496.0
276.0
68.0
0.0
0.0
0.0
0.0
0.0
0.0
0.0
0.0
50.0
249.0
470.0
684.0
876.0
1035.0
1148.0
1209.0
1213.0
1159.0
1052.0
899.0
710.0
498.0
278.0
70.0
0.0
0.0
0.0
0.0
0.0
0.0
0.0
0.0
50.0
250.0
470.0
684.0
876.0
1035.0
1148.0
1209.0
1213.0
1160.0
1053.0
900.0
711.0
500.0
280.0
71.0
0.0
0.0
0.0
0.0
0.0
0.0
0.0
0.0
50.0
250.0
470.0
684.0
876.0
1035.0
1148.0
1209.0
1213.0
1160.0
1054.0
901.0
713.0
501.0
281.0
73.0
0.0
0.0
0.0
0.0
0.0
0.0
0.0
0.0
50.0
250.0
470.0
684.0
876.0
1035.0
1148.0
1209.0
1214.0
1161.0
1055.0
902.0
714.0
503.0
283.0
74.0
0.0
0.0
0.0
0.0
0.0
0.0
0.0
0.0
51.0
250.0
470.0
683.0
876.0
1035.0
1148.0
1210.0
1214.0
1161.0
1055.0
903.0
715.0
504.0
284.0
76.0
0.0
0.0
0.0
0.0
0.0
0.0
0.0
0.0
51.0
250.0
470.0
683.0
876.0
1034.0
1148.0
1210.0
1214.0
1162.0
1056.0
904.0
716.0
505.0
286.0
77.0
0.0
0.0
0.0
0.0
0.0
0.0
0.0
0.0
51.0
250.0
469.0
683.0
875.0
1034.0
1148.0
1210.0
1214.0
1162.0
1057.0
905.0
717.0
507.0
287.0
78.0
0.0
0.0
0.0
0.0
0.0
0.0
0.0
0.0
50.0
250.0
469.0
682.0
875.0
1034.0
1148.0
1209.0
1215.0
1163.0
1057.0
906.0
718.0
508.0
288.0
79.0
0.0
0.0
0.0
0.0
0.0
0.0
0.0
0.0
50.0
249.0
469.0
682.0
874.0
1033.0
1147.0
1209.0
1215.0
1163.0
1058.0
906.0
719.0
509.0
289.0
80.0
0.0
0.0
0.0
0.0
0.0
0.0
0.0
0.0
50.0
249.0
468.0
681.0
874.0
1033.0
1147.0
1209.0
1215.0
1163.0
1058.0
907.0
720.0
510.0
290.0
81.0
0.0
0.0
0.0
0.0
0.0
0.0
0.0
0.0
49.0
248.0
467.0
680.0
873.0
1032.0
1147.0
1209.0
1215.0
1163.0
1059.0
908.0
721.0
510.0
291.0
82.0
0.0
0.0
0.0
0.0
0.0
0.0
0.0
0.0
49.0
247.0
466.0
680.0
872.0
1032.0
1146.0
1209.0
1215.0
1164.0
1059.0
908.0
721.0
511.0
292.0
82.0
0.0
0.0
0.0
0.0
0.0
0.0
0.0
0.0
48.0
246.0
465.0
679.0
872.0
1031.0
1146.0
1208.0
1214.0
1164.0
1059.0
909.0
722.0
512.0
293.0
83.0
0.0
0.0
0.0
0.0
0.0
0.0
0.0
0.0
48.0
245.0
464.0
678.0
871.0
1030.0
1145.0
1208.0
1214.0
1164.0
1059.0
909.0
722.0
512.0
293.0
83.0
0.0
0.0
0.0
0.0
0.0
0.0
0.0
0.0
47.0
244.0
463.0
677.0
870.0
1029.0
1145.0
1208.0
1214.0
1164.0
1060.0
909.0
723.0
513.0
294.0
84.0
0.0
0.0
0.0
0.0
0.0
0.0
0.0
0.0
46.0
243.0
462.0
676.0
869.0
1029.0
1144.0
1207.0
1214.0
1163.0
1060.0
909.0
723.0
513.0
294.0
84.0
0.0
0.0
0.0
0.0
0.0
0.0
0.0
0.0
45.0
242.0
461.0
674.0
868.0
1028.0
1143.0
1207.0
1213.0
1163.0
1060.0
910.0
723.0
513.0
294.0
84.0
0.0
0.0
0.0
0.0
0.0
0.0
0.0
0.0
44.0
240.0
460.0
673.0
867.0
1027.0
1142.0
1206.0
1213.0
1163.0
1060.0
910.0
723.0
513.0
294.0
84.0
0.0
0.0
0.0
0.0
0.0
0.0
0.0
0.0
43.0
239.0
458.0
672.0
865.0
1026.0
1142.0
1205.0
1213.0
1163.0
1060.0
910.0
723.0
513.0
294.0
84.0
0.0
0.0
0.0
0.0
0.0
0.0
0.0
0.0
42.0
237.0
457.0
670.0
864.0
1025.0
1141.0
1205.0
1212.0
1163.0
1059.0
910.0
723.0
513.0
294.0
84.0
0.0
0.0
0.0
0.0
0.0
0.0
0.0
0.0
41.0
236.0
455.0
669.0
863.0
1023.0
1140.0
1204.0
1212.0
1162.0
1059.0
909.0
723.0
513.0
294.0
83.0
0.0
0.0
0.0
0.0
0.0
0.0
0.0
0.0
40.0
234.0
453.0
667.0
861.0
1022.0
1139.0
1203.0
1211.0
1162.0
1059.0
909.0
723.0
513.0
293.0
83.0
0.0
0.0
0.0
0.0
0.0
0.0
0.0
0.0
39.0
232.0
452.0
666.0
860.0
1021.0
1138.0
1202.0
1210.0
1161.0
1058.0
909.0
723.0
513.0
293.0
82.0
0.0
0.0
0.0
0.0
0.0
0.0
0.0
0.0
38.0
230.0
450.0
664.0
858.0
1020.0
1137.0
1201.0
1210.0
1161.0
1058.0
908.0
722.0
512.0
292.0
82.0
0.0
0.0
0.0
0.0
0.0
0.0
0.0
0.0
36.0
228.0
448.0
662.0
857.0
1018.0
1136.0
1201.0
1209.0
1160.0
1057.0
908.0
722.0
511.0
292.0
81.0
0.0
0.0
0.0
0.0
0.0
0.0
0.0
0.0
35.0
226.0
446.0
660.0
855.0
1017.0
1134.0
1200.0
1208.0
1160.0
1057.0
907.0
721.0
511.0
291.0
80.0
0.0
0.0
0.0
0.0
0.0
0.0
0.0
0.0
34.0
223.0
444.0
659.0
854.0
1015.0
1133.0
1199.0
1207.0
1159.0
1056.0
907.0
720.0
510.0
290.0
79.0
0.0
0.0
0.0
0.0
0.0
0.0
0.0
0.0
32.0
221.0
441.0
657.0
852.0
1014.0
1132.0
1198.0
1206.0
1158.0
1056.0
906.0
720.0
509.0
289.0
78.0
0.0
0.0
0.0
0.0
0.0
0.0
0.0
0.0
31.0
219.0
439.0
655.0
850.0
1012.0
1131.0
1196.0
1205.0
1157.0
1055.0
905.0
719.0
508.0
288.0
77.0
0.0
0.0
0.0
0.0
0.0
0.0
0.0
0.0
29.0
216.0
437.0
652.0
848.0
1011.0
1129.0
1195.0
1204.0
1156.0
1054.0
904.0
718.0
507.0
286.0
75.0
0.0
0.0
0.0
0.0
0.0
0.0
0.0
0.0
28.0
214.0
434.0
650.0
846.0
1009.0
1128.0
1194.0
1203.0
1155.0
1053.0
903.0
717.0
506.0
285.0
74.0
0.0
0.0
0.0
0.0
0.0
0.0
0.0
0.0
26.0
211.0
432.0
648.0
844.0
1007.0
1126.0
1193.0
1202.0
1154.0
1052.0
902.0
715.0
504.0
283.0
72.0
0.0
0.0
0.0
0.0
0.0
0.0
0.0
0.0
25.0
208.0
429.0
646.0
842.0
1006.0
1125.0
1191.0
1201.0
1153.0
1051.0
901.0
714.0
503.0
281.0
71.0
0.0
0.0
0.0
0.0
0.0
0.0
0.0
0.0
24.0
205.0
427.0
644.0
840.0
1004.0
1123.0
1190.0
1200.0
1152.0
1050.0
900.0
713.0
501.0
280.0
69.0
0.0
0.0
0.0
0.0
0.0
0.0
0.0
0.0
22.0
202.0
424.0
641.0
838.0
1002.0
1122.0
1189.0
1199.0
1151.0
1048.0
898.0
711.0
500.0
278.0
67.0
0.0
0.0
0.0
0.0
0.0
0.0
0.0
0.0
21.0
199.0
422.0
639.0
836.0
1000.0
1120.0
1187.0
1197.0
1149.0
1047.0
897.0
710.0
498.0
276.0
65.0
0.0
0.0
0.0
0.0
0.0
0.0
0.0
0.0
19.0
196.0
419.0
636.0
834.0
998.0
1118.0
1186.0
1196.0
1148.0
1046.0
896.0
708.0
496.0
273.0
64.0
0.0
0.0
0.0
0.0
0.0
0.0
0.0
0.0
18.0
193.0
416.0
634.0
832.0
996.0
1117.0
1184.0
1194.0
1147.0
1044.0
894.0
706.0
494.0
271.0
62.0
0.0
0.0
0.0
0.0
0.0
0.0
0.0
0.0
16.0
190.0
413.0
631.0
829.0
994.0
1115.0
1182.0
1193.0
1145.0
1043.0
892.0
704.0
492.0
269.0
59.0
0.0
0.0
0.0
0.0
0.0
0.0
0.0
0.0
15.0
187.0
410.0
628.0
827.0
992.0
1113.0
1181.0
1191.0
1143.0
1041.0
890.0
702.0
489.0
266.0
57.0
0.0
0.0
0.0
0.0
0.0
0.0
0.0
0.0
14.0
183.0
407.0
626.0
825.0
990.0
1111.0
1179.0
1190.0
1142.0
1039.0
888.0
700.0
487.0
263.0
55.0
0.0
0.0
0.0
0.0
0.0
0.0
0.0
0.0
12.0
180.0
404.0
623.0
822.0
988.0
1109.0
1177.0
1188.0
1140.0
1037.0
886.0
698.0
484.0
261.0
53.0
0.0
0.0
0.0
0.0
0.0
0.0
0.0
0.0
11.0
177.0
401.0
620.0
820.0
986.0
1107.0
1175.0
1186.0
1138.0
1035.0
884.0
696.0
482.0
258.0
51.0
0.0
0.0
0.0
0.0
0.0
0.0
0.0
0.0
10.0
173.0
398.0
617.0
817.0
983.0
1105.0
1173.0
1184.0
1136.0
1033.0
882.0
693.0
479.0
254.0
48.0
0.0
0.0
0.0
0.0
0.0
0.0
0.0
0.0
9.0
170.0
394.0
614.0
815.0
981.0
1103.0
1171.0
1182.0
1134.0
1031.0
880.0
691.0
476.0
251.0
46.0
0.0
0.0
0.0
0.0
0.0
0.0
0.0
0.0
8.0
166.0
391.0
611.0
812.0
979.0
1101.0
1169.0
1180.0
1132.0
1029.0
878.0
688.0
473.0
248.0
44.0
0.0
0.0
0.0
0.0
0.0
0.0
0.0
0.0
7.0
162.0
388.0
609.0
809.0
976.0
1099.0
1167.0
1178.0
1130.0
1027.0
875.0
685.0
470.0
244.0
41.0
0.0
0.0
0.0
0.0
0.0
0.0
0.0
0.0
6.0
159.0
384.0
605.0
807.0
974.0
1096.0
1165.0
1176.0
1128.0
1025.0
872.0
682.0
467.0
241.0
39.0
0.0
0.0
0.0
0.0
0.0
0.0
0.0
0.0
5.0
155.0
381.0
602.0
804.0
972.0
1094.0
1163.0
1174.0
1126.0
1022.0
870.0
679.0
463.0
237.0
37.0
0.0
0.0
0.0
0.0
0.0
0.0
0.0
0.0
4.0
151.0
378.0
599.0
801.0
969.0
1092.0
1161.0
1172.0
1124.0
1020.0
867.0
676.0
460.0
233.0
34.0
0.0
0.0
0.0
0.0
0.0
0.0
0.0
0.0
3.0
147.0
374.0
596.0
798.0
966.0
1089.0
1159.0
1169.0
1121.0
1017.0
864.0
673.0
456.0
229.0
32.0
0.0
0.0
0.0
0.0
0.0
0.0
0.0
0.0
3.0
143.0
371.0
593.0
795.0
964.0
1087.0
1156.0
1167.0
1119.0
1014.0
861.0
669.0
453.0
225.0
29.0
0.0
0.0
0.0
0.0
0.0
0.0
0.0
0.0
2.0
139.0
367.0
590.0
792.0
961.0
1084.0
1154.0
1165.0
1116.0
1011.0
858.0
666.0
449.0
221.0
27.0
0.0
0.0
0.0
0.0
0.0
0.0
0.0
0.0
1.0
135.0
363.0
586.0
789.0
958.0
1082.0
1151.0
1162.0
1113.0
1009.0
855.0
662.0
445.0
217.0
25.0
0.0
0.0
0.0
0.0
0.0
0.0
0.0
0.0
1.0
131.0
360.0
583.0
787.0
956.0
1079.0
1149.0
1159.0
1111.0
1006.0
851.0
659.0
441.0
212.0
23.0
0.0
0.0
0.0
0.0
0.0
0.0
0.0
0.0
1.0
127.0
356.0
580.0
783.0
953.0
1077.0
1146.0
1157.0
1108.0
1002.0
848.0
655.0
437.0
208.0
20.0
0.0
0.0
0.0
0.0
0.0
0.0
0.0
0.0
0.0
123.0
352.0
576.0
780.0
950.0
1074.0
1143.0
1154.0
1105.0
999.0
844.0
651.0
432.0
203.0
18.0
0.0
0.0
0.0
0.0
0.0
0.0
0.0
0.0
0.0
119.0
348.0
573.0
777.0
947.0
1071.0
1141.0
1151.0
1102.0
996.0
841.0
647.0
428.0
198.0
16.0
0.0
0.0
0.0
0.0
0.0
0.0
0.0
0.0
0.0
114.0
345.0
570.0
774.0
944.0
1068.0
1138.0
1148.0
1099.0
993.0
837.0
643.0
423.0
193.0
14.0
0.0
0.0
0.0
0.0
0.0
0.0
0.0
0.0
0.0
111.0
341.0
566.0
771.0
941.0
1066.0
1135.0
1145.0
1096.0
989.0
833.0
639.0
419.0
188.0
12.0
0.0
0.0
0.0
0.0
0.0
0.0
0.0
0.0
0.0
107.0
337.0
563.0
768.0
938.0
1063.0
1132.0
1142.0
1092.0
986.0
829.0
634.0
414.0
183.0
11.0
0.0
0.0
0.0
0.0
0.0
0.0
0.0
0.0
0.0
103.0
333.0
559.0
764.0
935.0
1060.0
1129.0
1139.0
1089.0
982.0
825.0
630.0
409.0
177.0
9.0
0.0
0.0
0.0
0.0
0.0
0.0
0.0
0.0
0.0
99.0
329.0
555.0
761.0
932.0
1057.0
1126.0
1136.0
1086.0
978.0
821.0
625.0
404.0
172.0
7.0
0.0
0.0
0.0
0.0
0.0
0.0
0.0
0.0
0.0
95.0
325.0
552.0
758.0
929.0
1054.0
1123.0
1133.0
1082.0
974.0
817.0
621.0
399.0
166.0
6.0
0.0
0.0
0.0
0.0
0.0
0.0
0.0
0.0
0.0
91.0
321.0
548.0
754.0
926.0
1050.0
1120.0
1129.0
1078.0
970.0
813.0
616.0
394.0
161.0
5.0
0.0
0.0
0.0
0.0
0.0
0.0
0.0
0.0
0.0
87.0
317.0
544.0
751.0
923.0
1047.0
1117.0
1126.0
1075.0
966.0
808.0
611.0
388.0
155.0
4.0
0.0
0.0
0.0
0.0
0.0
0.0
0.0
0.0
0.0
83.0
313.0
541.0
748.0
919.0
1044.0
1113.0
1123.0
1071.0
962.0
804.0
606.0
383.0
149.0
3.0
0.0
0.0
0.0
0.0
0.0
0.0
0.0
0.0
0.0
79.0
309.0
537.0
744.0
916.0
1041.0
1110.0
1119.0
1067.0
958.0
799.0
601.0
377.0
143.0
2.0
0.0
0.0
0.0
0.0
0.0
0.0
0.0
0.0
0.0
76.0
305.0
533.0
741.0
913.0
1037.0
1107.0
1115.0
1063.0
954.0
794.0
596.0
371.0
137.0
1.0
0.0
0.0
0.0
0.0
0.0
0.0
0.0
0.0
0.0
72.0
300.0
529.0
737.0
909.0
1034.0
1103.0
1112.0
1059.0
949.0
789.0
590.0
366.0
131.0
0.0
0.0
0.0
0.0
0.0
0.0
0.0
0.0
0.0
0.0
69.0
296.0
526.0
733.0
906.0
1030.0
1099.0
1108.0
1055.0
945.0
784.0
585.0
360.0
125.0
0.0
0.0
0.0
0.0
0.0
0.0
0.0
0.0
0.0
0.0
65.0
292.0
522.0
730.0
902.0
1027.0
1096.0
1104.0
1051.0
940.0
779.0
579.0
354.0
118.0
0.0
0.0
0.0
0.0
0.0
0.0
0.0
0.0
0.0
0.0
62.0
288.0
518.0
726.0
899.0
1023.0
1092.0
1100.0
1047.0
935.0
774.0
574.0
348.0
112.0
0.0
0.0
0.0
0.0
0.0
0.0
0.0
0.0
0.0
0.0
58.0
283.0
514.0
722.0
895.0
1020.0
1088.0
1096.0
1042.0
931.0
769.0
568.0
341.0
106.0
0.0
0.0
0.0
0.0
0.0
0.0
0.0
0.0
0.0
0.0
55.0
279.0
510.0
719.0
891.0
1016.0
1084.0
1092.0
1038.0
926.0
763.0
562.0
335.0
100.0
0.0
0.0
0.0
0.0
0.0
0.0
0.0
0.0
0.0
0.0
52.0
275.0
506.0
715.0
888.0
1012.0
1081.0
1088.0
1033.0
921.0
758.0
556.0
329.0
94.0
0.0
0.0
0.0
0.0
0.0
0.0
0.0
0.0
0.0
0.0
49.0
271.0
502.0
711.0
884.0
1008.0
1077.0
1083.0
1028.0
916.0
752.0
550.0
322.0
88.0
0.0
0.0
0.0
0.0
0.0
0.0
0.0
0.0
0.0
0.0
46.0
266.0
498.0
707.0
880.0
1005.0
1072.0
1079.0
1024.0
910.0
747.0
544.0
316.0
82.0
0.0
0.0
0.0
0.0
0.0
0.0
0.0
0.0
0.0
0.0
43.0
262.0
494.0
703.0
876.0
1001.0
1068.0
1075.0
1019.0
905.0
741.0
538.0
309.0
76.0
0.0
0.0
0.0
0.0
0.0
0.0
0.0
0.0
0.0
0.0
40.0
257.0
489.0
699.0
872.0
997.0
1064.0
1070.0
1014.0
900.0
735.0
531.0
302.0
71.0
0.0
0.0
0.0
0.0
0.0
0.0
0.0
0.0
0.0
0.0
38.0
253.0
485.0
695.0
868.0
993.0
1060.0
1065.0
1009.0
894.0
729.0
525.0
295.0
65.0
0.0
0.0
0.0
0.0
0.0
0.0
0.0
0.0
0.0
0.0
35.0
248.0
481.0
691.0
864.0
988.0
1055.0
1061.0
1004.0
889.0
723.0
518.0
288.0
60.0
0.0
0.0
0.0
0.0
0.0
0.0
0.0
0.0
0.0
0.0
32.0
244.0
477.0
687.0
860.0
984.0
1051.0
1056.0
999.0
883.0
717.0
512.0
281.0
55.0
0.0
0.0
0.0
0.0
0.0
0.0
0.0
0.0
0.0
0.0
30.0
239.0
473.0
683.0
856.0
980.0
1047.0
1051.0
993.0
877.0
711.0
505.0
274.0
50.0
0.0
0.0
0.0
0.0
0.0
0.0
0.0
0.0
0.0
0.0
28.0
235.0
468.0
679.0
852.0
976.0
1042.0
1046.0
988.0
872.0
705.0
498.0
267.0
45.0
0.0
0.0
0.0
0.0
0.0
0.0
0.0
0.0
0.0
0.0
25.0
230.0
464.0
675.0
848.0
971.0
1037.0
1041.0
983.0
866.0
698.0
492.0
260.0
41.0
0.0
0.0
0.0
0.0
0.0
0.0
0.0
0.0
0.0
0.0
23.0
226.0
460.0
670.0
843.0
967.0
1033.0
1036.0
977.0
860.0
692.0
485.0
253.0
36.0
0.0
0.0
0.0
0.0
0.0
0.0
0.0
0.0
0.0
0.0
21.0
221.0
455.0
666.0
839.0
962.0
1028.0
1031.0
972.0
854.0
685.0
478.0
245.0
32.0
0.0
0.0
0.0
0.0
0.0
0.0
0.0
0.0
0.0
0.0
19.0
217.0
451.0
662.0
835.0
958.0
1023.0
1026.0
966.0
848.0
679.0
471.0
238.0
29.0
0.0
0.0
0.0
0.0
0.0
0.0
0.0
0.0
0.0
0.0
17.0
212.0
446.0
657.0
830.0
953.0
1018.0
1021.0
960.0
841.0
672.0
463.0
230.0
25.0
0.0
0.0
0.0
0.0
0.0
0.0
0.0
0.0
0.0
0.0
15.0
207.0
442.0
653.0
826.0
949.0
1013.0
1015.0
954.0
835.0
665.0
456.0
223.0
21.0
0.0
0.0
0.0
0.0
0.0
0.0
0.0
0.0
0.0
0.0
14.0
203.0
437.0
648.0
821.0
944.0
1008.0
1010.0
949.0
829.0
658.0
449.0
215.0
18.0
0.0
0.0
0.0
0.0
0.0
0.0
0.0
0.0
0.0
0.0
12.0
198.0
433.0
644.0
816.0
939.0
1003.0
1004.0
943.0
822.0
651.0
442.0
207.0
15.0
0.0
0.0
0.0
0.0
0.0
0.0
0.0
0.0
0.0
0.0
11.0
193.0
428.0
639.0
812.0
934.0
998.0
999.0
937.0
816.0
644.0
434.0
200.0
13.0
0.0
0.0
0.0
0.0
0.0
0.0
0.0
0.0
0.0
0.0
9.0
188.0
423.0
635.0
807.0
929.0
993.0
993.0
931.0
809.0
637.0
427.0
192.0
10.0
0.0
0.0
0.0
0.0
0.0
0.0
0.0
0.0
0.0
0.0
8.0
183.0
419.0
630.0
802.0
924.0
987.0
987.0
924.0
803.0
630.0
419.0
184.0
8.0
0.0
0.0
0.0
0.0
0.0
0.0
0.0
0.0
0.0
0.0
7.0
179.0
414.0
625.0
797.0
919.0
982.0
982.0
918.0
796.0
623.0
412.0
176.0
6.0
0.0
0.0
0.0
0.0
0.0
0.0
0.0
0.0
0.0
0.0
6.0
174.0
409.0
620.0
793.0
914.0
976.0
976.0
912.0
789.0
616.0
404.0
168.0
4.0
0.0
0.0
0.0
0.0
0.0
0.0
0.0
0.0
0.0
0.0
5.0
169.0
405.0
616.0
788.0
909.0
971.0
970.0
905.0
782.0
609.0
397.0
160.0
3.0
0.0
0.0
0.0
0.0
0.0
0.0
0.0
0.0
0.0
0.0
4.0
164.0
400.0
611.0
783.0
904.0
965.0
964.0
899.0
775.0
602.0
389.0
152.0
2.0
0.0
0.0
0.0
0.0
0.0
0.0
0.0
0.0
0.0
0.0
3.0
159.0
395.0
606.0
778.0
898.0
960.0
958.0
893.0
769.0
594.0
381.0
144.0
1.0
0.0
0.0
0.0
0.0
0.0
0.0
0.0
0.0
0.0
0.0
2.0
154.0
390.0
601.0
772.0
893.0
954.0
952.0
886.0
762.0
587.0
374.0
136.0
0.0
0.0
0.0
0.0
0.0
0.0
0.0
0.0
0.0
0.0
0.0
1.0
149.0
385.0
596.0
767.0
887.0
948.0
945.0
879.0
755.0
579.0
366.0
128.0
0.0
0.0
0.0
0.0
0.0
0.0
0.0
0.0
0.0
0.0
0.0
1.0
144.0
380.0
591.0
762.0
882.0
942.0
939.0
873.0
747.0
572.0
358.0
119.0
0.0
0.0
0.0
0.0
0.0
0.0
0.0
0.0
0.0
0.0
0.0
1.0
139.0
375.0
586.0
757.0
876.0
936.0
933.0
866.0
740.0
564.0
350.0
112.0
0.0
0.0
0.0
0.0
0.0
0.0
0.0
0.0
0.0
0.0
0.0
0.0
134.0
370.0
581.0
751.0
871.0
931.0
927.0
859.0
733.0
557.0
342.0
104.0
0.0
0.0
0.0
0.0
0.0
0.0
0.0
0.0
0.0
0.0
0.0
0.0
129.0
365.0
575.0
746.0
865.0
925.0
920.0
853.0
726.0
549.0
334.0
97.0
0.0
0.0
0.0
0.0
0.0
0.0
0.0
0.0
0.0
0.0
0.0
0.0
124.0
360.0
570.0
741.0
859.0
918.0
914.0
846.0
719.0
542.0
327.0
90.0
0.0
0.0
0.0
0.0
0.0
0.0
0.0
0.0
0.0
0.0
0.0
0.0
117.0
355.0
565.0
735.0
854.0
912.0
907.0
839.0
712.0
534.0
319.0
83.0
0.0
0.0
0.0
0.0
0.0
0.0
0.0
0.0
0.0
0.0
0.0
0.0
112.0
349.0
560.0
730.0
848.0
906.0
901.0
832.0
704.0
526.0
311.0
76.0
0.0
0.0
0.0
0.0
0.0
0.0
0.0
0.0
0.0
0.0
0.0
0.0
107.0
344.0
554.0
724.0
842.0
900.0
894.0
825.0
697.0
519.0
303.0
70.0
0.0
0.0
0.0
0.0
0.0
0.0
0.0
0.0
0.0
0.0
0.0
0.0
102.0
339.0
549.0
718.0
836.0
894.0
888.0
818.0
690.0
511.0
295.0
64.0
0.0
0.0
0.0
0.0
0.0
0.0
0.0
0.0
0.0
0.0
0.0
0.0
98.0
333.0
543.0
713.0
830.0
887.0
881.0
811.0
682.0
504.0
287.0
59.0
0.0
0.0
0.0
0.0
0.0
0.0
0.0
0.0
0.0
0.0
0.0
0.0
93.0
328.0
538.0
707.0
824.0
881.0
874.0
804.0
675.0
496.0
279.0
53.0
0.0
0.0
0.0
0.0
0.0
0.0
0.0
0.0
0.0
0.0
0.0
0.0
88.0
323.0
532.0
701.0
818.0
875.0
867.0
797.0
667.0
488.0
271.0
48.0
0.0
0.0
0.0
0.0
0.0
0.0
0.0
0.0
0.0
0.0
0.0
0.0
84.0
317.0
527.0
695.0
812.0
868.0
861.0
790.0
660.0
481.0
264.0
43.0
0.0
0.0
0.0
0.0
0.0
0.0
0.0
0.0
0.0
0.0
0.0
0.0
79.0
312.0
521.0
690.0
806.0
862.0
854.0
783.0
653.0
473.0
256.0
39.0
0.0
0.0
0.0
0.0
0.0
0.0
0.0
0.0
0.0
0.0
0.0
0.0
75.0
306.0
515.0
684.0
800.0
855.0
847.0
775.0
645.0
465.0
248.0
34.0
0.0
0.0
0.0
0.0
0.0
0.0
0.0
0.0
0.0
0.0
0.0
0.0
71.0
301.0
510.0
678.0
793.0
849.0
840.0
768.0
638.0
458.0
240.0
30.0
0.0
0.0
0.0
0.0
0.0
0.0
0.0
0.0
0.0
0.0
0.0
0.0
67.0
295.0
504.0
672.0
787.0
842.0
833.0
761.0
630.0
450.0
232.0
27.0
0.0
0.0
0.0
0.0
0.0
0.0
0.0
0.0
0.0
0.0
0.0
0.0
63.0
290.0
498.0
666.0
781.0
836.0
826.0
754.0
623.0
442.0
225.0
23.0
0.0
0.0
0.0
0.0
0.0
0.0
0.0
0.0
0.0
0.0
0.0
0.0
59.0
284.0
492.0
660.0
774.0
829.0
820.0
747.0
615.0
435.0
217.0
20.0
0.0
0.0
0.0
0.0
0.0
0.0
0.0
0.0
0.0
0.0
0.0
0.0
55.0
278.0
486.0
654.0
768.0
822.0
813.0
740.0
608.0
427.0
209.0
17.0
0.0
0.0
0.0
0.0
0.0
0.0
0.0
0.0
0.0
0.0
0.0
0.0
51.0
273.0
481.0
647.0
762.0
816.0
806.0
732.0
601.0
420.0
202.0
14.0
0.0
0.0
0.0
0.0
0.0
0.0
0.0
0.0
0.0
0.0
0.0
0.0
48.0
267.0
475.0
641.0
755.0
809.0
799.0
725.0
593.0
412.0
194.0
12.0
0.0
0.0
0.0
0.0
0.0
0.0
0.0
0.0
0.0
0.0
0.0
0.0
44.0
261.0
469.0
635.0
749.0
802.0
792.0
718.0
586.0
405.0
187.0
10.0
0.0
0.0
0.0
0.0
0.0
0.0
0.0
0.0
0.0
0.0
0.0
0.0
41.0
255.0
463.0
629.0
742.0
796.0
785.0
711.0
579.0
397.0
179.0
8.0
0.0
0.0
0.0
0.0
0.0
0.0
0.0
0.0
0.0
0.0
0.0
0.0
38.0
250.0
457.0
623.0
736.0
789.0
778.0
704.0
571.0
390.0
172.0
6.0
0.0
0.0
0.0
0.0
0.0
0.0
0.0
0.0
0.0
0.0
0.0
0.0
34.0
244.0
451.0
616.0
729.0
782.0
771.0
697.0
564.0
383.0
165.0
4.0
0.0
0.0
0.0
0.0
0.0
0.0
0.0
0.0
0.0
0.0
0.0
0.0
31.0
238.0
445.0
610.0
723.0
775.0
764.0
690.0
557.0
376.0
157.0
0.0
0.0
0.0
0.0
0.0
0.0
0.0
0.0
0.0
0.0
0.0
0.0
0.0
29.0
232.0
439.0
604.0
716.0
769.0
757.0
682.0
550.0
368.0
150.0
0.0
0.0
0.0
0.0
0.0
0.0
0.0
0.0
0.0
0.0
0.0
0.0
0.0
26.0
226.0
432.0
597.0
710.0
762.0
750.0
675.0
543.0
361.0
143.0
0.0
0.0
0.0
0.0
0.0
0.0
0.0
0.0
0.0
0.0
0.0
0.0
0.0
23.0
220.0
426.0
591.0
703.0
755.0
743.0
668.0
536.0
354.0
136.0
0.0
0.0
0.0
0.0
0.0
0.0
0.0
0.0
0.0
0.0
0.0
0.0
0.0
21.0
214.0
420.0
585.0
697.0
748.0
736.0
661.0
529.0
347.0
129.0
0.0
0.0
0.0
0.0
0.0
0.0
0.0
0.0
0.0
0.0
0.0
0.0
0.0
18.0
208.0
414.0
578.0
690.0
742.0
730.0
654.0
522.0
340.0
122.0
0.0
0.0
0.0
0.0
0.0
0.0
0.0
0.0
0.0
0.0
0.0
0.0
0.0
16.0
202.0
408.0
572.0
684.0
735.0
723.0
648.0
515.0
333.0
113.0
0.0
0.0
0.0
0.0
0.0
0.0
0.0
0.0
0.0
0.0
0.0
0.0
0.0
14.0
196.0
402.0
566.0
677.0
728.0
716.0
641.0
508.0
327.0
106.0
0.0
0.0
0.0
0.0
0.0
0.0
0.0
0.0
0.0
0.0
0.0
0.0
0.0
12.0
190.0
396.0
559.0
670.0
722.0
709.0
634.0
501.0
320.0
100.0
0.0
0.0
0.0
0.0
0.0
0.0
0.0
0.0
0.0
0.0
0.0
0.0
0.0
10.0
185.0
389.0
553.0
664.0
715.0
702.0
627.0
494.0
313.0
94.0
0.0
0.0
0.0
0.0
0.0
0.0
0.0
0.0
0.0
0.0
0.0
0.0
0.0
9.0
179.0
383.0
547.0
657.0
708.0
696.0
621.0
488.0
307.0
88.0
0.0
0.0
0.0
0.0
0.0
0.0
0.0
0.0
0.0
0.0
0.0
0.0
0.0
7.0
173.0
377.0
540.0
651.0
702.0
689.0
614.0
481.0
300.0
83.0
0.0
0.0
0.0
0.0
0.0
0.0
0.0
0.0
0.0
0.0
0.0
0.0
0.0
6.0
167.0
371.0
534.0
644.0
695.0
683.0
607.0
475.0
294.0
78.0
0.0
0.0
0.0
0.0
0.0
0.0
0.0
0.0
0.0
0.0
0.0
0.0
0.0
5.0
161.0
365.0
528.0
638.0
689.0
676.0
601.0
468.0
288.0
73.0
0.0
0.0
0.0
0.0
0.0
0.0
0.0
0.0
0.0
0.0
0.0
0.0
0.0
4.0
155.0
359.0
521.0
632.0
682.0
669.0
594.0
462.0
281.0
68.0
0.0
0.0
0.0
0.0
0.0
0.0
0.0
0.0
0.0
0.0
0.0
0.0
0.0
3.0
149.0
352.0
515.0
625.0
676.0
663.0
588.0
456.0
275.0
64.0
0.0
0.0
0.0
0.0
0.0
0.0
0.0
0.0
0.0
0.0
0.0
0.0
0.0
2.0
143.0
346.0
509.0
619.0
669.0
657.0
582.0
450.0
269.0
60.0
0.0
0.0
0.0
0.0
0.0
0.0
0.0
0.0
0.0
0.0
0.0
0.0
0.0
1.0
137.0
340.0
502.0
613.0
663.0
650.0
576.0
444.0
264.0
56.0
0.0
0.0
0.0
0.0
0.0
0.0
0.0
0.0
0.0
0.0
0.0
0.0
0.0
1.0
131.0
334.0
496.0
606.0
657.0
644.0
570.0
438.0
258.0
52.0
0.0
0.0
0.0
0.0
0.0
0.0
0.0
0.0
0.0
0.0
0.0
0.0
0.0
0.0
125.0
328.0
490.0
600.0
651.0
638.0
563.0
432.0
252.0
48.0
0.0
0.0
0.0
0.0
0.0
0.0
0.0
0.0
0.0
0.0
0.0
0.0
0.0
0.0
119.0
322.0
484.0
594.0
644.0
632.0
558.0
426.0
247.0
45.0
0.0
0.0
0.0
0.0
0.0
0.0
0.0
0.0
0.0
0.0
0.0
0.0
0.0
0.0
113.0
316.0
478.0
588.0
638.0
626.0
552.0
421.0
241.0
42.0
0.0
0.0
0.0
0.0
0.0
0.0
0.0
0.0
0.0
0.0
0.0
0.0
0.0
0.0
104.0
310.0
472.0
582.0
632.0
620.0
546.0
415.0
236.0
39.0
0.0
0.0
0.0
0.0
0.0
0.0
0.0
0.0
0.0
0.0
0.0
0.0
0.0
0.0
99.0
304.0
466.0
576.0
626.0
614.0
540.0
410.0
231.0
36.0
0.0
0.0
0.0
0.0
0.0
0.0
0.0
0.0
0.0
0.0
0.0
0.0
0.0
0.0
93.0
298.0
460.0
570.0
620.0
609.0
535.0
404.0
226.0
33.0
0.0
0.0
0.0
0.0
0.0
0.0
0.0
0.0
0.0
0.0
0.0
0.0
0.0
0.0
88.0
293.0
454.0
564.0
615.0
603.0
529.0
399.0
221.0
31.0
0.0
0.0
0.0
0.0
0.0
0.0
0.0
0.0
0.0
0.0
0.0
0.0
0.0
0.0
83.0
287.0
448.0
558.0
609.0
597.0
524.0
394.0
216.0
28.0
0.0
0.0
0.0
0.0
0.0
0.0
0.0
0.0
0.0
0.0
0.0
0.0
0.0
0.0
78.0
281.0
442.0
552.0
603.0
592.0
519.0
389.0
212.0
26.0
0.0
0.0
0.0
0.0
0.0
0.0
0.0
0.0
0.0
0.0
0.0
0.0
0.0
0.0
74.0
275.0
437.0
547.0
598.0
587.0
514.0
384.0
207.0
24.0
0.0
0.0
0.0
0.0
0.0
0.0
0.0
0.0
0.0
0.0
0.0
0.0
0.0
0.0
69.0
270.0
431.0
541.0
592.0
581.0
509.0
380.0
203.0
22.0
0.0
0.0
0.0
0.0
0.0
0.0
0.0
0.0
0.0
0.0
0.0
0.0
0.0
0.0
65.0
264.0
426.0
536.0
587.0
576.0
504.0
375.0
199.0
21.0
0.0
0.0
0.0
0.0
0.0
0.0
0.0
0.0
0.0
0.0
0.0
0.0
0.0
0.0
61.0
259.0
420.0
530.0
582.0
571.0
499.0
371.0
195.0
19.0
0.0
0.0
0.0
0.0
0.0
0.0
0.0
0.0
0.0
0.0
0.0
0.0
0.0
0.0
57.0
253.0
415.0
525.0
577.0
566.0
495.0
367.0
191.0
18.0
0.0
0.0
0.0
0.0
0.0
0.0
0.0
0.0
0.0
0.0
0.0
0.0
0.0
0.0
53.0
248.0
409.0
520.0
572.0
562.0
490.0
363.0
187.0
16.0
0.0
0.0
0.0
0.0
0.0
0.0
0.0
0.0
0.0
0.0
0.0
0.0
0.0
0.0
50.0
243.0
404.0
515.0
567.0
557.0
486.0
359.0
183.0
15.0
0.0
0.0
0.0
0.0
0.0
0.0
0.0
0.0
0.0
0.0
0.0
0.0
0.0
0.0
46.0
238.0
399.0
510.0
562.0
552.0
482.0
355.0
180.0
14.0
0.0
0.0
0.0
0.0
0.0
0.0
0.0
0.0
0.0
0.0
0.0
0.0
0.0
0.0
43.0
232.0
394.0
505.0
557.0
548.0
478.0
351.0
177.0
13.0
0.0
0.0
0.0
0.0
0.0
0.0
0.0
0.0
0.0
0.0
0.0
0.0
0.0
0.0
40.0
227.0
389.0
500.0
553.0
544.0
474.0
347.0
173.0
12.0
0.0
0.0
0.0
0.0
0.0
0.0
0.0
0.0
0.0
0.0
0.0
0.0
0.0
0.0
37.0
222.0
384.0
495.0
548.0
540.0
470.0
344.0
170.0
11.0
0.0
0.0
0.0
0.0
0.0
0.0
0.0
0.0
0.0
0.0
0.0
0.0
0.0
0.0
34.0
218.0
379.0
490.0
544.0
536.0
466.0
341.0
168.0
10.0
0.0
0.0
0.0
0.0
0.0
0.0
0.0
0.0
0.0
0.0
0.0
0.0
0.0
0.0
31.0
213.0
375.0
486.0
540.0
532.0
463.0
338.0
165.0
9.0
0.0
0.0
0.0
0.0
0.0
0.0
0.0
0.0
0.0
0.0
0.0
0.0
0.0
0.0
29.0
208.0
370.0
482.0
536.0
528.0
460.0
335.0
162.0
0.0
0.0
0.0
0.0
0.0
0.0
0.0
0.0
0.0
0.0
0.0
0.0
0.0
0.0
0.0
27.0
204.0
366.0
477.0
532.0
524.0
456.0
332.0
160.0
0.0
0.0
0.0
0.0
0.0
0.0
0.0
0.0
0.0
0.0
0.0
0.0
0.0
0.0
0.0
25.0
199.0
361.0
473.0
528.0
521.0
453.0
329.0
158.0
0.0
0.0
0.0
0.0
0.0
0.0
0.0
0.0
0.0
0.0
0.0
0.0
0.0
0.0
0.0
22.0
195.0
357.0
469.0
524.0
518.0
450.0
327.0
156.0
0.0
0.0
0.0
0.0
0.0
0.0
0.0
0.0
0.0
0.0
0.0
0.0
0.0
0.0
0.0
21.0
191.0
353.0
465.0
521.0
515.0
448.0
325.0
154.0
0.0
0.0
0.0
0.0
0.0
0.0
0.0
0.0
0.0
0.0
0.0
0.0
0.0
0.0
0.0
19.0
186.0
349.0
462.0
517.0
512.0
445.0
323.0
152.0
0.0
0.0
0.0
0.0
0.0
0.0
0.0
0.0
0.0
0.0
0.0
0.0
0.0
0.0
0.0
17.0
182.0
345.0
458.0
514.0
509.0
443.0
321.0
150.0
0.0
0.0
0.0
0.0
0.0
0.0
0.0
0.0
0.0
0.0
0.0
0.0
0.0
0.0
0.0
16.0
179.0
341.0
455.0
511.0
506.0
440.0
319.0
149.0
0.0
0.0
0.0
0.0
0.0
0.0
0.0
0.0
0.0
0.0
0.0
0.0
0.0
0.0
0.0
14.0
175.0
338.0
451.0
508.0
504.0
438.0
317.0
148.0
0.0
0.0
0.0
0.0
0.0
0.0
0.0
0.0
0.0
0.0
0.0
0.0
0.0
0.0
0.0
13.0
171.0
334.0
448.0
505.0
501.0
436.0
316.0
147.0
0.0
0.0
0.0
0.0
0.0
0.0
0.0
0.0
0.0
0.0
0.0
0.0
0.0
0.0
0.0
12.0
168.0
331.0
445.0
503.0
499.0
435.0
314.0
146.0
0.0
0.0
0.0
0.0
0.0
0.0
0.0
0.0
0.0
0.0
0.0
0.0
0.0
0.0
0.0
11.0
164.0
328.0
442.0
500.0
497.0
433.0
313.0
145.0
0.0
0.0
0.0
0.0
0.0
0.0
0.0
0.0
0.0
0.0
0.0
0.0
0.0
0.0
0.0
9.0
161.0
325.0
440.0
498.0
495.0
432.0
312.0
144.0
0.0
0.0
0.0
0.0
0.0
0.0
0.0
0.0
0.0
0.0
0.0
0.0
0.0
0.0
0.0
9.0
158.0
322.0
437.0
496.0
493.0
430.0
311.0
144.0
0.0
0.0
0.0
0.0
0.0
0.0
0.0
0.0
0.0
0.0
0.0
0.0
0.0
0.0
0.0
8.0
155.0
319.0
435.0
494.0
492.0
429.0
311.0
144.0
0.0
0.0
0.0
0.0
0.0
0.0
0.0
0.0
0.0
0.0
0.0
0.0
0.0
0.0
0.0
7.0
152.0
317.0
432.0
492.0
490.0
428.0
310.0
143.0
0.0
0.0
0.0
0.0
0.0
0.0
0.0
0.0
0.0
0.0
0.0
0.0
0.0
0.0
0.0
6.0
149.0
314.0
430.0
490.0
489.0
428.0
310.0
144.0
0.0
0.0
0.0
0.0
0.0
0.0
0.0
0.0
0.0
0.0
0.0
0.0
0.0
0.0
0.0
6.0
147.0
312.0
428.0
489.0
488.0
427.0
310.0
144.0
0.0
0.0
0.0
0.0
0.0
0.0
0.0
0.0
0.0
0.0
0.0
0.0
0.0
0.0
0.0
5.0
144.0
310.0
427.0
487.0
487.0
427.0
310.0
144.0
0.0
0.0
0.0
0.0
0.0
0.0
0.0
0.0
0.0
0.0
0.0
0.0
0.0
0.0
0.0
4.0
142.0
308.0
425.0
486.0
487.0
426.0
310.0
145.0
0.0
0.0
0.0
0.0
0.0
0.0
0.0
0.0
0.0
0.0
0.0
0.0
0.0
0.0
0.0
4.0
140.0
306.0
424.0
485.0
486.0
426.0
310.0
145.0
0.0
0.0
0.0
0.0
0.0
0.0
0.0
0.0
0.0
0.0
0.0
0.0
0.0
0.0
0.0
4.0
138.0
304.0
422.0
484.0
486.0
426.0
311.0
146.0
0.0
0.0
0.0
0.0
0.0
0.0
0.0
0.0
0.0
0.0
0.0
0.0
0.0
0.0
0.0
3.0
136.0
302.0
421.0
484.0
485.0
427.0
311.0
147.0
0.0
0.0
0.0
0.0
0.0
0.0
0.0
0.0
0.0
0.0
0.0
0.0
0.0
0.0
0.0
3.0
134.0
301.0
420.0
483.0
485.0
427.0
312.0
148.0
0.0
0.0
0.0
0.0
0.0
0.0
0.0
0.0
0.0
0.0
0.0
0.0
0.0
0.0
0.0
0.0
132.0
300.0
419.0
483.0
486.0
428.0
313.0
150.0
0.0
0.0
0.0
0.0
0.0
0.0
0.0
0.0
0.0
0.0
0.0
0.0
0.0
0.0
0.0
0.0
131.0
299.0
419.0
483.0
486.0
429.0
314.0
151.0
0.0
0.0
0.0
0.0
0.0
0.0
0.0
0.0
0.0
0.0
0.0
0.0
0.0
0.0
0.0
0.0
130.0
298.0
418.0
483.0
486.0
429.0
316.0
153.0
0.0
0.0
0.0
0.0
0.0
0.0
0.0
0.0
0.0
0.0
0.0
0.0
0.0
0.0
0.0
0.0
129.0
297.0
418.0
483.0
487.0
431.0
317.0
155.0
0.0
0.0
0.0
0.0
0.0
0.0
0.0
0.0
0.0
0.0
0.0
0.0
0.0
0.0
0.0
0.0
128.0
297.0
418.0
483.0
488.0
432.0
319.0
157.0
0.0
0.0
0.0
0.0
0.0
0.0
0.0
0.0
0.0
0.0
0.0
0.0
0.0
0.0
0.0
0.0
127.0
296.0
418.0
484.0
489.0
433.0
321.0
159.0
0.0
0.0
0.0
0.0
0.0
0.0
0.0
0.0
0.0
0.0
0.0
0.0
0.0
0.0
0.0
0.0
126.0
296.0
418.0
484.0
490.0
435.0
323.0
161.0
0.0
0.0
0.0
0.0
0.0
0.0
0.0
0.0
0.0
0.0
0.0
0.0
0.0
0.0
0.0
0.0
126.0
296.0
418.0
485.0
491.0
437.0
325.0
163.0
11.0
0.0
0.0
0.0
0.0
0.0
0.0
0.0
0.0
0.0
0.0
0.0
0.0
0.0
0.0
0.0
125.0
296.0
419.0
486.0
493.0
439.0
327.0
166.0
12.0
0.0
0.0
0.0
0.0
0.0
0.0
0.0
0.0
0.0
0.0
0.0
0.0
0.0
0.0
0.0
125.0
296.0
420.0
487.0
495.0
441.0
330.0
169.0
12.0
0.0
0.0
0.0
0.0
0.0
0.0
