0.0
0.0
0.0
0.0
0.0
0.0
0.0
0.0
2.0
17.0
31.0
42.0
54.0
49.0
38.0
23.0
8.0
0.0
0.0
0.0
0.0
0.0
0.0
0.0
0.0
0.0
0.0
0.0
0.0
0.0
0.0
0.0
2.0
62.0
162.0
213.0
231.0
220.0
180.0
114.0
40.0
0.0
0.0
0.0
0.0
0.0
0.0
0.0
0.0
0.0
0.0
0.0
0.0
0.0
0.0
0.0
2.0
11.0
142.0
193.0
217.0
89.0
115.0
46.0
18.0
0.0
0.0
0.0
0.0
0.0
0.0
0.0
0.0
0.0
0.0
0.0
0.0
0.0
0.0
0.0
2.0
57.0
126.0
156.0
179.0
181.0
147.0
114.0
37.0
0.0
0.0
0.0
0.0
0.0
0.0
0.0
0.0
0.0
0.0
0.0
0.0
0.0
0.0
0.0
0.0
48.0
53.0
61.0
91.0
60.0
81.0
86.0
22.0
2.0
0.0
0.0
0.0
0.0
0.0
0.0
0.0
0.0
0.0
0.0
0.0
0.0
0.0
0.0
2.0
66.0
123.0
176.0
191.0
185.0
114.0
57.0
7.0
0.0
0.0
0.0
0.0
0.0
0.0
0.0
0.0
0.0
0.0
0.0
0.0
0.0
0.0
0.0
0.0
24.0
46.0
53.0
72.0
68.0
57.0
40.0
15.0
1.0
0.0
0.0
0.0
0.0
0.0
0.0
0.0
0.0
0.0
0.0
0.0
0.0
0.0
0.0
3.0
13.0
25.0
33.0
37.0
107.0
165.0
120.0
53.0
2.0
0.0
0.0
0.0
0.0
0.0
0.0
0.0
0.0
0.0
0.0
0.0
0.0
0.0
0.0
3.0
71.0
162.0
217.0
232.0
222.0
182.0
117.0
44.0
0.0
0.0
0.0
0.0
0.0
0.0
0.0
0.0
0.0
0.0
0.0
0.0
0.0
0.0
0.0
2.0
67.0
154.0
208.0
230.0
225.0
189.0
131.0
49.0
0.0
0.0
0.0
0.0
0.0
0.0
0.0
0.0
0.0
0.0
0.0
0.0
0.0
0.0
0.0
2.0
19.0
35.0
47.0
57.0
55.0
42.0
27.0
14.0
0.0
0.0
0.0
0.0
0.0
0.0
0.0
0.0
0.0
0.0
0.0
0.0
0.0
0.0
0.0
2.0
69.0
133.0
175.0
181.0
186.0
151.0
117.0
43.0
0.0
0.0
0.0
0.0
0.0
0.0
0.0
0.0
0.0
0.0
0.0
0.0
0.0
0.0
0.0
3.0
55.0
97.0
130.0
152.0
141.0
108.0
75.0
32.0
1.0
0.0
0.0
0.0
0.0
0.0
0.0
0.0
0.0
0.0
0.0
0.0
0.0
0.0
0.0
3.0
55.0
23.0
92.0
184.0
154.0
179.0
124.0
54.0
5.0
0.0
0.0
0.0
0.0
0.0
0.0
0.0
0.0
0.0
0.0
0.0
0.0
0.0
0.0
3.0
76.0
173.0
232.0
256.0
242.0
204.0
143.0
62.0
1.0
0.0
0.0
0.0
0.0
0.0
0.0
0.0
0.0
0.0
0.0
0.0
0.0
0.0
0.0
3.0
75.0
172.0
244.0
276.0
278.0
232.0
157.0
67.0
1.0
0.0
0.0
0.0
0.0
0.0
0.0
0.0
0.0
0.0
0.0
0.0
0.0
0.0
0.0
3.0
75.0
157.0
204.0
231.0
217.0
179.0
134.0
58.0
1.0
0.0
0.0
0.0
0.0
0.0
0.0
0.0
0.0
0.0
0.0
0.0
0.0
0.0
0.0
3.0
90.0
191.0
171.0
108.0
35.0
103.0
122.0
77.0
1.0
0.0
0.0
0.0
0.0
0.0
0.0
0.0
0.0
0.0
0.0
0.0
0.0
0.0
0.0
3.0
84.0
197.0
265.0
294.0
279.0
234.0
158.0
70.0
1.0
0.0
0.0
0.0
0.0
0.0
0.0
0.0
0.0
0.0
0.0
0.0
0.0
0.0
0.0
1.0
85.0
209.0
232.0
257.0
238.0
252.0
169.0
88.0
10.0
0.0
0.0
0.0
0.0
0.0
0.0
0.0
0.0
0.0
0.0
0.0
0.0
0.0
0.0
3.0
83.0
169.0
227.0
254.0
230.0
206.0
150.0
73.0
1.0
0.0
0.0
0.0
0.0
0.0
0.0
0.0
0.0
0.0
0.0
0.0
0.0
0.0
0.0
3.0
85.0
148.0
216.0
252.0
262.0
254.0
187.0
68.0
1.0
0.0
0.0
0.0
0.0
0.0
0.0
0.0
0.0
0.0
0.0
0.0
0.0
0.0
0.0
4.0
95.0
165.0
219.0
244.0
240.0
184.0
120.0
53.0
2.0
0.0
0.0
0.0
0.0
0.0
0.0
0.0
0.0
0.0
0.0
0.0
0.0
0.0
0.0
4.0
97.0
213.0
213.0
258.0
269.0
129.0
126.0
74.0
2.0
0.0
0.0
0.0
0.0
0.0
0.0
0.0
0.0
0.0
0.0
0.0
0.0
0.0
0.0
4.0
53.0
92.0
121.0
147.0
149.0
121.0
76.0
40.0
2.0
0.0
0.0
0.0
0.0
0.0
0.0
0.0
0.0
0.0
0.0
0.0
0.0
0.0
0.0
4.0
15.0
26.0
35.0
39.0
224.0
190.0
139.0
65.0
4.0
0.0
0.0
0.0
0.0
0.0
0.0
0.0
0.0
0.0
0.0
0.0
0.0
0.0
0.0
4.0
69.0
146.0
126.0
72.0
120.0
239.0
195.0
152.0
25.0
0.0
0.0
0.0
0.0
0.0
0.0
0.0
0.0
0.0
0.0
0.0
0.0
0.0
0.0
4.0
68.0
130.0
179.0
191.0
185.0
163.0
109.0
53.0
2.0
0.0
0.0
0.0
0.0
0.0
0.0
0.0
0.0
0.0
0.0
0.0
0.0
0.0
0.0
4.0
35.0
62.0
82.0
91.0
88.0
77.0
54.0
27.0
2.0
0.0
0.0
0.0
0.0
0.0
0.0
0.0
0.0
0.0
0.0
0.0
0.0
0.0
0.0
4.0
120.0
250.0
353.0
200.0
260.0
123.0
183.0
130.0
30.0
0.0
0.0
0.0
0.0
0.0
0.0
0.0
0.0
0.0
0.0
0.0
0.0
0.0
0.0
3.0
108.0
180.0
257.0
324.0
360.0
314.0
198.0
86.0
6.0
0.0
0.0
0.0
0.0
0.0
0.0
0.0
0.0
0.0
0.0
0.0
0.0
0.0
0.0
5.0
55.0
145.0
227.0
332.0
348.0
268.0
205.0
106.0
14.0
0.0
0.0
0.0
0.0
0.0
0.0
0.0
0.0
0.0
0.0
0.0
0.0
0.0
0.0
5.0
119.0
205.0
308.0
324.0
340.0
300.0
189.0
59.0
19.0
0.0
0.0
0.0
0.0
0.0
0.0
0.0
0.0
0.0
0.0
0.0
0.0
0.0
0.0
4.0
118.0
250.0
300.0
320.0
319.0
273.0
210.0
125.0
32.0
0.0
0.0
0.0
0.0
0.0
0.0
0.0
0.0
0.0
0.0
0.0
0.0
0.0
0.0
4.0
129.0
167.0
222.0
318.0
263.0
225.0
275.0
174.0
39.0
0.0
0.0
0.0
0.0
0.0
0.0
0.0
0.0
0.0
0.0
0.0
0.0
0.0
0.0
5.0
88.0
173.0
229.0
253.0
218.0
166.0
110.0
37.0
3.0
0.0
0.0
0.0
0.0
0.0
0.0
0.0
0.0
0.0
0.0
0.0
0.0
0.0
0.0
2.0
32.0
54.0
63.0
75.0
75.0
73.0
57.0
28.0
8.0
0.0
0.0
0.0
0.0
0.0
0.0
0.0
0.0
0.0
0.0
0.0
0.0
0.0
0.0
6.0
17.0
87.0
74.0
90.0
201.0
191.0
130.0
93.0
26.0
0.0
0.0
0.0
0.0
0.0
0.0
0.0
0.0
0.0
0.0
0.0
0.0
0.0
0.0
6.0
73.0
121.0
166.0
181.0
172.0
148.0
112.0
63.0
17.0
0.0
0.0
0.0
0.0
0.0
0.0
0.0
0.0
0.0
0.0
0.0
0.0
0.0
0.0
17.0
179.0
410.0
412.0
246.0
244.0
37.0
28.0
16.0
4.0
0.0
0.0
0.0
0.0
0.0
0.0
0.0
0.0
0.0
0.0
0.0
0.0
0.0
0.0
6.0
67.0
119.0
161.0
184.0
184.0
144.0
103.0
61.0
13.0
0.0
0.0
0.0
0.0
0.0
0.0
0.0
0.0
0.0
0.0
0.0
0.0
0.0
0.0
11.0
167.0
224.0
228.0
265.0
329.0
308.0
216.0
73.0
5.0
0.0
0.0
0.0
0.0
0.0
0.0
0.0
0.0
0.0
0.0
0.0
0.0
0.0
0.0
7.0
80.0
128.0
172.0
200.0
198.0
223.0
219.0
152.0
64.0
0.0
0.0
0.0
0.0
0.0
0.0
0.0
0.0
0.0
0.0
0.0
0.0
0.0
0.0
13.0
145.0
226.0
265.0
302.0
372.0
334.0
313.0
194.0
55.0
0.0
0.0
0.0
0.0
0.0
0.0
0.0
0.0
0.0
0.0
0.0
0.0
0.0
0.0
14.0
164.0
250.0
345.0
377.0
440.0
396.0
276.0
138.0
19.0
0.0
0.0
0.0
0.0
0.0
0.0
0.0
0.0
0.0
0.0
0.0
0.0
0.0
0.0
15.0
170.0
265.0
331.0
369.0
357.0
324.0
251.0
146.0
46.0
0.0
0.0
0.0
0.0
0.0
0.0
0.0
0.0
0.0
0.0
0.0
0.0
0.0
0.0
17.0
196.0
305.0
382.0
419.0
417.0
369.0
284.0
170.0
55.0
0.0
0.0
0.0
0.0
0.0
0.0
0.0
0.0
0.0
0.0
0.0
0.0
0.0
0.0
19.0
203.0
284.0
341.0
379.0
403.0
361.0
289.0
181.0
84.0
1.0
0.0
0.0
0.0
0.0
0.0
0.0
0.0
0.0
0.0
0.0
0.0
0.0
0.0
10.0
31.0
46.0
62.0
61.0
331.0
298.0
236.0
132.0
43.0
0.0
0.0
0.0
0.0
0.0
0.0
0.0
0.0
0.0
0.0
0.0
0.0
0.0
0.0
21.0
210.0
316.0
419.0
447.0
422.0
377.0
292.0
159.0
73.0
2.0
0.0
0.0
0.0
0.0
0.0
0.0
0.0
0.0
0.0
0.0
0.0
0.0
0.0
26.0
210.0
319.0
395.0
432.0
427.0
383.0
297.0
183.0
64.0
0.0
0.0
0.0
0.0
0.0
0.0
0.0
0.0
0.0
0.0
0.0
0.0
0.0
0.0
28.0
211.0
321.0
405.0
448.0
442.0
394.0
301.0
183.0
64.0
0.0
0.0
0.0
0.0
0.0
0.0
0.0
0.0
0.0
0.0
0.0
0.0
0.0
0.0
33.0
206.0
353.0
403.0
398.0
388.0
362.0
282.0
205.0
60.0
4.0
0.0
0.0
0.0
0.0
0.0
0.0
0.0
0.0
0.0
0.0
0.0
0.0
0.0
35.0
209.0
320.0
400.0
441.0
429.0
373.0
286.0
177.0
62.0
0.0
0.0
0.0
0.0
0.0
0.0
0.0
0.0
0.0
0.0
0.0
0.0
0.0
0.0
73.0
180.0
240.0
74.0
274.0
438.0
208.0
229.0
275.0
110.0
6.0
0.0
0.0
0.0
0.0
0.0
0.0
0.0
0.0
0.0
0.0
0.0
0.0
0.0
80.0
217.0
323.0
406.0
442.0
430.0
379.0
294.0
186.0
72.0
0.0
0.0
0.0
0.0
0.0
0.0
0.0
0.0
0.0
0.0
0.0
0.0
0.0
0.0
86.0
230.0
345.0
421.0
465.0
439.0
391.0
330.0
209.0
98.0
5.0
0.0
0.0
0.0
0.0
0.0
0.0
0.0
0.0
0.0
0.0
0.0
0.0
2.0
97.0
261.0
382.0
458.0
494.0
466.0
356.0
285.0
182.0
72.0
3.0
0.0
0.0
0.0
0.0
0.0
0.0
0.0
0.0
0.0
0.0
0.0
0.0
2.0
98.0
231.0
339.0
417.0
449.0
438.0
394.0
298.0
187.0
71.0
1.0
0.0
0.0
0.0
0.0
0.0
0.0
0.0
0.0
0.0
0.0
0.0
0.0
2.0
107.0
241.0
340.0
397.0
427.0
415.0
376.0
298.0
173.0
67.0
1.0
0.0
0.0
0.0
0.0
0.0
0.0
0.0
0.0
0.0
0.0
0.0
0.0
2.0
102.0
206.0
292.0
367.0
422.0
423.0
384.0
296.0
181.0
72.0
1.0
0.0
0.0
0.0
0.0
0.0
0.0
0.0
0.0
0.0
0.0
0.0
0.0
2.0
114.0
254.0
372.0
445.0
488.0
482.0
420.0
330.0
209.0
86.0
1.0
0.0
0.0
0.0
0.0
0.0
0.0
0.0
0.0
0.0
0.0
0.0
0.0
3.0
112.0
224.0
323.0
362.0
416.0
414.0
355.0
265.0
169.0
64.0
1.0
0.0
0.0
0.0
0.0
0.0
0.0
0.0
0.0
0.0
0.0
0.0
0.0
3.0
123.0
265.0
387.0
471.0
500.0
480.0
423.0
338.0
217.0
90.0
1.0
0.0
0.0
0.0
0.0
0.0
0.0
0.0
0.0
0.0
0.0
0.0
0.0
3.0
135.0
290.0
410.0
499.0
570.0
503.0
480.0
397.0
220.0
87.0
1.0
0.0
0.0
0.0
0.0
0.0
0.0
0.0
0.0
0.0
0.0
0.0
0.0
2.0
136.0
295.0
413.0
508.0
544.0
543.0
499.0
412.0
271.0
122.0
8.0
0.0
0.0
0.0
0.0
0.0
0.0
0.0
0.0
0.0
0.0
0.0
0.0
1.0
136.0
274.0
355.0
489.0
472.0
463.0
447.0
413.0
269.0
125.0
9.0
0.0
0.0
0.0
0.0
0.0
0.0
0.0
0.0
0.0
0.0
0.0
0.0
4.0
129.0
235.0
346.0
435.0
476.0
480.0
433.0
337.0
217.0
101.0
2.0
0.0
0.0
0.0
0.0
0.0
0.0
0.0
0.0
0.0
0.0
0.0
0.0
3.0
144.0
312.0
417.0
472.0
459.0
472.0
478.0
351.0
299.0
142.0
12.0
0.0
0.0
0.0
0.0
0.0
0.0
0.0
0.0
0.0
0.0
0.0
0.0
4.0
164.0
316.0
436.0
522.0
553.0
506.0
429.0
330.0
198.0
81.0
2.0
0.0
0.0
0.0
0.0
0.0
0.0
0.0
0.0
0.0
0.0
0.0
0.0
6.0
174.0
316.0
458.0
464.0
506.0
502.0
437.0
387.0
269.0
146.0
27.0
0.0
0.0
0.0
0.0
0.0
0.0
0.0
0.0
0.0
0.0
0.0
0.0
6.0
191.0
345.0
475.0
564.0
611.0
606.0
558.0
452.0
313.0
157.0
28.0
0.0
0.0
0.0
0.0
0.0
0.0
0.0
0.0
0.0
0.0
0.0
0.0
8.0
181.0
314.0
446.0
532.0
556.0
575.0
505.0
381.0
273.0
116.0
15.0
0.0
0.0
0.0
0.0
0.0
0.0
0.0
0.0
0.0
0.0
0.0
0.0
10.0
187.0
316.0
413.0
513.0
564.0
559.0
516.0
415.0
294.0
155.0
30.0
0.0
0.0
0.0
0.0
0.0
0.0
0.0
0.0
0.0
0.0
0.0
0.0
10.0
201.0
350.0
462.0
557.0
571.0
577.0
505.0
422.0
295.0
145.0
24.0
0.0
0.0
0.0
0.0
0.0
0.0
0.0
0.0
0.0
0.0
0.0
0.0
12.0
214.0
371.0
508.0
598.0
642.0
627.0
564.0
455.0
315.0
152.0
27.0
0.0
0.0
0.0
0.0
0.0
0.0
0.0
0.0
0.0
0.0
0.0
0.0
14.0
224.0
387.0
520.0
613.0
649.0
633.0
573.0
463.0
316.0
152.0
25.0
0.0
0.0
0.0
0.0
0.0
0.0
0.0
0.0
0.0
0.0
0.0
0.0
17.0
215.0
367.0
500.0
565.0
595.0
584.0
547.0
433.0
325.0
165.0
35.0
0.0
0.0
0.0
0.0
0.0
0.0
0.0
0.0
0.0
0.0
0.0
0.0
16.0
170.0
175.0
395.0
634.0
566.0
180.0
357.0
185.0
164.0
216.0
43.0
0.0
0.0
0.0
0.0
0.0
0.0
0.0
0.0
0.0
0.0
0.0
0.0
27.0
255.0
493.0
665.0
696.0
557.0
351.0
269.0
209.0
186.0
77.0
6.0
0.0
0.0
0.0
0.0
0.0
0.0
0.0
0.0
0.0
0.0
0.0
0.0
22.0
215.0
361.0
478.0
579.0
629.0
609.0
543.0
445.0
326.0
161.0
36.0
0.0
0.0
0.0
0.0
0.0
0.0
0.0
0.0
0.0
0.0
0.0
0.0
25.0
237.0
333.0
186.0
207.0
329.0
485.0
428.0
246.0
250.0
108.0
27.0
0.0
0.0
0.0
0.0
0.0
0.0
0.0
0.0
0.0
0.0
0.0
0.0
29.0
187.0
381.0
549.0
554.0
555.0
531.0
451.0
382.0
298.0
145.0
26.0
0.0
0.0
0.0
0.0
0.0
0.0
0.0
0.0
0.0
0.0
0.0
0.0
33.0
248.0
399.0
518.0
621.0
678.0
659.0
599.0
467.0
335.0
170.0
36.0
0.0
0.0
0.0
0.0
0.0
0.0
0.0
0.0
0.0
0.0
0.0
0.0
39.0
265.0
422.0
559.0
651.0
677.0
661.0
579.0
465.0
324.0
168.0
33.0
0.0
0.0
0.0
0.0
0.0
0.0
0.0
0.0
0.0
0.0
0.0
0.0
47.0
245.0
399.0
535.0
603.0
624.0
607.0
565.0
438.0
273.0
150.0
29.0
0.0
0.0
0.0
0.0
0.0
0.0
0.0
0.0
0.0
0.0
0.0
0.0
84.0
194.0
329.0
471.0
539.0
564.0
580.0
565.0
493.0
353.0
162.0
46.0
0.0
0.0
0.0
0.0
0.0
0.0
0.0
0.0
0.0
0.0
0.0
0.0
95.0
260.0
427.0
535.0
620.0
633.0
640.0
582.0
497.0
365.0
205.0
56.0
0.0
0.0
0.0
0.0
0.0
0.0
0.0
0.0
0.0
0.0
0.0
0.0
103.0
285.0
444.0
576.0
665.0
704.0
696.0
626.0
509.0
357.0
200.0
54.0
0.0
0.0
0.0
0.0
0.0
0.0
0.0
0.0
0.0
0.0
0.0
0.0
111.0
270.0
423.0
537.0
580.0
622.0
594.0
575.0
475.0
334.0
209.0
65.0
0.0
0.0
0.0
0.0
0.0
0.0
0.0
0.0
0.0
0.0
0.0
0.0
113.0
278.0
417.0
526.0
608.0
630.0
646.0
583.0
478.0
339.0
184.0
65.0
0.0
0.0
0.0
0.0
0.0
0.0
0.0
0.0
0.0
0.0
0.0
2.0
13.0
29.0
166.0
142.0
311.0
382.0
598.0
740.0
377.0
410.0
243.0
63.0
0.0
0.0
0.0
0.0
0.0
0.0
0.0
0.0
0.0
0.0
0.0
1.0
124.0
238.0
354.0
465.0
571.0
599.0
460.0
387.0
477.0
335.0
119.0
44.0
0.0
0.0
0.0
0.0
0.0
0.0
0.0
0.0
0.0
0.0
0.0
2.0
131.0
295.0
443.0
562.0
641.0
674.0
662.0
603.0
499.0
363.0
207.0
63.0
0.0
0.0
0.0
0.0
0.0
0.0
0.0
0.0
0.0
0.0
0.0
2.0
165.0
338.0
632.0
554.0
727.0
316.0
173.0
62.0
52.0
38.0
22.0
7.0
0.0
0.0
0.0
0.0
0.0
0.0
0.0
0.0
0.0
0.0
0.0
2.0
133.0
279.0
413.0
523.0
595.0
633.0
611.0
558.0
461.0
331.0
190.0
60.0
0.0
0.0
0.0
0.0
0.0
0.0
0.0
0.0
0.0
0.0
0.0
3.0
143.0
296.0
440.0
555.0
622.0
651.0
631.0
569.0
470.0
342.0
195.0
60.0
0.0
0.0
0.0
0.0
0.0
0.0
0.0
0.0
0.0
0.0
0.0
3.0
15.0
31.0
46.0
58.0
66.0
69.0
445.0
405.0
348.0
258.0
145.0
47.0
1.0
0.0
0.0
0.0
0.0
0.0
0.0
0.0
0.0
0.0
0.0
3.0
100.0
189.0
268.0
298.0
342.0
343.0
382.0
343.0
297.0
205.0
104.0
35.0
0.0
0.0
0.0
0.0
0.0
0.0
0.0
0.0
0.0
0.0
0.0
4.0
165.0
333.0
489.0
622.0
710.0
744.0
713.0
646.0
519.0
378.0
224.0
79.0
2.0
0.0
0.0
0.0
0.0
0.0
0.0
0.0
0.0
0.0
0.0
4.0
167.0
338.0
491.0
615.0
701.0
729.0
717.0
641.0
540.0
409.0
241.0
88.0
3.0
0.0
0.0
0.0
0.0
0.0
0.0
0.0
0.0
0.0
0.0
5.0
192.0
370.0
531.0
665.0
755.0
783.0
771.0
707.0
591.0
434.0
260.0
93.0
2.0
0.0
0.0
0.0
0.0
0.0
0.0
0.0
0.0
0.0
0.0
6.0
194.0
371.0
529.0
663.0
745.0
780.0
765.0
701.0
585.0
437.0
262.0
96.0
2.0
0.0
0.0
0.0
0.0
0.0
0.0
0.0
0.0
0.0
0.0
8.0
196.0
374.0
538.0
668.0
755.0
785.0
770.0
701.0
584.0
429.0
255.0
89.0
0.0
0.0
0.0
0.0
0.0
0.0
0.0
0.0
0.0
0.0
0.0
9.0
200.0
375.0
535.0
673.0
759.0
776.0
753.0
684.0
565.0
419.0
247.0
89.0
0.0
0.0
0.0
0.0
0.0
0.0
0.0
0.0
0.0
0.0
0.0
11.0
195.0
365.0
519.0
639.0
716.0
745.0
721.0
666.0
554.0
405.0
239.0
87.0
1.0
0.0
0.0
0.0
0.0
0.0
0.0
0.0
0.0
0.0
0.0
12.0
198.0
372.0
529.0
659.0
745.0
775.0
763.0
696.0
586.0
436.0
270.0
106.0
6.0
0.0
0.0
0.0
0.0
0.0
0.0
0.0
0.0
0.0
0.0
12.0
131.0
247.0
342.0
388.0
431.0
478.0
477.0
440.0
364.0
287.0
156.0
56.0
1.0
0.0
0.0
0.0
0.0
0.0
0.0
0.0
0.0
0.0
0.0
15.0
210.0
387.0
551.0
675.0
756.0
796.0
781.0
722.0
605.0
454.0
280.0
111.0
7.0
0.0
0.0
0.0
0.0
0.0
0.0
0.0
0.0
0.0
0.0
22.0
226.0
395.0
549.0
683.0
733.0
853.0
799.0
729.0
596.0
436.0
272.0
120.0
1.0
0.0
0.0
0.0
0.0
0.0
0.0
0.0
0.0
0.0
0.0
20.0
216.0
388.0
541.0
665.0
750.0
783.0
758.0
683.0
566.0
421.0
251.0
97.0
1.0
0.0
0.0
0.0
0.0
0.0
0.0
0.0
0.0
0.0
0.0
21.0
197.0
342.0
514.0
661.0
755.0
752.0
632.0
493.0
406.0
298.0
171.0
73.0
1.0
0.0
0.0
0.0
0.0
0.0
0.0
0.0
0.0
0.0
0.0
25.0
210.0
364.0
511.0
618.0
699.0
726.0
706.0
625.0
522.0
387.0
234.0
91.0
1.0
0.0
0.0
0.0
0.0
0.0
0.0
0.0
0.0
0.0
0.0
28.0
243.0
426.0
592.0
730.0
819.0
856.0
844.0
769.0
647.0
486.0
303.0
127.0
8.0
0.0
0.0
0.0
0.0
0.0
0.0
0.0
0.0
0.0
0.0
18.0
135.0
227.0
321.0
392.0
417.0
433.0
402.0
354.0
272.0
216.0
122.0
53.0
1.0
0.0
0.0
0.0
0.0
0.0
0.0
0.0
0.0
0.0
0.0
33.0
240.0
415.0
573.0
691.0
759.0
790.0
737.0
675.0
572.0
430.0
254.0
100.0
1.0
0.0
0.0
0.0
0.0
0.0
0.0
0.0
0.0
0.0
0.0
36.0
206.0
353.0
484.0
607.0
714.0
771.0
743.0
678.0
592.0
439.0
283.0
122.0
13.0
0.0
0.0
0.0
0.0
0.0
0.0
0.0
0.0
0.0
0.0
41.0
228.0
391.0
532.0
625.0
674.0
724.0
737.0
688.0
608.0
451.0
286.0
129.0
17.0
0.0
0.0
0.0
0.0
0.0
0.0
0.0
0.0
0.0
0.0
44.0
254.0
428.0
584.0
720.0
808.0
850.0
840.0
755.0
637.0
474.0
296.0
130.0
18.0
0.0
0.0
0.0
0.0
0.0
0.0
0.0
0.0
0.0
0.0
76.0
221.0
354.0
490.0
605.0
634.0
630.0
652.0
591.0
497.0
343.0
228.0
85.0
2.0
0.0
0.0
0.0
0.0
0.0
0.0
0.0
0.0
0.0
0.0
62.0
177.0
280.0
386.0
454.0
510.0
488.0
538.0
467.0
348.0
293.0
140.0
64.0
2.0
0.0
0.0
0.0
0.0
0.0
0.0
0.0
0.0
0.0
1.0
59.0
179.0
315.0
334.0
375.0
533.0
536.0
723.0
793.0
664.0
503.0
358.0
160.0
23.0
0.0
0.0
0.0
0.0
0.0
0.0
0.0
0.0
0.0
1.0
107.0
295.0
481.0
646.0
775.0
857.0
889.0
858.0
781.0
658.0
496.0
314.0
140.0
16.0
0.0
0.0
0.0
0.0
0.0
0.0
0.0
0.0
0.0
1.0
73.0
165.0
267.0
377.0
485.0
533.0
568.0
505.0
466.0
384.0
293.0
175.0
74.0
2.0
0.0
0.0
0.0
0.0
0.0
0.0
0.0
0.0
0.0
0.0
96.0
252.0
426.0
497.0
563.0
676.0
737.0
750.0
682.0
489.0
402.0
266.0
144.0
28.0
0.0
0.0
0.0
0.0
0.0
0.0
0.0
0.0
0.0
0.0
110.0
272.0
438.0
583.0
702.0
766.0
801.0
793.0
735.0
638.0
493.0
322.0
149.0
28.0
0.0
0.0
0.0
0.0
0.0
0.0
0.0
0.0
0.0
0.0
116.0
287.0
461.0
618.0
734.0
820.0
849.0
826.0
762.0
656.0
506.0
329.0
155.0
28.0
0.0
0.0
0.0
0.0
0.0
0.0
0.0
0.0
0.0
0.0
123.0
296.0
479.0
642.0
765.0
850.0
885.0
867.0
787.0
665.0
508.0
328.0
152.0
25.0
0.0
0.0
0.0
0.0
0.0
0.0
0.0
0.0
0.0
1.0
117.0
275.0
437.0
580.0
689.0
770.0
811.0
801.0
720.0
624.0
475.0
312.0
149.0
27.0
0.0
0.0
0.0
0.0
0.0
0.0
0.0
0.0
0.0
1.0
110.0
264.0
425.0
563.0
746.0
807.0
808.0
786.0
720.0
562.0
412.0
244.0
95.0
3.0
0.0
0.0
0.0
0.0
0.0
0.0
0.0
0.0
0.0
1.0
120.0
279.0
454.0
608.0
720.0
802.0
838.0
817.0
751.0
643.0
497.0
328.0
163.0
35.0
0.0
0.0
0.0
0.0
0.0
0.0
0.0
0.0
0.0
1.0
128.0
288.0
454.0
609.0
732.0
818.0
853.0
830.0
771.0
655.0
510.0
338.0
167.0
38.0
0.0
0.0
0.0
0.0
0.0
0.0
0.0
0.0
0.0
2.0
139.0
316.0
496.0
659.0
784.0
864.0
897.0
886.0
815.0
698.0
543.0
364.0
182.0
40.0
0.0
0.0
0.0
0.0
0.0
0.0
0.0
0.0
0.0
2.0
146.0
331.0
519.0
689.0
822.0
905.0
936.0
913.0
837.0
713.0
549.0
359.0
174.0
35.0
0.0
0.0
0.0
0.0
0.0
0.0
0.0
0.0
0.0
2.0
112.0
248.0
371.0
524.0
666.0
728.0
767.0
744.0
689.0
611.0
500.0
327.0
189.0
42.0
0.0
0.0
0.0
0.0
0.0
0.0
0.0
0.0
0.0
3.0
119.0
229.0
377.0
593.0
650.0
633.0
742.0
757.0
799.0
594.0
406.0
219.0
66.0
35.0
0.0
0.0
0.0
0.0
0.0
0.0
0.0
0.0
0.0
3.0
99.0
202.0
326.0
453.0
497.0
556.0
550.0
540.0
520.0
472.0
395.0
288.0
151.0
47.0
0.0
0.0
0.0
0.0
0.0
0.0
0.0
0.0
0.0
2.0
85.0
174.0
317.0
499.0
631.0
699.0
640.0
538.0
523.0
445.0
406.0
305.0
189.0
52.0
0.0
0.0
0.0
0.0
0.0
0.0
0.0
0.0
0.0
3.0
111.0
223.0
354.0
513.0
611.0
620.0
639.0
597.0
549.0
478.0
392.0
247.0
118.0
4.0
0.0
0.0
0.0
0.0
0.0
0.0
0.0
0.0
0.0
3.0
56.0
122.0
183.0
233.0
283.0
291.0
300.0
295.0
262.0
211.0
150.0
93.0
42.0
4.0
0.0
0.0
0.0
0.0
0.0
0.0
0.0
0.0
0.0
5.0
162.0
341.0
524.0
686.0
816.0
897.0
928.0
910.0
841.0
715.0
560.0
379.0
196.0
49.0
0.0
0.0
0.0
0.0
0.0
0.0
0.0
0.0
0.0
5.0
155.0
324.0
500.0
654.0
782.0
871.0
898.0
886.0
810.0
701.0
549.0
371.0
193.0
51.0
0.0
0.0
0.0
0.0
0.0
0.0
0.0
0.0
0.0
5.0
93.0
190.0
277.0
390.0
443.0
483.0
518.0
491.0
441.0
334.0
236.0
130.0
63.0
5.0
0.0
0.0
0.0
0.0
0.0
0.0
0.0
0.0
0.0
5.0
86.0
325.0
359.0
824.0
551.0
374.0
155.0
278.0
587.0
731.0
289.0
34.0
18.0
33.0
0.0
0.0
0.0
0.0
0.0
0.0
0.0
0.0
0.0
4.0
93.0
178.0
291.0
364.0
440.0
479.0
555.0
570.0
510.0
451.0
309.0
179.0
104.0
5.0
0.0
0.0
0.0
0.0
0.0
0.0
0.0
0.0
0.0
10.0
178.0
429.0
454.0
492.0
603.0
510.0
649.0
704.0
601.0
693.0
474.0
287.0
152.0
5.0
0.0
0.0
0.0
0.0
0.0
0.0
0.0
0.0
0.0
8.0
173.0
351.0
531.0
689.0
815.0
892.0
924.0
907.0
839.0
725.0
572.0
396.0
215.0
64.0
0.0
0.0
0.0
0.0
0.0
0.0
0.0
0.0
0.0
8.0
181.0
369.0
559.0
729.0
861.0
951.0
981.0
957.0
879.0
756.0
589.0
403.0
214.0
61.0
0.0
0.0
0.0
0.0
0.0
0.0
0.0
0.0
0.0
9.0
174.0
355.0
537.0
697.0
825.0
912.0
941.0
926.0
853.0
734.0
583.0
403.0
218.0
66.0
0.0
0.0
0.0
0.0
0.0
0.0
0.0
0.0
0.0
9.0
147.0
299.0
454.0
587.0
691.0
761.0
783.0
764.0
705.0
608.0
477.0
330.0
172.0
50.0
0.0
0.0
0.0
0.0
0.0
0.0
0.0
0.0
0.0
10.0
182.0
366.0
552.0
718.0
848.0
933.0
965.0
944.0
871.0
751.0
592.0
409.0
222.0
67.0
0.0
0.0
0.0
0.0
0.0
0.0
0.0
0.0
0.0
10.0
140.0
287.0
436.0
573.0
674.0
732.0
763.0
740.0
682.0
583.0
455.0
309.0
168.0
50.0
0.0
0.0
0.0
0.0
0.0
0.0
0.0
0.0
0.0
11.0
170.0
341.0
515.0
670.0
791.0
871.0
901.0
882.0
814.0
702.0
554.0
383.0
208.0
64.0
0.0
0.0
0.0
0.0
0.0
0.0
0.0
0.0
0.0
11.0
180.0
360.0
543.0
703.0
832.0
912.0
944.0
925.0
857.0
738.0
582.0
405.0
222.0
69.0
0.0
0.0
0.0
0.0
0.0
0.0
0.0
0.0
0.0
12.0
180.0
359.0
539.0
699.0
826.0
908.0
939.0
920.0
849.0
732.0
579.0
402.0
221.0
69.0
0.0
0.0
0.0
0.0
0.0
0.0
0.0
0.0
0.0
12.0
170.0
340.0
512.0
659.0
779.0
852.0
881.0
869.0
825.0
714.0
568.0
392.0
220.0
72.0
1.0
0.0
0.0
0.0
0.0
0.0
0.0
0.0
0.0
12.0
185.0
370.0
557.0
720.0
851.0
935.0
969.0
950.0
883.0
759.0
597.0
416.0
231.0
73.0
0.0
0.0
0.0
0.0
0.0
0.0
0.0
0.0
0.0
13.0
176.0
350.0
527.0
685.0
808.0
888.0
918.0
898.0
830.0
716.0
567.0
394.0
218.0
70.0
0.0
0.0
0.0
0.0
0.0
0.0
0.0
0.0
0.0
13.0
166.0
326.0
489.0
634.0
746.0
817.0
841.0
827.0
765.0
662.0
524.0
365.0
204.0
66.0
0.0
0.0
0.0
0.0
0.0
0.0
0.0
0.0
0.0
8.0
102.0
204.0
315.0
422.0
491.0
524.0
502.0
539.0
513.0
410.0
301.0
206.0
95.0
29.0
0.0
0.0
0.0
0.0
0.0
0.0
0.0
0.0
0.0
11.0
146.0
294.0
463.0
570.0
708.0
762.0
783.0
648.0
690.0
593.0
468.0
314.0
202.0
89.0
3.0
0.0
0.0
0.0
0.0
0.0
0.0
0.0
0.0
15.0
185.0
367.0
561.0
732.0
913.0
533.0
520.0
479.0
373.0
293.0
206.0
129.0
67.0
12.0
0.0
0.0
0.0
0.0
0.0
0.0
0.0
0.0
0.0
14.0
171.0
338.0
505.0
654.0
774.0
851.0
880.0
859.0
791.0
685.0
544.0
382.0
213.0
71.0
0.0
0.0
0.0
0.0
0.0
0.0
0.0
0.0
0.0
15.0
160.0
303.0
436.0
593.0
679.0
758.0
801.0
826.0
752.0
649.0
538.0
398.0
216.0
80.0
4.0
0.0
0.0
0.0
0.0
0.0
0.0
0.0
0.0
13.0
150.0
292.0
436.0
563.0
669.0
722.0
741.0
724.0
682.0
594.0
472.0
333.0
191.0
64.0
0.0
0.0
0.0
0.0
0.0
0.0
0.0
0.0
0.0
14.0
189.0
372.0
558.0
722.0
850.0
932.0
967.0
948.0
876.0
759.0
604.0
423.0
237.0
80.0
0.0
0.0
0.0
0.0
0.0
0.0
0.0
0.0
0.0
14.0
188.0
372.0
549.0
708.0
847.0
955.0
959.0
975.0
881.0
753.0
601.0
427.0
233.0
80.0
0.0
0.0
0.0
0.0
0.0
0.0
0.0
0.0
0.0
13.0
162.0
313.0
452.0
584.0
687.0
774.0
829.0
833.0
781.0
689.0
555.0
402.0
220.0
83.0
4.0
0.0
0.0
0.0
0.0
0.0
0.0
0.0
0.0
12.0
138.0
274.0
413.0
531.0
633.0
699.0
736.0
736.0
662.0
565.0
457.0
313.0
173.0
57.0
0.0
0.0
0.0
0.0
0.0
0.0
0.0
0.0
0.0
14.0
179.0
355.0
535.0
697.0
823.0
907.0
939.0
919.0
850.0
736.0
586.0
409.0
230.0
79.0
0.0
0.0
0.0
0.0
0.0
0.0
0.0
0.0
0.0
13.0
155.0
305.0
463.0
605.0
713.0
792.0
826.0
804.0
758.0
653.0
521.0
357.0
202.0
72.0
0.0
0.0
0.0
0.0
0.0
0.0
0.0
0.0
0.0
15.0
158.0
297.0
443.0
591.0
679.0
783.0
811.0
824.0
770.0
685.0
563.0
408.0
223.0
92.0
6.0
0.0
0.0
0.0
0.0
0.0
0.0
0.0
0.0
6.0
76.0
161.0
237.0
322.0
380.0
408.0
407.0
442.0
395.0
328.0
236.0
184.0
95.0
30.0
0.0
0.0
0.0
0.0
0.0
0.0
0.0
0.0
0.0
13.0
151.0
302.0
458.0
598.0
710.0
776.0
783.0
765.0
722.0
624.0
498.0
351.0
198.0
69.0
0.0
0.0
0.0
0.0
0.0
0.0
0.0
0.0
0.0
12.0
151.0
310.0
482.0
607.0
755.0
812.0
778.0
753.0
737.0
646.0
561.0
394.0
230.0
84.0
3.0
0.0
0.0
0.0
0.0
0.0
0.0
0.0
0.0
13.0
178.0
355.0
534.0
695.0
821.0
903.0
938.0
921.0
855.0
740.0
592.0
417.0
237.0
82.0
0.0
0.0
0.0
0.0
0.0
0.0
0.0
0.0
0.0
13.0
169.0
337.0
511.0
665.0
787.0
864.0
889.0
872.0
806.0
699.0
558.0
395.0
224.0
78.0
0.0
0.0
0.0
0.0
0.0
0.0
0.0
0.0
0.0
12.0
169.0
341.0
519.0
676.0
807.0
891.0
933.0
907.0
840.0
734.0
586.0
414.0
239.0
86.0
3.0
0.0
0.0
0.0
0.0
0.0
0.0
0.0
0.0
12.0
167.0
333.0
503.0
654.0
770.0
851.0
876.0
848.0
790.0
687.0
546.0
387.0
220.0
77.0
0.0
0.0
0.0
0.0
0.0
0.0
0.0
0.0
0.0
12.0
151.0
302.0
455.0
586.0
693.0
763.0
795.0
783.0
723.0
628.0
501.0
354.0
201.0
68.0
0.0
0.0
0.0
0.0
0.0
0.0
0.0
0.0
0.0
11.0
152.0
307.0
469.0
618.0
735.0
814.0
848.0
831.0
765.0
667.0
527.0
370.0
210.0
71.0
0.0
0.0
0.0
0.0
0.0
0.0
0.0
0.0
0.0
11.0
170.0
347.0
526.0
689.0
821.0
910.0
950.0
933.0
870.0
760.0
608.0
431.0
249.0
90.0
3.0
0.0
0.0
0.0
0.0
0.0
0.0
0.0
0.0
10.0
170.0
346.0
524.0
688.0
818.0
907.0
947.0
939.0
873.0
767.0
622.0
445.0
258.0
95.0
6.0
0.0
0.0
0.0
0.0
0.0
0.0
0.0
0.0
10.0
171.0
348.0
530.0
693.0
827.0
916.0
952.0
936.0
874.0
760.0
608.0
433.0
252.0
90.0
3.0
0.0
0.0
0.0
0.0
0.0
0.0
0.0
0.0
9.0
169.0
345.0
529.0
708.0
832.0
908.0
921.0
910.0
867.0
762.0
601.0
429.0
243.0
86.0
0.0
0.0
0.0
0.0
0.0
0.0
0.0
0.0
0.0
9.0
144.0
296.0
454.0
594.0
704.0
775.0
806.0
797.0
737.0
639.0
505.0
358.0
207.0
73.0
0.0
0.0
0.0
0.0
0.0
0.0
0.0
0.0
0.0
8.0
149.0
302.0
452.0
599.0
714.0
795.0
830.0
818.0
751.0
645.0
523.0
389.0
215.0
78.0
0.0
0.0
0.0
0.0
0.0
0.0
0.0
0.0
0.0
8.0
157.0
328.0
495.0
651.0
781.0
857.0
880.0
872.0
797.0
699.0
567.0
403.0
234.0
86.0
3.0
0.0
0.0
0.0
0.0
0.0
0.0
0.0
0.0
3.0
36.0
117.0
227.0
322.0
387.0
679.0
704.0
470.0
127.0
356.0
382.0
315.0
303.0
108.0
5.0
0.0
0.0
0.0
0.0
0.0
0.0
0.0
0.0
6.0
140.0
293.0
448.0
581.0
698.0
785.0
834.0
827.0
775.0
690.0
572.0
408.0
239.0
92.0
5.0
0.0
0.0
0.0
0.0
0.0
0.0
0.0
0.0
4.0
82.0
180.0
257.0
369.0
418.0
484.0
579.0
589.0
524.0
485.0
436.0
321.0
190.0
96.0
5.0
0.0
0.0
0.0
0.0
0.0
0.0
0.0
0.0
6.0
142.0
298.0
458.0
611.0
713.0
795.0
846.0
850.0
805.0
706.0
555.0
403.0
237.0
91.0
5.0
0.0
0.0
0.0
0.0
0.0
0.0
0.0
0.0
6.0
163.0
345.0
532.0
701.0
837.0
925.0
964.0
950.0
882.0
770.0
617.0
433.0
244.0
82.0
0.0
0.0
0.0
0.0
0.0
0.0
0.0
0.0
0.0
5.0
164.0
354.0
547.0
718.0
860.0
936.0
983.0
974.0
909.0
789.0
626.0
440.0
243.0
81.0
0.0
0.0
0.0
0.0
0.0
0.0
0.0
0.0
0.0
5.0
168.0
356.0
555.0
726.0
876.0
512.0
552.0
566.0
525.0
446.0
357.0
246.0
139.0
44.0
0.0
0.0
0.0
0.0
0.0
0.0
0.0
0.0
0.0
4.0
137.0
297.0
463.0
612.0
731.0
813.0
849.0
835.0
780.0
678.0
542.0
380.0
212.0
70.0
0.0
0.0
0.0
0.0
0.0
0.0
0.0
0.0
0.0
2.0
60.0
262.0
457.0
583.0
615.0
516.0
505.0
676.0
597.0
543.0
462.0
172.0
110.0
69.0
1.0
0.0
0.0
0.0
0.0
0.0
0.0
0.0
0.0
3.0
123.0
269.0
422.0
563.0
676.0
744.0
770.0
760.0
715.0
625.0
495.0
341.0
191.0
62.0
0.0
0.0
0.0
0.0
0.0
0.0
0.0
0.0
0.0
2.0
108.0
232.0
359.0
250.0
871.0
935.0
1011.0
840.0
927.0
806.0
643.0
451.0
252.0
83.0
3.0
0.0
0.0
0.0
0.0
0.0
0.0
0.0
0.0
3.0
135.0
301.0
482.0
647.0
777.0
864.0
900.0
898.0
826.0
716.0
567.0
390.0
218.0
70.0
0.0
0.0
0.0
0.0
0.0
0.0
0.0
0.0
0.0
2.0
131.0
291.0
462.0
624.0
754.0
839.0
885.0
878.0
818.0
712.0
571.0
398.0
222.0
74.0
2.0
0.0
0.0
0.0
0.0
0.0
0.0
0.0
0.0
2.0
135.0
306.0
485.0
648.0
778.0
867.0
903.0
890.0
824.0
717.0
571.0
397.0
218.0
68.0
0.0
0.0
0.0
0.0
0.0
0.0
0.0
0.0
0.0
2.0
149.0
339.0
528.0
723.0
907.0
588.0
571.0
571.0
500.0
424.0
292.0
209.0
106.0
41.0
2.0
0.0
0.0
0.0
0.0
0.0
0.0
0.0
0.0
2.0
143.0
330.0
523.0
699.0
839.0
933.0
976.0
963.0
895.0
777.0
618.0
431.0
238.0
73.0
0.0
0.0
0.0
0.0
0.0
0.0
0.0
0.0
0.0
1.0
127.0
290.0
460.0
619.0
745.0
836.0
886.0
876.0
816.0
706.0
567.0
402.0
224.0
72.0
1.0
0.0
0.0
0.0
0.0
0.0
0.0
0.0
0.0
1.0
123.0
286.0
462.0
622.0
749.0
836.0
875.0
863.0
801.0
705.0
565.0
394.0
218.0
68.0
1.0
0.0
0.0
0.0
0.0
0.0
0.0
0.0
0.0
1.0
89.0
215.0
343.0
457.0
559.0
625.0
652.0
656.0
605.0
545.0
434.0
305.0
160.0
51.0
0.0
0.0
0.0
0.0
0.0
0.0
0.0
0.0
0.0
1.0
118.0
284.0
462.0
625.0
756.0
844.0
888.0
886.0
827.0
719.0
570.0
395.0
215.0
66.0
0.0
0.0
0.0
0.0
0.0
0.0
0.0
0.0
0.0
1.0
109.0
253.0
433.0
588.0
698.0
757.0
758.0
773.0
749.0
601.0
493.0
316.0
172.0
43.0
0.0
0.0
0.0
0.0
0.0
0.0
0.0
0.0
0.0
0.0
116.0
278.0
453.0
614.0
746.0
838.0
876.0
862.0
798.0
687.0
542.0
372.0
195.0
54.0
0.0
0.0
0.0
0.0
0.0
0.0
0.0
0.0
0.0
0.0
113.0
280.0
453.0
592.0
726.0
790.0
802.0
783.0
733.0
620.0
479.0
328.0
167.0
42.0
0.0
0.0
0.0
0.0
0.0
0.0
0.0
0.0
0.0
1.0
116.0
296.0
485.0
656.0
795.0
889.0
932.0
917.0
850.0
734.0
575.0
393.0
206.0
54.0
0.0
0.0
0.0
0.0
0.0
0.0
0.0
0.0
0.0
0.0
106.0
268.0
444.0
594.0
728.0
818.0
845.0
844.0
783.0
683.0
532.0
361.0
183.0
48.0
0.0
0.0
0.0
0.0
0.0
0.0
0.0
0.0
0.0
1.0
105.0
267.0
444.0
604.0
736.0
826.0
867.0
859.0
805.0
703.0
550.0
374.0
197.0
53.0
0.0
0.0
0.0
0.0
0.0
0.0
0.0
0.0
0.0
1.0
106.0
283.0
469.0
639.0
775.0
867.0
907.0
891.0
821.0
706.0
551.0
373.0
192.0
45.0
0.0
0.0
0.0
0.0
0.0
0.0
0.0
0.0
0.0
1.0
91.0
239.0
404.0
547.0
666.0
761.0
822.0
803.0
761.0
668.0
504.0
337.0
167.0
39.0
0.0
0.0
0.0
0.0
0.0
0.0
0.0
0.0
0.0
1.0
99.0
274.0
458.0
627.0
757.0
846.0
893.0
878.0
812.0
696.0
540.0
364.0
181.0
40.0
0.0
0.0
0.0
0.0
0.0
0.0
0.0
0.0
0.0
0.0
92.0
245.0
403.0
554.0
678.0
755.0
812.0
809.0
755.0
647.0
508.0
348.0
173.0
42.0
0.0
0.0
0.0
0.0
0.0
0.0
0.0
0.0
0.0
0.0
85.0
226.0
384.0
538.0
676.0
777.0
810.0
811.0
744.0
631.0
505.0
339.0
173.0
42.0
0.0
0.0
0.0
0.0
0.0
0.0
0.0
0.0
0.0
0.0
88.0
244.0
417.0
580.0
713.0
791.0
818.0
809.0
767.0
667.0
516.0
347.0
167.0
36.0
0.0
0.0
0.0
0.0
0.0
0.0
0.0
0.0
0.0
0.0
36.0
252.0
450.0
617.0
857.0
670.0
534.0
452.0
477.0
431.0
304.0
164.0
66.0
23.0
0.0
0.0
0.0
0.0
0.0
0.0
0.0
0.0
0.0
0.0
40.0
254.0
436.0
604.0
741.0
827.0
866.0
853.0
783.0
673.0
519.0
347.0
168.0
33.0
0.0
0.0
0.0
0.0
0.0
0.0
0.0
0.0
0.0
0.0
60.0
290.0
500.0
455.0
646.0
747.0
707.0
266.0
322.0
120.0
46.0
31.0
98.0
20.0
0.0
0.0
0.0
0.0
0.0
0.0
0.0
0.0
0.0
0.0
34.0
258.0
492.0
653.0
766.0
559.0
496.0
492.0
392.0
376.0
378.0
236.0
130.0
33.0
0.0
0.0
0.0
0.0
0.0
0.0
0.0
0.0
0.0
0.0
32.0
231.0
403.0
572.0
707.0
801.0
847.0
837.0
774.0
666.0
513.0
344.0
167.0
30.0
0.0
0.0
0.0
0.0
0.0
0.0
0.0
0.0
0.0
0.0
32.0
244.0
427.0
595.0
730.0
816.0
855.0
841.0
771.0
655.0
494.0
312.0
139.0
20.0
0.0
0.0
0.0
0.0
0.0
0.0
0.0
0.0
0.0
0.0
30.0
233.0
411.0
571.0
703.0
787.0
838.0
824.0
757.0
640.0
492.0
316.0
144.0
22.0
0.0
0.0
0.0
0.0
0.0
0.0
0.0
0.0
0.0
0.0
26.0
220.0
382.0
544.0
685.0
768.0
782.0
761.0
711.0
606.0
471.0
323.0
155.0
25.0
0.0
0.0
0.0
0.0
0.0
0.0
0.0
0.0
0.0
0.0
23.0
174.0
321.0
439.0
604.0
714.0
691.0
676.0
638.0
560.0
466.0
325.0
148.0
24.0
0.0
0.0
0.0
0.0
0.0
0.0
0.0
0.0
0.0
0.0
24.0
223.0
398.0
559.0
689.0
779.0
819.0
793.0
719.0
603.0
456.0
284.0
123.0
15.0
0.0
0.0
0.0
0.0
0.0
0.0
0.0
0.0
0.0
0.0
23.0
183.0
312.0
449.0
595.0
677.0
708.0
717.0
687.0
613.0
458.0
321.0
155.0
20.0
0.0
0.0
0.0
0.0
0.0
0.0
0.0
0.0
0.0
0.0
21.0
221.0
398.0
550.0
678.0
751.0
792.0
779.0
723.0
600.0
458.0
287.0
119.0
12.0
0.0
0.0
0.0
0.0
0.0
0.0
0.0
0.0
0.0
0.0
19.0
206.0
376.0
524.0
622.0
708.0
761.0
740.0
672.0
577.0
426.0
258.0
108.0
14.0
0.0
0.0
0.0
0.0
0.0
0.0
0.0
0.0
0.0
0.0
17.0
216.0
404.0
567.0
697.0
772.0
792.0
763.0
682.0
546.0
429.0
279.0
110.0
1.0
0.0
0.0
0.0
0.0
0.0
0.0
0.0
0.0
0.0
0.0
16.0
195.0
360.0
506.0
635.0
720.0
741.0
729.0
667.0
558.0
406.0
242.0
92.0
1.0
0.0
0.0
0.0
0.0
0.0
0.0
0.0
0.0
0.0
0.0
15.0
206.0
376.0
539.0
662.0
742.0
772.0
756.0
686.0
571.0
422.0
256.0
101.0
1.0
0.0
0.0
0.0
0.0
0.0
0.0
0.0
0.0
0.0
0.0
15.0
179.0
327.0
467.0
601.0
691.0
691.0
707.0
581.0
461.0
379.0
200.0
84.0
1.0
0.0
0.0
0.0
0.0
0.0
0.0
0.0
0.0
0.0
0.0
12.0
216.0
402.0
573.0
706.0
799.0
833.0
810.0
738.0
618.0
461.0
278.0
103.0
1.0
0.0
0.0
0.0
0.0
0.0
0.0
0.0
0.0
0.0
0.0
11.0
207.0
387.0
554.0
684.0
771.0
811.0
792.0
721.0
600.0
445.0
269.0
96.0
1.0
0.0
0.0
0.0
0.0
0.0
0.0
0.0
0.0
0.0
0.0
11.0
166.0
308.0
406.0
558.0
643.0
670.0
599.0
626.0
555.0
410.0
215.0
69.0
1.0
0.0
0.0
0.0
0.0
0.0
0.0
0.0
0.0
0.0
0.0
15.0
143.0
257.0
376.0
458.0
584.0
402.0
280.0
325.0
198.0
146.0
58.0
8.0
5.0
0.0
0.0
0.0
0.0
0.0
0.0
0.0
0.0
0.0
0.0
8.0
169.0
320.0
462.0
575.0
648.0
675.0
662.0
601.0
501.0
366.0
217.0
74.0
0.0
0.0
0.0
0.0
0.0
0.0
0.0
0.0
0.0
0.0
0.0
7.0
185.0
356.0
516.0
642.0
725.0
758.0
740.0
671.0
556.0
406.0
237.0
81.0
0.0
0.0
0.0
0.0
0.0
0.0
0.0
0.0
0.0
0.0
0.0
6.0
199.0
382.0
551.0
686.0
776.0
811.0
793.0
718.0
597.0
436.0
255.0
86.0
0.0
0.0
0.0
0.0
0.0
0.0
0.0
0.0
0.0
0.0
0.0
6.0
194.0
376.0
546.0
682.0
771.0
807.0
787.0
713.0
590.0
429.0
248.0
81.0
0.0
0.0
0.0
0.0
0.0
0.0
0.0
0.0
0.0
0.0
0.0
5.0
192.0
369.0
544.0
666.0
752.0
789.0
782.0
720.0
600.0
432.0
245.0
82.0
0.0
0.0
0.0
0.0
0.0
0.0
0.0
0.0
0.0
0.0
0.0
4.0
174.0
361.0
528.0
662.0
749.0
784.0
764.0
690.0
568.0
409.0
232.0
73.0
0.0
0.0
0.0
0.0
0.0
0.0
0.0
0.0
0.0
0.0
0.0
4.0
171.0
343.0
501.0
629.0
713.0
744.0
727.0
656.0
541.0
389.0
218.0
67.0
0.0
0.0
0.0
0.0
0.0
0.0
0.0
0.0
0.0
0.0
0.0
3.0
167.0
341.0
501.0
629.0
713.0
743.0
720.0
652.0
534.0
384.0
213.0
61.0
0.0
0.0
0.0
0.0
0.0
0.0
0.0
0.0
0.0
0.0
0.0
9.0
211.0
356.0
551.0
587.0
559.0
260.0
368.0
394.0
219.0
43.0
237.0
76.0
0.0
0.0
0.0
0.0
0.0
0.0
0.0
0.0
0.0
0.0
0.0
2.0
127.0
267.0
427.0
502.0
547.0
590.0
595.0
595.0
483.0
382.0
217.0
68.0
0.0
0.0
0.0
0.0
0.0
0.0
0.0
0.0
0.0
0.0
0.0
2.0
154.0
317.0
477.0
604.0
673.0
702.0
666.0
601.0
498.0
350.0
186.0
51.0
0.0
0.0
0.0
0.0
0.0
0.0
0.0
0.0
0.0
0.0
0.0
2.0
147.0
314.0
468.0
588.0
666.0
704.0
691.0
625.0
518.0
367.0
206.0
58.0
0.0
0.0
0.0
0.0
0.0
0.0
0.0
0.0
0.0
0.0
0.0
1.0
148.0
321.0
486.0
621.0
691.0
721.0
693.0
618.0
496.0
348.0
185.0
45.0
0.0
0.0
0.0
0.0
0.0
0.0
0.0
0.0
0.0
0.0
0.0
1.0
144.0
335.0
494.0
625.0
705.0
738.0
721.0
652.0
531.0
372.0
197.0
46.0
0.0
0.0
0.0
0.0
0.0
0.0
0.0
0.0
0.0
0.0
0.0
1.0
142.0
334.0
498.0
621.0
708.0
734.0
710.0
638.0
516.0
362.0
189.0
41.0
0.0
0.0
0.0
0.0
0.0
0.0
0.0
0.0
0.0
0.0
0.0
1.0
126.0
274.0
414.0
521.0
596.0
615.0
613.0
565.0
463.0
337.0
178.0
42.0
0.0
0.0
0.0
0.0
0.0
0.0
0.0
0.0
0.0
0.0
0.0
1.0
135.0
296.0
441.0
552.0
634.0
646.0
620.0
576.0
474.0
327.0
171.0
35.0
0.0
0.0
0.0
0.0
0.0
0.0
0.0
0.0
0.0
0.0
0.0
0.0
131.0
298.0
448.0
569.0
647.0
674.0
644.0
563.0
457.0
303.0
143.0
25.0
0.0
0.0
0.0
0.0
0.0
0.0
0.0
0.0
0.0
0.0
0.0
0.0
130.0
294.0
419.0
543.0
567.0
601.0
569.0
518.0
448.0
298.0
149.0
28.0
0.0
0.0
0.0
0.0
0.0
0.0
0.0
0.0
0.0
0.0
0.0
0.0
123.0
271.0
396.0
531.0
589.0
602.0
606.0
531.0
451.0
300.0
141.0
30.0
0.0
0.0
0.0
0.0
0.0
0.0
0.0
0.0
0.0
0.0
0.0
2.0
72.0
180.0
250.0
439.0
428.0
441.0
449.0
530.0
326.0
247.0
67.0
2.0
0.0
0.0
0.0
0.0
0.0
0.0
0.0
0.0
0.0
0.0
0.0
2.0
63.0
167.0
304.0
371.0
378.0
330.0
389.0
386.0
269.0
168.0
55.0
2.0
0.0
0.0
0.0
0.0
0.0
0.0
0.0
0.0
0.0
0.0
0.0
1.0
90.0
205.0
343.0
451.0
513.0
528.0
467.0
444.0
315.0
187.0
66.0
2.0
0.0
0.0
0.0
0.0
0.0
0.0
0.0
0.0
0.0
0.0
0.0
1.0
101.0
275.0
419.0
534.0
608.0
652.0
629.0
559.0
451.0
298.0
139.0
10.0
0.0
0.0
0.0
0.0
0.0
0.0
0.0
0.0
0.0
0.0
0.0
1.0
86.0
210.0
358.0
475.0
477.0
531.0
541.0
405.0
311.0
207.0
82.0
2.0
0.0
0.0
0.0
0.0
0.0
0.0
0.0
0.0
0.0
0.0
0.0
0.0
100.0
296.0
449.0
579.0
663.0
678.0
646.0
560.0
439.0
287.0
121.0
1.0
0.0
0.0
0.0
0.0
0.0
0.0
0.0
0.0
0.0
0.0
0.0
0.0
93.0
253.0
395.0
496.0
561.0
596.0
585.0
520.0
424.0
279.0
122.0
9.0
0.0
0.0
0.0
0.0
0.0
0.0
0.0
0.0
0.0
0.0
0.0
0.0
91.0
223.0
364.0
424.0
543.0
509.0
501.0
471.0
382.0
249.0
99.0
7.0
0.0
0.0
0.0
0.0
0.0
0.0
0.0
0.0
0.0
0.0
0.0
0.0
38.0
196.0
315.0
402.0
459.0
457.0
404.0
357.0
271.0
139.0
55.0
1.0
0.0
0.0
0.0
0.0
0.0
0.0
0.0
0.0
0.0
0.0
0.0
0.0
37.0
244.0
391.0
499.0
564.0
586.0
560.0
486.0
394.0
227.0
89.0
1.0
0.0
0.0
0.0
0.0
0.0
0.0
0.0
0.0
0.0
0.0
0.0
0.0
38.0
231.0
328.0
470.0
537.0
551.0
561.0
446.0
370.0
236.0
77.0
1.0
0.0
0.0
0.0
0.0
0.0
0.0
0.0
0.0
0.0
0.0
0.0
0.0
33.0
202.0
316.0
400.0
456.0
459.0
448.0
406.0
308.0
180.0
65.0
1.0
0.0
0.0
0.0
0.0
0.0
0.0
0.0
0.0
0.0
0.0
0.0
0.0
96.0
320.0
438.0
425.0
493.0
124.0
55.0
47.0
37.0
91.0
120.0
7.0
0.0
0.0
0.0
0.0
0.0
0.0
0.0
0.0
0.0
0.0
0.0
0.0
58.0
257.0
188.0
130.0
129.0
306.0
513.0
552.0
326.0
232.0
33.0
2.0
0.0
0.0
0.0
0.0
0.0
0.0
0.0
0.0
0.0
0.0
0.0
0.0
20.0
141.0
365.0
307.0
322.0
466.0
542.0
398.0
211.0
162.0
112.0
5.0
0.0
0.0
0.0
0.0
0.0
0.0
0.0
0.0
0.0
0.0
0.0
0.0
24.0
202.0
322.0
416.0
487.0
496.0
477.0
416.0
313.0
187.0
65.0
0.0
0.0
0.0
0.0
0.0
0.0
0.0
0.0
0.0
0.0
0.0
0.0
0.0
20.0
213.0
348.0
461.0
540.0
568.0
552.0
483.0
373.0
228.0
84.0
2.0
0.0
0.0
0.0
0.0
0.0
0.0
0.0
0.0
0.0
0.0
0.0
0.0
20.0
229.0
374.0
488.0
563.0
588.0
564.0
490.0
373.0
227.0
80.0
1.0
0.0
0.0
0.0
0.0
0.0
0.0
0.0
0.0
0.0
0.0
0.0
0.0
18.0
218.0
351.0
457.0
523.0
544.0
519.0
448.0
339.0
204.0
67.0
0.0
0.0
0.0
0.0
0.0
0.0
0.0
0.0
0.0
0.0
0.0
0.0
0.0
17.0
213.0
346.0
462.0
534.0
542.0
512.0
455.0
337.0
201.0
65.0
0.0
0.0
0.0
0.0
0.0
0.0
0.0
0.0
0.0
0.0
0.0
0.0
0.0
14.0
196.0
320.0
437.0
500.0
524.0
485.0
434.0
349.0
204.0
72.0
0.0
0.0
0.0
0.0
0.0
0.0
0.0
0.0
0.0
0.0
0.0
0.0
0.0
11.0
156.0
275.0
382.0
493.0
499.0
498.0
398.0
287.0
174.0
55.0
0.0
0.0
0.0
0.0
0.0
0.0
0.0
0.0
0.0
0.0
0.0
0.0
0.0
14.0
232.0
476.0
409.0
536.0
257.0
310.0
145.0
33.0
36.0
8.0
0.0
0.0
0.0
0.0
0.0
0.0
0.0
0.0
0.0
0.0
0.0
0.0
0.0
10.0
109.0
194.0
253.0
294.0
284.0
273.0
191.0
129.0
67.0
5.0
0.0
0.0
0.0
0.0
0.0
0.0
0.0
0.0
0.0
0.0
0.0
0.0
0.0
8.0
189.0
321.0
426.0
487.0
507.0
477.0
407.0
304.0
177.0
48.0
0.0
0.0
0.0
0.0
0.0
0.0
0.0
0.0
0.0
0.0
0.0
0.0
0.0
10.0
199.0
336.0
437.0
499.0
511.0
458.0
385.0
271.0
129.0
18.0
0.0
0.0
0.0
0.0
0.0
0.0
0.0
0.0
0.0
0.0
0.0
0.0
0.0
7.0
191.0
324.0
431.0
501.0
523.0
499.0
425.0
308.0
173.0
43.0
0.0
0.0
0.0
0.0
0.0
0.0
0.0
0.0
0.0
0.0
0.0
0.0
0.0
7.0
181.0
317.0
418.0
490.0
503.0
470.0
395.0
289.0
161.0
38.0
0.0
0.0
0.0
0.0
0.0
0.0
0.0
0.0
0.0
0.0
0.0
0.0
0.0
6.0
153.0
264.0
361.0
420.0
440.0
415.0
346.0
253.0
136.0
31.0
0.0
0.0
0.0
0.0
0.0
0.0
0.0
0.0
0.0
0.0
0.0
0.0
0.0
5.0
151.0
296.0
401.0
477.0
469.0
440.0
377.0
265.0
139.0
26.0
0.0
0.0
0.0
0.0
0.0
0.0
0.0
0.0
0.0
0.0
0.0
0.0
0.0
4.0
142.0
294.0
401.0
474.0
492.0
464.0
393.0
282.0
151.0
31.0
0.0
0.0
0.0
0.0
0.0
0.0
0.0
0.0
0.0
0.0
0.0
0.0
0.0
4.0
136.0
289.0
367.0
435.0
459.0
415.0
319.0
230.0
92.0
14.0
0.0
0.0
0.0
0.0
0.0
0.0
0.0
0.0
0.0
0.0
0.0
0.0
0.0
4.0
133.0
231.0
307.0
310.0
286.0
395.0
358.0
335.0
183.0
36.0
0.0
0.0
0.0
0.0
0.0
0.0
0.0
0.0
0.0
0.0
0.0
0.0
0.0
2.0
123.0
211.0
290.0
382.0
429.0
416.0
321.0
256.0
112.0
26.0
0.0
0.0
0.0
0.0
0.0
0.0
0.0
0.0
0.0
0.0
0.0
0.0
0.0
2.0
131.0
287.0
406.0
466.0
464.0
420.0
330.0
231.0
109.0
18.0
0.0
0.0
0.0
0.0
0.0
0.0
0.0
0.0
0.0
0.0
0.0
0.0
0.0
4.0
112.0
230.0
311.0
316.0
341.0
321.0
259.0
154.0
96.0
2.0
0.0
0.0
0.0
0.0
0.0
0.0
0.0
0.0
0.0
0.0
0.0
0.0
0.0
3.0
129.0
218.0
271.0
310.0
421.0
376.0
289.0
196.0
80.0
2.0
0.0
0.0
0.0
0.0
0.0
0.0
0.0
0.0
0.0
0.0
0.0
0.0
0.0
4.0
112.0
265.0
344.0
441.0
469.0
402.0
290.0
187.0
96.0
2.0
0.0
0.0
0.0
0.0
0.0
0.0
0.0
0.0
0.0
0.0
0.0
0.0
0.0
1.0
110.0
257.0
363.0
439.0
459.0
420.0
344.0
241.0
115.0
10.0
0.0
0.0
0.0
0.0
0.0
0.0
0.0
0.0
0.0
0.0
0.0
0.0
0.0
3.0
102.0
214.0
299.0
397.0
406.0
334.0
280.0
143.0
75.0
2.0
0.0
0.0
0.0
0.0
0.0
0.0
0.0
0.0
0.0
0.0
0.0
0.0
0.0
3.0
108.0
251.0
339.0
398.0
416.0
378.0
311.0
210.0
94.0
1.0
0.0
0.0
0.0
0.0
0.0
0.0
0.0
0.0
0.0
0.0
0.0
0.0
0.0
3.0
90.0
170.0
233.0
278.0
305.0
287.0
233.0
147.0
66.0
1.0
0.0
0.0
0.0
0.0
0.0
0.0
0.0
0.0
0.0
0.0
0.0
0.0
0.0
3.0
94.0
187.0
253.0
309.0
312.0
302.0
242.0
154.0
70.0
1.0
0.0
0.0
0.0
0.0
0.0
0.0
0.0
0.0
0.0
0.0
0.0
0.0
0.0
2.0
67.0
169.0
170.0
138.0
186.0
246.0
257.0
300.0
133.0
1.0
0.0
0.0
0.0
0.0
0.0
0.0
0.0
0.0
0.0
0.0
0.0
0.0
0.0
0.0
86.0
195.0
255.0
338.0
364.0
378.0
294.0
220.0
94.0
4.0
0.0
0.0
0.0
0.0
0.0
0.0
0.0
0.0
0.0
0.0
0.0
0.0
0.0
2.0
88.0
237.0
326.0
384.0
404.0
376.0
306.0
205.0
86.0
1.0
0.0
0.0
0.0
0.0
0.0
0.0
0.0
0.0
0.0
0.0
0.0
0.0
0.0
2.0
80.0
203.0
290.0
328.0
361.0
346.0
280.0
179.0
70.0
1.0
0.0
0.0
0.0
0.0
0.0
0.0
0.0
0.0
0.0
0.0
0.0
0.0
0.0
2.0
78.0
201.0
283.0
338.0
352.0
326.0
273.0
174.0
74.0
1.0
0.0
0.0
0.0
0.0
0.0
0.0
0.0
0.0
0.0
0.0
0.0
0.0
0.0
0.0
61.0
116.0
165.0
174.0
196.0
190.0
179.0
104.0
44.0
1.0
0.0
0.0
0.0
0.0
0.0
0.0
0.0
0.0
0.0
0.0
0.0
0.0
0.0
0.0
72.0
195.0
290.0
335.0
344.0
312.0
245.0
165.0
66.0
1.0
0.0
0.0
0.0
0.0
0.0
0.0
0.0
0.0
0.0
0.0
0.0
0.0
0.0
0.0
65.0
177.0
251.0
309.0
330.0
304.0
247.0
156.0
60.0
1.0
0.0
0.0
0.0
0.0
0.0
0.0
0.0
0.0
0.0
0.0
0.0
0.0
0.0
0.0
25.0
113.0
157.0
190.0
194.0
176.0
137.0
86.0
35.0
0.0
0.0
0.0
0.0
0.0
0.0
0.0
0.0
0.0
0.0
0.0
0.0
0.0
0.0
0.0
12.0
57.0
85.0
106.0
113.0
109.0
74.0
39.0
8.0
0.0
0.0
0.0
0.0
0.0
0.0
0.0
0.0
0.0
0.0
0.0
0.0
0.0
0.0
0.0
14.0
68.0
69.0
72.0
125.0
108.0
97.0
58.0
31.0
2.0
0.0
0.0
0.0
0.0
0.0
0.0
0.0
0.0
0.0
0.0
0.0
0.0
0.0
0.0
22.0
187.0
270.0
325.0
348.0
316.0
252.0
162.0
62.0
0.0
0.0
0.0
0.0
0.0
0.0
0.0
0.0
0.0
0.0
0.0
0.0
0.0
0.0
0.0
20.0
170.0
240.0
305.0
344.0
324.0
279.0
167.0
62.0
1.0
0.0
0.0
0.0
0.0
0.0
0.0
0.0
0.0
0.0
0.0
0.0
0.0
0.0
0.0
19.0
195.0
288.0
345.0
358.0
325.0
255.0
162.0
61.0
0.0
0.0
0.0
0.0
0.0
0.0
0.0
0.0
0.0
0.0
0.0
0.0
0.0
0.0
0.0
18.0
174.0
255.0
307.0
317.0
287.0
232.0
146.0
52.0
0.0
0.0
0.0
0.0
0.0
0.0
0.0
0.0
0.0
0.0
0.0
0.0
0.0
0.0
0.0
16.0
178.0
266.0
323.0
339.0
314.0
249.0
157.0
56.0
0.0
0.0
0.0
0.0
0.0
0.0
0.0
0.0
0.0
0.0
0.0
0.0
0.0
0.0
0.0
14.0
175.0
263.0
317.0
333.0
307.0
245.0
154.0
55.0
0.0
0.0
0.0
0.0
0.0
0.0
0.0
0.0
0.0
0.0
0.0
0.0
0.0
0.0
0.0
11.0
114.0
182.0
226.0
232.0
215.0
165.0
96.0
36.0
0.0
0.0
0.0
0.0
0.0
0.0
0.0
0.0
0.0
0.0
0.0
0.0
0.0
0.0
0.0
23.0
151.0
91.0
223.0
120.0
161.0
165.0
187.0
82.0
1.0
0.0
0.0
0.0
0.0
0.0
0.0
0.0
0.0
0.0
0.0
0.0
0.0
0.0
0.0
10.0
130.0
185.0
225.0
246.0
243.0
186.0
106.0
31.0
0.0
0.0
0.0
0.0
0.0
0.0
0.0
0.0
0.0
0.0
0.0
0.0
0.0
0.0
0.0
9.0
124.0
179.0
228.0
252.0
233.0
183.0
109.0
41.0
0.0
0.0
0.0
0.0
0.0
0.0
0.0
0.0
0.0
0.0
0.0
0.0
0.0
0.0
0.0
7.0
19.0
29.0
36.0
39.0
222.0
171.0
106.0
34.0
0.0
0.0
0.0
0.0
0.0
0.0
0.0
0.0
0.0
0.0
0.0
0.0
0.0
0.0
0.0
7.0
122.0
183.0
233.0
264.0
233.0
185.0
110.0
35.0
0.0
0.0
0.0
0.0
0.0
0.0
0.0
0.0
0.0
0.0
0.0
0.0
0.0
0.0
0.0
6.0
124.0
238.0
284.0
279.0
261.0
230.0
129.0
35.0
0.0
0.0
0.0
0.0
0.0
0.0
0.0
0.0
0.0
0.0
0.0
0.0
0.0
0.0
0.0
6.0
116.0
225.0
281.0
301.0
284.0
240.0
149.0
49.0
0.0
0.0
0.0
0.0
0.0
0.0
0.0
0.0
0.0
0.0
0.0
0.0
0.0
0.0
0.0
11.0
147.0
176.0
166.0
198.0
212.0
201.0
117.0
72.0
0.0
0.0
0.0
0.0
0.0
0.0
0.0
0.0
0.0
0.0
0.0
0.0
0.0
0.0
0.0
6.0
18.0
65.0
50.0
239.0
329.0
200.0
130.0
72.0
0.0
0.0
0.0
0.0
0.0
0.0
0.0
0.0
0.0
0.0
0.0
0.0
0.0
0.0
0.0
6.0
77.0
26.0
65.0
294.0
243.0
217.0
209.0
66.0
0.0
0.0
0.0
0.0
0.0
0.0
0.0
0.0
0.0
0.0
0.0
0.0
0.0
0.0
0.0
6.0
131.0
142.0
176.0
37.0
116.0
137.0
190.0
50.0
0.0
0.0
0.0
0.0
0.0
0.0
0.0
0.0
0.0
0.0
0.0
0.0
0.0
0.0
0.0
3.0
108.0
220.0
282.0
258.0
222.0
177.0
119.0
41.0
0.0
0.0
0.0
0.0
0.0
0.0
0.0
0.0
0.0
0.0
0.0
0.0
0.0
0.0
0.0
6.0
98.0
162.0
196.0
210.0
180.0
150.0
60.0
5.0
0.0
0.0
0.0
0.0
0.0
0.0
0.0
0.0
0.0
0.0
0.0
0.0
0.0
0.0
0.0
1.0
81.0
167.0
209.0
286.0
178.0
261.0
135.0
48.0
0.0
0.0
0.0
0.0
0.0
0.0
0.0
0.0
0.0
0.0
0.0
0.0
0.0
0.0
0.0
3.0
92.0
198.0
289.0
311.0
189.0
113.0
84.0
18.0
0.0
0.0
0.0
0.0
0.0
0.0
0.0
0.0
0.0
0.0
0.0
0.0
0.0
0.0
0.0
5.0
65.0
122.0
168.0
181.0
157.0
98.0
41.0
5.0
0.0
0.0
0.0
0.0
0.0
0.0
0.0
0.0
0.0
0.0
0.0
0.0
0.0
0.0
0.0
5.0
16.0
27.0
35.0
135.0
113.0
218.0
87.0
50.0
0.0
0.0
0.0
0.0
0.0
0.0
0.0
0.0
0.0
0.0
0.0
0.0
0.0
0.0
0.0
4.0
21.0
30.0
39.0
40.0
38.0
32.0
19.0
6.0
0.0
0.0
0.0
0.0
0.0
0.0
0.0
0.0
0.0
0.0
0.0
0.0
0.0
0.0
0.0
5.0
19.0
31.0
38.0
39.0
43.0
35.0
20.0
6.0
0.0
0.0
0.0
0.0
0.0
0.0
0.0
0.0
0.0
0.0
0.0
0.0
0.0
0.0
0.0
4.0
30.0
44.0
131.0
185.0
129.0
74.0
35.0
4.0
0.0
0.0
0.0
0.0
0.0
0.0
0.0
0.0
0.0
0.0
0.0
0.0
0.0
0.0
0.0
4.0
43.0
139.0
86.0
161.0
271.0
238.0
189.0
56.0
0.0
0.0
0.0
0.0
0.0
0.0
0.0
0.0
0.0
0.0
0.0
0.0
0.0
0.0
0.0
4.0
55.0
25.0
104.0
227.0
128.0
93.0
153.0
58.0
0.0
0.0
0.0
0.0
0.0
0.0
0.0
0.0
0.0
0.0
0.0
0.0
0.0
0.0
0.0
1.0
67.0
122.0
224.0
202.0
196.0
129.0
165.0
53.0
0.0
0.0
0.0
0.0
0.0
0.0
0.0
0.0
0.0
0.0
0.0
0.0
0.0
0.0
0.0
3.0
153.0
237.0
197.0
331.0
68.0
22.0
37.0
4.0
0.0
0.0
0.0
0.0
0.0
0.0
0.0
0.0
0.0
0.0
0.0
0.0
0.0
0.0
0.0
3.0
29.0
57.0
60.0
64.0
63.0
41.0
19.0
4.0
0.0
0.0
0.0
0.0
0.0
0.0
0.0
0.0
0.0
0.0
0.0
0.0
0.0
0.0
0.0
3.0
64.0
117.0
152.0
166.0
104.0
95.0
50.0
5.0
0.0
0.0
0.0
0.0
0.0
0.0
0.0
0.0
0.0
0.0
0.0
0.0
0.0
0.0
0.0
3.0
69.0
86.0
135.0
130.0
140.0
116.0
56.0
4.0
0.0
0.0
0.0
0.0
0.0
0.0
0.0
0.0
0.0
0.0
0.0
0.0
0.0
0.0
0.0
3.0
87.0
142.0
202.0
214.0
190.0
96.0
15.0
9.0
0.0
0.0
0.0
0.0
0.0
0.0
0.0
0.0
0.0
0.0
0.0
0.0
0.0
0.0
0.0
3.0
23.0
120.0
177.0
251.0
216.0
174.0
100.0
30.0
0.0
0.0
0.0
0.0
0.0
0.0
0.0
0.0
0.0
0.0
0.0
0.0
0.0
0.0
0.0
3.0
82.0
156.0
213.0
244.0
193.0
159.0
61.0
5.0
0.0
0.0
0.0
0.0
0.0
0.0
0.0
0.0
0.0
0.0
0.0
0.0
0.0
0.0
0.0
3.0
43.0
83.0
134.0
126.0
85.0
27.0
33.0
13.0
0.0
0.0
0.0
0.0
0.0
0.0
0.0
0.0
0.0
0.0
0.0
0.0
0.0
0.0
0.0
3.0
75.0
163.0
100.0
136.0
171.0
90.0
14.0
9.0
0.0
0.0
0.0
0.0
0.0
0.0
0.0
0.0
0.0
0.0
0.0
0.0
0.0
0.0
0.0
3.0
71.0
171.0
143.0
214.0
256.0
152.0
70.0
5.0
0.0
0.0
0.0
0.0
0.0
0.0
0.0
0.0
0.0
0.0
0.0
0.0
0.0
0.0
0.0
3.0
70.0
160.0
229.0
242.0
202.0
142.0
100.0
49.0
0.0
0.0
0.0
0.0
0.0
0.0
0.0
0.0
0.0
0.0
0.0
0.0
0.0
0.0
0.0
3.0
58.0
170.0
130.0
226.0
168.0
217.0
135.0
62.0
0.0
0.0
0.0
0.0
0.0
0.0
0.0
0.0
0.0
0.0
0.0
0.0
0.0
0.0
0.0
1.0
85.0
189.0
174.0
210.0
233.0
190.0
67.0
13.0
0.0
0.0
0.0
0.0
0.0
0.0
0.0
0.0
0.0
0.0
0.0
0.0
0.0
0.0
0.0
0.0
64.0
149.0
188.0
212.0
246.0
182.0
112.0
63.0
0.0
0.0
0.0
0.0
0.0
0.0
0.0
0.0
0.0
0.0
0.0
0.0
0.0
0.0
0.0
3.0
58.0
143.0
35.0
33.0
124.0
215.0
203.0
67.0
0.0
0.0
0.0
0.0
0.0
0.0
0.0
0.0
0.0
0.0
0.0
0.0
0.0
0.0
0.0
2.0
43.0
74.0
103.0
99.0
120.0
82.0
40.0
5.0
0.0
0.0
0.0
0.0
0.0
0.0
0.0
0.0
0.0
0.0
0.0
0.0
0.0
0.0
0.0
2.0
82.0
199.0
106.0
188.0
75.0
23.0
14.0
5.0
0.0
0.0
0.0
0.0
0.0
0.0
0.0
0.0
0.0
0.0
0.0
0.0
0.0
0.0
0.0
2.0
73.0
90.0
141.0
88.0
33.0
75.0
162.0
61.0
0.0
0.0
0.0
0.0
0.0
0.0
0.0
0.0
0.0
0.0
0.0
0.0
0.0
0.0
0.0
2.0
61.0
144.0
197.0
219.0
208.0
168.0
109.0
35.0
0.0
0.0
0.0
0.0
0.0
0.0
0.0
0.0
0.0
0.0
0.0
0.0
0.0
0.0
0.0
2.0
26.0
57.0
65.0
73.0
52.0
58.0
38.0
16.0
0.0
0.0
0.0
0.0
0.0
0.0
0.0
