0.0
0.0
0.0
0.0
0.0
0.0
0.0
0.0
54.0
251.0
411.0
517.0
562.0
543.0
460.0
321.0
134.0
1.0
0.0
0.0
0.0
0.0
0.0
0.0
0.0
0.0
0.0
0.0
0.0
0.0
0.0
0.0
54.0
251.0
411.0
518.0
564.0
545.0
463.0
324.0
137.0
2.0
0.0
0.0
0.0
0.0
0.0
0.0
0.0
0.0
0.0
0.0
0.0
0.0
0.0
0.0
54.0
251.0
412.0
519.0
565.0
547.0
466.0
327.0
140.0
2.0
0.0
0.0
0.0
0.0
0.0
0.0
0.0
0.0
0.0
0.0
0.0
0.0
0.0
0.0
54.0
252.0
413.0
521.0
567.0
550.0
469.0
330.0
144.0
3.0
0.0
0.0
0.0
0.0
0.0
0.0
0.0
0.0
0.0
0.0
0.0
0.0
0.0
0.0
54.0
253.0
415.0
523.0
570.0
552.0
472.0
334.0
147.0
3.0
0.0
0.0
0.0
0.0
0.0
0.0
0.0
0.0
0.0
0.0
0.0
0.0
0.0
0.0
55.0
254.0
416.0
525.0
572.0
555.0
475.0
337.0
151.0
4.0
0.0
0.0
0.0
0.0
0.0
0.0
0.0
0.0
0.0
0.0
0.0
0.0
0.0
0.0
55.0
255.0
418.0
527.0
575.0
558.0
478.0
341.0
155.0
5.0
0.0
0.0
0.0
0.0
0.0
0.0
0.0
0.0
0.0
0.0
0.0
0.0
0.0
0.0
56.0
256.0
419.0
529.0
577.0
561.0
482.0
344.0
159.0
6.0
0.0
0.0
0.0
0.0
0.0
0.0
0.0
0.0
0.0
0.0
0.0
0.0
0.0
0.0
57.0
257.0
421.0
531.0
580.0
565.0
486.0
348.0
162.0
6.0
0.0
0.0
0.0
0.0
0.0
0.0
0.0
0.0
0.0
0.0
0.0
0.0
0.0
0.0
57.0
259.0
423.0
534.0
583.0
568.0
489.0
352.0
167.0
7.0
0.0
0.0
0.0
0.0
0.0
0.0
0.0
0.0
0.0
0.0
0.0
0.0
0.0
0.0
58.0
261.0
425.0
536.0
586.0
572.0
493.0
356.0
171.0
9.0
0.0
0.0
0.0
0.0
0.0
0.0
0.0
0.0
0.0
0.0
0.0
0.0
0.0
0.0
59.0
262.0
428.0
539.0
590.0
575.0
497.0
361.0
175.0
10.0
0.0
0.0
0.0
0.0
0.0
0.0
0.0
0.0
0.0
0.0
0.0
0.0
0.0
0.0
61.0
264.0
430.0
542.0
593.0
579.0
501.0
365.0
180.0
11.0
0.0
0.0
0.0
0.0
0.0
0.0
0.0
0.0
0.0
0.0
0.0
0.0
0.0
0.0
62.0
267.0
433.0
545.0
597.0
583.0
506.0
370.0
184.0
13.0
0.0
0.0
0.0
0.0
0.0
0.0
0.0
0.0
0.0
0.0
0.0
0.0
0.0
0.0
63.0
269.0
436.0
549.0
600.0
587.0
510.0
374.0
189.0
14.0
0.0
0.0
0.0
0.0
0.0
0.0
0.0
0.0
0.0
0.0
0.0
0.0
0.0
0.0
65.0
271.0
439.0
552.0
604.0
591.0
515.0
379.0
194.0
16.0
0.0
0.0
0.0
0.0
0.0
0.0
0.0
0.0
0.0
0.0
0.0
0.0
0.0
0.0
67.0
274.0
442.0
556.0
608.0
596.0
519.0
384.0
198.0
18.0
0.0
0.0
0.0
0.0
0.0
0.0
0.0
0.0
0.0
0.0
0.0
0.0
0.0
0.0
69.0
277.0
445.0
559.0
612.0
600.0
524.0
389.0
203.0
20.0
0.0
0.0
0.0
0.0
0.0
0.0
0.0
0.0
0.0
0.0
0.0
0.0
0.0
0.0
71.0
280.0
448.0
563.0
617.0
605.0
529.0
394.0
208.0
22.0
0.0
0.0
0.0
0.0
0.0
0.0
0.0
0.0
0.0
0.0
0.0
0.0
0.0
0.0
73.0
283.0
452.0
567.0
621.0
610.0
534.0
399.0
213.0
24.0
0.0
0.0
0.0
0.0
0.0
0.0
0.0
0.0
0.0
0.0
0.0
0.0
0.0
0.0
75.0
286.0
456.0
571.0
626.0
614.0
539.0
404.0
219.0
26.0
0.0
0.0
0.0
0.0
0.0
0.0
0.0
0.0
0.0
0.0
0.0
0.0
0.0
0.0
77.0
290.0
459.0
576.0
630.0
619.0
544.0
409.0
224.0
29.0
0.0
0.0
0.0
0.0
0.0
0.0
0.0
0.0
0.0
0.0
0.0
0.0
0.0
0.0
80.0
293.0
463.0
580.0
635.0
624.0
549.0
414.0
229.0
31.0
0.0
0.0
0.0
0.0
0.0
0.0
0.0
0.0
0.0
0.0
0.0
0.0
0.0
0.0
83.0
297.0
468.0
585.0
640.0
630.0
555.0
420.0
235.0
34.0
0.0
0.0
0.0
0.0
0.0
0.0
0.0
0.0
0.0
0.0
0.0
0.0
0.0
0.0
86.0
301.0
472.0
589.0
645.0
635.0
560.0
425.0
240.0
37.0
0.0
0.0
0.0
0.0
0.0
0.0
0.0
0.0
0.0
0.0
0.0
0.0
0.0
0.0
89.0
304.0
476.0
594.0
650.0
640.0
566.0
431.0
246.0
40.0
0.0
0.0
0.0
0.0
0.0
0.0
0.0
0.0
0.0
0.0
0.0
0.0
0.0
0.0
92.0
309.0
481.0
599.0
655.0
646.0
571.0
437.0
251.0
43.0
0.0
0.0
0.0
0.0
0.0
0.0
0.0
0.0
0.0
0.0
0.0
0.0
0.0
0.0
96.0
313.0
485.0
604.0
661.0
651.0
577.0
443.0
257.0
47.0
0.0
0.0
0.0
0.0
0.0
0.0
0.0
0.0
0.0
0.0
0.0
0.0
0.0
0.0
99.0
317.0
490.0
609.0
666.0
657.0
583.0
448.0
263.0
50.0
0.0
0.0
0.0
0.0
0.0
0.0
0.0
0.0
0.0
0.0
0.0
0.0
0.0
0.0
103.0
322.0
495.0
614.0
672.0
663.0
589.0
454.0
269.0
54.0
0.0
0.0
0.0
0.0
0.0
0.0
0.0
0.0
0.0
0.0
0.0
0.0
0.0
0.0
107.0
326.0
500.0
620.0
677.0
669.0
595.0
460.0
274.0
58.0
0.0
0.0
0.0
0.0
0.0
0.0
0.0
0.0
0.0
0.0
0.0
0.0
0.0
0.0
112.0
331.0
505.0
625.0
683.0
675.0
601.0
466.0
280.0
62.0
0.0
0.0
0.0
0.0
0.0
0.0
0.0
0.0
0.0
0.0
0.0
0.0
0.0
0.0
116.0
336.0
510.0
631.0
689.0
681.0
607.0
472.0
286.0
66.0
0.0
0.0
0.0
0.0
0.0
0.0
0.0
0.0
0.0
0.0
0.0
0.0
0.0
0.0
124.0
341.0
516.0
636.0
695.0
687.0
613.0
478.0
292.0
71.0
0.0
0.0
0.0
0.0
0.0
0.0
0.0
0.0
0.0
0.0
0.0
0.0
0.0
0.0
129.0
346.0
521.0
642.0
701.0
693.0
619.0
484.0
298.0
75.0
0.0
0.0
0.0
0.0
0.0
0.0
0.0
0.0
0.0
0.0
0.0
0.0
0.0
0.0
134.0
351.0
527.0
648.0
707.0
699.0
625.0
491.0
304.0
80.0
0.0
0.0
0.0
0.0
0.0
0.0
0.0
0.0
0.0
0.0
0.0
0.0
0.0
1.0
139.0
357.0
532.0
654.0
713.0
705.0
632.0
497.0
310.0
85.0
0.0
0.0
0.0
0.0
0.0
0.0
0.0
0.0
0.0
0.0
0.0
0.0
0.0
1.0
144.0
362.0
538.0
660.0
719.0
711.0
638.0
503.0
317.0
90.0
0.0
0.0
0.0
0.0
0.0
0.0
0.0
0.0
0.0
0.0
0.0
0.0
0.0
2.0
149.0
368.0
544.0
666.0
725.0
718.0
644.0
509.0
323.0
95.0
0.0
0.0
0.0
0.0
0.0
0.0
0.0
0.0
0.0
0.0
0.0
0.0
0.0
2.0
155.0
374.0
550.0
672.0
732.0
724.0
651.0
516.0
329.0
101.0
0.0
0.0
0.0
0.0
0.0
0.0
0.0
0.0
0.0
0.0
0.0
0.0
0.0
3.0
160.0
379.0
556.0
678.0
738.0
731.0
657.0
522.0
335.0
106.0
0.0
0.0
0.0
0.0
0.0
0.0
0.0
0.0
0.0
0.0
0.0
0.0
0.0
4.0
166.0
385.0
562.0
685.0
744.0
737.0
664.0
528.0
341.0
112.0
0.0
0.0
0.0
0.0
0.0
0.0
0.0
0.0
0.0
0.0
0.0
0.0
0.0
5.0
172.0
391.0
569.0
691.0
751.0
744.0
670.0
535.0
347.0
118.0
0.0
0.0
0.0
0.0
0.0
0.0
0.0
0.0
0.0
0.0
0.0
0.0
0.0
6.0
178.0
397.0
575.0
698.0
757.0
750.0
677.0
541.0
354.0
127.0
0.0
0.0
0.0
0.0
0.0
0.0
0.0
0.0
0.0
0.0
0.0
0.0
0.0
8.0
183.0
404.0
581.0
704.0
764.0
757.0
683.0
548.0
360.0
133.0
0.0
0.0
0.0
0.0
0.0
0.0
0.0
0.0
0.0
0.0
0.0
0.0
0.0
9.0
190.0
410.0
588.0
711.0
771.0
764.0
690.0
554.0
366.0
139.0
0.0
0.0
0.0
0.0
0.0
0.0
0.0
0.0
0.0
0.0
0.0
0.0
0.0
11.0
196.0
416.0
594.0
717.0
777.0
770.0
696.0
561.0
372.0
145.0
1.0
0.0
0.0
0.0
0.0
0.0
0.0
0.0
0.0
0.0
0.0
0.0
0.0
13.0
202.0
423.0
601.0
724.0
784.0
777.0
703.0
567.0
379.0
151.0
1.0
0.0
0.0
0.0
0.0
0.0
0.0
0.0
0.0
0.0
0.0
0.0
0.0
15.0
208.0
429.0
607.0
731.0
791.0
784.0
709.0
573.0
385.0
157.0
2.0
0.0
0.0
0.0
0.0
0.0
0.0
0.0
0.0
0.0
0.0
0.0
0.0
17.0
215.0
436.0
614.0
738.0
798.0
790.0
716.0
580.0
391.0
163.0
3.0
0.0
0.0
0.0
0.0
0.0
0.0
0.0
0.0
0.0
0.0
0.0
0.0
19.0
221.0
443.0
621.0
744.0
804.0
797.0
723.0
586.0
397.0
169.0
4.0
0.0
0.0
0.0
0.0
0.0
0.0
0.0
0.0
0.0
0.0
0.0
0.0
22.0
228.0
449.0
628.0
751.0
811.0
804.0
729.0
593.0
403.0
174.0
5.0
0.0
0.0
0.0
0.0
0.0
0.0
0.0
0.0
0.0
0.0
0.0
0.0
25.0
235.0
456.0
635.0
758.0
818.0
810.0
736.0
599.0
410.0
180.0
6.0
0.0
0.0
0.0
0.0
0.0
0.0
0.0
0.0
0.0
0.0
0.0
0.0
28.0
241.0
463.0
642.0
765.0
825.0
817.0
742.0
605.0
416.0
186.0
7.0
0.0
0.0
0.0
0.0
0.0
0.0
0.0
0.0
0.0
0.0
0.0
0.0
31.0
248.0
470.0
649.0
772.0
832.0
824.0
749.0
612.0
422.0
192.0
9.0
0.0
0.0
0.0
0.0
0.0
0.0
0.0
0.0
0.0
0.0
0.0
0.0
34.0
255.0
477.0
656.0
779.0
839.0
831.0
755.0
618.0
428.0
198.0
10.0
0.0
0.0
0.0
0.0
0.0
0.0
0.0
0.0
0.0
0.0
0.0
0.0
38.0
262.0
484.0
663.0
786.0
846.0
837.0
762.0
624.0
434.0
204.0
12.0
0.0
0.0
0.0
0.0
0.0
0.0
0.0
0.0
0.0
0.0
0.0
0.0
42.0
269.0
491.0
670.0
793.0
852.0
844.0
768.0
631.0
440.0
210.0
14.0
0.0
0.0
0.0
0.0
0.0
0.0
0.0
0.0
0.0
0.0
0.0
0.0
46.0
276.0
498.0
677.0
800.0
859.0
851.0
775.0
637.0
446.0
216.0
16.0
0.0
0.0
0.0
0.0
0.0
0.0
0.0
0.0
0.0
0.0
0.0
0.0
50.0
284.0
505.0
684.0
807.0
866.0
857.0
781.0
643.0
452.0
222.0
18.0
0.0
0.0
0.0
0.0
0.0
0.0
0.0
0.0
0.0
0.0
0.0
0.0
55.0
291.0
513.0
691.0
814.0
873.0
864.0
788.0
649.0
458.0
227.0
20.0
0.0
0.0
0.0
0.0
0.0
0.0
0.0
0.0
0.0
0.0
0.0
0.0
60.0
298.0
520.0
698.0
821.0
880.0
871.0
794.0
656.0
464.0
233.0
22.0
0.0
0.0
0.0
0.0
0.0
0.0
0.0
0.0
0.0
0.0
0.0
0.0
65.0
305.0
527.0
705.0
828.0
887.0
877.0
801.0
662.0
470.0
239.0
25.0
0.0
0.0
0.0
0.0
0.0
0.0
0.0
0.0
0.0
0.0
0.0
0.0
70.0
313.0
534.0
713.0
835.0
894.0
884.0
807.0
668.0
476.0
245.0
27.0
0.0
0.0
0.0
0.0
0.0
0.0
0.0
0.0
0.0
0.0
0.0
0.0
76.0
320.0
542.0
720.0
842.0
900.0
890.0
813.0
674.0
482.0
250.0
30.0
0.0
0.0
0.0
0.0
0.0
0.0
0.0
0.0
0.0
0.0
0.0
0.0
81.0
328.0
549.0
727.0
849.0
907.0
897.0
819.0
680.0
488.0
256.0
32.0
0.0
0.0
0.0
0.0
0.0
0.0
0.0
0.0
0.0
0.0
0.0
0.0
88.0
335.0
557.0
734.0
856.0
914.0
903.0
826.0
686.0
493.0
262.0
35.0
0.0
0.0
0.0
0.0
0.0
0.0
0.0
0.0
0.0
0.0
0.0
0.0
94.0
343.0
564.0
741.0
863.0
921.0
910.0
832.0
692.0
499.0
267.0
38.0
0.0
0.0
0.0
0.0
0.0
0.0
0.0
0.0
0.0
0.0
0.0
0.0
100.0
350.0
571.0
749.0
870.0
927.0
916.0
838.0
698.0
505.0
273.0
41.0
0.0
0.0
0.0
0.0
0.0
0.0
0.0
0.0
0.0
0.0
0.0
0.0
107.0
358.0
579.0
756.0
877.0
934.0
923.0
844.0
703.0
510.0
278.0
44.0
0.0
0.0
0.0
0.0
0.0
0.0
0.0
0.0
0.0
0.0
0.0
0.0
114.0
365.0
586.0
763.0
884.0
940.0
929.0
850.0
709.0
516.0
284.0
48.0
0.0
0.0
0.0
0.0
0.0
0.0
0.0
0.0
0.0
0.0
0.0
0.0
122.0
373.0
593.0
770.0
891.0
947.0
935.0
856.0
715.0
522.0
289.0
51.0
0.0
0.0
0.0
0.0
0.0
0.0
0.0
0.0
0.0
0.0
0.0
0.0
131.0
380.0
601.0
777.0
897.0
953.0
941.0
862.0
721.0
527.0
294.0
54.0
0.0
0.0
0.0
0.0
0.0
0.0
0.0
0.0
0.0
0.0
0.0
0.0
138.0
388.0
608.0
784.0
904.0
960.0
947.0
868.0
726.0
532.0
300.0
58.0
0.0
0.0
0.0
0.0
0.0
0.0
0.0
0.0
0.0
0.0
0.0
0.0
146.0
395.0
615.0
791.0
911.0
966.0
953.0
874.0
732.0
538.0
305.0
61.0
0.0
0.0
0.0
0.0
0.0
0.0
0.0
0.0
0.0
0.0
0.0
1.0
154.0
403.0
623.0
798.0
918.0
973.0
960.0
879.0
737.0
543.0
310.0
65.0
0.0
0.0
0.0
0.0
0.0
0.0
0.0
0.0
0.0
0.0
0.0
2.0
162.0
411.0
630.0
805.0
924.0
979.0
965.0
885.0
743.0
549.0
316.0
69.0
0.0
0.0
0.0
0.0
0.0
0.0
0.0
0.0
0.0
0.0
0.0
3.0
169.0
418.0
637.0
812.0
931.0
985.0
971.0
891.0
748.0
554.0
321.0
73.0
0.0
0.0
0.0
0.0
0.0
0.0
0.0
0.0
0.0
0.0
0.0
4.0
177.0
426.0
645.0
819.0
937.0
991.0
977.0
896.0
753.0
559.0
326.0
77.0
0.0
0.0
0.0
0.0
0.0
0.0
0.0
0.0
0.0
0.0
0.0
6.0
185.0
433.0
652.0
826.0
944.0
997.0
983.0
902.0
759.0
564.0
331.0
81.0
0.0
0.0
0.0
0.0
0.0
0.0
0.0
0.0
0.0
0.0
0.0
8.0
193.0
441.0
659.0
833.0
950.0
1003.0
989.0
907.0
764.0
569.0
336.0
85.0
0.0
0.0
0.0
0.0
0.0
0.0
0.0
0.0
0.0
0.0
0.0
10.0
200.0
448.0
666.0
840.0
957.0
1009.0
994.0
912.0
769.0
574.0
341.0
89.0
0.0
0.0
0.0
0.0
0.0
0.0
0.0
0.0
0.0
0.0
0.0
12.0
208.0
455.0
673.0
846.0
963.0
1015.0
1000.0
918.0
774.0
579.0
346.0
93.0
0.0
0.0
0.0
0.0
0.0
0.0
0.0
0.0
0.0
0.0
0.0
14.0
216.0
463.0
680.0
853.0
969.0
1021.0
1005.0
923.0
779.0
584.0
351.0
98.0
0.0
0.0
0.0
0.0
0.0
0.0
0.0
0.0
0.0
0.0
0.0
17.0
223.0
470.0
687.0
859.0
975.0
1027.0
1011.0
928.0
784.0
589.0
356.0
102.0
0.0
0.0
0.0
0.0
0.0
0.0
0.0
0.0
0.0
0.0
0.0
20.0
231.0
478.0
694.0
866.0
981.0
1033.0
1016.0
933.0
789.0
594.0
361.0
106.0
0.0
0.0
0.0
0.0
0.0
0.0
0.0
0.0
0.0
0.0
0.0
23.0
239.0
485.0
701.0
872.0
988.0
1038.0
1022.0
938.0
794.0
599.0
366.0
111.0
0.0
0.0
0.0
0.0
0.0
0.0
0.0
0.0
0.0
0.0
0.0
27.0
246.0
492.0
708.0
879.0
994.0
1044.0
1027.0
943.0
799.0
603.0
371.0
116.0
0.0
0.0
0.0
0.0
0.0
0.0
0.0
0.0
0.0
0.0
0.0
30.0
254.0
499.0
715.0
885.0
999.0
1049.0
1032.0
948.0
804.0
608.0
375.0
120.0
0.0
0.0
0.0
0.0
0.0
0.0
0.0
0.0
0.0
0.0
0.0
34.0
261.0
506.0
721.0
891.0
1005.0
1055.0
1037.0
953.0
808.0
613.0
380.0
125.0
0.0
0.0
0.0
0.0
0.0
0.0
0.0
0.0
0.0
0.0
0.0
38.0
269.0
513.0
728.0
898.0
1011.0
1060.0
1042.0
958.0
813.0
617.0
385.0
131.0
0.0
0.0
0.0
0.0
0.0
0.0
0.0
0.0
0.0
0.0
0.0
42.0
276.0
520.0
734.0
904.0
1017.0
1066.0
1047.0
962.0
817.0
622.0
389.0
135.0
0.0
0.0
0.0
0.0
0.0
0.0
0.0
0.0
0.0
0.0
0.0
47.0
283.0
527.0
741.0
910.0
1022.0
1071.0
1052.0
967.0
822.0
626.0
394.0
140.0
0.0
0.0
0.0
0.0
0.0
0.0
0.0
0.0
0.0
0.0
0.0
51.0
291.0
534.0
747.0
916.0
1028.0
1076.0
1057.0
972.0
826.0
631.0
398.0
145.0
0.0
0.0
0.0
0.0
0.0
0.0
0.0
0.0
0.0
0.0
0.0
56.0
298.0
541.0
754.0
922.0
1033.0
1081.0
1061.0
976.0
831.0
635.0
403.0
150.0
1.0
0.0
0.0
0.0
0.0
0.0
0.0
0.0
0.0
0.0
0.0
61.0
305.0
548.0
760.0
927.0
1039.0
1086.0
1066.0
980.0
835.0
640.0
407.0
155.0
1.0
0.0
0.0
0.0
0.0
0.0
0.0
0.0
0.0
0.0
0.0
67.0
312.0
554.0
766.0
933.0
1044.0
1091.0
1070.0
985.0
839.0
644.0
412.0
159.0
2.0
0.0
0.0
0.0
0.0
0.0
0.0
0.0
0.0
0.0
0.0
72.0
319.0
561.0
772.0
939.0
1049.0
1095.0
1075.0
989.0
843.0
648.0
416.0
164.0
2.0
0.0
0.0
0.0
0.0
0.0
0.0
0.0
0.0
0.0
0.0
77.0
326.0
568.0
778.0
944.0
1054.0
1100.0
1079.0
993.0
848.0
652.0
421.0
169.0
3.0
0.0
0.0
0.0
0.0
0.0
0.0
0.0
0.0
0.0
0.0
83.0
333.0
574.0
784.0
950.0
1059.0
1105.0
1084.0
997.0
852.0
656.0
425.0
173.0
4.0
0.0
0.0
0.0
0.0
0.0
0.0
0.0
0.0
0.0
0.0
89.0
340.0
580.0
790.0
955.0
1064.0
1109.0
1088.0
1001.0
856.0
660.0
429.0
178.0
5.0
0.0
0.0
0.0
0.0
0.0
0.0
0.0
0.0
0.0
0.0
95.0
347.0
587.0
796.0
960.0
1069.0
1114.0
1092.0
1005.0
860.0
665.0
434.0
182.0
6.0
0.0
0.0
0.0
0.0
0.0
0.0
0.0
0.0
0.0
0.0
101.0
353.0
593.0
802.0
966.0
1074.0
1118.0
1096.0
1009.0
863.0
669.0
438.0
187.0
7.0
0.0
0.0
0.0
0.0
0.0
0.0
0.0
0.0
0.0
0.0
108.0
360.0
599.0
807.0
971.0
1078.0
1122.0
1100.0
1013.0
867.0
672.0
442.0
191.0
8.0
0.0
0.0
0.0
0.0
0.0
0.0
0.0
0.0
0.0
0.0
114.0
366.0
605.0
813.0
976.0
1083.0
1127.0
1104.0
1017.0
871.0
676.0
446.0
196.0
10.0
0.0
0.0
0.0
0.0
0.0
0.0
0.0
0.0
0.0
0.0
121.0
373.0
611.0
818.0
981.0
1087.0
1131.0
1108.0
1021.0
875.0
680.0
450.0
200.0
11.0
0.0
0.0
0.0
0.0
0.0
0.0
0.0
0.0
0.0
0.0
127.0
379.0
617.0
823.0
985.0
1092.0
1135.0
1112.0
1024.0
879.0
684.0
454.0
205.0
12.0
0.0
0.0
0.0
0.0
0.0
0.0
0.0
0.0
0.0
0.0
134.0
385.0
622.0
829.0
990.0
1096.0
1139.0
1115.0
1028.0
882.0
688.0
458.0
209.0
14.0
0.0
0.0
0.0
0.0
0.0
0.0
0.0
0.0
0.0
0.0
140.0
391.0
628.0
834.0
995.0
1100.0
1142.0
1119.0
1032.0
886.0
692.0
462.0
214.0
16.0
0.0
0.0
0.0
0.0
0.0
0.0
0.0
0.0
0.0
1.0
147.0
397.0
633.0
839.0
999.0
1104.0
1146.0
1123.0
1035.0
889.0
695.0
466.0
218.0
17.0
0.0
0.0
0.0
0.0
0.0
0.0
0.0
0.0
0.0
2.0
153.0
403.0
639.0
844.0
1004.0
1108.0
1150.0
1126.0
1038.0
893.0
699.0
470.0
222.0
19.0
0.0
0.0
0.0
0.0
0.0
0.0
0.0
0.0
0.0
2.0
159.0
409.0
644.0
848.0
1008.0
1112.0
1154.0
1130.0
1042.0
896.0
702.0
474.0
227.0
21.0
0.0
0.0
0.0
0.0
0.0
0.0
0.0
0.0
0.0
3.0
165.0
415.0
649.0
853.0
1012.0
1116.0
1157.0
1133.0
1045.0
899.0
706.0
478.0
231.0
23.0
0.0
0.0
0.0
0.0
0.0
0.0
0.0
0.0
0.0
5.0
172.0
420.0
654.0
858.0
1016.0
1120.0
1160.0
1136.0
1048.0
903.0
710.0
482.0
235.0
25.0
0.0
0.0
0.0
0.0
0.0
0.0
0.0
0.0
0.0
6.0
177.0
426.0
659.0
862.0
1020.0
1123.0
1164.0
1139.0
1051.0
906.0
713.0
486.0
240.0
27.0
0.0
0.0
0.0
0.0
0.0
0.0
0.0
0.0
0.0
7.0
183.0
431.0
664.0
866.0
1024.0
1127.0
1167.0
1142.0
1054.0
909.0
716.0
489.0
244.0
29.0
0.0
0.0
0.0
0.0
0.0
0.0
0.0
0.0
0.0
9.0
189.0
436.0
669.0
871.0
1028.0
1130.0
1170.0
1145.0
1057.0
912.0
720.0
493.0
248.0
31.0
0.0
0.0
0.0
0.0
0.0
0.0
0.0
0.0
0.0
11.0
195.0
442.0
674.0
875.0
1032.0
1134.0
1173.0
1148.0
1060.0
915.0
723.0
497.0
252.0
34.0
0.0
0.0
0.0
0.0
0.0
0.0
0.0
0.0
0.0
12.0
200.0
447.0
678.0
879.0
1035.0
1137.0
1176.0
1151.0
1063.0
918.0
726.0
501.0
256.0
36.0
0.0
0.0
0.0
0.0
0.0
0.0
0.0
0.0
0.0
14.0
206.0
452.0
683.0
883.0
1039.0
1140.0
1179.0
1154.0
1066.0
921.0
730.0
504.0
260.0
39.0
0.0
0.0
0.0
0.0
0.0
0.0
0.0
0.0
0.0
16.0
211.0
456.0
687.0
887.0
1042.0
1143.0
1182.0
1157.0
1069.0
924.0
733.0
508.0
264.0
41.0
0.0
0.0
0.0
0.0
0.0
0.0
0.0
0.0
0.0
18.0
216.0
461.0
691.0
890.0
1046.0
1146.0
1185.0
1160.0
1072.0
927.0
736.0
511.0
268.0
44.0
0.0
0.0
0.0
0.0
0.0
0.0
0.0
0.0
0.0
21.0
221.0
466.0
695.0
894.0
1049.0
1149.0
1188.0
1162.0
1074.0
930.0
739.0
515.0
272.0
47.0
0.0
0.0
0.0
0.0
0.0
0.0
0.0
0.0
0.0
23.0
226.0
470.0
699.0
898.0
1052.0
1152.0
1190.0
1165.0
1077.0
933.0
742.0
518.0
276.0
49.0
0.0
0.0
0.0
0.0
0.0
0.0
0.0
0.0
0.0
25.0
231.0
475.0
703.0
901.0
1055.0
1155.0
1193.0
1167.0
1079.0
936.0
745.0
522.0
280.0
52.0
0.0
0.0
0.0
0.0
0.0
0.0
0.0
0.0
0.0
28.0
236.0
479.0
707.0
904.0
1058.0
1157.0
1195.0
1170.0
1082.0
938.0
748.0
525.0
284.0
55.0
0.0
0.0
0.0
0.0
0.0
0.0
0.0
0.0
0.0
30.0
240.0
483.0
710.0
908.0
1061.0
1160.0
1198.0
1172.0
1084.0
941.0
751.0
529.0
288.0
58.0
0.0
0.0
0.0
0.0
0.0
0.0
0.0
0.0
0.0
33.0
245.0
487.0
714.0
911.0
1064.0
1162.0
1200.0
1174.0
1087.0
944.0
754.0
532.0
291.0
61.0
0.0
0.0
0.0
0.0
0.0
0.0
0.0
0.0
0.0
35.0
249.0
491.0
717.0
914.0
1066.0
1165.0
1202.0
1177.0
1089.0
946.0
757.0
535.0
295.0
64.0
0.0
0.0
0.0
0.0
0.0
0.0
0.0
0.0
0.0
38.0
254.0
495.0
721.0
917.0
1069.0
1167.0
1204.0
1179.0
1091.0
949.0
760.0
538.0
299.0
67.0
0.0
0.0
0.0
0.0
0.0
0.0
0.0
0.0
0.0
40.0
258.0
498.0
724.0
919.0
1071.0
1169.0
1207.0
1181.0
1094.0
951.0
763.0
542.0
303.0
70.0
0.0
0.0
0.0
0.0
0.0
0.0
0.0
0.0
0.0
43.0
262.0
502.0
727.0
922.0
1074.0
1171.0
1209.0
1183.0
1096.0
954.0
766.0
545.0
306.0
73.0
0.0
0.0
0.0
0.0
0.0
0.0
0.0
0.0
0.0
46.0
266.0
505.0
730.0
925.0
1076.0
1173.0
1211.0
1185.0
1098.0
956.0
768.0
548.0
310.0
76.0
0.0
0.0
0.0
0.0
0.0
0.0
0.0
0.0
0.0
48.0
269.0
508.0
733.0
927.0
1078.0
1175.0
1212.0
1187.0
1100.0
958.0
771.0
551.0
313.0
80.0
0.0
0.0
0.0
0.0
0.0
0.0
0.0
0.0
0.0
51.0
273.0
512.0
736.0
929.0
1080.0
1177.0
1214.0
1189.0
1102.0
960.0
774.0
554.0
317.0
83.0
0.0
0.0
0.0
0.0
0.0
0.0
0.0
0.0
0.0
53.0
276.0
515.0
738.0
932.0
1082.0
1179.0
1216.0
1190.0
1104.0
963.0
776.0
557.0
320.0
86.0
0.0
0.0
0.0
0.0
0.0
0.0
0.0
0.0
0.0
56.0
280.0
518.0
741.0
934.0
1084.0
1181.0
1218.0
1192.0
1106.0
965.0
779.0
560.0
324.0
89.0
0.0
0.0
0.0
0.0
0.0
0.0
0.0
0.0
0.0
59.0
283.0
520.0
743.0
936.0
1086.0
1182.0
1219.0
1194.0
1108.0
967.0
781.0
563.0
327.0
93.0
0.0
0.0
0.0
0.0
0.0
0.0
0.0
0.0
0.0
61.0
286.0
523.0
745.0
938.0
1088.0
1184.0
1221.0
1195.0
1110.0
969.0
784.0
566.0
330.0
96.0
0.0
0.0
0.0
0.0
0.0
0.0
0.0
0.0
0.0
64.0
289.0
526.0
748.0
940.0
1089.0
1186.0
1222.0
1197.0
1111.0
971.0
786.0
569.0
333.0
99.0
0.0
0.0
0.0
0.0
0.0
0.0
0.0
0.0
0.0
66.0
292.0
528.0
750.0
942.0
1091.0
1187.0
1224.0
1199.0
1113.0
973.0
788.0
571.0
337.0
103.0
0.0
0.0
0.0
0.0
0.0
0.0
0.0
0.0
0.0
68.0
295.0
531.0
752.0
943.0
1092.0
1188.0
1225.0
1200.0
1115.0
975.0
791.0
574.0
340.0
106.0
0.0
0.0
0.0
0.0
0.0
0.0
0.0
0.0
0.0
71.0
297.0
533.0
754.0
945.0
1094.0
1190.0
1226.0
1201.0
1116.0
977.0
793.0
577.0
343.0
109.0
0.0
0.0
0.0
0.0
0.0
0.0
0.0
0.0
0.0
73.0
300.0
535.0
755.0
946.0
1095.0
1191.0
1228.0
1203.0
1118.0
979.0
795.0
579.0
346.0
113.0
0.0
0.0
0.0
0.0
0.0
0.0
0.0
0.0
0.0
75.0
302.0
537.0
757.0
948.0
1096.0
1192.0
1229.0
1204.0
1120.0
981.0
797.0
582.0
349.0
114.0
0.0
0.0
0.0
0.0
0.0
0.0
0.0
0.0
0.0
77.0
304.0
539.0
759.0
949.0
1097.0
1193.0
1230.0
1205.0
1121.0
983.0
800.0
584.0
352.0
117.0
0.0
0.0
0.0
0.0
0.0
0.0
0.0
0.0
0.0
79.0
307.0
540.0
760.0
950.0
1098.0
1194.0
1231.0
1207.0
1122.0
984.0
802.0
587.0
355.0
121.0
0.0
0.0
0.0
0.0
0.0
0.0
0.0
0.0
0.0
81.0
309.0
542.0
761.0
952.0
1099.0
1195.0
1232.0
1208.0
1124.0
986.0
804.0
589.0
357.0
124.0
0.0
0.0
0.0
0.0
0.0
0.0
0.0
0.0
0.0
83.0
310.0
544.0
763.0
953.0
1100.0
1196.0
1233.0
1209.0
1125.0
988.0
806.0
592.0
360.0
127.0
1.0
0.0
0.0
0.0
0.0
0.0
0.0
0.0
0.0
85.0
312.0
545.0
764.0
954.0
1101.0
1197.0
1234.0
1210.0
1126.0
989.0
808.0
594.0
363.0
130.0
1.0
0.0
0.0
0.0
0.0
0.0
0.0
0.0
0.0
87.0
314.0
546.0
765.0
954.0
1102.0
1198.0
1235.0
1211.0
1128.0
991.0
809.0
596.0
365.0
133.0
1.0
0.0
0.0
0.0
0.0
0.0
0.0
0.0
0.0
88.0
315.0
548.0
766.0
955.0
1103.0
1198.0
1236.0
1212.0
1129.0
992.0
811.0
598.0
368.0
135.0
1.0
0.0
0.0
0.0
0.0
0.0
0.0
0.0
0.0
90.0
317.0
549.0
767.0
956.0
1103.0
1199.0
1236.0
1213.0
1130.0
994.0
813.0
600.0
370.0
138.0
2.0
0.0
0.0
0.0
0.0
0.0
0.0
0.0
0.0
91.0
318.0
550.0
767.0
957.0
1104.0
1200.0
1237.0
1214.0
1131.0
995.0
815.0
602.0
373.0
141.0
2.0
0.0
0.0
0.0
0.0
0.0
0.0
0.0
0.0
93.0
319.0
551.0
768.0
957.0
1104.0
1200.0
1238.0
1215.0
1132.0
996.0
816.0
604.0
375.0
143.0
2.0
0.0
0.0
0.0
0.0
0.0
0.0
0.0
0.0
94.0
320.0
551.0
769.0
958.0
1105.0
1201.0
1238.0
1215.0
1133.0
998.0
818.0
606.0
377.0
146.0
3.0
0.0
0.0
0.0
0.0
0.0
0.0
0.0
0.0
95.0
321.0
552.0
769.0
958.0
1105.0
1201.0
1239.0
1216.0
1134.0
999.0
820.0
608.0
379.0
148.0
3.0
0.0
0.0
0.0
0.0
0.0
0.0
0.0
0.0
96.0
322.0
553.0
770.0
958.0
1105.0
1201.0
1239.0
1217.0
1135.0
1000.0
821.0
610.0
381.0
151.0
4.0
0.0
0.0
0.0
0.0
0.0
0.0
0.0
0.0
97.0
323.0
553.0
770.0
958.0
1106.0
1202.0
1240.0
1217.0
1136.0
1001.0
823.0
612.0
383.0
153.0
4.0
0.0
0.0
0.0
0.0
0.0
0.0
0.0
0.0
97.0
323.0
553.0
770.0
959.0
1106.0
1202.0
1240.0
1218.0
1137.0
1003.0
824.0
613.0
385.0
155.0
5.0
0.0
0.0
0.0
0.0
0.0
0.0
0.0
0.0
98.0
324.0
554.0
770.0
959.0
1106.0
1202.0
1240.0
1218.0
1138.0
1004.0
825.0
615.0
387.0
157.0
5.0
0.0
0.0
0.0
0.0
0.0
0.0
0.0
0.0
99.0
324.0
554.0
770.0
959.0
1106.0
1202.0
1241.0
1219.0
1138.0
1005.0
827.0
617.0
389.0
159.0
6.0
0.0
0.0
0.0
0.0
0.0
0.0
0.0
0.0
99.0
324.0
554.0
770.0
959.0
1106.0
1202.0
1241.0
1219.0
1139.0
1006.0
828.0
618.0
390.0
161.0
6.0
0.0
0.0
0.0
0.0
0.0
0.0
0.0
0.0
99.0
324.0
554.0
770.0
959.0
1106.0
1202.0
1241.0
1220.0
1140.0
1007.0
829.0
619.0
392.0
162.0
7.0
0.0
0.0
0.0
0.0
0.0
0.0
0.0
0.0
99.0
324.0
554.0
770.0
958.0
1106.0
1202.0
1241.0
1220.0
1140.0
1007.0
830.0
621.0
394.0
164.0
7.0
0.0
0.0
0.0
0.0
0.0
0.0
0.0
0.0
100.0
324.0
554.0
770.0
958.0
1106.0
1202.0
1241.0
1221.0
1141.0
1008.0
831.0
622.0
395.0
166.0
7.0
0.0
0.0
0.0
0.0
0.0
0.0
0.0
0.0
100.0
324.0
553.0
769.0
958.0
1105.0
1202.0
1241.0
1221.0
1142.0
1009.0
832.0
623.0
396.0
167.0
8.0
0.0
0.0
0.0
0.0
0.0
0.0
0.0
0.0
99.0
324.0
553.0
769.0
957.0
1105.0
1202.0
1242.0
1221.0
1142.0
1010.0
833.0
624.0
398.0
168.0
8.0
0.0
0.0
0.0
0.0
0.0
0.0
0.0
0.0
99.0
323.0
552.0
768.0
957.0
1105.0
1202.0
1241.0
1221.0
1142.0
1010.0
834.0
625.0
399.0
170.0
9.0
0.0
0.0
0.0
0.0
0.0
0.0
0.0
0.0
99.0
323.0
552.0
768.0
956.0
1104.0
1201.0
1241.0
1221.0
1143.0
1011.0
835.0
626.0
400.0
171.0
9.0
0.0
0.0
0.0
0.0
0.0
0.0
0.0
0.0
98.0
322.0
551.0
767.0
956.0
1104.0
1201.0
1241.0
1222.0
1143.0
1011.0
835.0
627.0
401.0
172.0
9.0
0.0
0.0
0.0
0.0
0.0
0.0
0.0
0.0
98.0
321.0
550.0
766.0
955.0
1103.0
1201.0
1241.0
1222.0
1143.0
1012.0
836.0
628.0
402.0
173.0
9.0
0.0
0.0
0.0
0.0
0.0
0.0
0.0
0.0
97.0
320.0
549.0
766.0
954.0
1103.0
1200.0
1241.0
1222.0
1144.0
1012.0
837.0
629.0
402.0
173.0
10.0
0.0
0.0
0.0
0.0
0.0
0.0
0.0
0.0
96.0
320.0
549.0
765.0
954.0
1102.0
1200.0
1241.0
1222.0
1144.0
1013.0
837.0
629.0
403.0
174.0
10.0
0.0
0.0
0.0
0.0
0.0
0.0
0.0
0.0
95.0
318.0
548.0
764.0
953.0
1101.0
1199.0
1240.0
1222.0
1144.0
1013.0
838.0
630.0
404.0
175.0
10.0
0.0
0.0
0.0
0.0
0.0
0.0
0.0
0.0
94.0
317.0
546.0
763.0
952.0
1101.0
1199.0
1240.0
1221.0
1144.0
1013.0
838.0
630.0
404.0
175.0
10.0
0.0
0.0
0.0
0.0
0.0
0.0
0.0
0.0
93.0
316.0
545.0
762.0
951.0
1100.0
1198.0
1240.0
1221.0
1144.0
1013.0
838.0
631.0
405.0
176.0
10.0
0.0
0.0
0.0
0.0
0.0
0.0
0.0
0.0
92.0
315.0
544.0
761.0
950.0
1099.0
1198.0
1239.0
1221.0
1144.0
1014.0
839.0
631.0
405.0
176.0
10.0
0.0
0.0
0.0
0.0
0.0
0.0
0.0
0.0
91.0
313.0
543.0
759.0
949.0
1098.0
1197.0
1239.0
1221.0
1144.0
1014.0
839.0
631.0
405.0
176.0
10.0
0.0
0.0
0.0
0.0
0.0
0.0
0.0
0.0
89.0
312.0
541.0
758.0
948.0
1097.0
1196.0
1238.0
1220.0
1144.0
1014.0
839.0
631.0
405.0
176.0
10.0
0.0
0.0
0.0
0.0
0.0
0.0
0.0
0.0
88.0
310.0
540.0
757.0
947.0
1096.0
1196.0
1238.0
1220.0
1144.0
1014.0
839.0
631.0
405.0
176.0
10.0
0.0
0.0
0.0
0.0
0.0
0.0
0.0
0.0
86.0
309.0
538.0
755.0
945.0
1095.0
1195.0
1237.0
1220.0
1143.0
1013.0
839.0
631.0
405.0
176.0
10.0
0.0
0.0
0.0
0.0
0.0
0.0
0.0
0.0
85.0
307.0
537.0
754.0
944.0
1094.0
1194.0
1237.0
1219.0
1143.0
1013.0
839.0
631.0
405.0
175.0
10.0
0.0
0.0
0.0
0.0
0.0
0.0
0.0
0.0
83.0
305.0
535.0
752.0
943.0
1093.0
1193.0
1236.0
1219.0
1143.0
1013.0
838.0
631.0
405.0
175.0
10.0
0.0
0.0
0.0
0.0
0.0
0.0
0.0
0.0
81.0
303.0
533.0
751.0
941.0
1092.0
1192.0
1235.0
1218.0
1142.0
1013.0
838.0
631.0
404.0
174.0
10.0
0.0
0.0
0.0
0.0
0.0
0.0
0.0
0.0
79.0
301.0
531.0
749.0
940.0
1091.0
1191.0
1235.0
1218.0
1142.0
1012.0
838.0
630.0
404.0
174.0
9.0
0.0
0.0
0.0
0.0
0.0
0.0
0.0
0.0
78.0
299.0
529.0
747.0
939.0
1090.0
1190.0
1234.0
1217.0
1141.0
1012.0
837.0
630.0
403.0
173.0
9.0
0.0
0.0
0.0
0.0
0.0
0.0
0.0
0.0
76.0
297.0
527.0
746.0
937.0
1088.0
1189.0
1233.0
1216.0
1141.0
1011.0
837.0
629.0
402.0
172.0
9.0
0.0
0.0
0.0
0.0
0.0
0.0
0.0
0.0
74.0
295.0
525.0
744.0
935.0
1087.0
1188.0
1232.0
1216.0
1140.0
1011.0
836.0
628.0
401.0
171.0
8.0
0.0
0.0
0.0
0.0
0.0
0.0
0.0
0.0
72.0
293.0
523.0
742.0
934.0
1086.0
1187.0
1231.0
1215.0
1140.0
1010.0
835.0
627.0
400.0
170.0
8.0
0.0
0.0
0.0
0.0
0.0
0.0
0.0
0.0
70.0
290.0
521.0
740.0
932.0
1084.0
1186.0
1230.0
1214.0
1139.0
1009.0
835.0
627.0
399.0
168.0
8.0
0.0
0.0
0.0
0.0
0.0
0.0
0.0
0.0
68.0
288.0
519.0
738.0
930.0
1083.0
1185.0
1229.0
1213.0
1138.0
1009.0
834.0
626.0
398.0
167.0
7.0
0.0
0.0
0.0
0.0
0.0
0.0
0.0
0.0
66.0
285.0
517.0
736.0
929.0
1081.0
1183.0
1228.0
1212.0
1137.0
1008.0
833.0
624.0
397.0
165.0
7.0
0.0
0.0
0.0
0.0
0.0
0.0
0.0
0.0
63.0
283.0
514.0
734.0
927.0
1080.0
1182.0
1227.0
1211.0
1136.0
1007.0
832.0
623.0
395.0
164.0
6.0
0.0
0.0
0.0
0.0
0.0
0.0
0.0
0.0
61.0
280.0
512.0
732.0
925.0
1078.0
1181.0
1226.0
1210.0
1135.0
1006.0
831.0
622.0
394.0
162.0
6.0
0.0
0.0
0.0
0.0
0.0
0.0
0.0
0.0
59.0
277.0
509.0
730.0
923.0
1077.0
1179.0
1225.0
1209.0
1134.0
1004.0
829.0
620.0
392.0
160.0
5.0
0.0
0.0
0.0
0.0
0.0
0.0
0.0
0.0
57.0
274.0
507.0
728.0
921.0
1075.0
1178.0
1223.0
1208.0
1133.0
1003.0
828.0
619.0
390.0
158.0
5.0
0.0
0.0
0.0
0.0
0.0
0.0
0.0
0.0
55.0
272.0
504.0
725.0
919.0
1073.0
1176.0
1222.0
1207.0
1132.0
1002.0
827.0
617.0
388.0
156.0
4.0
0.0
0.0
0.0
0.0
0.0
0.0
0.0
0.0
53.0
269.0
502.0
723.0
917.0
1072.0
1175.0
1221.0
1205.0
1130.0
1001.0
825.0
615.0
386.0
153.0
4.0
0.0
0.0
0.0
0.0
0.0
0.0
0.0
0.0
50.0
266.0
499.0
721.0
915.0
1070.0
1173.0
1219.0
1204.0
1129.0
999.0
823.0
614.0
384.0
151.0
3.0
0.0
0.0
0.0
0.0
0.0
0.0
0.0
0.0
48.0
263.0
496.0
718.0
913.0
1068.0
1172.0
1218.0
1203.0
1128.0
998.0
822.0
612.0
382.0
148.0
3.0
0.0
0.0
0.0
0.0
0.0
0.0
0.0
0.0
46.0
260.0
494.0
716.0
911.0
1066.0
1170.0
1216.0
1201.0
1126.0
996.0
820.0
610.0
380.0
145.0
2.0
0.0
0.0
0.0
0.0
0.0
0.0
0.0
0.0
44.0
257.0
491.0
714.0
909.0
1064.0
1168.0
1215.0
1200.0
1125.0
994.0
818.0
607.0
377.0
143.0
2.0
0.0
0.0
0.0
0.0
0.0
0.0
0.0
0.0
42.0
253.0
488.0
711.0
907.0
1062.0
1167.0
1213.0
1198.0
1123.0
993.0
816.0
605.0
374.0
140.0
2.0
0.0
0.0
0.0
0.0
0.0
0.0
0.0
0.0
40.0
250.0
485.0
709.0
905.0
1060.0
1165.0
1211.0
1196.0
1121.0
991.0
814.0
603.0
372.0
137.0
1.0
0.0
0.0
0.0
0.0
0.0
0.0
0.0
0.0
38.0
247.0
482.0
706.0
902.0
1058.0
1163.0
1210.0
1195.0
1119.0
989.0
812.0
600.0
369.0
133.0
1.0
0.0
0.0
0.0
0.0
0.0
0.0
0.0
0.0
36.0
243.0
479.0
703.0
900.0
1056.0
1161.0
1208.0
1193.0
1118.0
987.0
809.0
598.0
366.0
130.0
1.0
0.0
0.0
0.0
0.0
0.0
0.0
0.0
0.0
34.0
240.0
476.0
701.0
898.0
1054.0
1159.0
1206.0
1191.0
1116.0
985.0
807.0
595.0
363.0
127.0
0.0
0.0
0.0
0.0
0.0
0.0
0.0
0.0
0.0
32.0
237.0
473.0
698.0
895.0
1052.0
1157.0
1204.0
1189.0
1114.0
982.0
804.0
592.0
360.0
123.0
0.0
0.0
0.0
0.0
0.0
0.0
0.0
0.0
0.0
30.0
233.0
470.0
695.0
893.0
1050.0
1155.0
1202.0
1187.0
1111.0
980.0
802.0
589.0
356.0
119.0
0.0
0.0
0.0
0.0
0.0
0.0
0.0
0.0
0.0
28.0
230.0
467.0
692.0
891.0
1048.0
1153.0
1200.0
1185.0
1109.0
978.0
799.0
586.0
353.0
115.0
0.0
0.0
0.0
0.0
0.0
0.0
0.0
0.0
0.0
26.0
226.0
464.0
690.0
888.0
1046.0
1151.0
1198.0
1183.0
1107.0
975.0
796.0
583.0
349.0
113.0
0.0
0.0
0.0
0.0
0.0
0.0
0.0
0.0
0.0
24.0
223.0
461.0
687.0
886.0
1043.0
1149.0
1196.0
1181.0
1105.0
972.0
793.0
579.0
345.0
109.0
0.0
0.0
0.0
0.0
0.0
0.0
0.0
0.0
0.0
22.0
219.0
458.0
684.0
883.0
1041.0
1147.0
1194.0
1179.0
1102.0
970.0
790.0
576.0
342.0
105.0
0.0
0.0
0.0
0.0
0.0
0.0
0.0
0.0
0.0
20.0
215.0
454.0
681.0
880.0
1039.0
1145.0
1192.0
1176.0
1100.0
967.0
787.0
573.0
338.0
101.0
0.0
0.0
0.0
0.0
0.0
0.0
0.0
0.0
0.0
19.0
212.0
451.0
678.0
878.0
1036.0
1142.0
1189.0
1174.0
1097.0
964.0
784.0
569.0
334.0
97.0
0.0
0.0
0.0
0.0
0.0
0.0
0.0
0.0
0.0
17.0
208.0
448.0
675.0
875.0
1034.0
1140.0
1187.0
1172.0
1094.0
961.0
781.0
565.0
329.0
93.0
0.0
0.0
0.0
0.0
0.0
0.0
0.0
0.0
0.0
16.0
204.0
444.0
672.0
872.0
1031.0
1138.0
1185.0
1169.0
1092.0
958.0
777.0
561.0
325.0
89.0
0.0
0.0
0.0
0.0
0.0
0.0
0.0
0.0
0.0
14.0
200.0
441.0
669.0
870.0
1029.0
1135.0
1182.0
1166.0
1089.0
955.0
774.0
557.0
321.0
84.0
0.0
0.0
0.0
0.0
0.0
0.0
0.0
0.0
0.0
13.0
196.0
437.0
666.0
867.0
1026.0
1133.0
1180.0
1164.0
1086.0
952.0
770.0
553.0
316.0
80.0
0.0
0.0
0.0
0.0
0.0
0.0
0.0
0.0
0.0
11.0
193.0
434.0
663.0
864.0
1023.0
1130.0
1177.0
1161.0
1083.0
948.0
766.0
549.0
312.0
76.0
0.0
0.0
0.0
0.0
0.0
0.0
0.0
0.0
0.0
10.0
189.0
431.0
660.0
861.0
1021.0
1128.0
1174.0
1158.0
1080.0
945.0
762.0
545.0
307.0
72.0
0.0
0.0
0.0
0.0
0.0
0.0
0.0
0.0
0.0
9.0
185.0
427.0
657.0
858.0
1018.0
1125.0
1172.0
1155.0
1077.0
941.0
758.0
540.0
302.0
68.0
0.0
0.0
0.0
0.0
0.0
0.0
0.0
0.0
0.0
8.0
181.0
424.0
654.0
855.0
1015.0
1122.0
1169.0
1152.0
1073.0
938.0
754.0
536.0
297.0
64.0
0.0
0.0
0.0
0.0
0.0
0.0
0.0
0.0
0.0
7.0
177.0
420.0
650.0
853.0
1013.0
1119.0
1166.0
1149.0
1070.0
934.0
750.0
531.0
292.0
60.0
0.0
0.0
0.0
0.0
0.0
0.0
0.0
0.0
0.0
6.0
173.0
416.0
647.0
850.0
1010.0
1117.0
1163.0
1146.0
1067.0
930.0
746.0
526.0
287.0
56.0
0.0
0.0
0.0
0.0
0.0
0.0
0.0
0.0
0.0
5.0
169.0
413.0
644.0
847.0
1007.0
1114.0
1160.0
1143.0
1063.0
926.0
741.0
521.0
281.0
53.0
0.0
0.0
0.0
0.0
0.0
0.0
0.0
0.0
0.0
4.0
165.0
409.0
641.0
843.0
1004.0
1111.0
1157.0
1140.0
1059.0
922.0
737.0
516.0
276.0
49.0
0.0
0.0
0.0
0.0
0.0
0.0
0.0
0.0
0.0
3.0
161.0
405.0
637.0
840.0
1001.0
1108.0
1154.0
1136.0
1056.0
918.0
732.0
511.0
270.0
45.0
0.0
0.0
0.0
0.0
0.0
0.0
0.0
0.0
0.0
3.0
157.0
402.0
634.0
837.0
998.0
1105.0
1151.0
1133.0
1052.0
914.0
727.0
506.0
265.0
42.0
0.0
0.0
0.0
0.0
0.0
0.0
0.0
0.0
0.0
2.0
153.0
398.0
631.0
834.0
995.0
1102.0
1148.0
1129.0
1048.0
909.0
723.0
501.0
259.0
38.0
0.0
0.0
0.0
0.0
0.0
0.0
0.0
0.0
0.0
1.0
148.0
394.0
627.0
831.0
992.0
1099.0
1144.0
1126.0
1044.0
905.0
718.0
495.0
253.0
35.0
0.0
0.0
0.0
0.0
0.0
0.0
0.0
0.0
0.0
1.0
144.0
391.0
624.0
828.0
988.0
1095.0
1141.0
1122.0
1040.0
900.0
713.0
490.0
247.0
31.0
0.0
0.0
0.0
0.0
0.0
0.0
0.0
0.0
0.0
1.0
140.0
387.0
620.0
824.0
985.0
1092.0
1137.0
1118.0
1036.0
896.0
708.0
484.0
241.0
28.0
0.0
0.0
0.0
0.0
0.0
0.0
0.0
0.0
0.0
0.0
136.0
383.0
617.0
821.0
982.0
1089.0
1134.0
1114.0
1031.0
891.0
702.0
478.0
235.0
25.0
0.0
0.0
0.0
0.0
0.0
0.0
0.0
0.0
0.0
0.0
132.0
379.0
613.0
818.0
979.0
1085.0
1130.0
1110.0
1027.0
886.0
697.0
473.0
228.0
22.0
0.0
0.0
0.0
0.0
0.0
0.0
0.0
0.0
0.0
0.0
127.0
375.0
610.0
814.0
975.0
1082.0
1126.0
1106.0
1023.0
881.0
692.0
467.0
222.0
20.0
0.0
0.0
0.0
0.0
0.0
0.0
0.0
0.0
0.0
0.0
124.0
372.0
606.0
811.0
972.0
1078.0
1123.0
1102.0
1018.0
876.0
686.0
461.0
216.0
17.0
0.0
0.0
0.0
0.0
0.0
0.0
0.0
0.0
0.0
0.0
119.0
368.0
602.0
807.0
968.0
1075.0
1119.0
1098.0
1013.0
871.0
680.0
455.0
209.0
14.0
0.0
0.0
0.0
0.0
0.0
0.0
0.0
0.0
0.0
0.0
115.0
364.0
599.0
804.0
965.0
1071.0
1115.0
1094.0
1009.0
866.0
675.0
448.0
202.0
12.0
0.0
0.0
0.0
0.0
0.0
0.0
0.0
0.0
0.0
0.0
111.0
360.0
595.0
800.0
961.0
1067.0
1111.0
1089.0
1004.0
861.0
669.0
442.0
196.0
10.0
0.0
0.0
0.0
0.0
0.0
0.0
0.0
0.0
0.0
0.0
107.0
356.0
591.0
797.0
958.0
1063.0
1107.0
1085.0
999.0
855.0
663.0
436.0
189.0
8.0
0.0
0.0
0.0
0.0
0.0
0.0
0.0
0.0
0.0
0.0
103.0
352.0
588.0
793.0
954.0
1060.0
1103.0
1080.0
994.0
850.0
657.0
429.0
182.0
6.0
0.0
0.0
0.0
0.0
0.0
0.0
0.0
0.0
0.0
0.0
99.0
348.0
584.0
789.0
950.0
1056.0
1099.0
1076.0
989.0
844.0
651.0
423.0
175.0
5.0
0.0
0.0
0.0
0.0
0.0
0.0
0.0
0.0
0.0
0.0
95.0
344.0
580.0
785.0
946.0
1052.0
1094.0
1071.0
984.0
839.0
645.0
416.0
168.0
4.0
0.0
0.0
0.0
0.0
0.0
0.0
0.0
0.0
0.0
0.0
92.0
340.0
576.0
782.0
943.0
1048.0
1090.0
1066.0
979.0
833.0
639.0
410.0
161.0
2.0
0.0
0.0
0.0
0.0
0.0
0.0
0.0
0.0
0.0
0.0
88.0
336.0
572.0
778.0
939.0
1044.0
1085.0
1062.0
973.0
827.0
632.0
403.0
154.0
2.0
0.0
0.0
0.0
0.0
0.0
0.0
0.0
0.0
0.0
0.0
84.0
332.0
568.0
774.0
935.0
1039.0
1081.0
1057.0
968.0
821.0
626.0
396.0
147.0
1.0
0.0
0.0
0.0
0.0
0.0
0.0
0.0
0.0
0.0
0.0
81.0
327.0
564.0
770.0
931.0
1035.0
1076.0
1052.0
963.0
815.0
619.0
389.0
139.0
0.0
0.0
0.0
0.0
0.0
0.0
0.0
0.0
0.0
0.0
0.0
77.0
323.0
560.0
766.0
927.0
1031.0
1072.0
1047.0
957.0
809.0
613.0
382.0
132.0
0.0
0.0
0.0
0.0
0.0
0.0
0.0
0.0
0.0
0.0
0.0
74.0
319.0
556.0
762.0
922.0
1026.0
1067.0
1041.0
951.0
803.0
606.0
375.0
124.0
0.0
0.0
0.0
0.0
0.0
0.0
0.0
0.0
0.0
0.0
0.0
71.0
315.0
552.0
758.0
918.0
1022.0
1062.0
1036.0
946.0
797.0
600.0
368.0
117.0
0.0
0.0
0.0
0.0
0.0
0.0
0.0
0.0
0.0
0.0
0.0
67.0
311.0
548.0
754.0
914.0
1018.0
1057.0
1031.0
940.0
790.0
593.0
361.0
110.0
0.0
0.0
0.0
0.0
0.0
0.0
0.0
0.0
0.0
0.0
0.0
64.0
306.0
544.0
750.0
910.0
1013.0
1053.0
1026.0
934.0
784.0
586.0
353.0
103.0
0.0
0.0
0.0
0.0
0.0
0.0
0.0
0.0
0.0
0.0
0.0
61.0
302.0
540.0
745.0
905.0
1008.0
1048.0
1020.0
928.0
778.0
579.0
346.0
96.0
0.0
0.0
0.0
0.0
0.0
0.0
0.0
0.0
0.0
0.0
0.0
58.0
298.0
535.0
741.0
901.0
1004.0
1042.0
1015.0
922.0
771.0
572.0
339.0
90.0
0.0
0.0
0.0
0.0
0.0
0.0
0.0
0.0
0.0
0.0
0.0
55.0
293.0
531.0
737.0
896.0
999.0
1037.0
1009.0
916.0
765.0
565.0
331.0
83.0
0.0
0.0
0.0
0.0
0.0
0.0
0.0
0.0
0.0
0.0
0.0
52.0
289.0
527.0
733.0
892.0
994.0
1032.0
1003.0
910.0
758.0
558.0
324.0
77.0
0.0
0.0
0.0
0.0
0.0
0.0
0.0
0.0
0.0
0.0
0.0
49.0
285.0
523.0
728.0
887.0
989.0
1027.0
998.0
904.0
751.0
551.0
316.0
71.0
0.0
0.0
0.0
0.0
0.0
0.0
0.0
0.0
0.0
0.0
0.0
46.0
280.0
518.0
724.0
883.0
984.0
1022.0
992.0
898.0
745.0
544.0
309.0
66.0
0.0
0.0
0.0
0.0
0.0
0.0
0.0
0.0
0.0
0.0
0.0
43.0
276.0
514.0
719.0
878.0
979.0
1016.0
986.0
891.0
738.0
537.0
301.0
60.0
0.0
0.0
0.0
0.0
0.0
0.0
0.0
0.0
0.0
0.0
0.0
41.0
271.0
509.0
715.0
873.0
974.0
1011.0
980.0
885.0
731.0
530.0
294.0
55.0
0.0
0.0
0.0
0.0
0.0
0.0
0.0
0.0
0.0
0.0
0.0
38.0
267.0
505.0
710.0
868.0
969.0
1005.0
974.0
878.0
724.0
522.0
286.0
50.0
0.0
0.0
0.0
0.0
0.0
0.0
0.0
0.0
0.0
0.0
0.0
36.0
262.0
500.0
705.0
863.0
964.0
1000.0
968.0
872.0
717.0
515.0
278.0
45.0
0.0
0.0
0.0
0.0
0.0
0.0
0.0
0.0
0.0
0.0
0.0
33.0
257.0
496.0
701.0
858.0
959.0
994.0
962.0
865.0
710.0
508.0
271.0
41.0
0.0
0.0
0.0
0.0
0.0
0.0
0.0
0.0
0.0
0.0
0.0
31.0
253.0
491.0
696.0
853.0
953.0
988.0
956.0
859.0
703.0
500.0
263.0
36.0
0.0
0.0
0.0
0.0
0.0
0.0
0.0
0.0
0.0
0.0
0.0
29.0
248.0
486.0
691.0
848.0
948.0
982.0
950.0
852.0
696.0
493.0
255.0
32.0
0.0
0.0
0.0
0.0
0.0
0.0
0.0
0.0
0.0
0.0
0.0
26.0
243.0
481.0
686.0
843.0
942.0
977.0
944.0
846.0
689.0
485.0
248.0
29.0
0.0
0.0
0.0
0.0
0.0
0.0
0.0
0.0
0.0
0.0
0.0
24.0
239.0
477.0
681.0
838.0
937.0
971.0
937.0
839.0
682.0
478.0
240.0
25.0
0.0
0.0
0.0
0.0
0.0
0.0
0.0
0.0
0.0
0.0
0.0
22.0
234.0
472.0
676.0
833.0
931.0
965.0
931.0
832.0
675.0
470.0
232.0
22.0
0.0
0.0
0.0
0.0
0.0
0.0
0.0
0.0
0.0
0.0
0.0
20.0
229.0
467.0
671.0
828.0
926.0
959.0
925.0
825.0
668.0
463.0
224.0
19.0
0.0
0.0
0.0
0.0
0.0
0.0
0.0
0.0
0.0
0.0
0.0
18.0
224.0
462.0
666.0
822.0
920.0
953.0
918.0
818.0
661.0
455.0
217.0
16.0
0.0
0.0
0.0
0.0
0.0
0.0
0.0
0.0
0.0
0.0
0.0
17.0
219.0
457.0
661.0
817.0
914.0
947.0
912.0
812.0
653.0
448.0
209.0
13.0
0.0
0.0
0.0
0.0
0.0
0.0
0.0
0.0
0.0
0.0
0.0
15.0
214.0
452.0
656.0
811.0
909.0
941.0
905.0
805.0
646.0
440.0
201.0
11.0
0.0
0.0
0.0
0.0
0.0
0.0
0.0
0.0
0.0
0.0
0.0
13.0
209.0
447.0
651.0
806.0
903.0
934.0
899.0
798.0
639.0
433.0
194.0
9.0
0.0
0.0
0.0
0.0
0.0
0.0
0.0
0.0
0.0
0.0
0.0
12.0
204.0
442.0
645.0
800.0
897.0
928.0
892.0
791.0
632.0
425.0
186.0
7.0
0.0
0.0
0.0
0.0
0.0
0.0
0.0
0.0
0.0
0.0
0.0
10.0
199.0
437.0
640.0
795.0
891.0
922.0
885.0
784.0
624.0
418.0
178.0
5.0
0.0
0.0
0.0
0.0
0.0
0.0
0.0
0.0
0.0
0.0
0.0
9.0
194.0
432.0
635.0
789.0
885.0
916.0
879.0
777.0
617.0
410.0
171.0
4.0
0.0
0.0
0.0
0.0
0.0
0.0
0.0
0.0
0.0
0.0
0.0
8.0
189.0
427.0
629.0
784.0
879.0
909.0
872.0
770.0
610.0
403.0
163.0
2.0
0.0
0.0
0.0
0.0
0.0
0.0
0.0
0.0
0.0
0.0
0.0
6.0
184.0
421.0
624.0
778.0
873.0
903.0
865.0
763.0
603.0
396.0
156.0
2.0
0.0
0.0
0.0
0.0
0.0
0.0
0.0
0.0
0.0
0.0
0.0
5.0
179.0
416.0
618.0
772.0
867.0
896.0
859.0
756.0
595.0
388.0
148.0
1.0
0.0
0.0
0.0
0.0
0.0
0.0
0.0
0.0
0.0
0.0
0.0
4.0
174.0
411.0
613.0
766.0
861.0
890.0
852.0
749.0
588.0
381.0
141.0
0.0
0.0
0.0
0.0
0.0
0.0
0.0
0.0
0.0
0.0
0.0
0.0
3.0
169.0
405.0
607.0
760.0
855.0
884.0
845.0
742.0
581.0
373.0
133.0
0.0
0.0
0.0
0.0
0.0
0.0
0.0
0.0
0.0
0.0
0.0
0.0
3.0
163.0
400.0
601.0
755.0
849.0
877.0
838.0
735.0
574.0
366.0
124.0
0.0
0.0
0.0
0.0
0.0
0.0
0.0
0.0
0.0
0.0
0.0
0.0
2.0
158.0
394.0
596.0
749.0
842.0
871.0
832.0
728.0
567.0
359.0
116.0
0.0
0.0
0.0
0.0
0.0
0.0
0.0
0.0
0.0
0.0
0.0
0.0
1.0
153.0
389.0
590.0
743.0
836.0
864.0
825.0
721.0
559.0
351.0
110.0
0.0
0.0
0.0
0.0
0.0
0.0
0.0
0.0
0.0
0.0
0.0
0.0
1.0
148.0
384.0
584.0
737.0
830.0
858.0
818.0
714.0
552.0
344.0
103.0
0.0
0.0
0.0
0.0
0.0
0.0
0.0
0.0
0.0
0.0
0.0
0.0
1.0
142.0
378.0
579.0
731.0
824.0
851.0
811.0
707.0
545.0
337.0
97.0
0.0
0.0
0.0
0.0
0.0
0.0
0.0
0.0
0.0
0.0
0.0
0.0
0.0
137.0
372.0
573.0
725.0
817.0
845.0
805.0
700.0
538.0
330.0
90.0
0.0
0.0
0.0
0.0
0.0
0.0
0.0
0.0
0.0
0.0
0.0
0.0
0.0
132.0
367.0
567.0
719.0
811.0
838.0
798.0
693.0
531.0
323.0
85.0
0.0
0.0
0.0
0.0
0.0
0.0
0.0
0.0
0.0
0.0
0.0
0.0
0.0
126.0
361.0
561.0
712.0
805.0
831.0
791.0
686.0
524.0
316.0
79.0
0.0
0.0
0.0
0.0
0.0
0.0
0.0
0.0
0.0
0.0
0.0
0.0
0.0
118.0
356.0
555.0
706.0
798.0
825.0
784.0
679.0
517.0
309.0
74.0
0.0
0.0
0.0
0.0
0.0
0.0
0.0
0.0
0.0
0.0
0.0
0.0
0.0
113.0
350.0
549.0
700.0
792.0
818.0
778.0
673.0
510.0
302.0
68.0
0.0
0.0
0.0
0.0
0.0
0.0
0.0
0.0
0.0
0.0
0.0
0.0
0.0
108.0
344.0
544.0
694.0
786.0
812.0
771.0
666.0
504.0
295.0
63.0
0.0
0.0
0.0
0.0
0.0
0.0
0.0
0.0
0.0
0.0
0.0
0.0
0.0
103.0
338.0
538.0
688.0
779.0
805.0
764.0
659.0
497.0
289.0
59.0
0.0
0.0
0.0
0.0
0.0
0.0
0.0
0.0
0.0
0.0
0.0
0.0
0.0
98.0
333.0
532.0
682.0
773.0
799.0
758.0
652.0
490.0
282.0
54.0
0.0
0.0
0.0
0.0
0.0
0.0
0.0
0.0
0.0
0.0
0.0
0.0
0.0
93.0
327.0
526.0
676.0
766.0
792.0
751.0
646.0
483.0
275.0
50.0
0.0
0.0
0.0
0.0
0.0
0.0
0.0
0.0
0.0
0.0
0.0
0.0
0.0
88.0
321.0
520.0
669.0
760.0
786.0
744.0
639.0
477.0
269.0
46.0
0.0
0.0
0.0
0.0
0.0
0.0
0.0
0.0
0.0
0.0
0.0
0.0
0.0
83.0
315.0
514.0
663.0
754.0
779.0
738.0
633.0
470.0
262.0
42.0
0.0
0.0
0.0
0.0
0.0
0.0
0.0
0.0
0.0
0.0
0.0
0.0
0.0
79.0
310.0
508.0
657.0
747.0
773.0
731.0
626.0
464.0
256.0
39.0
0.0
0.0
0.0
0.0
0.0
0.0
0.0
0.0
0.0
0.0
0.0
0.0
0.0
74.0
304.0
502.0
651.0
741.0
766.0
725.0
620.0
458.0
250.0
36.0
0.0
0.0
0.0
0.0
0.0
0.0
0.0
0.0
0.0
0.0
0.0
0.0
0.0
70.0
298.0
496.0
645.0
735.0
760.0
718.0
613.0
451.0
244.0
32.0
0.0
0.0
0.0
0.0
0.0
0.0
0.0
0.0
0.0
0.0
0.0
0.0
0.0
66.0
292.0
490.0
638.0
728.0
754.0
712.0
607.0
445.0
238.0
30.0
0.0
0.0
0.0
0.0
0.0
0.0
0.0
0.0
0.0
0.0
0.0
0.0
0.0
62.0
287.0
484.0
632.0
722.0
747.0
706.0
601.0
439.0
232.0
27.0
0.0
0.0
0.0
0.0
0.0
0.0
0.0
0.0
0.0
0.0
0.0
0.0
0.0
58.0
281.0
478.0
626.0
716.0
741.0
700.0
595.0
433.0
226.0
24.0
0.0
0.0
0.0
0.0
0.0
0.0
0.0
0.0
0.0
0.0
0.0
0.0
0.0
54.0
275.0
472.0
620.0
710.0
735.0
693.0
588.0
427.0
220.0
22.0
0.0
0.0
0.0
0.0
0.0
0.0
0.0
0.0
0.0
0.0
0.0
0.0
0.0
50.0
269.0
466.0
614.0
704.0
729.0
687.0
582.0
421.0
215.0
20.0
0.0
0.0
0.0
0.0
0.0
0.0
0.0
0.0
0.0
0.0
0.0
0.0
0.0
47.0
263.0
460.0
608.0
698.0
723.0
681.0
577.0
415.0
209.0
18.0
0.0
0.0
0.0
0.0
0.0
0.0
0.0
0.0
0.0
0.0
0.0
0.0
0.0
44.0
258.0
454.0
602.0
691.0
716.0
675.0
571.0
410.0
204.0
16.0
0.0
0.0
0.0
0.0
0.0
0.0
0.0
0.0
0.0
0.0
0.0
0.0
0.0
40.0
252.0
448.0
596.0
685.0
710.0
669.0
565.0
404.0
198.0
14.0
0.0
0.0
0.0
0.0
0.0
0.0
0.0
0.0
0.0
0.0
0.0
0.0
0.0
37.0
246.0
442.0
590.0
679.0
705.0
664.0
559.0
399.0
193.0
12.0
0.0
0.0
0.0
0.0
0.0
0.0
0.0
0.0
0.0
0.0
0.0
0.0
0.0
34.0
240.0
436.0
584.0
674.0
699.0
658.0
554.0
394.0
188.0
11.0
0.0
0.0
0.0
0.0
0.0
0.0
0.0
0.0
0.0
0.0
0.0
0.0
0.0
31.0
235.0
430.0
578.0
668.0
693.0
652.0
548.0
388.0
183.0
9.0
0.0
0.0
0.0
0.0
0.0
0.0
0.0
0.0
0.0
0.0
0.0
0.0
0.0
29.0
229.0
425.0
572.0
662.0
687.0
647.0
543.0
383.0
178.0
8.0
0.0
0.0
0.0
0.0
0.0
0.0
0.0
0.0
0.0
0.0
0.0
0.0
0.0
26.0
224.0
419.0
567.0
656.0
682.0
641.0
538.0
378.0
174.0
7.0
0.0
0.0
0.0
0.0
0.0
0.0
0.0
0.0
0.0
0.0
0.0
0.0
0.0
23.0
218.0
413.0
561.0
650.0
676.0
636.0
533.0
374.0
169.0
6.0
0.0
0.0
0.0
0.0
0.0
0.0
0.0
0.0
0.0
0.0
0.0
0.0
0.0
21.0
212.0
408.0
555.0
645.0
671.0
631.0
528.0
369.0
165.0
5.0
0.0
0.0
0.0
0.0
0.0
0.0
0.0
0.0
0.0
0.0
0.0
0.0
0.0
19.0
207.0
402.0
550.0
639.0
665.0
625.0
523.0
364.0
161.0
4.0
0.0
0.0
0.0
0.0
0.0
0.0
0.0
0.0
0.0
0.0
0.0
0.0
0.0
17.0
201.0
396.0
544.0
634.0
660.0
620.0
518.0
360.0
156.0
4.0
0.0
0.0
0.0
0.0
0.0
0.0
0.0
0.0
0.0
0.0
0.0
0.0
0.0
15.0
196.0
391.0
538.0
628.0
655.0
615.0
513.0
355.0
152.0
3.0
0.0
0.0
0.0
0.0
0.0
0.0
0.0
0.0
0.0
0.0
0.0
0.0
0.0
13.0
191.0
386.0
533.0
623.0
650.0
611.0
509.0
351.0
149.0
2.0
0.0
0.0
0.0
0.0
0.0
0.0
0.0
0.0
0.0
0.0
0.0
0.0
0.0
11.0
185.0
380.0
528.0
618.0
645.0
606.0
504.0
347.0
145.0
2.0
0.0
0.0
0.0
0.0
0.0
0.0
0.0
0.0
0.0
0.0
0.0
0.0
0.0
10.0
180.0
375.0
522.0
613.0
640.0
601.0
500.0
343.0
141.0
2.0
0.0
0.0
0.0
0.0
0.0
0.0
0.0
0.0
0.0
0.0
0.0
0.0
0.0
9.0
175.0
370.0
517.0
608.0
635.0
597.0
496.0
340.0
138.0
1.0
0.0
0.0
0.0
0.0
0.0
0.0
0.0
0.0
0.0
0.0
0.0
0.0
0.0
7.0
170.0
365.0
512.0
603.0
630.0
592.0
492.0
336.0
135.0
1.0
0.0
0.0
0.0
0.0
0.0
0.0
0.0
0.0
0.0
0.0
0.0
0.0
0.0
6.0
165.0
359.0
507.0
598.0
626.0
588.0
488.0
332.0
132.0
1.0
0.0
0.0
0.0
0.0
0.0
0.0
0.0
0.0
0.0
0.0
0.0
0.0
0.0
5.0
160.0
354.0
502.0
593.0
621.0
584.0
484.0
329.0
129.0
1.0
0.0
0.0
0.0
0.0
0.0
0.0
0.0
0.0
0.0
0.0
0.0
0.0
0.0
4.0
155.0
350.0
498.0
589.0
617.0
580.0
481.0
326.0
126.0
0.0
0.0
0.0
0.0
0.0
0.0
0.0
0.0
0.0
0.0
0.0
0.0
0.0
0.0
3.0
150.0
345.0
493.0
584.0
613.0
576.0
477.0
323.0
123.0
0.0
0.0
0.0
0.0
0.0
0.0
0.0
0.0
0.0
0.0
0.0
0.0
0.0
0.0
2.0
145.0
340.0
488.0
580.0
609.0
572.0
474.0
320.0
121.0
0.0
0.0
0.0
0.0
0.0
0.0
0.0
0.0
0.0
0.0
0.0
0.0
0.0
0.0
2.0
141.0
335.0
484.0
576.0
605.0
569.0
471.0
317.0
118.0
0.0
0.0
0.0
0.0
0.0
0.0
0.0
0.0
0.0
0.0
0.0
0.0
0.0
0.0
1.0
136.0
331.0
479.0
571.0
601.0
565.0
468.0
314.0
116.0
0.0
0.0
0.0
0.0
0.0
0.0
0.0
0.0
0.0
0.0
0.0
0.0
0.0
0.0
1.0
131.0
326.0
475.0
567.0
597.0
562.0
465.0
312.0
114.0
0.0
0.0
0.0
0.0
0.0
0.0
0.0
0.0
0.0
0.0
0.0
0.0
0.0
0.0
1.0
127.0
322.0
471.0
563.0
593.0
559.0
462.0
310.0
112.0
0.0
0.0
0.0
0.0
0.0
0.0
0.0
0.0
0.0
0.0
0.0
0.0
0.0
0.0
0.0
123.0
318.0
467.0
560.0
590.0
556.0
460.0
308.0
106.0
0.0
0.0
0.0
0.0
0.0
0.0
0.0
0.0
0.0
0.0
0.0
0.0
0.0
0.0
0.0
118.0
314.0
463.0
556.0
587.0
553.0
457.0
306.0
105.0
0.0
0.0
0.0
0.0
0.0
0.0
0.0
0.0
0.0
0.0
0.0
0.0
0.0
0.0
0.0
114.0
310.0
459.0
552.0
584.0
550.0
455.0
304.0
103.0
0.0
0.0
0.0
0.0
0.0
0.0
0.0
0.0
0.0
0.0
0.0
0.0
0.0
0.0
0.0
106.0
306.0
455.0
549.0
581.0
548.0
453.0
302.0
102.0
0.0
0.0
0.0
0.0
0.0
0.0
0.0
0.0
0.0
0.0
0.0
0.0
0.0
0.0
0.0
102.0
302.0
452.0
546.0
578.0
545.0
451.0
301.0
101.0
0.0
0.0
0.0
0.0
0.0
0.0
0.0
0.0
0.0
0.0
0.0
0.0
0.0
0.0
0.0
99.0
298.0
448.0
543.0
575.0
543.0
449.0
299.0
100.0
0.0
0.0
0.0
0.0
0.0
0.0
0.0
0.0
0.0
0.0
0.0
0.0
0.0
0.0
0.0
95.0
295.0
445.0
540.0
573.0
541.0
447.0
298.0
99.0
0.0
0.0
0.0
0.0
0.0
0.0
0.0
0.0
0.0
0.0
0.0
0.0
0.0
0.0
0.0
92.0
291.0
442.0
537.0
570.0
539.0
446.0
297.0
99.0
0.0
0.0
0.0
0.0
0.0
0.0
0.0
0.0
0.0
0.0
0.0
0.0
0.0
0.0
0.0
89.0
288.0
439.0
534.0
568.0
537.0
445.0
296.0
98.0
0.0
0.0
0.0
0.0
0.0
0.0
0.0
0.0
0.0
0.0
0.0
0.0
0.0
0.0
0.0
86.0
285.0
436.0
532.0
566.0
536.0
444.0
295.0
98.0
0.0
0.0
0.0
0.0
0.0
0.0
0.0
0.0
0.0
0.0
0.0
0.0
0.0
0.0
0.0
83.0
282.0
433.0
529.0
564.0
534.0
443.0
295.0
98.0
0.0
0.0
0.0
0.0
0.0
0.0
0.0
0.0
0.0
0.0
0.0
0.0
0.0
0.0
0.0
80.0
279.0
431.0
527.0
562.0
533.0
442.0
295.0
98.0
0.0
0.0
0.0
0.0
0.0
0.0
0.0
0.0
0.0
0.0
0.0
0.0
0.0
0.0
0.0
77.0
276.0
428.0
525.0
561.0
532.0
441.0
294.0
98.0
0.0
0.0
0.0
0.0
0.0
0.0
0.0
0.0
0.0
0.0
0.0
0.0
0.0
0.0
0.0
75.0
273.0
426.0
523.0
559.0
531.0
441.0
294.0
98.0
0.0
0.0
0.0
0.0
0.0
0.0
0.0
0.0
0.0
0.0
0.0
0.0
0.0
0.0
0.0
73.0
271.0
424.0
521.0
558.0
530.0
440.0
294.0
98.0
0.0
0.0
0.0
0.0
0.0
0.0
0.0
0.0
0.0
0.0
0.0
0.0
0.0
0.0
0.0
71.0
268.0
422.0
520.0
557.0
530.0
440.0
295.0
99.0
0.0
0.0
0.0
0.0
0.0
0.0
0.0
0.0
0.0
0.0
0.0
0.0
0.0
0.0
0.0
69.0
266.0
420.0
518.0
556.0
529.0
440.0
295.0
100.0
0.0
0.0
0.0
0.0
0.0
0.0
0.0
0.0
0.0
0.0
0.0
0.0
0.0
0.0
0.0
67.0
264.0
418.0
517.0
555.0
529.0
440.0
296.0
101.0
0.0
0.0
0.0
0.0
0.0
0.0
0.0
0.0
0.0
0.0
0.0
0.0
0.0
0.0
0.0
65.0
262.0
416.0
516.0
554.0
529.0
441.0
296.0
102.0
0.0
0.0
0.0
0.0
0.0
0.0
0.0
0.0
0.0
0.0
0.0
0.0
0.0
0.0
0.0
64.0
260.0
415.0
515.0
554.0
529.0
441.0
297.0
103.0
0.0
0.0
0.0
0.0
0.0
0.0
0.0
0.0
0.0
0.0
0.0
0.0
0.0
0.0
0.0
62.0
259.0
414.0
514.0
554.0
529.0
442.0
298.0
104.0
0.0
0.0
0.0
0.0
0.0
0.0
0.0
0.0
0.0
0.0
0.0
0.0
0.0
0.0
0.0
61.0
257.0
413.0
514.0
553.0
529.0
443.0
300.0
110.0
0.0
0.0
0.0
0.0
0.0
0.0
0.0
0.0
0.0
0.0
0.0
0.0
0.0
0.0
0.0
60.0
256.0
412.0
513.0
554.0
530.0
444.0
301.0
112.0
0.0
0.0
0.0
0.0
0.0
0.0
0.0
0.0
0.0
0.0
0.0
0.0
0.0
0.0
0.0
59.0
255.0
411.0
513.0
554.0
531.0
445.0
303.0
113.0
0.0
0.0
0.0
0.0
0.0
0.0
0.0
0.0
0.0
0.0
0.0
0.0
0.0
0.0
0.0
58.0
254.0
410.0
513.0
554.0
531.0
446.0
304.0
115.0
0.0
0.0
0.0
0.0
0.0
0.0
0.0
0.0
0.0
0.0
0.0
0.0
0.0
0.0
0.0
57.0
253.0
410.0
513.0
555.0
532.0
448.0
306.0
117.0
0.0
0.0
0.0
0.0
0.0
0.0
0.0
0.0
0.0
0.0
0.0
0.0
0.0
0.0
0.0
56.0
252.0
410.0
513.0
555.0
534.0
449.0
308.0
120.0
0.0
0.0
0.0
0.0
0.0
0.0
0.0
0.0
0.0
0.0
0.0
0.0
0.0
0.0
0.0
55.0
251.0
409.0
513.0
556.0
535.0
451.0
310.0
122.0
0.0
0.0
0.0
0.0
0.0
0.0
0.0
0.0
0.0
0.0
0.0
0.0
0.0
0.0
0.0
55.0
251.0
409.0
514.0
557.0
537.0
453.0
313.0
125.0
1.0
0.0
0.0
0.0
0.0
0.0
0.0
0.0
0.0
0.0
0.0
0.0
0.0
0.0
0.0
54.0
251.0
410.0
515.0
558.0
538.0
455.0
315.0
127.0
1.0
0.0
0.0
0.0
0.0
0.0
0.0
0.0
0.0
0.0
0.0
0.0
0.0
0.0
0.0
54.0
251.0
410.0
516.0
560.0
540.0
457.0
318.0
130.0
1.0
0.0
0.0
0.0
0.0
0.0
0.0
