0.0
0.0
0.0
0.0
0.0
0.0
0.0
0.0
10.0
144.0
273.0
356.0
380.0
358.0
291.0
182.0
64.0
0.0
0.0
0.0
0.0
0.0
0.0
0.0
0.0
0.0
0.0
0.0
0.0
0.0
0.0
0.0
10.0
139.0
259.0
362.0
405.0
383.0
321.0
211.0
77.0
0.0
0.0
0.0
0.0
0.0
0.0
0.0
0.0
0.0
0.0
0.0
0.0
0.0
0.0
0.0
19.0
82.0
167.0
308.0
443.0
361.0
114.0
35.0
6.0
0.0
0.0
0.0
0.0
0.0
0.0
0.0
0.0
0.0
0.0
0.0
0.0
0.0
0.0
0.0
7.0
112.0
255.0
339.0
377.0
341.0
288.0
182.0
68.0
0.0
0.0
0.0
0.0
0.0
0.0
0.0
0.0
0.0
0.0
0.0
0.0
0.0
0.0
0.0
10.0
118.0
212.0
312.0
332.0
319.0
170.0
76.0
6.0
0.0
0.0
0.0
0.0
0.0
0.0
0.0
0.0
0.0
0.0
0.0
0.0
0.0
0.0
0.0
2.0
88.0
175.0
164.0
274.0
263.0
223.0
163.0
60.0
1.0
0.0
0.0
0.0
0.0
0.0
0.0
0.0
0.0
0.0
0.0
0.0
0.0
0.0
0.0
9.0
95.0
170.0
315.0
272.0
278.0
254.0
189.0
92.0
1.0
0.0
0.0
0.0
0.0
0.0
0.0
0.0
0.0
0.0
0.0
0.0
0.0
0.0
0.0
9.0
130.0
238.0
319.0
349.0
337.0
278.0
182.0
71.0
0.0
0.0
0.0
0.0
0.0
0.0
0.0
0.0
0.0
0.0
0.0
0.0
0.0
0.0
0.0
8.0
117.0
211.0
287.0
318.0
310.0
260.0
179.0
67.0
0.0
0.0
0.0
0.0
0.0
0.0
0.0
0.0
0.0
0.0
0.0
0.0
0.0
0.0
0.0
6.0
92.0
24.0
159.0
314.0
265.0
293.0
196.0
78.0
2.0
0.0
0.0
0.0
0.0
0.0
0.0
0.0
0.0
0.0
0.0
0.0
0.0
0.0
0.0
9.0
115.0
212.0
286.0
315.0
294.0
246.0
169.0
69.0
0.0
0.0
0.0
0.0
0.0
0.0
0.0
0.0
0.0
0.0
0.0
0.0
0.0
0.0
0.0
12.0
160.0
309.0
256.0
152.0
45.0
148.0
166.0
90.0
0.0
0.0
0.0
0.0
0.0
0.0
0.0
0.0
0.0
0.0
0.0
0.0
0.0
0.0
0.0
8.0
63.0
146.0
118.0
132.0
112.0
161.0
99.0
50.0
2.0
0.0
0.0
0.0
0.0
0.0
0.0
0.0
0.0
0.0
0.0
0.0
0.0
0.0
0.0
6.0
94.0
163.0
218.0
240.0
244.0
191.0
128.0
49.0
1.0
0.0
0.0
0.0
0.0
0.0
0.0
0.0
0.0
0.0
0.0
0.0
0.0
0.0
0.0
8.0
117.0
220.0
324.0
385.0
399.0
333.0
242.0
108.0
3.0
0.0
0.0
0.0
0.0
0.0
0.0
0.0
0.0
0.0
0.0
0.0
0.0
0.0
0.0
9.0
176.0
294.0
429.0
338.0
131.0
196.0
141.0
37.0
1.0
0.0
0.0
0.0
0.0
0.0
0.0
0.0
0.0
0.0
0.0
0.0
0.0
0.0
0.0
3.0
13.0
24.0
32.0
36.0
253.0
215.0
147.0
66.0
1.0
0.0
0.0
0.0
0.0
0.0
0.0
0.0
0.0
0.0
0.0
0.0
0.0
0.0
0.0
3.0
21.0
32.0
34.0
39.0
295.0
256.0
182.0
83.0
2.0
0.0
0.0
0.0
0.0
0.0
0.0
0.0
0.0
0.0
0.0
0.0
0.0
0.0
0.0
10.0
96.0
200.0
213.0
252.0
256.0
155.0
128.0
64.0
1.0
0.0
0.0
0.0
0.0
0.0
0.0
0.0
0.0
0.0
0.0
0.0
0.0
0.0
0.0
5.0
99.0
208.0
209.0
173.0
217.0
301.0
226.0
130.0
9.0
0.0
0.0
0.0
0.0
0.0
0.0
0.0
0.0
0.0
0.0
0.0
0.0
0.0
0.0
16.0
168.0
306.0
413.0
447.0
427.0
359.0
250.0
116.0
3.0
0.0
0.0
0.0
0.0
0.0
0.0
0.0
0.0
0.0
0.0
0.0
0.0
0.0
0.0
11.0
121.0
241.0
331.0
355.0
345.0
298.0
199.0
92.0
1.0
0.0
0.0
0.0
0.0
0.0
0.0
0.0
0.0
0.0
0.0
0.0
0.0
0.0
0.0
4.0
133.0
284.0
401.0
164.0
249.0
85.0
178.0
121.0
11.0
0.0
0.0
0.0
0.0
0.0
0.0
0.0
0.0
0.0
0.0
0.0
0.0
0.0
0.0
16.0
139.0
234.0
308.0
348.0
352.0
302.0
215.0
104.0
2.0
0.0
0.0
0.0
0.0
0.0
0.0
0.0
0.0
0.0
0.0
0.0
0.0
0.0
0.0
17.0
142.0
224.0
314.0
377.0
397.0
341.0
224.0
102.0
2.0
0.0
0.0
0.0
0.0
0.0
0.0
0.0
0.0
0.0
0.0
0.0
0.0
0.0
0.0
4.0
97.0
218.0
313.0
397.0
401.0
325.0
236.0
116.0
4.0
0.0
0.0
0.0
0.0
0.0
0.0
0.0
0.0
0.0
0.0
0.0
0.0
0.0
0.0
4.0
135.0
219.0
334.0
354.0
367.0
320.0
202.0
72.0
4.0
0.0
0.0
0.0
0.0
0.0
0.0
0.0
0.0
0.0
0.0
0.0
0.0
0.0
0.0
22.0
148.0
303.0
356.0
377.0
375.0
318.0
241.0
135.0
10.0
0.0
0.0
0.0
0.0
0.0
0.0
0.0
0.0
0.0
0.0
0.0
0.0
0.0
0.0
20.0
172.0
269.0
365.0
383.0
289.0
275.0
222.0
96.0
2.0
0.0
0.0
0.0
0.0
0.0
0.0
0.0
0.0
0.0
0.0
0.0
0.0
0.0
0.0
5.0
22.0
29.0
49.0
40.0
283.0
231.0
162.0
80.0
3.0
0.0
0.0
0.0
0.0
0.0
0.0
0.0
0.0
0.0
0.0
0.0
0.0
0.0
0.0
25.0
187.0
318.0
434.0
467.0
475.0
396.0
280.0
144.0
10.0
0.0
0.0
0.0
0.0
0.0
0.0
0.0
0.0
0.0
0.0
0.0
0.0
0.0
0.0
26.0
177.0
321.0
431.0
467.0
457.0
393.0
284.0
152.0
11.0
0.0
0.0
0.0
0.0
0.0
0.0
0.0
0.0
0.0
0.0
0.0
0.0
0.0
0.0
31.0
172.0
278.0
342.0
340.0
328.0
304.0
232.0
88.0
3.0
0.0
0.0
0.0
0.0
0.0
0.0
0.0
0.0
0.0
0.0
0.0
0.0
0.0
0.0
5.0
104.0
336.0
344.0
401.0
204.0
207.0
128.0
105.0
11.0
0.0
0.0
0.0
0.0
0.0
0.0
0.0
0.0
0.0
0.0
0.0
0.0
0.0
0.0
23.0
77.0
135.0
171.0
183.0
195.0
157.0
109.0
60.0
3.0
0.0
0.0
0.0
0.0
0.0
0.0
0.0
0.0
0.0
0.0
0.0
0.0
0.0
0.0
64.0
205.0
381.0
440.0
387.0
383.0
252.0
163.0
95.0
3.0
0.0
0.0
0.0
0.0
0.0
0.0
0.0
0.0
0.0
0.0
0.0
0.0
0.0
0.0
51.0
166.0
273.0
348.0
385.0
362.0
289.0
211.0
100.0
4.0
0.0
0.0
0.0
0.0
0.0
0.0
0.0
0.0
0.0
0.0
0.0
0.0
0.0
0.0
12.0
35.0
82.0
104.0
130.0
119.0
102.0
79.0
47.0
6.0
0.0
0.0
0.0
0.0
0.0
0.0
0.0
0.0
0.0
0.0
0.0
0.0
0.0
0.0
35.0
133.0
198.0
309.0
321.0
306.0
298.0
208.0
88.0
4.0
0.0
0.0
0.0
0.0
0.0
0.0
0.0
0.0
0.0
0.0
0.0
0.0
0.0
0.0
14.0
41.0
40.0
48.0
41.0
331.0
324.0
245.0
156.0
24.0
0.0
0.0
0.0
0.0
0.0
0.0
0.0
0.0
0.0
0.0
0.0
0.0
0.0
0.0
67.0
133.0
190.0
261.0
357.0
359.0
343.0
269.0
218.0
60.0
0.0
0.0
0.0
0.0
0.0
0.0
0.0
0.0
0.0
0.0
0.0
0.0
0.0
0.0
67.0
249.0
331.0
308.0
332.0
382.0
344.0
360.0
138.0
48.0
0.0
0.0
0.0
0.0
0.0
0.0
0.0
0.0
0.0
0.0
0.0
0.0
0.0
0.0
81.0
221.0
338.0
448.0
511.0
488.0
437.0
345.0
205.0
29.0
0.0
0.0
0.0
0.0
0.0
0.0
0.0
0.0
0.0
0.0
0.0
0.0
0.0
0.0
72.0
195.0
324.0
409.0
440.0
426.0
371.0
285.0
169.0
49.0
0.0
0.0
0.0
0.0
0.0
0.0
0.0
0.0
0.0
0.0
0.0
0.0
0.0
0.0
60.0
178.0
277.0
348.0
398.0
376.0
339.0
263.0
153.0
47.0
0.0
0.0
0.0
0.0
0.0
0.0
0.0
0.0
0.0
0.0
0.0
0.0
0.0
1.0
99.0
257.0
410.0
510.0
567.0
561.0
485.0
368.0
215.0
68.0
0.0
0.0
0.0
0.0
0.0
0.0
0.0
0.0
0.0
0.0
0.0
0.0
0.0
1.0
104.0
259.0
395.0
498.0
555.0
547.0
492.0
378.0
234.0
77.0
0.0
0.0
0.0
0.0
0.0
0.0
0.0
0.0
0.0
0.0
0.0
0.0
0.0
1.0
108.0
270.0
418.0
514.0
573.0
568.0
500.0
381.0
230.0
76.0
0.0
0.0
0.0
0.0
0.0
0.0
0.0
0.0
0.0
0.0
0.0
0.0
0.0
1.0
103.0
256.0
399.0
511.0
563.0
553.0
484.0
371.0
231.0
79.0
0.0
0.0
0.0
0.0
0.0
0.0
0.0
0.0
0.0
0.0
0.0
0.0
0.0
2.0
108.0
267.0
381.0
486.0
549.0
516.0
435.0
348.0
221.0
72.0
0.0
0.0
0.0
0.0
0.0
0.0
0.0
0.0
0.0
0.0
0.0
0.0
0.0
2.0
114.0
270.0
408.0
523.0
586.0
571.0
509.0
386.0
238.0
85.0
0.0
0.0
0.0
0.0
0.0
0.0
0.0
0.0
0.0
0.0
0.0
0.0
0.0
2.0
118.0
281.0
425.0
533.0
579.0
582.0
511.0
396.0
242.0
88.0
0.0
0.0
0.0
0.0
0.0
0.0
0.0
0.0
0.0
0.0
0.0
0.0
0.0
2.0
117.0
276.0
424.0
529.0
578.0
567.0
502.0
390.0
239.0
87.0
0.0
0.0
0.0
0.0
0.0
0.0
0.0
0.0
0.0
0.0
0.0
0.0
0.0
2.0
45.0
94.0
136.0
170.0
213.0
149.0
162.0
138.0
52.0
16.0
0.0
0.0
0.0
0.0
0.0
0.0
0.0
0.0
0.0
0.0
0.0
0.0
0.0
4.0
123.0
260.0
380.0
495.0
529.0
536.0
504.0
421.0
259.0
99.0
1.0
0.0
0.0
0.0
0.0
0.0
0.0
0.0
0.0
0.0
0.0
0.0
0.0
4.0
129.0
294.0
444.0
530.0
593.0
598.0
536.0
425.0
273.0
109.0
1.0
0.0
0.0
0.0
0.0
0.0
0.0
0.0
0.0
0.0
0.0
0.0
0.0
4.0
129.0
276.0
429.0
540.0
570.0
565.0
477.0
373.0
224.0
94.0
1.0
0.0
0.0
0.0
0.0
0.0
0.0
0.0
0.0
0.0
0.0
0.0
0.0
4.0
131.0
289.0
415.0
540.0
566.0
558.0
511.0
421.0
265.0
105.0
1.0
0.0
0.0
0.0
0.0
0.0
0.0
0.0
0.0
0.0
0.0
0.0
0.0
2.0
94.0
304.0
402.0
436.0
376.0
412.0
468.0
306.0
296.0
119.0
2.0
0.0
0.0
0.0
0.0
0.0
0.0
0.0
0.0
0.0
0.0
0.0
0.0
7.0
127.0
257.0
387.0
473.0
507.0
503.0
446.0
343.0
215.0
90.0
1.0
0.0
0.0
0.0
0.0
0.0
0.0
0.0
0.0
0.0
0.0
0.0
0.0
7.0
145.0
311.0
447.0
546.0
585.0
542.0
462.0
352.0
210.0
82.0
1.0
0.0
0.0
0.0
0.0
0.0
0.0
0.0
0.0
0.0
0.0
0.0
0.0
9.0
153.0
319.0
472.0
571.0
614.0
584.0
517.0
388.0
257.0
106.0
1.0
0.0
0.0
0.0
0.0
0.0
0.0
0.0
0.0
0.0
0.0
0.0
0.0
11.0
164.0
328.0
479.0
550.0
600.0
594.0
528.0
430.0
283.0
126.0
3.0
0.0
0.0
0.0
0.0
0.0
0.0
0.0
0.0
0.0
0.0
0.0
0.0
12.0
168.0
339.0
488.0
592.0
647.0
642.0
588.0
467.0
309.0
138.0
5.0
0.0
0.0
0.0
0.0
0.0
0.0
0.0
0.0
0.0
0.0
0.0
0.0
15.0
185.0
355.0
507.0
608.0
651.0
630.0
563.0
440.0
287.0
122.0
2.0
0.0
0.0
0.0
0.0
0.0
0.0
0.0
0.0
0.0
0.0
0.0
0.0
12.0
140.0
260.0
389.0
471.0
491.0
518.0
450.0
333.0
237.0
94.0
1.0
0.0
0.0
0.0
0.0
0.0
0.0
0.0
0.0
0.0
0.0
0.0
0.0
19.0
178.0
300.0
385.0
512.0
580.0
579.0
544.0
433.0
307.0
155.0
9.0
0.0
0.0
0.0
0.0
0.0
0.0
0.0
0.0
0.0
0.0
0.0
0.0
15.0
160.0
306.0
419.0
504.0
526.0
507.0
463.0
370.0
245.0
106.0
2.0
0.0
0.0
0.0
0.0
0.0
0.0
0.0
0.0
0.0
0.0
0.0
0.0
25.0
183.0
342.0
496.0
501.0
503.0
493.0
513.0
370.0
326.0
149.0
9.0
0.0
0.0
0.0
0.0
0.0
0.0
0.0
0.0
0.0
0.0
0.0
0.0
24.0
211.0
386.0
538.0
642.0
686.0
672.0
612.0
496.0
336.0
159.0
7.0
0.0
0.0
0.0
0.0
0.0
0.0
0.0
0.0
0.0
0.0
0.0
0.0
26.0
211.0
382.0
526.0
638.0
673.0
678.0
611.0
498.0
341.0
164.0
9.0
0.0
0.0
0.0
0.0
0.0
0.0
0.0
0.0
0.0
0.0
0.0
0.0
27.0
197.0
373.0
491.0
578.0
628.0
648.0
592.0
485.0
332.0
156.0
8.0
0.0
0.0
0.0
0.0
0.0
0.0
0.0
0.0
0.0
0.0
0.0
0.0
60.0
218.0
394.0
539.0
637.0
689.0
684.0
617.0
501.0
343.0
165.0
9.0
0.0
0.0
0.0
0.0
0.0
0.0
0.0
0.0
0.0
0.0
0.0
0.0
57.0
193.0
336.0
428.0
548.0
630.0
624.0
550.0
454.0
327.0
163.0
11.0
0.0
0.0
0.0
0.0
0.0
0.0
0.0
0.0
0.0
0.0
0.0
0.0
65.0
204.0
351.0
483.0
587.0
602.0
592.0
504.0
415.0
277.0
125.0
3.0
0.0
0.0
0.0
0.0
0.0
0.0
0.0
0.0
0.0
0.0
0.0
0.0
77.0
245.0
420.0
568.0
670.0
722.0
709.0
641.0
515.0
354.0
174.0
10.0
0.0
0.0
0.0
0.0
0.0
0.0
0.0
0.0
0.0
0.0
0.0
0.0
79.0
246.0
410.0
551.0
646.0
687.0
682.0
614.0
516.0
351.0
174.0
13.0
0.0
0.0
0.0
0.0
0.0
0.0
0.0
0.0
0.0
0.0
0.0
0.0
83.0
250.0
421.0
560.0
668.0
719.0
709.0
640.0
523.0
366.0
185.0
14.0
0.0
0.0
0.0
0.0
0.0
0.0
0.0
0.0
0.0
0.0
0.0
0.0
69.0
206.0
327.0
437.0
480.0
539.0
537.0
483.0
367.0
252.0
108.0
3.0
0.0
0.0
0.0
0.0
0.0
0.0
0.0
0.0
0.0
0.0
0.0
0.0
19.0
228.0
513.0
572.0
652.0
143.0
275.0
59.0
48.0
33.0
17.0
4.0
0.0
0.0
0.0
0.0
0.0
0.0
0.0
0.0
0.0
0.0
0.0
1.0
35.0
90.0
127.0
52.0
185.0
305.0
452.0
413.0
403.0
341.0
226.0
27.0
0.0
0.0
0.0
0.0
0.0
0.0
0.0
0.0
0.0
0.0
0.0
0.0
69.0
176.0
292.0
395.0
472.0
515.0
523.0
488.0
373.0
264.0
134.0
13.0
0.0
0.0
0.0
0.0
0.0
0.0
0.0
0.0
0.0
0.0
0.0
1.0
97.0
255.0
420.0
540.0
568.0
619.0
587.0
583.0
478.0
328.0
199.0
25.0
0.0
0.0
0.0
0.0
0.0
0.0
0.0
0.0
0.0
0.0
0.0
1.0
118.0
306.0
494.0
651.0
759.0
805.0
791.0
720.0
589.0
417.0
224.0
24.0
0.0
0.0
0.0
0.0
0.0
0.0
0.0
0.0
0.0
0.0
0.0
1.0
77.0
180.0
301.0
425.0
579.0
610.0
574.0
573.0
510.0
438.0
229.0
40.0
0.0
0.0
0.0
0.0
0.0
0.0
0.0
0.0
0.0
0.0
0.0
2.0
109.0
274.0
442.0
573.0
670.0
739.0
735.0
671.0
556.0
398.0
215.0
27.0
0.0
0.0
0.0
0.0
0.0
0.0
0.0
0.0
0.0
0.0
0.0
1.0
61.0
150.0
289.0
344.0
361.0
390.0
376.0
399.0
316.0
230.0
122.0
16.0
0.0
0.0
0.0
0.0
0.0
0.0
0.0
0.0
0.0
0.0
0.0
1.0
11.0
26.0
155.0
131.0
335.0
420.0
659.0
775.0
408.0
421.0
231.0
30.0
0.0
0.0
0.0
0.0
0.0
0.0
0.0
0.0
0.0
0.0
0.0
1.0
34.0
103.0
146.0
361.0
565.0
505.0
389.0
357.0
640.0
200.0
111.0
5.0
0.0
0.0
0.0
0.0
0.0
0.0
0.0
0.0
0.0
0.0
0.0
3.0
133.0
264.0
435.0
554.0
601.0
658.0
666.0
571.0
483.0
386.0
230.0
32.0
0.0
0.0
0.0
0.0
0.0
0.0
0.0
0.0
0.0
0.0
0.0
5.0
155.0
345.0
529.0
674.0
770.0
810.0
795.0
717.0
586.0
417.0
228.0
63.0
0.0
0.0
0.0
0.0
0.0
0.0
0.0
0.0
0.0
0.0
0.0
5.0
151.0
334.0
510.0
650.0
747.0
789.0
782.0
714.0
585.0
420.0
237.0
69.0
0.0
0.0
0.0
0.0
0.0
0.0
0.0
0.0
0.0
0.0
0.0
6.0
176.0
399.0
604.0
698.0
499.0
527.0
481.0
525.0
455.0
288.0
149.0
53.0
0.0
0.0
0.0
0.0
0.0
0.0
0.0
0.0
0.0
0.0
0.0
6.0
201.0
426.0
637.0
751.0
430.0
504.0
570.0
460.0
378.0
321.0
221.0
77.0
0.0
0.0
0.0
0.0
0.0
0.0
0.0
0.0
0.0
0.0
0.0
8.0
155.0
345.0
477.0
604.0
706.0
697.0
684.0
644.0
532.0
361.0
203.0
61.0
0.0
0.0
0.0
0.0
0.0
0.0
0.0
0.0
0.0
0.0
0.0
3.0
90.0
228.0
367.0
375.0
532.0
626.0
414.0
486.0
472.0
346.0
168.0
61.0
0.0
0.0
0.0
0.0
0.0
0.0
0.0
0.0
0.0
0.0
0.0
11.0
99.0
222.0
304.0
377.0
658.0
549.0
516.0
602.0
535.0
294.0
234.0
93.0
1.0
0.0
0.0
0.0
0.0
0.0
0.0
0.0
0.0
0.0
0.0
18.0
87.0
288.0
364.0
542.0
626.0
450.0
431.0
218.0
84.0
37.0
22.0
7.0
0.0
0.0
0.0
0.0
0.0
0.0
0.0
0.0
0.0
0.0
0.0
43.0
222.0
281.0
437.0
499.0
482.0
448.0
162.0
69.0
58.0
92.0
25.0
8.0
0.0
0.0
0.0
0.0
0.0
0.0
0.0
0.0
0.0
0.0
0.0
16.0
193.0
379.0
553.0
690.0
777.0
824.0
806.0
735.0
607.0
446.0
263.0
88.0
0.0
0.0
0.0
0.0
0.0
0.0
0.0
0.0
0.0
0.0
0.0
18.0
205.0
399.0
579.0
722.0
817.0
857.0
839.0
765.0
637.0
467.0
275.0
94.0
0.0
0.0
0.0
0.0
0.0
0.0
0.0
0.0
0.0
0.0
0.0
19.0
202.0
390.0
567.0
710.0
810.0
855.0
836.0
764.0
647.0
479.0
285.0
102.0
1.0
0.0
0.0
0.0
0.0
0.0
0.0
0.0
0.0
0.0
0.0
15.0
182.0
347.0
499.0
573.0
692.0
763.0
722.0
672.0
536.0
441.0
270.0
98.0
1.0
0.0
0.0
0.0
0.0
0.0
0.0
0.0
0.0
0.0
0.0
27.0
225.0
442.0
631.0
792.0
526.0
510.0
470.0
460.0
381.0
281.0
150.0
58.0
0.0
0.0
0.0
0.0
0.0
0.0
0.0
0.0
0.0
0.0
0.0
24.0
200.0
375.0
533.0
669.0
757.0
794.0
781.0
702.0
582.0
428.0
257.0
92.0
0.0
0.0
0.0
0.0
0.0
0.0
0.0
0.0
0.0
0.0
0.0
15.0
203.0
55.0
68.0
294.0
680.0
661.0
776.0
271.0
259.0
116.0
64.0
8.0
0.0
0.0
0.0
0.0
0.0
0.0
0.0
0.0
0.0
0.0
0.0
37.0
98.0
199.0
179.0
279.0
308.0
163.0
213.0
391.0
237.0
86.0
108.0
50.0
3.0
0.0
0.0
0.0
0.0
0.0
0.0
0.0
0.0
0.0
0.0
7.0
52.0
115.0
286.0
395.0
388.0
359.0
378.0
115.0
149.0
121.0
24.0
15.0
1.0
0.0
0.0
0.0
0.0
0.0
0.0
0.0
0.0
0.0
0.0
66.0
222.0
404.0
569.0
705.0
778.0
817.0
804.0
736.0
623.0
469.0
283.0
109.0
2.0
0.0
0.0
0.0
0.0
0.0
0.0
0.0
0.0
0.0
0.0
68.0
221.0
393.0
547.0
664.0
747.0
772.0
757.0
683.0
569.0
425.0
259.0
100.0
1.0
0.0
0.0
0.0
0.0
0.0
0.0
0.0
0.0
0.0
0.0
76.0
244.0
437.0
612.0
753.0
847.0
888.0
872.0
799.0
671.0
504.0
310.0
125.0
3.0
0.0
0.0
0.0
0.0
0.0
0.0
0.0
0.0
0.0
0.0
64.0
203.0
350.0
494.0
592.0
643.0
664.0
646.0
604.0
503.0
380.0
231.0
91.0
1.0
0.0
0.0
0.0
0.0
0.0
0.0
0.0
0.0
0.0
0.0
55.0
108.0
209.0
212.0
305.0
241.0
286.0
203.0
353.0
269.0
157.0
129.0
33.0
1.0
0.0
0.0
0.0
0.0
0.0
0.0
0.0
0.0
0.0
0.0
47.0
41.0
124.0
170.0
418.0
472.0
406.0
440.0
210.0
219.0
52.0
25.0
10.0
1.0
0.0
0.0
0.0
0.0
0.0
0.0
0.0
0.0
0.0
0.0
90.0
257.0
394.0
539.0
625.0
700.0
742.0
760.0
661.0
542.0
320.0
237.0
98.0
3.0
0.0
0.0
0.0
0.0
0.0
0.0
0.0
0.0
0.0
0.0
93.0
271.0
462.0
637.0
776.0
862.0
890.0
858.0
775.0
645.0
478.0
292.0
119.0
2.0
0.0
0.0
0.0
0.0
0.0
0.0
0.0
0.0
0.0
1.0
95.0
269.0
459.0
632.0
772.0
869.0
900.0
877.0
793.0
670.0
506.0
317.0
135.0
4.0
0.0
0.0
0.0
0.0
0.0
0.0
0.0
0.0
0.0
1.0
87.0
249.0
421.0
579.0
714.0
810.0
822.0
809.0
742.0
624.0
464.0
291.0
123.0
3.0
0.0
0.0
0.0
0.0
0.0
0.0
0.0
0.0
0.0
1.0
86.0
221.0
373.0
531.0
658.0
660.0
722.0
762.0
673.0
521.0
416.0
241.0
114.0
6.0
0.0
0.0
0.0
0.0
0.0
0.0
0.0
0.0
0.0
1.0
98.0
270.0
453.0
620.0
754.0
840.0
870.0
847.0
781.0
659.0
497.0
315.0
140.0
6.0
0.0
0.0
0.0
0.0
0.0
0.0
0.0
0.0
0.0
2.0
116.0
280.0
465.0
703.0
851.0
591.0
585.0
541.0
472.0
404.0
258.0
160.0
81.0
3.0
0.0
0.0
0.0
0.0
0.0
0.0
0.0
0.0
0.0
1.0
113.0
308.0
513.0
684.0
830.0
397.0
428.0
442.0
392.0
318.0
227.0
139.0
68.0
3.0
0.0
0.0
0.0
0.0
0.0
0.0
0.0
0.0
0.0
3.0
108.0
306.0
534.0
517.0
346.0
480.0
704.0
282.0
244.0
143.0
94.0
60.0
12.0
2.0
0.0
0.0
0.0
0.0
0.0
0.0
0.0
0.0
0.0
1.0
79.0
187.0
300.0
479.0
555.0
659.0
691.0
746.0
656.0
564.0
546.0
385.0
176.0
15.0
0.0
0.0
0.0
0.0
0.0
0.0
0.0
0.0
0.0
3.0
117.0
267.0
431.0
595.0
718.0
742.0
742.0
795.0
625.0
498.0
404.0
259.0
115.0
7.0
0.0
0.0
0.0
0.0
0.0
0.0
0.0
0.0
0.0
2.0
84.0
216.0
372.0
493.0
547.0
710.0
787.0
804.0
725.0
628.0
462.0
283.0
143.0
11.0
0.0
0.0
0.0
0.0
0.0
0.0
0.0
0.0
0.0
1.0
70.0
172.0
264.0
425.0
524.0
463.0
659.0
569.0
594.0
607.0
480.0
365.0
183.0
16.0
0.0
0.0
0.0
0.0
0.0
0.0
0.0
0.0
0.0
4.0
104.0
246.0
404.0
624.0
724.0
774.0
800.0
754.0
721.0
531.0
421.0
257.0
136.0
9.0
0.0
0.0
0.0
0.0
0.0
0.0
0.0
0.0
0.0
4.0
128.0
301.0
484.0
650.0
773.0
864.0
889.0
862.0
793.0
671.0
513.0
335.0
157.0
9.0
0.0
0.0
0.0
0.0
0.0
0.0
0.0
0.0
0.0
5.0
131.0
307.0
490.0
657.0
776.0
847.0
887.0
867.0
798.0
673.0
514.0
334.0
158.0
9.0
0.0
0.0
0.0
0.0
0.0
0.0
0.0
0.0
0.0
5.0
130.0
293.0
465.0
628.0
750.0
838.0
865.0
846.0
781.0
660.0
509.0
328.0
157.0
10.0
0.0
0.0
0.0
0.0
0.0
0.0
0.0
0.0
0.0
6.0
144.0
326.0
514.0
678.0
801.0
886.0
921.0
900.0
823.0
698.0
532.0
349.0
166.0
11.0
0.0
0.0
0.0
0.0
0.0
0.0
0.0
0.0
0.0
4.0
113.0
271.0
444.0
492.0
636.0
622.0
766.0
721.0
673.0
616.0
434.0
291.0
137.0
6.0
0.0
0.0
0.0
0.0
0.0
0.0
0.0
0.0
0.0
4.0
79.0
178.0
282.0
356.0
419.0
456.0
521.0
469.0
465.0
370.0
295.0
177.0
82.0
3.0
0.0
0.0
0.0
0.0
0.0
0.0
0.0
0.0
0.0
5.0
87.0
201.0
333.0
404.0
477.0
544.0
568.0
562.0
519.0
448.0
313.0
207.0
88.0
4.0
0.0
0.0
0.0
0.0
0.0
0.0
0.0
0.0
0.0
2.0
74.0
196.0
433.0
554.0
642.0
731.0
738.0
694.0
640.0
485.0
372.0
286.0
150.0
16.0
0.0
0.0
0.0
0.0
0.0
0.0
0.0
0.0
0.0
2.0
43.0
104.0
139.0
175.0
235.0
263.0
255.0
263.0
262.0
182.0
156.0
110.0
72.0
7.0
0.0
0.0
0.0
0.0
0.0
0.0
0.0
0.0
0.0
9.0
147.0
312.0
472.0
608.0
711.0
791.0
810.0
812.0
741.0
617.0
486.0
326.0
172.0
19.0
0.0
0.0
0.0
0.0
0.0
0.0
0.0
0.0
0.0
3.0
61.0
139.0
227.0
314.0
368.0
381.0
417.0
412.0
390.0
346.0
268.0
156.0
76.0
4.0
0.0
0.0
0.0
0.0
0.0
0.0
0.0
0.0
0.0
8.0
135.0
283.0
454.0
621.0
716.0
775.0
775.0
787.0
684.0
607.0
491.0
338.0
182.0
24.0
0.0
0.0
0.0
0.0
0.0
0.0
0.0
0.0
0.0
11.0
163.0
348.0
536.0
703.0
837.0
925.0
959.0
939.0
867.0
742.0
583.0
399.0
208.0
27.0
0.0
0.0
0.0
0.0
0.0
0.0
0.0
0.0
0.0
12.0
159.0
334.0
515.0
675.0
801.0
878.0
912.0
899.0
821.0
702.0
546.0
370.0
188.0
23.0
0.0
0.0
0.0
0.0
0.0
0.0
0.0
0.0
0.0
13.0
166.0
348.0
534.0
699.0
830.0
916.0
952.0
935.0
863.0
737.0
580.0
397.0
208.0
28.0
0.0
0.0
0.0
0.0
0.0
0.0
0.0
0.0
0.0
15.0
183.0
375.0
571.0
742.0
877.0
963.0
998.0
977.0
898.0
771.0
603.0
412.0
218.0
28.0
0.0
0.0
0.0
0.0
0.0
0.0
0.0
0.0
0.0
17.0
201.0
414.0
628.0
815.0
881.0
509.0
558.0
455.0
355.0
299.0
175.0
140.0
69.0
9.0
0.0
0.0
0.0
0.0
0.0
0.0
0.0
0.0
0.0
15.0
172.0
350.0
525.0
684.0
806.0
886.0
908.0
896.0
827.0
713.0
562.0
392.0
215.0
61.0
0.0
0.0
0.0
0.0
0.0
0.0
0.0
0.0
0.0
16.0
151.0
360.0
636.0
589.0
573.0
761.0
606.0
519.0
420.0
442.0
294.0
337.0
192.0
72.0
0.0
0.0
0.0
0.0
0.0
0.0
0.0
0.0
0.0
15.0
163.0
333.0
509.0
667.0
794.0
877.0
912.0
895.0
824.0
718.0
564.0
394.0
214.0
63.0
0.0
0.0
0.0
0.0
0.0
0.0
0.0
0.0
0.0
12.0
144.0
300.0
471.0
639.0
732.0
775.0
806.0
790.0
720.0
639.0
510.0
361.0
194.0
59.0
0.0
0.0
0.0
0.0
0.0
0.0
0.0
0.0
0.0
16.0
166.0
339.0
522.0
679.0
798.0
880.0
910.0
892.0
819.0
707.0
546.0
369.0
197.0
58.0
0.0
0.0
0.0
0.0
0.0
0.0
0.0
0.0
0.0
16.0
170.0
337.0
512.0
656.0
764.0
837.0
876.0
871.0
789.0
684.0
545.0
376.0
199.0
61.0
0.0
0.0
0.0
0.0
0.0
0.0
0.0
0.0
0.0
44.0
197.0
149.0
276.0
456.0
388.0
523.0
923.0
692.0
342.0
550.0
104.0
35.0
19.0
6.0
0.0
0.0
0.0
0.0
0.0
0.0
0.0
0.0
0.0
19.0
188.0
378.0
570.0
741.0
874.0
956.0
986.0
960.0
882.0
757.0
590.0
401.0
214.0
64.0
0.0
0.0
0.0
0.0
0.0
0.0
0.0
0.0
0.0
27.0
207.0
414.0
624.0
811.0
847.0
631.0
687.0
341.0
151.0
87.0
51.0
35.0
19.0
6.0
0.0
0.0
0.0
0.0
0.0
0.0
0.0
0.0
0.0
20.0
185.0
370.0
557.0
723.0
852.0
937.0
971.0
949.0
875.0
757.0
598.0
411.0
227.0
72.0
0.0
0.0
0.0
0.0
0.0
0.0
0.0
0.0
0.0
19.0
180.0
363.0
546.0
710.0
839.0
926.0
962.0
944.0
877.0
765.0
605.0
420.0
234.0
76.0
0.0
0.0
0.0
0.0
0.0
0.0
0.0
0.0
0.0
20.0
185.0
370.0
559.0
728.0
865.0
951.0
991.0
978.0
907.0
785.0
631.0
440.0
243.0
79.0
0.0
0.0
0.0
0.0
0.0
0.0
0.0
0.0
0.0
19.0
171.0
346.0
524.0
673.0
799.0
891.0
921.0
901.0
827.0
714.0
571.0
392.0
220.0
72.0
0.0
0.0
0.0
0.0
0.0
0.0
0.0
0.0
0.0
22.0
194.0
383.0
574.0
742.0
874.0
962.0
996.0
975.0
906.0
789.0
628.0
442.0
249.0
82.0
0.0
0.0
0.0
0.0
0.0
0.0
0.0
0.0
0.0
18.0
160.0
316.0
473.0
612.0
724.0
795.0
822.0
802.0
744.0
646.0
514.0
358.0
200.0
67.0
0.0
0.0
0.0
0.0
0.0
0.0
0.0
0.0
0.0
16.0
202.0
412.0
631.0
818.0
965.0
519.0
445.0
484.0
636.0
376.0
322.0
137.0
80.0
28.0
0.0
0.0
0.0
0.0
0.0
0.0
0.0
0.0
0.0
21.0
182.0
362.0
543.0
704.0
832.0
911.0
945.0
927.0
856.0
739.0
587.0
409.0
227.0
76.0
0.0
0.0
0.0
0.0
0.0
0.0
0.0
0.0
0.0
20.0
175.0
349.0
525.0
683.0
812.0
898.0
933.0
915.0
846.0
738.0
587.0
411.0
231.0
78.0
1.0
0.0
0.0
0.0
0.0
0.0
0.0
0.0
0.0
21.0
178.0
345.0
522.0
672.0
783.0
855.0
888.0
872.0
827.0
721.0
573.0
402.0
226.0
78.0
0.0
0.0
0.0
0.0
0.0
0.0
0.0
0.0
0.0
20.0
170.0
336.0
496.0
639.0
756.0
838.0
864.0
846.0
789.0
684.0
540.0
381.0
216.0
73.0
0.0
0.0
0.0
0.0
0.0
0.0
0.0
0.0
0.0
21.0
179.0
355.0
531.0
685.0
806.0
886.0
917.0
899.0
832.0
720.0
571.0
401.0
227.0
78.0
0.0
0.0
0.0
0.0
0.0
0.0
0.0
0.0
0.0
22.0
186.0
366.0
548.0
710.0
832.0
912.0
940.0
923.0
853.0
745.0
595.0
420.0
238.0
82.0
0.0
0.0
0.0
0.0
0.0
0.0
0.0
0.0
0.0
20.0
173.0
328.0
493.0
635.0
747.0
823.0
823.0
816.0
775.0
655.0
524.0
369.0
211.0
75.0
1.0
0.0
0.0
0.0
0.0
0.0
0.0
0.0
0.0
4.0
39.0
139.0
93.0
219.0
383.0
405.0
786.0
1051.0
867.0
760.0
479.0
337.0
172.0
27.0
2.0
0.0
0.0
0.0
0.0
0.0
0.0
0.0
0.0
19.0
154.0
313.0
440.0
598.0
724.0
812.0
834.0
805.0
744.0
618.0
510.0
380.0
210.0
78.0
1.0
0.0
0.0
0.0
0.0
0.0
0.0
0.0
0.0
17.0
148.0
293.0
441.0
576.0
680.0
748.0
767.0
745.0
692.0
599.0
479.0
339.0
193.0
67.0
0.0
0.0
0.0
0.0
0.0
0.0
0.0
0.0
0.0
21.0
176.0
353.0
526.0
686.0
810.0
885.0
915.0
895.0
834.0
729.0
583.0
409.0
229.0
80.0
1.0
0.0
0.0
0.0
0.0
0.0
0.0
0.0
0.0
14.0
153.0
280.0
431.0
583.0
725.0
780.0
824.0
815.0
777.0
674.0
546.0
405.0
228.0
89.0
2.0
0.0
0.0
0.0
0.0
0.0
0.0
0.0
0.0
20.0
167.0
336.0
509.0
671.0
799.0
885.0
915.0
899.0
838.0
727.0
593.0
420.0
246.0
89.0
1.0
0.0
0.0
0.0
0.0
0.0
0.0
0.0
0.0
3.0
14.0
87.0
150.0
290.0
308.0
453.0
384.0
395.0
454.0
414.0
352.0
244.0
135.0
60.0
2.0
0.0
0.0
0.0
0.0
0.0
0.0
0.0
0.0
4.0
58.0
107.0
157.0
200.0
274.0
311.0
328.0
356.0
307.0
250.0
185.0
130.0
92.0
37.0
1.0
0.0
0.0
0.0
0.0
0.0
0.0
0.0
0.0
17.0
149.0
282.0
453.0
554.0
661.0
725.0
769.0
766.0
692.0
602.0
491.0
342.0
190.0
72.0
0.0
0.0
0.0
0.0
0.0
0.0
0.0
0.0
0.0
18.0
168.0
337.0
514.0
678.0
810.0
904.0
936.0
921.0
857.0
753.0
609.0
430.0
248.0
91.0
1.0
0.0
0.0
0.0
0.0
0.0
0.0
0.0
0.0
15.0
148.0
298.0
440.0
562.0
669.0
755.0
794.0
773.0
700.0
612.0
492.0
348.0
199.0
70.0
0.0
0.0
0.0
0.0
0.0
0.0
0.0
0.0
0.0
19.0
178.0
362.0
549.0
718.0
850.0
943.0
984.0
971.0
900.0
788.0
635.0
450.0
260.0
94.0
1.0
0.0
0.0
0.0
0.0
0.0
0.0
0.0
0.0
18.0
176.0
357.0
542.0
709.0
847.0
932.0
970.0
955.0
886.0
776.0
622.0
440.0
254.0
92.0
1.0
0.0
0.0
0.0
0.0
0.0
0.0
0.0
0.0
17.0
167.0
340.0
518.0
682.0
813.0
899.0
938.0
928.0
862.0
753.0
606.0
431.0
249.0
90.0
1.0
0.0
0.0
0.0
0.0
0.0
0.0
0.0
0.0
16.0
163.0
328.0
504.0
652.0
772.0
839.0
879.0
870.0
800.0
688.0
552.0
394.0
228.0
81.0
1.0
0.0
0.0
0.0
0.0
0.0
0.0
0.0
0.0
17.0
170.0
347.0
534.0
700.0
832.0
916.0
954.0
937.0
871.0
756.0
606.0
430.0
247.0
88.0
1.0
0.0
0.0
0.0
0.0
0.0
0.0
0.0
0.0
16.0
169.0
344.0
527.0
688.0
820.0
902.0
944.0
932.0
864.0
747.0
593.0
417.0
239.0
84.0
1.0
0.0
0.0
0.0
0.0
0.0
0.0
0.0
0.0
16.0
174.0
353.0
539.0
706.0
843.0
939.0
983.0
971.0
909.0
792.0
638.0
455.0
266.0
95.0
1.0
0.0
0.0
0.0
0.0
0.0
0.0
0.0
0.0
14.0
160.0
327.0
486.0
641.0
755.0
838.0
863.0
830.0
788.0
686.0
548.0
387.0
225.0
82.0
1.0
0.0
0.0
0.0
0.0
0.0
0.0
0.0
0.0
12.0
142.0
287.0
435.0
573.0
678.0
748.0
787.0
777.0
715.0
632.0
504.0
360.0
209.0
73.0
0.0
0.0
0.0
0.0
0.0
0.0
0.0
0.0
0.0
12.0
148.0
303.0
458.0
600.0
712.0
789.0
822.0
806.0
751.0
653.0
522.0
372.0
215.0
76.0
0.0
0.0
0.0
0.0
0.0
0.0
0.0
0.0
0.0
13.0
159.0
331.0
509.0
670.0
798.0
885.0
923.0
909.0
846.0
736.0
585.0
410.0
234.0
81.0
0.0
0.0
0.0
0.0
0.0
0.0
0.0
0.0
0.0
15.0
175.0
365.0
583.0
760.0
906.0
444.0
445.0
429.0
417.0
375.0
316.0
218.0
127.0
49.0
0.0
0.0
0.0
0.0
0.0
0.0
0.0
0.0
0.0
12.0
172.0
379.0
594.0
753.0
903.0
589.0
603.0
545.0
517.0
438.0
382.0
283.0
164.0
54.0
0.0
0.0
0.0
0.0
0.0
0.0
0.0
0.0
0.0
10.0
130.0
275.0
430.0
622.0
727.0
834.0
822.0
816.0
776.0
669.0
535.0
367.0
209.0
78.0
0.0
0.0
0.0
0.0
0.0
0.0
0.0
0.0
0.0
10.0
153.0
325.0
506.0
674.0
804.0
892.0
927.0
920.0
862.0
752.0
604.0
432.0
248.0
86.0
1.0
0.0
0.0
0.0
0.0
0.0
0.0
0.0
0.0
10.0
153.0
329.0
513.0
680.0
812.0
901.0
947.0
938.0
873.0
761.0
608.0
432.0
245.0
84.0
1.0
0.0
0.0
0.0
0.0
0.0
0.0
0.0
0.0
10.0
149.0
327.0
509.0
672.0
802.0
888.0
930.0
914.0
851.0
744.0
596.0
420.0
239.0
81.0
0.0
0.0
0.0
0.0
0.0
0.0
0.0
0.0
0.0
9.0
152.0
334.0
522.0
694.0
835.0
931.0
972.0
957.0
893.0
778.0
625.0
440.0
251.0
85.0
0.0
0.0
0.0
0.0
0.0
0.0
0.0
0.0
0.0
9.0
146.0
321.0
506.0
673.0
811.0
903.0
940.0
927.0
862.0
754.0
601.0
426.0
240.0
81.0
0.0
0.0
0.0
0.0
0.0
0.0
0.0
0.0
0.0
8.0
138.0
306.0
481.0
640.0
771.0
855.0
902.0
891.0
832.0
719.0
577.0
400.0
223.0
73.0
0.0
0.0
0.0
0.0
0.0
0.0
0.0
0.0
0.0
6.0
109.0
249.0
403.0
550.0
651.0
710.0
780.0
794.0
761.0
660.0
494.0
366.0
199.0
69.0
0.0
0.0
0.0
0.0
0.0
0.0
0.0
0.0
0.0
7.0
144.0
322.0
520.0
721.0
835.0
445.0
464.0
487.0
477.0
415.0
293.0
205.0
118.0
34.0
0.0
0.0
0.0
0.0
0.0
0.0
0.0
0.0
0.0
2.0
117.0
311.0
528.0
766.0
736.0
597.0
707.0
452.0
606.0
526.0
494.0
257.0
101.0
6.0
0.0
0.0
0.0
0.0
0.0
0.0
0.0
0.0
0.0
2.0
82.0
176.0
284.0
360.0
475.0
543.0
539.0
535.0
486.0
417.0
356.0
230.0
119.0
40.0
0.0
0.0
0.0
0.0
0.0
0.0
0.0
0.0
0.0
6.0
138.0
316.0
502.0
675.0
812.0
907.0
946.0
934.0
870.0
760.0
603.0
421.0
235.0
74.0
0.0
0.0
0.0
0.0
0.0
0.0
0.0
0.0
0.0
6.0
138.0
319.0
507.0
679.0
815.0
905.0
946.0
931.0
865.0
749.0
595.0
413.0
225.0
68.0
0.0
0.0
0.0
0.0
0.0
0.0
0.0
0.0
0.0
5.0
117.0
287.0
444.0
588.0
725.0
799.0
823.0
833.0
731.0
589.0
450.0
314.0
175.0
51.0
0.0
0.0
0.0
0.0
0.0
0.0
0.0
0.0
0.0
4.0
111.0
267.0
440.0
583.0
720.0
797.0
839.0
818.0
767.0
648.0
524.0
351.0
190.0
57.0
0.0
0.0
0.0
0.0
0.0
0.0
0.0
0.0
0.0
6.0
68.0
221.0
118.0
354.0
572.0
559.0
740.0
654.0
592.0
407.0
294.0
197.0
16.0
6.0
0.0
0.0
0.0
0.0
0.0
0.0
0.0
0.0
0.0
3.0
109.0
267.0
428.0
571.0
674.0
761.0
851.0
805.0
714.0
594.0
473.0
307.0
152.0
43.0
0.0
0.0
0.0
0.0
0.0
0.0
0.0
0.0
0.0
4.0
109.0
264.0
427.0
587.0
692.0
779.0
794.0
752.0
677.0
628.0
488.0
327.0
177.0
49.0
0.0
0.0
0.0
0.0
0.0
0.0
0.0
0.0
0.0
3.0
118.0
290.0
469.0
631.0
764.0
849.0
880.0
867.0
803.0
699.0
549.0
374.0
196.0
53.0
0.0
0.0
0.0
0.0
0.0
0.0
0.0
0.0
0.0
3.0
112.0
276.0
454.0
614.0
744.0
839.0
886.0
873.0
804.0
691.0
542.0
376.0
196.0
25.0
0.0
0.0
0.0
0.0
0.0
0.0
0.0
0.0
0.0
2.0
120.0
314.0
522.0
709.0
859.0
373.0
379.0
389.0
338.0
327.0
250.0
176.0
105.0
15.0
0.0
0.0
0.0
0.0
0.0
0.0
0.0
0.0
0.0
2.0
102.0
251.0
418.0
561.0
690.0
796.0
828.0
825.0
766.0
664.0
527.0
360.0
200.0
29.0
0.0
0.0
0.0
0.0
0.0
0.0
0.0
0.0
0.0
2.0
105.0
267.0
438.0
599.0
712.0
813.0
838.0
815.0
750.0
642.0
503.0
337.0
172.0
17.0
0.0
0.0
0.0
0.0
0.0
0.0
0.0
0.0
0.0
2.0
109.0
282.0
470.0
638.0
769.0
861.0
902.0
891.0
823.0
710.0
553.0
373.0
189.0
20.0
0.0
0.0
0.0
0.0
0.0
0.0
0.0
0.0
0.0
1.0
98.0
254.0
427.0
573.0
712.0
823.0
851.0
824.0
774.0
669.0
527.0
355.0
180.0
19.0
0.0
0.0
0.0
0.0
0.0
0.0
0.0
0.0
0.0
1.0
84.0
218.0
355.0
477.0
590.0
742.0
735.0
747.0
667.0
568.0
441.0
302.0
152.0
11.0
0.0
0.0
0.0
0.0
0.0
0.0
0.0
0.0
0.0
1.0
73.0
206.0
400.0
513.0
616.0
597.0
744.0
756.0
691.0
510.0
493.0
359.0
177.0
11.0
0.0
0.0
0.0
0.0
0.0
0.0
0.0
0.0
0.0
1.0
93.0
255.0
437.0
601.0
723.0
791.0
835.0
814.0
755.0
650.0
503.0
334.0
166.0
14.0
0.0
0.0
0.0
0.0
0.0
0.0
0.0
0.0
0.0
1.0
90.0
251.0
423.0
573.0
689.0
770.0
803.0
796.0
736.0
629.0
507.0
342.0
171.0
14.0
0.0
0.0
0.0
0.0
0.0
0.0
0.0
0.0
0.0
1.0
90.0
252.0
427.0
591.0
724.0
813.0
849.0
831.0
755.0
639.0
498.0
329.0
159.0
10.0
0.0
0.0
0.0
0.0
0.0
0.0
0.0
0.0
0.0
1.0
79.0
222.0
391.0
547.0
680.0
763.0
832.0
815.0
754.0
644.0
494.0
329.0
160.0
13.0
0.0
0.0
0.0
0.0
0.0
0.0
0.0
0.0
0.0
0.0
80.0
232.0
404.0
567.0
704.0
790.0
821.0
807.0
756.0
647.0
494.0
326.0
159.0
13.0
0.0
0.0
0.0
0.0
0.0
0.0
0.0
0.0
0.0
0.0
85.0
247.0
431.0
600.0
738.0
838.0
885.0
869.0
799.0
681.0
524.0
346.0
163.0
11.0
0.0
0.0
0.0
0.0
0.0
0.0
0.0
0.0
0.0
0.0
72.0
214.0
373.0
538.0
658.0
737.0
787.0
778.0
723.0
611.0
466.0
301.0
143.0
9.0
0.0
0.0
0.0
0.0
0.0
0.0
0.0
0.0
0.0
0.0
63.0
238.0
332.0
526.0
483.0
659.0
673.0
726.0
530.0
370.0
313.0
251.0
174.0
19.0
0.0
0.0
0.0
0.0
0.0
0.0
0.0
0.0
0.0
0.0
79.0
243.0
432.0
608.0
751.0
847.0
886.0
873.0
810.0
689.0
528.0
343.0
157.0
9.0
0.0
0.0
0.0
0.0
0.0
0.0
0.0
0.0
0.0
1.0
89.0
214.0
382.0
471.0
517.0
393.0
486.0
520.0
411.0
275.0
406.0
280.0
99.0
5.0
0.0
0.0
0.0
0.0
0.0
0.0
0.0
0.0
0.0
1.0
82.0
205.0
498.0
559.0
638.0
402.0
160.0
581.0
456.0
390.0
170.0
115.0
46.0
2.0
0.0
0.0
0.0
0.0
0.0
0.0
0.0
0.0
0.0
0.0
67.0
211.0
377.0
549.0
681.0
767.0
808.0
813.0
731.0
609.0
438.0
274.0
124.0
4.0
0.0
0.0
0.0
0.0
0.0
0.0
0.0
0.0
0.0
0.0
20.0
32.0
34.0
47.0
98.0
254.0
404.0
748.0
854.0
440.0
363.0
191.0
148.0
18.0
0.0
0.0
0.0
0.0
0.0
0.0
0.0
0.0
0.0
0.0
56.0
165.0
293.0
479.0
575.0
693.0
750.0
772.0
691.0
575.0
445.0
289.0
125.0
7.0
0.0
0.0
0.0
0.0
0.0
0.0
0.0
0.0
0.0
0.0
64.0
211.0
383.0
540.0
675.0
774.0
812.0
808.0
737.0
619.0
465.0
291.0
120.0
3.0
0.0
0.0
0.0
0.0
0.0
0.0
0.0
0.0
0.0
0.0
58.0
204.0
369.0
515.0
640.0
716.0
756.0
728.0
672.0
572.0
418.0
248.0
100.0
1.0
0.0
0.0
0.0
0.0
0.0
0.0
0.0
0.0
0.0
0.0
52.0
188.0
332.0
493.0
634.0
710.0
730.0
696.0
655.0
560.0
409.0
248.0
94.0
1.0
0.0
0.0
0.0
0.0
0.0
0.0
0.0
0.0
0.0
0.0
57.0
206.0
389.0
559.0
694.0
782.0
808.0
803.0
722.0
599.0
440.0
270.0
103.0
1.0
0.0
0.0
0.0
0.0
0.0
0.0
0.0
0.0
0.0
0.0
30.0
226.0
421.0
599.0
744.0
835.0
876.0
858.0
786.0
659.0
490.0
299.0
116.0
2.0
0.0
0.0
0.0
0.0
0.0
0.0
0.0
0.0
0.0
0.0
25.0
199.0
376.0
529.0
656.0
742.0
773.0
757.0
685.0
565.0
414.0
251.0
95.0
1.0
0.0
0.0
0.0
0.0
0.0
0.0
0.0
0.0
0.0
0.0
24.0
192.0
364.0
529.0
655.0
739.0
773.0
764.0
723.0
612.0
445.0
273.0
103.0
1.0
0.0
0.0
0.0
0.0
0.0
0.0
0.0
0.0
0.0
0.0
22.0
186.0
339.0
485.0
609.0
679.0
741.0
734.0
695.0
560.0
409.0
251.0
100.0
1.0
0.0
0.0
0.0
0.0
0.0
0.0
0.0
0.0
0.0
0.0
20.0
184.0
367.0
515.0
646.0
715.0
743.0
739.0
685.0
573.0
434.0
257.0
91.0
1.0
0.0
0.0
0.0
0.0
0.0
0.0
0.0
0.0
0.0
0.0
21.0
185.0
361.0
533.0
671.0
751.0
775.0
757.0
694.0
577.0
429.0
255.0
92.0
1.0
0.0
0.0
0.0
0.0
0.0
0.0
0.0
0.0
0.0
0.0
21.0
203.0
389.0
562.0
701.0
791.0
825.0
806.0
729.0
606.0
445.0
261.0
89.0
0.0
0.0
0.0
0.0
0.0
0.0
0.0
0.0
0.0
0.0
0.0
19.0
193.0
374.0
543.0
680.0
773.0
818.0
801.0
728.0
609.0
449.0
263.0
90.0
0.0
0.0
0.0
0.0
0.0
0.0
0.0
0.0
0.0
0.0
0.0
4.0
80.0
181.0
280.0
318.0
365.0
362.0
349.0
369.0
314.0
240.0
139.0
36.0
0.0
0.0
0.0
0.0
0.0
0.0
0.0
0.0
0.0
0.0
0.0
17.0
194.0
381.0
557.0
699.0
788.0
824.0
798.0
714.0
584.0
421.0
238.0
74.0
0.0
0.0
0.0
0.0
0.0
0.0
0.0
0.0
0.0
0.0
0.0
16.0
184.0
368.0
540.0
676.0
764.0
809.0
788.0
715.0
595.0
428.0
241.0
74.0
0.0
0.0
0.0
0.0
0.0
0.0
0.0
0.0
0.0
0.0
0.0
15.0
185.0
367.0
542.0
675.0
770.0
812.0
794.0
722.0
590.0
425.0
238.0
72.0
0.0
0.0
0.0
0.0
0.0
0.0
0.0
0.0
0.0
0.0
0.0
14.0
174.0
339.0
456.0
587.0
732.0
709.0
558.0
498.0
424.0
264.0
140.0
32.0
0.0
0.0
0.0
0.0
0.0
0.0
0.0
0.0
0.0
0.0
0.0
6.0
89.0
185.0
332.0
426.0
603.0
613.0
515.0
351.0
170.0
409.0
175.0
46.0
0.0
0.0
0.0
0.0
0.0
0.0
0.0
0.0
0.0
0.0
0.0
12.0
176.0
363.0
538.0
674.0
762.0
797.0
771.0
687.0
555.0
393.0
211.0
25.0
0.0
0.0
0.0
0.0
0.0
0.0
0.0
0.0
0.0
0.0
0.0
5.0
95.0
217.0
333.0
402.0
427.0
494.0
560.0
605.0
532.0
431.0
249.0
53.0
0.0
0.0
0.0
0.0
0.0
0.0
0.0
0.0
0.0
0.0
0.0
11.0
174.0
358.0
533.0
672.0
766.0
801.0
781.0
702.0
572.0
403.0
214.0
24.0
0.0
0.0
0.0
0.0
0.0
0.0
0.0
0.0
0.0
0.0
0.0
10.0
151.0
323.0
478.0
683.0
678.0
603.0
546.0
461.0
389.0
247.0
134.0
10.0
0.0
0.0
0.0
0.0
0.0
0.0
0.0
0.0
0.0
0.0
0.0
6.0
135.0
284.0
413.0
522.0
570.0
601.0
565.0
494.0
370.0
242.0
120.0
4.0
0.0
0.0
0.0
0.0
0.0
0.0
0.0
0.0
0.0
0.0
0.0
8.0
162.0
343.0
515.0
646.0
734.0
768.0
741.0
657.0
530.0
371.0
194.0
18.0
0.0
0.0
0.0
0.0
0.0
0.0
0.0
0.0
0.0
0.0
0.0
5.0
132.0
308.0
454.0
542.0
594.0
600.0
563.0
475.0
404.0
272.0
128.0
3.0
0.0
0.0
0.0
0.0
0.0
0.0
0.0
0.0
0.0
0.0
0.0
2.0
13.0
56.0
41.0
52.0
59.0
216.0
345.0
392.0
391.0
230.0
108.0
23.0
0.0
0.0
0.0
0.0
0.0
0.0
0.0
0.0
0.0
0.0
0.0
3.0
30.0
64.0
47.0
60.0
395.0
110.0
564.0
579.0
613.0
342.0
22.0
25.0
0.0
0.0
0.0
0.0
0.0
0.0
0.0
0.0
0.0
0.0
0.0
4.0
107.0
247.0
387.0
489.0
559.0
567.0
550.0
457.0
358.0
239.0
107.0
3.0
0.0
0.0
0.0
0.0
0.0
0.0
0.0
0.0
0.0
0.0
0.0
6.0
154.0
332.0
492.0
620.0
705.0
722.0
695.0
616.0
489.0
327.0
155.0
7.0
0.0
0.0
0.0
0.0
0.0
0.0
0.0
0.0
0.0
0.0
0.0
5.0
150.0
331.0
500.0
636.0
717.0
747.0
717.0
637.0
508.0
341.0
161.0
6.0
0.0
0.0
0.0
0.0
0.0
0.0
0.0
0.0
0.0
0.0
0.0
6.0
167.0
377.0
462.0
731.0
411.0
317.0
464.0
242.0
165.0
29.0
19.0
4.0
0.0
0.0
0.0
0.0
0.0
0.0
0.0
0.0
0.0
0.0
0.0
1.0
32.0
47.0
233.0
415.0
354.0
512.0
591.0
736.0
449.0
325.0
144.0
16.0
0.0
0.0
0.0
0.0
0.0
0.0
0.0
0.0
0.0
0.0
0.0
2.0
91.0
217.0
321.0
418.0
472.0
480.0
487.0
435.0
333.0
212.0
84.0
2.0
0.0
0.0
0.0
0.0
0.0
0.0
0.0
0.0
0.0
0.0
0.0
3.0
127.0
271.0
394.0
532.0
547.0
566.0
548.0
456.0
441.0
338.0
158.0
9.0
0.0
0.0
0.0
0.0
0.0
0.0
0.0
0.0
0.0
0.0
0.0
3.0
132.0
310.0
478.0
615.0
705.0
736.0
709.0
628.0
493.0
325.0
142.0
4.0
0.0
0.0
0.0
0.0
0.0
0.0
0.0
0.0
0.0
0.0
0.0
2.0
125.0
295.0
457.0
585.0
664.0
692.0
680.0
600.0
478.0
309.0
134.0
4.0
0.0
0.0
0.0
0.0
0.0
0.0
0.0
0.0
0.0
0.0
0.0
2.0
122.0
299.0
468.0
603.0
695.0
732.0
703.0
618.0
480.0
311.0
130.0
3.0
0.0
0.0
0.0
0.0
0.0
0.0
0.0
0.0
0.0
0.0
0.0
2.0
110.0
269.0
414.0
543.0
642.0
671.0
649.0
554.0
446.0
291.0
126.0
3.0
0.0
0.0
0.0
0.0
0.0
0.0
0.0
0.0
0.0
0.0
0.0
1.0
67.0
171.0
269.0
355.0
430.0
447.0
410.0
367.0
285.0
196.0
78.0
1.0
0.0
0.0
0.0
0.0
0.0
0.0
0.0
0.0
0.0
0.0
0.0
1.0
97.0
240.0
378.0
487.0
547.0
571.0
548.0
471.0
364.0
228.0
89.0
1.0
0.0
0.0
0.0
0.0
0.0
0.0
0.0
0.0
0.0
0.0
0.0
1.0
98.0
263.0
430.0
546.0
616.0
635.0
617.0
549.0
425.0
270.0
100.0
1.0
0.0
0.0
0.0
0.0
0.0
0.0
0.0
0.0
0.0
0.0
0.0
1.0
114.0
292.0
469.0
608.0
695.0
730.0
696.0
608.0
466.0
289.0
110.0
1.0
0.0
0.0
0.0
0.0
0.0
0.0
0.0
0.0
0.0
0.0
0.0
1.0
94.0
316.0
342.0
353.0
471.0
529.0
512.0
393.0
45.0
91.0
73.0
0.0
0.0
0.0
0.0
0.0
0.0
0.0
0.0
0.0
0.0
0.0
0.0
0.0
38.0
152.0
463.0
345.0
423.0
388.0
458.0
192.0
352.0
107.0
9.0
0.0
0.0
0.0
0.0
0.0
0.0
0.0
0.0
0.0
0.0
0.0
0.0
1.0
15.0
230.0
228.0
332.0
630.0
385.0
247.0
221.0
218.0
32.0
7.0
0.0
0.0
0.0
0.0
0.0
0.0
0.0
0.0
0.0
0.0
0.0
0.0
1.0
34.0
25.0
155.0
591.0
499.0
377.0
485.0
501.0
245.0
97.0
72.0
0.0
0.0
0.0
0.0
0.0
0.0
0.0
0.0
0.0
0.0
0.0
0.0
1.0
8.0
100.0
306.0
373.0
379.0
276.0
509.0
206.0
114.0
20.0
7.0
0.0
0.0
0.0
0.0
0.0
0.0
0.0
0.0
0.0
0.0
0.0
0.0
0.0
99.0
275.0
449.0
584.0
667.0
692.0
657.0
567.0
423.0
250.0
80.0
0.0
0.0
0.0
0.0
0.0
0.0
0.0
0.0
0.0
0.0
0.0
0.0
0.0
93.0
264.0
432.0
565.0
651.0
679.0
644.0
558.0
420.0
247.0
77.0
0.0
0.0
0.0
0.0
0.0
0.0
0.0
0.0
0.0
0.0
0.0
0.0
0.0
86.0
247.0
404.0
536.0
616.0
636.0
608.0
511.0
384.0
223.0
67.0
0.0
0.0
0.0
0.0
0.0
0.0
0.0
0.0
0.0
0.0
0.0
0.0
0.0
83.0
252.0
413.0
540.0
614.0
635.0
603.0
519.0
382.0
221.0
32.0
0.0
0.0
0.0
0.0
0.0
0.0
0.0
0.0
0.0
0.0
0.0
0.0
0.0
50.0
127.0
258.0
384.0
415.0
437.0
526.0
459.0
205.0
169.0
18.0
0.0
0.0
0.0
0.0
0.0
0.0
0.0
0.0
0.0
0.0
0.0
0.0
0.0
53.0
156.0
319.0
228.0
62.0
149.0
402.0
472.0
432.0
228.0
54.0
0.0
0.0
0.0
0.0
0.0
0.0
0.0
0.0
0.0
0.0
0.0
0.0
0.0
21.0
144.0
242.0
509.0
412.0
475.0
354.0
394.0
305.0
241.0
62.0
0.0
0.0
0.0
0.0
0.0
0.0
0.0
0.0
0.0
0.0
0.0
0.0
0.0
53.0
210.0
348.0
409.0
432.0
514.0
473.0
447.0
367.0
210.0
22.0
0.0
0.0
0.0
0.0
0.0
0.0
0.0
0.0
0.0
0.0
0.0
0.0
0.0
57.0
192.0
334.0
452.0
520.0
560.0
551.0
480.0
345.0
191.0
19.0
0.0
0.0
0.0
0.0
0.0
0.0
0.0
0.0
0.0
0.0
0.0
0.0
0.0
50.0
190.0
352.0
482.0
540.0
498.0
395.0
304.0
198.0
96.0
4.0
0.0
0.0
0.0
0.0
0.0
0.0
0.0
0.0
0.0
0.0
0.0
0.0
0.0
11.0
39.0
79.0
115.0
111.0
102.0
106.0
98.0
80.0
39.0
4.0
0.0
0.0
0.0
0.0
0.0
0.0
0.0
0.0
0.0
0.0
0.0
0.0
0.0
25.0
190.0
333.0
442.0
514.0
519.0
513.0
399.0
287.0
146.0
11.0
0.0
0.0
0.0
0.0
0.0
0.0
0.0
0.0
0.0
0.0
0.0
0.0
0.0
28.0
166.0
289.0
401.0
475.0
521.0
548.0
465.0
326.0
165.0
14.0
0.0
0.0
0.0
0.0
0.0
0.0
0.0
0.0
0.0
0.0
0.0
0.0
0.0
23.0
190.0
344.0
457.0
532.0
581.0
555.0
451.0
323.0
163.0
11.0
0.0
0.0
0.0
0.0
0.0
0.0
0.0
0.0
0.0
0.0
0.0
0.0
0.0
13.0
103.0
179.0
238.0
294.0
279.0
270.0
235.0
154.0
78.0
2.0
0.0
0.0
0.0
0.0
0.0
0.0
0.0
0.0
0.0
0.0
0.0
0.0
0.0
15.0
117.0
214.0
275.0
291.0
345.0
273.0
218.0
159.0
79.0
3.0
0.0
0.0
0.0
0.0
0.0
0.0
0.0
0.0
0.0
0.0
0.0
0.0
0.0
4.0
16.0
76.0
209.0
201.0
350.0
362.0
380.0
211.0
114.0
8.0
0.0
0.0
0.0
0.0
0.0
0.0
0.0
0.0
0.0
0.0
0.0
0.0
0.0
4.0
16.0
29.0
39.0
46.0
48.0
515.0
443.0
260.0
135.0
5.0
0.0
0.0
0.0
0.0
0.0
0.0
0.0
0.0
0.0
0.0
0.0
0.0
0.0
18.0
193.0
355.0
485.0
567.0
590.0
559.0
467.0
326.0
159.0
7.0
0.0
0.0
0.0
0.0
0.0
0.0
0.0
0.0
0.0
0.0
0.0
0.0
0.0
15.0
153.0
296.0
410.0
478.0
499.0
467.0
400.0
271.0
133.0
7.0
0.0
0.0
0.0
0.0
0.0
0.0
0.0
0.0
0.0
0.0
0.0
0.0
0.0
4.0
63.0
122.0
179.0
213.0
208.0
184.0
157.0
111.0
51.0
2.0
0.0
0.0
0.0
0.0
0.0
0.0
0.0
0.0
0.0
0.0
0.0
0.0
0.0
3.0
58.0
214.0
250.0
314.0
248.0
150.0
340.0
328.0
152.0
16.0
0.0
0.0
0.0
0.0
0.0
0.0
0.0
0.0
0.0
0.0
0.0
0.0
0.0
6.0
117.0
224.0
310.0
388.0
429.0
378.0
328.0
192.0
90.0
1.0
0.0
0.0
0.0
0.0
0.0
0.0
0.0
0.0
0.0
0.0
0.0
0.0
0.0
2.0
35.0
64.0
106.0
170.0
185.0
181.0
115.0
80.0
37.0
1.0
0.0
0.0
0.0
0.0
0.0
0.0
0.0
0.0
0.0
0.0
0.0
0.0
0.0
8.0
64.0
139.0
141.0
165.0
213.0
155.0
79.0
48.0
10.0
1.0
0.0
0.0
0.0
0.0
0.0
0.0
0.0
0.0
0.0
0.0
0.0
0.0
0.0
8.0
150.0
301.0
420.0
497.0
519.0
492.0
403.0
270.0
116.0
2.0
0.0
0.0
0.0
0.0
0.0
0.0
0.0
0.0
0.0
0.0
0.0
0.0
0.0
8.0
153.0
306.0
430.0
506.0
525.0
494.0
403.0
269.0
117.0
2.0
0.0
0.0
0.0
0.0
0.0
0.0
0.0
0.0
0.0
0.0
0.0
0.0
0.0
8.0
152.0
308.0
437.0
514.0
535.0
497.0
404.0
267.0
113.0
1.0
0.0
0.0
0.0
0.0
0.0
0.0
0.0
0.0
0.0
0.0
0.0
0.0
0.0
6.0
144.0
291.0
410.0
489.0
520.0
483.0
397.0
266.0
113.0
2.0
0.0
0.0
0.0
0.0
0.0
0.0
0.0
0.0
0.0
0.0
0.0
0.0
0.0
3.0
74.0
160.0
245.0
273.0
290.0
266.0
213.0
152.0
64.0
1.0
0.0
0.0
0.0
0.0
0.0
0.0
0.0
0.0
0.0
0.0
0.0
0.0
0.0
2.0
56.0
125.0
177.0
195.0
222.0
199.0
155.0
94.0
41.0
1.0
0.0
0.0
0.0
0.0
0.0
0.0
0.0
0.0
0.0
0.0
0.0
0.0
0.0
4.0
119.0
250.0
355.0
427.0
451.0
416.0
337.0
218.0
87.0
1.0
0.0
0.0
0.0
0.0
0.0
0.0
0.0
0.0
0.0
0.0
0.0
0.0
0.0
3.0
106.0
224.0
317.0
371.0
403.0
378.0
307.0
206.0
80.0
0.0
0.0
0.0
0.0
0.0
0.0
0.0
0.0
0.0
0.0
0.0
0.0
0.0
0.0
1.0
72.0
147.0
218.0
252.0
277.0
277.0
213.0
133.0
60.0
1.0
0.0
0.0
0.0
0.0
0.0
0.0
0.0
0.0
0.0
0.0
0.0
0.0
0.0
1.0
98.0
224.0
292.0
374.0
366.0
322.0
240.0
185.0
73.0
1.0
0.0
0.0
0.0
0.0
0.0
0.0
0.0
0.0
0.0
0.0
0.0
0.0
0.0
1.0
86.0
189.0
296.0
323.0
345.0
304.0
254.0
165.0
62.0
0.0
0.0
0.0
0.0
0.0
0.0
0.0
0.0
0.0
0.0
0.0
0.0
0.0
0.0
1.0
38.0
42.0
131.0
228.0
239.0
258.0
288.0
194.0
95.0
2.0
0.0
0.0
0.0
0.0
0.0
0.0
0.0
0.0
0.0
0.0
0.0
0.0
0.0
1.0
58.0
136.0
192.0
249.0
288.0
235.0
200.0
137.0
50.0
0.0
0.0
0.0
0.0
0.0
0.0
0.0
0.0
0.0
0.0
0.0
0.0
0.0
0.0
1.0
102.0
236.0
353.0
423.0
444.0
419.0
337.0
213.0
81.0
0.0
0.0
0.0
0.0
0.0
0.0
0.0
0.0
0.0
0.0
0.0
0.0
0.0
0.0
1.0
73.0
183.0
252.0
303.0
311.0
304.0
260.0
156.0
56.0
0.0
0.0
0.0
0.0
0.0
0.0
0.0
0.0
0.0
0.0
0.0
0.0
0.0
0.0
1.0
32.0
153.0
344.0
457.0
179.0
270.0
306.0
237.0
85.0
1.0
0.0
0.0
0.0
0.0
0.0
0.0
0.0
0.0
0.0
0.0
0.0
0.0
0.0
1.0
96.0
235.0
351.0
422.0
434.0
395.0
327.0
206.0
70.0
0.0
0.0
0.0
0.0
0.0
0.0
0.0
0.0
0.0
0.0
0.0
0.0
0.0
0.0
1.0
91.0
226.0
342.0
416.0
441.0
417.0
335.0
214.0
76.0
0.0
0.0
0.0
0.0
0.0
0.0
0.0
0.0
0.0
0.0
0.0
0.0
0.0
0.0
1.0
91.0
229.0
294.0
298.0
270.0
299.0
341.0
189.0
68.0
0.0
0.0
0.0
0.0
0.0
0.0
0.0
0.0
0.0
0.0
0.0
0.0
0.0
0.0
1.0
68.0
167.0
255.0
318.0
364.0
326.0
258.0
186.0
72.0
0.0
0.0
0.0
0.0
0.0
0.0
0.0
0.0
0.0
0.0
0.0
0.0
0.0
0.0
0.0
7.0
90.0
137.0
290.0
328.0
283.0
346.0
162.0
59.0
0.0
0.0
0.0
0.0
0.0
0.0
0.0
0.0
0.0
0.0
0.0
0.0
0.0
0.0
0.0
9.0
24.0
30.0
34.0
36.0
278.0
222.0
141.0
46.0
0.0
0.0
0.0
0.0
0.0
0.0
0.0
0.0
0.0
0.0
0.0
0.0
0.0
0.0
0.0
7.0
18.0
29.0
35.0
37.0
313.0
247.0
151.0
48.0
0.0
0.0
0.0
0.0
0.0
0.0
0.0
0.0
0.0
0.0
0.0
0.0
0.0
0.0
0.0
6.0
17.0
27.0
33.0
71.0
372.0
338.0
224.0
67.0
0.0
0.0
0.0
0.0
0.0
0.0
0.0
0.0
0.0
0.0
0.0
0.0
0.0
0.0
0.0
11.0
31.0
28.0
51.0
55.0
316.0
247.0
150.0
51.0
0.0
0.0
0.0
0.0
0.0
0.0
0.0
0.0
0.0
0.0
0.0
0.0
0.0
0.0
0.0
71.0
141.0
47.0
87.0
217.0
228.0
179.0
192.0
72.0
0.0
0.0
0.0
0.0
0.0
0.0
0.0
0.0
0.0
0.0
0.0
0.0
0.0
0.0
0.0
68.0
193.0
312.0
392.0
414.0
383.0
304.0
180.0
56.0
0.0
0.0
0.0
0.0
0.0
0.0
0.0
0.0
0.0
0.0
0.0
0.0
0.0
0.0
0.0
69.0
196.0
318.0
394.0
419.0
386.0
304.0
181.0
58.0
0.0
0.0
0.0
0.0
0.0
0.0
0.0
0.0
0.0
0.0
0.0
0.0
0.0
0.0
0.0
60.0
190.0
289.0
340.0
388.0
357.0
297.0
175.0
51.0
0.0
0.0
0.0
0.0
0.0
0.0
0.0
0.0
0.0
0.0
0.0
0.0
0.0
0.0
0.0
17.0
150.0
271.0
347.0
161.0
146.0
100.0
130.0
65.0
0.0
0.0
0.0
0.0
0.0
0.0
0.0
0.0
0.0
0.0
0.0
0.0
0.0
0.0
0.0
27.0
90.0
27.0
174.0
308.0
253.0
273.0
105.0
5.0
0.0
0.0
0.0
0.0
0.0
0.0
0.0
0.0
0.0
0.0
0.0
0.0
0.0
0.0
0.0
59.0
185.0
301.0
375.0
403.0
372.0
292.0
176.0
26.0
0.0
0.0
0.0
0.0
0.0
0.0
0.0
0.0
0.0
0.0
0.0
0.0
0.0
0.0
0.0
28.0
177.0
291.0
382.0
408.0
369.0
285.0
166.0
24.0
0.0
0.0
0.0
0.0
0.0
0.0
0.0
0.0
0.0
0.0
0.0
0.0
0.0
0.0
0.0
25.0
166.0
282.0
365.0
396.0
355.0
276.0
163.0
25.0
0.0
0.0
0.0
0.0
0.0
0.0
0.0
0.0
0.0
0.0
0.0
0.0
0.0
0.0
0.0
4.0
41.0
130.0
176.0
284.0
296.0
277.0
205.0
47.0
0.0
0.0
0.0
0.0
0.0
0.0
0.0
0.0
0.0
0.0
0.0
0.0
0.0
0.0
0.0
16.0
131.0
183.0
232.0
270.0
218.0
173.0
85.0
5.0
0.0
0.0
0.0
0.0
0.0
0.0
0.0
0.0
0.0
0.0
0.0
0.0
0.0
0.0
0.0
23.0
181.0
305.0
388.0
420.0
390.0
308.0
185.0
26.0
0.0
0.0
0.0
0.0
0.0
0.0
0.0
0.0
0.0
0.0
0.0
0.0
0.0
0.0
0.0
8.0
158.0
199.0
134.0
211.0
219.0
327.0
196.0
59.0
0.0
0.0
0.0
0.0
0.0
0.0
0.0
0.0
0.0
0.0
0.0
0.0
0.0
0.0
0.0
9.0
68.0
77.0
78.0
134.0
106.0
104.0
62.0
13.0
0.0
0.0
0.0
0.0
0.0
0.0
0.0
0.0
0.0
0.0
0.0
0.0
0.0
0.0
0.0
8.0
95.0
125.0
136.0
132.0
116.0
65.0
64.0
20.0
0.0
0.0
0.0
0.0
0.0
0.0
0.0
0.0
0.0
0.0
0.0
0.0
0.0
0.0
0.0
4.0
43.0
117.0
135.0
125.0
229.0
233.0
185.0
48.0
0.0
0.0
0.0
0.0
0.0
0.0
0.0
0.0
0.0
0.0
0.0
0.0
0.0
0.0
0.0
7.0
93.0
185.0
216.0
206.0
217.0
172.0
77.0
4.0
0.0
0.0
0.0
0.0
0.0
0.0
0.0
0.0
0.0
0.0
0.0
0.0
0.0
0.0
0.0
3.0
64.0
133.0
171.0
185.0
190.0
150.0
86.0
14.0
0.0
0.0
0.0
0.0
0.0
0.0
0.0
0.0
0.0
0.0
0.0
0.0
0.0
0.0
0.0
12.0
105.0
204.0
285.0
353.0
352.0
279.0
167.0
32.0
0.0
0.0
0.0
0.0
0.0
0.0
0.0
0.0
0.0
0.0
0.0
0.0
0.0
0.0
0.0
3.0
61.0
111.0
234.0
266.0
238.0
215.0
120.0
25.0
0.0
0.0
0.0
0.0
0.0
0.0
0.0
0.0
0.0
0.0
0.0
0.0
0.0
0.0
0.0
3.0
89.0
175.0
219.0
242.0
187.0
185.0
126.0
29.0
0.0
0.0
0.0
0.0
0.0
0.0
0.0
0.0
0.0
0.0
0.0
0.0
0.0
0.0
0.0
14.0
134.0
218.0
289.0
337.0
351.0
297.0
180.0
33.0
0.0
0.0
0.0
0.0
0.0
0.0
0.0
0.0
0.0
0.0
0.0
0.0
0.0
0.0
0.0
14.0
156.0
273.0
345.0
390.0
353.0
287.0
174.0
27.0
0.0
0.0
0.0
0.0
0.0
0.0
0.0
0.0
0.0
0.0
0.0
0.0
0.0
0.0
0.0
13.0
146.0
263.0
346.0
387.0
370.0
293.0
180.0
32.0
0.0
0.0
0.0
0.0
0.0
0.0
0.0
0.0
0.0
0.0
0.0
0.0
0.0
0.0
0.0
12.0
151.0
275.0
361.0
379.0
358.0
290.0
169.0
23.0
0.0
0.0
0.0
0.0
0.0
0.0
0.0
0.0
0.0
0.0
0.0
0.0
0.0
0.0
0.0
9.0
113.0
257.0
304.0
310.0
279.0
242.0
162.0
53.0
0.0
0.0
0.0
0.0
0.0
0.0
0.0
0.0
0.0
0.0
0.0
0.0
0.0
0.0
0.0
11.0
137.0
230.0
265.0
322.0
282.0
295.0
197.0
63.0
0.0
0.0
0.0
0.0
0.0
0.0
0.0
0.0
0.0
0.0
0.0
0.0
0.0
0.0
0.0
11.0
114.0
233.0
305.0
335.0
356.0
260.0
166.0
55.0
0.0
0.0
0.0
0.0
0.0
0.0
0.0
0.0
0.0
0.0
0.0
0.0
0.0
0.0
0.0
11.0
141.0
268.0
346.0
370.0
352.0
267.0
177.0
54.0
0.0
0.0
0.0
0.0
0.0
0.0
0.0
0.0
0.0
0.0
0.0
0.0
0.0
0.0
0.0
11.0
141.0
257.0
341.0
359.0
357.0
286.0
176.0
57.0
0.0
0.0
0.0
0.0
0.0
0.0
0.0
0.0
0.0
0.0
0.0
0.0
0.0
0.0
0.0
2.0
104.0
215.0
320.0
356.0
319.0
239.0
139.0
53.0
0.0
0.0
0.0
0.0
0.0
0.0
0.0
0.0
0.0
0.0
0.0
0.0
0.0
0.0
0.0
5.0
127.0
210.0
181.0
105.0
295.0
287.0
146.0
63.0
0.0
0.0
0.0
0.0
0.0
0.0
0.0
0.0
0.0
0.0
0.0
0.0
0.0
0.0
0.0
2.0
46.0
93.0
120.0
154.0
138.0
116.0
98.0
39.0
0.0
0.0
0.0
0.0
0.0
0.0
0.0
0.0
0.0
0.0
0.0
0.0
0.0
0.0
0.0
2.0
114.0
183.0
249.0
158.0
230.0
112.0
14.0
12.0
0.0
0.0
0.0
0.0
0.0
0.0
0.0
0.0
0.0
0.0
0.0
0.0
0.0
0.0
0.0
5.0
69.0
87.0
68.0
106.0
120.0
114.0
58.0
24.0
0.0
0.0
0.0
0.0
0.0
0.0
0.0
