0.0
0.0
0.0
0.0
0.0
0.0
0.0
0.0
0.0
81.0
243.0
355.0
414.0
417.0
363.0
255.0
101.0
0.0
0.0
0.0
0.0
0.0
0.0
0.0
0.0
0.0
0.0
0.0
0.0
0.0
0.0
0.0
0.0
81.0
243.0
356.0
416.0
419.0
365.0
258.0
104.0
0.0
0.0
0.0
0.0
0.0
0.0
0.0
0.0
0.0
0.0
0.0
0.0
0.0
0.0
0.0
0.0
82.0
244.0
357.0
418.0
421.0
368.0
260.0
107.0
0.0
0.0
0.0
0.0
0.0
0.0
0.0
0.0
0.0
0.0
0.0
0.0
0.0
0.0
0.0
0.0
82.0
245.0
359.0
420.0
424.0
370.0
264.0
110.0
1.0
0.0
0.0
0.0
0.0
0.0
0.0
0.0
0.0
0.0
0.0
0.0
0.0
0.0
0.0
0.0
83.0
247.0
361.0
422.0
426.0
373.0
267.0
114.0
1.0
0.0
0.0
0.0
0.0
0.0
0.0
0.0
0.0
0.0
0.0
0.0
0.0
0.0
0.0
0.0
84.0
248.0
363.0
424.0
429.0
377.0
270.0
117.0
2.0
0.0
0.0
0.0
0.0
0.0
0.0
0.0
0.0
0.0
0.0
0.0
0.0
0.0
0.0
0.0
85.0
250.0
365.0
427.0
432.0
380.0
274.0
121.0
2.0
0.0
0.0
0.0
0.0
0.0
0.0
0.0
0.0
0.0
0.0
0.0
0.0
0.0
0.0
0.0
87.0
252.0
367.0
430.0
435.0
383.0
278.0
125.0
3.0
0.0
0.0
0.0
0.0
0.0
0.0
0.0
0.0
0.0
0.0
0.0
0.0
0.0
0.0
0.0
88.0
253.0
369.0
432.0
438.0
387.0
281.0
129.0
4.0
0.0
0.0
0.0
0.0
0.0
0.0
0.0
0.0
0.0
0.0
0.0
0.0
0.0
0.0
0.0
94.0
256.0
372.0
435.0
442.0
391.0
285.0
133.0
4.0
0.0
0.0
0.0
0.0
0.0
0.0
0.0
0.0
0.0
0.0
0.0
0.0
0.0
0.0
0.0
96.0
258.0
375.0
439.0
445.0
395.0
289.0
137.0
5.0
0.0
0.0
0.0
0.0
0.0
0.0
0.0
0.0
0.0
0.0
0.0
0.0
0.0
0.0
0.0
98.0
260.0
378.0
442.0
449.0
399.0
294.0
142.0
6.0
0.0
0.0
0.0
0.0
0.0
0.0
0.0
0.0
0.0
0.0
0.0
0.0
0.0
0.0
0.0
100.0
263.0
381.0
445.0
453.0
403.0
298.0
146.0
8.0
0.0
0.0
0.0
0.0
0.0
0.0
0.0
0.0
0.0
0.0
0.0
0.0
0.0
0.0
0.0
103.0
266.0
384.0
449.0
457.0
407.0
303.0
151.0
9.0
0.0
0.0
0.0
0.0
0.0
0.0
0.0
0.0
0.0
0.0
0.0
0.0
0.0
0.0
0.0
105.0
269.0
387.0
453.0
461.0
411.0
307.0
156.0
10.0
0.0
0.0
0.0
0.0
0.0
0.0
0.0
0.0
0.0
0.0
0.0
0.0
0.0
0.0
0.0
108.0
272.0
391.0
457.0
465.0
416.0
312.0
160.0
12.0
0.0
0.0
0.0
0.0
0.0
0.0
0.0
0.0
0.0
0.0
0.0
0.0
0.0
0.0
1.0
111.0
275.0
395.0
461.0
470.0
421.0
317.0
165.0
14.0
0.0
0.0
0.0
0.0
0.0
0.0
0.0
0.0
0.0
0.0
0.0
0.0
0.0
0.0
1.0
114.0
279.0
398.0
465.0
474.0
426.0
322.0
171.0
16.0
0.0
0.0
0.0
0.0
0.0
0.0
0.0
0.0
0.0
0.0
0.0
0.0
0.0
0.0
1.0
117.0
282.0
402.0
470.0
479.0
431.0
327.0
176.0
18.0
0.0
0.0
0.0
0.0
0.0
0.0
0.0
0.0
0.0
0.0
0.0
0.0
0.0
0.0
1.0
121.0
286.0
407.0
474.0
484.0
436.0
332.0
181.0
20.0
0.0
0.0
0.0
0.0
0.0
0.0
0.0
0.0
0.0
0.0
0.0
0.0
0.0
0.0
2.0
124.0
290.0
411.0
479.0
489.0
441.0
338.0
186.0
23.0
0.0
0.0
0.0
0.0
0.0
0.0
0.0
0.0
0.0
0.0
0.0
0.0
0.0
0.0
2.0
128.0
294.0
415.0
484.0
494.0
446.0
343.0
192.0
25.0
0.0
0.0
0.0
0.0
0.0
0.0
0.0
0.0
0.0
0.0
0.0
0.0
0.0
0.0
3.0
131.0
298.0
420.0
489.0
499.0
452.0
349.0
198.0
28.0
0.0
0.0
0.0
0.0
0.0
0.0
0.0
0.0
0.0
0.0
0.0
0.0
0.0
0.0
4.0
135.0
302.0
425.0
494.0
505.0
457.0
354.0
203.0
31.0
0.0
0.0
0.0
0.0
0.0
0.0
0.0
0.0
0.0
0.0
0.0
0.0
0.0
0.0
4.0
140.0
307.0
429.0
499.0
510.0
463.0
360.0
209.0
34.0
0.0
0.0
0.0
0.0
0.0
0.0
0.0
0.0
0.0
0.0
0.0
0.0
0.0
0.0
5.0
144.0
312.0
434.0
504.0
516.0
469.0
366.0
215.0
38.0
0.0
0.0
0.0
0.0
0.0
0.0
0.0
0.0
0.0
0.0
0.0
0.0
0.0
0.0
6.0
148.0
316.0
440.0
510.0
521.0
475.0
372.0
221.0
41.0
0.0
0.0
0.0
0.0
0.0
0.0
0.0
0.0
0.0
0.0
0.0
0.0
0.0
0.0
7.0
153.0
321.0
445.0
515.0
527.0
481.0
378.0
227.0
45.0
0.0
0.0
0.0
0.0
0.0
0.0
0.0
0.0
0.0
0.0
0.0
0.0
0.0
0.0
8.0
157.0
326.0
450.0
521.0
533.0
487.0
384.0
233.0
49.0
0.0
0.0
0.0
0.0
0.0
0.0
0.0
0.0
0.0
0.0
0.0
0.0
0.0
0.0
10.0
162.0
331.0
456.0
527.0
539.0
493.0
390.0
239.0
54.0
0.0
0.0
0.0
0.0
0.0
0.0
0.0
0.0
0.0
0.0
0.0
0.0
0.0
0.0
11.0
167.0
337.0
461.0
533.0
545.0
499.0
397.0
245.0
58.0
0.0
0.0
0.0
0.0
0.0
0.0
0.0
0.0
0.0
0.0
0.0
0.0
0.0
0.0
13.0
172.0
342.0
467.0
539.0
552.0
505.0
403.0
251.0
63.0
0.0
0.0
0.0
0.0
0.0
0.0
0.0
0.0
0.0
0.0
0.0
0.0
0.0
0.0
15.0
178.0
348.0
473.0
545.0
558.0
512.0
409.0
258.0
68.0
0.0
0.0
0.0
0.0
0.0
0.0
0.0
0.0
0.0
0.0
0.0
0.0
0.0
0.0
17.0
183.0
354.0
479.0
551.0
564.0
518.0
416.0
264.0
73.0
0.0
0.0
0.0
0.0
0.0
0.0
0.0
0.0
0.0
0.0
0.0
0.0
0.0
0.0
19.0
189.0
359.0
485.0
557.0
571.0
525.0
422.0
271.0
78.0
0.0
0.0
0.0
0.0
0.0
0.0
0.0
0.0
0.0
0.0
0.0
0.0
0.0
0.0
21.0
194.0
365.0
491.0
564.0
577.0
531.0
429.0
277.0
84.0
0.0
0.0
0.0
0.0
0.0
0.0
0.0
0.0
0.0
0.0
0.0
0.0
0.0
0.0
23.0
200.0
371.0
498.0
570.0
584.0
538.0
436.0
284.0
90.0
0.0
0.0
0.0
0.0
0.0
0.0
0.0
0.0
0.0
0.0
0.0
0.0
0.0
0.0
26.0
206.0
377.0
504.0
577.0
591.0
545.0
442.0
290.0
96.0
0.0
0.0
0.0
0.0
0.0
0.0
0.0
0.0
0.0
0.0
0.0
0.0
0.0
0.0
29.0
212.0
384.0
510.0
583.0
597.0
552.0
449.0
297.0
102.0
0.0
0.0
0.0
0.0
0.0
0.0
0.0
0.0
0.0
0.0
0.0
0.0
0.0
0.0
32.0
218.0
390.0
517.0
590.0
604.0
558.0
456.0
304.0
112.0
0.0
0.0
0.0
0.0
0.0
0.0
0.0
0.0
0.0
0.0
0.0
0.0
0.0
0.0
36.0
224.0
397.0
524.0
597.0
611.0
565.0
463.0
310.0
119.0
0.0
0.0
0.0
0.0
0.0
0.0
0.0
0.0
0.0
0.0
0.0
0.0
0.0
0.0
39.0
231.0
403.0
530.0
604.0
618.0
572.0
470.0
317.0
125.0
0.0
0.0
0.0
0.0
0.0
0.0
0.0
0.0
0.0
0.0
0.0
0.0
0.0
0.0
43.0
237.0
410.0
537.0
611.0
625.0
579.0
477.0
324.0
132.0
0.0
0.0
0.0
0.0
0.0
0.0
0.0
0.0
0.0
0.0
0.0
0.0
0.0
0.0
47.0
244.0
417.0
544.0
618.0
632.0
586.0
483.0
331.0
138.0
2.0
0.0
0.0
0.0
0.0
0.0
0.0
0.0
0.0
0.0
0.0
0.0
0.0
0.0
52.0
250.0
423.0
551.0
625.0
639.0
593.0
490.0
337.0
145.0
3.0
0.0
0.0
0.0
0.0
0.0
0.0
0.0
0.0
0.0
0.0
0.0
0.0
0.0
56.0
257.0
430.0
558.0
632.0
646.0
600.0
497.0
344.0
152.0
4.0
0.0
0.0
0.0
0.0
0.0
0.0
0.0
0.0
0.0
0.0
0.0
0.0
0.0
61.0
264.0
437.0
565.0
639.0
653.0
608.0
504.0
351.0
158.0
6.0
0.0
0.0
0.0
0.0
0.0
0.0
0.0
0.0
0.0
0.0
0.0
0.0
0.0
66.0
271.0
444.0
573.0
646.0
661.0
615.0
511.0
358.0
165.0
7.0
0.0
0.0
0.0
0.0
0.0
0.0
0.0
0.0
0.0
0.0
0.0
0.0
0.0
72.0
278.0
452.0
580.0
654.0
668.0
622.0
518.0
365.0
171.0
9.0
0.0
0.0
0.0
0.0
0.0
0.0
0.0
0.0
0.0
0.0
0.0
0.0
0.0
77.0
285.0
459.0
587.0
661.0
675.0
629.0
526.0
372.0
178.0
11.0
0.0
0.0
0.0
0.0
0.0
0.0
0.0
0.0
0.0
0.0
0.0
0.0
0.0
83.0
292.0
466.0
594.0
668.0
683.0
636.0
533.0
379.0
185.0
13.0
0.0
0.0
0.0
0.0
0.0
0.0
0.0
0.0
0.0
0.0
0.0
0.0
0.0
90.0
299.0
474.0
602.0
676.0
690.0
643.0
540.0
385.0
192.0
15.0
0.0
0.0
0.0
0.0
0.0
0.0
0.0
0.0
0.0
0.0
0.0
0.0
0.0
96.0
307.0
481.0
609.0
683.0
697.0
651.0
547.0
392.0
198.0
18.0
0.0
0.0
0.0
0.0
0.0
0.0
0.0
0.0
0.0
0.0
0.0
0.0
0.0
103.0
314.0
488.0
617.0
691.0
705.0
658.0
554.0
399.0
205.0
20.0
0.0
0.0
0.0
0.0
0.0
0.0
0.0
0.0
0.0
0.0
0.0
0.0
0.0
113.0
322.0
496.0
624.0
698.0
712.0
665.0
561.0
406.0
212.0
23.0
0.0
0.0
0.0
0.0
0.0
0.0
0.0
0.0
0.0
0.0
0.0
0.0
0.0
121.0
329.0
504.0
632.0
705.0
719.0
672.0
568.0
413.0
218.0
26.0
0.0
0.0
0.0
0.0
0.0
0.0
0.0
0.0
0.0
0.0
0.0
0.0
1.0
128.0
337.0
511.0
639.0
713.0
727.0
680.0
575.0
420.0
225.0
30.0
0.0
0.0
0.0
0.0
0.0
0.0
0.0
0.0
0.0
0.0
0.0
0.0
1.0
136.0
344.0
519.0
647.0
721.0
734.0
687.0
582.0
427.0
231.0
33.0
0.0
0.0
0.0
0.0
0.0
0.0
0.0
0.0
0.0
0.0
0.0
0.0
2.0
143.0
352.0
527.0
655.0
728.0
741.0
694.0
589.0
433.0
238.0
37.0
0.0
0.0
0.0
0.0
0.0
0.0
0.0
0.0
0.0
0.0
0.0
0.0
3.0
151.0
360.0
534.0
662.0
736.0
749.0
701.0
596.0
440.0
245.0
40.0
0.0
0.0
0.0
0.0
0.0
0.0
0.0
0.0
0.0
0.0
0.0
0.0
5.0
159.0
368.0
542.0
670.0
743.0
756.0
708.0
603.0
447.0
251.0
44.0
0.0
0.0
0.0
0.0
0.0
0.0
0.0
0.0
0.0
0.0
0.0
0.0
6.0
167.0
376.0
550.0
678.0
751.0
763.0
715.0
610.0
454.0
258.0
48.0
0.0
0.0
0.0
0.0
0.0
0.0
0.0
0.0
0.0
0.0
0.0
0.0
8.0
175.0
383.0
558.0
685.0
758.0
771.0
723.0
617.0
460.0
264.0
53.0
0.0
0.0
0.0
0.0
0.0
0.0
0.0
0.0
0.0
0.0
0.0
0.0
10.0
183.0
391.0
565.0
693.0
766.0
778.0
730.0
624.0
467.0
271.0
57.0
0.0
0.0
0.0
0.0
0.0
0.0
0.0
0.0
0.0
0.0
0.0
0.0
13.0
191.0
399.0
573.0
701.0
773.0
785.0
737.0
630.0
474.0
277.0
62.0
0.0
0.0
0.0
0.0
0.0
0.0
0.0
0.0
0.0
0.0
0.0
0.0
16.0
199.0
407.0
581.0
709.0
781.0
793.0
744.0
637.0
480.0
284.0
66.0
0.0
0.0
0.0
0.0
0.0
0.0
0.0
0.0
0.0
0.0
0.0
0.0
19.0
207.0
415.0
589.0
716.0
788.0
800.0
751.0
644.0
487.0
290.0
71.0
0.0
0.0
0.0
0.0
0.0
0.0
0.0
0.0
0.0
0.0
0.0
0.0
22.0
215.0
423.0
597.0
724.0
796.0
807.0
758.0
651.0
493.0
297.0
76.0
0.0
0.0
0.0
0.0
0.0
0.0
0.0
0.0
0.0
0.0
0.0
0.0
26.0
223.0
431.0
605.0
732.0
803.0
814.0
765.0
657.0
500.0
303.0
82.0
0.0
0.0
0.0
0.0
0.0
0.0
0.0
0.0
0.0
0.0
0.0
0.0
30.0
231.0
439.0
613.0
739.0
810.0
821.0
772.0
664.0
506.0
309.0
87.0
0.0
0.0
0.0
0.0
0.0
0.0
0.0
0.0
0.0
0.0
0.0
0.0
34.0
239.0
447.0
620.0
747.0
818.0
829.0
778.0
671.0
513.0
316.0
92.0
0.0
0.0
0.0
0.0
0.0
0.0
0.0
0.0
0.0
0.0
0.0
0.0
39.0
248.0
455.0
628.0
754.0
825.0
836.0
785.0
677.0
519.0
322.0
98.0
0.0
0.0
0.0
0.0
0.0
0.0
0.0
0.0
0.0
0.0
0.0
0.0
44.0
256.0
464.0
636.0
762.0
832.0
843.0
792.0
684.0
526.0
328.0
104.0
0.0
0.0
0.0
0.0
0.0
0.0
0.0
0.0
0.0
0.0
0.0
0.0
49.0
264.0
472.0
644.0
770.0
840.0
850.0
799.0
690.0
532.0
334.0
110.0
0.0
0.0
0.0
0.0
0.0
0.0
0.0
0.0
0.0
0.0
0.0
0.0
55.0
272.0
480.0
652.0
777.0
847.0
857.0
805.0
697.0
538.0
341.0
117.0
0.0
0.0
0.0
0.0
0.0
0.0
0.0
0.0
0.0
0.0
0.0
0.0
61.0
280.0
488.0
660.0
784.0
854.0
863.0
812.0
703.0
544.0
347.0
123.0
0.0
0.0
0.0
0.0
0.0
0.0
0.0
0.0
0.0
0.0
0.0
0.0
67.0
289.0
496.0
667.0
792.0
861.0
870.0
818.0
709.0
551.0
353.0
129.0
0.0
0.0
0.0
0.0
0.0
0.0
0.0
0.0
0.0
0.0
0.0
0.0
73.0
297.0
504.0
675.0
799.0
868.0
877.0
825.0
716.0
557.0
359.0
135.0
0.0
0.0
0.0
0.0
0.0
0.0
0.0
0.0
0.0
0.0
0.0
0.0
80.0
305.0
512.0
683.0
807.0
875.0
884.0
831.0
722.0
563.0
365.0
141.0
0.0
0.0
0.0
0.0
0.0
0.0
0.0
0.0
0.0
0.0
0.0
0.0
87.0
313.0
519.0
690.0
814.0
882.0
890.0
838.0
728.0
569.0
371.0
147.0
0.0
0.0
0.0
0.0
0.0
0.0
0.0
0.0
0.0
0.0
0.0
0.0
94.0
321.0
527.0
698.0
821.0
889.0
897.0
844.0
734.0
575.0
377.0
153.0
3.0
0.0
0.0
0.0
0.0
0.0
0.0
0.0
0.0
0.0
0.0
0.0
102.0
330.0
535.0
705.0
828.0
896.0
903.0
850.0
740.0
581.0
383.0
159.0
4.0
0.0
0.0
0.0
0.0
0.0
0.0
0.0
0.0
0.0
0.0
0.0
110.0
338.0
543.0
713.0
836.0
903.0
910.0
857.0
746.0
587.0
388.0
165.0
5.0
0.0
0.0
0.0
0.0
0.0
0.0
0.0
0.0
0.0
0.0
0.0
119.0
346.0
551.0
720.0
843.0
909.0
916.0
863.0
752.0
592.0
394.0
171.0
6.0
0.0
0.0
0.0
0.0
0.0
0.0
0.0
0.0
0.0
0.0
0.0
127.0
354.0
559.0
728.0
850.0
916.0
923.0
869.0
758.0
598.0
400.0
177.0
8.0
0.0
0.0
0.0
0.0
0.0
0.0
0.0
0.0
0.0
0.0
1.0
136.0
362.0
566.0
735.0
857.0
923.0
929.0
875.0
764.0
604.0
406.0
183.0
10.0
0.0
0.0
0.0
0.0
0.0
0.0
0.0
0.0
0.0
0.0
2.0
144.0
370.0
574.0
742.0
863.0
929.0
935.0
881.0
770.0
609.0
411.0
188.0
11.0
0.0
0.0
0.0
0.0
0.0
0.0
0.0
0.0
0.0
0.0
3.0
152.0
378.0
581.0
749.0
870.0
936.0
941.0
887.0
775.0
615.0
417.0
194.0
13.0
0.0
0.0
0.0
0.0
0.0
0.0
0.0
0.0
0.0
0.0
4.0
160.0
386.0
589.0
757.0
877.0
942.0
947.0
892.0
781.0
621.0
422.0
200.0
15.0
0.0
0.0
0.0
0.0
0.0
0.0
0.0
0.0
0.0
0.0
6.0
168.0
393.0
596.0
764.0
884.0
948.0
953.0
898.0
786.0
626.0
428.0
205.0
18.0
0.0
0.0
0.0
0.0
0.0
0.0
0.0
0.0
0.0
0.0
8.0
177.0
401.0
604.0
771.0
890.0
955.0
959.0
904.0
792.0
632.0
433.0
211.0
20.0
0.0
0.0
0.0
0.0
0.0
0.0
0.0
0.0
0.0
0.0
10.0
185.0
409.0
611.0
778.0
897.0
961.0
965.0
909.0
797.0
637.0
439.0
217.0
22.0
0.0
0.0
0.0
0.0
0.0
0.0
0.0
0.0
0.0
0.0
13.0
193.0
417.0
619.0
785.0
903.0
967.0
971.0
915.0
803.0
642.0
444.0
222.0
25.0
0.0
0.0
0.0
0.0
0.0
0.0
0.0
0.0
0.0
0.0
16.0
200.0
424.0
626.0
791.0
910.0
973.0
976.0
920.0
808.0
648.0
450.0
228.0
28.0
0.0
0.0
0.0
0.0
0.0
0.0
0.0
0.0
0.0
0.0
19.0
208.0
432.0
633.0
798.0
916.0
979.0
982.0
926.0
813.0
653.0
455.0
233.0
31.0
0.0
0.0
0.0
0.0
0.0
0.0
0.0
0.0
0.0
0.0
22.0
216.0
439.0
640.0
805.0
922.0
985.0
988.0
931.0
818.0
658.0
460.0
239.0
34.0
0.0
0.0
0.0
0.0
0.0
0.0
0.0
0.0
0.0
0.0
26.0
224.0
447.0
647.0
811.0
928.0
990.0
993.0
936.0
824.0
663.0
465.0
244.0
37.0
0.0
0.0
0.0
0.0
0.0
0.0
0.0
0.0
0.0
0.0
30.0
232.0
454.0
654.0
818.0
934.0
996.0
998.0
941.0
829.0
668.0
470.0
249.0
40.0
0.0
0.0
0.0
0.0
0.0
0.0
0.0
0.0
0.0
0.0
34.0
239.0
461.0
661.0
824.0
940.0
1002.0
1004.0
946.0
834.0
673.0
476.0
255.0
43.0
0.0
0.0
0.0
0.0
0.0
0.0
0.0
0.0
0.0
0.0
39.0
247.0
468.0
667.0
830.0
946.0
1007.0
1009.0
951.0
838.0
678.0
481.0
260.0
47.0
0.0
0.0
0.0
0.0
0.0
0.0
0.0
0.0
0.0
0.0
43.0
254.0
475.0
674.0
837.0
952.0
1013.0
1014.0
956.0
843.0
683.0
486.0
265.0
50.0
0.0
0.0
0.0
0.0
0.0
0.0
0.0
0.0
0.0
0.0
48.0
262.0
482.0
680.0
843.0
958.0
1018.0
1019.0
961.0
848.0
688.0
491.0
271.0
54.0
0.0
0.0
0.0
0.0
0.0
0.0
0.0
0.0
0.0
0.0
53.0
269.0
489.0
687.0
849.0
963.0
1023.0
1024.0
966.0
853.0
692.0
496.0
276.0
58.0
0.0
0.0
0.0
0.0
0.0
0.0
0.0
0.0
0.0
0.0
59.0
276.0
496.0
693.0
855.0
969.0
1028.0
1029.0
971.0
857.0
697.0
500.0
281.0
62.0
0.0
0.0
0.0
0.0
0.0
0.0
0.0
0.0
0.0
0.0
64.0
283.0
503.0
700.0
860.0
974.0
1033.0
1034.0
975.0
862.0
702.0
505.0
286.0
66.0
0.0
0.0
0.0
0.0
0.0
0.0
0.0
0.0
0.0
0.0
70.0
290.0
509.0
706.0
866.0
980.0
1038.0
1038.0
980.0
867.0
706.0
510.0
291.0
70.0
0.0
0.0
0.0
0.0
0.0
0.0
0.0
0.0
0.0
0.0
76.0
297.0
516.0
712.0
872.0
985.0
1043.0
1043.0
984.0
871.0
711.0
515.0
296.0
75.0
0.0
0.0
0.0
0.0
0.0
0.0
0.0
0.0
0.0
0.0
82.0
304.0
522.0
718.0
877.0
990.0
1048.0
1048.0
989.0
875.0
715.0
520.0
301.0
79.0
0.0
0.0
0.0
0.0
0.0
0.0
0.0
0.0
0.0
0.0
88.0
311.0
529.0
724.0
883.0
995.0
1053.0
1052.0
993.0
880.0
720.0
524.0
306.0
84.0
0.0
0.0
0.0
0.0
0.0
0.0
0.0
0.0
0.0
0.0
94.0
318.0
535.0
729.0
888.0
1000.0
1057.0
1056.0
997.0
884.0
724.0
529.0
311.0
88.0
0.0
0.0
0.0
0.0
0.0
0.0
0.0
0.0
0.0
0.0
101.0
324.0
541.0
735.0
893.0
1005.0
1062.0
1061.0
1002.0
888.0
729.0
533.0
316.0
93.0
0.0
0.0
0.0
0.0
0.0
0.0
0.0
0.0
0.0
0.0
107.0
331.0
547.0
741.0
898.0
1009.0
1066.0
1065.0
1006.0
892.0
733.0
538.0
321.0
98.0
0.0
0.0
0.0
0.0
0.0
0.0
0.0
0.0
0.0
0.0
113.0
337.0
553.0
746.0
903.0
1014.0
1071.0
1069.0
1010.0
896.0
737.0
542.0
326.0
103.0
0.0
0.0
0.0
0.0
0.0
0.0
0.0
0.0
0.0
0.0
120.0
343.0
559.0
751.0
908.0
1019.0
1075.0
1073.0
1014.0
900.0
741.0
547.0
330.0
108.0
0.0
0.0
0.0
0.0
0.0
0.0
0.0
0.0
0.0
1.0
126.0
349.0
564.0
757.0
913.0
1023.0
1079.0
1077.0
1018.0
904.0
745.0
551.0
335.0
112.0
0.0
0.0
0.0
0.0
0.0
0.0
0.0
0.0
0.0
1.0
133.0
355.0
570.0
762.0
918.0
1027.0
1083.0
1081.0
1021.0
908.0
749.0
555.0
340.0
117.0
0.0
0.0
0.0
0.0
0.0
0.0
0.0
0.0
0.0
2.0
139.0
361.0
575.0
767.0
922.0
1032.0
1087.0
1085.0
1025.0
912.0
753.0
560.0
344.0
122.0
0.0
0.0
0.0
0.0
0.0
0.0
0.0
0.0
0.0
3.0
145.0
367.0
581.0
772.0
927.0
1036.0
1091.0
1088.0
1029.0
916.0
757.0
564.0
349.0
127.0
0.0
0.0
0.0
0.0
0.0
0.0
0.0
0.0
0.0
4.0
151.0
373.0
586.0
777.0
931.0
1040.0
1095.0
1092.0
1032.0
919.0
761.0
568.0
354.0
132.0
0.0
0.0
0.0
0.0
0.0
0.0
0.0
0.0
0.0
6.0
157.0
378.0
591.0
781.0
936.0
1044.0
1098.0
1096.0
1036.0
923.0
765.0
572.0
358.0
137.0
0.0
0.0
0.0
0.0
0.0
0.0
0.0
0.0
0.0
7.0
163.0
384.0
596.0
786.0
940.0
1048.0
1102.0
1099.0
1039.0
927.0
769.0
576.0
363.0
142.0
0.0
0.0
0.0
0.0
0.0
0.0
0.0
0.0
0.0
9.0
169.0
389.0
601.0
790.0
944.0
1051.0
1105.0
1103.0
1043.0
930.0
772.0
580.0
367.0
147.0
0.0
0.0
0.0
0.0
0.0
0.0
0.0
0.0
0.0
11.0
175.0
394.0
606.0
795.0
948.0
1055.0
1109.0
1106.0
1046.0
934.0
776.0
584.0
371.0
152.0
5.0
0.0
0.0
0.0
0.0
0.0
0.0
0.0
0.0
13.0
180.0
400.0
611.0
799.0
952.0
1059.0
1112.0
1109.0
1049.0
937.0
780.0
588.0
376.0
156.0
6.0
0.0
0.0
0.0
0.0
0.0
0.0
0.0
0.0
15.0
186.0
405.0
615.0
803.0
955.0
1062.0
1115.0
1112.0
1052.0
940.0
783.0
592.0
380.0
161.0
7.0
0.0
0.0
0.0
0.0
0.0
0.0
0.0
0.0
17.0
191.0
409.0
619.0
807.0
959.0
1065.0
1119.0
1115.0
1056.0
943.0
787.0
596.0
384.0
166.0
9.0
0.0
0.0
0.0
0.0
0.0
0.0
0.0
0.0
19.0
196.0
414.0
624.0
811.0
963.0
1069.0
1122.0
1118.0
1059.0
947.0
790.0
600.0
388.0
170.0
10.0
0.0
0.0
0.0
0.0
0.0
0.0
0.0
0.0
22.0
201.0
419.0
628.0
815.0
966.0
1072.0
1125.0
1121.0
1062.0
950.0
794.0
603.0
392.0
175.0
12.0
0.0
0.0
0.0
0.0
0.0
0.0
0.0
0.0
24.0
206.0
423.0
632.0
818.0
969.0
1075.0
1128.0
1124.0
1064.0
953.0
797.0
607.0
396.0
179.0
13.0
0.0
0.0
0.0
0.0
0.0
0.0
0.0
0.0
27.0
211.0
428.0
636.0
822.0
973.0
1078.0
1130.0
1127.0
1067.0
956.0
800.0
611.0
400.0
184.0
15.0
0.0
0.0
0.0
0.0
0.0
0.0
0.0
0.0
29.0
216.0
432.0
640.0
825.0
976.0
1081.0
1133.0
1130.0
1070.0
959.0
803.0
614.0
404.0
188.0
17.0
0.0
0.0
0.0
0.0
0.0
0.0
0.0
0.0
32.0
220.0
436.0
643.0
829.0
979.0
1083.0
1136.0
1132.0
1073.0
962.0
806.0
618.0
408.0
192.0
19.0
0.0
0.0
0.0
0.0
0.0
0.0
0.0
0.0
35.0
224.0
440.0
647.0
832.0
982.0
1086.0
1138.0
1135.0
1075.0
965.0
810.0
621.0
412.0
197.0
21.0
0.0
0.0
0.0
0.0
0.0
0.0
0.0
0.0
38.0
229.0
444.0
650.0
835.0
984.0
1089.0
1141.0
1137.0
1078.0
967.0
813.0
625.0
416.0
201.0
23.0
0.0
0.0
0.0
0.0
0.0
0.0
0.0
0.0
40.0
233.0
447.0
654.0
838.0
987.0
1091.0
1143.0
1140.0
1080.0
970.0
816.0
628.0
420.0
205.0
25.0
0.0
0.0
0.0
0.0
0.0
0.0
0.0
0.0
43.0
237.0
451.0
657.0
841.0
990.0
1094.0
1146.0
1142.0
1083.0
973.0
819.0
631.0
423.0
209.0
28.0
0.0
0.0
0.0
0.0
0.0
0.0
0.0
0.0
46.0
241.0
455.0
660.0
843.0
992.0
1096.0
1148.0
1144.0
1085.0
975.0
821.0
634.0
427.0
213.0
30.0
0.0
0.0
0.0
0.0
0.0
0.0
0.0
0.0
49.0
244.0
458.0
663.0
846.0
995.0
1098.0
1150.0
1146.0
1088.0
978.0
824.0
638.0
430.0
217.0
32.0
0.0
0.0
0.0
0.0
0.0
0.0
0.0
0.0
52.0
248.0
461.0
666.0
849.0
997.0
1100.0
1152.0
1148.0
1090.0
980.0
827.0
641.0
434.0
221.0
35.0
0.0
0.0
0.0
0.0
0.0
0.0
0.0
0.0
54.0
251.0
464.0
669.0
851.0
999.0
1102.0
1154.0
1150.0
1092.0
983.0
830.0
644.0
437.0
225.0
37.0
0.0
0.0
0.0
0.0
0.0
0.0
0.0
0.0
57.0
255.0
467.0
671.0
853.0
1001.0
1104.0
1156.0
1152.0
1094.0
985.0
832.0
647.0
441.0
228.0
40.0
0.0
0.0
0.0
0.0
0.0
0.0
0.0
0.0
60.0
258.0
470.0
674.0
856.0
1003.0
1106.0
1158.0
1154.0
1096.0
987.0
835.0
650.0
444.0
232.0
42.0
0.0
0.0
0.0
0.0
0.0
0.0
0.0
0.0
62.0
261.0
473.0
676.0
858.0
1005.0
1108.0
1159.0
1156.0
1098.0
989.0
837.0
652.0
447.0
236.0
45.0
0.0
0.0
0.0
0.0
0.0
0.0
0.0
0.0
65.0
264.0
475.0
678.0
860.0
1007.0
1110.0
1161.0
1158.0
1100.0
992.0
840.0
655.0
450.0
239.0
47.0
0.0
0.0
0.0
0.0
0.0
0.0
0.0
0.0
68.0
267.0
478.0
681.0
862.0
1009.0
1111.0
1163.0
1160.0
1102.0
994.0
842.0
658.0
453.0
243.0
50.0
0.0
0.0
0.0
0.0
0.0
0.0
0.0
0.0
70.0
269.0
480.0
683.0
863.0
1010.0
1113.0
1164.0
1161.0
1104.0
996.0
845.0
661.0
456.0
246.0
53.0
0.0
0.0
0.0
0.0
0.0
0.0
0.0
0.0
73.0
272.0
482.0
685.0
865.0
1012.0
1114.0
1166.0
1163.0
1105.0
998.0
847.0
663.0
459.0
249.0
55.0
0.0
0.0
0.0
0.0
0.0
0.0
0.0
0.0
75.0
274.0
484.0
686.0
867.0
1013.0
1116.0
1167.0
1164.0
1107.0
1000.0
849.0
666.0
462.0
252.0
58.0
0.0
0.0
0.0
0.0
0.0
0.0
0.0
0.0
77.0
277.0
486.0
688.0
868.0
1014.0
1117.0
1168.0
1166.0
1109.0
1001.0
851.0
668.0
465.0
255.0
61.0
0.0
0.0
0.0
0.0
0.0
0.0
0.0
0.0
79.0
279.0
488.0
690.0
870.0
1016.0
1118.0
1170.0
1167.0
1110.0
1003.0
853.0
671.0
468.0
258.0
63.0
0.0
0.0
0.0
0.0
0.0
0.0
0.0
0.0
81.0
281.0
490.0
691.0
871.0
1017.0
1119.0
1171.0
1168.0
1112.0
1005.0
855.0
673.0
470.0
261.0
66.0
0.0
0.0
0.0
0.0
0.0
0.0
0.0
0.0
83.0
283.0
491.0
692.0
872.0
1018.0
1120.0
1172.0
1169.0
1113.0
1007.0
857.0
675.0
473.0
264.0
68.0
0.0
0.0
0.0
0.0
0.0
0.0
0.0
0.0
85.0
284.0
493.0
694.0
873.0
1019.0
1121.0
1173.0
1171.0
1114.0
1008.0
859.0
677.0
476.0
267.0
71.0
0.0
0.0
0.0
0.0
0.0
0.0
0.0
0.0
87.0
286.0
494.0
695.0
874.0
1020.0
1122.0
1174.0
1172.0
1116.0
1010.0
861.0
680.0
478.0
270.0
73.0
0.0
0.0
0.0
0.0
0.0
0.0
0.0
0.0
89.0
287.0
495.0
696.0
875.0
1021.0
1123.0
1175.0
1173.0
1117.0
1011.0
863.0
682.0
480.0
272.0
76.0
0.0
0.0
0.0
0.0
0.0
0.0
0.0
0.0
90.0
289.0
497.0
697.0
876.0
1021.0
1124.0
1176.0
1174.0
1118.0
1013.0
864.0
684.0
482.0
275.0
78.0
0.0
0.0
0.0
0.0
0.0
0.0
0.0
0.0
92.0
290.0
498.0
698.0
876.0
1022.0
1124.0
1176.0
1175.0
1119.0
1014.0
866.0
686.0
485.0
277.0
80.0
0.0
0.0
0.0
0.0
0.0
0.0
0.0
0.0
93.0
291.0
498.0
698.0
877.0
1023.0
1125.0
1177.0
1176.0
1120.0
1015.0
868.0
687.0
487.0
279.0
83.0
0.0
0.0
0.0
0.0
0.0
0.0
0.0
0.0
94.0
292.0
499.0
699.0
878.0
1023.0
1125.0
1178.0
1176.0
1121.0
1017.0
869.0
689.0
489.0
282.0
85.0
0.0
0.0
0.0
0.0
0.0
0.0
0.0
0.0
95.0
293.0
500.0
699.0
878.0
1023.0
1126.0
1178.0
1177.0
1122.0
1018.0
871.0
691.0
491.0
284.0
87.0
0.0
0.0
0.0
0.0
0.0
0.0
0.0
0.0
94.0
294.0
500.0
700.0
878.0
1024.0
1126.0
1179.0
1178.0
1123.0
1019.0
872.0
692.0
492.0
286.0
89.0
0.0
0.0
0.0
0.0
0.0
0.0
0.0
0.0
94.0
294.0
501.0
700.0
879.0
1024.0
1127.0
1179.0
1178.0
1124.0
1020.0
873.0
694.0
494.0
288.0
91.0
0.0
0.0
0.0
0.0
0.0
0.0
0.0
0.0
95.0
295.0
501.0
700.0
879.0
1024.0
1127.0
1180.0
1179.0
1125.0
1021.0
874.0
695.0
496.0
289.0
93.0
0.0
0.0
0.0
0.0
0.0
0.0
0.0
0.0
96.0
295.0
501.0
700.0
879.0
1024.0
1127.0
1180.0
1179.0
1125.0
1022.0
876.0
697.0
497.0
291.0
95.0
0.0
0.0
0.0
0.0
0.0
0.0
0.0
0.0
96.0
295.0
501.0
700.0
879.0
1024.0
1127.0
1180.0
1180.0
1126.0
1023.0
877.0
698.0
499.0
293.0
94.0
0.0
0.0
0.0
0.0
0.0
0.0
0.0
0.0
96.0
295.0
501.0
700.0
879.0
1024.0
1127.0
1180.0
1180.0
1127.0
1023.0
878.0
699.0
500.0
294.0
95.0
0.0
0.0
0.0
0.0
0.0
0.0
0.0
0.0
96.0
295.0
501.0
700.0
878.0
1024.0
1127.0
1180.0
1180.0
1127.0
1024.0
879.0
700.0
501.0
296.0
97.0
0.0
0.0
0.0
0.0
0.0
0.0
0.0
0.0
96.0
295.0
501.0
700.0
878.0
1024.0
1127.0
1180.0
1181.0
1128.0
1025.0
879.0
701.0
503.0
297.0
98.0
0.0
0.0
0.0
0.0
0.0
0.0
0.0
0.0
96.0
295.0
501.0
699.0
878.0
1024.0
1127.0
1180.0
1181.0
1128.0
1025.0
880.0
702.0
504.0
298.0
99.0
0.0
0.0
0.0
0.0
0.0
0.0
0.0
0.0
96.0
294.0
500.0
699.0
877.0
1023.0
1127.0
1180.0
1181.0
1128.0
1026.0
881.0
703.0
505.0
299.0
100.0
0.0
0.0
0.0
0.0
0.0
0.0
0.0
0.0
96.0
294.0
500.0
698.0
877.0
1023.0
1126.0
1180.0
1181.0
1129.0
1026.0
882.0
704.0
506.0
300.0
101.0
0.0
0.0
0.0
0.0
0.0
0.0
0.0
0.0
95.0
293.0
499.0
698.0
876.0
1022.0
1126.0
1180.0
1181.0
1129.0
1027.0
882.0
705.0
506.0
301.0
102.0
0.0
0.0
0.0
0.0
0.0
0.0
0.0
0.0
94.0
293.0
498.0
697.0
876.0
1022.0
1125.0
1180.0
1181.0
1129.0
1027.0
883.0
705.0
507.0
302.0
103.0
0.0
0.0
0.0
0.0
0.0
0.0
0.0
0.0
94.0
292.0
497.0
696.0
875.0
1021.0
1125.0
1179.0
1181.0
1129.0
1027.0
883.0
706.0
508.0
302.0
103.0
0.0
0.0
0.0
0.0
0.0
0.0
0.0
0.0
93.0
291.0
496.0
695.0
874.0
1020.0
1124.0
1179.0
1181.0
1129.0
1028.0
883.0
706.0
508.0
303.0
104.0
0.0
0.0
0.0
0.0
0.0
0.0
0.0
0.0
94.0
290.0
495.0
694.0
873.0
1020.0
1124.0
1179.0
1180.0
1129.0
1028.0
884.0
707.0
508.0
303.0
104.0
0.0
0.0
0.0
0.0
0.0
0.0
0.0
0.0
93.0
289.0
494.0
693.0
872.0
1019.0
1123.0
1178.0
1180.0
1129.0
1028.0
884.0
707.0
509.0
303.0
104.0
0.0
0.0
0.0
0.0
0.0
0.0
0.0
0.0
92.0
287.0
493.0
692.0
871.0
1018.0
1122.0
1178.0
1180.0
1129.0
1028.0
884.0
707.0
509.0
303.0
104.0
0.0
0.0
0.0
0.0
0.0
0.0
0.0
0.0
91.0
286.0
492.0
691.0
870.0
1017.0
1122.0
1177.0
1179.0
1128.0
1028.0
884.0
707.0
509.0
303.0
104.0
0.0
0.0
0.0
0.0
0.0
0.0
0.0
0.0
89.0
284.0
490.0
689.0
869.0
1016.0
1121.0
1176.0
1179.0
1128.0
1027.0
884.0
707.0
509.0
303.0
104.0
0.0
0.0
0.0
0.0
0.0
0.0
0.0
0.0
88.0
283.0
489.0
688.0
867.0
1015.0
1120.0
1176.0
1178.0
1128.0
1027.0
884.0
707.0
509.0
303.0
104.0
0.0
0.0
0.0
0.0
0.0
0.0
0.0
0.0
86.0
281.0
487.0
686.0
866.0
1014.0
1119.0
1175.0
1178.0
1127.0
1027.0
883.0
707.0
508.0
303.0
103.0
0.0
0.0
0.0
0.0
0.0
0.0
0.0
0.0
84.0
279.0
485.0
685.0
865.0
1012.0
1118.0
1174.0
1177.0
1127.0
1026.0
883.0
706.0
508.0
302.0
103.0
0.0
0.0
0.0
0.0
0.0
0.0
0.0
0.0
82.0
277.0
483.0
683.0
863.0
1011.0
1117.0
1173.0
1176.0
1126.0
1026.0
883.0
706.0
508.0
302.0
102.0
0.0
0.0
0.0
0.0
0.0
0.0
0.0
0.0
81.0
275.0
482.0
681.0
862.0
1010.0
1116.0
1172.0
1176.0
1126.0
1025.0
882.0
705.0
507.0
301.0
101.0
0.0
0.0
0.0
0.0
0.0
0.0
0.0
0.0
79.0
273.0
480.0
680.0
860.0
1008.0
1114.0
1171.0
1175.0
1125.0
1025.0
881.0
705.0
506.0
300.0
100.0
0.0
0.0
0.0
0.0
0.0
0.0
0.0
0.0
76.0
271.0
478.0
678.0
858.0
1007.0
1113.0
1170.0
1174.0
1124.0
1024.0
881.0
704.0
505.0
299.0
99.0
0.0
0.0
0.0
0.0
0.0
0.0
0.0
0.0
74.0
269.0
475.0
676.0
857.0
1005.0
1112.0
1169.0
1173.0
1123.0
1023.0
880.0
703.0
505.0
298.0
98.0
0.0
0.0
0.0
0.0
0.0
0.0
0.0
0.0
72.0
267.0
473.0
674.0
855.0
1004.0
1111.0
1168.0
1172.0
1122.0
1022.0
879.0
702.0
503.0
297.0
96.0
0.0
0.0
0.0
0.0
0.0
0.0
0.0
0.0
70.0
264.0
471.0
672.0
853.0
1002.0
1109.0
1167.0
1171.0
1121.0
1021.0
878.0
701.0
502.0
295.0
95.0
0.0
0.0
0.0
0.0
0.0
0.0
0.0
0.0
68.0
262.0
469.0
670.0
851.0
1000.0
1108.0
1165.0
1170.0
1120.0
1020.0
877.0
700.0
501.0
294.0
95.0
0.0
0.0
0.0
0.0
0.0
0.0
0.0
0.0
65.0
259.0
466.0
667.0
849.0
999.0
1106.0
1164.0
1168.0
1119.0
1019.0
876.0
699.0
500.0
292.0
94.0
0.0
0.0
0.0
0.0
0.0
0.0
0.0
0.0
63.0
256.0
464.0
665.0
847.0
997.0
1105.0
1163.0
1167.0
1118.0
1018.0
875.0
697.0
498.0
291.0
92.0
0.0
0.0
0.0
0.0
0.0
0.0
0.0
0.0
61.0
253.0
461.0
663.0
845.0
995.0
1103.0
1161.0
1166.0
1117.0
1017.0
873.0
696.0
496.0
289.0
90.0
0.0
0.0
0.0
0.0
0.0
0.0
0.0
0.0
58.0
250.0
458.0
660.0
843.0
993.0
1101.0
1160.0
1164.0
1115.0
1015.0
872.0
694.0
495.0
287.0
87.0
0.0
0.0
0.0
0.0
0.0
0.0
0.0
0.0
56.0
247.0
456.0
658.0
841.0
991.0
1099.0
1158.0
1163.0
1114.0
1014.0
870.0
693.0
493.0
285.0
85.0
0.0
0.0
0.0
0.0
0.0
0.0
0.0
0.0
53.0
244.0
453.0
655.0
838.0
989.0
1098.0
1156.0
1161.0
1112.0
1012.0
869.0
691.0
491.0
282.0
83.0
0.0
0.0
0.0
0.0
0.0
0.0
0.0
0.0
51.0
241.0
450.0
653.0
836.0
987.0
1096.0
1155.0
1160.0
1111.0
1011.0
867.0
689.0
489.0
280.0
81.0
0.0
0.0
0.0
0.0
0.0
0.0
0.0
0.0
48.0
238.0
447.0
650.0
834.0
985.0
1094.0
1153.0
1158.0
1109.0
1009.0
865.0
687.0
486.0
278.0
78.0
0.0
0.0
0.0
0.0
0.0
0.0
0.0
0.0
46.0
235.0
444.0
647.0
831.0
983.0
1092.0
1151.0
1156.0
1107.0
1007.0
863.0
685.0
484.0
275.0
75.0
0.0
0.0
0.0
0.0
0.0
0.0
0.0
0.0
44.0
231.0
441.0
645.0
829.0
980.0
1090.0
1149.0
1155.0
1105.0
1005.0
861.0
682.0
482.0
272.0
73.0
0.0
0.0
0.0
0.0
0.0
0.0
0.0
0.0
41.0
228.0
438.0
642.0
826.0
978.0
1088.0
1147.0
1153.0
1104.0
1003.0
859.0
680.0
479.0
269.0
70.0
0.0
0.0
0.0
0.0
0.0
0.0
0.0
0.0
39.0
225.0
435.0
639.0
823.0
976.0
1086.0
1145.0
1151.0
1102.0
1001.0
857.0
678.0
476.0
266.0
67.0
0.0
0.0
0.0
0.0
0.0
0.0
0.0
0.0
36.0
221.0
431.0
636.0
821.0
973.0
1083.0
1143.0
1149.0
1100.0
999.0
854.0
675.0
473.0
263.0
65.0
0.0
0.0
0.0
0.0
0.0
0.0
0.0
0.0
34.0
217.0
428.0
633.0
818.0
971.0
1081.0
1141.0
1147.0
1097.0
997.0
852.0
672.0
470.0
260.0
62.0
0.0
0.0
0.0
0.0
0.0
0.0
0.0
0.0
32.0
214.0
425.0
630.0
815.0
968.0
1079.0
1139.0
1144.0
1095.0
995.0
849.0
670.0
467.0
256.0
59.0
0.0
0.0
0.0
0.0
0.0
0.0
0.0
0.0
29.0
210.0
421.0
627.0
812.0
966.0
1076.0
1136.0
1142.0
1093.0
992.0
847.0
667.0
464.0
253.0
56.0
0.0
0.0
0.0
0.0
0.0
0.0
0.0
0.0
27.0
206.0
418.0
623.0
810.0
963.0
1074.0
1134.0
1140.0
1091.0
990.0
844.0
664.0
461.0
249.0
53.0
0.0
0.0
0.0
0.0
0.0
0.0
0.0
0.0
25.0
202.0
414.0
620.0
807.0
961.0
1071.0
1132.0
1137.0
1088.0
987.0
841.0
660.0
457.0
245.0
50.0
0.0
0.0
0.0
0.0
0.0
0.0
0.0
0.0
23.0
198.0
411.0
617.0
804.0
958.0
1069.0
1129.0
1135.0
1086.0
984.0
838.0
657.0
454.0
241.0
47.0
0.0
0.0
0.0
0.0
0.0
0.0
0.0
0.0
21.0
194.0
407.0
614.0
801.0
955.0
1066.0
1127.0
1132.0
1083.0
981.0
835.0
654.0
450.0
237.0
44.0
0.0
0.0
0.0
0.0
0.0
0.0
0.0
0.0
19.0
190.0
403.0
610.0
798.0
952.0
1064.0
1124.0
1130.0
1080.0
979.0
832.0
650.0
446.0
233.0
41.0
0.0
0.0
0.0
0.0
0.0
0.0
0.0
0.0
17.0
186.0
399.0
607.0
794.0
949.0
1061.0
1121.0
1127.0
1077.0
976.0
829.0
647.0
442.0
229.0
38.0
0.0
0.0
0.0
0.0
0.0
0.0
0.0
0.0
15.0
182.0
396.0
603.0
791.0
946.0
1058.0
1119.0
1124.0
1074.0
972.0
825.0
643.0
438.0
224.0
35.0
0.0
0.0
0.0
0.0
0.0
0.0
0.0
0.0
14.0
178.0
392.0
600.0
788.0
943.0
1055.0
1116.0
1122.0
1071.0
969.0
822.0
639.0
434.0
220.0
33.0
0.0
0.0
0.0
0.0
0.0
0.0
0.0
0.0
12.0
173.0
388.0
596.0
785.0
940.0
1052.0
1113.0
1119.0
1068.0
966.0
818.0
635.0
430.0
215.0
30.0
0.0
0.0
0.0
0.0
0.0
0.0
0.0
0.0
10.0
169.0
384.0
593.0
782.0
937.0
1049.0
1110.0
1116.0
1065.0
963.0
814.0
631.0
425.0
210.0
27.0
0.0
0.0
0.0
0.0
0.0
0.0
0.0
0.0
9.0
165.0
380.0
589.0
778.0
934.0
1046.0
1107.0
1113.0
1062.0
959.0
811.0
627.0
421.0
205.0
24.0
0.0
0.0
0.0
0.0
0.0
0.0
0.0
0.0
8.0
160.0
376.0
585.0
775.0
931.0
1043.0
1104.0
1109.0
1059.0
955.0
807.0
623.0
416.0
200.0
22.0
0.0
0.0
0.0
0.0
0.0
0.0
0.0
0.0
6.0
156.0
372.0
582.0
771.0
928.0
1040.0
1101.0
1106.0
1055.0
952.0
803.0
618.0
411.0
195.0
19.0
0.0
0.0
0.0
0.0
0.0
0.0
0.0
0.0
5.0
151.0
368.0
578.0
768.0
924.0
1037.0
1098.0
1103.0
1052.0
948.0
799.0
614.0
406.0
190.0
17.0
0.0
0.0
0.0
0.0
0.0
0.0
0.0
0.0
4.0
147.0
364.0
574.0
764.0
921.0
1034.0
1095.0
1099.0
1048.0
944.0
794.0
609.0
401.0
184.0
15.0
0.0
0.0
0.0
0.0
0.0
0.0
0.0
0.0
3.0
142.0
359.0
570.0
761.0
918.0
1030.0
1091.0
1096.0
1044.0
940.0
790.0
604.0
396.0
179.0
13.0
0.0
0.0
0.0
0.0
0.0
0.0
0.0
0.0
2.0
138.0
355.0
566.0
757.0
914.0
1027.0
1088.0
1092.0
1041.0
936.0
785.0
599.0
391.0
173.0
11.0
0.0
0.0
0.0
0.0
0.0
0.0
0.0
0.0
2.0
133.0
351.0
563.0
753.0
911.0
1024.0
1084.0
1089.0
1037.0
932.0
781.0
594.0
385.0
167.0
9.0
0.0
0.0
0.0
0.0
0.0
0.0
0.0
0.0
1.0
128.0
347.0
559.0
750.0
907.0
1020.0
1081.0
1085.0
1033.0
927.0
776.0
589.0
380.0
161.0
7.0
0.0
0.0
0.0
0.0
0.0
0.0
0.0
0.0
1.0
124.0
342.0
555.0
746.0
904.0
1017.0
1077.0
1081.0
1029.0
923.0
771.0
584.0
374.0
155.0
6.0
0.0
0.0
0.0
0.0
0.0
0.0
0.0
0.0
0.0
119.0
338.0
551.0
742.0
900.0
1013.0
1073.0
1077.0
1025.0
919.0
767.0
579.0
368.0
149.0
4.0
0.0
0.0
0.0
0.0
0.0
0.0
0.0
0.0
0.0
114.0
333.0
546.0
738.0
896.0
1009.0
1070.0
1073.0
1020.0
914.0
762.0
573.0
362.0
143.0
0.0
0.0
0.0
0.0
0.0
0.0
0.0
0.0
0.0
0.0
109.0
329.0
542.0
734.0
892.0
1005.0
1066.0
1069.0
1016.0
909.0
756.0
568.0
356.0
137.0
0.0
0.0
0.0
0.0
0.0
0.0
0.0
0.0
0.0
0.0
105.0
325.0
538.0
731.0
889.0
1002.0
1062.0
1065.0
1012.0
904.0
751.0
562.0
350.0
130.0
0.0
0.0
0.0
0.0
0.0
0.0
0.0
0.0
0.0
0.0
101.0
320.0
534.0
727.0
885.0
998.0
1058.0
1061.0
1007.0
900.0
746.0
556.0
344.0
124.0
0.0
0.0
0.0
0.0
0.0
0.0
0.0
0.0
0.0
0.0
96.0
316.0
530.0
723.0
881.0
994.0
1054.0
1057.0
1003.0
895.0
740.0
551.0
338.0
117.0
0.0
0.0
0.0
0.0
0.0
0.0
0.0
0.0
0.0
0.0
91.0
311.0
525.0
718.0
877.0
990.0
1050.0
1052.0
998.0
890.0
735.0
545.0
332.0
110.0
0.0
0.0
0.0
0.0
0.0
0.0
0.0
0.0
0.0
0.0
87.0
306.0
521.0
714.0
873.0
986.0
1046.0
1048.0
993.0
884.0
729.0
539.0
325.0
104.0
0.0
0.0
0.0
0.0
0.0
0.0
0.0
0.0
0.0
0.0
83.0
302.0
517.0
710.0
869.0
982.0
1041.0
1044.0
988.0
879.0
724.0
532.0
319.0
98.0
0.0
0.0
0.0
0.0
0.0
0.0
0.0
0.0
0.0
0.0
78.0
297.0
512.0
706.0
865.0
977.0
1037.0
1039.0
983.0
874.0
718.0
526.0
312.0
91.0
0.0
0.0
0.0
0.0
0.0
0.0
0.0
0.0
0.0
0.0
74.0
292.0
508.0
702.0
860.0
973.0
1033.0
1034.0
978.0
868.0
712.0
520.0
305.0
85.0
0.0
0.0
0.0
0.0
0.0
0.0
0.0
0.0
0.0
0.0
70.0
288.0
503.0
697.0
856.0
969.0
1028.0
1029.0
973.0
863.0
706.0
513.0
298.0
79.0
0.0
0.0
0.0
0.0
0.0
0.0
0.0
0.0
0.0
0.0
66.0
283.0
499.0
693.0
852.0
965.0
1023.0
1025.0
968.0
857.0
700.0
507.0
291.0
73.0
0.0
0.0
0.0
0.0
0.0
0.0
0.0
0.0
0.0
0.0
62.0
278.0
494.0
689.0
848.0
960.0
1019.0
1020.0
962.0
851.0
694.0
500.0
284.0
67.0
0.0
0.0
0.0
0.0
0.0
0.0
0.0
0.0
0.0
0.0
58.0
273.0
490.0
684.0
843.0
956.0
1014.0
1015.0
957.0
845.0
687.0
493.0
277.0
61.0
0.0
0.0
0.0
0.0
0.0
0.0
0.0
0.0
0.0
0.0
55.0
268.0
485.0
680.0
839.0
951.0
1009.0
1010.0
952.0
840.0
681.0
487.0
270.0
56.0
0.0
0.0
0.0
0.0
0.0
0.0
0.0
0.0
0.0
0.0
51.0
264.0
481.0
675.0
834.0
946.0
1004.0
1004.0
946.0
834.0
674.0
480.0
263.0
51.0
0.0
0.0
0.0
0.0
0.0
0.0
0.0
0.0
0.0
0.0
48.0
259.0
476.0
671.0
830.0
942.0
1000.0
999.0
940.0
827.0
668.0
473.0
255.0
46.0
0.0
0.0
0.0
0.0
0.0
0.0
0.0
0.0
0.0
0.0
44.0
254.0
471.0
666.0
825.0
937.0
995.0
994.0
935.0
821.0
661.0
466.0
248.0
41.0
0.0
0.0
0.0
0.0
0.0
0.0
0.0
0.0
0.0
0.0
41.0
249.0
466.0
661.0
820.0
932.0
989.0
988.0
929.0
815.0
655.0
459.0
240.0
36.0
0.0
0.0
0.0
0.0
0.0
0.0
0.0
0.0
0.0
0.0
38.0
244.0
462.0
657.0
815.0
927.0
984.0
983.0
923.0
809.0
648.0
451.0
233.0
32.0
0.0
0.0
0.0
0.0
0.0
0.0
0.0
0.0
0.0
0.0
35.0
239.0
457.0
652.0
811.0
922.0
979.0
977.0
917.0
802.0
641.0
444.0
225.0
28.0
0.0
0.0
0.0
0.0
0.0
0.0
0.0
0.0
0.0
0.0
32.0
234.0
452.0
647.0
806.0
917.0
974.0
972.0
911.0
796.0
634.0
437.0
217.0
24.0
0.0
0.0
0.0
0.0
0.0
0.0
0.0
0.0
0.0
0.0
29.0
229.0
447.0
642.0
801.0
912.0
968.0
966.0
905.0
789.0
627.0
429.0
209.0
20.0
0.0
0.0
0.0
0.0
0.0
0.0
0.0
0.0
0.0
0.0
27.0
223.0
442.0
637.0
796.0
907.0
963.0
960.0
899.0
782.0
620.0
422.0
202.0
17.0
0.0
0.0
0.0
0.0
0.0
0.0
0.0
0.0
0.0
0.0
24.0
218.0
437.0
632.0
791.0
902.0
958.0
954.0
892.0
776.0
613.0
414.0
194.0
14.0
0.0
0.0
0.0
0.0
0.0
0.0
0.0
0.0
0.0
0.0
22.0
213.0
432.0
627.0
786.0
897.0
952.0
948.0
886.0
769.0
605.0
406.0
186.0
11.0
0.0
0.0
0.0
0.0
0.0
0.0
0.0
0.0
0.0
0.0
20.0
208.0
427.0
622.0
781.0
891.0
946.0
942.0
879.0
762.0
598.0
399.0
178.0
9.0
0.0
0.0
0.0
0.0
0.0
0.0
0.0
0.0
0.0
0.0
17.0
203.0
422.0
617.0
776.0
886.0
941.0
936.0
873.0
755.0
591.0
391.0
170.0
7.0
0.0
0.0
0.0
0.0
0.0
0.0
0.0
0.0
0.0
0.0
15.0
198.0
417.0
612.0
770.0
880.0
935.0
930.0
866.0
748.0
583.0
383.0
161.0
5.0
0.0
0.0
0.0
0.0
0.0
0.0
0.0
0.0
0.0
0.0
13.0
192.0
412.0
607.0
765.0
875.0
929.0
924.0
860.0
741.0
576.0
375.0
153.0
3.0
0.0
0.0
0.0
0.0
0.0
0.0
0.0
0.0
0.0
0.0
12.0
187.0
406.0
602.0
760.0
869.0
923.0
918.0
853.0
734.0
568.0
367.0
145.0
0.0
0.0
0.0
0.0
0.0
0.0
0.0
0.0
0.0
0.0
0.0
10.0
182.0
401.0
597.0
754.0
864.0
917.0
911.0
846.0
727.0
561.0
360.0
137.0
0.0
0.0
0.0
0.0
0.0
0.0
0.0
0.0
0.0
0.0
0.0
8.0
176.0
396.0
591.0
749.0
858.0
911.0
905.0
840.0
720.0
553.0
352.0
129.0
0.0
0.0
0.0
0.0
0.0
0.0
0.0
0.0
0.0
0.0
0.0
7.0
171.0
391.0
586.0
743.0
852.0
905.0
898.0
833.0
712.0
545.0
344.0
120.0
0.0
0.0
0.0
0.0
0.0
0.0
0.0
0.0
0.0
0.0
0.0
6.0
165.0
385.0
580.0
738.0
846.0
899.0
892.0
826.0
705.0
538.0
336.0
111.0
0.0
0.0
0.0
0.0
0.0
0.0
0.0
0.0
0.0
0.0
0.0
5.0
160.0
380.0
575.0
732.0
840.0
893.0
885.0
819.0
698.0
530.0
327.0
103.0
0.0
0.0
0.0
0.0
0.0
0.0
0.0
0.0
0.0
0.0
0.0
3.0
154.0
374.0
569.0
726.0
834.0
886.0
879.0
812.0
690.0
522.0
319.0
96.0
0.0
0.0
0.0
0.0
0.0
0.0
0.0
0.0
0.0
0.0
0.0
3.0
149.0
369.0
564.0
721.0
828.0
880.0
872.0
805.0
683.0
514.0
311.0
88.0
0.0
0.0
0.0
0.0
0.0
0.0
0.0
0.0
0.0
0.0
0.0
2.0
143.0
363.0
558.0
715.0
822.0
874.0
865.0
797.0
675.0
506.0
303.0
81.0
0.0
0.0
0.0
0.0
0.0
0.0
0.0
0.0
0.0
0.0
0.0
1.0
138.0
358.0
553.0
709.0
816.0
867.0
858.0
790.0
668.0
499.0
295.0
74.0
0.0
0.0
0.0
0.0
0.0
0.0
0.0
0.0
0.0
0.0
0.0
1.0
132.0
352.0
547.0
703.0
810.0
861.0
852.0
783.0
660.0
491.0
287.0
68.0
0.0
0.0
0.0
0.0
0.0
0.0
0.0
0.0
0.0
0.0
0.0
0.0
127.0
347.0
541.0
697.0
804.0
854.0
845.0
776.0
652.0
483.0
279.0
61.0
0.0
0.0
0.0
0.0
0.0
0.0
0.0
0.0
0.0
0.0
0.0
0.0
121.0
341.0
535.0
691.0
798.0
848.0
838.0
768.0
645.0
475.0
270.0
55.0
0.0
0.0
0.0
0.0
0.0
0.0
0.0
0.0
0.0
0.0
0.0
0.0
115.0
335.0
530.0
685.0
791.0
841.0
831.0
761.0
637.0
467.0
262.0
50.0
0.0
0.0
0.0
0.0
0.0
0.0
0.0
0.0
0.0
0.0
0.0
0.0
108.0
329.0
524.0
679.0
785.0
834.0
824.0
754.0
629.0
459.0
254.0
44.0
0.0
0.0
0.0
0.0
0.0
0.0
0.0
0.0
0.0
0.0
0.0
0.0
103.0
324.0
518.0
673.0
779.0
828.0
817.0
746.0
622.0
451.0
246.0
39.0
0.0
0.0
0.0
0.0
0.0
0.0
0.0
0.0
0.0
0.0
0.0
0.0
97.0
318.0
512.0
667.0
772.0
821.0
810.0
739.0
614.0
443.0
238.0
35.0
0.0
0.0
0.0
0.0
0.0
0.0
0.0
0.0
0.0
0.0
0.0
0.0
92.0
312.0
506.0
661.0
766.0
814.0
802.0
731.0
606.0
435.0
229.0
30.0
0.0
0.0
0.0
0.0
0.0
0.0
0.0
0.0
0.0
0.0
0.0
0.0
87.0
306.0
500.0
654.0
759.0
807.0
795.0
724.0
598.0
427.0
221.0
26.0
0.0
0.0
0.0
0.0
0.0
0.0
0.0
0.0
0.0
0.0
0.0
0.0
82.0
300.0
494.0
648.0
753.0
800.0
788.0
717.0
591.0
419.0
213.0
22.0
0.0
0.0
0.0
0.0
0.0
0.0
0.0
0.0
0.0
0.0
0.0
0.0
77.0
294.0
488.0
642.0
746.0
793.0
781.0
709.0
583.0
411.0
205.0
19.0
0.0
0.0
0.0
0.0
0.0
0.0
0.0
0.0
0.0
0.0
0.0
0.0
72.0
288.0
481.0
635.0
739.0
787.0
774.0
702.0
575.0
403.0
197.0
16.0
0.0
0.0
0.0
0.0
0.0
0.0
0.0
0.0
0.0
0.0
0.0
0.0
68.0
282.0
475.0
629.0
733.0
780.0
766.0
694.0
567.0
395.0
189.0
13.0
0.0
0.0
0.0
0.0
0.0
0.0
0.0
0.0
0.0
0.0
0.0
0.0
63.0
276.0
469.0
622.0
726.0
773.0
759.0
687.0
560.0
387.0
181.0
10.0
0.0
0.0
0.0
0.0
0.0
0.0
0.0
0.0
0.0
0.0
0.0
0.0
59.0
270.0
463.0
616.0
719.0
766.0
752.0
679.0
552.0
379.0
173.0
8.0
0.0
0.0
0.0
0.0
0.0
0.0
0.0
0.0
0.0
0.0
0.0
0.0
54.0
264.0
457.0
609.0
713.0
759.0
745.0
671.0
544.0
371.0
165.0
6.0
0.0
0.0
0.0
0.0
0.0
0.0
0.0
0.0
0.0
0.0
0.0
0.0
50.0
258.0
450.0
603.0
706.0
752.0
737.0
664.0
536.0
364.0
157.0
5.0
0.0
0.0
0.0
0.0
0.0
0.0
0.0
0.0
0.0
0.0
0.0
0.0
46.0
252.0
444.0
596.0
699.0
745.0
730.0
656.0
529.0
356.0
149.0
3.0
0.0
0.0
0.0
0.0
0.0
0.0
0.0
0.0
0.0
0.0
0.0
0.0
43.0
246.0
438.0
590.0
692.0
737.0
723.0
649.0
521.0
348.0
141.0
0.0
0.0
0.0
0.0
0.0
0.0
0.0
0.0
0.0
0.0
0.0
0.0
0.0
39.0
239.0
431.0
583.0
685.0
730.0
715.0
641.0
514.0
340.0
134.0
0.0
0.0
0.0
0.0
0.0
0.0
0.0
0.0
0.0
0.0
0.0
0.0
0.0
35.0
233.0
425.0
577.0
678.0
723.0
708.0
634.0
506.0
333.0
126.0
0.0
0.0
0.0
0.0
0.0
0.0
0.0
0.0
0.0
0.0
0.0
0.0
0.0
32.0
227.0
418.0
570.0
672.0
716.0
701.0
627.0
498.0
325.0
118.0
0.0
0.0
0.0
0.0
0.0
0.0
0.0
0.0
0.0
0.0
0.0
0.0
0.0
29.0
221.0
412.0
563.0
665.0
709.0
694.0
619.0
491.0
318.0
109.0
0.0
0.0
0.0
0.0
0.0
0.0
0.0
0.0
0.0
0.0
0.0
0.0
0.0
26.0
214.0
405.0
557.0
658.0
702.0
686.0
612.0
483.0
310.0
101.0
0.0
0.0
0.0
0.0
0.0
0.0
0.0
0.0
0.0
0.0
0.0
0.0
0.0
23.0
208.0
399.0
550.0
651.0
695.0
679.0
604.0
476.0
303.0
94.0
0.0
0.0
0.0
0.0
0.0
0.0
0.0
0.0
0.0
0.0
0.0
0.0
0.0
20.0
202.0
392.0
543.0
644.0
688.0
672.0
597.0
469.0
295.0
88.0
0.0
0.0
0.0
0.0
0.0
0.0
0.0
0.0
0.0
0.0
0.0
0.0
0.0
18.0
196.0
386.0
537.0
637.0
681.0
665.0
590.0
461.0
288.0
81.0
0.0
0.0
0.0
0.0
0.0
0.0
0.0
0.0
0.0
0.0
0.0
0.0
0.0
15.0
189.0
379.0
530.0
630.0
674.0
658.0
583.0
454.0
281.0
75.0
0.0
0.0
0.0
0.0
0.0
0.0
0.0
0.0
0.0
0.0
0.0
0.0
0.0
13.0
183.0
373.0
523.0
623.0
667.0
650.0
575.0
447.0
274.0
69.0
0.0
0.0
0.0
0.0
0.0
0.0
0.0
0.0
0.0
0.0
0.0
0.0
0.0
11.0
177.0
366.0
516.0
617.0
660.0
643.0
568.0
440.0
267.0
64.0
0.0
0.0
0.0
0.0
0.0
0.0
0.0
0.0
0.0
0.0
0.0
0.0
0.0
9.0
170.0
360.0
510.0
610.0
653.0
636.0
561.0
433.0
260.0
59.0
0.0
0.0
0.0
0.0
0.0
0.0
0.0
0.0
0.0
0.0
0.0
0.0
0.0
8.0
164.0
353.0
503.0
603.0
646.0
629.0
554.0
426.0
253.0
54.0
0.0
0.0
0.0
0.0
0.0
0.0
0.0
0.0
0.0
0.0
0.0
0.0
0.0
6.0
158.0
347.0
496.0
596.0
639.0
622.0
547.0
419.0
246.0
49.0
0.0
0.0
0.0
0.0
0.0
0.0
0.0
0.0
0.0
0.0
0.0
0.0
0.0
5.0
152.0
340.0
490.0
589.0
632.0
615.0
540.0
412.0
239.0
45.0
0.0
0.0
0.0
0.0
0.0
0.0
0.0
0.0
0.0
0.0
0.0
0.0
0.0
4.0
145.0
334.0
483.0
583.0
625.0
609.0
534.0
405.0
233.0
41.0
0.0
0.0
0.0
0.0
0.0
0.0
0.0
0.0
0.0
0.0
0.0
0.0
0.0
3.0
139.0
328.0
477.0
576.0
619.0
602.0
527.0
399.0
226.0
37.0
0.0
0.0
0.0
0.0
0.0
0.0
0.0
0.0
0.0
0.0
0.0
0.0
0.0
2.0
133.0
321.0
470.0
569.0
612.0
595.0
520.0
392.0
220.0
33.0
0.0
0.0
0.0
0.0
0.0
0.0
0.0
0.0
0.0
0.0
0.0
0.0
0.0
1.0
126.0
315.0
463.0
562.0
605.0
588.0
514.0
386.0
213.0
30.0
0.0
0.0
0.0
0.0
0.0
0.0
0.0
0.0
0.0
0.0
0.0
0.0
0.0
1.0
120.0
308.0
457.0
556.0
598.0
582.0
507.0
379.0
207.0
27.0
0.0
0.0
0.0
0.0
0.0
0.0
0.0
0.0
0.0
0.0
0.0
0.0
0.0
0.0
114.0
302.0
450.0
549.0
592.0
575.0
501.0
373.0
201.0
24.0
0.0
0.0
0.0
0.0
0.0
0.0
0.0
0.0
0.0
0.0
0.0
0.0
0.0
0.0
108.0
296.0
444.0
543.0
585.0
569.0
494.0
367.0
195.0
21.0
0.0
0.0
0.0
0.0
0.0
0.0
0.0
0.0
0.0
0.0
0.0
0.0
0.0
0.0
98.0
289.0
438.0
536.0
579.0
562.0
488.0
361.0
189.0
19.0
0.0
0.0
0.0
0.0
0.0
0.0
0.0
0.0
0.0
0.0
0.0
0.0
0.0
0.0
93.0
283.0
431.0
530.0
573.0
556.0
482.0
355.0
183.0
17.0
0.0
0.0
0.0
0.0
0.0
0.0
0.0
0.0
0.0
0.0
0.0
0.0
0.0
0.0
87.0
277.0
425.0
524.0
566.0
550.0
476.0
349.0
178.0
15.0
0.0
0.0
0.0
0.0
0.0
0.0
0.0
0.0
0.0
0.0
0.0
0.0
0.0
0.0
81.0
271.0
419.0
517.0
560.0
544.0
470.0
343.0
172.0
13.0
0.0
0.0
0.0
0.0
0.0
0.0
0.0
0.0
0.0
0.0
0.0
0.0
0.0
0.0
76.0
265.0
412.0
511.0
554.0
538.0
464.0
338.0
167.0
11.0
0.0
0.0
0.0
0.0
0.0
0.0
0.0
0.0
0.0
0.0
0.0
0.0
0.0
0.0
71.0
258.0
406.0
505.0
548.0
532.0
458.0
332.0
162.0
9.0
0.0
0.0
0.0
0.0
0.0
0.0
0.0
0.0
0.0
0.0
0.0
0.0
0.0
0.0
66.0
252.0
400.0
499.0
542.0
526.0
453.0
327.0
157.0
8.0
0.0
0.0
0.0
0.0
0.0
0.0
0.0
0.0
0.0
0.0
0.0
0.0
0.0
0.0
61.0
246.0
394.0
493.0
536.0
520.0
447.0
321.0
152.0
7.0
0.0
0.0
0.0
0.0
0.0
0.0
0.0
0.0
0.0
0.0
0.0
0.0
0.0
0.0
57.0
241.0
388.0
487.0
530.0
515.0
442.0
316.0
147.0
6.0
0.0
0.0
0.0
0.0
0.0
0.0
0.0
0.0
0.0
0.0
0.0
0.0
0.0
0.0
53.0
235.0
382.0
481.0
524.0
509.0
437.0
311.0
142.0
5.0
0.0
0.0
0.0
0.0
0.0
0.0
0.0
0.0
0.0
0.0
0.0
0.0
0.0
0.0
49.0
229.0
377.0
475.0
519.0
504.0
431.0
306.0
138.0
4.0
0.0
0.0
0.0
0.0
0.0
0.0
0.0
0.0
0.0
0.0
0.0
0.0
0.0
0.0
45.0
223.0
371.0
470.0
513.0
499.0
426.0
302.0
133.0
3.0
0.0
0.0
0.0
0.0
0.0
0.0
0.0
0.0
0.0
0.0
0.0
0.0
0.0
0.0
41.0
218.0
365.0
464.0
508.0
493.0
421.0
297.0
129.0
2.0
0.0
0.0
0.0
0.0
0.0
0.0
0.0
0.0
0.0
0.0
0.0
0.0
0.0
0.0
38.0
212.0
360.0
459.0
503.0
488.0
417.0
293.0
125.0
2.0
0.0
0.0
0.0
0.0
0.0
0.0
0.0
0.0
0.0
0.0
0.0
0.0
0.0
0.0
34.0
207.0
354.0
453.0
498.0
483.0
412.0
288.0
121.0
1.0
0.0
0.0
0.0
0.0
0.0
0.0
0.0
0.0
0.0
0.0
0.0
0.0
0.0
0.0
31.0
201.0
349.0
448.0
492.0
479.0
408.0
284.0
117.0
0.0
0.0
0.0
0.0
0.0
0.0
0.0
0.0
0.0
0.0
0.0
0.0
0.0
0.0
0.0
29.0
196.0
344.0
443.0
488.0
474.0
403.0
280.0
113.0
0.0
0.0
0.0
0.0
0.0
0.0
0.0
0.0
0.0
0.0
0.0
0.0
0.0
0.0
0.0
26.0
191.0
338.0
438.0
483.0
469.0
399.0
276.0
110.0
0.0
0.0
0.0
0.0
0.0
0.0
0.0
0.0
0.0
0.0
0.0
0.0
0.0
0.0
0.0
23.0
185.0
333.0
433.0
478.0
465.0
395.0
273.0
106.0
0.0
0.0
0.0
0.0
0.0
0.0
0.0
0.0
0.0
0.0
0.0
0.0
0.0
0.0
0.0
21.0
180.0
328.0
428.0
474.0
461.0
391.0
269.0
103.0
0.0
0.0
0.0
0.0
0.0
0.0
0.0
0.0
0.0
0.0
0.0
0.0
0.0
0.0
0.0
19.0
176.0
324.0
424.0
469.0
457.0
387.0
266.0
100.0
0.0
0.0
0.0
0.0
0.0
0.0
0.0
0.0
0.0
0.0
0.0
0.0
0.0
0.0
0.0
17.0
171.0
319.0
419.0
465.0
453.0
384.0
262.0
97.0
0.0
0.0
0.0
0.0
0.0
0.0
0.0
0.0
0.0
0.0
0.0
0.0
0.0
0.0
0.0
15.0
166.0
314.0
415.0
461.0
449.0
380.0
259.0
90.0
0.0
0.0
0.0
0.0
0.0
0.0
0.0
0.0
0.0
0.0
0.0
0.0
0.0
0.0
0.0
13.0
161.0
310.0
410.0
457.0
445.0
377.0
256.0
88.0
0.0
0.0
0.0
0.0
0.0
0.0
0.0
0.0
0.0
0.0
0.0
0.0
0.0
0.0
0.0
12.0
157.0
305.0
406.0
453.0
442.0
374.0
254.0
86.0
0.0
0.0
0.0
0.0
0.0
0.0
0.0
0.0
0.0
0.0
0.0
0.0
0.0
0.0
0.0
10.0
152.0
301.0
402.0
449.0
438.0
371.0
251.0
83.0
0.0
0.0
0.0
0.0
0.0
0.0
0.0
0.0
0.0
0.0
0.0
0.0
0.0
0.0
0.0
9.0
148.0
297.0
398.0
445.0
435.0
368.0
249.0
81.0
0.0
0.0
0.0
0.0
0.0
0.0
0.0
0.0
0.0
0.0
0.0
0.0
0.0
0.0
0.0
8.0
144.0
293.0
395.0
442.0
432.0
365.0
246.0
80.0
0.0
0.0
0.0
0.0
0.0
0.0
0.0
0.0
0.0
0.0
0.0
0.0
0.0
0.0
0.0
6.0
140.0
289.0
391.0
439.0
429.0
363.0
244.0
78.0
0.0
0.0
0.0
0.0
0.0
0.0
0.0
0.0
0.0
0.0
0.0
0.0
0.0
0.0
0.0
5.0
136.0
285.0
387.0
436.0
426.0
360.0
242.0
76.0
0.0
0.0
0.0
0.0
0.0
0.0
0.0
0.0
0.0
0.0
0.0
0.0
0.0
0.0
0.0
5.0
132.0
282.0
384.0
433.0
424.0
358.0
241.0
75.0
0.0
0.0
0.0
0.0
0.0
0.0
0.0
0.0
0.0
0.0
0.0
0.0
0.0
0.0
0.0
4.0
129.0
278.0
381.0
430.0
421.0
356.0
239.0
74.0
0.0
0.0
0.0
0.0
0.0
0.0
0.0
0.0
0.0
0.0
0.0
0.0
0.0
0.0
0.0
3.0
125.0
275.0
378.0
427.0
419.0
354.0
237.0
73.0
0.0
0.0
0.0
0.0
0.0
0.0
0.0
0.0
0.0
0.0
0.0
0.0
0.0
0.0
0.0
3.0
122.0
272.0
375.0
425.0
417.0
353.0
236.0
72.0
0.0
0.0
0.0
0.0
0.0
0.0
0.0
0.0
0.0
0.0
0.0
0.0
0.0
0.0
0.0
2.0
118.0
269.0
372.0
422.0
415.0
351.0
235.0
71.0
0.0
0.0
0.0
0.0
0.0
0.0
0.0
0.0
0.0
0.0
0.0
0.0
0.0
0.0
0.0
2.0
115.0
266.0
370.0
420.0
413.0
350.0
234.0
71.0
0.0
0.0
0.0
0.0
0.0
0.0
0.0
0.0
0.0
0.0
0.0
0.0
0.0
0.0
0.0
1.0
112.0
263.0
367.0
418.0
412.0
349.0
233.0
71.0
0.0
0.0
0.0
0.0
0.0
0.0
0.0
0.0
0.0
0.0
0.0
0.0
0.0
0.0
0.0
1.0
109.0
260.0
365.0
416.0
410.0
348.0
233.0
70.0
0.0
0.0
0.0
0.0
0.0
0.0
0.0
0.0
0.0
0.0
0.0
0.0
0.0
0.0
0.0
1.0
107.0
258.0
363.0
415.0
409.0
347.0
232.0
70.0
0.0
0.0
0.0
0.0
0.0
0.0
0.0
0.0
0.0
0.0
0.0
0.0
0.0
0.0
0.0
1.0
104.0
256.0
361.0
413.0
408.0
346.0
232.0
70.0
0.0
0.0
0.0
0.0
0.0
0.0
0.0
0.0
0.0
0.0
0.0
0.0
0.0
0.0
0.0
0.0
102.0
254.0
359.0
412.0
407.0
346.0
232.0
70.0
0.0
0.0
0.0
0.0
0.0
0.0
0.0
0.0
0.0
0.0
0.0
0.0
0.0
0.0
0.0
0.0
100.0
252.0
358.0
411.0
406.0
346.0
232.0
71.0
0.0
0.0
0.0
0.0
0.0
0.0
0.0
0.0
0.0
0.0
0.0
0.0
0.0
0.0
0.0
0.0
98.0
250.0
356.0
410.0
406.0
345.0
232.0
71.0
0.0
0.0
0.0
0.0
0.0
0.0
0.0
0.0
0.0
0.0
0.0
0.0
0.0
0.0
0.0
0.0
96.0
248.0
355.0
409.0
405.0
345.0
233.0
72.0
0.0
0.0
0.0
0.0
0.0
0.0
0.0
0.0
0.0
0.0
0.0
0.0
0.0
0.0
0.0
0.0
94.0
247.0
354.0
408.0
405.0
346.0
234.0
73.0
0.0
0.0
0.0
0.0
0.0
0.0
0.0
0.0
0.0
0.0
0.0
0.0
0.0
0.0
0.0
0.0
92.0
246.0
353.0
408.0
405.0
346.0
234.0
74.0
0.0
0.0
0.0
0.0
0.0
0.0
0.0
0.0
0.0
0.0
0.0
0.0
0.0
0.0
0.0
0.0
86.0
244.0
352.0
407.0
405.0
347.0
235.0
75.0
0.0
0.0
0.0
0.0
0.0
0.0
0.0
0.0
0.0
0.0
0.0
0.0
0.0
0.0
0.0
0.0
85.0
243.0
352.0
407.0
406.0
347.0
236.0
76.0
0.0
0.0
0.0
0.0
0.0
0.0
0.0
0.0
0.0
0.0
0.0
0.0
0.0
0.0
0.0
0.0
84.0
243.0
351.0
407.0
406.0
348.0
238.0
78.0
0.0
0.0
0.0
0.0
0.0
0.0
0.0
0.0
0.0
0.0
0.0
0.0
0.0
0.0
0.0
0.0
83.0
242.0
351.0
407.0
407.0
349.0
239.0
79.0
0.0
0.0
0.0
0.0
0.0
0.0
0.0
0.0
0.0
0.0
0.0
0.0
0.0
0.0
0.0
0.0
82.0
242.0
351.0
408.0
408.0
351.0
241.0
81.0
0.0
0.0
0.0
0.0
0.0
0.0
0.0
0.0
0.0
0.0
0.0
0.0
0.0
0.0
0.0
0.0
81.0
241.0
351.0
408.0
409.0
352.0
243.0
83.0
0.0
0.0
0.0
0.0
0.0
0.0
0.0
0.0
0.0
0.0
0.0
0.0
0.0
0.0
0.0
0.0
81.0
241.0
352.0
409.0
410.0
354.0
245.0
85.0
0.0
0.0
0.0
0.0
0.0
0.0
0.0
0.0
0.0
0.0
0.0
0.0
0.0
0.0
0.0
0.0
81.0
241.0
352.0
410.0
411.0
356.0
247.0
92.0
0.0
0.0
0.0
0.0
0.0
0.0
0.0
0.0
0.0
0.0
0.0
0.0
0.0
0.0
0.0
0.0
81.0
241.0
353.0
411.0
413.0
358.0
249.0
95.0
0.0
0.0
0.0
0.0
0.0
0.0
0.0
0.0
0.0
0.0
0.0
0.0
0.0
0.0
0.0
0.0
81.0
242.0
354.0
413.0
415.0
360.0
251.0
97.0
0.0
0.0
0.0
0.0
0.0
0.0
0.0
