_pv_national_current load factor in Great_Britain in 2016
0.0
0.0
0.0
0.0
0.0
0.0
0.0
0.0
0.0002
0.0158
0.0381
0.0507
0.0566
0.0474
0.0209
0.001
0.0
0.0
0.0
0.0
0.0
0.0
0.0
0.0
0.0
0.0
0.0
0.0
0.0
0.0
0.0
0.0
0.001
0.0129
0.0324
0.0457
0.0442
0.0337
0.0163
0.0012
0.0
0.0
0.0
0.0
0.0
0.0
0.0
0.0
0.0
0.0
0.0
0.0
0.0
0.0
0.0
0.0
0.0001
0.0047
0.0167
0.0278
0.0328
0.0302
0.0185
0.0035
0.0
0.0
0.0
0.0
0.0
0.0
0.0
0.0
0.0
0.0
0.0
0.0
0.0
0.0
0.0
0.0
0.0006
0.0098
0.028
0.0421
0.0449
0.0349
0.0167
0.0016
0.0
0.0
0.0
0.0
0.0
0.0
0.0
0.0
0.0
0.0
0.0
0.0
0.0
0.0
0.0
0.0
0.0005
0.0139
0.041
0.0688
0.081
0.0651
0.0329
0.0045
0.0
0.0
0.0
0.0
0.0
0.0
0.0
0.0
0.0
0.0
0.0
0.0
0.0
0.0
0.0
0.0
0.0007
0.0188
0.0522
0.0769
0.0826
0.0634
0.0327
0.0041
0.0
0.0
0.0
0.0
0.0
0.0
0.0
0.0
0.0
0.0
0.0
0.0
0.0
0.0
0.0
0.0
0.0013
0.0245
0.0616
0.0941
0.102
0.0866
0.0475
0.0083
0.0
0.0
0.0
0.0
0.0
0.0
0.0
0.0
0.0
0.0
0.0
0.0
0.0
0.0
0.0
0.0
0.0045
0.0394
0.0942
0.1254
0.1247
0.1009
0.0566
0.0088
0.0
0.0
0.0
0.0
0.0
0.0
0.0
0.0
0.0
0.0
0.0
0.0
0.0
0.0
0.0
0.0
0.0006
0.0143
0.0426
0.0644
0.0648
0.0469
0.0187
0.0013
0.0
0.0
0.0
0.0
0.0
0.0
0.0
0.0
0.0
0.0
0.0
0.0
0.0
0.0
0.0
0.0
0.0029
0.0252
0.0553
0.0765
0.0786
0.0648
0.037
0.0073
0.0
0.0
0.0
0.0
0.0
0.0
0.0
0.0
0.0
0.0
0.0
0.0
0.0
0.0
0.0
0.0
0.0006
0.0145
0.0385
0.0597
0.0669
0.0545
0.0284
0.0048
0.0
0.0
0.0
0.0
0.0
0.0
0.0
0.0
0.0
0.0
0.0
0.0
0.0
0.0
0.0
0.0
0.005
0.0366
0.0707
0.0849
0.0824
0.0672
0.0407
0.0082
0.0
0.0
0.0
0.0
0.0
0.0
0.0
0.0
0.0
0.0
0.0
0.0
0.0
0.0
0.0
0.0
0.0064
0.0559
0.1173
0.1432
0.1266
0.0868
0.0404
0.0047
0.0
0.0
0.0
0.0
0.0
0.0
0.0
0.0
0.0
0.0
0.0
0.0
0.0
0.0
0.0
0.0
0.0046
0.0659
0.1495
0.2008
0.2225
0.1987
0.1289
0.0353
0.0
0.0
0.0
0.0
0.0
0.0
0.0
0.0
0.0
0.0
0.0
0.0
0.0
0.0
0.0
0.0
0.007
0.0577
0.1279
0.1755
0.1823
0.1558
0.0968
0.0225
0.0
0.0
0.0
0.0
0.0
0.0
0.0
0.0
0.0
0.0
0.0
0.0
0.0
0.0
0.0
0.0
0.0134
0.0895
0.1629
0.1903
0.1775
0.1368
0.0723
0.0153
0.0
0.0
0.0
0.0
0.0
0.0
0.0
0.0
0.0
0.0
0.0
0.0
0.0
0.0
0.0
0.0
0.0094
0.0669
0.1207
0.1429
0.1317
0.0965
0.0488
0.0079
0.0
0.0
0.0
0.0
0.0
0.0
0.0
0.0
0.0
0.0
0.0
0.0
0.0
0.0
0.0
0.0
0.0014
0.018
0.0495
0.0871
0.105
0.0907
0.0535
0.0128
0.0
0.0
0.0
0.0
0.0
0.0
0.0
0.0
0.0
0.0
0.0
0.0
0.0
0.0
0.0
0.0
0.0216
0.0973
0.1793
0.2363
0.247
0.2101
0.1341
0.0412
0.0001
0.0
0.0
0.0
0.0
0.0
0.0
0.0
0.0
0.0
0.0
0.0
0.0
0.0
0.0
0.0
0.0257
0.1163
0.2068
0.265
0.2821
0.2473
0.1677
0.0561
0.0003
0.0
0.0
0.0
0.0
0.0
0.0
0.0
0.0
0.0
0.0
0.0
0.0
0.0
0.0
0.0
0.0089
0.0394
0.0705
0.0901
0.0878
0.0694
0.0498
0.016
0.0
0.0
0.0
0.0
0.0
0.0
0.0
0.0
0.0
0.0
0.0
0.0
0.0
0.0
0.0
0.0
0.0012
0.0094
0.0312
0.0594
0.0892
0.0993
0.0788
0.0278
0.0001
0.0
0.0
0.0
0.0
0.0
0.0
0.0
0.0
0.0
0.0
0.0
0.0
0.0
0.0
0.0
0.0043
0.0321
0.0683
0.0861
0.0873
0.0651
0.0323
0.0067
0.0
0.0
0.0
0.0
0.0
0.0
0.0
0.0
0.0
0.0
0.0
0.0
0.0
0.0
0.0
0.0
0.0059
0.0281
0.0547
0.0712
0.0751
0.0664
0.044
0.0136
0.0001
0.0
0.0
0.0
0.0
0.0
0.0
0.0
0.0
0.0
0.0
0.0
0.0
0.0
0.0
0.0
0.0135
0.0419
0.0746
0.0914
0.0876
0.074
0.0496
0.0185
0.0002
0.0
0.0
0.0
0.0
0.0
0.0
0.0
0.0
0.0
0.0
0.0
0.0
0.0
0.0
0.0
0.0028
0.0133
0.0262
0.0353
0.0383
0.0334
0.0218
0.0057
0.0
0.0
0.0
0.0
0.0
0.0
0.0
0.0
0.0
0.0
0.0
0.0
0.0
0.0
0.0
0.0
0.0056
0.0215
0.0382
0.0561
0.0639
0.0642
0.0408
0.014
0.0002
0.0
0.0
0.0
0.0
0.0
0.0
0.0
0.0
0.0
0.0
0.0
0.0
0.0
0.0
0.0001
0.0388
0.1021
0.1442
0.1451
0.1216
0.0927
0.0542
0.0191
0.0002
0.0
0.0
0.0
0.0
0.0
0.0
0.0
0.0
0.0
0.0
0.0
0.0
0.0
0.0
0.0
0.0061
0.0546
0.1296
0.1845
0.1871
0.1481
0.0738
0.0164
0.0001
0.0
0.0
0.0
0.0
0.0
0.0
0.0
0.0
0.0
0.0
0.0
0.0
0.0
0.0
0.0
0.0111
0.0523
0.1027
0.1377
0.1497
0.1323
0.0803
0.0243
0.0001
0.0
0.0
0.0
0.0
0.0
0.0
0.0
0.0
0.0
0.0
0.0
0.0
0.0
0.0
0.0
0.0027
0.024
0.0486
0.0788
0.0874
0.0857
0.0594
0.0202
0.0
0.0
0.0
0.0
0.0
0.0
0.0
0.0
0.0
0.0
0.0
0.0
0.0
0.0
0.0
0.0
0.0107
0.0489
0.1043
0.1526
0.1715
0.1487
0.1012
0.0373
0.0015
0.0
0.0
0.0
0.0
0.0
0.0
0.0
0.0
0.0
0.0
0.0
0.0
0.0
0.0
0.0
0.0317
0.1107
0.1928
0.2372
0.2427
0.2143
0.1471
0.0618
0.0027
0.0
0.0
0.0
0.0
0.0
0.0
0.0
0.0
0.0
0.0
0.0
0.0
0.0
0.0
0.0003
0.0327
0.1179
0.2053
0.2561
0.2697
0.231
0.1565
0.062
0.003
0.0
0.0
0.0
0.0
0.0
0.0
0.0
0.0
0.0
0.0
0.0
0.0
0.0
0.0
0.0
0.0199
0.0755
0.1379
0.1846
0.1886
0.148
0.0878
0.0326
0.001
0.0
0.0
0.0
0.0
0.0
0.0
0.0
0.0
0.0
0.0
0.0
0.0
0.0
0.0
0.0
0.011
0.0396
0.0687
0.094
0.0984
0.0723
0.0413
0.0158
0.0002
0.0
0.0
0.0
0.0
0.0
0.0
0.0
0.0
0.0
0.0
0.0
0.0
0.0
0.0
0.0
0.0034
0.0174
0.0309
0.0421
0.0467
0.0401
0.0253
0.0093
0.0003
0.0
0.0
0.0
0.0
0.0
0.0
0.0
0.0
0.0
0.0
0.0
0.0
0.0
0.0
0.0003
0.0293
0.087
0.1344
0.1539
0.1542
0.1247
0.0694
0.0209
0.0004
0.0
0.0
0.0
0.0
0.0
0.0
0.0
0.0
0.0
0.0
0.0
0.0
0.0
0.0
0.0
0.0109
0.0392
0.0743
0.1036
0.1139
0.1018
0.0717
0.0318
0.0016
0.0
0.0
0.0
0.0
0.0
0.0
0.0
0.0
0.0
0.0
0.0
0.0
0.0
0.0
0.0005
0.0285
0.0892
0.149
0.2017
0.2106
0.1866
0.1326
0.0548
0.0047
0.0
0.0
0.0
0.0
0.0
0.0
0.0
0.0
0.0
0.0
0.0
0.0
0.0
0.0
0.0011
0.0719
0.1942
0.2944
0.365
0.3703
0.3252
0.2411
0.1242
0.0179
0.0
0.0
0.0
0.0
0.0
0.0
0.0
0.0
0.0
0.0
0.0
0.0
0.0
0.0
0.0022
0.0736
0.1673
0.2668
0.3221
0.3299
0.2973
0.2247
0.1151
0.016
0.0
0.0
0.0
0.0
0.0
0.0
0.0
0.0
0.0
0.0
0.0
0.0
0.0
0.0
0.0014
0.0562
0.1419
0.2191
0.2724
0.286
0.2546
0.1768
0.0821
0.0115
0.0
0.0
0.0
0.0
0.0
0.0
0.0
0.0
0.0
0.0
0.0
0.0
0.0
0.0
0.0012
0.0496
0.1247
0.1933
0.2347
0.2294
0.1923
0.1327
0.0624
0.0089
0.0
0.0
0.0
0.0
0.0
0.0
0.0
0.0
0.0
0.0
0.0
0.0
0.0
0.0
0.0031
0.0691
0.1717
0.2649
0.3155
0.3213
0.2896
0.2156
0.1124
0.0213
0.0
0.0
0.0
0.0
0.0
0.0
0.0
0.0
0.0
0.0
0.0
0.0
0.0
0.0
0.0076
0.1316
0.2747
0.3802
0.4327
0.432
0.3887
0.294
0.1588
0.0327
0.0
0.0
0.0
0.0
0.0
0.0
0.0
0.0
0.0
0.0
0.0
0.0
0.0
0.0
0.0158
0.1075
0.1964
0.2757
0.316
0.3159
0.2776
0.2003
0.1021
0.0199
0.0
0.0
0.0
0.0
0.0
0.0
0.0
0.0
0.0
0.0
0.0
0.0
0.0
0.0
0.0025
0.0182
0.0453
0.071
0.09
0.0968
0.0889
0.0675
0.0368
0.0077
0.0
0.0
0.0
0.0
0.0
0.0
0.0
0.0
0.0
0.0
0.0
0.0
0.0
0.0
0.0106
0.1049
0.2178
0.2994
0.3484
0.3519
0.3106
0.2378
0.1337
0.0314
0.0
0.0
0.0
0.0
0.0
0.0
0.0
0.0
0.0
0.0
0.0
0.0
0.0
0.0
0.0055
0.0538
0.1201
0.1832
0.1897
0.1761
0.1277
0.0684
0.0214
0.0027
0.0
0.0
0.0
0.0
0.0
0.0
0.0
0.0
0.0
0.0
0.0
0.0
0.0
0.0
0.0021
0.0321
0.0717
0.0987
0.1047
0.1045
0.0996
0.0738
0.0402
0.0082
0.0
0.0
0.0
0.0
0.0
0.0
0.0
0.0
0.0
0.0
0.0
0.0
0.0
0.0
0.002
0.0285
0.0683
0.1113
0.1446
0.1571
0.1459
0.1098
0.0623
0.017
0.0
0.0
0.0
0.0
0.0
0.0
0.0
0.0
0.0
0.0
0.0
0.0
0.0
0.0
0.0162
0.0996
0.1923
0.2731
0.3233
0.3377
0.3155
0.2569
0.1525
0.047
0.0001
0.0
0.0
0.0
0.0
0.0
0.0
0.0
0.0
0.0
0.0
0.0
0.0
0.0
0.0176
0.131
0.2717
0.3828
0.4332
0.4345
0.3971
0.318
0.2012
0.0663
0.0005
0.0
0.0
0.0
0.0
0.0
0.0
0.0
0.0
0.0
0.0
0.0
0.0
0.0
0.038
0.1472
0.2668
0.3567
0.4033
0.3934
0.342
0.2654
0.17
0.0593
0.0004
0.0
0.0
0.0
0.0
0.0
0.0
0.0
0.0
0.0
0.0
0.0
0.0
0.0
0.0319
0.1446
0.269
0.3574
0.3754
0.3757
0.3219
0.2456
0.1415
0.04
0.0
0.0
0.0
0.0
0.0
0.0
0.0
0.0
0.0
0.0
0.0
0.0
0.0
0.0
0.0132
0.0842
0.1871
0.2888
0.3444
0.3374
0.2874
0.2068
0.1161
0.0377
0.0
0.0
0.0
0.0
0.0
0.0
0.0
0.0
0.0
0.0
0.0
0.0
0.0
0.0
0.0333
0.1516
0.2752
0.3649
0.4062
0.3967
0.3451
0.2561
0.151
0.0497
0.0005
0.0
0.0
0.0
0.0
0.0
0.0
0.0
0.0
0.0
0.0
0.0
0.0
0.0
0.0386
0.1662
0.3094
0.4257
0.4812
0.4937
0.4677
0.3882
0.2583
0.0963
0.0022
0.0
0.0
0.0
0.0
0.0
0.0
0.0
0.0
0.0
0.0
0.0
0.0
0.0001
0.0233
0.0762
0.1487
0.2294
0.2888
0.3313
0.3123
0.2211
0.122
0.0384
0.0001
0.0
0.0
0.0
0.0
0.0
0.0
0.0
0.0
0.0
0.0
0.0
0.0
0.0
0.0017
0.019
0.0487
0.0908
0.1667
0.236
0.2391
0.1923
0.104
0.0301
0.0004
0.0
0.0
0.0
0.0
0.0
0.0
0.0
0.0
0.0
0.0
0.0
0.0
0.0001
0.0209
0.0765
0.1387
0.1836
0.2172
0.2325
0.2195
0.1863
0.1174
0.0408
0.0008
0.0
0.0
0.0
0.0
0.0
0.0
0.0
0.0
0.0
0.0
0.0
0.0
0.0
0.0313
0.1244
0.2367
0.3275
0.3839
0.4033
0.3634
0.2647
0.1354
0.0386
0.0005
0.0
0.0
0.0
0.0
0.0
0.0
0.0
0.0
0.0
0.0
0.0
0.0
0.0001
0.0382
0.1235
0.2126
0.2841
0.3187
0.3172
0.2921
0.2332
0.1486
0.0558
0.0028
0.0
0.0
0.0
0.0
0.0
0.0
0.0
0.0
0.0
0.0
0.0
0.0
0.0
0.0277
0.1052
0.2066
0.2957
0.3487
0.3535
0.3147
0.2537
0.1676
0.0711
0.0054
0.0
0.0
0.0
0.0
0.0
0.0
0.0
0.0
0.0
0.0
0.0
0.0
0.0001
0.0506
0.1492
0.2518
0.3126
0.3249
0.3
0.254
0.1902
0.121
0.0547
0.0043
0.0
0.0
0.0
0.0
0.0
0.0
0.0
0.0
0.0
0.0
0.0
0.0
0.0006
0.0849
0.2164
0.3384
0.4267
0.4701
0.4791
0.4443
0.3653
0.2523
0.1179
0.0143
0.0
0.0
0.0
0.0
0.0
0.0
0.0
0.0
0.0
0.0
0.0
0.0
0.0006
0.0251
0.0954
0.1851
0.2444
0.2576
0.234
0.195
0.1386
0.0757
0.0256
0.0006
0.0
0.0
0.0
0.0
0.0
0.0
0.0
0.0
0.0
0.0
0.0
0.0
0.0
0.016
0.0706
0.1407
0.2077
0.2591
0.2709
0.252
0.2155
0.1504
0.0721
0.0108
0.0
0.0
0.0
0.0
0.0
0.0
0.0
0.0
0.0
0.0
0.0
0.0
0.0012
0.0643
0.1719
0.3106
0.4168
0.4731
0.4946
0.4564
0.3654
0.2473
0.1119
0.0156
0.0
0.0
0.0
0.0
0.0
0.0
0.0
0.0
0.0
0.0
0.0
0.0
0.0015
0.043
0.1157
0.2387
0.3546
0.3897
0.3776
0.3362
0.2687
0.1791
0.0771
0.0088
0.0
0.0
0.0
0.0
0.0
0.0
0.0
0.0
0.0
0.0
0.0
0.0
0.0009
0.027
0.0762
0.1479
0.2335
0.2712
0.2823
0.2684
0.2154
0.1368
0.0577
0.0079
0.0
0.0
0.0
0.0
0.0
0.0
0.0
0.0
0.0
0.0
0.0
0.0
0.0029
0.0549
0.152
0.2828
0.4181
0.4984
0.5089
0.4631
0.3652
0.2398
0.1129
0.0183
0.0
0.0
0.0
0.0
0.0
0.0
0.0
0.0
0.0
0.0
0.0
0.0
0.0043
0.085
0.2144
0.3848
0.5223
0.5782
0.5855
0.5449
0.4547
0.3231
0.1702
0.0368
0.0
0.0
0.0
0.0
0.0
0.0
0.0
0.0
0.0
0.0
0.0
0.0
0.0023
0.0655
0.1585
0.2573
0.3256
0.3556
0.3516
0.3114
0.2397
0.159
0.0777
0.0129
0.0
0.0
0.0
0.0
0.0
0.0
0.0
0.0
0.0
0.0
0.0
0.0
0.0017
0.0341
0.0989
0.1932
0.2896
0.3716
0.4248
0.428
0.3732
0.2743
0.1498
0.0331
0.0
0.0
0.0
0.0
0.0
0.0
0.0
0.0
0.0
0.0
0.0
0.0
0.0065
0.0715
0.2023
0.3491
0.4574
0.5212
0.5304
0.5033
0.4233
0.3041
0.1665
0.0402
0.0001
0.0
0.0
0.0
0.0
0.0
0.0
0.0
0.0
0.0
0.0
0.0
0.0039
0.0509
0.1282
0.2082
0.2623
0.3092
0.3258
0.3117
0.2542
0.1769
0.0877
0.0173
0.0
0.0
0.0
0.0
0.0
0.0
0.0
0.0
0.0
0.0
0.0
0.0
0.0084
0.0829
0.1963
0.3193
0.4213
0.4969
0.5176
0.5048
0.4391
0.323
0.1724
0.0376
0.0
0.0
0.0
0.0
0.0
0.0
0.0
0.0
0.0
0.0
0.0
0.0
0.0102
0.0881
0.2149
0.3373
0.4632
0.527
0.5416
0.5008
0.4227
0.3057
0.1661
0.0405
0.0002
0.0
0.0
0.0
0.0
0.0
0.0
0.0
0.0
0.0
0.0
0.0
0.0093
0.0708
0.1711
0.299
0.4173
0.4491
0.4401
0.3854
0.2912
0.1948
0.0953
0.0229
0.0
0.0
0.0
0.0
0.0
0.0
0.0
0.0
0.0
0.0
0.0
0.0
0.0076
0.0618
0.1578
0.2912
0.3866
0.4522
0.4646
0.4359
0.3614
0.2574
0.1346
0.0298
0.0
0.0
0.0
0.0
0.0
0.0
0.0
0.0
0.0
0.0
0.0
0.0
0.0105
0.0755
0.1708
0.2611
0.3223
0.3641
0.3651
0.3406
0.29
0.2098
0.1125
0.0295
0.0
0.0
0.0
0.0
0.0
0.0
0.0
0.0
0.0
0.0
0.0
0.0
0.0013
0.0166
0.0445
0.0824
0.1173
0.1345
0.1398
0.129
0.1069
0.0764
0.0459
0.0143
0.0001
0.0
0.0
0.0
0.0
0.0
0.0
0.0
0.0
0.0
0.0
0.0
0.0221
0.1266
0.2711
0.3859
0.4562
0.4704
0.4618
0.4448
0.3932
0.2917
0.1515
0.0384
0.0
0.0
0.0
0.0
0.0
0.0
0.0
0.0
0.0
0.0
0.0
0.0
0.0053
0.0247
0.0406
0.0559
0.0792
0.0933
0.09
0.0865
0.0764
0.0563
0.0349
0.0112
0.0001
0.0
0.0
0.0
0.0
0.0
0.0
0.0
0.0
0.0
0.0
0.0
0.0141
0.0764
0.1484
0.2356
0.2844
0.2984
0.2984
0.2779
0.2341
0.1713
0.0964
0.0323
0.0003
0.0
0.0
0.0
0.0
0.0
0.0
0.0
0.0
0.0
0.0
0.0
0.0061
0.0498
0.1406
0.273
0.3848
0.4351
0.4374
0.3936
0.3238
0.2382
0.1413
0.0472
0.0009
0.0
0.0
0.0
0.0
0.0
0.0
0.0
0.0
0.0
0.0
0.0
0.0169
0.0881
0.1907
0.3011
0.3592
0.3583
0.3256
0.2785
0.2251
0.1551
0.0848
0.0267
0.0003
0.0
0.0
0.0
0.0
0.0
0.0
0.0
0.0
0.0
0.0
0.0
0.019
0.0902
0.1978
0.3386
0.4452
0.4573
0.4501
0.4061
0.3386
0.246
0.1502
0.0583
0.0029
0.0
0.0
0.0
0.0
0.0
0.0
0.0
0.0
0.0
0.0
0.0
0.0364
0.1399
0.2833
0.4313
0.5234
0.5633
0.5596
0.5134
0.4368
0.3356
0.2109
0.0818
0.0046
0.0
0.0
0.0
0.0
0.0
0.0
0.0
0.0
0.0
0.0
0.0001
0.0125
0.0459
0.0948
0.1472
0.2003
0.2316
0.2375
0.2174
0.1746
0.1233
0.0701
0.0242
0.0004
0.0
0.0
0.0
0.0
0.0
0.0
0.0
0.0
0.0
0.0
0.0
0.0155
0.0738
0.1515
0.2301
0.2981
0.3483
0.3715
0.3551
0.2943
0.2013
0.1042
0.0347
0.0011
0.0
0.0
0.0
0.0
0.0
0.0
0.0
0.0
0.0
0.0
0.0
0.0162
0.0673
0.1504
0.2571
0.3282
0.3567
0.3552
0.3268
0.2735
0.1936
0.1072
0.0396
0.0023
0.0
0.0
0.0
0.0
0.0
0.0
0.0
0.0
0.0
0.0
0.0
0.0119
0.0465
0.0984
0.1819
0.2317
0.2524
0.2508
0.2355
0.2046
0.1471
0.089
0.0378
0.0029
0.0
0.0
0.0
0.0
0.0
0.0
0.0
0.0
0.0
0.0
0.0
0.0204
0.0791
0.1795
0.3045
0.412
0.4761
0.5015
0.4925
0.4352
0.3333
0.2076
0.0847
0.0086
0.0
0.0
0.0
0.0
0.0
0.0
0.0
0.0
0.0
0.0
0.0001
0.0243
0.1019
0.2026
0.288
0.3303
0.3457
0.3265
0.2962
0.2466
0.1811
0.1113
0.046
0.0034
0.0
0.0
0.0
0.0
0.0
0.0
0.0
0.0
0.0
0.0
0.0003
0.0276
0.0951
0.1962
0.2919
0.3694
0.3977
0.4065
0.3926
0.341
0.2619
0.1628
0.07
0.009
0.0
0.0
0.0
0.0
0.0
0.0
0.0
0.0
0.0
0.0
0.0003
0.0304
0.0981
0.2027
0.3207
0.3936
0.4136
0.3759
0.3196
0.2485
0.1789
0.1068
0.048
0.0055
0.0
0.0
0.0
0.0
0.0
0.0
0.0
0.0
0.0
0.0
0.0003
0.0421
0.1338
0.2436
0.3246
0.36
0.3781
0.3721
0.3453
0.2902
0.2147
0.1344
0.0627
0.0085
0.0
0.0
0.0
0.0
0.0
0.0
0.0
0.0
0.0
0.0
0.0036
0.0749
0.1919
0.3159
0.4249
0.5011
0.5302
0.5046
0.4412
0.3452
0.2387
0.1431
0.0642
0.0104
0.0
0.0
0.0
0.0
0.0
0.0
0.0
0.0
0.0
0.0
0.0015
0.0406
0.1181
0.2251
0.3098
0.3603
0.3833
0.3774
0.3447
0.2901
0.2162
0.1333
0.0592
0.0099
0.0
0.0
0.0
0.0
0.0
0.0
0.0
0.0
0.0
0.0
0.0004
0.0264
0.0858
0.1768
0.2719
0.3256
0.3446
0.3328
0.3057
0.2632
0.2081
0.1391
0.0681
0.0121
0.0
0.0
0.0
0.0
0.0
0.0
0.0
0.0
0.0
0.0
0.0023
0.0436
0.1235
0.2374
0.3336
0.403
0.4388
0.4344
0.4024
0.3423
0.2588
0.1686
0.0822
0.0154
0.0
0.0
0.0
0.0
0.0
0.0
0.0
0.0
0.0
0.0
0.003
0.06
0.1614
0.2842
0.395
0.4707
0.5031
0.4782
0.4393
0.3687
0.2773
0.1764
0.0743
0.0131
0.0
0.0
0.0
0.0
0.0
0.0
0.0
0.0
0.0
0.0
0.0015
0.0362
0.1005
0.1742
0.2319
0.2809
0.3075
0.311
0.2944
0.2519
0.1891
0.1209
0.0587
0.0129
0.0
0.0
0.0
0.0
0.0
0.0
0.0
0.0
0.0
0.0
0.0033
0.0596
0.1616
0.2736
0.3697
0.4326
0.4453
0.4254
0.3933
0.3408
0.2695
0.1866
0.0976
0.022
0.0
0.0
0.0
0.0
0.0
0.0
0.0
0.0
0.0
0.0
0.0123
0.1081
0.2443
0.3689
0.4548
0.5078
0.5271
0.5134
0.4793
0.4121
0.32
0.2149
0.109
0.0257
0.0
0.0
0.0
0.0
0.0
0.0
0.0
0.0
0.0
0.0
0.0083
0.0781
0.1894
0.3277
0.4299
0.4746
0.5089
0.5104
0.4827
0.4104
0.3184
0.2077
0.0994
0.0265
0.0001
0.0
0.0
0.0
0.0
0.0
0.0
0.0
0.0
0.0
0.0154
0.1094
0.256
0.4077
0.5316
0.6187
0.6682
0.6756
0.6415
0.5599
0.4433
0.2988
0.1585
0.043
0.0004
0.0
0.0
0.0
0.0
0.0
0.0
0.0
0.0
0.0
0.0174
0.1119
0.2641
0.4132
0.5337
0.6189
0.657
0.6657
0.6252
0.5429
0.428
0.29
0.1555
0.0441
0.0006
0.0
0.0
0.0
0.0
0.0
0.0
0.0
0.0
0.0
0.0142
0.0848
0.1949
0.337
0.4492
0.5345
0.5857
0.5901
0.544
0.4556
0.3388
0.2139
0.1074
0.0292
0.0005
0.0
0.0
0.0
0.0
0.0
0.0
0.0
0.0
0.0
0.0115
0.0749
0.1801
0.2879
0.375
0.4415
0.4697
0.4619
0.4147
0.3414
0.2562
0.1676
0.0852
0.0271
0.0008
0.0
0.0
0.0
0.0
0.0
0.0
0.0
0.0
0.0
0.0188
0.1122
0.2554
0.3993
0.4977
0.5557
0.5624
0.5323
0.4744
0.3906
0.3055
0.2049
0.1071
0.0309
0.0006
0.0
0.0
0.0
0.0
0.0
0.0
0.0
0.0
0.0
0.0172
0.1023
0.2349
0.3903
0.502
0.5556
0.5787
0.5702
0.5281
0.4541
0.3444
0.2235
0.1058
0.0279
0.0008
0.0
0.0
0.0
0.0
0.0
0.0
0.0
0.0
0.0
0.0128
0.0805
0.2013
0.3353
0.4386
0.5124
0.5513
0.5437
0.4983
0.4266
0.3289
0.2293
0.121
0.0352
0.0006
0.0
0.0
0.0
0.0
0.0
0.0
0.0
0.0
0.0
0.0153
0.0877
0.1793
0.2611
0.3197
0.3488
0.3663
0.3605
0.3402
0.3013
0.2463
0.1745
0.0971
0.031
0.0008
0.0
0.0
0.0
0.0
0.0
0.0
0.0
0.0
0.0
0.0154
0.0878
0.2084
0.3103
0.3589
0.3821
0.3863
0.3752
0.3435
0.2914
0.2258
0.1548
0.0886
0.0305
0.0008
0.0
0.0
0.0
0.0
0.0
0.0
0.0
0.0
0.0
0.017
0.0858
0.1854
0.2695
0.311
0.3281
0.3293
0.3087
0.2652
0.2144
0.1624
0.107
0.0571
0.0203
0.0009
0.0
0.0
0.0
0.0
0.0
0.0
0.0
0.0
0.0
0.0171
0.0797
0.1657
0.2575
0.3371
0.3817
0.3959
0.3841
0.349
0.3088
0.2552
0.1903
0.1162
0.0435
0.0027
0.0
0.0
0.0
0.0
0.0
0.0
0.0
0.0
0.0
0.0292
0.1167
0.2317
0.3421
0.4002
0.4275
0.4363
0.4206
0.3955
0.36
0.3004
0.2163
0.1248
0.044
0.002
0.0
0.0
0.0
0.0
0.0
0.0
0.0
0.0
0.0
0.0131
0.0514
0.1022
0.163
0.226
0.2785
0.3217
0.3466
0.3348
0.2698
0.1935
0.129
0.0682
0.0217
0.0006
0.0
0.0
0.0
0.0
0.0
0.0
0.0
0.0
0.0
0.0118
0.0622
0.1457
0.2302
0.3272
0.4117
0.4594
0.4623
0.4367
0.3964
0.3197
0.225
0.1295
0.0508
0.0037
0.0
0.0
0.0
0.0
0.0
0.0
0.0
0.0
0.0001
0.0308
0.1238
0.2545
0.3943
0.4986
0.5656
0.6031
0.6125
0.5817
0.5107
0.4037
0.2789
0.148
0.05
0.0028
0.0
0.0
0.0
0.0
0.0
0.0
0.0
0.0
0.0001
0.0271
0.1064
0.2253
0.3554
0.4469
0.5053
0.5347
0.5279
0.4897
0.4332
0.3541
0.2547
0.1498
0.0569
0.0049
0.0
0.0
0.0
0.0
0.0
0.0
0.0
0.0
0.0003
0.0332
0.1314
0.2662
0.3981
0.4992
0.5629
0.5992
0.5975
0.5658
0.4845
0.3666
0.2494
0.1384
0.051
0.0049
0.0
0.0
0.0
0.0
0.0
0.0
0.0
0.0
0.0001
0.0237
0.0795
0.1603
0.2584
0.3514
0.4158
0.4453
0.4387
0.3973
0.3276
0.2547
0.1818
0.1029
0.0407
0.0046
0.0
0.0
0.0
0.0
0.0
0.0
0.0
0.0
0.0
0.0175
0.0657
0.1386
0.2281
0.3199
0.3938
0.4298
0.4186
0.3836
0.3253
0.2527
0.1833
0.1086
0.0421
0.0032
0.0
0.0
0.0
0.0
0.0
0.0
0.0
0.0
0.0004
0.0268
0.0956
0.1913
0.2963
0.3938
0.4714
0.5357
0.5649
0.5483
0.4868
0.384
0.2748
0.1643
0.0672
0.0079
0.0
0.0
0.0
0.0
0.0
0.0
0.0
0.0
0.0014
0.0448
0.1444
0.2653
0.3797
0.4769
0.5454
0.5754
0.5706
0.5364
0.4646
0.3649
0.2526
0.147
0.0602
0.0098
0.0
0.0
0.0
0.0
0.0
0.0
0.0
0.0
0.0015
0.0392
0.1233
0.2277
0.324
0.3973
0.4368
0.4526
0.4433
0.4118
0.3555
0.2854
0.2062
0.1251
0.0536
0.0088
0.0
0.0
0.0
0.0
0.0
0.0
0.0
0.0
0.0008
0.0269
0.094
0.1842
0.2787
0.3619
0.4331
0.4758
0.4764
0.4535
0.4133
0.341
0.2436
0.1451
0.0609
0.0093
0.0
0.0
0.0
0.0
0.0
0.0
0.0
0.0
0.0016
0.0432
0.1489
0.2855
0.4234
0.5357
0.6133
0.6548
0.6555
0.6171
0.5422
0.4316
0.2978
0.1748
0.0735
0.0108
0.0
0.0
0.0
0.0
0.0
0.0
0.0
0.0
0.0014
0.0419
0.1523
0.2828
0.4138
0.5226
0.5969
0.6356
0.6301
0.5901
0.5167
0.4187
0.2978
0.172
0.0716
0.013
0.0001
0.0
0.0
0.0
0.0
0.0
0.0
0.0
0.0029
0.055
0.1669
0.3028
0.4393
0.5599
0.6524
0.6961
0.6977
0.6576
0.5814
0.4696
0.3359
0.199
0.0861
0.0161
0.0001
0.0
0.0
0.0
0.0
0.0
0.0
0.0
0.0027
0.0531
0.1593
0.2946
0.4234
0.518
0.5704
0.5928
0.5883
0.5552
0.4834
0.3808
0.2643
0.1505
0.0642
0.0107
0.0
0.0
0.0
0.0
0.0
0.0
0.0
0.0
0.0021
0.0438
0.1425
0.2778
0.4108
0.4992
0.5622
0.5846
0.5838
0.5579
0.4949
0.3972
0.2823
0.1672
0.0713
0.0122
0.0
0.0
0.0
0.0
0.0
0.0
0.0
0.0
0.0022
0.0386
0.1198
0.2319
0.3429
0.4129
0.4449
0.4419
0.4139
0.3726
0.3021
0.2271
0.1499
0.0893
0.0416
0.0059
0.0
0.0
0.0
0.0
0.0
0.0
0.0
0.0
0.0006
0.0208
0.0673
0.1372
0.218
0.3042
0.3699
0.3959
0.3969
0.3815
0.3447
0.2857
0.2131
0.1336
0.0636
0.0118
0.0001
0.0
0.0
0.0
0.0
0.0
0.0
0.0
0.002
0.0315
0.0868
0.1479
0.2108
0.2608
0.2905
0.304
0.2913
0.2583
0.2204
0.1809
0.1381
0.0851
0.0361
0.0086
0.0
0.0
0.0
0.0
0.0
0.0
0.0
0.0
0.0035
0.0466
0.133
0.2761
0.4119
0.4796
0.5053
0.4982
0.4688
0.4409
0.3861
0.3049
0.2143
0.1264
0.0515
0.0113
0.0003
0.0
0.0
0.0
0.0
0.0
0.0
0.0
0.0018
0.0289
0.0823
0.1572
0.25
0.316
0.3432
0.3599
0.3614
0.3581
0.3318
0.2824
0.2101
0.132
0.066
0.0159
0.0002
0.0
0.0
0.0
0.0
0.0
0.0
0.0
0.0035
0.0484
0.1395
0.2587
0.3824
0.4724
0.5083
0.5071
0.4818
0.4388
0.3733
0.2989
0.2183
0.1392
0.0668
0.0156
0.0002
0.0
0.0
0.0
0.0
0.0
0.0
0.0
0.0044
0.0486
0.1457
0.2914
0.424
0.5331
0.6101
0.642
0.6362
0.5891
0.508
0.407
0.2903
0.1683
0.0778
0.0188
0.0006
0.0
0.0
0.0
0.0
0.0
0.0
0.0
0.0084
0.0692
0.1813
0.313
0.4355
0.5362
0.6127
0.6419
0.64
0.6069
0.5407
0.434
0.3151
0.1918
0.0876
0.0196
0.0004
0.0
0.0
0.0
0.0
0.0
0.0
0.0
0.0041
0.0427
0.1148
0.2052
0.2892
0.3675
0.4253
0.4549
0.4667
0.4417
0.3896
0.3132
0.2242
0.139
0.0611
0.0148
0.0006
0.0
0.0
0.0
0.0
0.0
0.0
0.0
0.0032
0.0376
0.1056
0.2034
0.3097
0.4009
0.4663
0.4968
0.5027
0.4826
0.4321
0.3574
0.2664
0.1708
0.0814
0.0201
0.0005
0.0
0.0
0.0
0.0
0.0
0.0
0.0
0.0045
0.0431
0.1172
0.2113
0.3101
0.3944
0.4649
0.5191
0.5291
0.5087
0.4486
0.3607
0.2615
0.1613
0.0778
0.021
0.0009
0.0
0.0
0.0
0.0
0.0
0.0
0.0
0.0069
0.0555
0.1446
0.2642
0.3793
0.4787
0.5464
0.5841
0.5781
0.5317
0.4606
0.3647
0.2671
0.1638
0.0846
0.023
0.0009
0.0
0.0
0.0
0.0
0.0
0.0
0.0
0.0086
0.0633
0.1637
0.2911
0.4286
0.5317
0.5962
0.6223
0.6249
0.5836
0.5221
0.4254
0.3104
0.1859
0.087
0.0221
0.001
0.0
0.0
0.0
0.0
0.0
0.0
0.0
0.0085
0.0612
0.1565
0.2716
0.3792
0.4654
0.5286
0.5644
0.5641
0.5311
0.4709
0.3786
0.2725
0.1662
0.0785
0.0208
0.0008
0.0
0.0
0.0
0.0
0.0
0.0
0.0
0.0103
0.0699
0.1668
0.2717
0.3658
0.4425
0.4984
0.523
0.5209
0.4812
0.4172
0.3345
0.2397
0.1453
0.0682
0.0178
0.0008
0.0
0.0
0.0
0.0
0.0
0.0
0.0
0.0064
0.0483
0.1236
0.218
0.3163
0.3975
0.4659
0.5079
0.5221
0.5
0.4528
0.3718
0.276
0.1746
0.0859
0.0235
0.0013
0.0
0.0
0.0
0.0
0.0
0.0
0.0
0.0095
0.0631
0.1505
0.2612
0.3692
0.466
0.5345
0.5769
0.59
0.5518
0.4821
0.3805
0.2722
0.168
0.0777
0.0191
0.0004
0.0
0.0
0.0
0.0
0.0
0.0
0.0
0.0075
0.0539
0.1384
0.249
0.3564
0.457
0.553
0.5919
0.5949
0.5582
0.4826
0.3846
0.274
0.1687
0.0814
0.0234
0.0014
0.0
0.0
0.0
0.0
0.0
0.0
0.0
0.009
0.0585
0.1468
0.2592
0.3686
0.4606
0.5361
0.5759
0.58
0.5517
0.4846
0.3925
0.2842
0.1823
0.0965
0.0299
0.002
0.0
0.0
0.0
0.0
0.0
0.0
0.0
0.0114
0.0736
0.1811
0.3061
0.429
0.5324
0.6097
0.6546
0.6622
0.6278
0.5542
0.4553
0.334
0.2077
0.1034
0.0314
0.0022
0.0
0.0
0.0
0.0
0.0
0.0
0.0
0.0158
0.0863
0.2001
0.3297
0.4487
0.5463
0.6165
0.6496
0.6464
0.603
0.519
0.4232
0.3156
0.1983
0.0988
0.0287
0.0021
0.0
0.0
0.0
0.0
0.0
0.0
0.0
0.0141
0.0735
0.1646
0.2637
0.3543
0.4217
0.468
0.4847
0.4625
0.4129
0.3467
0.2732
0.1953
0.1241
0.0653
0.0209
0.0014
0.0
0.0
0.0
0.0
0.0
0.0
0.0
0.0105
0.0635
0.1551
0.2683
0.3871
0.4847
0.5493
0.5597
0.5284
0.4757
0.4034
0.3325
0.2529
0.1632
0.0819
0.0232
0.001
0.0
0.0
0.0
0.0
0.0
0.0
0.0
0.0125
0.0725
0.1698
0.2727
0.3764
0.4662
0.5368
0.5578
0.535
0.4636
0.3823
0.2863
0.2033
0.1253
0.0638
0.0192
0.0012
0.0
0.0
0.0
0.0
0.0
0.0
0.0
0.0067
0.038
0.0875
0.146
0.2076
0.2643
0.3061
0.326
0.3265
0.3102
0.2693
0.2154
0.1489
0.0929
0.0469
0.0155
0.0017
0.0
0.0
0.0
0.0
0.0
0.0
0.0
0.0052
0.0315
0.0769
0.1413
0.2179
0.2895
0.3401
0.3546
0.3466
0.3144
0.269
0.2228
0.1709
0.1143
0.0616
0.0198
0.0017
0.0
0.0
0.0
0.0
0.0
0.0
0.0
0.0069
0.041
0.0965
0.1634
0.2319
0.2941
0.3535
0.3903
0.3964
0.3787
0.3294
0.2747
0.2154
0.1496
0.0811
0.0271
0.0021
0.0
0.0
0.0
0.0
0.0
0.0
0.0
0.0088
0.0463
0.1026
0.1671
0.2366
0.2944
0.3419
0.3669
0.3787
0.3602
0.3422
0.2967
0.2344
0.159
0.0863
0.0301
0.0026
0.0
0.0
0.0
0.0
0.0
0.0
0.0001
0.0129
0.0614
0.1359
0.223
0.3115
0.3831
0.421
0.4407
0.426
0.39
0.3404
0.275
0.1992
0.1281
0.0654
0.0194
0.0009
0.0
0.0
0.0
0.0
0.0
0.0
0.0
0.0073
0.0426
0.1
0.1764
0.2546
0.3299
0.3738
0.3927
0.3943
0.3717
0.3253
0.2649
0.1895
0.1214
0.0621
0.0182
0.0008
0.0
0.0
0.0
0.0
0.0
0.0
0.0
0.0079
0.045
0.0995
0.1616
0.2188
0.2488
0.2727
0.2909
0.3014
0.2891
0.2569
0.209
0.1569
0.1018
0.0537
0.016
0.0008
0.0
0.0
0.0
0.0
0.0
0.0
0.0
0.0081
0.0465
0.1145
0.1964
0.2746
0.3432
0.3822
0.395
0.3844
0.3489
0.3055
0.2598
0.2043
0.1464
0.0857
0.0278
0.002
0.0
0.0
0.0
0.0
0.0
0.0
0.0
0.0143
0.0763
0.1766
0.2944
0.399
0.4825
0.5393
0.5755
0.5788
0.5564
0.494
0.3907
0.2861
0.1802
0.0919
0.0272
0.0018
0.0
0.0
0.0
0.0
0.0
0.0
0.0
0.0105
0.0558
0.1261
0.2082
0.2771
0.3186
0.3332
0.3204
0.2851
0.2403
0.1932
0.1432
0.1061
0.0691
0.0321
0.008
0.0002
0.0
0.0
0.0
0.0
0.0
0.0
0.0
0.0069
0.0417
0.1086
0.1948
0.2996
0.4088
0.4932
0.5393
0.5464
0.5232
0.4617
0.3791
0.2877
0.1771
0.0882
0.0282
0.0024
0.0
0.0
0.0
0.0
0.0
0.0
0.0
0.0127
0.0669
0.1648
0.2954
0.4147
0.4932
0.534
0.5631
0.5624
0.5353
0.4692
0.3792
0.2724
0.1542
0.0732
0.0204
0.0006
0.0
0.0
0.0
0.0
0.0
0.0
0.0001
0.0153
0.0723
0.1575
0.2541
0.3409
0.4205
0.4752
0.5086
0.5242
0.4946
0.4301
0.3434
0.2542
0.1677
0.0915
0.0315
0.0025
0.0
0.0
0.0
0.0
0.0
0.0
0.0
0.0148
0.0677
0.1581
0.2702
0.3792
0.4543
0.5213
0.5756
0.5954
0.5583
0.4577
0.3339
0.2225
0.1283
0.0704
0.0256
0.0023
0.0
0.0
0.0
0.0
0.0
0.0
0.0
0.0143
0.0761
0.1773
0.2947
0.4093
0.4936
0.5324
0.5387
0.5124
0.4709
0.4055
0.3376
0.2576
0.1718
0.0931
0.0301
0.0017
0.0
0.0
0.0
0.0
0.0
0.0
0.0
0.0132
0.0698
0.1586
0.2653
0.3727
0.4564
0.4878
0.4601
0.4262
0.4014
0.362
0.3034
0.2257
0.1538
0.0823
0.0261
0.0017
0.0
0.0
0.0
0.0
0.0
0.0
0.0
0.0131
0.0667
0.1523
0.2606
0.3767
0.4497
0.4833
0.4837
0.4583
0.3922
0.3082
0.2232
0.1603
0.1038
0.0546
0.0169
0.0008
0.0
0.0
0.0
0.0
0.0
0.0
0.0
0.0152
0.076
0.1707
0.2763
0.3712
0.4472
0.4997
0.5233
0.5238
0.5004
0.4399
0.349
0.2416
0.1383
0.0706
0.0239
0.0024
0.0
0.0
0.0
0.0
0.0
0.0
0.0
0.015
0.0785
0.1808
0.2772
0.3274
0.3486
0.3695
0.3729
0.34
0.2841
0.2296
0.1809
0.1477
0.1057
0.0624
0.0216
0.0011
0.0
0.0
0.0
0.0
0.0
0.0
0.0
0.0104
0.0531
0.1145
0.1801
0.2336
0.2744
0.3049
0.3144
0.3166
0.3196
0.3102
0.2896
0.2425
0.1652
0.0866
0.029
0.002
0.0
0.0
0.0
0.0
0.0
0.0
0.0
0.0147
0.0734
0.1618
0.2617
0.3556
0.4051
0.4283
0.4268
0.4093
0.3763
0.3419
0.2797
0.2063
0.1254
0.0659
0.0208
0.0012
0.0
0.0
0.0
0.0
0.0
0.0
0.0
0.012
0.0669
0.164
0.2833
0.3711
0.4481
0.4815
0.4763
0.4706
0.4418
0.3781
0.3021
0.2222
0.1494
0.083
0.026
0.0012
0.0
0.0
0.0
0.0
0.0
0.0
0.0
0.012
0.0597
0.1356
0.228
0.3209
0.3922
0.4354
0.4626
0.4584
0.4316
0.3839
0.3179
0.2485
0.1655
0.0869
0.0271
0.0013
0.0
0.0
0.0
0.0
0.0
0.0
0.0
0.0134
0.0725
0.1739
0.2866
0.3862
0.4562
0.4917
0.5177
0.5142
0.4817
0.4313
0.3652
0.2786
0.1805
0.0906
0.027
0.0017
0.0
0.0
0.0
0.0
0.0
0.0
0.0
0.0106
0.0603
0.1428
0.2355
0.3137
0.3796
0.4225
0.4417
0.435
0.4068
0.3433
0.2728
0.2077
0.1427
0.0778
0.0237
0.0012
0.0
0.0
0.0
0.0
0.0
0.0
0.0
0.0102
0.0652
0.1645
0.293
0.4158
0.505
0.5507
0.5665
0.5636
0.5251
0.4653
0.39
0.2946
0.1875
0.0925
0.0295
0.0021
0.0
0.0
0.0
0.0
0.0
0.0
0.0
0.0093
0.0513
0.1238
0.2106
0.2986
0.3604
0.3796
0.3708
0.3496
0.3303
0.3168
0.27
0.1938
0.1205
0.0578
0.0152
0.0004
0.0
0.0
0.0
0.0
0.0
0.0
0.0
0.009
0.0569
0.1261
0.1954
0.2447
0.2928
0.3423
0.3787
0.3999
0.3943
0.3531
0.2827
0.2027
0.1231
0.0626
0.0191
0.0005
0.0
0.0
0.0
0.0
0.0
0.0
0.0
0.0045
0.0427
0.1206
0.2366
0.3492
0.4603
0.5612
0.6297
0.6336
0.5905
0.5115
0.408
0.2824
0.1651
0.0788
0.0214
0.001
0.0
0.0
0.0
0.0
0.0
0.0
0.0
0.0053
0.0343
0.072
0.1125
0.1565
0.2004
0.2209
0.2401
0.2663
0.2693
0.2503
0.2234
0.1939
0.1378
0.0705
0.0197
0.0006
0.0
0.0
0.0
0.0
0.0
0.0
0.0
0.0081
0.045
0.0992
0.1776
0.2678
0.3241
0.352
0.385
0.4081
0.4074
0.3844
0.3403
0.2611
0.1637
0.0819
0.0236
0.0007
0.0
0.0
0.0
0.0
0.0
0.0
0.0
0.007
0.0496
0.1188
0.2133
0.3103
0.3912
0.4429
0.4798
0.4875
0.4709
0.4284
0.3571
0.2717
0.1715
0.085
0.023
0.0007
0.0
0.0
0.0
0.0
0.0
0.0
0.0
0.0097
0.0651
0.1607
0.2881
0.4085
0.4898
0.5256
0.5403
0.5406
0.5017
0.448
0.37
0.2683
0.1646
0.0797
0.02
0.0007
0.0
0.0
0.0
0.0
0.0
0.0
0.0
0.0088
0.0638
0.1607
0.2888
0.4104
0.504
0.5637
0.5803
0.5705
0.5314
0.4695
0.3856
0.2802
0.1743
0.0858
0.0239
0.0009
0.0
0.0
0.0
0.0
0.0
0.0
0.0
0.0109
0.0723
0.1827
0.3237
0.4533
0.5543
0.6164
0.6406
0.6258
0.5828
0.5088
0.4058
0.2857
0.1653
0.0699
0.0168
0.0002
0.0
0.0
0.0
0.0
0.0
0.0
0.0
0.0041
0.0401
0.097
0.1685
0.232
0.278
0.312
0.3181
0.31
0.2978
0.2793
0.2398
0.1851
0.1257
0.0655
0.0183
0.0007
0.0
0.0
0.0
0.0
0.0
0.0
0.0
0.0059
0.0468
0.1143
0.1939
0.2763
0.3386
0.3984
0.4284
0.4262
0.4057
0.3526
0.2989
0.2134
0.132
0.0646
0.0161
0.0004
0.0
0.0
0.0
0.0
0.0
0.0
0.0
0.0049
0.0479
0.1279
0.2198
0.3064
0.383
0.4497
0.492
0.5006
0.4807
0.4388
0.3638
0.2635
0.1581
0.0745
0.0167
0.0
0.0
0.0
0.0
0.0
0.0
0.0
0.0
0.0044
0.0467
0.1301
0.2323
0.3214
0.4008
0.4747
0.5216
0.5362
0.5196
0.4692
0.3905
0.2899
0.178
0.0848
0.0199
0.0001
0.0
0.0
0.0
0.0
0.0
0.0
0.0
0.011
0.0746
0.1862
0.3128
0.4366
0.5366
0.6062
0.64
0.6373
0.6036
0.5366
0.4334
0.3127
0.1903
0.0875
0.0191
0.0003
0.0
0.0
0.0
0.0
0.0
0.0
0.0
0.0028
0.0355
0.0974
0.1746
0.2562
0.3227
0.3711
0.405
0.4293
0.4302
0.3966
0.3392
0.2596
0.1641
0.0768
0.016
0.0001
0.0
0.0
0.0
0.0
0.0
0.0
0.0
0.0058
0.0613
0.1616
0.2788
0.3826
0.4637
0.512
0.5128
0.4965
0.4444
0.3797
0.3049
0.2269
0.1381
0.068
0.0171
0.0003
0.0
0.0
0.0
0.0
0.0
0.0
0.0
0.0034
0.0419
0.1251
0.2419
0.3575
0.4517
0.5078
0.5285
0.5065
0.4657
0.3999
0.3167
0.2255
0.1349
0.0593
0.0116
0.0001
0.0
0.0
0.0
0.0
0.0
0.0
0.0
0.0037
0.0424
0.1079
0.1841
0.2654
0.3418
0.3997
0.4308
0.4374
0.4172
0.3753
0.3129
0.2327
0.1448
0.0663
0.0128
0.0
0.0
0.0
0.0
0.0
0.0
0.0
0.0
0.0021
0.0303
0.085
0.1547
0.2195
0.268
0.3181
0.3481
0.3603
0.3437
0.3098
0.2624
0.2012
0.1246
0.0585
0.0115
0.0
0.0
0.0
0.0
0.0
0.0
0.0
0.0
0.0048
0.0558
0.1456
0.2467
0.3456
0.411
0.4371
0.474
0.4855
0.4619
0.4076
0.3323
0.2518
0.1563
0.0727
0.0143
0.0001
0.0
0.0
0.0
0.0
0.0
0.0
0.0
0.0036
0.0477
0.1257
0.22
0.321
0.4041
0.4609
0.467
0.4302
0.3807
0.3249
0.2509
0.1808
0.1119
0.0464
0.0065
0.0
0.0
0.0
0.0
0.0
0.0
0.0
0.0
0.0027
0.0443
0.1281
0.2384
0.3264
0.4034
0.4653
0.5154
0.5347
0.5141
0.447
0.336
0.229
0.1344
0.0605
0.013
0.0
0.0
0.0
0.0
0.0
0.0
0.0
0.0
0.0026
0.0456
0.1248
0.206
0.2707
0.3249
0.3419
0.3412
0.3433
0.339
0.3238
0.2818
0.2162
0.1374
0.0624
0.0103
0.0
0.0
0.0
0.0
0.0
0.0
0.0
0.0
0.0016
0.0395
0.1186
0.2129
0.315
0.4111
0.5028
0.555
0.5595
0.5216
0.4469
0.3545
0.2435
0.1428
0.0607
0.0102
0.0
0.0
0.0
0.0
0.0
0.0
0.0
0.0
0.002
0.044
0.1266
0.2338
0.3439
0.4467
0.5182
0.5478
0.5524
0.5173
0.4487
0.3549
0.248
0.1401
0.0588
0.0094
0.0
0.0
0.0
0.0
0.0
0.0
0.0
0.0
0.0021
0.0477
0.148
0.2791
0.4005
0.5067
0.5705
0.5961
0.5802
0.5292
0.4454
0.3485
0.2408
0.139
0.0593
0.0094
0.0
0.0
0.0
0.0
0.0
0.0
0.0
0.0
0.002
0.0476
0.1381
0.2564
0.3542
0.4206
0.4625
0.482
0.4761
0.4293
0.3545
0.2735
0.1907
0.1099
0.0465
0.0083
0.0
0.0
0.0
0.0
0.0
0.0
0.0
0.0
0.0013
0.033
0.0958
0.1753
0.2561
0.3244
0.3732
0.3883
0.3661
0.3249
0.2741
0.2159
0.1377
0.0738
0.0305
0.0039
0.0
0.0
0.0
0.0
0.0
0.0
0.0
0.0
0.0004
0.0326
0.1043
0.1917
0.2775
0.3469
0.4158
0.474
0.5
0.4792
0.4036
0.3168
0.2228
0.1298
0.0556
0.0059
0.0
0.0
0.0
0.0
0.0
0.0
0.0
0.0
0.0004
0.0293
0.102
0.2083
0.322
0.4073
0.4719
0.5031
0.5013
0.4744
0.4132
0.3278
0.2418
0.1436
0.0581
0.0073
0.0
0.0
0.0
0.0
0.0
0.0
0.0
0.0
0.0007
0.0344
0.1012
0.1782
0.2586
0.3378
0.431
0.5071
0.5414
0.5138
0.4341
0.3428
0.2361
0.1283
0.0504
0.0054
0.0
0.0
0.0
0.0
0.0
0.0
0.0
0.0
0.0007
0.0438
0.1428
0.2659
0.3899
0.4839
0.5476
0.5764
0.5708
0.5303
0.4435
0.3392
0.2369
0.1374
0.0546
0.0043
0.0
0.0
0.0
0.0
0.0
0.0
0.0
0.0
0.0002
0.0245
0.0898
0.1831
0.2967
0.4083
0.4858
0.5216
0.5153
0.4702
0.4078
0.3346
0.2528
0.1488
0.0603
0.0054
0.0
0.0
0.0
0.0
0.0
0.0
0.0
0.0
0.0001
0.0341
0.1263
0.2591
0.4078
0.5149
0.5779
0.6118
0.6108
0.5817
0.5117
0.4138
0.2933
0.1674
0.0641
0.0057
0.0
0.0
0.0
0.0
0.0
0.0
0.0
0.0
0.0002
0.03
0.1181
0.2399
0.346
0.4216
0.4857
0.5226
0.5362
0.5082
0.4507
0.3587
0.2475
0.1376
0.0529
0.005
0.0
0.0
0.0
0.0
0.0
0.0
0.0
0.0
0.0001
0.0274
0.1025
0.2113
0.3222
0.3909
0.4131
0.4084
0.3678
0.3181
0.2591
0.1897
0.1236
0.0636
0.021
0.0008
0.0
0.0
0.0
0.0
0.0
0.0
0.0
0.0
0.0
0.0108
0.055
0.1148
0.1791
0.2366
0.2787
0.3153
0.3412
0.3383
0.3146
0.2569
0.1848
0.1068
0.0379
0.0015
0.0
0.0
0.0
0.0
0.0
0.0
0.0
0.0
0.0
0.0284
0.1121
0.2252
0.3416
0.4394
0.5019
0.5219
0.5031
0.4574
0.3912
0.3072
0.2202
0.1273
0.0467
0.0025
0.0
0.0
0.0
0.0
0.0
0.0
0.0
0.0
0.0
0.0281
0.1136
0.2368
0.3654
0.4641
0.5302
0.5377
0.4934
0.452
0.3964
0.3235
0.2217
0.1192
0.0378
0.0013
0.0
0.0
0.0
0.0
0.0
0.0
0.0
0.0
0.0
0.0251
0.1134
0.2373
0.3599
0.458
0.5008
0.5237
0.505
0.4733
0.4104
0.3182
0.2172
0.114
0.0347
0.0012
0.0
0.0
0.0
0.0
0.0
0.0
0.0
0.0
0.0
0.0233
0.1091
0.2299
0.3513
0.4547
0.5488
0.6058
0.6247
0.5961
0.5256
0.4205
0.296
0.1665
0.0563
0.0029
0.0
0.0
0.0
0.0
0.0
0.0
0.0
0.0
0.0
0.0322
0.139
0.2786
0.4115
0.5231
0.5993
0.6379
0.6366
0.5996
0.5256
0.4178
0.2845
0.1524
0.047
0.0019
0.0
0.0
0.0
0.0
0.0
0.0
0.0
0.0
0.0
0.0269
0.1242
0.2541
0.3795
0.4903
0.5681
0.6029
0.597
0.5509
0.4726
0.3652
0.2427
0.1284
0.0397
0.0017
0.0
0.0
0.0
0.0
0.0
0.0
0.0
0.0
0.0
0.0114
0.0639
0.1423
0.2371
0.3356
0.4226
0.4822
0.4927
0.4676
0.4043
0.3191
0.2142
0.1109
0.0325
0.0006
0.0
0.0
0.0
0.0
0.0
0.0
0.0
0.0
0.0
0.0092
0.0464
0.0899
0.1263
0.1552
0.1879
0.2118
0.2282
0.2394
0.2299
0.2022
0.1535
0.093
0.0279
0.0002
0.0
0.0
0.0
0.0
0.0
0.0
0.0
0.0
0.0
0.0125
0.0785
0.1733
0.2698
0.342
0.4018
0.4145
0.4073
0.3805
0.3344
0.2605
0.1836
0.0992
0.0279
0.0004
0.0
0.0
0.0
0.0
0.0
0.0
0.0
0.0
0.0
0.0161
0.1001
0.2184
0.348
0.4563
0.5133
0.5511
0.5389
0.4574
0.3509
0.2492
0.1585
0.0787
0.0191
0.0002
0.0
0.0
0.0
0.0
0.0
0.0
0.0
0.0
0.0
0.0059
0.0529
0.1242
0.2137
0.3132
0.3951
0.4511
0.4665
0.4476
0.3963
0.3116
0.2104
0.1104
0.0283
0.0001
0.0
0.0
0.0
0.0
0.0
0.0
0.0
0.0
0.0
0.0085
0.0671
0.1535
0.253
0.3466
0.4082
0.4452
0.4524
0.4182
0.3539
0.2612
0.1662
0.0797
0.0171
0.0
0.0
0.0
0.0
0.0
0.0
0.0
0.0
0.0
0.0
0.0115
0.094
0.2275
0.3734
0.4868
0.5519
0.5692
0.5359
0.4955
0.4271
0.3035
0.1895
0.0859
0.0198
0.0001
0.0
0.0
0.0
0.0
0.0
0.0
0.0
0.0
0.0
0.0069
0.0601
0.1444
0.2367
0.3229
0.3846
0.4109
0.3919
0.3294
0.2476
0.1813
0.1204
0.0603
0.0126
0.0
0.0
0.0
0.0
0.0
0.0
0.0
0.0
0.0
0.0
0.0137
0.1088
0.2427
0.3839
0.485
0.562
0.5966
0.5896
0.5517
0.4883
0.3854
0.2504
0.1227
0.0303
0.0001
0.0
0.0
0.0
0.0
0.0
0.0
0.0
0.0
0.0
0.0061
0.0552
0.1377
0.2184
0.2833
0.3391
0.3826
0.389
0.3436
0.2785
0.2078
0.1318
0.0583
0.0104
0.0
0.0
0.0
0.0
0.0
0.0
0.0
0.0
0.0
0.0
0.0025
0.0504
0.1406
0.252
0.3678
0.4578
0.5032
0.4961
0.4685
0.4056
0.3109
0.2029
0.1029
0.022
0.0
0.0
0.0
0.0
0.0
0.0
0.0
0.0
0.0
0.0
0.0069
0.0881
0.2068
0.3447
0.4676
0.5499
0.5796
0.5633
0.5107
0.4249
0.3259
0.2063
0.0983
0.019
0.0
0.0
0.0
0.0
0.0
0.0
0.0
0.0
0.0
0.0
0.0058
0.0883
0.2169
0.3394
0.4527
0.5304
0.5659
0.5583
0.5092
0.441
0.3468
0.2237
0.1023
0.017
0.0
0.0
0.0
0.0
0.0
0.0
0.0
0.0
0.0
0.0
0.0039
0.0631
0.1661
0.3027
0.4289
0.5166
0.559
0.5516
0.4972
0.401
0.2772
0.1695
0.0745
0.012
0.0
0.0
0.0
0.0
0.0
0.0
0.0
0.0
0.0
0.0
0.004
0.0646
0.1495
0.2343
0.349
0.4314
0.4288
0.3894
0.3391
0.2862
0.2264
0.1381
0.0543
0.0065
0.0
0.0
0.0
0.0
0.0
0.0
0.0
0.0
0.0
0.0
0.0008
0.037
0.1107
0.2145
0.3138
0.3641
0.3655
0.3186
0.2797
0.2851
0.2554
0.1751
0.0802
0.0114
0.0
0.0
0.0
0.0
0.0
0.0
0.0
0.0
0.0
0.0
0.0017
0.0541
0.1421
0.2254
0.2834
0.2955
0.2815
0.2629
0.2156
0.1632
0.1194
0.0761
0.0355
0.0042
0.0
0.0
0.0
0.0
0.0
0.0
0.0
0.0
0.0
0.0
0.0011
0.0475
0.1421
0.2557
0.3478
0.408
0.4263
0.4176
0.3785
0.3064
0.2178
0.125
0.0511
0.007
0.0
0.0
0.0
0.0
0.0
0.0
0.0
0.0
0.0
0.0
0.0002
0.0242
0.0892
0.1849
0.2814
0.3486
0.3798
0.3785
0.3589
0.3125
0.2451
0.1558
0.0688
0.0071
0.0
0.0
0.0
0.0
0.0
0.0
0.0
0.0
0.0
0.0
0.0007
0.0488
0.1483
0.2647
0.3709
0.4495
0.4995
0.5095
0.473
0.4024
0.3054
0.1858
0.075
0.0077
0.0
0.0
0.0
0.0
0.0
0.0
0.0
0.0
0.0
0.0
0.0002
0.0445
0.1498
0.2614
0.3564
0.4139
0.433
0.4306
0.402
0.3497
0.261
0.1609
0.061
0.0037
0.0
0.0
0.0
0.0
0.0
0.0
0.0
0.0
0.0
0.0
0.0005
0.0387
0.135
0.2424
0.3364
0.4134
0.4674
0.4971
0.4818
0.4143
0.3076
0.1828
0.0737
0.0046
0.0
0.0
0.0
0.0
0.0
0.0
0.0
0.0
0.0
0.0
0.0003
0.0334
0.1178
0.2206
0.3104
0.368
0.3809
0.3573
0.3204
0.261
0.1764
0.1005
0.0379
0.0017
0.0
0.0
0.0
0.0
0.0
0.0
0.0
0.0
0.0
0.0
0.0
0.0249
0.0896
0.1684
0.2528
0.3174
0.3527
0.3582
0.3458
0.2995
0.2294
0.1374
0.0571
0.0036
0.0
0.0
0.0
0.0
0.0
0.0
0.0
0.0
0.0
0.0
0.0002
0.0436
0.1641
0.3104
0.4189
0.4985
0.5261
0.519
0.475
0.3926
0.2826
0.1659
0.0632
0.0019
0.0
0.0
0.0
0.0
0.0
0.0
0.0
0.0
0.0
0.0
0.0001
0.0409
0.1364
0.2318
0.3161
0.3765
0.4096
0.4096
0.374
0.306
0.2183
0.1204
0.0408
0.0006
0.0
0.0
0.0
0.0
0.0
0.0
0.0
0.0
0.0
0.0
0.0
0.0262
0.1068
0.2094
0.2967
0.3632
0.3942
0.3898
0.3552
0.2955
0.209
0.1162
0.0375
0.0009
0.0
0.0
0.0
0.0
0.0
0.0
0.0
0.0
0.0
0.0
0.0
0.0331
0.139
0.2523
0.3522
0.4294
0.4754
0.4784
0.4503
0.3832
0.2846
0.1648
0.0577
0.0011
0.0
0.0
0.0
0.0
0.0
0.0
0.0
0.0
0.0
0.0
0.0
0.0337
0.1466
0.2733
0.3791
0.4537
0.4894
0.4794
0.4436
0.3675
0.2631
0.1457
0.0456
0.0007
0.0
0.0
0.0
0.0
0.0
0.0
0.0
0.0
0.0
0.0
0.0
0.0119
0.0741
0.1703
0.2813
0.3675
0.4295
0.4553
0.4412
0.3889
0.2917
0.1687
0.0565
0.0007
0.0
0.0
0.0
0.0
0.0
0.0
0.0
0.0
0.0
0.0
0.0
0.0148
0.0804
0.1701
0.2675
0.3543
0.3995
0.4183
0.3925
0.3386
0.2549
0.1534
0.0528
0.0004
0.0
0.0
0.0
0.0
0.0
0.0
0.0
0.0
0.0
0.0
0.0
0.0316
0.1439
0.2684
0.3745
0.4432
0.4544
0.4445
0.4066
0.3337
0.2318
0.122
0.0342
0.0004
0.0
0.0
0.0
0.0
0.0
0.0
0.0
0.0
0.0
0.0
0.0
0.0161
0.0891
0.1884
0.282
0.3574
0.3852
0.3788
0.3421
0.2795
0.1995
0.1086
0.0289
0.0001
0.0
0.0
0.0
0.0
0.0
0.0
0.0
0.0
0.0
0.0
0.0
0.0155
0.0942
0.2025
0.3155
0.3939
0.4245
0.4342
0.4072
0.3276
0.2292
0.1164
0.0307
0.0
0.0
0.0
0.0
0.0
0.0
0.0
0.0
0.0
0.0
0.0
0.0
0.0166
0.0946
0.1975
0.2995
0.3842
0.42
0.4048
0.3331
0.2317
0.1429
0.0747
0.0182
0.0001
0.0
0.0
0.0
0.0
0.0
0.0
0.0
0.0
0.0
0.0
0.0
0.0107
0.0944
0.2235
0.3533
0.4615
0.5216
0.5253
0.4902
0.3914
0.267
0.1291
0.0311
0.0
0.0
0.0
0.0
0.0
0.0
0.0
0.0
0.0
0.0
0.0
0.0
0.0165
0.1021
0.1934
0.2592
0.3395
0.3797
0.3822
0.3557
0.3035
0.2174
0.1067
0.0248
0.0
0.0
0.0
0.0
0.0
0.0
0.0
0.0
0.0
0.0
0.0
0.0
0.0115
0.0766
0.1578
0.219
0.2469
0.2435
0.2385
0.2146
0.1722
0.1087
0.0479
0.0085
0.0
0.0
0.0
0.0
0.0
0.0
0.0
0.0
0.0
0.0
0.0
0.0
0.0046
0.0657
0.1811
0.3268
0.43
0.4705
0.4672
0.4303
0.3504
0.2439
0.1294
0.032
0.0
0.0
0.0
0.0
0.0
0.0
0.0
0.0
0.0
0.0
0.0
0.0
0.0032
0.0524
0.1263
0.2055
0.2715
0.3116
0.32
0.2948
0.2406
0.1659
0.0856
0.0189
0.0
0.0
0.0
0.0
0.0
0.0
0.0
0.0
0.0
0.0
0.0
0.0
0.0024
0.0345
0.0843
0.1433
0.2073
0.2615
0.2845
0.2945
0.263
0.1871
0.1001
0.023
0.0
0.0
0.0
0.0
0.0
0.0
0.0
0.0
0.0
0.0
0.0
0.0
0.006
0.0744
0.1688
0.2521
0.2875
0.2721
0.2559
0.2141
0.1589
0.1088
0.0639
0.012
0.0
0.0
0.0
0.0
0.0
0.0
0.0
0.0
0.0
0.0
0.0
0.0
0.0032
0.0669
0.1719
0.2681
0.331
0.3836
0.4069
0.3856
0.303
0.1957
0.1033
0.0209
0.0
0.0
0.0
0.0
0.0
0.0
0.0
0.0
0.0
0.0
0.0
0.0
0.0048
0.0729
0.1907
0.3111
0.3893
0.417
0.414
0.3738
0.2979
0.1923
0.0826
0.0112
0.0
0.0
0.0
0.0
0.0
0.0
0.0
0.0
0.0
0.0
0.0
0.0
0.0014
0.0422
0.1235
0.2164
0.2913
0.3165
0.308
0.2759
0.2278
0.1643
0.0863
0.0166
0.0
0.0
0.0
0.0
0.0
0.0
0.0
0.0
0.0
0.0
0.0
0.0
0.0018
0.0731
0.2023
0.371
0.522
0.5777
0.5778
0.5335
0.4489
0.3243
0.1755
0.0302
0.0
0.0
0.0
0.0
0.0
0.0
0.0
0.0
0.0
0.0
0.0
0.0
0.004
0.069
0.1946
0.3608
0.4809
0.5402
0.5494
0.5054
0.4183
0.2952
0.1506
0.0197
0.0
0.0
0.0
0.0
0.0
0.0
0.0
0.0
0.0
0.0
0.0
0.0
0.0018
0.0528
0.1396
0.2301
0.3264
0.3737
0.3745
0.3258
0.2554
0.1618
0.0703
0.0058
0.0
0.0
0.0
0.0
0.0
0.0
0.0
0.0
0.0
0.0
0.0
0.0
0.0021
0.0774
0.213
0.3325
0.44
0.5076
0.5301
0.5032
0.4262
0.3041
0.1617
0.0194
0.0
0.0
0.0
0.0
0.0
0.0
0.0
0.0
0.0
0.0
0.0
0.0
0.0006
0.0706
0.2242
0.3651
0.4613
0.5217
0.5206
0.4814
0.3931
0.2694
0.1279
0.0122
0.0
0.0
0.0
0.0
0.0
0.0
0.0
0.0
0.0
0.0
0.0
0.0
0.0
0.0275
0.1059
0.2061
0.2996
0.3217
0.3134
0.2809
0.2171
0.1305
0.0584
0.004
0.0
0.0
0.0
0.0
0.0
0.0
0.0
0.0
0.0
0.0
0.0
0.0
0.0001
0.0488
0.1642
0.2889
0.3846
0.4488
0.4532
0.4021
0.3158
0.1966
0.074
0.0045
0.0
0.0
0.0
0.0
0.0
0.0
0.0
0.0
0.0
0.0
0.0
0.0
0.0002
0.0476
0.1692
0.3278
0.4563
0.5055
0.4982
0.4484
0.3595
0.2459
0.1079
0.0059
0.0
0.0
0.0
0.0
0.0
0.0
0.0
0.0
0.0
0.0
0.0
0.0
0.0
0.0276
0.1109
0.2379
0.365
0.4158
0.4218
0.3806
0.306
0.2032
0.089
0.0052
0.0
0.0
0.0
0.0
0.0
0.0
0.0
0.0
0.0
0.0
0.0
0.0
0.0001
0.0265
0.1102
0.2274
0.3403
0.3982
0.4218
0.381
0.3006
0.1836
0.0667
0.0021
0.0
0.0
0.0
0.0
0.0
0.0
0.0
0.0
0.0
0.0
0.0
0.0
0.0
0.0312
0.1292
0.249
0.3562
0.3818
0.3747
0.3349
0.2621
0.1573
0.0665
0.0024
0.0
0.0
0.0
0.0
0.0
0.0
0.0
0.0
0.0
0.0
0.0
0.0
0.0
0.0218
0.1113
0.231
0.3315
0.3599
0.3362
0.2949
0.2296
0.1414
0.0546
0.001
0.0
0.0
0.0
0.0
0.0
0.0
0.0
0.0
0.0
0.0
0.0
0.0
0.0
0.0172
0.081
0.1708
0.2631
0.3156
0.3298
0.2952
0.2177
0.1321
0.0488
0.0008
0.0
0.0
0.0
0.0
0.0
0.0
0.0
0.0
0.0
0.0
0.0
0.0
0.0
0.0119
0.0614
0.1317
0.2082
0.2599
0.2564
0.2288
0.1669
0.0924
0.0308
0.0005
0.0
0.0
0.0
0.0
0.0
0.0
0.0
0.0
0.0
0.0
0.0
0.0
0.0
0.0088
0.0611
0.1352
0.2187
0.2858
0.3034
0.2855
0.236
0.1529
0.0602
0.0003
0.0
0.0
0.0
0.0
0.0
0.0
0.0
0.0
0.0
0.0
0.0
0.0
0.0
0.017
0.0981
0.2125
0.3133
0.3678
0.3663
0.3309
0.26
0.1619
0.0655
0.0003
0.0
0.0
0.0
0.0
0.0
0.0
0.0
0.0
0.0
0.0
0.0
0.0
0.0
0.0099
0.0804
0.1825
0.2809
0.3488
0.3639
0.3279
0.2526
0.1424
0.0454
0.0001
0.0
0.0
0.0
0.0
0.0
0.0
0.0
0.0
0.0
0.0
0.0
0.0
0.0
0.0134
0.0952
0.2191
0.3228
0.3866
0.4047
0.375
0.3078
0.1846
0.0602
0.0001
0.0
0.0
0.0
0.0
0.0
0.0
0.0
0.0
0.0
0.0
0.0
0.0
0.0
0.012
0.0858
0.1937
0.3002
0.3748
0.3973
0.3608
0.2764
0.1562
0.0462
0.0
0.0
0.0
0.0
0.0
0.0
0.0
0.0
0.0
0.0
0.0
0.0
0.0
0.0
0.0042
0.041
0.1066
0.1961
0.2695
0.2977
0.2813
0.2202
0.1271
0.0361
0.0
0.0
0.0
0.0
0.0
0.0
0.0
0.0
0.0
0.0
0.0
0.0
0.0
0.0
0.0071
0.0667
0.1593
0.2675
0.3627
0.4037
0.3839
0.2956
0.1741
0.0487
0.0
0.0
0.0
0.0
0.0
0.0
0.0
0.0
0.0
0.0
0.0
0.0
0.0
0.0
0.0068
0.0764
0.1776
0.2823
0.3655
0.3775
0.34
0.256
0.1372
0.0375
0.0001
0.0
0.0
0.0
0.0
0.0
0.0
0.0
0.0
0.0
0.0
0.0
0.0
0.0
0.0026
0.0461
0.113
0.1815
0.2307
0.2544
0.2286
0.172
0.0921
0.0228
0.0
0.0
0.0
0.0
0.0
0.0
0.0
0.0
0.0
0.0
0.0
0.0
0.0
0.0
0.0065
0.0624
0.1425
0.2266
0.2926
0.3131
0.2732
0.192
0.0884
0.0164
0.0
0.0
0.0
0.0
0.0
0.0
0.0
0.0
0.0
0.0
0.0
0.0
0.0
0.0
0.0054
0.0699
0.1702
0.2503
0.3043
0.3117
0.2767
0.2127
0.1119
0.0255
0.0
0.0
0.0
0.0
0.0
0.0
0.0
0.0
0.0
0.0
0.0
0.0
0.0
0.0
0.0049
0.0483
0.1138
0.172
0.2047
0.1904
0.1543
0.1003
0.048
0.0087
0.0
0.0
0.0
0.0
0.0
0.0
0.0
0.0
0.0
0.0
0.0
0.0
0.0
0.0
0.0042
0.0681
0.1563
0.23
0.2782
0.3017
0.2524
0.1722
0.0854
0.0137
0.0
0.0
0.0
0.0
0.0
0.0
0.0
0.0
0.0
0.0
0.0
0.0
0.0
0.0
0.0015
0.0387
0.1002
0.1551
0.1745
0.1666
0.1348
0.0904
0.0462
0.0072
0.0
0.0
0.0
0.0
0.0
0.0
0.0
0.0
0.0
0.0
0.0
0.0
0.0
0.0
0.0019
0.0263
0.068
0.1127
0.1454
0.1611
0.1544
0.1191
0.0616
0.0106
0.0
0.0
0.0
0.0
0.0
0.0
0.0
0.0
0.0
0.0
0.0
0.0
0.0
0.0
0.0042
0.0563
0.14
0.223
0.2727
0.2748
0.2403
0.1762
0.0943
0.0148
0.0
0.0
0.0
0.0
0.0
0.0
0.0
0.0
0.0
0.0
0.0
0.0
0.0
0.0
0.0005
0.0465
0.136
0.2139
0.2576
0.2669
0.2375
0.1787
0.1002
0.0148
0.0
0.0
0.0
0.0
0.0
0.0
0.0
0.0
0.0
0.0
0.0
0.0
0.0
0.0
0.0022
0.0613
0.1856
0.2794
0.328
0.3214
0.285
0.213
0.1071
0.0131
0.0
0.0
0.0
0.0
0.0
0.0
0.0
0.0
0.0
0.0
0.0
0.0
0.0
0.0
0.0002
0.0154
0.0506
0.0814
0.0989
0.0999
0.0854
0.0572
0.0232
0.0011
0.0
0.0
0.0
0.0
0.0
0.0
0.0
0.0
0.0
0.0
0.0
0.0
0.0
0.0
0.0006
0.032
0.0961
0.1517
0.1846
0.1885
0.1725
0.1328
0.0705
0.0081
0.0
0.0
0.0
0.0
0.0
0.0
0.0
0.0
0.0
0.0
0.0
0.0
0.0
0.0
0.0003
0.0421
0.1446
0.2463
0.3055
0.3198
0.2783
0.1983
0.1014
0.0094
0.0
0.0
0.0
0.0
0.0
0.0
0.0
0.0
0.0
0.0
0.0
0.0
0.0
0.0
0.0002
0.0307
0.1097
0.1765
0.2037
0.1979
0.1624
0.1092
0.0502
0.0036
0.0
0.0
0.0
0.0
0.0
0.0
0.0
0.0
0.0
0.0
0.0
0.0
0.0
0.0
0.0005
0.0381
0.1339
0.2438
0.3045
0.3055
0.2673
0.1886
0.0936
0.0069
0.0
0.0
0.0
0.0
0.0
0.0
0.0
0.0
0.0
0.0
0.0
0.0
0.0
0.0
0.0001
0.0248
0.0848
0.1378
0.1607
0.1473
0.1059
0.0555
0.0144
0.0
0.0
0.0
0.0
0.0
0.0
0.0
0.0
0.0
0.0
0.0
0.0
0.0
0.0
0.0
0.0
0.0131
0.054
0.0952
0.1213
0.1271
0.1111
0.0765
0.0327
0.001
0.0
0.0
0.0
0.0
0.0
0.0
0.0
0.0
0.0
0.0
0.0
0.0
0.0
0.0
0.0
0.0123
0.064
0.1312
0.1895
0.2183
0.204
0.1499
0.0696
0.0033
0.0
0.0
0.0
0.0
0.0
0.0
0.0
0.0
0.0
0.0
0.0
0.0
0.0
0.0
0.0002
0.024
0.0815
0.1391
0.1815
0.1839
0.1531
0.0951
0.0348
0.0005
0.0
0.0
0.0
0.0
0.0
0.0
0.0
0.0
0.0
0.0
0.0
0.0
0.0
0.0
0.0
0.0057
0.0453
0.0942
0.1254
0.1357
0.1227
0.0811
0.0385
0.0012
0.0
0.0
0.0
0.0
0.0
0.0
0.0
0.0
0.0
0.0
0.0
0.0
0.0
0.0
0.0
0.0078
0.0376
0.0769
0.1099
0.122
0.1033
0.0622
0.0233
0.0003
0.0
0.0
0.0
0.0
0.0
0.0
0.0
0.0
0.0
0.0
0.0
0.0
0.0
0.0
0.0
0.0072
0.0391
0.0775
0.1105
0.1166
0.0965
0.0626
0.0243
0.0003
0.0
0.0
0.0
0.0
0.0
0.0
0.0
0.0
0.0
0.0
0.0
0.0
0.0
0.0
0.0
0.0113
0.0539
0.103
0.1452
0.1596
0.1368
0.0884
0.0274
0.0
0.0
0.0
0.0
0.0
0.0
0.0
0.0
0.0
0.0
0.0
0.0
0.0
0.0
0.0
0.0
0.0185
0.0936
0.1695
0.1881
0.1776
0.1459
0.0864
0.0285
0.0003
0.0
0.0
0.0
0.0
0.0
0.0
0.0
0.0
0.0
0.0
0.0
0.0
0.0
0.0
0.0
0.0057
0.0424
0.0898
0.1066
0.0975
0.0771
0.0544
0.0235
0.0002
0.0
0.0
0.0
0.0
0.0
0.0
0.0
0.0
0.0
0.0
0.0
0.0
0.0
0.0
0.0
0.0072
0.0485
0.1051
0.1391
0.1448
0.1204
0.0769
0.0249
0.0
0.0
0.0
0.0
0.0
0.0
0.0
0.0
0.0
0.0
0.0
0.0
0.0
0.0
0.0
0.0
0.0083
0.0528
0.1141
0.1492
0.1508
0.113
0.0628
0.0159
0.0
0.0
0.0
0.0
0.0
0.0
0.0
0.0
0.0
0.0
0.0
0.0
0.0
0.0
0.0
0.0
0.0045
0.044
0.1034
0.1571
0.1753
0.1553
0.0966
0.0296
0.0
0.0
0.0
0.0
0.0
0.0
0.0
0.0
0.0
0.0
0.0
0.0
0.0
0.0
0.0
0.0
0.004
0.0496
0.0948
0.1195
0.115
0.0838
0.0463
0.0134
0.0
0.0
0.0
0.0
0.0
0.0
0.0
0.0
0.0
0.0
0.0
0.0
0.0
0.0
0.0
0.0
0.0026
0.0276
0.0636
0.0934
0.1052
0.0927
0.0576
0.0169
0.0
0.0
0.0
0.0
0.0
0.0
0.0
0.0
0.0
0.0
0.0
0.0
0.0
0.0
0.0
0.0
0.0062
0.0589
0.1324
0.1843
0.2086
0.1864
0.1187
0.0385
0.0001
0.0
0.0
0.0
0.0
0.0
0.0
0.0
0.0
0.0
0.0
0.0
0.0
0.0
0.0
0.0
0.0145
0.1039
0.2072
0.2758
0.3094
0.2804
0.1925
0.0725
0.0001
0.0
0.0
0.0
0.0
0.0
0.0
0.0
0.0
0.0
0.0
0.0
0.0
0.0
0.0
0.0
0.0168
0.1047
0.2061
0.2843
0.3108
0.277
0.1946
0.081
0.0002
0.0
0.0
0.0
0.0
0.0
0.0
0.0
0.0
0.0
0.0
0.0
0.0
0.0
0.0
0.0
0.0074
0.0468
0.0997
0.1399
0.1477
0.1239
0.0741
0.0192
0.0
0.0
0.0
0.0
0.0
0.0
0.0
0.0
0.0
0.0
0.0
0.0
0.0
0.0
0.0
0.0
0.0018
0.0291
0.0841
0.1367
0.1675
0.152
0.0925
0.0216
0.0
0.0
0.0
0.0
0.0
0.0
0.0
0.0
0.0
0.0
0.0
0.0
0.0
0.0
0.0
0.0
0.016
0.1005
0.2057
0.2725
0.2935
0.2602
0.1758
0.0613
0.0001
0.0
0.0
0.0
0.0
0.0
0.0
0.0
0.0
0.0
0.0
0.0
0.0
0.0
0.0
0.0
0.0217
0.1138
0.2223
0.2802
0.2825
0.2455
0.1682
0.065
0.0001
0.0
0.0
0.0
0.0
0.0
0.0
0.0
0.0
0.0
0.0
0.0
0.0
0.0
0.0
0.0
0.0142
0.073
0.1435
0.1883
0.1934
0.1642
0.1071
0.0364
0.0
0.0
0.0
0.0
0.0
0.0
0.0
0.0
0.0
0.0
0.0
0.0
0.0
0.0
0.0
0.0
0.0038
0.0369
0.0852
0.129
0.1483
0.1348
0.0861
0.0239
0.0
0.0
0.0
0.0
0.0
0.0
0.0
0.0
0.0
0.0
0.0
0.0
0.0
0.0
0.0
0.0
0.0028
0.0352
0.0849
0.1296
0.1494
0.1298
0.0759
0.0178
0.0
0.0
0.0
0.0
0.0
0.0
0.0
0.0
0.0
0.0
0.0
0.0
0.0
0.0
0.0
0.0
0.0055
0.0487
0.1202
0.1824
0.2103
0.1799
0.1168
0.0327
0.0
0.0
0.0
0.0
0.0
0.0
0.0
0.0
0.0
0.0
0.0
0.0
0.0
0.0
0.0
0.0
0.0142
0.1127
0.2371
0.3158
0.3327
0.2814
0.1731
0.0386
0.0
0.0
0.0
0.0
0.0
0.0
0.0
0.0
0.0
0.0
0.0
0.0
0.0
0.0
0.0
0.0
0.0028
0.0348
0.0903
0.1351
0.14
0.1063
0.0536
0.0081
0.0
0.0
0.0
0.0
0.0
0.0
0.0
0.0
0.0
0.0
0.0
0.0
0.0
0.0
0.0
0.0
0.0013
0.0136
0.0348
0.0516
0.0479
0.0315
0.0135
0.0018
0.0
0.0
0.0
0.0
0.0
0.0
0.0
0.0
0.0
0.0
0.0
0.0
0.0
0.0
0.0
0.0
0.0029
0.0289
0.0808
0.1405
0.1685
0.1414
0.0776
0.0136
0.0
0.0
0.0
0.0
0.0
0.0
0.0
0.0
0.0
0.0
0.0
0.0
0.0
0.0
0.0
0.0
0.0015
0.0238
0.0619
0.0948
0.109
0.1061
0.0664
0.0136
0.0
0.0
0.0
0.0
0.0
0.0
0.0
0.0
0.0
0.0
0.0
0.0
0.0
0.0
0.0
0.0
0.002
0.0176
0.0516
0.0824
0.0921
0.075
0.0356
0.0045
0.0
0.0
0.0
0.0
0.0
0.0
0.0
0.0
0.0
0.0
0.0
0.0
0.0
0.0
0.0
0.0
0.0001
0.0109
0.0344
0.0489
0.0451
0.034
0.0175
0.0017
0.0
0.0
0.0
0.0
0.0
0.0
0.0
0.0
0.0
0.0
0.0
0.0
0.0
0.0
0.0
0.0
0.0006
0.015
0.045
0.0735
0.0864
0.0665
0.0308
0.0037
0.0
0.0
0.0
0.0
0.0
0.0
0.0
0.0
0.0
0.0
0.0
0.0
0.0
0.0
0.0
0.0
0.0001
0.0094
0.0316
0.0529
0.0594
0.0428
0.0193
0.0025
0.0
0.0
0.0
0.0
0.0
0.0
0.0
0.0
0.0
0.0
0.0
0.0
0.0
0.0
0.0
0.0
0.0002
0.0155
0.0475
0.0709
0.0783
0.0671
0.0359
0.0052
0.0
0.0
0.0
0.0
0.0
0.0
0.0
0.0
0.0
0.0
0.0
0.0
0.0
0.0
0.0
0.0
0.0031
0.0322
0.0887
0.1459
0.1639
0.1419
0.0796
0.0121
0.0
0.0
0.0
0.0
0.0
0.0
0.0
0.0
0.0
0.0
0.0
0.0
0.0
0.0
0.0
0.0
0.0005
0.013
0.0408
0.0622
0.0701
0.0603
0.0341
0.0062
0.0
0.0
0.0
0.0
0.0
0.0
0.0
0.0
0.0
0.0
0.0
0.0
0.0
0.0
0.0
0.0
0.0004
0.0135
0.0382
0.061
0.0689
0.0562
0.0283
0.0037
0.0
0.0
0.0
0.0
0.0
0.0
0.0
0.0
0.0
0.0
0.0
0.0
0.0
0.0
0.0
0.0
0.0003
0.019
0.0573
0.0838
0.0862
0.0633
0.0294
0.0027
0.0
0.0
0.0
0.0
0.0
0.0
0.0
0.0
0.0
0.0
0.0
0.0
0.0
0.0
0.0
0.0
0.0005
0.014
0.038
0.0589
0.0671
0.0545
0.0273
0.0037
0.0
0.0
0.0
0.0
0.0
0.0
0.0
0.0
0.0
0.0
0.0
0.0
0.0
0.0
0.0
0.0
0.0
0.006
0.024
0.0437
0.0564
0.0517
0.0274
0.0023
0.0
0.0
0.0
0.0
0.0
0.0
0.0
0.0
0.0
0.0
0.0
0.0
0.0
0.0
0.0
0.0
0.0031
0.0378
0.094
0.1366
0.1488
0.1237
0.0652
0.0093
0.0
0.0
0.0
0.0
0.0
0.0
0.0
0.0
0.0
0.0
0.0
0.0
0.0
0.0
0.0
0.0
0.0
0.005
0.0218
0.0449
0.0622
0.0617
0.0364
0.0051
0.0
0.0
0.0
0.0
0.0
0.0
0.0
0.0
0.0
0.0
0.0
0.0
0.0
0.0
0.0
0.0
0.0016
0.0293
0.0972
0.15
0.1599
0.1294
0.0695
0.0104
0.0
0.0
0.0
0.0
0.0
0.0
0.0
0.0
0.0
0.0
0.0
0.0
0.0
0.0
0.0
0.0
0.0003
0.0069
0.0174
0.0239
0.026
0.0244
0.0139
0.001
0.0
0.0
0.0
0.0
0.0
0.0
0.0
0.0
0.0
0.0
0.0
0.0
0.0
0.0
0.0
0.0
0.0013
0.0207
0.0466
0.0686
0.0824
0.0584
0.028
0.0039
0.0
0.0
0.0
0.0
0.0
0.0
0.0
0.0
0.0
0.0
0.0
0.0
0.0
0.0
0.0
0.0
0.0002
0.0118
0.0418
0.0741
0.0879
0.0675
0.032
0.0033
0.0
0.0
0.0
0.0
0.0
0.0
0.0
0.0
0.0
0.0
0.0
0.0
0.0
0.0
0.0
0.0
0.0042
0.0523
0.1228
0.1747
0.1955
0.1757
0.1038
0.02
0.0
0.0
0.0
0.0
0.0
0.0
0.0
0.0
0.0
0.0
0.0
0.0
0.0
0.0
0.0
0.0
0.0033
0.0483
0.1355
0.2143
0.2221
0.1714
0.0854
0.0109
0.0
0.0
0.0
0.0
0.0
0.0
0.0
0.0
0.0
0.0
0.0
0.0
0.0
0.0
0.0
0.0
0.0033
0.0367
0.0856
0.1286
0.1461
0.1307
0.0812
0.0176
0.0
0.0
0.0
0.0
0.0
0.0
0.0
0.0
0.0
0.0
0.0
0.0
0.0
0.0
0.0
0.0
0.0049
0.0357
0.0786
0.115
0.1272
0.1076
0.061
0.011
0.0
0.0
0.0
0.0
0.0
0.0
0.0
0.0
0.0
0.0
0.0
0.0
0.0
0.0
0.0
0.0
0.0005
0.0117
0.0308
0.0486
0.0545
0.0438
0.0231
0.0032
0.0
0.0
0.0
0.0
0.0
0.0
0.0
0.0
