Consumption in Norway in 2017
14912.0
14786.0
14638.0
14442.0
14392.0
14530.0
14826.0
14964.0
15253.0
15702.0
16202.0
16449.0
16570.0
16516.0
16688.0
17128.0
17480.0
17626.0
17643.0
17606.0
17443.0
17280.0
16883.0
16534.0
16091.0
15844.0
15959.0
16011.0
16260.0
16727.0
17885.0
19458.0
20151.0
20312.0
20591.0
20428.0
20287.0
20151.0
20308.0
20571.0
20928.0
20817.0
20459.0
20290.0
20002.0
19686.0
19093.0
18257.0
17609.0
17075.0
16892.0
16884.0
17000.0
17307.0
18675.0
20350.0
20942.0
20775.0
20642.0
20556.0
20197.0
20233.0
20267.0
20539.0
20691.0
20705.0
20337.0
20006.0
19783.0
19388.0
18627.0
17893.0
17318.0
16838.0
16551.0
16639.0
16766.0
17480.0
18980.0
20653.0
21111.0
20930.0
20942.0
21017.0
20991.0
21110.0
21230.0
21339.0
21683.0
21814.0
21503.0
21395.0
21138.0
20694.0
20203.0
19357.0
18756.0
18500.0
18494.0
18575.0
18877.0
19348.0
20745.0
22530.0
23159.0
23143.0
23119.0
22842.0
22546.0
22337.0
22434.0
22714.0
23096.0
23011.0
22785.0
22480.0
22139.0
21638.0
21073.0
20233.0
19734.0
19395.0
19001.0
18915.0
18999.0
19263.0
20611.0
22325.0
22898.0
22703.0
22461.0
22266.0
22049.0
21883.0
21757.0
21709.0
21776.0
21588.0
21067.0
20797.0
19966.0
19392.0
18603.0
17869.0
17292.0
16801.0
16564.0
16427.0
16294.0
16382.0
16694.0
17205.0
18110.0
18744.0
19257.0
19368.0
19295.0
19099.0
18906.0
19024.0
19606.0
19801.0
19751.0
19491.0
19022.0
18613.0
18190.0
17768.0
17305.0
17168.0
16928.0
16795.0
16671.0
16793.0
16983.0
17312.0
17782.0
18355.0
18839.0
18903.0
18837.0
18779.0
18842.0
19055.0
19296.0
19280.0
19127.0
18991.0
18691.0
18417.0
17767.0
17140.0
16674.0
16396.0
16187.0
16193.0
16354.0
16937.0
18286.0
19804.0
20253.0
19992.0
19930.0
19693.0
19650.0
19758.0
19685.0
19758.0
19801.0
19396.0
19092.0
18806.0
18507.0
18163.0
17355.0
16682.0
16126.0
15687.0
15599.0
15624.0
15886.0
16304.0
17839.0
19365.0
19852.0
19699.0
19416.0
19329.0
19464.0
19514.0
19493.0
19549.0
19790.0
19728.0
19380.0
19111.0
18740.0
18321.0
17538.0
16605.0
15897.0
15513.0
15355.0
15513.0
15591.0
15912.0
17199.0
18910.0
19187.0
19370.0
19457.0
19166.0
19127.0
19282.0
19204.0
19321.0
19577.0
19530.0
19276.0
19064.0
18593.0
18391.0
17749.0
16818.0
16393.0
16085.0
15962.0
15945.0
16104.0
16571.0
18002.0
19630.0
20112.0
19909.0
19880.0
19750.0
19507.0
19427.0
19557.0
19710.0
20270.0
20284.0
19986.0
19792.0
19512.0
18900.0
18381.0
17550.0
16880.0
16498.0
16361.0
16389.0
16603.0
17281.0
18856.0
20598.0
21277.0
21180.0
20910.0
20803.0
20376.0
19888.0
19855.0
19925.0
20228.0
20186.0
20136.0
19938.0
19371.0
19042.0
18421.0
17895.0
17340.0
17052.0
16852.0
16749.0
16761.0
16899.0
17436.0
17848.0
18443.0
19227.0
19718.0
19644.0
19341.0
19294.0
19258.0
19388.0
19874.0
20129.0
20067.0
19767.0
19279.0
18793.0
18446.0
17979.0
17634.0
17443.0
17276.0
17235.0
17467.0
17576.0
17854.0
18252.0
18751.0
19348.0
19839.0
19790.0
19473.0
19324.0
19427.0
19701.0
20300.0
20496.0
20396.0
20250.0
20169.0
20039.0
19582.0
18948.0
18288.0
17996.0
17898.0
17997.0
18224.0
18764.0
20409.0
22126.0
22666.0
22442.0
22112.0
21914.0
21785.0
21494.0
21415.0
21612.0
21926.0
21993.0
21803.0
21588.0
21404.0
21100.0
20289.0
19320.0
18466.0
18090.0
17878.0
17761.0
17949.0
18395.0
19634.0
21325.0
21742.0
21462.0
21199.0
21064.0
20877.0
20885.0
20967.0
20957.0
21171.0
21057.0
20742.0
20281.0
19904.0
19459.0
18718.0
17785.0
17243.0
16740.0
16584.0
16551.0
16773.0
17230.0
18614.0
20223.0
20732.0
20401.0
20154.0
19882.0
19714.0
19699.0
19684.0
19742.0
19964.0
19907.0
19576.0
19341.0
18924.0
18635.0
17828.0
17072.0
16464.0
16236.0
16052.0
15968.0
16048.0
16470.0
17931.0
19707.0
19834.0
19711.0
19585.0
19433.0
19356.0
19265.0
19215.0
19270.0
19627.0
19720.0
19433.0
19076.0
18644.0
18284.0
17632.0
16770.0
16220.0
15820.0
15588.0
15613.0
15740.0
16071.0
17315.0
19040.0
19447.0
19291.0
19147.0
18884.0
18585.0
18562.0
18495.0
18480.0
18854.0
18963.0
18735.0
18447.0
17964.0
17422.0
16930.0
16284.0
15732.0
15292.0
15140.0
15132.0
15366.0
15588.0
15964.0
16375.0
17132.0
17872.0
18334.0
18210.0
18000.0
17707.0
17592.0
17798.0
18191.0
18673.0
18726.0
18444.0
18046.0
17600.0
17144.0
16722.0
16373.0
16079.0
15859.0
15820.0
15849.0
15894.0
16120.0
16402.0
16931.0
17355.0
17919.0
18100.0
18035.0
18104.0
18099.0
18243.0
18593.0
18666.0
18624.0
18498.0
18223.0
17975.0
17593.0
16953.0
16342.0
16081.0
15941.0
16015.0
16248.0
16869.0
18236.0
19949.0
20592.0
20412.0
20298.0
19884.0
19936.0
19841.0
19665.0
19840.0
20255.0
20387.0
20130.0
19933.0
19724.0
19361.0
18526.0
17820.0
16935.0
16736.0
16728.0
16773.0
16863.0
17353.0
18966.0
20631.0
21035.0
20701.0
20682.0
20287.0
20271.0
20345.0
20275.0
20300.0
20607.0
20506.0
20127.0
20022.0
19625.0
19163.0
18392.0
17625.0
17050.0
16478.0
16169.0
16186.0
16413.0
16751.0
18166.0
19799.0
20114.0
19876.0
19758.0
19578.0
19429.0
19370.0
19287.0
19345.0
19660.0
19698.0
19426.0
19164.0
18694.0
18204.0
17457.0
16692.0
16009.0
15607.0
15405.0
15492.0
15784.0
16263.0
17611.0
19291.0
19611.0
19547.0
19604.0
19259.0
19077.0
18753.0
18717.0
18955.0
19319.0
19671.0
19543.0
19267.0
18898.0
18574.0
17949.0
17120.0
16585.0
16251.0
16101.0
16076.0
16222.0
16635.0
18121.0
19876.0
20317.0
20155.0
20117.0
19882.0
19630.0
19456.0
19443.0
19422.0
19544.0
19770.0
19730.0
19379.0
18768.0
18279.0
17646.0
17013.0
16527.0
16266.0
16020.0
16012.0
16086.0
16230.0
16444.0
16831.0
17475.0
18155.0
18660.0
18719.0
18616.0
18535.0
18439.0
18443.0
18756.0
18989.0
18882.0
18567.0
18065.0
17599.0
17039.0
16633.0
16256.0
15882.0
15672.0
15580.0
15639.0
15735.0
15968.0
16249.0
16711.0
17373.0
17896.0
18151.0
18204.0
18320.0
18279.0
18363.0
18629.0
18739.0
18536.0
18411.0
18240.0
17860.0
17393.0
16855.0
16252.0
15683.0
15586.0
15717.0
15940.0
16586.0
18099.0
19834.0
20229.0
20053.0
19834.0
19655.0
19447.0
19331.0
19270.0
19419.0
19813.0
19965.0
19826.0
19688.0
19464.0
19091.0
18396.0
17589.0
16923.0
16546.0
16425.0
16487.0
16651.0
17165.0
18511.0
20198.0
20755.0
20557.0
20547.0
20396.0
20189.0
20079.0
20013.0
19971.0
20372.0
20671.0
20484.0
20205.0
19793.0
19398.0
18684.0
17900.0
17169.0
16764.0
16601.0
16639.0
16775.0
17231.0
18631.0
20352.0
20777.0
20483.0
20525.0
20403.0
20427.0
20421.0
20478.0
20499.0
20603.0
20732.0
20470.0
20093.0
19767.0
19388.0
18650.0
17743.0
17151.0
16704.0
16514.0
16467.0
16605.0
17056.0
18519.0
20187.0
20508.0
20173.0
20329.0
20104.0
20059.0
20084.0
19992.0
20074.0
20254.0
20276.0
20006.0
19719.0
19404.0
19017.0
18356.0
17540.0
16825.0
16464.0
16157.0
16204.0
16295.0
16741.0
18124.0
19655.0
20036.0
19876.0
19932.0
19835.0
19709.0
19541.0
19504.0
19371.0
19524.0
19739.0
19522.0
19184.0
18678.0
18135.0
17612.0
17013.0
16496.0
16130.0
15923.0
15805.0
15782.0
15992.0
16337.0
16852.0
17546.0
18275.0
18792.0
18851.0
18586.0
18388.0
18417.0
18642.0
18844.0
19173.0
19259.0
18915.0
18597.0
18121.0
17596.0
17010.0
16622.0
16343.0
16206.0
16005.0
16011.0
16130.0
16376.0
16591.0
17097.0
17680.0
18157.0
18200.0
18124.0
18137.0
18253.0
18346.0
18720.0
19047.0
18995.0
18856.0
18696.0
18297.0
17697.0
17114.0
16671.0
16310.0
16110.0
16228.0
16388.0
16993.0
18368.0
20183.0
20481.0
20320.0
20322.0
20081.0
19942.0
19728.0
19850.0
19999.0
20222.0
20533.0
20426.0
20226.0
19957.0
19632.0
18990.0
18512.0
17535.0
17188.0
17025.0
17124.0
17368.0
18038.0
19557.0
21418.0
21850.0
21758.0
21690.0
21398.0
21298.0
21140.0
21124.0
21260.0
21536.0
21830.0
21741.0
21574.0
21345.0
21034.0
20379.0
19567.0
18750.0
18423.0
18315.0
18385.0
18548.0
19046.0
20651.0
22456.0
22746.0
22632.0
22419.0
22152.0
21974.0
21826.0
21642.0
21720.0
21927.0
22182.0
22181.0
22080.0
21792.0
21414.0
20685.0
19842.0
19286.0
18978.0
18837.0
18814.0
18978.0
19512.0
20993.0
22858.0
23246.0
23034.0
22856.0
22629.0
22347.0
22166.0
21976.0
22022.0
22055.0
22225.0
22163.0
22090.0
21581.0
21084.0
20430.0
19686.0
18920.0
18579.0
18385.0
18355.0
18482.0
18911.0
20329.0
22066.0
22351.0
22243.0
22215.0
21976.0
21695.0
21523.0
21456.0
21338.0
21316.0
21575.0
21576.0
21267.0
20778.0
20241.0
19595.0
18991.0
18342.0
18058.0
17901.0
17789.0
17832.0
17953.0
18319.0
18915.0
19585.0
20193.0
20353.0
20164.0
19897.0
19529.0
19319.0
19262.0
19579.0
20404.0
20667.0
20281.0
19802.0
19408.0
19054.0
18620.0
18117.0
17784.0
17626.0
17661.0
17765.0
17898.0
18253.0
18667.0
19016.0
19444.0
19672.0
19502.0
19337.0
18982.0
18802.0
18824.0
19198.0
19678.0
19871.0
19768.0
19639.0
19481.0
18970.0
18227.0
17683.0
17409.0
17343.0
17369.0
17531.0
18072.0
19625.0
21504.0
21818.0
21637.0
21078.0
20793.0
20302.0
20205.0
19959.0
19840.0
20021.0
20420.0
20500.0
20439.0
20137.0
19775.0
19173.0
18402.0
17751.0
17366.0
17287.0
17373.0
17583.0
18147.0
19929.0
21423.0
21771.0
21566.0
21049.0
20364.0
19957.0
19811.0
19580.0
19560.0
19622.0
20040.0
20396.0
20321.0
20095.0
19791.0
19135.0
18382.0
17709.0
17509.0
17407.0
17450.0
17482.0
17843.0
19433.0
21001.0
21375.0
21257.0
21029.0
20860.0
20601.0
20353.0
20243.0
20238.0
20393.0
20797.0
20632.0
20292.0
19901.0
19475.0
18835.0
17857.0
17316.0
17003.0
16787.0
16840.0
16983.0
17441.0
18768.0
20448.0
20611.0
20505.0
20560.0
20072.0
20025.0
20061.0
20028.0
19854.0
19952.0
20156.0
20061.0
19678.0
19330.0
18819.0
18178.0
17324.0
16605.0
16312.0
16180.0
16166.0
16354.0
16873.0
18339.0
19888.0
20364.0
20374.0
20059.0
19502.0
19286.0
18861.0
18569.0
18451.0
18760.0
19202.0
19485.0
19160.0
18700.0
18247.0
17749.0
17267.0
16852.0
16534.0
16393.0
16402.0
16417.0
16574.0
16877.0
17465.0
18134.0
18802.0
19178.0
19115.0
18871.0
18831.0
18787.0
18543.0
18708.0
19169.0
19128.0
18656.0
18215.0
17773.0
17046.0
16555.0
16114.0
15845.0
15707.0
15495.0
15438.0
15667.0
15783.0
15952.0
16477.0
17085.0
17370.0
17472.0
17321.0
17001.0
16933.0
17140.0
17369.0
17845.0
17984.0
17862.0
17618.0
17256.0
16717.0
16031.0
15494.0
15196.0
15194.0
15231.0
15350.0
15998.0
17360.0
18766.0
19016.0
18981.0
19067.0
18815.0
18787.0
18664.0
18493.0
18280.0
18375.0
18674.0
18750.0
18506.0
18218.0
17850.0
17102.0
16483.0
16074.0
15774.0
15633.0
15531.0
15834.0
16521.0
17700.0
18978.0
19290.0
19267.0
19107.0
18721.0
18620.0
18399.0
18304.0
18303.0
18528.0
18982.0
19241.0
19117.0
18889.0
18446.0
17788.0
17055.0
16451.0
16186.0
16055.0
16125.0
16250.0
16663.0
17973.0
19377.0
19621.0
19530.0
19359.0
19063.0
18915.0
18672.0
18799.0
18828.0
18718.0
18916.0
19247.0
19307.0
18996.0
18640.0
17974.0
17229.0
16775.0
16446.0
16450.0
16466.0
16707.0
17236.0
18432.0
20030.0
20431.0
20515.0
20036.0
19598.0
19249.0
19024.0
18939.0
19062.0
19025.0
19435.0
20076.0
19665.0
19368.0
19227.0
18539.0
17901.0
17417.0
16981.0
17026.0
17123.0
17287.0
17877.0
19244.0
20844.0
21268.0
21009.0
20641.0
20086.0
19659.0
19277.0
19019.0
18750.0
18690.0
19115.0
19702.0
19612.0
19107.0
18741.0
18195.0
17683.0
17089.0
16995.0
16816.0
16832.0
16901.0
17001.0
17523.0
18079.0
18838.0
19452.0
19471.0
19362.0
19099.0
18865.0
18703.0
18942.0
19060.0
19330.0
19575.0
19238.0
18547.0
18062.0
17669.0
17027.0
16740.0
16474.0
16133.0
16068.0
16223.0
16345.0
16619.0
16844.0
17278.0
17667.0
17855.0
17568.0
17341.0
17124.0
17124.0
17181.0
17403.0
17920.0
18489.0
18355.0
18184.0
17888.0
17440.0
16872.0
16393.0
16088.0
15934.0
15900.0
16003.0
16455.0
17986.0
19699.0
19735.0
19242.0
19334.0
18786.0
18662.0
18494.0
18421.0
18332.0
18508.0
18848.0
19077.0
18852.0
18603.0
18085.0
17455.0
16673.0
16118.0
15695.0
15564.0
15646.0
15648.0
16102.0
17421.0
18945.0
19107.0
19084.0
19013.0
18790.0
18665.0
18736.0
18816.0
18748.0
18636.0
18781.0
19075.0
18848.0
18538.0
18233.0
17659.0
16830.0
16318.0
15966.0
15878.0
15899.0
15981.0
16279.0
17855.0
19237.0
19525.0
19432.0
19177.0
18820.0
18633.0
18385.0
18377.0
18291.0
18393.0
18663.0
19204.0
19239.0
18940.0
18486.0
17792.0
17004.0
16596.0
16285.0
16128.0
16229.0
16449.0
17031.0
18585.0
20019.0
20438.0
20111.0
19969.0
19589.0
19240.0
19024.0
18910.0
18931.0
19009.0
19453.0
19621.0
19415.0
19255.0
18732.0
18138.0
17315.0
16757.0
16432.0
16378.0
16444.0
16553.0
17079.0
18380.0
19731.0
20244.0
20064.0
19768.0
19576.0
19203.0
18970.0
18874.0
18786.0
18675.0
18999.0
19371.0
19101.0
18583.0
18189.0
17851.0
17347.0
16868.0
16411.0
16242.0
16278.0
16243.0
16511.0
16855.0
17208.0
18045.0
18589.0
18768.0
18540.0
18224.0
18011.0
17732.0
17801.0
17963.0
18230.0
18668.0
18607.0
18208.0
17864.0
17520.0
17189.0
16778.0
16481.0
16263.0
16187.0
16238.0
16542.0
16887.0
17128.0
17709.0
18165.0
18412.0
18377.0
18337.0
18275.0
18002.0
17862.0
18088.0
18401.0
19177.0
19270.0
18970.0
18789.0
18264.0
17515.0
17060.0
16924.0
16828.0
16880.0
17088.0
17611.0
19275.0
20983.0
21328.0
21040.0
20527.0
20145.0
19931.0
19680.0
19516.0
19393.0
19477.0
19821.0
20266.0
20386.0
20122.0
19716.0
19108.0
18317.0
17777.0
17493.0
17454.0
17528.0
17795.0
18563.0
20035.0
21651.0
21884.0
21487.0
21093.0
20299.0
20088.0
19701.0
19565.0
19574.0
19558.0
19731.0
20276.0
20430.0
20247.0
19963.0
19306.0
18546.0
17924.0
17545.0
17462.0
17403.0
17515.0
18164.0
19731.0
21279.0
21562.0
21239.0
20773.0
20340.0
19890.0
19876.0
19742.0
19842.0
19897.0
20126.0
20437.0
20410.0
20215.0
19776.0
18984.0
18041.0
17629.0
17127.0
17039.0
16933.0
16959.0
17331.0
18763.0
20172.0
20501.0
20313.0
19945.0
19541.0
19236.0
19110.0
18952.0
18889.0
18901.0
18859.0
19184.0
19227.0
18976.0
18660.0
17919.0
17242.0
16819.0
16457.0
16445.0
16428.0
16533.0
17200.0
18327.0
19737.0
19986.0
19442.0
19077.0
18568.0
18102.0
17812.0
17465.0
17407.0
17387.0
17703.0
18324.0
18433.0
17970.0
17488.0
17076.0
16630.0
16136.0
15857.0
15741.0
15806.0
15935.0
16170.0
16522.0
17048.0
17638.0
17950.0
17818.0
17365.0
17150.0
16834.0
16819.0
16839.0
17087.0
17608.0
17990.0
17908.0
17352.0
16969.0
16309.0
15919.0
15871.0
15524.0
15225.0
14944.0
15127.0
15298.0
15562.0
15915.0
16248.0
16818.0
17102.0
17115.0
17007.0
16834.0
16908.0
16939.0
16995.0
16963.0
17425.0
17604.0
17444.0
17201.0
16674.0
15986.0
15475.0
15355.0
15264.0
15304.0
15451.0
15981.0
17694.0
19008.0
19377.0
19190.0
19001.0
18907.0
18891.0
18906.0
18889.0
18829.0
18843.0
18857.0
18850.0
18626.0
18237.0
17902.0
17132.0
16303.0
15739.0
15450.0
15244.0
15285.0
15359.0
15832.0
17047.0
18606.0
18912.0
18643.0
18504.0
18221.0
17926.0
17722.0
17512.0
17254.0
17182.0
17418.0
17766.0
17993.0
17965.0
17559.0
16797.0
15811.0
15461.0
15165.0
15028.0
14971.0
15063.0
15540.0
16844.0
18182.0
18251.0
17971.0
17650.0
17307.0
17232.0
17078.0
17177.0
17063.0
17080.0
17221.0
17533.0
17795.0
17609.0
17294.0
16826.0
15987.0
15446.0
15189.0
15121.0
15181.0
15287.0
15683.0
17145.0
18679.0
18968.0
18626.0
18420.0
17911.0
17647.0
17577.0
17477.0
17658.0
17694.0
17735.0
17741.0
17834.0
17565.0
17288.0
16646.0
15914.0
15450.0
15018.0
15003.0
15149.0
15324.0
15995.0
17299.0
18666.0
18855.0
18565.0
18256.0
17637.0
17330.0
17181.0
17233.0
17118.0
17082.0
17141.0
17486.0
17672.0
17342.0
16993.0
16602.0
16130.0
15613.0
15279.0
15238.0
15293.0
15389.0
15588.0
15877.0
16422.0
16954.0
17290.0
17359.0
17129.0
16744.0
16427.0
16245.0
16162.0
16260.0
16567.0
17103.0
17482.0
17329.0
17172.0
16765.0
16463.0
16072.0
15897.0
15854.0
15808.0
15825.0
15966.0
16065.0
16234.0
16740.0
17079.0
17251.0
17179.0
16929.0
16797.0
16743.0
16813.0
16964.0
17237.0
17550.0
17980.0
17769.0
17547.0
17059.0
16461.0
15902.0
15582.0
15485.0
15541.0
15611.0
16214.0
17501.0
18970.0
19279.0
18942.0
18668.0
18334.0
18191.0
18159.0
18179.0
18166.0
18088.0
18159.0
18058.0
18249.0
17950.0
17538.0
16885.0
15889.0
15369.0
15119.0
15051.0
15038.0
15101.0
15846.0
17189.0
18254.0
18604.0
18182.0
17960.0
17743.0
17710.0
17490.0
17462.0
17488.0
17469.0
17694.0
17788.0
18001.0
18025.0
17525.0
16914.0
16136.0
15682.0
15433.0
15354.0
15536.0
15738.0
16233.0
17379.0
18840.0
18865.0
18366.0
17871.0
17477.0
17226.0
17325.0
17371.0
17250.0
17292.0
17291.0
17641.0
18194.0
18067.0
17734.0
17078.0
16361.0
15909.0
15756.0
15674.0
15664.0
15970.0
16614.0
17899.0
19470.0
19473.0
18879.0
18558.0
18178.0
17872.0
17667.0
17436.0
17498.0
17388.0
17560.0
17937.0
18478.0
18217.0
17860.0
17238.0
16417.0
15937.0
15698.0
15504.0
15488.0
15681.0
16175.0
17539.0
19068.0
19170.0
18692.0
18444.0
17993.0
17741.0
17622.0
17641.0
17746.0
17779.0
17712.0
17999.0
18081.0
17552.0
17058.0
16491.0
16020.0
15515.0
15229.0
15001.0
14975.0
14999.0
15100.0
15277.0
15670.0
16134.0
16471.0
16528.0
16214.0
15929.0
15787.0
15581.0
15586.0
15581.0
15872.0
16404.0
16561.0
16092.0
15660.0
15259.0
14821.0
14340.0
14070.0
13989.0
14058.0
14045.0
14249.0
14365.0
14670.0
14988.0
15185.0
15165.0
15070.0
14888.0
14653.0
14458.0
14432.0
14406.0
14629.0
15007.0
15380.0
15254.0
14882.0
14195.0
13649.0
13228.0
13220.0
13245.0
13678.0
14138.0
15609.0
17260.0
17498.0
17431.0
16876.0
16462.0
16252.0
16126.0
15876.0
15944.0
15696.0
15722.0
15578.0
15764.0
16116.0
15966.0
15377.0
14658.0
14151.0
13835.0
13732.0
13799.0
13989.0
14477.0
16070.0
17456.0
17672.0
17297.0
16982.0
16732.0
16540.0
16431.0
16179.0
16085.0
15917.0
15930.0
15881.0
16115.0
16568.0
16422.0
15860.0
14984.0
14517.0
14257.0
14186.0
14213.0
14408.0
14783.0
16308.0
17820.0
18203.0
18117.0
17920.0
17523.0
17212.0
17081.0
16932.0
16859.0
16730.0
16658.0
16550.0
16710.0
17149.0
17156.0
16671.0
15870.0
15331.0
14834.0
14691.0
14670.0
14801.0
15310.0
16687.0
18090.0
18556.0
18345.0
18264.0
18257.0
18269.0
18117.0
18036.0
17911.0
17762.0
17790.0
17608.0
17512.0
17672.0
17457.0
16716.0
15924.0
15191.0
14866.0
14689.0
14656.0
14763.0
15263.0
16661.0
18035.0
18383.0
18261.0
18031.0
17816.0
17612.0
17490.0
17385.0
17144.0
17040.0
16999.0
16927.0
16846.0
16707.0
16297.0
15824.0
15183.0
14615.0
14202.0
13966.0
13828.0
13819.0
13915.0
14156.0
14540.0
15382.0
15974.0
16154.0
16128.0
15721.0
15465.0
15112.0
14967.0
14825.0
14919.0
15060.0
15223.0
15432.0
15192.0
14828.0
14347.0
14016.0
13768.0
13773.0
13786.0
13664.0
13651.0
13873.0
13959.0
14731.0
15267.0
15402.0
15099.0
14694.0
14486.0
14387.0
14358.0
14239.0
14403.0
14665.0
14776.0
15310.0
15238.0
14793.0
14181.0
13758.0
13510.0
13672.0
13758.0
13839.0
14306.0
15619.0
17155.0
17524.0
17410.0
17081.0
16566.0
16272.0
16144.0
16013.0
15805.0
15679.0
15553.0
15606.0
15771.0
16093.0
15964.0
15462.0
14694.0
14145.0
13737.0
13667.0
13776.0
13951.0
14325.0
15507.0
16946.0
17184.0
16990.0
16849.0
16542.0
16539.0
16397.0
16331.0
16267.0
16159.0
16103.0
16002.0
16064.0
16366.0
16281.0
15687.0
14989.0
14540.0
14120.0
13990.0
13977.0
14056.0
14553.0
15810.0
17306.0
17693.0
17239.0
16910.0
16489.0
16325.0
16292.0
16143.0
15974.0
15912.0
15808.0
15758.0
15747.0
16094.0
16221.0
15702.0
15001.0
14372.0
14170.0
14136.0
14195.0
14422.0
14864.0
16341.0
17674.0
17959.0
17710.0
17511.0
17451.0
17256.0
17072.0
17064.0
16956.0
16584.0
16277.0
16070.0
16140.0
16358.0
16285.0
15773.0
15010.0
14369.0
13956.0
13769.0
13869.0
14006.0
14494.0
15561.0
16914.0
17132.0
16892.0
16510.0
16093.0
15710.0
15533.0
15375.0
15201.0
15036.0
14936.0
14950.0
15093.0
15223.0
15131.0
14656.0
14248.0
13764.0
13434.0
13326.0
13231.0
13279.0
13440.0
13782.0
14287.0
14745.0
15142.0
15332.0
15206.0
14821.0
14707.0
14519.0
14288.0
14429.0
14642.0
14711.0
14772.0
14894.0
14825.0
14422.0
14033.0
13706.0
13516.0
13446.0
13354.0
13418.0
13464.0
13655.0
13879.0
14206.0
14444.0
14592.0
14526.0
14424.0
14233.0
14162.0
14180.0
14243.0
14370.0
14469.0
14614.0
14752.0
14745.0
14553.0
14203.0
13647.0
13424.0
13223.0
13217.0
13209.0
13639.0
14410.0
15496.0
16201.0
16024.0
15977.0
15866.0
15716.0
15596.0
15482.0
15405.0
15374.0
15414.0
15308.0
15471.0
15629.0
15674.0
15280.0
14813.0
14451.0
14117.0
13974.0
13983.0
14152.0
14479.0
15332.0
16454.0
16675.0
16597.0
16581.0
16403.0
16186.0
15953.0
15934.0
15751.0
15711.0
15630.0
15744.0
15952.0
16023.0
15960.0
15528.0
14983.0
14431.0
14197.0
14084.0
14092.0
14259.0
14435.0
15234.0
16029.0
16411.0
16561.0
16481.0
16171.0
15747.0
15498.0
15367.0
15227.0
15080.0
14953.0
14999.0
15183.0
15149.0
15172.0
14732.0
14339.0
13828.0
13574.0
13533.0
13494.0
13518.0
13791.0
14217.0
14809.0
15248.0
15713.0
15899.0
15721.0
15526.0
15331.0
15288.0
15150.0
15396.0
15246.0
15187.0
15032.0
15196.0
15271.0
15012.0
14705.0
14399.0
14176.0
14165.0
14246.0
14371.0
14582.0
14821.0
15275.0
15613.0
15835.0
15808.0
15602.0
15348.0
15250.0
15164.0
15030.0
14862.0
14762.0
14964.0
15148.0
15336.0
15504.0
15272.0
14947.0
14530.0
14243.0
14144.0
14273.0
14417.0
14440.0
14667.0
14973.0
15454.0
15960.0
16014.0
15742.0
15642.0
15622.0
15514.0
15459.0
15367.0
15389.0
15470.0
15495.0
15561.0
15734.0
15496.0
15177.0
14909.0
14725.0
14611.0
14624.0
14707.0
14805.0
14834.0
14995.0
15273.0
15644.0
15744.0
15448.0
15243.0
15170.0
14928.0
14814.0
14750.0
14838.0
15039.0
15200.0
15404.0
15675.0
15455.0
15097.0
14710.0
14505.0
14466.0
14433.0
14580.0
14700.0
14960.0
15388.0
15781.0
16107.0
16123.0
16209.0
16035.0
15844.0
15668.0
15546.0
15542.0
15480.0
15482.0
15645.0
15949.0
16303.0
15940.0
15466.0
14975.0
14785.0
14756.0
14761.0
15047.0
15701.0
16927.0
18401.0
18513.0
18005.0
17559.0
17236.0
16975.0
16752.0
16706.0
16588.0
16368.0
16222.0
16012.0
16073.0
16274.0
16767.0
16489.0
15759.0
15231.0
14986.0
14847.0
14967.0
15206.0
15759.0
16890.0
18149.0
18266.0
17822.0
17497.0
17137.0
16887.0
16851.0
16741.0
16610.0
16550.0
16403.0
16312.0
16458.0
16532.0
16499.0
16040.0
15357.0
14653.0
14243.0
14185.0
14149.0
14317.0
14581.0
15726.0
17180.0
17631.0
17474.0
17311.0
16961.0
16677.0
16558.0
16565.0
16347.0
16382.0
16200.0
16012.0
15898.0
15926.0
15980.0
15610.0
14938.0
14447.0
14110.0
13959.0
13922.0
14029.0
14374.0
15458.0
16718.0
16891.0
16767.0
16591.0
16219.0
16185.0
15984.0
15877.0
15899.0
15743.0
15631.0
15740.0
15720.0
15802.0
15905.0
15707.0
15159.0
14657.0
14331.0
14141.0
14147.0
14244.0
14363.0
14428.0
14772.0
15172.0
15588.0
15822.0
15680.0
15485.0
15192.0
14915.0
14773.0
14864.0
15001.0
15070.0
15237.0
15229.0
15300.0
15094.0
14839.0
14428.0
14381.0
14327.0
14239.0
14276.0
14147.0
14239.0
14503.0
14778.0
15003.0
15258.0
15247.0
15055.0
14861.0
14896.0
14931.0
14920.0
14937.0
14988.0
15256.0
15481.0
15797.0
15463.0
14847.0
14365.0
14056.0
14019.0
13821.0
13944.0
14545.0
15859.0
17458.0
17887.0
17680.0
17462.0
17275.0
17173.0
16910.0
16939.0
16847.0
16765.0
16624.0
16579.0
16661.0
16649.0
16952.0
16664.0
15875.0
15206.0
14891.0
14786.0
14791.0
14915.0
15099.0
16427.0
17915.0
18108.0
17700.0
17366.0
16918.0
16640.0
16468.0
16522.0
16498.0
16459.0
16261.0
16061.0
15889.0
16148.0
16301.0
16112.0
15461.0
14801.0
14622.0
14546.0
14618.0
14860.0
15323.0
16613.0
17578.0
17635.0
17202.0
16917.0
16744.0
16359.0
16121.0
16046.0
15971.0
15796.0
15657.0
15595.0
15785.0
15800.0
16097.0
15800.0
15196.0
14716.0
14550.0
14434.0
14514.0
14696.0
15008.0
16341.0
17792.0
17979.0
17593.0
17387.0
16939.0
16701.0
16509.0
16340.0
16289.0
16311.0
16293.0
16084.0
16145.0
16148.0
16366.0
16087.0
15421.0
14694.0
14439.0
14285.0
14336.0
14490.0
14836.0
15943.0
17375.0
17738.0
17581.0
17318.0
16992.0
16732.0
16487.0
16402.0
16369.0
16224.0
16135.0
16103.0
15976.0
15804.0
15777.0
15383.0
14871.0
14485.0
14074.0
13979.0
13970.0
13913.0
13864.0
14128.0
14552.0
15074.0
15455.0
15519.0
15391.0
15032.0
14641.0
14398.0
14242.0
14226.0
14339.0
14424.0
14489.0
14427.0
14541.0
14420.0
14144.0
13785.0
13684.0
13718.0
13751.0
13815.0
13792.0
13850.0
13989.0
14074.0
14322.0
14269.0
14281.0
14107.0
13755.0
13671.0
13593.0
13591.0
13530.0
13589.0
13642.0
13776.0
14011.0
14107.0
13853.0
13415.0
13181.0
13125.0
13212.0
13337.0
13348.0
13689.0
13980.0
14301.0
14598.0
14749.0
14567.0
14353.0
13979.0
13904.0
13607.0
13461.0
13308.0
13285.0
13353.0
13667.0
13901.0
13866.0
13483.0
13187.0
12895.0
12826.0
12841.0
12949.0
13308.0
14618.0
15838.0
15922.0
15475.0
14988.0
14880.0
14798.0
14636.0
14395.0
14139.0
14100.0
13980.0
13729.0
13612.0
13855.0
13929.0
13773.0
13134.0
12605.0
12364.0
12330.0
12381.0
12416.0
12600.0
13808.0
15091.0
15162.0
14729.0
14611.0
14389.0
14207.0
14189.0
14044.0
13877.0
13878.0
13861.0
13540.0
13636.0
13730.0
13728.0
13525.0
12873.0
12383.0
12269.0
12088.0
12157.0
12284.0
12683.0
13939.0
14974.0
15153.0
14863.0
14603.0
14319.0
14346.0
14235.0
14143.0
14029.0
13914.0
13772.0
13514.0
13505.0
13570.0
13688.0
13636.0
12887.0
12492.0
12193.0
12095.0
12101.0
12171.0
12417.0
13840.0
15120.0
15224.0
14918.0
14533.0
14390.0
14094.0
13903.0
13688.0
13460.0
13340.0
13074.0
12905.0
12891.0
12741.0
12783.0
12756.0
12339.0
11832.0
11447.0
11333.0
11315.0
11218.0
11126.0
11361.0
11788.0
12381.0
12940.0
13161.0
13018.0
12630.0
12448.0
12210.0
12149.0
12089.0
12062.0
12241.0
12286.0
12254.0
12106.0
12254.0
11852.0
11572.0
11124.0
10933.0
10882.0
11041.0
10934.0
11149.0
11245.0
11664.0
12431.0
12997.0
13115.0
13018.0
13013.0
12793.0
12675.0
12580.0
12736.0
12761.0
13004.0
13061.0
13292.0
13225.0
12804.0
12423.0
12315.0
12205.0
12223.0
12405.0
12544.0
13907.0
15300.0
15766.0
15650.0
15481.0
15415.0
15270.0
15095.0
14915.0
14966.0
14718.0
14754.0
14584.0
14571.0
14690.0
14829.0
14573.0
13762.0
13516.0
13139.0
12969.0
12955.0
13151.0
13556.0
14541.0
16020.0
16296.0
15879.0
15668.0
15375.0
15403.0
15086.0
15233.0
15185.0
15223.0
15098.0
15023.0
15116.0
15216.0
15328.0
15136.0
14417.0
13762.0
13309.0
13142.0
13368.0
13411.0
13731.0
15001.0
16430.0
16724.0
16736.0
16549.0
16387.0
16404.0
15989.0
16110.0
16136.0
16120.0
15998.0
15790.0
15895.0
16070.0
15957.0
15580.0
14677.0
14163.0
13769.0
13625.0
13564.0
13708.0
14009.0
15126.0
16571.0
16841.0
16590.0
16472.0
16115.0
16002.0
15933.0
15776.0
15740.0
15599.0
15464.0
15537.0
15397.0
15266.0
15110.0
14682.0
14465.0
13802.0
13321.0
13249.0
13213.0
13226.0
13479.0
14636.0
15920.0
16223.0
15776.0
15616.0
15414.0
15176.0
14954.0
14543.0
14341.0
14105.0
13891.0
13773.0
13720.0
13513.0
13455.0
13455.0
13097.0
12750.0
12576.0
12406.0
12360.0
12273.0
12220.0
12320.0
12725.0
13260.0
13760.0
13961.0
13842.0
13694.0
13461.0
13280.0
13236.0
13179.0
13396.0
13526.0
13554.0
13352.0
13135.0
13035.0
12805.0
12355.0
12085.0
11958.0
11776.0
11681.0
11505.0
11643.0
11935.0
12357.0
12894.0
13241.0
13323.0
13279.0
13209.0
13119.0
13081.0
13062.0
13117.0
13169.0
13255.0
13249.0
13222.0
13032.0
12573.0
12104.0
11812.0
11777.0
11505.0
11484.0
11662.0
13081.0
14515.0
14900.0
14755.0
14556.0
14422.0
14410.0
14220.0
14076.0
13978.0
14021.0
13908.0
13865.0
13831.0
13849.0
13784.0
13544.0
12823.0
12235.0
11913.0
11692.0
11648.0
11767.0
11977.0
13254.0
14581.0
14983.0
14923.0
14876.0
14810.0
14869.0
14794.0
14740.0
14687.0
14497.0
14410.0
14326.0
14290.0
14153.0
13827.0
13398.0
12648.0
12161.0
11732.0
11337.0
11225.0
11084.0
11229.0
11770.0
12670.0
13490.0
13681.0
13237.0
12734.0
12677.0
12548.0
12397.0
12249.0
12077.0
12160.0
12170.0
12226.0
12385.0
12353.0
12228.0
11792.0
11530.0
11274.0
11178.0
11233.0
11217.0
11388.0
12328.0
13687.0
14188.0
14399.0
14311.0
14309.0
14130.0
14058.0
13995.0
13909.0
13915.0
13860.0
13711.0
13637.0
13649.0
13461.0
13163.0
12518.0
12094.0
11595.0
11425.0
11436.0
11454.0
11710.0
12887.0
14290.0
14487.0
14594.0
14517.0
14161.0
13991.0
13815.0
13546.0
13361.0
13179.0
13044.0
12973.0
13004.0
12717.0
12390.0
12270.0
11994.0
11663.0
11188.0
11079.0
10919.0
10802.0
10747.0
10789.0
11079.0
12187.0
12605.0
12877.0
12789.0
12667.0
12589.0
12494.0
12451.0
12429.0
12492.0
12562.0
12609.0
12500.0
12324.0
12235.0
11957.0
11482.0
11221.0
11101.0
10956.0
10820.0
10657.0
10748.0
11093.0
11537.0
12015.0
12376.0
12550.0
12496.0
12456.0
12465.0
12397.0
12386.0
12432.0
12795.0
12895.0
12653.0
12590.0
12534.0
12230.0
11761.0
11380.0
11305.0
11281.0
11402.0
11568.0
12864.0
14236.0
14547.0
14301.0
14212.0
14060.0
14098.0
14105.0
14053.0
14066.0
13982.0
13769.0
13603.0
13604.0
13556.0
13424.0
13279.0
12804.0
12217.0
11916.0
11651.0
11707.0
11805.0
12086.0
13219.0
14301.0
14532.0
14359.0
14269.0
14013.0
13971.0
13996.0
13786.0
13640.0
13600.0
13793.0
13758.0
13647.0
13591.0
13427.0
13251.0
12614.0
11767.0
11448.0
11285.0
11239.0
11163.0
11588.0
12737.0
14394.0
14556.0
14320.0
14046.0
13983.0
13844.0
13735.0
13550.0
13400.0
13196.0
13142.0
12920.0
12805.0
12662.0
12631.0
12368.0
12193.0
11768.0
11359.0
11154.0
11154.0
11039.0
11125.0
11423.0
11871.0
12423.0
12783.0
13058.0
13241.0
13137.0
12973.0
12832.0
12702.0
12657.0
12694.0
12671.0
12647.0
12509.0
12392.0
12322.0
11990.0
11465.0
11122.0
10882.0
10764.0
10821.0
11064.0
11843.0
12769.0
13242.0
13454.0
13631.0
13400.0
13110.0
12996.0
13040.0
12794.0
12667.0
12607.0
12627.0
12529.0
12378.0
12044.0
11925.0
11717.0
11358.0
10967.0
10720.0
10650.0
10562.0
10490.0
10647.0
11021.0
11536.0
12078.0
12252.0
12167.0
12078.0
11892.0
11664.0
11554.0
11661.0
11821.0
11769.0
11684.0
11596.0
11452.0
11391.0
11278.0
10856.0
10542.0
10349.0
10216.0
10127.0
10091.0
10196.0
10575.0
10924.0
11251.0
11569.0
11695.0
11659.0
11634.0
11796.0
11800.0
11892.0
12066.0
11968.0
11912.0
11992.0
11957.0
11875.0
11594.0
11087.0
10815.0
10679.0
10641.0
10571.0
10749.0
11862.0
13189.0
13694.0
13614.0
13666.0
13462.0
13336.0
13385.0
13403.0
13207.0
13228.0
13134.0
13087.0
13062.0
13007.0
12969.0
12690.0
12271.0
11601.0
11154.0
10984.0
11122.0
11109.0
11320.0
12233.0
13479.0
14129.0
14105.0
14074.0
13741.0
13888.0
13899.0
13747.0
13623.0
13547.0
13289.0
13184.0
13142.0
13146.0
13058.0
12824.0
12369.0
11665.0
11300.0
11214.0
11237.0
11150.0
11321.0
12430.0
13793.0
14207.0
14141.0
14027.0
13840.0
13779.0
13878.0
13672.0
13503.0
13430.0
13219.0
13215.0
13303.0
13265.0
13117.0
12852.0
12407.0
11875.0
11611.0
11471.0
11435.0
11303.0
11536.0
12839.0
14024.0
14088.0
13968.0
13856.0
13790.0
13684.0
13678.0
13480.0
13399.0
13377.0
13170.0
13003.0
13194.0
13180.0
13071.0
13020.0
12484.0
11817.0
11522.0
11289.0
11226.0
11210.0
11483.0
12498.0
13785.0
14316.0
14204.0
14089.0
13936.0
13848.0
13753.0
13521.0
13386.0
13384.0
13251.0
13219.0
13141.0
13016.0
12738.0
12541.0
12234.0
11848.0
11574.0
11406.0
11241.0
11108.0
10969.0
11023.0
11423.0
12006.0
12574.0
12833.0
12829.0
12700.0
12564.0
12502.0
12443.0
12324.0
12318.0
12361.0
12356.0
12149.0
11954.0
11938.0
11790.0
11347.0
11106.0
10791.0
10590.0
10398.0
10290.0
10374.0
10644.0
11135.0
11705.0
12086.0
12242.0
12229.0
12215.0
12132.0
12118.0
12107.0
12067.0
12206.0
12217.0
12140.0
12000.0
12035.0
11748.0
11352.0
10980.0
10804.0
10610.0
10470.0
10319.0
10661.0
11041.0
11505.0
12078.0
12166.0
12339.0
12084.0
12102.0
12040.0
12019.0
11907.0
12133.0
12165.0
12220.0
12250.0
12183.0
12029.0
11732.0
10861.0
10543.0
10528.0
10447.0
10442.0
10830.0
11882.0
13377.0
13658.0
13609.0
13480.0
13322.0
13225.0
13068.0
13081.0
12994.0
12801.0
12630.0
12576.0
12595.0
12513.0
12361.0
12101.0
11719.0
10806.0
10430.0
10239.0
10092.0
10019.0
10307.0
11444.0
12602.0
13080.0
13024.0
13118.0
13115.0
12965.0
13093.0
13095.0
13275.0
13044.0
12991.0
12687.0
12636.0
12492.0
12267.0
12182.0
11514.0
11186.0
10864.0
10694.0
10500.0
10391.0
10739.0
11882.0
13259.0
13543.0
13348.0
13412.0
13337.0
13353.0
13214.0
13072.0
13193.0
13134.0
12935.0
12741.0
12664.0
12760.0
12711.0
12369.0
11915.0
11556.0
11118.0
10892.0
10749.0
10646.0
10828.0
11814.0
13065.0
13551.0
13489.0
13606.0
13530.0
13516.0
13346.0
13110.0
12997.0
12793.0
12630.0
12605.0
12492.0
12315.0
12051.0
11862.0
11590.0
11238.0
10843.0
10440.0
10499.0
10338.0
10326.0
10499.0
11064.0
11594.0
12063.0
12328.0
12319.0
12137.0
12005.0
11958.0
11957.0
11984.0
12009.0
12046.0
12025.0
11731.0
11468.0
11398.0
11282.0
10970.0
10692.0
10421.0
10261.0
10006.0
9968.0
10094.0
10411.0
10887.0
11396.0
11795.0
11991.0
12029.0
12054.0
12142.0
12137.0
12126.0
12278.0
12307.0
12356.0
12346.0
12193.0
12094.0
11893.0
11094.0
10740.0
10677.0
10535.0
10436.0
10770.0
11951.0
13224.0
13605.0
13615.0
13548.0
13458.0
13306.0
13241.0
13287.0
13196.0
13172.0
13010.0
12911.0
12800.0
12697.0
12616.0
12336.0
11889.0
11290.0
10804.0
10588.0
10551.0
10407.0
10726.0
11912.0
13120.0
13481.0
13311.0
13133.0
13037.0
13061.0
12981.0
13002.0
12868.0
12800.0
12669.0
12612.0
12559.0
12518.0
12356.0
12158.0
11720.0
11191.0
10855.0
10760.0
10716.0
10652.0
10789.0
11699.0
12932.0
13274.0
13272.0
13304.0
13380.0
13320.0
13297.0
13130.0
13139.0
13057.0
12768.0
12601.0
12561.0
12558.0
12481.0
12271.0
11895.0
11205.0
10853.0
10680.0
10527.0
10364.0
10556.0
11464.0
12534.0
12882.0
13039.0
12955.0
12717.0
12757.0
12874.0
12482.0
12299.0
12566.0
12487.0
12406.0
12385.0
12178.0
12166.0
11961.0
11621.0
10957.0
10478.0
10237.0
10192.0
10100.0
10213.0
11165.0
12534.0
12884.0
12898.0
12887.0
12799.0
12906.0
12862.0
12846.0
12659.0
12464.0
12368.0
12255.0
12177.0
12046.0
11655.0
11409.0
11281.0
10857.0
10570.0
10315.0
10214.0
10099.0
10120.0
10366.0
10758.0
11253.0
11867.0
12207.0
12218.0
12090.0
11864.0
11867.0
11765.0
11840.0
12039.0
12078.0
11869.0
11562.0
11324.0
11137.0
11075.0
10842.0
10453.0
10217.0
10148.0
10027.0
9982.0
10121.0
10302.0
10631.0
11110.0
11455.0
11633.0
11710.0
11618.0
11494.0
11509.0
11553.0
11579.0
11682.0
11791.0
11880.0
11841.0
11644.0
11325.0
10933.0
10593.0
10316.0
10288.0
10287.0
10471.0
11452.0
12820.0
13167.0
13130.0
13028.0
13060.0
13082.0
13071.0
13277.0
13116.0
13191.0
13143.0
12995.0
12880.0
12900.0
12680.0
12438.0
11900.0
11449.0
11050.0
10803.0
10761.0
10668.0
10985.0
12013.0
13000.0
13284.0
13197.0
13182.0
13305.0
13314.0
13352.0
13228.0
13008.0
13054.0
13013.0
12759.0
12692.0
12689.0
12640.0
12388.0
12043.0
11475.0
10925.0
10832.0
10775.0
10664.0
11074.0
11995.0
13186.0
13612.0
13658.0
13517.0
13406.0
13438.0
13381.0
13346.0
13144.0
13115.0
12971.0
12768.0
12918.0
12830.0
12681.0
12487.0
12164.0
11587.0
11213.0
11094.0
11039.0
10886.0
11047.0
11912.0
13067.0
13479.0
13378.0
13589.0
13521.0
13519.0
13381.0
13221.0
13086.0
13016.0
13093.0
12971.0
12818.0
12788.0
12641.0
12369.0
11964.0
11435.0
11022.0
10837.0
10766.0
10656.0
10950.0
11733.0
12820.0
13290.0
13512.0
13603.0
13548.0
13403.0
13215.0
12990.0
12812.0
12626.0
12730.0
12748.0
12476.0
12178.0
11909.0
11763.0
11582.0
11226.0
10838.0
10561.0
10410.0
10187.0
10138.0
10366.0
10698.0
11291.0
11834.0
12062.0
12095.0
11939.0
11718.0
11608.0
11439.0
11551.0
11687.0
11714.0
11664.0
11579.0
11445.0
11419.0
11295.0
11175.0
10753.0
10330.0
10297.0
10237.0
10232.0
10307.0
10487.0
10884.0
11246.0
11615.0
11702.0
11654.0
11651.0
11498.0
11565.0
11635.0
11627.0
11735.0
11801.0
11869.0
11853.0
11732.0
11304.0
11032.0
10696.0
10507.0
10412.0
10379.0
10697.0
11635.0
12722.0
13234.0
13293.0
13391.0
13330.0
13227.0
13152.0
13052.0
12976.0
12871.0
12817.0
12606.0
12632.0
12600.0
12479.0
12234.0
11919.0
11429.0
11171.0
10908.0
10824.0
10777.0
11116.0
11986.0
12938.0
13396.0
13421.0
13419.0
13375.0
13279.0
13150.0
13158.0
13112.0
12929.0
12815.0
12708.0
12614.0
12487.0
12352.0
12010.0
11855.0
11399.0
11103.0
10952.0
10931.0
10816.0
10960.0
11754.0
12773.0
13046.0
13173.0
13160.0
13084.0
12977.0
12882.0
12945.0
12830.0
12751.0
12608.0
12571.0
12489.0
12488.0
12214.0
11966.0
11677.0
11102.0
10801.0
10681.0
10566.0
10451.0
10733.0
11670.0
12638.0
12973.0
13125.0
13128.0
13125.0
13125.0
13026.0
12981.0
12867.0
12828.0
12741.0
12491.0
12448.0
12366.0
12197.0
12029.0
11679.0
11216.0
10814.0
10574.0
10421.0
10270.0
10516.0
11295.0
12257.0
12859.0
13015.0
12975.0
12952.0
12852.0
12683.0
12491.0
12418.0
12278.0
12042.0
11966.0
11783.0
11546.0
11381.0
11153.0
11147.0
10827.0
10402.0
10193.0
10112.0
9905.0
9892.0
10153.0
10530.0
10927.0
11283.0
11621.0
11681.0
11647.0
11562.0
11452.0
11413.0
11388.0
11475.0
11435.0
11357.0
11284.0
11148.0
10951.0
10846.0
10570.0
10129.0
10085.0
9988.0
9655.0
9542.0
9682.0
10241.0
10428.0
11092.0
11234.0
11387.0
11476.0
11479.0
11379.0
11337.0
11179.0
11359.0
11593.0
11643.0
11512.0
11361.0
11226.0
11076.0
10429.0
10276.0
10198.0
10190.0
9926.0
9995.0
11051.0
12135.0
12504.0
12788.0
13014.0
12979.0
12896.0
12973.0
12867.0
12761.0
12635.0
12507.0
12422.0
12366.0
12258.0
12097.0
11912.0
11711.0
11328.0
10947.0
10829.0
10756.0
10582.0
10749.0
11612.0
12534.0
13020.0
13227.0
13395.0
13248.0
13170.0
13166.0
13132.0
12963.0
12883.0
12703.0
12599.0
12567.0
12361.0
12289.0
12030.0
11779.0
11311.0
10900.0
10753.0
10823.0
10701.0
10745.0
11456.0
12314.0
13041.0
13008.0
12990.0
13097.0
13048.0
12994.0
12843.0
12669.0
12602.0
12541.0
12435.0
12473.0
12236.0
12197.0
11944.0
11801.0
11388.0
10994.0
10836.0
10772.0
10661.0
10862.0
11603.0
12449.0
13024.0
13002.0
12919.0
13186.0
13113.0
12992.0
13035.0
12875.0
12845.0
12654.0
12666.0
12488.0
12252.0
12170.0
11995.0
11682.0
11306.0
10917.0
10701.0
10616.0
10565.0
10682.0
11327.0
12238.0
12745.0
12920.0
13002.0
12844.0
12864.0
12869.0
12740.0
12609.0
12439.0
12343.0
12257.0
12190.0
11923.0
11772.0
11584.0
11283.0
10919.0
10576.0
10346.0
10270.0
10156.0
10077.0
10152.0
10474.0
10916.0
11493.0
11717.0
11684.0
11734.0
11619.0
11469.0
11435.0
11524.0
11481.0
11417.0
11366.0
11175.0
10958.0
10913.0
10891.0
10688.0
10438.0
10288.0
10238.0
10017.0
9930.0
10025.0
10256.0
10669.0
11131.0
11434.0
11540.0
11496.0
11498.0
11291.0
11283.0
11584.0
11466.0
11317.0
11373.0
11324.0
11296.0
11158.0
10877.0
10560.0
10192.0
10020.0
10022.0
9970.0
10082.0
10760.0
11548.0
12119.0
12447.0
12622.0
12576.0
12503.0
12424.0
12496.0
12430.0
12337.0
12204.0
12221.0
12229.0
12038.0
11828.0
11477.0
11123.0
10975.0
10746.0
10484.0
10458.0
10355.0
10340.0
10903.0
11721.0
12360.0
12636.0
12735.0
12807.0
12744.0
12476.0
12381.0
12330.0
12320.0
12309.0
11994.0
12031.0
11966.0
11753.0
11472.0
11251.0
10884.0
10534.0
10387.0
10255.0
10187.0
10259.0
10943.0
11772.0
12197.0
12520.0
12628.0
12650.0
12529.0
12517.0
12369.0
12230.0
12113.0
11869.0
11817.0
11906.0
11806.0
11663.0
11489.0
11313.0
10913.0
10647.0
10471.0
10368.0
10363.0
10493.0
11039.0
11775.0
12285.0
12531.0
12802.0
12745.0
12509.0
12471.0
12432.0
12395.0
12281.0
12190.0
12095.0
11997.0
11901.0
11725.0
11634.0
11425.0
11068.0
10747.0
10660.0
10613.0
10461.0
10530.0
11086.0
11780.0
12322.0
12741.0
12803.0
12643.0
12684.0
12523.0
12349.0
12189.0
12114.0
11902.0
11787.0
11779.0
11643.0
11562.0
11463.0
11334.0
10905.0
10662.0
10479.0
10417.0
10274.0
10166.0
10330.0
10484.0
10976.0
11407.0
11657.0
11641.0
11667.0
11464.0
11314.0
11325.0
11381.0
11421.0
11468.0
11324.0
11151.0
11091.0
10957.0
10835.0
10449.0
10171.0
10063.0
9937.0
9760.0
9675.0
9726.0
9832.0
10191.0
10525.0
10875.0
11033.0
11008.0
11021.0
10972.0
11066.0
11015.0
11066.0
11042.0
11001.0
10977.0
11067.0
11054.0
10861.0
10589.0
10416.0
10183.0
10038.0
10039.0
10030.0
10651.0
11550.0
12067.0
12285.0
12465.0
12467.0
12372.0
12308.0
12252.0
12067.0
11872.0
11965.0
11792.0
11801.0
11784.0
11666.0
11526.0
11176.0
10730.0
10400.0
10239.0
10236.0
10189.0
10277.0
10873.0
11493.0
11815.0
12087.0
12359.0
12332.0
12294.0
12174.0
12149.0
12118.0
11998.0
11964.0
11846.0
11811.0
11668.0
11637.0
11541.0
11263.0
10776.0
10451.0
10333.0
10330.0
10197.0
10274.0
10714.0
11291.0
11713.0
12085.0
12335.0
12361.0
12221.0
12057.0
11916.0
11787.0
11842.0
11745.0
11598.0
11538.0
11407.0
11358.0
11298.0
11094.0
10641.0
10335.0
10249.0
10129.0
10053.0
10089.0
10626.0
11260.0
11827.0
12101.0
12217.0
12127.0
11974.0
11788.0
11797.0
11717.0
11567.0
11454.0
11329.0
11234.0
11172.0
11021.0
10892.0
10751.0
10447.0
10156.0
9966.0
9806.0
9585.0
9783.0
10321.0
11150.0
11685.0
12068.0
12338.0
12335.0
12101.0
12095.0
11968.0
11910.0
11817.0
11643.0
11686.0
11525.0
11279.0
11089.0
11049.0
10746.0
10466.0
10160.0
10027.0
9928.0
9866.0
9719.0
9824.0
10114.0
10622.0
11073.0
11471.0
11462.0
11314.0
11223.0
11137.0
11079.0
11068.0
11130.0
11117.0
11024.0
10936.0
10786.0
10766.0
10593.0
10237.0
9924.0
9733.0
9639.0
9580.0
9457.0
9506.0
9658.0
10090.0
10335.0
10622.0
10663.0
10608.0
10664.0
10569.0
10633.0
10706.0
10814.0
10935.0
10905.0
10915.0
10671.0
10742.0
10542.0
10178.0
9962.0
9861.0
9687.0
9698.0
9804.0
10269.0
10929.0
11617.0
11944.0
12204.0
12293.0
12096.0
12107.0
11989.0
11880.0
11750.0
11571.0
11614.0
11610.0
11468.0
11261.0
11109.0
10772.0
10449.0
10167.0
9971.0
9938.0
9732.0
9766.0
10408.0
10962.0
11450.0
11795.0
12043.0
11943.0
12064.0
11997.0
12046.0
11919.0
11867.0
11753.0
11647.0
11527.0
11515.0
11326.0
11311.0
10976.0
10546.0
10173.0
10010.0
9866.0
9800.0
9844.0
10466.0
11140.0
11601.0
11845.0
12079.0
12081.0
12087.0
11994.0
11973.0
11972.0
11830.0
11743.0
11644.0
11556.0
11423.0
11375.0
11305.0
10960.0
10446.0
10107.0
9956.0
9888.0
9846.0
9818.0
10248.0
10899.0
11503.0
12149.0
12354.0
12401.0
12292.0
12166.0
12098.0
11991.0
11848.0
11787.0
11659.0
11642.0
11513.0
11402.0
11292.0
10911.0
10672.0
10340.0
10139.0
10009.0
9930.0
9990.0
10319.0
10998.0
11486.0
12018.0
12249.0
12196.0
12030.0
11938.0
11851.0
11692.0
11602.0
11597.0
11640.0
11604.0
11455.0
11197.0
11243.0
10982.0
10523.0
10172.0
10155.0
10054.0
9921.0
9767.0
9848.0
10212.0
10705.0
11096.0
11507.0
11412.0
11316.0
11381.0
11251.0
11156.0
11130.0
11273.0
11290.0
11219.0
11209.0
11128.0
11064.0
10831.0
10402.0
10181.0
10115.0
10014.0
9898.0
9696.0
9670.0
9871.0
10138.0
10580.0
10861.0
10992.0
11040.0
11100.0
11109.0
11102.0
11056.0
11173.0
11301.0
11339.0
11208.0
11268.0
11182.0
10871.0
10644.0
10152.0
10066.0
10025.0
9980.0
9901.0
10649.0
11482.0
11994.0
12259.0
12326.0
12272.0
12086.0
12105.0
12265.0
12134.0
11974.0
11888.0
11827.0
11848.0
11686.0
11575.0
11533.0
11055.0
10562.0
10258.0
10063.0
10146.0
10132.0
10244.0
10827.0
11717.0
12106.0
12287.0
12464.0
12481.0
12405.0
12302.0
12331.0
12221.0
12179.0
12060.0
12000.0
11924.0
11802.0
11716.0
11523.0
11131.0
10690.0
10426.0
10164.0
10026.0
10006.0
10123.0
10731.0
11549.0
11982.0
12023.0
12060.0
12172.0
12171.0
12034.0
12043.0
11993.0
12007.0
11905.0
11751.0
11774.0
11724.0
11554.0
11407.0
11111.0
10694.0
10335.0
10192.0
10225.0
10179.0
10244.0
10986.0
11678.0
12206.0
12637.0
12670.0
12600.0
12507.0
12563.0
12595.0
12419.0
12309.0
12264.0
12300.0
12258.0
12153.0
12097.0
11824.0
11191.0
10648.0
10347.0
10180.0
10102.0
10098.0
10180.0
10667.0
11428.0
12140.0
12535.0
12515.0
12400.0
12316.0
12228.0
12083.0
11923.0
11845.0
11950.0
11844.0
11632.0
11418.0
11269.0
11269.0
10835.0
10557.0
10244.0
10074.0
9854.0
9878.0
9825.0
9921.0
10245.0
10815.0
11284.0
11619.0
11715.0
11596.0
11387.0
11392.0
11526.0
11463.0
11622.0
11729.0
11480.0
11306.0
11093.0
10967.0
10822.0
10424.0
10169.0
9966.0
9904.0
9835.0
9710.0
9682.0
10042.0
10431.0
10763.0
11086.0
11408.0
11501.0
11400.0
11300.0
11211.0
11269.0
11378.0
11514.0
11584.0
11560.0
11686.0
11697.0
11177.0
10810.0
10564.0
10367.0
10187.0
10265.0
10547.0
11217.0
12262.0
12556.0
12696.0
12852.0
12950.0
13062.0
13113.0
13044.0
12852.0
12767.0
12779.0
12690.0
12655.0
12533.0
12391.0
12213.0
11625.0
11135.0
10784.0
10612.0
10599.0
10551.0
10714.0
11508.0
12513.0
12801.0
12935.0
13014.0
12984.0
12918.0
12833.0
12961.0
12926.0
12821.0
12696.0
12517.0
12530.0
12421.0
12317.0
12196.0
11541.0
11017.0
10636.0
10452.0
10547.0
10662.0
10660.0
11470.0
12387.0
12947.0
13047.0
13172.0
13088.0
13386.0
13293.0
13314.0
13292.0
13147.0
12951.0
12753.0
12733.0
12712.0
12638.0
12375.0
11696.0
11196.0
10770.0
10623.0
10554.0
10531.0
10624.0
11300.0
12351.0
12652.0
12880.0
12961.0
13022.0
12862.0
12888.0
12857.0
12822.0
12790.0
12690.0
12572.0
12351.0
12178.0
12197.0
12131.0
11563.0
11081.0
10690.0
10601.0
10566.0
10678.0
10809.0
11329.0
12381.0
12794.0
12980.0
13089.0
13103.0
12927.0
12857.0
12700.0
12599.0
12521.0
12424.0
12361.0
12313.0
12105.0
12065.0
11905.0
11463.0
11060.0
10597.0
10385.0
10168.0
9976.0
10203.0
10400.0
10797.0
11311.0
11767.0
12168.0
12126.0
11995.0
11958.0
11840.0
11728.0
11666.0
11602.0
11734.0
11667.0
11619.0
11571.0
11431.0
11172.0
10909.0
10629.0
10519.0
10512.0
10481.0
10295.0
10284.0
10503.0
10976.0
11397.0
11634.0
11770.0
11829.0
11704.0
11708.0
11688.0
11745.0
11749.0
11956.0
11995.0
12044.0
12228.0
12105.0
11620.0
11124.0
10811.0
10658.0
10622.0
10693.0
10914.0
11978.0
13158.0
13289.0
13294.0
13416.0
13253.0
13247.0
13212.0
13163.0
13040.0
13033.0
12950.0
12832.0
12844.0
12775.0
12746.0
12476.0
11871.0
11388.0
10976.0
10856.0
10782.0
10796.0
10932.0
11799.0
12882.0
13383.0
13493.0
13531.0
13459.0
13452.0
13454.0
13539.0
13468.0
13457.0
13286.0
13195.0
13135.0
13037.0
12944.0
12777.0
12052.0
11365.0
10947.0
10789.0
10710.0
10762.0
10971.0
11633.0
12727.0
13093.0
13091.0
13199.0
13212.0
13078.0
12966.0
12913.0
12745.0
12806.0
12698.0
12554.0
12566.0
12516.0
12656.0
12349.0
11638.0
11026.0
10667.0
10601.0
10557.0
10615.0
10737.0
11631.0
12693.0
13067.0
13175.0
13253.0
13191.0
13244.0
13224.0
13220.0
13307.0
13169.0
13096.0
12902.0
12772.0
12799.0
12849.0
12501.0
11979.0
11406.0
11003.0
10893.0
10723.0
10676.0
10762.0
11557.0
12791.0
13179.0
13241.0
13301.0
13148.0
13076.0
13063.0
12989.0
12778.0
12707.0
12678.0
12373.0
12340.0
12303.0
12274.0
11912.0
11517.0
10993.0
10643.0
10514.0
10374.0
10193.0
10283.0
10389.0
10733.0
11271.0
11820.0
12111.0
12215.0
12078.0
11953.0
11800.0
11726.0
11596.0
11700.0
11802.0
11719.0
11655.0
11645.0
11412.0
10969.0
10645.0
10369.0
10214.0
10148.0
10087.0
10124.0
10058.0
10414.0
11069.0
11508.0
11835.0
11898.0
11874.0
11905.0
11922.0
11858.0
11840.0
11767.0
11796.0
12044.0
12018.0
12138.0
11830.0
11179.0
10658.0
10440.0
10228.0
10255.0
10466.0
10585.0
11676.0
12914.0
13190.0
13241.0
13247.0
13187.0
13014.0
13138.0
13124.0
13008.0
13019.0
12868.0
12618.0
12742.0
12726.0
12835.0
12443.0
11729.0
11380.0
11088.0
11023.0
11034.0
11123.0
11352.0
12289.0
13525.0
13724.0
13748.0
13635.0
13459.0
13454.0
13374.0
13169.0
13118.0
13168.0
12991.0
12813.0
12832.0
12849.0
13031.0
12662.0
12099.0
11363.0
11041.0
10942.0
10900.0
10950.0
11220.0
12158.0
13359.0
13638.0
13456.0
13345.0
13253.0
13079.0
13049.0
13107.0
13093.0
12983.0
12871.0
12822.0
12756.0
12880.0
13128.0
12792.0
12067.0
11309.0
11032.0
10855.0
10831.0
10909.0
11250.0
12072.0
13456.0
13690.0
13497.0
13471.0
13307.0
13284.0
13265.0
13324.0
13463.0
13473.0
13407.0
13231.0
13347.0
13379.0
13244.0
12771.0
12135.0
11484.0
11172.0
11003.0
10960.0
11054.0
11291.0
12146.0
13481.0
13774.0
13648.0
13546.0
13376.0
13219.0
13028.0
12947.0
12777.0
12723.0
12660.0
12584.0
12522.0
12442.0
12593.0
12167.0
11764.0
11361.0
11003.0
10838.0
10765.0
10810.0
10841.0
10835.0
11265.0
11866.0
12404.0
12643.0
12640.0
12447.0
12345.0
12216.0
12183.0
12183.0
12200.0
12333.0
12304.0
12215.0
12220.0
11936.0
11585.0
11219.0
10986.0
10785.0
10753.0
10802.0
10784.0
10777.0
11068.0
11307.0
11763.0
12019.0
11960.0
11810.0
11718.0
11671.0
11725.0
11797.0
11803.0
11916.0
12119.0
12345.0
12594.0
12264.0
11649.0
11111.0
10874.0
10810.0
10798.0
10764.0
11127.0
12025.0
13309.0
13682.0
13798.0
13547.0
13545.0
13464.0
13441.0
13450.0
13512.0
13538.0
13367.0
13186.0
13163.0
13091.0
12966.0
12475.0
11634.0
11012.0
10669.0
10512.0
10424.0
10444.0
10846.0
11894.0
13179.0
13405.0
13401.0
13328.0
13446.0
13132.0
13064.0
13111.0
13551.0
13367.0
13230.0
13120.0
13098.0
13176.0
13143.0
12639.0
11866.0
11286.0
10871.0
10753.0
10748.0
10802.0
11264.0
12185.0
13499.0
13739.0
13611.0
13568.0
13463.0
13325.0
13225.0
13254.0
13338.0
13369.0
13112.0
13099.0
13083.0
13201.0
13080.0
12530.0
11900.0
11313.0
10885.0
10714.0
10614.0
10744.0
11257.0
12241.0
13487.0
13811.0
13694.0
13576.0
13466.0
13380.0
13432.0
13358.0
13348.0
13290.0
13302.0
13267.0
13244.0
13443.0
13344.0
12747.0
11999.0
11350.0
10966.0
10785.0
10890.0
10951.0
11455.0
12314.0
13577.0
14087.0
13883.0
13781.0
13598.0
13472.0
13222.0
13063.0
12838.0
12782.0
12704.0
12729.0
12747.0
12957.0
12806.0
12373.0
11907.0
11384.0
11102.0
10925.0
10868.0
10932.0
10927.0
10975.0
11345.0
11952.0
12388.0
12600.0
12553.0
12339.0
12180.0
12022.0
11851.0
11900.0
12064.0
12078.0
12199.0
12231.0
12233.0
11771.0
11547.0
11185.0
10786.0
10725.0
10744.0
10748.0
10760.0
10704.0
10926.0
11442.0
11856.0
12096.0
11982.0
11884.0
11826.0
11808.0
11713.0
11701.0
11763.0
11962.0
12102.0
12366.0
12450.0
12055.0
11427.0
11112.0
10748.0
10683.0
10653.0
10725.0
10935.0
12014.0
13335.0
13641.0
13647.0
13562.0
13382.0
13337.0
13231.0
13351.0
13531.0
13538.0
13374.0
13415.0
13315.0
13457.0
13132.0
12655.0
11716.0
11309.0
11011.0
10898.0
10784.0
10928.0
11071.0
12122.0
13316.0
13663.0
13682.0
13666.0
13568.0
13578.0
13651.0
13601.0
13670.0
13706.0
13534.0
13474.0
13490.0
13500.0
13198.0
12688.0
11559.0
11087.0
10857.0
10879.0
10901.0
10888.0
11129.0
12219.0
13325.0
13686.0
13543.0
13535.0
13420.0
13395.0
13403.0
13437.0
13433.0
13533.0
13326.0
13222.0
13288.0
13367.0
13166.0
12695.0
12013.0
11465.0
11112.0
11063.0
11023.0
11112.0
11373.0
12565.0
13857.0
13960.0
13756.0
13571.0
13449.0
13367.0
13471.0
13512.0
13563.0
13592.0
13529.0
13400.0
13384.0
13610.0
13382.0
12808.0
12137.0
11623.0
11303.0
11150.0
11118.0
11209.0
11496.0
12483.0
13789.0
13999.0
13927.0
14015.0
13906.0
13795.0
13643.0
13640.0
13479.0
13524.0
13523.0
13467.0
13471.0
13496.0
13025.0
12478.0
11962.0
11731.0
11286.0
11065.0
11020.0
11038.0
11094.0
11269.0
11615.0
12209.0
12760.0
13075.0
12965.0
12747.0
12692.0
12570.0
12298.0
12398.0
12475.0
12575.0
12617.0
12680.0
12484.0
12136.0
11817.0
11464.0
11087.0
10957.0
10853.0
10869.0
10917.0
11036.0
11115.0
11585.0
11983.0
12194.0
12231.0
12208.0
12062.0
12123.0
12401.0
12389.0
12375.0
12390.0
12650.0
12835.0
12593.0
12263.0
11674.0
11075.0
10829.0
10727.0
10735.0
10904.0
11206.0
12287.0
13451.0
13880.0
13996.0
13730.0
13555.0
13511.0
13636.0
13486.0
13502.0
13353.0
13412.0
13356.0
13410.0
13549.0
13278.0
12655.0
12018.0
11558.0
11164.0
10952.0
10947.0
11090.0
11313.0
12472.0
13577.0
13964.0
13829.0
13884.0
13700.0
13658.0
13549.0
13467.0
13528.0
13574.0
13415.0
13347.0
13338.0
13679.0
13316.0
12791.0
12038.0
11436.0
11092.0
10943.0
10945.0
11060.0
11352.0
12406.0
13532.0
13925.0
13957.0
13877.0
13601.0
13519.0
13547.0
13581.0
13558.0
13550.0
13435.0
13526.0
13667.0
13846.0
13638.0
13057.0
12379.0
11771.0
11495.0
11455.0
11392.0
11438.0
11846.0
12970.0
14296.0
14662.0
14526.0
14273.0
14076.0
13745.0
13614.0
13721.0
13673.0
13675.0
13477.0
13454.0
13681.0
13990.0
13539.0
13056.0
12400.0
11894.0
11576.0
11506.0
11539.0
11573.0
11983.0
13144.0
14343.0
14629.0
14410.0
14268.0
13967.0
13755.0
13640.0
13502.0
13314.0
13203.0
13105.0
13130.0
13338.0
13465.0
13104.0
12667.0
12229.0
11769.0
11496.0
11264.0
11222.0
11255.0
11354.0
11710.0
11983.0
12473.0
12889.0
13059.0
12892.0
12731.0
12553.0
12401.0
12525.0
12475.0
12532.0
12695.0
12898.0
12956.0
12620.0
12312.0
11961.0
11632.0
11377.0
11292.0
11217.0
11090.0
11260.0
11396.0
11544.0
12016.0
12462.0
12676.0
12737.0
12680.0
12531.0
12457.0
12419.0
12459.0
12573.0
12669.0
12987.0
13247.0
13034.0
12704.0
11961.0
11475.0
11242.0
11157.0
11052.0
11076.0
11484.0
12792.0
13921.0
14325.0
14345.0
14082.0
13970.0
13986.0
13761.0
13535.0
13378.0
13362.0
13367.0
13356.0
13600.0
13726.0
13415.0
12865.0
12075.0
11616.0
11245.0
11106.0
11072.0
11124.0
11596.0
12694.0
13844.0
14237.0
14244.0
14319.0
14070.0
13783.0
14065.0
13746.0
13786.0
13658.0
13639.0
13594.0
13940.0
14122.0
13715.0
13172.0
12461.0
11905.0
11622.0
11502.0
11469.0
11506.0
11919.0
13143.0
14286.0
14555.0
14373.0
14404.0
14255.0
13972.0
13927.0
13897.0
13909.0
13966.0
13942.0
13941.0
14189.0
14343.0
14030.0
13423.0
12756.0
12111.0
11830.0
11712.0
11735.0
11772.0
12143.0
13230.0
14444.0
14680.0
14542.0
14598.0
14489.0
14291.0
14187.0
14220.0
14210.0
14208.0
14141.0
14156.0
14425.0
14511.0
14176.0
13528.0
12736.0
12240.0
11855.0
11666.0
11639.0
11732.0
12074.0
13183.0
14434.0
14769.0
14614.0
14626.0
14509.0
14287.0
14150.0
14075.0
13901.0
13968.0
13898.0
13910.0
14088.0
13790.0
13422.0
12893.0
12431.0
11926.0
11721.0
11476.0
11420.0
11455.0
11522.0
11749.0
12042.0
12863.0
13234.0
13487.0
13351.0
13069.0
12932.0
12835.0
12833.0
12915.0
13023.0
13054.0
13211.0
12954.0
12564.0
12241.0
11912.0
11586.0
11331.0
11186.0
11070.0
11078.0
11249.0
11407.0
11495.0
11823.0
12389.0
12594.0
12633.0
12630.0
12542.0
12529.0
12648.0
12668.0
12777.0
12928.0
13193.0
13094.0
12777.0
12258.0
11722.0
11362.0
11111.0
11029.0
11037.0
11125.0
11465.0
12620.0
13858.0
14178.0
14055.0
14021.0
13796.0
13738.0
13742.0
13675.0
13657.0
13844.0
13655.0
13582.0
13787.0
13750.0
13506.0
12958.0
12272.0
11715.0
11371.0
11236.0
11231.0
11337.0
11661.0
12755.0
13976.0
14338.0
14035.0
13943.0
13752.0
13828.0
13900.0
13755.0
13697.0
13757.0
13650.0
13672.0
14169.0
14146.0
13500.0
12946.0
12258.0
11762.0
11455.0
11285.0
11256.0
11287.0
11575.0
12652.0
13843.0
14119.0
13951.0
13893.0
13895.0
13669.0
13690.0
13614.0
13728.0
13817.0
13763.0
13664.0
13897.0
13845.0
13567.0
12989.0
12269.0
11736.0
11354.0
11286.0
11254.0
11329.0
11842.0
12845.0
14040.0
14264.0
14537.0
14277.0
14247.0
14047.0
14037.0
13962.0
14030.0
13997.0
13954.0
13897.0
14219.0
14203.0
13796.0
13320.0
12520.0
12011.0
11663.0
11654.0
11746.0
11780.0
12107.0
13082.0
14399.0
14654.0
14623.0
14670.0
14391.0
14257.0
14194.0
14075.0
13922.0
13743.0
14004.0
14065.0
14219.0
13872.0
13207.0
12810.0
12517.0
12209.0
11711.0
11570.0
11505.0
11541.0
11640.0
11907.0
12172.0
12597.0
13148.0
13488.0
13470.0
13403.0
13332.0
13230.0
13128.0
13177.0
13214.0
13436.0
13583.0
13294.0
12713.0
12264.0
11968.0
11709.0
11565.0
11552.0
11490.0
11420.0
11474.0
11745.0
11927.0
12338.0
12755.0
13065.0
13091.0
13109.0
13135.0
13135.0
13191.0
13270.0
13232.0
13451.0
13875.0
13929.0
13575.0
13021.0
12353.0
11967.0
11754.0
11591.0
11608.0
11729.0
12064.0
13290.0
14290.0
14585.0
14709.0
14813.0
14761.0
14610.0
14587.0
14417.0
14246.0
14253.0
14106.0
14187.0
14413.0
14238.0
13850.0
13356.0
12669.0
12070.0
11791.0
11788.0
11864.0
11986.0
12432.0
13467.0
14552.0
14912.0
14849.0
14908.0
14807.0
14634.0
14472.0
14228.0
14156.0
14262.0
14181.0
14413.0
14695.0
14354.0
13891.0
13443.0
12722.0
12164.0
11888.0
11746.0
11742.0
11975.0
12352.0
13567.0
15047.0
15459.0
15459.0
15276.0
15041.0
14934.0
14769.0
14759.0
14814.0
14812.0
14900.0
15045.0
15297.0
15176.0
14786.0
14080.0
13277.0
12842.0
12525.0
12427.0
12493.0
12667.0
13081.0
14325.0
15661.0
15966.0
15976.0
15697.0
15294.0
15021.0
14949.0
14840.0
14547.0
14636.0
14730.0
14951.0
15284.0
15097.0
14832.0
14230.0
13482.0
12882.0
12669.0
12498.0
12585.0
12651.0
13095.0
14201.0
15352.0
15732.0
15596.0
15484.0
15123.0
14985.0
14766.0
14438.0
14262.0
14349.0
14367.0
14397.0
14739.0
14281.0
13933.0
13434.0
12981.0
12551.0
12314.0
12217.0
12169.0
12228.0
12366.0
12730.0
13070.0
13636.0
14395.0
14643.0
14529.0
14358.0
14082.0
13807.0
13656.0
13634.0
13830.0
14330.0
14607.0
14249.0
13919.0
13572.0
13300.0
12886.0
12575.0
12472.0
12393.0
12497.0
12579.0
12863.0
13122.0
13483.0
13876.0
14088.0
13937.0
13660.0
13451.0
13274.0
13204.0
13401.0
13564.0
14026.0
14664.0
14657.0
14506.0
14038.0
13437.0
12925.0
12814.0
12617.0
12752.0
12937.0
13427.0
14759.0
16288.0
16552.0
16248.0
16000.0
15573.0
15289.0
15057.0
15124.0
15004.0
14946.0
14975.0
15373.0
15726.0
15598.0
15357.0
14775.0
14107.0
13568.0
13278.0
13304.0
13295.0
13290.0
13759.0
15183.0
16319.0
16390.0
16300.0
16080.0
15726.0
15556.0
15465.0
15541.0
15688.0
15671.0
15537.0
15538.0
15700.0
15493.0
15119.0
14442.0
13687.0
13134.0
12829.0
12743.0
12715.0
12847.0
13327.0
14573.0
16004.0
16253.0
16064.0
16059.0
15831.0
15922.0
15833.0
15731.0
15637.0
15719.0
15710.0
15808.0
15719.0
15402.0
15059.0
14376.0
13583.0
13147.0
12779.0
12645.0
12553.0
12506.0
12998.0
14036.0
15359.0
15772.0
15502.0
15506.0
15354.0
15232.0
15126.0
14922.0
14887.0
15042.0
15026.0
15258.0
15528.0
15269.0
14781.0
14301.0
13738.0
13312.0
12928.0
12888.0
12868.0
13037.0
13541.0
15054.0
16354.0
16587.0
16479.0
16266.0
16004.0
15863.0
15829.0
15550.0
15225.0
15251.0
15291.0
15593.0
15384.0
14796.0
14299.0
13816.0
13056.0
12651.0
12400.0
12263.0
12142.0
12218.0
12299.0
12480.0
13028.0
13415.0
14020.0
14238.0
14211.0
14033.0
13741.0
13780.0
13683.0
13741.0
13941.0
14419.0
14405.0
14003.0
13672.0
13197.0
12838.0
12594.0
12346.0
12161.0
12127.0
12117.0
12221.0
12381.0
12512.0
12846.0
13373.0
13691.0
13953.0
13965.0
13932.0
13926.0
13998.0
14103.0
14109.0
14255.0
14198.0
13972.0
13820.0
13155.0
12488.0
11944.0
11700.0
11626.0
11397.0
11584.0
12126.0
13605.0
14921.0
15245.0
15140.0
14841.0
14861.0
14737.0
14664.0
14507.0
14670.0
14782.0
14926.0
15172.0
15136.0
14518.0
14221.0
13695.0
12922.0
12610.0
12327.0
12109.0
12095.0
12189.0
12548.0
13833.0
15198.0
15475.0
15391.0
15351.0
15250.0
15200.0
15204.0
15163.0
15060.0
15170.0
15244.0
15409.0
15310.0
14933.0
14603.0
13906.0
13194.0
12647.0
12295.0
12264.0
12274.0
12451.0
12908.0
14229.0
15893.0
16087.0
16040.0
15840.0
15465.0
15143.0
14930.0
14946.0
14969.0
14956.0
15129.0
15522.0
15612.0
15490.0
15336.0
14865.0
14077.0
13533.0
13335.0
13252.0
13253.0
13385.0
13819.0
15439.0
16946.0
17245.0
17045.0
16859.0
16378.0
16092.0
15821.0
15809.0
15837.0
15992.0
16097.0
16440.0
16317.0
16201.0
15921.0
15287.0
14557.0
13889.0
13362.0
13240.0
13430.0
13532.0
13857.0
15106.0
16645.0
16905.0
16898.0
16762.0
16600.0
16447.0
16167.0
16036.0
16150.0
16020.0
16167.0
16308.0
16065.0
15679.0
15197.0
14679.0
14162.0
13641.0
13268.0
13078.0
12999.0
12923.0
13047.0
13335.0
13813.0
14429.0
15029.0
15354.0
15255.0
15168.0
15060.0
14949.0
14873.0
15046.0
15537.0
15771.0
15491.0
14940.0
14579.0
14218.0
13812.0
13544.0
13184.0
13110.0
13050.0
13011.0
13108.0
13336.0
13606.0
13968.0
14378.0
14803.0
14989.0
14902.0
14958.0
14968.0
15057.0
15046.0
15189.0
15576.0
15660.0
15503.0
15136.0
14706.0
14140.0
13539.0
13263.0
13230.0
13284.0
13521.0
14155.0
15498.0
17137.0
17595.0
17628.0
17286.0
17109.0
16857.0
16928.0
16875.0
16875.0
16846.0
16996.0
17224.0
16884.0
16692.0
16346.0
15815.0
14939.0
14324.0
14090.0
13985.0
13995.0
14005.0
14493.0
15797.0
17317.0
17817.0
17519.0
17333.0
17357.0
17240.0
17175.0
17094.0
17010.0
17075.0
17200.0
17469.0
17671.0
16962.0
16497.0
15774.0
14916.0
14283.0
13974.0
13792.0
13676.0
13660.0
14045.0
15280.0
16796.0
16997.0
16748.0
16660.0
16662.0
16613.0
16366.0
16209.0
16139.0
16290.0
16491.0
16714.0
16860.0
16466.0
15961.0
15275.0
14607.0
13952.0
13597.0
13546.0
13498.0
13585.0
14148.0
15452.0
17091.0
17348.0
17029.0
16518.0
16278.0
15993.0
15838.0
15909.0
15941.0
15998.0
16135.0
16458.0
16336.0
16162.0
15748.0
15102.0
14342.0
13850.0
13691.0
13545.0
13600.0
13565.0
14072.0
15433.0
17039.0
17360.0
17231.0
17029.0
16858.0
16436.0
16270.0
15930.0
16002.0
16063.0
16265.0
16269.0
15837.0
15398.0
15141.0
14583.0
13955.0
13593.0
13385.0
13125.0
12979.0
12985.0
13172.0
13465.0
14009.0
14518.0
15166.0
15458.0
15346.0
15144.0
14841.0
14881.0
14916.0
15182.0
15583.0
15818.0
15533.0
15110.0
14726.0
14539.0
14123.0
13904.0
13565.0
13168.0
13108.0
13411.0
13515.0
13574.0
14087.0
14382.0
14850.0
15206.0
15347.0
15308.0
15151.0
15120.0
15235.0
15418.0
15831.0
16282.0
16372.0
16298.0
16157.0
15849.0
15381.0
14922.0
14529.0
14305.0
14230.0
14346.0
14459.0
15190.0
16768.0
18065.0
18334.0
18162.0
17828.0
17652.0
17633.0
17733.0
17602.0
17804.0
18133.0
18391.0
18316.0
18104.0
17838.0
17495.0
16642.0
15644.0
15194.0
14856.0
14624.0
14542.0
14639.0
15177.0
16487.0
17940.0
18095.0
17993.0
17742.0
17338.0
17035.0
16705.0
16882.0
17197.0
17526.0
17727.0
17166.0
17036.0
16947.0
16575.0
15840.0
15040.0
11565.0
11552.0
11490.0
11420.0
11474.0
11745.0
11927.0
12338.0
12755.0
13065.0
13091.0
13109.0
13135.0
13135.0
13191.0
13270.0
13232.0
13451.0
13875.0
13929.0
13575.0
13021.0
12353.0
11967.0
11754.0
11591.0
11608.0
11729.0
12064.0
13290.0
14290.0
14585.0
14709.0
14813.0
14761.0
14610.0
14587.0
14417.0
14246.0
14253.0
14106.0
14187.0
14413.0
14238.0
13850.0
13356.0
12669.0
12070.0
11791.0
11788.0
11864.0
11986.0
12432.0
13467.0
14552.0
14912.0
14849.0
14908.0
14807.0
14634.0
14472.0
14228.0
14156.0
14262.0
14181.0
14413.0
14695.0
14354.0
13891.0
13443.0
12722.0
12164.0
11888.0
11746.0
11742.0
11975.0
12352.0
13567.0
15047.0
15459.0
15459.0
15276.0
15041.0
14934.0
14769.0
14759.0
14814.0
14812.0
14900.0
15045.0
15297.0
15176.0
14786.0
14080.0
13277.0
12842.0
12525.0
12427.0
12493.0
12667.0
13081.0
14325.0
15661.0
15966.0
15976.0
15697.0
15294.0
15021.0
14949.0
14840.0
14547.0
14636.0
14730.0
14951.0
15284.0
15097.0
14832.0
14230.0
13482.0
12882.0
12669.0
12498.0
12585.0
12651.0
13095.0
14201.0
15352.0
15732.0
15596.0
15484.0
15123.0
14985.0
14766.0
14438.0
14262.0
14349.0
14367.0
14397.0
14739.0
14281.0
13933.0
13434.0
12981.0
12551.0
12314.0
12217.0
12169.0
12228.0
12366.0
12730.0
13070.0
13636.0
14395.0
14643.0
14529.0
14358.0
14082.0
13807.0
13656.0
13634.0
13830.0
14330.0
14607.0
14249.0
13919.0
13572.0
13300.0
12886.0
12575.0
12472.0
12393.0
12497.0
12579.0
12863.0
13122.0
13483.0
13876.0
14088.0
13937.0
13660.0
13451.0
13274.0
13204.0
13401.0
13564.0
14026.0
14664.0
14657.0
14506.0
14038.0
13437.0
12925.0
12814.0
12617.0
12752.0
12937.0
13427.0
14759.0
16288.0
16552.0
16248.0
16000.0
15573.0
15289.0
15057.0
15124.0
15004.0
14946.0
14975.0
15373.0
15726.0
15598.0
15357.0
14775.0
14107.0
13568.0
13278.0
13304.0
13295.0
13290.0
13759.0
15183.0
16319.0
16390.0
16300.0
16080.0
15726.0
15556.0
15465.0
15541.0
15688.0
15671.0
15537.0
15538.0
15700.0
15493.0
15119.0
14442.0
13687.0
13134.0
12829.0
12743.0
12715.0
12847.0
13327.0
14573.0
16004.0
16253.0
16064.0
16059.0
15831.0
15922.0
15833.0
15731.0
15637.0
15719.0
15710.0
15808.0
15719.0
15402.0
15059.0
14376.0
13583.0
13147.0
12779.0
12645.0
12553.0
12506.0
12998.0
14036.0
15359.0
15772.0
15502.0
15506.0
15354.0
15232.0
15126.0
14922.0
14887.0
15042.0
15026.0
15258.0
15528.0
15269.0
14781.0
14301.0
13738.0
13312.0
12928.0
12888.0
12868.0
13037.0
13541.0
15054.0
16354.0
16587.0
16479.0
16266.0
16004.0
15863.0
15829.0
15550.0
15225.0
15251.0
15291.0
15593.0
15384.0
14796.0
14299.0
13816.0
13056.0
12651.0
12400.0
12263.0
12142.0
12218.0
12299.0
12480.0
13028.0
13415.0
14020.0
14238.0
14211.0
14033.0
13741.0
13780.0
13683.0
13741.0
13941.0
14419.0
14405.0
14003.0
13672.0
13197.0
12838.0
12594.0
12346.0
12161.0
12127.0
12117.0
12221.0
12381.0
12512.0
12846.0
13373.0
13691.0
13953.0
13965.0
13932.0
13926.0
13998.0
14103.0
14109.0
14255.0
14198.0
13972.0
13820.0
13155.0
12488.0
11944.0
11700.0
11626.0
11397.0
11584.0
12126.0
13605.0
14921.0
15245.0
15140.0
14841.0
14861.0
14737.0
14664.0
14507.0
14670.0
14782.0
14926.0
15172.0
15136.0
14518.0
14221.0
13695.0
12922.0
12610.0
12327.0
12109.0
12095.0
12189.0
12548.0
13833.0
15198.0
15475.0
15391.0
15351.0
15250.0
15200.0
15204.0
15163.0
15060.0
15170.0
15244.0
15409.0
15310.0
14933.0
14603.0
13906.0
13194.0
12647.0
12295.0
12264.0
12274.0
12451.0
12908.0
14229.0
15893.0
16087.0
16040.0
15840.0
15465.0
15143.0
14930.0
14946.0
14969.0
14956.0
15129.0
15522.0
15612.0
15490.0
15336.0
14865.0
14077.0
13533.0
13335.0
13252.0
13253.0
13385.0
13819.0
15439.0
16946.0
17245.0
17045.0
16859.0
16378.0
16092.0
15821.0
15809.0
15837.0
15992.0
16097.0
16440.0
16317.0
16201.0
15921.0
15287.0
14557.0
13889.0
13362.0
13240.0
13430.0
13532.0
13857.0
15106.0
16645.0
16905.0
16898.0
16762.0
16600.0
16447.0
16167.0
16036.0
16150.0
16020.0
16167.0
16308.0
16065.0
15679.0
15197.0
14679.0
14162.0
13641.0
13268.0
13078.0
12999.0
12923.0
13047.0
13335.0
13813.0
14429.0
15029.0
15354.0
15255.0
15168.0
15060.0
14949.0
14873.0
15046.0
15537.0
15771.0
15491.0
14940.0
14579.0
14218.0
13812.0
13544.0
13184.0
13110.0
13050.0
13011.0
13108.0
13336.0
13606.0
13968.0
14378.0
14803.0
14989.0
14902.0
14958.0
14968.0
15057.0
15046.0
15189.0
15576.0
15660.0
15503.0
15136.0
14706.0
14140.0
13539.0
13263.0
13230.0
13284.0
13521.0
14155.0
15498.0
17137.0
17595.0
17628.0
17286.0
17109.0
16857.0
16928.0
16875.0
16875.0
16846.0
16996.0
17224.0
16884.0
16692.0
16346.0
15815.0
14939.0
14324.0
14090.0
13985.0
13995.0
14005.0
14493.0
15797.0
17317.0
17817.0
17519.0
17333.0
17357.0
17240.0
17175.0
17094.0
17010.0
17075.0
17200.0
17469.0
17671.0
16962.0
16497.0
15774.0
14916.0
14283.0
13974.0
13792.0
13676.0
13660.0
14045.0
15280.0
16796.0
16997.0
16748.0
16660.0
16662.0
16613.0
16366.0
16209.0
16139.0
16290.0
16491.0
16714.0
16860.0
16466.0
15961.0
15275.0
14607.0
13952.0
13597.0
13546.0
13498.0
13585.0
14148.0
15452.0
17091.0
17348.0
17029.0
16518.0
16278.0
15993.0
15838.0
15909.0
15941.0
15998.0
16135.0
16458.0
16336.0
16162.0
15748.0
15102.0
14342.0
13850.0
13691.0
13545.0
13600.0
13565.0
14072.0
15433.0
17039.0
17360.0
17231.0
17029.0
16858.0
16436.0
16270.0
15930.0
16002.0
16063.0
16265.0
16269.0
15837.0
15398.0
15141.0
14583.0
13955.0
13593.0
13385.0
13125.0
12979.0
12985.0
13172.0
13465.0
14009.0
14518.0
15166.0
15458.0
15346.0
15144.0
14841.0
14881.0
14916.0
15182.0
15583.0
15818.0
15533.0
15110.0
14726.0
14539.0
14123.0
13904.0
13565.0
13168.0
13108.0
13411.0
13515.0
13574.0
14087.0
14382.0
14850.0
15206.0
15347.0
15308.0
15151.0
15120.0
15235.0
15418.0
15831.0
16282.0
16372.0
16298.0
16157.0
15849.0
15381.0
14922.0
14529.0
14305.0
14230.0
14346.0
14459.0
15190.0
16768.0
18065.0
18334.0
18162.0
17828.0
17652.0
17633.0
17733.0
17602.0
17804.0
18133.0
18391.0
18316.0
18104.0
17838.0
17495.0
16642.0
15644.0
18063.0
17616.0
17429.0
17399.0
17557.0
18105.0
19504.0
21306.0
21988.0
21725.0
21574.0
21308.0
21227.0
20900.0
20919.0
21095.0
21389.0
21306.0
21057.0
20798.0
20281.0
19777.0
19117.0
18468.0
17938.0
17550.0
17344.0
17158.0
17079.0
17171.0
17566.0
18121.0
18820.0
19471.0
19845.0
19865.0
19758.0
19628.0
19658.0
19692.0
19720.0
19759.0
19478.0
18983.0
18471.0
18014.0
17555.0
17089.0
16706.0
16352.0
16126.0
16118.0
16207.0
16262.0
16459.0
16801.0
17501.0
18063.0
18664.0
18759.0
18581.0
18593.0
18602.0
18974.0
19370.0
19401.0
19302.0
19163.0
19031.0
18724.0
18284.0
17541.0
17086.0
16762.0
16690.0
16841.0
17083.0
17442.0
18942.0
20616.0
21260.0
21124.0
21045.0
20597.0
20492.0
20479.0
20567.0
20868.0
21029.0
20925.0
20687.0
20409.0
20045.0
19559.0
18596.0
17701.0
17228.0
16839.0
16745.0
16806.0
16840.0
17318.0
18592.0
20114.0
20688.0
20428.0
20277.0
20176.0
20045.0
19961.0
19991.0
20028.0
20454.0
20090.0
19728.0
19452.0
19160.0
18546.0
17912.0
17116.0
16449.0
16126.0
15961.0
15988.0
16101.0
16544.0
18124.0
19681.0
20166.0
19913.0
19822.0
19672.0
19624.0
19721.0
19827.0
20038.0
20208.0
19964.0
19666.0
19444.0
19154.0
18680.0
17697.0
16951.0
16260.0
15797.0
15517.0
15543.0
15695.0
16105.0
17420.0
18638.0
19187.0
18992.0
18895.0
18731.0
18641.0
18612.0
18529.0
18865.0
19191.0
19183.0
18856.0
18423.0
18260.0
18023.0
17565.0
16784.0
16279.0
15956.0
15682.0
15611.0
15722.0
16158.0
17623.0
19220.0
19776.0
19698.0
19636.0
19466.0
19303.0
19245.0
19414.0
19745.0
19737.0
19388.0
19345.0
19004.0
18670.0
18106.0
17416.0
16827.0
16352.0
15960.0
15718.0
15634.0
15649.0
15856.0
16131.0
16737.0
17462.0
18124.0
18572.0
18642.0
18557.0
18554.0
18584.0
18869.0
19244.0
19432.0
19294.0
19050.0
18812.0
18291.0
17841.0
17465.0
17088.0
16864.0
16758.0
16700.0
16718.0
16825.0
17073.0
17534.0
18169.0
18965.0
19444.0
19365.0
19391.0
19490.0
19643.0
19983.0
20360.0
20260.0
19973.0
19861.0
19602.0
19336.0
18808.0
18255.0
17530.0
17199.0
17047.0
17106.0
17271.0
17859.0
19260.0
20944.0
21502.0
21326.0
21495.0
21172.0
20961.0
21027.0
21161.0
21337.0
21497.0
21333.0
21173.0
20937.0
20647.0
20232.0
19537.0
18574.0
17931.0
17557.0
17446.0
17574.0
17749.0
18289.0
19837.0
21530.0
22020.0
21840.0
21696.0
21526.0
21353.0
21234.0
21299.0
21667.0
21920.0
22068.0
21630.0
21498.0
21346.0
20868.0
20006.0
19281.0
18574.0
18217.0
18016.0
17923.0
17976.0
18554.0
20117.0
21468.0
21722.0
21622.0
21568.0
21573.0
21479.0
21571.0
21736.0
21841.0
22012.0
22030.0
21530.0
21162.0
20783.0
20387.0
19454.0
18657.0
18076.0
17766.0
17526.0
17492.0
17898.0
18393.0
19858.0
21600.0
22041.0
21745.0
21670.0
21596.0
21340.0
21325.0
21459.0
21808.0
21898.0
21662.0
21316.0
20901.0
20587.0
20245.0
19540.0
18689.0
18132.0
17704.0
17478.0
17533.0
17716.0
18265.0
19697.0
21457.0
22018.0
22076.0
21743.0
21684.0
21430.0
21368.0
21319.0
21591.0
21737.0
21591.0
21269.0
20943.0
20500.0
19982.0
19409.0
18898.0
18368.0
18014.0
17794.0
17694.0
17767.0
17923.0
18318.0
18871.0
19607.0
20430.0
20926.0
20952.0
20681.0
20507.0
20489.0
20691.0
21041.0
21135.0
20928.0
20620.0
20346.0
20023.0
19579.0
19097.0
18698.0
18351.0
18070.0
17879.0
17844.0
18277.0
18565.0
19009.0
19545.0
20160.0
20737.0
20900.0
20908.0
20970.0
21072.0
21312.0
21609.0
21483.0
21055.0
20907.0
20615.0
20209.0
19641.0
19060.0
18278.0
17856.0
17880.0
17842.0
17758.0
18340.0
19662.0
21186.0
21789.0
21744.0
21448.0
21302.0
21133.0
21131.0
21244.0
21409.0
21551.0
21315.0
20980.0
20894.0
20753.0
20415.0
19738.0
18866.0
18340.0
17750.0
17528.0
17658.0
17926.0
18327.0
19734.0
21287.0
21582.0
21302.0
21164.0
20987.0
20761.0
20800.0
20901.0
21021.0
21135.0
20809.0
20492.0
20174.0
20036.0
19493.0
18890.0
18009.0
17329.0
16918.0
16502.0
16513.0
16583.0
16845.0
18241.0
19762.0
20312.0
20150.0
19945.0
19833.0
19754.0
19716.0
19717.0
19827.0
20074.0
19946.0
19750.0
19514.0
19254.0
18851.0
18150.0
17388.0
17043.0
16591.0
16367.0
16390.0
16589.0
17104.0
18394.0
20029.0
20691.0
20622.0
20499.0
20379.0
20254.0
20303.0
20211.0
20542.0
20755.0
20310.0
19971.0
19845.0
19810.0
19274.0
18652.0
18095.0
17561.0
17049.0
16790.0
16830.0
16849.0
17185.0
18329.0
19878.0
20555.0
20656.0
20734.0
20684.0
20470.0
20371.0
20198.0
20274.0
20350.0
20071.0
19804.0
19342.0
18802.0
18337.0
17761.0
16929.0
16383.0
15881.0
15719.0
15523.0
15468.0
15571.0
15967.0
16487.0
17038.0
17735.0
18136.0
18334.0
18310.0
18177.0
18147.0
18291.0
18310.0
18207.0
18009.0
17789.0
17452.0
16952.0
16660.0
16121.0
15893.0
15458.0
15214.0
15086.0
15178.0
15378.0
15669.0
16008.0
16709.0
17654.0
18109.0
18366.0
18166.0
18297.0
18608.0
18959.0
19165.0
18257.0
17661.0
17301.0
16933.0
16817.0
16742.0
16652.0
16454.0
16173.0
15860.0
15681.0
15666.0
15841.0
16122.0
16440.0
16820.0
17329.0
17891.0
18123.0
18157.0
18157.0
18260.0
18431.0
18391.0
18122.0
17945.0
17724.0
17489.0
17106.0
16739.0
16452.0
16331.0
15908.0
15741.0
15805.0
15968.0
16126.0
16400.0
16752.0
17141.0
17715.0
17968.0
18307.0
18804.0
18774.0
18805.0
18904.0
18863.0
18447.0
18127.0
17928.0
17722.0
17497.0
17177.0
16744.0
16493.0
16179.0
16102.0
16118.0
16276.0
16789.0
17341.0
18382.0
18833.0
19447.0
19846.0
19977.0
19863.0
19641.0
19839.0
20227.0
20338.0
20174.0
19838.0
19567.0
19046.0
18633.0
18114.0
17560.0
17046.0
16642.0
16483.0
16512.0
16832.0
17151.0
17741.0
18661.0
19348.0
19869.0
20252.0
20354.0
20292.0
20191.0
20162.0
20324.0
20416.0
20173.0
19897.0
19401.0
19204.0
18912.0
18359.0
17791.0
17399.0
17016.0
16885.0
16764.0
16735.0
17121.0
17721.0
18593.0
19372.0
19753.0
20084.0
20399.0
20162.0
20066.0
20037.0
20228.0
20515.0
20393.0
19996.0
19602.0
19303.0
18894.0
18423.0
17832.0
17587.0
17223.0
16931.0
17037.0
17002.0
16992.0
17329.0
17753.0
18457.0
19032.0
19573.0
19793.0
19827.0
19793.0
19717.0
19711.0
19966.0
20129.0
19871.0
19634.0
19222.0
18790.0
18373.0
18054.0
17559.0
17017.0
16824.0
16707.0
16656.0
16632.0
16882.0
17190.0
17672.0
18287.0
18840.0
19090.0
19342.0
19456.0
19620.0
19994.0
20469.0
20343.0
19738.0
18993.0
18344.0
17955.0
17500.0
17118.0
