0.0
0.0
0.0
0.0
0.0
0.0
0.0
10.0
57.0
137.0
294.0
462.0
378.0
91.0
21.0
10.0
1.0
0.0
0.0
0.0
0.0
0.0
0.0
0.0
0.0
0.0
0.0
0.0
0.0
0.0
0.0
1.0
10.0
165.0
229.0
262.0
187.0
190.0
119.0
60.0
1.0
0.0
0.0
0.0
0.0
0.0
0.0
0.0
0.0
0.0
0.0
0.0
0.0
0.0
0.0
1.0
69.0
135.0
185.0
206.0
218.0
197.0
143.0
60.0
2.0
0.0
0.0
0.0
0.0
0.0
0.0
0.0
0.0
0.0
0.0
0.0
0.0
0.0
0.0
1.0
120.0
206.0
246.0
233.0
289.0
253.0
144.0
130.0
12.0
0.0
0.0
0.0
0.0
0.0
0.0
0.0
0.0
0.0
0.0
0.0
0.0
0.0
0.0
3.0
114.0
246.0
357.0
410.0
406.0
358.0
266.0
129.0
7.0
0.0
0.0
0.0
0.0
0.0
0.0
0.0
0.0
0.0
0.0
0.0
0.0
0.0
0.0
4.0
103.0
213.0
312.0
355.0
357.0
267.0
176.0
74.0
2.0
0.0
0.0
0.0
0.0
0.0
0.0
0.0
0.0
0.0
0.0
0.0
0.0
0.0
0.0
3.0
80.0
156.0
230.0
261.0
268.0
240.0
191.0
84.0
2.0
0.0
0.0
0.0
0.0
0.0
0.0
0.0
0.0
0.0
0.0
0.0
0.0
0.0
0.0
2.0
87.0
191.0
259.0
270.0
294.0
248.0
214.0
96.0
2.0
0.0
0.0
0.0
0.0
0.0
0.0
0.0
0.0
0.0
0.0
0.0
0.0
0.0
0.0
2.0
77.0
23.0
159.0
324.0
286.0
330.0
241.0
122.0
13.0
0.0
0.0
0.0
0.0
0.0
0.0
0.0
0.0
0.0
0.0
0.0
0.0
0.0
0.0
4.0
88.0
176.0
256.0
285.0
257.0
227.0
184.0
94.0
2.0
0.0
0.0
0.0
0.0
0.0
0.0
0.0
0.0
0.0
0.0
0.0
0.0
0.0
0.0
2.0
97.0
207.0
343.0
391.0
383.0
348.0
263.0
143.0
12.0
0.0
0.0
0.0
0.0
0.0
0.0
0.0
0.0
0.0
0.0
0.0
0.0
0.0
0.0
2.0
133.0
218.0
258.0
343.0
361.0
306.0
277.0
159.0
19.0
0.0
0.0
0.0
0.0
0.0
0.0
0.0
0.0
0.0
0.0
0.0
0.0
0.0
0.0
5.0
128.0
269.0
348.0
379.0
362.0
344.0
270.0
150.0
9.0
0.0
0.0
0.0
0.0
0.0
0.0
0.0
0.0
0.0
0.0
0.0
0.0
0.0
0.0
8.0
92.0
267.0
175.0
200.0
153.0
329.0
218.0
151.0
33.0
0.0
0.0
0.0
0.0
0.0
0.0
0.0
0.0
0.0
0.0
0.0
0.0
0.0
0.0
2.0
65.0
129.0
206.0
237.0
186.0
187.0
115.0
64.0
3.0
0.0
0.0
0.0
0.0
0.0
0.0
0.0
0.0
0.0
0.0
0.0
0.0
0.0
0.0
3.0
152.0
273.0
434.0
299.0
37.0
141.0
119.0
16.0
3.0
0.0
0.0
0.0
0.0
0.0
0.0
0.0
0.0
0.0
0.0
0.0
0.0
0.0
0.0
8.0
112.0
299.0
267.0
349.0
384.0
142.0
177.0
122.0
6.0
0.0
0.0
0.0
0.0
0.0
0.0
0.0
0.0
0.0
0.0
0.0
0.0
0.0
0.0
2.0
89.0
208.0
227.0
205.0
257.0
351.0
282.0
197.0
32.0
0.0
0.0
0.0
0.0
0.0
0.0
0.0
0.0
0.0
0.0
0.0
0.0
0.0
0.0
2.0
84.0
216.0
324.0
346.0
345.0
316.0
217.0
116.0
3.0
0.0
0.0
0.0
0.0
0.0
0.0
0.0
0.0
0.0
0.0
0.0
0.0
0.0
0.0
4.0
129.0
273.0
387.0
443.0
443.0
405.0
292.0
152.0
11.0
0.0
0.0
0.0
0.0
0.0
0.0
0.0
0.0
0.0
0.0
0.0
0.0
0.0
0.0
7.0
137.0
290.0
397.0
437.0
427.0
387.0
306.0
183.0
23.0
0.0
0.0
0.0
0.0
0.0
0.0
0.0
0.0
0.0
0.0
0.0
0.0
0.0
0.0
2.0
125.0
287.0
420.0
250.0
332.0
183.0
251.0
181.0
36.0
0.0
0.0
0.0
0.0
0.0
0.0
0.0
0.0
0.0
0.0
0.0
0.0
0.0
0.0
2.0
13.0
25.0
35.0
41.0
41.0
37.0
29.0
17.0
5.0
0.0
0.0
0.0
0.0
0.0
0.0
0.0
0.0
0.0
0.0
0.0
0.0
0.0
0.0
2.0
63.0
117.0
179.0
202.0
220.0
198.0
165.0
108.0
18.0
0.0
0.0
0.0
0.0
0.0
0.0
0.0
0.0
0.0
0.0
0.0
0.0
0.0
0.0
8.0
138.0
255.0
365.0
441.0
468.0
422.0
311.0
175.0
20.0
0.0
0.0
0.0
0.0
0.0
0.0
0.0
0.0
0.0
0.0
0.0
0.0
0.0
0.0
7.0
130.0
273.0
396.0
468.0
478.0
405.0
308.0
185.0
27.0
0.0
0.0
0.0
0.0
0.0
0.0
0.0
0.0
0.0
0.0
0.0
0.0
0.0
0.0
9.0
146.0
291.0
408.0
484.0
498.0
457.0
349.0
208.0
35.0
0.0
0.0
0.0
0.0
0.0
0.0
0.0
0.0
0.0
0.0
0.0
0.0
0.0
0.0
2.0
88.0
201.0
295.0
373.0
387.0
336.0
263.0
156.0
45.0
0.0
0.0
0.0
0.0
0.0
0.0
0.0
0.0
0.0
0.0
0.0
0.0
0.0
0.0
11.0
155.0
297.0
391.0
453.0
465.0
426.0
332.0
213.0
71.0
0.0
0.0
0.0
0.0
0.0
0.0
0.0
0.0
0.0
0.0
0.0
0.0
0.0
0.0
11.0
148.0
280.0
389.0
451.0
458.0
407.0
326.0
190.0
67.0
0.0
0.0
0.0
0.0
0.0
0.0
0.0
0.0
0.0
0.0
0.0
0.0
0.0
0.0
11.0
153.0
292.0
407.0
478.0
490.0
446.0
319.0
199.0
65.0
0.0
0.0
0.0
0.0
0.0
0.0
0.0
0.0
0.0
0.0
0.0
0.0
0.0
0.0
12.0
162.0
307.0
410.0
503.0
514.0
455.0
365.0
226.0
77.0
0.0
0.0
0.0
0.0
0.0
0.0
0.0
0.0
0.0
0.0
0.0
0.0
0.0
0.0
15.0
173.0
325.0
447.0
516.0
524.0
478.0
370.0
223.0
77.0
0.0
0.0
0.0
0.0
0.0
0.0
0.0
0.0
0.0
0.0
0.0
0.0
0.0
0.0
3.0
32.0
71.0
38.0
251.0
349.0
300.0
327.0
222.0
81.0
0.0
0.0
0.0
0.0
0.0
0.0
0.0
0.0
0.0
0.0
0.0
0.0
0.0
0.0
3.0
90.0
201.0
304.0
399.0
365.0
383.0
362.0
197.0
45.0
1.0
0.0
0.0
0.0
0.0
0.0
0.0
0.0
0.0
0.0
0.0
0.0
0.0
0.0
15.0
168.0
311.0
419.0
484.0
496.0
450.0
355.0
223.0
83.0
0.0
0.0
0.0
0.0
0.0
0.0
0.0
0.0
0.0
0.0
0.0
0.0
0.0
0.0
14.0
161.0
309.0
426.0
496.0
506.0
478.0
378.0
227.0
87.0
0.0
0.0
0.0
0.0
0.0
0.0
0.0
0.0
0.0
0.0
0.0
0.0
0.0
0.0
12.0
136.0
255.0
368.0
415.0
418.0
394.0
317.0
190.0
71.0
0.0
0.0
0.0
0.0
0.0
0.0
0.0
0.0
0.0
0.0
0.0
0.0
0.0
0.0
4.0
22.0
28.0
40.0
43.0
60.0
361.0
301.0
187.0
72.0
1.0
0.0
0.0
0.0
0.0
0.0
0.0
0.0
0.0
0.0
0.0
0.0
0.0
0.0
31.0
203.0
178.0
137.0
56.0
159.0
345.0
318.0
240.0
81.0
0.0
0.0
0.0
0.0
0.0
0.0
0.0
0.0
0.0
0.0
0.0
0.0
0.0
0.0
4.0
78.0
198.0
116.0
431.0
193.0
169.0
240.0
292.0
112.0
3.0
0.0
0.0
0.0
0.0
0.0
0.0
0.0
0.0
0.0
0.0
0.0
0.0
0.0
36.0
206.0
140.0
319.0
446.0
588.0
394.0
291.0
148.0
16.0
4.0
0.0
0.0
0.0
0.0
0.0
0.0
0.0
0.0
0.0
0.0
0.0
0.0
0.0
16.0
129.0
213.0
295.0
322.0
359.0
330.0
275.0
158.0
68.0
1.0
0.0
0.0
0.0
0.0
0.0
0.0
0.0
0.0
0.0
0.0
0.0
0.0
0.0
5.0
79.0
145.0
188.0
245.0
256.0
258.0
211.0
146.0
62.0
2.0
0.0
0.0
0.0
0.0
0.0
0.0
0.0
0.0
0.0
0.0
0.0
0.0
0.0
63.0
219.0
380.0
506.0
586.0
597.0
549.0
446.0
300.0
128.0
3.0
0.0
0.0
0.0
0.0
0.0
0.0
0.0
0.0
0.0
0.0
0.0
0.0
0.0
63.0
204.0
339.0
467.0
535.0
529.0
512.0
403.0
250.0
114.0
1.0
0.0
0.0
0.0
0.0
0.0
0.0
0.0
0.0
0.0
0.0
0.0
0.0
0.0
53.0
197.0
352.0
468.0
521.0
510.0
419.0
361.0
279.0
121.0
4.0
0.0
0.0
0.0
0.0
0.0
0.0
0.0
0.0
0.0
0.0
0.0
0.0
0.0
46.0
159.0
242.0
291.0
367.0
340.0
295.0
245.0
178.0
65.0
1.0
0.0
0.0
0.0
0.0
0.0
0.0
0.0
0.0
0.0
0.0
0.0
0.0
0.0
67.0
188.0
329.0
406.0
474.0
535.0
503.0
411.0
250.0
108.0
1.0
0.0
0.0
0.0
0.0
0.0
0.0
0.0
0.0
0.0
0.0
0.0
0.0
0.0
63.0
197.0
329.0
428.0
474.0
483.0
426.0
343.0
229.0
102.0
1.0
0.0
0.0
0.0
0.0
0.0
0.0
0.0
0.0
0.0
0.0
0.0
0.0
0.0
60.0
191.0
321.0
406.0
525.0
510.0
487.0
413.0
290.0
152.0
5.0
0.0
0.0
0.0
0.0
0.0
0.0
0.0
0.0
0.0
0.0
0.0
0.0
1.0
46.0
55.0
30.0
257.0
339.0
550.0
572.0
348.0
280.0
144.0
9.0
0.0
0.0
0.0
0.0
0.0
0.0
0.0
0.0
0.0
0.0
0.0
0.0
0.0
66.0
151.0
269.0
332.0
449.0
461.0
408.0
407.0
288.0
161.0
12.0
0.0
0.0
0.0
0.0
0.0
0.0
0.0
0.0
0.0
0.0
0.0
0.0
0.0
41.0
119.0
191.0
232.0
249.0
263.0
222.0
179.0
127.0
59.0
2.0
0.0
0.0
0.0
0.0
0.0
0.0
0.0
0.0
0.0
0.0
0.0
0.0
0.0
86.0
249.0
400.0
512.0
593.0
596.0
547.0
438.0
286.0
140.0
6.0
0.0
0.0
0.0
0.0
0.0
0.0
0.0
0.0
0.0
0.0
0.0
0.0
1.0
61.0
108.0
244.0
222.0
364.0
409.0
452.0
397.0
247.0
180.0
17.0
0.0
0.0
0.0
0.0
0.0
0.0
0.0
0.0
0.0
0.0
0.0
0.0
1.0
97.0
230.0
321.0
390.0
512.0
538.0
628.0
463.0
300.0
159.0
12.0
0.0
0.0
0.0
0.0
0.0
0.0
0.0
0.0
0.0
0.0
0.0
0.0
1.0
99.0
271.0
441.0
567.0
594.0
585.0
524.0
416.0
288.0
133.0
2.0
0.0
0.0
0.0
0.0
0.0
0.0
0.0
0.0
0.0
0.0
0.0
0.0
1.0
106.0
266.0
453.0
513.0
497.0
527.0
474.0
472.0
297.0
128.0
6.0
0.0
0.0
0.0
0.0
0.0
0.0
0.0
0.0
0.0
0.0
0.0
0.0
1.0
118.0
292.0
461.0
588.0
665.0
673.0
624.0
515.0
356.0
177.0
11.0
0.0
0.0
0.0
0.0
0.0
0.0
0.0
0.0
0.0
0.0
0.0
0.0
1.0
54.0
130.0
197.0
233.0
267.0
270.0
273.0
208.0
158.0
88.0
7.0
0.0
0.0
0.0
0.0
0.0
0.0
0.0
0.0
0.0
0.0
0.0
0.0
2.0
71.0
183.0
321.0
393.0
402.0
449.0
414.0
348.0
244.0
113.0
3.0
0.0
0.0
0.0
0.0
0.0
0.0
0.0
0.0
0.0
0.0
0.0
0.0
4.0
107.0
218.0
337.0
452.0
473.0
450.0
391.0
351.0
291.0
138.0
3.0
0.0
0.0
0.0
0.0
0.0
0.0
0.0
0.0
0.0
0.0
0.0
0.0
15.0
112.0
272.0
40.0
151.0
286.0
416.0
709.0
350.0
146.0
71.0
21.0
0.0
0.0
0.0
0.0
0.0
0.0
0.0
0.0
0.0
0.0
0.0
0.0
1.0
55.0
126.0
202.0
251.0
280.0
311.0
309.0
263.0
180.0
80.0
7.0
0.0
0.0
0.0
0.0
0.0
0.0
0.0
0.0
0.0
0.0
0.0
0.0
1.0
43.0
125.0
141.0
172.0
214.0
178.0
160.0
132.0
129.0
89.0
9.0
0.0
0.0
0.0
0.0
0.0
0.0
0.0
0.0
0.0
0.0
0.0
0.0
2.0
128.0
318.0
337.0
282.0
563.0
528.0
396.0
344.0
33.0
84.0
10.0
0.0
0.0
0.0
0.0
0.0
0.0
0.0
0.0
0.0
0.0
0.0
0.0
6.0
167.0
362.0
533.0
660.0
735.0
742.0
686.0
571.0
412.0
221.0
20.0
0.0
0.0
0.0
0.0
0.0
0.0
0.0
0.0
0.0
0.0
0.0
0.0
6.0
151.0
316.0
478.0
585.0
669.0
669.0
623.0
502.0
366.0
196.0
17.0
0.0
0.0
0.0
0.0
0.0
0.0
0.0
0.0
0.0
0.0
0.0
0.0
7.0
152.0
304.0
386.0
470.0
578.0
605.0
571.0
469.0
368.0
174.0
17.0
0.0
0.0
0.0
0.0
0.0
0.0
0.0
0.0
0.0
0.0
0.0
0.0
6.0
74.0
172.0
226.0
285.0
293.0
315.0
287.0
235.0
143.0
76.0
5.0
0.0
0.0
0.0
0.0
0.0
0.0
0.0
0.0
0.0
0.0
0.0
0.0
9.0
163.0
333.0
496.0
610.0
675.0
682.0
651.0
550.0
401.0
232.0
32.0
0.0
0.0
0.0
0.0
0.0
0.0
0.0
0.0
0.0
0.0
0.0
0.0
7.0
90.0
181.0
293.0
344.0
392.0
401.0
394.0
277.0
191.0
114.0
5.0
0.0
0.0
0.0
0.0
0.0
0.0
0.0
0.0
0.0
0.0
0.0
0.0
11.0
83.0
216.0
285.0
386.0
430.0
350.0
321.0
206.0
117.0
19.0
5.0
0.0
0.0
0.0
0.0
0.0
0.0
0.0
0.0
0.0
0.0
0.0
0.0
9.0
106.0
178.0
262.0
351.0
410.0
409.0
321.0
236.0
166.0
79.0
6.0
0.0
0.0
0.0
0.0
0.0
0.0
0.0
0.0
0.0
0.0
0.0
0.0
16.0
200.0
385.0
553.0
675.0
749.0
750.0
695.0
576.0
420.0
237.0
69.0
0.0
0.0
0.0
0.0
0.0
0.0
0.0
0.0
0.0
0.0
0.0
0.0
16.0
176.0
356.0
469.0
589.0
665.0
645.0
612.0
494.0
379.0
217.0
62.0
0.0
0.0
0.0
0.0
0.0
0.0
0.0
0.0
0.0
0.0
0.0
0.0
18.0
198.0
374.0
531.0
654.0
716.0
726.0
677.0
583.0
421.0
245.0
76.0
0.0
0.0
0.0
0.0
0.0
0.0
0.0
0.0
0.0
0.0
0.0
0.0
15.0
56.0
59.0
207.0
500.0
441.0
552.0
805.0
608.0
372.0
286.0
88.0
0.0
0.0
0.0
0.0
0.0
0.0
0.0
0.0
0.0
0.0
0.0
0.0
4.0
160.0
300.0
423.0
371.0
543.0
656.0
539.0
492.0
303.0
262.0
91.0
0.0
0.0
0.0
0.0
0.0
0.0
0.0
0.0
0.0
0.0
0.0
0.0
26.0
216.0
394.0
557.0
670.0
746.0
762.0
708.0
603.0
449.0
259.0
86.0
0.0
0.0
0.0
0.0
0.0
0.0
0.0
0.0
0.0
0.0
0.0
0.0
44.0
244.0
363.0
418.0
615.0
734.0
383.0
285.0
417.0
326.0
204.0
30.0
0.0
0.0
0.0
0.0
0.0
0.0
0.0
0.0
0.0
0.0
0.0
0.0
32.0
233.0
422.0
579.0
701.0
765.0
771.0
716.0
603.0
446.0
261.0
85.0
0.0
0.0
0.0
0.0
0.0
0.0
0.0
0.0
0.0
0.0
0.0
0.0
67.0
233.0
418.0
580.0
703.0
772.0
779.0
732.0
629.0
475.0
285.0
99.0
0.0
0.0
0.0
0.0
0.0
0.0
0.0
0.0
0.0
0.0
0.0
0.0
69.0
231.0
423.0
590.0
709.0
768.0
773.0
709.0
604.0
451.0
271.0
91.0
0.0
0.0
0.0
0.0
0.0
0.0
0.0
0.0
0.0
0.0
0.0
0.0
71.0
233.0
411.0
563.0
676.0
734.0
739.0
684.0
580.0
429.0
255.0
88.0
0.0
0.0
0.0
0.0
0.0
0.0
0.0
0.0
0.0
0.0
0.0
0.0
17.0
42.0
38.0
170.0
427.0
502.0
371.0
293.0
115.0
168.0
223.0
105.0
3.0
0.0
0.0
0.0
0.0
0.0
0.0
0.0
0.0
0.0
0.0
0.0
76.0
243.0
422.0
577.0
689.0
759.0
757.0
716.0
599.0
459.0
276.0
101.0
1.0
0.0
0.0
0.0
0.0
0.0
0.0
0.0
0.0
0.0
0.0
0.0
90.0
270.0
462.0
628.0
750.0
808.0
809.0
751.0
635.0
475.0
284.0
101.0
0.0
0.0
0.0
0.0
0.0
0.0
0.0
0.0
0.0
0.0
0.0
0.0
95.0
279.0
472.0
640.0
763.0
830.0
829.0
774.0
657.0
494.0
300.0
110.0
1.0
0.0
0.0
0.0
0.0
0.0
0.0
0.0
0.0
0.0
0.0
0.0
27.0
83.0
131.0
319.0
319.0
274.0
267.0
245.0
110.0
57.0
25.0
9.0
1.0
0.0
0.0
0.0
0.0
0.0
0.0
0.0
0.0
0.0
0.0
0.0
69.0
225.0
317.0
69.0
131.0
345.0
669.0
443.0
395.0
169.0
252.0
131.0
6.0
0.0
0.0
0.0
0.0
0.0
0.0
0.0
0.0
0.0
0.0
0.0
48.0
115.0
253.0
435.0
290.0
156.0
494.0
635.0
648.0
170.0
82.0
102.0
8.0
0.0
0.0
0.0
0.0
0.0
0.0
0.0
0.0
0.0
0.0
1.0
110.0
288.0
467.0
613.0
725.0
786.0
781.0
728.0
618.0
471.0
291.0
114.0
1.0
0.0
0.0
0.0
0.0
0.0
0.0
0.0
0.0
0.0
0.0
1.0
114.0
295.0
479.0
630.0
742.0
800.0
802.0
753.0
649.0
493.0
310.0
123.0
2.0
0.0
0.0
0.0
0.0
0.0
0.0
0.0
0.0
0.0
0.0
1.0
98.0
239.0
397.0
498.0
540.0
570.0
608.0
615.0
541.0
411.0
239.0
86.0
1.0
0.0
0.0
0.0
0.0
0.0
0.0
0.0
0.0
0.0
0.0
2.0
71.0
153.0
238.0
360.0
427.0
432.0
436.0
417.0
352.0
243.0
154.0
59.0
1.0
0.0
0.0
0.0
0.0
0.0
0.0
0.0
0.0
0.0
0.0
2.0
113.0
286.0
456.0
625.0
734.0
781.0
788.0
710.0
611.0
450.0
270.0
109.0
2.0
0.0
0.0
0.0
0.0
0.0
0.0
0.0
0.0
0.0
0.0
5.0
127.0
323.0
528.0
528.0
611.0
742.0
619.0
432.0
434.0
384.0
228.0
105.0
3.0
0.0
0.0
0.0
0.0
0.0
0.0
0.0
0.0
0.0
0.0
3.0
139.0
330.0
522.0
688.0
804.0
859.0
859.0
796.0
680.0
519.0
328.0
135.0
3.0
0.0
0.0
0.0
0.0
0.0
0.0
0.0
0.0
0.0
0.0
1.0
69.0
183.0
289.0
402.0
427.0
440.0
428.0
426.0
351.0
265.0
180.0
85.0
1.0
0.0
0.0
0.0
0.0
0.0
0.0
0.0
0.0
0.0
0.0
2.0
69.0
154.0
245.0
304.0
338.0
350.0
353.0
294.0
251.0
210.0
136.0
52.0
1.0
0.0
0.0
0.0
0.0
0.0
0.0
0.0
0.0
0.0
0.0
4.0
102.0
210.0
329.0
420.0
491.0
513.0
511.0
484.0
371.0
240.0
141.0
54.0
1.0
0.0
0.0
0.0
0.0
0.0
0.0
0.0
0.0
0.0
0.0
2.0
87.0
201.0
306.0
452.0
516.0
519.0
562.0
529.0
408.0
284.0
183.0
70.0
1.0
0.0
0.0
0.0
0.0
0.0
0.0
0.0
0.0
0.0
0.0
7.0
154.0
338.0
515.0
663.0
770.0
822.0
822.0
766.0
647.0
489.0
315.0
138.0
4.0
0.0
0.0
0.0
0.0
0.0
0.0
0.0
0.0
0.0
0.0
7.0
148.0
329.0
508.0
675.0
771.0
826.0
835.0
766.0
655.0
500.0
317.0
140.0
5.0
0.0
0.0
0.0
0.0
0.0
0.0
0.0
0.0
0.0
0.0
9.0
173.0
375.0
572.0
737.0
852.0
913.0
910.0
846.0
729.0
564.0
364.0
164.0
7.0
0.0
0.0
0.0
0.0
0.0
0.0
0.0
0.0
0.0
0.0
9.0
164.0
347.0
519.0
676.0
776.0
835.0
843.0
788.0
685.0
533.0
345.0
152.0
6.0
0.0
0.0
0.0
0.0
0.0
0.0
0.0
0.0
0.0
0.0
7.0
143.0
307.0
518.0
647.0
728.0
775.0
752.0
722.0
558.0
441.0
272.0
133.0
5.0
0.0
0.0
0.0
0.0
0.0
0.0
0.0
0.0
0.0
0.0
7.0
127.0
255.0
377.0
497.0
584.0
648.0
608.0
590.0
459.0
347.0
214.0
102.0
2.0
0.0
0.0
0.0
0.0
0.0
0.0
0.0
0.0
0.0
0.0
13.0
184.0
379.0
572.0
732.0
848.0
904.0
907.0
845.0
733.0
567.0
369.0
172.0
10.0
0.0
0.0
0.0
0.0
0.0
0.0
0.0
0.0
0.0
0.0
14.0
176.0
357.0
523.0
680.0
801.0
848.0
851.0
776.0
673.0
530.0
342.0
164.0
11.0
0.0
0.0
0.0
0.0
0.0
0.0
0.0
0.0
0.0
0.0
3.0
85.0
195.0
319.0
431.0
558.0
699.0
794.0
765.0
630.0
447.0
316.0
183.0
15.0
0.0
0.0
0.0
0.0
0.0
0.0
0.0
0.0
0.0
0.0
18.0
184.0
369.0
544.0
679.0
772.0
810.0
812.0
754.0
657.0
508.0
337.0
161.0
12.0
0.0
0.0
0.0
0.0
0.0
0.0
0.0
0.0
0.0
0.0
15.0
212.0
360.0
560.0
779.0
835.0
537.0
516.0
589.0
427.0
416.0
282.0
117.0
3.0
0.0
0.0
0.0
0.0
0.0
0.0
0.0
0.0
0.0
0.0
22.0
187.0
343.0
584.0
675.0
727.0
771.0
546.0
566.0
487.0
363.0
301.0
131.0
8.0
0.0
0.0
0.0
0.0
0.0
0.0
0.0
0.0
0.0
0.0
20.0
180.0
354.0
505.0
642.0
748.0
808.0
808.0
751.0
656.0
517.0
360.0
185.0
18.0
0.0
0.0
0.0
0.0
0.0
0.0
0.0
0.0
0.0
0.0
8.0
68.0
321.0
304.0
262.0
473.0
628.0
660.0
828.0
687.0
555.0
275.0
74.0
3.0
0.0
0.0
0.0
0.0
0.0
0.0
0.0
0.0
0.0
0.0
13.0
115.0
198.0
285.0
372.0
430.0
463.0
465.0
439.0
342.0
268.0
159.0
77.0
3.0
0.0
0.0
0.0
0.0
0.0
0.0
0.0
0.0
0.0
0.0
23.0
162.0
326.0
483.0
606.0
666.0
765.0
764.0
752.0
628.0
442.0
310.0
138.0
8.0
0.0
0.0
0.0
0.0
0.0
0.0
0.0
0.0
0.0
0.0
29.0
200.0
380.0
545.0
662.0
769.0
820.0
739.0
695.0
592.0
491.0
328.0
161.0
9.0
0.0
0.0
0.0
0.0
0.0
0.0
0.0
0.0
0.0
0.0
61.0
219.0
411.0
601.0
751.0
862.0
912.0
906.0
853.0
744.0
584.0
394.0
198.0
20.0
0.0
0.0
0.0
0.0
0.0
0.0
0.0
0.0
0.0
0.0
59.0
210.0
378.0
549.0
673.0
764.0
818.0
825.0
762.0
648.0
522.0
352.0
174.0
15.0
0.0
0.0
0.0
0.0
0.0
0.0
0.0
0.0
0.0
0.0
61.0
205.0
377.0
555.0
682.0
743.0
758.0
767.0
779.0
671.0
525.0
362.0
185.0
20.0
0.0
0.0
0.0
0.0
0.0
0.0
0.0
0.0
0.0
0.0
66.0
224.0
414.0
592.0
738.0
838.0
890.0
890.0
825.0
713.0
565.0
384.0
196.0
21.0
0.0
0.0
0.0
0.0
0.0
0.0
0.0
0.0
0.0
0.0
22.0
60.0
36.0
51.0
365.0
516.0
983.0
1042.0
930.0
464.0
379.0
153.0
47.0
8.0
0.0
0.0
0.0
0.0
0.0
0.0
0.0
0.0
0.0
0.0
6.0
18.0
33.0
47.0
58.0
66.0
840.0
960.0
700.0
361.0
579.0
247.0
65.0
51.0
0.0
0.0
0.0
0.0
0.0
0.0
0.0
0.0
0.0
0.0
45.0
155.0
285.0
395.0
484.0
594.0
650.0
705.0
714.0
568.0
378.0
335.0
208.0
38.0
0.0
0.0
0.0
0.0
0.0
0.0
0.0
0.0
0.0
0.0
79.0
246.0
439.0
616.0
771.0
871.0
918.0
907.0
849.0
738.0
585.0
402.0
209.0
25.0
0.0
0.0
0.0
0.0
0.0
0.0
0.0
0.0
0.0
0.0
58.0
215.0
346.0
376.0
451.0
609.0
660.0
795.0
718.0
626.0
480.0
304.0
131.0
4.0
0.0
0.0
0.0
0.0
0.0
0.0
0.0
0.0
0.0
0.0
74.0
228.0
404.0
564.0
711.0
803.0
862.0
823.0
759.0
666.0
522.0
355.0
188.0
25.0
0.0
0.0
0.0
0.0
0.0
0.0
0.0
0.0
0.0
0.0
68.0
208.0
367.0
518.0
640.0
730.0
774.0
766.0
719.0
623.0
500.0
346.0
184.0
50.0
0.0
0.0
0.0
0.0
0.0
0.0
0.0
0.0
0.0
0.0
86.0
265.0
494.0
627.0
708.0
845.0
586.0
710.0
541.0
432.0
299.0
242.0
134.0
49.0
0.0
0.0
0.0
0.0
0.0
0.0
0.0
0.0
0.0
0.0
24.0
60.0
92.0
143.0
178.0
207.0
200.0
190.0
197.0
161.0
121.0
99.0
62.0
18.0
0.0
0.0
0.0
0.0
0.0
0.0
0.0
0.0
0.0
1.0
87.0
251.0
435.0
610.0
754.0
849.0
894.0
891.0
827.0
703.0
561.0
387.0
208.0
59.0
0.0
0.0
0.0
0.0
0.0
0.0
0.0
0.0
0.0
1.0
88.0
250.0
435.0
610.0
757.0
860.0
911.0
912.0
863.0
749.0
594.0
414.0
225.0
68.0
0.0
0.0
0.0
0.0
0.0
0.0
0.0
0.0
0.0
2.0
82.0
232.0
390.0
539.0
664.0
669.0
728.0
779.0
666.0
581.0
454.0
313.0
176.0
53.0
0.0
0.0
0.0
0.0
0.0
0.0
0.0
0.0
0.0
1.0
95.0
266.0
453.0
630.0
774.0
874.0
925.0
908.0
837.0
720.0
568.0
391.0
208.0
62.0
0.0
0.0
0.0
0.0
0.0
0.0
0.0
0.0
0.0
1.0
89.0
249.0
422.0
571.0
680.0
787.0
840.0
840.0
808.0
703.0
565.0
395.0
223.0
71.0
0.0
0.0
0.0
0.0
0.0
0.0
0.0
0.0
0.0
2.0
91.0
242.0
351.0
495.0
591.0
706.0
783.0
812.0
856.0
661.0
499.0
351.0
172.0
40.0
0.0
0.0
0.0
0.0
0.0
0.0
0.0
0.0
0.0
1.0
89.0
215.0
388.0
552.0
690.0
768.0
794.0
787.0
700.0
638.0
543.0
370.0
217.0
72.0
0.0
0.0
0.0
0.0
0.0
0.0
0.0
0.0
0.0
1.0
98.0
261.0
445.0
614.0
749.0
824.0
850.0
846.0
784.0
685.0
550.0
381.0
207.0
61.0
0.0
0.0
0.0
0.0
0.0
0.0
0.0
0.0
0.0
1.0
83.0
209.0
382.0
571.0
694.0
752.0
800.0
775.0
736.0
633.0
504.0
373.0
218.0
66.0
0.0
0.0
0.0
0.0
0.0
0.0
0.0
0.0
0.0
1.0
86.0
224.0
382.0
524.0
651.0
721.0
758.0
757.0
679.0
588.0
476.0
346.0
203.0
72.0
0.0
0.0
0.0
0.0
0.0
0.0
0.0
0.0
0.0
2.0
96.0
246.0
412.0
567.0
693.0
779.0
820.0
815.0
763.0
665.0
536.0
380.0
216.0
72.0
0.0
0.0
0.0
0.0
0.0
0.0
0.0
0.0
0.0
1.0
88.0
201.0
360.0
490.0
632.0
712.0
732.0
693.0
649.0
586.0
459.0
330.0
212.0
75.0
1.0
0.0
0.0
0.0
0.0
0.0
0.0
0.0
0.0
1.0
48.0
310.0
420.0
583.0
312.0
158.0
74.0
266.0
400.0
564.0
346.0
277.0
273.0
67.0
1.0
0.0
0.0
0.0
0.0
0.0
0.0
0.0
0.0
3.0
117.0
307.0
410.0
571.0
597.0
628.0
461.0
501.0
415.0
521.0
492.0
365.0
177.0
71.0
1.0
0.0
0.0
0.0
0.0
0.0
0.0
0.0
0.0
3.0
105.0
271.0
448.0
609.0
743.0
835.0
880.0
883.0
824.0
723.0
574.0
406.0
232.0
80.0
1.0
0.0
0.0
0.0
0.0
0.0
0.0
0.0
0.0
2.0
87.0
224.0
426.0
567.0
726.0
757.0
806.0
826.0
764.0
669.0
518.0
370.0
233.0
77.0
1.0
0.0
0.0
0.0
0.0
0.0
0.0
0.0
0.0
1.0
46.0
119.0
201.0
270.0
323.0
385.0
420.0
433.0
405.0
334.0
288.0
201.0
124.0
50.0
1.0
0.0
0.0
0.0
0.0
0.0
0.0
0.0
0.0
5.0
83.0
257.0
422.0
370.0
99.0
138.0
145.0
504.0
982.0
840.0
490.0
39.0
22.0
8.0
0.0
0.0
0.0
0.0
0.0
0.0
0.0
0.0
0.0
2.0
93.0
243.0
389.0
541.0
687.0
802.0
817.0
853.0
799.0
710.0
551.0
384.0
225.0
81.0
1.0
0.0
0.0
0.0
0.0
0.0
0.0
0.0
0.0
3.0
113.0
279.0
447.0
617.0
749.0
843.0
873.0
853.0
796.0
704.0
576.0
406.0
235.0
87.0
1.0
0.0
0.0
0.0
0.0
0.0
0.0
0.0
0.0
3.0
119.0
294.0
476.0
645.0
777.0
872.0
923.0
912.0
852.0
744.0
600.0
421.0
243.0
90.0
1.0
0.0
0.0
0.0
0.0
0.0
0.0
0.0
0.0
4.0
119.0
291.0
482.0
655.0
797.0
896.0
946.0
936.0
878.0
771.0
621.0
447.0
261.0
97.0
1.0
0.0
0.0
0.0
0.0
0.0
0.0
0.0
0.0
4.0
117.0
285.0
472.0
646.0
783.0
881.0
936.0
942.0
895.0
787.0
642.0
461.0
269.0
103.0
2.0
0.0
0.0
0.0
0.0
0.0
0.0
0.0
0.0
3.0
110.0
264.0
439.0
599.0
717.0
812.0
843.0
849.0
791.0
694.0
547.0
404.0
230.0
81.0
1.0
0.0
0.0
0.0
0.0
0.0
0.0
0.0
0.0
3.0
113.0
274.0
445.0
610.0
746.0
845.0
892.0
901.0
860.0
770.0
631.0
462.0
278.0
111.0
3.0
0.0
0.0
0.0
0.0
0.0
0.0
0.0
0.0
4.0
119.0
286.0
471.0
639.0
783.0
876.0
924.0
915.0
862.0
761.0
617.0
450.0
269.0
101.0
2.0
0.0
0.0
0.0
0.0
0.0
0.0
0.0
0.0
4.0
126.0
304.0
497.0
676.0
827.0
929.0
975.0
975.0
921.0
814.0
660.0
478.0
284.0
109.0
2.0
0.0
0.0
0.0
0.0
0.0
0.0
0.0
0.0
4.0
111.0
270.0
438.0
614.0
755.0
840.0
889.0
882.0
827.0
743.0
592.0
423.0
255.0
100.0
2.0
0.0
0.0
0.0
0.0
0.0
0.0
0.0
0.0
4.0
119.0
288.0
476.0
650.0
795.0
891.0
941.0
940.0
890.0
780.0
632.0
461.0
277.0
108.0
3.0
0.0
0.0
0.0
0.0
0.0
0.0
0.0
0.0
4.0
116.0
276.0
450.0
606.0
732.0
831.0
875.0
880.0
826.0
739.0
606.0
440.0
260.0
100.0
2.0
0.0
0.0
0.0
0.0
0.0
0.0
0.0
0.0
4.0
120.0
290.0
472.0
645.0
784.0
886.0
922.0
908.0
845.0
743.0
601.0
432.0
256.0
99.0
1.0
0.0
0.0
0.0
0.0
0.0
0.0
0.0
0.0
1.0
51.0
126.0
207.0
289.0
347.0
399.0
425.0
438.0
402.0
345.0
265.0
197.0
139.0
48.0
1.0
0.0
0.0
0.0
0.0
0.0
0.0
0.0
0.0
1.0
52.0
123.0
209.0
334.0
378.0
444.0
449.0
444.0
418.0
380.0
314.0
219.0
136.0
48.0
1.0
0.0
0.0
0.0
0.0
0.0
0.0
0.0
0.0
2.0
90.0
225.0
366.0
499.0
645.0
772.0
803.0
797.0
681.0
552.0
486.0
364.0
196.0
78.0
1.0
0.0
0.0
0.0
0.0
0.0
0.0
0.0
0.0
4.0
115.0
283.0
474.0
627.0
760.0
854.0
872.0
870.0
786.0
663.0
534.0
396.0
240.0
95.0
2.0
0.0
0.0
0.0
0.0
0.0
0.0
0.0
0.0
3.0
107.0
257.0
420.0
582.0
716.0
816.0
861.0
885.0
831.0
735.0
596.0
430.0
258.0
104.0
3.0
0.0
0.0
0.0
0.0
0.0
0.0
0.0
0.0
4.0
105.0
258.0
427.0
589.0
730.0
821.0
857.0
855.0
822.0
730.0
589.0
432.0
269.0
114.0
5.0
0.0
0.0
0.0
0.0
0.0
0.0
0.0
0.0
4.0
112.0
275.0
454.0
625.0
774.0
881.0
929.0
925.0
870.0
768.0
634.0
461.0
277.0
111.0
3.0
0.0
0.0
0.0
0.0
0.0
0.0
0.0
0.0
1.0
89.0
217.0
376.0
472.0
546.0
638.0
723.0
827.0
786.0
717.0
541.0
436.0
300.0
120.0
9.0
0.0
0.0
0.0
0.0
0.0
0.0
0.0
0.0
4.0
105.0
249.0
419.0
550.0
644.0
752.0
817.0
807.0
775.0
662.0
564.0
425.0
263.0
101.0
4.0
0.0
0.0
0.0
0.0
0.0
0.0
0.0
0.0
4.0
111.0
285.0
506.0
635.0
768.0
920.0
633.0
577.0
526.0
466.0
380.0
261.0
138.0
55.0
1.0
0.0
0.0
0.0
0.0
0.0
0.0
0.0
0.0
2.0
59.0
136.0
240.0
325.0
394.0
467.0
458.0
490.0
440.0
400.0
302.0
193.0
99.0
40.0
1.0
0.0
0.0
0.0
0.0
0.0
0.0
0.0
0.0
3.0
98.0
257.0
424.0
558.0
699.0
750.0
791.0
795.0
777.0
709.0
583.0
414.0
239.0
98.0
1.0
0.0
0.0
0.0
0.0
0.0
0.0
0.0
0.0
2.0
55.0
78.0
83.0
264.0
289.0
481.0
482.0
95.0
533.0
358.0
326.0
297.0
185.0
123.0
14.0
0.0
0.0
0.0
0.0
0.0
0.0
0.0
0.0
7.0
130.0
230.0
388.0
450.0
471.0
290.0
402.0
458.0
343.0
202.0
456.0
362.0
161.0
69.0
5.0
0.0
0.0
0.0
0.0
0.0
0.0
0.0
0.0
3.0
100.0
253.0
430.0
585.0
707.0
807.0
863.0
870.0
832.0
746.0
607.0
439.0
269.0
111.0
4.0
0.0
0.0
0.0
0.0
0.0
0.0
0.0
0.0
3.0
99.0
240.0
402.0
527.0
680.0
740.0
802.0
843.0
832.0
745.0
595.0
429.0
254.0
110.0
5.0
0.0
0.0
0.0
0.0
0.0
0.0
0.0
0.0
3.0
113.0
279.0
470.0
641.0
783.0
887.0
937.0
939.0
883.0
771.0
623.0
450.0
268.0
106.0
2.0
0.0
0.0
0.0
0.0
0.0
0.0
0.0
0.0
3.0
101.0
259.0
437.0
603.0
747.0
844.0
893.0
903.0
855.0
757.0
618.0
450.0
275.0
111.0
3.0
0.0
0.0
0.0
0.0
0.0
0.0
0.0
0.0
3.0
102.0
257.0
436.0
595.0
720.0
817.0
869.0
871.0
828.0
736.0
602.0
436.0
260.0
108.0
3.0
0.0
0.0
0.0
0.0
0.0
0.0
0.0
0.0
1.0
92.0
255.0
426.0
603.0
668.0
785.0
722.0
744.0
680.0
627.0
574.0
403.0
246.0
101.0
3.0
0.0
0.0
0.0
0.0
0.0
0.0
0.0
0.0
2.0
97.0
251.0
415.0
548.0
676.0
794.0
819.0
816.0
767.0
678.0
554.0
400.0
239.0
93.0
1.0
0.0
0.0
0.0
0.0
0.0
0.0
0.0
0.0
2.0
97.0
250.0
410.0
557.0
697.0
772.0
817.0
847.0
806.0
714.0
588.0
443.0
262.0
103.0
1.0
0.0
0.0
0.0
0.0
0.0
0.0
0.0
0.0
2.0
105.0
270.0
454.0
625.0
771.0
870.0
927.0
925.0
879.0
789.0
650.0
481.0
295.0
122.0
4.0
0.0
0.0
0.0
0.0
0.0
0.0
0.0
0.0
2.0
105.0
272.0
457.0
634.0
773.0
874.0
925.0
928.0
890.0
790.0
652.0
481.0
294.0
121.0
4.0
0.0
0.0
0.0
0.0
0.0
0.0
0.0
0.0
2.0
104.0
275.0
464.0
645.0
798.0
907.0
958.0
961.0
907.0
804.0
660.0
481.0
290.0
115.0
3.0
0.0
0.0
0.0
0.0
0.0
0.0
0.0
0.0
1.0
97.0
254.0
434.0
602.0
745.0
856.0
896.0
897.0
843.0
747.0
608.0
451.0
278.0
112.0
4.0
0.0
0.0
0.0
0.0
0.0
0.0
0.0
0.0
1.0
97.0
263.0
445.0
627.0
771.0
872.0
924.0
925.0
873.0
777.0
642.0
468.0
282.0
112.0
3.0
0.0
0.0
0.0
0.0
0.0
0.0
0.0
0.0
1.0
97.0
264.0
466.0
635.0
790.0
876.0
458.0
453.0
457.0
411.0
320.0
223.0
142.0
56.0
1.0
0.0
0.0
0.0
0.0
0.0
0.0
0.0
0.0
1.0
36.0
97.0
164.0
220.0
277.0
327.0
344.0
368.0
340.0
302.0
242.0
164.0
98.0
37.0
1.0
0.0
0.0
0.0
0.0
0.0
0.0
0.0
0.0
1.0
94.0
251.0
431.0
603.0
740.0
845.0
892.0
884.0
839.0
752.0
613.0
450.0
263.0
100.0
2.0
0.0
0.0
0.0
0.0
0.0
0.0
0.0
0.0
1.0
85.0
240.0
421.0
577.0
716.0
829.0
883.0
881.0
834.0
741.0
611.0
440.0
264.0
105.0
3.0
0.0
0.0
0.0
0.0
0.0
0.0
0.0
0.0
1.0
89.0
232.0
364.0
533.0
605.0
672.0
781.0
837.0
725.0
632.0
564.0
411.0
234.0
92.0
2.0
0.0
0.0
0.0
0.0
0.0
0.0
0.0
0.0
1.0
79.0
234.0
404.0
556.0
660.0
740.0
827.0
821.0
798.0
717.0
599.0
432.0
256.0
102.0
3.0
0.0
0.0
0.0
0.0
0.0
0.0
0.0
0.0
1.0
79.0
223.0
383.0
541.0
666.0
764.0
801.0
811.0
773.0
670.0
529.0
382.0
216.0
82.0
1.0
0.0
0.0
0.0
0.0
0.0
0.0
0.0
0.0
0.0
61.0
190.0
449.0
598.0
599.0
689.0
494.0
533.0
509.0
527.0
440.0
260.0
162.0
65.0
1.0
0.0
0.0
0.0
0.0
0.0
0.0
0.0
0.0
1.0
86.0
251.0
445.0
626.0
782.0
885.0
556.0
547.0
530.0
475.0
374.0
266.0
152.0
56.0
1.0
0.0
0.0
0.0
0.0
0.0
0.0
0.0
0.0
0.0
45.0
137.0
238.0
339.0
430.0
477.0
450.0
437.0
386.0
347.0
304.0
217.0
120.0
52.0
1.0
0.0
0.0
0.0
0.0
0.0
0.0
0.0
0.0
0.0
7.0
95.0
328.0
111.0
197.0
76.0
81.0
695.0
803.0
898.0
732.0
68.0
24.0
9.0
1.0
0.0
0.0
0.0
0.0
0.0
0.0
0.0
0.0
0.0
84.0
253.0
447.0
631.0
783.0
887.0
942.0
945.0
893.0
786.0
636.0
457.0
265.0
96.0
1.0
0.0
0.0
0.0
0.0
0.0
0.0
0.0
0.0
0.0
69.0
226.0
398.0
574.0
744.0
838.0
874.0
863.0
817.0
753.0
601.0
423.0
255.0
88.0
1.0
0.0
0.0
0.0
0.0
0.0
0.0
0.0
0.0
0.0
77.0
240.0
421.0
592.0
694.0
772.0
809.0
807.0
752.0
663.0
549.0
393.0
226.0
78.0
0.0
0.0
0.0
0.0
0.0
0.0
0.0
0.0
0.0
0.0
70.0
220.0
398.0
555.0
702.0
808.0
846.0
841.0
786.0
694.0
567.0
406.0
229.0
79.0
0.0
0.0
0.0
0.0
0.0
0.0
0.0
0.0
0.0
0.0
68.0
217.0
398.0
563.0
702.0
810.0
876.0
885.0
842.0
737.0
590.0
422.0
243.0
87.0
1.0
0.0
0.0
0.0
0.0
0.0
0.0
0.0
0.0
0.0
42.0
145.0
209.0
248.0
314.0
322.0
540.0
699.0
759.0
732.0
593.0
457.0
278.0
86.0
1.0
0.0
0.0
0.0
0.0
0.0
0.0
0.0
0.0
0.0
58.0
191.0
346.0
498.0
625.0
714.0
760.0
770.0
720.0
620.0
497.0
352.0
195.0
66.0
0.0
0.0
0.0
0.0
0.0
0.0
0.0
0.0
0.0
0.0
35.0
77.0
35.0
87.0
270.0
527.0
631.0
649.0
690.0
529.0
302.0
184.0
188.0
93.0
2.0
0.0
0.0
0.0
0.0
0.0
0.0
0.0
0.0
0.0
68.0
250.0
441.0
596.0
745.0
897.0
462.0
402.0
357.0
312.0
272.0
213.0
127.0
40.0
0.0
0.0
0.0
0.0
0.0
0.0
0.0
0.0
0.0
0.0
58.0
203.0
375.0
539.0
695.0
780.0
830.0
845.0
805.0
703.0
558.0
398.0
230.0
76.0
0.0
0.0
0.0
0.0
0.0
0.0
0.0
0.0
0.0
0.0
45.0
171.0
304.0
462.0
561.0
652.0
782.0
849.0
741.0
625.0
472.0
308.0
216.0
53.0
0.0
0.0
0.0
0.0
0.0
0.0
0.0
0.0
0.0
0.0
64.0
226.0
431.0
624.0
833.0
899.0
421.0
399.0
357.0
325.0
243.0
177.0
103.0
36.0
0.0
0.0
0.0
0.0
0.0
0.0
0.0
0.0
0.0
0.0
24.0
88.0
110.0
256.0
316.0
493.0
561.0
559.0
734.0
669.0
573.0
386.0
257.0
74.0
1.0
0.0
0.0
0.0
0.0
0.0
0.0
0.0
0.0
0.0
47.0
179.0
380.0
582.0
647.0
765.0
709.0
737.0
650.0
522.0
455.0
329.0
173.0
56.0
0.0
0.0
0.0
0.0
0.0
0.0
0.0
0.0
0.0
0.0
25.0
197.0
371.0
541.0
687.0
816.0
854.0
841.0
786.0
669.0
537.0
378.0
207.0
64.0
0.0
0.0
0.0
0.0
0.0
0.0
0.0
0.0
0.0
0.0
25.0
197.0
387.0
572.0
728.0
843.0
910.0
916.0
865.0
761.0
610.0
427.0
232.0
69.0
0.0
0.0
0.0
0.0
0.0
0.0
0.0
0.0
0.0
0.0
19.0
155.0
299.0
458.0
614.0
729.0
814.0
768.0
754.0
661.0
567.0
366.0
197.0
57.0
0.0
0.0
0.0
0.0
0.0
0.0
0.0
0.0
0.0
0.0
23.0
193.0
380.0
556.0
706.0
819.0
876.0
883.0
835.0
720.0
580.0
406.0
213.0
61.0
0.0
0.0
0.0
0.0
0.0
0.0
0.0
0.0
0.0
0.0
43.0
221.0
414.0
468.0
692.0
934.0
612.0
554.0
260.0
541.0
280.0
123.0
18.0
5.0
0.0
0.0
0.0
0.0
0.0
0.0
0.0
0.0
0.0
0.0
34.0
152.0
306.0
362.0
473.0
559.0
654.0
816.0
785.0
630.0
441.0
288.0
122.0
5.0
0.0
0.0
0.0
0.0
0.0
0.0
0.0
0.0
0.0
0.0
18.0
183.0
342.0
536.0
761.0
809.0
511.0
513.0
437.0
433.0
297.0
187.0
123.0
19.0
0.0
0.0
0.0
0.0
0.0
0.0
0.0
0.0
0.0
0.0
15.0
164.0
330.0
501.0
642.0
753.0
813.0
831.0
766.0
649.0
526.0
362.0
184.0
22.0
0.0
0.0
0.0
0.0
0.0
0.0
0.0
0.0
0.0
0.0
16.0
174.0
343.0
518.0
672.0
787.0
833.0
829.0
792.0
688.0
538.0
367.0
190.0
19.0
0.0
0.0
0.0
0.0
0.0
0.0
0.0
0.0
0.0
0.0
9.0
142.0
273.0
398.0
533.0
641.0
680.0
685.0
614.0
538.0
380.0
247.0
122.0
4.0
0.0
0.0
0.0
0.0
0.0
0.0
0.0
0.0
0.0
0.0
18.0
185.0
326.0
449.0
557.0
579.0
608.0
414.0
373.0
308.0
377.0
207.0
111.0
13.0
0.0
0.0
0.0
0.0
0.0
0.0
0.0
0.0
0.0
0.0
14.0
174.0
358.0
529.0
679.0
776.0
837.0
834.0
799.0
689.0
539.0
364.0
180.0
15.0
0.0
0.0
0.0
0.0
0.0
0.0
0.0
0.0
0.0
0.0
15.0
193.0
390.0
583.0
745.0
860.0
915.0
914.0
855.0
743.0
580.0
387.0
192.0
14.0
0.0
0.0
0.0
0.0
0.0
0.0
0.0
0.0
0.0
0.0
13.0
168.0
352.0
529.0
676.0
782.0
837.0
838.0
787.0
689.0
549.0
368.0
183.0
17.0
0.0
0.0
0.0
0.0
0.0
0.0
0.0
0.0
0.0
0.0
13.0
176.0
371.0
561.0
727.0
836.0
903.0
905.0
847.0
734.0
582.0
390.0
191.0
16.0
0.0
0.0
0.0
0.0
0.0
0.0
0.0
0.0
0.0
0.0
11.0
163.0
344.0
515.0
652.0
765.0
826.0
832.0
771.0
675.0
523.0
341.0
162.0
9.0
0.0
0.0
0.0
0.0
0.0
0.0
0.0
0.0
0.0
0.0
11.0
158.0
341.0
513.0
642.0
737.0
782.0
810.0
760.0
663.0
504.0
329.0
160.0
10.0
0.0
0.0
0.0
0.0
0.0
0.0
0.0
0.0
0.0
0.0
8.0
137.0
288.0
474.0
621.0
759.0
808.0
790.0
757.0
617.0
471.0
318.0
145.0
9.0
0.0
0.0
0.0
0.0
0.0
0.0
0.0
0.0
0.0
0.0
8.0
145.0
323.0
491.0
635.0
727.0
797.0
814.0
748.0
641.0
505.0
336.0
157.0
11.0
0.0
0.0
0.0
0.0
0.0
0.0
0.0
0.0
0.0
0.0
8.0
158.0
344.0
530.0
694.0
809.0
857.0
848.0
786.0
672.0
513.0
331.0
149.0
6.0
0.0
0.0
0.0
0.0
0.0
0.0
0.0
0.0
0.0
0.0
6.0
97.0
228.0
324.0
387.0
430.0
476.0
457.0
412.0
323.0
270.0
174.0
78.0
2.0
0.0
0.0
0.0
0.0
0.0
0.0
0.0
0.0
0.0
0.0
3.0
78.0
177.0
293.0
381.0
436.0
437.0
441.0
402.0
312.0
263.0
162.0
73.0
2.0
0.0
0.0
0.0
0.0
0.0
0.0
0.0
0.0
0.0
0.0
6.0
120.0
266.0
415.0
542.0
590.0
581.0
582.0
567.0
486.0
365.0
235.0
94.0
2.0
0.0
0.0
0.0
0.0
0.0
0.0
0.0
0.0
0.0
0.0
4.0
113.0
267.0
438.0
577.0
648.0
797.0
787.0
693.0
596.0
423.0
275.0
114.0
4.0
0.0
0.0
0.0
0.0
0.0
0.0
0.0
0.0
0.0
0.0
6.0
134.0
314.0
493.0
637.0
729.0
763.0
763.0
716.0
596.0
451.0
289.0
132.0
5.0
0.0
0.0
0.0
0.0
0.0
0.0
0.0
0.0
0.0
0.0
5.0
139.0
317.0
497.0
652.0
766.0
828.0
823.0
759.0
653.0
497.0
313.0
135.0
4.0
0.0
0.0
0.0
0.0
0.0
0.0
0.0
0.0
0.0
0.0
5.0
156.0
354.0
546.0
708.0
821.0
876.0
868.0
803.0
683.0
516.0
321.0
132.0
2.0
0.0
0.0
0.0
0.0
0.0
0.0
0.0
0.0
0.0
0.0
5.0
137.0
316.0
492.0
644.0
741.0
806.0
794.0
731.0
617.0
463.0
293.0
119.0
2.0
0.0
0.0
0.0
0.0
0.0
0.0
0.0
0.0
0.0
0.0
1.0
92.0
176.0
323.0
517.0
623.0
676.0
689.0
727.0
659.0
464.0
319.0
118.0
4.0
0.0
0.0
0.0
0.0
0.0
0.0
0.0
0.0
0.0
0.0
3.0
123.0
286.0
444.0
570.0
664.0
711.0
723.0
670.0
565.0
415.0
249.0
97.0
1.0
0.0
0.0
0.0
0.0
0.0
0.0
0.0
0.0
0.0
0.0
3.0
119.0
277.0
436.0
571.0
656.0
702.0
695.0
643.0
545.0
406.0
249.0
94.0
1.0
0.0
0.0
0.0
0.0
0.0
0.0
0.0
0.0
0.0
0.0
2.0
104.0
253.0
404.0
532.0
625.0
673.0
676.0
610.0
506.0
369.0
221.0
76.0
1.0
0.0
0.0
0.0
0.0
0.0
0.0
0.0
0.0
0.0
0.0
4.0
121.0
309.0
417.0
557.0
673.0
628.0
594.0
644.0
530.0
412.0
243.0
99.0
1.0
0.0
0.0
0.0
0.0
0.0
0.0
0.0
0.0
0.0
0.0
2.0
101.0
245.0
392.0
523.0
601.0
640.0
637.0
590.0
490.0
362.0
214.0
76.0
0.0
0.0
0.0
0.0
0.0
0.0
0.0
0.0
0.0
0.0
0.0
4.0
131.0
351.0
474.0
593.0
717.0
562.0
632.0
382.0
343.0
253.0
234.0
85.0
2.0
0.0
0.0
0.0
0.0
0.0
0.0
0.0
0.0
0.0
0.0
3.0
111.0
273.0
568.0
700.0
755.0
703.0
461.0
267.0
226.0
239.0
174.0
48.0
0.0
0.0
0.0
0.0
0.0
0.0
0.0
0.0
0.0
0.0
0.0
2.0
110.0
275.0
435.0
575.0
679.0
699.0
714.0
666.0
578.0
407.0
236.0
74.0
0.0
0.0
0.0
0.0
0.0
0.0
0.0
0.0
0.0
0.0
0.0
1.0
66.0
257.0
508.0
653.0
671.0
671.0
623.0
489.0
273.0
199.0
46.0
20.0
0.0
0.0
0.0
0.0
0.0
0.0
0.0
0.0
0.0
0.0
0.0
1.0
114.0
291.0
474.0
627.0
735.0
778.0
775.0
718.0
604.0
449.0
263.0
85.0
0.0
0.0
0.0
0.0
0.0
0.0
0.0
0.0
0.0
0.0
0.0
1.0
87.0
237.0
379.0
485.0
557.0
617.0
620.0
546.0
488.0
369.0
214.0
68.0
0.0
0.0
0.0
0.0
0.0
0.0
0.0
0.0
0.0
0.0
0.0
1.0
81.0
213.0
318.0
466.0
437.0
536.0
567.0
546.0
449.0
377.0
277.0
79.0
0.0
0.0
0.0
0.0
0.0
0.0
0.0
0.0
0.0
0.0
0.0
1.0
84.0
234.0
388.0
513.0
590.0
617.0
603.0
551.0
460.0
347.0
197.0
59.0
0.0
0.0
0.0
0.0
0.0
0.0
0.0
0.0
0.0
0.0
0.0
1.0
81.0
186.0
249.0
412.0
583.0
561.0
539.0
660.0
597.0
384.0
202.0
63.0
0.0
0.0
0.0
0.0
0.0
0.0
0.0
0.0
0.0
0.0
0.0
1.0
91.0
231.0
369.0
502.0
613.0
678.0
658.0
609.0
501.0
372.0
188.0
24.0
0.0
0.0
0.0
0.0
0.0
0.0
0.0
0.0
0.0
0.0
0.0
0.0
93.0
264.0
436.0
585.0
692.0
739.0
741.0
667.0
551.0
390.0
212.0
25.0
0.0
0.0
0.0
0.0
0.0
0.0
0.0
0.0
0.0
0.0
0.0
1.0
94.0
243.0
408.0
554.0
667.0
702.0
705.0
623.0
520.0
367.0
196.0
23.0
0.0
0.0
0.0
0.0
0.0
0.0
0.0
0.0
0.0
0.0
0.0
0.0
83.0
239.0
399.0
531.0
626.0
676.0
664.0
610.0
499.0
357.0
193.0
22.0
0.0
0.0
0.0
0.0
0.0
0.0
0.0
0.0
0.0
0.0
0.0
0.0
11.0
32.0
53.0
67.0
85.0
93.0
92.0
82.0
63.0
46.0
27.0
4.0
0.0
0.0
0.0
0.0
0.0
0.0
0.0
0.0
0.0
0.0
0.0
0.0
84.0
250.0
422.0
560.0
652.0
696.0
692.0
632.0
523.0
378.0
200.0
20.0
0.0
0.0
0.0
0.0
0.0
0.0
0.0
0.0
0.0
0.0
0.0
0.0
56.0
154.0
279.0
397.0
497.0
520.0
599.0
634.0
572.0
384.0
211.0
14.0
0.0
0.0
0.0
0.0
0.0
0.0
0.0
0.0
0.0
0.0
0.0
0.0
64.0
214.0
397.0
512.0
584.0
676.0
617.0
491.0
400.0
252.0
114.0
3.0
0.0
0.0
0.0
0.0
0.0
0.0
0.0
0.0
0.0
0.0
0.0
0.0
45.0
24.0
146.0
411.0
418.0
375.0
251.0
642.0
330.0
415.0
219.0
42.0
0.0
0.0
0.0
0.0
0.0
0.0
0.0
0.0
0.0
0.0
0.0
0.0
62.0
162.0
244.0
449.0
319.0
409.0
491.0
290.0
232.0
30.0
47.0
3.0
0.0
0.0
0.0
0.0
0.0
0.0
0.0
0.0
0.0
0.0
0.0
0.0
64.0
215.0
443.0
488.0
503.0
538.0
428.0
356.0
217.0
158.0
94.0
2.0
0.0
0.0
0.0
0.0
0.0
0.0
0.0
0.0
0.0
0.0
0.0
0.0
36.0
121.0
195.0
265.0
308.0
329.0
315.0
288.0
212.0
137.0
63.0
2.0
0.0
0.0
0.0
0.0
0.0
0.0
0.0
0.0
0.0
0.0
0.0
0.0
78.0
256.0
442.0
604.0
712.0
762.0
751.0
674.0
545.0
371.0
178.0
9.0
0.0
0.0
0.0
0.0
0.0
0.0
0.0
0.0
0.0
0.0
0.0
0.0
65.0
218.0
382.0
524.0
632.0
694.0
677.0
619.0
494.0
331.0
161.0
10.0
0.0
0.0
0.0
0.0
0.0
0.0
0.0
0.0
0.0
0.0
0.0
0.0
56.0
193.0
338.0
487.0
550.0
603.0
617.0
484.0
401.0
277.0
152.0
10.0
0.0
0.0
0.0
0.0
0.0
0.0
0.0
0.0
0.0
0.0
0.0
0.0
51.0
184.0
320.0
428.0
463.0
481.0
485.0
450.0
357.0
233.0
98.0
2.0
0.0
0.0
0.0
0.0
0.0
0.0
0.0
0.0
0.0
0.0
0.0
0.0
56.0
197.0
379.0
499.0
589.0
614.0
601.0
526.0
390.0
272.0
124.0
4.0
0.0
0.0
0.0
0.0
0.0
0.0
0.0
0.0
0.0
0.0
0.0
0.0
29.0
219.0
392.0
542.0
643.0
688.0
677.0
606.0
476.0
313.0
134.0
3.0
0.0
0.0
0.0
0.0
0.0
0.0
0.0
0.0
0.0
0.0
0.0
0.0
23.0
199.0
363.0
490.0
563.0
604.0
559.0
479.0
382.0
261.0
109.0
1.0
0.0
0.0
0.0
0.0
0.0
0.0
0.0
0.0
0.0
0.0
0.0
0.0
27.0
206.0
376.0
491.0
576.0
591.0
566.0
488.0
421.0
288.0
130.0
4.0
0.0
0.0
0.0
0.0
0.0
0.0
0.0
0.0
0.0
0.0
0.0
0.0
23.0
187.0
362.0
495.0
584.0
590.0
586.0
494.0
376.0
250.0
105.0
1.0
0.0
0.0
0.0
0.0
0.0
0.0
0.0
0.0
0.0
0.0
0.0
0.0
25.0
196.0
353.0
494.0
593.0
593.0
573.0
497.0
400.0
252.0
101.0
1.0
0.0
0.0
0.0
0.0
0.0
0.0
0.0
0.0
0.0
0.0
0.0
0.0
19.0
186.0
339.0
476.0
580.0
608.0
596.0
525.0
407.0
266.0
106.0
1.0
0.0
0.0
0.0
0.0
0.0
0.0
0.0
0.0
0.0
0.0
0.0
0.0
20.0
206.0
379.0
535.0
636.0
676.0
657.0
588.0
457.0
292.0
117.0
2.0
0.0
0.0
0.0
0.0
0.0
0.0
0.0
0.0
0.0
0.0
0.0
0.0
19.0
193.0
362.0
503.0
597.0
646.0
622.0
553.0
436.0
274.0
107.0
1.0
0.0
0.0
0.0
0.0
0.0
0.0
0.0
0.0
0.0
0.0
0.0
0.0
16.0
161.0
287.0
428.0
546.0
558.0
541.0
520.0
424.0
269.0
100.0
1.0
0.0
0.0
0.0
0.0
0.0
0.0
0.0
0.0
0.0
0.0
0.0
0.0
13.0
141.0
272.0
377.0
451.0
460.0
455.0
391.0
291.0
170.0
58.0
0.0
0.0
0.0
0.0
0.0
0.0
0.0
0.0
0.0
0.0
0.0
0.0
0.0
16.0
151.0
403.0
427.0
384.0
438.0
298.0
273.0
217.0
109.0
35.0
0.0
0.0
0.0
0.0
0.0
0.0
0.0
0.0
0.0
0.0
0.0
0.0
0.0
13.0
170.0
332.0
469.0
562.0
602.0
586.0
513.0
391.0
236.0
83.0
0.0
0.0
0.0
0.0
0.0
0.0
0.0
0.0
0.0
0.0
0.0
0.0
0.0
12.0
167.0
335.0
477.0
570.0
620.0
601.0
520.0
399.0
242.0
86.0
0.0
0.0
0.0
0.0
0.0
0.0
0.0
0.0
0.0
0.0
0.0
0.0
0.0
3.0
99.0
170.0
254.0
283.0
338.0
384.0
300.0
211.0
164.0
69.0
0.0
0.0
0.0
0.0
0.0
0.0
0.0
0.0
0.0
0.0
0.0
0.0
0.0
6.0
88.0
154.0
279.0
300.0
369.0
363.0
290.0
316.0
259.0
90.0
0.0
0.0
0.0
0.0
0.0
0.0
0.0
0.0
0.0
0.0
0.0
0.0
0.0
9.0
149.0
315.0
443.0
540.0
540.0
510.0
474.0
338.0
192.0
67.0
0.0
0.0
0.0
0.0
0.0
0.0
0.0
0.0
0.0
0.0
0.0
0.0
0.0
6.0
124.0
272.0
430.0
511.0
499.0
476.0
464.0
361.0
222.0
67.0
0.0
0.0
0.0
0.0
0.0
0.0
0.0
0.0
0.0
0.0
0.0
0.0
0.0
12.0
150.0
318.0
444.0
501.0
469.0
512.0
406.0
313.0
205.0
66.0
0.0
0.0
0.0
0.0
0.0
0.0
0.0
0.0
0.0
0.0
0.0
0.0
0.0
7.0
123.0
216.0
309.0
408.0
418.0
447.0
480.0
403.0
233.0
69.0
0.0
0.0
0.0
0.0
0.0
0.0
0.0
0.0
0.0
0.0
0.0
0.0
0.0
7.0
151.0
320.0
455.0
543.0
591.0
557.0
476.0
364.0
205.0
28.0
0.0
0.0
0.0
0.0
0.0
0.0
0.0
0.0
0.0
0.0
0.0
0.0
0.0
8.0
156.0
296.0
426.0
524.0
531.0
490.0
415.0
322.0
191.0
27.0
0.0
0.0
0.0
0.0
0.0
0.0
0.0
0.0
0.0
0.0
0.0
0.0
0.0
2.0
79.0
157.0
240.0
297.0
312.0
290.0
262.0
221.0
124.0
15.0
0.0
0.0
0.0
0.0
0.0
0.0
0.0
0.0
0.0
0.0
0.0
0.0
0.0
6.0
137.0
266.0
402.0
494.0
531.0
488.0
391.0
317.0
171.0
20.0
0.0
0.0
0.0
0.0
0.0
0.0
0.0
0.0
0.0
0.0
0.0
0.0
0.0
4.0
114.0
253.0
385.0
497.0
522.0
527.0
455.0
331.0
182.0
25.0
0.0
0.0
0.0
0.0
0.0
0.0
0.0
0.0
0.0
0.0
0.0
0.0
0.0
2.0
51.0
102.0
156.0
187.0
197.0
171.0
133.0
109.0
67.0
4.0
0.0
0.0
0.0
0.0
0.0
0.0
0.0
0.0
0.0
0.0
0.0
0.0
0.0
4.0
68.0
147.0
205.0
246.0
321.0
247.0
179.0
113.0
36.0
3.0
0.0
0.0
0.0
0.0
0.0
0.0
0.0
0.0
0.0
0.0
0.0
0.0
0.0
3.0
102.0
229.0
344.0
421.0
450.0
392.0
314.0
218.0
108.0
4.0
0.0
0.0
0.0
0.0
0.0
0.0
0.0
0.0
0.0
0.0
0.0
0.0
0.0
3.0
117.0
270.0
403.0
505.0
526.0
511.0
430.0
315.0
165.0
15.0
0.0
0.0
0.0
0.0
0.0
0.0
0.0
0.0
0.0
0.0
0.0
0.0
0.0
2.0
74.0
165.0
229.0
250.0
260.0
247.0
213.0
138.0
76.0
3.0
0.0
0.0
0.0
0.0
0.0
0.0
0.0
0.0
0.0
0.0
0.0
0.0
0.0
1.0
34.0
80.0
123.0
155.0
157.0
159.0
142.0
99.0
51.0
3.0
0.0
0.0
0.0
0.0
0.0
0.0
0.0
0.0
0.0
0.0
0.0
0.0
0.0
1.0
61.0
159.0
218.0
248.0
293.0
293.0
260.0
176.0
122.0
3.0
0.0
0.0
0.0
0.0
0.0
0.0
0.0
0.0
0.0
0.0
0.0
0.0
0.0
1.0
9.0
21.0
32.0
77.0
43.0
42.0
360.0
296.0
169.0
18.0
0.0
0.0
0.0
0.0
0.0
0.0
0.0
0.0
0.0
0.0
0.0
0.0
0.0
1.0
9.0
93.0
204.0
268.0
211.0
109.0
327.0
219.0
40.0
3.0
0.0
0.0
0.0
0.0
0.0
0.0
0.0
0.0
0.0
0.0
0.0
0.0
0.0
1.0
80.0
159.0
243.0
318.0
357.0
345.0
321.0
271.0
176.0
18.0
0.0
0.0
0.0
0.0
0.0
0.0
0.0
0.0
0.0
0.0
0.0
0.0
0.0
0.0
55.0
77.0
390.0
431.0
409.0
208.0
241.0
102.0
76.0
2.0
0.0
0.0
0.0
0.0
0.0
0.0
0.0
0.0
0.0
0.0
0.0
0.0
0.0
1.0
96.0
239.0
370.0
456.0
505.0
477.0
420.0
303.0
146.0
9.0
0.0
0.0
0.0
0.0
0.0
0.0
0.0
0.0
0.0
0.0
0.0
0.0
0.0
1.0
94.0
238.0
372.0
460.0
500.0
478.0
405.0
298.0
148.0
8.0
0.0
0.0
0.0
0.0
0.0
0.0
0.0
0.0
0.0
0.0
0.0
0.0
0.0
0.0
93.0
238.0
365.0
444.0
493.0
482.0
414.0
277.0
139.0
5.0
0.0
0.0
0.0
0.0
0.0
0.0
0.0
0.0
0.0
0.0
0.0
0.0
0.0
0.0
55.0
156.0
273.0
318.0
368.0
328.0
312.0
210.0
95.0
2.0
0.0
0.0
0.0
0.0
0.0
0.0
0.0
0.0
0.0
0.0
0.0
0.0
0.0
0.0
79.0
219.0
345.0
438.0
481.0
462.0
390.0
275.0
138.0
7.0
0.0
0.0
0.0
0.0
0.0
0.0
0.0
0.0
0.0
0.0
0.0
0.0
0.0
0.0
84.0
230.0
360.0
455.0
494.0
459.0
395.0
279.0
139.0
6.0
0.0
0.0
0.0
0.0
0.0
0.0
0.0
0.0
0.0
0.0
0.0
0.0
0.0
0.0
77.0
215.0
337.0
420.0
469.0
450.0
395.0
275.0
128.0
6.0
0.0
0.0
0.0
0.0
0.0
0.0
0.0
0.0
0.0
0.0
0.0
0.0
0.0
0.0
79.0
187.0
273.0
368.0
401.0
401.0
372.0
237.0
125.0
5.0
0.0
0.0
0.0
0.0
0.0
0.0
0.0
0.0
0.0
0.0
0.0
0.0
0.0
0.0
56.0
159.0
262.0
325.0
350.0
339.0
282.0
199.0
90.0
2.0
0.0
0.0
0.0
0.0
0.0
0.0
0.0
0.0
0.0
0.0
0.0
0.0
0.0
0.0
47.0
82.0
99.0
80.0
170.0
209.0
194.0
163.0
97.0
9.0
0.0
0.0
0.0
0.0
0.0
0.0
0.0
0.0
0.0
0.0
0.0
0.0
0.0
0.0
11.0
32.0
56.0
76.0
78.0
71.0
63.0
42.0
20.0
1.0
0.0
0.0
0.0
0.0
0.0
0.0
0.0
0.0
0.0
0.0
0.0
0.0
0.0
0.0
52.0
169.0
347.0
463.0
366.0
221.0
290.0
75.0
10.0
1.0
0.0
0.0
0.0
0.0
0.0
0.0
0.0
0.0
0.0
0.0
0.0
0.0
0.0
0.0
54.0
160.0
289.0
375.0
444.0
439.0
384.0
269.0
123.0
5.0
0.0
0.0
0.0
0.0
0.0
0.0
0.0
0.0
0.0
0.0
0.0
0.0
0.0
0.0
53.0
186.0
313.0
374.0
437.0
418.0
353.0
239.0
107.0
3.0
0.0
0.0
0.0
0.0
0.0
0.0
0.0
0.0
0.0
0.0
0.0
0.0
0.0
0.0
54.0
174.0
306.0
391.0
441.0
432.0
341.0
215.0
92.0
1.0
0.0
0.0
0.0
0.0
0.0
0.0
0.0
0.0
0.0
0.0
0.0
0.0
0.0
0.0
24.0
188.0
339.0
397.0
431.0
397.0
319.0
187.0
84.0
1.0
0.0
0.0
0.0
0.0
0.0
0.0
0.0
0.0
0.0
0.0
0.0
0.0
0.0
0.0
6.0
52.0
82.0
116.0
116.0
99.0
91.0
65.0
37.0
1.0
0.0
0.0
0.0
0.0
0.0
0.0
0.0
0.0
0.0
0.0
0.0
0.0
0.0
0.0
5.0
17.0
43.0
50.0
65.0
64.0
364.0
253.0
119.0
3.0
0.0
0.0
0.0
0.0
0.0
0.0
0.0
0.0
0.0
0.0
0.0
0.0
0.0
0.0
17.0
138.0
246.0
326.0
359.0
350.0
289.0
187.0
82.0
1.0
0.0
0.0
0.0
0.0
0.0
0.0
0.0
0.0
0.0
0.0
0.0
0.0
0.0
0.0
10.0
61.0
109.0
127.0
139.0
118.0
108.0
193.0
97.0
3.0
0.0
0.0
0.0
0.0
0.0
0.0
0.0
0.0
0.0
0.0
0.0
0.0
0.0
0.0
22.0
153.0
279.0
372.0
400.0
429.0
319.0
219.0
100.0
1.0
0.0
0.0
0.0
0.0
0.0
0.0
0.0
0.0
0.0
0.0
0.0
0.0
0.0
0.0
12.0
120.0
212.0
280.0
321.0
313.0
235.0
148.0
68.0
1.0
0.0
0.0
0.0
0.0
0.0
0.0
0.0
0.0
0.0
0.0
0.0
0.0
0.0
0.0
18.0
178.0
301.0
401.0
442.0
422.0
346.0
243.0
107.0
2.0
0.0
0.0
0.0
0.0
0.0
0.0
0.0
0.0
0.0
0.0
0.0
0.0
0.0
0.0
16.0
166.0
295.0
388.0
436.0
424.0
362.0
249.0
112.0
2.0
0.0
0.0
0.0
0.0
0.0
0.0
0.0
0.0
0.0
0.0
0.0
0.0
0.0
0.0
8.0
153.0
276.0
320.0
382.0
293.0
276.0
235.0
110.0
2.0
0.0
0.0
0.0
0.0
0.0
0.0
0.0
0.0
0.0
0.0
0.0
0.0
0.0
0.0
4.0
56.0
159.0
121.0
260.0
407.0
337.0
196.0
116.0
4.0
0.0
0.0
0.0
0.0
0.0
0.0
0.0
0.0
0.0
0.0
0.0
0.0
0.0
0.0
6.0
69.0
132.0
331.0
253.0
472.0
238.0
90.0
17.0
1.0
0.0
0.0
0.0
0.0
0.0
0.0
0.0
0.0
0.0
0.0
0.0
0.0
0.0
0.0
8.0
121.0
222.0
286.0
328.0
301.0
264.0
168.0
82.0
1.0
0.0
0.0
0.0
0.0
0.0
0.0
0.0
0.0
0.0
0.0
0.0
0.0
0.0
0.0
3.0
44.0
80.0
104.0
131.0
127.0
105.0
73.0
32.0
1.0
0.0
0.0
0.0
0.0
0.0
0.0
0.0
0.0
0.0
0.0
0.0
0.0
0.0
0.0
3.0
98.0
198.0
353.0
350.0
162.0
62.0
19.0
104.0
6.0
0.0
0.0
0.0
0.0
0.0
0.0
0.0
0.0
0.0
0.0
0.0
0.0
0.0
0.0
2.0
66.0
134.0
156.0
190.0
195.0
160.0
110.0
41.0
1.0
0.0
0.0
0.0
0.0
0.0
0.0
0.0
0.0
0.0
0.0
0.0
0.0
0.0
0.0
6.0
104.0
217.0
316.0
361.0
375.0
332.0
211.0
75.0
2.0
0.0
0.0
0.0
0.0
0.0
0.0
0.0
0.0
0.0
0.0
0.0
0.0
0.0
0.0
3.0
32.0
65.0
86.0
97.0
90.0
74.0
46.0
21.0
1.0
0.0
0.0
0.0
0.0
0.0
0.0
0.0
0.0
0.0
0.0
0.0
0.0
0.0
0.0
2.0
84.0
158.0
216.0
327.0
249.0
227.0
160.0
111.0
4.0
0.0
0.0
0.0
0.0
0.0
0.0
0.0
0.0
0.0
0.0
0.0
0.0
0.0
0.0
11.0
150.0
263.0
333.0
374.0
371.0
294.0
205.0
99.0
1.0
0.0
0.0
0.0
0.0
0.0
0.0
0.0
0.0
0.0
0.0
0.0
0.0
0.0
0.0
8.0
143.0
274.0
364.0
407.0
404.0
346.0
240.0
108.0
2.0
0.0
0.0
0.0
0.0
0.0
0.0
0.0
0.0
0.0
0.0
0.0
0.0
0.0
0.0
4.0
103.0
237.0
321.0
405.0
348.0
309.0
214.0
100.0
3.0
0.0
0.0
0.0
0.0
0.0
0.0
0.0
0.0
0.0
0.0
0.0
0.0
0.0
0.0
6.0
132.0
251.0
346.0
403.0
394.0
323.0
212.0
99.0
2.0
0.0
0.0
0.0
0.0
0.0
0.0
0.0
0.0
0.0
0.0
0.0
0.0
0.0
0.0
6.0
131.0
264.0
369.0
408.0
400.0
344.0
238.0
106.0
2.0
0.0
0.0
0.0
0.0
0.0
0.0
0.0
0.0
0.0
0.0
0.0
0.0
0.0
0.0
5.0
110.0
227.0
322.0
359.0
349.0
299.0
202.0
84.0
1.0
0.0
0.0
0.0
0.0
0.0
0.0
0.0
0.0
0.0
0.0
0.0
0.0
0.0
0.0
2.0
61.0
120.0
181.0
220.0
210.0
168.0
115.0
53.0
1.0
0.0
0.0
0.0
0.0
0.0
0.0
0.0
0.0
0.0
0.0
0.0
0.0
0.0
0.0
2.0
47.0
137.0
194.0
192.0
180.0
151.0
107.0
54.0
2.0
0.0
0.0
0.0
0.0
0.0
0.0
0.0
0.0
0.0
0.0
0.0
0.0
0.0
0.0
5.0
104.0
196.0
271.0
287.0
287.0
226.0
170.0
72.0
1.0
0.0
0.0
0.0
0.0
0.0
0.0
0.0
0.0
0.0
0.0
0.0
0.0
0.0
0.0
2.0
84.0
177.0
266.0
303.0
300.0
235.0
185.0
77.0
1.0
0.0
0.0
0.0
0.0
0.0
0.0
0.0
0.0
0.0
0.0
0.0
0.0
0.0
0.0
1.0
32.0
65.0
35.0
62.0
92.0
322.0
274.0
124.0
4.0
0.0
0.0
0.0
0.0
0.0
0.0
0.0
0.0
0.0
0.0
0.0
0.0
0.0
0.0
2.0
27.0
56.0
69.0
81.0
98.0
330.0
231.0
115.0
4.0
0.0
0.0
0.0
0.0
0.0
0.0
0.0
0.0
0.0
0.0
0.0
0.0
0.0
0.0
13.0
125.0
191.0
321.0
316.0
266.0
192.0
190.0
106.0
3.0
0.0
0.0
0.0
0.0
0.0
0.0
0.0
0.0
0.0
0.0
0.0
0.0
0.0
0.0
1.0
13.0
20.0
30.0
36.0
33.0
273.0
193.0
88.0
2.0
0.0
0.0
0.0
0.0
0.0
0.0
0.0
0.0
0.0
0.0
0.0
0.0
0.0
0.0
5.0
116.0
238.0
320.0
372.0
381.0
336.0
215.0
98.0
1.0
0.0
0.0
0.0
0.0
0.0
0.0
0.0
0.0
0.0
0.0
0.0
0.0
0.0
0.0
9.0
10.0
33.0
228.0
388.0
278.0
198.0
198.0
126.0
15.0
0.0
0.0
0.0
0.0
0.0
0.0
0.0
0.0
0.0
0.0
0.0
0.0
0.0
0.0
1.0
84.0
184.0
366.0
309.0
327.0
167.0
19.0
9.0
1.0
0.0
0.0
0.0
0.0
0.0
0.0
0.0
0.0
0.0
0.0
0.0
0.0
0.0
0.0
1.0
49.0
107.0
130.0
180.0
188.0
143.0
104.0
49.0
3.0
0.0
0.0
0.0
0.0
0.0
0.0
0.0
0.0
0.0
0.0
0.0
0.0
0.0
0.0
5.0
98.0
174.0
140.0
283.0
228.0
29.0
239.0
37.0
5.0
0.0
0.0
0.0
0.0
0.0
0.0
0.0
