0.0
0.0
0.0
0.0
0.0
0.0
0.0
30.0
225.0
405.0
532.0
597.0
597.0
532.0
405.0
226.0
31.0
0.0
0.0
0.0
0.0
0.0
0.0
0.0
0.0
0.0
0.0
0.0
0.0
0.0
0.0
30.0
225.0
405.0
533.0
599.0
599.0
534.0
408.0
229.0
32.0
0.0
0.0
0.0
0.0
0.0
0.0
0.0
0.0
0.0
0.0
0.0
0.0
0.0
0.0
30.0
225.0
406.0
534.0
601.0
602.0
537.0
411.0
232.0
34.0
0.0
0.0
0.0
0.0
0.0
0.0
0.0
0.0
0.0
0.0
0.0
0.0
0.0
0.0
30.0
226.0
407.0
535.0
602.0
604.0
540.0
414.0
235.0
36.0
0.0
0.0
0.0
0.0
0.0
0.0
0.0
0.0
0.0
0.0
0.0
0.0
0.0
0.0
30.0
226.0
408.0
537.0
604.0
607.0
543.0
417.0
239.0
38.0
0.0
0.0
0.0
0.0
0.0
0.0
0.0
0.0
0.0
0.0
0.0
0.0
0.0
0.0
30.0
227.0
409.0
538.0
607.0
609.0
546.0
421.0
242.0
40.0
0.0
0.0
0.0
0.0
0.0
0.0
0.0
0.0
0.0
0.0
0.0
0.0
0.0
0.0
31.0
228.0
410.0
540.0
609.0
612.0
549.0
424.0
246.0
42.0
0.0
0.0
0.0
0.0
0.0
0.0
0.0
0.0
0.0
0.0
0.0
0.0
0.0
0.0
31.0
229.0
411.0
542.0
611.0
615.0
552.0
428.0
250.0
45.0
0.0
0.0
0.0
0.0
0.0
0.0
0.0
0.0
0.0
0.0
0.0
0.0
0.0
0.0
31.0
230.0
413.0
544.0
614.0
618.0
556.0
432.0
254.0
47.0
0.0
0.0
0.0
0.0
0.0
0.0
0.0
0.0
0.0
0.0
0.0
0.0
0.0
0.0
32.0
231.0
415.0
546.0
617.0
621.0
559.0
435.0
258.0
50.0
0.0
0.0
0.0
0.0
0.0
0.0
0.0
0.0
0.0
0.0
0.0
0.0
0.0
0.0
33.0
232.0
417.0
549.0
620.0
625.0
563.0
440.0
262.0
52.0
0.0
0.0
0.0
0.0
0.0
0.0
0.0
0.0
0.0
0.0
0.0
0.0
0.0
0.0
33.0
234.0
419.0
552.0
623.0
628.0
567.0
444.0
266.0
55.0
0.0
0.0
0.0
0.0
0.0
0.0
0.0
0.0
0.0
0.0
0.0
0.0
0.0
0.0
34.0
236.0
421.0
554.0
626.0
632.0
571.0
448.0
271.0
58.0
0.0
0.0
0.0
0.0
0.0
0.0
0.0
0.0
0.0
0.0
0.0
0.0
0.0
0.0
35.0
238.0
424.0
557.0
630.0
636.0
575.0
452.0
275.0
62.0
0.0
0.0
0.0
0.0
0.0
0.0
0.0
0.0
0.0
0.0
0.0
0.0
0.0
0.0
36.0
240.0
426.0
560.0
633.0
640.0
580.0
457.0
280.0
65.0
0.0
0.0
0.0
0.0
0.0
0.0
0.0
0.0
0.0
0.0
0.0
0.0
0.0
0.0
37.0
242.0
429.0
563.0
637.0
644.0
584.0
461.0
285.0
68.0
0.0
0.0
0.0
0.0
0.0
0.0
0.0
0.0
0.0
0.0
0.0
0.0
0.0
0.0
38.0
244.0
432.0
567.0
641.0
648.0
588.0
466.0
289.0
72.0
0.0
0.0
0.0
0.0
0.0
0.0
0.0
0.0
0.0
0.0
0.0
0.0
0.0
0.0
39.0
247.0
435.0
570.0
644.0
652.0
593.0
471.0
294.0
76.0
0.0
0.0
0.0
0.0
0.0
0.0
0.0
0.0
0.0
0.0
0.0
0.0
0.0
0.0
40.0
250.0
438.0
574.0
649.0
657.0
598.0
476.0
299.0
80.0
0.0
0.0
0.0
0.0
0.0
0.0
0.0
0.0
0.0
0.0
0.0
0.0
0.0
0.0
42.0
252.0
441.0
578.0
653.0
661.0
603.0
481.0
304.0
84.0
0.0
0.0
0.0
0.0
0.0
0.0
0.0
0.0
0.0
0.0
0.0
0.0
0.0
0.0
43.0
255.0
445.0
582.0
657.0
666.0
608.0
486.0
309.0
88.0
0.0
0.0
0.0
0.0
0.0
0.0
0.0
0.0
0.0
0.0
0.0
0.0
0.0
0.0
45.0
258.0
448.0
586.0
661.0
671.0
613.0
491.0
315.0
93.0
0.0
0.0
0.0
0.0
0.0
0.0
0.0
0.0
0.0
0.0
0.0
0.0
0.0
0.0
47.0
262.0
452.0
590.0
666.0
676.0
618.0
496.0
320.0
98.0
0.0
0.0
0.0
0.0
0.0
0.0
0.0
0.0
0.0
0.0
0.0
0.0
0.0
0.0
49.0
265.0
456.0
594.0
671.0
681.0
623.0
502.0
325.0
102.0
0.0
0.0
0.0
0.0
0.0
0.0
0.0
0.0
0.0
0.0
0.0
0.0
0.0
0.0
51.0
269.0
460.0
598.0
675.0
686.0
628.0
507.0
331.0
107.0
0.0
0.0
0.0
0.0
0.0
0.0
0.0
0.0
0.0
0.0
0.0
0.0
0.0
0.0
53.0
272.0
464.0
603.0
680.0
691.0
634.0
513.0
336.0
113.0
0.0
0.0
0.0
0.0
0.0
0.0
0.0
0.0
0.0
0.0
0.0
0.0
0.0
0.0
55.0
276.0
468.0
608.0
685.0
696.0
639.0
518.0
342.0
118.0
0.0
0.0
0.0
0.0
0.0
0.0
0.0
0.0
0.0
0.0
0.0
0.0
0.0
0.0
58.0
280.0
472.0
612.0
691.0
702.0
645.0
524.0
347.0
127.0
0.0
0.0
0.0
0.0
0.0
0.0
0.0
0.0
0.0
0.0
0.0
0.0
0.0
0.0
60.0
284.0
477.0
617.0
696.0
707.0
650.0
530.0
353.0
132.0
0.0
0.0
0.0
0.0
0.0
0.0
0.0
0.0
0.0
0.0
0.0
0.0
0.0
0.0
63.0
288.0
482.0
622.0
701.0
713.0
656.0
535.0
359.0
138.0
0.0
0.0
0.0
0.0
0.0
0.0
0.0
0.0
0.0
0.0
0.0
0.0
0.0
0.0
66.0
293.0
486.0
627.0
707.0
718.0
662.0
541.0
364.0
144.0
1.0
0.0
0.0
0.0
0.0
0.0
0.0
0.0
0.0
0.0
0.0
0.0
0.0
0.0
69.0
297.0
491.0
633.0
712.0
724.0
668.0
547.0
370.0
149.0
1.0
0.0
0.0
0.0
0.0
0.0
0.0
0.0
0.0
0.0
0.0
0.0
0.0
0.0
72.0
302.0
496.0
638.0
718.0
730.0
674.0
553.0
376.0
155.0
2.0
0.0
0.0
0.0
0.0
0.0
0.0
0.0
0.0
0.0
0.0
0.0
0.0
0.0
76.0
307.0
501.0
643.0
723.0
736.0
680.0
559.0
382.0
161.0
3.0
0.0
0.0
0.0
0.0
0.0
0.0
0.0
0.0
0.0
0.0
0.0
0.0
0.0
79.0
312.0
506.0
649.0
729.0
742.0
686.0
565.0
388.0
166.0
4.0
0.0
0.0
0.0
0.0
0.0
0.0
0.0
0.0
0.0
0.0
0.0
0.0
0.0
83.0
317.0
512.0
655.0
735.0
748.0
692.0
571.0
394.0
172.0
5.0
0.0
0.0
0.0
0.0
0.0
0.0
0.0
0.0
0.0
0.0
0.0
0.0
0.0
87.0
322.0
517.0
660.0
741.0
754.0
698.0
577.0
400.0
178.0
6.0
0.0
0.0
0.0
0.0
0.0
0.0
0.0
0.0
0.0
0.0
0.0
0.0
0.0
91.0
327.0
523.0
666.0
747.0
760.0
704.0
583.0
406.0
184.0
7.0
0.0
0.0
0.0
0.0
0.0
0.0
0.0
0.0
0.0
0.0
0.0
0.0
0.0
96.0
332.0
528.0
672.0
753.0
766.0
710.0
590.0
412.0
190.0
8.0
0.0
0.0
0.0
0.0
0.0
0.0
0.0
0.0
0.0
0.0
0.0
0.0
0.0
100.0
338.0
534.0
678.0
759.0
772.0
717.0
596.0
418.0
195.0
10.0
0.0
0.0
0.0
0.0
0.0
0.0
0.0
0.0
0.0
0.0
0.0
0.0
0.0
105.0
343.0
540.0
684.0
765.0
779.0
723.0
602.0
424.0
201.0
12.0
0.0
0.0
0.0
0.0
0.0
0.0
0.0
0.0
0.0
0.0
0.0
0.0
0.0
110.0
349.0
546.0
690.0
772.0
785.0
729.0
608.0
430.0
207.0
13.0
0.0
0.0
0.0
0.0
0.0
0.0
0.0
0.0
0.0
0.0
0.0
0.0
0.0
115.0
355.0
552.0
696.0
778.0
791.0
736.0
615.0
436.0
213.0
15.0
0.0
0.0
0.0
0.0
0.0
0.0
0.0
0.0
0.0
0.0
0.0
0.0
0.0
121.0
360.0
558.0
703.0
784.0
798.0
742.0
621.0
442.0
219.0
17.0
0.0
0.0
0.0
0.0
0.0
0.0
0.0
0.0
0.0
0.0
0.0
0.0
0.0
129.0
366.0
564.0
709.0
791.0
804.0
748.0
627.0
448.0
225.0
19.0
0.0
0.0
0.0
0.0
0.0
0.0
0.0
0.0
0.0
0.0
0.0
0.0
0.0
135.0
372.0
570.0
715.0
797.0
811.0
755.0
633.0
455.0
231.0
22.0
0.0
0.0
0.0
0.0
0.0
0.0
0.0
0.0
0.0
0.0
0.0
0.0
0.0
141.0
379.0
577.0
722.0
804.0
817.0
761.0
640.0
461.0
237.0
24.0
0.0
0.0
0.0
0.0
0.0
0.0
0.0
0.0
0.0
0.0
0.0
0.0
1.0
147.0
385.0
583.0
728.0
810.0
824.0
768.0
646.0
467.0
242.0
26.0
0.0
0.0
0.0
0.0
0.0
0.0
0.0
0.0
0.0
0.0
0.0
0.0
1.0
153.0
391.0
589.0
735.0
817.0
830.0
774.0
652.0
473.0
248.0
29.0
0.0
0.0
0.0
0.0
0.0
0.0
0.0
0.0
0.0
0.0
0.0
0.0
2.0
159.0
397.0
596.0
741.0
823.0
837.0
781.0
659.0
479.0
254.0
32.0
0.0
0.0
0.0
0.0
0.0
0.0
0.0
0.0
0.0
0.0
0.0
0.0
2.0
166.0
404.0
603.0
748.0
830.0
843.0
787.0
665.0
485.0
260.0
35.0
0.0
0.0
0.0
0.0
0.0
0.0
0.0
0.0
0.0
0.0
0.0
0.0
3.0
172.0
410.0
609.0
755.0
837.0
850.0
794.0
671.0
491.0
266.0
38.0
0.0
0.0
0.0
0.0
0.0
0.0
0.0
0.0
0.0
0.0
0.0
0.0
5.0
178.0
417.0
616.0
761.0
843.0
857.0
800.0
677.0
497.0
272.0
41.0
0.0
0.0
0.0
0.0
0.0
0.0
0.0
0.0
0.0
0.0
0.0
0.0
6.0
185.0
424.0
623.0
768.0
850.0
863.0
806.0
684.0
503.0
277.0
44.0
0.0
0.0
0.0
0.0
0.0
0.0
0.0
0.0
0.0
0.0
0.0
0.0
7.0
192.0
430.0
629.0
775.0
857.0
870.0
813.0
690.0
509.0
283.0
47.0
0.0
0.0
0.0
0.0
0.0
0.0
0.0
0.0
0.0
0.0
0.0
0.0
9.0
198.0
437.0
636.0
782.0
864.0
876.0
819.0
696.0
515.0
289.0
51.0
0.0
0.0
0.0
0.0
0.0
0.0
0.0
0.0
0.0
0.0
0.0
0.0
11.0
205.0
444.0
643.0
788.0
870.0
883.0
826.0
702.0
521.0
295.0
54.0
0.0
0.0
0.0
0.0
0.0
0.0
0.0
0.0
0.0
0.0
0.0
0.0
13.0
212.0
451.0
650.0
795.0
877.0
889.0
832.0
708.0
527.0
300.0
58.0
0.0
0.0
0.0
0.0
0.0
0.0
0.0
0.0
0.0
0.0
0.0
0.0
15.0
219.0
458.0
657.0
802.0
884.0
896.0
838.0
714.0
533.0
306.0
61.0
0.0
0.0
0.0
0.0
0.0
0.0
0.0
0.0
0.0
0.0
0.0
0.0
17.0
226.0
465.0
664.0
809.0
890.0
902.0
845.0
720.0
539.0
312.0
65.0
0.0
0.0
0.0
0.0
0.0
0.0
0.0
0.0
0.0
0.0
0.0
0.0
20.0
233.0
472.0
671.0
816.0
897.0
909.0
851.0
726.0
544.0
317.0
69.0
0.0
0.0
0.0
0.0
0.0
0.0
0.0
0.0
0.0
0.0
0.0
0.0
23.0
240.0
479.0
678.0
823.0
904.0
915.0
857.0
732.0
550.0
323.0
73.0
0.0
0.0
0.0
0.0
0.0
0.0
0.0
0.0
0.0
0.0
0.0
0.0
26.0
247.0
486.0
685.0
830.0
910.0
922.0
863.0
738.0
556.0
328.0
77.0
0.0
0.0
0.0
0.0
0.0
0.0
0.0
0.0
0.0
0.0
0.0
0.0
29.0
254.0
493.0
692.0
836.0
917.0
928.0
869.0
744.0
562.0
334.0
81.0
0.0
0.0
0.0
0.0
0.0
0.0
0.0
0.0
0.0
0.0
0.0
0.0
32.0
261.0
500.0
699.0
843.0
924.0
935.0
876.0
750.0
567.0
339.0
85.0
0.0
0.0
0.0
0.0
0.0
0.0
0.0
0.0
0.0
0.0
0.0
0.0
36.0
269.0
508.0
706.0
850.0
930.0
941.0
882.0
756.0
573.0
345.0
90.0
0.0
0.0
0.0
0.0
0.0
0.0
0.0
0.0
0.0
0.0
0.0
0.0
40.0
276.0
515.0
713.0
857.0
937.0
947.0
888.0
762.0
579.0
350.0
94.0
0.0
0.0
0.0
0.0
0.0
0.0
0.0
0.0
0.0
0.0
0.0
0.0
44.0
283.0
522.0
720.0
864.0
943.0
954.0
894.0
768.0
584.0
355.0
99.0
0.0
0.0
0.0
0.0
0.0
0.0
0.0
0.0
0.0
0.0
0.0
0.0
48.0
291.0
529.0
727.0
871.0
950.0
960.0
900.0
773.0
590.0
361.0
103.0
0.0
0.0
0.0
0.0
0.0
0.0
0.0
0.0
0.0
0.0
0.0
0.0
53.0
298.0
536.0
734.0
877.0
956.0
966.0
906.0
779.0
595.0
366.0
108.0
0.0
0.0
0.0
0.0
0.0
0.0
0.0
0.0
0.0
0.0
0.0
0.0
57.0
305.0
544.0
741.0
884.0
963.0
972.0
911.0
785.0
600.0
371.0
112.0
0.0
0.0
0.0
0.0
0.0
0.0
0.0
0.0
0.0
0.0
0.0
0.0
62.0
313.0
551.0
748.0
891.0
969.0
978.0
917.0
790.0
606.0
376.0
117.0
0.0
0.0
0.0
0.0
0.0
0.0
0.0
0.0
0.0
0.0
0.0
0.0
68.0
320.0
558.0
755.0
897.0
976.0
984.0
923.0
796.0
611.0
382.0
122.0
0.0
0.0
0.0
0.0
0.0
0.0
0.0
0.0
0.0
0.0
0.0
0.0
73.0
327.0
565.0
762.0
904.0
982.0
990.0
929.0
801.0
616.0
387.0
127.0
0.0
0.0
0.0
0.0
0.0
0.0
0.0
0.0
0.0
0.0
0.0
0.0
79.0
335.0
572.0
769.0
911.0
988.0
996.0
934.0
806.0
621.0
392.0
132.0
0.0
0.0
0.0
0.0
0.0
0.0
0.0
0.0
0.0
0.0
0.0
0.0
85.0
342.0
580.0
776.0
917.0
994.0
1002.0
940.0
812.0
626.0
397.0
138.0
0.0
0.0
0.0
0.0
0.0
0.0
0.0
0.0
0.0
0.0
0.0
0.0
91.0
350.0
587.0
783.0
924.0
1001.0
1008.0
945.0
817.0
631.0
402.0
143.0
0.0
0.0
0.0
0.0
0.0
0.0
0.0
0.0
0.0
0.0
0.0
0.0
97.0
357.0
594.0
789.0
930.0
1007.0
1014.0
951.0
822.0
636.0
407.0
148.0
0.0
0.0
0.0
0.0
0.0
0.0
0.0
0.0
0.0
0.0
0.0
0.0
104.0
365.0
601.0
796.0
937.0
1013.0
1019.0
956.0
827.0
641.0
412.0
153.0
1.0
0.0
0.0
0.0
0.0
0.0
0.0
0.0
0.0
0.0
0.0
0.0
111.0
372.0
608.0
803.0
943.0
1019.0
1025.0
961.0
832.0
646.0
416.0
158.0
1.0
0.0
0.0
0.0
0.0
0.0
0.0
0.0
0.0
0.0
0.0
0.0
118.0
379.0
615.0
810.0
949.0
1025.0
1031.0
967.0
837.0
651.0
421.0
163.0
2.0
0.0
0.0
0.0
0.0
0.0
0.0
0.0
0.0
0.0
0.0
0.0
125.0
387.0
622.0
816.0
956.0
1031.0
1036.0
972.0
842.0
656.0
426.0
168.0
2.0
0.0
0.0
0.0
0.0
0.0
0.0
0.0
0.0
0.0
0.0
0.0
132.0
394.0
629.0
823.0
962.0
1036.0
1041.0
977.0
847.0
661.0
431.0
172.0
3.0
0.0
0.0
0.0
0.0
0.0
0.0
0.0
0.0
0.0
0.0
0.0
141.0
401.0
636.0
829.0
968.0
1042.0
1047.0
982.0
852.0
665.0
435.0
177.0
3.0
0.0
0.0
0.0
0.0
0.0
0.0
0.0
0.0
0.0
0.0
0.0
148.0
409.0
643.0
836.0
974.0
1048.0
1052.0
987.0
857.0
670.0
440.0
182.0
4.0
0.0
0.0
0.0
0.0
0.0
0.0
0.0
0.0
0.0
0.0
1.0
156.0
416.0
650.0
842.0
980.0
1053.0
1057.0
992.0
861.0
675.0
444.0
187.0
5.0
0.0
0.0
0.0
0.0
0.0
0.0
0.0
0.0
0.0
0.0
2.0
163.0
423.0
657.0
849.0
986.0
1059.0
1062.0
997.0
866.0
679.0
449.0
191.0
6.0
0.0
0.0
0.0
0.0
0.0
0.0
0.0
0.0
0.0
0.0
3.0
171.0
430.0
664.0
855.0
992.0
1064.0
1068.0
1001.0
871.0
684.0
454.0
196.0
7.0
0.0
0.0
0.0
0.0
0.0
0.0
0.0
0.0
0.0
0.0
4.0
178.0
437.0
670.0
861.0
998.0
1070.0
1073.0
1006.0
875.0
688.0
458.0
200.0
8.0
0.0
0.0
0.0
0.0
0.0
0.0
0.0
0.0
0.0
0.0
5.0
186.0
444.0
677.0
868.0
1003.0
1075.0
1077.0
1011.0
879.0
692.0
462.0
205.0
10.0
0.0
0.0
0.0
0.0
0.0
0.0
0.0
0.0
0.0
0.0
7.0
193.0
451.0
683.0
874.0
1009.0
1080.0
1082.0
1015.0
884.0
697.0
467.0
210.0
11.0
0.0
0.0
0.0
0.0
0.0
0.0
0.0
0.0
0.0
0.0
8.0
200.0
458.0
690.0
880.0
1014.0
1085.0
1087.0
1020.0
888.0
701.0
471.0
214.0
12.0
0.0
0.0
0.0
0.0
0.0
0.0
0.0
0.0
0.0
0.0
10.0
208.0
465.0
696.0
886.0
1020.0
1090.0
1092.0
1024.0
892.0
705.0
475.0
219.0
14.0
0.0
0.0
0.0
0.0
0.0
0.0
0.0
0.0
0.0
0.0
13.0
215.0
472.0
703.0
891.0
1025.0
1095.0
1096.0
1029.0
897.0
709.0
480.0
223.0
15.0
0.0
0.0
0.0
0.0
0.0
0.0
0.0
0.0
0.0
0.0
15.0
222.0
479.0
709.0
897.0
1031.0
1100.0
1101.0
1033.0
901.0
713.0
484.0
227.0
17.0
0.0
0.0
0.0
0.0
0.0
0.0
0.0
0.0
0.0
0.0
18.0
229.0
485.0
715.0
903.0
1036.0
1105.0
1105.0
1037.0
905.0
717.0
488.0
232.0
19.0
0.0
0.0
0.0
0.0
0.0
0.0
0.0
0.0
0.0
0.0
20.0
236.0
492.0
721.0
909.0
1041.0
1110.0
1110.0
1041.0
909.0
721.0
492.0
236.0
20.0
0.0
0.0
0.0
0.0
0.0
0.0
0.0
0.0
0.0
0.0
23.0
243.0
498.0
727.0
914.0
1046.0
1114.0
1114.0
1045.0
913.0
725.0
496.0
240.0
22.0
0.0
0.0
0.0
0.0
0.0
0.0
0.0
0.0
0.0
0.0
26.0
250.0
505.0
733.0
920.0
1051.0
1119.0
1118.0
1049.0
917.0
729.0
500.0
245.0
24.0
0.0
0.0
0.0
0.0
0.0
0.0
0.0
0.0
0.0
0.0
30.0
257.0
511.0
739.0
925.0
1056.0
1123.0
1122.0
1053.0
920.0
733.0
504.0
249.0
26.0
0.0
0.0
0.0
0.0
0.0
0.0
0.0
0.0
0.0
0.0
33.0
263.0
518.0
745.0
930.0
1061.0
1128.0
1126.0
1057.0
924.0
737.0
508.0
253.0
28.0
0.0
0.0
0.0
0.0
0.0
0.0
0.0
0.0
0.0
0.0
37.0
270.0
524.0
751.0
936.0
1066.0
1132.0
1130.0
1061.0
928.0
741.0
512.0
258.0
30.0
0.0
0.0
0.0
0.0
0.0
0.0
0.0
0.0
0.0
0.0
41.0
277.0
530.0
756.0
941.0
1070.0
1136.0
1134.0
1064.0
931.0
744.0
516.0
262.0
33.0
0.0
0.0
0.0
0.0
0.0
0.0
0.0
0.0
0.0
0.0
45.0
283.0
536.0
762.0
946.0
1075.0
1140.0
1138.0
1068.0
935.0
748.0
520.0
266.0
35.0
0.0
0.0
0.0
0.0
0.0
0.0
0.0
0.0
0.0
0.0
49.0
290.0
542.0
767.0
951.0
1079.0
1144.0
1142.0
1072.0
938.0
752.0
524.0
270.0
37.0
0.0
0.0
0.0
0.0
0.0
0.0
0.0
0.0
0.0
0.0
53.0
296.0
548.0
773.0
955.0
1084.0
1148.0
1146.0
1075.0
942.0
755.0
527.0
274.0
40.0
0.0
0.0
0.0
0.0
0.0
0.0
0.0
0.0
0.0
0.0
57.0
302.0
554.0
778.0
960.0
1088.0
1152.0
1149.0
1079.0
945.0
759.0
531.0
278.0
42.0
0.0
0.0
0.0
0.0
0.0
0.0
0.0
0.0
0.0
0.0
62.0
308.0
559.0
783.0
965.0
1092.0
1156.0
1153.0
1082.0
949.0
762.0
535.0
282.0
45.0
0.0
0.0
0.0
0.0
0.0
0.0
0.0
0.0
0.0
0.0
66.0
315.0
565.0
788.0
969.0
1096.0
1160.0
1156.0
1085.0
952.0
766.0
538.0
286.0
47.0
0.0
0.0
0.0
0.0
0.0
0.0
0.0
0.0
0.0
0.0
71.0
321.0
570.0
793.0
974.0
1100.0
1163.0
1159.0
1088.0
955.0
769.0
542.0
290.0
50.0
0.0
0.0
0.0
0.0
0.0
0.0
0.0
0.0
0.0
0.0
75.0
326.0
576.0
798.0
978.0
1104.0
1167.0
1163.0
1092.0
958.0
772.0
546.0
294.0
53.0
0.0
0.0
0.0
0.0
0.0
0.0
0.0
0.0
0.0
0.0
80.0
332.0
581.0
803.0
982.0
1108.0
1170.0
1166.0
1095.0
962.0
775.0
549.0
298.0
56.0
0.0
0.0
0.0
0.0
0.0
0.0
0.0
0.0
0.0
0.0
85.0
338.0
586.0
807.0
986.0
1111.0
1174.0
1169.0
1098.0
965.0
779.0
553.0
302.0
59.0
0.0
0.0
0.0
0.0
0.0
0.0
0.0
0.0
0.0
0.0
90.0
343.0
591.0
812.0
990.0
1115.0
1177.0
1172.0
1101.0
968.0
782.0
556.0
306.0
62.0
0.0
0.0
0.0
0.0
0.0
0.0
0.0
0.0
0.0
0.0
95.0
349.0
596.0
816.0
994.0
1119.0
1180.0
1175.0
1104.0
971.0
785.0
560.0
310.0
65.0
0.0
0.0
0.0
0.0
0.0
0.0
0.0
0.0
0.0
0.0
100.0
354.0
601.0
821.0
998.0
1122.0
1183.0
1178.0
1106.0
973.0
788.0
563.0
314.0
68.0
0.0
0.0
0.0
0.0
0.0
0.0
0.0
0.0
0.0
0.0
105.0
360.0
606.0
825.0
1002.0
1125.0
1186.0
1181.0
1109.0
976.0
791.0
567.0
318.0
71.0
0.0
0.0
0.0
0.0
0.0
0.0
0.0
0.0
0.0
0.0
111.0
365.0
610.0
829.0
1006.0
1129.0
1189.0
1184.0
1112.0
979.0
794.0
570.0
322.0
74.0
0.0
0.0
0.0
0.0
0.0
0.0
0.0
0.0
0.0
0.0
116.0
370.0
615.0
833.0
1009.0
1132.0
1192.0
1186.0
1115.0
982.0
797.0
573.0
325.0
77.0
0.0
0.0
0.0
0.0
0.0
0.0
0.0
0.0
0.0
0.0
121.0
375.0
619.0
837.0
1013.0
1135.0
1195.0
1189.0
1117.0
985.0
800.0
577.0
329.0
81.0
0.0
0.0
0.0
0.0
0.0
0.0
0.0
0.0
0.0
0.0
126.0
380.0
624.0
841.0
1016.0
1138.0
1198.0
1191.0
1120.0
987.0
803.0
580.0
333.0
84.0
0.0
0.0
0.0
0.0
0.0
0.0
0.0
0.0
0.0
0.0
131.0
384.0
628.0
844.0
1019.0
1141.0
1200.0
1194.0
1122.0
990.0
806.0
583.0
336.0
87.0
0.0
0.0
0.0
0.0
0.0
0.0
0.0
0.0
0.0
0.0
136.0
389.0
632.0
848.0
1022.0
1143.0
1203.0
1196.0
1125.0
992.0
809.0
586.0
340.0
91.0
0.0
0.0
0.0
0.0
0.0
0.0
0.0
0.0
0.0
1.0
141.0
393.0
636.0
851.0
1025.0
1146.0
1205.0
1199.0
1127.0
995.0
812.0
590.0
344.0
94.0
0.0
0.0
0.0
0.0
0.0
0.0
0.0
0.0
0.0
1.0
145.0
398.0
640.0
855.0
1028.0
1149.0
1208.0
1201.0
1129.0
997.0
814.0
593.0
347.0
98.0
0.0
0.0
0.0
0.0
0.0
0.0
0.0
0.0
0.0
1.0
150.0
402.0
643.0
858.0
1031.0
1151.0
1210.0
1203.0
1132.0
1000.0
817.0
596.0
351.0
102.0
0.0
0.0
0.0
0.0
0.0
0.0
0.0
0.0
0.0
2.0
155.0
406.0
647.0
861.0
1034.0
1154.0
1212.0
1205.0
1134.0
1002.0
820.0
599.0
354.0
105.0
0.0
0.0
0.0
0.0
0.0
0.0
0.0
0.0
0.0
3.0
159.0
410.0
650.0
864.0
1037.0
1156.0
1214.0
1207.0
1136.0
1005.0
822.0
602.0
358.0
109.0
0.0
0.0
0.0
0.0
0.0
0.0
0.0
0.0
0.0
3.0
164.0
414.0
654.0
867.0
1039.0
1158.0
1216.0
1209.0
1138.0
1007.0
825.0
605.0
361.0
113.0
0.0
0.0
0.0
0.0
0.0
0.0
0.0
0.0
0.0
4.0
168.0
418.0
657.0
870.0
1042.0
1160.0
1218.0
1211.0
1140.0
1009.0
828.0
608.0
365.0
116.0
0.0
0.0
0.0
0.0
0.0
0.0
0.0
0.0
0.0
5.0
172.0
421.0
660.0
873.0
1044.0
1163.0
1220.0
1213.0
1142.0
1011.0
830.0
611.0
368.0
120.0
0.0
0.0
0.0
0.0
0.0
0.0
0.0
0.0
0.0
6.0
176.0
425.0
663.0
875.0
1046.0
1165.0
1222.0
1215.0
1144.0
1013.0
833.0
614.0
371.0
123.0
0.0
0.0
0.0
0.0
0.0
0.0
0.0
0.0
0.0
7.0
180.0
428.0
666.0
878.0
1048.0
1167.0
1224.0
1217.0
1146.0
1016.0
835.0
616.0
375.0
126.0
0.0
0.0
0.0
0.0
0.0
0.0
0.0
0.0
0.0
8.0
184.0
432.0
669.0
880.0
1051.0
1168.0
1226.0
1219.0
1148.0
1018.0
837.0
619.0
378.0
130.0
0.0
0.0
0.0
0.0
0.0
0.0
0.0
0.0
0.0
9.0
187.0
435.0
672.0
883.0
1053.0
1170.0
1227.0
1220.0
1149.0
1020.0
840.0
622.0
381.0
134.0
0.0
0.0
0.0
0.0
0.0
0.0
0.0
0.0
0.0
10.0
191.0
438.0
675.0
885.0
1054.0
1172.0
1229.0
1222.0
1151.0
1022.0
842.0
625.0
384.0
137.0
1.0
0.0
0.0
0.0
0.0
0.0
0.0
0.0
0.0
11.0
194.0
441.0
677.0
887.0
1056.0
1173.0
1230.0
1223.0
1153.0
1024.0
844.0
627.0
387.0
141.0
1.0
0.0
0.0
0.0
0.0
0.0
0.0
0.0
0.0
13.0
198.0
444.0
679.0
889.0
1058.0
1175.0
1232.0
1225.0
1155.0
1025.0
847.0
630.0
391.0
145.0
1.0
0.0
0.0
0.0
0.0
0.0
0.0
0.0
0.0
14.0
201.0
446.0
682.0
891.0
1060.0
1176.0
1233.0
1226.0
1156.0
1027.0
849.0
633.0
394.0
148.0
2.0
0.0
0.0
0.0
0.0
0.0
0.0
0.0
0.0
15.0
204.0
449.0
684.0
893.0
1061.0
1178.0
1235.0
1228.0
1158.0
1029.0
851.0
635.0
397.0
151.0
2.0
0.0
0.0
0.0
0.0
0.0
0.0
0.0
0.0
16.0
207.0
451.0
686.0
894.0
1063.0
1179.0
1236.0
1229.0
1159.0
1031.0
853.0
638.0
400.0
155.0
3.0
0.0
0.0
0.0
0.0
0.0
0.0
0.0
0.0
17.0
209.0
454.0
688.0
896.0
1064.0
1180.0
1237.0
1230.0
1161.0
1033.0
855.0
640.0
402.0
158.0
3.0
0.0
0.0
0.0
0.0
0.0
0.0
0.0
0.0
18.0
212.0
456.0
690.0
898.0
1065.0
1182.0
1238.0
1232.0
1162.0
1034.0
857.0
643.0
405.0
161.0
4.0
0.0
0.0
0.0
0.0
0.0
0.0
0.0
0.0
19.0
214.0
458.0
691.0
899.0
1067.0
1183.0
1239.0
1233.0
1163.0
1036.0
859.0
645.0
408.0
165.0
5.0
0.0
0.0
0.0
0.0
0.0
0.0
0.0
0.0
21.0
217.0
460.0
693.0
900.0
1068.0
1184.0
1240.0
1234.0
1165.0
1038.0
861.0
647.0
411.0
168.0
5.0
0.0
0.0
0.0
0.0
0.0
0.0
0.0
0.0
22.0
219.0
462.0
695.0
902.0
1069.0
1185.0
1241.0
1235.0
1166.0
1039.0
863.0
650.0
414.0
171.0
6.0
0.0
0.0
0.0
0.0
0.0
0.0
0.0
0.0
23.0
221.0
464.0
696.0
903.0
1070.0
1186.0
1242.0
1236.0
1167.0
1041.0
865.0
652.0
416.0
174.0
7.0
0.0
0.0
0.0
0.0
0.0
0.0
0.0
0.0
24.0
223.0
465.0
697.0
904.0
1071.0
1186.0
1243.0
1237.0
1168.0
1042.0
867.0
654.0
419.0
177.0
8.0
0.0
0.0
0.0
0.0
0.0
0.0
0.0
0.0
25.0
225.0
467.0
699.0
905.0
1072.0
1187.0
1244.0
1238.0
1170.0
1044.0
869.0
656.0
421.0
180.0
9.0
0.0
0.0
0.0
0.0
0.0
0.0
0.0
0.0
26.0
227.0
468.0
700.0
906.0
1072.0
1188.0
1245.0
1239.0
1171.0
1045.0
870.0
658.0
424.0
183.0
9.0
0.0
0.0
0.0
0.0
0.0
0.0
0.0
0.0
27.0
229.0
470.0
701.0
907.0
1073.0
1189.0
1245.0
1240.0
1172.0
1046.0
872.0
660.0
426.0
185.0
10.0
0.0
0.0
0.0
0.0
0.0
0.0
0.0
0.0
28.0
230.0
471.0
702.0
907.0
1074.0
1189.0
1246.0
1240.0
1173.0
1048.0
874.0
662.0
429.0
188.0
11.0
0.0
0.0
0.0
0.0
0.0
0.0
0.0
0.0
28.0
231.0
472.0
703.0
908.0
1074.0
1190.0
1247.0
1241.0
1174.0
1049.0
875.0
664.0
431.0
191.0
12.0
0.0
0.0
0.0
0.0
0.0
0.0
0.0
0.0
29.0
233.0
473.0
703.0
909.0
1075.0
1190.0
1247.0
1242.0
1175.0
1050.0
877.0
666.0
433.0
193.0
13.0
0.0
0.0
0.0
0.0
0.0
0.0
0.0
0.0
30.0
234.0
474.0
704.0
909.0
1075.0
1190.0
1248.0
1243.0
1176.0
1051.0
878.0
668.0
435.0
196.0
14.0
0.0
0.0
0.0
0.0
0.0
0.0
0.0
0.0
31.0
235.0
474.0
704.0
909.0
1075.0
1191.0
1248.0
1243.0
1177.0
1053.0
880.0
670.0
437.0
198.0
15.0
0.0
0.0
0.0
0.0
0.0
0.0
0.0
0.0
31.0
236.0
475.0
705.0
910.0
1076.0
1191.0
1249.0
1244.0
1177.0
1054.0
881.0
672.0
439.0
200.0
16.0
0.0
0.0
0.0
0.0
0.0
0.0
0.0
0.0
32.0
237.0
476.0
705.0
910.0
1076.0
1191.0
1249.0
1244.0
1178.0
1055.0
883.0
673.0
441.0
202.0
17.0
0.0
0.0
0.0
0.0
0.0
0.0
0.0
0.0
32.0
237.0
476.0
706.0
910.0
1076.0
1192.0
1249.0
1245.0
1179.0
1056.0
884.0
675.0
443.0
205.0
18.0
0.0
0.0
0.0
0.0
0.0
0.0
0.0
0.0
33.0
238.0
476.0
706.0
910.0
1076.0
1192.0
1249.0
1245.0
1180.0
1057.0
885.0
677.0
445.0
207.0
18.0
0.0
0.0
0.0
0.0
0.0
0.0
0.0
0.0
33.0
238.0
477.0
706.0
910.0
1076.0
1192.0
1250.0
1246.0
1180.0
1058.0
886.0
678.0
447.0
209.0
19.0
0.0
0.0
0.0
0.0
0.0
0.0
0.0
0.0
33.0
239.0
477.0
706.0
910.0
1076.0
1192.0
1250.0
1246.0
1181.0
1059.0
888.0
680.0
449.0
210.0
20.0
0.0
0.0
0.0
0.0
0.0
0.0
0.0
0.0
33.0
239.0
477.0
706.0
910.0
1076.0
1192.0
1250.0
1246.0
1181.0
1059.0
889.0
681.0
450.0
212.0
21.0
0.0
0.0
0.0
0.0
0.0
0.0
0.0
0.0
34.0
239.0
477.0
706.0
910.0
1076.0
1192.0
1250.0
1247.0
1182.0
1060.0
890.0
682.0
452.0
214.0
22.0
0.0
0.0
0.0
0.0
0.0
0.0
0.0
0.0
34.0
239.0
477.0
705.0
910.0
1076.0
1192.0
1250.0
1247.0
1183.0
1061.0
891.0
683.0
453.0
215.0
22.0
0.0
0.0
0.0
0.0
0.0
0.0
0.0
0.0
34.0
239.0
476.0
705.0
909.0
1075.0
1191.0
1250.0
1247.0
1183.0
1062.0
892.0
685.0
455.0
217.0
23.0
0.0
0.0
0.0
0.0
0.0
0.0
0.0
0.0
34.0
239.0
476.0
705.0
909.0
1075.0
1191.0
1250.0
1247.0
1183.0
1062.0
893.0
686.0
456.0
218.0
24.0
0.0
0.0
0.0
0.0
0.0
0.0
0.0
0.0
34.0
238.0
476.0
704.0
908.0
1075.0
1191.0
1250.0
1248.0
1184.0
1063.0
894.0
687.0
457.0
220.0
24.0
0.0
0.0
0.0
0.0
0.0
0.0
0.0
0.0
33.0
238.0
475.0
704.0
908.0
1074.0
1191.0
1250.0
1248.0
1184.0
1064.0
894.0
688.0
458.0
221.0
25.0
0.0
0.0
0.0
0.0
0.0
0.0
0.0
0.0
33.0
237.0
475.0
703.0
907.0
1074.0
1190.0
1250.0
1248.0
1184.0
1064.0
895.0
689.0
459.0
222.0
26.0
0.0
0.0
0.0
0.0
0.0
0.0
0.0
0.0
33.0
237.0
474.0
702.0
907.0
1073.0
1190.0
1250.0
1248.0
1185.0
1065.0
896.0
690.0
460.0
223.0
26.0
0.0
0.0
0.0
0.0
0.0
0.0
0.0
0.0
33.0
236.0
473.0
702.0
906.0
1072.0
1190.0
1249.0
1248.0
1185.0
1065.0
896.0
690.0
461.0
224.0
27.0
0.0
0.0
0.0
0.0
0.0
0.0
0.0
0.0
32.0
235.0
472.0
701.0
905.0
1072.0
1189.0
1249.0
1248.0
1185.0
1065.0
897.0
691.0
462.0
225.0
27.0
0.0
0.0
0.0
0.0
0.0
0.0
0.0
0.0
32.0
234.0
471.0
700.0
904.0
1071.0
1189.0
1249.0
1248.0
1185.0
1066.0
897.0
692.0
463.0
226.0
27.0
0.0
0.0
0.0
0.0
0.0
0.0
0.0
0.0
31.0
233.0
470.0
699.0
904.0
1070.0
1188.0
1248.0
1248.0
1185.0
1066.0
898.0
692.0
463.0
226.0
28.0
0.0
0.0
0.0
0.0
0.0
0.0
0.0
0.0
31.0
232.0
469.0
698.0
903.0
1070.0
1187.0
1248.0
1247.0
1185.0
1066.0
898.0
693.0
464.0
227.0
28.0
0.0
0.0
0.0
0.0
0.0
0.0
0.0
0.0
30.0
231.0
468.0
697.0
902.0
1069.0
1187.0
1248.0
1247.0
1185.0
1066.0
899.0
693.0
464.0
227.0
28.0
0.0
0.0
0.0
0.0
0.0
0.0
0.0
0.0
29.0
230.0
467.0
695.0
901.0
1068.0
1186.0
1247.0
1247.0
1185.0
1067.0
899.0
693.0
465.0
228.0
28.0
0.0
0.0
0.0
0.0
0.0
0.0
0.0
0.0
29.0
228.0
465.0
694.0
899.0
1067.0
1185.0
1247.0
1247.0
1185.0
1067.0
899.0
694.0
465.0
228.0
28.0
0.0
0.0
0.0
0.0
0.0
0.0
0.0
0.0
28.0
227.0
464.0
693.0
898.0
1066.0
1185.0
1246.0
1246.0
1185.0
1067.0
899.0
694.0
465.0
228.0
28.0
0.0
0.0
0.0
0.0
0.0
0.0
0.0
0.0
27.0
225.0
462.0
692.0
897.0
1065.0
1184.0
1246.0
1246.0
1185.0
1067.0
899.0
694.0
465.0
228.0
28.0
0.0
0.0
0.0
0.0
0.0
0.0
0.0
0.0
26.0
224.0
461.0
690.0
896.0
1064.0
1183.0
1245.0
1246.0
1185.0
1067.0
899.0
694.0
465.0
228.0
28.0
0.0
0.0
0.0
0.0
0.0
0.0
0.0
0.0
25.0
222.0
459.0
689.0
895.0
1063.0
1182.0
1244.0
1245.0
1184.0
1066.0
899.0
694.0
465.0
227.0
28.0
0.0
0.0
0.0
0.0
0.0
0.0
0.0
0.0
24.0
220.0
457.0
687.0
893.0
1062.0
1181.0
1244.0
1245.0
1184.0
1066.0
899.0
694.0
465.0
227.0
28.0
0.0
0.0
0.0
0.0
0.0
0.0
0.0
0.0
23.0
218.0
456.0
685.0
892.0
1061.0
1180.0
1243.0
1244.0
1184.0
1066.0
899.0
694.0
464.0
227.0
27.0
0.0
0.0
0.0
0.0
0.0
0.0
0.0
0.0
22.0
216.0
454.0
684.0
890.0
1059.0
1179.0
1242.0
1244.0
1183.0
1066.0
898.0
693.0
464.0
226.0
27.0
0.0
0.0
0.0
0.0
0.0
0.0
0.0
0.0
22.0
214.0
452.0
682.0
889.0
1058.0
1178.0
1241.0
1243.0
1183.0
1065.0
898.0
693.0
463.0
225.0
27.0
0.0
0.0
0.0
0.0
0.0
0.0
0.0
0.0
21.0
212.0
450.0
680.0
887.0
1057.0
1177.0
1241.0
1242.0
1182.0
1065.0
898.0
692.0
463.0
225.0
26.0
0.0
0.0
0.0
0.0
0.0
0.0
0.0
0.0
20.0
210.0
448.0
678.0
886.0
1056.0
1176.0
1240.0
1242.0
1182.0
1064.0
897.0
692.0
462.0
224.0
26.0
0.0
0.0
0.0
0.0
0.0
0.0
0.0
0.0
19.0
207.0
446.0
677.0
884.0
1054.0
1175.0
1239.0
1241.0
1181.0
1064.0
896.0
691.0
461.0
223.0
25.0
0.0
0.0
0.0
0.0
0.0
0.0
0.0
0.0
18.0
205.0
444.0
675.0
882.0
1053.0
1174.0
1238.0
1240.0
1180.0
1063.0
896.0
690.0
460.0
221.0
24.0
0.0
0.0
0.0
0.0
0.0
0.0
0.0
0.0
16.0
202.0
441.0
673.0
881.0
1051.0
1173.0
1237.0
1239.0
1180.0
1062.0
895.0
689.0
459.0
220.0
24.0
0.0
0.0
0.0
0.0
0.0
0.0
0.0
0.0
15.0
200.0
439.0
671.0
879.0
1050.0
1172.0
1236.0
1238.0
1179.0
1062.0
894.0
688.0
458.0
219.0
23.0
0.0
0.0
0.0
0.0
0.0
0.0
0.0
0.0
14.0
197.0
437.0
669.0
877.0
1048.0
1170.0
1235.0
1238.0
1178.0
1061.0
893.0
687.0
457.0
217.0
22.0
0.0
0.0
0.0
0.0
0.0
0.0
0.0
0.0
13.0
195.0
434.0
666.0
875.0
1047.0
1169.0
1234.0
1237.0
1177.0
1060.0
892.0
686.0
455.0
216.0
21.0
0.0
0.0
0.0
0.0
0.0
0.0
0.0
0.0
12.0
192.0
432.0
664.0
874.0
1045.0
1168.0
1233.0
1236.0
1176.0
1059.0
891.0
685.0
454.0
214.0
21.0
0.0
0.0
0.0
0.0
0.0
0.0
0.0
0.0
12.0
189.0
429.0
662.0
872.0
1044.0
1166.0
1231.0
1234.0
1175.0
1058.0
890.0
683.0
452.0
212.0
20.0
0.0
0.0
0.0
0.0
0.0
0.0
0.0
0.0
11.0
186.0
427.0
660.0
870.0
1042.0
1165.0
1230.0
1233.0
1174.0
1057.0
889.0
682.0
450.0
210.0
19.0
0.0
0.0
0.0
0.0
0.0
0.0
0.0
0.0
10.0
183.0
424.0
658.0
868.0
1040.0
1163.0
1229.0
1232.0
1173.0
1055.0
887.0
680.0
449.0
208.0
18.0
0.0
0.0
0.0
0.0
0.0
0.0
0.0
0.0
9.0
180.0
421.0
655.0
866.0
1039.0
1162.0
1228.0
1231.0
1172.0
1054.0
886.0
679.0
447.0
206.0
17.0
0.0
0.0
0.0
0.0
0.0
0.0
0.0
0.0
8.0
177.0
419.0
653.0
864.0
1037.0
1160.0
1226.0
1230.0
1170.0
1053.0
884.0
677.0
445.0
203.0
16.0
0.0
0.0
0.0
0.0
0.0
0.0
0.0
0.0
7.0
174.0
416.0
650.0
862.0
1035.0
1159.0
1225.0
1228.0
1169.0
1051.0
883.0
675.0
442.0
201.0
15.0
0.0
0.0
0.0
0.0
0.0
0.0
0.0
0.0
6.0
171.0
413.0
648.0
859.0
1033.0
1157.0
1223.0
1227.0
1168.0
1050.0
881.0
673.0
440.0
198.0
14.0
0.0
0.0
0.0
0.0
0.0
0.0
0.0
0.0
5.0
168.0
410.0
645.0
857.0
1031.0
1156.0
1222.0
1226.0
1166.0
1048.0
879.0
671.0
438.0
195.0
13.0
0.0
0.0
0.0
0.0
0.0
0.0
0.0
0.0
5.0
165.0
407.0
643.0
855.0
1029.0
1154.0
1220.0
1224.0
1165.0
1046.0
877.0
669.0
435.0
192.0
12.0
0.0
0.0
0.0
0.0
0.0
0.0
0.0
0.0
4.0
161.0
405.0
640.0
853.0
1028.0
1152.0
1219.0
1223.0
1163.0
1045.0
875.0
667.0
433.0
189.0
11.0
0.0
0.0
0.0
0.0
0.0
0.0
0.0
0.0
3.0
158.0
402.0
638.0
851.0
1026.0
1151.0
1217.0
1221.0
1161.0
1043.0
873.0
664.0
430.0
186.0
10.0
0.0
0.0
0.0
0.0
0.0
0.0
0.0
0.0
3.0
155.0
399.0
635.0
848.0
1024.0
1149.0
1216.0
1219.0
1160.0
1041.0
871.0
662.0
427.0
183.0
9.0
0.0
0.0
0.0
0.0
0.0
0.0
0.0
0.0
2.0
151.0
396.0
633.0
846.0
1022.0
1147.0
1214.0
1218.0
1158.0
1039.0
869.0
659.0
424.0
180.0
8.0
0.0
0.0
0.0
0.0
0.0
0.0
0.0
0.0
2.0
148.0
392.0
630.0
844.0
1019.0
1145.0
1212.0
1216.0
1156.0
1037.0
866.0
656.0
421.0
176.0
7.0
0.0
0.0
0.0
0.0
0.0
0.0
0.0
0.0
1.0
144.0
389.0
627.0
841.0
1017.0
1143.0
1210.0
1214.0
1154.0
1035.0
864.0
654.0
418.0
173.0
6.0
0.0
0.0
0.0
0.0
0.0
0.0
0.0
0.0
1.0
141.0
386.0
624.0
839.0
1015.0
1141.0
1208.0
1212.0
1152.0
1032.0
861.0
651.0
414.0
169.0
5.0
0.0
0.0
0.0
0.0
0.0
0.0
0.0
0.0
1.0
137.0
383.0
622.0
836.0
1013.0
1139.0
1206.0
1210.0
1150.0
1030.0
859.0
648.0
411.0
165.0
4.0
0.0
0.0
0.0
0.0
0.0
0.0
0.0
0.0
0.0
133.0
380.0
619.0
834.0
1011.0
1137.0
1204.0
1208.0
1148.0
1028.0
856.0
644.0
407.0
161.0
3.0
0.0
0.0
0.0
0.0
0.0
0.0
0.0
0.0
0.0
130.0
377.0
616.0
832.0
1009.0
1135.0
1202.0
1206.0
1145.0
1025.0
853.0
641.0
404.0
157.0
3.0
0.0
0.0
0.0
0.0
0.0
0.0
0.0
0.0
0.0
126.0
373.0
613.0
829.0
1006.0
1133.0
1200.0
1204.0
1143.0
1023.0
850.0
638.0
400.0
153.0
2.0
0.0
0.0
0.0
0.0
0.0
0.0
0.0
0.0
0.0
122.0
370.0
610.0
826.0
1004.0
1131.0
1198.0
1202.0
1141.0
1020.0
847.0
634.0
396.0
148.0
1.0
0.0
0.0
0.0
0.0
0.0
0.0
0.0
0.0
0.0
120.0
367.0
607.0
824.0
1002.0
1129.0
1196.0
1199.0
1138.0
1017.0
844.0
631.0
392.0
144.0
1.0
0.0
0.0
0.0
0.0
0.0
0.0
0.0
0.0
0.0
116.0
363.0
604.0
821.0
999.0
1126.0
1194.0
1197.0
1136.0
1014.0
841.0
627.0
388.0
139.0
1.0
0.0
0.0
0.0
0.0
0.0
0.0
0.0
0.0
0.0
113.0
360.0
601.0
819.0
997.0
1124.0
1191.0
1194.0
1133.0
1011.0
837.0
623.0
384.0
135.0
0.0
0.0
0.0
0.0
0.0
0.0
0.0
0.0
0.0
0.0
109.0
357.0
598.0
816.0
994.0
1122.0
1189.0
1192.0
1130.0
1008.0
834.0
619.0
379.0
130.0
0.0
0.0
0.0
0.0
0.0
0.0
0.0
0.0
0.0
0.0
105.0
353.0
595.0
813.0
992.0
1119.0
1187.0
1189.0
1127.0
1005.0
830.0
615.0
375.0
125.0
0.0
0.0
0.0
0.0
0.0
0.0
0.0
0.0
0.0
0.0
102.0
350.0
592.0
810.0
989.0
1117.0
1184.0
1187.0
1125.0
1002.0
827.0
611.0
370.0
121.0
0.0
0.0
0.0
0.0
0.0
0.0
0.0
0.0
0.0
0.0
98.0
346.0
589.0
808.0
987.0
1114.0
1182.0
1184.0
1122.0
998.0
823.0
607.0
365.0
116.0
0.0
0.0
0.0
0.0
0.0
0.0
0.0
0.0
0.0
0.0
95.0
343.0
586.0
805.0
984.0
1112.0
1179.0
1181.0
1119.0
995.0
819.0
603.0
361.0
111.0
0.0
0.0
0.0
0.0
0.0
0.0
0.0
0.0
0.0
0.0
91.0
339.0
583.0
802.0
981.0
1109.0
1176.0
1178.0
1115.0
991.0
815.0
598.0
356.0
106.0
0.0
0.0
0.0
0.0
0.0
0.0
0.0
0.0
0.0
0.0
88.0
336.0
580.0
799.0
979.0
1106.0
1174.0
1176.0
1112.0
988.0
811.0
594.0
351.0
101.0
0.0
0.0
0.0
0.0
0.0
0.0
0.0
0.0
0.0
0.0
85.0
332.0
577.0
796.0
976.0
1104.0
1171.0
1173.0
1109.0
984.0
807.0
589.0
345.0
96.0
0.0
0.0
0.0
0.0
0.0
0.0
0.0
0.0
0.0
0.0
82.0
329.0
573.0
793.0
973.0
1101.0
1168.0
1169.0
1105.0
980.0
802.0
584.0
340.0
91.0
0.0
0.0
0.0
0.0
0.0
0.0
0.0
0.0
0.0
0.0
78.0
325.0
570.0
790.0
970.0
1098.0
1165.0
1166.0
1102.0
976.0
798.0
579.0
335.0
86.0
0.0
0.0
0.0
0.0
0.0
0.0
0.0
0.0
0.0
0.0
75.0
322.0
567.0
787.0
968.0
1095.0
1162.0
1163.0
1098.0
972.0
794.0
574.0
329.0
81.0
0.0
0.0
0.0
0.0
0.0
0.0
0.0
0.0
0.0
0.0
72.0
318.0
564.0
784.0
965.0
1092.0
1159.0
1160.0
1095.0
968.0
789.0
569.0
324.0
77.0
0.0
0.0
0.0
0.0
0.0
0.0
0.0
0.0
0.0
0.0
69.0
314.0
560.0
781.0
962.0
1090.0
1156.0
1156.0
1091.0
964.0
784.0
564.0
318.0
72.0
0.0
0.0
0.0
0.0
0.0
0.0
0.0
0.0
0.0
0.0
66.0
311.0
557.0
778.0
959.0
1087.0
1153.0
1153.0
1087.0
960.0
779.0
559.0
312.0
67.0
0.0
0.0
0.0
0.0
0.0
0.0
0.0
0.0
0.0
0.0
63.0
307.0
554.0
775.0
956.0
1083.0
1150.0
1149.0
1083.0
955.0
775.0
553.0
306.0
63.0
0.0
0.0
0.0
0.0
0.0
0.0
0.0
0.0
0.0
0.0
61.0
303.0
550.0
772.0
953.0
1080.0
1146.0
1146.0
1079.0
951.0
770.0
548.0
300.0
59.0
0.0
0.0
0.0
0.0
0.0
0.0
0.0
0.0
0.0
0.0
58.0
300.0
547.0
769.0
950.0
1077.0
1143.0
1142.0
1075.0
946.0
765.0
542.0
294.0
54.0
0.0
0.0
0.0
0.0
0.0
0.0
0.0
0.0
0.0
0.0
55.0
296.0
544.0
765.0
946.0
1074.0
1139.0
1138.0
1071.0
942.0
759.0
536.0
288.0
50.0
0.0
0.0
0.0
0.0
0.0
0.0
0.0
0.0
0.0
0.0
52.0
292.0
540.0
762.0
943.0
1071.0
1136.0
1135.0
1067.0
937.0
754.0
531.0
282.0
46.0
0.0
0.0
0.0
0.0
0.0
0.0
0.0
0.0
0.0
0.0
50.0
288.0
537.0
759.0
940.0
1067.0
1132.0
1131.0
1062.0
932.0
749.0
525.0
276.0
42.0
0.0
0.0
0.0
0.0
0.0
0.0
0.0
0.0
0.0
0.0
47.0
284.0
533.0
756.0
937.0
1064.0
1129.0
1127.0
1058.0
927.0
743.0
519.0
269.0
38.0
0.0
0.0
0.0
0.0
0.0
0.0
0.0
0.0
0.0
0.0
45.0
281.0
530.0
752.0
933.0
1060.0
1125.0
1123.0
1053.0
922.0
738.0
513.0
263.0
35.0
0.0
0.0
0.0
0.0
0.0
0.0
0.0
0.0
0.0
0.0
42.0
277.0
526.0
749.0
930.0
1057.0
1121.0
1118.0
1049.0
917.0
732.0
507.0
256.0
31.0
0.0
0.0
0.0
0.0
0.0
0.0
0.0
0.0
0.0
0.0
40.0
273.0
522.0
745.0
926.0
1053.0
1117.0
1114.0
1044.0
912.0
726.0
500.0
249.0
28.0
0.0
0.0
0.0
0.0
0.0
0.0
0.0
0.0
0.0
0.0
38.0
269.0
519.0
742.0
923.0
1050.0
1113.0
1110.0
1039.0
907.0
721.0
494.0
243.0
25.0
0.0
0.0
0.0
0.0
0.0
0.0
0.0
0.0
0.0
0.0
36.0
265.0
515.0
738.0
919.0
1046.0
1109.0
1106.0
1034.0
901.0
715.0
488.0
236.0
22.0
0.0
0.0
0.0
0.0
0.0
0.0
0.0
0.0
0.0
0.0
33.0
261.0
512.0
735.0
916.0
1042.0
1105.0
1101.0
1030.0
896.0
709.0
481.0
229.0
19.0
0.0
0.0
0.0
0.0
0.0
0.0
0.0
0.0
0.0
0.0
31.0
257.0
508.0
731.0
912.0
1038.0
1101.0
1097.0
1025.0
890.0
703.0
475.0
222.0
16.0
0.0
0.0
0.0
0.0
0.0
0.0
0.0
0.0
0.0
0.0
29.0
253.0
504.0
727.0
908.0
1034.0
1097.0
1092.0
1019.0
885.0
697.0
468.0
215.0
14.0
0.0
0.0
0.0
0.0
0.0
0.0
0.0
0.0
0.0
0.0
27.0
249.0
500.0
724.0
905.0
1030.0
1093.0
1087.0
1014.0
879.0
690.0
461.0
208.0
11.0
0.0
0.0
0.0
0.0
0.0
0.0
0.0
0.0
0.0
0.0
25.0
245.0
497.0
720.0
901.0
1026.0
1088.0
1082.0
1009.0
873.0
684.0
455.0
201.0
9.0
0.0
0.0
0.0
0.0
0.0
0.0
0.0
0.0
0.0
0.0
24.0
241.0
493.0
716.0
897.0
1022.0
1084.0
1078.0
1004.0
867.0
678.0
448.0
193.0
7.0
0.0
0.0
0.0
0.0
0.0
0.0
0.0
0.0
0.0
0.0
22.0
237.0
489.0
712.0
893.0
1018.0
1079.0
1073.0
998.0
861.0
671.0
441.0
186.0
6.0
0.0
0.0
0.0
0.0
0.0
0.0
0.0
0.0
0.0
0.0
20.0
233.0
485.0
709.0
889.0
1014.0
1075.0
1068.0
993.0
855.0
665.0
434.0
179.0
4.0
0.0
0.0
0.0
0.0
0.0
0.0
0.0
0.0
0.0
0.0
18.0
229.0
481.0
705.0
885.0
1010.0
1070.0
1063.0
987.0
849.0
658.0
427.0
171.0
3.0
0.0
0.0
0.0
0.0
0.0
0.0
0.0
0.0
0.0
0.0
17.0
225.0
477.0
701.0
881.0
1005.0
1066.0
1058.0
982.0
843.0
652.0
420.0
164.0
2.0
0.0
0.0
0.0
0.0
0.0
0.0
0.0
0.0
0.0
0.0
15.0
221.0
473.0
697.0
877.0
1001.0
1061.0
1052.0
976.0
837.0
645.0
413.0
157.0
1.0
0.0
0.0
0.0
0.0
0.0
0.0
0.0
0.0
0.0
0.0
14.0
217.0
469.0
693.0
873.0
996.0
1056.0
1047.0
970.0
831.0
638.0
406.0
149.0
1.0
0.0
0.0
0.0
0.0
0.0
0.0
0.0
0.0
0.0
0.0
13.0
213.0
465.0
688.0
868.0
992.0
1051.0
1042.0
964.0
825.0
632.0
399.0
142.0
0.0
0.0
0.0
0.0
0.0
0.0
0.0
0.0
0.0
0.0
0.0
11.0
208.0
461.0
684.0
864.0
987.0
1046.0
1036.0
959.0
818.0
625.0
391.0
134.0
0.0
0.0
0.0
0.0
0.0
0.0
0.0
0.0
0.0
0.0
0.0
10.0
204.0
457.0
680.0
860.0
983.0
1041.0
1031.0
953.0
812.0
618.0
384.0
126.0
0.0
0.0
0.0
0.0
0.0
0.0
0.0
0.0
0.0
0.0
0.0
9.0
200.0
452.0
676.0
855.0
978.0
1036.0
1025.0
947.0
805.0
611.0
377.0
118.0
0.0
0.0
0.0
0.0
0.0
0.0
0.0
0.0
0.0
0.0
0.0
8.0
196.0
448.0
672.0
851.0
973.0
1031.0
1020.0
941.0
799.0
604.0
369.0
111.0
0.0
0.0
0.0
0.0
0.0
0.0
0.0
0.0
0.0
0.0
0.0
7.0
191.0
444.0
667.0
846.0
968.0
1026.0
1014.0
934.0
792.0
597.0
362.0
104.0
0.0
0.0
0.0
0.0
0.0
0.0
0.0
0.0
0.0
0.0
0.0
6.0
187.0
440.0
663.0
842.0
963.0
1020.0
1008.0
928.0
786.0
590.0
355.0
98.0
0.0
0.0
0.0
0.0
0.0
0.0
0.0
0.0
0.0
0.0
0.0
5.0
183.0
435.0
658.0
837.0
959.0
1015.0
1003.0
922.0
779.0
583.0
347.0
91.0
0.0
0.0
0.0
0.0
0.0
0.0
0.0
0.0
0.0
0.0
0.0
4.0
178.0
431.0
654.0
832.0
953.0
1010.0
997.0
916.0
772.0
576.0
340.0
85.0
0.0
0.0
0.0
0.0
0.0
0.0
0.0
0.0
0.0
0.0
0.0
3.0
174.0
426.0
649.0
827.0
948.0
1004.0
991.0
909.0
765.0
569.0
332.0
79.0
0.0
0.0
0.0
0.0
0.0
0.0
0.0
0.0
0.0
0.0
0.0
3.0
169.0
422.0
645.0
823.0
943.0
999.0
985.0
903.0
759.0
561.0
325.0
73.0
0.0
0.0
0.0
0.0
0.0
0.0
0.0
0.0
0.0
0.0
0.0
2.0
165.0
417.0
640.0
818.0
938.0
993.0
979.0
897.0
752.0
554.0
317.0
68.0
0.0
0.0
0.0
0.0
0.0
0.0
0.0
0.0
0.0
0.0
0.0
1.0
160.0
413.0
635.0
813.0
933.0
987.0
973.0
890.0
745.0
547.0
310.0
62.0
0.0
0.0
0.0
0.0
0.0
0.0
0.0
0.0
0.0
0.0
0.0
1.0
156.0
408.0
631.0
808.0
928.0
982.0
967.0
884.0
738.0
540.0
302.0
57.0
0.0
0.0
0.0
0.0
0.0
0.0
0.0
0.0
0.0
0.0
0.0
1.0
151.0
404.0
626.0
803.0
922.0
976.0
961.0
877.0
731.0
533.0
295.0
52.0
0.0
0.0
0.0
0.0
0.0
0.0
0.0
0.0
0.0
0.0
0.0
0.0
146.0
399.0
621.0
798.0
917.0
970.0
955.0
871.0
724.0
525.0
287.0
48.0
0.0
0.0
0.0
0.0
0.0
0.0
0.0
0.0
0.0
0.0
0.0
0.0
142.0
394.0
616.0
792.0
911.0
964.0
948.0
864.0
717.0
518.0
280.0
43.0
0.0
0.0
0.0
0.0
0.0
0.0
0.0
0.0
0.0
0.0
0.0
0.0
137.0
389.0
611.0
787.0
906.0
959.0
942.0
857.0
710.0
511.0
273.0
39.0
0.0
0.0
0.0
0.0
0.0
0.0
0.0
0.0
0.0
0.0
0.0
0.0
132.0
385.0
606.0
782.0
900.0
953.0
936.0
851.0
703.0
504.0
265.0
35.0
0.0
0.0
0.0
0.0
0.0
0.0
0.0
0.0
0.0
0.0
0.0
0.0
126.0
380.0
601.0
777.0
895.0
947.0
929.0
844.0
696.0
496.0
258.0
31.0
0.0
0.0
0.0
0.0
0.0
0.0
0.0
0.0
0.0
0.0
0.0
0.0
121.0
375.0
596.0
771.0
889.0
941.0
923.0
837.0
689.0
489.0
250.0
28.0
0.0
0.0
0.0
0.0
0.0
0.0
0.0
0.0
0.0
0.0
0.0
0.0
117.0
370.0
591.0
766.0
883.0
935.0
917.0
831.0
682.0
482.0
243.0
25.0
0.0
0.0
0.0
0.0
0.0
0.0
0.0
0.0
0.0
0.0
0.0
0.0
112.0
365.0
586.0
761.0
878.0
929.0
910.0
824.0
675.0
475.0
236.0
21.0
0.0
0.0
0.0
0.0
0.0
0.0
0.0
0.0
0.0
0.0
0.0
0.0
108.0
360.0
581.0
755.0
872.0
923.0
904.0
817.0
668.0
468.0
228.0
19.0
0.0
0.0
0.0
0.0
0.0
0.0
0.0
0.0
0.0
0.0
0.0
0.0
103.0
355.0
575.0
750.0
866.0
916.0
897.0
811.0
662.0
460.0
221.0
16.0
0.0
0.0
0.0
0.0
0.0
0.0
0.0
0.0
0.0
0.0
0.0
0.0
99.0
350.0
570.0
744.0
860.0
910.0
891.0
804.0
655.0
453.0
214.0
14.0
0.0
0.0
0.0
0.0
0.0
0.0
0.0
0.0
0.0
0.0
0.0
0.0
95.0
345.0
565.0
738.0
854.0
904.0
885.0
797.0
648.0
446.0
207.0
11.0
0.0
0.0
0.0
0.0
0.0
0.0
0.0
0.0
0.0
0.0
0.0
0.0
90.0
339.0
559.0
733.0
848.0
898.0
878.0
790.0
641.0
439.0
200.0
9.0
0.0
0.0
0.0
0.0
0.0
0.0
0.0
0.0
0.0
0.0
0.0
0.0
86.0
334.0
554.0
727.0
842.0
892.0
872.0
784.0
634.0
432.0
193.0
8.0
0.0
0.0
0.0
0.0
0.0
0.0
0.0
0.0
0.0
0.0
0.0
0.0
82.0
329.0
548.0
721.0
836.0
885.0
865.0
777.0
627.0
425.0
186.0
6.0
0.0
0.0
0.0
0.0
0.0
0.0
0.0
0.0
0.0
0.0
0.0
0.0
78.0
324.0
543.0
716.0
830.0
879.0
859.0
770.0
620.0
418.0
179.0
5.0
0.0
0.0
0.0
0.0
0.0
0.0
0.0
0.0
0.0
0.0
0.0
0.0
74.0
318.0
537.0
710.0
824.0
873.0
852.0
764.0
613.0
411.0
172.0
3.0
0.0
0.0
0.0
0.0
0.0
0.0
0.0
0.0
0.0
0.0
0.0
0.0
70.0
313.0
532.0
704.0
818.0
866.0
846.0
757.0
607.0
405.0
165.0
2.0
0.0
0.0
0.0
0.0
0.0
0.0
0.0
0.0
0.0
0.0
0.0
0.0
67.0
308.0
526.0
698.0
812.0
860.0
839.0
750.0
600.0
398.0
158.0
2.0
0.0
0.0
0.0
0.0
0.0
0.0
0.0
0.0
0.0
0.0
0.0
0.0
63.0
302.0
521.0
692.0
806.0
854.0
833.0
744.0
593.0
391.0
152.0
1.0
0.0
0.0
0.0
0.0
0.0
0.0
0.0
0.0
0.0
0.0
0.0
0.0
59.0
297.0
515.0
687.0
800.0
848.0
826.0
737.0
586.0
385.0
145.0
1.0
0.0
0.0
0.0
0.0
0.0
0.0
0.0
0.0
0.0
0.0
0.0
0.0
56.0
292.0
509.0
681.0
794.0
841.0
820.0
731.0
580.0
378.0
139.0
0.0
0.0
0.0
0.0
0.0
0.0
0.0
0.0
0.0
0.0
0.0
0.0
0.0
52.0
286.0
504.0
675.0
788.0
835.0
813.0
724.0
573.0
372.0
132.0
0.0
0.0
0.0
0.0
0.0
0.0
0.0
0.0
0.0
0.0
0.0
0.0
0.0
49.0
281.0
498.0
669.0
782.0
829.0
807.0
718.0
567.0
365.0
123.0
0.0
0.0
0.0
0.0
0.0
0.0
0.0
0.0
0.0
0.0
0.0
0.0
0.0
46.0
275.0
492.0
663.0
775.0
822.0
800.0
711.0
560.0
359.0
117.0
0.0
0.0
0.0
0.0
0.0
0.0
0.0
0.0
0.0
0.0
0.0
0.0
0.0
43.0
270.0
486.0
657.0
769.0
816.0
794.0
705.0
554.0
352.0
111.0
0.0
0.0
0.0
0.0
0.0
0.0
0.0
0.0
0.0
0.0
0.0
0.0
0.0
40.0
264.0
481.0
651.0
763.0
810.0
788.0
698.0
548.0
346.0
106.0
0.0
0.0
0.0
0.0
0.0
0.0
0.0
0.0
0.0
0.0
0.0
0.0
0.0
37.0
259.0
475.0
645.0
757.0
804.0
782.0
692.0
542.0
340.0
100.0
0.0
0.0
0.0
0.0
0.0
0.0
0.0
0.0
0.0
0.0
0.0
0.0
0.0
34.0
253.0
469.0
639.0
751.0
798.0
775.0
686.0
535.0
334.0
95.0
0.0
0.0
0.0
0.0
0.0
0.0
0.0
0.0
0.0
0.0
0.0
0.0
0.0
31.0
248.0
463.0
633.0
745.0
791.0
769.0
680.0
529.0
328.0
90.0
0.0
0.0
0.0
0.0
0.0
0.0
0.0
0.0
0.0
0.0
0.0
0.0
0.0
29.0
242.0
458.0
627.0
739.0
785.0
763.0
674.0
523.0
322.0
86.0
0.0
0.0
0.0
0.0
0.0
0.0
0.0
0.0
0.0
0.0
0.0
0.0
0.0
26.0
236.0
452.0
621.0
733.0
779.0
757.0
668.0
518.0
317.0
81.0
0.0
0.0
0.0
0.0
0.0
0.0
0.0
0.0
0.0
0.0
0.0
0.0
0.0
24.0
231.0
446.0
615.0
727.0
773.0
751.0
662.0
512.0
311.0
77.0
0.0
0.0
0.0
0.0
0.0
0.0
0.0
0.0
0.0
0.0
0.0
0.0
0.0
22.0
225.0
440.0
609.0
721.0
767.0
745.0
656.0
506.0
306.0
73.0
0.0
0.0
0.0
0.0
0.0
0.0
0.0
0.0
0.0
0.0
0.0
0.0
0.0
19.0
220.0
435.0
604.0
715.0
761.0
739.0
650.0
500.0
300.0
69.0
0.0
0.0
0.0
0.0
0.0
0.0
0.0
0.0
0.0
0.0
0.0
0.0
0.0
17.0
214.0
429.0
598.0
709.0
755.0
733.0
644.0
495.0
295.0
65.0
0.0
0.0
0.0
0.0
0.0
0.0
0.0
0.0
0.0
0.0
0.0
0.0
0.0
15.0
209.0
423.0
592.0
703.0
749.0
727.0
639.0
489.0
290.0
62.0
0.0
0.0
0.0
0.0
0.0
0.0
0.0
0.0
0.0
0.0
0.0
0.0
0.0
14.0
203.0
418.0
586.0
697.0
743.0
722.0
633.0
484.0
285.0
58.0
0.0
0.0
0.0
0.0
0.0
0.0
0.0
0.0
0.0
0.0
0.0
0.0
0.0
12.0
198.0
412.0
580.0
691.0
738.0
716.0
628.0
479.0
280.0
55.0
0.0
0.0
0.0
0.0
0.0
0.0
0.0
0.0
0.0
0.0
0.0
0.0
0.0
10.0
192.0
406.0
575.0
686.0
732.0
710.0
622.0
474.0
275.0
52.0
0.0
0.0
0.0
0.0
0.0
0.0
0.0
0.0
0.0
0.0
0.0
0.0
0.0
9.0
187.0
401.0
569.0
680.0
726.0
705.0
617.0
469.0
270.0
49.0
0.0
0.0
0.0
0.0
0.0
0.0
0.0
0.0
0.0
0.0
0.0
0.0
0.0
8.0
181.0
395.0
563.0
674.0
721.0
700.0
612.0
464.0
266.0
46.0
0.0
0.0
0.0
0.0
0.0
0.0
0.0
0.0
0.0
0.0
0.0
0.0
0.0
6.0
176.0
390.0
558.0
669.0
715.0
694.0
607.0
459.0
261.0
44.0
0.0
0.0
0.0
0.0
0.0
0.0
0.0
0.0
0.0
0.0
0.0
0.0
0.0
5.0
171.0
384.0
552.0
663.0
710.0
689.0
602.0
454.0
257.0
41.0
0.0
0.0
0.0
0.0
0.0
0.0
0.0
0.0
0.0
0.0
0.0
0.0
0.0
4.0
165.0
379.0
547.0
658.0
705.0
684.0
597.0
450.0
253.0
39.0
0.0
0.0
0.0
0.0
0.0
0.0
0.0
0.0
0.0
0.0
0.0
0.0
0.0
3.0
160.0
373.0
541.0
652.0
699.0
679.0
592.0
445.0
248.0
37.0
0.0
0.0
0.0
0.0
0.0
0.0
0.0
0.0
0.0
0.0
0.0
0.0
0.0
3.0
155.0
368.0
536.0
647.0
694.0
674.0
588.0
441.0
245.0
35.0
0.0
0.0
0.0
0.0
0.0
0.0
0.0
0.0
0.0
0.0
0.0
0.0
0.0
2.0
149.0
363.0
530.0
642.0
689.0
669.0
583.0
437.0
241.0
33.0
0.0
0.0
0.0
0.0
0.0
0.0
0.0
0.0
0.0
0.0
0.0
0.0
0.0
1.0
144.0
357.0
525.0
637.0
684.0
664.0
579.0
433.0
237.0
32.0
0.0
0.0
0.0
0.0
0.0
0.0
0.0
0.0
0.0
0.0
0.0
0.0
0.0
1.0
139.0
352.0
520.0
632.0
679.0
660.0
575.0
429.0
234.0
30.0
0.0
0.0
0.0
0.0
0.0
0.0
0.0
0.0
0.0
0.0
0.0
0.0
0.0
0.0
134.0
347.0
515.0
627.0
675.0
655.0
570.0
425.0
230.0
28.0
0.0
0.0
0.0
0.0
0.0
0.0
0.0
0.0
0.0
0.0
0.0
0.0
0.0
0.0
129.0
342.0
510.0
622.0
670.0
651.0
566.0
422.0
227.0
27.0
0.0
0.0
0.0
0.0
0.0
0.0
0.0
0.0
0.0
0.0
0.0
0.0
0.0
0.0
124.0
337.0
505.0
617.0
665.0
647.0
562.0
418.0
224.0
26.0
0.0
0.0
0.0
0.0
0.0
0.0
0.0
0.0
0.0
0.0
0.0
0.0
0.0
0.0
119.0
332.0
500.0
612.0
661.0
643.0
559.0
415.0
221.0
24.0
0.0
0.0
0.0
0.0
0.0
0.0
0.0
0.0
0.0
0.0
0.0
0.0
0.0
0.0
111.0
327.0
495.0
608.0
657.0
639.0
555.0
412.0
218.0
23.0
0.0
0.0
0.0
0.0
0.0
0.0
0.0
0.0
0.0
0.0
0.0
0.0
0.0
0.0
106.0
322.0
491.0
603.0
652.0
635.0
552.0
409.0
215.0
22.0
0.0
0.0
0.0
0.0
0.0
0.0
0.0
0.0
0.0
0.0
0.0
0.0
0.0
0.0
102.0
318.0
486.0
599.0
648.0
631.0
548.0
406.0
213.0
21.0
0.0
0.0
0.0
0.0
0.0
0.0
0.0
0.0
0.0
0.0
0.0
0.0
0.0
0.0
97.0
313.0
482.0
595.0
644.0
627.0
545.0
403.0
211.0
20.0
0.0
0.0
0.0
0.0
0.0
0.0
0.0
0.0
0.0
0.0
0.0
0.0
0.0
0.0
93.0
308.0
477.0
590.0
640.0
624.0
542.0
400.0
208.0
20.0
0.0
0.0
0.0
0.0
0.0
0.0
0.0
0.0
0.0
0.0
0.0
0.0
0.0
0.0
89.0
304.0
473.0
586.0
637.0
621.0
539.0
398.0
206.0
19.0
0.0
0.0
0.0
0.0
0.0
0.0
0.0
0.0
0.0
0.0
0.0
0.0
0.0
0.0
85.0
300.0
469.0
582.0
633.0
617.0
536.0
396.0
204.0
18.0
0.0
0.0
0.0
0.0
0.0
0.0
0.0
0.0
0.0
0.0
0.0
0.0
0.0
0.0
82.0
295.0
465.0
579.0
630.0
614.0
534.0
393.0
203.0
18.0
0.0
0.0
0.0
0.0
0.0
0.0
0.0
0.0
0.0
0.0
0.0
0.0
0.0
0.0
78.0
291.0
461.0
575.0
626.0
611.0
531.0
391.0
201.0
17.0
0.0
0.0
0.0
0.0
0.0
0.0
0.0
0.0
0.0
0.0
0.0
0.0
0.0
0.0
75.0
287.0
457.0
571.0
623.0
609.0
529.0
389.0
200.0
17.0
0.0
0.0
0.0
0.0
0.0
0.0
0.0
0.0
0.0
0.0
0.0
0.0
0.0
0.0
72.0
283.0
453.0
568.0
620.0
606.0
527.0
388.0
198.0
16.0
0.0
0.0
0.0
0.0
0.0
0.0
0.0
0.0
0.0
0.0
0.0
0.0
0.0
0.0
69.0
279.0
449.0
565.0
617.0
604.0
525.0
386.0
197.0
16.0
0.0
0.0
0.0
0.0
0.0
0.0
0.0
0.0
0.0
0.0
0.0
0.0
0.0
0.0
66.0
276.0
446.0
561.0
614.0
601.0
523.0
385.0
196.0
16.0
0.0
0.0
0.0
0.0
0.0
0.0
0.0
0.0
0.0
0.0
0.0
0.0
0.0
0.0
63.0
272.0
442.0
558.0
612.0
599.0
521.0
384.0
195.0
16.0
0.0
0.0
0.0
0.0
0.0
0.0
0.0
0.0
0.0
0.0
0.0
0.0
0.0
0.0
60.0
269.0
439.0
555.0
609.0
597.0
520.0
383.0
195.0
15.0
0.0
0.0
0.0
0.0
0.0
0.0
0.0
0.0
0.0
0.0
0.0
0.0
0.0
0.0
58.0
265.0
436.0
553.0
607.0
595.0
518.0
382.0
194.0
15.0
0.0
0.0
0.0
0.0
0.0
0.0
0.0
0.0
0.0
0.0
0.0
0.0
0.0
0.0
55.0
262.0
433.0
550.0
605.0
594.0
517.0
381.0
194.0
15.0
0.0
0.0
0.0
0.0
0.0
0.0
0.0
0.0
0.0
0.0
0.0
0.0
0.0
0.0
53.0
259.0
430.0
548.0
603.0
592.0
516.0
380.0
194.0
15.0
0.0
0.0
0.0
0.0
0.0
0.0
0.0
0.0
0.0
0.0
0.0
0.0
0.0
0.0
51.0
256.0
428.0
545.0
601.0
591.0
515.0
380.0
194.0
15.0
0.0
0.0
0.0
0.0
0.0
0.0
0.0
0.0
0.0
0.0
0.0
0.0
0.0
0.0
49.0
253.0
425.0
543.0
599.0
589.0
515.0
380.0
194.0
15.0
0.0
0.0
0.0
0.0
0.0
0.0
0.0
0.0
0.0
0.0
0.0
0.0
0.0
0.0
47.0
250.0
423.0
541.0
598.0
588.0
514.0
379.0
194.0
16.0
0.0
0.0
0.0
0.0
0.0
0.0
0.0
0.0
0.0
0.0
0.0
0.0
0.0
0.0
45.0
248.0
420.0
539.0
596.0
587.0
514.0
380.0
195.0
16.0
0.0
0.0
0.0
0.0
0.0
0.0
0.0
0.0
0.0
0.0
0.0
0.0
0.0
0.0
44.0
245.0
418.0
537.0
595.0
587.0
513.0
380.0
195.0
16.0
0.0
0.0
0.0
0.0
0.0
0.0
0.0
0.0
0.0
0.0
0.0
0.0
0.0
0.0
42.0
243.0
416.0
536.0
594.0
586.0
513.0
380.0
196.0
17.0
0.0
0.0
0.0
0.0
0.0
0.0
0.0
0.0
0.0
0.0
0.0
0.0
0.0
0.0
41.0
241.0
414.0
534.0
593.0
586.0
513.0
381.0
197.0
17.0
0.0
0.0
0.0
0.0
0.0
0.0
0.0
0.0
0.0
0.0
0.0
0.0
0.0
0.0
40.0
239.0
413.0
533.0
592.0
585.0
514.0
381.0
198.0
17.0
0.0
0.0
0.0
0.0
0.0
0.0
0.0
0.0
0.0
0.0
0.0
0.0
0.0
0.0
38.0
237.0
411.0
532.0
591.0
585.0
514.0
382.0
199.0
18.0
0.0
0.0
0.0
0.0
0.0
0.0
0.0
0.0
0.0
0.0
0.0
0.0
0.0
0.0
37.0
235.0
410.0
531.0
591.0
585.0
514.0
383.0
200.0
19.0
0.0
0.0
0.0
0.0
0.0
0.0
0.0
0.0
0.0
0.0
0.0
0.0
0.0
0.0
36.0
233.0
408.0
530.0
591.0
586.0
515.0
384.0
202.0
19.0
0.0
0.0
0.0
0.0
0.0
0.0
0.0
0.0
0.0
0.0
0.0
0.0
0.0
0.0
35.0
232.0
407.0
530.0
591.0
586.0
516.0
386.0
204.0
20.0
0.0
0.0
0.0
0.0
0.0
0.0
0.0
0.0
0.0
0.0
0.0
0.0
0.0
0.0
34.0
230.0
406.0
529.0
591.0
587.0
517.0
387.0
205.0
21.0
0.0
0.0
0.0
0.0
0.0
0.0
0.0
0.0
0.0
0.0
0.0
0.0
0.0
0.0
33.0
229.0
406.0
529.0
591.0
587.0
518.0
389.0
207.0
22.0
0.0
0.0
0.0
0.0
0.0
0.0
0.0
0.0
0.0
0.0
0.0
0.0
0.0
0.0
33.0
228.0
405.0
529.0
591.0
588.0
520.0
391.0
209.0
23.0
0.0
0.0
0.0
0.0
0.0
0.0
0.0
0.0
0.0
0.0
0.0
0.0
0.0
0.0
32.0
227.0
404.0
529.0
592.0
589.0
521.0
392.0
212.0
24.0
0.0
0.0
0.0
0.0
0.0
0.0
0.0
0.0
0.0
0.0
0.0
0.0
0.0
0.0
32.0
226.0
404.0
529.0
593.0
590.0
523.0
395.0
214.0
25.0
0.0
0.0
0.0
0.0
0.0
0.0
0.0
0.0
0.0
0.0
0.0
0.0
0.0
0.0
31.0
226.0
404.0
529.0
593.0
592.0
525.0
397.0
216.0
26.0
0.0
0.0
0.0
0.0
0.0
0.0
0.0
0.0
0.0
0.0
0.0
0.0
0.0
0.0
31.0
225.0
404.0
530.0
594.0
593.0
527.0
399.0
219.0
27.0
0.0
0.0
0.0
0.0
0.0
0.0
0.0
0.0
0.0
0.0
0.0
0.0
0.0
0.0
31.0
225.0
404.0
530.0
596.0
595.0
529.0
402.0
222.0
29.0
0.0
0.0
0.0
0.0
0.0
0.0
0.0
