0.0
0.0
0.0
0.0
0.0
0.0
0.0
0.0
52.0
172.0
249.0
315.0
346.0
313.0
275.0
140.0
10.0
0.0
0.0
0.0
0.0
0.0
0.0
0.0
0.0
0.0
0.0
0.0
0.0
0.0
0.0
0.0
54.0
162.0
248.0
313.0
323.0
295.0
202.0
107.0
3.0
0.0
0.0
0.0
0.0
0.0
0.0
0.0
0.0
0.0
0.0
0.0
0.0
0.0
0.0
0.0
57.0
202.0
296.0
338.0
311.0
284.0
228.0
130.0
14.0
0.0
0.0
0.0
0.0
0.0
0.0
0.0
0.0
0.0
0.0
0.0
0.0
0.0
0.0
0.0
57.0
171.0
264.0
327.0
329.0
298.0
254.0
137.0
13.0
0.0
0.0
0.0
0.0
0.0
0.0
0.0
0.0
0.0
0.0
0.0
0.0
0.0
0.0
0.0
31.0
86.0
142.0
170.0
197.0
167.0
118.0
66.0
4.0
0.0
0.0
0.0
0.0
0.0
0.0
0.0
0.0
0.0
0.0
0.0
0.0
0.0
0.0
0.0
64.0
125.0
191.0
329.0
259.0
93.0
130.0
92.0
9.0
0.0
0.0
0.0
0.0
0.0
0.0
0.0
0.0
0.0
0.0
0.0
0.0
0.0
0.0
0.0
64.0
194.0
295.0
353.0
364.0
345.0
252.0
149.0
14.0
0.0
0.0
0.0
0.0
0.0
0.0
0.0
0.0
0.0
0.0
0.0
0.0
0.0
0.0
0.0
71.0
208.0
322.0
392.0
414.0
381.0
304.0
181.0
18.0
0.0
0.0
0.0
0.0
0.0
0.0
0.0
0.0
0.0
0.0
0.0
0.0
0.0
0.0
0.0
7.0
49.0
86.0
129.0
121.0
386.0
287.0
147.0
4.0
0.0
0.0
0.0
0.0
0.0
0.0
0.0
0.0
0.0
0.0
0.0
0.0
0.0
0.0
0.0
82.0
237.0
366.0
445.0
467.0
429.0
337.0
201.0
20.0
0.0
0.0
0.0
0.0
0.0
0.0
0.0
0.0
0.0
0.0
0.0
0.0
0.0
0.0
0.0
60.0
158.0
246.0
295.0
303.0
302.0
228.0
114.0
5.0
0.0
0.0
0.0
0.0
0.0
0.0
0.0
0.0
0.0
0.0
0.0
0.0
0.0
0.0
0.0
57.0
168.0
276.0
305.0
366.0
357.0
289.0
179.0
22.0
0.0
0.0
0.0
0.0
0.0
0.0
0.0
0.0
0.0
0.0
0.0
0.0
0.0
0.0
0.0
74.0
212.0
327.0
396.0
418.0
390.0
310.0
191.0
25.0
0.0
0.0
0.0
0.0
0.0
0.0
0.0
0.0
0.0
0.0
0.0
0.0
0.0
0.0
0.0
65.0
180.0
291.0
353.0
379.0
362.0
309.0
192.0
28.0
0.0
0.0
0.0
0.0
0.0
0.0
0.0
0.0
0.0
0.0
0.0
0.0
0.0
0.0
0.0
69.0
157.0
278.0
370.0
414.0
315.0
242.0
145.0
7.0
0.0
0.0
0.0
0.0
0.0
0.0
0.0
0.0
0.0
0.0
0.0
0.0
0.0
0.0
0.0
93.0
257.0
393.0
479.0
504.0
469.0
376.0
235.0
34.0
0.0
0.0
0.0
0.0
0.0
0.0
0.0
0.0
0.0
0.0
0.0
0.0
0.0
0.0
0.0
74.0
203.0
304.0
369.0
388.0
370.0
298.0
198.0
34.0
0.0
0.0
0.0
0.0
0.0
0.0
0.0
0.0
0.0
0.0
0.0
0.0
0.0
0.0
0.0
86.0
232.0
356.0
433.0
457.0
427.0
344.0
217.0
72.0
0.0
0.0
0.0
0.0
0.0
0.0
0.0
0.0
0.0
0.0
0.0
0.0
0.0
0.0
0.0
89.0
242.0
370.0
450.0
477.0
446.0
360.0
230.0
78.0
0.0
0.0
0.0
0.0
0.0
0.0
0.0
0.0
0.0
0.0
0.0
0.0
0.0
0.0
0.0
88.0
235.0
360.0
439.0
462.0
433.0
351.0
224.0
78.0
0.0
0.0
0.0
0.0
0.0
0.0
0.0
0.0
0.0
0.0
0.0
0.0
0.0
0.0
0.0
79.0
194.0
302.0
311.0
307.0
305.0
280.0
148.0
35.0
0.0
0.0
0.0
0.0
0.0
0.0
0.0
0.0
0.0
0.0
0.0
0.0
0.0
0.0
0.0
88.0
231.0
351.0
427.0
449.0
417.0
338.0
221.0
81.0
0.0
0.0
0.0
0.0
0.0
0.0
0.0
0.0
0.0
0.0
0.0
0.0
0.0
0.0
0.0
90.0
231.0
348.0
419.0
443.0
415.0
341.0
225.0
85.0
0.0
0.0
0.0
0.0
0.0
0.0
0.0
0.0
0.0
0.0
0.0
0.0
0.0
0.0
1.0
61.0
61.0
35.0
42.0
167.0
361.0
340.0
125.0
10.0
0.0
0.0
0.0
0.0
0.0
0.0
0.0
0.0
0.0
0.0
0.0
0.0
0.0
0.0
0.0
11.0
122.0
235.0
210.0
204.0
213.0
113.0
60.0
9.0
0.0
0.0
0.0
0.0
0.0
0.0
0.0
0.0
0.0
0.0
0.0
0.0
0.0
0.0
1.0
39.0
22.0
33.0
40.0
67.0
470.0
404.0
251.0
119.0
1.0
0.0
0.0
0.0
0.0
0.0
0.0
0.0
0.0
0.0
0.0
0.0
0.0
0.0
0.0
99.0
247.0
369.0
450.0
479.0
453.0
369.0
245.0
98.0
0.0
0.0
0.0
0.0
0.0
0.0
0.0
0.0
0.0
0.0
0.0
0.0
0.0
0.0
0.0
98.0
241.0
358.0
435.0
460.0
433.0
357.0
240.0
98.0
0.0
0.0
0.0
0.0
0.0
0.0
0.0
0.0
0.0
0.0
0.0
0.0
0.0
0.0
1.0
90.0
218.0
324.0
395.0
421.0
396.0
326.0
219.0
91.0
0.0
0.0
0.0
0.0
0.0
0.0
0.0
0.0
0.0
0.0
0.0
0.0
0.0
0.0
1.0
85.0
197.0
284.0
349.0
373.0
345.0
282.0
195.0
83.0
1.0
0.0
0.0
0.0
0.0
0.0
0.0
0.0
0.0
0.0
0.0
0.0
0.0
0.0
3.0
67.0
140.0
314.0
350.0
306.0
364.0
40.0
141.0
32.0
1.0
0.0
0.0
0.0
0.0
0.0
0.0
0.0
0.0
0.0
0.0
0.0
0.0
0.0
1.0
78.0
181.0
261.0
302.0
315.0
309.0
249.0
164.0
72.0
1.0
0.0
0.0
0.0
0.0
0.0
0.0
0.0
0.0
0.0
0.0
0.0
0.0
0.0
1.0
79.0
178.0
273.0
331.0
338.0
329.0
277.0
201.0
93.0
1.0
0.0
0.0
0.0
0.0
0.0
0.0
0.0
0.0
0.0
0.0
0.0
0.0
0.0
2.0
123.0
283.0
417.0
504.0
534.0
508.0
426.0
294.0
133.0
2.0
0.0
0.0
0.0
0.0
0.0
0.0
0.0
0.0
0.0
0.0
0.0
0.0
0.0
2.0
127.0
288.0
420.0
504.0
533.0
507.0
425.0
291.0
133.0
2.0
0.0
0.0
0.0
0.0
0.0
0.0
0.0
0.0
0.0
0.0
0.0
0.0
0.0
2.0
108.0
238.0
350.0
423.0
455.0
426.0
364.0
261.0
120.0
2.0
0.0
0.0
0.0
0.0
0.0
0.0
0.0
0.0
0.0
0.0
0.0
0.0
0.0
2.0
98.0
213.0
313.0
358.0
374.0
362.0
294.0
199.0
90.0
1.0
0.0
0.0
0.0
0.0
0.0
0.0
0.0
0.0
0.0
0.0
0.0
0.0
0.0
2.0
102.0
222.0
317.0
372.0
388.0
365.0
312.0
219.0
101.0
1.0
0.0
0.0
0.0
0.0
0.0
0.0
0.0
0.0
0.0
0.0
0.0
0.0
0.0
3.0
126.0
269.0
387.0
455.0
477.0
478.0
383.0
275.0
132.0
3.0
0.0
0.0
0.0
0.0
0.0
0.0
0.0
0.0
0.0
0.0
0.0
0.0
0.0
4.0
161.0
338.0
483.0
572.0
602.0
569.0
477.0
334.0
162.0
4.0
0.0
0.0
0.0
0.0
0.0
0.0
0.0
0.0
0.0
0.0
0.0
0.0
0.0
2.0
98.0
210.0
288.0
345.0
351.0
341.0
277.0
200.0
94.0
2.0
0.0
0.0
0.0
0.0
0.0
0.0
0.0
0.0
0.0
0.0
0.0
0.0
0.0
3.0
70.0
142.0
183.0
224.0
249.0
240.0
213.0
136.0
65.0
2.0
0.0
0.0
0.0
0.0
0.0
0.0
0.0
0.0
0.0
0.0
0.0
0.0
0.0
6.0
169.0
341.0
482.0
572.0
604.0
574.0
487.0
350.0
179.0
8.0
0.0
0.0
0.0
0.0
0.0
0.0
0.0
0.0
0.0
0.0
0.0
0.0
0.0
2.0
57.0
120.0
166.0
203.0
206.0
196.0
178.0
126.0
67.0
4.0
0.0
0.0
0.0
0.0
0.0
0.0
0.0
0.0
0.0
0.0
0.0
0.0
0.0
6.0
120.0
216.0
301.0
367.0
389.0
375.0
281.0
201.0
105.0
3.0
0.0
0.0
0.0
0.0
0.0
0.0
0.0
0.0
0.0
0.0
0.0
0.0
0.0
6.0
109.0
218.0
310.0
356.0
367.0
329.0
275.0
189.0
109.0
3.0
0.0
0.0
0.0
0.0
0.0
0.0
0.0
0.0
0.0
0.0
0.0
0.0
0.0
10.0
199.0
380.0
524.0
615.0
647.0
618.0
530.0
388.0
209.0
13.0
0.0
0.0
0.0
0.0
0.0
0.0
0.0
0.0
0.0
0.0
0.0
0.0
0.0
3.0
104.0
201.0
336.0
252.0
98.0
341.0
356.0
364.0
224.0
45.0
0.0
0.0
0.0
0.0
0.0
0.0
0.0
0.0
0.0
0.0
0.0
0.0
0.0
12.0
200.0
375.0
517.0
605.0
636.0
607.0
520.0
383.0
209.0
15.0
0.0
0.0
0.0
0.0
0.0
0.0
0.0
0.0
0.0
0.0
0.0
0.0
0.0
6.0
158.0
251.0
180.0
53.0
288.0
419.0
377.0
295.0
207.0
31.0
0.0
0.0
0.0
0.0
0.0
0.0
0.0
0.0
0.0
0.0
0.0
0.0
0.0
4.0
65.0
156.0
222.0
241.0
254.0
219.0
205.0
156.0
87.0
5.0
0.0
0.0
0.0
0.0
0.0
0.0
0.0
0.0
0.0
0.0
0.0
0.0
0.0
16.0
100.0
199.0
244.0
262.0
237.0
238.0
218.0
169.0
90.0
4.0
0.0
0.0
0.0
0.0
0.0
0.0
0.0
0.0
0.0
0.0
0.0
0.0
0.0
17.0
128.0
215.0
331.0
393.0
399.0
486.0
312.0
142.0
19.0
10.0
0.0
0.0
0.0
0.0
0.0
0.0
0.0
0.0
0.0
0.0
0.0
0.0
0.0
19.0
186.0
361.0
485.0
493.0
455.0
474.0
327.0
231.0
146.0
12.0
0.0
0.0
0.0
0.0
0.0
0.0
0.0
0.0
0.0
0.0
0.0
0.0
0.0
15.0
157.0
255.0
474.0
500.0
502.0
421.0
371.0
302.0
218.0
30.0
0.0
0.0
0.0
0.0
0.0
0.0
0.0
0.0
0.0
0.0
0.0
0.0
0.0
24.0
222.0
393.0
533.0
619.0
653.0
627.0
542.0
410.0
239.0
30.0
0.0
0.0
0.0
0.0
0.0
0.0
0.0
0.0
0.0
0.0
0.0
0.0
0.0
5.0
26.0
36.0
49.0
57.0
59.0
471.0
412.0
309.0
178.0
23.0
0.0
0.0
0.0
0.0
0.0
0.0
0.0
0.0
0.0
0.0
0.0
0.0
0.0
26.0
207.0
351.0
471.0
555.0
584.0
547.0
475.0
348.0
206.0
26.0
0.0
0.0
0.0
0.0
0.0
0.0
0.0
0.0
0.0
0.0
0.0
0.0
0.0
6.0
21.0
74.0
106.0
243.0
347.0
409.0
587.0
499.0
282.0
65.0
0.0
0.0
0.0
0.0
0.0
0.0
0.0
0.0
0.0
0.0
0.0
0.0
0.0
57.0
251.0
468.0
641.0
625.0
474.0
184.0
125.0
36.0
21.0
6.0
0.0
0.0
0.0
0.0
0.0
0.0
0.0
0.0
0.0
0.0
0.0
0.0
0.0
47.0
182.0
303.0
400.0
415.0
374.0
370.0
263.0
248.0
81.0
7.0
0.0
0.0
0.0
0.0
0.0
0.0
0.0
0.0
0.0
0.0
0.0
0.0
0.0
87.0
276.0
460.0
604.0
695.0
726.0
694.0
602.0
459.0
276.0
88.0
0.0
0.0
0.0
0.0
0.0
0.0
0.0
0.0
0.0
0.0
0.0
0.0
0.0
90.0
276.0
454.0
597.0
684.0
712.0
681.0
596.0
455.0
277.0
91.0
0.0
0.0
0.0
0.0
0.0
0.0
0.0
0.0
0.0
0.0
0.0
0.0
0.0
93.0
280.0
457.0
597.0
684.0
714.0
682.0
593.0
454.0
276.0
92.0
0.0
0.0
0.0
0.0
0.0
0.0
0.0
0.0
0.0
0.0
0.0
0.0
0.0
99.0
288.0
469.0
610.0
701.0
728.0
698.0
609.0
467.0
286.0
98.0
0.0
0.0
0.0
0.0
0.0
0.0
0.0
0.0
0.0
0.0
0.0
0.0
1.0
84.0
121.0
262.0
342.0
289.0
586.0
633.0
367.0
209.0
218.0
67.0
1.0
0.0
0.0
0.0
0.0
0.0
0.0
0.0
0.0
0.0
0.0
0.0
0.0
60.0
114.0
223.0
196.0
293.0
483.0
493.0
364.0
443.0
349.0
130.0
1.0
0.0
0.0
0.0
0.0
0.0
0.0
0.0
0.0
0.0
0.0
0.0
0.0
49.0
214.0
195.0
445.0
254.0
521.0
270.0
281.0
97.0
120.0
36.0
0.0
0.0
0.0
0.0
0.0
0.0
0.0
0.0
0.0
0.0
0.0
0.0
1.0
119.0
293.0
366.0
607.0
500.0
528.0
438.0
216.0
47.0
107.0
80.0
1.0
0.0
0.0
0.0
0.0
0.0
0.0
0.0
0.0
0.0
0.0
0.0
1.0
101.0
238.0
455.0
200.0
421.0
445.0
485.0
412.0
274.0
149.0
56.0
0.0
0.0
0.0
0.0
0.0
0.0
0.0
0.0
0.0
0.0
0.0
0.0
1.0
130.0
317.0
491.0
626.0
714.0
745.0
716.0
633.0
499.0
323.0
128.0
1.0
0.0
0.0
0.0
0.0
0.0
0.0
0.0
0.0
0.0
0.0
0.0
2.0
153.0
365.0
557.0
707.0
799.0
830.0
794.0
694.0
540.0
344.0
135.0
1.0
0.0
0.0
0.0
0.0
0.0
0.0
0.0
0.0
0.0
0.0
0.0
2.0
152.0
362.0
554.0
702.0
794.0
822.0
785.0
687.0
532.0
338.0
132.0
1.0
0.0
0.0
0.0
0.0
0.0
0.0
0.0
0.0
0.0
0.0
0.0
2.0
130.0
304.0
456.0
569.0
646.0
669.0
644.0
567.0
451.0
292.0
119.0
1.0
0.0
0.0
0.0
0.0
0.0
0.0
0.0
0.0
0.0
0.0
0.0
2.0
108.0
247.0
379.0
488.0
549.0
574.0
534.0
471.0
366.0
237.0
95.0
1.0
0.0
0.0
0.0
0.0
0.0
0.0
0.0
0.0
0.0
0.0
0.0
3.0
147.0
327.0
490.0
617.0
689.0
710.0
682.0
601.0
473.0
308.0
127.0
1.0
0.0
0.0
0.0
0.0
0.0
0.0
0.0
0.0
0.0
0.0
0.0
4.0
150.0
331.0
495.0
624.0
706.0
731.0
700.0
619.0
486.0
320.0
138.0
2.0
0.0
0.0
0.0
0.0
0.0
0.0
0.0
0.0
0.0
0.0
0.0
5.0
149.0
314.0
451.0
566.0
652.0
667.0
662.0
575.0
453.0
289.0
127.0
2.0
0.0
0.0
0.0
0.0
0.0
0.0
0.0
0.0
0.0
0.0
0.0
5.0
158.0
338.0
498.0
617.0
691.0
709.0
684.0
611.0
486.0
324.0
144.0
3.0
0.0
0.0
0.0
0.0
0.0
0.0
0.0
0.0
0.0
0.0
0.0
7.0
168.0
349.0
510.0
637.0
712.0
743.0
708.0
633.0
503.0
337.0
151.0
4.0
0.0
0.0
0.0
0.0
0.0
0.0
0.0
0.0
0.0
0.0
0.0
2.0
32.0
34.0
150.0
62.0
69.0
185.0
336.0
553.0
649.0
349.0
181.0
19.0
0.0
0.0
0.0
0.0
0.0
0.0
0.0
0.0
0.0
0.0
0.0
5.0
115.0
204.0
319.0
397.0
476.0
419.0
428.0
374.0
288.0
206.0
86.0
2.0
0.0
0.0
0.0
0.0
0.0
0.0
0.0
0.0
0.0
0.0
0.0
6.0
142.0
300.0
276.0
427.0
631.0
582.0
407.0
457.0
278.0
264.0
164.0
10.0
0.0
0.0
0.0
0.0
0.0
0.0
0.0
0.0
0.0
0.0
0.0
8.0
114.0
221.0
324.0
430.0
477.0
472.0
446.0
396.0
310.0
210.0
98.0
2.0
0.0
0.0
0.0
0.0
0.0
0.0
0.0
0.0
0.0
0.0
0.0
13.0
201.0
388.0
546.0
668.0
739.0
763.0
731.0
652.0
515.0
347.0
163.0
5.0
0.0
0.0
0.0
0.0
0.0
0.0
0.0
0.0
0.0
0.0
0.0
11.0
157.0
271.0
401.0
526.0
574.0
532.0
626.0
604.0
511.0
340.0
167.0
7.0
0.0
0.0
0.0
0.0
0.0
0.0
0.0
0.0
0.0
0.0
0.0
15.0
193.0
366.0
506.0
622.0
689.0
705.0
681.0
604.0
474.0
329.0
155.0
6.0
0.0
0.0
0.0
0.0
0.0
0.0
0.0
0.0
0.0
0.0
0.0
11.0
100.0
217.0
280.0
315.0
379.0
376.0
354.0
321.0
237.0
146.0
62.0
2.0
0.0
0.0
0.0
0.0
0.0
0.0
0.0
0.0
0.0
0.0
0.0
7.0
138.0
292.0
420.0
423.0
453.0
517.0
477.0
308.0
271.0
137.0
19.0
3.0
0.0
0.0
0.0
0.0
0.0
0.0
0.0
0.0
0.0
0.0
0.0
23.0
217.0
389.0
540.0
656.0
725.0
749.0
707.0
635.0
508.0
341.0
170.0
8.0
0.0
0.0
0.0
0.0
0.0
0.0
0.0
0.0
0.0
0.0
0.0
30.0
283.0
516.0
709.0
853.0
558.0
590.0
574.0
482.0
415.0
270.0
128.0
5.0
0.0
0.0
0.0
0.0
0.0
0.0
0.0
0.0
0.0
0.0
0.0
15.0
73.0
104.0
149.0
218.0
415.0
527.0
597.0
685.0
496.0
460.0
179.0
18.0
0.0
0.0
0.0
0.0
0.0
0.0
0.0
0.0
0.0
0.0
0.0
39.0
286.0
499.0
679.0
815.0
895.0
912.0
870.0
765.0
610.0
417.0
207.0
8.0
0.0
0.0
0.0
0.0
0.0
0.0
0.0
0.0
0.0
0.0
0.0
25.0
80.0
129.0
178.0
216.0
235.0
249.0
232.0
210.0
169.0
119.0
62.0
4.0
0.0
0.0
0.0
0.0
0.0
0.0
0.0
0.0
0.0
0.0
0.0
81.0
266.0
454.0
615.0
737.0
812.0
833.0
799.0
711.0
577.0
405.0
213.0
16.0
0.0
0.0
0.0
0.0
0.0
0.0
0.0
0.0
0.0
0.0
0.0
40.0
144.0
247.0
334.0
404.0
406.0
365.0
365.0
305.0
247.0
143.0
65.0
4.0
0.0
0.0
0.0
0.0
0.0
0.0
0.0
0.0
0.0
0.0
0.0
35.0
129.0
205.0
307.0
385.0
409.0
449.0
447.0
368.0
335.0
219.0
113.0
4.0
0.0
0.0
0.0
0.0
0.0
0.0
0.0
0.0
0.0
0.0
0.0
58.0
179.0
295.0
404.0
506.0
540.0
530.0
529.0
440.0
344.0
236.0
113.0
5.0
0.0
0.0
0.0
0.0
0.0
0.0
0.0
0.0
0.0
0.0
0.0
9.0
76.0
100.0
365.0
519.0
664.0
669.0
393.0
321.0
277.0
308.0
130.0
14.0
0.0
0.0
0.0
0.0
0.0
0.0
0.0
0.0
0.0
0.0
0.0
42.0
151.0
179.0
296.0
428.0
457.0
691.0
832.0
675.0
552.0
330.0
178.0
16.0
0.0
0.0
0.0
0.0
0.0
0.0
0.0
0.0
0.0
0.0
0.0
32.0
84.0
122.0
179.0
142.0
205.0
234.0
239.0
199.0
145.0
101.0
41.0
5.0
0.0
0.0
0.0
0.0
0.0
0.0
0.0
0.0
0.0
0.0
0.0
54.0
28.0
46.0
168.0
464.0
360.0
471.0
487.0
582.0
462.0
379.0
298.0
49.0
0.0
0.0
0.0
0.0
0.0
0.0
0.0
0.0
0.0
0.0
0.0
11.0
27.0
164.0
244.0
242.0
273.0
189.0
419.0
752.0
700.0
524.0
273.0
54.0
0.0
0.0
0.0
0.0
0.0
0.0
0.0
0.0
0.0
0.0
1.0
45.0
119.0
192.0
265.0
303.0
331.0
338.0
304.0
275.0
232.0
163.0
81.0
6.0
0.0
0.0
0.0
0.0
0.0
0.0
0.0
0.0
0.0
0.0
2.0
89.0
201.0
231.0
336.0
380.0
438.0
473.0
445.0
422.0
348.0
220.0
95.0
6.0
0.0
0.0
0.0
0.0
0.0
0.0
0.0
0.0
0.0
0.0
1.0
56.0
161.0
242.0
293.0
279.0
306.0
310.0
324.0
251.0
186.0
144.0
70.0
6.0
0.0
0.0
0.0
0.0
0.0
0.0
0.0
0.0
0.0
0.0
1.0
54.0
144.0
249.0
319.0
417.0
483.0
502.0
452.0
393.0
301.0
238.0
135.0
23.0
0.0
0.0
0.0
0.0
0.0
0.0
0.0
0.0
0.0
0.0
2.0
124.0
299.0
469.0
611.0
702.0
749.0
768.0
735.0
651.0
537.0
394.0
228.0
32.0
0.0
0.0
0.0
0.0
0.0
0.0
0.0
0.0
0.0
0.0
4.0
141.0
313.0
457.0
607.0
608.0
767.0
691.0
593.0
499.0
388.0
276.0
141.0
35.0
0.0
0.0
0.0
0.0
0.0
0.0
0.0
0.0
0.0
0.0
1.0
100.0
236.0
395.0
476.0
593.0
651.0
653.0
627.0
543.0
446.0
330.0
183.0
49.0
0.0
0.0
0.0
0.0
0.0
0.0
0.0
0.0
0.0
0.0
1.0
18.0
39.0
59.0
80.0
89.0
94.0
100.0
104.0
89.0
76.0
55.0
30.0
9.0
0.0
0.0
0.0
0.0
0.0
0.0
0.0
0.0
0.0
0.0
5.0
162.0
361.0
552.0
711.0
833.0
904.0
915.0
870.0
776.0
635.0
458.0
261.0
80.0
0.0
0.0
0.0
0.0
0.0
0.0
0.0
0.0
0.0
0.0
3.0
40.0
140.0
150.0
201.0
327.0
415.0
496.0
595.0
524.0
487.0
431.0
293.0
106.0
0.0
0.0
0.0
0.0
0.0
0.0
0.0
0.0
0.0
0.0
11.0
90.0
252.0
199.0
404.0
446.0
580.0
358.0
196.0
243.0
324.0
452.0
281.0
110.0
0.0
0.0
0.0
0.0
0.0
0.0
0.0
0.0
0.0
0.0
6.0
164.0
431.0
667.0
696.0
564.0
737.0
286.0
140.0
84.0
71.0
136.0
143.0
8.0
0.0
0.0
0.0
0.0
0.0
0.0
0.0
0.0
0.0
0.0
2.0
43.0
136.0
79.0
67.0
358.0
527.0
494.0
564.0
410.0
210.0
160.0
98.0
32.0
0.0
0.0
0.0
0.0
0.0
0.0
0.0
0.0
0.0
0.0
3.0
16.0
34.0
51.0
65.0
76.0
82.0
85.0
84.0
74.0
61.0
43.0
25.0
9.0
0.0
0.0
0.0
0.0
0.0
0.0
0.0
0.0
0.0
0.0
3.0
35.0
85.0
114.0
145.0
166.0
173.0
156.0
173.0
159.0
120.0
70.0
44.0
19.0
0.0
0.0
0.0
0.0
0.0
0.0
0.0
0.0
0.0
0.0
13.0
208.0
425.0
632.0
807.0
936.0
1010.0
1024.0
979.0
877.0
723.0
530.0
314.0
110.0
0.0
0.0
0.0
0.0
0.0
0.0
0.0
0.0
0.0
0.0
14.0
206.0
412.0
607.0
771.0
890.0
961.0
974.0
931.0
834.0
690.0
508.0
305.0
110.0
0.0
0.0
0.0
0.0
0.0
0.0
0.0
0.0
0.0
0.0
9.0
171.0
407.0
621.0
793.0
951.0
1074.0
1090.0
1034.0
718.0
532.0
464.0
274.0
114.0
1.0
0.0
0.0
0.0
0.0
0.0
0.0
0.0
0.0
0.0
17.0
215.0
424.0
623.0
793.0
920.0
998.0
1019.0
987.0
904.0
769.0
575.0
349.0
130.0
3.0
0.0
0.0
0.0
0.0
0.0
0.0
0.0
0.0
0.0
27.0
65.0
102.0
402.0
513.0
438.0
524.0
452.0
416.0
455.0
59.0
53.0
33.0
10.0
1.0
0.0
0.0
0.0
0.0
0.0
0.0
0.0
0.0
0.0
4.0
72.0
154.0
217.0
252.0
282.0
308.0
339.0
345.0
278.0
235.0
156.0
106.0
46.0
1.0
0.0
0.0
0.0
0.0
0.0
0.0
0.0
0.0
0.0
23.0
238.0
464.0
679.0
842.0
963.0
545.0
553.0
599.0
568.0
479.0
381.0
227.0
93.0
2.0
0.0
0.0
0.0
0.0
0.0
0.0
0.0
0.0
0.0
22.0
52.0
72.0
53.0
116.0
306.0
286.0
273.0
223.0
332.0
698.0
616.0
265.0
136.0
6.0
0.0
0.0
0.0
0.0
0.0
0.0
0.0
0.0
0.0
5.0
118.0
112.0
361.0
245.0
337.0
515.0
589.0
555.0
383.0
424.0
583.0
392.0
127.0
3.0
0.0
0.0
0.0
0.0
0.0
0.0
0.0
0.0
0.0
22.0
189.0
313.0
387.0
484.0
133.0
290.0
84.0
292.0
492.0
521.0
461.0
387.0
142.0
9.0
0.0
0.0
0.0
0.0
0.0
0.0
0.0
0.0
0.0
7.0
135.0
413.0
475.0
403.0
310.0
338.0
711.0
496.0
256.0
379.0
49.0
158.0
140.0
9.0
0.0
0.0
0.0
0.0
0.0
0.0
0.0
0.0
0.0
15.0
126.0
254.0
282.0
360.0
447.0
480.0
364.0
443.0
315.0
68.0
110.0
116.0
77.0
3.0
0.0
0.0
0.0
0.0
0.0
0.0
0.0
0.0
0.0
5.0
70.0
188.0
70.0
141.0
470.0
400.0
470.0
467.0
480.0
353.0
358.0
262.0
157.0
10.0
0.0
0.0
0.0
0.0
0.0
0.0
0.0
0.0
0.0
19.0
140.0
264.0
323.0
450.0
453.0
477.0
659.0
658.0
687.0
502.0
453.0
316.0
178.0
11.0
0.0
0.0
0.0
0.0
0.0
0.0
0.0
0.0
0.0
44.0
147.0
252.0
372.0
448.0
497.0
571.0
594.0
512.0
480.0
409.0
304.0
202.0
87.0
1.0
0.0
0.0
0.0
0.0
0.0
0.0
0.0
0.0
0.0
38.0
124.0
221.0
305.0
381.0
449.0
506.0
492.0
519.0
467.0
388.0
282.0
175.0
74.0
1.0
0.0
0.0
0.0
0.0
0.0
0.0
0.0
0.0
0.0
27.0
94.0
165.0
238.0
291.0
330.0
337.0
351.0
334.0
287.0
240.0
185.0
119.0
52.0
2.0
0.0
0.0
0.0
0.0
0.0
0.0
0.0
0.0
0.0
11.0
43.0
94.0
124.0
164.0
167.0
205.0
240.0
229.0
241.0
234.0
163.0
98.0
43.0
2.0
0.0
0.0
0.0
0.0
0.0
0.0
0.0
0.0
0.0
7.0
22.0
39.0
215.0
237.0
283.0
185.0
381.0
534.0
348.0
243.0
250.0
201.0
78.0
11.0
0.0
0.0
0.0
0.0
0.0
0.0
0.0
0.0
0.0
71.0
221.0
382.0
541.0
677.0
761.0
806.0
820.0
774.0
717.0
630.0
494.0
331.0
149.0
6.0
0.0
0.0
0.0
0.0
0.0
0.0
0.0
0.0
0.0
20.0
72.0
72.0
123.0
204.0
312.0
279.0
274.0
261.0
246.0
196.0
159.0
74.0
45.0
3.0
0.0
0.0
0.0
0.0
0.0
0.0
0.0
0.0
0.0
112.0
183.0
138.0
163.0
986.0
926.0
693.0
601.0
229.0
161.0
117.0
50.0
120.0
122.0
31.0
0.0
0.0
0.0
0.0
0.0
0.0
0.0
0.0
0.0
14.0
58.0
45.0
63.0
78.0
88.0
95.0
820.0
506.0
702.0
884.0
677.0
444.0
209.0
31.0
0.0
0.0
0.0
0.0
0.0
0.0
0.0
0.0
0.0
94.0
276.0
474.0
655.0
806.0
916.0
980.0
987.0
944.0
849.0
713.0
541.0
351.0
162.0
6.0
0.0
0.0
0.0
0.0
0.0
0.0
0.0
0.0
0.0
30.0
87.0
149.0
204.0
235.0
278.0
310.0
308.0
295.0
262.0
224.0
166.0
111.0
53.0
3.0
0.0
0.0
0.0
0.0
0.0
0.0
0.0
0.0
0.0
108.0
314.0
542.0
789.0
953.0
1019.0
562.0
552.0
493.0
424.0
395.0
313.0
227.0
106.0
8.0
0.0
0.0
0.0
0.0
0.0
0.0
0.0
0.0
0.0
13.0
62.0
99.0
146.0
172.0
222.0
237.0
209.0
246.0
196.0
168.0
148.0
82.0
36.0
3.0
0.0
0.0
0.0
0.0
0.0
0.0
0.0
0.0
0.0
62.0
168.0
272.0
364.0
469.0
564.0
608.0
643.0
586.0
525.0
451.0
316.0
219.0
95.0
3.0
0.0
0.0
0.0
0.0
0.0
0.0
0.0
0.0
0.0
38.0
113.0
177.0
240.0
288.0
329.0
357.0
340.0
342.0
317.0
281.0
203.0
133.0
60.0
3.0
0.0
0.0
0.0
0.0
0.0
0.0
0.0
0.0
1.0
61.0
154.0
294.0
445.0
564.0
612.0
648.0
620.0
541.0
524.0
400.0
322.0
243.0
91.0
3.0
0.0
0.0
0.0
0.0
0.0
0.0
0.0
0.0
1.0
98.0
266.0
445.0
612.0
751.0
853.0
911.0
926.0
887.0
806.0
682.0
526.0
352.0
173.0
12.0
0.0
0.0
0.0
0.0
0.0
0.0
0.0
0.0
0.0
60.0
134.0
44.0
61.0
166.0
123.0
91.0
127.0
1161.0
851.0
895.0
692.0
224.0
188.0
3.0
0.0
0.0
0.0
0.0
0.0
0.0
0.0
0.0
0.0
66.0
187.0
324.0
443.0
532.0
598.0
633.0
628.0
579.0
527.0
430.0
341.0
234.0
121.0
9.0
0.0
0.0
0.0
0.0
0.0
0.0
0.0
0.0
1.0
68.0
162.0
278.0
418.0
533.0
574.0
597.0
574.0
575.0
522.0
421.0
341.0
204.0
97.0
4.0
0.0
0.0
0.0
0.0
0.0
0.0
0.0
0.0
1.0
65.0
174.0
294.0
430.0
533.0
622.0
666.0
668.0
626.0
550.0
483.0
390.0
257.0
130.0
14.0
0.0
0.0
0.0
0.0
0.0
0.0
0.0
0.0
1.0
36.0
104.0
171.0
279.0
205.0
89.0
164.0
380.0
479.0
532.0
400.0
339.0
219.0
89.0
14.0
0.0
0.0
0.0
0.0
0.0
0.0
0.0
0.0
1.0
69.0
130.0
206.0
300.0
346.0
424.0
499.0
581.0
408.0
348.0
335.0
263.0
171.0
89.0
4.0
0.0
0.0
0.0
0.0
0.0
0.0
0.0
0.0
1.0
97.0
338.0
588.0
402.0
96.0
579.0
905.0
234.0
104.0
173.0
200.0
297.0
435.0
244.0
40.0
0.0
0.0
0.0
0.0
0.0
0.0
0.0
0.0
1.0
58.0
142.0
230.0
302.0
366.0
440.0
496.0
480.0
511.0
479.0
423.0
333.0
203.0
96.0
4.0
0.0
0.0
0.0
0.0
0.0
0.0
0.0
0.0
1.0
65.0
159.0
254.0
346.0
449.0
500.0
539.0
530.0
494.0
499.0
451.0
353.0
244.0
129.0
17.0
0.0
0.0
0.0
0.0
0.0
0.0
0.0
0.0
1.0
47.0
102.0
290.0
312.0
403.0
382.0
829.0
1125.0
768.0
390.0
153.0
186.0
233.0
115.0
4.0
0.0
0.0
0.0
0.0
0.0
0.0
0.0
0.0
1.0
59.0
148.0
227.0
318.0
399.0
485.0
502.0
506.0
492.0
389.0
292.0
233.0
141.0
71.0
5.0
0.0
0.0
0.0
0.0
0.0
0.0
0.0
0.0
1.0
54.0
148.0
284.0
390.0
484.0
507.0
576.0
615.0
559.0
522.0
422.0
288.0
174.0
99.0
5.0
0.0
0.0
0.0
0.0
0.0
0.0
0.0
0.0
2.0
28.0
30.0
168.0
277.0
341.0
185.0
419.0
500.0
486.0
228.0
92.0
111.0
143.0
101.0
10.0
0.0
0.0
0.0
0.0
0.0
0.0
0.0
0.0
1.0
107.0
275.0
454.0
614.0
753.0
855.0
910.0
917.0
877.0
800.0
678.0
529.0
360.0
187.0
19.0
0.0
0.0
0.0
0.0
0.0
0.0
0.0
0.0
4.0
66.0
344.0
595.0
654.0
844.0
141.0
471.0
947.0
571.0
468.0
316.0
55.0
38.0
20.0
5.0
0.0
0.0
0.0
0.0
0.0
0.0
0.0
0.0
2.0
73.0
193.0
274.0
406.0
491.0
497.0
543.0
570.0
589.0
568.0
469.0
360.0
240.0
125.0
5.0
0.0
0.0
0.0
0.0
0.0
0.0
0.0
0.0
1.0
65.0
165.0
271.0
386.0
453.0
502.0
527.0
515.0
518.0
480.0
398.0
350.0
247.0
134.0
18.0
0.0
0.0
0.0
0.0
0.0
0.0
0.0
0.0
1.0
11.0
28.0
46.0
62.0
335.0
216.0
853.0
664.0
1179.0
646.0
423.0
56.0
39.0
21.0
5.0
0.0
0.0
0.0
0.0
0.0
0.0
0.0
0.0
1.0
108.0
274.0
452.0
617.0
751.0
848.0
904.0
911.0
876.0
800.0
685.0
537.0
365.0
193.0
20.0
0.0
0.0
0.0
0.0
0.0
0.0
0.0
0.0
1.0
68.0
351.0
582.0
534.0
843.0
971.0
388.0
88.0
85.0
126.0
78.0
216.0
166.0
74.0
34.0
0.0
0.0
0.0
0.0
0.0
0.0
0.0
0.0
1.0
70.0
196.0
317.0
464.0
580.0
658.0
688.0
710.0
684.0
569.0
503.0
395.0
282.0
155.0
23.0
0.0
0.0
0.0
0.0
0.0
0.0
0.0
0.0
2.0
121.0
310.0
514.0
704.0
866.0
988.0
1062.0
1085.0
1054.0
974.0
848.0
683.0
473.0
255.0
50.0
0.0
0.0
0.0
0.0
0.0
0.0
0.0
0.0
1.0
127.0
339.0
565.0
652.0
801.0
900.0
521.0
746.0
593.0
365.0
250.0
283.0
237.0
140.0
44.0
0.0
0.0
0.0
0.0
0.0
0.0
0.0
0.0
1.0
27.0
75.0
126.0
163.0
200.0
228.0
229.0
230.0
234.0
207.0
170.0
140.0
88.0
47.0
5.0
0.0
0.0
0.0
0.0
0.0
0.0
0.0
0.0
2.0
57.0
151.0
219.0
293.0
361.0
374.0
436.0
474.0
449.0
431.0
345.0
261.0
165.0
78.0
5.0
0.0
0.0
0.0
0.0
0.0
0.0
0.0
0.0
2.0
119.0
328.0
525.0
706.0
856.0
966.0
465.0
519.0
555.0
486.0
408.0
317.0
212.0
131.0
26.0
0.0
0.0
0.0
0.0
0.0
0.0
0.0
0.0
1.0
43.0
158.0
227.0
360.0
328.0
408.0
454.0
424.0
536.0
352.0
309.0
264.0
173.0
91.0
6.0
0.0
0.0
0.0
0.0
0.0
0.0
0.0
0.0
1.0
61.0
159.0
225.0
336.0
310.0
406.0
552.0
584.0
477.0
389.0
332.0
336.0
224.0
99.0
6.0
0.0
0.0
0.0
0.0
0.0
0.0
0.0
0.0
1.0
42.0
100.0
149.0
216.0
264.0
324.0
335.0
411.0
408.0
374.0
285.0
218.0
125.0
68.0
6.0
0.0
0.0
0.0
0.0
0.0
0.0
0.0
0.0
1.0
14.0
92.0
150.0
202.0
335.0
368.0
336.0
391.0
268.0
271.0
343.0
143.0
81.0
66.0
12.0
0.0
0.0
0.0
0.0
0.0
0.0
0.0
0.0
1.0
19.0
47.0
170.0
162.0
68.0
78.0
507.0
559.0
577.0
623.0
609.0
490.0
486.0
261.0
70.0
0.0
0.0
0.0
0.0
0.0
0.0
0.0
0.0
1.0
10.0
94.0
427.0
614.0
502.0
262.0
90.0
520.0
431.0
817.0
237.0
321.0
250.0
203.0
64.0
0.0
0.0
0.0
0.0
0.0
0.0
0.0
0.0
1.0
109.0
293.0
494.0
682.0
843.0
964.0
1039.0
1063.0
1035.0
956.0
831.0
666.0
473.0
257.0
46.0
0.0
0.0
0.0
0.0
0.0
0.0
0.0
0.0
1.0
54.0
93.0
146.0
247.0
322.0
401.0
417.0
317.0
276.0
236.0
229.0
203.0
150.0
70.0
5.0
0.0
0.0
0.0
0.0
0.0
0.0
0.0
0.0
1.0
45.0
116.0
191.0
263.0
327.0
385.0
436.0
448.0
406.0
373.0
281.0
215.0
135.0
59.0
5.0
0.0
0.0
0.0
0.0
0.0
0.0
0.0
0.0
1.0
95.0
259.0
439.0
612.0
752.0
865.0
929.0
947.0
914.0
839.0
719.0
564.0
391.0
210.0
28.0
0.0
0.0
0.0
0.0
0.0
0.0
0.0
0.0
1.0
96.0
266.0
453.0
625.0
769.0
876.0
939.0
952.0
919.0
836.0
716.0
561.0
384.0
205.0
24.0
0.0
0.0
0.0
0.0
0.0
0.0
0.0
0.0
0.0
81.0
226.0
379.0
522.0
651.0
742.0
796.0
797.0
767.0
694.0
601.0
477.0
332.0
181.0
24.0
0.0
0.0
0.0
0.0
0.0
0.0
0.0
0.0
0.0
79.0
216.0
368.0
507.0
626.0
717.0
769.0
782.0
755.0
692.0
597.0
474.0
328.0
179.0
23.0
0.0
0.0
0.0
0.0
0.0
0.0
0.0
0.0
1.0
90.0
144.0
220.0
310.0
473.0
783.0
1079.0
1109.0
1163.0
1066.0
917.0
725.0
505.0
276.0
75.0
0.0
0.0
0.0
0.0
0.0
0.0
0.0
0.0
0.0
8.0
22.0
128.0
289.0
265.0
597.0
789.0
307.0
361.0
403.0
240.0
338.0
318.0
135.0
5.0
0.0
0.0
0.0
0.0
0.0
0.0
0.0
0.0
0.0
43.0
142.0
176.0
240.0
313.0
392.0
462.0
541.0
426.0
422.0
317.0
287.0
213.0
76.0
5.0
0.0
0.0
0.0
0.0
0.0
0.0
0.0
0.0
1.0
82.0
201.0
422.0
725.0
964.0
440.0
459.0
94.0
91.0
83.0
72.0
123.0
144.0
127.0
39.0
0.0
0.0
0.0
0.0
0.0
0.0
0.0
0.0
0.0
89.0
267.0
462.0
648.0
805.0
929.0
1007.0
1035.0
1014.0
941.0
825.0
666.0
471.0
251.0
47.0
0.0
0.0
0.0
0.0
0.0
0.0
0.0
0.0
0.0
93.0
276.0
478.0
670.0
835.0
961.0
1038.0
1064.0
1039.0
964.0
842.0
680.0
475.0
254.0
46.0
0.0
0.0
0.0
0.0
0.0
0.0
0.0
0.0
0.0
80.0
243.0
425.0
600.0
746.0
862.0
929.0
951.0
918.0
844.0
727.0
577.0
401.0
214.0
26.0
0.0
0.0
0.0
0.0
0.0
0.0
0.0
0.0
0.0
58.0
188.0
222.0
361.0
368.0
474.0
398.0
554.0
466.0
639.0
703.0
604.0
405.0
249.0
37.0
0.0
0.0
0.0
0.0
0.0
0.0
0.0
0.0
0.0
20.0
66.0
112.0
152.0
188.0
216.0
229.0
231.0
220.0
202.0
169.0
139.0
98.0
50.0
5.0
0.0
0.0
0.0
0.0
0.0
0.0
0.0
0.0
0.0
32.0
101.0
168.0
226.0
270.0
293.0
312.0
312.0
309.0
279.0
240.0
181.0
131.0
60.0
5.0
0.0
0.0
0.0
0.0
0.0
0.0
0.0
0.0
0.0
68.0
220.0
391.0
555.0
697.0
806.0
873.0
875.0
848.0
779.0
664.0
519.0
354.0
183.0
18.0
0.0
0.0
0.0
0.0
0.0
0.0
0.0
0.0
0.0
14.0
54.0
80.0
152.0
127.0
192.0
184.0
322.0
312.0
278.0
259.0
134.0
92.0
56.0
10.0
0.0
0.0
0.0
0.0
0.0
0.0
0.0
0.0
0.0
18.0
21.0
56.0
268.0
449.0
448.0
518.0
579.0
542.0
346.0
264.0
79.0
110.0
82.0
42.0
0.0
0.0
0.0
0.0
0.0
0.0
0.0
0.0
0.0
34.0
125.0
192.0
208.0
324.0
357.0
517.0
465.0
468.0
509.0
477.0
492.0
399.0
249.0
48.0
0.0
0.0
0.0
0.0
0.0
0.0
0.0
0.0
0.0
14.0
62.0
125.0
175.0
309.0
264.0
367.0
285.0
386.0
403.0
100.0
96.0
113.0
93.0
6.0
0.0
0.0
0.0
0.0
0.0
0.0
0.0
0.0
0.0
25.0
88.0
168.0
237.0
304.0
320.0
350.0
332.0
320.0
267.0
203.0
164.0
115.0
63.0
4.0
0.0
0.0
0.0
0.0
0.0
0.0
0.0
0.0
0.0
9.0
89.0
169.0
390.0
468.0
399.0
312.0
416.0
233.0
171.0
154.0
54.0
76.0
54.0
6.0
0.0
0.0
0.0
0.0
0.0
0.0
0.0
0.0
0.0
26.0
111.0
233.0
327.0
358.0
324.0
441.0
428.0
518.0
546.0
471.0
322.0
222.0
86.0
3.0
0.0
0.0
0.0
0.0
0.0
0.0
0.0
0.0
0.0
9.0
60.0
118.0
172.0
190.0
186.0
288.0
326.0
258.0
175.0
114.0
80.0
88.0
59.0
10.0
0.0
0.0
0.0
0.0
0.0
0.0
0.0
0.0
0.0
19.0
135.0
241.0
360.0
444.0
493.0
553.0
589.0
560.0
520.0
411.0
314.0
201.0
91.0
3.0
0.0
0.0
0.0
0.0
0.0
0.0
0.0
0.0
0.0
25.0
225.0
421.0
608.0
767.0
885.0
957.0
971.0
935.0
852.0
724.0
556.0
368.0
177.0
9.0
0.0
0.0
0.0
0.0
0.0
0.0
0.0
0.0
0.0
7.0
19.0
35.0
51.0
65.0
75.0
580.0
556.0
555.0
1008.0
536.0
515.0
289.0
114.0
3.0
0.0
0.0
0.0
0.0
0.0
0.0
0.0
0.0
0.0
11.0
145.0
262.0
326.0
441.0
548.0
603.0
673.0
668.0
595.0
470.0
313.0
197.0
98.0
3.0
0.0
0.0
0.0
0.0
0.0
0.0
0.0
0.0
0.0
20.0
200.0
380.0
553.0
700.0
813.0
884.0
911.0
886.0
807.0
685.0
529.0
352.0
170.0
9.0
0.0
0.0
0.0
0.0
0.0
0.0
0.0
0.0
0.0
23.0
243.0
465.0
676.0
856.0
990.0
1070.0
1090.0
1050.0
950.0
797.0
602.0
384.0
171.0
2.0
0.0
0.0
0.0
0.0
0.0
0.0
0.0
0.0
0.0
10.0
61.0
50.0
50.0
108.0
312.0
526.0
1123.0
865.0
365.0
277.0
72.0
203.0
198.0
17.0
0.0
0.0
0.0
0.0
0.0
0.0
0.0
0.0
0.0
16.0
188.0
362.0
529.0
669.0
780.0
840.0
855.0
828.0
751.0
634.0
493.0
321.0
150.0
6.0
0.0
0.0
0.0
0.0
0.0
0.0
0.0
0.0
0.0
11.0
163.0
312.0
456.0
612.0
665.0
743.0
788.0
712.0
601.0
549.0
452.0
306.0
138.0
6.0
0.0
0.0
0.0
0.0
0.0
0.0
0.0
0.0
0.0
4.0
103.0
181.0
315.0
374.0
422.0
439.0
509.0
522.0
508.0
418.0
298.0
219.0
93.0
4.0
0.0
0.0
0.0
0.0
0.0
0.0
0.0
0.0
0.0
4.0
64.0
142.0
220.0
252.0
277.0
303.0
315.0
317.0
300.0
251.0
175.0
116.0
49.0
2.0
0.0
0.0
0.0
0.0
0.0
0.0
0.0
0.0
0.0
3.0
16.0
147.0
146.0
255.0
353.0
401.0
472.0
312.0
369.0
345.0
260.0
63.0
40.0
2.0
0.0
0.0
0.0
0.0
0.0
0.0
0.0
0.0
0.0
4.0
92.0
204.0
300.0
390.0
423.0
459.0
499.0
455.0
429.0
335.0
240.0
146.0
67.0
1.0
0.0
0.0
0.0
0.0
0.0
0.0
0.0
0.0
0.0
3.0
31.0
70.0
98.0
131.0
135.0
152.0
165.0
165.0
158.0
145.0
110.0
72.0
32.0
1.0
0.0
0.0
0.0
0.0
0.0
0.0
0.0
0.0
0.0
3.0
36.0
71.0
117.0
149.0
179.0
180.0
167.0
171.0
122.0
89.0
77.0
47.0
17.0
1.0
0.0
0.0
0.0
0.0
0.0
0.0
0.0
0.0
0.0
10.0
207.0
431.0
639.0
820.0
964.0
453.0
461.0
433.0
405.0
331.0
252.0
154.0
64.0
1.0
0.0
0.0
0.0
0.0
0.0
0.0
0.0
0.0
0.0
9.0
170.0
359.0
540.0
697.0
818.0
889.0
905.0
874.0
789.0
661.0
495.0
310.0
127.0
2.0
0.0
0.0
0.0
0.0
0.0
0.0
0.0
0.0
0.0
9.0
200.0
423.0
637.0
822.0
954.0
586.0
595.0
567.0
510.0
425.0
321.0
199.0
80.0
1.0
0.0
0.0
0.0
0.0
0.0
0.0
0.0
0.0
0.0
2.0
16.0
34.0
52.0
67.0
79.0
481.0
202.0
721.0
715.0
824.0
377.0
75.0
71.0
1.0
0.0
0.0
0.0
0.0
0.0
0.0
0.0
0.0
0.0
7.0
175.0
376.0
569.0
733.0
858.0
931.0
950.0
914.0
822.0
683.0
508.0
311.0
120.0
1.0
0.0
0.0
0.0
0.0
0.0
0.0
0.0
0.0
0.0
7.0
144.0
303.0
406.0
492.0
554.0
586.0
618.0
607.0
623.0
441.0
381.0
297.0
110.0
3.0
0.0
0.0
0.0
0.0
0.0
0.0
0.0
0.0
0.0
5.0
137.0
301.0
454.0
593.0
692.0
748.0
778.0
739.0
678.0
564.0
428.0
270.0
104.0
1.0
0.0
0.0
0.0
0.0
0.0
0.0
0.0
0.0
0.0
4.0
132.0
292.0
445.0
573.0
668.0
727.0
742.0
714.0
642.0
538.0
399.0
243.0
91.0
0.0
0.0
0.0
0.0
0.0
0.0
0.0
0.0
0.0
0.0
8.0
185.0
414.0
637.0
827.0
936.0
512.0
484.0
493.0
420.0
338.0
221.0
138.0
53.0
0.0
0.0
0.0
0.0
0.0
0.0
0.0
0.0
0.0
0.0
8.0
45.0
61.0
184.0
92.0
519.0
975.0
1119.0
847.0
661.0
144.0
54.0
26.0
9.0
0.0
0.0
0.0
0.0
0.0
0.0
0.0
0.0
0.0
0.0
1.0
91.0
195.0
361.0
486.0
529.0
628.0
632.0
569.0
492.0
413.0
278.0
175.0
62.0
0.0
0.0
0.0
0.0
0.0
0.0
0.0
0.0
0.0
0.0
1.0
36.0
105.0
151.0
186.0
236.0
252.0
202.0
160.0
136.0
121.0
106.0
95.0
30.0
0.0
0.0
0.0
0.0
0.0
0.0
0.0
0.0
0.0
0.0
3.0
153.0
359.0
560.0
731.0
858.0
931.0
948.0
906.0
808.0
662.0
478.0
275.0
87.0
0.0
0.0
0.0
0.0
0.0
0.0
0.0
0.0
0.0
0.0
3.0
152.0
360.0
563.0
737.0
865.0
941.0
958.0
919.0
821.0
675.0
489.0
282.0
89.0
0.0
0.0
0.0
0.0
0.0
0.0
0.0
0.0
0.0
0.0
1.0
51.0
137.0
233.0
307.0
362.0
401.0
423.0
379.0
338.0
293.0
213.0
112.0
39.0
0.0
0.0
0.0
0.0
0.0
0.0
0.0
0.0
0.0
0.0
1.0
50.0
218.0
347.0
373.0
614.0
586.0
365.0
148.0
136.0
102.0
137.0
62.0
8.0
0.0
0.0
0.0
0.0
0.0
0.0
0.0
0.0
0.0
0.0
1.0
83.0
210.0
341.0
440.0
505.0
573.0
578.0
571.0
515.0
417.0
305.0
167.0
22.0
0.0
0.0
0.0
0.0
0.0
0.0
0.0
0.0
0.0
0.0
4.0
139.0
397.0
375.0
520.0
217.0
441.0
392.0
423.0
68.0
188.0
107.0
79.0
45.0
0.0
0.0
0.0
0.0
0.0
0.0
0.0
0.0
0.0
0.0
1.0
75.0
200.0
313.0
401.0
481.0
557.0
528.0
502.0
493.0
393.0
263.0
145.0
18.0
0.0
0.0
0.0
0.0
0.0
0.0
0.0
0.0
0.0
0.0
1.0
47.0
115.0
191.0
260.0
303.0
345.0
324.0
286.0
245.0
209.0
165.0
87.0
6.0
0.0
0.0
0.0
0.0
0.0
0.0
0.0
0.0
0.0
0.0
0.0
128.0
337.0
375.0
679.0
893.0
953.0
708.0
84.0
112.0
50.0
35.0
19.0
5.0
0.0
0.0
0.0
0.0
0.0
0.0
0.0
0.0
0.0
0.0
6.0
132.0
263.0
445.0
414.0
642.0
452.0
75.0
445.0
291.0
104.0
37.0
20.0
5.0
0.0
0.0
0.0
0.0
0.0
0.0
0.0
0.0
0.0
0.0
0.0
108.0
286.0
464.0
613.0
724.0
786.0
797.0
760.0
673.0
544.0
381.0
201.0
17.0
0.0
0.0
0.0
0.0
0.0
0.0
0.0
0.0
0.0
0.0
0.0
73.0
187.0
314.0
460.0
563.0
624.0
634.0
622.0
551.0
421.0
238.0
123.0
4.0
0.0
0.0
0.0
0.0
0.0
0.0
0.0
0.0
0.0
0.0
0.0
81.0
213.0
344.0
443.0
547.0
578.0
583.0
502.0
507.0
378.0
265.0
129.0
4.0
0.0
0.0
0.0
0.0
0.0
0.0
0.0
0.0
0.0
0.0
0.0
94.0
265.0
437.0
581.0
685.0
749.0
762.0
727.0
645.0
525.0
367.0
191.0
16.0
0.0
0.0
0.0
0.0
0.0
0.0
0.0
0.0
0.0
0.0
0.0
48.0
127.0
205.0
262.0
308.0
337.0
382.0
351.0
291.0
218.0
155.0
74.0
3.0
0.0
0.0
0.0
0.0
0.0
0.0
0.0
0.0
0.0
0.0
0.0
44.0
126.0
234.0
278.0
324.0
365.0
360.0
347.0
279.0
258.0
171.0
77.0
3.0
0.0
0.0
0.0
0.0
0.0
0.0
0.0
0.0
0.0
0.0
0.0
77.0
223.0
377.0
506.0
630.0
702.0
710.0
682.0
601.0
487.0
341.0
166.0
11.0
0.0
0.0
0.0
0.0
0.0
0.0
0.0
0.0
0.0
0.0
0.0
95.0
285.0
477.0
643.0
763.0
833.0
847.0
804.0
705.0
560.0
381.0
184.0
8.0
0.0
0.0
0.0
0.0
0.0
0.0
0.0
0.0
0.0
0.0
0.0
84.0
258.0
432.0
577.0
683.0
748.0
762.0
724.0
635.0
505.0
345.0
168.0
8.0
0.0
0.0
0.0
0.0
0.0
0.0
0.0
0.0
0.0
0.0
0.0
81.0
249.0
421.0
566.0
673.0
743.0
757.0
726.0
643.0
511.0
348.0
168.0
7.0
0.0
0.0
0.0
0.0
0.0
0.0
0.0
0.0
0.0
0.0
0.0
100.0
315.0
531.0
711.0
854.0
492.0
499.0
470.0
408.0
319.0
215.0
97.0
2.0
0.0
0.0
0.0
0.0
0.0
0.0
0.0
0.0
0.0
0.0
0.0
56.0
166.0
291.0
369.0
464.0
496.0
428.0
363.0
284.0
238.0
146.0
62.0
2.0
0.0
0.0
0.0
0.0
0.0
0.0
0.0
0.0
0.0
0.0
0.0
38.0
111.0
208.0
263.0
334.0
372.0
373.0
324.0
294.0
223.0
156.0
64.0
1.0
0.0
0.0
0.0
0.0
0.0
0.0
0.0
0.0
0.0
0.0
0.0
20.0
121.0
217.0
371.0
236.0
407.0
231.0
182.0
207.0
266.0
253.0
152.0
17.0
0.0
0.0
0.0
0.0
0.0
0.0
0.0
0.0
0.0
0.0
0.0
40.0
280.0
484.0
656.0
780.0
852.0
861.0
809.0
700.0
542.0
350.0
147.0
1.0
0.0
0.0
0.0
0.0
0.0
0.0
0.0
0.0
0.0
0.0
0.0
36.0
262.0
453.0
614.0
734.0
800.0
811.0
764.0
666.0
517.0
335.0
142.0
2.0
0.0
0.0
0.0
0.0
0.0
0.0
0.0
0.0
0.0
0.0
0.0
34.0
261.0
459.0
627.0
749.0
817.0
827.0
777.0
673.0
521.0
333.0
135.0
1.0
0.0
0.0
0.0
0.0
0.0
0.0
0.0
0.0
0.0
0.0
0.0
20.0
83.0
110.0
149.0
217.0
233.0
217.0
272.0
167.0
179.0
114.0
34.0
1.0
0.0
0.0
0.0
0.0
0.0
0.0
0.0
0.0
0.0
0.0
0.0
40.0
100.0
147.0
177.0
304.0
389.0
619.0
399.0
270.0
499.0
395.0
157.0
4.0
0.0
0.0
0.0
0.0
0.0
0.0
0.0
0.0
0.0
0.0
0.0
18.0
96.0
321.0
731.0
703.0
285.0
189.0
68.0
59.0
46.0
29.0
11.0
0.0
0.0
0.0
0.0
0.0
0.0
0.0
0.0
0.0
0.0
0.0
0.0
5.0
56.0
108.0
139.0
162.0
181.0
203.0
192.0
158.0
119.0
76.0
30.0
0.0
0.0
0.0
0.0
0.0
0.0
0.0
0.0
0.0
0.0
0.0
0.0
5.0
39.0
70.0
88.0
109.0
125.0
133.0
128.0
105.0
79.0
52.0
19.0
0.0
0.0
0.0
0.0
0.0
0.0
0.0
0.0
0.0
0.0
0.0
0.0
5.0
144.0
284.0
357.0
409.0
449.0
426.0
306.0
260.0
231.0
172.0
64.0
0.0
0.0
0.0
0.0
0.0
0.0
0.0
0.0
0.0
0.0
0.0
0.0
11.0
160.0
312.0
409.0
513.0
601.0
595.0
563.0
447.0
334.0
226.0
69.0
0.0
0.0
0.0
0.0
0.0
0.0
0.0
0.0
0.0
0.0
0.0
0.0
28.0
98.0
301.0
703.0
551.0
577.0
74.0
157.0
510.0
45.0
27.0
9.0
0.0
0.0
0.0
0.0
0.0
0.0
0.0
0.0
0.0
0.0
0.0
0.0
13.0
161.0
332.0
491.0
581.0
562.0
508.0
449.0
422.0
332.0
208.0
66.0
0.0
0.0
0.0
0.0
0.0
0.0
0.0
0.0
0.0
0.0
0.0
0.0
17.0
219.0
411.0
573.0
692.0
752.0
756.0
700.0
591.0
438.0
254.0
75.0
0.0
0.0
0.0
0.0
0.0
0.0
0.0
0.0
0.0
0.0
0.0
0.0
19.0
158.0
321.0
418.0
456.0
464.0
571.0
460.0
408.0
185.0
118.0
7.0
0.0
0.0
0.0
0.0
0.0
0.0
0.0
0.0
0.0
0.0
0.0
0.0
4.0
82.0
188.0
286.0
360.0
351.0
338.0
284.0
240.0
168.0
110.0
10.0
0.0
0.0
0.0
0.0
0.0
0.0
0.0
0.0
0.0
0.0
0.0
0.0
5.0
81.0
154.0
224.0
288.0
307.0
269.0
269.0
184.0
152.0
84.0
6.0
0.0
0.0
0.0
0.0
0.0
0.0
0.0
0.0
0.0
0.0
0.0
0.0
9.0
167.0
319.0
468.0
572.0
622.0
638.0
591.0
501.0
379.0
215.0
27.0
0.0
0.0
0.0
0.0
0.0
0.0
0.0
0.0
0.0
0.0
0.0
0.0
3.0
78.0
170.0
246.0
292.0
283.0
277.0
247.0
238.0
194.0
102.0
10.0
0.0
0.0
0.0
0.0
0.0
0.0
0.0
0.0
0.0
0.0
0.0
0.0
3.0
79.0
203.0
272.0
284.0
330.0
322.0
293.0
278.0
173.0
89.0
5.0
0.0
0.0
0.0
0.0
0.0
0.0
0.0
0.0
0.0
0.0
0.0
0.0
8.0
149.0
291.0
431.0
516.0
573.0
586.0
546.0
480.0
359.0
201.0
18.0
0.0
0.0
0.0
0.0
0.0
0.0
0.0
0.0
0.0
0.0
0.0
0.0
3.0
85.0
168.0
232.0
308.0
340.0
380.0
333.0
296.0
176.0
101.0
4.0
0.0
0.0
0.0
0.0
0.0
0.0
0.0
0.0
0.0
0.0
0.0
0.0
2.0
78.0
149.0
235.0
275.0
335.0
366.0
309.0
238.0
168.0
98.0
6.0
0.0
0.0
0.0
0.0
0.0
0.0
0.0
0.0
0.0
0.0
0.0
0.0
3.0
115.0
255.0
374.0
419.0
458.0
464.0
422.0
350.0
250.0
124.0
4.0
0.0
0.0
0.0
0.0
0.0
0.0
0.0
0.0
0.0
0.0
0.0
0.0
6.0
178.0
372.0
537.0
658.0
721.0
725.0
671.0
555.0
395.0
205.0
11.0
0.0
0.0
0.0
0.0
0.0
0.0
0.0
0.0
0.0
0.0
0.0
0.0
5.0
183.0
385.0
559.0
684.0
750.0
749.0
685.0
563.0
394.0
197.0
7.0
0.0
0.0
0.0
0.0
0.0
0.0
0.0
0.0
0.0
0.0
0.0
0.0
4.0
138.0
303.0
435.0
536.0
593.0
590.0
544.0
453.0
324.0
164.0
9.0
0.0
0.0
0.0
0.0
0.0
0.0
0.0
0.0
0.0
0.0
0.0
0.0
4.0
144.0
315.0
465.0
574.0
635.0
636.0
585.0
483.0
338.0
169.0
8.0
0.0
0.0
0.0
0.0
0.0
0.0
0.0
0.0
0.0
0.0
0.0
0.0
3.0
113.0
238.0
374.0
474.0
518.0
520.0
431.0
334.0
232.0
116.0
2.0
0.0
0.0
0.0
0.0
0.0
0.0
0.0
0.0
0.0
0.0
0.0
0.0
1.0
90.0
178.0
272.0
320.0
351.0
359.0
319.0
287.0
176.0
82.0
2.0
0.0
0.0
0.0
0.0
0.0
0.0
0.0
0.0
0.0
0.0
0.0
0.0
2.0
70.0
160.0
219.0
291.0
314.0
270.0
240.0
200.0
132.0
55.0
2.0
0.0
0.0
0.0
0.0
0.0
0.0
0.0
0.0
0.0
0.0
0.0
0.0
1.0
69.0
160.0
226.0
292.0
299.0
306.0
282.0
242.0
155.0
63.0
2.0
0.0
0.0
0.0
0.0
0.0
0.0
0.0
0.0
0.0
0.0
0.0
0.0
2.0
131.0
305.0
458.0
567.0
623.0
623.0
570.0
468.0
319.0
146.0
3.0
0.0
0.0
0.0
0.0
0.0
0.0
0.0
0.0
0.0
0.0
0.0
0.0
2.0
131.0
308.0
462.0
572.0
630.0
630.0
572.0
463.0
312.0
138.0
2.0
0.0
0.0
0.0
0.0
0.0
0.0
0.0
0.0
0.0
0.0
0.0
0.0
1.0
71.0
168.0
255.0
349.0
381.0
338.0
304.0
245.0
182.0
79.0
1.0
0.0
0.0
0.0
0.0
0.0
0.0
0.0
0.0
0.0
0.0
0.0
0.0
1.0
84.0
202.0
312.0
366.0
429.0
392.0
381.0
300.0
194.0
90.0
1.0
0.0
0.0
0.0
0.0
0.0
0.0
0.0
0.0
0.0
0.0
0.0
0.0
1.0
100.0
272.0
309.0
675.0
414.0
197.0
52.0
42.0
28.0
36.0
4.0
0.0
0.0
0.0
0.0
0.0
0.0
0.0
0.0
0.0
0.0
0.0
0.0
0.0
10.0
97.0
261.0
209.0
225.0
335.0
222.0
213.0
189.0
72.0
2.0
0.0
0.0
0.0
0.0
0.0
0.0
0.0
0.0
0.0
0.0
0.0
0.0
1.0
91.0
232.0
363.0
444.0
485.0
514.0
430.0
331.0
228.0
93.0
1.0
0.0
0.0
0.0
0.0
0.0
0.0
0.0
0.0
0.0
0.0
0.0
0.0
0.0
10.0
26.0
46.0
268.0
485.0
630.0
435.0
210.0
230.0
111.0
1.0
0.0
0.0
0.0
0.0
0.0
0.0
0.0
0.0
0.0
0.0
0.0
0.0
0.0
9.0
24.0
38.0
48.0
228.0
238.0
371.0
528.0
344.0
136.0
2.0
0.0
0.0
0.0
0.0
0.0
0.0
0.0
0.0
0.0
0.0
0.0
0.0
0.0
112.0
301.0
471.0
594.0
657.0
656.0
593.0
472.0
305.0
118.0
0.0
0.0
0.0
0.0
0.0
0.0
0.0
0.0
0.0
0.0
0.0
0.0
0.0
0.0
85.0
227.0
374.0
371.0
361.0
386.0
381.0
250.0
192.0
95.0
1.0
0.0
0.0
0.0
0.0
0.0
0.0
0.0
0.0
0.0
0.0
0.0
0.0
0.0
81.0
229.0
358.0
458.0
513.0
519.0
460.0
363.0
225.0
84.0
0.0
0.0
0.0
0.0
0.0
0.0
0.0
0.0
0.0
0.0
0.0
0.0
0.0
0.0
95.0
276.0
440.0
559.0
619.0
620.0
558.0
439.0
277.0
99.0
0.0
0.0
0.0
0.0
0.0
0.0
0.0
0.0
0.0
0.0
0.0
0.0
0.0
0.0
29.0
163.0
401.0
589.0
546.0
252.0
172.0
89.0
81.0
7.0
0.0
0.0
0.0
0.0
0.0
0.0
0.0
0.0
0.0
0.0
0.0
0.0
0.0
0.0
72.0
122.0
289.0
175.0
339.0
320.0
175.0
212.0
227.0
80.0
0.0
0.0
0.0
0.0
0.0
0.0
0.0
0.0
0.0
0.0
0.0
0.0
0.0
0.0
71.0
244.0
292.0
240.0
551.0
491.0
210.0
153.0
85.0
40.0
0.0
0.0
0.0
0.0
0.0
0.0
0.0
0.0
0.0
0.0
0.0
0.0
0.0
0.0
49.0
155.0
263.0
350.0
432.0
483.0
453.0
329.0
204.0
76.0
0.0
0.0
0.0
0.0
0.0
0.0
0.0
0.0
0.0
0.0
0.0
0.0
0.0
0.0
15.0
39.0
88.0
83.0
100.0
79.0
458.0
391.0
280.0
94.0
0.0
0.0
0.0
0.0
0.0
0.0
0.0
0.0
0.0
0.0
0.0
0.0
0.0
0.0
8.0
59.0
104.0
112.0
129.0
130.0
119.0
96.0
51.0
6.0
0.0
0.0
0.0
0.0
0.0
0.0
0.0
0.0
0.0
0.0
0.0
0.0
0.0
0.0
30.0
227.0
377.0
487.0
545.0
547.0
490.0
385.0
235.0
35.0
0.0
0.0
0.0
0.0
0.0
0.0
0.0
0.0
0.0
0.0
0.0
0.0
0.0
0.0
30.0
237.0
396.0
510.0
569.0
567.0
506.0
392.0
234.0
30.0
0.0
0.0
0.0
0.0
0.0
0.0
0.0
0.0
0.0
0.0
0.0
0.0
0.0
0.0
23.0
198.0
335.0
442.0
498.0
498.0
443.0
341.0
205.0
28.0
0.0
0.0
0.0
0.0
0.0
0.0
0.0
0.0
0.0
0.0
0.0
0.0
0.0
0.0
13.0
167.0
299.0
361.0
430.0
438.0
393.0
321.0
174.0
18.0
0.0
0.0
0.0
0.0
0.0
0.0
0.0
0.0
0.0
0.0
0.0
0.0
0.0
0.0
15.0
141.0
241.0
307.0
359.0
341.0
330.0
237.0
119.0
5.0
0.0
0.0
0.0
0.0
0.0
0.0
0.0
0.0
0.0
0.0
0.0
0.0
0.0
0.0
18.0
113.0
164.0
106.0
67.0
138.0
218.0
287.0
193.0
49.0
0.0
0.0
0.0
0.0
0.0
0.0
0.0
0.0
0.0
0.0
0.0
0.0
0.0
0.0
17.0
184.0
321.0
419.0
470.0
469.0
419.0
323.0
188.0
18.0
0.0
0.0
0.0
0.0
0.0
0.0
0.0
0.0
0.0
0.0
0.0
0.0
0.0
0.0
21.0
80.0
165.0
266.0
217.0
158.0
350.0
339.0
230.0
39.0
0.0
0.0
0.0
0.0
0.0
0.0
0.0
0.0
0.0
0.0
0.0
0.0
0.0
0.0
18.0
220.0
390.0
515.0
578.0
578.0
511.0
386.0
219.0
17.0
0.0
0.0
0.0
0.0
0.0
0.0
0.0
0.0
0.0
0.0
0.0
0.0
0.0
0.0
14.0
173.0
308.0
410.0
464.0
467.0
415.0
324.0
186.0
18.0
0.0
0.0
0.0
0.0
0.0
0.0
0.0
0.0
0.0
0.0
0.0
0.0
0.0
0.0
7.0
102.0
176.0
233.0
273.0
267.0
247.0
159.0
92.0
4.0
0.0
0.0
0.0
0.0
0.0
0.0
0.0
0.0
0.0
0.0
0.0
0.0
0.0
0.0
13.0
206.0
374.0
497.0
561.0
560.0
497.0
375.0
211.0
15.0
0.0
0.0
0.0
0.0
0.0
0.0
0.0
0.0
0.0
0.0
0.0
0.0
0.0
0.0
10.0
164.0
303.0
403.0
461.0
468.0
415.0
317.0
180.0
15.0
0.0
0.0
0.0
0.0
0.0
0.0
0.0
0.0
0.0
0.0
0.0
0.0
0.0
0.0
3.0
45.0
85.0
118.0
131.0
131.0
114.0
87.0
48.0
4.0
0.0
0.0
0.0
0.0
0.0
0.0
0.0
0.0
0.0
0.0
0.0
0.0
0.0
0.0
6.0
91.0
158.0
231.0
265.0
244.0
219.0
151.0
82.0
3.0
0.0
0.0
0.0
0.0
0.0
0.0
0.0
0.0
0.0
0.0
0.0
0.0
0.0
0.0
4.0
72.0
131.0
185.0
207.0
214.0
183.0
133.0
66.0
3.0
0.0
0.0
0.0
0.0
0.0
0.0
0.0
0.0
0.0
0.0
0.0
0.0
0.0
0.0
2.0
35.0
55.0
78.0
101.0
114.0
114.0
92.0
52.0
3.0
0.0
0.0
0.0
0.0
0.0
0.0
0.0
0.0
0.0
0.0
0.0
0.0
0.0
0.0
5.0
137.0
271.0
374.0
431.0
435.0
391.0
299.0
164.0
11.0
0.0
0.0
0.0
0.0
0.0
0.0
0.0
0.0
0.0
0.0
0.0
0.0
0.0
0.0
2.0
77.0
154.0
228.0
269.0
257.0
222.0
171.0
96.0
3.0
0.0
0.0
0.0
0.0
0.0
0.0
0.0
0.0
0.0
0.0
0.0
0.0
0.0
0.0
2.0
14.0
54.0
50.0
56.0
86.0
399.0
313.0
163.0
8.0
0.0
0.0
0.0
0.0
0.0
0.0
0.0
0.0
0.0
0.0
0.0
0.0
0.0
0.0
4.0
149.0
295.0
406.0
464.0
468.0
416.0
312.0
170.0
9.0
0.0
0.0
0.0
0.0
0.0
0.0
0.0
0.0
0.0
0.0
0.0
0.0
0.0
0.0
2.0
14.0
28.0
39.0
56.0
66.0
421.0
350.0
206.0
15.0
0.0
0.0
0.0
0.0
0.0
0.0
0.0
0.0
0.0
0.0
0.0
0.0
0.0
0.0
2.0
58.0
108.0
157.0
175.0
170.0
163.0
119.0
70.0
3.0
0.0
0.0
0.0
0.0
0.0
0.0
0.0
0.0
0.0
0.0
0.0
0.0
0.0
0.0
2.0
92.0
184.0
247.0
271.0
271.0
250.0
191.0
101.0
2.0
0.0
0.0
0.0
0.0
0.0
0.0
0.0
0.0
0.0
0.0
0.0
0.0
0.0
0.0
2.0
136.0
288.0
405.0
469.0
473.0
420.0
314.0
166.0
7.0
0.0
0.0
0.0
0.0
0.0
0.0
0.0
0.0
0.0
0.0
0.0
0.0
0.0
0.0
2.0
125.0
269.0
381.0
443.0
450.0
399.0
299.0
160.0
8.0
0.0
0.0
0.0
0.0
0.0
0.0
0.0
0.0
0.0
0.0
0.0
0.0
0.0
0.0
1.0
23.0
53.0
71.0
87.0
96.0
85.0
67.0
34.0
2.0
0.0
0.0
0.0
0.0
0.0
0.0
0.0
0.0
0.0
0.0
0.0
0.0
0.0
0.0
1.0
10.0
208.0
32.0
37.0
38.0
460.0
246.0
176.0
28.0
0.0
0.0
0.0
0.0
0.0
0.0
0.0
0.0
0.0
0.0
0.0
0.0
0.0
0.0
1.0
110.0
247.0
352.0
412.0
418.0
374.0
280.0
150.0
7.0
0.0
0.0
0.0
0.0
0.0
0.0
0.0
0.0
0.0
0.0
0.0
0.0
0.0
0.0
1.0
75.0
180.0
245.0
281.0
286.0
257.0
186.0
95.0
3.0
0.0
0.0
0.0
0.0
0.0
0.0
0.0
0.0
0.0
0.0
0.0
0.0
0.0
0.0
1.0
92.0
200.0
282.0
312.0
330.0
286.0
225.0
117.0
4.0
0.0
0.0
0.0
0.0
0.0
0.0
0.0
0.0
0.0
0.0
0.0
0.0
0.0
0.0
1.0
100.0
231.0
330.0
384.0
380.0
340.0
249.0
131.0
5.0
0.0
0.0
0.0
0.0
0.0
0.0
0.0
0.0
0.0
0.0
0.0
0.0
0.0
0.0
0.0
27.0
58.0
93.0
100.0
110.0
118.0
91.0
40.0
2.0
0.0
0.0
0.0
0.0
0.0
0.0
0.0
0.0
0.0
0.0
0.0
0.0
0.0
0.0
1.0
98.0
231.0
341.0
401.0
409.0
367.0
275.0
144.0
6.0
0.0
0.0
0.0
0.0
0.0
0.0
0.0
0.0
0.0
0.0
0.0
0.0
0.0
0.0
0.0
42.0
98.0
142.0
183.0
183.0
145.0
107.0
54.0
2.0
0.0
0.0
0.0
0.0
0.0
0.0
0.0
0.0
0.0
0.0
0.0
0.0
0.0
0.0
0.0
66.0
159.0
218.0
262.0
249.0
209.0
161.0
82.0
2.0
0.0
0.0
0.0
0.0
0.0
0.0
0.0
0.0
0.0
0.0
0.0
0.0
0.0
0.0
0.0
46.0
111.0
166.0
219.0
235.0
177.0
146.0
73.0
2.0
0.0
0.0
0.0
0.0
0.0
0.0
0.0
0.0
0.0
0.0
0.0
0.0
0.0
0.0
0.0
90.0
227.0
337.0
401.0
408.0
362.0
269.0
141.0
5.0
0.0
0.0
0.0
0.0
0.0
0.0
0.0
0.0
0.0
0.0
0.0
0.0
0.0
0.0
0.0
53.0
130.0
178.0
213.0
243.0
207.0
153.0
75.0
2.0
0.0
0.0
0.0
0.0
0.0
0.0
0.0
0.0
0.0
0.0
0.0
0.0
0.0
0.0
0.0
65.0
168.0
260.0
292.0
302.0
247.0
175.0
90.0
2.0
0.0
0.0
0.0
0.0
0.0
0.0
0.0
0.0
0.0
0.0
0.0
0.0
0.0
0.0
0.0
83.0
214.0
319.0
379.0
388.0
342.0
253.0
131.0
4.0
0.0
0.0
0.0
0.0
0.0
0.0
0.0
0.0
0.0
0.0
0.0
0.0
0.0
0.0
0.0
10.0
23.0
41.0
38.0
46.0
325.0
249.0
126.0
4.0
0.0
0.0
0.0
0.0
0.0
0.0
0.0
0.0
0.0
0.0
0.0
0.0
0.0
0.0
0.0
26.0
71.0
31.0
201.0
280.0
361.0
233.0
81.0
2.0
0.0
0.0
0.0
0.0
0.0
0.0
0.0
0.0
0.0
0.0
0.0
0.0
0.0
0.0
0.0
75.0
199.0
283.0
341.0
357.0
304.0
216.0
113.0
6.0
0.0
0.0
0.0
0.0
0.0
0.0
0.0
0.0
0.0
0.0
0.0
0.0
0.0
0.0
0.0
53.0
59.0
30.0
384.0
383.0
218.0
113.0
136.0
16.0
0.0
0.0
0.0
0.0
0.0
0.0
0.0
0.0
0.0
0.0
0.0
0.0
0.0
0.0
0.0
85.0
232.0
352.0
423.0
438.0
394.0
296.0
158.0
7.0
0.0
0.0
0.0
0.0
0.0
0.0
0.0
0.0
0.0
0.0
0.0
0.0
0.0
0.0
0.0
77.0
209.0
317.0
383.0
393.0
352.0
264.0
141.0
6.0
0.0
0.0
0.0
0.0
0.0
0.0
0.0
0.0
0.0
0.0
0.0
0.0
0.0
0.0
0.0
65.0
175.0
266.0
334.0
332.0
307.0
235.0
142.0
7.0
0.0
0.0
0.0
0.0
0.0
0.0
0.0
0.0
0.0
0.0
0.0
0.0
0.0
0.0
0.0
71.0
199.0
303.0
368.0
385.0
354.0
271.0
149.0
8.0
0.0
0.0
0.0
0.0
0.0
0.0
0.0
0.0
0.0
0.0
0.0
0.0
0.0
0.0
0.0
66.0
186.0
287.0
345.0
358.0
316.0
238.0
132.0
5.0
0.0
0.0
0.0
0.0
0.0
0.0
0.0
0.0
0.0
0.0
0.0
0.0
0.0
0.0
0.0
66.0
191.0
287.0
355.0
350.0
308.0
219.0
115.0
3.0
0.0
0.0
0.0
0.0
0.0
0.0
0.0
0.0
0.0
0.0
0.0
0.0
0.0
0.0
0.0
80.0
230.0
355.0
429.0
446.0
405.0
307.0
168.0
8.0
0.0
0.0
0.0
0.0
0.0
0.0
0.0
0.0
0.0
0.0
0.0
0.0
0.0
0.0
0.0
82.0
237.0
365.0
441.0
457.0
413.0
314.0
171.0
8.0
0.0
0.0
0.0
0.0
0.0
0.0
0.0
0.0
0.0
0.0
0.0
0.0
0.0
0.0
0.0
67.0
199.0
309.0
375.0
395.0
360.0
274.0
150.0
8.0
0.0
0.0
0.0
0.0
0.0
0.0
0.0
0.0
0.0
0.0
0.0
0.0
0.0
0.0
0.0
77.0
227.0
354.0
432.0
451.0
411.0
314.0
173.0
10.0
0.0
0.0
0.0
0.0
0.0
0.0
0.0
0.0
0.0
0.0
0.0
0.0
0.0
0.0
0.0
76.0
223.0
348.0
421.0
440.0
401.0
308.0
171.0
11.0
0.0
0.0
0.0
0.0
0.0
0.0
0.0
0.0
0.0
0.0
0.0
0.0
0.0
0.0
0.0
66.0
199.0
272.0
315.0
339.0
286.0
197.0
111.0
7.0
0.0
0.0
0.0
0.0
0.0
0.0
0.0
