0.0
0.0
0.0
0.0
0.0
0.0
0.0
0.0
114.0
301.0
440.0
523.0
545.0
503.0
400.0
244.0
52.0
0.0
0.0
0.0
0.0
0.0
0.0
0.0
0.0
0.0
0.0
0.0
0.0
0.0
0.0
0.0
114.0
301.0
441.0
525.0
547.0
505.0
403.0
247.0
54.0
0.0
0.0
0.0
0.0
0.0
0.0
0.0
0.0
0.0
0.0
0.0
0.0
0.0
0.0
0.0
115.0
302.0
442.0
527.0
549.0
508.0
406.0
250.0
56.0
0.0
0.0
0.0
0.0
0.0
0.0
0.0
0.0
0.0
0.0
0.0
0.0
0.0
0.0
0.0
115.0
302.0
443.0
528.0
551.0
510.0
409.0
254.0
59.0
0.0
0.0
0.0
0.0
0.0
0.0
0.0
0.0
0.0
0.0
0.0
0.0
0.0
0.0
0.0
115.0
303.0
445.0
530.0
554.0
513.0
412.0
257.0
61.0
0.0
0.0
0.0
0.0
0.0
0.0
0.0
0.0
0.0
0.0
0.0
0.0
0.0
0.0
0.0
116.0
305.0
446.0
532.0
556.0
516.0
415.0
261.0
64.0
0.0
0.0
0.0
0.0
0.0
0.0
0.0
0.0
0.0
0.0
0.0
0.0
0.0
0.0
0.0
117.0
306.0
448.0
535.0
559.0
519.0
419.0
264.0
67.0
0.0
0.0
0.0
0.0
0.0
0.0
0.0
0.0
0.0
0.0
0.0
0.0
0.0
0.0
0.0
118.0
307.0
450.0
537.0
562.0
523.0
422.0
268.0
70.0
0.0
0.0
0.0
0.0
0.0
0.0
0.0
0.0
0.0
0.0
0.0
0.0
0.0
0.0
0.0
119.0
309.0
452.0
540.0
565.0
526.0
426.0
272.0
73.0
0.0
0.0
0.0
0.0
0.0
0.0
0.0
0.0
0.0
0.0
0.0
0.0
0.0
0.0
0.0
120.0
311.0
454.0
542.0
568.0
530.0
430.0
276.0
77.0
0.0
0.0
0.0
0.0
0.0
0.0
0.0
0.0
0.0
0.0
0.0
0.0
0.0
0.0
0.0
122.0
312.0
457.0
545.0
571.0
533.0
434.0
280.0
80.0
0.0
0.0
0.0
0.0
0.0
0.0
0.0
0.0
0.0
0.0
0.0
0.0
0.0
0.0
0.0
123.0
315.0
459.0
548.0
575.0
537.0
438.0
284.0
84.0
0.0
0.0
0.0
0.0
0.0
0.0
0.0
0.0
0.0
0.0
0.0
0.0
0.0
0.0
1.0
125.0
317.0
462.0
551.0
578.0
541.0
442.0
289.0
88.0
0.0
0.0
0.0
0.0
0.0
0.0
0.0
0.0
0.0
0.0
0.0
0.0
0.0
0.0
1.0
127.0
319.0
465.0
555.0
582.0
545.0
447.0
293.0
92.0
0.0
0.0
0.0
0.0
0.0
0.0
0.0
0.0
0.0
0.0
0.0
0.0
0.0
0.0
1.0
129.0
322.0
468.0
558.0
586.0
549.0
451.0
298.0
97.0
0.0
0.0
0.0
0.0
0.0
0.0
0.0
0.0
0.0
0.0
0.0
0.0
0.0
0.0
1.0
131.0
324.0
471.0
562.0
590.0
554.0
456.0
303.0
101.0
0.0
0.0
0.0
0.0
0.0
0.0
0.0
0.0
0.0
0.0
0.0
0.0
0.0
0.0
1.0
134.0
327.0
474.0
566.0
594.0
558.0
461.0
308.0
106.0
0.0
0.0
0.0
0.0
0.0
0.0
0.0
0.0
0.0
0.0
0.0
0.0
0.0
0.0
1.0
136.0
330.0
478.0
569.0
598.0
563.0
465.0
313.0
115.0
0.0
0.0
0.0
0.0
0.0
0.0
0.0
0.0
0.0
0.0
0.0
0.0
0.0
0.0
2.0
139.0
333.0
482.0
573.0
603.0
568.0
470.0
318.0
120.0
0.0
0.0
0.0
0.0
0.0
0.0
0.0
0.0
0.0
0.0
0.0
0.0
0.0
0.0
2.0
142.0
337.0
485.0
578.0
607.0
573.0
475.0
323.0
125.0
0.0
0.0
0.0
0.0
0.0
0.0
0.0
0.0
0.0
0.0
0.0
0.0
0.0
0.0
2.0
145.0
340.0
489.0
582.0
612.0
578.0
481.0
328.0
130.0
1.0
0.0
0.0
0.0
0.0
0.0
0.0
0.0
0.0
0.0
0.0
0.0
0.0
0.0
3.0
148.0
344.0
493.0
586.0
617.0
583.0
486.0
333.0
135.0
1.0
0.0
0.0
0.0
0.0
0.0
0.0
0.0
0.0
0.0
0.0
0.0
0.0
0.0
3.0
151.0
347.0
497.0
591.0
622.0
588.0
491.0
339.0
141.0
2.0
0.0
0.0
0.0
0.0
0.0
0.0
0.0
0.0
0.0
0.0
0.0
0.0
0.0
4.0
155.0
351.0
502.0
596.0
627.0
593.0
497.0
344.0
146.0
2.0
0.0
0.0
0.0
0.0
0.0
0.0
0.0
0.0
0.0
0.0
0.0
0.0
0.0
5.0
158.0
355.0
506.0
601.0
632.0
599.0
502.0
350.0
152.0
3.0
0.0
0.0
0.0
0.0
0.0
0.0
0.0
0.0
0.0
0.0
0.0
0.0
0.0
5.0
162.0
360.0
511.0
606.0
637.0
604.0
508.0
355.0
157.0
4.0
0.0
0.0
0.0
0.0
0.0
0.0
0.0
0.0
0.0
0.0
0.0
0.0
0.0
6.0
166.0
364.0
515.0
611.0
643.0
610.0
514.0
361.0
163.0
5.0
0.0
0.0
0.0
0.0
0.0
0.0
0.0
0.0
0.0
0.0
0.0
0.0
0.0
7.0
170.0
368.0
520.0
616.0
648.0
615.0
519.0
367.0
168.0
6.0
0.0
0.0
0.0
0.0
0.0
0.0
0.0
0.0
0.0
0.0
0.0
0.0
0.0
8.0
174.0
373.0
525.0
621.0
654.0
621.0
525.0
373.0
174.0
8.0
0.0
0.0
0.0
0.0
0.0
0.0
0.0
0.0
0.0
0.0
0.0
0.0
0.0
9.0
179.0
378.0
530.0
626.0
659.0
627.0
531.0
379.0
180.0
9.0
0.0
0.0
0.0
0.0
0.0
0.0
0.0
0.0
0.0
0.0
0.0
0.0
0.0
10.0
183.0
382.0
536.0
632.0
665.0
633.0
537.0
385.0
186.0
11.0
0.0
0.0
0.0
0.0
0.0
0.0
0.0
0.0
0.0
0.0
0.0
0.0
0.0
11.0
188.0
387.0
541.0
638.0
671.0
639.0
543.0
391.0
192.0
13.0
0.0
0.0
0.0
0.0
0.0
0.0
0.0
0.0
0.0
0.0
0.0
0.0
0.0
13.0
192.0
392.0
546.0
643.0
677.0
645.0
549.0
397.0
198.0
15.0
0.0
0.0
0.0
0.0
0.0
0.0
0.0
0.0
0.0
0.0
0.0
0.0
0.0
14.0
197.0
398.0
552.0
649.0
683.0
651.0
555.0
403.0
204.0
17.0
0.0
0.0
0.0
0.0
0.0
0.0
0.0
0.0
0.0
0.0
0.0
0.0
0.0
16.0
202.0
403.0
557.0
655.0
689.0
657.0
562.0
409.0
210.0
19.0
0.0
0.0
0.0
0.0
0.0
0.0
0.0
0.0
0.0
0.0
0.0
0.0
0.0
18.0
207.0
408.0
563.0
661.0
695.0
663.0
568.0
415.0
216.0
22.0
0.0
0.0
0.0
0.0
0.0
0.0
0.0
0.0
0.0
0.0
0.0
0.0
0.0
20.0
213.0
414.0
569.0
667.0
701.0
670.0
574.0
421.0
222.0
24.0
0.0
0.0
0.0
0.0
0.0
0.0
0.0
0.0
0.0
0.0
0.0
0.0
0.0
22.0
218.0
420.0
575.0
673.0
708.0
676.0
581.0
428.0
228.0
27.0
0.0
0.0
0.0
0.0
0.0
0.0
0.0
0.0
0.0
0.0
0.0
0.0
0.0
24.0
223.0
425.0
581.0
679.0
714.0
683.0
587.0
434.0
234.0
30.0
0.0
0.0
0.0
0.0
0.0
0.0
0.0
0.0
0.0
0.0
0.0
0.0
0.0
27.0
229.0
431.0
587.0
686.0
721.0
689.0
594.0
440.0
240.0
33.0
0.0
0.0
0.0
0.0
0.0
0.0
0.0
0.0
0.0
0.0
0.0
0.0
0.0
29.0
235.0
437.0
593.0
692.0
727.0
696.0
600.0
447.0
246.0
36.0
0.0
0.0
0.0
0.0
0.0
0.0
0.0
0.0
0.0
0.0
0.0
0.0
0.0
32.0
240.0
443.0
600.0
699.0
734.0
702.0
606.0
453.0
252.0
39.0
0.0
0.0
0.0
0.0
0.0
0.0
0.0
0.0
0.0
0.0
0.0
0.0
0.0
35.0
246.0
450.0
606.0
705.0
740.0
709.0
613.0
459.0
259.0
43.0
0.0
0.0
0.0
0.0
0.0
0.0
0.0
0.0
0.0
0.0
0.0
0.0
0.0
38.0
252.0
456.0
612.0
712.0
747.0
715.0
620.0
466.0
265.0
46.0
0.0
0.0
0.0
0.0
0.0
0.0
0.0
0.0
0.0
0.0
0.0
0.0
0.0
42.0
259.0
462.0
619.0
718.0
753.0
722.0
626.0
472.0
271.0
50.0
0.0
0.0
0.0
0.0
0.0
0.0
0.0
0.0
0.0
0.0
0.0
0.0
0.0
45.0
265.0
469.0
626.0
725.0
760.0
729.0
633.0
479.0
277.0
54.0
0.0
0.0
0.0
0.0
0.0
0.0
0.0
0.0
0.0
0.0
0.0
0.0
0.0
49.0
271.0
475.0
632.0
732.0
767.0
735.0
639.0
485.0
283.0
58.0
0.0
0.0
0.0
0.0
0.0
0.0
0.0
0.0
0.0
0.0
0.0
0.0
0.0
53.0
278.0
482.0
639.0
739.0
774.0
742.0
646.0
492.0
290.0
62.0
0.0
0.0
0.0
0.0
0.0
0.0
0.0
0.0
0.0
0.0
0.0
0.0
0.0
57.0
284.0
488.0
646.0
745.0
781.0
749.0
653.0
498.0
296.0
66.0
0.0
0.0
0.0
0.0
0.0
0.0
0.0
0.0
0.0
0.0
0.0
0.0
0.0
62.0
291.0
495.0
652.0
752.0
787.0
756.0
659.0
504.0
302.0
71.0
0.0
0.0
0.0
0.0
0.0
0.0
0.0
0.0
0.0
0.0
0.0
0.0
0.0
66.0
297.0
502.0
659.0
759.0
794.0
762.0
666.0
511.0
308.0
76.0
0.0
0.0
0.0
0.0
0.0
0.0
0.0
0.0
0.0
0.0
0.0
0.0
0.0
71.0
304.0
509.0
666.0
766.0
801.0
769.0
672.0
517.0
315.0
80.0
0.0
0.0
0.0
0.0
0.0
0.0
0.0
0.0
0.0
0.0
0.0
0.0
0.0
76.0
311.0
516.0
673.0
773.0
808.0
776.0
679.0
524.0
321.0
85.0
0.0
0.0
0.0
0.0
0.0
0.0
0.0
0.0
0.0
0.0
0.0
0.0
0.0
82.0
318.0
523.0
680.0
780.0
815.0
783.0
686.0
530.0
327.0
90.0
0.0
0.0
0.0
0.0
0.0
0.0
0.0
0.0
0.0
0.0
0.0
0.0
0.0
88.0
325.0
530.0
687.0
787.0
822.0
789.0
692.0
536.0
333.0
95.0
0.0
0.0
0.0
0.0
0.0
0.0
0.0
0.0
0.0
0.0
0.0
0.0
0.0
93.0
332.0
537.0
694.0
794.0
829.0
796.0
699.0
543.0
339.0
101.0
0.0
0.0
0.0
0.0
0.0
0.0
0.0
0.0
0.0
0.0
0.0
0.0
0.0
100.0
339.0
544.0
701.0
801.0
836.0
803.0
705.0
549.0
345.0
106.0
0.0
0.0
0.0
0.0
0.0
0.0
0.0
0.0
0.0
0.0
0.0
0.0
0.0
106.0
346.0
551.0
709.0
808.0
842.0
810.0
712.0
555.0
351.0
112.0
0.0
0.0
0.0
0.0
0.0
0.0
0.0
0.0
0.0
0.0
0.0
0.0
0.0
113.0
353.0
558.0
716.0
815.0
849.0
816.0
718.0
562.0
357.0
117.0
0.0
0.0
0.0
0.0
0.0
0.0
0.0
0.0
0.0
0.0
0.0
0.0
0.0
120.0
360.0
565.0
723.0
822.0
856.0
823.0
725.0
568.0
363.0
123.0
0.0
0.0
0.0
0.0
0.0
0.0
0.0
0.0
0.0
0.0
0.0
0.0
0.0
129.0
368.0
573.0
730.0
829.0
863.0
830.0
731.0
574.0
369.0
131.0
0.0
0.0
0.0
0.0
0.0
0.0
0.0
0.0
0.0
0.0
0.0
0.0
0.0
137.0
375.0
580.0
737.0
836.0
870.0
836.0
737.0
580.0
375.0
137.0
0.0
0.0
0.0
0.0
0.0
0.0
0.0
0.0
0.0
0.0
0.0
0.0
1.0
144.0
383.0
587.0
745.0
843.0
877.0
843.0
744.0
586.0
381.0
143.0
0.0
0.0
0.0
0.0
0.0
0.0
0.0
0.0
0.0
0.0
0.0
0.0
1.0
151.0
390.0
595.0
752.0
850.0
884.0
849.0
750.0
593.0
387.0
148.0
1.0
0.0
0.0
0.0
0.0
0.0
0.0
0.0
0.0
0.0
0.0
0.0
2.0
159.0
397.0
602.0
759.0
857.0
890.0
856.0
756.0
599.0
393.0
154.0
1.0
0.0
0.0
0.0
0.0
0.0
0.0
0.0
0.0
0.0
0.0
0.0
3.0
166.0
405.0
609.0
766.0
864.0
897.0
862.0
763.0
605.0
399.0
160.0
2.0
0.0
0.0
0.0
0.0
0.0
0.0
0.0
0.0
0.0
0.0
0.0
4.0
174.0
412.0
617.0
773.0
871.0
904.0
869.0
769.0
611.0
405.0
165.0
3.0
0.0
0.0
0.0
0.0
0.0
0.0
0.0
0.0
0.0
0.0
0.0
6.0
182.0
420.0
624.0
781.0
878.0
911.0
875.0
775.0
617.0
411.0
171.0
4.0
0.0
0.0
0.0
0.0
0.0
0.0
0.0
0.0
0.0
0.0
0.0
8.0
189.0
428.0
632.0
788.0
885.0
917.0
882.0
781.0
622.0
416.0
177.0
5.0
0.0
0.0
0.0
0.0
0.0
0.0
0.0
0.0
0.0
0.0
0.0
9.0
197.0
435.0
639.0
795.0
892.0
924.0
888.0
787.0
628.0
422.0
182.0
6.0
0.0
0.0
0.0
0.0
0.0
0.0
0.0
0.0
0.0
0.0
0.0
12.0
205.0
443.0
646.0
802.0
899.0
930.0
894.0
793.0
634.0
428.0
188.0
7.0
0.0
0.0
0.0
0.0
0.0
0.0
0.0
0.0
0.0
0.0
0.0
14.0
212.0
450.0
654.0
809.0
906.0
937.0
901.0
799.0
640.0
433.0
193.0
8.0
0.0
0.0
0.0
0.0
0.0
0.0
0.0
0.0
0.0
0.0
0.0
17.0
220.0
458.0
661.0
816.0
912.0
943.0
907.0
805.0
646.0
439.0
199.0
10.0
0.0
0.0
0.0
0.0
0.0
0.0
0.0
0.0
0.0
0.0
0.0
20.0
228.0
465.0
668.0
823.0
919.0
950.0
913.0
811.0
651.0
444.0
204.0
11.0
0.0
0.0
0.0
0.0
0.0
0.0
0.0
0.0
0.0
0.0
0.0
23.0
236.0
473.0
676.0
830.0
926.0
956.0
919.0
817.0
657.0
450.0
210.0
13.0
0.0
0.0
0.0
0.0
0.0
0.0
0.0
0.0
0.0
0.0
0.0
26.0
243.0
480.0
683.0
837.0
933.0
962.0
925.0
823.0
662.0
455.0
215.0
15.0
0.0
0.0
0.0
0.0
0.0
0.0
0.0
0.0
0.0
0.0
0.0
30.0
251.0
488.0
690.0
844.0
939.0
969.0
931.0
828.0
668.0
460.0
220.0
17.0
0.0
0.0
0.0
0.0
0.0
0.0
0.0
0.0
0.0
0.0
0.0
34.0
259.0
496.0
698.0
851.0
946.0
975.0
937.0
834.0
673.0
466.0
226.0
19.0
0.0
0.0
0.0
0.0
0.0
0.0
0.0
0.0
0.0
0.0
0.0
38.0
267.0
503.0
705.0
858.0
952.0
981.0
943.0
840.0
679.0
471.0
231.0
21.0
0.0
0.0
0.0
0.0
0.0
0.0
0.0
0.0
0.0
0.0
0.0
43.0
274.0
511.0
712.0
865.0
959.0
987.0
948.0
845.0
684.0
476.0
236.0
23.0
0.0
0.0
0.0
0.0
0.0
0.0
0.0
0.0
0.0
0.0
0.0
47.0
282.0
518.0
719.0
872.0
965.0
993.0
954.0
850.0
689.0
481.0
241.0
25.0
0.0
0.0
0.0
0.0
0.0
0.0
0.0
0.0
0.0
0.0
0.0
52.0
290.0
525.0
726.0
878.0
971.0
999.0
960.0
856.0
694.0
487.0
247.0
28.0
0.0
0.0
0.0
0.0
0.0
0.0
0.0
0.0
0.0
0.0
0.0
57.0
298.0
533.0
733.0
885.0
978.0
1005.0
965.0
861.0
700.0
492.0
252.0
30.0
0.0
0.0
0.0
0.0
0.0
0.0
0.0
0.0
0.0
0.0
0.0
63.0
305.0
540.0
740.0
892.0
984.0
1011.0
971.0
866.0
705.0
497.0
257.0
33.0
0.0
0.0
0.0
0.0
0.0
0.0
0.0
0.0
0.0
0.0
0.0
68.0
313.0
548.0
747.0
898.0
990.0
1017.0
976.0
872.0
710.0
502.0
262.0
35.0
0.0
0.0
0.0
0.0
0.0
0.0
0.0
0.0
0.0
0.0
0.0
74.0
320.0
555.0
754.0
905.0
996.0
1022.0
982.0
877.0
715.0
507.0
267.0
38.0
0.0
0.0
0.0
0.0
0.0
0.0
0.0
0.0
0.0
0.0
0.0
80.0
328.0
562.0
761.0
911.0
1002.0
1028.0
987.0
882.0
720.0
512.0
272.0
41.0
0.0
0.0
0.0
0.0
0.0
0.0
0.0
0.0
0.0
0.0
0.0
86.0
336.0
569.0
768.0
917.0
1008.0
1034.0
992.0
887.0
725.0
516.0
277.0
44.0
0.0
0.0
0.0
0.0
0.0
0.0
0.0
0.0
0.0
0.0
0.0
93.0
343.0
576.0
774.0
924.0
1014.0
1039.0
997.0
892.0
729.0
521.0
282.0
47.0
0.0
0.0
0.0
0.0
0.0
0.0
0.0
0.0
0.0
0.0
0.0
100.0
350.0
583.0
781.0
930.0
1020.0
1044.0
1002.0
897.0
734.0
526.0
287.0
50.0
0.0
0.0
0.0
0.0
0.0
0.0
0.0
0.0
0.0
0.0
0.0
106.0
358.0
590.0
787.0
936.0
1025.0
1050.0
1007.0
901.0
739.0
531.0
291.0
53.0
0.0
0.0
0.0
0.0
0.0
0.0
0.0
0.0
0.0
0.0
0.0
114.0
365.0
597.0
794.0
942.0
1031.0
1055.0
1012.0
906.0
743.0
535.0
296.0
57.0
0.0
0.0
0.0
0.0
0.0
0.0
0.0
0.0
0.0
0.0
0.0
121.0
372.0
604.0
800.0
948.0
1036.0
1060.0
1017.0
911.0
748.0
540.0
301.0
60.0
0.0
0.0
0.0
0.0
0.0
0.0
0.0
0.0
0.0
0.0
0.0
129.0
380.0
611.0
807.0
954.0
1042.0
1065.0
1022.0
915.0
753.0
545.0
306.0
63.0
0.0
0.0
0.0
0.0
0.0
0.0
0.0
0.0
0.0
0.0
0.0
136.0
387.0
618.0
813.0
960.0
1047.0
1070.0
1027.0
920.0
757.0
549.0
310.0
67.0
0.0
0.0
0.0
0.0
0.0
0.0
0.0
0.0
0.0
0.0
1.0
144.0
394.0
624.0
819.0
965.0
1053.0
1075.0
1031.0
924.0
761.0
554.0
315.0
71.0
0.0
0.0
0.0
0.0
0.0
0.0
0.0
0.0
0.0
0.0
1.0
151.0
401.0
631.0
825.0
971.0
1058.0
1080.0
1036.0
929.0
766.0
558.0
320.0
74.0
0.0
0.0
0.0
0.0
0.0
0.0
0.0
0.0
0.0
0.0
2.0
158.0
408.0
637.0
831.0
976.0
1063.0
1085.0
1040.0
933.0
770.0
562.0
324.0
78.0
0.0
0.0
0.0
0.0
0.0
0.0
0.0
0.0
0.0
0.0
3.0
166.0
415.0
644.0
837.0
982.0
1068.0
1089.0
1045.0
937.0
774.0
567.0
329.0
82.0
0.0
0.0
0.0
0.0
0.0
0.0
0.0
0.0
0.0
0.0
4.0
173.0
422.0
650.0
843.0
987.0
1073.0
1094.0
1049.0
942.0
779.0
571.0
333.0
86.0
0.0
0.0
0.0
0.0
0.0
0.0
0.0
0.0
0.0
0.0
6.0
180.0
428.0
656.0
849.0
993.0
1078.0
1099.0
1054.0
946.0
783.0
575.0
338.0
90.0
0.0
0.0
0.0
0.0
0.0
0.0
0.0
0.0
0.0
0.0
8.0
187.0
435.0
663.0
855.0
998.0
1082.0
1103.0
1058.0
950.0
787.0
580.0
342.0
94.0
0.0
0.0
0.0
0.0
0.0
0.0
0.0
0.0
0.0
0.0
9.0
194.0
441.0
669.0
860.0
1003.0
1087.0
1107.0
1062.0
954.0
791.0
584.0
347.0
98.0
0.0
0.0
0.0
0.0
0.0
0.0
0.0
0.0
0.0
0.0
12.0
201.0
448.0
675.0
866.0
1008.0
1092.0
1112.0
1066.0
958.0
795.0
588.0
351.0
103.0
0.0
0.0
0.0
0.0
0.0
0.0
0.0
0.0
0.0
0.0
14.0
208.0
454.0
680.0
871.0
1013.0
1096.0
1116.0
1070.0
962.0
799.0
592.0
356.0
107.0
0.0
0.0
0.0
0.0
0.0
0.0
0.0
0.0
0.0
0.0
16.0
215.0
461.0
686.0
876.0
1018.0
1101.0
1120.0
1074.0
966.0
803.0
596.0
360.0
111.0
0.0
0.0
0.0
0.0
0.0
0.0
0.0
0.0
0.0
0.0
19.0
221.0
467.0
692.0
881.0
1022.0
1105.0
1124.0
1078.0
969.0
806.0
600.0
364.0
116.0
0.0
0.0
0.0
0.0
0.0
0.0
0.0
0.0
0.0
0.0
22.0
228.0
473.0
698.0
887.0
1027.0
1109.0
1128.0
1081.0
973.0
810.0
604.0
369.0
120.0
0.0
0.0
0.0
0.0
0.0
0.0
0.0
0.0
0.0
0.0
25.0
234.0
479.0
703.0
892.0
1032.0
1113.0
1132.0
1085.0
977.0
814.0
608.0
373.0
124.0
0.0
0.0
0.0
0.0
0.0
0.0
0.0
0.0
0.0
0.0
28.0
241.0
485.0
708.0
896.0
1036.0
1117.0
1135.0
1089.0
980.0
818.0
612.0
377.0
129.0
0.0
0.0
0.0
0.0
0.0
0.0
0.0
0.0
0.0
0.0
31.0
247.0
491.0
714.0
901.0
1040.0
1121.0
1139.0
1092.0
984.0
821.0
616.0
381.0
134.0
0.0
0.0
0.0
0.0
0.0
0.0
0.0
0.0
0.0
0.0
34.0
253.0
496.0
719.0
906.0
1045.0
1125.0
1143.0
1096.0
987.0
825.0
619.0
385.0
138.0
0.0
0.0
0.0
0.0
0.0
0.0
0.0
0.0
0.0
0.0
38.0
259.0
502.0
724.0
911.0
1049.0
1129.0
1146.0
1099.0
991.0
828.0
623.0
389.0
143.0
1.0
0.0
0.0
0.0
0.0
0.0
0.0
0.0
0.0
0.0
41.0
265.0
507.0
729.0
915.0
1053.0
1133.0
1150.0
1102.0
994.0
832.0
627.0
393.0
147.0
1.0
0.0
0.0
0.0
0.0
0.0
0.0
0.0
0.0
0.0
45.0
271.0
513.0
734.0
919.0
1057.0
1136.0
1153.0
1106.0
997.0
835.0
631.0
397.0
152.0
2.0
0.0
0.0
0.0
0.0
0.0
0.0
0.0
0.0
0.0
49.0
277.0
518.0
739.0
924.0
1061.0
1140.0
1156.0
1109.0
1000.0
838.0
634.0
401.0
156.0
2.0
0.0
0.0
0.0
0.0
0.0
0.0
0.0
0.0
0.0
53.0
282.0
523.0
743.0
928.0
1064.0
1143.0
1160.0
1112.0
1003.0
842.0
638.0
405.0
161.0
3.0
0.0
0.0
0.0
0.0
0.0
0.0
0.0
0.0
0.0
57.0
288.0
528.0
748.0
932.0
1068.0
1147.0
1163.0
1115.0
1007.0
845.0
641.0
409.0
165.0
4.0
0.0
0.0
0.0
0.0
0.0
0.0
0.0
0.0
0.0
61.0
293.0
533.0
752.0
936.0
1072.0
1150.0
1166.0
1118.0
1010.0
848.0
645.0
413.0
169.0
5.0
0.0
0.0
0.0
0.0
0.0
0.0
0.0
0.0
0.0
65.0
299.0
538.0
757.0
940.0
1075.0
1153.0
1169.0
1121.0
1013.0
851.0
648.0
417.0
174.0
6.0
0.0
0.0
0.0
0.0
0.0
0.0
0.0
0.0
0.0
69.0
304.0
543.0
761.0
944.0
1078.0
1156.0
1172.0
1124.0
1015.0
855.0
652.0
421.0
178.0
7.0
0.0
0.0
0.0
0.0
0.0
0.0
0.0
0.0
0.0
73.0
309.0
547.0
765.0
947.0
1082.0
1159.0
1174.0
1126.0
1018.0
858.0
655.0
425.0
182.0
8.0
0.0
0.0
0.0
0.0
0.0
0.0
0.0
0.0
0.0
78.0
314.0
552.0
769.0
951.0
1085.0
1162.0
1177.0
1129.0
1021.0
861.0
658.0
429.0
186.0
9.0
0.0
0.0
0.0
0.0
0.0
0.0
0.0
0.0
0.0
82.0
319.0
556.0
773.0
954.0
1088.0
1165.0
1180.0
1132.0
1024.0
864.0
662.0
432.0
191.0
11.0
0.0
0.0
0.0
0.0
0.0
0.0
0.0
0.0
0.0
86.0
324.0
560.0
777.0
958.0
1091.0
1168.0
1182.0
1134.0
1027.0
867.0
665.0
436.0
195.0
12.0
0.0
0.0
0.0
0.0
0.0
0.0
0.0
0.0
0.0
91.0
328.0
564.0
780.0
961.0
1094.0
1170.0
1185.0
1137.0
1029.0
869.0
668.0
440.0
199.0
14.0
0.0
0.0
0.0
0.0
0.0
0.0
0.0
0.0
0.0
95.0
333.0
568.0
784.0
964.0
1097.0
1173.0
1187.0
1139.0
1032.0
872.0
671.0
443.0
203.0
15.0
0.0
0.0
0.0
0.0
0.0
0.0
0.0
0.0
0.0
99.0
337.0
572.0
787.0
967.0
1099.0
1175.0
1190.0
1142.0
1034.0
875.0
675.0
447.0
207.0
17.0
0.0
0.0
0.0
0.0
0.0
0.0
0.0
0.0
0.0
104.0
341.0
576.0
791.0
970.0
1102.0
1178.0
1192.0
1144.0
1037.0
878.0
678.0
450.0
211.0
19.0
0.0
0.0
0.0
0.0
0.0
0.0
0.0
0.0
0.0
108.0
345.0
580.0
794.0
973.0
1105.0
1180.0
1194.0
1146.0
1039.0
880.0
681.0
454.0
215.0
20.0
0.0
0.0
0.0
0.0
0.0
0.0
0.0
0.0
0.0
112.0
349.0
583.0
797.0
975.0
1107.0
1182.0
1197.0
1149.0
1042.0
883.0
684.0
457.0
219.0
22.0
0.0
0.0
0.0
0.0
0.0
0.0
0.0
0.0
0.0
117.0
353.0
587.0
800.0
978.0
1109.0
1185.0
1199.0
1151.0
1044.0
886.0
687.0
460.0
223.0
24.0
0.0
0.0
0.0
0.0
0.0
0.0
0.0
0.0
0.0
119.0
357.0
590.0
803.0
981.0
1112.0
1187.0
1201.0
1153.0
1046.0
888.0
690.0
464.0
226.0
26.0
0.0
0.0
0.0
0.0
0.0
0.0
0.0
0.0
0.0
124.0
361.0
593.0
806.0
983.0
1114.0
1189.0
1203.0
1155.0
1048.0
891.0
692.0
467.0
230.0
28.0
0.0
0.0
0.0
0.0
0.0
0.0
0.0
0.0
0.0
128.0
364.0
596.0
808.0
985.0
1116.0
1191.0
1205.0
1157.0
1051.0
893.0
695.0
470.0
234.0
30.0
0.0
0.0
0.0
0.0
0.0
0.0
0.0
0.0
1.0
131.0
368.0
599.0
811.0
988.0
1118.0
1192.0
1206.0
1159.0
1053.0
896.0
698.0
474.0
237.0
32.0
0.0
0.0
0.0
0.0
0.0
0.0
0.0
0.0
1.0
135.0
371.0
602.0
813.0
990.0
1120.0
1194.0
1208.0
1161.0
1055.0
898.0
701.0
477.0
241.0
34.0
0.0
0.0
0.0
0.0
0.0
0.0
0.0
0.0
1.0
139.0
374.0
605.0
816.0
992.0
1122.0
1196.0
1210.0
1162.0
1057.0
900.0
704.0
480.0
245.0
37.0
0.0
0.0
0.0
0.0
0.0
0.0
0.0
0.0
2.0
142.0
377.0
607.0
818.0
994.0
1123.0
1198.0
1211.0
1164.0
1059.0
903.0
706.0
483.0
248.0
39.0
0.0
0.0
0.0
0.0
0.0
0.0
0.0
0.0
2.0
145.0
380.0
610.0
820.0
996.0
1125.0
1199.0
1213.0
1166.0
1061.0
905.0
709.0
486.0
251.0
41.0
0.0
0.0
0.0
0.0
0.0
0.0
0.0
0.0
3.0
149.0
383.0
612.0
822.0
997.0
1126.0
1201.0
1215.0
1168.0
1063.0
907.0
711.0
489.0
255.0
43.0
0.0
0.0
0.0
0.0
0.0
0.0
0.0
0.0
3.0
152.0
385.0
615.0
824.0
999.0
1128.0
1202.0
1216.0
1169.0
1064.0
909.0
714.0
492.0
258.0
46.0
0.0
0.0
0.0
0.0
0.0
0.0
0.0
0.0
4.0
154.0
388.0
617.0
826.0
1001.0
1129.0
1203.0
1217.0
1171.0
1066.0
911.0
716.0
495.0
261.0
48.0
0.0
0.0
0.0
0.0
0.0
0.0
0.0
0.0
5.0
157.0
390.0
619.0
827.0
1002.0
1131.0
1205.0
1219.0
1172.0
1068.0
913.0
719.0
497.0
265.0
50.0
0.0
0.0
0.0
0.0
0.0
0.0
0.0
0.0
5.0
160.0
392.0
621.0
829.0
1003.0
1132.0
1206.0
1220.0
1174.0
1070.0
915.0
721.0
500.0
268.0
53.0
0.0
0.0
0.0
0.0
0.0
0.0
0.0
0.0
6.0
162.0
395.0
622.0
831.0
1005.0
1133.0
1207.0
1221.0
1175.0
1071.0
917.0
723.0
503.0
271.0
55.0
0.0
0.0
0.0
0.0
0.0
0.0
0.0
0.0
7.0
165.0
397.0
624.0
832.0
1006.0
1134.0
1208.0
1222.0
1176.0
1073.0
919.0
726.0
506.0
274.0
57.0
0.0
0.0
0.0
0.0
0.0
0.0
0.0
0.0
7.0
167.0
398.0
626.0
833.0
1007.0
1135.0
1209.0
1224.0
1178.0
1074.0
921.0
728.0
508.0
277.0
60.0
0.0
0.0
0.0
0.0
0.0
0.0
0.0
0.0
8.0
169.0
400.0
627.0
834.0
1008.0
1136.0
1210.0
1225.0
1179.0
1076.0
923.0
730.0
511.0
280.0
62.0
0.0
0.0
0.0
0.0
0.0
0.0
0.0
0.0
8.0
171.0
402.0
629.0
836.0
1009.0
1137.0
1211.0
1226.0
1180.0
1077.0
925.0
732.0
513.0
282.0
64.0
0.0
0.0
0.0
0.0
0.0
0.0
0.0
0.0
9.0
173.0
403.0
630.0
837.0
1010.0
1138.0
1212.0
1227.0
1181.0
1079.0
926.0
734.0
515.0
285.0
66.0
0.0
0.0
0.0
0.0
0.0
0.0
0.0
0.0
10.0
175.0
405.0
631.0
838.0
1011.0
1139.0
1213.0
1227.0
1182.0
1080.0
928.0
736.0
518.0
288.0
69.0
0.0
0.0
0.0
0.0
0.0
0.0
0.0
0.0
10.0
176.0
406.0
632.0
838.0
1011.0
1139.0
1213.0
1228.0
1183.0
1081.0
930.0
738.0
520.0
290.0
71.0
0.0
0.0
0.0
0.0
0.0
0.0
0.0
0.0
11.0
178.0
407.0
633.0
839.0
1012.0
1140.0
1214.0
1229.0
1184.0
1083.0
931.0
740.0
522.0
293.0
73.0
0.0
0.0
0.0
0.0
0.0
0.0
0.0
0.0
11.0
179.0
408.0
634.0
840.0
1013.0
1140.0
1214.0
1230.0
1185.0
1084.0
933.0
742.0
524.0
295.0
75.0
0.0
0.0
0.0
0.0
0.0
0.0
0.0
0.0
12.0
181.0
409.0
634.0
840.0
1013.0
1141.0
1215.0
1230.0
1186.0
1085.0
934.0
743.0
526.0
298.0
77.0
0.0
0.0
0.0
0.0
0.0
0.0
0.0
0.0
12.0
182.0
410.0
635.0
841.0
1014.0
1141.0
1216.0
1231.0
1187.0
1086.0
935.0
745.0
528.0
300.0
80.0
0.0
0.0
0.0
0.0
0.0
0.0
0.0
0.0
13.0
183.0
411.0
636.0
841.0
1014.0
1142.0
1216.0
1232.0
1188.0
1087.0
937.0
747.0
530.0
302.0
82.0
0.0
0.0
0.0
0.0
0.0
0.0
0.0
0.0
13.0
183.0
412.0
636.0
842.0
1014.0
1142.0
1216.0
1232.0
1188.0
1088.0
938.0
748.0
532.0
304.0
84.0
0.0
0.0
0.0
0.0
0.0
0.0
0.0
0.0
13.0
184.0
412.0
636.0
842.0
1014.0
1142.0
1217.0
1233.0
1189.0
1089.0
939.0
750.0
534.0
306.0
85.0
0.0
0.0
0.0
0.0
0.0
0.0
0.0
0.0
14.0
185.0
413.0
637.0
842.0
1014.0
1142.0
1217.0
1233.0
1190.0
1090.0
940.0
751.0
536.0
308.0
87.0
0.0
0.0
0.0
0.0
0.0
0.0
0.0
0.0
14.0
185.0
413.0
637.0
842.0
1014.0
1142.0
1217.0
1233.0
1190.0
1091.0
942.0
753.0
537.0
310.0
89.0
0.0
0.0
0.0
0.0
0.0
0.0
0.0
0.0
14.0
186.0
413.0
637.0
842.0
1014.0
1142.0
1217.0
1234.0
1191.0
1092.0
943.0
754.0
539.0
312.0
91.0
0.0
0.0
0.0
0.0
0.0
0.0
0.0
0.0
14.0
186.0
413.0
637.0
842.0
1014.0
1142.0
1217.0
1234.0
1192.0
1092.0
944.0
755.0
540.0
313.0
92.0
0.0
0.0
0.0
0.0
0.0
0.0
0.0
0.0
14.0
186.0
413.0
637.0
842.0
1014.0
1142.0
1217.0
1234.0
1192.0
1093.0
945.0
757.0
542.0
315.0
94.0
0.0
0.0
0.0
0.0
0.0
0.0
0.0
0.0
14.0
186.0
413.0
636.0
841.0
1014.0
1142.0
1217.0
1235.0
1192.0
1094.0
946.0
758.0
543.0
316.0
95.0
0.0
0.0
0.0
0.0
0.0
0.0
0.0
0.0
14.0
186.0
413.0
636.0
841.0
1014.0
1142.0
1217.0
1235.0
1193.0
1094.0
946.0
759.0
544.0
318.0
97.0
0.0
0.0
0.0
0.0
0.0
0.0
0.0
0.0
14.0
186.0
412.0
636.0
841.0
1013.0
1142.0
1217.0
1235.0
1193.0
1095.0
947.0
760.0
545.0
319.0
98.0
0.0
0.0
0.0
0.0
0.0
0.0
0.0
0.0
14.0
185.0
412.0
635.0
840.0
1013.0
1141.0
1217.0
1235.0
1193.0
1096.0
948.0
761.0
547.0
320.0
99.0
0.0
0.0
0.0
0.0
0.0
0.0
0.0
0.0
14.0
185.0
411.0
635.0
840.0
1012.0
1141.0
1217.0
1235.0
1194.0
1096.0
949.0
762.0
548.0
321.0
100.0
0.0
0.0
0.0
0.0
0.0
0.0
0.0
0.0
14.0
184.0
411.0
634.0
839.0
1012.0
1141.0
1217.0
1235.0
1194.0
1096.0
949.0
762.0
548.0
322.0
101.0
0.0
0.0
0.0
0.0
0.0
0.0
0.0
0.0
14.0
184.0
410.0
633.0
838.0
1011.0
1140.0
1216.0
1235.0
1194.0
1097.0
950.0
763.0
549.0
323.0
102.0
0.0
0.0
0.0
0.0
0.0
0.0
0.0
0.0
13.0
183.0
409.0
632.0
838.0
1011.0
1140.0
1216.0
1235.0
1194.0
1097.0
950.0
764.0
550.0
324.0
103.0
0.0
0.0
0.0
0.0
0.0
0.0
0.0
0.0
13.0
182.0
408.0
632.0
837.0
1010.0
1139.0
1216.0
1235.0
1194.0
1097.0
951.0
764.0
551.0
325.0
104.0
0.0
0.0
0.0
0.0
0.0
0.0
0.0
0.0
13.0
181.0
407.0
631.0
836.0
1009.0
1139.0
1215.0
1234.0
1194.0
1098.0
951.0
765.0
551.0
325.0
104.0
0.0
0.0
0.0
0.0
0.0
0.0
0.0
0.0
12.0
180.0
406.0
629.0
835.0
1008.0
1138.0
1215.0
1234.0
1194.0
1098.0
951.0
765.0
552.0
326.0
105.0
0.0
0.0
0.0
0.0
0.0
0.0
0.0
0.0
12.0
179.0
405.0
628.0
834.0
1007.0
1137.0
1214.0
1234.0
1194.0
1098.0
952.0
765.0
552.0
326.0
105.0
0.0
0.0
0.0
0.0
0.0
0.0
0.0
0.0
12.0
178.0
404.0
627.0
833.0
1006.0
1136.0
1214.0
1233.0
1194.0
1098.0
952.0
766.0
552.0
326.0
105.0
0.0
0.0
0.0
0.0
0.0
0.0
0.0
0.0
11.0
176.0
402.0
626.0
832.0
1005.0
1136.0
1213.0
1233.0
1194.0
1098.0
952.0
766.0
553.0
326.0
105.0
0.0
0.0
0.0
0.0
0.0
0.0
0.0
0.0
11.0
175.0
401.0
624.0
830.0
1004.0
1135.0
1213.0
1233.0
1193.0
1098.0
952.0
766.0
553.0
326.0
105.0
0.0
0.0
0.0
0.0
0.0
0.0
0.0
0.0
10.0
173.0
399.0
623.0
829.0
1003.0
1134.0
1212.0
1232.0
1193.0
1097.0
952.0
766.0
553.0
326.0
105.0
0.0
0.0
0.0
0.0
0.0
0.0
0.0
0.0
10.0
171.0
398.0
622.0
828.0
1002.0
1133.0
1211.0
1232.0
1193.0
1097.0
952.0
766.0
553.0
326.0
105.0
0.0
0.0
0.0
0.0
0.0
0.0
0.0
0.0
9.0
170.0
396.0
620.0
826.0
1001.0
1132.0
1210.0
1231.0
1192.0
1097.0
951.0
766.0
552.0
326.0
104.0
0.0
0.0
0.0
0.0
0.0
0.0
0.0
0.0
8.0
168.0
394.0
618.0
825.0
1000.0
1131.0
1210.0
1230.0
1192.0
1097.0
951.0
765.0
552.0
326.0
104.0
0.0
0.0
0.0
0.0
0.0
0.0
0.0
0.0
8.0
166.0
392.0
617.0
823.0
998.0
1130.0
1209.0
1230.0
1191.0
1096.0
951.0
765.0
552.0
325.0
103.0
0.0
0.0
0.0
0.0
0.0
0.0
0.0
0.0
7.0
164.0
390.0
615.0
822.0
997.0
1129.0
1208.0
1229.0
1191.0
1096.0
950.0
765.0
551.0
324.0
102.0
0.0
0.0
0.0
0.0
0.0
0.0
0.0
0.0
7.0
161.0
388.0
613.0
820.0
996.0
1128.0
1207.0
1228.0
1190.0
1095.0
950.0
764.0
551.0
324.0
101.0
0.0
0.0
0.0
0.0
0.0
0.0
0.0
0.0
6.0
159.0
386.0
611.0
818.0
994.0
1126.0
1206.0
1228.0
1190.0
1095.0
949.0
764.0
550.0
323.0
100.0
0.0
0.0
0.0
0.0
0.0
0.0
0.0
0.0
6.0
157.0
384.0
609.0
817.0
993.0
1125.0
1205.0
1227.0
1189.0
1094.0
949.0
763.0
549.0
322.0
99.0
0.0
0.0
0.0
0.0
0.0
0.0
0.0
0.0
5.0
154.0
382.0
607.0
815.0
991.0
1124.0
1204.0
1226.0
1188.0
1093.0
948.0
762.0
548.0
321.0
98.0
0.0
0.0
0.0
0.0
0.0
0.0
0.0
0.0
4.0
152.0
379.0
605.0
813.0
990.0
1122.0
1203.0
1225.0
1187.0
1093.0
947.0
761.0
547.0
320.0
97.0
0.0
0.0
0.0
0.0
0.0
0.0
0.0
0.0
4.0
149.0
377.0
603.0
811.0
988.0
1121.0
1202.0
1224.0
1186.0
1092.0
946.0
760.0
546.0
318.0
95.0
0.0
0.0
0.0
0.0
0.0
0.0
0.0
0.0
3.0
147.0
375.0
601.0
809.0
986.0
1120.0
1200.0
1223.0
1185.0
1091.0
945.0
759.0
545.0
317.0
94.0
0.0
0.0
0.0
0.0
0.0
0.0
0.0
0.0
3.0
144.0
372.0
598.0
807.0
985.0
1118.0
1199.0
1222.0
1184.0
1090.0
944.0
758.0
544.0
315.0
92.0
0.0
0.0
0.0
0.0
0.0
0.0
0.0
0.0
2.0
141.0
370.0
596.0
805.0
983.0
1117.0
1198.0
1220.0
1183.0
1089.0
943.0
757.0
542.0
314.0
90.0
0.0
0.0
0.0
0.0
0.0
0.0
0.0
0.0
2.0
138.0
367.0
594.0
803.0
981.0
1115.0
1196.0
1219.0
1182.0
1088.0
942.0
755.0
541.0
312.0
88.0
0.0
0.0
0.0
0.0
0.0
0.0
0.0
0.0
2.0
135.0
364.0
591.0
801.0
979.0
1114.0
1195.0
1218.0
1181.0
1086.0
941.0
754.0
539.0
310.0
86.0
0.0
0.0
0.0
0.0
0.0
0.0
0.0
0.0
1.0
132.0
361.0
589.0
799.0
977.0
1112.0
1194.0
1217.0
1180.0
1085.0
939.0
753.0
537.0
308.0
84.0
0.0
0.0
0.0
0.0
0.0
0.0
0.0
0.0
1.0
129.0
359.0
586.0
797.0
975.0
1110.0
1192.0
1215.0
1178.0
1084.0
938.0
751.0
535.0
306.0
82.0
0.0
0.0
0.0
0.0
0.0
0.0
0.0
0.0
1.0
126.0
356.0
584.0
794.0
973.0
1109.0
1191.0
1214.0
1177.0
1082.0
936.0
749.0
533.0
303.0
80.0
0.0
0.0
0.0
0.0
0.0
0.0
0.0
0.0
0.0
123.0
353.0
581.0
792.0
971.0
1107.0
1189.0
1212.0
1176.0
1081.0
935.0
747.0
531.0
301.0
78.0
0.0
0.0
0.0
0.0
0.0
0.0
0.0
0.0
0.0
119.0
350.0
578.0
790.0
969.0
1105.0
1187.0
1211.0
1174.0
1079.0
933.0
745.0
529.0
298.0
75.0
0.0
0.0
0.0
0.0
0.0
0.0
0.0
0.0
0.0
116.0
347.0
576.0
787.0
967.0
1103.0
1186.0
1209.0
1172.0
1078.0
931.0
743.0
527.0
296.0
73.0
0.0
0.0
0.0
0.0
0.0
0.0
0.0
0.0
0.0
113.0
344.0
573.0
785.0
965.0
1101.0
1184.0
1208.0
1171.0
1076.0
929.0
741.0
524.0
293.0
71.0
0.0
0.0
0.0
0.0
0.0
0.0
0.0
0.0
0.0
111.0
341.0
570.0
782.0
963.0
1099.0
1182.0
1206.0
1169.0
1074.0
927.0
739.0
522.0
290.0
68.0
0.0
0.0
0.0
0.0
0.0
0.0
0.0
0.0
0.0
107.0
337.0
567.0
780.0
961.0
1097.0
1180.0
1204.0
1167.0
1072.0
925.0
736.0
519.0
287.0
65.0
0.0
0.0
0.0
0.0
0.0
0.0
0.0
0.0
0.0
104.0
334.0
564.0
777.0
958.0
1095.0
1178.0
1202.0
1165.0
1070.0
923.0
734.0
516.0
284.0
63.0
0.0
0.0
0.0
0.0
0.0
0.0
0.0
0.0
0.0
101.0
331.0
562.0
775.0
956.0
1093.0
1177.0
1201.0
1164.0
1068.0
921.0
731.0
513.0
281.0
60.0
0.0
0.0
0.0
0.0
0.0
0.0
0.0
0.0
0.0
97.0
327.0
559.0
772.0
954.0
1091.0
1175.0
1199.0
1162.0
1066.0
918.0
729.0
510.0
277.0
57.0
0.0
0.0
0.0
0.0
0.0
0.0
0.0
0.0
0.0
94.0
324.0
556.0
770.0
951.0
1089.0
1173.0
1197.0
1160.0
1064.0
916.0
726.0
507.0
274.0
55.0
0.0
0.0
0.0
0.0
0.0
0.0
0.0
0.0
0.0
90.0
321.0
553.0
767.0
949.0
1087.0
1170.0
1195.0
1157.0
1061.0
913.0
723.0
504.0
270.0
52.0
0.0
0.0
0.0
0.0
0.0
0.0
0.0
0.0
0.0
87.0
317.0
549.0
764.0
947.0
1084.0
1168.0
1192.0
1155.0
1059.0
911.0
720.0
500.0
266.0
49.0
0.0
0.0
0.0
0.0
0.0
0.0
0.0
0.0
0.0
84.0
314.0
546.0
761.0
944.0
1082.0
1166.0
1190.0
1153.0
1057.0
908.0
717.0
497.0
262.0
46.0
0.0
0.0
0.0
0.0
0.0
0.0
0.0
0.0
0.0
80.0
310.0
543.0
759.0
942.0
1080.0
1164.0
1188.0
1150.0
1054.0
905.0
714.0
493.0
258.0
44.0
0.0
0.0
0.0
0.0
0.0
0.0
0.0
0.0
0.0
77.0
307.0
540.0
756.0
939.0
1077.0
1162.0
1186.0
1148.0
1051.0
902.0
710.0
489.0
254.0
41.0
0.0
0.0
0.0
0.0
0.0
0.0
0.0
0.0
0.0
74.0
303.0
537.0
753.0
936.0
1075.0
1159.0
1183.0
1146.0
1049.0
899.0
707.0
486.0
250.0
38.0
0.0
0.0
0.0
0.0
0.0
0.0
0.0
0.0
0.0
71.0
299.0
534.0
750.0
934.0
1073.0
1157.0
1181.0
1143.0
1046.0
896.0
703.0
482.0
246.0
36.0
0.0
0.0
0.0
0.0
0.0
0.0
0.0
0.0
0.0
67.0
296.0
530.0
747.0
931.0
1070.0
1154.0
1178.0
1140.0
1043.0
892.0
700.0
478.0
241.0
33.0
0.0
0.0
0.0
0.0
0.0
0.0
0.0
0.0
0.0
64.0
292.0
527.0
744.0
928.0
1067.0
1152.0
1176.0
1137.0
1040.0
889.0
696.0
473.0
236.0
30.0
0.0
0.0
0.0
0.0
0.0
0.0
0.0
0.0
0.0
61.0
288.0
524.0
741.0
926.0
1065.0
1149.0
1173.0
1135.0
1037.0
886.0
692.0
469.0
232.0
28.0
0.0
0.0
0.0
0.0
0.0
0.0
0.0
0.0
0.0
58.0
284.0
520.0
738.0
923.0
1062.0
1147.0
1170.0
1132.0
1033.0
882.0
688.0
465.0
227.0
25.0
0.0
0.0
0.0
0.0
0.0
0.0
0.0
0.0
0.0
55.0
281.0
517.0
735.0
920.0
1059.0
1144.0
1168.0
1129.0
1030.0
878.0
684.0
460.0
222.0
23.0
0.0
0.0
0.0
0.0
0.0
0.0
0.0
0.0
0.0
53.0
277.0
513.0
732.0
917.0
1057.0
1141.0
1165.0
1126.0
1027.0
875.0
680.0
455.0
217.0
21.0
0.0
0.0
0.0
0.0
0.0
0.0
0.0
0.0
0.0
50.0
273.0
510.0
729.0
914.0
1054.0
1138.0
1162.0
1122.0
1023.0
871.0
675.0
451.0
212.0
18.0
0.0
0.0
0.0
0.0
0.0
0.0
0.0
0.0
0.0
47.0
269.0
506.0
725.0
911.0
1051.0
1136.0
1159.0
1119.0
1020.0
867.0
671.0
446.0
206.0
16.0
0.0
0.0
0.0
0.0
0.0
0.0
0.0
0.0
0.0
44.0
265.0
503.0
722.0
908.0
1048.0
1133.0
1156.0
1116.0
1016.0
863.0
666.0
441.0
201.0
14.0
0.0
0.0
0.0
0.0
0.0
0.0
0.0
0.0
0.0
42.0
261.0
499.0
719.0
905.0
1045.0
1130.0
1153.0
1113.0
1012.0
858.0
662.0
436.0
195.0
12.0
0.0
0.0
0.0
0.0
0.0
0.0
0.0
0.0
0.0
39.0
257.0
496.0
716.0
902.0
1042.0
1127.0
1149.0
1109.0
1008.0
854.0
657.0
430.0
190.0
10.0
0.0
0.0
0.0
0.0
0.0
0.0
0.0
0.0
0.0
37.0
253.0
492.0
712.0
899.0
1039.0
1123.0
1146.0
1105.0
1004.0
850.0
652.0
425.0
184.0
9.0
0.0
0.0
0.0
0.0
0.0
0.0
0.0
0.0
0.0
34.0
249.0
489.0
709.0
896.0
1036.0
1120.0
1143.0
1102.0
1000.0
845.0
647.0
420.0
178.0
7.0
0.0
0.0
0.0
0.0
0.0
0.0
0.0
0.0
0.0
32.0
245.0
485.0
706.0
893.0
1033.0
1117.0
1139.0
1098.0
996.0
841.0
642.0
414.0
172.0
6.0
0.0
0.0
0.0
0.0
0.0
0.0
0.0
0.0
0.0
30.0
241.0
481.0
702.0
889.0
1030.0
1114.0
1136.0
1094.0
992.0
836.0
637.0
408.0
166.0
4.0
0.0
0.0
0.0
0.0
0.0
0.0
0.0
0.0
0.0
28.0
237.0
477.0
699.0
886.0
1026.0
1110.0
1132.0
1090.0
988.0
831.0
632.0
403.0
160.0
3.0
0.0
0.0
0.0
0.0
0.0
0.0
0.0
0.0
0.0
26.0
233.0
474.0
695.0
883.0
1023.0
1107.0
1128.0
1086.0
983.0
826.0
626.0
397.0
153.0
2.0
0.0
0.0
0.0
0.0
0.0
0.0
0.0
0.0
0.0
24.0
229.0
470.0
692.0
879.0
1020.0
1103.0
1125.0
1082.0
979.0
821.0
621.0
391.0
147.0
1.0
0.0
0.0
0.0
0.0
0.0
0.0
0.0
0.0
0.0
22.0
225.0
466.0
688.0
876.0
1016.0
1100.0
1121.0
1078.0
974.0
816.0
615.0
385.0
141.0
1.0
0.0
0.0
0.0
0.0
0.0
0.0
0.0
0.0
0.0
20.0
221.0
462.0
685.0
872.0
1013.0
1096.0
1117.0
1074.0
969.0
811.0
610.0
379.0
134.0
0.0
0.0
0.0
0.0
0.0
0.0
0.0
0.0
0.0
0.0
18.0
216.0
458.0
681.0
869.0
1009.0
1092.0
1113.0
1069.0
965.0
806.0
604.0
372.0
127.0
0.0
0.0
0.0
0.0
0.0
0.0
0.0
0.0
0.0
0.0
16.0
212.0
455.0
677.0
865.0
1006.0
1089.0
1109.0
1065.0
960.0
801.0
598.0
366.0
121.0
0.0
0.0
0.0
0.0
0.0
0.0
0.0
0.0
0.0
0.0
15.0
208.0
451.0
674.0
862.0
1002.0
1085.0
1105.0
1060.0
955.0
795.0
592.0
360.0
114.0
0.0
0.0
0.0
0.0
0.0
0.0
0.0
0.0
0.0
0.0
13.0
204.0
447.0
670.0
858.0
998.0
1081.0
1101.0
1056.0
950.0
790.0
586.0
353.0
108.0
0.0
0.0
0.0
0.0
0.0
0.0
0.0
0.0
0.0
0.0
12.0
199.0
443.0
666.0
854.0
994.0
1077.0
1096.0
1051.0
945.0
784.0
580.0
347.0
101.0
0.0
0.0
0.0
0.0
0.0
0.0
0.0
0.0
0.0
0.0
10.0
195.0
439.0
662.0
851.0
991.0
1073.0
1092.0
1046.0
939.0
778.0
574.0
340.0
95.0
0.0
0.0
0.0
0.0
0.0
0.0
0.0
0.0
0.0
0.0
9.0
191.0
435.0
658.0
847.0
987.0
1069.0
1088.0
1042.0
934.0
772.0
567.0
333.0
89.0
0.0
0.0
0.0
0.0
0.0
0.0
0.0
0.0
0.0
0.0
8.0
187.0
431.0
655.0
843.0
983.0
1065.0
1083.0
1037.0
929.0
766.0
561.0
326.0
83.0
0.0
0.0
0.0
0.0
0.0
0.0
0.0
0.0
0.0
0.0
7.0
182.0
427.0
651.0
839.0
979.0
1060.0
1078.0
1032.0
923.0
760.0
554.0
319.0
77.0
0.0
0.0
0.0
0.0
0.0
0.0
0.0
0.0
0.0
0.0
6.0
178.0
423.0
647.0
835.0
975.0
1056.0
1074.0
1027.0
918.0
754.0
548.0
312.0
72.0
0.0
0.0
0.0
0.0
0.0
0.0
0.0
0.0
0.0
0.0
5.0
173.0
418.0
643.0
831.0
971.0
1052.0
1069.0
1021.0
912.0
748.0
541.0
305.0
66.0
0.0
0.0
0.0
0.0
0.0
0.0
0.0
0.0
0.0
0.0
4.0
169.0
414.0
639.0
827.0
966.0
1047.0
1064.0
1016.0
906.0
742.0
535.0
298.0
61.0
0.0
0.0
0.0
0.0
0.0
0.0
0.0
0.0
0.0
0.0
3.0
165.0
410.0
635.0
823.0
962.0
1043.0
1059.0
1011.0
900.0
736.0
528.0
291.0
56.0
0.0
0.0
0.0
0.0
0.0
0.0
0.0
0.0
0.0
0.0
2.0
160.0
406.0
630.0
819.0
958.0
1038.0
1054.0
1005.0
895.0
729.0
521.0
284.0
51.0
0.0
0.0
0.0
0.0
0.0
0.0
0.0
0.0
0.0
0.0
2.0
156.0
402.0
626.0
814.0
953.0
1034.0
1049.0
1000.0
889.0
723.0
514.0
276.0
46.0
0.0
0.0
0.0
0.0
0.0
0.0
0.0
0.0
0.0
0.0
1.0
151.0
397.0
622.0
810.0
949.0
1029.0
1044.0
994.0
883.0
716.0
507.0
269.0
41.0
0.0
0.0
0.0
0.0
0.0
0.0
0.0
0.0
0.0
0.0
1.0
147.0
393.0
618.0
806.0
944.0
1024.0
1039.0
989.0
876.0
710.0
500.0
262.0
37.0
0.0
0.0
0.0
0.0
0.0
0.0
0.0
0.0
0.0
0.0
1.0
142.0
389.0
614.0
802.0
940.0
1019.0
1034.0
983.0
870.0
703.0
493.0
254.0
33.0
0.0
0.0
0.0
0.0
0.0
0.0
0.0
0.0
0.0
0.0
0.0
138.0
384.0
609.0
797.0
935.0
1014.0
1029.0
977.0
864.0
696.0
486.0
246.0
29.0
0.0
0.0
0.0
0.0
0.0
0.0
0.0
0.0
0.0
0.0
0.0
133.0
380.0
605.0
793.0
931.0
1009.0
1023.0
971.0
858.0
690.0
478.0
239.0
26.0
0.0
0.0
0.0
0.0
0.0
0.0
0.0
0.0
0.0
0.0
0.0
128.0
375.0
600.0
788.0
926.0
1004.0
1018.0
966.0
851.0
683.0
471.0
231.0
22.0
0.0
0.0
0.0
0.0
0.0
0.0
0.0
0.0
0.0
0.0
0.0
123.0
371.0
596.0
784.0
921.0
999.0
1012.0
960.0
845.0
676.0
464.0
224.0
19.0
0.0
0.0
0.0
0.0
0.0
0.0
0.0
0.0
0.0
0.0
0.0
119.0
366.0
591.0
779.0
916.0
994.0
1007.0
954.0
838.0
669.0
456.0
216.0
16.0
0.0
0.0
0.0
0.0
0.0
0.0
0.0
0.0
0.0
0.0
0.0
114.0
362.0
587.0
774.0
911.0
989.0
1001.0
947.0
832.0
662.0
449.0
208.0
13.0
0.0
0.0
0.0
0.0
0.0
0.0
0.0
0.0
0.0
0.0
0.0
110.0
357.0
582.0
770.0
906.0
983.0
995.0
941.0
825.0
655.0
442.0
200.0
11.0
0.0
0.0
0.0
0.0
0.0
0.0
0.0
0.0
0.0
0.0
0.0
105.0
353.0
578.0
765.0
901.0
978.0
989.0
935.0
818.0
648.0
434.0
193.0
9.0
0.0
0.0
0.0
0.0
0.0
0.0
0.0
0.0
0.0
0.0
0.0
101.0
348.0
573.0
760.0
896.0
973.0
984.0
929.0
812.0
640.0
427.0
185.0
7.0
0.0
0.0
0.0
0.0
0.0
0.0
0.0
0.0
0.0
0.0
0.0
97.0
343.0
568.0
755.0
891.0
967.0
978.0
922.0
805.0
633.0
419.0
177.0
5.0
0.0
0.0
0.0
0.0
0.0
0.0
0.0
0.0
0.0
0.0
0.0
93.0
338.0
563.0
750.0
886.0
961.0
972.0
916.0
798.0
626.0
411.0
169.0
4.0
0.0
0.0
0.0
0.0
0.0
0.0
0.0
0.0
0.0
0.0
0.0
88.0
334.0
558.0
745.0
881.0
956.0
966.0
910.0
791.0
619.0
404.0
161.0
2.0
0.0
0.0
0.0
0.0
0.0
0.0
0.0
0.0
0.0
0.0
0.0
84.0
329.0
554.0
740.0
875.0
950.0
960.0
903.0
784.0
611.0
396.0
153.0
1.0
0.0
0.0
0.0
0.0
0.0
0.0
0.0
0.0
0.0
0.0
0.0
81.0
324.0
549.0
735.0
870.0
944.0
954.0
897.0
777.0
604.0
389.0
145.0
1.0
0.0
0.0
0.0
0.0
0.0
0.0
0.0
0.0
0.0
0.0
0.0
77.0
319.0
544.0
730.0
864.0
939.0
947.0
890.0
770.0
597.0
381.0
138.0
0.0
0.0
0.0
0.0
0.0
0.0
0.0
0.0
0.0
0.0
0.0
0.0
73.0
314.0
539.0
724.0
859.0
933.0
941.0
883.0
763.0
589.0
373.0
130.0
0.0
0.0
0.0
0.0
0.0
0.0
0.0
0.0
0.0
0.0
0.0
0.0
69.0
309.0
534.0
719.0
853.0
927.0
935.0
877.0
756.0
582.0
366.0
121.0
0.0
0.0
0.0
0.0
0.0
0.0
0.0
0.0
0.0
0.0
0.0
0.0
66.0
304.0
528.0
714.0
848.0
921.0
929.0
870.0
749.0
575.0
358.0
113.0
0.0
0.0
0.0
0.0
0.0
0.0
0.0
0.0
0.0
0.0
0.0
0.0
62.0
299.0
523.0
709.0
842.0
915.0
922.0
863.0
742.0
567.0
350.0
106.0
0.0
0.0
0.0
0.0
0.0
0.0
0.0
0.0
0.0
0.0
0.0
0.0
58.0
294.0
518.0
703.0
836.0
909.0
916.0
857.0
735.0
560.0
343.0
99.0
0.0
0.0
0.0
0.0
0.0
0.0
0.0
0.0
0.0
0.0
0.0
0.0
55.0
289.0
513.0
698.0
831.0
903.0
909.0
850.0
728.0
552.0
335.0
92.0
0.0
0.0
0.0
0.0
0.0
0.0
0.0
0.0
0.0
0.0
0.0
0.0
52.0
284.0
508.0
692.0
825.0
897.0
903.0
843.0
721.0
545.0
327.0
85.0
0.0
0.0
0.0
0.0
0.0
0.0
0.0
0.0
0.0
0.0
0.0
0.0
49.0
279.0
502.0
687.0
819.0
891.0
896.0
836.0
714.0
538.0
320.0
79.0
0.0
0.0
0.0
0.0
0.0
0.0
0.0
0.0
0.0
0.0
0.0
0.0
45.0
273.0
497.0
681.0
813.0
884.0
890.0
829.0
706.0
530.0
312.0
73.0
0.0
0.0
0.0
0.0
0.0
0.0
0.0
0.0
0.0
0.0
0.0
0.0
42.0
268.0
491.0
675.0
807.0
878.0
883.0
822.0
699.0
523.0
305.0
68.0
0.0
0.0
0.0
0.0
0.0
0.0
0.0
0.0
0.0
0.0
0.0
0.0
39.0
263.0
486.0
670.0
801.0
872.0
877.0
815.0
692.0
515.0
297.0
62.0
0.0
0.0
0.0
0.0
0.0
0.0
0.0
0.0
0.0
0.0
0.0
0.0
37.0
258.0
481.0
664.0
795.0
866.0
870.0
808.0
685.0
508.0
290.0
57.0
0.0
0.0
0.0
0.0
0.0
0.0
0.0
0.0
0.0
0.0
0.0
0.0
34.0
252.0
475.0
658.0
789.0
859.0
863.0
802.0
678.0
501.0
282.0
52.0
0.0
0.0
0.0
0.0
0.0
0.0
0.0
0.0
0.0
0.0
0.0
0.0
31.0
247.0
469.0
652.0
783.0
853.0
857.0
795.0
671.0
493.0
275.0
47.0
0.0
0.0
0.0
0.0
0.0
0.0
0.0
0.0
0.0
0.0
0.0
0.0
28.0
241.0
464.0
646.0
777.0
846.0
850.0
788.0
663.0
486.0
267.0
43.0
0.0
0.0
0.0
0.0
0.0
0.0
0.0
0.0
0.0
0.0
0.0
0.0
26.0
236.0
458.0
641.0
771.0
840.0
843.0
781.0
656.0
479.0
260.0
39.0
0.0
0.0
0.0
0.0
0.0
0.0
0.0
0.0
0.0
0.0
0.0
0.0
24.0
231.0
453.0
635.0
765.0
834.0
837.0
774.0
649.0
471.0
253.0
35.0
0.0
0.0
0.0
0.0
0.0
0.0
0.0
0.0
0.0
0.0
0.0
0.0
21.0
225.0
447.0
629.0
758.0
827.0
830.0
767.0
642.0
464.0
245.0
31.0
0.0
0.0
0.0
0.0
0.0
0.0
0.0
0.0
0.0
0.0
0.0
0.0
19.0
219.0
441.0
623.0
752.0
821.0
823.0
760.0
635.0
457.0
238.0
28.0
0.0
0.0
0.0
0.0
0.0
0.0
0.0
0.0
0.0
0.0
0.0
0.0
17.0
214.0
435.0
617.0
746.0
814.0
817.0
753.0
628.0
450.0
231.0
24.0
0.0
0.0
0.0
0.0
0.0
0.0
0.0
0.0
0.0
0.0
0.0
0.0
15.0
208.0
430.0
611.0
740.0
808.0
810.0
746.0
621.0
443.0
224.0
21.0
0.0
0.0
0.0
0.0
0.0
0.0
0.0
0.0
0.0
0.0
0.0
0.0
13.0
203.0
424.0
605.0
733.0
801.0
803.0
739.0
614.0
436.0
217.0
19.0
0.0
0.0
0.0
0.0
0.0
0.0
0.0
0.0
0.0
0.0
0.0
0.0
12.0
197.0
418.0
599.0
727.0
795.0
796.0
732.0
607.0
429.0
210.0
16.0
0.0
0.0
0.0
0.0
0.0
0.0
0.0
0.0
0.0
0.0
0.0
0.0
10.0
191.0
412.0
593.0
721.0
788.0
790.0
726.0
600.0
422.0
203.0
14.0
0.0
0.0
0.0
0.0
0.0
0.0
0.0
0.0
0.0
0.0
0.0
0.0
8.0
186.0
406.0
586.0
715.0
782.0
783.0
719.0
593.0
415.0
196.0
12.0
0.0
0.0
0.0
0.0
0.0
0.0
0.0
0.0
0.0
0.0
0.0
0.0
7.0
180.0
400.0
580.0
708.0
775.0
776.0
712.0
587.0
408.0
190.0
10.0
0.0
0.0
0.0
0.0
0.0
0.0
0.0
0.0
0.0
0.0
0.0
0.0
6.0
174.0
394.0
574.0
702.0
769.0
770.0
705.0
580.0
402.0
183.0
8.0
0.0
0.0
0.0
0.0
0.0
0.0
0.0
0.0
0.0
0.0
0.0
0.0
5.0
169.0
388.0
568.0
696.0
762.0
763.0
699.0
573.0
395.0
177.0
6.0
0.0
0.0
0.0
0.0
0.0
0.0
0.0
0.0
0.0
0.0
0.0
0.0
4.0
163.0
382.0
562.0
689.0
756.0
757.0
692.0
567.0
389.0
170.0
5.0
0.0
0.0
0.0
0.0
0.0
0.0
0.0
0.0
0.0
0.0
0.0
0.0
3.0
157.0
377.0
556.0
683.0
749.0
750.0
686.0
560.0
382.0
164.0
4.0
0.0
0.0
0.0
0.0
0.0
0.0
0.0
0.0
0.0
0.0
0.0
0.0
2.0
152.0
371.0
550.0
677.0
743.0
744.0
679.0
554.0
376.0
157.0
3.0
0.0
0.0
0.0
0.0
0.0
0.0
0.0
0.0
0.0
0.0
0.0
0.0
1.0
146.0
365.0
544.0
670.0
736.0
737.0
673.0
547.0
369.0
151.0
2.0
0.0
0.0
0.0
0.0
0.0
0.0
0.0
0.0
0.0
0.0
0.0
0.0
1.0
140.0
359.0
537.0
664.0
730.0
731.0
666.0
541.0
363.0
145.0
1.0
0.0
0.0
0.0
0.0
0.0
0.0
0.0
0.0
0.0
0.0
0.0
0.0
0.0
134.0
353.0
531.0
658.0
724.0
724.0
660.0
535.0
357.0
139.0
1.0
0.0
0.0
0.0
0.0
0.0
0.0
0.0
0.0
0.0
0.0
0.0
0.0
0.0
129.0
347.0
525.0
652.0
717.0
718.0
654.0
528.0
351.0
134.0
0.0
0.0
0.0
0.0
0.0
0.0
0.0
0.0
0.0
0.0
0.0
0.0
0.0
0.0
123.0
341.0
519.0
645.0
711.0
712.0
647.0
522.0
345.0
128.0
0.0
0.0
0.0
0.0
0.0
0.0
0.0
0.0
0.0
0.0
0.0
0.0
0.0
0.0
114.0
335.0
513.0
639.0
705.0
706.0
641.0
516.0
339.0
122.0
0.0
0.0
0.0
0.0
0.0
0.0
0.0
0.0
0.0
0.0
0.0
0.0
0.0
0.0
108.0
329.0
507.0
633.0
699.0
699.0
635.0
510.0
334.0
114.0
0.0
0.0
0.0
0.0
0.0
0.0
0.0
0.0
0.0
0.0
0.0
0.0
0.0
0.0
103.0
323.0
501.0
627.0
692.0
693.0
629.0
505.0
328.0
108.0
0.0
0.0
0.0
0.0
0.0
0.0
0.0
0.0
0.0
0.0
0.0
0.0
0.0
0.0
98.0
317.0
495.0
621.0
686.0
687.0
623.0
499.0
322.0
103.0
0.0
0.0
0.0
0.0
0.0
0.0
0.0
0.0
0.0
0.0
0.0
0.0
0.0
0.0
93.0
311.0
489.0
615.0
680.0
681.0
617.0
493.0
317.0
98.0
0.0
0.0
0.0
0.0
0.0
0.0
0.0
0.0
0.0
0.0
0.0
0.0
0.0
0.0
88.0
306.0
483.0
609.0
674.0
675.0
612.0
488.0
312.0
94.0
0.0
0.0
0.0
0.0
0.0
0.0
0.0
0.0
0.0
0.0
0.0
0.0
0.0
0.0
83.0
300.0
477.0
603.0
668.0
670.0
606.0
482.0
307.0
89.0
0.0
0.0
0.0
0.0
0.0
0.0
0.0
0.0
0.0
0.0
0.0
0.0
0.0
0.0
78.0
294.0
471.0
597.0
663.0
664.0
601.0
477.0
302.0
85.0
0.0
0.0
0.0
0.0
0.0
0.0
0.0
0.0
0.0
0.0
0.0
0.0
0.0
0.0
74.0
288.0
465.0
591.0
657.0
658.0
595.0
472.0
297.0
81.0
0.0
0.0
0.0
0.0
0.0
0.0
0.0
0.0
0.0
0.0
0.0
0.0
0.0
0.0
69.0
283.0
460.0
585.0
651.0
653.0
590.0
467.0
292.0
78.0
0.0
0.0
0.0
0.0
0.0
0.0
0.0
0.0
0.0
0.0
0.0
0.0
0.0
0.0
65.0
277.0
454.0
580.0
646.0
647.0
585.0
462.0
287.0
74.0
0.0
0.0
0.0
0.0
0.0
0.0
0.0
0.0
0.0
0.0
0.0
0.0
0.0
0.0
61.0
271.0
448.0
574.0
640.0
642.0
579.0
457.0
283.0
71.0
0.0
0.0
0.0
0.0
0.0
0.0
0.0
0.0
0.0
0.0
0.0
0.0
0.0
0.0
57.0
266.0
443.0
568.0
635.0
637.0
574.0
452.0
278.0
68.0
0.0
0.0
0.0
0.0
0.0
0.0
0.0
0.0
0.0
0.0
0.0
0.0
0.0
0.0
53.0
260.0
437.0
563.0
629.0
631.0
569.0
448.0
274.0
64.0
0.0
0.0
0.0
0.0
0.0
0.0
0.0
0.0
0.0
0.0
0.0
0.0
0.0
0.0
50.0
255.0
432.0
558.0
624.0
626.0
565.0
443.0
270.0
62.0
0.0
0.0
0.0
0.0
0.0
0.0
0.0
0.0
0.0
0.0
0.0
0.0
0.0
0.0
46.0
250.0
426.0
552.0
619.0
621.0
560.0
439.0
266.0
59.0
0.0
0.0
0.0
0.0
0.0
0.0
0.0
0.0
0.0
0.0
0.0
0.0
0.0
0.0
43.0
244.0
421.0
547.0
614.0
617.0
555.0
435.0
262.0
56.0
0.0
0.0
0.0
0.0
0.0
0.0
0.0
0.0
0.0
0.0
0.0
0.0
0.0
0.0
40.0
239.0
416.0
542.0
609.0
612.0
551.0
431.0
258.0
54.0
0.0
0.0
0.0
0.0
0.0
0.0
0.0
0.0
0.0
0.0
0.0
0.0
0.0
0.0
37.0
234.0
411.0
537.0
604.0
607.0
547.0
427.0
255.0
52.0
0.0
0.0
0.0
0.0
0.0
0.0
0.0
0.0
0.0
0.0
0.0
0.0
0.0
0.0
34.0
229.0
405.0
532.0
599.0
603.0
543.0
423.0
251.0
50.0
0.0
0.0
0.0
0.0
0.0
0.0
0.0
0.0
0.0
0.0
0.0
0.0
0.0
0.0
32.0
224.0
400.0
527.0
594.0
598.0
539.0
419.0
248.0
48.0
0.0
0.0
0.0
0.0
0.0
0.0
0.0
0.0
0.0
0.0
0.0
0.0
0.0
0.0
29.0
219.0
395.0
522.0
590.0
594.0
535.0
416.0
245.0
46.0
0.0
0.0
0.0
0.0
0.0
0.0
0.0
0.0
0.0
0.0
0.0
0.0
0.0
0.0
27.0
214.0
391.0
517.0
585.0
590.0
531.0
412.0
242.0
44.0
0.0
0.0
0.0
0.0
0.0
0.0
0.0
0.0
0.0
0.0
0.0
0.0
0.0
0.0
24.0
209.0
386.0
513.0
581.0
586.0
527.0
409.0
239.0
43.0
0.0
0.0
0.0
0.0
0.0
0.0
0.0
0.0
0.0
0.0
0.0
0.0
0.0
0.0
22.0
204.0
381.0
508.0
577.0
582.0
524.0
406.0
237.0
41.0
0.0
0.0
0.0
0.0
0.0
0.0
0.0
0.0
0.0
0.0
0.0
0.0
0.0
0.0
20.0
200.0
377.0
504.0
573.0
578.0
521.0
403.0
234.0
40.0
0.0
0.0
0.0
0.0
0.0
0.0
0.0
0.0
0.0
0.0
0.0
0.0
0.0
0.0
18.0
195.0
372.0
500.0
569.0
575.0
517.0
400.0
232.0
39.0
0.0
0.0
0.0
0.0
0.0
0.0
0.0
0.0
0.0
0.0
0.0
0.0
0.0
0.0
17.0
191.0
368.0
496.0
565.0
571.0
514.0
398.0
230.0
38.0
0.0
0.0
0.0
0.0
0.0
0.0
0.0
0.0
0.0
0.0
0.0
0.0
0.0
0.0
15.0
186.0
364.0
492.0
561.0
568.0
511.0
395.0
227.0
37.0
0.0
0.0
0.0
0.0
0.0
0.0
0.0
0.0
0.0
0.0
0.0
0.0
0.0
0.0
14.0
182.0
360.0
488.0
558.0
565.0
509.0
393.0
226.0
36.0
0.0
0.0
0.0
0.0
0.0
0.0
0.0
0.0
0.0
0.0
0.0
0.0
0.0
0.0
12.0
178.0
356.0
484.0
554.0
562.0
506.0
391.0
224.0
35.0
0.0
0.0
0.0
0.0
0.0
0.0
0.0
0.0
0.0
0.0
0.0
0.0
0.0
0.0
11.0
174.0
352.0
480.0
551.0
559.0
504.0
389.0
222.0
34.0
0.0
0.0
0.0
0.0
0.0
0.0
0.0
0.0
0.0
0.0
0.0
0.0
0.0
0.0
10.0
170.0
348.0
477.0
548.0
556.0
501.0
387.0
221.0
34.0
0.0
0.0
0.0
0.0
0.0
0.0
0.0
0.0
0.0
0.0
0.0
0.0
0.0
0.0
9.0
166.0
344.0
474.0
545.0
554.0
499.0
385.0
220.0
33.0
0.0
0.0
0.0
0.0
0.0
0.0
0.0
0.0
0.0
0.0
0.0
0.0
0.0
0.0
8.0
163.0
341.0
470.0
542.0
551.0
497.0
384.0
219.0
33.0
0.0
0.0
0.0
0.0
0.0
0.0
0.0
0.0
0.0
0.0
0.0
0.0
0.0
0.0
7.0
159.0
338.0
467.0
539.0
549.0
496.0
383.0
218.0
32.0
0.0
0.0
0.0
0.0
0.0
0.0
0.0
0.0
0.0
0.0
0.0
0.0
0.0
0.0
6.0
156.0
334.0
464.0
537.0
547.0
494.0
381.0
217.0
32.0
0.0
0.0
0.0
0.0
0.0
0.0
0.0
0.0
0.0
0.0
0.0
0.0
0.0
0.0
5.0
152.0
331.0
462.0
535.0
545.0
492.0
380.0
216.0
32.0
0.0
0.0
0.0
0.0
0.0
0.0
0.0
0.0
0.0
0.0
0.0
0.0
0.0
0.0
4.0
149.0
328.0
459.0
532.0
543.0
491.0
379.0
216.0
32.0
0.0
0.0
0.0
0.0
0.0
0.0
0.0
0.0
0.0
0.0
0.0
0.0
0.0
0.0
4.0
146.0
325.0
457.0
530.0
542.0
490.0
379.0
216.0
32.0
0.0
0.0
0.0
0.0
0.0
0.0
0.0
0.0
0.0
0.0
0.0
0.0
0.0
0.0
3.0
143.0
323.0
454.0
528.0
540.0
489.0
378.0
215.0
32.0
0.0
0.0
0.0
0.0
0.0
0.0
0.0
0.0
0.0
0.0
0.0
0.0
0.0
0.0
3.0
140.0
320.0
452.0
527.0
539.0
488.0
378.0
216.0
32.0
0.0
0.0
0.0
0.0
0.0
0.0
0.0
0.0
0.0
0.0
0.0
0.0
0.0
0.0
2.0
138.0
318.0
450.0
525.0
538.0
488.0
378.0
216.0
32.0
0.0
0.0
0.0
0.0
0.0
0.0
0.0
0.0
0.0
0.0
0.0
0.0
0.0
0.0
2.0
135.0
316.0
448.0
524.0
537.0
487.0
378.0
216.0
32.0
0.0
0.0
0.0
0.0
0.0
0.0
0.0
0.0
0.0
0.0
0.0
0.0
0.0
0.0
2.0
133.0
314.0
446.0
522.0
536.0
487.0
378.0
217.0
33.0
0.0
0.0
0.0
0.0
0.0
0.0
0.0
0.0
0.0
0.0
0.0
0.0
0.0
0.0
1.0
131.0
312.0
445.0
521.0
535.0
487.0
378.0
217.0
33.0
0.0
0.0
0.0
0.0
0.0
0.0
0.0
0.0
0.0
0.0
0.0
0.0
0.0
0.0
1.0
128.0
310.0
443.0
520.0
535.0
487.0
379.0
218.0
34.0
0.0
0.0
0.0
0.0
0.0
0.0
0.0
0.0
0.0
0.0
0.0
0.0
0.0
0.0
1.0
126.0
308.0
442.0
519.0
535.0
487.0
379.0
219.0
35.0
0.0
0.0
0.0
0.0
0.0
0.0
0.0
0.0
0.0
0.0
0.0
0.0
0.0
0.0
1.0
125.0
307.0
441.0
519.0
535.0
487.0
380.0
220.0
35.0
0.0
0.0
0.0
0.0
0.0
0.0
0.0
0.0
0.0
0.0
0.0
0.0
0.0
0.0
1.0
123.0
305.0
440.0
518.0
535.0
488.0
381.0
222.0
36.0
0.0
0.0
0.0
0.0
0.0
0.0
0.0
0.0
0.0
0.0
0.0
0.0
0.0
0.0
1.0
121.0
304.0
439.0
518.0
535.0
489.0
382.0
223.0
37.0
0.0
0.0
0.0
0.0
0.0
0.0
0.0
0.0
0.0
0.0
0.0
0.0
0.0
0.0
0.0
120.0
303.0
439.0
518.0
535.0
489.0
384.0
225.0
38.0
0.0
0.0
0.0
0.0
0.0
0.0
0.0
0.0
0.0
0.0
0.0
0.0
0.0
0.0
0.0
119.0
302.0
438.0
518.0
536.0
490.0
385.0
227.0
40.0
0.0
0.0
0.0
0.0
0.0
0.0
0.0
0.0
0.0
0.0
0.0
0.0
0.0
0.0
0.0
118.0
301.0
438.0
518.0
537.0
492.0
387.0
229.0
41.0
0.0
0.0
0.0
0.0
0.0
0.0
0.0
0.0
0.0
0.0
0.0
0.0
0.0
0.0
0.0
117.0
301.0
438.0
519.0
537.0
493.0
388.0
231.0
42.0
0.0
0.0
0.0
0.0
0.0
0.0
0.0
0.0
0.0
0.0
0.0
0.0
0.0
0.0
0.0
116.0
301.0
438.0
519.0
539.0
495.0
390.0
233.0
44.0
0.0
0.0
0.0
0.0
0.0
0.0
0.0
0.0
0.0
0.0
0.0
0.0
0.0
0.0
0.0
115.0
300.0
438.0
520.0
540.0
496.0
392.0
235.0
45.0
0.0
0.0
0.0
0.0
0.0
0.0
0.0
0.0
0.0
0.0
0.0
0.0
0.0
0.0
0.0
115.0
300.0
439.0
521.0
541.0
498.0
395.0
238.0
47.0
0.0
0.0
0.0
0.0
0.0
0.0
0.0
0.0
0.0
0.0
0.0
0.0
0.0
0.0
0.0
114.0
300.0
439.0
522.0
543.0
500.0
397.0
241.0
49.0
0.0
0.0
0.0
0.0
0.0
0.0
0.0
