0.0
0.0
0.0
0.0
0.0
0.0
0.0
51.0
275.0
472.0
613.0
690.0
697.0
634.0
505.0
319.0
88.0
0.0
0.0
0.0
0.0
0.0
0.0
0.0
0.0
0.0
0.0
0.0
0.0
0.0
0.0
51.0
275.0
472.0
614.0
691.0
699.0
637.0
508.0
322.0
91.0
0.0
0.0
0.0
0.0
0.0
0.0
0.0
0.0
0.0
0.0
0.0
0.0
0.0
0.0
51.0
275.0
472.0
615.0
693.0
701.0
639.0
511.0
325.0
93.0
0.0
0.0
0.0
0.0
0.0
0.0
0.0
0.0
0.0
0.0
0.0
0.0
0.0
0.0
50.0
275.0
473.0
616.0
695.0
703.0
642.0
514.0
329.0
96.0
0.0
0.0
0.0
0.0
0.0
0.0
0.0
0.0
0.0
0.0
0.0
0.0
0.0
0.0
50.0
275.0
474.0
617.0
697.0
706.0
645.0
517.0
332.0
100.0
0.0
0.0
0.0
0.0
0.0
0.0
0.0
0.0
0.0
0.0
0.0
0.0
0.0
0.0
50.0
276.0
475.0
619.0
699.0
708.0
648.0
521.0
336.0
103.0
0.0
0.0
0.0
0.0
0.0
0.0
0.0
0.0
0.0
0.0
0.0
0.0
0.0
0.0
51.0
276.0
476.0
620.0
701.0
711.0
651.0
524.0
339.0
106.0
0.0
0.0
0.0
0.0
0.0
0.0
0.0
0.0
0.0
0.0
0.0
0.0
0.0
0.0
51.0
277.0
477.0
622.0
703.0
714.0
654.0
528.0
343.0
110.0
0.0
0.0
0.0
0.0
0.0
0.0
0.0
0.0
0.0
0.0
0.0
0.0
0.0
0.0
51.0
278.0
478.0
624.0
705.0
717.0
657.0
531.0
347.0
114.0
0.0
0.0
0.0
0.0
0.0
0.0
0.0
0.0
0.0
0.0
0.0
0.0
0.0
0.0
51.0
279.0
480.0
626.0
708.0
720.0
661.0
535.0
351.0
117.0
0.0
0.0
0.0
0.0
0.0
0.0
0.0
0.0
0.0
0.0
0.0
0.0
0.0
0.0
52.0
280.0
481.0
628.0
711.0
723.0
664.0
539.0
355.0
122.0
0.0
0.0
0.0
0.0
0.0
0.0
0.0
0.0
0.0
0.0
0.0
0.0
0.0
0.0
53.0
281.0
483.0
631.0
714.0
726.0
668.0
543.0
359.0
130.0
0.0
0.0
0.0
0.0
0.0
0.0
0.0
0.0
0.0
0.0
0.0
0.0
0.0
0.0
53.0
283.0
485.0
633.0
717.0
730.0
672.0
547.0
364.0
134.0
0.0
0.0
0.0
0.0
0.0
0.0
0.0
0.0
0.0
0.0
0.0
0.0
0.0
0.0
54.0
284.0
487.0
636.0
720.0
734.0
676.0
551.0
368.0
138.0
0.0
0.0
0.0
0.0
0.0
0.0
0.0
0.0
0.0
0.0
0.0
0.0
0.0
0.0
55.0
286.0
490.0
639.0
723.0
737.0
680.0
556.0
372.0
143.0
0.0
0.0
0.0
0.0
0.0
0.0
0.0
0.0
0.0
0.0
0.0
0.0
0.0
0.0
56.0
288.0
492.0
642.0
726.0
741.0
684.0
560.0
377.0
147.0
1.0
0.0
0.0
0.0
0.0
0.0
0.0
0.0
0.0
0.0
0.0
0.0
0.0
0.0
57.0
290.0
495.0
645.0
730.0
745.0
689.0
565.0
382.0
152.0
1.0
0.0
0.0
0.0
0.0
0.0
0.0
0.0
0.0
0.0
0.0
0.0
0.0
0.0
58.0
292.0
497.0
648.0
734.0
749.0
693.0
569.0
386.0
156.0
2.0
0.0
0.0
0.0
0.0
0.0
0.0
0.0
0.0
0.0
0.0
0.0
0.0
0.0
59.0
295.0
500.0
651.0
737.0
753.0
698.0
574.0
391.0
161.0
2.0
0.0
0.0
0.0
0.0
0.0
0.0
0.0
0.0
0.0
0.0
0.0
0.0
0.0
61.0
297.0
503.0
655.0
741.0
758.0
702.0
579.0
396.0
166.0
3.0
0.0
0.0
0.0
0.0
0.0
0.0
0.0
0.0
0.0
0.0
0.0
0.0
0.0
62.0
300.0
506.0
658.0
745.0
762.0
707.0
584.0
401.0
171.0
3.0
0.0
0.0
0.0
0.0
0.0
0.0
0.0
0.0
0.0
0.0
0.0
0.0
0.0
64.0
302.0
509.0
662.0
750.0
767.0
712.0
589.0
406.0
176.0
4.0
0.0
0.0
0.0
0.0
0.0
0.0
0.0
0.0
0.0
0.0
0.0
0.0
0.0
66.0
305.0
513.0
666.0
754.0
771.0
717.0
594.0
411.0
181.0
5.0
0.0
0.0
0.0
0.0
0.0
0.0
0.0
0.0
0.0
0.0
0.0
0.0
0.0
68.0
308.0
516.0
670.0
758.0
776.0
722.0
599.0
416.0
186.0
6.0
0.0
0.0
0.0
0.0
0.0
0.0
0.0
0.0
0.0
0.0
0.0
0.0
0.0
70.0
311.0
520.0
674.0
763.0
781.0
727.0
604.0
421.0
191.0
7.0
0.0
0.0
0.0
0.0
0.0
0.0
0.0
0.0
0.0
0.0
0.0
0.0
0.0
72.0
315.0
523.0
678.0
767.0
786.0
732.0
609.0
427.0
196.0
8.0
0.0
0.0
0.0
0.0
0.0
0.0
0.0
0.0
0.0
0.0
0.0
0.0
0.0
74.0
318.0
527.0
682.0
772.0
791.0
737.0
615.0
432.0
201.0
10.0
0.0
0.0
0.0
0.0
0.0
0.0
0.0
0.0
0.0
0.0
0.0
0.0
0.0
76.0
322.0
531.0
687.0
777.0
796.0
742.0
620.0
437.0
206.0
11.0
0.0
0.0
0.0
0.0
0.0
0.0
0.0
0.0
0.0
0.0
0.0
0.0
0.0
79.0
325.0
535.0
691.0
782.0
801.0
748.0
626.0
443.0
212.0
13.0
0.0
0.0
0.0
0.0
0.0
0.0
0.0
0.0
0.0
0.0
0.0
0.0
0.0
82.0
329.0
540.0
696.0
787.0
806.0
753.0
631.0
448.0
217.0
14.0
0.0
0.0
0.0
0.0
0.0
0.0
0.0
0.0
0.0
0.0
0.0
0.0
0.0
84.0
333.0
544.0
701.0
792.0
812.0
759.0
637.0
454.0
222.0
16.0
0.0
0.0
0.0
0.0
0.0
0.0
0.0
0.0
0.0
0.0
0.0
0.0
0.0
87.0
337.0
548.0
705.0
797.0
817.0
764.0
642.0
459.0
228.0
18.0
0.0
0.0
0.0
0.0
0.0
0.0
0.0
0.0
0.0
0.0
0.0
0.0
0.0
90.0
341.0
553.0
710.0
802.0
823.0
770.0
648.0
465.0
233.0
20.0
0.0
0.0
0.0
0.0
0.0
0.0
0.0
0.0
0.0
0.0
0.0
0.0
0.0
94.0
346.0
558.0
715.0
808.0
828.0
776.0
654.0
470.0
238.0
22.0
0.0
0.0
0.0
0.0
0.0
0.0
0.0
0.0
0.0
0.0
0.0
0.0
0.0
97.0
350.0
563.0
720.0
813.0
834.0
781.0
659.0
476.0
244.0
24.0
0.0
0.0
0.0
0.0
0.0
0.0
0.0
0.0
0.0
0.0
0.0
0.0
0.0
101.0
354.0
567.0
726.0
818.0
839.0
787.0
665.0
482.0
249.0
26.0
0.0
0.0
0.0
0.0
0.0
0.0
0.0
0.0
0.0
0.0
0.0
0.0
0.0
105.0
359.0
572.0
731.0
824.0
845.0
793.0
671.0
487.0
255.0
28.0
0.0
0.0
0.0
0.0
0.0
0.0
0.0
0.0
0.0
0.0
0.0
0.0
0.0
108.0
364.0
578.0
736.0
830.0
851.0
799.0
677.0
493.0
260.0
31.0
0.0
0.0
0.0
0.0
0.0
0.0
0.0
0.0
0.0
0.0
0.0
0.0
0.0
113.0
369.0
583.0
742.0
835.0
857.0
804.0
682.0
499.0
266.0
33.0
0.0
0.0
0.0
0.0
0.0
0.0
0.0
0.0
0.0
0.0
0.0
0.0
0.0
117.0
374.0
588.0
747.0
841.0
862.0
810.0
688.0
504.0
271.0
36.0
0.0
0.0
0.0
0.0
0.0
0.0
0.0
0.0
0.0
0.0
0.0
0.0
0.0
121.0
379.0
593.0
753.0
847.0
868.0
816.0
694.0
510.0
277.0
39.0
0.0
0.0
0.0
0.0
0.0
0.0
0.0
0.0
0.0
0.0
0.0
0.0
0.0
126.0
384.0
599.0
759.0
853.0
874.0
822.0
700.0
516.0
282.0
42.0
0.0
0.0
0.0
0.0
0.0
0.0
0.0
0.0
0.0
0.0
0.0
0.0
0.0
131.0
389.0
604.0
764.0
859.0
880.0
828.0
706.0
521.0
288.0
44.0
0.0
0.0
0.0
0.0
0.0
0.0
0.0
0.0
0.0
0.0
0.0
0.0
0.0
139.0
395.0
610.0
770.0
865.0
886.0
834.0
712.0
527.0
293.0
47.0
0.0
0.0
0.0
0.0
0.0
0.0
0.0
0.0
0.0
0.0
0.0
0.0
0.0
144.0
400.0
616.0
776.0
871.0
892.0
840.0
717.0
533.0
298.0
51.0
0.0
0.0
0.0
0.0
0.0
0.0
0.0
0.0
0.0
0.0
0.0
0.0
0.0
149.0
406.0
622.0
782.0
877.0
898.0
846.0
723.0
538.0
304.0
54.0
0.0
0.0
0.0
0.0
0.0
0.0
0.0
0.0
0.0
0.0
0.0
0.0
0.0
155.0
411.0
627.0
788.0
883.0
904.0
852.0
729.0
544.0
309.0
57.0
0.0
0.0
0.0
0.0
0.0
0.0
0.0
0.0
0.0
0.0
0.0
0.0
1.0
160.0
417.0
633.0
794.0
889.0
911.0
858.0
735.0
550.0
315.0
60.0
0.0
0.0
0.0
0.0
0.0
0.0
0.0
0.0
0.0
0.0
0.0
0.0
1.0
166.0
423.0
639.0
800.0
895.0
917.0
864.0
741.0
555.0
320.0
64.0
0.0
0.0
0.0
0.0
0.0
0.0
0.0
0.0
0.0
0.0
0.0
0.0
2.0
172.0
429.0
645.0
806.0
901.0
923.0
870.0
747.0
561.0
326.0
67.0
0.0
0.0
0.0
0.0
0.0
0.0
0.0
0.0
0.0
0.0
0.0
0.0
3.0
177.0
435.0
651.0
813.0
907.0
929.0
876.0
753.0
567.0
331.0
71.0
0.0
0.0
0.0
0.0
0.0
0.0
0.0
0.0
0.0
0.0
0.0
0.0
3.0
183.0
441.0
658.0
819.0
913.0
935.0
882.0
758.0
572.0
336.0
75.0
0.0
0.0
0.0
0.0
0.0
0.0
0.0
0.0
0.0
0.0
0.0
0.0
4.0
189.0
447.0
664.0
825.0
920.0
941.0
888.0
764.0
578.0
342.0
79.0
0.0
0.0
0.0
0.0
0.0
0.0
0.0
0.0
0.0
0.0
0.0
0.0
6.0
195.0
453.0
670.0
831.0
926.0
947.0
894.0
770.0
583.0
347.0
82.0
0.0
0.0
0.0
0.0
0.0
0.0
0.0
0.0
0.0
0.0
0.0
0.0
7.0
201.0
459.0
676.0
838.0
932.0
953.0
900.0
776.0
589.0
352.0
86.0
0.0
0.0
0.0
0.0
0.0
0.0
0.0
0.0
0.0
0.0
0.0
0.0
8.0
208.0
466.0
683.0
844.0
938.0
959.0
906.0
781.0
594.0
357.0
90.0
0.0
0.0
0.0
0.0
0.0
0.0
0.0
0.0
0.0
0.0
0.0
0.0
10.0
214.0
472.0
689.0
850.0
944.0
965.0
912.0
787.0
600.0
362.0
94.0
0.0
0.0
0.0
0.0
0.0
0.0
0.0
0.0
0.0
0.0
0.0
0.0
11.0
220.0
478.0
695.0
857.0
951.0
972.0
918.0
793.0
605.0
368.0
98.0
0.0
0.0
0.0
0.0
0.0
0.0
0.0
0.0
0.0
0.0
0.0
0.0
13.0
227.0
485.0
702.0
863.0
957.0
978.0
923.0
798.0
610.0
373.0
103.0
0.0
0.0
0.0
0.0
0.0
0.0
0.0
0.0
0.0
0.0
0.0
0.0
15.0
233.0
491.0
708.0
869.0
963.0
984.0
929.0
804.0
616.0
378.0
107.0
0.0
0.0
0.0
0.0
0.0
0.0
0.0
0.0
0.0
0.0
0.0
0.0
18.0
240.0
498.0
715.0
876.0
969.0
990.0
935.0
809.0
621.0
383.0
111.0
0.0
0.0
0.0
0.0
0.0
0.0
0.0
0.0
0.0
0.0
0.0
0.0
20.0
246.0
504.0
721.0
882.0
976.0
996.0
941.0
815.0
626.0
388.0
115.0
0.0
0.0
0.0
0.0
0.0
0.0
0.0
0.0
0.0
0.0
0.0
0.0
22.0
253.0
511.0
728.0
888.0
982.0
1001.0
946.0
820.0
631.0
393.0
120.0
0.0
0.0
0.0
0.0
0.0
0.0
0.0
0.0
0.0
0.0
0.0
0.0
25.0
259.0
518.0
734.0
895.0
988.0
1007.0
952.0
825.0
636.0
398.0
124.0
0.0
0.0
0.0
0.0
0.0
0.0
0.0
0.0
0.0
0.0
0.0
0.0
28.0
266.0
524.0
741.0
901.0
994.0
1013.0
958.0
831.0
641.0
402.0
129.0
0.0
0.0
0.0
0.0
0.0
0.0
0.0
0.0
0.0
0.0
0.0
0.0
31.0
273.0
531.0
747.0
907.0
1000.0
1019.0
963.0
836.0
646.0
407.0
133.0
0.0
0.0
0.0
0.0
0.0
0.0
0.0
0.0
0.0
0.0
0.0
0.0
34.0
280.0
538.0
754.0
914.0
1006.0
1025.0
969.0
841.0
651.0
412.0
138.0
0.0
0.0
0.0
0.0
0.0
0.0
0.0
0.0
0.0
0.0
0.0
0.0
38.0
287.0
544.0
761.0
920.0
1012.0
1031.0
974.0
846.0
656.0
417.0
144.0
0.0
0.0
0.0
0.0
0.0
0.0
0.0
0.0
0.0
0.0
0.0
0.0
41.0
293.0
551.0
767.0
926.0
1018.0
1036.0
979.0
851.0
661.0
422.0
149.0
0.0
0.0
0.0
0.0
0.0
0.0
0.0
0.0
0.0
0.0
0.0
0.0
45.0
300.0
558.0
774.0
933.0
1024.0
1042.0
985.0
857.0
666.0
426.0
153.0
0.0
0.0
0.0
0.0
0.0
0.0
0.0
0.0
0.0
0.0
0.0
0.0
49.0
307.0
565.0
780.0
939.0
1030.0
1047.0
990.0
862.0
671.0
431.0
158.0
0.0
0.0
0.0
0.0
0.0
0.0
0.0
0.0
0.0
0.0
0.0
0.0
53.0
314.0
571.0
787.0
945.0
1036.0
1053.0
995.0
866.0
675.0
435.0
162.0
1.0
0.0
0.0
0.0
0.0
0.0
0.0
0.0
0.0
0.0
0.0
0.0
58.0
321.0
578.0
793.0
951.0
1042.0
1058.0
1000.0
871.0
680.0
440.0
167.0
1.0
0.0
0.0
0.0
0.0
0.0
0.0
0.0
0.0
0.0
0.0
0.0
62.0
328.0
585.0
799.0
957.0
1047.0
1064.0
1005.0
876.0
685.0
444.0
171.0
1.0
0.0
0.0
0.0
0.0
0.0
0.0
0.0
0.0
0.0
0.0
0.0
67.0
335.0
592.0
806.0
963.0
1053.0
1069.0
1011.0
881.0
689.0
449.0
176.0
2.0
0.0
0.0
0.0
0.0
0.0
0.0
0.0
0.0
0.0
0.0
0.0
72.0
342.0
598.0
812.0
969.0
1059.0
1075.0
1015.0
886.0
694.0
453.0
180.0
2.0
0.0
0.0
0.0
0.0
0.0
0.0
0.0
0.0
0.0
0.0
0.0
77.0
349.0
605.0
819.0
975.0
1064.0
1080.0
1020.0
890.0
698.0
457.0
184.0
3.0
0.0
0.0
0.0
0.0
0.0
0.0
0.0
0.0
0.0
0.0
0.0
82.0
356.0
612.0
825.0
981.0
1070.0
1085.0
1025.0
895.0
703.0
462.0
188.0
4.0
0.0
0.0
0.0
0.0
0.0
0.0
0.0
0.0
0.0
0.0
0.0
88.0
363.0
618.0
831.0
987.0
1076.0
1090.0
1030.0
899.0
707.0
466.0
193.0
4.0
0.0
0.0
0.0
0.0
0.0
0.0
0.0
0.0
0.0
0.0
0.0
94.0
370.0
625.0
837.0
993.0
1081.0
1095.0
1035.0
904.0
711.0
470.0
197.0
5.0
0.0
0.0
0.0
0.0
0.0
0.0
0.0
0.0
0.0
0.0
0.0
99.0
376.0
631.0
844.0
999.0
1086.0
1100.0
1039.0
908.0
715.0
474.0
201.0
6.0
0.0
0.0
0.0
0.0
0.0
0.0
0.0
0.0
0.0
0.0
0.0
105.0
383.0
638.0
850.0
1005.0
1092.0
1105.0
1044.0
912.0
719.0
478.0
205.0
7.0
0.0
0.0
0.0
0.0
0.0
0.0
0.0
0.0
0.0
0.0
0.0
112.0
390.0
644.0
856.0
1010.0
1097.0
1110.0
1048.0
917.0
723.0
482.0
209.0
8.0
0.0
0.0
0.0
0.0
0.0
0.0
0.0
0.0
0.0
0.0
0.0
118.0
397.0
651.0
862.0
1016.0
1102.0
1115.0
1053.0
921.0
728.0
486.0
213.0
9.0
0.0
0.0
0.0
0.0
0.0
0.0
0.0
0.0
0.0
0.0
0.0
124.0
404.0
657.0
868.0
1021.0
1107.0
1119.0
1057.0
925.0
731.0
490.0
217.0
10.0
0.0
0.0
0.0
0.0
0.0
0.0
0.0
0.0
0.0
0.0
0.0
131.0
411.0
664.0
874.0
1027.0
1112.0
1124.0
1061.0
929.0
735.0
494.0
221.0
11.0
0.0
0.0
0.0
0.0
0.0
0.0
0.0
0.0
0.0
0.0
0.0
138.0
417.0
670.0
880.0
1032.0
1117.0
1129.0
1066.0
933.0
739.0
498.0
225.0
12.0
0.0
0.0
0.0
0.0
0.0
0.0
0.0
0.0
0.0
0.0
0.0
146.0
424.0
676.0
886.0
1038.0
1122.0
1133.0
1070.0
937.0
743.0
502.0
229.0
13.0
0.0
0.0
0.0
0.0
0.0
0.0
0.0
0.0
0.0
0.0
0.0
153.0
431.0
682.0
891.0
1043.0
1127.0
1137.0
1074.0
941.0
747.0
505.0
233.0
15.0
0.0
0.0
0.0
0.0
0.0
0.0
0.0
0.0
0.0
0.0
1.0
160.0
437.0
689.0
897.0
1048.0
1132.0
1142.0
1078.0
944.0
751.0
509.0
237.0
16.0
0.0
0.0
0.0
0.0
0.0
0.0
0.0
0.0
0.0
0.0
1.0
167.0
444.0
695.0
903.0
1053.0
1136.0
1146.0
1082.0
948.0
754.0
513.0
241.0
17.0
0.0
0.0
0.0
0.0
0.0
0.0
0.0
0.0
0.0
0.0
2.0
174.0
450.0
701.0
908.0
1058.0
1141.0
1150.0
1086.0
952.0
758.0
517.0
245.0
19.0
0.0
0.0
0.0
0.0
0.0
0.0
0.0
0.0
0.0
0.0
3.0
180.0
457.0
707.0
914.0
1063.0
1145.0
1154.0
1089.0
955.0
761.0
520.0
249.0
20.0
0.0
0.0
0.0
0.0
0.0
0.0
0.0
0.0
0.0
0.0
4.0
187.0
463.0
713.0
919.0
1068.0
1150.0
1158.0
1093.0
959.0
765.0
524.0
252.0
22.0
0.0
0.0
0.0
0.0
0.0
0.0
0.0
0.0
0.0
0.0
5.0
194.0
469.0
718.0
924.0
1073.0
1154.0
1162.0
1097.0
962.0
768.0
527.0
256.0
23.0
0.0
0.0
0.0
0.0
0.0
0.0
0.0
0.0
0.0
0.0
6.0
201.0
476.0
724.0
929.0
1078.0
1158.0
1166.0
1100.0
966.0
772.0
531.0
260.0
25.0
0.0
0.0
0.0
0.0
0.0
0.0
0.0
0.0
0.0
0.0
8.0
207.0
482.0
730.0
935.0
1082.0
1162.0
1170.0
1104.0
969.0
775.0
534.0
264.0
27.0
0.0
0.0
0.0
0.0
0.0
0.0
0.0
0.0
0.0
0.0
9.0
214.0
488.0
735.0
940.0
1087.0
1166.0
1173.0
1107.0
972.0
778.0
538.0
267.0
29.0
0.0
0.0
0.0
0.0
0.0
0.0
0.0
0.0
0.0
0.0
11.0
220.0
494.0
741.0
945.0
1091.0
1170.0
1177.0
1111.0
976.0
781.0
541.0
271.0
30.0
0.0
0.0
0.0
0.0
0.0
0.0
0.0
0.0
0.0
0.0
13.0
227.0
500.0
746.0
950.0
1096.0
1174.0
1181.0
1114.0
979.0
785.0
544.0
274.0
32.0
0.0
0.0
0.0
0.0
0.0
0.0
0.0
0.0
0.0
0.0
15.0
233.0
506.0
752.0
954.0
1100.0
1178.0
1184.0
1117.0
982.0
788.0
548.0
278.0
34.0
0.0
0.0
0.0
0.0
0.0
0.0
0.0
0.0
0.0
0.0
18.0
239.0
511.0
757.0
959.0
1104.0
1182.0
1187.0
1120.0
985.0
791.0
551.0
282.0
36.0
0.0
0.0
0.0
0.0
0.0
0.0
0.0
0.0
0.0
0.0
20.0
246.0
517.0
762.0
964.0
1108.0
1186.0
1191.0
1123.0
988.0
794.0
554.0
285.0
38.0
0.0
0.0
0.0
0.0
0.0
0.0
0.0
0.0
0.0
0.0
23.0
252.0
523.0
767.0
968.0
1112.0
1189.0
1194.0
1126.0
991.0
797.0
557.0
289.0
40.0
0.0
0.0
0.0
0.0
0.0
0.0
0.0
0.0
0.0
0.0
25.0
258.0
528.0
772.0
973.0
1116.0
1193.0
1197.0
1129.0
994.0
800.0
561.0
292.0
42.0
0.0
0.0
0.0
0.0
0.0
0.0
0.0
0.0
0.0
0.0
28.0
264.0
534.0
777.0
977.0
1120.0
1196.0
1200.0
1132.0
997.0
803.0
564.0
296.0
44.0
0.0
0.0
0.0
0.0
0.0
0.0
0.0
0.0
0.0
0.0
31.0
270.0
539.0
782.0
981.0
1124.0
1199.0
1203.0
1135.0
999.0
806.0
567.0
299.0
47.0
0.0
0.0
0.0
0.0
0.0
0.0
0.0
0.0
0.0
0.0
34.0
275.0
544.0
787.0
985.0
1127.0
1203.0
1206.0
1138.0
1002.0
808.0
570.0
303.0
49.0
0.0
0.0
0.0
0.0
0.0
0.0
0.0
0.0
0.0
0.0
37.0
281.0
550.0
791.0
989.0
1131.0
1206.0
1209.0
1141.0
1005.0
811.0
573.0
306.0
51.0
0.0
0.0
0.0
0.0
0.0
0.0
0.0
0.0
0.0
0.0
40.0
287.0
555.0
796.0
993.0
1134.0
1209.0
1212.0
1143.0
1007.0
814.0
576.0
310.0
53.0
0.0
0.0
0.0
0.0
0.0
0.0
0.0
0.0
0.0
0.0
43.0
292.0
560.0
800.0
997.0
1138.0
1212.0
1215.0
1146.0
1010.0
817.0
579.0
313.0
56.0
0.0
0.0
0.0
0.0
0.0
0.0
0.0
0.0
0.0
0.0
47.0
298.0
564.0
804.0
1001.0
1141.0
1215.0
1217.0
1148.0
1013.0
819.0
582.0
316.0
58.0
0.0
0.0
0.0
0.0
0.0
0.0
0.0
0.0
0.0
0.0
50.0
303.0
569.0
809.0
1005.0
1144.0
1218.0
1220.0
1151.0
1015.0
822.0
585.0
320.0
61.0
0.0
0.0
0.0
0.0
0.0
0.0
0.0
0.0
0.0
0.0
54.0
308.0
574.0
813.0
1008.0
1147.0
1220.0
1222.0
1153.0
1017.0
825.0
588.0
323.0
63.0
0.0
0.0
0.0
0.0
0.0
0.0
0.0
0.0
0.0
0.0
57.0
313.0
578.0
817.0
1012.0
1150.0
1223.0
1225.0
1155.0
1020.0
827.0
591.0
326.0
66.0
0.0
0.0
0.0
0.0
0.0
0.0
0.0
0.0
0.0
0.0
61.0
318.0
583.0
821.0
1015.0
1153.0
1226.0
1227.0
1158.0
1022.0
830.0
594.0
330.0
69.0
0.0
0.0
0.0
0.0
0.0
0.0
0.0
0.0
0.0
0.0
64.0
323.0
587.0
824.0
1018.0
1156.0
1228.0
1229.0
1160.0
1024.0
832.0
596.0
333.0
71.0
0.0
0.0
0.0
0.0
0.0
0.0
0.0
0.0
0.0
0.0
68.0
328.0
592.0
828.0
1022.0
1159.0
1230.0
1232.0
1162.0
1027.0
835.0
599.0
336.0
74.0
0.0
0.0
0.0
0.0
0.0
0.0
0.0
0.0
0.0
0.0
72.0
333.0
596.0
832.0
1025.0
1162.0
1233.0
1234.0
1164.0
1029.0
837.0
602.0
339.0
77.0
0.0
0.0
0.0
0.0
0.0
0.0
0.0
0.0
0.0
0.0
75.0
337.0
600.0
835.0
1028.0
1164.0
1235.0
1236.0
1166.0
1031.0
840.0
605.0
343.0
79.0
0.0
0.0
0.0
0.0
0.0
0.0
0.0
0.0
0.0
0.0
79.0
342.0
604.0
839.0
1031.0
1167.0
1237.0
1238.0
1168.0
1033.0
842.0
607.0
346.0
82.0
0.0
0.0
0.0
0.0
0.0
0.0
0.0
0.0
0.0
0.0
83.0
346.0
608.0
842.0
1033.0
1169.0
1239.0
1240.0
1170.0
1035.0
844.0
610.0
349.0
85.0
0.0
0.0
0.0
0.0
0.0
0.0
0.0
0.0
0.0
0.0
87.0
350.0
611.0
845.0
1036.0
1171.0
1241.0
1242.0
1172.0
1037.0
847.0
613.0
352.0
88.0
0.0
0.0
0.0
0.0
0.0
0.0
0.0
0.0
0.0
0.0
90.0
355.0
615.0
848.0
1039.0
1174.0
1243.0
1243.0
1174.0
1039.0
849.0
615.0
355.0
91.0
0.0
0.0
0.0
0.0
0.0
0.0
0.0
0.0
0.0
0.0
94.0
359.0
618.0
851.0
1041.0
1176.0
1245.0
1245.0
1176.0
1041.0
851.0
618.0
358.0
94.0
0.0
0.0
0.0
0.0
0.0
0.0
0.0
0.0
0.0
0.0
98.0
363.0
622.0
854.0
1044.0
1178.0
1247.0
1247.0
1177.0
1043.0
853.0
621.0
361.0
97.0
0.0
0.0
0.0
0.0
0.0
0.0
0.0
0.0
0.0
0.0
102.0
366.0
625.0
857.0
1046.0
1180.0
1249.0
1249.0
1179.0
1045.0
855.0
623.0
365.0
100.0
0.0
0.0
0.0
0.0
0.0
0.0
0.0
0.0
0.0
0.0
105.0
370.0
628.0
860.0
1048.0
1182.0
1251.0
1250.0
1181.0
1047.0
858.0
626.0
368.0
103.0
0.0
0.0
0.0
0.0
0.0
0.0
0.0
0.0
0.0
0.0
109.0
374.0
631.0
862.0
1050.0
1184.0
1252.0
1252.0
1182.0
1049.0
860.0
628.0
371.0
106.0
0.0
0.0
0.0
0.0
0.0
0.0
0.0
0.0
0.0
0.0
113.0
377.0
634.0
865.0
1053.0
1185.0
1254.0
1253.0
1184.0
1050.0
862.0
631.0
374.0
109.0
0.0
0.0
0.0
0.0
0.0
0.0
0.0
0.0
0.0
0.0
116.0
380.0
637.0
867.0
1055.0
1187.0
1255.0
1255.0
1185.0
1052.0
864.0
633.0
377.0
113.0
0.0
0.0
0.0
0.0
0.0
0.0
0.0
0.0
0.0
0.0
120.0
384.0
640.0
869.0
1056.0
1189.0
1257.0
1256.0
1187.0
1054.0
866.0
636.0
379.0
116.0
0.0
0.0
0.0
0.0
0.0
0.0
0.0
0.0
0.0
0.0
123.0
387.0
642.0
871.0
1058.0
1190.0
1258.0
1257.0
1188.0
1055.0
868.0
638.0
382.0
119.0
0.0
0.0
0.0
0.0
0.0
0.0
0.0
0.0
0.0
0.0
127.0
390.0
645.0
873.0
1060.0
1191.0
1259.0
1259.0
1190.0
1057.0
870.0
641.0
385.0
122.0
0.0
0.0
0.0
0.0
0.0
0.0
0.0
0.0
0.0
0.0
130.0
393.0
647.0
875.0
1062.0
1193.0
1261.0
1260.0
1191.0
1059.0
872.0
643.0
388.0
126.0
0.0
0.0
0.0
0.0
0.0
0.0
0.0
0.0
0.0
0.0
132.0
396.0
650.0
877.0
1063.0
1194.0
1262.0
1261.0
1192.0
1060.0
874.0
645.0
391.0
129.0
0.0
0.0
0.0
0.0
0.0
0.0
0.0
0.0
0.0
0.0
135.0
398.0
652.0
879.0
1065.0
1195.0
1263.0
1262.0
1194.0
1062.0
876.0
648.0
394.0
131.0
0.0
0.0
0.0
0.0
0.0
0.0
0.0
0.0
0.0
0.0
138.0
401.0
654.0
881.0
1066.0
1197.0
1264.0
1263.0
1195.0
1063.0
877.0
650.0
396.0
134.0
0.0
0.0
0.0
0.0
0.0
0.0
0.0
0.0
0.0
0.0
141.0
403.0
656.0
882.0
1067.0
1198.0
1265.0
1264.0
1196.0
1065.0
879.0
652.0
399.0
137.0
0.0
0.0
0.0
0.0
0.0
0.0
0.0
0.0
0.0
1.0
144.0
405.0
658.0
884.0
1068.0
1199.0
1266.0
1265.0
1197.0
1066.0
881.0
654.0
402.0
140.0
0.0
0.0
0.0
0.0
0.0
0.0
0.0
0.0
0.0
1.0
147.0
408.0
660.0
885.0
1070.0
1200.0
1267.0
1266.0
1198.0
1068.0
883.0
657.0
404.0
144.0
0.0
0.0
0.0
0.0
0.0
0.0
0.0
0.0
0.0
1.0
149.0
410.0
661.0
887.0
1071.0
1201.0
1268.0
1267.0
1199.0
1069.0
884.0
659.0
407.0
147.0
1.0
0.0
0.0
0.0
0.0
0.0
0.0
0.0
0.0
1.0
152.0
412.0
663.0
888.0
1072.0
1201.0
1268.0
1268.0
1200.0
1070.0
886.0
661.0
410.0
150.0
1.0
0.0
0.0
0.0
0.0
0.0
0.0
0.0
0.0
1.0
154.0
414.0
664.0
889.0
1072.0
1202.0
1269.0
1269.0
1202.0
1072.0
888.0
663.0
412.0
153.0
1.0
0.0
0.0
0.0
0.0
0.0
0.0
0.0
0.0
2.0
156.0
415.0
666.0
890.0
1073.0
1203.0
1270.0
1270.0
1202.0
1073.0
889.0
665.0
415.0
155.0
2.0
0.0
0.0
0.0
0.0
0.0
0.0
0.0
0.0
2.0
158.0
417.0
667.0
891.0
1074.0
1203.0
1270.0
1270.0
1203.0
1074.0
891.0
667.0
417.0
158.0
2.0
0.0
0.0
0.0
0.0
0.0
0.0
0.0
0.0
2.0
160.0
419.0
668.0
892.0
1075.0
1204.0
1271.0
1271.0
1204.0
1075.0
893.0
669.0
419.0
161.0
2.0
0.0
0.0
0.0
0.0
0.0
0.0
0.0
0.0
3.0
162.0
420.0
669.0
893.0
1075.0
1205.0
1272.0
1272.0
1205.0
1076.0
894.0
671.0
422.0
164.0
3.0
0.0
0.0
0.0
0.0
0.0
0.0
0.0
0.0
3.0
164.0
421.0
670.0
894.0
1076.0
1205.0
1272.0
1272.0
1206.0
1078.0
896.0
673.0
424.0
167.0
3.0
0.0
0.0
0.0
0.0
0.0
0.0
0.0
0.0
3.0
165.0
423.0
671.0
894.0
1076.0
1205.0
1273.0
1273.0
1207.0
1079.0
897.0
675.0
426.0
169.0
4.0
0.0
0.0
0.0
0.0
0.0
0.0
0.0
0.0
3.0
167.0
424.0
672.0
895.0
1077.0
1206.0
1273.0
1274.0
1208.0
1080.0
899.0
677.0
429.0
172.0
4.0
0.0
0.0
0.0
0.0
0.0
0.0
0.0
0.0
4.0
168.0
425.0
673.0
895.0
1077.0
1206.0
1273.0
1274.0
1209.0
1081.0
900.0
678.0
431.0
174.0
5.0
0.0
0.0
0.0
0.0
0.0
0.0
0.0
0.0
4.0
169.0
426.0
673.0
896.0
1077.0
1206.0
1274.0
1275.0
1209.0
1082.0
902.0
680.0
433.0
177.0
5.0
0.0
0.0
0.0
0.0
0.0
0.0
0.0
0.0
4.0
171.0
426.0
674.0
896.0
1078.0
1207.0
1274.0
1275.0
1210.0
1083.0
903.0
682.0
435.0
179.0
6.0
0.0
0.0
0.0
0.0
0.0
0.0
0.0
0.0
5.0
172.0
427.0
674.0
896.0
1078.0
1207.0
1274.0
1276.0
1211.0
1084.0
904.0
684.0
437.0
181.0
7.0
0.0
0.0
0.0
0.0
0.0
0.0
0.0
0.0
5.0
172.0
428.0
675.0
896.0
1078.0
1207.0
1274.0
1276.0
1211.0
1085.0
905.0
685.0
439.0
184.0
7.0
0.0
0.0
0.0
0.0
0.0
0.0
0.0
0.0
5.0
173.0
428.0
675.0
897.0
1078.0
1207.0
1275.0
1276.0
1212.0
1086.0
907.0
687.0
441.0
186.0
8.0
0.0
0.0
0.0
0.0
0.0
0.0
0.0
0.0
5.0
174.0
429.0
675.0
897.0
1078.0
1207.0
1275.0
1277.0
1212.0
1087.0
908.0
688.0
443.0
188.0
8.0
0.0
0.0
0.0
0.0
0.0
0.0
0.0
0.0
5.0
174.0
429.0
675.0
897.0
1078.0
1207.0
1275.0
1277.0
1213.0
1088.0
909.0
690.0
445.0
190.0
9.0
0.0
0.0
0.0
0.0
0.0
0.0
0.0
0.0
5.0
175.0
429.0
675.0
897.0
1078.0
1207.0
1275.0
1277.0
1214.0
1088.0
910.0
691.0
446.0
192.0
9.0
0.0
0.0
0.0
0.0
0.0
0.0
0.0
0.0
5.0
175.0
429.0
675.0
896.0
1078.0
1207.0
1275.0
1277.0
1214.0
1089.0
911.0
693.0
448.0
194.0
10.0
0.0
0.0
0.0
0.0
0.0
0.0
0.0
0.0
6.0
175.0
429.0
675.0
896.0
1078.0
1207.0
1275.0
1278.0
1215.0
1090.0
912.0
694.0
450.0
196.0
11.0
0.0
0.0
0.0
0.0
0.0
0.0
0.0
0.0
6.0
176.0
429.0
675.0
896.0
1077.0
1207.0
1275.0
1278.0
1215.0
1091.0
913.0
695.0
451.0
197.0
11.0
0.0
0.0
0.0
0.0
0.0
0.0
0.0
0.0
6.0
176.0
429.0
675.0
896.0
1077.0
1206.0
1275.0
1278.0
1215.0
1091.0
914.0
697.0
453.0
199.0
12.0
0.0
0.0
0.0
0.0
0.0
0.0
0.0
0.0
6.0
175.0
429.0
674.0
895.0
1077.0
1206.0
1275.0
1278.0
1216.0
1092.0
915.0
698.0
454.0
201.0
12.0
0.0
0.0
0.0
0.0
0.0
0.0
0.0
0.0
6.0
175.0
428.0
674.0
895.0
1076.0
1206.0
1275.0
1278.0
1216.0
1093.0
916.0
699.0
455.0
202.0
13.0
0.0
0.0
0.0
0.0
0.0
0.0
0.0
0.0
6.0
175.0
428.0
673.0
894.0
1076.0
1206.0
1275.0
1278.0
1217.0
1093.0
917.0
700.0
457.0
204.0
13.0
0.0
0.0
0.0
0.0
0.0
0.0
0.0
0.0
6.0
175.0
427.0
673.0
894.0
1075.0
1205.0
1274.0
1278.0
1217.0
1094.0
918.0
701.0
458.0
205.0
14.0
0.0
0.0
0.0
0.0
0.0
0.0
0.0
0.0
5.0
174.0
427.0
672.0
893.0
1075.0
1205.0
1274.0
1278.0
1217.0
1094.0
919.0
702.0
459.0
206.0
14.0
0.0
0.0
0.0
0.0
0.0
0.0
0.0
0.0
5.0
174.0
426.0
671.0
892.0
1074.0
1204.0
1274.0
1278.0
1217.0
1095.0
919.0
703.0
460.0
207.0
15.0
0.0
0.0
0.0
0.0
0.0
0.0
0.0
0.0
5.0
173.0
425.0
671.0
892.0
1074.0
1204.0
1274.0
1278.0
1218.0
1095.0
920.0
704.0
461.0
208.0
15.0
0.0
0.0
0.0
0.0
0.0
0.0
0.0
0.0
5.0
172.0
425.0
670.0
891.0
1073.0
1203.0
1274.0
1278.0
1218.0
1096.0
921.0
705.0
462.0
209.0
15.0
0.0
0.0
0.0
0.0
0.0
0.0
0.0
0.0
5.0
171.0
424.0
669.0
890.0
1072.0
1203.0
1273.0
1278.0
1218.0
1096.0
921.0
705.0
463.0
210.0
16.0
0.0
0.0
0.0
0.0
0.0
0.0
0.0
0.0
5.0
170.0
423.0
668.0
889.0
1071.0
1202.0
1273.0
1278.0
1218.0
1097.0
922.0
706.0
464.0
211.0
16.0
0.0
0.0
0.0
0.0
0.0
0.0
0.0
0.0
5.0
169.0
422.0
667.0
888.0
1071.0
1202.0
1273.0
1278.0
1218.0
1097.0
922.0
707.0
464.0
212.0
16.0
0.0
0.0
0.0
0.0
0.0
0.0
0.0
0.0
4.0
168.0
420.0
666.0
887.0
1070.0
1201.0
1272.0
1278.0
1218.0
1097.0
923.0
707.0
465.0
212.0
16.0
0.0
0.0
0.0
0.0
0.0
0.0
0.0
0.0
4.0
167.0
419.0
665.0
886.0
1069.0
1201.0
1272.0
1278.0
1218.0
1097.0
923.0
708.0
465.0
213.0
17.0
0.0
0.0
0.0
0.0
0.0
0.0
0.0
0.0
4.0
165.0
418.0
663.0
885.0
1068.0
1200.0
1271.0
1278.0
1218.0
1098.0
924.0
708.0
466.0
213.0
17.0
0.0
0.0
0.0
0.0
0.0
0.0
0.0
0.0
4.0
164.0
417.0
662.0
884.0
1067.0
1199.0
1271.0
1277.0
1218.0
1098.0
924.0
708.0
466.0
214.0
17.0
0.0
0.0
0.0
0.0
0.0
0.0
0.0
0.0
3.0
163.0
415.0
661.0
883.0
1066.0
1198.0
1270.0
1277.0
1218.0
1098.0
924.0
709.0
466.0
214.0
17.0
0.0
0.0
0.0
0.0
0.0
0.0
0.0
0.0
3.0
161.0
414.0
659.0
882.0
1065.0
1198.0
1270.0
1277.0
1218.0
1098.0
924.0
709.0
467.0
214.0
17.0
0.0
0.0
0.0
0.0
0.0
0.0
0.0
0.0
3.0
159.0
412.0
658.0
881.0
1064.0
1197.0
1269.0
1277.0
1218.0
1098.0
924.0
709.0
467.0
214.0
17.0
0.0
0.0
0.0
0.0
0.0
0.0
0.0
0.0
3.0
158.0
410.0
657.0
879.0
1063.0
1196.0
1269.0
1276.0
1218.0
1098.0
924.0
709.0
467.0
214.0
17.0
0.0
0.0
0.0
0.0
0.0
0.0
0.0
0.0
2.0
156.0
409.0
655.0
878.0
1062.0
1195.0
1268.0
1276.0
1218.0
1098.0
924.0
709.0
467.0
214.0
17.0
0.0
0.0
0.0
0.0
0.0
0.0
0.0
0.0
2.0
154.0
407.0
654.0
877.0
1061.0
1195.0
1268.0
1275.0
1218.0
1098.0
924.0
709.0
467.0
213.0
16.0
0.0
0.0
0.0
0.0
0.0
0.0
0.0
0.0
2.0
152.0
405.0
652.0
875.0
1060.0
1194.0
1267.0
1275.0
1217.0
1098.0
924.0
709.0
466.0
213.0
16.0
0.0
0.0
0.0
0.0
0.0
0.0
0.0
0.0
1.0
150.0
403.0
650.0
874.0
1059.0
1193.0
1266.0
1275.0
1217.0
1097.0
924.0
709.0
466.0
213.0
16.0
0.0
0.0
0.0
0.0
0.0
0.0
0.0
0.0
1.0
148.0
401.0
649.0
872.0
1058.0
1192.0
1266.0
1274.0
1217.0
1097.0
924.0
708.0
466.0
212.0
16.0
0.0
0.0
0.0
0.0
0.0
0.0
0.0
0.0
1.0
146.0
399.0
647.0
871.0
1057.0
1191.0
1265.0
1274.0
1216.0
1097.0
923.0
708.0
465.0
211.0
15.0
0.0
0.0
0.0
0.0
0.0
0.0
0.0
0.0
1.0
143.0
397.0
645.0
869.0
1055.0
1190.0
1264.0
1273.0
1216.0
1096.0
923.0
707.0
464.0
210.0
15.0
0.0
0.0
0.0
0.0
0.0
0.0
0.0
0.0
1.0
141.0
395.0
643.0
868.0
1054.0
1189.0
1263.0
1272.0
1215.0
1096.0
923.0
707.0
464.0
209.0
15.0
0.0
0.0
0.0
0.0
0.0
0.0
0.0
0.0
0.0
139.0
393.0
641.0
866.0
1053.0
1188.0
1263.0
1272.0
1215.0
1095.0
922.0
706.0
463.0
208.0
14.0
0.0
0.0
0.0
0.0
0.0
0.0
0.0
0.0
0.0
136.0
391.0
639.0
865.0
1051.0
1187.0
1262.0
1271.0
1214.0
1095.0
921.0
705.0
462.0
207.0
14.0
0.0
0.0
0.0
0.0
0.0
0.0
0.0
0.0
0.0
134.0
389.0
638.0
863.0
1050.0
1186.0
1261.0
1270.0
1214.0
1094.0
921.0
705.0
461.0
206.0
13.0
0.0
0.0
0.0
0.0
0.0
0.0
0.0
0.0
0.0
131.0
386.0
636.0
861.0
1049.0
1185.0
1260.0
1270.0
1213.0
1094.0
920.0
704.0
460.0
204.0
13.0
0.0
0.0
0.0
0.0
0.0
0.0
0.0
0.0
0.0
129.0
384.0
634.0
860.0
1047.0
1184.0
1259.0
1269.0
1212.0
1093.0
919.0
703.0
458.0
203.0
12.0
0.0
0.0
0.0
0.0
0.0
0.0
0.0
0.0
0.0
126.0
382.0
631.0
858.0
1046.0
1182.0
1258.0
1268.0
1212.0
1092.0
918.0
702.0
457.0
201.0
12.0
0.0
0.0
0.0
0.0
0.0
0.0
0.0
0.0
0.0
125.0
379.0
629.0
856.0
1045.0
1181.0
1257.0
1267.0
1211.0
1091.0
917.0
700.0
456.0
200.0
11.0
0.0
0.0
0.0
0.0
0.0
0.0
0.0
0.0
0.0
122.0
377.0
627.0
855.0
1043.0
1180.0
1256.0
1266.0
1210.0
1090.0
916.0
699.0
454.0
198.0
10.0
0.0
0.0
0.0
0.0
0.0
0.0
0.0
0.0
0.0
119.0
374.0
625.0
853.0
1042.0
1179.0
1255.0
1266.0
1209.0
1089.0
915.0
698.0
452.0
196.0
10.0
0.0
0.0
0.0
0.0
0.0
0.0
0.0
0.0
0.0
116.0
372.0
623.0
851.0
1040.0
1178.0
1254.0
1265.0
1208.0
1088.0
914.0
696.0
451.0
194.0
9.0
0.0
0.0
0.0
0.0
0.0
0.0
0.0
0.0
0.0
114.0
369.0
621.0
849.0
1039.0
1176.0
1253.0
1264.0
1207.0
1087.0
913.0
695.0
449.0
191.0
8.0
0.0
0.0
0.0
0.0
0.0
0.0
0.0
0.0
0.0
111.0
367.0
619.0
847.0
1037.0
1175.0
1252.0
1263.0
1206.0
1086.0
911.0
693.0
447.0
189.0
8.0
0.0
0.0
0.0
0.0
0.0
0.0
0.0
0.0
0.0
108.0
364.0
616.0
845.0
1035.0
1174.0
1251.0
1261.0
1205.0
1085.0
910.0
691.0
445.0
187.0
7.0
0.0
0.0
0.0
0.0
0.0
0.0
0.0
0.0
0.0
105.0
362.0
614.0
843.0
1034.0
1172.0
1250.0
1260.0
1204.0
1084.0
908.0
690.0
443.0
184.0
6.0
0.0
0.0
0.0
0.0
0.0
0.0
0.0
0.0
0.0
103.0
359.0
612.0
841.0
1032.0
1171.0
1248.0
1259.0
1202.0
1082.0
907.0
688.0
440.0
181.0
6.0
0.0
0.0
0.0
0.0
0.0
0.0
0.0
0.0
0.0
100.0
356.0
609.0
839.0
1031.0
1170.0
1247.0
1258.0
1201.0
1081.0
905.0
686.0
438.0
178.0
5.0
0.0
0.0
0.0
0.0
0.0
0.0
0.0
0.0
0.0
97.0
353.0
607.0
838.0
1029.0
1168.0
1246.0
1257.0
1200.0
1079.0
903.0
684.0
435.0
176.0
4.0
0.0
0.0
0.0
0.0
0.0
0.0
0.0
0.0
0.0
94.0
351.0
605.0
836.0
1027.0
1167.0
1244.0
1255.0
1198.0
1078.0
901.0
681.0
433.0
172.0
4.0
0.0
0.0
0.0
0.0
0.0
0.0
0.0
0.0
0.0
92.0
348.0
602.0
834.0
1025.0
1165.0
1243.0
1254.0
1197.0
1076.0
899.0
679.0
430.0
169.0
3.0
0.0
0.0
0.0
0.0
0.0
0.0
0.0
0.0
0.0
89.0
345.0
600.0
831.0
1024.0
1164.0
1242.0
1252.0
1195.0
1074.0
897.0
676.0
427.0
166.0
3.0
0.0
0.0
0.0
0.0
0.0
0.0
0.0
0.0
0.0
86.0
342.0
598.0
829.0
1022.0
1162.0
1240.0
1251.0
1194.0
1072.0
895.0
674.0
424.0
163.0
2.0
0.0
0.0
0.0
0.0
0.0
0.0
0.0
0.0
0.0
84.0
339.0
595.0
827.0
1020.0
1160.0
1239.0
1249.0
1192.0
1070.0
893.0
671.0
421.0
159.0
2.0
0.0
0.0
0.0
0.0
0.0
0.0
0.0
0.0
0.0
81.0
336.0
593.0
825.0
1018.0
1159.0
1237.0
1248.0
1190.0
1068.0
890.0
669.0
418.0
155.0
1.0
0.0
0.0
0.0
0.0
0.0
0.0
0.0
0.0
0.0
78.0
333.0
590.0
823.0
1017.0
1157.0
1236.0
1246.0
1188.0
1066.0
888.0
666.0
415.0
152.0
1.0
0.0
0.0
0.0
0.0
0.0
0.0
0.0
0.0
0.0
76.0
331.0
588.0
821.0
1015.0
1155.0
1234.0
1244.0
1187.0
1064.0
885.0
663.0
411.0
148.0
1.0
0.0
0.0
0.0
0.0
0.0
0.0
0.0
0.0
0.0
73.0
328.0
585.0
819.0
1013.0
1154.0
1232.0
1243.0
1185.0
1062.0
883.0
660.0
408.0
144.0
0.0
0.0
0.0
0.0
0.0
0.0
0.0
0.0
0.0
0.0
71.0
325.0
583.0
817.0
1011.0
1152.0
1230.0
1241.0
1183.0
1060.0
880.0
656.0
404.0
140.0
0.0
0.0
0.0
0.0
0.0
0.0
0.0
0.0
0.0
0.0
68.0
322.0
580.0
814.0
1009.0
1150.0
1229.0
1239.0
1181.0
1057.0
877.0
653.0
400.0
135.0
0.0
0.0
0.0
0.0
0.0
0.0
0.0
0.0
0.0
0.0
66.0
319.0
577.0
812.0
1007.0
1148.0
1227.0
1237.0
1178.0
1055.0
874.0
650.0
396.0
132.0
0.0
0.0
0.0
0.0
0.0
0.0
0.0
0.0
0.0
0.0
63.0
316.0
575.0
810.0
1005.0
1146.0
1225.0
1235.0
1176.0
1052.0
871.0
646.0
392.0
128.0
0.0
0.0
0.0
0.0
0.0
0.0
0.0
0.0
0.0
0.0
61.0
313.0
572.0
808.0
1003.0
1145.0
1223.0
1233.0
1174.0
1049.0
868.0
643.0
388.0
123.0
0.0
0.0
0.0
0.0
0.0
0.0
0.0
0.0
0.0
0.0
59.0
310.0
570.0
805.0
1001.0
1143.0
1221.0
1231.0
1171.0
1047.0
865.0
639.0
384.0
119.0
0.0
0.0
0.0
0.0
0.0
0.0
0.0
0.0
0.0
0.0
57.0
306.0
567.0
803.0
999.0
1141.0
1219.0
1229.0
1169.0
1044.0
862.0
635.0
380.0
114.0
0.0
0.0
0.0
0.0
0.0
0.0
0.0
0.0
0.0
0.0
54.0
303.0
564.0
801.0
997.0
1139.0
1217.0
1226.0
1166.0
1041.0
858.0
631.0
375.0
110.0
0.0
0.0
0.0
0.0
0.0
0.0
0.0
0.0
0.0
0.0
52.0
300.0
562.0
798.0
994.0
1137.0
1215.0
1224.0
1164.0
1038.0
855.0
627.0
371.0
105.0
0.0
0.0
0.0
0.0
0.0
0.0
0.0
0.0
0.0
0.0
50.0
297.0
559.0
796.0
992.0
1134.0
1213.0
1222.0
1161.0
1035.0
851.0
623.0
366.0
101.0
0.0
0.0
0.0
0.0
0.0
0.0
0.0
0.0
0.0
0.0
48.0
294.0
556.0
794.0
990.0
1132.0
1210.0
1219.0
1158.0
1031.0
848.0
619.0
361.0
96.0
0.0
0.0
0.0
0.0
0.0
0.0
0.0
0.0
0.0
0.0
46.0
291.0
553.0
791.0
988.0
1130.0
1208.0
1217.0
1155.0
1028.0
844.0
615.0
357.0
92.0
0.0
0.0
0.0
0.0
0.0
0.0
0.0
0.0
0.0
0.0
44.0
288.0
551.0
789.0
986.0
1128.0
1206.0
1214.0
1152.0
1025.0
840.0
610.0
352.0
88.0
0.0
0.0
0.0
0.0
0.0
0.0
0.0
0.0
0.0
0.0
42.0
285.0
548.0
786.0
983.0
1126.0
1203.0
1212.0
1149.0
1021.0
836.0
606.0
347.0
83.0
0.0
0.0
0.0
0.0
0.0
0.0
0.0
0.0
0.0
0.0
40.0
282.0
545.0
784.0
981.0
1123.0
1201.0
1209.0
1146.0
1018.0
832.0
601.0
342.0
79.0
0.0
0.0
0.0
0.0
0.0
0.0
0.0
0.0
0.0
0.0
38.0
278.0
542.0
781.0
979.0
1121.0
1198.0
1206.0
1143.0
1014.0
828.0
596.0
336.0
75.0
0.0
0.0
0.0
0.0
0.0
0.0
0.0
0.0
0.0
0.0
36.0
275.0
540.0
779.0
976.0
1118.0
1196.0
1203.0
1140.0
1010.0
823.0
592.0
331.0
71.0
0.0
0.0
0.0
0.0
0.0
0.0
0.0
0.0
0.0
0.0
34.0
272.0
537.0
776.0
974.0
1116.0
1193.0
1200.0
1137.0
1007.0
819.0
587.0
326.0
66.0
0.0
0.0
0.0
0.0
0.0
0.0
0.0
0.0
0.0
0.0
32.0
269.0
534.0
774.0
971.0
1113.0
1190.0
1197.0
1133.0
1003.0
814.0
582.0
320.0
62.0
0.0
0.0
0.0
0.0
0.0
0.0
0.0
0.0
0.0
0.0
31.0
266.0
531.0
771.0
969.0
1111.0
1188.0
1194.0
1130.0
999.0
810.0
577.0
314.0
58.0
0.0
0.0
0.0
0.0
0.0
0.0
0.0
0.0
0.0
0.0
29.0
262.0
528.0
768.0
966.0
1108.0
1185.0
1191.0
1126.0
994.0
805.0
571.0
309.0
54.0
0.0
0.0
0.0
0.0
0.0
0.0
0.0
0.0
0.0
0.0
27.0
259.0
525.0
766.0
963.0
1105.0
1182.0
1188.0
1122.0
990.0
801.0
566.0
303.0
51.0
0.0
0.0
0.0
0.0
0.0
0.0
0.0
0.0
0.0
0.0
26.0
256.0
522.0
763.0
961.0
1103.0
1179.0
1184.0
1119.0
986.0
796.0
561.0
297.0
47.0
0.0
0.0
0.0
0.0
0.0
0.0
0.0
0.0
0.0
0.0
24.0
253.0
520.0
760.0
958.0
1100.0
1176.0
1181.0
1115.0
982.0
791.0
555.0
291.0
43.0
0.0
0.0
0.0
0.0
0.0
0.0
0.0
0.0
0.0
0.0
23.0
249.0
517.0
757.0
955.0
1097.0
1173.0
1178.0
1111.0
977.0
786.0
550.0
285.0
40.0
0.0
0.0
0.0
0.0
0.0
0.0
0.0
0.0
0.0
0.0
21.0
246.0
514.0
755.0
953.0
1094.0
1170.0
1174.0
1107.0
973.0
781.0
544.0
279.0
36.0
0.0
0.0
0.0
0.0
0.0
0.0
0.0
0.0
0.0
0.0
20.0
243.0
511.0
752.0
950.0
1091.0
1166.0
1170.0
1103.0
968.0
776.0
538.0
273.0
33.0
0.0
0.0
0.0
0.0
0.0
0.0
0.0
0.0
0.0
0.0
19.0
240.0
508.0
749.0
947.0
1088.0
1163.0
1167.0
1099.0
963.0
770.0
532.0
266.0
30.0
0.0
0.0
0.0
0.0
0.0
0.0
0.0
0.0
0.0
0.0
17.0
236.0
505.0
746.0
944.0
1085.0
1160.0
1163.0
1094.0
959.0
765.0
527.0
260.0
27.0
0.0
0.0
0.0
0.0
0.0
0.0
0.0
0.0
0.0
0.0
16.0
233.0
502.0
743.0
941.0
1082.0
1156.0
1159.0
1090.0
954.0
759.0
521.0
253.0
24.0
0.0
0.0
0.0
0.0
0.0
0.0
0.0
0.0
0.0
0.0
15.0
230.0
498.0
740.0
938.0
1079.0
1153.0
1155.0
1086.0
949.0
754.0
515.0
247.0
21.0
0.0
0.0
0.0
0.0
0.0
0.0
0.0
0.0
0.0
0.0
14.0
226.0
495.0
737.0
935.0
1076.0
1149.0
1151.0
1081.0
944.0
748.0
508.0
240.0
19.0
0.0
0.0
0.0
0.0
0.0
0.0
0.0
0.0
0.0
0.0
13.0
223.0
492.0
734.0
932.0
1072.0
1146.0
1147.0
1077.0
939.0
743.0
502.0
234.0
16.0
0.0
0.0
0.0
0.0
0.0
0.0
0.0
0.0
0.0
0.0
12.0
219.0
489.0
731.0
929.0
1069.0
1142.0
1143.0
1072.0
933.0
737.0
496.0
227.0
14.0
0.0
0.0
0.0
0.0
0.0
0.0
0.0
0.0
0.0
0.0
11.0
216.0
486.0
728.0
925.0
1066.0
1138.0
1139.0
1067.0
928.0
731.0
490.0
220.0
12.0
0.0
0.0
0.0
0.0
0.0
0.0
0.0
0.0
0.0
0.0
10.0
213.0
483.0
725.0
922.0
1062.0
1134.0
1135.0
1062.0
923.0
725.0
483.0
214.0
10.0
0.0
0.0
0.0
0.0
0.0
0.0
0.0
0.0
0.0
0.0
9.0
209.0
479.0
721.0
919.0
1058.0
1131.0
1130.0
1057.0
917.0
719.0
477.0
207.0
8.0
0.0
0.0
0.0
0.0
0.0
0.0
0.0
0.0
0.0
0.0
8.0
206.0
476.0
718.0
916.0
1055.0
1127.0
1126.0
1053.0
912.0
713.0
470.0
200.0
6.0
0.0
0.0
0.0
0.0
0.0
0.0
0.0
0.0
0.0
0.0
7.0
202.0
473.0
715.0
912.0
1051.0
1123.0
1121.0
1048.0
906.0
707.0
464.0
193.0
5.0
0.0
0.0
0.0
0.0
0.0
0.0
0.0
0.0
0.0
0.0
6.0
199.0
469.0
711.0
909.0
1047.0
1118.0
1117.0
1042.0
901.0
701.0
457.0
186.0
4.0
0.0
0.0
0.0
0.0
0.0
0.0
0.0
0.0
0.0
0.0
5.0
195.0
466.0
708.0
905.0
1044.0
1114.0
1112.0
1037.0
895.0
695.0
451.0
179.0
3.0
0.0
0.0
0.0
0.0
0.0
0.0
0.0
0.0
0.0
0.0
5.0
192.0
463.0
705.0
902.0
1040.0
1110.0
1107.0
1032.0
889.0
689.0
444.0
172.0
2.0
0.0
0.0
0.0
0.0
0.0
0.0
0.0
0.0
0.0
0.0
4.0
188.0
459.0
701.0
898.0
1036.0
1106.0
1103.0
1027.0
884.0
682.0
437.0
165.0
1.0
0.0
0.0
0.0
0.0
0.0
0.0
0.0
0.0
0.0
0.0
3.0
185.0
456.0
698.0
894.0
1032.0
1101.0
1098.0
1021.0
878.0
676.0
430.0
158.0
0.0
0.0
0.0
0.0
0.0
0.0
0.0
0.0
0.0
0.0
0.0
3.0
181.0
452.0
694.0
890.0
1028.0
1097.0
1093.0
1016.0
872.0
670.0
424.0
150.0
0.0
0.0
0.0
0.0
0.0
0.0
0.0
0.0
0.0
0.0
0.0
2.0
177.0
448.0
690.0
887.0
1024.0
1092.0
1088.0
1011.0
866.0
663.0
417.0
143.0
0.0
0.0
0.0
0.0
0.0
0.0
0.0
0.0
0.0
0.0
0.0
2.0
174.0
445.0
687.0
883.0
1020.0
1088.0
1083.0
1005.0
860.0
657.0
410.0
135.0
0.0
0.0
0.0
0.0
0.0
0.0
0.0
0.0
0.0
0.0
0.0
1.0
170.0
441.0
683.0
879.0
1015.0
1083.0
1078.0
1000.0
854.0
650.0
403.0
128.0
0.0
0.0
0.0
0.0
0.0
0.0
0.0
0.0
0.0
0.0
0.0
1.0
166.0
438.0
679.0
875.0
1011.0
1079.0
1073.0
994.0
848.0
644.0
396.0
121.0
0.0
0.0
0.0
0.0
0.0
0.0
0.0
0.0
0.0
0.0
0.0
1.0
162.0
434.0
675.0
871.0
1007.0
1074.0
1067.0
988.0
841.0
637.0
389.0
115.0
0.0
0.0
0.0
0.0
0.0
0.0
0.0
0.0
0.0
0.0
0.0
1.0
159.0
430.0
672.0
867.0
1002.0
1069.0
1062.0
982.0
835.0
630.0
382.0
108.0
0.0
0.0
0.0
0.0
0.0
0.0
0.0
0.0
0.0
0.0
0.0
0.0
155.0
426.0
668.0
863.0
998.0
1064.0
1057.0
977.0
829.0
624.0
375.0
102.0
0.0
0.0
0.0
0.0
0.0
0.0
0.0
0.0
0.0
0.0
0.0
0.0
151.0
422.0
664.0
858.0
993.0
1059.0
1051.0
971.0
823.0
617.0
368.0
96.0
0.0
0.0
0.0
0.0
0.0
0.0
0.0
0.0
0.0
0.0
0.0
0.0
147.0
418.0
660.0
854.0
989.0
1054.0
1046.0
965.0
816.0
610.0
361.0
90.0
0.0
0.0
0.0
0.0
0.0
0.0
0.0
0.0
0.0
0.0
0.0
0.0
143.0
415.0
656.0
850.0
984.0
1049.0
1041.0
959.0
810.0
604.0
354.0
85.0
0.0
0.0
0.0
0.0
0.0
0.0
0.0
0.0
0.0
0.0
0.0
0.0
138.0
411.0
651.0
845.0
979.0
1044.0
1035.0
953.0
804.0
597.0
347.0
79.0
0.0
0.0
0.0
0.0
0.0
0.0
0.0
0.0
0.0
0.0
0.0
0.0
134.0
407.0
647.0
841.0
975.0
1039.0
1029.0
947.0
797.0
590.0
340.0
74.0
0.0
0.0
0.0
0.0
0.0
0.0
0.0
0.0
0.0
0.0
0.0
0.0
130.0
402.0
643.0
836.0
970.0
1034.0
1024.0
941.0
791.0
584.0
333.0
69.0
0.0
0.0
0.0
0.0
0.0
0.0
0.0
0.0
0.0
0.0
0.0
0.0
126.0
398.0
639.0
832.0
965.0
1028.0
1018.0
935.0
785.0
577.0
326.0
64.0
0.0
0.0
0.0
0.0
0.0
0.0
0.0
0.0
0.0
0.0
0.0
0.0
122.0
394.0
634.0
827.0
960.0
1023.0
1012.0
929.0
778.0
570.0
319.0
59.0
0.0
0.0
0.0
0.0
0.0
0.0
0.0
0.0
0.0
0.0
0.0
0.0
118.0
390.0
630.0
823.0
955.0
1018.0
1007.0
923.0
772.0
563.0
313.0
55.0
0.0
0.0
0.0
0.0
0.0
0.0
0.0
0.0
0.0
0.0
0.0
0.0
115.0
386.0
626.0
818.0
950.0
1012.0
1001.0
917.0
765.0
557.0
306.0
51.0
0.0
0.0
0.0
0.0
0.0
0.0
0.0
0.0
0.0
0.0
0.0
0.0
111.0
381.0
621.0
813.0
945.0
1007.0
995.0
911.0
759.0
550.0
299.0
47.0
0.0
0.0
0.0
0.0
0.0
0.0
0.0
0.0
0.0
0.0
0.0
0.0
107.0
377.0
617.0
808.0
940.0
1001.0
989.0
904.0
752.0
543.0
292.0
43.0
0.0
0.0
0.0
0.0
0.0
0.0
0.0
0.0
0.0
0.0
0.0
0.0
103.0
373.0
612.0
804.0
934.0
996.0
983.0
898.0
746.0
537.0
285.0
39.0
0.0
0.0
0.0
0.0
0.0
0.0
0.0
0.0
0.0
0.0
0.0
0.0
100.0
368.0
607.0
799.0
929.0
990.0
978.0
892.0
739.0
530.0
278.0
36.0
0.0
0.0
0.0
0.0
0.0
0.0
0.0
0.0
0.0
0.0
0.0
0.0
96.0
364.0
603.0
794.0
924.0
985.0
972.0
886.0
733.0
523.0
272.0
32.0
0.0
0.0
0.0
0.0
0.0
0.0
0.0
0.0
0.0
0.0
0.0
0.0
93.0
359.0
598.0
789.0
919.0
979.0
966.0
880.0
726.0
517.0
265.0
29.0
0.0
0.0
0.0
0.0
0.0
0.0
0.0
0.0
0.0
0.0
0.0
0.0
89.0
355.0
593.0
784.0
913.0
973.0
960.0
873.0
720.0
510.0
258.0
26.0
0.0
0.0
0.0
0.0
0.0
0.0
0.0
0.0
0.0
0.0
0.0
0.0
85.0
350.0
588.0
779.0
908.0
968.0
954.0
867.0
714.0
504.0
252.0
24.0
0.0
0.0
0.0
0.0
0.0
0.0
0.0
0.0
0.0
0.0
0.0
0.0
82.0
346.0
583.0
773.0
903.0
962.0
948.0
861.0
707.0
497.0
245.0
21.0
0.0
0.0
0.0
0.0
0.0
0.0
0.0
0.0
0.0
0.0
0.0
0.0
79.0
341.0
579.0
768.0
897.0
956.0
942.0
855.0
701.0
491.0
239.0
19.0
0.0
0.0
0.0
0.0
0.0
0.0
0.0
0.0
0.0
0.0
0.0
0.0
75.0
336.0
574.0
763.0
892.0
951.0
936.0
849.0
695.0
484.0
232.0
16.0
0.0
0.0
0.0
0.0
0.0
0.0
0.0
0.0
0.0
0.0
0.0
0.0
72.0
332.0
569.0
758.0
886.0
945.0
930.0
842.0
688.0
478.0
226.0
14.0
0.0
0.0
0.0
0.0
0.0
0.0
0.0
0.0
0.0
0.0
0.0
0.0
69.0
327.0
564.0
753.0
881.0
939.0
924.0
836.0
682.0
472.0
220.0
12.0
0.0
0.0
0.0
0.0
0.0
0.0
0.0
0.0
0.0
0.0
0.0
0.0
65.0
322.0
559.0
747.0
875.0
933.0
918.0
830.0
676.0
466.0
214.0
11.0
0.0
0.0
0.0
0.0
0.0
0.0
0.0
0.0
0.0
0.0
0.0
0.0
62.0
317.0
553.0
742.0
869.0
927.0
912.0
824.0
670.0
459.0
207.0
9.0
0.0
0.0
0.0
0.0
0.0
0.0
0.0
0.0
0.0
0.0
0.0
0.0
59.0
312.0
548.0
737.0
864.0
922.0
906.0
818.0
664.0
453.0
201.0
8.0
0.0
0.0
0.0
0.0
0.0
0.0
0.0
0.0
0.0
0.0
0.0
0.0
56.0
307.0
543.0
731.0
858.0
916.0
900.0
812.0
657.0
447.0
195.0
6.0
0.0
0.0
0.0
0.0
0.0
0.0
0.0
0.0
0.0
0.0
0.0
0.0
53.0
302.0
538.0
726.0
853.0
910.0
894.0
806.0
651.0
441.0
190.0
5.0
0.0
0.0
0.0
0.0
0.0
0.0
0.0
0.0
0.0
0.0
0.0
0.0
50.0
297.0
533.0
720.0
847.0
904.0
888.0
800.0
645.0
435.0
184.0
4.0
0.0
0.0
0.0
0.0
0.0
0.0
0.0
0.0
0.0
0.0
0.0
0.0
47.0
292.0
528.0
715.0
841.0
898.0
882.0
794.0
640.0
429.0
178.0
3.0
0.0
0.0
0.0
0.0
0.0
0.0
0.0
0.0
0.0
0.0
0.0
0.0
45.0
287.0
522.0
709.0
836.0
893.0
876.0
788.0
634.0
424.0
173.0
2.0
0.0
0.0
0.0
0.0
0.0
0.0
0.0
0.0
0.0
0.0
0.0
0.0
42.0
282.0
517.0
704.0
830.0
887.0
871.0
782.0
628.0
418.0
167.0
2.0
0.0
0.0
0.0
0.0
0.0
0.0
0.0
0.0
0.0
0.0
0.0
0.0
39.0
277.0
512.0
698.0
824.0
881.0
865.0
776.0
622.0
412.0
162.0
1.0
0.0
0.0
0.0
0.0
0.0
0.0
0.0
0.0
0.0
0.0
0.0
0.0
37.0
272.0
507.0
693.0
819.0
875.0
859.0
771.0
617.0
407.0
156.0
1.0
0.0
0.0
0.0
0.0
0.0
0.0
0.0
0.0
0.0
0.0
0.0
0.0
34.0
267.0
501.0
687.0
813.0
870.0
853.0
765.0
611.0
402.0
151.0
0.0
0.0
0.0
0.0
0.0
0.0
0.0
0.0
0.0
0.0
0.0
0.0
0.0
32.0
262.0
496.0
682.0
807.0
864.0
848.0
759.0
605.0
396.0
146.0
0.0
0.0
0.0
0.0
0.0
0.0
0.0
0.0
0.0
0.0
0.0
0.0
0.0
29.0
257.0
491.0
676.0
802.0
858.0
842.0
754.0
600.0
391.0
141.0
0.0
0.0
0.0
0.0
0.0
0.0
0.0
0.0
0.0
0.0
0.0
0.0
0.0
27.0
252.0
485.0
671.0
796.0
853.0
836.0
748.0
595.0
386.0
136.0
0.0
0.0
0.0
0.0
0.0
0.0
0.0
0.0
0.0
0.0
0.0
0.0
0.0
25.0
247.0
480.0
666.0
791.0
847.0
831.0
743.0
589.0
381.0
128.0
0.0
0.0
0.0
0.0
0.0
0.0
0.0
0.0
0.0
0.0
0.0
0.0
0.0
23.0
242.0
475.0
660.0
785.0
842.0
825.0
738.0
584.0
376.0
124.0
0.0
0.0
0.0
0.0
0.0
0.0
0.0
0.0
0.0
0.0
0.0
0.0
0.0
21.0
237.0
469.0
655.0
780.0
836.0
820.0
732.0
579.0
371.0
120.0
0.0
0.0
0.0
0.0
0.0
0.0
0.0
0.0
0.0
0.0
0.0
0.0
0.0
19.0
232.0
464.0
649.0
774.0
831.0
815.0
727.0
574.0
367.0
115.0
0.0
0.0
0.0
0.0
0.0
0.0
0.0
0.0
0.0
0.0
0.0
0.0
0.0
17.0
226.0
459.0
644.0
769.0
825.0
809.0
722.0
569.0
362.0
111.0
0.0
0.0
0.0
0.0
0.0
0.0
0.0
0.0
0.0
0.0
0.0
0.0
0.0
16.0
221.0
454.0
638.0
763.0
820.0
804.0
717.0
565.0
358.0
108.0
0.0
0.0
0.0
0.0
0.0
0.0
0.0
0.0
0.0
0.0
0.0
0.0
0.0
14.0
216.0
448.0
633.0
758.0
815.0
799.0
712.0
560.0
353.0
104.0
0.0
0.0
0.0
0.0
0.0
0.0
0.0
0.0
0.0
0.0
0.0
0.0
0.0
12.0
211.0
443.0
628.0
753.0
809.0
794.0
707.0
556.0
349.0
101.0
0.0
0.0
0.0
0.0
0.0
0.0
0.0
0.0
0.0
0.0
0.0
0.0
0.0
11.0
206.0
438.0
622.0
747.0
804.0
789.0
703.0
551.0
345.0
97.0
0.0
0.0
0.0
0.0
0.0
0.0
0.0
0.0
0.0
0.0
0.0
0.0
0.0
10.0
201.0
433.0
617.0
742.0
799.0
784.0
698.0
547.0
341.0
94.0
0.0
0.0
0.0
0.0
0.0
0.0
0.0
0.0
0.0
0.0
0.0
0.0
0.0
8.0
196.0
428.0
612.0
737.0
794.0
779.0
693.0
543.0
337.0
91.0
0.0
0.0
0.0
0.0
0.0
0.0
0.0
0.0
0.0
0.0
0.0
0.0
0.0
7.0
191.0
422.0
607.0
732.0
789.0
774.0
689.0
538.0
333.0
88.0
0.0
0.0
0.0
0.0
0.0
0.0
0.0
0.0
0.0
0.0
0.0
0.0
0.0
6.0
186.0
417.0
602.0
727.0
784.0
770.0
685.0
534.0
330.0
86.0
0.0
0.0
0.0
0.0
0.0
0.0
0.0
0.0
0.0
0.0
0.0
0.0
0.0
5.0
181.0
412.0
597.0
722.0
779.0
765.0
680.0
531.0
326.0
83.0
0.0
0.0
0.0
0.0
0.0
0.0
0.0
0.0
0.0
0.0
0.0
0.0
0.0
4.0
176.0
407.0
592.0
717.0
775.0
761.0
676.0
527.0
323.0
81.0
0.0
0.0
0.0
0.0
0.0
0.0
0.0
0.0
0.0
0.0
0.0
0.0
0.0
3.0
171.0
402.0
587.0
712.0
770.0
756.0
672.0
523.0
320.0
78.0
0.0
0.0
0.0
0.0
0.0
0.0
0.0
0.0
0.0
0.0
0.0
0.0
0.0
3.0
167.0
397.0
582.0
707.0
766.0
752.0
668.0
520.0
317.0
76.0
0.0
0.0
0.0
0.0
0.0
0.0
0.0
0.0
0.0
0.0
0.0
0.0
0.0
2.0
162.0
393.0
577.0
703.0
761.0
748.0
665.0
517.0
314.0
74.0
0.0
0.0
0.0
0.0
0.0
0.0
0.0
0.0
0.0
0.0
0.0
0.0
0.0
2.0
157.0
388.0
572.0
698.0
757.0
744.0
661.0
513.0
311.0
73.0
0.0
0.0
0.0
0.0
0.0
0.0
0.0
0.0
0.0
0.0
0.0
0.0
0.0
1.0
153.0
383.0
568.0
694.0
753.0
740.0
658.0
510.0
308.0
71.0
0.0
0.0
0.0
0.0
0.0
0.0
0.0
0.0
0.0
0.0
0.0
0.0
0.0
1.0
148.0
378.0
563.0
689.0
748.0
736.0
654.0
507.0
306.0
69.0
0.0
0.0
0.0
0.0
0.0
0.0
0.0
0.0
0.0
0.0
0.0
0.0
0.0
0.0
143.0
374.0
559.0
685.0
744.0
733.0
651.0
504.0
303.0
68.0
0.0
0.0
0.0
0.0
0.0
0.0
0.0
0.0
0.0
0.0
0.0
0.0
0.0
0.0
139.0
369.0
554.0
681.0
740.0
729.0
648.0
502.0
301.0
66.0
0.0
0.0
0.0
0.0
0.0
0.0
0.0
0.0
0.0
0.0
0.0
0.0
0.0
0.0
134.0
365.0
550.0
677.0
737.0
726.0
645.0
499.0
299.0
65.0
0.0
0.0
0.0
0.0
0.0
0.0
0.0
0.0
0.0
0.0
0.0
0.0
0.0
0.0
130.0
360.0
546.0
673.0
733.0
723.0
642.0
497.0
297.0
64.0
0.0
0.0
0.0
0.0
0.0
0.0
0.0
0.0
0.0
0.0
0.0
0.0
0.0
0.0
122.0
356.0
541.0
669.0
729.0
719.0
639.0
495.0
295.0
63.0
0.0
0.0
0.0
0.0
0.0
0.0
0.0
0.0
0.0
0.0
0.0
0.0
0.0
0.0
118.0
352.0
537.0
665.0
726.0
716.0
637.0
493.0
294.0
62.0
0.0
0.0
0.0
0.0
0.0
0.0
0.0
0.0
0.0
0.0
0.0
0.0
0.0
0.0
114.0
348.0
533.0
661.0
723.0
713.0
634.0
491.0
292.0
61.0
0.0
0.0
0.0
0.0
0.0
0.0
0.0
0.0
0.0
0.0
0.0
0.0
0.0
0.0
110.0
344.0
529.0
658.0
719.0
711.0
632.0
489.0
291.0
61.0
0.0
0.0
0.0
0.0
0.0
0.0
0.0
0.0
0.0
0.0
0.0
0.0
0.0
0.0
106.0
340.0
526.0
654.0
716.0
708.0
630.0
487.0
290.0
60.0
0.0
0.0
0.0
0.0
0.0
0.0
0.0
0.0
0.0
0.0
0.0
0.0
0.0
0.0
103.0
336.0
522.0
651.0
713.0
706.0
628.0
486.0
289.0
59.0
0.0
0.0
0.0
0.0
0.0
0.0
0.0
0.0
0.0
0.0
0.0
0.0
0.0
0.0
99.0
332.0
518.0
648.0
711.0
703.0
626.0
484.0
288.0
59.0
0.0
0.0
0.0
0.0
0.0
0.0
0.0
0.0
0.0
0.0
0.0
0.0
0.0
0.0
96.0
329.0
515.0
644.0
708.0
701.0
624.0
483.0
287.0
59.0
0.0
0.0
0.0
0.0
0.0
0.0
0.0
0.0
0.0
0.0
0.0
0.0
0.0
0.0
93.0
325.0
512.0
641.0
705.0
699.0
623.0
482.0
286.0
58.0
0.0
0.0
0.0
0.0
0.0
0.0
0.0
0.0
0.0
0.0
0.0
0.0
0.0
0.0
90.0
322.0
508.0
639.0
703.0
697.0
621.0
481.0
286.0
58.0
0.0
0.0
0.0
0.0
0.0
0.0
0.0
0.0
0.0
0.0
0.0
0.0
0.0
0.0
87.0
318.0
505.0
636.0
701.0
695.0
620.0
480.0
285.0
58.0
0.0
0.0
0.0
0.0
0.0
0.0
0.0
0.0
0.0
0.0
0.0
0.0
0.0
0.0
84.0
315.0
502.0
633.0
698.0
694.0
619.0
480.0
285.0
58.0
0.0
0.0
0.0
0.0
0.0
0.0
0.0
0.0
0.0
0.0
0.0
0.0
0.0
0.0
81.0
312.0
500.0
631.0
696.0
692.0
618.0
479.0
285.0
59.0
0.0
0.0
0.0
0.0
0.0
0.0
0.0
0.0
0.0
0.0
0.0
0.0
0.0
0.0
79.0
309.0
497.0
628.0
695.0
691.0
617.0
479.0
285.0
59.0
0.0
0.0
0.0
0.0
0.0
0.0
0.0
0.0
0.0
0.0
0.0
0.0
0.0
0.0
76.0
306.0
494.0
626.0
693.0
690.0
617.0
479.0
286.0
59.0
0.0
0.0
0.0
0.0
0.0
0.0
0.0
0.0
0.0
0.0
0.0
0.0
0.0
0.0
74.0
303.0
492.0
624.0
691.0
689.0
616.0
479.0
286.0
60.0
0.0
0.0
0.0
0.0
0.0
0.0
0.0
0.0
0.0
0.0
0.0
0.0
0.0
0.0
72.0
300.0
489.0
622.0
690.0
688.0
616.0
479.0
287.0
60.0
0.0
0.0
0.0
0.0
0.0
0.0
0.0
0.0
0.0
0.0
0.0
0.0
0.0
0.0
70.0
298.0
487.0
621.0
689.0
687.0
616.0
479.0
287.0
61.0
0.0
0.0
0.0
0.0
0.0
0.0
0.0
0.0
0.0
0.0
0.0
0.0
0.0
0.0
68.0
295.0
485.0
619.0
688.0
686.0
616.0
480.0
288.0
62.0
0.0
0.0
0.0
0.0
0.0
0.0
0.0
0.0
0.0
0.0
0.0
0.0
0.0
0.0
66.0
293.0
483.0
618.0
687.0
686.0
616.0
480.0
289.0
63.0
0.0
0.0
0.0
0.0
0.0
0.0
0.0
0.0
0.0
0.0
0.0
0.0
0.0
0.0
64.0
291.0
482.0
616.0
686.0
686.0
616.0
481.0
291.0
64.0
0.0
0.0
0.0
0.0
0.0
0.0
0.0
0.0
0.0
0.0
0.0
0.0
0.0
0.0
63.0
289.0
480.0
615.0
685.0
686.0
616.0
482.0
292.0
65.0
0.0
0.0
0.0
0.0
0.0
0.0
0.0
0.0
0.0
0.0
0.0
0.0
0.0
0.0
61.0
287.0
478.0
614.0
685.0
686.0
617.0
483.0
293.0
66.0
0.0
0.0
0.0
0.0
0.0
0.0
0.0
0.0
0.0
0.0
0.0
0.0
0.0
0.0
60.0
285.0
477.0
613.0
684.0
686.0
618.0
484.0
295.0
67.0
0.0
0.0
0.0
0.0
0.0
0.0
0.0
0.0
0.0
0.0
0.0
0.0
0.0
0.0
58.0
284.0
476.0
612.0
684.0
686.0
619.0
486.0
297.0
69.0
0.0
0.0
0.0
0.0
0.0
0.0
0.0
0.0
0.0
0.0
0.0
0.0
0.0
0.0
57.0
282.0
475.0
612.0
684.0
687.0
620.0
487.0
298.0
70.0
0.0
0.0
0.0
0.0
0.0
0.0
0.0
0.0
0.0
0.0
0.0
0.0
0.0
0.0
56.0
281.0
474.0
611.0
684.0
688.0
621.0
489.0
300.0
72.0
0.0
0.0
0.0
0.0
0.0
0.0
0.0
0.0
0.0
0.0
0.0
0.0
0.0
0.0
55.0
280.0
473.0
611.0
685.0
688.0
622.0
491.0
303.0
74.0
0.0
0.0
0.0
0.0
0.0
0.0
0.0
0.0
0.0
0.0
0.0
0.0
0.0
0.0
54.0
279.0
472.0
611.0
685.0
689.0
624.0
493.0
305.0
76.0
0.0
0.0
0.0
0.0
0.0
0.0
0.0
0.0
0.0
0.0
0.0
0.0
0.0
0.0
53.0
278.0
472.0
611.0
686.0
691.0
625.0
495.0
307.0
78.0
0.0
0.0
0.0
0.0
0.0
0.0
0.0
0.0
0.0
0.0
0.0
0.0
0.0
0.0
53.0
277.0
472.0
611.0
686.0
692.0
627.0
497.0
310.0
80.0
0.0
0.0
0.0
0.0
0.0
0.0
0.0
0.0
0.0
0.0
0.0
0.0
0.0
0.0
52.0
276.0
471.0
612.0
687.0
693.0
629.0
499.0
313.0
82.0
0.0
0.0
0.0
0.0
0.0
0.0
0.0
0.0
0.0
0.0
0.0
0.0
0.0
0.0
52.0
276.0
471.0
612.0
688.0
695.0
631.0
502.0
315.0
85.0
0.0
0.0
0.0
0.0
0.0
0.0
0.0
