0.0
0.0
0.0
0.0
0.0
0.0
0.0
3.0
55.0
101.0
145.0
160.0
157.0
123.0
94.0
55.0
4.0
0.0
0.0
0.0
0.0
0.0
0.0
0.0
0.0
0.0
0.0
0.0
0.0
0.0
0.0
19.0
71.0
161.0
349.0
559.0
459.0
99.0
28.0
16.0
4.0
0.0
0.0
0.0
0.0
0.0
0.0
0.0
0.0
0.0
0.0
0.0
0.0
0.0
0.0
8.0
157.0
317.0
439.0
508.0
513.0
460.0
349.0
200.0
22.0
0.0
0.0
0.0
0.0
0.0
0.0
0.0
0.0
0.0
0.0
0.0
0.0
0.0
0.0
7.0
131.0
282.0
370.0
441.0
464.0
412.0
350.0
183.0
21.0
0.0
0.0
0.0
0.0
0.0
0.0
0.0
0.0
0.0
0.0
0.0
0.0
0.0
0.0
6.0
105.0
208.0
301.0
404.0
472.0
430.0
272.0
137.0
4.0
0.0
0.0
0.0
0.0
0.0
0.0
0.0
0.0
0.0
0.0
0.0
0.0
0.0
0.0
2.0
70.0
76.0
48.0
41.0
64.0
373.0
232.0
226.0
46.0
0.0
0.0
0.0
0.0
0.0
0.0
0.0
0.0
0.0
0.0
0.0
0.0
0.0
0.0
8.0
151.0
297.0
425.0
486.0
495.0
401.0
290.0
151.0
17.0
0.0
0.0
0.0
0.0
0.0
0.0
0.0
0.0
0.0
0.0
0.0
0.0
0.0
0.0
7.0
162.0
211.0
236.0
360.0
306.0
179.0
96.0
51.0
4.0
0.0
0.0
0.0
0.0
0.0
0.0
0.0
0.0
0.0
0.0
0.0
0.0
0.0
0.0
2.0
41.0
107.0
121.0
60.0
119.0
386.0
391.0
184.0
7.0
0.0
0.0
0.0
0.0
0.0
0.0
0.0
0.0
0.0
0.0
0.0
0.0
0.0
0.0
4.0
73.0
27.0
145.0
287.0
257.0
301.0
231.0
133.0
29.0
0.0
0.0
0.0
0.0
0.0
0.0
0.0
0.0
0.0
0.0
0.0
0.0
0.0
0.0
8.0
157.0
310.0
434.0
502.0
505.0
456.0
358.0
212.0
30.0
0.0
0.0
0.0
0.0
0.0
0.0
0.0
0.0
0.0
0.0
0.0
0.0
0.0
0.0
5.0
118.0
238.0
393.0
448.0
444.0
414.0
330.0
204.0
65.0
0.0
0.0
0.0
0.0
0.0
0.0
0.0
0.0
0.0
0.0
0.0
0.0
0.0
0.0
8.0
151.0
285.0
420.0
494.0
516.0
463.0
355.0
209.0
61.0
0.0
0.0
0.0
0.0
0.0
0.0
0.0
0.0
0.0
0.0
0.0
0.0
0.0
0.0
11.0
184.0
362.0
368.0
279.0
169.0
293.0
323.0
234.0
43.0
0.0
0.0
0.0
0.0
0.0
0.0
0.0
0.0
0.0
0.0
0.0
0.0
0.0
0.0
2.0
77.0
146.0
296.0
326.0
367.0
394.0
421.0
257.0
70.0
0.0
0.0
0.0
0.0
0.0
0.0
0.0
0.0
0.0
0.0
0.0
0.0
0.0
0.0
9.0
166.0
317.0
443.0
517.0
534.0
487.0
377.0
222.0
73.0
0.0
0.0
0.0
0.0
0.0
0.0
0.0
0.0
0.0
0.0
0.0
0.0
0.0
0.0
3.0
102.0
207.0
351.0
437.0
402.0
289.0
257.0
155.0
60.0
0.0
0.0
0.0
0.0
0.0
0.0
0.0
0.0
0.0
0.0
0.0
0.0
0.0
0.0
10.0
170.0
334.0
457.0
527.0
543.0
497.0
389.0
235.0
79.0
0.0
0.0
0.0
0.0
0.0
0.0
0.0
0.0
0.0
0.0
0.0
0.0
0.0
0.0
10.0
164.0
323.0
452.0
522.0
538.0
490.0
389.0
247.0
87.0
0.0
0.0
0.0
0.0
0.0
0.0
0.0
0.0
0.0
0.0
0.0
0.0
0.0
0.0
10.0
156.0
303.0
434.0
509.0
531.0
477.0
367.0
225.0
79.0
0.0
0.0
0.0
0.0
0.0
0.0
0.0
0.0
0.0
0.0
0.0
0.0
0.0
0.0
12.0
165.0
329.0
435.0
501.0
503.0
466.0
377.0
226.0
76.0
0.0
0.0
0.0
0.0
0.0
0.0
0.0
0.0
0.0
0.0
0.0
0.0
0.0
0.0
3.0
65.0
128.0
175.0
236.0
223.0
214.0
170.0
121.0
48.0
0.0
0.0
0.0
0.0
0.0
0.0
0.0
0.0
0.0
0.0
0.0
0.0
0.0
0.0
12.0
184.0
351.0
480.0
554.0
566.0
521.0
418.0
266.0
99.0
0.0
0.0
0.0
0.0
0.0
0.0
0.0
0.0
0.0
0.0
0.0
0.0
0.0
0.0
13.0
190.0
360.0
492.0
570.0
586.0
537.0
429.0
275.0
104.0
0.0
0.0
0.0
0.0
0.0
0.0
0.0
0.0
0.0
0.0
0.0
0.0
0.0
0.0
13.0
186.0
354.0
486.0
570.0
583.0
538.0
432.0
278.0
106.0
1.0
0.0
0.0
0.0
0.0
0.0
0.0
0.0
0.0
0.0
0.0
0.0
0.0
0.0
12.0
179.0
340.0
471.0
558.0
573.0
522.0
424.0
270.0
104.0
1.0
0.0
0.0
0.0
0.0
0.0
0.0
0.0
0.0
0.0
0.0
0.0
0.0
0.0
3.0
80.0
232.0
245.0
334.0
329.0
321.0
215.0
137.0
54.0
1.0
0.0
0.0
0.0
0.0
0.0
0.0
0.0
0.0
0.0
0.0
0.0
0.0
0.0
12.0
153.0
285.0
394.0
454.0
474.0
432.0
351.0
218.0
81.0
1.0
0.0
0.0
0.0
0.0
0.0
0.0
0.0
0.0
0.0
0.0
0.0
0.0
0.0
13.0
171.0
326.0
451.0
526.0
539.0
490.0
391.0
256.0
100.0
1.0
0.0
0.0
0.0
0.0
0.0
0.0
0.0
0.0
0.0
0.0
0.0
0.0
0.0
3.0
20.0
51.0
68.0
75.0
70.0
424.0
339.0
225.0
92.0
1.0
0.0
0.0
0.0
0.0
0.0
0.0
0.0
0.0
0.0
0.0
0.0
0.0
0.0
3.0
82.0
150.0
239.0
297.0
329.0
345.0
236.0
155.0
62.0
1.0
0.0
0.0
0.0
0.0
0.0
0.0
0.0
0.0
0.0
0.0
0.0
0.0
0.0
17.0
196.0
365.0
501.0
582.0
594.0
549.0
443.0
297.0
123.0
2.0
0.0
0.0
0.0
0.0
0.0
0.0
0.0
0.0
0.0
0.0
0.0
0.0
0.0
16.0
164.0
307.0
425.0
489.0
510.0
458.0
367.0
246.0
100.0
1.0
0.0
0.0
0.0
0.0
0.0
0.0
0.0
0.0
0.0
0.0
0.0
0.0
0.0
17.0
190.0
357.0
494.0
572.0
589.0
531.0
404.0
271.0
121.0
3.0
0.0
0.0
0.0
0.0
0.0
0.0
0.0
0.0
0.0
0.0
0.0
0.0
0.0
19.0
186.0
329.0
444.0
522.0
527.0
498.0
402.0
261.0
106.0
1.0
0.0
0.0
0.0
0.0
0.0
0.0
0.0
0.0
0.0
0.0
0.0
0.0
0.0
8.0
143.0
299.0
362.0
360.0
426.0
462.0
458.0
339.0
149.0
7.0
0.0
0.0
0.0
0.0
0.0
0.0
0.0
0.0
0.0
0.0
0.0
0.0
0.0
20.0
178.0
340.0
463.0
529.0
518.0
483.0
388.0
257.0
114.0
1.0
0.0
0.0
0.0
0.0
0.0
0.0
0.0
0.0
0.0
0.0
0.0
0.0
0.0
20.0
207.0
362.0
484.0
585.0
587.0
499.0
395.0
265.0
122.0
3.0
0.0
0.0
0.0
0.0
0.0
0.0
0.0
0.0
0.0
0.0
0.0
0.0
0.0
12.0
150.0
258.0
364.0
507.0
529.0
568.0
469.0
289.0
138.0
3.0
0.0
0.0
0.0
0.0
0.0
0.0
0.0
0.0
0.0
0.0
0.0
0.0
0.0
16.0
174.0
252.0
432.0
543.0
505.0
472.0
341.0
248.0
94.0
1.0
0.0
0.0
0.0
0.0
0.0
0.0
0.0
0.0
0.0
0.0
0.0
0.0
0.0
27.0
195.0
353.0
482.0
574.0
548.0
505.0
391.0
250.0
116.0
2.0
0.0
0.0
0.0
0.0
0.0
0.0
0.0
0.0
0.0
0.0
0.0
0.0
0.0
42.0
244.0
419.0
578.0
522.0
441.0
367.0
164.0
139.0
66.0
2.0
0.0
0.0
0.0
0.0
0.0
0.0
0.0
0.0
0.0
0.0
0.0
0.0
0.0
18.0
127.0
210.0
292.0
320.0
315.0
294.0
230.0
153.0
73.0
2.0
0.0
0.0
0.0
0.0
0.0
0.0
0.0
0.0
0.0
0.0
0.0
0.0
0.0
61.0
200.0
306.0
375.0
417.0
453.0
448.0
329.0
198.0
99.0
2.0
0.0
0.0
0.0
0.0
0.0
0.0
0.0
0.0
0.0
0.0
0.0
0.0
0.0
67.0
235.0
410.0
550.0
611.0
635.0
579.0
472.0
341.0
164.0
8.0
0.0
0.0
0.0
0.0
0.0
0.0
0.0
0.0
0.0
0.0
0.0
0.0
0.0
66.0
221.0
373.0
498.0
554.0
570.0
557.0
461.0
342.0
169.0
8.0
0.0
0.0
0.0
0.0
0.0
0.0
0.0
0.0
0.0
0.0
0.0
0.0
0.0
32.0
106.0
196.0
266.0
303.0
332.0
287.0
218.0
148.0
70.0
3.0
0.0
0.0
0.0
0.0
0.0
0.0
0.0
0.0
0.0
0.0
0.0
0.0
0.0
42.0
127.0
214.0
292.0
318.0
338.0
283.0
244.0
180.0
81.0
3.0
0.0
0.0
0.0
0.0
0.0
0.0
0.0
0.0
0.0
0.0
0.0
0.0
0.0
7.0
24.0
223.0
449.0
557.0
421.0
317.0
415.0
395.0
214.0
17.0
0.0
0.0
0.0
0.0
0.0
0.0
0.0
0.0
0.0
0.0
0.0
0.0
0.0
67.0
203.0
371.0
524.0
555.0
548.0
475.0
403.0
251.0
125.0
3.0
0.0
0.0
0.0
0.0
0.0
0.0
0.0
0.0
0.0
0.0
0.0
0.0
0.0
95.0
285.0
470.0
615.0
703.0
724.0
679.0
563.0
400.0
206.0
14.0
0.0
0.0
0.0
0.0
0.0
0.0
0.0
0.0
0.0
0.0
0.0
0.0
0.0
66.0
184.0
340.0
459.0
564.0
628.0
577.0
491.0
356.0
177.0
16.0
0.0
0.0
0.0
0.0
0.0
0.0
0.0
0.0
0.0
0.0
0.0
0.0
0.0
54.0
154.0
325.0
444.0
372.0
700.0
447.0
334.0
268.0
215.0
33.0
0.0
0.0
0.0
0.0
0.0
0.0
0.0
0.0
0.0
0.0
0.0
0.0
0.0
91.0
246.0
387.0
518.0
581.0
584.0
496.0
459.0
361.0
191.0
18.0
0.0
0.0
0.0
0.0
0.0
0.0
0.0
0.0
0.0
0.0
0.0
0.0
0.0
80.0
238.0
360.0
486.0
622.0
655.0
615.0
461.0
320.0
159.0
8.0
0.0
0.0
0.0
0.0
0.0
0.0
0.0
0.0
0.0
0.0
0.0
0.0
1.0
99.0
265.0
435.0
579.0
619.0
593.0
519.0
495.0
364.0
181.0
14.0
0.0
0.0
0.0
0.0
0.0
0.0
0.0
0.0
0.0
0.0
0.0
0.0
0.0
89.0
243.0
393.0
518.0
585.0
604.0
567.0
476.0
344.0
179.0
14.0
0.0
0.0
0.0
0.0
0.0
0.0
0.0
0.0
0.0
0.0
0.0
0.0
0.0
94.0
258.0
417.0
548.0
627.0
646.0
608.0
513.0
359.0
191.0
19.0
0.0
0.0
0.0
0.0
0.0
0.0
0.0
0.0
0.0
0.0
0.0
0.0
1.0
108.0
290.0
397.0
500.0
589.0
538.0
569.0
529.0
359.0
147.0
18.0
0.0
0.0
0.0
0.0
0.0
0.0
0.0
0.0
0.0
0.0
0.0
0.0
1.0
106.0
268.0
439.0
566.0
664.0
672.0
597.0
500.0
367.0
204.0
23.0
0.0
0.0
0.0
0.0
0.0
0.0
0.0
0.0
0.0
0.0
0.0
0.0
1.0
114.0
286.0
454.0
564.0
636.0
644.0
648.0
524.0
385.0
203.0
20.0
0.0
0.0
0.0
0.0
0.0
0.0
0.0
0.0
0.0
0.0
0.0
0.0
1.0
113.0
284.0
449.0
569.0
620.0
681.0
657.0
528.0
375.0
203.0
21.0
0.0
0.0
0.0
0.0
0.0
0.0
0.0
0.0
0.0
0.0
0.0
0.0
1.0
94.0
236.0
341.0
505.0
633.0
586.0
533.0
466.0
317.0
171.0
17.0
0.0
0.0
0.0
0.0
0.0
0.0
0.0
0.0
0.0
0.0
0.0
0.0
5.0
148.0
273.0
445.0
447.0
357.0
472.0
582.0
476.0
335.0
216.0
49.0
0.0
0.0
0.0
0.0
0.0
0.0
0.0
0.0
0.0
0.0
0.0
0.0
1.0
91.0
200.0
384.0
503.0
627.0
663.0
575.0
503.0
373.0
202.0
26.0
0.0
0.0
0.0
0.0
0.0
0.0
0.0
0.0
0.0
0.0
0.0
0.0
1.0
12.0
76.0
81.0
276.0
317.0
282.0
493.0
457.0
494.0
276.0
76.0
0.0
0.0
0.0
0.0
0.0
0.0
0.0
0.0
0.0
0.0
0.0
0.0
1.0
70.0
129.0
214.0
316.0
486.0
489.0
422.0
430.0
367.0
293.0
60.0
0.0
0.0
0.0
0.0
0.0
0.0
0.0
0.0
0.0
0.0
0.0
0.0
5.0
165.0
370.0
559.0
703.0
785.0
804.0
762.0
650.0
482.0
278.0
81.0
0.0
0.0
0.0
0.0
0.0
0.0
0.0
0.0
0.0
0.0
0.0
0.0
2.0
13.0
98.0
44.0
212.0
319.0
495.0
527.0
360.0
507.0
279.0
85.0
0.0
0.0
0.0
0.0
0.0
0.0
0.0
0.0
0.0
0.0
0.0
0.0
6.0
37.0
29.0
44.0
96.0
191.0
859.0
493.0
278.0
319.0
214.0
63.0
0.0
0.0
0.0
0.0
0.0
0.0
0.0
0.0
0.0
0.0
0.0
0.0
5.0
152.0
332.0
490.0
625.0
705.0
716.0
664.0
566.0
424.0
253.0
81.0
0.0
0.0
0.0
0.0
0.0
0.0
0.0
0.0
0.0
0.0
0.0
0.0
6.0
163.0
335.0
502.0
616.0
696.0
731.0
691.0
594.0
426.0
230.0
68.0
0.0
0.0
0.0
0.0
0.0
0.0
0.0
0.0
0.0
0.0
0.0
0.0
15.0
167.0
331.0
508.0
601.0
806.0
591.0
408.0
318.0
336.0
113.0
50.0
0.0
0.0
0.0
0.0
0.0
0.0
0.0
0.0
0.0
0.0
0.0
0.0
10.0
179.0
377.0
556.0
688.0
773.0
784.0
736.0
613.0
455.0
264.0
83.0
0.0
0.0
0.0
0.0
0.0
0.0
0.0
0.0
0.0
0.0
0.0
0.0
10.0
177.0
370.0
542.0
669.0
747.0
749.0
708.0
600.0
454.0
269.0
88.0
0.0
0.0
0.0
0.0
0.0
0.0
0.0
0.0
0.0
0.0
0.0
0.0
12.0
191.0
388.0
565.0
699.0
774.0
784.0
740.0
631.0
473.0
279.0
91.0
0.0
0.0
0.0
0.0
0.0
0.0
0.0
0.0
0.0
0.0
0.0
0.0
14.0
205.0
416.0
606.0
746.0
825.0
847.0
790.0
673.0
506.0
299.0
99.0
0.0
0.0
0.0
0.0
0.0
0.0
0.0
0.0
0.0
0.0
0.0
0.0
12.0
178.0
353.0
510.0
642.0
729.0
762.0
689.0
590.0
462.0
275.0
95.0
0.0
0.0
0.0
0.0
0.0
0.0
0.0
0.0
0.0
0.0
0.0
0.0
3.0
18.0
231.0
254.0
312.0
534.0
557.0
415.0
446.0
288.0
205.0
72.0
0.0
0.0
0.0
0.0
0.0
0.0
0.0
0.0
0.0
0.0
0.0
0.0
17.0
197.0
384.0
550.0
674.0
745.0
756.0
708.0
603.0
452.0
270.0
93.0
0.0
0.0
0.0
0.0
0.0
0.0
0.0
0.0
0.0
0.0
0.0
0.0
29.0
187.0
297.0
509.0
706.0
569.0
684.0
515.0
483.0
327.0
188.0
34.0
0.0
0.0
0.0
0.0
0.0
0.0
0.0
0.0
0.0
0.0
0.0
0.0
22.0
231.0
437.0
617.0
752.0
826.0
834.0
780.0
667.0
502.0
302.0
106.0
0.0
0.0
0.0
0.0
0.0
0.0
0.0
0.0
0.0
0.0
0.0
0.0
21.0
204.0
383.0
543.0
661.0
725.0
734.0
684.0
583.0
438.0
263.0
94.0
0.0
0.0
0.0
0.0
0.0
0.0
0.0
0.0
0.0
0.0
0.0
0.0
45.0
253.0
503.0
591.0
749.0
632.0
585.0
464.0
262.0
229.0
151.0
21.0
0.0
0.0
0.0
0.0
0.0
0.0
0.0
0.0
0.0
0.0
0.0
0.0
28.0
231.0
424.0
584.0
703.0
767.0
794.0
721.0
624.0
469.0
280.0
103.0
1.0
0.0
0.0
0.0
0.0
0.0
0.0
0.0
0.0
0.0
0.0
0.0
30.0
244.0
453.0
639.0
772.0
850.0
870.0
825.0
706.0
541.0
330.0
122.0
1.0
0.0
0.0
0.0
0.0
0.0
0.0
0.0
0.0
0.0
0.0
0.0
32.0
239.0
437.0
611.0
737.0
810.0
816.0
735.0
622.0
460.0
277.0
103.0
1.0
0.0
0.0
0.0
0.0
0.0
0.0
0.0
0.0
0.0
0.0
0.0
48.0
176.0
328.0
450.0
535.0
579.0
599.0
586.0
489.0
350.0
216.0
80.0
1.0
0.0
0.0
0.0
0.0
0.0
0.0
0.0
0.0
0.0
0.0
0.0
47.0
171.0
304.0
460.0
522.0
577.0
526.0
504.0
442.0
344.0
230.0
81.0
1.0
0.0
0.0
0.0
0.0
0.0
0.0
0.0
0.0
0.0
0.0
0.0
7.0
26.0
44.0
144.0
145.0
160.0
404.0
569.0
543.0
347.0
60.0
34.0
1.0
0.0
0.0
0.0
0.0
0.0
0.0
0.0
0.0
0.0
0.0
0.0
29.0
53.0
198.0
340.0
144.0
436.0
611.0
69.0
324.0
405.0
265.0
66.0
4.0
0.0
0.0
0.0
0.0
0.0
0.0
0.0
0.0
0.0
0.0
0.0
97.0
193.0
205.0
550.0
600.0
518.0
546.0
67.0
294.0
307.0
200.0
53.0
1.0
0.0
0.0
0.0
0.0
0.0
0.0
0.0
0.0
0.0
0.0
0.0
92.0
290.0
497.0
675.0
803.0
879.0
885.0
817.0
697.0
529.0
328.0
129.0
1.0
0.0
0.0
0.0
0.0
0.0
0.0
0.0
0.0
0.0
0.0
0.0
101.0
305.0
515.0
698.0
830.0
900.0
907.0
849.0
728.0
562.0
356.0
145.0
2.0
0.0
0.0
0.0
0.0
0.0
0.0
0.0
0.0
0.0
0.0
0.0
100.0
297.0
500.0
683.0
814.0
889.0
900.0
843.0
729.0
561.0
359.0
148.0
3.0
0.0
0.0
0.0
0.0
0.0
0.0
0.0
0.0
0.0
0.0
0.0
71.0
199.0
355.0
463.0
557.0
589.0
608.0
565.0
481.0
345.0
214.0
85.0
1.0
0.0
0.0
0.0
0.0
0.0
0.0
0.0
0.0
0.0
0.0
0.0
89.0
235.0
405.0
534.0
632.0
783.0
732.0
676.0
631.0
495.0
284.0
132.0
6.0
0.0
0.0
0.0
0.0
0.0
0.0
0.0
0.0
0.0
0.0
0.0
93.0
226.0
387.0
546.0
624.0
721.0
695.0
684.0
656.0
504.0
320.0
146.0
7.0
0.0
0.0
0.0
0.0
0.0
0.0
0.0
0.0
0.0
0.0
1.0
98.0
265.0
441.0
592.0
686.0
756.0
764.0
719.0
607.0
464.0
293.0
119.0
1.0
0.0
0.0
0.0
0.0
0.0
0.0
0.0
0.0
0.0
0.0
1.0
113.0
308.0
509.0
675.0
801.0
865.0
881.0
826.0
709.0
539.0
341.0
143.0
3.0
0.0
0.0
0.0
0.0
0.0
0.0
0.0
0.0
0.0
0.0
1.0
117.0
297.0
467.0
612.0
712.0
750.0
698.0
689.0
601.0
479.0
304.0
133.0
4.0
0.0
0.0
0.0
0.0
0.0
0.0
0.0
0.0
0.0
0.0
1.0
45.0
113.0
188.0
246.0
293.0
317.0
311.0
291.0
244.0
186.0
115.0
51.0
1.0
0.0
0.0
0.0
0.0
0.0
0.0
0.0
0.0
0.0
0.0
1.0
87.0
210.0
312.0
418.0
484.0
512.0
506.0
435.0
348.0
259.0
185.0
77.0
2.0
0.0
0.0
0.0
0.0
0.0
0.0
0.0
0.0
0.0
0.0
1.0
66.0
168.0
294.0
372.0
443.0
467.0
474.0
413.0
394.0
290.0
167.0
79.0
2.0
0.0
0.0
0.0
0.0
0.0
0.0
0.0
0.0
0.0
0.0
3.0
144.0
353.0
559.0
749.0
846.0
491.0
513.0
484.0
436.0
335.0
216.0
89.0
2.0
0.0
0.0
0.0
0.0
0.0
0.0
0.0
0.0
0.0
0.0
3.0
140.0
303.0
454.0
549.0
698.0
772.0
695.0
630.0
601.0
456.0
348.0
176.0
11.0
0.0
0.0
0.0
0.0
0.0
0.0
0.0
0.0
0.0
0.0
3.0
129.0
320.0
501.0
654.0
776.0
843.0
840.0
807.0
706.0
550.0
364.0
164.0
8.0
0.0
0.0
0.0
0.0
0.0
0.0
0.0
0.0
0.0
0.0
4.0
145.0
341.0
541.0
703.0
827.0
888.0
889.0
826.0
707.0
543.0
351.0
157.0
5.0
0.0
0.0
0.0
0.0
0.0
0.0
0.0
0.0
0.0
0.0
4.0
144.0
339.0
536.0
716.0
836.0
899.0
906.0
848.0
735.0
571.0
374.0
172.0
9.0
0.0
0.0
0.0
0.0
0.0
0.0
0.0
0.0
0.0
0.0
5.0
147.0
338.0
534.0
700.0
801.0
858.0
870.0
815.0
704.0
538.0
352.0
159.0
6.0
0.0
0.0
0.0
0.0
0.0
0.0
0.0
0.0
0.0
0.0
5.0
137.0
325.0
509.0
669.0
781.0
835.0
833.0
780.0
663.0
519.0
338.0
149.0
7.0
0.0
0.0
0.0
0.0
0.0
0.0
0.0
0.0
0.0
0.0
6.0
149.0
342.0
524.0
688.0
804.0
872.0
859.0
810.0
695.0
539.0
347.0
158.0
6.0
0.0
0.0
0.0
0.0
0.0
0.0
0.0
0.0
0.0
0.0
8.0
135.0
305.0
497.0
651.0
731.0
732.0
759.0
734.0
644.0
521.0
351.0
168.0
10.0
0.0
0.0
0.0
0.0
0.0
0.0
0.0
0.0
0.0
0.0
7.0
149.0
340.0
502.0
650.0
771.0
851.0
851.0
804.0
671.0
524.0
340.0
159.0
8.0
0.0
0.0
0.0
0.0
0.0
0.0
0.0
0.0
0.0
0.0
8.0
167.0
366.0
557.0
722.0
840.0
893.0
890.0
836.0
725.0
566.0
374.0
174.0
9.0
0.0
0.0
0.0
0.0
0.0
0.0
0.0
0.0
0.0
0.0
7.0
123.0
273.0
408.0
524.0
610.0
670.0
609.0
530.0
473.0
341.0
207.0
90.0
3.0
0.0
0.0
0.0
0.0
0.0
0.0
0.0
0.0
0.0
0.0
10.0
174.0
376.0
577.0
742.0
865.0
930.0
928.0
867.0
751.0
587.0
389.0
185.0
12.0
0.0
0.0
0.0
0.0
0.0
0.0
0.0
0.0
0.0
0.0
10.0
166.0
362.0
548.0
709.0
817.0
891.0
900.0
849.0
735.0
571.0
381.0
182.0
14.0
0.0
0.0
0.0
0.0
0.0
0.0
0.0
0.0
0.0
0.0
10.0
167.0
351.0
536.0
680.0
786.0
830.0
846.0
807.0
696.0
545.0
360.0
173.0
13.0
0.0
0.0
0.0
0.0
0.0
0.0
0.0
0.0
0.0
0.0
12.0
170.0
364.0
538.0
705.0
813.0
874.0
882.0
823.0
712.0
565.0
384.0
190.0
17.0
0.0
0.0
0.0
0.0
0.0
0.0
0.0
0.0
0.0
0.0
12.0
178.0
366.0
555.0
699.0
815.0
872.0
854.0
804.0
717.0
552.0
360.0
179.0
14.0
0.0
0.0
0.0
0.0
0.0
0.0
0.0
0.0
0.0
0.0
17.0
196.0
410.0
484.0
594.0
643.0
514.0
691.0
735.0
617.0
507.0
393.0
185.0
28.0
0.0
0.0
0.0
0.0
0.0
0.0
0.0
0.0
0.0
0.0
22.0
226.0
460.0
685.0
873.0
936.0
630.0
688.0
535.0
428.0
337.0
194.0
77.0
4.0
0.0
0.0
0.0
0.0
0.0
0.0
0.0
0.0
0.0
0.0
3.0
95.0
159.0
281.0
343.0
460.0
482.0
452.0
504.0
454.0
343.0
226.0
110.0
6.0
0.0
0.0
0.0
0.0
0.0
0.0
0.0
0.0
0.0
0.0
10.0
115.0
222.0
310.0
427.0
470.0
496.0
515.0
467.0
396.0
276.0
169.0
69.0
4.0
0.0
0.0
0.0
0.0
0.0
0.0
0.0
0.0
0.0
0.0
20.0
217.0
432.0
638.0
810.0
933.0
996.0
997.0
936.0
816.0
643.0
438.0
224.0
22.0
0.0
0.0
0.0
0.0
0.0
0.0
0.0
0.0
0.0
0.0
18.0
189.0
371.0
556.0
715.0
824.0
886.0
922.0
871.0
762.0
607.0
415.0
210.0
24.0
0.0
0.0
0.0
0.0
0.0
0.0
0.0
0.0
0.0
0.0
15.0
179.0
372.0
539.0
669.0
745.0
781.0
814.0
767.0
699.0
580.0
402.0
214.0
25.0
0.0
0.0
0.0
0.0
0.0
0.0
0.0
0.0
0.0
0.0
21.0
201.0
389.0
585.0
744.0
869.0
919.0
914.0
867.0
753.0
604.0
411.0
212.0
24.0
0.0
0.0
0.0
0.0
0.0
0.0
0.0
0.0
0.0
0.0
24.0
206.0
398.0
593.0
760.0
867.0
924.0
920.0
853.0
738.0
579.0
398.0
208.0
26.0
0.0
0.0
0.0
0.0
0.0
0.0
0.0
0.0
0.0
0.0
28.0
233.0
443.0
644.0
834.0
962.0
523.0
488.0
540.0
356.0
248.0
190.0
95.0
6.0
0.0
0.0
0.0
0.0
0.0
0.0
0.0
0.0
0.0
0.0
29.0
195.0
416.0
542.0
647.0
705.0
776.0
836.0
827.0
662.0
490.0
337.0
190.0
18.0
0.0
0.0
0.0
0.0
0.0
0.0
0.0
0.0
0.0
0.0
16.0
147.0
303.0
281.0
436.0
361.0
599.0
550.0
537.0
548.0
356.0
254.0
123.0
5.0
0.0
0.0
0.0
0.0
0.0
0.0
0.0
0.0
0.0
0.0
39.0
237.0
392.0
645.0
881.0
1009.0
444.0
421.0
468.0
385.0
166.0
137.0
23.0
5.0
0.0
0.0
0.0
0.0
0.0
0.0
0.0
0.0
0.0
0.0
22.0
175.0
358.0
519.0
701.0
785.0
440.0
463.0
548.0
531.0
445.0
412.0
239.0
52.0
0.0
0.0
0.0
0.0
0.0
0.0
0.0
0.0
0.0
0.0
41.0
105.0
343.0
321.0
507.0
516.0
543.0
641.0
465.0
518.0
366.0
313.0
79.0
5.0
0.0
0.0
0.0
0.0
0.0
0.0
0.0
0.0
0.0
0.0
58.0
208.0
395.0
577.0
718.0
832.0
882.0
883.0
815.0
722.0
582.0
390.0
209.0
58.0
0.0
0.0
0.0
0.0
0.0
0.0
0.0
0.0
0.0
0.0
63.0
225.0
432.0
608.0
752.0
848.0
908.0
882.0
835.0
732.0
589.0
411.0
220.0
60.0
0.0
0.0
0.0
0.0
0.0
0.0
0.0
0.0
0.0
0.0
21.0
21.0
138.0
608.0
698.0
737.0
853.0
794.0
671.0
597.0
321.0
216.0
193.0
64.0
0.0
0.0
0.0
0.0
0.0
0.0
0.0
0.0
0.0
0.0
70.0
244.0
448.0
642.0
798.0
909.0
970.0
971.0
911.0
800.0
644.0
448.0
245.0
71.0
0.0
0.0
0.0
0.0
0.0
0.0
0.0
0.0
0.0
0.0
67.0
232.0
432.0
616.0
761.0
858.0
905.0
910.0
850.0
757.0
603.0
414.0
227.0
66.0
0.0
0.0
0.0
0.0
0.0
0.0
0.0
0.0
0.0
0.0
62.0
206.0
370.0
569.0
695.0
791.0
834.0
855.0
783.0
688.0
536.0
393.0
223.0
68.0
0.0
0.0
0.0
0.0
0.0
0.0
0.0
0.0
0.0
0.0
73.0
247.0
454.0
654.0
817.0
929.0
991.0
987.0
924.0
809.0
645.0
447.0
243.0
72.0
0.0
0.0
0.0
0.0
0.0
0.0
0.0
0.0
0.0
0.0
78.0
257.0
462.0
658.0
818.0
931.0
993.0
1004.0
946.0
833.0
668.0
473.0
262.0
80.0
0.0
0.0
0.0
0.0
0.0
0.0
0.0
0.0
0.0
0.0
77.0
252.0
453.0
645.0
804.0
918.0
977.0
983.0
922.0
806.0
649.0
461.0
254.0
78.0
0.0
0.0
0.0
0.0
0.0
0.0
0.0
0.0
0.0
0.0
85.0
275.0
491.0
691.0
857.0
964.0
1019.0
1016.0
949.0
829.0
661.0
463.0
254.0
76.0
0.0
0.0
0.0
0.0
0.0
0.0
0.0
0.0
0.0
0.0
81.0
264.0
475.0
671.0
833.0
945.0
1006.0
1005.0
944.0
827.0
662.0
467.0
260.0
82.0
0.0
0.0
0.0
0.0
0.0
0.0
0.0
0.0
0.0
0.0
79.0
252.0
455.0
648.0
807.0
917.0
970.0
966.0
913.0
800.0
633.0
446.0
245.0
76.0
0.0
0.0
0.0
0.0
0.0
0.0
0.0
0.0
0.0
0.0
77.0
248.0
449.0
639.0
787.0
895.0
940.0
949.0
895.0
788.0
641.0
458.0
256.0
83.0
0.0
0.0
0.0
0.0
0.0
0.0
0.0
0.0
0.0
0.0
68.0
227.0
404.0
574.0
733.0
837.0
885.0
895.0
838.0
739.0
584.0
418.0
242.0
77.0
0.0
0.0
0.0
0.0
0.0
0.0
0.0
0.0
0.0
0.0
76.0
236.0
425.0
602.0
748.0
854.0
908.0
909.0
857.0
755.0
610.0
433.0
244.0
79.0
0.0
0.0
0.0
0.0
0.0
0.0
0.0
0.0
0.0
0.0
73.0
231.0
416.0
593.0
731.0
849.0
897.0
903.0
842.0
749.0
614.0
427.0
237.0
77.0
0.0
0.0
0.0
0.0
0.0
0.0
0.0
0.0
0.0
0.0
75.0
235.0
432.0
615.0
765.0
868.0
935.0
932.0
877.0
785.0
637.0
455.0
259.0
88.0
1.0
0.0
0.0
0.0
0.0
0.0
0.0
0.0
0.0
0.0
80.0
249.0
447.0
634.0
787.0
891.0
956.0
960.0
900.0
788.0
636.0
448.0
255.0
86.0
0.0
0.0
0.0
0.0
0.0
0.0
0.0
0.0
0.0
0.0
82.0
254.0
451.0
642.0
797.0
909.0
958.0
967.0
913.0
805.0
650.0
467.0
271.0
92.0
1.0
0.0
0.0
0.0
0.0
0.0
0.0
0.0
0.0
0.0
81.0
252.0
451.0
645.0
808.0
919.0
976.0
970.0
911.0
799.0
643.0
457.0
259.0
87.0
0.0
0.0
0.0
0.0
0.0
0.0
0.0
0.0
0.0
0.0
82.0
251.0
449.0
639.0
797.0
906.0
957.0
951.0
896.0
787.0
637.0
449.0
254.0
87.0
0.0
0.0
0.0
0.0
0.0
0.0
0.0
0.0
0.0
0.0
68.0
206.0
375.0
529.0
661.0
758.0
815.0
813.0
766.0
680.0
554.0
390.0
224.0
77.0
0.0
0.0
0.0
0.0
0.0
0.0
0.0
0.0
0.0
0.0
79.0
240.0
424.0
604.0
735.0
827.0
876.0
891.0
843.0
742.0
601.0
434.0
248.0
84.0
0.0
0.0
0.0
0.0
0.0
0.0
0.0
0.0
0.0
0.0
72.0
220.0
388.0
543.0
670.0
769.0
819.0
818.0
771.0
684.0
550.0
391.0
227.0
80.0
0.0
0.0
0.0
0.0
0.0
0.0
0.0
0.0
0.0
0.0
77.0
228.0
402.0
580.0
743.0
814.0
902.0
877.0
816.0
724.0
594.0
414.0
243.0
86.0
1.0
0.0
0.0
0.0
0.0
0.0
0.0
0.0
0.0
0.0
81.0
244.0
436.0
620.0
779.0
898.0
963.0
970.0
920.0
815.0
664.0
472.0
276.0
99.0
1.0
0.0
0.0
0.0
0.0
0.0
0.0
0.0
0.0
0.0
81.0
243.0
434.0
612.0
770.0
881.0
938.0
944.0
890.0
785.0
637.0
453.0
260.0
91.0
0.0
0.0
0.0
0.0
0.0
0.0
0.0
0.0
0.0
0.0
79.0
239.0
419.0
597.0
744.0
860.0
932.0
910.0
849.0
760.0
606.0
432.0
248.0
90.0
1.0
0.0
0.0
0.0
0.0
0.0
0.0
0.0
0.0
0.0
86.0
263.0
468.0
659.0
821.0
940.0
997.0
1000.0
949.0
849.0
691.0
501.0
295.0
109.0
1.0
0.0
0.0
0.0
0.0
0.0
0.0
0.0
0.0
0.0
76.0
226.0
412.0
589.0
744.0
864.0
908.0
896.0
848.0
749.0
604.0
439.0
257.0
94.0
1.0
0.0
0.0
0.0
0.0
0.0
0.0
0.0
0.0
0.0
79.0
240.0
430.0
605.0
756.0
857.0
906.0
906.0
860.0
765.0
615.0
442.0
258.0
93.0
1.0
0.0
0.0
0.0
0.0
0.0
0.0
0.0
0.0
0.0
86.0
262.0
466.0
659.0
823.0
942.0
1003.0
1013.0
959.0
851.0
690.0
500.0
296.0
109.0
2.0
0.0
0.0
0.0
0.0
0.0
0.0
0.0
0.0
0.0
72.0
221.0
406.0
568.0
732.0
835.0
910.0
917.0
878.0
788.0
646.0
450.0
272.0
102.0
1.0
0.0
0.0
0.0
0.0
0.0
0.0
0.0
0.0
0.0
79.0
242.0
436.0
623.0
772.0
863.0
915.0
929.0
875.0
773.0
628.0
449.0
260.0
94.0
1.0
0.0
0.0
0.0
0.0
0.0
0.0
0.0
0.0
0.0
68.0
209.0
372.0
525.0
650.0
748.0
797.0
806.0
750.0
674.0
547.0
391.0
228.0
82.0
1.0
0.0
0.0
0.0
0.0
0.0
0.0
0.0
0.0
0.0
84.0
257.0
446.0
660.0
814.0
958.0
462.0
437.0
434.0
368.0
285.0
208.0
113.0
33.0
1.0
0.0
0.0
0.0
0.0
0.0
0.0
0.0
0.0
0.0
73.0
254.0
485.0
693.0
868.0
993.0
536.0
431.0
420.0
270.0
171.0
108.0
23.0
9.0
1.0
0.0
0.0
0.0
0.0
0.0
0.0
0.0
0.0
0.0
65.0
193.0
350.0
509.0
648.0
745.0
782.0
791.0
751.0
652.0
521.0
380.0
216.0
70.0
1.0
0.0
0.0
0.0
0.0
0.0
0.0
0.0
0.0
0.0
71.0
215.0
385.0
562.0
712.0
808.0
860.0
879.0
830.0
732.0
613.0
457.0
266.0
103.0
2.0
0.0
0.0
0.0
0.0
0.0
0.0
0.0
0.0
0.0
79.0
247.0
450.0
638.0
793.0
896.0
959.0
978.0
932.0
822.0
674.0
487.0
289.0
108.0
1.0
0.0
0.0
0.0
0.0
0.0
0.0
0.0
0.0
0.0
69.0
219.0
391.0
549.0
677.0
769.0
836.0
826.0
768.0
655.0
544.0
405.0
242.0
84.0
1.0
0.0
0.0
0.0
0.0
0.0
0.0
0.0
0.0
0.0
74.0
231.0
423.0
608.0
766.0
879.0
940.0
939.0
881.0
785.0
654.0
462.0
273.0
99.0
1.0
0.0
0.0
0.0
0.0
0.0
0.0
0.0
0.0
0.0
58.0
173.0
311.0
465.0
548.0
612.0
668.0
710.0
650.0
573.0
484.0
350.0
190.0
72.0
1.0
0.0
0.0
0.0
0.0
0.0
0.0
0.0
0.0
0.0
56.0
183.0
349.0
489.0
617.0
705.0
753.0
758.0
698.0
623.0
518.0
365.0
214.0
79.0
1.0
0.0
0.0
0.0
0.0
0.0
0.0
0.0
0.0
0.0
80.0
255.0
461.0
622.0
802.0
910.0
529.0
539.0
516.0
465.0
353.0
234.0
123.0
41.0
1.0
0.0
0.0
0.0
0.0
0.0
0.0
0.0
0.0
0.0
70.0
226.0
413.0
593.0
754.0
866.0
917.0
908.0
874.0
781.0
639.0
471.0
278.0
105.0
2.0
0.0
0.0
0.0
0.0
0.0
0.0
0.0
0.0
0.0
73.0
235.0
427.0
615.0
775.0
894.0
959.0
968.0
924.0
827.0
676.0
492.0
293.0
112.0
2.0
0.0
0.0
0.0
0.0
0.0
0.0
0.0
0.0
0.0
46.0
161.0
310.0
465.0
617.0
730.0
842.0
840.0
798.0
769.0
607.0
436.0
275.0
114.0
3.0
0.0
0.0
0.0
0.0
0.0
0.0
0.0
0.0
0.0
63.0
202.0
351.0
531.0
560.0
714.0
808.0
847.0
784.0
667.0
540.0
346.0
228.0
103.0
2.0
0.0
0.0
0.0
0.0
0.0
0.0
0.0
0.0
0.0
72.0
236.0
430.0
617.0
774.0
886.0
949.0
953.0
902.0
797.0
646.0
462.0
268.0
98.0
1.0
0.0
0.0
0.0
0.0
0.0
0.0
0.0
0.0
0.0
76.0
253.0
463.0
662.0
829.0
950.0
1015.0
1020.0
962.0
849.0
692.0
499.0
294.0
108.0
1.0
0.0
0.0
0.0
0.0
0.0
0.0
0.0
0.0
0.0
74.0
247.0
449.0
644.0
801.0
917.0
977.0
976.0
922.0
814.0
664.0
481.0
283.0
104.0
1.0
0.0
0.0
0.0
0.0
0.0
0.0
0.0
0.0
0.0
75.0
251.0
460.0
654.0
819.0
941.0
1010.0
1016.0
966.0
860.0
707.0
516.0
309.0
117.0
2.0
0.0
0.0
0.0
0.0
0.0
0.0
0.0
0.0
0.0
65.0
223.0
409.0
593.0
747.0
865.0
932.0
944.0
896.0
799.0
658.0
479.0
291.0
111.0
2.0
0.0
0.0
0.0
0.0
0.0
0.0
0.0
0.0
0.0
63.0
220.0
410.0
596.0
751.0
864.0
924.0
933.0
897.0
808.0
663.0
486.0
293.0
111.0
2.0
0.0
0.0
0.0
0.0
0.0
0.0
0.0
0.0
0.0
63.0
222.0
409.0
592.0
745.0
851.0
904.0
904.0
857.0
758.0
617.0
445.0
260.0
95.0
1.0
0.0
0.0
0.0
0.0
0.0
0.0
0.0
0.0
0.0
60.0
211.0
398.0
585.0
742.0
858.0
925.0
936.0
895.0
800.0
666.0
483.0
289.0
108.0
2.0
0.0
0.0
0.0
0.0
0.0
0.0
0.0
0.0
0.0
64.0
229.0
431.0
623.0
786.0
899.0
962.0
965.0
916.0
809.0
661.0
480.0
280.0
101.0
1.0
0.0
0.0
0.0
0.0
0.0
0.0
0.0
0.0
0.0
65.0
234.0
447.0
639.0
810.0
937.0
566.0
559.0
515.0
458.0
364.0
248.0
140.0
50.0
1.0
0.0
0.0
0.0
0.0
0.0
0.0
0.0
0.0
0.0
42.0
157.0
299.0
446.0
571.0
647.0
695.0
711.0
669.0
584.0
491.0
346.0
189.0
70.0
1.0
0.0
0.0
0.0
0.0
0.0
0.0
0.0
0.0
0.0
51.0
188.0
352.0
519.0
673.0
784.0
835.0
822.0
783.0
697.0
566.0
405.0
233.0
83.0
0.0
0.0
0.0
0.0
0.0
0.0
0.0
0.0
0.0
0.0
24.0
200.0
380.0
561.0
704.0
824.0
895.0
907.0
846.0
763.0
632.0
449.0
263.0
94.0
1.0
0.0
0.0
0.0
0.0
0.0
0.0
0.0
0.0
0.0
27.0
210.0
403.0
591.0
749.0
875.0
933.0
942.0
893.0
788.0
649.0
467.0
270.0
96.0
1.0
0.0
0.0
0.0
0.0
0.0
0.0
0.0
0.0
0.0
23.0
193.0
382.0
570.0
727.0
851.0
920.0
930.0
883.0
786.0
634.0
453.0
261.0
91.0
1.0
0.0
0.0
0.0
0.0
0.0
0.0
0.0
0.0
0.0
23.0
197.0
387.0
577.0
730.0
854.0
905.0
910.0
846.0
755.0
617.0
434.0
244.0
84.0
0.0
0.0
0.0
0.0
0.0
0.0
0.0
0.0
0.0
0.0
24.0
207.0
405.0
602.0
766.0
887.0
962.0
974.0
925.0
820.0
669.0
481.0
279.0
98.0
1.0
0.0
0.0
0.0
0.0
0.0
0.0
0.0
0.0
0.0
23.0
201.0
388.0
568.0
722.0
829.0
883.0
895.0
845.0
754.0
609.0
443.0
257.0
88.0
0.0
0.0
0.0
0.0
0.0
0.0
0.0
0.0
0.0
0.0
4.0
71.0
325.0
589.0
651.0
1004.0
1080.0
451.0
356.0
239.0
354.0
517.0
309.0
106.0
4.0
0.0
0.0
0.0
0.0
0.0
0.0
0.0
0.0
0.0
26.0
216.0
415.0
603.0
790.0
950.0
563.0
529.0
472.0
377.0
298.0
224.0
122.0
40.0
0.0
0.0
0.0
0.0
0.0
0.0
0.0
0.0
0.0
0.0
16.0
153.0
314.0
457.0
587.0
687.0
723.0
738.0
681.0
592.0
477.0
334.0
193.0
64.0
0.0
0.0
0.0
0.0
0.0
0.0
0.0
0.0
0.0
0.0
18.0
185.0
371.0
555.0
710.0
825.0
888.0
896.0
849.0
749.0
605.0
429.0
241.0
79.0
0.0
0.0
0.0
0.0
0.0
0.0
0.0
0.0
0.0
0.0
18.0
181.0
365.0
549.0
701.0
795.0
827.0
840.0
799.0
713.0
588.0
416.0
233.0
81.0
0.0
0.0
0.0
0.0
0.0
0.0
0.0
0.0
0.0
0.0
17.0
183.0
367.0
549.0
712.0
832.0
906.0
909.0
863.0
772.0
616.0
433.0
245.0
81.0
0.0
0.0
0.0
0.0
0.0
0.0
0.0
0.0
0.0
0.0
17.0
188.0
382.0
574.0
737.0
857.0
923.0
934.0
886.0
783.0
632.0
447.0
250.0
80.0
0.0
0.0
0.0
0.0
0.0
0.0
0.0
0.0
0.0
0.0
17.0
181.0
363.0
545.0
696.0
807.0
880.0
879.0
833.0
715.0
571.0
398.0
215.0
66.0
0.0
0.0
0.0
0.0
0.0
0.0
0.0
0.0
0.0
0.0
14.0
171.0
367.0
546.0
713.0
809.0
876.0
894.0
846.0
748.0
598.0
425.0
245.0
76.0
0.0
0.0
0.0
0.0
0.0
0.0
0.0
0.0
0.0
0.0
15.0
183.0
379.0
577.0
743.0
865.0
931.0
946.0
904.0
801.0
649.0
463.0
260.0
82.0
0.0
0.0
0.0
0.0
0.0
0.0
0.0
0.0
0.0
0.0
14.0
179.0
372.0
563.0
727.0
846.0
911.0
931.0
888.0
783.0
632.0
443.0
248.0
76.0
0.0
0.0
0.0
0.0
0.0
0.0
0.0
0.0
0.0
0.0
13.0
172.0
357.0
552.0
707.0
813.0
869.0
869.0
832.0
725.0
587.0
420.0
233.0
71.0
0.0
0.0
0.0
0.0
0.0
0.0
0.0
0.0
0.0
0.0
12.0
168.0
347.0
532.0
700.0
813.0
880.0
902.0
863.0
757.0
603.0
426.0
232.0
70.0
0.0
0.0
0.0
0.0
0.0
0.0
0.0
0.0
0.0
0.0
11.0
165.0
350.0
534.0
693.0
815.0
889.0
904.0
863.0
761.0
618.0
435.0
235.0
68.0
0.0
0.0
0.0
0.0
0.0
0.0
0.0
0.0
0.0
0.0
10.0
159.0
331.0
517.0
661.0
770.0
842.0
842.0
789.0
699.0
560.0
389.0
213.0
60.0
0.0
0.0
0.0
0.0
0.0
0.0
0.0
0.0
0.0
0.0
11.0
163.0
351.0
529.0
697.0
790.0
853.0
867.0
832.0
734.0
586.0
408.0
217.0
62.0
0.0
0.0
0.0
0.0
0.0
0.0
0.0
0.0
0.0
0.0
11.0
160.0
341.0
514.0
664.0
773.0
843.0
829.0
761.0
672.0
538.0
371.0
192.0
25.0
0.0
0.0
0.0
0.0
0.0
0.0
0.0
0.0
0.0
0.0
13.0
163.0
323.0
448.0
508.0
667.0
821.0
679.0
725.0
555.0
489.0
322.0
119.0
5.0
0.0
0.0
0.0
0.0
0.0
0.0
0.0
0.0
0.0
0.0
8.0
163.0
356.0
551.0
721.0
843.0
909.0
919.0
868.0
765.0
613.0
424.0
226.0
29.0
0.0
0.0
0.0
0.0
0.0
0.0
0.0
0.0
0.0
0.0
9.0
167.0
361.0
560.0
721.0
845.0
911.0
916.0
861.0
749.0
594.0
403.0
207.0
21.0
0.0
0.0
0.0
0.0
0.0
0.0
0.0
0.0
0.0
0.0
7.0
155.0
346.0
534.0
684.0
806.0
860.0
856.0
804.0
707.0
555.0
376.0
194.0
20.0
0.0
0.0
0.0
0.0
0.0
0.0
0.0
0.0
0.0
0.0
7.0
154.0
332.0
512.0
668.0
798.0
877.0
887.0
810.0
709.0
568.0
380.0
207.0
25.0
0.0
0.0
0.0
0.0
0.0
0.0
0.0
0.0
0.0
0.0
7.0
145.0
316.0
498.0
667.0
778.0
825.0
838.0
793.0
705.0
553.0
378.0
195.0
21.0
0.0
0.0
0.0
0.0
0.0
0.0
0.0
0.0
0.0
0.0
7.0
159.0
358.0
553.0
717.0
833.0
889.0
892.0
843.0
726.0
569.0
384.0
192.0
14.0
0.0
0.0
0.0
0.0
0.0
0.0
0.0
0.0
0.0
0.0
6.0
139.0
302.0
444.0
585.0
686.0
781.0
857.0
796.0
670.0
476.0
321.0
158.0
13.0
0.0
0.0
0.0
0.0
0.0
0.0
0.0
0.0
0.0
0.0
8.0
105.0
185.0
294.0
384.0
541.0
638.0
600.0
629.0
598.0
517.0
349.0
215.0
41.0
0.0
0.0
0.0
0.0
0.0
0.0
0.0
0.0
0.0
0.0
4.0
107.0
245.0
391.0
521.0
596.0
620.0
590.0
580.0
524.0
396.0
250.0
111.0
4.0
0.0
0.0
0.0
0.0
0.0
0.0
0.0
0.0
0.0
0.0
5.0
148.0
343.0
544.0
714.0
838.0
905.0
915.0
866.0
759.0
602.0
410.0
205.0
18.0
0.0
0.0
0.0
0.0
0.0
0.0
0.0
0.0
0.0
0.0
5.0
141.0
327.0
512.0
669.0
797.0
849.0
859.0
812.0
712.0
552.0
375.0
179.0
12.0
0.0
0.0
0.0
0.0
0.0
0.0
0.0
0.0
0.0
0.0
5.0
147.0
345.0
550.0
717.0
833.0
896.0
903.0
852.0
739.0
573.0
377.0
178.0
10.0
0.0
0.0
0.0
0.0
0.0
0.0
0.0
0.0
0.0
0.0
4.0
126.0
307.0
478.0
647.0
755.0
821.0
816.0
776.0
654.0
524.0
334.0
160.0
11.0
0.0
0.0
0.0
0.0
0.0
0.0
0.0
0.0
0.0
0.0
10.0
150.0
360.0
475.0
679.0
807.0
821.0
556.0
574.0
406.0
288.0
190.0
141.0
9.0
0.0
0.0
0.0
0.0
0.0
0.0
0.0
0.0
0.0
0.0
1.0
98.0
306.0
425.0
502.0
663.0
571.0
583.0
452.0
460.0
495.0
305.0
163.0
15.0
0.0
0.0
0.0
0.0
0.0
0.0
0.0
0.0
0.0
0.0
3.0
133.0
324.0
515.0
678.0
788.0
854.0
861.0
803.0
696.0
529.0
335.0
152.0
5.0
0.0
0.0
0.0
0.0
0.0
0.0
0.0
0.0
0.0
0.0
3.0
134.0
330.0
528.0
699.0
819.0
895.0
901.0
843.0
726.0
565.0
367.0
167.0
8.0
0.0
0.0
0.0
0.0
0.0
0.0
0.0
0.0
0.0
0.0
3.0
132.0
324.0
524.0
700.0
823.0
881.0
884.0
833.0
720.0
560.0
370.0
169.0
8.0
0.0
0.0
0.0
0.0
0.0
0.0
0.0
0.0
0.0
0.0
3.0
131.0
322.0
513.0
684.0
806.0
875.0
880.0
824.0
708.0
544.0
354.0
159.0
7.0
0.0
0.0
0.0
0.0
0.0
0.0
0.0
0.0
0.0
0.0
2.0
111.0
286.0
461.0
639.0
768.0
807.0
810.0
764.0
665.0
526.0
346.0
151.0
7.0
0.0
0.0
0.0
0.0
0.0
0.0
0.0
0.0
0.0
0.0
2.0
126.0
320.0
521.0
692.0
818.0
886.0
884.0
822.0
704.0
539.0
342.0
148.0
5.0
0.0
0.0
0.0
0.0
0.0
0.0
0.0
0.0
0.0
0.0
2.0
117.0
298.0
488.0
659.0
778.0
841.0
850.0
800.0
693.0
530.0
342.0
149.0
5.0
0.0
0.0
0.0
0.0
0.0
0.0
0.0
0.0
0.0
0.0
1.0
120.0
318.0
499.0
647.0
736.0
763.0
744.0
670.0
533.0
448.0
308.0
125.0
1.0
0.0
0.0
0.0
0.0
0.0
0.0
0.0
0.0
0.0
0.0
2.0
109.0
283.0
450.0
608.0
721.0
756.0
761.0
711.0
604.0
442.0
267.0
105.0
1.0
0.0
0.0
0.0
0.0
0.0
0.0
0.0
0.0
0.0
0.0
1.0
106.0
276.0
453.0
612.0
727.0
773.0
788.0
710.0
598.0
468.0
283.0
118.0
2.0
0.0
0.0
0.0
0.0
0.0
0.0
0.0
0.0
0.0
0.0
1.0
103.0
278.0
455.0
589.0
708.0
755.0
743.0
695.0
602.0
466.0
287.0
111.0
1.0
0.0
0.0
0.0
0.0
0.0
0.0
0.0
0.0
0.0
0.0
1.0
107.0
283.0
449.0
629.0
749.0
808.0
781.0
768.0
671.0
507.0
298.0
114.0
2.0
0.0
0.0
0.0
0.0
0.0
0.0
0.0
0.0
0.0
0.0
1.0
110.0
297.0
486.0
639.0
759.0
815.0
820.0
764.0
650.0
490.0
304.0
119.0
2.0
0.0
0.0
0.0
0.0
0.0
0.0
0.0
0.0
0.0
0.0
1.0
108.0
293.0
489.0
656.0
767.0
829.0
828.0
762.0
641.0
482.0
290.0
111.0
1.0
0.0
0.0
0.0
0.0
0.0
0.0
0.0
0.0
0.0
0.0
1.0
106.0
292.0
481.0
633.0
739.0
796.0
793.0
740.0
628.0
470.0
296.0
113.0
1.0
0.0
0.0
0.0
0.0
0.0
0.0
0.0
0.0
0.0
0.0
0.0
44.0
103.0
149.0
197.0
202.0
219.0
228.0
216.0
175.0
122.0
54.0
16.0
1.0
0.0
0.0
0.0
0.0
0.0
0.0
0.0
0.0
0.0
0.0
1.0
105.0
290.0
479.0
639.0
755.0
813.0
818.0
754.0
636.0
475.0
284.0
102.0
0.0
0.0
0.0
0.0
0.0
0.0
0.0
0.0
0.0
0.0
0.0
0.0
95.0
270.0
451.0
604.0
716.0
773.0
766.0
709.0
598.0
444.0
265.0
93.0
0.0
0.0
0.0
0.0
0.0
0.0
0.0
0.0
0.0
0.0
0.0
0.0
95.0
274.0
452.0
602.0
712.0
763.0
758.0
705.0
597.0
446.0
265.0
94.0
0.0
0.0
0.0
0.0
0.0
0.0
0.0
0.0
0.0
0.0
0.0
1.0
90.0
233.0
363.0
474.0
691.0
738.0
719.0
590.0
499.0
344.0
189.0
92.0
0.0
0.0
0.0
0.0
0.0
0.0
0.0
0.0
0.0
0.0
0.0
0.0
75.0
331.0
558.0
638.0
760.0
720.0
528.0
408.0
142.0
129.0
53.0
44.0
0.0
0.0
0.0
0.0
0.0
0.0
0.0
0.0
0.0
0.0
0.0
0.0
90.0
252.0
434.0
551.0
617.0
694.0
716.0
651.0
561.0
396.0
247.0
87.0
0.0
0.0
0.0
0.0
0.0
0.0
0.0
0.0
0.0
0.0
0.0
2.0
108.0
296.0
494.0
631.0
876.0
488.0
250.0
385.0
179.0
140.0
40.0
7.0
0.0
0.0
0.0
0.0
0.0
0.0
0.0
0.0
0.0
0.0
0.0
0.0
97.0
292.0
497.0
671.0
793.0
853.0
852.0
783.0
656.0
478.0
274.0
83.0
0.0
0.0
0.0
0.0
0.0
0.0
0.0
0.0
0.0
0.0
0.0
0.0
80.0
247.0
435.0
593.0
713.0
766.0
771.0
699.0
592.0
428.0
241.0
73.0
0.0
0.0
0.0
0.0
0.0
0.0
0.0
0.0
0.0
0.0
0.0
0.0
42.0
197.0
295.0
318.0
455.0
572.0
633.0
676.0
642.0
453.0
244.0
87.0
0.0
0.0
0.0
0.0
0.0
0.0
0.0
0.0
0.0
0.0
0.0
0.0
92.0
287.0
490.0
665.0
788.0
851.0
849.0
781.0
660.0
484.0
272.0
78.0
0.0
0.0
0.0
0.0
0.0
0.0
0.0
0.0
0.0
0.0
0.0
0.0
85.0
268.0
464.0
631.0
752.0
812.0
803.0
736.0
604.0
439.0
239.0
30.0
0.0
0.0
0.0
0.0
0.0
0.0
0.0
0.0
0.0
0.0
0.0
0.0
81.0
258.0
440.0
594.0
698.0
765.0
778.0
711.0
594.0
415.0
234.0
30.0
0.0
0.0
0.0
0.0
0.0
0.0
0.0
0.0
0.0
0.0
0.0
0.0
82.0
266.0
464.0
630.0
740.0
795.0
790.0
726.0
602.0
431.0
235.0
27.0
0.0
0.0
0.0
0.0
0.0
0.0
0.0
0.0
0.0
0.0
0.0
0.0
83.0
275.0
481.0
655.0
777.0
842.0
838.0
768.0
636.0
455.0
248.0
29.0
0.0
0.0
0.0
0.0
0.0
0.0
0.0
0.0
0.0
0.0
0.0
0.0
73.0
239.0
408.0
573.0
657.0
689.0
715.0
679.0
561.0
405.0
202.0
20.0
0.0
0.0
0.0
0.0
0.0
0.0
0.0
0.0
0.0
0.0
0.0
0.0
63.0
233.0
398.0
532.0
661.0
705.0
742.0
668.0
541.0
412.0
209.0
22.0
0.0
0.0
0.0
0.0
0.0
0.0
0.0
0.0
0.0
0.0
0.0
0.0
65.0
234.0
418.0
574.0
688.0
760.0
740.0
662.0
515.0
357.0
193.0
18.0
0.0
0.0
0.0
0.0
0.0
0.0
0.0
0.0
0.0
0.0
0.0
0.0
64.0
223.0
409.0
553.0
667.0
699.0
699.0
662.0
547.0
389.0
201.0
21.0
0.0
0.0
0.0
0.0
0.0
0.0
0.0
0.0
0.0
0.0
0.0
0.0
55.0
199.0
363.0
506.0
636.0
729.0
689.0
617.0
490.0
341.0
199.0
18.0
0.0
0.0
0.0
0.0
0.0
0.0
0.0
0.0
0.0
0.0
0.0
0.0
32.0
234.0
416.0
577.0
683.0
743.0
751.0
679.0
554.0
393.0
208.0
18.0
0.0
0.0
0.0
0.0
0.0
0.0
0.0
0.0
0.0
0.0
0.0
0.0
30.0
219.0
401.0
540.0
650.0
728.0
738.0
677.0
548.0
381.0
195.0
16.0
0.0
0.0
0.0
0.0
0.0
0.0
0.0
0.0
0.0
0.0
0.0
0.0
26.0
221.0
411.0
573.0
657.0
708.0
693.0
625.0
514.0
352.0
171.0
7.0
0.0
0.0
0.0
0.0
0.0
0.0
0.0
0.0
0.0
0.0
0.0
0.0
22.0
221.0
378.0
526.0
604.0
574.0
564.0
500.0
408.0
313.0
160.0
3.0
0.0
0.0
0.0
0.0
0.0
0.0
0.0
0.0
0.0
0.0
0.0
0.0
12.0
122.0
241.0
277.0
385.0
453.0
556.0
451.0
292.0
203.0
79.0
2.0
0.0
0.0
0.0
0.0
0.0
0.0
0.0
0.0
0.0
0.0
0.0
0.0
25.0
228.0
426.0
587.0
690.0
745.0
721.0
652.0
521.0
350.0
169.0
7.0
0.0
0.0
0.0
0.0
0.0
0.0
0.0
0.0
0.0
0.0
0.0
0.0
26.0
235.0
434.0
599.0
716.0
770.0
760.0
686.0
553.0
376.0
177.0
8.0
0.0
0.0
0.0
0.0
0.0
0.0
0.0
0.0
0.0
0.0
0.0
0.0
25.0
241.0
442.0
614.0
736.0
793.0
782.0
705.0
569.0
387.0
182.0
7.0
0.0
0.0
0.0
0.0
0.0
0.0
0.0
0.0
0.0
0.0
0.0
0.0
22.0
208.0
392.0
552.0
659.0
706.0
689.0
628.0
508.0
339.0
155.0
5.0
0.0
0.0
0.0
0.0
0.0
0.0
0.0
0.0
0.0
0.0
0.0
0.0
15.0
177.0
334.0
478.0
575.0
608.0
604.0
546.0
418.0
274.0
124.0
2.0
0.0
0.0
0.0
0.0
0.0
0.0
0.0
0.0
0.0
0.0
0.0
0.0
18.0
198.0
376.0
521.0
580.0
605.0
584.0
532.0
411.0
275.0
114.0
2.0
0.0
0.0
0.0
0.0
0.0
0.0
0.0
0.0
0.0
0.0
0.0
0.0
11.0
163.0
329.0
473.0
567.0
588.0
605.0
618.0
508.0
312.0
134.0
4.0
0.0
0.0
0.0
0.0
0.0
0.0
0.0
0.0
0.0
0.0
0.0
0.0
10.0
127.0
217.0
333.0
404.0
391.0
405.0
289.0
235.0
141.0
58.0
1.0
0.0
0.0
0.0
0.0
0.0
0.0
0.0
0.0
0.0
0.0
0.0
0.0
16.0
149.0
294.0
395.0
471.0
590.0
596.0
557.0
440.0
241.0
99.0
1.0
0.0
0.0
0.0
0.0
0.0
0.0
0.0
0.0
0.0
0.0
0.0
0.0
16.0
202.0
394.0
560.0
669.0
720.0
701.0
614.0
480.0
310.0
129.0
2.0
0.0
0.0
0.0
0.0
0.0
0.0
0.0
0.0
0.0
0.0
0.0
0.0
13.0
189.0
367.0
530.0
638.0
686.0
669.0
612.0
481.0
314.0
134.0
3.0
0.0
0.0
0.0
0.0
0.0
0.0
0.0
0.0
0.0
0.0
0.0
0.0
11.0
169.0
337.0
506.0
598.0
629.0
635.0
536.0
438.0
296.0
123.0
3.0
0.0
0.0
0.0
0.0
0.0
0.0
0.0
0.0
0.0
0.0
0.0
0.0
10.0
170.0
337.0
492.0
592.0
640.0
622.0
568.0
466.0
284.0
119.0
2.0
0.0
0.0
0.0
0.0
0.0
0.0
0.0
0.0
0.0
0.0
0.0
0.0
10.0
126.0
246.0
332.0
404.0
419.0
427.0
376.0
287.0
152.0
61.0
1.0
0.0
0.0
0.0
0.0
0.0
0.0
0.0
0.0
0.0
0.0
0.0
0.0
9.0
168.0
334.0
485.0
603.0
663.0
641.0
562.0
452.0
288.0
112.0
1.0
0.0
0.0
0.0
0.0
0.0
0.0
0.0
0.0
0.0
0.0
0.0
0.0
10.0
159.0
319.0
472.0
592.0
649.0
648.0
563.0
425.0
267.0
102.0
1.0
0.0
0.0
0.0
0.0
0.0
0.0
0.0
0.0
0.0
0.0
0.0
0.0
10.0
180.0
368.0
538.0
647.0
699.0
684.0
598.0
465.0
289.0
107.0
1.0
0.0
0.0
0.0
0.0
0.0
0.0
0.0
0.0
0.0
0.0
0.0
0.0
8.0
161.0
343.0
492.0
579.0
624.0
623.0
544.0
420.0
265.0
102.0
1.0
0.0
0.0
0.0
0.0
0.0
0.0
0.0
0.0
0.0
0.0
0.0
0.0
2.0
106.0
195.0
276.0
387.0
335.0
287.0
194.0
193.0
91.0
36.0
0.0
0.0
0.0
0.0
0.0
0.0
0.0
0.0
0.0
0.0
0.0
0.0
0.0
7.0
156.0
325.0
468.0
569.0
615.0
599.0
530.0
408.0
251.0
89.0
0.0
0.0
0.0
0.0
0.0
0.0
0.0
0.0
0.0
0.0
0.0
0.0
0.0
6.0
146.0
329.0
471.0
583.0
613.0
599.0
548.0
425.0
255.0
87.0
0.0
0.0
0.0
0.0
0.0
0.0
0.0
0.0
0.0
0.0
0.0
0.0
0.0
6.0
145.0
310.0
422.0
545.0
561.0
540.0
430.0
193.0
144.0
61.0
0.0
0.0
0.0
0.0
0.0
0.0
0.0
0.0
0.0
0.0
0.0
0.0
0.0
3.0
131.0
279.0
450.0
584.0
528.0
501.0
460.0
412.0
276.0
97.0
1.0
0.0
0.0
0.0
0.0
0.0
0.0
0.0
0.0
0.0
0.0
0.0
0.0
2.0
79.0
156.0
258.0
346.0
208.0
289.0
328.0
99.0
75.0
68.0
0.0
0.0
0.0
0.0
0.0
0.0
0.0
0.0
0.0
0.0
0.0
0.0
0.0
4.0
139.0
298.0
448.0
542.0
586.0
596.0
527.0
411.0
240.0
81.0
0.0
0.0
0.0
0.0
0.0
0.0
0.0
0.0
0.0
0.0
0.0
0.0
0.0
5.0
134.0
305.0
458.0
560.0
618.0
603.0
509.0
386.0
233.0
74.0
0.0
0.0
0.0
0.0
0.0
0.0
0.0
0.0
0.0
0.0
0.0
0.0
0.0
1.0
64.0
159.0
218.0
275.0
299.0
278.0
260.0
183.0
104.0
37.0
0.0
0.0
0.0
0.0
0.0
0.0
0.0
0.0
0.0
0.0
0.0
0.0
0.0
4.0
133.0
309.0
445.0
522.0
587.0
576.0
489.0
366.0
201.0
57.0
0.0
0.0
0.0
0.0
0.0
0.0
0.0
0.0
0.0
0.0
0.0
0.0
0.0
1.0
89.0
217.0
342.0
402.0
428.0
451.0
395.0
293.0
178.0
58.0
0.0
0.0
0.0
0.0
0.0
0.0
0.0
0.0
0.0
0.0
0.0
0.0
0.0
2.0
128.0
290.0
440.0
530.0
587.0
576.0
507.0
372.0
211.0
63.0
0.0
0.0
0.0
0.0
0.0
0.0
0.0
0.0
0.0
0.0
0.0
0.0
0.0
2.0
125.0
292.0
452.0
545.0
565.0
581.0
496.0
367.0
218.0
34.0
0.0
0.0
0.0
0.0
0.0
0.0
0.0
0.0
0.0
0.0
0.0
0.0
0.0
2.0
123.0
280.0
441.0
544.0
602.0
580.0
510.0
381.0
215.0
29.0
0.0
0.0
0.0
0.0
0.0
0.0
0.0
0.0
0.0
0.0
0.0
0.0
0.0
2.0
129.0
306.0
464.0
572.0
609.0
599.0
528.0
390.0
227.0
29.0
0.0
0.0
0.0
0.0
0.0
0.0
0.0
0.0
0.0
0.0
0.0
0.0
0.0
1.0
45.0
117.0
132.0
180.0
287.0
447.0
270.0
431.0
246.0
51.0
0.0
0.0
0.0
0.0
0.0
0.0
0.0
0.0
0.0
0.0
0.0
0.0
0.0
2.0
61.0
143.0
223.0
266.0
292.0
285.0
226.0
134.0
69.0
5.0
0.0
0.0
0.0
0.0
0.0
0.0
0.0
0.0
0.0
0.0
0.0
0.0
0.0
1.0
86.0
218.0
342.0
417.0
471.0
455.0
385.0
286.0
146.0
19.0
0.0
0.0
0.0
0.0
0.0
0.0
0.0
0.0
0.0
0.0
0.0
0.0
0.0
1.0
115.0
284.0
425.0
524.0
565.0
570.0
497.0
373.0
203.0
20.0
0.0
0.0
0.0
0.0
0.0
0.0
0.0
0.0
0.0
0.0
0.0
0.0
0.0
1.0
114.0
278.0
442.0
530.0
541.0
529.0
460.0
346.0
193.0
20.0
0.0
0.0
0.0
0.0
0.0
0.0
0.0
0.0
0.0
0.0
0.0
0.0
0.0
1.0
87.0
219.0
308.0
409.0
528.0
503.0
442.0
299.0
195.0
32.0
0.0
0.0
0.0
0.0
0.0
0.0
0.0
0.0
0.0
0.0
0.0
0.0
0.0
0.0
20.0
53.0
57.0
165.0
266.0
139.0
410.0
331.0
128.0
26.0
0.0
0.0
0.0
0.0
0.0
0.0
0.0
0.0
0.0
0.0
0.0
0.0
0.0
0.0
59.0
158.0
244.0
311.0
313.0
325.0
292.0
206.0
103.0
4.0
0.0
0.0
0.0
0.0
0.0
0.0
0.0
0.0
0.0
0.0
0.0
0.0
0.0
0.0
99.0
264.0
384.0
493.0
522.0
483.0
431.0
312.0
172.0
14.0
0.0
0.0
0.0
0.0
0.0
0.0
0.0
0.0
0.0
0.0
0.0
0.0
0.0
0.0
88.0
230.0
419.0
478.0
465.0
433.0
397.0
317.0
163.0
12.0
0.0
0.0
0.0
0.0
0.0
0.0
0.0
0.0
0.0
0.0
0.0
0.0
0.0
0.0
31.0
78.0
139.0
157.0
181.0
168.0
117.0
106.0
83.0
11.0
0.0
0.0
0.0
0.0
0.0
0.0
0.0
0.0
0.0
0.0
0.0
0.0
0.0
0.0
99.0
262.0
241.0
326.0
48.0
210.0
222.0
369.0
171.0
43.0
0.0
0.0
0.0
0.0
0.0
0.0
0.0
0.0
0.0
0.0
0.0
0.0
0.0
0.0
84.0
231.0
366.0
476.0
541.0
534.0
470.0
329.0
183.0
19.0
0.0
0.0
0.0
0.0
0.0
0.0
0.0
0.0
0.0
0.0
0.0
0.0
0.0
0.0
64.0
236.0
385.0
467.0
412.0
419.0
333.0
150.0
123.0
3.0
0.0
0.0
0.0
0.0
0.0
0.0
0.0
0.0
0.0
0.0
0.0
0.0
0.0
0.0
73.0
234.0
362.0
432.0
469.0
401.0
367.0
274.0
166.0
12.0
0.0
0.0
0.0
0.0
0.0
0.0
0.0
0.0
0.0
0.0
0.0
0.0
0.0
0.0
64.0
199.0
306.0
405.0
439.0
424.0
364.0
262.0
124.0
3.0
0.0
0.0
0.0
0.0
0.0
0.0
0.0
0.0
0.0
0.0
0.0
0.0
0.0
0.0
71.0
210.0
355.0
462.0
513.0
495.0
383.0
291.0
164.0
10.0
0.0
0.0
0.0
0.0
0.0
0.0
0.0
0.0
0.0
0.0
0.0
0.0
0.0
0.0
73.0
229.0
371.0
480.0
531.0
518.0
450.0
332.0
174.0
12.0
0.0
0.0
0.0
0.0
0.0
0.0
0.0
0.0
0.0
0.0
0.0
0.0
0.0
0.0
67.0
212.0
348.0
446.0
510.0
516.0
451.0
335.0
179.0
14.0
0.0
0.0
0.0
0.0
0.0
0.0
0.0
0.0
0.0
0.0
0.0
0.0
0.0
0.0
66.0
244.0
309.0
422.0
382.0
343.0
185.0
176.0
146.0
17.0
0.0
0.0
0.0
0.0
0.0
0.0
0.0
0.0
0.0
0.0
0.0
0.0
0.0
0.0
69.0
226.0
382.0
495.0
545.0
541.0
466.0
344.0
187.0
15.0
0.0
0.0
0.0
0.0
0.0
0.0
0.0
0.0
0.0
0.0
0.0
0.0
0.0
0.0
65.0
213.0
365.0
476.0
535.0
522.0
453.0
333.0
174.0
12.0
0.0
0.0
0.0
0.0
0.0
0.0
0.0
0.0
0.0
0.0
0.0
0.0
0.0
0.0
22.0
158.0
262.0
346.0
387.0
367.0
306.0
237.0
111.0
3.0
0.0
0.0
0.0
0.0
0.0
0.0
0.0
0.0
0.0
0.0
0.0
0.0
0.0
0.0
25.0
180.0
352.0
419.0
500.0
410.0
365.0
279.0
117.0
3.0
0.0
0.0
0.0
0.0
0.0
0.0
0.0
0.0
0.0
0.0
0.0
0.0
0.0
0.0
30.0
193.0
352.0
414.0
449.0
453.0
327.0
257.0
102.0
3.0
0.0
0.0
0.0
0.0
0.0
0.0
0.0
0.0
0.0
0.0
0.0
0.0
0.0
0.0
22.0
157.0
291.0
387.0
421.0
392.0
328.0
233.0
106.0
3.0
0.0
0.0
0.0
0.0
0.0
0.0
0.0
0.0
0.0
0.0
0.0
0.0
0.0
0.0
25.0
203.0
332.0
403.0
423.0
424.0
371.0
255.0
115.0
3.0
0.0
0.0
0.0
0.0
0.0
0.0
0.0
0.0
0.0
0.0
0.0
0.0
0.0
0.0
8.0
48.0
77.0
87.0
129.0
92.0
409.0
249.0
111.0
3.0
0.0
0.0
0.0
0.0
0.0
0.0
0.0
0.0
0.0
0.0
0.0
0.0
0.0
0.0
18.0
152.0
253.0
345.0
376.0
349.0
295.0
205.0
108.0
3.0
0.0
0.0
0.0
0.0
0.0
0.0
0.0
0.0
0.0
0.0
0.0
0.0
0.0
0.0
13.0
124.0
336.0
478.0
326.0
330.0
41.0
25.0
13.0
2.0
0.0
0.0
0.0
0.0
0.0
0.0
0.0
0.0
0.0
0.0
0.0
0.0
0.0
0.0
20.0
184.0
319.0
445.0
493.0
499.0
429.0
313.0
164.0
11.0
0.0
0.0
0.0
0.0
0.0
0.0
0.0
0.0
0.0
0.0
0.0
0.0
0.0
0.0
21.0
147.0
238.0
234.0
155.0
103.0
83.0
75.0
108.0
14.0
0.0
0.0
0.0
0.0
0.0
0.0
0.0
0.0
0.0
0.0
0.0
0.0
0.0
0.0
25.0
187.0
304.0
320.0
246.0
353.0
418.0
256.0
126.0
26.0
0.0
0.0
0.0
0.0
0.0
0.0
0.0
0.0
0.0
0.0
0.0
0.0
0.0
0.0
18.0
176.0
314.0
426.0
504.0
482.0
409.0
293.0
152.0
9.0
0.0
0.0
0.0
0.0
0.0
0.0
0.0
0.0
0.0
0.0
0.0
0.0
0.0
0.0
16.0
175.0
322.0
433.0
495.0
481.0
418.0
305.0
165.0
13.0
0.0
0.0
0.0
0.0
0.0
0.0
0.0
0.0
0.0
0.0
0.0
0.0
0.0
0.0
13.0
155.0
292.0
427.0
481.0
439.0
393.0
298.0
164.0
12.0
0.0
0.0
0.0
0.0
0.0
0.0
0.0
0.0
0.0
0.0
0.0
0.0
0.0
0.0
14.0
167.0
318.0
421.0
491.0
481.0
425.0
319.0
169.0
14.0
0.0
0.0
0.0
0.0
0.0
0.0
0.0
0.0
0.0
0.0
0.0
0.0
0.0
0.0
14.0
177.0
327.0
437.0
504.0
507.0
447.0
328.0
171.0
12.0
0.0
0.0
0.0
0.0
0.0
0.0
0.0
0.0
0.0
0.0
0.0
0.0
0.0
0.0
13.0
159.0
290.0
383.0
431.0
439.0
394.0
303.0
147.0
8.0
0.0
0.0
0.0
0.0
0.0
0.0
0.0
0.0
0.0
0.0
0.0
0.0
0.0
0.0
3.0
91.0
146.0
250.0
297.0
393.0
397.0
253.0
173.0
19.0
0.0
0.0
0.0
0.0
0.0
0.0
0.0
0.0
0.0
0.0
0.0
0.0
0.0
0.0
9.0
113.0
228.0
282.0
324.0
315.0
284.0
211.0
91.0
3.0
0.0
0.0
0.0
0.0
0.0
0.0
0.0
0.0
0.0
0.0
0.0
0.0
0.0
0.0
3.0
104.0
248.0
315.0
466.0
466.0
397.0
257.0
144.0
15.0
0.0
0.0
0.0
0.0
0.0
0.0
0.0
0.0
0.0
0.0
0.0
0.0
0.0
0.0
9.0
160.0
302.0
392.0
417.0
439.0
318.0
228.0
115.0
8.0
0.0
0.0
0.0
0.0
0.0
0.0
0.0
0.0
0.0
0.0
0.0
0.0
0.0
0.0
14.0
166.0
236.0
390.0
300.0
247.0
139.0
81.0
79.0
13.0
0.0
0.0
0.0
0.0
0.0
0.0
0.0
0.0
0.0
0.0
0.0
0.0
0.0
0.0
4.0
93.0
185.0
264.0
305.0
266.0
211.0
130.0
71.0
3.0
0.0
0.0
0.0
0.0
0.0
0.0
0.0
0.0
0.0
0.0
0.0
0.0
0.0
0.0
11.0
138.0
221.0
376.0
420.0
449.0
371.0
296.0
139.0
9.0
0.0
0.0
0.0
0.0
0.0
0.0
0.0
0.0
0.0
0.0
0.0
0.0
0.0
0.0
2.0
14.0
44.0
36.0
41.0
89.0
424.0
362.0
192.0
7.0
0.0
0.0
0.0
0.0
0.0
0.0
0.0
0.0
0.0
0.0
0.0
0.0
0.0
0.0
9.0
150.0
288.0
421.0
478.0
468.0
420.0
310.0
166.0
13.0
0.0
0.0
0.0
0.0
0.0
0.0
0.0
0.0
0.0
0.0
0.0
0.0
0.0
0.0
9.0
152.0
267.0
373.0
419.0
424.0
357.0
274.0
123.0
3.0
0.0
0.0
0.0
0.0
0.0
0.0
0.0
0.0
0.0
0.0
0.0
0.0
0.0
0.0
6.0
112.0
237.0
328.0
439.0
356.0
438.0
295.0
166.0
20.0
0.0
0.0
0.0
0.0
0.0
0.0
0.0
0.0
0.0
0.0
0.0
0.0
0.0
0.0
2.0
82.0
170.0
241.0
263.0
282.0
269.0
203.0
106.0
10.0
0.0
0.0
0.0
0.0
0.0
0.0
0.0
0.0
0.0
0.0
0.0
0.0
0.0
0.0
2.0
82.0
203.0
295.0
322.0
341.0
308.0
229.0
126.0
13.0
0.0
0.0
0.0
0.0
0.0
0.0
0.0
0.0
0.0
0.0
0.0
0.0
0.0
0.0
7.0
115.0
226.0
308.0
340.0
331.0
287.0
205.0
95.0
3.0
0.0
0.0
0.0
0.0
0.0
0.0
0.0
0.0
0.0
0.0
0.0
0.0
0.0
0.0
7.0
149.0
318.0
405.0
421.0
402.0
331.0
260.0
133.0
4.0
0.0
0.0
0.0
0.0
0.0
0.0
0.0
0.0
0.0
0.0
0.0
0.0
0.0
0.0
6.0
73.0
189.0
251.0
282.0
342.0
357.0
228.0
150.0
4.0
0.0
0.0
0.0
0.0
0.0
0.0
0.0
