0.0
0.0
0.0
0.0
0.0
0.0
0.0
0.0
39.0
214.0
358.0
450.0
483.0
456.0
371.0
232.0
54.0
0.0
0.0
0.0
0.0
0.0
0.0
0.0
0.0
0.0
0.0
0.0
0.0
0.0
0.0
0.0
39.0
215.0
359.0
451.0
485.0
458.0
373.0
235.0
56.0
0.0
0.0
0.0
0.0
0.0
0.0
0.0
0.0
0.0
0.0
0.0
0.0
0.0
0.0
0.0
40.0
215.0
360.0
452.0
487.0
461.0
376.0
238.0
58.0
0.0
0.0
0.0
0.0
0.0
0.0
0.0
0.0
0.0
0.0
0.0
0.0
0.0
0.0
0.0
40.0
216.0
361.0
454.0
489.0
463.0
379.0
242.0
61.0
0.0
0.0
0.0
0.0
0.0
0.0
0.0
0.0
0.0
0.0
0.0
0.0
0.0
0.0
0.0
40.0
217.0
363.0
456.0
491.0
466.0
382.0
245.0
64.0
0.0
0.0
0.0
0.0
0.0
0.0
0.0
0.0
0.0
0.0
0.0
0.0
0.0
0.0
0.0
41.0
218.0
364.0
458.0
494.0
469.0
385.0
248.0
67.0
0.0
0.0
0.0
0.0
0.0
0.0
0.0
0.0
0.0
0.0
0.0
0.0
0.0
0.0
0.0
41.0
220.0
366.0
460.0
497.0
472.0
389.0
252.0
70.0
0.0
0.0
0.0
0.0
0.0
0.0
0.0
0.0
0.0
0.0
0.0
0.0
0.0
0.0
0.0
42.0
221.0
368.0
463.0
499.0
475.0
392.0
256.0
73.0
0.0
0.0
0.0
0.0
0.0
0.0
0.0
0.0
0.0
0.0
0.0
0.0
0.0
0.0
0.0
43.0
223.0
370.0
465.0
502.0
479.0
396.0
260.0
77.0
0.0
0.0
0.0
0.0
0.0
0.0
0.0
0.0
0.0
0.0
0.0
0.0
0.0
0.0
0.0
44.0
224.0
372.0
468.0
506.0
482.0
400.0
264.0
80.0
0.0
0.0
0.0
0.0
0.0
0.0
0.0
0.0
0.0
0.0
0.0
0.0
0.0
0.0
0.0
45.0
226.0
374.0
471.0
509.0
486.0
404.0
268.0
84.0
0.0
0.0
0.0
0.0
0.0
0.0
0.0
0.0
0.0
0.0
0.0
0.0
0.0
0.0
0.0
46.0
228.0
377.0
474.0
512.0
490.0
408.0
272.0
88.0
0.0
0.0
0.0
0.0
0.0
0.0
0.0
0.0
0.0
0.0
0.0
0.0
0.0
0.0
0.0
47.0
231.0
380.0
477.0
516.0
494.0
412.0
277.0
92.0
0.0
0.0
0.0
0.0
0.0
0.0
0.0
0.0
0.0
0.0
0.0
0.0
0.0
0.0
0.0
49.0
233.0
383.0
480.0
520.0
498.0
417.0
281.0
97.0
0.0
0.0
0.0
0.0
0.0
0.0
0.0
0.0
0.0
0.0
0.0
0.0
0.0
0.0
0.0
50.0
236.0
386.0
484.0
524.0
502.0
421.0
286.0
106.0
0.0
0.0
0.0
0.0
0.0
0.0
0.0
0.0
0.0
0.0
0.0
0.0
0.0
0.0
0.0
52.0
239.0
389.0
488.0
528.0
507.0
426.0
291.0
111.0
0.0
0.0
0.0
0.0
0.0
0.0
0.0
0.0
0.0
0.0
0.0
0.0
0.0
0.0
0.0
54.0
241.0
392.0
491.0
532.0
511.0
431.0
296.0
115.0
0.0
0.0
0.0
0.0
0.0
0.0
0.0
0.0
0.0
0.0
0.0
0.0
0.0
0.0
0.0
56.0
245.0
396.0
495.0
536.0
516.0
435.0
301.0
121.0
1.0
0.0
0.0
0.0
0.0
0.0
0.0
0.0
0.0
0.0
0.0
0.0
0.0
0.0
0.0
58.0
248.0
399.0
499.0
541.0
521.0
440.0
306.0
126.0
1.0
0.0
0.0
0.0
0.0
0.0
0.0
0.0
0.0
0.0
0.0
0.0
0.0
0.0
0.0
60.0
251.0
403.0
504.0
545.0
525.0
446.0
311.0
131.0
2.0
0.0
0.0
0.0
0.0
0.0
0.0
0.0
0.0
0.0
0.0
0.0
0.0
0.0
0.0
63.0
255.0
407.0
508.0
550.0
531.0
451.0
316.0
136.0
2.0
0.0
0.0
0.0
0.0
0.0
0.0
0.0
0.0
0.0
0.0
0.0
0.0
0.0
0.0
65.0
258.0
411.0
512.0
555.0
536.0
456.0
322.0
142.0
3.0
0.0
0.0
0.0
0.0
0.0
0.0
0.0
0.0
0.0
0.0
0.0
0.0
0.0
0.0
68.0
262.0
416.0
517.0
560.0
541.0
462.0
327.0
147.0
4.0
0.0
0.0
0.0
0.0
0.0
0.0
0.0
0.0
0.0
0.0
0.0
0.0
0.0
0.0
71.0
266.0
420.0
522.0
565.0
546.0
467.0
333.0
153.0
5.0
0.0
0.0
0.0
0.0
0.0
0.0
0.0
0.0
0.0
0.0
0.0
0.0
0.0
0.0
74.0
270.0
424.0
527.0
570.0
552.0
473.0
338.0
158.0
7.0
0.0
0.0
0.0
0.0
0.0
0.0
0.0
0.0
0.0
0.0
0.0
0.0
0.0
0.0
77.0
275.0
429.0
532.0
576.0
557.0
478.0
344.0
164.0
8.0
0.0
0.0
0.0
0.0
0.0
0.0
0.0
0.0
0.0
0.0
0.0
0.0
0.0
0.0
81.0
279.0
434.0
537.0
581.0
563.0
484.0
350.0
170.0
10.0
0.0
0.0
0.0
0.0
0.0
0.0
0.0
0.0
0.0
0.0
0.0
0.0
0.0
0.0
84.0
283.0
439.0
542.0
587.0
569.0
490.0
356.0
175.0
11.0
0.0
0.0
0.0
0.0
0.0
0.0
0.0
0.0
0.0
0.0
0.0
0.0
0.0
0.0
88.0
288.0
444.0
548.0
592.0
575.0
496.0
362.0
181.0
13.0
0.0
0.0
0.0
0.0
0.0
0.0
0.0
0.0
0.0
0.0
0.0
0.0
0.0
0.0
92.0
293.0
449.0
553.0
598.0
581.0
502.0
368.0
187.0
15.0
0.0
0.0
0.0
0.0
0.0
0.0
0.0
0.0
0.0
0.0
0.0
0.0
0.0
0.0
97.0
298.0
454.0
559.0
604.0
587.0
508.0
374.0
193.0
18.0
0.0
0.0
0.0
0.0
0.0
0.0
0.0
0.0
0.0
0.0
0.0
0.0
0.0
0.0
101.0
303.0
460.0
564.0
610.0
593.0
515.0
380.0
199.0
20.0
0.0
0.0
0.0
0.0
0.0
0.0
0.0
0.0
0.0
0.0
0.0
0.0
0.0
0.0
106.0
308.0
465.0
570.0
616.0
599.0
521.0
387.0
206.0
23.0
0.0
0.0
0.0
0.0
0.0
0.0
0.0
0.0
0.0
0.0
0.0
0.0
0.0
0.0
115.0
314.0
471.0
576.0
622.0
605.0
527.0
393.0
212.0
25.0
0.0
0.0
0.0
0.0
0.0
0.0
0.0
0.0
0.0
0.0
0.0
0.0
0.0
0.0
120.0
319.0
477.0
582.0
628.0
612.0
534.0
399.0
218.0
28.0
0.0
0.0
0.0
0.0
0.0
0.0
0.0
0.0
0.0
0.0
0.0
0.0
0.0
0.0
125.0
325.0
483.0
588.0
635.0
618.0
540.0
406.0
224.0
31.0
0.0
0.0
0.0
0.0
0.0
0.0
0.0
0.0
0.0
0.0
0.0
0.0
0.0
1.0
130.0
330.0
489.0
595.0
641.0
625.0
547.0
412.0
231.0
35.0
0.0
0.0
0.0
0.0
0.0
0.0
0.0
0.0
0.0
0.0
0.0
0.0
0.0
1.0
136.0
336.0
495.0
601.0
647.0
631.0
553.0
419.0
237.0
38.0
0.0
0.0
0.0
0.0
0.0
0.0
0.0
0.0
0.0
0.0
0.0
0.0
0.0
2.0
142.0
342.0
501.0
607.0
654.0
638.0
560.0
425.0
243.0
42.0
0.0
0.0
0.0
0.0
0.0
0.0
0.0
0.0
0.0
0.0
0.0
0.0
0.0
3.0
147.0
348.0
507.0
614.0
661.0
644.0
566.0
432.0
250.0
46.0
0.0
0.0
0.0
0.0
0.0
0.0
0.0
0.0
0.0
0.0
0.0
0.0
0.0
4.0
153.0
354.0
514.0
620.0
667.0
651.0
573.0
438.0
256.0
50.0
0.0
0.0
0.0
0.0
0.0
0.0
0.0
0.0
0.0
0.0
0.0
0.0
0.0
5.0
159.0
361.0
520.0
627.0
674.0
658.0
580.0
445.0
263.0
54.0
0.0
0.0
0.0
0.0
0.0
0.0
0.0
0.0
0.0
0.0
0.0
0.0
0.0
6.0
165.0
367.0
527.0
634.0
681.0
665.0
587.0
452.0
269.0
58.0
0.0
0.0
0.0
0.0
0.0
0.0
0.0
0.0
0.0
0.0
0.0
0.0
0.0
7.0
172.0
373.0
533.0
641.0
688.0
672.0
593.0
458.0
276.0
63.0
0.0
0.0
0.0
0.0
0.0
0.0
0.0
0.0
0.0
0.0
0.0
0.0
0.0
9.0
178.0
380.0
540.0
647.0
695.0
678.0
600.0
465.0
282.0
68.0
0.0
0.0
0.0
0.0
0.0
0.0
0.0
0.0
0.0
0.0
0.0
0.0
0.0
11.0
184.0
387.0
547.0
654.0
702.0
685.0
607.0
472.0
289.0
73.0
0.0
0.0
0.0
0.0
0.0
0.0
0.0
0.0
0.0
0.0
0.0
0.0
0.0
13.0
191.0
393.0
554.0
661.0
709.0
692.0
614.0
478.0
295.0
78.0
0.0
0.0
0.0
0.0
0.0
0.0
0.0
0.0
0.0
0.0
0.0
0.0
0.0
15.0
198.0
400.0
561.0
668.0
716.0
699.0
621.0
485.0
302.0
83.0
0.0
0.0
0.0
0.0
0.0
0.0
0.0
0.0
0.0
0.0
0.0
0.0
0.0
17.0
204.0
407.0
568.0
675.0
723.0
706.0
628.0
492.0
308.0
88.0
0.0
0.0
0.0
0.0
0.0
0.0
0.0
0.0
0.0
0.0
0.0
0.0
0.0
20.0
211.0
414.0
575.0
682.0
730.0
713.0
635.0
499.0
315.0
94.0
0.0
0.0
0.0
0.0
0.0
0.0
0.0
0.0
0.0
0.0
0.0
0.0
0.0
23.0
218.0
421.0
582.0
690.0
737.0
720.0
641.0
505.0
321.0
100.0
0.0
0.0
0.0
0.0
0.0
0.0
0.0
0.0
0.0
0.0
0.0
0.0
0.0
26.0
225.0
428.0
589.0
697.0
744.0
727.0
648.0
512.0
328.0
106.0
0.0
0.0
0.0
0.0
0.0
0.0
0.0
0.0
0.0
0.0
0.0
0.0
0.0
29.0
232.0
435.0
596.0
704.0
751.0
734.0
655.0
519.0
334.0
112.0
0.0
0.0
0.0
0.0
0.0
0.0
0.0
0.0
0.0
0.0
0.0
0.0
0.0
33.0
239.0
442.0
603.0
711.0
758.0
742.0
662.0
525.0
341.0
121.0
0.0
0.0
0.0
0.0
0.0
0.0
0.0
0.0
0.0
0.0
0.0
0.0
0.0
37.0
246.0
450.0
611.0
718.0
765.0
749.0
669.0
532.0
347.0
127.0
0.0
0.0
0.0
0.0
0.0
0.0
0.0
0.0
0.0
0.0
0.0
0.0
0.0
41.0
254.0
457.0
618.0
726.0
773.0
756.0
676.0
539.0
354.0
133.0
0.0
0.0
0.0
0.0
0.0
0.0
0.0
0.0
0.0
0.0
0.0
0.0
0.0
45.0
261.0
464.0
625.0
733.0
780.0
763.0
683.0
545.0
360.0
140.0
1.0
0.0
0.0
0.0
0.0
0.0
0.0
0.0
0.0
0.0
0.0
0.0
0.0
50.0
268.0
472.0
633.0
740.0
787.0
770.0
690.0
552.0
367.0
146.0
1.0
0.0
0.0
0.0
0.0
0.0
0.0
0.0
0.0
0.0
0.0
0.0
0.0
55.0
276.0
479.0
640.0
748.0
794.0
777.0
696.0
559.0
373.0
152.0
2.0
0.0
0.0
0.0
0.0
0.0
0.0
0.0
0.0
0.0
0.0
0.0
0.0
60.0
283.0
487.0
648.0
755.0
801.0
784.0
703.0
565.0
379.0
158.0
3.0
0.0
0.0
0.0
0.0
0.0
0.0
0.0
0.0
0.0
0.0
0.0
0.0
65.0
291.0
494.0
655.0
762.0
809.0
791.0
710.0
572.0
386.0
165.0
4.0
0.0
0.0
0.0
0.0
0.0
0.0
0.0
0.0
0.0
0.0
0.0
0.0
71.0
299.0
502.0
663.0
770.0
816.0
798.0
717.0
578.0
392.0
171.0
5.0
0.0
0.0
0.0
0.0
0.0
0.0
0.0
0.0
0.0
0.0
0.0
0.0
77.0
306.0
510.0
670.0
777.0
823.0
805.0
724.0
585.0
399.0
177.0
7.0
0.0
0.0
0.0
0.0
0.0
0.0
0.0
0.0
0.0
0.0
0.0
0.0
83.0
314.0
517.0
678.0
785.0
830.0
812.0
730.0
591.0
405.0
183.0
8.0
0.0
0.0
0.0
0.0
0.0
0.0
0.0
0.0
0.0
0.0
0.0
0.0
90.0
322.0
525.0
685.0
792.0
837.0
819.0
737.0
598.0
411.0
189.0
10.0
0.0
0.0
0.0
0.0
0.0
0.0
0.0
0.0
0.0
0.0
0.0
0.0
97.0
329.0
533.0
693.0
799.0
844.0
825.0
744.0
604.0
417.0
195.0
12.0
0.0
0.0
0.0
0.0
0.0
0.0
0.0
0.0
0.0
0.0
0.0
0.0
104.0
337.0
540.0
700.0
807.0
852.0
832.0
750.0
611.0
423.0
201.0
14.0
0.0
0.0
0.0
0.0
0.0
0.0
0.0
0.0
0.0
0.0
0.0
0.0
111.0
345.0
548.0
708.0
814.0
859.0
839.0
757.0
617.0
430.0
207.0
16.0
0.0
0.0
0.0
0.0
0.0
0.0
0.0
0.0
0.0
0.0
0.0
0.0
119.0
353.0
556.0
715.0
821.0
866.0
846.0
763.0
623.0
436.0
213.0
18.0
0.0
0.0
0.0
0.0
0.0
0.0
0.0
0.0
0.0
0.0
0.0
0.0
129.0
361.0
563.0
723.0
828.0
873.0
853.0
770.0
630.0
442.0
219.0
20.0
0.0
0.0
0.0
0.0
0.0
0.0
0.0
0.0
0.0
0.0
0.0
0.0
137.0
369.0
571.0
730.0
836.0
880.0
859.0
776.0
636.0
448.0
225.0
23.0
0.0
0.0
0.0
0.0
0.0
0.0
0.0
0.0
0.0
0.0
0.0
1.0
145.0
377.0
579.0
738.0
843.0
886.0
866.0
782.0
642.0
454.0
231.0
25.0
0.0
0.0
0.0
0.0
0.0
0.0
0.0
0.0
0.0
0.0
0.0
2.0
153.0
384.0
587.0
745.0
850.0
893.0
872.0
789.0
648.0
460.0
237.0
28.0
0.0
0.0
0.0
0.0
0.0
0.0
0.0
0.0
0.0
0.0
0.0
3.0
161.0
392.0
594.0
753.0
857.0
900.0
879.0
795.0
654.0
466.0
243.0
31.0
0.0
0.0
0.0
0.0
0.0
0.0
0.0
0.0
0.0
0.0
0.0
4.0
169.0
400.0
602.0
760.0
864.0
907.0
885.0
801.0
660.0
472.0
248.0
34.0
0.0
0.0
0.0
0.0
0.0
0.0
0.0
0.0
0.0
0.0
0.0
6.0
177.0
408.0
610.0
767.0
871.0
914.0
892.0
807.0
666.0
477.0
254.0
37.0
0.0
0.0
0.0
0.0
0.0
0.0
0.0
0.0
0.0
0.0
0.0
8.0
185.0
416.0
617.0
775.0
878.0
920.0
898.0
814.0
672.0
483.0
260.0
40.0
0.0
0.0
0.0
0.0
0.0
0.0
0.0
0.0
0.0
0.0
0.0
10.0
193.0
424.0
625.0
782.0
885.0
927.0
905.0
820.0
678.0
489.0
266.0
43.0
0.0
0.0
0.0
0.0
0.0
0.0
0.0
0.0
0.0
0.0
0.0
13.0
201.0
432.0
632.0
789.0
892.0
933.0
911.0
826.0
684.0
495.0
271.0
47.0
0.0
0.0
0.0
0.0
0.0
0.0
0.0
0.0
0.0
0.0
0.0
16.0
209.0
440.0
640.0
796.0
899.0
940.0
917.0
831.0
689.0
500.0
277.0
50.0
0.0
0.0
0.0
0.0
0.0
0.0
0.0
0.0
0.0
0.0
0.0
19.0
217.0
447.0
647.0
804.0
906.0
946.0
923.0
837.0
695.0
506.0
282.0
54.0
0.0
0.0
0.0
0.0
0.0
0.0
0.0
0.0
0.0
0.0
0.0
22.0
225.0
455.0
655.0
811.0
912.0
953.0
929.0
843.0
701.0
511.0
288.0
58.0
0.0
0.0
0.0
0.0
0.0
0.0
0.0
0.0
0.0
0.0
0.0
26.0
233.0
463.0
662.0
818.0
919.0
959.0
935.0
849.0
706.0
517.0
293.0
62.0
0.0
0.0
0.0
0.0
0.0
0.0
0.0
0.0
0.0
0.0
0.0
30.0
241.0
471.0
670.0
825.0
926.0
965.0
941.0
855.0
712.0
522.0
299.0
66.0
0.0
0.0
0.0
0.0
0.0
0.0
0.0
0.0
0.0
0.0
0.0
34.0
249.0
478.0
677.0
832.0
932.0
972.0
947.0
860.0
717.0
528.0
304.0
70.0
0.0
0.0
0.0
0.0
0.0
0.0
0.0
0.0
0.0
0.0
0.0
38.0
257.0
486.0
684.0
839.0
939.0
978.0
953.0
866.0
723.0
533.0
310.0
74.0
0.0
0.0
0.0
0.0
0.0
0.0
0.0
0.0
0.0
0.0
0.0
43.0
265.0
493.0
691.0
845.0
945.0
984.0
958.0
871.0
728.0
538.0
315.0
78.0
0.0
0.0
0.0
0.0
0.0
0.0
0.0
0.0
0.0
0.0
0.0
48.0
273.0
501.0
698.0
852.0
951.0
990.0
964.0
877.0
733.0
543.0
320.0
83.0
0.0
0.0
0.0
0.0
0.0
0.0
0.0
0.0
0.0
0.0
0.0
53.0
281.0
508.0
706.0
859.0
958.0
996.0
970.0
882.0
738.0
549.0
326.0
87.0
0.0
0.0
0.0
0.0
0.0
0.0
0.0
0.0
0.0
0.0
0.0
58.0
289.0
516.0
713.0
865.0
964.0
1001.0
975.0
887.0
744.0
554.0
331.0
92.0
0.0
0.0
0.0
0.0
0.0
0.0
0.0
0.0
0.0
0.0
0.0
64.0
296.0
523.0
720.0
872.0
970.0
1007.0
981.0
893.0
749.0
559.0
336.0
97.0
0.0
0.0
0.0
0.0
0.0
0.0
0.0
0.0
0.0
0.0
0.0
70.0
304.0
530.0
726.0
878.0
976.0
1013.0
986.0
898.0
754.0
564.0
341.0
102.0
0.0
0.0
0.0
0.0
0.0
0.0
0.0
0.0
0.0
0.0
0.0
76.0
312.0
538.0
733.0
885.0
982.0
1018.0
991.0
903.0
759.0
569.0
346.0
107.0
0.0
0.0
0.0
0.0
0.0
0.0
0.0
0.0
0.0
0.0
0.0
82.0
319.0
545.0
740.0
891.0
988.0
1024.0
997.0
908.0
764.0
574.0
351.0
112.0
0.0
0.0
0.0
0.0
0.0
0.0
0.0
0.0
0.0
0.0
0.0
89.0
327.0
552.0
747.0
897.0
994.0
1029.0
1002.0
913.0
768.0
579.0
356.0
117.0
0.0
0.0
0.0
0.0
0.0
0.0
0.0
0.0
0.0
0.0
0.0
95.0
334.0
559.0
753.0
903.0
999.0
1035.0
1007.0
918.0
773.0
584.0
361.0
122.0
0.0
0.0
0.0
0.0
0.0
0.0
0.0
0.0
0.0
0.0
0.0
102.0
341.0
566.0
760.0
909.0
1005.0
1040.0
1012.0
922.0
778.0
588.0
366.0
127.0
0.0
0.0
0.0
0.0
0.0
0.0
0.0
0.0
0.0
0.0
0.0
109.0
349.0
573.0
766.0
915.0
1011.0
1045.0
1017.0
927.0
783.0
593.0
371.0
132.0
0.0
0.0
0.0
0.0
0.0
0.0
0.0
0.0
0.0
0.0
0.0
117.0
356.0
580.0
772.0
921.0
1016.0
1050.0
1022.0
932.0
787.0
598.0
376.0
138.0
1.0
0.0
0.0
0.0
0.0
0.0
0.0
0.0
0.0
0.0
0.0
124.0
363.0
586.0
779.0
927.0
1021.0
1055.0
1026.0
936.0
792.0
602.0
381.0
143.0
1.0
0.0
0.0
0.0
0.0
0.0
0.0
0.0
0.0
0.0
0.0
132.0
370.0
593.0
785.0
933.0
1027.0
1060.0
1031.0
941.0
796.0
607.0
386.0
148.0
2.0
0.0
0.0
0.0
0.0
0.0
0.0
0.0
0.0
0.0
1.0
139.0
377.0
599.0
791.0
938.0
1032.0
1065.0
1036.0
945.0
801.0
612.0
391.0
153.0
2.0
0.0
0.0
0.0
0.0
0.0
0.0
0.0
0.0
0.0
2.0
146.0
384.0
606.0
797.0
944.0
1037.0
1070.0
1040.0
950.0
805.0
616.0
395.0
158.0
3.0
0.0
0.0
0.0
0.0
0.0
0.0
0.0
0.0
0.0
2.0
153.0
391.0
612.0
803.0
949.0
1042.0
1074.0
1045.0
954.0
810.0
620.0
400.0
163.0
4.0
0.0
0.0
0.0
0.0
0.0
0.0
0.0
0.0
0.0
4.0
161.0
398.0
619.0
809.0
955.0
1047.0
1079.0
1049.0
958.0
814.0
625.0
405.0
168.0
5.0
0.0
0.0
0.0
0.0
0.0
0.0
0.0
0.0
0.0
5.0
168.0
404.0
625.0
814.0
960.0
1052.0
1084.0
1053.0
963.0
818.0
629.0
409.0
173.0
6.0
0.0
0.0
0.0
0.0
0.0
0.0
0.0
0.0
0.0
7.0
175.0
411.0
631.0
820.0
965.0
1057.0
1088.0
1057.0
967.0
822.0
634.0
414.0
178.0
8.0
0.0
0.0
0.0
0.0
0.0
0.0
0.0
0.0
0.0
9.0
182.0
417.0
637.0
825.0
970.0
1061.0
1092.0
1062.0
971.0
826.0
638.0
418.0
183.0
9.0
0.0
0.0
0.0
0.0
0.0
0.0
0.0
0.0
0.0
11.0
188.0
423.0
643.0
831.0
975.0
1066.0
1097.0
1066.0
975.0
830.0
642.0
423.0
188.0
10.0
0.0
0.0
0.0
0.0
0.0
0.0
0.0
0.0
0.0
13.0
195.0
430.0
648.0
836.0
980.0
1070.0
1101.0
1070.0
979.0
834.0
646.0
427.0
192.0
12.0
0.0
0.0
0.0
0.0
0.0
0.0
0.0
0.0
0.0
15.0
202.0
436.0
654.0
841.0
985.0
1075.0
1105.0
1073.0
982.0
838.0
650.0
432.0
197.0
14.0
0.0
0.0
0.0
0.0
0.0
0.0
0.0
0.0
0.0
18.0
208.0
442.0
660.0
846.0
989.0
1079.0
1109.0
1077.0
986.0
842.0
654.0
436.0
202.0
16.0
0.0
0.0
0.0
0.0
0.0
0.0
0.0
0.0
0.0
21.0
214.0
448.0
665.0
851.0
994.0
1083.0
1113.0
1081.0
990.0
846.0
658.0
440.0
207.0
17.0
0.0
0.0
0.0
0.0
0.0
0.0
0.0
0.0
0.0
23.0
221.0
454.0
670.0
856.0
998.0
1087.0
1117.0
1085.0
994.0
850.0
662.0
445.0
211.0
19.0
0.0
0.0
0.0
0.0
0.0
0.0
0.0
0.0
0.0
26.0
227.0
459.0
676.0
861.0
1003.0
1091.0
1120.0
1088.0
997.0
853.0
666.0
449.0
216.0
22.0
0.0
0.0
0.0
0.0
0.0
0.0
0.0
0.0
0.0
30.0
233.0
465.0
681.0
866.0
1007.0
1095.0
1124.0
1092.0
1001.0
857.0
670.0
453.0
221.0
24.0
0.0
0.0
0.0
0.0
0.0
0.0
0.0
0.0
0.0
33.0
239.0
470.0
686.0
870.0
1011.0
1099.0
1128.0
1095.0
1004.0
861.0
674.0
457.0
225.0
26.0
0.0
0.0
0.0
0.0
0.0
0.0
0.0
0.0
0.0
36.0
245.0
476.0
691.0
875.0
1015.0
1103.0
1131.0
1099.0
1008.0
864.0
678.0
461.0
230.0
29.0
0.0
0.0
0.0
0.0
0.0
0.0
0.0
0.0
0.0
40.0
251.0
481.0
695.0
879.0
1019.0
1106.0
1134.0
1102.0
1011.0
868.0
681.0
466.0
234.0
31.0
0.0
0.0
0.0
0.0
0.0
0.0
0.0
0.0
0.0
43.0
256.0
486.0
700.0
883.0
1023.0
1110.0
1138.0
1105.0
1014.0
871.0
685.0
470.0
239.0
34.0
0.0
0.0
0.0
0.0
0.0
0.0
0.0
0.0
0.0
47.0
262.0
491.0
705.0
887.0
1027.0
1113.0
1141.0
1108.0
1017.0
874.0
689.0
474.0
243.0
36.0
0.0
0.0
0.0
0.0
0.0
0.0
0.0
0.0
0.0
51.0
267.0
496.0
709.0
891.0
1030.0
1116.0
1144.0
1111.0
1021.0
878.0
692.0
478.0
248.0
39.0
0.0
0.0
0.0
0.0
0.0
0.0
0.0
0.0
0.0
55.0
272.0
501.0
713.0
895.0
1034.0
1120.0
1147.0
1115.0
1024.0
881.0
696.0
481.0
252.0
42.0
0.0
0.0
0.0
0.0
0.0
0.0
0.0
0.0
0.0
59.0
277.0
506.0
718.0
899.0
1037.0
1123.0
1150.0
1117.0
1027.0
884.0
699.0
485.0
256.0
45.0
0.0
0.0
0.0
0.0
0.0
0.0
0.0
0.0
0.0
63.0
282.0
510.0
722.0
903.0
1041.0
1126.0
1153.0
1120.0
1030.0
887.0
703.0
489.0
261.0
48.0
0.0
0.0
0.0
0.0
0.0
0.0
0.0
0.0
0.0
67.0
287.0
515.0
726.0
906.0
1044.0
1129.0
1156.0
1123.0
1033.0
890.0
706.0
493.0
265.0
51.0
0.0
0.0
0.0
0.0
0.0
0.0
0.0
0.0
0.0
71.0
292.0
519.0
730.0
910.0
1047.0
1132.0
1159.0
1126.0
1035.0
893.0
710.0
497.0
269.0
54.0
0.0
0.0
0.0
0.0
0.0
0.0
0.0
0.0
0.0
75.0
297.0
523.0
733.0
913.0
1050.0
1135.0
1161.0
1129.0
1038.0
896.0
713.0
500.0
273.0
57.0
0.0
0.0
0.0
0.0
0.0
0.0
0.0
0.0
0.0
79.0
301.0
527.0
737.0
916.0
1053.0
1137.0
1164.0
1131.0
1041.0
899.0
716.0
504.0
277.0
61.0
0.0
0.0
0.0
0.0
0.0
0.0
0.0
0.0
0.0
83.0
306.0
531.0
741.0
920.0
1056.0
1140.0
1167.0
1134.0
1043.0
902.0
719.0
508.0
281.0
64.0
0.0
0.0
0.0
0.0
0.0
0.0
0.0
0.0
0.0
87.0
310.0
535.0
744.0
923.0
1058.0
1143.0
1169.0
1136.0
1046.0
905.0
723.0
511.0
285.0
67.0
0.0
0.0
0.0
0.0
0.0
0.0
0.0
0.0
0.0
91.0
314.0
539.0
747.0
926.0
1061.0
1145.0
1171.0
1139.0
1049.0
908.0
726.0
515.0
289.0
71.0
0.0
0.0
0.0
0.0
0.0
0.0
0.0
0.0
0.0
95.0
318.0
542.0
751.0
928.0
1064.0
1147.0
1174.0
1141.0
1051.0
911.0
729.0
518.0
293.0
74.0
0.0
0.0
0.0
0.0
0.0
0.0
0.0
0.0
0.0
100.0
322.0
546.0
754.0
931.0
1066.0
1150.0
1176.0
1143.0
1054.0
913.0
732.0
522.0
297.0
78.0
0.0
0.0
0.0
0.0
0.0
0.0
0.0
0.0
0.0
104.0
326.0
549.0
757.0
934.0
1069.0
1152.0
1178.0
1145.0
1056.0
916.0
735.0
525.0
301.0
81.0
0.0
0.0
0.0
0.0
0.0
0.0
0.0
0.0
0.0
108.0
330.0
553.0
759.0
936.0
1071.0
1154.0
1180.0
1147.0
1058.0
918.0
738.0
528.0
304.0
85.0
0.0
0.0
0.0
0.0
0.0
0.0
0.0
0.0
0.0
110.0
333.0
556.0
762.0
939.0
1073.0
1156.0
1182.0
1150.0
1060.0
921.0
740.0
531.0
308.0
88.0
0.0
0.0
0.0
0.0
0.0
0.0
0.0
0.0
0.0
113.0
336.0
559.0
765.0
941.0
1075.0
1158.0
1184.0
1152.0
1063.0
923.0
743.0
535.0
312.0
92.0
0.0
0.0
0.0
0.0
0.0
0.0
0.0
0.0
0.0
117.0
340.0
562.0
767.0
943.0
1077.0
1160.0
1186.0
1153.0
1065.0
926.0
746.0
538.0
315.0
96.0
0.0
0.0
0.0
0.0
0.0
0.0
0.0
0.0
1.0
121.0
343.0
564.0
770.0
945.0
1079.0
1162.0
1188.0
1155.0
1067.0
928.0
749.0
541.0
319.0
99.0
0.0
0.0
0.0
0.0
0.0
0.0
0.0
0.0
1.0
124.0
346.0
567.0
772.0
947.0
1081.0
1163.0
1189.0
1157.0
1069.0
930.0
751.0
544.0
322.0
103.0
0.0
0.0
0.0
0.0
0.0
0.0
0.0
0.0
1.0
127.0
349.0
569.0
774.0
949.0
1083.0
1165.0
1191.0
1159.0
1071.0
933.0
754.0
547.0
325.0
107.0
0.0
0.0
0.0
0.0
0.0
0.0
0.0
0.0
2.0
130.0
352.0
572.0
776.0
951.0
1084.0
1167.0
1193.0
1161.0
1073.0
935.0
757.0
550.0
329.0
108.0
0.0
0.0
0.0
0.0
0.0
0.0
0.0
0.0
2.0
133.0
354.0
574.0
778.0
953.0
1086.0
1168.0
1194.0
1162.0
1075.0
937.0
759.0
553.0
332.0
112.0
0.0
0.0
0.0
0.0
0.0
0.0
0.0
0.0
2.0
136.0
357.0
576.0
780.0
954.0
1087.0
1169.0
1196.0
1164.0
1076.0
939.0
761.0
555.0
335.0
116.0
0.0
0.0
0.0
0.0
0.0
0.0
0.0
0.0
3.0
139.0
359.0
578.0
782.0
956.0
1089.0
1171.0
1197.0
1165.0
1078.0
941.0
764.0
558.0
338.0
119.0
1.0
0.0
0.0
0.0
0.0
0.0
0.0
0.0
3.0
142.0
361.0
580.0
783.0
957.0
1090.0
1172.0
1198.0
1167.0
1080.0
943.0
766.0
561.0
341.0
122.0
1.0
0.0
0.0
0.0
0.0
0.0
0.0
0.0
4.0
144.0
363.0
582.0
785.0
959.0
1091.0
1173.0
1200.0
1168.0
1081.0
945.0
768.0
563.0
344.0
126.0
1.0
0.0
0.0
0.0
0.0
0.0
0.0
0.0
4.0
146.0
365.0
584.0
786.0
960.0
1092.0
1174.0
1201.0
1170.0
1083.0
947.0
771.0
566.0
347.0
129.0
2.0
0.0
0.0
0.0
0.0
0.0
0.0
0.0
5.0
149.0
367.0
585.0
788.0
961.0
1093.0
1175.0
1202.0
1171.0
1085.0
949.0
773.0
568.0
350.0
132.0
2.0
0.0
0.0
0.0
0.0
0.0
0.0
0.0
6.0
151.0
369.0
587.0
789.0
962.0
1094.0
1176.0
1203.0
1172.0
1086.0
950.0
775.0
571.0
353.0
135.0
3.0
0.0
0.0
0.0
0.0
0.0
0.0
0.0
6.0
153.0
371.0
588.0
790.0
963.0
1095.0
1177.0
1204.0
1173.0
1087.0
952.0
777.0
573.0
355.0
138.0
3.0
0.0
0.0
0.0
0.0
0.0
0.0
0.0
7.0
154.0
372.0
589.0
791.0
964.0
1096.0
1178.0
1205.0
1174.0
1089.0
954.0
779.0
575.0
358.0
141.0
4.0
0.0
0.0
0.0
0.0
0.0
0.0
0.0
7.0
156.0
373.0
590.0
792.0
965.0
1097.0
1179.0
1206.0
1176.0
1090.0
955.0
781.0
578.0
360.0
143.0
4.0
0.0
0.0
0.0
0.0
0.0
0.0
0.0
8.0
158.0
375.0
591.0
793.0
965.0
1097.0
1180.0
1207.0
1177.0
1091.0
957.0
782.0
580.0
363.0
146.0
5.0
0.0
0.0
0.0
0.0
0.0
0.0
0.0
8.0
159.0
376.0
592.0
794.0
966.0
1098.0
1180.0
1207.0
1178.0
1093.0
958.0
784.0
582.0
365.0
149.0
5.0
0.0
0.0
0.0
0.0
0.0
0.0
0.0
8.0
160.0
377.0
593.0
794.0
967.0
1099.0
1181.0
1208.0
1178.0
1094.0
960.0
786.0
584.0
367.0
151.0
6.0
0.0
0.0
0.0
0.0
0.0
0.0
0.0
9.0
161.0
378.0
594.0
795.0
967.0
1099.0
1181.0
1209.0
1179.0
1095.0
961.0
788.0
586.0
369.0
153.0
7.0
0.0
0.0
0.0
0.0
0.0
0.0
0.0
9.0
162.0
378.0
594.0
795.0
967.0
1099.0
1182.0
1209.0
1180.0
1096.0
963.0
789.0
588.0
371.0
156.0
7.0
0.0
0.0
0.0
0.0
0.0
0.0
0.0
9.0
163.0
379.0
595.0
796.0
968.0
1100.0
1182.0
1210.0
1181.0
1097.0
964.0
791.0
589.0
373.0
158.0
8.0
0.0
0.0
0.0
0.0
0.0
0.0
0.0
10.0
164.0
380.0
595.0
796.0
968.0
1100.0
1183.0
1210.0
1181.0
1098.0
965.0
792.0
591.0
375.0
160.0
9.0
0.0
0.0
0.0
0.0
0.0
0.0
0.0
10.0
165.0
380.0
595.0
796.0
968.0
1100.0
1183.0
1211.0
1182.0
1099.0
966.0
793.0
593.0
377.0
162.0
9.0
0.0
0.0
0.0
0.0
0.0
0.0
0.0
10.0
165.0
380.0
596.0
796.0
968.0
1100.0
1183.0
1211.0
1183.0
1099.0
967.0
795.0
594.0
379.0
164.0
10.0
0.0
0.0
0.0
0.0
0.0
0.0
0.0
10.0
165.0
381.0
596.0
796.0
968.0
1100.0
1183.0
1212.0
1183.0
1100.0
968.0
796.0
596.0
380.0
165.0
10.0
0.0
0.0
0.0
0.0
0.0
0.0
0.0
11.0
166.0
381.0
596.0
796.0
968.0
1100.0
1183.0
1212.0
1184.0
1101.0
969.0
797.0
597.0
382.0
167.0
11.0
0.0
0.0
0.0
0.0
0.0
0.0
0.0
11.0
166.0
381.0
595.0
796.0
968.0
1100.0
1183.0
1212.0
1184.0
1102.0
970.0
798.0
598.0
383.0
169.0
11.0
0.0
0.0
0.0
0.0
0.0
0.0
0.0
11.0
166.0
380.0
595.0
796.0
968.0
1100.0
1183.0
1212.0
1184.0
1102.0
971.0
799.0
599.0
385.0
170.0
12.0
0.0
0.0
0.0
0.0
0.0
0.0
0.0
11.0
166.0
380.0
595.0
795.0
967.0
1100.0
1183.0
1212.0
1185.0
1103.0
972.0
800.0
601.0
386.0
171.0
12.0
0.0
0.0
0.0
0.0
0.0
0.0
0.0
11.0
165.0
380.0
594.0
795.0
967.0
1099.0
1183.0
1212.0
1185.0
1103.0
972.0
801.0
602.0
387.0
173.0
13.0
0.0
0.0
0.0
0.0
0.0
0.0
0.0
10.0
165.0
379.0
594.0
794.0
967.0
1099.0
1183.0
1212.0
1185.0
1104.0
973.0
802.0
603.0
388.0
174.0
13.0
0.0
0.0
0.0
0.0
0.0
0.0
0.0
10.0
165.0
379.0
593.0
794.0
966.0
1099.0
1183.0
1212.0
1185.0
1104.0
973.0
803.0
603.0
389.0
175.0
14.0
0.0
0.0
0.0
0.0
0.0
0.0
0.0
10.0
164.0
378.0
593.0
793.0
965.0
1098.0
1182.0
1212.0
1186.0
1104.0
974.0
803.0
604.0
390.0
176.0
14.0
0.0
0.0
0.0
0.0
0.0
0.0
0.0
10.0
163.0
377.0
592.0
792.0
965.0
1098.0
1182.0
1212.0
1186.0
1104.0
974.0
804.0
605.0
391.0
176.0
14.0
0.0
0.0
0.0
0.0
0.0
0.0
0.0
10.0
162.0
376.0
591.0
791.0
964.0
1097.0
1182.0
1212.0
1186.0
1105.0
975.0
804.0
605.0
391.0
177.0
15.0
0.0
0.0
0.0
0.0
0.0
0.0
0.0
9.0
161.0
375.0
590.0
790.0
963.0
1097.0
1181.0
1212.0
1185.0
1105.0
975.0
805.0
606.0
392.0
177.0
15.0
0.0
0.0
0.0
0.0
0.0
0.0
0.0
9.0
160.0
374.0
589.0
789.0
962.0
1096.0
1181.0
1211.0
1185.0
1105.0
975.0
805.0
606.0
392.0
178.0
15.0
0.0
0.0
0.0
0.0
0.0
0.0
0.0
9.0
159.0
373.0
588.0
788.0
961.0
1095.0
1180.0
1211.0
1185.0
1105.0
975.0
805.0
607.0
393.0
178.0
15.0
0.0
0.0
0.0
0.0
0.0
0.0
0.0
8.0
158.0
372.0
587.0
787.0
960.0
1094.0
1180.0
1210.0
1185.0
1105.0
975.0
806.0
607.0
393.0
178.0
15.0
0.0
0.0
0.0
0.0
0.0
0.0
0.0
8.0
157.0
370.0
585.0
786.0
959.0
1093.0
1179.0
1210.0
1185.0
1105.0
975.0
806.0
607.0
393.0
178.0
15.0
0.0
0.0
0.0
0.0
0.0
0.0
0.0
8.0
155.0
369.0
584.0
785.0
958.0
1092.0
1178.0
1209.0
1184.0
1104.0
975.0
806.0
607.0
393.0
178.0
15.0
0.0
0.0
0.0
0.0
0.0
0.0
0.0
7.0
153.0
367.0
582.0
784.0
957.0
1092.0
1177.0
1209.0
1184.0
1104.0
975.0
806.0
607.0
393.0
178.0
15.0
0.0
0.0
0.0
0.0
0.0
0.0
0.0
7.0
152.0
366.0
581.0
782.0
956.0
1090.0
1177.0
1208.0
1184.0
1104.0
975.0
805.0
607.0
393.0
178.0
15.0
0.0
0.0
0.0
0.0
0.0
0.0
0.0
6.0
150.0
364.0
579.0
781.0
955.0
1089.0
1176.0
1208.0
1183.0
1104.0
975.0
805.0
607.0
392.0
177.0
14.0
0.0
0.0
0.0
0.0
0.0
0.0
0.0
6.0
148.0
362.0
577.0
779.0
953.0
1088.0
1175.0
1207.0
1182.0
1103.0
974.0
805.0
606.0
392.0
177.0
14.0
0.0
0.0
0.0
0.0
0.0
0.0
0.0
5.0
146.0
360.0
576.0
778.0
952.0
1087.0
1174.0
1206.0
1182.0
1103.0
974.0
804.0
606.0
391.0
176.0
14.0
0.0
0.0
0.0
0.0
0.0
0.0
0.0
5.0
144.0
358.0
574.0
776.0
950.0
1086.0
1173.0
1205.0
1181.0
1102.0
973.0
804.0
605.0
391.0
175.0
13.0
0.0
0.0
0.0
0.0
0.0
0.0
0.0
4.0
142.0
356.0
572.0
774.0
949.0
1085.0
1172.0
1204.0
1180.0
1101.0
973.0
803.0
604.0
390.0
174.0
13.0
0.0
0.0
0.0
0.0
0.0
0.0
0.0
4.0
139.0
354.0
570.0
772.0
947.0
1083.0
1171.0
1203.0
1180.0
1101.0
972.0
803.0
604.0
389.0
173.0
13.0
0.0
0.0
0.0
0.0
0.0
0.0
0.0
3.0
137.0
352.0
568.0
770.0
946.0
1082.0
1169.0
1202.0
1179.0
1100.0
971.0
802.0
603.0
388.0
172.0
12.0
0.0
0.0
0.0
0.0
0.0
0.0
0.0
3.0
134.0
349.0
566.0
769.0
944.0
1080.0
1168.0
1201.0
1178.0
1099.0
971.0
801.0
602.0
387.0
170.0
12.0
0.0
0.0
0.0
0.0
0.0
0.0
0.0
2.0
132.0
347.0
564.0
767.0
942.0
1079.0
1167.0
1200.0
1177.0
1098.0
970.0
800.0
601.0
386.0
169.0
11.0
0.0
0.0
0.0
0.0
0.0
0.0
0.0
2.0
129.0
345.0
561.0
765.0
941.0
1077.0
1166.0
1199.0
1176.0
1097.0
969.0
799.0
600.0
384.0
167.0
10.0
0.0
0.0
0.0
0.0
0.0
0.0
0.0
2.0
126.0
342.0
559.0
762.0
939.0
1076.0
1164.0
1198.0
1175.0
1096.0
968.0
798.0
598.0
383.0
166.0
10.0
0.0
0.0
0.0
0.0
0.0
0.0
0.0
1.0
124.0
339.0
556.0
760.0
937.0
1074.0
1163.0
1197.0
1174.0
1095.0
966.0
796.0
597.0
381.0
164.0
9.0
0.0
0.0
0.0
0.0
0.0
0.0
0.0
1.0
121.0
337.0
554.0
758.0
935.0
1072.0
1161.0
1195.0
1172.0
1094.0
965.0
795.0
595.0
379.0
162.0
9.0
0.0
0.0
0.0
0.0
0.0
0.0
0.0
1.0
118.0
334.0
552.0
756.0
933.0
1071.0
1160.0
1194.0
1171.0
1092.0
964.0
794.0
594.0
377.0
160.0
8.0
0.0
0.0
0.0
0.0
0.0
0.0
0.0
0.0
114.0
331.0
549.0
754.0
931.0
1069.0
1158.0
1192.0
1170.0
1091.0
962.0
792.0
592.0
375.0
157.0
7.0
0.0
0.0
0.0
0.0
0.0
0.0
0.0
0.0
111.0
328.0
546.0
751.0
929.0
1067.0
1156.0
1191.0
1168.0
1090.0
961.0
790.0
590.0
373.0
155.0
6.0
0.0
0.0
0.0
0.0
0.0
0.0
0.0
0.0
108.0
325.0
544.0
749.0
927.0
1065.0
1155.0
1189.0
1167.0
1088.0
959.0
789.0
588.0
371.0
152.0
6.0
0.0
0.0
0.0
0.0
0.0
0.0
0.0
0.0
105.0
322.0
541.0
746.0
925.0
1063.0
1153.0
1188.0
1165.0
1087.0
958.0
787.0
586.0
369.0
150.0
5.0
0.0
0.0
0.0
0.0
0.0
0.0
0.0
0.0
103.0
319.0
538.0
744.0
922.0
1061.0
1151.0
1186.0
1163.0
1085.0
956.0
785.0
584.0
366.0
147.0
4.0
0.0
0.0
0.0
0.0
0.0
0.0
0.0
0.0
100.0
316.0
535.0
741.0
920.0
1059.0
1149.0
1184.0
1162.0
1083.0
954.0
783.0
581.0
364.0
144.0
4.0
0.0
0.0
0.0
0.0
0.0
0.0
0.0
0.0
97.0
312.0
532.0
739.0
918.0
1057.0
1147.0
1183.0
1160.0
1081.0
952.0
781.0
579.0
361.0
141.0
3.0
0.0
0.0
0.0
0.0
0.0
0.0
0.0
0.0
93.0
309.0
529.0
736.0
915.0
1055.0
1146.0
1181.0
1158.0
1079.0
950.0
778.0
576.0
358.0
138.0
3.0
0.0
0.0
0.0
0.0
0.0
0.0
0.0
0.0
90.0
306.0
526.0
733.0
913.0
1053.0
1144.0
1179.0
1156.0
1077.0
948.0
776.0
574.0
355.0
135.0
2.0
0.0
0.0
0.0
0.0
0.0
0.0
0.0
0.0
86.0
302.0
523.0
731.0
910.0
1051.0
1141.0
1177.0
1154.0
1075.0
945.0
773.0
571.0
352.0
131.0
2.0
0.0
0.0
0.0
0.0
0.0
0.0
0.0
0.0
83.0
299.0
520.0
728.0
908.0
1048.0
1139.0
1175.0
1152.0
1073.0
943.0
771.0
568.0
349.0
127.0
1.0
0.0
0.0
0.0
0.0
0.0
0.0
0.0
0.0
80.0
295.0
517.0
725.0
905.0
1046.0
1137.0
1173.0
1150.0
1071.0
941.0
768.0
565.0
345.0
124.0
1.0
0.0
0.0
0.0
0.0
0.0
0.0
0.0
0.0
76.0
292.0
514.0
722.0
903.0
1044.0
1135.0
1171.0
1148.0
1069.0
938.0
765.0
562.0
342.0
120.0
0.0
0.0
0.0
0.0
0.0
0.0
0.0
0.0
0.0
73.0
288.0
510.0
719.0
900.0
1041.0
1133.0
1168.0
1146.0
1066.0
935.0
762.0
559.0
338.0
116.0
0.0
0.0
0.0
0.0
0.0
0.0
0.0
0.0
0.0
70.0
285.0
507.0
716.0
897.0
1039.0
1130.0
1166.0
1143.0
1064.0
933.0
759.0
555.0
334.0
112.0
0.0
0.0
0.0
0.0
0.0
0.0
0.0
0.0
0.0
67.0
281.0
504.0
713.0
895.0
1036.0
1128.0
1164.0
1141.0
1061.0
930.0
756.0
552.0
331.0
108.0
0.0
0.0
0.0
0.0
0.0
0.0
0.0
0.0
0.0
63.0
277.0
500.0
710.0
892.0
1034.0
1125.0
1161.0
1138.0
1058.0
927.0
753.0
548.0
327.0
105.0
0.0
0.0
0.0
0.0
0.0
0.0
0.0
0.0
0.0
60.0
273.0
497.0
707.0
889.0
1031.0
1123.0
1159.0
1136.0
1056.0
924.0
750.0
544.0
322.0
101.0
0.0
0.0
0.0
0.0
0.0
0.0
0.0
0.0
0.0
57.0
269.0
493.0
704.0
886.0
1028.0
1120.0
1156.0
1133.0
1053.0
921.0
746.0
541.0
318.0
96.0
0.0
0.0
0.0
0.0
0.0
0.0
0.0
0.0
0.0
54.0
265.0
490.0
701.0
883.0
1026.0
1118.0
1153.0
1130.0
1050.0
918.0
743.0
537.0
314.0
92.0
0.0
0.0
0.0
0.0
0.0
0.0
0.0
0.0
0.0
51.0
262.0
486.0
697.0
880.0
1023.0
1115.0
1151.0
1128.0
1047.0
914.0
739.0
533.0
309.0
88.0
0.0
0.0
0.0
0.0
0.0
0.0
0.0
0.0
0.0
48.0
258.0
483.0
694.0
877.0
1020.0
1112.0
1148.0
1125.0
1044.0
911.0
735.0
528.0
305.0
83.0
0.0
0.0
0.0
0.0
0.0
0.0
0.0
0.0
0.0
45.0
254.0
479.0
691.0
874.0
1017.0
1110.0
1145.0
1122.0
1040.0
907.0
731.0
524.0
300.0
79.0
0.0
0.0
0.0
0.0
0.0
0.0
0.0
0.0
0.0
43.0
249.0
475.0
688.0
871.0
1014.0
1107.0
1142.0
1119.0
1037.0
904.0
727.0
520.0
295.0
75.0
0.0
0.0
0.0
0.0
0.0
0.0
0.0
0.0
0.0
40.0
245.0
472.0
684.0
868.0
1011.0
1104.0
1139.0
1115.0
1034.0
900.0
723.0
515.0
290.0
70.0
0.0
0.0
0.0
0.0
0.0
0.0
0.0
0.0
0.0
37.0
241.0
468.0
681.0
865.0
1008.0
1101.0
1136.0
1112.0
1030.0
896.0
719.0
510.0
285.0
66.0
0.0
0.0
0.0
0.0
0.0
0.0
0.0
0.0
0.0
35.0
237.0
464.0
677.0
862.0
1005.0
1098.0
1133.0
1109.0
1027.0
892.0
714.0
506.0
280.0
62.0
0.0
0.0
0.0
0.0
0.0
0.0
0.0
0.0
0.0
32.0
233.0
460.0
674.0
859.0
1002.0
1095.0
1130.0
1106.0
1023.0
888.0
710.0
501.0
275.0
58.0
0.0
0.0
0.0
0.0
0.0
0.0
0.0
0.0
0.0
30.0
229.0
457.0
670.0
855.0
999.0
1092.0
1127.0
1102.0
1019.0
884.0
705.0
496.0
269.0
54.0
0.0
0.0
0.0
0.0
0.0
0.0
0.0
0.0
0.0
27.0
224.0
453.0
667.0
852.0
996.0
1088.0
1123.0
1098.0
1015.0
880.0
701.0
491.0
264.0
50.0
0.0
0.0
0.0
0.0
0.0
0.0
0.0
0.0
0.0
25.0
220.0
449.0
663.0
849.0
992.0
1085.0
1120.0
1095.0
1011.0
875.0
696.0
485.0
258.0
46.0
0.0
0.0
0.0
0.0
0.0
0.0
0.0
0.0
0.0
23.0
216.0
445.0
659.0
845.0
989.0
1082.0
1116.0
1091.0
1007.0
871.0
691.0
480.0
252.0
42.0
0.0
0.0
0.0
0.0
0.0
0.0
0.0
0.0
0.0
21.0
211.0
441.0
656.0
842.0
986.0
1078.0
1113.0
1087.0
1003.0
866.0
686.0
475.0
246.0
38.0
0.0
0.0
0.0
0.0
0.0
0.0
0.0
0.0
0.0
19.0
207.0
437.0
652.0
838.0
982.0
1075.0
1109.0
1083.0
999.0
862.0
681.0
469.0
240.0
35.0
0.0
0.0
0.0
0.0
0.0
0.0
0.0
0.0
0.0
17.0
203.0
433.0
648.0
835.0
979.0
1071.0
1106.0
1079.0
995.0
857.0
676.0
463.0
234.0
31.0
0.0
0.0
0.0
0.0
0.0
0.0
0.0
0.0
0.0
15.0
198.0
429.0
645.0
831.0
975.0
1068.0
1102.0
1075.0
990.0
852.0
670.0
458.0
228.0
28.0
0.0
0.0
0.0
0.0
0.0
0.0
0.0
0.0
0.0
14.0
194.0
425.0
641.0
827.0
972.0
1064.0
1098.0
1071.0
986.0
847.0
665.0
452.0
222.0
25.0
0.0
0.0
0.0
0.0
0.0
0.0
0.0
0.0
0.0
12.0
189.0
420.0
637.0
824.0
968.0
1060.0
1094.0
1067.0
981.0
842.0
660.0
446.0
216.0
22.0
0.0
0.0
0.0
0.0
0.0
0.0
0.0
0.0
0.0
10.0
185.0
416.0
633.0
820.0
964.0
1056.0
1090.0
1063.0
976.0
837.0
654.0
440.0
209.0
19.0
0.0
0.0
0.0
0.0
0.0
0.0
0.0
0.0
0.0
9.0
180.0
412.0
629.0
816.0
960.0
1053.0
1086.0
1058.0
972.0
832.0
648.0
434.0
202.0
16.0
0.0
0.0
0.0
0.0
0.0
0.0
0.0
0.0
0.0
8.0
176.0
408.0
625.0
812.0
957.0
1049.0
1082.0
1054.0
967.0
826.0
642.0
427.0
196.0
14.0
0.0
0.0
0.0
0.0
0.0
0.0
0.0
0.0
0.0
6.0
171.0
404.0
621.0
808.0
953.0
1045.0
1078.0
1049.0
962.0
821.0
637.0
421.0
189.0
11.0
0.0
0.0
0.0
0.0
0.0
0.0
0.0
0.0
0.0
5.0
166.0
399.0
617.0
804.0
949.0
1041.0
1073.0
1045.0
957.0
815.0
631.0
415.0
182.0
9.0
0.0
0.0
0.0
0.0
0.0
0.0
0.0
0.0
0.0
4.0
162.0
395.0
613.0
800.0
945.0
1036.0
1069.0
1040.0
952.0
810.0
624.0
408.0
175.0
7.0
0.0
0.0
0.0
0.0
0.0
0.0
0.0
0.0
0.0
3.0
157.0
391.0
609.0
796.0
941.0
1032.0
1064.0
1035.0
946.0
804.0
618.0
401.0
168.0
6.0
0.0
0.0
0.0
0.0
0.0
0.0
0.0
0.0
0.0
3.0
153.0
386.0
605.0
792.0
937.0
1028.0
1060.0
1030.0
941.0
798.0
612.0
395.0
161.0
4.0
0.0
0.0
0.0
0.0
0.0
0.0
0.0
0.0
0.0
2.0
148.0
382.0
600.0
788.0
933.0
1024.0
1055.0
1025.0
936.0
792.0
606.0
388.0
154.0
3.0
0.0
0.0
0.0
0.0
0.0
0.0
0.0
0.0
0.0
1.0
143.0
378.0
596.0
784.0
928.0
1019.0
1050.0
1020.0
930.0
786.0
599.0
381.0
147.0
2.0
0.0
0.0
0.0
0.0
0.0
0.0
0.0
0.0
0.0
1.0
138.0
373.0
592.0
780.0
924.0
1015.0
1046.0
1015.0
924.0
780.0
593.0
374.0
139.0
1.0
0.0
0.0
0.0
0.0
0.0
0.0
0.0
0.0
0.0
0.0
134.0
369.0
588.0
776.0
920.0
1010.0
1041.0
1010.0
919.0
774.0
586.0
367.0
132.0
0.0
0.0
0.0
0.0
0.0
0.0
0.0
0.0
0.0
0.0
0.0
129.0
364.0
583.0
771.0
915.0
1006.0
1036.0
1004.0
913.0
768.0
579.0
360.0
124.0
0.0
0.0
0.0
0.0
0.0
0.0
0.0
0.0
0.0
0.0
0.0
124.0
360.0
579.0
767.0
911.0
1001.0
1031.0
999.0
907.0
762.0
572.0
352.0
117.0
0.0
0.0
0.0
0.0
0.0
0.0
0.0
0.0
0.0
0.0
0.0
119.0
355.0
574.0
762.0
906.0
996.0
1026.0
994.0
901.0
755.0
566.0
345.0
109.0
0.0
0.0
0.0
0.0
0.0
0.0
0.0
0.0
0.0
0.0
0.0
114.0
350.0
570.0
758.0
902.0
991.0
1021.0
988.0
895.0
749.0
559.0
338.0
102.0
0.0
0.0
0.0
0.0
0.0
0.0
0.0
0.0
0.0
0.0
0.0
110.0
346.0
565.0
753.0
897.0
986.0
1016.0
982.0
889.0
742.0
552.0
330.0
95.0
0.0
0.0
0.0
0.0
0.0
0.0
0.0
0.0
0.0
0.0
0.0
105.0
341.0
561.0
749.0
892.0
982.0
1010.0
977.0
883.0
736.0
545.0
323.0
88.0
0.0
0.0
0.0
0.0
0.0
0.0
0.0
0.0
0.0
0.0
0.0
100.0
336.0
556.0
744.0
888.0
977.0
1005.0
971.0
877.0
729.0
537.0
315.0
82.0
0.0
0.0
0.0
0.0
0.0
0.0
0.0
0.0
0.0
0.0
0.0
96.0
332.0
552.0
740.0
883.0
971.0
1000.0
965.0
870.0
722.0
530.0
308.0
75.0
0.0
0.0
0.0
0.0
0.0
0.0
0.0
0.0
0.0
0.0
0.0
92.0
327.0
547.0
735.0
878.0
966.0
994.0
959.0
864.0
715.0
523.0
300.0
69.0
0.0
0.0
0.0
0.0
0.0
0.0
0.0
0.0
0.0
0.0
0.0
87.0
322.0
542.0
730.0
873.0
961.0
988.0
953.0
858.0
708.0
516.0
292.0
63.0
0.0
0.0
0.0
0.0
0.0
0.0
0.0
0.0
0.0
0.0
0.0
83.0
317.0
537.0
725.0
868.0
956.0
983.0
947.0
851.0
701.0
508.0
285.0
58.0
0.0
0.0
0.0
0.0
0.0
0.0
0.0
0.0
0.0
0.0
0.0
79.0
312.0
533.0
720.0
863.0
950.0
977.0
941.0
845.0
694.0
501.0
277.0
52.0
0.0
0.0
0.0
0.0
0.0
0.0
0.0
0.0
0.0
0.0
0.0
75.0
308.0
528.0
715.0
858.0
945.0
971.0
935.0
838.0
687.0
493.0
269.0
47.0
0.0
0.0
0.0
0.0
0.0
0.0
0.0
0.0
0.0
0.0
0.0
71.0
303.0
523.0
711.0
853.0
940.0
965.0
929.0
831.0
680.0
486.0
261.0
42.0
0.0
0.0
0.0
0.0
0.0
0.0
0.0
0.0
0.0
0.0
0.0
67.0
298.0
518.0
705.0
847.0
934.0
960.0
922.0
824.0
673.0
478.0
253.0
37.0
0.0
0.0
0.0
0.0
0.0
0.0
0.0
0.0
0.0
0.0
0.0
63.0
293.0
513.0
700.0
842.0
929.0
954.0
916.0
818.0
666.0
471.0
245.0
33.0
0.0
0.0
0.0
0.0
0.0
0.0
0.0
0.0
0.0
0.0
0.0
60.0
288.0
508.0
695.0
837.0
923.0
948.0
909.0
811.0
658.0
463.0
237.0
29.0
0.0
0.0
0.0
0.0
0.0
0.0
0.0
0.0
0.0
0.0
0.0
56.0
283.0
503.0
690.0
831.0
917.0
942.0
903.0
804.0
651.0
455.0
229.0
25.0
0.0
0.0
0.0
0.0
0.0
0.0
0.0
0.0
0.0
0.0
0.0
53.0
277.0
498.0
685.0
826.0
911.0
935.0
896.0
797.0
644.0
447.0
221.0
21.0
0.0
0.0
0.0
0.0
0.0
0.0
0.0
0.0
0.0
0.0
0.0
49.0
272.0
493.0
680.0
820.0
906.0
929.0
890.0
790.0
636.0
440.0
213.0
18.0
0.0
0.0
0.0
0.0
0.0
0.0
0.0
0.0
0.0
0.0
0.0
46.0
267.0
487.0
674.0
815.0
900.0
923.0
883.0
783.0
629.0
432.0
205.0
15.0
0.0
0.0
0.0
0.0
0.0
0.0
0.0
0.0
0.0
0.0
0.0
43.0
262.0
482.0
669.0
809.0
894.0
917.0
876.0
776.0
621.0
424.0
197.0
12.0
0.0
0.0
0.0
0.0
0.0
0.0
0.0
0.0
0.0
0.0
0.0
40.0
257.0
477.0
663.0
804.0
888.0
910.0
870.0
769.0
614.0
416.0
189.0
10.0
0.0
0.0
0.0
0.0
0.0
0.0
0.0
0.0
0.0
0.0
0.0
37.0
251.0
472.0
658.0
798.0
882.0
904.0
863.0
761.0
606.0
408.0
181.0
8.0
0.0
0.0
0.0
0.0
0.0
0.0
0.0
0.0
0.0
0.0
0.0
34.0
246.0
466.0
652.0
792.0
876.0
897.0
856.0
754.0
599.0
401.0
173.0
6.0
0.0
0.0
0.0
0.0
0.0
0.0
0.0
0.0
0.0
0.0
0.0
31.0
241.0
461.0
647.0
786.0
869.0
891.0
849.0
747.0
591.0
393.0
165.0
4.0
0.0
0.0
0.0
0.0
0.0
0.0
0.0
0.0
0.0
0.0
0.0
28.0
235.0
455.0
641.0
780.0
863.0
884.0
842.0
740.0
584.0
385.0
157.0
3.0
0.0
0.0
0.0
0.0
0.0
0.0
0.0
0.0
0.0
0.0
0.0
26.0
230.0
450.0
635.0
774.0
857.0
878.0
835.0
732.0
576.0
377.0
149.0
2.0
0.0
0.0
0.0
0.0
0.0
0.0
0.0
0.0
0.0
0.0
0.0
23.0
225.0
444.0
630.0
768.0
851.0
871.0
828.0
725.0
568.0
369.0
141.0
1.0
0.0
0.0
0.0
0.0
0.0
0.0
0.0
0.0
0.0
0.0
0.0
21.0
219.0
439.0
624.0
762.0
844.0
864.0
821.0
718.0
561.0
361.0
133.0
0.0
0.0
0.0
0.0
0.0
0.0
0.0
0.0
0.0
0.0
0.0
0.0
19.0
214.0
433.0
618.0
756.0
838.0
858.0
814.0
710.0
553.0
353.0
125.0
0.0
0.0
0.0
0.0
0.0
0.0
0.0
0.0
0.0
0.0
0.0
0.0
17.0
208.0
427.0
612.0
750.0
832.0
851.0
807.0
703.0
545.0
346.0
115.0
0.0
0.0
0.0
0.0
0.0
0.0
0.0
0.0
0.0
0.0
0.0
0.0
15.0
203.0
422.0
606.0
744.0
825.0
844.0
800.0
695.0
538.0
338.0
107.0
0.0
0.0
0.0
0.0
0.0
0.0
0.0
0.0
0.0
0.0
0.0
0.0
13.0
197.0
416.0
601.0
738.0
819.0
837.0
793.0
688.0
530.0
330.0
100.0
0.0
0.0
0.0
0.0
0.0
0.0
0.0
0.0
0.0
0.0
0.0
0.0
11.0
191.0
410.0
595.0
732.0
812.0
831.0
786.0
681.0
523.0
322.0
93.0
0.0
0.0
0.0
0.0
0.0
0.0
0.0
0.0
0.0
0.0
0.0
0.0
10.0
186.0
404.0
589.0
725.0
806.0
824.0
779.0
673.0
515.0
314.0
86.0
0.0
0.0
0.0
0.0
0.0
0.0
0.0
0.0
0.0
0.0
0.0
0.0
8.0
180.0
399.0
582.0
719.0
799.0
817.0
771.0
666.0
507.0
307.0
80.0
0.0
0.0
0.0
0.0
0.0
0.0
0.0
0.0
0.0
0.0
0.0
0.0
7.0
174.0
393.0
576.0
713.0
792.0
810.0
764.0
659.0
500.0
299.0
74.0
0.0
0.0
0.0
0.0
0.0
0.0
0.0
0.0
0.0
0.0
0.0
0.0
5.0
169.0
387.0
570.0
706.0
786.0
803.0
757.0
651.0
492.0
291.0
68.0
0.0
0.0
0.0
0.0
0.0
0.0
0.0
0.0
0.0
0.0
0.0
0.0
4.0
163.0
381.0
564.0
700.0
779.0
796.0
750.0
644.0
485.0
284.0
62.0
0.0
0.0
0.0
0.0
0.0
0.0
0.0
0.0
0.0
0.0
0.0
0.0
3.0
157.0
375.0
558.0
693.0
772.0
789.0
743.0
636.0
477.0
276.0
57.0
0.0
0.0
0.0
0.0
0.0
0.0
0.0
0.0
0.0
0.0
0.0
0.0
2.0
151.0
369.0
552.0
687.0
766.0
782.0
736.0
629.0
470.0
269.0
52.0
0.0
0.0
0.0
0.0
0.0
0.0
0.0
0.0
0.0
0.0
0.0
0.0
2.0
145.0
363.0
546.0
681.0
759.0
775.0
729.0
622.0
462.0
261.0
47.0
0.0
0.0
0.0
0.0
0.0
0.0
0.0
0.0
0.0
0.0
0.0
0.0
1.0
140.0
357.0
539.0
674.0
752.0
768.0
721.0
615.0
455.0
254.0
42.0
0.0
0.0
0.0
0.0
0.0
0.0
0.0
0.0
0.0
0.0
0.0
0.0
1.0
134.0
351.0
533.0
668.0
745.0
761.0
714.0
607.0
448.0
247.0
38.0
0.0
0.0
0.0
0.0
0.0
0.0
0.0
0.0
0.0
0.0
0.0
0.0
0.0
128.0
345.0
527.0
661.0
739.0
755.0
707.0
600.0
441.0
239.0
34.0
0.0
0.0
0.0
0.0
0.0
0.0
0.0
0.0
0.0
0.0
0.0
0.0
0.0
122.0
339.0
520.0
655.0
732.0
748.0
700.0
593.0
433.0
232.0
30.0
0.0
0.0
0.0
0.0
0.0
0.0
0.0
0.0
0.0
0.0
0.0
0.0
0.0
114.0
333.0
514.0
648.0
725.0
741.0
693.0
586.0
426.0
225.0
27.0
0.0
0.0
0.0
0.0
0.0
0.0
0.0
0.0
0.0
0.0
0.0
0.0
0.0
108.0
327.0
508.0
641.0
719.0
734.0
686.0
579.0
419.0
218.0
24.0
0.0
0.0
0.0
0.0
0.0
0.0
0.0
0.0
0.0
0.0
0.0
0.0
0.0
102.0
320.0
501.0
635.0
712.0
727.0
679.0
572.0
412.0
211.0
21.0
0.0
0.0
0.0
0.0
0.0
0.0
0.0
0.0
0.0
0.0
0.0
0.0
0.0
96.0
314.0
495.0
628.0
705.0
720.0
672.0
565.0
405.0
204.0
18.0
0.0
0.0
0.0
0.0
0.0
0.0
0.0
0.0
0.0
0.0
0.0
0.0
0.0
91.0
308.0
489.0
622.0
698.0
713.0
665.0
558.0
398.0
197.0
15.0
0.0
0.0
0.0
0.0
0.0
0.0
0.0
0.0
0.0
0.0
0.0
0.0
0.0
86.0
302.0
482.0
615.0
692.0
706.0
658.0
551.0
391.0
191.0
13.0
0.0
0.0
0.0
0.0
0.0
0.0
0.0
0.0
0.0
0.0
0.0
0.0
0.0
81.0
296.0
476.0
609.0
685.0
700.0
652.0
544.0
385.0
184.0
11.0
0.0
0.0
0.0
0.0
0.0
0.0
0.0
0.0
0.0
0.0
0.0
0.0
0.0
76.0
290.0
470.0
602.0
678.0
693.0
645.0
537.0
378.0
177.0
9.0
0.0
0.0
0.0
0.0
0.0
0.0
0.0
0.0
0.0
0.0
0.0
0.0
0.0
71.0
283.0
463.0
596.0
672.0
686.0
638.0
531.0
371.0
171.0
8.0
0.0
0.0
0.0
0.0
0.0
0.0
0.0
0.0
0.0
0.0
0.0
0.0
0.0
66.0
277.0
457.0
589.0
665.0
680.0
632.0
524.0
365.0
165.0
6.0
0.0
0.0
0.0
0.0
0.0
0.0
0.0
0.0
0.0
0.0
0.0
0.0
0.0
62.0
271.0
451.0
583.0
659.0
673.0
625.0
518.0
359.0
158.0
5.0
0.0
0.0
0.0
0.0
0.0
0.0
0.0
0.0
0.0
0.0
0.0
0.0
0.0
57.0
265.0
444.0
576.0
652.0
666.0
618.0
511.0
352.0
152.0
4.0
0.0
0.0
0.0
0.0
0.0
0.0
0.0
0.0
0.0
0.0
0.0
0.0
0.0
53.0
259.0
438.0
570.0
646.0
660.0
612.0
505.0
346.0
146.0
3.0
0.0
0.0
0.0
0.0
0.0
0.0
0.0
0.0
0.0
0.0
0.0
0.0
0.0
49.0
253.0
432.0
564.0
639.0
654.0
606.0
499.0
340.0
140.0
2.0
0.0
0.0
0.0
0.0
0.0
0.0
0.0
0.0
0.0
0.0
0.0
0.0
0.0
45.0
247.0
426.0
557.0
633.0
647.0
599.0
493.0
334.0
135.0
1.0
0.0
0.0
0.0
0.0
0.0
0.0
0.0
0.0
0.0
0.0
0.0
0.0
0.0
42.0
241.0
419.0
551.0
626.0
641.0
593.0
486.0
328.0
129.0
1.0
0.0
0.0
0.0
0.0
0.0
0.0
0.0
0.0
0.0
0.0
0.0
0.0
0.0
38.0
235.0
413.0
545.0
620.0
635.0
587.0
480.0
322.0
123.0
0.0
0.0
0.0
0.0
0.0
0.0
0.0
0.0
0.0
0.0
0.0
0.0
0.0
0.0
35.0
229.0
407.0
538.0
614.0
628.0
581.0
475.0
317.0
118.0
0.0
0.0
0.0
0.0
0.0
0.0
0.0
0.0
0.0
0.0
0.0
0.0
0.0
0.0
32.0
223.0
401.0
532.0
608.0
622.0
575.0
469.0
311.0
113.0
0.0
0.0
0.0
0.0
0.0
0.0
0.0
0.0
0.0
0.0
0.0
0.0
0.0
0.0
29.0
217.0
395.0
526.0
602.0
616.0
569.0
463.0
306.0
104.0
0.0
0.0
0.0
0.0
0.0
0.0
0.0
0.0
0.0
0.0
0.0
0.0
0.0
0.0
26.0
211.0
389.0
520.0
596.0
610.0
563.0
458.0
300.0
99.0
0.0
0.0
0.0
0.0
0.0
0.0
0.0
0.0
0.0
0.0
0.0
0.0
0.0
0.0
23.0
205.0
383.0
514.0
590.0
605.0
558.0
452.0
295.0
95.0
0.0
0.0
0.0
0.0
0.0
0.0
0.0
0.0
0.0
0.0
0.0
0.0
0.0
0.0
21.0
199.0
377.0
508.0
584.0
599.0
552.0
447.0
290.0
90.0
0.0
0.0
0.0
0.0
0.0
0.0
0.0
0.0
0.0
0.0
0.0
0.0
0.0
0.0
18.0
193.0
371.0
502.0
578.0
593.0
547.0
442.0
285.0
86.0
0.0
0.0
0.0
0.0
0.0
0.0
0.0
0.0
0.0
0.0
0.0
0.0
0.0
0.0
16.0
188.0
365.0
496.0
572.0
588.0
541.0
436.0
280.0
82.0
0.0
0.0
0.0
0.0
0.0
0.0
0.0
0.0
0.0
0.0
0.0
0.0
0.0
0.0
14.0
182.0
359.0
491.0
567.0
582.0
536.0
432.0
276.0
78.0
0.0
0.0
0.0
0.0
0.0
0.0
0.0
0.0
0.0
0.0
0.0
0.0
0.0
0.0
12.0
176.0
354.0
485.0
561.0
577.0
531.0
427.0
271.0
74.0
0.0
0.0
0.0
0.0
0.0
0.0
0.0
0.0
0.0
0.0
0.0
0.0
0.0
0.0
10.0
171.0
348.0
479.0
556.0
571.0
526.0
422.0
267.0
71.0
0.0
0.0
0.0
0.0
0.0
0.0
0.0
0.0
0.0
0.0
0.0
0.0
0.0
0.0
9.0
165.0
343.0
474.0
550.0
566.0
521.0
417.0
263.0
68.0
0.0
0.0
0.0
0.0
0.0
0.0
0.0
0.0
0.0
0.0
0.0
0.0
0.0
0.0
7.0
160.0
337.0
469.0
545.0
561.0
516.0
413.0
258.0
65.0
0.0
0.0
0.0
0.0
0.0
0.0
0.0
0.0
0.0
0.0
0.0
0.0
0.0
0.0
6.0
154.0
332.0
463.0
540.0
556.0
512.0
409.0
255.0
62.0
0.0
0.0
0.0
0.0
0.0
0.0
0.0
0.0
0.0
0.0
0.0
0.0
0.0
0.0
5.0
149.0
327.0
458.0
535.0
551.0
507.0
404.0
251.0
59.0
0.0
0.0
0.0
0.0
0.0
0.0
0.0
0.0
0.0
0.0
0.0
0.0
0.0
0.0
4.0
144.0
321.0
453.0
530.0
547.0
503.0
400.0
247.0
57.0
0.0
0.0
0.0
0.0
0.0
0.0
0.0
0.0
0.0
0.0
0.0
0.0
0.0
0.0
3.0
139.0
316.0
448.0
525.0
542.0
498.0
396.0
243.0
54.0
0.0
0.0
0.0
0.0
0.0
0.0
0.0
0.0
0.0
0.0
0.0
0.0
0.0
0.0
2.0
134.0
311.0
443.0
520.0
538.0
494.0
393.0
240.0
52.0
0.0
0.0
0.0
0.0
0.0
0.0
0.0
0.0
0.0
0.0
0.0
0.0
0.0
0.0
2.0
129.0
306.0
438.0
516.0
533.0
490.0
389.0
237.0
50.0
0.0
0.0
0.0
0.0
0.0
0.0
0.0
0.0
0.0
0.0
0.0
0.0
0.0
0.0
1.0
124.0
301.0
433.0
511.0
529.0
486.0
386.0
234.0
48.0
0.0
0.0
0.0
0.0
0.0
0.0
0.0
0.0
0.0
0.0
0.0
0.0
0.0
0.0
1.0
119.0
297.0
429.0
507.0
525.0
483.0
382.0
231.0
47.0
0.0
0.0
0.0
0.0
0.0
0.0
0.0
0.0
0.0
0.0
0.0
0.0
0.0
0.0
0.0
114.0
292.0
424.0
503.0
521.0
479.0
379.0
228.0
45.0
0.0
0.0
0.0
0.0
0.0
0.0
0.0
0.0
0.0
0.0
0.0
0.0
0.0
0.0
0.0
110.0
287.0
420.0
498.0
518.0
476.0
376.0
226.0
43.0
0.0
0.0
0.0
0.0
0.0
0.0
0.0
0.0
0.0
0.0
0.0
0.0
0.0
0.0
0.0
105.0
283.0
416.0
495.0
514.0
473.0
373.0
223.0
42.0
0.0
0.0
0.0
0.0
0.0
0.0
0.0
0.0
0.0
0.0
0.0
0.0
0.0
0.0
0.0
97.0
279.0
412.0
491.0
510.0
469.0
371.0
221.0
41.0
0.0
0.0
0.0
0.0
0.0
0.0
0.0
0.0
0.0
0.0
0.0
0.0
0.0
0.0
0.0
93.0
275.0
408.0
487.0
507.0
467.0
368.0
219.0
40.0
0.0
0.0
0.0
0.0
0.0
0.0
0.0
0.0
0.0
0.0
0.0
0.0
0.0
0.0
0.0
89.0
270.0
404.0
483.0
504.0
464.0
366.0
217.0
39.0
0.0
0.0
0.0
0.0
0.0
0.0
0.0
0.0
0.0
0.0
0.0
0.0
0.0
0.0
0.0
85.0
267.0
400.0
480.0
501.0
461.0
364.0
215.0
38.0
0.0
0.0
0.0
0.0
0.0
0.0
0.0
0.0
0.0
0.0
0.0
0.0
0.0
0.0
0.0
81.0
263.0
397.0
477.0
498.0
459.0
362.0
213.0
37.0
0.0
0.0
0.0
0.0
0.0
0.0
0.0
0.0
0.0
0.0
0.0
0.0
0.0
0.0
0.0
78.0
259.0
393.0
474.0
495.0
456.0
360.0
212.0
36.0
0.0
0.0
0.0
0.0
0.0
0.0
0.0
0.0
0.0
0.0
0.0
0.0
0.0
0.0
0.0
75.0
255.0
390.0
471.0
493.0
454.0
358.0
211.0
36.0
0.0
0.0
0.0
0.0
0.0
0.0
0.0
0.0
0.0
0.0
0.0
0.0
0.0
0.0
0.0
71.0
252.0
387.0
468.0
490.0
452.0
356.0
209.0
35.0
0.0
0.0
0.0
0.0
0.0
0.0
0.0
0.0
0.0
0.0
0.0
0.0
0.0
0.0
0.0
69.0
249.0
384.0
465.0
488.0
450.0
355.0
208.0
35.0
0.0
0.0
0.0
0.0
0.0
0.0
0.0
0.0
0.0
0.0
0.0
0.0
0.0
0.0
0.0
66.0
246.0
381.0
463.0
486.0
449.0
354.0
208.0
34.0
0.0
0.0
0.0
0.0
0.0
0.0
0.0
0.0
0.0
0.0
0.0
0.0
0.0
0.0
0.0
63.0
243.0
378.0
460.0
484.0
447.0
353.0
207.0
34.0
0.0
0.0
0.0
0.0
0.0
0.0
0.0
0.0
0.0
0.0
0.0
0.0
0.0
0.0
0.0
61.0
240.0
375.0
458.0
482.0
446.0
352.0
207.0
34.0
0.0
0.0
0.0
0.0
0.0
0.0
0.0
0.0
0.0
0.0
0.0
0.0
0.0
0.0
0.0
58.0
237.0
373.0
456.0
481.0
445.0
351.0
206.0
34.0
0.0
0.0
0.0
0.0
0.0
0.0
0.0
0.0
0.0
0.0
0.0
0.0
0.0
0.0
0.0
56.0
234.0
371.0
454.0
479.0
444.0
351.0
206.0
34.0
0.0
0.0
0.0
0.0
0.0
0.0
0.0
0.0
0.0
0.0
0.0
0.0
0.0
0.0
0.0
54.0
232.0
369.0
453.0
478.0
443.0
350.0
206.0
34.0
0.0
0.0
0.0
0.0
0.0
0.0
0.0
0.0
0.0
0.0
0.0
0.0
0.0
0.0
0.0
53.0
230.0
367.0
451.0
477.0
442.0
350.0
206.0
34.0
0.0
0.0
0.0
0.0
0.0
0.0
0.0
0.0
0.0
0.0
0.0
0.0
0.0
0.0
0.0
51.0
227.0
365.0
450.0
476.0
442.0
350.0
207.0
35.0
0.0
0.0
0.0
0.0
0.0
0.0
0.0
0.0
0.0
0.0
0.0
0.0
0.0
0.0
0.0
49.0
225.0
363.0
448.0
475.0
442.0
350.0
207.0
35.0
0.0
0.0
0.0
0.0
0.0
0.0
0.0
0.0
0.0
0.0
0.0
0.0
0.0
0.0
0.0
48.0
224.0
362.0
447.0
475.0
442.0
351.0
208.0
36.0
0.0
0.0
0.0
0.0
0.0
0.0
0.0
0.0
0.0
0.0
0.0
0.0
0.0
0.0
0.0
46.0
222.0
360.0
446.0
474.0
442.0
351.0
209.0
36.0
0.0
0.0
0.0
0.0
0.0
0.0
0.0
0.0
0.0
0.0
0.0
0.0
0.0
0.0
0.0
45.0
220.0
359.0
446.0
474.0
442.0
352.0
210.0
37.0
0.0
0.0
0.0
0.0
0.0
0.0
0.0
0.0
0.0
0.0
0.0
0.0
0.0
0.0
0.0
44.0
219.0
358.0
445.0
474.0
442.0
353.0
211.0
38.0
0.0
0.0
0.0
0.0
0.0
0.0
0.0
0.0
0.0
0.0
0.0
0.0
0.0
0.0
0.0
43.0
218.0
357.0
445.0
474.0
443.0
354.0
212.0
39.0
0.0
0.0
0.0
0.0
0.0
0.0
0.0
0.0
0.0
0.0
0.0
0.0
0.0
0.0
0.0
42.0
217.0
357.0
445.0
474.0
444.0
355.0
214.0
40.0
0.0
0.0
0.0
0.0
0.0
0.0
0.0
0.0
0.0
0.0
0.0
0.0
0.0
0.0
0.0
42.0
216.0
356.0
445.0
475.0
444.0
356.0
215.0
41.0
0.0
0.0
0.0
0.0
0.0
0.0
0.0
0.0
0.0
0.0
0.0
0.0
0.0
0.0
0.0
41.0
215.0
356.0
445.0
475.0
446.0
358.0
217.0
43.0
0.0
0.0
0.0
0.0
0.0
0.0
0.0
0.0
0.0
0.0
0.0
0.0
0.0
0.0
0.0
40.0
215.0
356.0
445.0
476.0
447.0
359.0
219.0
44.0
0.0
0.0
0.0
0.0
0.0
0.0
0.0
0.0
0.0
0.0
0.0
0.0
0.0
0.0
0.0
40.0
214.0
356.0
446.0
477.0
448.0
361.0
221.0
46.0
0.0
0.0
0.0
0.0
0.0
0.0
0.0
0.0
0.0
0.0
0.0
0.0
0.0
0.0
0.0
40.0
214.0
356.0
446.0
478.0
450.0
363.0
224.0
47.0
0.0
0.0
0.0
0.0
0.0
0.0
0.0
0.0
0.0
0.0
0.0
0.0
0.0
0.0
0.0
39.0
214.0
356.0
447.0
479.0
452.0
365.0
226.0
49.0
0.0
0.0
0.0
0.0
0.0
0.0
0.0
0.0
0.0
0.0
0.0
0.0
0.0
0.0
0.0
39.0
214.0
357.0
448.0
481.0
453.0
367.0
229.0
51.0
0.0
0.0
0.0
0.0
0.0
0.0
0.0
