0.0
0.0
0.0
0.0
0.0
0.0
0.0
0.0
6.0
88.0
147.0
184.0
181.0
185.0
149.0
81.0
3.0
0.0
0.0
0.0
0.0
0.0
0.0
0.0
0.0
0.0
0.0
0.0
0.0
0.0
0.0
0.0
2.0
42.0
99.0
146.0
162.0
101.0
96.0
48.0
8.0
0.0
0.0
0.0
0.0
0.0
0.0
0.0
0.0
0.0
0.0
0.0
0.0
0.0
0.0
0.0
2.0
40.0
73.0
105.0
116.0
103.0
94.0
56.0
5.0
0.0
0.0
0.0
0.0
0.0
0.0
0.0
0.0
0.0
0.0
0.0
0.0
0.0
0.0
0.0
2.0
30.0
59.0
72.0
73.0
70.0
59.0
29.0
3.0
0.0
0.0
0.0
0.0
0.0
0.0
0.0
0.0
0.0
0.0
0.0
0.0
0.0
0.0
0.0
4.0
67.0
125.0
174.0
187.0
175.0
118.0
61.0
3.0
0.0
0.0
0.0
0.0
0.0
0.0
0.0
0.0
0.0
0.0
0.0
0.0
0.0
0.0
0.0
2.0
49.0
72.0
71.0
31.0
259.0
211.0
121.0
18.0
0.0
0.0
0.0
0.0
0.0
0.0
0.0
0.0
0.0
0.0
0.0
0.0
0.0
0.0
0.0
2.0
18.0
30.0
43.0
31.0
209.0
188.0
98.0
12.0
0.0
0.0
0.0
0.0
0.0
0.0
0.0
0.0
0.0
0.0
0.0
0.0
0.0
0.0
0.0
2.0
67.0
133.0
182.0
204.0
191.0
143.0
91.0
10.0
0.0
0.0
0.0
0.0
0.0
0.0
0.0
0.0
0.0
0.0
0.0
0.0
0.0
0.0
0.0
2.0
42.0
75.0
100.0
110.0
103.0
82.0
48.0
6.0
0.0
0.0
0.0
0.0
0.0
0.0
0.0
0.0
0.0
0.0
0.0
0.0
0.0
0.0
0.0
12.0
105.0
194.0
315.0
292.0
184.0
183.0
121.0
16.0
0.0
0.0
0.0
0.0
0.0
0.0
0.0
0.0
0.0
0.0
0.0
0.0
0.0
0.0
0.0
6.0
120.0
223.0
293.0
330.0
324.0
261.0
156.0
24.0
0.0
0.0
0.0
0.0
0.0
0.0
0.0
0.0
0.0
0.0
0.0
0.0
0.0
0.0
0.0
3.0
116.0
223.0
316.0
335.0
303.0
227.0
114.0
4.0
0.0
0.0
0.0
0.0
0.0
0.0
0.0
0.0
0.0
0.0
0.0
0.0
0.0
0.0
0.0
2.0
94.0
176.0
251.0
264.0
281.0
222.0
144.0
23.0
0.0
0.0
0.0
0.0
0.0
0.0
0.0
0.0
0.0
0.0
0.0
0.0
0.0
0.0
0.0
2.0
34.0
67.0
92.0
105.0
101.0
86.0
53.0
8.0
0.0
0.0
0.0
0.0
0.0
0.0
0.0
0.0
0.0
0.0
0.0
0.0
0.0
0.0
0.0
2.0
12.0
21.0
29.0
33.0
31.0
24.0
15.0
5.0
0.0
0.0
0.0
0.0
0.0
0.0
0.0
0.0
0.0
0.0
0.0
0.0
0.0
0.0
0.0
2.0
17.0
31.0
40.0
44.0
37.0
29.0
19.0
7.0
0.0
0.0
0.0
0.0
0.0
0.0
0.0
0.0
0.0
0.0
0.0
0.0
0.0
0.0
0.0
10.0
128.0
157.0
277.0
358.0
378.0
209.0
118.0
35.0
0.0
0.0
0.0
0.0
0.0
0.0
0.0
0.0
0.0
0.0
0.0
0.0
0.0
0.0
0.0
3.0
15.0
24.0
54.0
61.0
305.0
252.0
162.0
54.0
0.0
0.0
0.0
0.0
0.0
0.0
0.0
0.0
0.0
0.0
0.0
0.0
0.0
0.0
0.0
12.0
152.0
275.0
365.0
401.0
384.0
312.0
199.0
72.0
0.0
0.0
0.0
0.0
0.0
0.0
0.0
0.0
0.0
0.0
0.0
0.0
0.0
0.0
0.0
3.0
16.0
30.0
37.0
45.0
46.0
38.0
23.0
8.0
0.0
0.0
0.0
0.0
0.0
0.0
0.0
0.0
0.0
0.0
0.0
0.0
0.0
0.0
0.0
12.0
151.0
274.0
360.0
393.0
367.0
304.0
197.0
72.0
0.0
0.0
0.0
0.0
0.0
0.0
0.0
0.0
0.0
0.0
0.0
0.0
0.0
0.0
0.0
5.0
93.0
189.0
338.0
340.0
376.0
247.0
150.0
46.0
0.0
0.0
0.0
0.0
0.0
0.0
0.0
0.0
0.0
0.0
0.0
0.0
0.0
0.0
0.0
3.0
62.0
120.0
69.0
136.0
208.0
233.0
250.0
98.0
2.0
0.0
0.0
0.0
0.0
0.0
0.0
0.0
0.0
0.0
0.0
0.0
0.0
0.0
0.0
3.0
70.0
180.0
301.0
327.0
235.0
141.0
42.0
7.0
1.0
0.0
0.0
0.0
0.0
0.0
0.0
0.0
0.0
0.0
0.0
0.0
0.0
0.0
0.0
4.0
116.0
156.0
255.0
292.0
170.0
30.0
99.0
38.0
0.0
0.0
0.0
0.0
0.0
0.0
0.0
0.0
0.0
0.0
0.0
0.0
0.0
0.0
0.0
3.0
24.0
39.0
52.0
57.0
306.0
258.0
172.0
71.0
0.0
0.0
0.0
0.0
0.0
0.0
0.0
0.0
0.0
0.0
0.0
0.0
0.0
0.0
0.0
4.0
23.0
45.0
59.0
60.0
326.0
261.0
167.0
66.0
1.0
0.0
0.0
0.0
0.0
0.0
0.0
0.0
0.0
0.0
0.0
0.0
0.0
0.0
0.0
4.0
14.0
24.0
176.0
206.0
230.0
251.0
158.0
31.0
1.0
0.0
0.0
0.0
0.0
0.0
0.0
0.0
0.0
0.0
0.0
0.0
0.0
0.0
0.0
4.0
32.0
64.0
78.0
87.0
99.0
88.0
57.0
23.0
1.0
0.0
0.0
0.0
0.0
0.0
0.0
0.0
0.0
0.0
0.0
0.0
0.0
0.0
0.0
5.0
65.0
84.0
136.0
118.0
99.0
85.0
84.0
27.0
1.0
0.0
0.0
0.0
0.0
0.0
0.0
0.0
0.0
0.0
0.0
0.0
0.0
0.0
0.0
22.0
158.0
266.0
346.0
378.0
370.0
307.0
211.0
89.0
1.0
0.0
0.0
0.0
0.0
0.0
0.0
0.0
0.0
0.0
0.0
0.0
0.0
0.0
0.0
27.0
176.0
292.0
378.0
426.0
395.0
325.0
208.0
96.0
1.0
0.0
0.0
0.0
0.0
0.0
0.0
0.0
0.0
0.0
0.0
0.0
0.0
0.0
0.0
28.0
146.0
246.0
272.0
308.0
291.0
266.0
187.0
67.0
1.0
0.0
0.0
0.0
0.0
0.0
0.0
0.0
0.0
0.0
0.0
0.0
0.0
0.0
0.0
47.0
150.0
275.0
353.0
357.0
362.0
320.0
184.0
77.0
1.0
0.0
0.0
0.0
0.0
0.0
0.0
0.0
0.0
0.0
0.0
0.0
0.0
0.0
0.0
54.0
176.0
289.0
380.0
394.0
373.0
323.0
212.0
93.0
1.0
0.0
0.0
0.0
0.0
0.0
0.0
0.0
0.0
0.0
0.0
0.0
0.0
0.0
0.0
66.0
204.0
337.0
432.0
458.0
433.0
371.0
254.0
121.0
4.0
0.0
0.0
0.0
0.0
0.0
0.0
0.0
0.0
0.0
0.0
0.0
0.0
0.0
0.0
36.0
22.0
201.0
338.0
262.0
261.0
123.0
121.0
15.0
1.0
0.0
0.0
0.0
0.0
0.0
0.0
0.0
0.0
0.0
0.0
0.0
0.0
0.0
0.0
10.0
33.0
52.0
66.0
68.0
69.0
62.0
44.0
22.0
2.0
0.0
0.0
0.0
0.0
0.0
0.0
0.0
0.0
0.0
0.0
0.0
0.0
0.0
0.0
9.0
28.0
46.0
59.0
64.0
69.0
60.0
40.0
19.0
2.0
0.0
0.0
0.0
0.0
0.0
0.0
0.0
0.0
0.0
0.0
0.0
0.0
0.0
0.0
7.0
18.0
33.0
37.0
46.0
328.0
280.0
195.0
97.0
5.0
0.0
0.0
0.0
0.0
0.0
0.0
0.0
0.0
0.0
0.0
0.0
0.0
0.0
1.0
84.0
232.0
376.0
351.0
295.0
247.0
76.0
82.0
44.0
3.0
0.0
0.0
0.0
0.0
0.0
0.0
0.0
0.0
0.0
0.0
0.0
0.0
0.0
0.0
45.0
112.0
191.0
223.0
227.0
222.0
174.0
118.0
61.0
2.0
0.0
0.0
0.0
0.0
0.0
0.0
0.0
0.0
0.0
0.0
0.0
0.0
0.0
0.0
83.0
215.0
334.0
403.0
475.0
453.0
407.0
276.0
144.0
9.0
0.0
0.0
0.0
0.0
0.0
0.0
0.0
0.0
0.0
0.0
0.0
0.0
0.0
0.0
51.0
150.0
226.0
286.0
338.0
345.0
281.0
209.0
107.0
10.0
0.0
0.0
0.0
0.0
0.0
0.0
0.0
0.0
0.0
0.0
0.0
0.0
0.0
0.0
51.0
113.0
200.0
151.0
166.0
320.0
269.0
334.0
178.0
15.0
0.0
0.0
0.0
0.0
0.0
0.0
0.0
0.0
0.0
0.0
0.0
0.0
0.0
1.0
11.0
22.0
34.0
42.0
46.0
369.0
397.0
239.0
150.0
42.0
0.0
0.0
0.0
0.0
0.0
0.0
0.0
0.0
0.0
0.0
0.0
0.0
0.0
1.0
8.0
263.0
404.0
312.0
365.0
415.0
153.0
58.0
108.0
33.0
0.0
0.0
0.0
0.0
0.0
0.0
0.0
0.0
0.0
0.0
0.0
0.0
0.0
1.0
27.0
81.0
34.0
53.0
63.0
378.0
371.0
281.0
174.0
23.0
0.0
0.0
0.0
0.0
0.0
0.0
0.0
0.0
0.0
0.0
0.0
0.0
0.0
1.0
30.0
70.0
127.0
131.0
100.0
397.0
324.0
217.0
109.0
4.0
0.0
0.0
0.0
0.0
0.0
0.0
0.0
0.0
0.0
0.0
0.0
0.0
0.0
1.0
12.0
23.0
34.0
42.0
46.0
359.0
288.0
187.0
119.0
18.0
0.0
0.0
0.0
0.0
0.0
0.0
0.0
0.0
0.0
0.0
0.0
0.0
0.0
1.0
61.0
152.0
230.0
298.0
331.0
326.0
291.0
222.0
118.0
14.0
0.0
0.0
0.0
0.0
0.0
0.0
0.0
0.0
0.0
0.0
0.0
0.0
0.0
1.0
44.0
253.0
435.0
396.0
366.0
333.0
241.0
199.0
149.0
14.0
0.0
0.0
0.0
0.0
0.0
0.0
0.0
0.0
0.0
0.0
0.0
0.0
0.0
1.0
53.0
131.0
170.0
210.0
205.0
219.0
192.0
159.0
98.0
18.0
0.0
0.0
0.0
0.0
0.0
0.0
0.0
0.0
0.0
0.0
0.0
0.0
0.0
1.0
30.0
57.0
227.0
320.0
582.0
485.0
354.0
319.0
197.0
58.0
0.0
0.0
0.0
0.0
0.0
0.0
0.0
0.0
0.0
0.0
0.0
0.0
0.0
3.0
121.0
258.0
429.0
427.0
346.0
367.0
303.0
327.0
160.0
37.0
0.0
0.0
0.0
0.0
0.0
0.0
0.0
0.0
0.0
0.0
0.0
0.0
0.0
2.0
12.0
25.0
36.0
44.0
48.0
385.0
374.0
384.0
234.0
75.0
0.0
0.0
0.0
0.0
0.0
0.0
0.0
0.0
0.0
0.0
0.0
0.0
0.0
2.0
59.0
156.0
230.0
252.0
301.0
275.0
257.0
195.0
107.0
43.0
0.0
0.0
0.0
0.0
0.0
0.0
0.0
0.0
0.0
0.0
0.0
0.0
0.0
2.0
90.0
258.0
362.0
356.0
420.0
455.0
434.0
359.0
231.0
77.0
0.0
0.0
0.0
0.0
0.0
0.0
0.0
0.0
0.0
0.0
0.0
0.0
0.0
2.0
103.0
214.0
289.0
428.0
482.0
409.0
331.0
289.0
164.0
65.0
0.0
0.0
0.0
0.0
0.0
0.0
0.0
0.0
0.0
0.0
0.0
0.0
0.0
11.0
84.0
174.0
239.0
331.0
337.0
324.0
385.0
367.0
245.0
82.0
0.0
0.0
0.0
0.0
0.0
0.0
0.0
0.0
0.0
0.0
0.0
0.0
0.0
13.0
137.0
285.0
496.0
532.0
504.0
262.0
247.0
128.0
177.0
57.0
0.0
0.0
0.0
0.0
0.0
0.0
0.0
0.0
0.0
0.0
0.0
0.0
0.0
10.0
143.0
254.0
379.0
499.0
514.0
532.0
483.0
401.0
261.0
96.0
1.0
0.0
0.0
0.0
0.0
0.0
0.0
0.0
0.0
0.0
0.0
0.0
0.0
11.0
139.0
228.0
293.0
391.0
432.0
370.0
288.0
374.0
248.0
102.0
2.0
0.0
0.0
0.0
0.0
0.0
0.0
0.0
0.0
0.0
0.0
0.0
0.0
25.0
105.0
314.0
328.0
59.0
379.0
457.0
416.0
199.0
19.0
7.0
0.0
0.0
0.0
0.0
0.0
0.0
0.0
0.0
0.0
0.0
0.0
0.0
0.0
3.0
15.0
117.0
272.0
358.0
394.0
322.0
379.0
249.0
124.0
44.0
0.0
0.0
0.0
0.0
0.0
0.0
0.0
0.0
0.0
0.0
0.0
0.0
0.0
20.0
176.0
324.0
441.0
523.0
572.0
555.0
484.0
375.0
234.0
90.0
1.0
0.0
0.0
0.0
0.0
0.0
0.0
0.0
0.0
0.0
0.0
0.0
0.0
17.0
151.0
277.0
369.0
428.0
470.0
457.0
403.0
302.0
196.0
74.0
1.0
0.0
0.0
0.0
0.0
0.0
0.0
0.0
0.0
0.0
0.0
0.0
0.0
28.0
215.0
383.0
527.0
623.0
665.0
649.0
571.0
445.0
283.0
115.0
1.0
0.0
0.0
0.0
0.0
0.0
0.0
0.0
0.0
0.0
0.0
0.0
0.0
31.0
220.0
391.0
530.0
625.0
666.0
646.0
570.0
447.0
287.0
118.0
2.0
0.0
0.0
0.0
0.0
0.0
0.0
0.0
0.0
0.0
0.0
0.0
0.0
35.0
105.0
190.0
259.0
324.0
276.0
265.0
271.0
215.0
126.0
60.0
1.0
0.0
0.0
0.0
0.0
0.0
0.0
0.0
0.0
0.0
0.0
0.0
0.0
32.0
105.0
209.0
277.0
299.0
327.0
283.0
268.0
201.0
123.0
45.0
1.0
0.0
0.0
0.0
0.0
0.0
0.0
0.0
0.0
0.0
0.0
0.0
0.0
63.0
186.0
327.0
433.0
512.0
530.0
517.0
438.0
359.0
226.0
99.0
1.0
0.0
0.0
0.0
0.0
0.0
0.0
0.0
0.0
0.0
0.0
0.0
0.0
22.0
70.0
159.0
115.0
137.0
199.0
266.0
224.0
194.0
76.0
35.0
1.0
0.0
0.0
0.0
0.0
0.0
0.0
0.0
0.0
0.0
0.0
0.0
0.0
58.0
172.0
281.0
345.0
418.0
461.0
466.0
381.0
292.0
191.0
79.0
1.0
0.0
0.0
0.0
0.0
0.0
0.0
0.0
0.0
0.0
0.0
0.0
0.0
55.0
129.0
35.0
83.0
224.0
438.0
307.0
284.0
134.0
199.0
121.0
13.0
0.0
0.0
0.0
0.0
0.0
0.0
0.0
0.0
0.0
0.0
0.0
0.0
8.0
21.0
55.0
59.0
54.0
73.0
474.0
442.0
333.0
212.0
91.0
2.0
0.0
0.0
0.0
0.0
0.0
0.0
0.0
0.0
0.0
0.0
0.0
0.0
8.0
21.0
39.0
46.0
54.0
58.0
436.0
399.0
328.0
216.0
102.0
5.0
0.0
0.0
0.0
0.0
0.0
0.0
0.0
0.0
0.0
0.0
0.0
1.0
102.0
270.0
439.0
573.0
668.0
707.0
686.0
611.0
488.0
324.0
151.0
7.0
0.0
0.0
0.0
0.0
0.0
0.0
0.0
0.0
0.0
0.0
0.0
1.0
89.0
236.0
384.0
524.0
615.0
643.0
620.0
556.0
417.0
283.0
133.0
4.0
0.0
0.0
0.0
0.0
0.0
0.0
0.0
0.0
0.0
0.0
0.0
1.0
82.0
227.0
359.0
519.0
545.0
597.0
549.0
552.0
422.0
297.0
150.0
9.0
0.0
0.0
0.0
0.0
0.0
0.0
0.0
0.0
0.0
0.0
0.0
1.0
65.0
204.0
263.0
384.0
435.0
476.0
573.0
588.0
431.0
312.0
123.0
7.0
0.0
0.0
0.0
0.0
0.0
0.0
0.0
0.0
0.0
0.0
0.0
2.0
117.0
275.0
434.0
550.0
614.0
641.0
635.0
584.0
475.0
325.0
155.0
8.0
0.0
0.0
0.0
0.0
0.0
0.0
0.0
0.0
0.0
0.0
0.0
1.0
46.0
118.0
183.0
223.0
255.0
261.0
255.0
230.0
190.0
125.0
60.0
3.0
0.0
0.0
0.0
0.0
0.0
0.0
0.0
0.0
0.0
0.0
0.0
2.0
93.0
198.0
344.0
524.0
551.0
662.0
655.0
557.0
437.0
318.0
184.0
14.0
0.0
0.0
0.0
0.0
0.0
0.0
0.0
0.0
0.0
0.0
0.0
1.0
64.0
132.0
221.0
281.0
305.0
309.0
307.0
279.0
236.0
158.0
74.0
6.0
0.0
0.0
0.0
0.0
0.0
0.0
0.0
0.0
0.0
0.0
0.0
2.0
68.0
163.0
260.0
342.0
361.0
341.0
343.0
329.0
228.0
154.0
73.0
3.0
0.0
0.0
0.0
0.0
0.0
0.0
0.0
0.0
0.0
0.0
0.0
2.0
19.0
47.0
69.0
87.0
98.0
104.0
111.0
97.0
81.0
56.0
30.0
3.0
0.0
0.0
0.0
0.0
0.0
0.0
0.0
0.0
0.0
0.0
0.0
2.0
84.0
296.0
546.0
469.0
367.0
408.0
576.0
348.0
329.0
160.0
71.0
3.0
0.0
0.0
0.0
0.0
0.0
0.0
0.0
0.0
0.0
0.0
0.0
2.0
41.0
83.0
119.0
162.0
189.0
181.0
184.0
164.0
131.0
96.0
51.0
4.0
0.0
0.0
0.0
0.0
0.0
0.0
0.0
0.0
0.0
0.0
0.0
5.0
116.0
235.0
352.0
463.0
499.0
526.0
503.0
430.0
320.0
199.0
93.0
4.0
0.0
0.0
0.0
0.0
0.0
0.0
0.0
0.0
0.0
0.0
0.0
6.0
120.0
243.0
425.0
471.0
602.0
569.0
577.0
453.0
354.0
219.0
125.0
5.0
0.0
0.0
0.0
0.0
0.0
0.0
0.0
0.0
0.0
0.0
0.0
13.0
101.0
202.0
341.0
404.0
491.0
408.0
434.0
356.0
284.0
218.0
114.0
4.0
0.0
0.0
0.0
0.0
0.0
0.0
0.0
0.0
0.0
0.0
0.0
28.0
171.0
339.0
616.0
573.0
277.0
317.0
334.0
217.0
303.0
124.0
88.0
5.0
0.0
0.0
0.0
0.0
0.0
0.0
0.0
0.0
0.0
0.0
0.0
17.0
191.0
368.0
532.0
660.0
744.0
772.0
749.0
677.0
556.0
398.0
220.0
29.0
0.0
0.0
0.0
0.0
0.0
0.0
0.0
0.0
0.0
0.0
0.0
17.0
176.0
342.0
488.0
607.0
671.0
711.0
703.0
616.0
513.0
370.0
213.0
31.0
0.0
0.0
0.0
0.0
0.0
0.0
0.0
0.0
0.0
0.0
0.0
4.0
29.0
32.0
120.0
144.0
246.0
200.0
217.0
249.0
205.0
202.0
106.0
27.0
0.0
0.0
0.0
0.0
0.0
0.0
0.0
0.0
0.0
0.0
0.0
4.0
156.0
256.0
336.0
597.0
686.0
712.0
714.0
494.0
239.0
205.0
75.0
18.0
0.0
0.0
0.0
0.0
0.0
0.0
0.0
0.0
0.0
0.0
0.0
25.0
207.0
386.0
546.0
672.0
754.0
785.0
759.0
688.0
555.0
397.0
224.0
67.0
0.0
0.0
0.0
0.0
0.0
0.0
0.0
0.0
0.0
0.0
0.0
29.0
219.0
403.0
568.0
701.0
788.0
824.0
804.0
726.0
603.0
436.0
250.0
78.0
0.0
0.0
0.0
0.0
0.0
0.0
0.0
0.0
0.0
0.0
0.0
61.0
217.0
398.0
559.0
684.0
772.0
799.0
773.0
699.0
576.0
417.0
237.0
75.0
0.0
0.0
0.0
0.0
0.0
0.0
0.0
0.0
0.0
0.0
0.0
29.0
148.0
218.0
329.0
373.0
300.0
377.0
382.0
62.0
51.0
37.0
79.0
25.0
0.0
0.0
0.0
0.0
0.0
0.0
0.0
0.0
0.0
0.0
0.0
13.0
46.0
38.0
120.0
170.0
212.0
308.0
369.0
310.0
278.0
202.0
143.0
55.0
0.0
0.0
0.0
0.0
0.0
0.0
0.0
0.0
0.0
0.0
0.0
7.0
21.0
170.0
53.0
138.0
460.0
820.0
633.0
326.0
58.0
241.0
63.0
35.0
0.0
0.0
0.0
0.0
0.0
0.0
0.0
0.0
0.0
0.0
0.0
55.0
206.0
369.0
500.0
612.0
715.0
698.0
604.0
577.0
472.0
307.0
183.0
53.0
0.0
0.0
0.0
0.0
0.0
0.0
0.0
0.0
0.0
0.0
0.0
79.0
237.0
409.0
565.0
686.0
763.0
790.0
766.0
692.0
572.0
418.0
245.0
85.0
0.0
0.0
0.0
0.0
0.0
0.0
0.0
0.0
0.0
0.0
0.0
28.0
58.0
128.0
141.0
157.0
182.0
202.0
167.0
167.0
143.0
121.0
65.0
22.0
0.0
0.0
0.0
0.0
0.0
0.0
0.0
0.0
0.0
0.0
0.0
8.0
22.0
37.0
120.0
236.0
269.0
412.0
364.0
336.0
332.0
159.0
79.0
8.0
0.0
0.0
0.0
0.0
0.0
0.0
0.0
0.0
0.0
0.0
1.0
75.0
201.0
236.0
391.0
502.0
731.0
975.0
572.0
359.0
430.0
178.0
60.0
8.0
0.0
0.0
0.0
0.0
0.0
0.0
0.0
0.0
0.0
0.0
0.0
80.0
215.0
358.0
517.0
638.0
691.0
723.0
718.0
621.0
513.0
383.0
248.0
91.0
1.0
0.0
0.0
0.0
0.0
0.0
0.0
0.0
0.0
0.0
1.0
21.0
47.0
108.0
127.0
138.0
135.0
169.0
177.0
176.0
164.0
105.0
54.0
21.0
1.0
0.0
0.0
0.0
0.0
0.0
0.0
0.0
0.0
0.0
1.0
54.0
115.0
187.0
286.0
350.0
443.0
446.0
433.0
383.0
304.0
202.0
109.0
37.0
1.0
0.0
0.0
0.0
0.0
0.0
0.0
0.0
0.0
0.0
1.0
89.0
225.0
377.0
509.0
618.0
665.0
705.0
681.0
607.0
505.0
362.0
218.0
84.0
1.0
0.0
0.0
0.0
0.0
0.0
0.0
0.0
0.0
0.0
3.0
128.0
314.0
530.0
714.0
857.0
469.0
453.0
462.0
399.0
315.0
236.0
132.0
39.0
1.0
0.0
0.0
0.0
0.0
0.0
0.0
0.0
0.0
0.0
2.0
88.0
179.0
250.0
368.0
469.0
629.0
531.0
473.0
378.0
365.0
278.0
208.0
125.0
7.0
0.0
0.0
0.0
0.0
0.0
0.0
0.0
0.0
0.0
2.0
81.0
199.0
314.0
410.0
479.0
521.0
551.0
520.0
460.0
364.0
279.0
181.0
75.0
1.0
0.0
0.0
0.0
0.0
0.0
0.0
0.0
0.0
0.0
1.0
10.0
86.0
115.0
397.0
560.0
714.0
725.0
445.0
372.0
328.0
376.0
185.0
81.0
2.0
0.0
0.0
0.0
0.0
0.0
0.0
0.0
0.0
0.0
1.0
36.0
86.0
141.0
193.0
233.0
266.0
271.0
262.0
247.0
201.0
149.0
96.0
43.0
1.0
0.0
0.0
0.0
0.0
0.0
0.0
0.0
0.0
0.0
1.0
24.0
56.0
80.0
136.0
160.0
168.0
183.0
146.0
153.0
136.0
106.0
63.0
24.0
1.0
0.0
0.0
0.0
0.0
0.0
0.0
0.0
0.0
0.0
3.0
105.0
254.0
392.0
537.0
649.0
684.0
671.0
636.0
570.0
464.0
350.0
213.0
87.0
1.0
0.0
0.0
0.0
0.0
0.0
0.0
0.0
0.0
0.0
5.0
105.0
240.0
344.0
489.0
535.0
673.0
800.0
766.0
645.0
548.0
389.0
250.0
101.0
2.0
0.0
0.0
0.0
0.0
0.0
0.0
0.0
0.0
0.0
25.0
126.0
53.0
110.0
439.0
573.0
72.0
346.0
833.0
846.0
723.0
441.0
273.0
85.0
2.0
0.0
0.0
0.0
0.0
0.0
0.0
0.0
0.0
0.0
15.0
154.0
327.0
530.0
416.0
427.0
75.0
288.0
525.0
818.0
700.0
437.0
147.0
135.0
12.0
0.0
0.0
0.0
0.0
0.0
0.0
0.0
0.0
0.0
11.0
176.0
377.0
580.0
740.0
870.0
544.0
504.0
512.0
479.0
407.0
303.0
175.0
72.0
2.0
0.0
0.0
0.0
0.0
0.0
0.0
0.0
0.0
0.0
8.0
138.0
289.0
457.0
592.0
687.0
762.0
727.0
710.0
653.0
538.0
413.0
261.0
121.0
7.0
0.0
0.0
0.0
0.0
0.0
0.0
0.0
0.0
0.0
10.0
148.0
313.0
481.0
630.0
740.0
815.0
846.0
831.0
766.0
650.0
497.0
321.0
151.0
10.0
0.0
0.0
0.0
0.0
0.0
0.0
0.0
0.0
0.0
4.0
73.0
153.0
257.0
355.0
391.0
420.0
460.0
426.0
376.0
332.0
257.0
144.0
54.0
2.0
0.0
0.0
0.0
0.0
0.0
0.0
0.0
0.0
0.0
3.0
27.0
50.0
66.0
90.0
110.0
120.0
122.0
116.0
107.0
92.0
67.0
51.0
22.0
2.0
0.0
0.0
0.0
0.0
0.0
0.0
0.0
0.0
0.0
11.0
145.0
307.0
468.0
578.0
707.0
797.0
788.0
769.0
682.0
564.0
441.0
291.0
134.0
9.0
0.0
0.0
0.0
0.0
0.0
0.0
0.0
0.0
0.0
11.0
130.0
280.0
424.0
548.0
568.0
655.0
643.0
640.0
542.0
383.0
346.0
219.0
97.0
3.0
0.0
0.0
0.0
0.0
0.0
0.0
0.0
0.0
0.0
6.0
60.0
111.0
175.0
232.0
282.0
324.0
333.0
322.0
321.0
265.0
204.0
121.0
54.0
3.0
0.0
0.0
0.0
0.0
0.0
0.0
0.0
0.0
0.0
20.0
142.0
291.0
464.0
583.0
682.0
696.0
720.0
800.0
659.0
515.0
408.0
264.0
139.0
16.0
0.0
0.0
0.0
0.0
0.0
0.0
0.0
0.0
0.0
17.0
155.0
297.0
457.0
606.0
704.0
767.0
804.0
778.0
720.0
611.0
482.0
324.0
160.0
16.0
0.0
0.0
0.0
0.0
0.0
0.0
0.0
0.0
0.0
14.0
112.0
242.0
361.0
450.0
503.0
513.0
557.0
579.0
475.0
428.0
305.0
212.0
100.0
3.0
0.0
0.0
0.0
0.0
0.0
0.0
0.0
0.0
0.0
4.0
43.0
88.0
147.0
205.0
237.0
215.0
224.0
230.0
188.0
201.0
154.0
116.0
58.0
5.0
0.0
0.0
0.0
0.0
0.0
0.0
0.0
0.0
0.0
11.0
84.0
171.0
227.0
312.0
375.0
373.0
412.0
399.0
378.0
300.0
220.0
124.0
62.0
3.0
0.0
0.0
0.0
0.0
0.0
0.0
0.0
0.0
0.0
21.0
94.0
193.0
253.0
378.0
379.0
402.0
329.0
342.0
343.0
284.0
295.0
241.0
83.0
3.0
0.0
0.0
0.0
0.0
0.0
0.0
0.0
0.0
0.0
40.0
152.0
248.0
293.0
352.0
572.0
542.0
326.0
461.0
534.0
522.0
291.0
202.0
111.0
4.0
0.0
0.0
0.0
0.0
0.0
0.0
0.0
0.0
0.0
38.0
133.0
250.0
370.0
467.0
555.0
588.0
640.0
638.0
558.0
444.0
328.0
212.0
91.0
4.0
0.0
0.0
0.0
0.0
0.0
0.0
0.0
0.0
0.0
53.0
141.0
353.0
437.0
532.0
461.0
452.0
454.0
79.0
154.0
365.0
345.0
187.0
190.0
17.0
0.0
0.0
0.0
0.0
0.0
0.0
0.0
0.0
0.0
54.0
133.0
400.0
646.0
773.0
613.0
757.0
793.0
701.0
302.0
317.0
150.0
71.0
34.0
12.0
0.0
0.0
0.0
0.0
0.0
0.0
0.0
0.0
0.0
53.0
130.0
140.0
243.0
320.0
363.0
428.0
403.0
431.0
407.0
406.0
279.0
161.0
52.0
4.0
0.0
0.0
0.0
0.0
0.0
0.0
0.0
0.0
0.0
29.0
93.0
187.0
255.0
340.0
398.0
422.0
415.0
416.0
374.0
271.0
231.0
143.0
62.0
5.0
0.0
0.0
0.0
0.0
0.0
0.0
0.0
0.0
0.0
65.0
207.0
372.0
529.0
657.0
760.0
821.0
840.0
802.0
732.0
632.0
492.0
333.0
173.0
48.0
0.0
0.0
0.0
0.0
0.0
0.0
0.0
0.0
0.0
17.0
53.0
40.0
107.0
93.0
125.0
204.0
251.0
287.0
328.0
270.0
237.0
197.0
123.0
39.0
0.0
0.0
0.0
0.0
0.0
0.0
0.0
0.0
0.0
10.0
18.0
33.0
48.0
229.0
137.0
417.0
523.0
948.0
951.0
815.0
560.0
433.0
178.0
22.0
0.0
0.0
0.0
0.0
0.0
0.0
0.0
0.0
1.0
87.0
201.0
365.0
444.0
480.0
313.0
438.0
507.0
396.0
252.0
553.0
468.0
244.0
138.0
52.0
0.0
0.0
0.0
0.0
0.0
0.0
0.0
0.0
0.0
58.0
183.0
319.0
552.0
762.0
732.0
766.0
704.0
650.0
529.0
466.0
376.0
280.0
157.0
42.0
0.0
0.0
0.0
0.0
0.0
0.0
0.0
0.0
0.0
72.0
218.0
394.0
570.0
724.0
841.0
911.0
934.0
905.0
835.0
721.0
567.0
392.0
211.0
66.0
0.0
0.0
0.0
0.0
0.0
0.0
0.0
0.0
0.0
46.0
139.0
297.0
426.0
396.0
608.0
849.0
934.0
584.0
530.0
388.0
283.0
242.0
125.0
28.0
0.0
0.0
0.0
0.0
0.0
0.0
0.0
0.0
0.0
47.0
158.0
221.0
392.0
554.0
829.0
791.0
631.0
634.0
494.0
478.0
254.0
215.0
143.0
17.0
0.0
0.0
0.0
0.0
0.0
0.0
0.0
0.0
0.0
80.0
223.0
398.0
595.0
748.0
873.0
376.0
443.0
432.0
401.0
369.0
278.0
193.0
101.0
34.0
0.0
0.0
0.0
0.0
0.0
0.0
0.0
0.0
1.0
71.0
196.0
356.0
509.0
617.0
722.0
786.0
776.0
747.0
690.0
583.0
480.0
338.0
196.0
62.0
0.0
0.0
0.0
0.0
0.0
0.0
0.0
0.0
1.0
80.0
239.0
438.0
609.0
790.0
894.0
587.0
577.0
587.0
530.0
406.0
303.0
229.0
111.0
33.0
0.0
0.0
0.0
0.0
0.0
0.0
0.0
0.0
0.0
25.0
130.0
162.0
52.0
116.0
325.0
607.0
700.0
698.0
725.0
541.0
299.0
178.0
182.0
85.0
2.0
0.0
0.0
0.0
0.0
0.0
0.0
0.0
0.0
21.0
112.0
202.0
491.0
841.0
819.0
504.0
237.0
77.0
70.0
61.0
48.0
34.0
51.0
72.0
2.0
0.0
0.0
0.0
0.0
0.0
0.0
0.0
2.0
92.0
264.0
422.0
575.0
703.0
494.0
555.0
619.0
280.0
283.0
234.0
150.0
35.0
20.0
7.0
0.0
0.0
0.0
0.0
0.0
0.0
0.0
0.0
1.0
45.0
85.0
68.0
52.0
66.0
121.0
427.0
479.0
597.0
554.0
440.0
265.0
104.0
103.0
58.0
1.0
0.0
0.0
0.0
0.0
0.0
0.0
0.0
0.0
45.0
124.0
217.0
318.0
413.0
502.0
516.0
516.0
515.0
484.0
412.0
327.0
241.0
137.0
42.0
0.0
0.0
0.0
0.0
0.0
0.0
0.0
0.0
0.0
53.0
167.0
283.0
398.0
505.0
603.0
664.0
689.0
660.0
601.0
510.0
405.0
279.0
157.0
57.0
0.0
0.0
0.0
0.0
0.0
0.0
0.0
0.0
1.0
60.0
160.0
279.0
401.0
505.0
582.0
632.0
642.0
636.0
568.0
492.0
387.0
275.0
157.0
51.0
0.0
0.0
0.0
0.0
0.0
0.0
0.0
0.0
0.0
14.0
20.0
65.0
149.0
351.0
307.0
318.0
421.0
457.0
444.0
195.0
95.0
76.0
80.0
38.0
1.0
0.0
0.0
0.0
0.0
0.0
0.0
0.0
0.0
51.0
113.0
206.0
320.0
342.0
443.0
537.0
551.0
400.0
321.0
318.0
244.0
202.0
166.0
89.0
3.0
0.0
0.0
0.0
0.0
0.0
0.0
0.0
1.0
72.0
190.0
335.0
465.0
617.0
689.0
703.0
717.0
718.0
664.0
642.0
526.0
375.0
222.0
81.0
1.0
0.0
0.0
0.0
0.0
0.0
0.0
0.0
1.0
82.0
163.0
300.0
182.0
416.0
424.0
419.0
674.0
902.0
604.0
695.0
203.0
195.0
49.0
69.0
3.0
0.0
0.0
0.0
0.0
0.0
0.0
0.0
1.0
59.0
148.0
282.0
383.0
460.0
500.0
575.0
598.0
556.0
514.0
407.0
285.0
207.0
124.0
41.0
1.0
0.0
0.0
0.0
0.0
0.0
0.0
0.0
1.0
85.0
235.0
412.0
582.0
729.0
840.0
907.0
934.0
909.0
837.0
725.0
574.0
403.0
230.0
83.0
1.0
0.0
0.0
0.0
0.0
0.0
0.0
0.0
1.0
87.0
240.0
420.0
596.0
749.0
869.0
940.0
962.0
936.0
864.0
746.0
592.0
418.0
239.0
88.0
1.0
0.0
0.0
0.0
0.0
0.0
0.0
0.0
0.0
15.0
39.0
65.0
95.0
113.0
132.0
149.0
131.0
129.0
130.0
114.0
87.0
60.0
37.0
13.0
1.0
0.0
0.0
0.0
0.0
0.0
0.0
0.0
3.0
41.0
255.0
460.0
522.0
690.0
130.0
406.0
808.0
501.0
416.0
285.0
51.0
36.0
21.0
31.0
1.0
0.0
0.0
0.0
0.0
0.0
0.0
0.0
1.0
81.0
226.0
400.0
572.0
717.0
827.0
895.0
923.0
898.0
824.0
709.0
562.0
395.0
226.0
82.0
1.0
0.0
0.0
0.0
0.0
0.0
0.0
0.0
0.0
65.0
210.0
288.0
401.0
527.0
512.0
473.0
449.0
503.0
513.0
424.0
355.0
236.0
213.0
102.0
4.0
0.0
0.0
0.0
0.0
0.0
0.0
0.0
0.0
44.0
128.0
195.0
297.0
398.0
487.0
524.0
562.0
542.0
474.0
402.0
323.0
224.0
127.0
46.0
1.0
0.0
0.0
0.0
0.0
0.0
0.0
0.0
1.0
67.0
189.0
341.0
485.0
600.0
703.0
761.0
787.0
770.0
705.0
602.0
481.0
331.0
191.0
69.0
1.0
0.0
0.0
0.0
0.0
0.0
0.0
0.0
1.0
82.0
236.0
410.0
594.0
755.0
872.0
397.0
420.0
443.0
405.0
344.0
274.0
172.0
97.0
33.0
1.0
0.0
0.0
0.0
0.0
0.0
0.0
0.0
1.0
73.0
179.0
331.0
480.0
605.0
656.0
649.0
749.0
705.0
664.0
594.0
433.0
312.0
194.0
86.0
2.0
0.0
0.0
0.0
0.0
0.0
0.0
0.0
1.0
43.0
113.0
188.0
251.0
356.0
390.0
423.0
442.0
430.0
400.0
302.0
244.0
151.0
89.0
30.0
1.0
0.0
0.0
0.0
0.0
0.0
0.0
0.0
0.0
38.0
124.0
223.0
286.0
362.0
418.0
486.0
483.0
471.0
460.0
387.0
315.0
226.0
125.0
46.0
1.0
0.0
0.0
0.0
0.0
0.0
0.0
0.0
0.0
54.0
158.0
293.0
407.0
491.0
536.0
611.0
645.0
639.0
604.0
530.0
399.0
287.0
170.0
62.0
1.0
0.0
0.0
0.0
0.0
0.0
0.0
0.0
1.0
81.0
230.0
405.0
577.0
731.0
846.0
918.0
940.0
916.0
844.0
728.0
578.0
410.0
236.0
87.0
1.0
0.0
0.0
0.0
0.0
0.0
0.0
0.0
1.0
76.0
219.0
391.0
559.0
708.0
830.0
905.0
933.0
915.0
846.0
739.0
594.0
428.0
253.0
98.0
2.0
0.0
0.0
0.0
0.0
0.0
0.0
0.0
0.0
70.0
206.0
368.0
533.0
687.0
782.0
862.0
885.0
854.0
788.0
671.0
547.0
380.0
219.0
79.0
1.0
0.0
0.0
0.0
0.0
0.0
0.0
0.0
0.0
19.0
29.0
35.0
180.0
278.0
193.0
313.0
556.0
490.0
490.0
410.0
322.0
243.0
182.0
76.0
4.0
0.0
0.0
0.0
0.0
0.0
0.0
0.0
0.0
21.0
79.0
140.0
48.0
138.0
171.0
285.0
349.0
402.0
355.0
394.0
263.0
317.0
178.0
92.0
7.0
0.0
0.0
0.0
0.0
0.0
0.0
0.0
0.0
41.0
106.0
206.0
275.0
368.0
442.0
465.0
472.0
467.0
388.0
321.0
261.0
219.0
114.0
45.0
1.0
0.0
0.0
0.0
0.0
0.0
0.0
0.0
0.0
34.0
99.0
166.0
266.0
357.0
452.0
448.0
416.0
459.0
415.0
391.0
297.0
187.0
113.0
38.0
1.0
0.0
0.0
0.0
0.0
0.0
0.0
0.0
0.0
68.0
206.0
371.0
539.0
687.0
797.0
875.0
904.0
886.0
814.0
708.0
567.0
406.0
240.0
90.0
1.0
0.0
0.0
0.0
0.0
0.0
0.0
0.0
0.0
66.0
199.0
357.0
519.0
648.0
755.0
832.0
850.0
824.0
755.0
657.0
527.0
376.0
221.0
83.0
1.0
0.0
0.0
0.0
0.0
0.0
0.0
0.0
0.0
74.0
226.0
404.0
580.0
733.0
854.0
931.0
957.0
935.0
866.0
750.0
600.0
429.0
250.0
93.0
1.0
0.0
0.0
0.0
0.0
0.0
0.0
0.0
0.0
78.0
240.0
429.0
613.0
774.0
899.0
979.0
1007.0
983.0
909.0
787.0
629.0
448.0
260.0
95.0
1.0
0.0
0.0
0.0
0.0
0.0
0.0
0.0
0.0
66.0
208.0
379.0
544.0
694.0
805.0
875.0
908.0
904.0
837.0
724.0
586.0
424.0
248.0
94.0
2.0
0.0
0.0
0.0
0.0
0.0
0.0
0.0
0.0
59.0
183.0
338.0
490.0
625.0
738.0
796.0
830.0
812.0
750.0
649.0
525.0
364.0
210.0
78.0
1.0
0.0
0.0
0.0
0.0
0.0
0.0
0.0
0.0
6.0
20.0
33.0
47.0
60.0
82.0
244.0
304.0
373.0
424.0
371.0
265.0
158.0
123.0
46.0
0.0
0.0
0.0
0.0
0.0
0.0
0.0
0.0
0.0
30.0
88.0
178.0
273.0
301.0
299.0
248.0
144.0
273.0
326.0
273.0
230.0
124.0
20.0
7.0
0.0
0.0
0.0
0.0
0.0
0.0
0.0
0.0
0.0
8.0
27.0
49.0
69.0
81.0
97.0
103.0
107.0
111.0
103.0
87.0
70.0
49.0
28.0
10.0
0.0
0.0
0.0
0.0
0.0
0.0
0.0
0.0
0.0
35.0
161.0
350.0
569.0
501.0
772.0
502.0
126.0
221.0
162.0
310.0
147.0
427.0
272.0
97.0
1.0
0.0
0.0
0.0
0.0
0.0
0.0
0.0
0.0
7.0
22.0
44.0
68.0
86.0
104.0
114.0
119.0
111.0
112.0
94.0
74.0
58.0
33.0
11.0
0.0
0.0
0.0
0.0
0.0
0.0
0.0
0.0
0.0
40.0
147.0
272.0
404.0
496.0
566.0
620.0
631.0
615.0
575.0
501.0
407.0
285.0
155.0
53.0
0.0
0.0
0.0
0.0
0.0
0.0
0.0
0.0
0.0
50.0
175.0
331.0
489.0
627.0
737.0
807.0
835.0
815.0
750.0
649.0
516.0
362.0
203.0
70.0
0.0
0.0
0.0
0.0
0.0
0.0
0.0
0.0
0.0
50.0
183.0
345.0
516.0
669.0
777.0
867.0
890.0
865.0
794.0
688.0
545.0
384.0
216.0
74.0
0.0
0.0
0.0
0.0
0.0
0.0
0.0
0.0
0.0
44.0
163.0
316.0
469.0
606.0
712.0
780.0
805.0
789.0
729.0
634.0
501.0
353.0
197.0
66.0
0.0
0.0
0.0
0.0
0.0
0.0
0.0
0.0
0.0
20.0
171.0
328.0
465.0
581.0
664.0
740.0
800.0
788.0
756.0
660.0
512.0
360.0
201.0
67.0
0.0
0.0
0.0
0.0
0.0
0.0
0.0
0.0
0.0
15.0
64.0
146.0
206.0
269.0
283.0
294.0
249.0
264.0
228.0
167.0
77.0
49.0
18.0
6.0
0.0
0.0
0.0
0.0
0.0
0.0
0.0
0.0
0.0
21.0
200.0
400.0
611.0
816.0
932.0
569.0
590.0
491.0
542.0
405.0
376.0
280.0
156.0
53.0
0.0
0.0
0.0
0.0
0.0
0.0
0.0
0.0
0.0
33.0
205.0
399.0
588.0
578.0
744.0
888.0
1020.0
999.0
924.0
764.0
572.0
446.0
249.0
81.0
0.0
0.0
0.0
0.0
0.0
0.0
0.0
0.0
0.0
18.0
161.0
325.0
482.0
619.0
735.0
814.0
853.0
834.0
774.0
662.0
525.0
370.0
205.0
65.0
0.0
0.0
0.0
0.0
0.0
0.0
0.0
0.0
0.0
5.0
94.0
153.0
292.0
425.0
381.0
235.0
271.0
340.0
443.0
558.0
555.0
392.0
250.0
80.0
1.0
0.0
0.0
0.0
0.0
0.0
0.0
0.0
0.0
9.0
94.0
120.0
343.0
348.0
323.0
346.0
438.0
504.0
556.0
621.0
485.0
355.0
207.0
72.0
0.0
0.0
0.0
0.0
0.0
0.0
0.0
0.0
0.0
14.0
73.0
105.0
179.0
171.0
246.0
254.0
306.0
330.0
261.0
229.0
161.0
65.0
36.0
12.0
0.0
0.0
0.0
0.0
0.0
0.0
0.0
0.0
0.0
14.0
146.0
312.0
471.0
608.0
710.0
794.0
819.0
789.0
732.0
649.0
508.0
356.0
196.0
60.0
0.0
0.0
0.0
0.0
0.0
0.0
0.0
0.0
0.0
14.0
168.0
347.0
528.0
690.0
819.0
904.0
936.0
911.0
840.0
726.0
570.0
394.0
212.0
62.0
0.0
0.0
0.0
0.0
0.0
0.0
0.0
0.0
0.0
14.0
169.0
352.0
534.0
698.0
824.0
906.0
938.0
916.0
845.0
721.0
562.0
382.0
201.0
56.0
0.0
0.0
0.0
0.0
0.0
0.0
0.0
0.0
0.0
8.0
81.0
112.0
182.0
322.0
322.0
287.0
314.0
417.0
442.0
438.0
363.0
294.0
175.0
64.0
0.0
0.0
0.0
0.0
0.0
0.0
0.0
0.0
0.0
3.0
40.0
90.0
139.0
180.0
217.0
234.0
244.0
227.0
217.0
187.0
145.0
99.0
52.0
6.0
0.0
0.0
0.0
0.0
0.0
0.0
0.0
0.0
0.0
20.0
169.0
377.0
500.0
539.0
380.0
451.0
263.0
206.0
92.0
59.0
62.0
31.0
115.0
4.0
0.0
0.0
0.0
0.0
0.0
0.0
0.0
0.0
0.0
10.0
172.0
366.0
540.0
721.0
897.0
503.0
434.0
446.0
423.0
360.0
330.0
252.0
149.0
26.0
0.0
0.0
0.0
0.0
0.0
0.0
0.0
0.0
0.0
8.0
130.0
278.0
427.0
571.0
675.0
778.0
809.0
798.0
723.0
619.0
487.0
346.0
185.0
25.0
0.0
0.0
0.0
0.0
0.0
0.0
0.0
0.0
0.0
8.0
143.0
313.0
482.0
628.0
738.0
820.0
843.0
825.0
758.0
651.0
508.0
342.0
171.0
16.0
0.0
0.0
0.0
0.0
0.0
0.0
0.0
0.0
0.0
4.0
63.0
143.0
204.0
261.0
339.0
404.0
403.0
397.0
349.0
277.0
190.0
129.0
60.0
3.0
0.0
0.0
0.0
0.0
0.0
0.0
0.0
0.0
0.0
4.0
80.0
185.0
298.0
361.0
455.0
461.0
507.0
508.0
468.0
374.0
266.0
170.0
83.0
3.0
0.0
0.0
0.0
0.0
0.0
0.0
0.0
0.0
0.0
2.0
35.0
80.0
125.0
169.0
204.0
222.0
239.0
224.0
206.0
176.0
136.0
84.0
40.0
3.0
0.0
0.0
0.0
0.0
0.0
0.0
0.0
0.0
0.0
8.0
125.0
251.0
454.0
699.0
884.0
531.0
542.0
190.0
226.0
197.0
132.0
139.0
85.0
11.0
0.0
0.0
0.0
0.0
0.0
0.0
0.0
0.0
0.0
3.0
78.0
155.0
243.0
309.0
374.0
409.0
487.0
454.0
421.0
287.0
247.0
200.0
90.0
3.0
0.0
0.0
0.0
0.0
0.0
0.0
0.0
0.0
0.0
5.0
118.0
278.0
398.0
528.0
662.0
728.0
727.0
721.0
664.0
529.0
362.0
213.0
101.0
2.0
0.0
0.0
0.0
0.0
0.0
0.0
0.0
0.0
0.0
4.0
130.0
309.0
492.0
658.0
786.0
868.0
897.0
874.0
801.0
680.0
519.0
337.0
157.0
9.0
0.0
0.0
0.0
0.0
0.0
0.0
0.0
0.0
0.0
1.0
48.0
115.0
204.0
258.0
317.0
291.0
323.0
287.0
277.0
210.0
186.0
112.0
68.0
8.0
0.0
0.0
0.0
0.0
0.0
0.0
0.0
0.0
0.0
3.0
103.0
268.0
392.0
513.0
598.0
672.0
639.0
647.0
596.0
576.0
435.0
300.0
146.0
11.0
0.0
0.0
0.0
0.0
0.0
0.0
0.0
0.0
0.0
2.0
64.0
179.0
309.0
387.0
430.0
505.0
540.0
509.0
488.0
408.0
300.0
171.0
73.0
2.0
0.0
0.0
0.0
0.0
0.0
0.0
0.0
0.0
0.0
4.0
77.0
228.0
486.0
325.0
327.0
390.0
279.0
273.0
51.0
267.0
175.0
140.0
46.0
6.0
0.0
0.0
0.0
0.0
0.0
0.0
0.0
0.0
0.0
1.0
42.0
108.0
185.0
254.0
333.0
376.0
364.0
337.0
289.0
225.0
166.0
100.0
44.0
2.0
0.0
0.0
0.0
0.0
0.0
0.0
0.0
0.0
0.0
1.0
48.0
105.0
173.0
244.0
315.0
382.0
398.0
363.0
328.0
241.0
156.0
96.0
34.0
2.0
0.0
0.0
0.0
0.0
0.0
0.0
0.0
0.0
0.0
1.0
51.0
133.0
214.0
268.0
352.0
397.0
431.0
439.0
357.0
292.0
208.0
133.0
50.0
1.0
0.0
0.0
0.0
0.0
0.0
0.0
0.0
0.0
0.0
2.0
123.0
321.0
529.0
708.0
847.0
473.0
476.0
454.0
356.0
265.0
208.0
120.0
46.0
1.0
0.0
0.0
0.0
0.0
0.0
0.0
0.0
0.0
0.0
1.0
84.0
199.0
322.0
480.0
595.0
642.0
678.0
701.0
592.0
524.0
407.0
251.0
120.0
6.0
0.0
0.0
0.0
0.0
0.0
0.0
0.0
0.0
0.0
1.0
103.0
277.0
465.0
633.0
760.0
842.0
867.0
839.0
759.0
630.0
467.0
284.0
113.0
1.0
0.0
0.0
0.0
0.0
0.0
0.0
0.0
0.0
0.0
1.0
109.0
292.0
491.0
654.0
798.0
473.0
476.0
434.0
370.0
310.0
249.0
155.0
62.0
1.0
0.0
0.0
0.0
0.0
0.0
0.0
0.0
0.0
0.0
0.0
47.0
144.0
233.0
291.0
349.0
368.0
394.0
371.0
288.0
268.0
196.0
124.0
39.0
1.0
0.0
0.0
0.0
0.0
0.0
0.0
0.0
0.0
0.0
1.0
72.0
204.0
343.0
467.0
561.0
636.0
657.0
623.0
569.0
481.0
356.0
214.0
82.0
1.0
0.0
0.0
0.0
0.0
0.0
0.0
0.0
0.0
0.0
0.0
86.0
246.0
415.0
572.0
697.0
775.0
803.0
784.0
723.0
608.0
451.0
278.0
106.0
2.0
0.0
0.0
0.0
0.0
0.0
0.0
0.0
0.0
0.0
0.0
83.0
242.0
413.0
569.0
685.0
756.0
786.0
763.0
687.0
567.0
416.0
245.0
90.0
0.0
0.0
0.0
0.0
0.0
0.0
0.0
0.0
0.0
0.0
0.0
64.0
192.0
332.0
453.0
550.0
628.0
642.0
630.0
568.0
463.0
339.0
200.0
71.0
0.0
0.0
0.0
0.0
0.0
0.0
0.0
0.0
0.0
0.0
0.0
82.0
249.0
433.0
599.0
728.0
809.0
838.0
810.0
730.0
602.0
438.0
256.0
89.0
0.0
0.0
0.0
0.0
0.0
0.0
0.0
0.0
0.0
0.0
0.0
84.0
189.0
333.0
532.0
775.0
862.0
893.0
803.0
769.0
645.0
470.0
275.0
94.0
3.0
0.0
0.0
0.0
0.0
0.0
0.0
0.0
0.0
0.0
0.0
77.0
242.0
426.0
592.0
728.0
810.0
838.0
812.0
735.0
608.0
441.0
256.0
86.0
0.0
0.0
0.0
0.0
0.0
0.0
0.0
0.0
0.0
0.0
0.0
81.0
257.0
448.0
617.0
746.0
825.0
852.0
821.0
734.0
599.0
431.0
245.0
77.0
0.0
0.0
0.0
0.0
0.0
0.0
0.0
0.0
0.0
0.0
0.0
6.0
35.0
34.0
47.0
57.0
64.0
455.0
376.0
789.0
453.0
292.0
192.0
70.0
0.0
0.0
0.0
0.0
0.0
0.0
0.0
0.0
0.0
0.0
0.0
60.0
193.0
351.0
516.0
628.0
691.0
680.0
675.0
540.0
465.0
307.0
167.0
51.0
0.0
0.0
0.0
0.0
0.0
0.0
0.0
0.0
0.0
0.0
0.0
25.0
123.0
177.0
158.0
174.0
175.0
232.0
393.0
234.0
194.0
184.0
123.0
52.0
0.0
0.0
0.0
0.0
0.0
0.0
0.0
0.0
0.0
0.0
0.0
29.0
104.0
188.0
325.0
381.0
428.0
481.0
415.0
396.0
268.0
181.0
100.0
5.0
0.0
0.0
0.0
0.0
0.0
0.0
0.0
0.0
0.0
0.0
0.0
54.0
177.0
360.0
486.0
582.0
638.0
648.0
638.0
577.0
461.0
332.0
181.0
24.0
0.0
0.0
0.0
0.0
0.0
0.0
0.0
0.0
0.0
0.0
0.0
27.0
127.0
213.0
278.0
365.0
440.0
403.0
469.0
529.0
462.0
387.0
238.0
63.0
0.0
0.0
0.0
0.0
0.0
0.0
0.0
0.0
0.0
0.0
0.0
21.0
185.0
348.0
495.0
617.0
664.0
704.0
686.0
611.0
463.0
330.0
180.0
19.0
0.0
0.0
0.0
0.0
0.0
0.0
0.0
0.0
0.0
0.0
0.0
25.0
213.0
393.0
557.0
686.0
765.0
787.0
759.0
680.0
550.0
382.0
201.0
20.0
0.0
0.0
0.0
0.0
0.0
0.0
0.0
0.0
0.0
0.0
0.0
25.0
221.0
412.0
584.0
716.0
798.0
821.0
793.0
705.0
567.0
394.0
204.0
18.0
0.0
0.0
0.0
0.0
0.0
0.0
0.0
0.0
0.0
0.0
0.0
10.0
140.0
259.0
353.0
414.0
478.0
518.0
515.0
430.0
382.0
228.0
107.0
4.0
0.0
0.0
0.0
0.0
0.0
0.0
0.0
0.0
0.0
0.0
0.0
4.0
33.0
31.0
44.0
205.0
276.0
405.0
510.0
491.0
496.0
379.0
176.0
41.0
0.0
0.0
0.0
0.0
0.0
0.0
0.0
0.0
0.0
0.0
0.0
4.0
32.0
62.0
82.0
106.0
114.0
114.0
105.0
105.0
94.0
63.0
30.0
3.0
0.0
0.0
0.0
0.0
0.0
0.0
0.0
0.0
0.0
0.0
0.0
16.0
200.0
268.0
127.0
284.0
499.0
379.0
461.0
134.0
122.0
140.0
93.0
17.0
0.0
0.0
0.0
0.0
0.0
0.0
0.0
0.0
0.0
0.0
0.0
10.0
101.0
207.0
294.0
356.0
390.0
454.0
403.0
365.0
236.0
152.0
66.0
3.0
0.0
0.0
0.0
0.0
0.0
0.0
0.0
0.0
0.0
0.0
0.0
3.0
33.0
66.0
88.0
109.0
118.0
114.0
116.0
101.0
71.0
48.0
21.0
2.0
0.0
0.0
0.0
0.0
0.0
0.0
0.0
0.0
0.0
0.0
0.0
22.0
172.0
305.0
282.0
260.0
234.0
204.0
237.0
235.0
326.0
94.0
99.0
24.0
0.0
0.0
0.0
0.0
0.0
0.0
0.0
0.0
0.0
0.0
0.0
3.0
84.0
148.0
225.0
276.0
267.0
305.0
279.0
228.0
225.0
126.0
73.0
4.0
0.0
0.0
0.0
0.0
0.0
0.0
0.0
0.0
0.0
0.0
0.0
3.0
51.0
98.0
137.0
170.0
206.0
219.0
211.0
172.0
134.0
87.0
39.0
2.0
0.0
0.0
0.0
0.0
0.0
0.0
0.0
0.0
0.0
0.0
0.0
3.0
50.0
96.0
143.0
175.0
203.0
213.0
201.0
191.0
154.0
98.0
44.0
1.0
0.0
0.0
0.0
0.0
0.0
0.0
0.0
0.0
0.0
0.0
0.0
8.0
142.0
297.0
444.0
555.0
614.0
629.0
583.0
508.0
385.0
245.0
101.0
1.0
0.0
0.0
0.0
0.0
0.0
0.0
0.0
0.0
0.0
0.0
0.0
2.0
104.0
208.0
312.0
415.0
491.0
527.0
487.0
425.0
346.0
213.0
83.0
2.0
0.0
0.0
0.0
0.0
0.0
0.0
0.0
0.0
0.0
0.0
0.0
2.0
80.0
163.0
250.0
341.0
396.0
367.0
379.0
326.0
273.0
177.0
62.0
1.0
0.0
0.0
0.0
0.0
0.0
0.0
0.0
0.0
0.0
0.0
0.0
7.0
147.0
313.0
453.0
549.0
628.0
648.0
607.0
537.0
414.0
255.0
102.0
1.0
0.0
0.0
0.0
0.0
0.0
0.0
0.0
0.0
0.0
0.0
0.0
6.0
119.0
248.0
348.0
473.0
572.0
477.0
442.0
439.0
356.0
269.0
112.0
2.0
0.0
0.0
0.0
0.0
0.0
0.0
0.0
0.0
0.0
0.0
0.0
4.0
107.0
233.0
374.0
472.0
554.0
554.0
530.0
447.0
332.0
217.0
82.0
0.0
0.0
0.0
0.0
0.0
0.0
0.0
0.0
0.0
0.0
0.0
0.0
2.0
82.0
72.0
343.0
312.0
493.0
567.0
287.0
241.0
89.0
95.0
50.0
0.0
0.0
0.0
0.0
0.0
0.0
0.0
0.0
0.0
0.0
0.0
0.0
1.0
28.0
40.0
41.0
70.0
203.0
281.0
468.0
307.0
235.0
165.0
61.0
0.0
0.0
0.0
0.0
0.0
0.0
0.0
0.0
0.0
0.0
0.0
0.0
4.0
127.0
286.0
435.0
549.0
619.0
636.0
602.0
517.0
392.0
237.0
84.0
0.0
0.0
0.0
0.0
0.0
0.0
0.0
0.0
0.0
0.0
0.0
0.0
3.0
121.0
274.0
431.0
540.0
602.0
624.0
582.0
481.0
354.0
221.0
73.0
0.0
0.0
0.0
0.0
0.0
0.0
0.0
0.0
0.0
0.0
0.0
0.0
1.0
50.0
124.0
183.0
223.0
257.0
286.0
245.0
209.0
179.0
103.0
31.0
0.0
0.0
0.0
0.0
0.0
0.0
0.0
0.0
0.0
0.0
0.0
0.0
1.0
20.0
49.0
73.0
91.0
102.0
109.0
108.0
93.0
68.0
41.0
15.0
0.0
0.0
0.0
0.0
0.0
0.0
0.0
0.0
0.0
0.0
0.0
0.0
7.0
96.0
290.0
470.0
371.0
270.0
514.0
246.0
149.0
122.0
21.0
20.0
0.0
0.0
0.0
0.0
0.0
0.0
0.0
0.0
0.0
0.0
0.0
0.0
2.0
104.0
249.0
391.0
489.0
536.0
558.0
531.0
425.0
312.0
167.0
55.0
0.0
0.0
0.0
0.0
0.0
0.0
0.0
0.0
0.0
0.0
0.0
0.0
1.0
84.0
204.0
270.0
409.0
482.0
503.0
487.0
416.0
252.0
104.0
5.0
0.0
0.0
0.0
0.0
0.0
0.0
0.0
0.0
0.0
0.0
0.0
0.0
1.0
25.0
72.0
87.0
144.0
158.0
158.0
161.0
128.0
91.0
69.0
15.0
0.0
0.0
0.0
0.0
0.0
0.0
0.0
0.0
0.0
0.0
0.0
0.0
1.0
32.0
78.0
96.0
131.0
65.0
53.0
462.0
394.0
270.0
135.0
5.0
0.0
0.0
0.0
0.0
0.0
0.0
0.0
0.0
0.0
0.0
0.0
0.0
1.0
31.0
61.0
97.0
199.0
259.0
253.0
282.0
230.0
187.0
50.0
4.0
0.0
0.0
0.0
0.0
0.0
0.0
0.0
0.0
0.0
0.0
0.0
0.0
2.0
105.0
244.0
279.0
609.0
501.0
295.0
304.0
182.0
30.0
16.0
4.0
0.0
0.0
0.0
0.0
0.0
0.0
0.0
0.0
0.0
0.0
0.0
0.0
0.0
17.0
47.0
78.0
106.0
120.0
123.0
131.0
103.0
73.0
44.0
6.0
0.0
0.0
0.0
0.0
0.0
0.0
0.0
0.0
0.0
0.0
0.0
0.0
0.0
27.0
76.0
124.0
159.0
176.0
170.0
161.0
130.0
94.0
51.0
3.0
0.0
0.0
0.0
0.0
0.0
0.0
0.0
0.0
0.0
0.0
0.0
0.0
0.0
26.0
78.0
120.0
151.0
187.0
186.0
174.0
148.0
105.0
52.0
3.0
0.0
0.0
0.0
0.0
0.0
0.0
0.0
0.0
0.0
0.0
0.0
0.0
0.0
37.0
103.0
180.0
247.0
263.0
301.0
255.0
226.0
155.0
80.0
3.0
0.0
0.0
0.0
0.0
0.0
0.0
0.0
0.0
0.0
0.0
0.0
0.0
0.0
10.0
20.0
39.0
42.0
53.0
74.0
426.0
357.0
252.0
131.0
9.0
0.0
0.0
0.0
0.0
0.0
0.0
0.0
0.0
0.0
0.0
0.0
0.0
0.0
81.0
236.0
387.0
504.0
573.0
589.0
552.0
458.0
321.0
160.0
8.0
0.0
0.0
0.0
0.0
0.0
0.0
0.0
0.0
0.0
0.0
0.0
0.0
0.0
49.0
180.0
251.0
236.0
261.0
265.0
273.0
316.0
264.0
169.0
11.0
0.0
0.0
0.0
0.0
0.0
0.0
0.0
0.0
0.0
0.0
0.0
0.0
0.0
39.0
108.0
176.0
224.0
270.0
307.0
286.0
209.0
141.0
66.0
2.0
0.0
0.0
0.0
0.0
0.0
0.0
0.0
0.0
0.0
0.0
0.0
0.0
0.0
67.0
192.0
382.0
523.0
329.0
207.0
41.0
34.0
23.0
11.0
2.0
0.0
0.0
0.0
0.0
0.0
0.0
0.0
0.0
0.0
0.0
0.0
0.0
0.0
60.0
162.0
223.0
334.0
364.0
463.0
437.0
355.0
244.0
113.0
1.0
0.0
0.0
0.0
0.0
0.0
0.0
0.0
0.0
0.0
0.0
0.0
0.0
0.0
25.0
81.0
140.0
186.0
201.0
198.0
175.0
148.0
97.0
43.0
1.0
0.0
0.0
0.0
0.0
0.0
0.0
0.0
0.0
0.0
0.0
0.0
0.0
0.0
5.0
44.0
64.0
91.0
124.0
125.0
125.0
105.0
70.0
29.0
1.0
0.0
0.0
0.0
0.0
0.0
0.0
0.0
0.0
0.0
0.0
0.0
0.0
0.0
26.0
184.0
328.0
429.0
495.0
505.0
473.0
383.0
258.0
115.0
4.0
0.0
0.0
0.0
0.0
0.0
0.0
0.0
0.0
0.0
0.0
0.0
0.0
0.0
24.0
190.0
336.0
447.0
515.0
519.0
490.0
394.0
258.0
110.0
1.0
0.0
0.0
0.0
0.0
0.0
0.0
0.0
0.0
0.0
0.0
0.0
0.0
0.0
20.0
165.0
298.0
399.0
486.0
511.0
469.0
386.0
258.0
115.0
3.0
0.0
0.0
0.0
0.0
0.0
0.0
0.0
0.0
0.0
0.0
0.0
0.0
0.0
19.0
177.0
320.0
431.0
493.0
494.0
453.0
368.0
245.0
105.0
1.0
0.0
0.0
0.0
0.0
0.0
0.0
0.0
0.0
0.0
0.0
0.0
0.0
0.0
16.0
146.0
269.0
366.0
420.0
428.0
390.0
310.0
206.0
82.0
1.0
0.0
0.0
0.0
0.0
0.0
0.0
0.0
0.0
0.0
0.0
0.0
0.0
0.0
15.0
158.0
284.0
380.0
436.0
444.0
406.0
322.0
212.0
87.0
1.0
0.0
0.0
0.0
0.0
0.0
0.0
0.0
0.0
0.0
0.0
0.0
0.0
0.0
3.0
51.0
111.0
140.0
144.0
154.0
152.0
136.0
93.0
38.0
1.0
0.0
0.0
0.0
0.0
0.0
0.0
0.0
0.0
0.0
0.0
0.0
0.0
0.0
3.0
38.0
71.0
123.0
147.0
174.0
208.0
161.0
111.0
35.0
0.0
0.0
0.0
0.0
0.0
0.0
0.0
0.0
0.0
0.0
0.0
0.0
0.0
0.0
13.0
159.0
299.0
412.0
482.0
495.0
457.0
356.0
230.0
88.0
0.0
0.0
0.0
0.0
0.0
0.0
0.0
0.0
0.0
0.0
0.0
0.0
0.0
0.0
11.0
142.0
269.0
368.0
427.0
441.0
404.0
319.0
202.0
75.0
0.0
0.0
0.0
0.0
0.0
0.0
0.0
0.0
0.0
0.0
0.0
0.0
0.0
0.0
12.0
96.0
329.0
355.0
325.0
383.0
281.0
268.0
189.0
41.0
0.0
0.0
0.0
0.0
0.0
0.0
0.0
0.0
0.0
0.0
0.0
0.0
0.0
0.0
2.0
36.0
69.0
97.0
112.0
117.0
111.0
89.0
57.0
21.0
0.0
0.0
0.0
0.0
0.0
0.0
0.0
0.0
0.0
0.0
0.0
0.0
0.0
0.0
11.0
130.0
236.0
279.0
358.0
371.0
366.0
318.0
116.0
48.0
0.0
0.0
0.0
0.0
0.0
0.0
0.0
0.0
0.0
0.0
0.0
0.0
0.0
0.0
3.0
16.0
24.0
72.0
84.0
92.0
371.0
262.0
169.0
62.0
0.0
0.0
0.0
0.0
0.0
0.0
0.0
0.0
0.0
0.0
0.0
0.0
0.0
0.0
2.0
39.0
78.0
111.0
130.0
137.0
123.0
96.0
62.0
21.0
0.0
0.0
0.0
0.0
0.0
0.0
0.0
0.0
0.0
0.0
0.0
0.0
0.0
0.0
5.0
119.0
137.0
397.0
366.0
325.0
302.0
153.0
95.0
30.0
0.0
0.0
0.0
0.0
0.0
0.0
0.0
0.0
0.0
0.0
0.0
0.0
0.0
0.0
2.0
36.0
73.0
82.0
98.0
127.0
111.0
85.0
50.0
19.0
0.0
0.0
0.0
0.0
0.0
0.0
0.0
0.0
0.0
0.0
0.0
0.0
0.0
0.0
1.0
52.0
130.0
179.0
274.0
286.0
278.0
230.0
156.0
64.0
0.0
0.0
0.0
0.0
0.0
0.0
0.0
0.0
0.0
0.0
0.0
0.0
0.0
0.0
1.0
21.0
46.0
69.0
75.0
78.0
74.0
59.0
38.0
7.0
0.0
0.0
0.0
0.0
0.0
0.0
0.0
0.0
0.0
0.0
0.0
0.0
0.0
0.0
1.0
24.0
61.0
119.0
141.0
114.0
94.0
54.0
33.0
6.0
0.0
0.0
0.0
0.0
0.0
0.0
0.0
0.0
0.0
0.0
0.0
0.0
0.0
0.0
7.0
98.0
227.0
233.0
136.0
42.0
179.0
284.0
207.0
53.0
0.0
0.0
0.0
0.0
0.0
0.0
0.0
0.0
0.0
0.0
0.0
0.0
0.0
0.0
1.0
14.0
30.0
46.0
53.0
57.0
50.0
38.0
25.0
4.0
0.0
0.0
0.0
0.0
0.0
0.0
0.0
0.0
0.0
0.0
0.0
0.0
0.0
0.0
6.0
114.0
229.0
263.0
266.0
308.0
324.0
315.0
175.0
21.0
0.0
0.0
0.0
0.0
0.0
0.0
0.0
0.0
0.0
0.0
0.0
0.0
0.0
0.0
4.0
27.0
86.0
67.0
153.0
455.0
291.0
122.0
65.0
29.0
0.0
0.0
0.0
0.0
0.0
0.0
0.0
0.0
0.0
0.0
0.0
0.0
0.0
0.0
1.0
62.0
149.0
235.0
282.0
306.0
275.0
202.0
123.0
15.0
0.0
0.0
0.0
0.0
0.0
0.0
0.0
0.0
0.0
0.0
0.0
0.0
0.0
0.0
1.0
68.0
148.0
231.0
252.0
276.0
270.0
207.0
128.0
14.0
0.0
0.0
0.0
0.0
0.0
0.0
0.0
0.0
0.0
0.0
0.0
0.0
0.0
0.0
1.0
13.0
27.0
42.0
49.0
53.0
48.0
36.0
21.0
3.0
0.0
0.0
0.0
0.0
0.0
0.0
0.0
0.0
0.0
0.0
0.0
0.0
0.0
0.0
0.0
8.0
19.0
27.0
33.0
34.0
31.0
23.0
13.0
3.0
0.0
0.0
0.0
0.0
0.0
0.0
0.0
0.0
0.0
0.0
0.0
0.0
0.0
0.0
0.0
28.0
90.0
160.0
131.0
133.0
192.0
178.0
115.0
11.0
0.0
0.0
0.0
0.0
0.0
0.0
0.0
0.0
0.0
0.0
0.0
0.0
0.0
0.0
0.0
58.0
137.0
194.0
227.0
247.0
229.0
163.0
84.0
3.0
0.0
0.0
0.0
0.0
0.0
0.0
0.0
0.0
0.0
0.0
0.0
0.0
0.0
0.0
0.0
51.0
131.0
184.0
230.0
237.0
182.0
153.0
87.0
3.0
0.0
0.0
0.0
0.0
0.0
0.0
0.0
0.0
0.0
0.0
0.0
0.0
0.0
0.0
0.0
6.0
15.0
57.0
50.0
37.0
234.0
156.0
99.0
8.0
0.0
0.0
0.0
0.0
0.0
0.0
0.0
0.0
0.0
0.0
0.0
0.0
0.0
0.0
0.0
63.0
166.0
268.0
325.0
319.0
263.0
198.0
95.0
3.0
0.0
0.0
0.0
0.0
0.0
0.0
0.0
0.0
0.0
0.0
0.0
0.0
0.0
0.0
0.0
15.0
45.0
55.0
73.0
97.0
310.0
218.0
124.0
3.0
0.0
0.0
0.0
0.0
0.0
0.0
0.0
0.0
0.0
0.0
0.0
0.0
0.0
0.0
0.0
73.0
200.0
306.0
374.0
388.0
352.0
265.0
146.0
10.0
0.0
0.0
0.0
0.0
0.0
0.0
0.0
0.0
0.0
0.0
0.0
0.0
0.0
0.0
0.0
42.0
108.0
166.0
219.0
204.0
175.0
143.0
79.0
2.0
0.0
0.0
0.0
0.0
0.0
0.0
0.0
0.0
0.0
0.0
0.0
0.0
0.0
0.0
0.0
29.0
95.0
122.0
135.0
276.0
219.0
102.0
68.0
2.0
0.0
0.0
0.0
0.0
0.0
0.0
0.0
0.0
0.0
0.0
0.0
0.0
0.0
0.0
0.0
28.0
91.0
131.0
157.0
162.0
155.0
105.0
50.0
2.0
0.0
0.0
0.0
0.0
0.0
0.0
0.0
0.0
0.0
0.0
0.0
0.0
0.0
0.0
0.0
43.0
136.0
216.0
220.0
294.0
329.0
237.0
104.0
4.0
0.0
0.0
0.0
0.0
0.0
0.0
0.0
0.0
0.0
0.0
0.0
0.0
0.0
0.0
0.0
27.0
97.0
154.0
199.0
206.0
169.0
125.0
60.0
2.0
0.0
0.0
0.0
0.0
0.0
0.0
0.0
0.0
0.0
0.0
0.0
0.0
0.0
0.0
0.0
20.0
158.0
253.0
320.0
329.0
299.0
242.0
116.0
6.0
0.0
0.0
0.0
0.0
0.0
0.0
0.0
0.0
0.0
0.0
0.0
0.0
0.0
0.0
0.0
16.0
124.0
112.0
140.0
173.0
240.0
157.0
97.0
10.0
0.0
0.0
0.0
0.0
0.0
0.0
0.0
0.0
0.0
0.0
0.0
0.0
0.0
0.0
0.0
4.0
102.0
163.0
248.0
265.0
259.0
212.0
66.0
2.0
0.0
0.0
0.0
0.0
0.0
0.0
0.0
0.0
0.0
0.0
0.0
0.0
0.0
0.0
0.0
4.0
30.0
57.0
74.0
101.0
89.0
87.0
44.0
2.0
0.0
0.0
0.0
0.0
0.0
0.0
0.0
0.0
0.0
0.0
0.0
0.0
0.0
0.0
0.0
10.0
85.0
160.0
194.0
210.0
175.0
141.0
72.0
2.0
0.0
0.0
0.0
0.0
0.0
0.0
0.0
0.0
0.0
0.0
0.0
0.0
0.0
0.0
0.0
4.0
29.0
62.0
74.0
73.0
275.0
200.0
95.0
2.0
0.0
0.0
0.0
0.0
0.0
0.0
0.0
0.0
0.0
0.0
0.0
0.0
0.0
0.0
0.0
13.0
97.0
168.0
180.0
223.0
157.0
140.0
67.0
2.0
0.0
0.0
0.0
0.0
0.0
0.0
0.0
0.0
0.0
0.0
0.0
0.0
0.0
0.0
0.0
7.0
59.0
102.0
119.0
132.0
116.0
86.0
43.0
2.0
0.0
0.0
0.0
0.0
0.0
0.0
0.0
0.0
0.0
0.0
0.0
0.0
0.0
0.0
0.0
3.0
19.0
30.0
40.0
42.0
39.0
28.0
15.0
2.0
0.0
0.0
0.0
0.0
0.0
0.0
0.0
0.0
0.0
0.0
0.0
0.0
0.0
0.0
0.0
8.0
92.0
153.0
190.0
217.0
182.0
119.0
57.0
2.0
0.0
0.0
0.0
0.0
0.0
0.0
0.0
0.0
0.0
0.0
0.0
0.0
0.0
0.0
0.0
7.0
59.0
101.0
146.0
156.0
122.0
83.0
41.0
1.0
0.0
0.0
0.0
0.0
0.0
0.0
0.0
0.0
0.0
0.0
0.0
0.0
0.0
0.0
0.0
3.0
26.0
43.0
50.0
53.0
52.0
31.0
17.0
2.0
0.0
0.0
0.0
0.0
0.0
0.0
0.0
0.0
0.0
0.0
0.0
0.0
0.0
0.0
0.0
11.0
93.0
215.0
278.0
236.0
204.0
206.0
92.0
3.0
0.0
0.0
0.0
0.0
0.0
0.0
0.0
0.0
0.0
0.0
0.0
0.0
0.0
0.0
0.0
3.0
17.0
24.0
26.0
44.0
229.0
173.0
88.0
4.0
0.0
0.0
0.0
0.0
0.0
0.0
0.0
0.0
0.0
0.0
0.0
0.0
0.0
0.0
0.0
3.0
11.0
48.0
29.0
69.0
246.0
152.0
94.0
4.0
0.0
0.0
0.0
0.0
0.0
0.0
0.0
0.0
0.0
0.0
0.0
0.0
0.0
0.0
0.0
2.0
20.0
37.0
47.0
47.0
42.0
33.0
16.0
2.0
0.0
0.0
0.0
0.0
0.0
0.0
0.0
0.0
0.0
0.0
0.0
0.0
0.0
0.0
0.0
10.0
111.0
173.0
190.0
197.0
210.0
192.0
120.0
10.0
0.0
0.0
0.0
0.0
0.0
0.0
0.0
0.0
0.0
0.0
0.0
0.0
0.0
0.0
0.0
10.0
116.0
212.0
270.0
313.0
299.0
213.0
119.0
8.0
0.0
0.0
0.0
0.0
0.0
0.0
0.0
0.0
0.0
0.0
0.0
0.0
0.0
0.0
0.0
6.0
83.0
150.0
198.0
196.0
181.0
137.0
57.0
2.0
0.0
0.0
0.0
0.0
0.0
0.0
0.0
0.0
0.0
0.0
0.0
0.0
0.0
0.0
0.0
2.0
18.0
34.0
42.0
47.0
45.0
34.0
16.0
2.0
0.0
0.0
0.0
0.0
0.0
0.0
0.0
0.0
0.0
0.0
0.0
0.0
0.0
0.0
0.0
2.0
22.0
43.0
58.0
67.0
62.0
43.0
22.0
2.0
0.0
0.0
0.0
0.0
0.0
0.0
0.0
0.0
0.0
0.0
0.0
0.0
0.0
0.0
0.0
6.0
106.0
182.0
253.0
237.0
180.0
172.0
105.0
2.0
0.0
0.0
0.0
0.0
0.0
0.0
0.0
0.0
0.0
0.0
0.0
0.0
0.0
0.0
0.0
3.0
56.0
112.0
171.0
185.0
163.0
106.0
53.0
2.0
0.0
0.0
0.0
0.0
0.0
0.0
0.0
0.0
0.0
0.0
0.0
0.0
0.0
0.0
0.0
5.0
63.0
125.0
170.0
189.0
166.0
143.0
66.0
2.0
0.0
0.0
0.0
0.0
0.0
0.0
0.0
0.0
0.0
0.0
0.0
0.0
0.0
0.0
0.0
3.0
83.0
187.0
266.0
308.0
305.0
238.0
127.0
9.0
0.0
0.0
0.0
0.0
0.0
0.0
0.0
0.0
0.0
0.0
0.0
0.0
0.0
0.0
0.0
7.0
117.0
224.0
309.0
330.0
295.0
221.0
112.0
7.0
0.0
0.0
0.0
0.0
0.0
0.0
0.0
0.0
0.0
0.0
0.0
0.0
0.0
0.0
0.0
3.0
59.0
103.0
136.0
156.0
143.0
99.0
47.0
2.0
0.0
0.0
0.0
0.0
0.0
0.0
0.0
0.0
0.0
0.0
0.0
0.0
0.0
0.0
0.0
2.0
30.0
58.0
76.0
78.0
77.0
55.0
31.0
2.0
0.0
0.0
0.0
0.0
0.0
0.0
0.0
0.0
0.0
0.0
0.0
0.0
0.0
0.0
0.0
2.0
26.0
44.0
60.0
68.0
68.0
48.0
27.0
2.0
0.0
0.0
0.0
0.0
0.0
0.0
0.0
0.0
0.0
0.0
0.0
0.0
0.0
0.0
0.0
2.0
43.0
78.0
96.0
107.0
94.0
86.0
47.0
3.0
0.0
0.0
0.0
0.0
0.0
0.0
0.0
0.0
0.0
0.0
0.0
0.0
0.0
0.0
0.0
2.0
23.0
47.0
61.0
64.0
62.0
42.0
24.0
3.0
0.0
0.0
0.0
0.0
0.0
0.0
0.0
