0.0
0.0
0.0
0.0
0.0
0.0
0.0
38.0
244.0
429.0
560.0
630.0
632.0
566.0
438.0
256.0
46.0
0.0
0.0
0.0
0.0
0.0
0.0
0.0
0.0
0.0
0.0
0.0
0.0
0.0
0.0
38.0
244.0
429.0
561.0
631.0
634.0
569.0
441.0
259.0
48.0
0.0
0.0
0.0
0.0
0.0
0.0
0.0
0.0
0.0
0.0
0.0
0.0
0.0
0.0
38.0
244.0
430.0
563.0
633.0
636.0
572.0
444.0
263.0
50.0
0.0
0.0
0.0
0.0
0.0
0.0
0.0
0.0
0.0
0.0
0.0
0.0
0.0
0.0
38.0
244.0
431.0
564.0
635.0
638.0
574.0
447.0
266.0
53.0
0.0
0.0
0.0
0.0
0.0
0.0
0.0
0.0
0.0
0.0
0.0
0.0
0.0
0.0
38.0
245.0
432.0
565.0
637.0
641.0
577.0
451.0
269.0
55.0
0.0
0.0
0.0
0.0
0.0
0.0
0.0
0.0
0.0
0.0
0.0
0.0
0.0
0.0
38.0
245.0
433.0
567.0
639.0
643.0
580.0
454.0
273.0
57.0
0.0
0.0
0.0
0.0
0.0
0.0
0.0
0.0
0.0
0.0
0.0
0.0
0.0
0.0
38.0
246.0
434.0
569.0
641.0
646.0
583.0
457.0
277.0
60.0
0.0
0.0
0.0
0.0
0.0
0.0
0.0
0.0
0.0
0.0
0.0
0.0
0.0
0.0
38.0
247.0
435.0
571.0
643.0
649.0
587.0
461.0
281.0
63.0
0.0
0.0
0.0
0.0
0.0
0.0
0.0
0.0
0.0
0.0
0.0
0.0
0.0
0.0
39.0
248.0
437.0
573.0
646.0
652.0
590.0
465.0
284.0
66.0
0.0
0.0
0.0
0.0
0.0
0.0
0.0
0.0
0.0
0.0
0.0
0.0
0.0
0.0
39.0
249.0
438.0
575.0
649.0
655.0
594.0
469.0
288.0
69.0
0.0
0.0
0.0
0.0
0.0
0.0
0.0
0.0
0.0
0.0
0.0
0.0
0.0
0.0
40.0
250.0
440.0
577.0
652.0
659.0
598.0
473.0
293.0
72.0
0.0
0.0
0.0
0.0
0.0
0.0
0.0
0.0
0.0
0.0
0.0
0.0
0.0
0.0
40.0
252.0
442.0
580.0
655.0
662.0
601.0
477.0
297.0
75.0
0.0
0.0
0.0
0.0
0.0
0.0
0.0
0.0
0.0
0.0
0.0
0.0
0.0
0.0
41.0
253.0
444.0
582.0
658.0
666.0
605.0
481.0
301.0
79.0
0.0
0.0
0.0
0.0
0.0
0.0
0.0
0.0
0.0
0.0
0.0
0.0
0.0
0.0
42.0
255.0
447.0
585.0
661.0
669.0
609.0
485.0
306.0
82.0
0.0
0.0
0.0
0.0
0.0
0.0
0.0
0.0
0.0
0.0
0.0
0.0
0.0
0.0
43.0
257.0
449.0
588.0
665.0
673.0
614.0
490.0
310.0
86.0
0.0
0.0
0.0
0.0
0.0
0.0
0.0
0.0
0.0
0.0
0.0
0.0
0.0
0.0
44.0
259.0
452.0
591.0
668.0
677.0
618.0
494.0
315.0
90.0
0.0
0.0
0.0
0.0
0.0
0.0
0.0
0.0
0.0
0.0
0.0
0.0
0.0
0.0
45.0
262.0
455.0
594.0
672.0
681.0
622.0
499.0
320.0
94.0
0.0
0.0
0.0
0.0
0.0
0.0
0.0
0.0
0.0
0.0
0.0
0.0
0.0
0.0
46.0
264.0
457.0
598.0
676.0
686.0
627.0
504.0
325.0
99.0
0.0
0.0
0.0
0.0
0.0
0.0
0.0
0.0
0.0
0.0
0.0
0.0
0.0
0.0
48.0
267.0
460.0
601.0
680.0
690.0
632.0
509.0
329.0
103.0
0.0
0.0
0.0
0.0
0.0
0.0
0.0
0.0
0.0
0.0
0.0
0.0
0.0
0.0
49.0
269.0
464.0
605.0
684.0
694.0
636.0
514.0
334.0
108.0
0.0
0.0
0.0
0.0
0.0
0.0
0.0
0.0
0.0
0.0
0.0
0.0
0.0
0.0
51.0
272.0
467.0
609.0
688.0
699.0
641.0
519.0
339.0
112.0
0.0
0.0
0.0
0.0
0.0
0.0
0.0
0.0
0.0
0.0
0.0
0.0
0.0
0.0
52.0
275.0
470.0
613.0
692.0
704.0
646.0
524.0
345.0
117.0
0.0
0.0
0.0
0.0
0.0
0.0
0.0
0.0
0.0
0.0
0.0
0.0
0.0
0.0
54.0
278.0
474.0
617.0
697.0
709.0
651.0
529.0
350.0
126.0
0.0
0.0
0.0
0.0
0.0
0.0
0.0
0.0
0.0
0.0
0.0
0.0
0.0
0.0
56.0
282.0
478.0
621.0
701.0
714.0
657.0
534.0
355.0
131.0
0.0
0.0
0.0
0.0
0.0
0.0
0.0
0.0
0.0
0.0
0.0
0.0
0.0
0.0
58.0
285.0
482.0
625.0
706.0
719.0
662.0
540.0
361.0
137.0
0.0
0.0
0.0
0.0
0.0
0.0
0.0
0.0
0.0
0.0
0.0
0.0
0.0
0.0
60.0
288.0
486.0
630.0
711.0
724.0
667.0
545.0
366.0
142.0
1.0
0.0
0.0
0.0
0.0
0.0
0.0
0.0
0.0
0.0
0.0
0.0
0.0
0.0
63.0
292.0
490.0
634.0
716.0
729.0
672.0
551.0
371.0
147.0
1.0
0.0
0.0
0.0
0.0
0.0
0.0
0.0
0.0
0.0
0.0
0.0
0.0
0.0
65.0
296.0
494.0
639.0
721.0
734.0
678.0
556.0
377.0
153.0
2.0
0.0
0.0
0.0
0.0
0.0
0.0
0.0
0.0
0.0
0.0
0.0
0.0
0.0
68.0
300.0
498.0
644.0
726.0
740.0
684.0
562.0
383.0
158.0
2.0
0.0
0.0
0.0
0.0
0.0
0.0
0.0
0.0
0.0
0.0
0.0
0.0
0.0
71.0
304.0
503.0
649.0
731.0
745.0
689.0
567.0
388.0
163.0
3.0
0.0
0.0
0.0
0.0
0.0
0.0
0.0
0.0
0.0
0.0
0.0
0.0
0.0
74.0
308.0
508.0
654.0
736.0
751.0
695.0
573.0
394.0
169.0
4.0
0.0
0.0
0.0
0.0
0.0
0.0
0.0
0.0
0.0
0.0
0.0
0.0
0.0
77.0
313.0
512.0
659.0
742.0
756.0
701.0
579.0
400.0
175.0
5.0
0.0
0.0
0.0
0.0
0.0
0.0
0.0
0.0
0.0
0.0
0.0
0.0
0.0
80.0
317.0
517.0
664.0
747.0
762.0
706.0
585.0
405.0
180.0
6.0
0.0
0.0
0.0
0.0
0.0
0.0
0.0
0.0
0.0
0.0
0.0
0.0
0.0
83.0
322.0
522.0
669.0
753.0
768.0
712.0
591.0
411.0
186.0
7.0
0.0
0.0
0.0
0.0
0.0
0.0
0.0
0.0
0.0
0.0
0.0
0.0
0.0
87.0
326.0
527.0
675.0
759.0
774.0
718.0
597.0
417.0
191.0
8.0
0.0
0.0
0.0
0.0
0.0
0.0
0.0
0.0
0.0
0.0
0.0
0.0
0.0
91.0
331.0
532.0
680.0
764.0
779.0
724.0
603.0
423.0
197.0
10.0
0.0
0.0
0.0
0.0
0.0
0.0
0.0
0.0
0.0
0.0
0.0
0.0
0.0
95.0
336.0
538.0
686.0
770.0
785.0
730.0
609.0
429.0
203.0
11.0
0.0
0.0
0.0
0.0
0.0
0.0
0.0
0.0
0.0
0.0
0.0
0.0
0.0
99.0
341.0
543.0
691.0
776.0
791.0
736.0
615.0
435.0
208.0
13.0
0.0
0.0
0.0
0.0
0.0
0.0
0.0
0.0
0.0
0.0
0.0
0.0
0.0
103.0
346.0
549.0
697.0
782.0
797.0
742.0
621.0
440.0
214.0
15.0
0.0
0.0
0.0
0.0
0.0
0.0
0.0
0.0
0.0
0.0
0.0
0.0
0.0
108.0
352.0
554.0
703.0
788.0
804.0
749.0
627.0
446.0
220.0
17.0
0.0
0.0
0.0
0.0
0.0
0.0
0.0
0.0
0.0
0.0
0.0
0.0
0.0
112.0
357.0
560.0
709.0
794.0
810.0
755.0
633.0
452.0
226.0
19.0
0.0
0.0
0.0
0.0
0.0
0.0
0.0
0.0
0.0
0.0
0.0
0.0
0.0
117.0
363.0
566.0
715.0
800.0
816.0
761.0
639.0
458.0
231.0
21.0
0.0
0.0
0.0
0.0
0.0
0.0
0.0
0.0
0.0
0.0
0.0
0.0
0.0
122.0
368.0
571.0
721.0
806.0
822.0
767.0
645.0
464.0
237.0
23.0
0.0
0.0
0.0
0.0
0.0
0.0
0.0
0.0
0.0
0.0
0.0
0.0
0.0
128.0
374.0
577.0
727.0
813.0
828.0
773.0
651.0
470.0
243.0
25.0
0.0
0.0
0.0
0.0
0.0
0.0
0.0
0.0
0.0
0.0
0.0
0.0
0.0
136.0
380.0
583.0
733.0
819.0
835.0
780.0
657.0
476.0
248.0
28.0
0.0
0.0
0.0
0.0
0.0
0.0
0.0
0.0
0.0
0.0
0.0
0.0
0.0
142.0
386.0
589.0
739.0
825.0
841.0
786.0
664.0
482.0
254.0
30.0
0.0
0.0
0.0
0.0
0.0
0.0
0.0
0.0
0.0
0.0
0.0
0.0
0.0
147.0
392.0
596.0
746.0
832.0
847.0
792.0
670.0
488.0
260.0
33.0
0.0
0.0
0.0
0.0
0.0
0.0
0.0
0.0
0.0
0.0
0.0
0.0
1.0
153.0
398.0
602.0
752.0
838.0
854.0
799.0
676.0
494.0
266.0
36.0
0.0
0.0
0.0
0.0
0.0
0.0
0.0
0.0
0.0
0.0
0.0
0.0
1.0
159.0
404.0
608.0
758.0
844.0
860.0
805.0
682.0
500.0
271.0
39.0
0.0
0.0
0.0
0.0
0.0
0.0
0.0
0.0
0.0
0.0
0.0
0.0
2.0
165.0
410.0
614.0
765.0
851.0
867.0
811.0
688.0
506.0
277.0
42.0
0.0
0.0
0.0
0.0
0.0
0.0
0.0
0.0
0.0
0.0
0.0
0.0
3.0
171.0
416.0
621.0
771.0
857.0
873.0
817.0
694.0
512.0
283.0
45.0
0.0
0.0
0.0
0.0
0.0
0.0
0.0
0.0
0.0
0.0
0.0
0.0
4.0
178.0
423.0
627.0
778.0
864.0
880.0
824.0
700.0
518.0
288.0
48.0
0.0
0.0
0.0
0.0
0.0
0.0
0.0
0.0
0.0
0.0
0.0
0.0
5.0
184.0
429.0
634.0
784.0
870.0
886.0
830.0
706.0
524.0
294.0
51.0
0.0
0.0
0.0
0.0
0.0
0.0
0.0
0.0
0.0
0.0
0.0
0.0
6.0
190.0
436.0
640.0
791.0
877.0
892.0
836.0
713.0
529.0
300.0
55.0
0.0
0.0
0.0
0.0
0.0
0.0
0.0
0.0
0.0
0.0
0.0
0.0
7.0
197.0
442.0
647.0
798.0
883.0
899.0
843.0
719.0
535.0
305.0
58.0
0.0
0.0
0.0
0.0
0.0
0.0
0.0
0.0
0.0
0.0
0.0
0.0
9.0
203.0
449.0
654.0
804.0
890.0
905.0
849.0
725.0
541.0
311.0
62.0
0.0
0.0
0.0
0.0
0.0
0.0
0.0
0.0
0.0
0.0
0.0
0.0
11.0
210.0
455.0
660.0
811.0
897.0
912.0
855.0
731.0
547.0
316.0
66.0
0.0
0.0
0.0
0.0
0.0
0.0
0.0
0.0
0.0
0.0
0.0
0.0
13.0
217.0
462.0
667.0
818.0
903.0
918.0
861.0
737.0
553.0
322.0
69.0
0.0
0.0
0.0
0.0
0.0
0.0
0.0
0.0
0.0
0.0
0.0
0.0
15.0
223.0
469.0
674.0
824.0
910.0
924.0
867.0
742.0
558.0
327.0
73.0
0.0
0.0
0.0
0.0
0.0
0.0
0.0
0.0
0.0
0.0
0.0
0.0
17.0
230.0
476.0
681.0
831.0
916.0
931.0
873.0
748.0
564.0
333.0
77.0
0.0
0.0
0.0
0.0
0.0
0.0
0.0
0.0
0.0
0.0
0.0
0.0
20.0
237.0
483.0
688.0
838.0
923.0
937.0
880.0
754.0
570.0
338.0
81.0
0.0
0.0
0.0
0.0
0.0
0.0
0.0
0.0
0.0
0.0
0.0
0.0
22.0
244.0
490.0
694.0
844.0
929.0
943.0
886.0
760.0
575.0
344.0
85.0
0.0
0.0
0.0
0.0
0.0
0.0
0.0
0.0
0.0
0.0
0.0
0.0
25.0
251.0
496.0
701.0
851.0
936.0
950.0
892.0
766.0
581.0
349.0
89.0
0.0
0.0
0.0
0.0
0.0
0.0
0.0
0.0
0.0
0.0
0.0
0.0
28.0
258.0
503.0
708.0
858.0
942.0
956.0
898.0
772.0
586.0
354.0
94.0
0.0
0.0
0.0
0.0
0.0
0.0
0.0
0.0
0.0
0.0
0.0
0.0
32.0
265.0
510.0
715.0
864.0
949.0
962.0
904.0
777.0
592.0
359.0
98.0
0.0
0.0
0.0
0.0
0.0
0.0
0.0
0.0
0.0
0.0
0.0
0.0
35.0
272.0
517.0
722.0
871.0
955.0
968.0
909.0
783.0
597.0
365.0
102.0
0.0
0.0
0.0
0.0
0.0
0.0
0.0
0.0
0.0
0.0
0.0
0.0
39.0
279.0
524.0
729.0
878.0
962.0
974.0
915.0
788.0
602.0
370.0
107.0
0.0
0.0
0.0
0.0
0.0
0.0
0.0
0.0
0.0
0.0
0.0
0.0
43.0
286.0
532.0
736.0
884.0
968.0
980.0
921.0
794.0
608.0
375.0
111.0
0.0
0.0
0.0
0.0
0.0
0.0
0.0
0.0
0.0
0.0
0.0
0.0
47.0
293.0
539.0
742.0
891.0
974.0
987.0
927.0
800.0
613.0
380.0
116.0
0.0
0.0
0.0
0.0
0.0
0.0
0.0
0.0
0.0
0.0
0.0
0.0
51.0
301.0
546.0
749.0
898.0
981.0
993.0
933.0
805.0
618.0
385.0
121.0
0.0
0.0
0.0
0.0
0.0
0.0
0.0
0.0
0.0
0.0
0.0
0.0
56.0
308.0
553.0
756.0
904.0
987.0
998.0
938.0
810.0
623.0
390.0
125.0
0.0
0.0
0.0
0.0
0.0
0.0
0.0
0.0
0.0
0.0
0.0
0.0
60.0
315.0
560.0
763.0
911.0
993.0
1004.0
944.0
816.0
629.0
395.0
130.0
0.0
0.0
0.0
0.0
0.0
0.0
0.0
0.0
0.0
0.0
0.0
0.0
65.0
322.0
567.0
770.0
917.0
999.0
1010.0
949.0
821.0
634.0
400.0
135.0
0.0
0.0
0.0
0.0
0.0
0.0
0.0
0.0
0.0
0.0
0.0
0.0
71.0
330.0
574.0
776.0
924.0
1005.0
1016.0
955.0
826.0
639.0
405.0
141.0
0.0
0.0
0.0
0.0
0.0
0.0
0.0
0.0
0.0
0.0
0.0
0.0
76.0
337.0
581.0
783.0
930.0
1011.0
1022.0
960.0
831.0
644.0
410.0
146.0
0.0
0.0
0.0
0.0
0.0
0.0
0.0
0.0
0.0
0.0
0.0
0.0
82.0
344.0
588.0
790.0
936.0
1017.0
1027.0
966.0
836.0
648.0
415.0
151.0
0.0
0.0
0.0
0.0
0.0
0.0
0.0
0.0
0.0
0.0
0.0
0.0
87.0
351.0
595.0
797.0
943.0
1023.0
1033.0
971.0
841.0
653.0
419.0
156.0
1.0
0.0
0.0
0.0
0.0
0.0
0.0
0.0
0.0
0.0
0.0
0.0
93.0
359.0
602.0
803.0
949.0
1029.0
1039.0
976.0
846.0
658.0
424.0
160.0
1.0
0.0
0.0
0.0
0.0
0.0
0.0
0.0
0.0
0.0
0.0
0.0
100.0
366.0
609.0
810.0
955.0
1035.0
1044.0
981.0
851.0
663.0
429.0
165.0
1.0
0.0
0.0
0.0
0.0
0.0
0.0
0.0
0.0
0.0
0.0
0.0
106.0
373.0
616.0
817.0
962.0
1041.0
1050.0
986.0
856.0
668.0
433.0
170.0
2.0
0.0
0.0
0.0
0.0
0.0
0.0
0.0
0.0
0.0
0.0
0.0
113.0
380.0
623.0
823.0
968.0
1047.0
1055.0
992.0
861.0
672.0
438.0
174.0
2.0
0.0
0.0
0.0
0.0
0.0
0.0
0.0
0.0
0.0
0.0
0.0
120.0
388.0
630.0
830.0
974.0
1052.0
1060.0
996.0
866.0
677.0
442.0
179.0
3.0
0.0
0.0
0.0
0.0
0.0
0.0
0.0
0.0
0.0
0.0
0.0
127.0
395.0
636.0
836.0
980.0
1058.0
1065.0
1001.0
870.0
681.0
447.0
183.0
4.0
0.0
0.0
0.0
0.0
0.0
0.0
0.0
0.0
0.0
0.0
0.0
134.0
402.0
643.0
842.0
986.0
1064.0
1071.0
1006.0
875.0
686.0
451.0
188.0
5.0
0.0
0.0
0.0
0.0
0.0
0.0
0.0
0.0
0.0
0.0
0.0
142.0
409.0
650.0
849.0
992.0
1069.0
1076.0
1011.0
879.0
690.0
456.0
192.0
6.0
0.0
0.0
0.0
0.0
0.0
0.0
0.0
0.0
0.0
0.0
0.0
149.0
416.0
657.0
855.0
997.0
1074.0
1081.0
1016.0
884.0
694.0
460.0
197.0
7.0
0.0
0.0
0.0
0.0
0.0
0.0
0.0
0.0
0.0
0.0
1.0
157.0
423.0
663.0
861.0
1003.0
1080.0
1086.0
1020.0
888.0
699.0
464.0
201.0
8.0
0.0
0.0
0.0
0.0
0.0
0.0
0.0
0.0
0.0
0.0
1.0
164.0
430.0
670.0
867.0
1009.0
1085.0
1090.0
1025.0
893.0
703.0
469.0
206.0
9.0
0.0
0.0
0.0
0.0
0.0
0.0
0.0
0.0
0.0
0.0
2.0
171.0
437.0
676.0
873.0
1014.0
1090.0
1095.0
1029.0
897.0
707.0
473.0
210.0
10.0
0.0
0.0
0.0
0.0
0.0
0.0
0.0
0.0
0.0
0.0
3.0
179.0
444.0
683.0
879.0
1020.0
1095.0
1100.0
1034.0
901.0
711.0
477.0
214.0
11.0
0.0
0.0
0.0
0.0
0.0
0.0
0.0
0.0
0.0
0.0
4.0
186.0
451.0
689.0
885.0
1025.0
1100.0
1105.0
1038.0
905.0
715.0
481.0
219.0
12.0
0.0
0.0
0.0
0.0
0.0
0.0
0.0
0.0
0.0
0.0
6.0
193.0
457.0
696.0
891.0
1031.0
1105.0
1109.0
1042.0
909.0
719.0
485.0
223.0
14.0
0.0
0.0
0.0
0.0
0.0
0.0
0.0
0.0
0.0
0.0
8.0
200.0
464.0
702.0
897.0
1036.0
1110.0
1114.0
1047.0
913.0
723.0
489.0
227.0
15.0
0.0
0.0
0.0
0.0
0.0
0.0
0.0
0.0
0.0
0.0
9.0
207.0
471.0
708.0
903.0
1041.0
1115.0
1118.0
1051.0
917.0
727.0
493.0
231.0
17.0
0.0
0.0
0.0
0.0
0.0
0.0
0.0
0.0
0.0
0.0
11.0
214.0
477.0
714.0
908.0
1047.0
1120.0
1122.0
1055.0
921.0
731.0
497.0
236.0
18.0
0.0
0.0
0.0
0.0
0.0
0.0
0.0
0.0
0.0
0.0
14.0
221.0
484.0
720.0
914.0
1052.0
1124.0
1127.0
1059.0
925.0
735.0
501.0
240.0
20.0
0.0
0.0
0.0
0.0
0.0
0.0
0.0
0.0
0.0
0.0
16.0
228.0
490.0
726.0
919.0
1057.0
1129.0
1131.0
1063.0
929.0
739.0
505.0
244.0
22.0
0.0
0.0
0.0
0.0
0.0
0.0
0.0
0.0
0.0
0.0
18.0
235.0
497.0
732.0
925.0
1061.0
1133.0
1135.0
1066.0
933.0
742.0
509.0
248.0
24.0
0.0
0.0
0.0
0.0
0.0
0.0
0.0
0.0
0.0
0.0
21.0
242.0
503.0
738.0
930.0
1066.0
1138.0
1139.0
1070.0
936.0
746.0
513.0
252.0
26.0
0.0
0.0
0.0
0.0
0.0
0.0
0.0
0.0
0.0
0.0
24.0
248.0
509.0
744.0
935.0
1071.0
1142.0
1143.0
1074.0
940.0
750.0
517.0
256.0
27.0
0.0
0.0
0.0
0.0
0.0
0.0
0.0
0.0
0.0
0.0
27.0
255.0
516.0
749.0
940.0
1076.0
1146.0
1147.0
1078.0
943.0
753.0
520.0
260.0
29.0
0.0
0.0
0.0
0.0
0.0
0.0
0.0
0.0
0.0
0.0
30.0
262.0
522.0
755.0
945.0
1080.0
1150.0
1150.0
1081.0
947.0
757.0
524.0
264.0
32.0
0.0
0.0
0.0
0.0
0.0
0.0
0.0
0.0
0.0
0.0
34.0
268.0
528.0
760.0
950.0
1085.0
1154.0
1154.0
1085.0
950.0
760.0
528.0
268.0
34.0
0.0
0.0
0.0
0.0
0.0
0.0
0.0
0.0
0.0
0.0
37.0
274.0
533.0
766.0
955.0
1089.0
1158.0
1158.0
1088.0
954.0
764.0
531.0
272.0
36.0
0.0
0.0
0.0
0.0
0.0
0.0
0.0
0.0
0.0
0.0
41.0
281.0
539.0
771.0
960.0
1093.0
1162.0
1161.0
1091.0
957.0
767.0
535.0
276.0
38.0
0.0
0.0
0.0
0.0
0.0
0.0
0.0
0.0
0.0
0.0
44.0
287.0
545.0
776.0
965.0
1097.0
1166.0
1165.0
1095.0
960.0
771.0
539.0
280.0
40.0
0.0
0.0
0.0
0.0
0.0
0.0
0.0
0.0
0.0
0.0
48.0
293.0
551.0
781.0
969.0
1102.0
1169.0
1168.0
1098.0
963.0
774.0
542.0
284.0
43.0
0.0
0.0
0.0
0.0
0.0
0.0
0.0
0.0
0.0
0.0
52.0
299.0
556.0
786.0
974.0
1106.0
1173.0
1172.0
1101.0
967.0
777.0
546.0
288.0
45.0
0.0
0.0
0.0
0.0
0.0
0.0
0.0
0.0
0.0
0.0
56.0
305.0
562.0
791.0
978.0
1109.0
1177.0
1175.0
1104.0
970.0
780.0
549.0
292.0
48.0
0.0
0.0
0.0
0.0
0.0
0.0
0.0
0.0
0.0
0.0
60.0
311.0
567.0
796.0
982.0
1113.0
1180.0
1178.0
1107.0
973.0
783.0
552.0
295.0
50.0
0.0
0.0
0.0
0.0
0.0
0.0
0.0
0.0
0.0
0.0
65.0
317.0
572.0
801.0
986.0
1117.0
1183.0
1181.0
1110.0
976.0
787.0
556.0
299.0
53.0
0.0
0.0
0.0
0.0
0.0
0.0
0.0
0.0
0.0
0.0
69.0
322.0
577.0
805.0
990.0
1121.0
1187.0
1184.0
1113.0
979.0
790.0
559.0
303.0
56.0
0.0
0.0
0.0
0.0
0.0
0.0
0.0
0.0
0.0
0.0
73.0
328.0
582.0
810.0
994.0
1124.0
1190.0
1187.0
1116.0
981.0
793.0
563.0
307.0
58.0
0.0
0.0
0.0
0.0
0.0
0.0
0.0
0.0
0.0
0.0
78.0
333.0
587.0
814.0
998.0
1128.0
1193.0
1190.0
1119.0
984.0
796.0
566.0
310.0
61.0
0.0
0.0
0.0
0.0
0.0
0.0
0.0
0.0
0.0
0.0
82.0
339.0
592.0
818.0
1002.0
1131.0
1196.0
1193.0
1121.0
987.0
799.0
569.0
314.0
64.0
0.0
0.0
0.0
0.0
0.0
0.0
0.0
0.0
0.0
0.0
87.0
344.0
597.0
823.0
1006.0
1134.0
1199.0
1195.0
1124.0
990.0
802.0
572.0
318.0
67.0
0.0
0.0
0.0
0.0
0.0
0.0
0.0
0.0
0.0
0.0
91.0
349.0
601.0
827.0
1009.0
1137.0
1202.0
1198.0
1127.0
992.0
804.0
576.0
321.0
70.0
0.0
0.0
0.0
0.0
0.0
0.0
0.0
0.0
0.0
0.0
96.0
354.0
606.0
831.0
1013.0
1140.0
1204.0
1201.0
1129.0
995.0
807.0
579.0
325.0
73.0
0.0
0.0
0.0
0.0
0.0
0.0
0.0
0.0
0.0
0.0
101.0
359.0
610.0
834.0
1016.0
1143.0
1207.0
1203.0
1132.0
998.0
810.0
582.0
329.0
76.0
0.0
0.0
0.0
0.0
0.0
0.0
0.0
0.0
0.0
0.0
106.0
364.0
615.0
838.0
1020.0
1146.0
1210.0
1206.0
1134.0
1000.0
813.0
585.0
332.0
79.0
0.0
0.0
0.0
0.0
0.0
0.0
0.0
0.0
0.0
0.0
110.0
369.0
619.0
842.0
1023.0
1149.0
1212.0
1208.0
1136.0
1003.0
816.0
588.0
336.0
82.0
0.0
0.0
0.0
0.0
0.0
0.0
0.0
0.0
0.0
0.0
115.0
373.0
623.0
845.0
1026.0
1152.0
1215.0
1210.0
1139.0
1005.0
818.0
591.0
339.0
85.0
0.0
0.0
0.0
0.0
0.0
0.0
0.0
0.0
0.0
0.0
120.0
378.0
627.0
849.0
1029.0
1154.0
1217.0
1212.0
1141.0
1007.0
821.0
594.0
343.0
89.0
0.0
0.0
0.0
0.0
0.0
0.0
0.0
0.0
0.0
0.0
124.0
382.0
631.0
852.0
1032.0
1157.0
1219.0
1215.0
1143.0
1010.0
824.0
597.0
346.0
92.0
0.0
0.0
0.0
0.0
0.0
0.0
0.0
0.0
0.0
0.0
128.0
386.0
634.0
855.0
1035.0
1159.0
1222.0
1217.0
1145.0
1012.0
826.0
600.0
350.0
95.0
0.0
0.0
0.0
0.0
0.0
0.0
0.0
0.0
0.0
0.0
133.0
390.0
638.0
859.0
1037.0
1162.0
1224.0
1219.0
1147.0
1014.0
829.0
603.0
353.0
99.0
0.0
0.0
0.0
0.0
0.0
0.0
0.0
0.0
0.0
0.0
137.0
394.0
642.0
862.0
1040.0
1164.0
1226.0
1221.0
1149.0
1016.0
831.0
606.0
356.0
102.0
0.0
0.0
0.0
0.0
0.0
0.0
0.0
0.0
0.0
0.0
142.0
398.0
645.0
865.0
1042.0
1166.0
1228.0
1223.0
1151.0
1019.0
834.0
609.0
360.0
105.0
0.0
0.0
0.0
0.0
0.0
0.0
0.0
0.0
0.0
1.0
146.0
402.0
648.0
867.0
1045.0
1168.0
1230.0
1225.0
1153.0
1021.0
836.0
612.0
363.0
109.0
0.0
0.0
0.0
0.0
0.0
0.0
0.0
0.0
0.0
1.0
150.0
406.0
651.0
870.0
1047.0
1170.0
1232.0
1226.0
1155.0
1023.0
838.0
615.0
366.0
112.0
0.0
0.0
0.0
0.0
0.0
0.0
0.0
0.0
0.0
2.0
154.0
409.0
654.0
873.0
1049.0
1172.0
1233.0
1228.0
1157.0
1025.0
841.0
617.0
370.0
116.0
0.0
0.0
0.0
0.0
0.0
0.0
0.0
0.0
0.0
2.0
158.0
413.0
657.0
875.0
1052.0
1174.0
1235.0
1230.0
1159.0
1027.0
843.0
620.0
373.0
119.0
0.0
0.0
0.0
0.0
0.0
0.0
0.0
0.0
0.0
3.0
162.0
416.0
660.0
878.0
1054.0
1176.0
1237.0
1231.0
1160.0
1029.0
845.0
623.0
376.0
123.0
0.0
0.0
0.0
0.0
0.0
0.0
0.0
0.0
0.0
3.0
166.0
419.0
663.0
880.0
1056.0
1178.0
1238.0
1233.0
1162.0
1031.0
848.0
625.0
379.0
125.0
0.0
0.0
0.0
0.0
0.0
0.0
0.0
0.0
0.0
4.0
169.0
422.0
666.0
882.0
1057.0
1179.0
1240.0
1234.0
1164.0
1033.0
850.0
628.0
382.0
129.0
0.0
0.0
0.0
0.0
0.0
0.0
0.0
0.0
0.0
5.0
173.0
425.0
668.0
884.0
1059.0
1181.0
1241.0
1236.0
1165.0
1035.0
852.0
631.0
385.0
133.0
0.0
0.0
0.0
0.0
0.0
0.0
0.0
0.0
0.0
6.0
176.0
428.0
670.0
886.0
1061.0
1182.0
1243.0
1237.0
1167.0
1036.0
854.0
633.0
388.0
136.0
0.0
0.0
0.0
0.0
0.0
0.0
0.0
0.0
0.0
6.0
179.0
431.0
673.0
888.0
1062.0
1184.0
1244.0
1239.0
1168.0
1038.0
856.0
636.0
391.0
139.0
1.0
0.0
0.0
0.0
0.0
0.0
0.0
0.0
0.0
7.0
182.0
434.0
675.0
890.0
1064.0
1185.0
1245.0
1240.0
1170.0
1040.0
858.0
638.0
394.0
143.0
1.0
0.0
0.0
0.0
0.0
0.0
0.0
0.0
0.0
8.0
185.0
436.0
677.0
892.0
1065.0
1186.0
1246.0
1241.0
1171.0
1041.0
860.0
641.0
397.0
146.0
1.0
0.0
0.0
0.0
0.0
0.0
0.0
0.0
0.0
9.0
188.0
438.0
679.0
893.0
1067.0
1188.0
1248.0
1242.0
1173.0
1043.0
862.0
643.0
400.0
149.0
2.0
0.0
0.0
0.0
0.0
0.0
0.0
0.0
0.0
10.0
191.0
441.0
681.0
895.0
1068.0
1189.0
1249.0
1244.0
1174.0
1045.0
864.0
645.0
403.0
153.0
2.0
0.0
0.0
0.0
0.0
0.0
0.0
0.0
0.0
11.0
193.0
443.0
683.0
896.0
1069.0
1190.0
1250.0
1245.0
1175.0
1046.0
866.0
648.0
405.0
156.0
2.0
0.0
0.0
0.0
0.0
0.0
0.0
0.0
0.0
11.0
196.0
445.0
684.0
898.0
1070.0
1191.0
1251.0
1246.0
1177.0
1048.0
868.0
650.0
408.0
159.0
3.0
0.0
0.0
0.0
0.0
0.0
0.0
0.0
0.0
12.0
198.0
447.0
686.0
899.0
1071.0
1192.0
1252.0
1247.0
1178.0
1049.0
870.0
652.0
411.0
162.0
4.0
0.0
0.0
0.0
0.0
0.0
0.0
0.0
0.0
13.0
200.0
449.0
687.0
900.0
1072.0
1193.0
1252.0
1248.0
1179.0
1051.0
872.0
655.0
413.0
165.0
4.0
0.0
0.0
0.0
0.0
0.0
0.0
0.0
0.0
14.0
202.0
450.0
689.0
901.0
1073.0
1193.0
1253.0
1249.0
1180.0
1052.0
874.0
657.0
416.0
168.0
5.0
0.0
0.0
0.0
0.0
0.0
0.0
0.0
0.0
15.0
204.0
452.0
690.0
902.0
1074.0
1194.0
1254.0
1250.0
1181.0
1054.0
875.0
659.0
418.0
171.0
5.0
0.0
0.0
0.0
0.0
0.0
0.0
0.0
0.0
15.0
206.0
453.0
691.0
903.0
1075.0
1195.0
1255.0
1250.0
1182.0
1055.0
877.0
661.0
421.0
174.0
6.0
0.0
0.0
0.0
0.0
0.0
0.0
0.0
0.0
16.0
208.0
455.0
692.0
904.0
1075.0
1195.0
1255.0
1251.0
1183.0
1056.0
879.0
663.0
423.0
176.0
7.0
0.0
0.0
0.0
0.0
0.0
0.0
0.0
0.0
17.0
209.0
456.0
693.0
905.0
1076.0
1196.0
1256.0
1252.0
1184.0
1058.0
880.0
665.0
426.0
179.0
8.0
0.0
0.0
0.0
0.0
0.0
0.0
0.0
0.0
17.0
211.0
457.0
694.0
905.0
1077.0
1196.0
1256.0
1253.0
1185.0
1059.0
882.0
667.0
428.0
182.0
8.0
0.0
0.0
0.0
0.0
0.0
0.0
0.0
0.0
18.0
212.0
458.0
695.0
906.0
1077.0
1197.0
1257.0
1253.0
1186.0
1060.0
884.0
669.0
430.0
184.0
9.0
0.0
0.0
0.0
0.0
0.0
0.0
0.0
0.0
19.0
213.0
459.0
695.0
906.0
1077.0
1197.0
1257.0
1254.0
1187.0
1061.0
885.0
671.0
432.0
187.0
10.0
0.0
0.0
0.0
0.0
0.0
0.0
0.0
0.0
19.0
214.0
460.0
696.0
907.0
1078.0
1198.0
1258.0
1255.0
1188.0
1062.0
886.0
672.0
435.0
189.0
11.0
0.0
0.0
0.0
0.0
0.0
0.0
0.0
0.0
20.0
215.0
460.0
696.0
907.0
1078.0
1198.0
1258.0
1255.0
1189.0
1063.0
888.0
674.0
437.0
192.0
11.0
0.0
0.0
0.0
0.0
0.0
0.0
0.0
0.0
20.0
216.0
461.0
697.0
907.0
1078.0
1198.0
1259.0
1256.0
1189.0
1064.0
889.0
676.0
439.0
194.0
12.0
0.0
0.0
0.0
0.0
0.0
0.0
0.0
0.0
21.0
217.0
462.0
697.0
907.0
1078.0
1198.0
1259.0
1256.0
1190.0
1065.0
891.0
677.0
441.0
196.0
13.0
0.0
0.0
0.0
0.0
0.0
0.0
0.0
0.0
21.0
218.0
462.0
697.0
907.0
1078.0
1198.0
1259.0
1256.0
1191.0
1066.0
892.0
679.0
442.0
198.0
14.0
0.0
0.0
0.0
0.0
0.0
0.0
0.0
0.0
21.0
218.0
462.0
697.0
908.0
1078.0
1198.0
1259.0
1257.0
1191.0
1067.0
893.0
681.0
444.0
200.0
14.0
0.0
0.0
0.0
0.0
0.0
0.0
0.0
0.0
21.0
219.0
462.0
697.0
907.0
1078.0
1198.0
1259.0
1257.0
1192.0
1068.0
894.0
682.0
446.0
202.0
15.0
0.0
0.0
0.0
0.0
0.0
0.0
0.0
0.0
22.0
219.0
463.0
697.0
907.0
1078.0
1198.0
1260.0
1258.0
1193.0
1069.0
895.0
683.0
448.0
204.0
16.0
0.0
0.0
0.0
0.0
0.0
0.0
0.0
0.0
22.0
219.0
463.0
697.0
907.0
1078.0
1198.0
1260.0
1258.0
1193.0
1070.0
897.0
685.0
449.0
206.0
17.0
0.0
0.0
0.0
0.0
0.0
0.0
0.0
0.0
22.0
219.0
462.0
697.0
907.0
1078.0
1198.0
1260.0
1258.0
1194.0
1071.0
898.0
686.0
451.0
207.0
17.0
0.0
0.0
0.0
0.0
0.0
0.0
0.0
0.0
22.0
219.0
462.0
697.0
907.0
1078.0
1198.0
1260.0
1258.0
1194.0
1071.0
899.0
687.0
452.0
209.0
18.0
0.0
0.0
0.0
0.0
0.0
0.0
0.0
0.0
22.0
219.0
462.0
696.0
906.0
1077.0
1198.0
1260.0
1259.0
1195.0
1072.0
900.0
689.0
454.0
211.0
19.0
0.0
0.0
0.0
0.0
0.0
0.0
0.0
0.0
22.0
219.0
462.0
696.0
906.0
1077.0
1198.0
1260.0
1259.0
1195.0
1073.0
900.0
690.0
455.0
212.0
19.0
0.0
0.0
0.0
0.0
0.0
0.0
0.0
0.0
22.0
218.0
461.0
695.0
905.0
1077.0
1197.0
1259.0
1259.0
1195.0
1073.0
901.0
691.0
456.0
213.0
20.0
0.0
0.0
0.0
0.0
0.0
0.0
0.0
0.0
22.0
218.0
461.0
695.0
905.0
1076.0
1197.0
1259.0
1259.0
1196.0
1074.0
902.0
692.0
457.0
215.0
20.0
0.0
0.0
0.0
0.0
0.0
0.0
0.0
0.0
22.0
217.0
460.0
694.0
904.0
1076.0
1197.0
1259.0
1259.0
1196.0
1074.0
903.0
693.0
458.0
216.0
21.0
0.0
0.0
0.0
0.0
0.0
0.0
0.0
0.0
21.0
217.0
459.0
694.0
904.0
1075.0
1196.0
1259.0
1259.0
1196.0
1075.0
903.0
693.0
459.0
217.0
21.0
0.0
0.0
0.0
0.0
0.0
0.0
0.0
0.0
21.0
216.0
458.0
693.0
903.0
1074.0
1196.0
1259.0
1259.0
1196.0
1075.0
904.0
694.0
460.0
218.0
22.0
0.0
0.0
0.0
0.0
0.0
0.0
0.0
0.0
21.0
215.0
458.0
692.0
902.0
1074.0
1195.0
1258.0
1259.0
1197.0
1076.0
905.0
695.0
461.0
219.0
22.0
0.0
0.0
0.0
0.0
0.0
0.0
0.0
0.0
20.0
214.0
457.0
691.0
901.0
1073.0
1195.0
1258.0
1259.0
1197.0
1076.0
905.0
696.0
462.0
219.0
22.0
0.0
0.0
0.0
0.0
0.0
0.0
0.0
0.0
20.0
213.0
456.0
690.0
900.0
1072.0
1194.0
1258.0
1259.0
1197.0
1076.0
906.0
696.0
462.0
220.0
23.0
0.0
0.0
0.0
0.0
0.0
0.0
0.0
0.0
19.0
212.0
454.0
689.0
899.0
1071.0
1194.0
1257.0
1259.0
1197.0
1077.0
906.0
697.0
463.0
220.0
23.0
0.0
0.0
0.0
0.0
0.0
0.0
0.0
0.0
19.0
211.0
453.0
688.0
898.0
1071.0
1193.0
1257.0
1258.0
1197.0
1077.0
906.0
697.0
463.0
221.0
23.0
0.0
0.0
0.0
0.0
0.0
0.0
0.0
0.0
18.0
210.0
452.0
687.0
897.0
1070.0
1192.0
1257.0
1258.0
1197.0
1077.0
907.0
697.0
464.0
221.0
23.0
0.0
0.0
0.0
0.0
0.0
0.0
0.0
0.0
18.0
208.0
451.0
685.0
896.0
1069.0
1192.0
1256.0
1258.0
1197.0
1077.0
907.0
698.0
464.0
222.0
23.0
0.0
0.0
0.0
0.0
0.0
0.0
0.0
0.0
17.0
207.0
449.0
684.0
895.0
1068.0
1191.0
1256.0
1258.0
1197.0
1077.0
907.0
698.0
464.0
222.0
23.0
0.0
0.0
0.0
0.0
0.0
0.0
0.0
0.0
17.0
205.0
448.0
683.0
894.0
1067.0
1190.0
1255.0
1257.0
1197.0
1077.0
907.0
698.0
464.0
222.0
23.0
0.0
0.0
0.0
0.0
0.0
0.0
0.0
0.0
16.0
203.0
446.0
681.0
893.0
1066.0
1189.0
1254.0
1257.0
1196.0
1077.0
907.0
698.0
464.0
222.0
23.0
0.0
0.0
0.0
0.0
0.0
0.0
0.0
0.0
15.0
202.0
444.0
680.0
891.0
1065.0
1188.0
1254.0
1256.0
1196.0
1077.0
907.0
698.0
464.0
221.0
23.0
0.0
0.0
0.0
0.0
0.0
0.0
0.0
0.0
15.0
200.0
443.0
678.0
890.0
1064.0
1188.0
1253.0
1256.0
1196.0
1077.0
907.0
698.0
464.0
221.0
23.0
0.0
0.0
0.0
0.0
0.0
0.0
0.0
0.0
14.0
198.0
441.0
677.0
889.0
1063.0
1187.0
1253.0
1256.0
1196.0
1077.0
907.0
698.0
464.0
221.0
23.0
0.0
0.0
0.0
0.0
0.0
0.0
0.0
0.0
13.0
196.0
439.0
675.0
887.0
1061.0
1186.0
1252.0
1255.0
1195.0
1076.0
907.0
698.0
463.0
220.0
22.0
0.0
0.0
0.0
0.0
0.0
0.0
0.0
0.0
12.0
194.0
437.0
673.0
886.0
1060.0
1185.0
1251.0
1254.0
1195.0
1076.0
906.0
697.0
463.0
220.0
22.0
0.0
0.0
0.0
0.0
0.0
0.0
0.0
0.0
12.0
192.0
435.0
671.0
884.0
1059.0
1184.0
1250.0
1254.0
1194.0
1076.0
906.0
697.0
462.0
219.0
22.0
0.0
0.0
0.0
0.0
0.0
0.0
0.0
0.0
11.0
189.0
433.0
670.0
883.0
1058.0
1183.0
1250.0
1253.0
1194.0
1075.0
905.0
696.0
462.0
218.0
21.0
0.0
0.0
0.0
0.0
0.0
0.0
0.0
0.0
10.0
187.0
431.0
668.0
881.0
1056.0
1182.0
1249.0
1253.0
1193.0
1075.0
905.0
696.0
461.0
217.0
21.0
0.0
0.0
0.0
0.0
0.0
0.0
0.0
0.0
9.0
185.0
429.0
666.0
879.0
1055.0
1181.0
1248.0
1252.0
1193.0
1074.0
904.0
695.0
460.0
216.0
20.0
0.0
0.0
0.0
0.0
0.0
0.0
0.0
0.0
9.0
182.0
427.0
664.0
878.0
1054.0
1179.0
1247.0
1251.0
1192.0
1073.0
904.0
694.0
459.0
215.0
19.0
0.0
0.0
0.0
0.0
0.0
0.0
0.0
0.0
8.0
180.0
425.0
662.0
876.0
1052.0
1178.0
1246.0
1250.0
1191.0
1073.0
903.0
693.0
458.0
213.0
19.0
0.0
0.0
0.0
0.0
0.0
0.0
0.0
0.0
7.0
177.0
422.0
660.0
874.0
1051.0
1177.0
1245.0
1249.0
1190.0
1072.0
902.0
692.0
457.0
212.0
18.0
0.0
0.0
0.0
0.0
0.0
0.0
0.0
0.0
7.0
175.0
420.0
658.0
873.0
1049.0
1176.0
1244.0
1249.0
1190.0
1071.0
901.0
691.0
455.0
210.0
17.0
0.0
0.0
0.0
0.0
0.0
0.0
0.0
0.0
6.0
172.0
417.0
656.0
871.0
1048.0
1175.0
1243.0
1248.0
1189.0
1070.0
900.0
690.0
454.0
209.0
17.0
0.0
0.0
0.0
0.0
0.0
0.0
0.0
0.0
5.0
169.0
415.0
654.0
869.0
1046.0
1173.0
1242.0
1247.0
1188.0
1069.0
899.0
689.0
453.0
207.0
16.0
0.0
0.0
0.0
0.0
0.0
0.0
0.0
0.0
5.0
166.0
412.0
651.0
867.0
1045.0
1172.0
1241.0
1246.0
1187.0
1068.0
898.0
687.0
451.0
205.0
15.0
0.0
0.0
0.0
0.0
0.0
0.0
0.0
0.0
4.0
164.0
410.0
649.0
865.0
1043.0
1171.0
1239.0
1245.0
1186.0
1067.0
897.0
686.0
449.0
203.0
14.0
0.0
0.0
0.0
0.0
0.0
0.0
0.0
0.0
4.0
161.0
407.0
647.0
863.0
1041.0
1169.0
1238.0
1243.0
1185.0
1066.0
895.0
684.0
447.0
201.0
14.0
0.0
0.0
0.0
0.0
0.0
0.0
0.0
0.0
3.0
158.0
405.0
645.0
861.0
1040.0
1168.0
1237.0
1242.0
1184.0
1065.0
894.0
683.0
445.0
198.0
13.0
0.0
0.0
0.0
0.0
0.0
0.0
0.0
0.0
2.0
155.0
402.0
642.0
859.0
1038.0
1166.0
1236.0
1241.0
1182.0
1063.0
892.0
681.0
443.0
196.0
12.0
0.0
0.0
0.0
0.0
0.0
0.0
0.0
0.0
2.0
152.0
399.0
640.0
857.0
1036.0
1165.0
1234.0
1240.0
1181.0
1062.0
891.0
679.0
441.0
193.0
11.0
0.0
0.0
0.0
0.0
0.0
0.0
0.0
0.0
2.0
148.0
397.0
638.0
855.0
1035.0
1163.0
1233.0
1239.0
1180.0
1060.0
889.0
677.0
439.0
191.0
10.0
0.0
0.0
0.0
0.0
0.0
0.0
0.0
0.0
1.0
145.0
394.0
635.0
853.0
1033.0
1162.0
1232.0
1237.0
1178.0
1059.0
887.0
675.0
436.0
188.0
9.0
0.0
0.0
0.0
0.0
0.0
0.0
0.0
0.0
1.0
142.0
391.0
633.0
851.0
1031.0
1160.0
1230.0
1236.0
1177.0
1057.0
885.0
673.0
434.0
185.0
8.0
0.0
0.0
0.0
0.0
0.0
0.0
0.0
0.0
1.0
139.0
388.0
630.0
849.0
1029.0
1159.0
1229.0
1234.0
1175.0
1056.0
883.0
670.0
431.0
182.0
8.0
0.0
0.0
0.0
0.0
0.0
0.0
0.0
0.0
0.0
136.0
385.0
628.0
847.0
1027.0
1157.0
1227.0
1233.0
1174.0
1054.0
881.0
668.0
429.0
179.0
7.0
0.0
0.0
0.0
0.0
0.0
0.0
0.0
0.0
0.0
132.0
382.0
625.0
844.0
1025.0
1155.0
1225.0
1231.0
1172.0
1052.0
879.0
666.0
426.0
176.0
6.0
0.0
0.0
0.0
0.0
0.0
0.0
0.0
0.0
0.0
129.0
379.0
622.0
842.0
1023.0
1153.0
1224.0
1229.0
1170.0
1050.0
877.0
663.0
423.0
172.0
5.0
0.0
0.0
0.0
0.0
0.0
0.0
0.0
0.0
0.0
125.0
376.0
620.0
840.0
1021.0
1152.0
1222.0
1228.0
1168.0
1048.0
875.0
660.0
420.0
169.0
4.0
0.0
0.0
0.0
0.0
0.0
0.0
0.0
0.0
0.0
123.0
373.0
617.0
838.0
1019.0
1150.0
1220.0
1226.0
1167.0
1046.0
872.0
658.0
416.0
165.0
4.0
0.0
0.0
0.0
0.0
0.0
0.0
0.0
0.0
0.0
120.0
370.0
615.0
835.0
1017.0
1148.0
1219.0
1224.0
1165.0
1044.0
870.0
655.0
413.0
161.0
3.0
0.0
0.0
0.0
0.0
0.0
0.0
0.0
0.0
0.0
116.0
367.0
612.0
833.0
1015.0
1146.0
1217.0
1222.0
1163.0
1041.0
867.0
652.0
410.0
158.0
2.0
0.0
0.0
0.0
0.0
0.0
0.0
0.0
0.0
0.0
113.0
364.0
609.0
831.0
1013.0
1144.0
1215.0
1220.0
1160.0
1039.0
864.0
648.0
406.0
154.0
2.0
0.0
0.0
0.0
0.0
0.0
0.0
0.0
0.0
0.0
110.0
361.0
606.0
828.0
1011.0
1142.0
1213.0
1218.0
1158.0
1037.0
862.0
645.0
402.0
149.0
1.0
0.0
0.0
0.0
0.0
0.0
0.0
0.0
0.0
0.0
106.0
358.0
604.0
826.0
1009.0
1140.0
1211.0
1216.0
1156.0
1034.0
859.0
642.0
399.0
145.0
1.0
0.0
0.0
0.0
0.0
0.0
0.0
0.0
0.0
0.0
103.0
354.0
601.0
823.0
1007.0
1138.0
1209.0
1214.0
1154.0
1031.0
856.0
638.0
395.0
141.0
1.0
0.0
0.0
0.0
0.0
0.0
0.0
0.0
0.0
0.0
100.0
351.0
598.0
821.0
1004.0
1136.0
1207.0
1212.0
1151.0
1029.0
852.0
635.0
391.0
136.0
0.0
0.0
0.0
0.0
0.0
0.0
0.0
0.0
0.0
0.0
96.0
348.0
595.0
818.0
1002.0
1134.0
1205.0
1210.0
1149.0
1026.0
849.0
631.0
387.0
132.0
0.0
0.0
0.0
0.0
0.0
0.0
0.0
0.0
0.0
0.0
93.0
345.0
592.0
816.0
1000.0
1132.0
1202.0
1207.0
1146.0
1023.0
846.0
627.0
382.0
127.0
0.0
0.0
0.0
0.0
0.0
0.0
0.0
0.0
0.0
0.0
90.0
341.0
589.0
813.0
997.0
1129.0
1200.0
1205.0
1143.0
1020.0
843.0
624.0
378.0
123.0
0.0
0.0
0.0
0.0
0.0
0.0
0.0
0.0
0.0
0.0
87.0
338.0
587.0
811.0
995.0
1127.0
1198.0
1203.0
1141.0
1017.0
839.0
620.0
373.0
118.0
0.0
0.0
0.0
0.0
0.0
0.0
0.0
0.0
0.0
0.0
84.0
335.0
584.0
808.0
993.0
1125.0
1196.0
1200.0
1138.0
1014.0
835.0
615.0
369.0
114.0
0.0
0.0
0.0
0.0
0.0
0.0
0.0
0.0
0.0
0.0
81.0
331.0
581.0
805.0
990.0
1122.0
1193.0
1197.0
1135.0
1010.0
832.0
611.0
364.0
109.0
0.0
0.0
0.0
0.0
0.0
0.0
0.0
0.0
0.0
0.0
78.0
328.0
578.0
803.0
988.0
1120.0
1191.0
1195.0
1132.0
1007.0
828.0
607.0
359.0
104.0
0.0
0.0
0.0
0.0
0.0
0.0
0.0
0.0
0.0
0.0
75.0
325.0
575.0
800.0
985.0
1118.0
1188.0
1192.0
1129.0
1003.0
824.0
603.0
354.0
99.0
0.0
0.0
0.0
0.0
0.0
0.0
0.0
0.0
0.0
0.0
72.0
321.0
572.0
797.0
983.0
1115.0
1185.0
1189.0
1126.0
1000.0
820.0
598.0
349.0
95.0
0.0
0.0
0.0
0.0
0.0
0.0
0.0
0.0
0.0
0.0
69.0
318.0
569.0
795.0
980.0
1112.0
1183.0
1186.0
1123.0
996.0
816.0
593.0
344.0
90.0
0.0
0.0
0.0
0.0
0.0
0.0
0.0
0.0
0.0
0.0
66.0
314.0
566.0
792.0
977.0
1110.0
1180.0
1183.0
1119.0
993.0
812.0
589.0
339.0
85.0
0.0
0.0
0.0
0.0
0.0
0.0
0.0
0.0
0.0
0.0
64.0
311.0
563.0
789.0
975.0
1107.0
1177.0
1180.0
1116.0
989.0
807.0
584.0
334.0
81.0
0.0
0.0
0.0
0.0
0.0
0.0
0.0
0.0
0.0
0.0
61.0
307.0
559.0
786.0
972.0
1104.0
1174.0
1177.0
1112.0
985.0
803.0
579.0
328.0
76.0
0.0
0.0
0.0
0.0
0.0
0.0
0.0
0.0
0.0
0.0
58.0
304.0
556.0
783.0
969.0
1102.0
1172.0
1174.0
1109.0
981.0
798.0
574.0
323.0
72.0
0.0
0.0
0.0
0.0
0.0
0.0
0.0
0.0
0.0
0.0
56.0
300.0
553.0
780.0
966.0
1099.0
1169.0
1171.0
1105.0
977.0
794.0
569.0
317.0
67.0
0.0
0.0
0.0
0.0
0.0
0.0
0.0
0.0
0.0
0.0
53.0
297.0
550.0
777.0
964.0
1096.0
1165.0
1167.0
1102.0
972.0
789.0
563.0
311.0
63.0
0.0
0.0
0.0
0.0
0.0
0.0
0.0
0.0
0.0
0.0
51.0
293.0
547.0
774.0
961.0
1093.0
1162.0
1164.0
1098.0
968.0
784.0
558.0
306.0
59.0
0.0
0.0
0.0
0.0
0.0
0.0
0.0
0.0
0.0
0.0
48.0
290.0
544.0
771.0
958.0
1090.0
1159.0
1160.0
1094.0
964.0
779.0
553.0
300.0
55.0
0.0
0.0
0.0
0.0
0.0
0.0
0.0
0.0
0.0
0.0
46.0
286.0
540.0
768.0
955.0
1087.0
1156.0
1157.0
1090.0
959.0
774.0
547.0
294.0
51.0
0.0
0.0
0.0
0.0
0.0
0.0
0.0
0.0
0.0
0.0
44.0
283.0
537.0
765.0
952.0
1084.0
1153.0
1153.0
1086.0
955.0
769.0
542.0
288.0
47.0
0.0
0.0
0.0
0.0
0.0
0.0
0.0
0.0
0.0
0.0
42.0
279.0
534.0
762.0
949.0
1081.0
1149.0
1150.0
1082.0
950.0
764.0
536.0
281.0
43.0
0.0
0.0
0.0
0.0
0.0
0.0
0.0
0.0
0.0
0.0
39.0
276.0
531.0
759.0
946.0
1078.0
1146.0
1146.0
1077.0
945.0
759.0
530.0
275.0
39.0
0.0
0.0
0.0
0.0
0.0
0.0
0.0
0.0
0.0
0.0
37.0
272.0
527.0
756.0
943.0
1074.0
1142.0
1142.0
1073.0
941.0
753.0
524.0
269.0
36.0
0.0
0.0
0.0
0.0
0.0
0.0
0.0
0.0
0.0
0.0
35.0
268.0
524.0
753.0
939.0
1071.0
1139.0
1138.0
1069.0
936.0
748.0
518.0
262.0
32.0
0.0
0.0
0.0
0.0
0.0
0.0
0.0
0.0
0.0
0.0
33.0
265.0
520.0
749.0
936.0
1068.0
1135.0
1134.0
1064.0
931.0
742.0
512.0
256.0
29.0
0.0
0.0
0.0
0.0
0.0
0.0
0.0
0.0
0.0
0.0
31.0
261.0
517.0
746.0
933.0
1064.0
1131.0
1130.0
1060.0
926.0
737.0
506.0
249.0
26.0
0.0
0.0
0.0
0.0
0.0
0.0
0.0
0.0
0.0
0.0
29.0
257.0
514.0
743.0
929.0
1061.0
1128.0
1126.0
1055.0
920.0
731.0
500.0
242.0
23.0
0.0
0.0
0.0
0.0
0.0
0.0
0.0
0.0
0.0
0.0
27.0
254.0
510.0
739.0
926.0
1057.0
1124.0
1121.0
1050.0
915.0
725.0
493.0
236.0
20.0
0.0
0.0
0.0
0.0
0.0
0.0
0.0
0.0
0.0
0.0
26.0
250.0
507.0
736.0
923.0
1054.0
1120.0
1117.0
1045.0
910.0
719.0
487.0
229.0
17.0
0.0
0.0
0.0
0.0
0.0
0.0
0.0
0.0
0.0
0.0
24.0
246.0
503.0
733.0
919.0
1050.0
1116.0
1113.0
1041.0
904.0
713.0
481.0
222.0
15.0
0.0
0.0
0.0
0.0
0.0
0.0
0.0
0.0
0.0
0.0
22.0
242.0
500.0
729.0
916.0
1046.0
1112.0
1108.0
1036.0
899.0
707.0
474.0
215.0
12.0
0.0
0.0
0.0
0.0
0.0
0.0
0.0
0.0
0.0
0.0
21.0
239.0
496.0
726.0
912.0
1042.0
1108.0
1104.0
1031.0
893.0
701.0
467.0
208.0
10.0
0.0
0.0
0.0
0.0
0.0
0.0
0.0
0.0
0.0
0.0
19.0
235.0
492.0
722.0
908.0
1038.0
1103.0
1099.0
1025.0
888.0
695.0
461.0
201.0
8.0
0.0
0.0
0.0
0.0
0.0
0.0
0.0
0.0
0.0
0.0
18.0
231.0
489.0
718.0
905.0
1035.0
1099.0
1094.0
1020.0
882.0
689.0
454.0
194.0
7.0
0.0
0.0
0.0
0.0
0.0
0.0
0.0
0.0
0.0
0.0
16.0
227.0
485.0
715.0
901.0
1031.0
1095.0
1090.0
1015.0
876.0
683.0
447.0
187.0
5.0
0.0
0.0
0.0
0.0
0.0
0.0
0.0
0.0
0.0
0.0
15.0
223.0
481.0
711.0
897.0
1026.0
1090.0
1085.0
1010.0
870.0
676.0
441.0
179.0
4.0
0.0
0.0
0.0
0.0
0.0
0.0
0.0
0.0
0.0
0.0
13.0
219.0
478.0
707.0
893.0
1022.0
1086.0
1080.0
1004.0
864.0
670.0
434.0
172.0
3.0
0.0
0.0
0.0
0.0
0.0
0.0
0.0
0.0
0.0
0.0
12.0
215.0
474.0
704.0
889.0
1018.0
1081.0
1075.0
999.0
858.0
663.0
427.0
165.0
2.0
0.0
0.0
0.0
0.0
0.0
0.0
0.0
0.0
0.0
0.0
11.0
211.0
470.0
700.0
885.0
1014.0
1077.0
1070.0
993.0
852.0
657.0
420.0
158.0
1.0
0.0
0.0
0.0
0.0
0.0
0.0
0.0
0.0
0.0
0.0
10.0
207.0
466.0
696.0
881.0
1010.0
1072.0
1065.0
988.0
846.0
650.0
413.0
150.0
0.0
0.0
0.0
0.0
0.0
0.0
0.0
0.0
0.0
0.0
0.0
9.0
203.0
462.0
692.0
877.0
1005.0
1067.0
1059.0
982.0
840.0
643.0
406.0
143.0
0.0
0.0
0.0
0.0
0.0
0.0
0.0
0.0
0.0
0.0
0.0
8.0
199.0
458.0
688.0
873.0
1001.0
1063.0
1054.0
976.0
834.0
637.0
398.0
134.0
0.0
0.0
0.0
0.0
0.0
0.0
0.0
0.0
0.0
0.0
0.0
7.0
195.0
454.0
684.0
869.0
996.0
1058.0
1049.0
970.0
827.0
630.0
391.0
127.0
0.0
0.0
0.0
0.0
0.0
0.0
0.0
0.0
0.0
0.0
0.0
6.0
191.0
450.0
680.0
865.0
992.0
1053.0
1043.0
964.0
821.0
623.0
384.0
120.0
0.0
0.0
0.0
0.0
0.0
0.0
0.0
0.0
0.0
0.0
0.0
5.0
187.0
446.0
676.0
860.0
987.0
1048.0
1038.0
959.0
815.0
616.0
377.0
113.0
0.0
0.0
0.0
0.0
0.0
0.0
0.0
0.0
0.0
0.0
0.0
4.0
183.0
442.0
672.0
856.0
983.0
1043.0
1033.0
953.0
808.0
609.0
370.0
106.0
0.0
0.0
0.0
0.0
0.0
0.0
0.0
0.0
0.0
0.0
0.0
4.0
179.0
438.0
667.0
851.0
978.0
1038.0
1027.0
947.0
802.0
603.0
362.0
100.0
0.0
0.0
0.0
0.0
0.0
0.0
0.0
0.0
0.0
0.0
0.0
3.0
175.0
434.0
663.0
847.0
973.0
1032.0
1021.0
940.0
795.0
596.0
355.0
93.0
0.0
0.0
0.0
0.0
0.0
0.0
0.0
0.0
0.0
0.0
0.0
2.0
170.0
430.0
659.0
842.0
968.0
1027.0
1016.0
934.0
789.0
589.0
348.0
87.0
0.0
0.0
0.0
0.0
0.0
0.0
0.0
0.0
0.0
0.0
0.0
2.0
166.0
425.0
654.0
838.0
963.0
1022.0
1010.0
928.0
782.0
582.0
341.0
81.0
0.0
0.0
0.0
0.0
0.0
0.0
0.0
0.0
0.0
0.0
0.0
1.0
162.0
421.0
650.0
833.0
958.0
1017.0
1004.0
922.0
775.0
575.0
333.0
76.0
0.0
0.0
0.0
0.0
0.0
0.0
0.0
0.0
0.0
0.0
0.0
1.0
158.0
417.0
646.0
828.0
953.0
1011.0
998.0
916.0
769.0
568.0
326.0
70.0
0.0
0.0
0.0
0.0
0.0
0.0
0.0
0.0
0.0
0.0
0.0
1.0
153.0
412.0
641.0
824.0
948.0
1006.0
992.0
909.0
762.0
561.0
319.0
65.0
0.0
0.0
0.0
0.0
0.0
0.0
0.0
0.0
0.0
0.0
0.0
0.0
149.0
408.0
636.0
819.0
943.0
1000.0
986.0
903.0
755.0
553.0
311.0
60.0
0.0
0.0
0.0
0.0
0.0
0.0
0.0
0.0
0.0
0.0
0.0
0.0
145.0
403.0
632.0
814.0
938.0
995.0
981.0
897.0
749.0
546.0
304.0
55.0
0.0
0.0
0.0
0.0
0.0
0.0
0.0
0.0
0.0
0.0
0.0
0.0
140.0
399.0
627.0
809.0
933.0
989.0
974.0
890.0
742.0
539.0
297.0
50.0
0.0
0.0
0.0
0.0
0.0
0.0
0.0
0.0
0.0
0.0
0.0
0.0
136.0
394.0
622.0
804.0
927.0
983.0
968.0
884.0
735.0
532.0
289.0
46.0
0.0
0.0
0.0
0.0
0.0
0.0
0.0
0.0
0.0
0.0
0.0
0.0
129.0
390.0
618.0
799.0
922.0
978.0
962.0
877.0
728.0
525.0
282.0
42.0
0.0
0.0
0.0
0.0
0.0
0.0
0.0
0.0
0.0
0.0
0.0
0.0
125.0
385.0
613.0
794.0
916.0
972.0
956.0
871.0
721.0
518.0
275.0
38.0
0.0
0.0
0.0
0.0
0.0
0.0
0.0
0.0
0.0
0.0
0.0
0.0
121.0
380.0
608.0
789.0
911.0
966.0
950.0
864.0
715.0
511.0
268.0
34.0
0.0
0.0
0.0
0.0
0.0
0.0
0.0
0.0
0.0
0.0
0.0
0.0
116.0
376.0
603.0
784.0
906.0
960.0
944.0
858.0
708.0
504.0
261.0
31.0
0.0
0.0
0.0
0.0
0.0
0.0
0.0
0.0
0.0
0.0
0.0
0.0
112.0
371.0
598.0
778.0
900.0
954.0
938.0
851.0
701.0
497.0
253.0
27.0
0.0
0.0
0.0
0.0
0.0
0.0
0.0
0.0
0.0
0.0
0.0
0.0
108.0
366.0
593.0
773.0
894.0
948.0
931.0
845.0
694.0
490.0
246.0
24.0
0.0
0.0
0.0
0.0
0.0
0.0
0.0
0.0
0.0
0.0
0.0
0.0
104.0
361.0
588.0
768.0
889.0
942.0
925.0
838.0
687.0
483.0
239.0
21.0
0.0
0.0
0.0
0.0
0.0
0.0
0.0
0.0
0.0
0.0
0.0
0.0
99.0
356.0
583.0
763.0
883.0
936.0
919.0
832.0
681.0
476.0
232.0
19.0
0.0
0.0
0.0
0.0
0.0
0.0
0.0
0.0
0.0
0.0
0.0
0.0
95.0
352.0
578.0
757.0
877.0
930.0
913.0
825.0
674.0
469.0
225.0
16.0
0.0
0.0
0.0
0.0
0.0
0.0
0.0
0.0
0.0
0.0
0.0
0.0
91.0
347.0
573.0
752.0
872.0
924.0
906.0
818.0
667.0
462.0
218.0
14.0
0.0
0.0
0.0
0.0
0.0
0.0
0.0
0.0
0.0
0.0
0.0
0.0
87.0
342.0
567.0
746.0
866.0
918.0
900.0
812.0
660.0
455.0
211.0
12.0
0.0
0.0
0.0
0.0
0.0
0.0
0.0
0.0
0.0
0.0
0.0
0.0
83.0
337.0
562.0
741.0
860.0
912.0
894.0
805.0
654.0
449.0
204.0
10.0
0.0
0.0
0.0
0.0
0.0
0.0
0.0
0.0
0.0
0.0
0.0
0.0
80.0
331.0
557.0
735.0
854.0
906.0
887.0
799.0
647.0
442.0
198.0
8.0
0.0
0.0
0.0
0.0
0.0
0.0
0.0
0.0
0.0
0.0
0.0
0.0
76.0
326.0
551.0
730.0
848.0
900.0
881.0
792.0
640.0
435.0
191.0
6.0
0.0
0.0
0.0
0.0
0.0
0.0
0.0
0.0
0.0
0.0
0.0
0.0
72.0
321.0
546.0
724.0
843.0
894.0
875.0
786.0
634.0
429.0
184.0
5.0
0.0
0.0
0.0
0.0
0.0
0.0
0.0
0.0
0.0
0.0
0.0
0.0
69.0
316.0
541.0
718.0
837.0
888.0
868.0
779.0
627.0
422.0
178.0
4.0
0.0
0.0
0.0
0.0
0.0
0.0
0.0
0.0
0.0
0.0
0.0
0.0
65.0
311.0
535.0
713.0
831.0
882.0
862.0
773.0
621.0
415.0
171.0
3.0
0.0
0.0
0.0
0.0
0.0
0.0
0.0
0.0
0.0
0.0
0.0
0.0
61.0
306.0
530.0
707.0
825.0
876.0
856.0
766.0
614.0
409.0
165.0
2.0
0.0
0.0
0.0
0.0
0.0
0.0
0.0
0.0
0.0
0.0
0.0
0.0
58.0
300.0
524.0
701.0
819.0
869.0
849.0
760.0
608.0
402.0
159.0
1.0
0.0
0.0
0.0
0.0
0.0
0.0
0.0
0.0
0.0
0.0
0.0
0.0
55.0
295.0
519.0
695.0
813.0
863.0
843.0
754.0
601.0
396.0
152.0
1.0
0.0
0.0
0.0
0.0
0.0
0.0
0.0
0.0
0.0
0.0
0.0
0.0
52.0
290.0
513.0
690.0
807.0
857.0
837.0
747.0
595.0
390.0
146.0
0.0
0.0
0.0
0.0
0.0
0.0
0.0
0.0
0.0
0.0
0.0
0.0
0.0
48.0
285.0
508.0
684.0
801.0
851.0
831.0
741.0
589.0
384.0
140.0
0.0
0.0
0.0
0.0
0.0
0.0
0.0
0.0
0.0
0.0
0.0
0.0
0.0
45.0
279.0
502.0
678.0
795.0
845.0
824.0
735.0
582.0
378.0
134.0
0.0
0.0
0.0
0.0
0.0
0.0
0.0
0.0
0.0
0.0
0.0
0.0
0.0
42.0
274.0
497.0
672.0
789.0
839.0
818.0
729.0
576.0
371.0
125.0
0.0
0.0
0.0
0.0
0.0
0.0
0.0
0.0
0.0
0.0
0.0
0.0
0.0
39.0
269.0
491.0
667.0
783.0
833.0
812.0
723.0
570.0
366.0
120.0
0.0
0.0
0.0
0.0
0.0
0.0
0.0
0.0
0.0
0.0
0.0
0.0
0.0
37.0
263.0
485.0
661.0
777.0
827.0
806.0
717.0
564.0
360.0
114.0
0.0
0.0
0.0
0.0
0.0
0.0
0.0
0.0
0.0
0.0
0.0
0.0
0.0
34.0
258.0
480.0
655.0
771.0
821.0
800.0
710.0
558.0
354.0
109.0
0.0
0.0
0.0
0.0
0.0
0.0
0.0
0.0
0.0
0.0
0.0
0.0
0.0
31.0
252.0
474.0
649.0
765.0
815.0
794.0
705.0
552.0
348.0
104.0
0.0
0.0
0.0
0.0
0.0
0.0
0.0
0.0
0.0
0.0
0.0
0.0
0.0
29.0
247.0
469.0
643.0
759.0
809.0
788.0
699.0
547.0
343.0
99.0
0.0
0.0
0.0
0.0
0.0
0.0
0.0
0.0
0.0
0.0
0.0
0.0
0.0
26.0
242.0
463.0
638.0
754.0
803.0
782.0
693.0
541.0
337.0
95.0
0.0
0.0
0.0
0.0
0.0
0.0
0.0
0.0
0.0
0.0
0.0
0.0
0.0
24.0
236.0
457.0
632.0
748.0
797.0
776.0
687.0
535.0
332.0
90.0
0.0
0.0
0.0
0.0
0.0
0.0
0.0
0.0
0.0
0.0
0.0
0.0
0.0
22.0
231.0
452.0
626.0
742.0
791.0
770.0
681.0
530.0
326.0
86.0
0.0
0.0
0.0
0.0
0.0
0.0
0.0
0.0
0.0
0.0
0.0
0.0
0.0
20.0
225.0
446.0
620.0
736.0
785.0
765.0
676.0
525.0
321.0
82.0
0.0
0.0
0.0
0.0
0.0
0.0
0.0
0.0
0.0
0.0
0.0
0.0
0.0
18.0
220.0
441.0
615.0
730.0
780.0
759.0
670.0
519.0
316.0
78.0
0.0
0.0
0.0
0.0
0.0
0.0
0.0
0.0
0.0
0.0
0.0
0.0
0.0
16.0
215.0
435.0
609.0
725.0
774.0
753.0
665.0
514.0
311.0
75.0
0.0
0.0
0.0
0.0
0.0
0.0
0.0
0.0
0.0
0.0
0.0
0.0
0.0
14.0
209.0
430.0
603.0
719.0
768.0
748.0
660.0
509.0
306.0
71.0
0.0
0.0
0.0
0.0
0.0
0.0
0.0
0.0
0.0
0.0
0.0
0.0
0.0
13.0
204.0
424.0
598.0
713.0
763.0
743.0
654.0
504.0
302.0
68.0
0.0
0.0
0.0
0.0
0.0
0.0
0.0
0.0
0.0
0.0
0.0
0.0
0.0
11.0
199.0
419.0
592.0
708.0
757.0
737.0
649.0
499.0
297.0
65.0
0.0
0.0
0.0
0.0
0.0
0.0
0.0
0.0
0.0
0.0
0.0
0.0
0.0
10.0
193.0
413.0
587.0
702.0
752.0
732.0
644.0
494.0
293.0
62.0
0.0
0.0
0.0
0.0
0.0
0.0
0.0
0.0
0.0
0.0
0.0
0.0
0.0
8.0
188.0
408.0
581.0
697.0
746.0
727.0
639.0
490.0
288.0
59.0
0.0
0.0
0.0
0.0
0.0
0.0
0.0
0.0
0.0
0.0
0.0
0.0
0.0
7.0
183.0
402.0
576.0
691.0
741.0
722.0
634.0
485.0
284.0
56.0
0.0
0.0
0.0
0.0
0.0
0.0
0.0
0.0
0.0
0.0
0.0
0.0
0.0
6.0
177.0
397.0
570.0
686.0
736.0
717.0
630.0
481.0
280.0
54.0
0.0
0.0
0.0
0.0
0.0
0.0
0.0
0.0
0.0
0.0
0.0
0.0
0.0
5.0
172.0
392.0
565.0
681.0
731.0
712.0
625.0
476.0
276.0
51.0
0.0
0.0
0.0
0.0
0.0
0.0
0.0
0.0
0.0
0.0
0.0
0.0
0.0
4.0
167.0
386.0
560.0
675.0
726.0
707.0
620.0
472.0
272.0
49.0
0.0
0.0
0.0
0.0
0.0
0.0
0.0
0.0
0.0
0.0
0.0
0.0
0.0
3.0
162.0
381.0
554.0
670.0
721.0
702.0
616.0
468.0
269.0
47.0
0.0
0.0
0.0
0.0
0.0
0.0
0.0
0.0
0.0
0.0
0.0
0.0
0.0
2.0
157.0
376.0
549.0
665.0
716.0
698.0
612.0
464.0
265.0
45.0
0.0
0.0
0.0
0.0
0.0
0.0
0.0
0.0
0.0
0.0
0.0
0.0
0.0
2.0
152.0
371.0
544.0
660.0
711.0
693.0
608.0
460.0
262.0
43.0
0.0
0.0
0.0
0.0
0.0
0.0
0.0
0.0
0.0
0.0
0.0
0.0
0.0
1.0
147.0
366.0
539.0
655.0
706.0
689.0
604.0
457.0
258.0
41.0
0.0
0.0
0.0
0.0
0.0
0.0
0.0
0.0
0.0
0.0
0.0
0.0
0.0
1.0
142.0
361.0
534.0
650.0
702.0
684.0
600.0
453.0
255.0
40.0
0.0
0.0
0.0
0.0
0.0
0.0
0.0
0.0
0.0
0.0
0.0
0.0
0.0
0.0
137.0
356.0
529.0
646.0
697.0
680.0
596.0
450.0
252.0
38.0
0.0
0.0
0.0
0.0
0.0
0.0
0.0
0.0
0.0
0.0
0.0
0.0
0.0
0.0
132.0
351.0
524.0
641.0
693.0
676.0
592.0
447.0
249.0
37.0
0.0
0.0
0.0
0.0
0.0
0.0
0.0
0.0
0.0
0.0
0.0
0.0
0.0
0.0
127.0
346.0
520.0
637.0
689.0
672.0
589.0
443.0
247.0
36.0
0.0
0.0
0.0
0.0
0.0
0.0
0.0
0.0
0.0
0.0
0.0
0.0
0.0
0.0
123.0
341.0
515.0
632.0
684.0
668.0
585.0
440.0
244.0
34.0
0.0
0.0
0.0
0.0
0.0
0.0
0.0
0.0
0.0
0.0
0.0
0.0
0.0
0.0
114.0
337.0
511.0
628.0
680.0
665.0
582.0
438.0
242.0
33.0
0.0
0.0
0.0
0.0
0.0
0.0
0.0
0.0
0.0
0.0
0.0
0.0
0.0
0.0
110.0
332.0
506.0
624.0
676.0
661.0
579.0
435.0
239.0
32.0
0.0
0.0
0.0
0.0
0.0
0.0
0.0
0.0
0.0
0.0
0.0
0.0
0.0
0.0
106.0
328.0
502.0
619.0
673.0
658.0
576.0
432.0
237.0
31.0
0.0
0.0
0.0
0.0
0.0
0.0
0.0
0.0
0.0
0.0
0.0
0.0
0.0
0.0
102.0
323.0
498.0
615.0
669.0
654.0
573.0
430.0
235.0
31.0
0.0
0.0
0.0
0.0
0.0
0.0
0.0
0.0
0.0
0.0
0.0
0.0
0.0
0.0
98.0
319.0
493.0
612.0
665.0
651.0
570.0
428.0
234.0
30.0
0.0
0.0
0.0
0.0
0.0
0.0
0.0
0.0
0.0
0.0
0.0
0.0
0.0
0.0
94.0
315.0
489.0
608.0
662.0
648.0
568.0
426.0
232.0
29.0
0.0
0.0
0.0
0.0
0.0
0.0
0.0
0.0
0.0
0.0
0.0
0.0
0.0
0.0
90.0
311.0
485.0
604.0
659.0
645.0
565.0
424.0
230.0
29.0
0.0
0.0
0.0
0.0
0.0
0.0
0.0
0.0
0.0
0.0
0.0
0.0
0.0
0.0
87.0
307.0
482.0
601.0
656.0
643.0
563.0
422.0
229.0
28.0
0.0
0.0
0.0
0.0
0.0
0.0
0.0
0.0
0.0
0.0
0.0
0.0
0.0
0.0
83.0
303.0
478.0
597.0
653.0
640.0
561.0
420.0
228.0
28.0
0.0
0.0
0.0
0.0
0.0
0.0
0.0
0.0
0.0
0.0
0.0
0.0
0.0
0.0
80.0
299.0
474.0
594.0
650.0
638.0
559.0
419.0
227.0
27.0
0.0
0.0
0.0
0.0
0.0
0.0
0.0
0.0
0.0
0.0
0.0
0.0
0.0
0.0
77.0
295.0
471.0
591.0
647.0
635.0
557.0
418.0
226.0
27.0
0.0
0.0
0.0
0.0
0.0
0.0
0.0
0.0
0.0
0.0
0.0
0.0
0.0
0.0
74.0
292.0
467.0
588.0
644.0
633.0
556.0
416.0
225.0
27.0
0.0
0.0
0.0
0.0
0.0
0.0
0.0
0.0
0.0
0.0
0.0
0.0
0.0
0.0
71.0
288.0
464.0
585.0
642.0
631.0
554.0
415.0
225.0
26.0
0.0
0.0
0.0
0.0
0.0
0.0
0.0
0.0
0.0
0.0
0.0
0.0
0.0
0.0
68.0
285.0
461.0
582.0
640.0
630.0
553.0
415.0
224.0
26.0
0.0
0.0
0.0
0.0
0.0
0.0
0.0
0.0
0.0
0.0
0.0
0.0
0.0
0.0
66.0
282.0
458.0
579.0
637.0
628.0
552.0
414.0
224.0
26.0
0.0
0.0
0.0
0.0
0.0
0.0
0.0
0.0
0.0
0.0
0.0
0.0
0.0
0.0
63.0
278.0
455.0
577.0
635.0
626.0
551.0
413.0
224.0
26.0
0.0
0.0
0.0
0.0
0.0
0.0
0.0
0.0
0.0
0.0
0.0
0.0
0.0
0.0
61.0
275.0
453.0
575.0
633.0
625.0
550.0
413.0
224.0
27.0
0.0
0.0
0.0
0.0
0.0
0.0
0.0
0.0
0.0
0.0
0.0
0.0
0.0
0.0
59.0
273.0
450.0
572.0
632.0
624.0
549.0
413.0
224.0
27.0
0.0
0.0
0.0
0.0
0.0
0.0
0.0
0.0
0.0
0.0
0.0
0.0
0.0
0.0
57.0
270.0
448.0
570.0
630.0
623.0
548.0
413.0
224.0
27.0
0.0
0.0
0.0
0.0
0.0
0.0
0.0
0.0
0.0
0.0
0.0
0.0
0.0
0.0
55.0
267.0
445.0
569.0
629.0
622.0
548.0
413.0
225.0
27.0
0.0
0.0
0.0
0.0
0.0
0.0
0.0
0.0
0.0
0.0
0.0
0.0
0.0
0.0
53.0
265.0
443.0
567.0
628.0
621.0
548.0
413.0
225.0
28.0
0.0
0.0
0.0
0.0
0.0
0.0
0.0
0.0
0.0
0.0
0.0
0.0
0.0
0.0
52.0
262.0
441.0
565.0
626.0
621.0
548.0
413.0
226.0
28.0
0.0
0.0
0.0
0.0
0.0
0.0
0.0
0.0
0.0
0.0
0.0
0.0
0.0
0.0
50.0
260.0
439.0
564.0
626.0
620.0
548.0
414.0
227.0
29.0
0.0
0.0
0.0
0.0
0.0
0.0
0.0
0.0
0.0
0.0
0.0
0.0
0.0
0.0
48.0
258.0
437.0
563.0
625.0
620.0
548.0
415.0
228.0
29.0
0.0
0.0
0.0
0.0
0.0
0.0
0.0
0.0
0.0
0.0
0.0
0.0
0.0
0.0
47.0
256.0
436.0
561.0
624.0
620.0
549.0
415.0
229.0
30.0
0.0
0.0
0.0
0.0
0.0
0.0
0.0
0.0
0.0
0.0
0.0
0.0
0.0
0.0
46.0
254.0
434.0
560.0
624.0
620.0
549.0
417.0
231.0
31.0
0.0
0.0
0.0
0.0
0.0
0.0
0.0
0.0
0.0
0.0
0.0
0.0
0.0
0.0
45.0
253.0
433.0
560.0
623.0
620.0
550.0
418.0
232.0
32.0
0.0
0.0
0.0
0.0
0.0
0.0
0.0
0.0
0.0
0.0
0.0
0.0
0.0
0.0
44.0
251.0
432.0
559.0
623.0
620.0
551.0
419.0
234.0
33.0
0.0
0.0
0.0
0.0
0.0
0.0
0.0
0.0
0.0
0.0
0.0
0.0
0.0
0.0
43.0
250.0
431.0
558.0
623.0
621.0
552.0
421.0
236.0
34.0
0.0
0.0
0.0
0.0
0.0
0.0
0.0
0.0
0.0
0.0
0.0
0.0
0.0
0.0
42.0
248.0
430.0
558.0
623.0
622.0
553.0
422.0
238.0
35.0
0.0
0.0
0.0
0.0
0.0
0.0
0.0
0.0
0.0
0.0
0.0
0.0
0.0
0.0
41.0
247.0
430.0
558.0
624.0
623.0
554.0
424.0
240.0
36.0
0.0
0.0
0.0
0.0
0.0
0.0
0.0
0.0
0.0
0.0
0.0
0.0
0.0
0.0
40.0
246.0
429.0
558.0
624.0
624.0
556.0
426.0
242.0
38.0
0.0
0.0
0.0
0.0
0.0
0.0
0.0
0.0
0.0
0.0
0.0
0.0
0.0
0.0
40.0
245.0
429.0
558.0
625.0
625.0
558.0
428.0
245.0
39.0
0.0
0.0
0.0
0.0
0.0
0.0
0.0
0.0
0.0
0.0
0.0
0.0
0.0
0.0
39.0
245.0
428.0
558.0
626.0
626.0
559.0
430.0
247.0
41.0
0.0
0.0
0.0
0.0
0.0
0.0
0.0
0.0
0.0
0.0
0.0
0.0
0.0
0.0
39.0
244.0
428.0
559.0
627.0
628.0
561.0
433.0
250.0
42.0
0.0
0.0
0.0
0.0
0.0
0.0
0.0
0.0
0.0
0.0
0.0
0.0
0.0
0.0
38.0
244.0
428.0
559.0
628.0
629.0
564.0
435.0
253.0
44.0
0.0
0.0
0.0
0.0
0.0
0.0
0.0
