0.0
0.0
0.0
0.0
0.0
0.0
0.0
4.0
73.0
151.0
222.0
270.0
261.0
202.0
142.0
68.0
2.0
0.0
0.0
0.0
0.0
0.0
0.0
0.0
0.0
0.0
0.0
0.0
0.0
0.0
0.0
4.0
109.0
263.0
366.0
422.0
402.0
361.0
260.0
136.0
6.0
0.0
0.0
0.0
0.0
0.0
0.0
0.0
0.0
0.0
0.0
0.0
0.0
0.0
0.0
5.0
95.0
241.0
289.0
360.0
398.0
343.0
324.0
138.0
8.0
0.0
0.0
0.0
0.0
0.0
0.0
0.0
0.0
0.0
0.0
0.0
0.0
0.0
0.0
6.0
150.0
301.0
414.0
477.0
486.0
427.0
314.0
162.0
9.0
0.0
0.0
0.0
0.0
0.0
0.0
0.0
0.0
0.0
0.0
0.0
0.0
0.0
0.0
6.0
141.0
244.0
333.0
405.0
383.0
366.0
300.0
146.0
12.0
0.0
0.0
0.0
0.0
0.0
0.0
0.0
0.0
0.0
0.0
0.0
0.0
0.0
0.0
2.0
105.0
199.0
269.0
298.0
321.0
297.0
222.0
98.0
6.0
0.0
0.0
0.0
0.0
0.0
0.0
0.0
0.0
0.0
0.0
0.0
0.0
0.0
0.0
2.0
96.0
165.0
201.0
197.0
236.0
210.0
130.0
114.0
14.0
0.0
0.0
0.0
0.0
0.0
0.0
0.0
0.0
0.0
0.0
0.0
0.0
0.0
0.0
6.0
146.0
298.0
419.0
484.0
488.0
435.0
328.0
177.0
14.0
0.0
0.0
0.0
0.0
0.0
0.0
0.0
0.0
0.0
0.0
0.0
0.0
0.0
0.0
6.0
137.0
276.0
391.0
450.0
455.0
378.0
273.0
140.0
10.0
0.0
0.0
0.0
0.0
0.0
0.0
0.0
0.0
0.0
0.0
0.0
0.0
0.0
0.0
2.0
85.0
182.0
242.0
247.0
274.0
233.0
213.0
100.0
3.0
0.0
0.0
0.0
0.0
0.0
0.0
0.0
0.0
0.0
0.0
0.0
0.0
0.0
0.0
5.0
122.0
184.0
314.0
427.0
414.0
405.0
304.0
167.0
18.0
0.0
0.0
0.0
0.0
0.0
0.0
0.0
0.0
0.0
0.0
0.0
0.0
0.0
0.0
4.0
86.0
167.0
242.0
268.0
237.0
211.0
179.0
98.0
3.0
0.0
0.0
0.0
0.0
0.0
0.0
0.0
0.0
0.0
0.0
0.0
0.0
0.0
0.0
7.0
159.0
330.0
302.0
208.0
98.0
218.0
251.0
174.0
5.0
0.0
0.0
0.0
0.0
0.0
0.0
0.0
0.0
0.0
0.0
0.0
0.0
0.0
0.0
7.0
129.0
277.0
342.0
396.0
391.0
393.0
292.0
173.0
23.0
0.0
0.0
0.0
0.0
0.0
0.0
0.0
0.0
0.0
0.0
0.0
0.0
0.0
0.0
2.0
114.0
193.0
453.0
510.0
125.0
267.0
27.0
21.0
4.0
0.0
0.0
0.0
0.0
0.0
0.0
0.0
0.0
0.0
0.0
0.0
0.0
0.0
0.0
2.0
44.0
79.0
119.0
98.0
44.0
395.0
306.0
166.0
16.0
0.0
0.0
0.0
0.0
0.0
0.0
0.0
0.0
0.0
0.0
0.0
0.0
0.0
0.0
9.0
130.0
309.0
318.0
397.0
426.0
236.0
234.0
154.0
13.0
0.0
0.0
0.0
0.0
0.0
0.0
0.0
0.0
0.0
0.0
0.0
0.0
0.0
0.0
2.0
98.0
210.0
310.0
382.0
426.0
412.0
301.0
181.0
25.0
0.0
0.0
0.0
0.0
0.0
0.0
0.0
0.0
0.0
0.0
0.0
0.0
0.0
0.0
3.0
109.0
243.0
270.0
251.0
308.0
406.0
332.0
235.0
48.0
0.0
0.0
0.0
0.0
0.0
0.0
0.0
0.0
0.0
0.0
0.0
0.0
0.0
0.0
2.0
70.0
176.0
265.0
281.0
280.0
260.0
180.0
101.0
5.0
0.0
0.0
0.0
0.0
0.0
0.0
0.0
0.0
0.0
0.0
0.0
0.0
0.0
0.0
8.0
158.0
316.0
440.0
509.0
518.0
470.0
359.0
209.0
28.0
0.0
0.0
0.0
0.0
0.0
0.0
0.0
0.0
0.0
0.0
0.0
0.0
0.0
0.0
9.0
168.0
332.0
458.0
527.0
535.0
484.0
378.0
228.0
35.0
0.0
0.0
0.0
0.0
0.0
0.0
0.0
0.0
0.0
0.0
0.0
0.0
0.0
0.0
2.0
95.0
205.0
293.0
198.0
248.0
156.0
191.0
139.0
50.0
0.0
0.0
0.0
0.0
0.0
0.0
0.0
0.0
0.0
0.0
0.0
0.0
0.0
0.0
3.0
90.0
198.0
286.0
357.0
370.0
324.0
257.0
155.0
47.0
0.0
0.0
0.0
0.0
0.0
0.0
0.0
0.0
0.0
0.0
0.0
0.0
0.0
0.0
3.0
77.0
143.0
209.0
236.0
248.0
226.0
168.0
91.0
33.0
0.0
0.0
0.0
0.0
0.0
0.0
0.0
0.0
0.0
0.0
0.0
0.0
0.0
0.0
3.0
43.0
120.0
500.0
590.0
153.0
277.0
190.0
21.0
7.0
0.0
0.0
0.0
0.0
0.0
0.0
0.0
0.0
0.0
0.0
0.0
0.0
0.0
0.0
21.0
83.0
160.0
38.0
81.0
52.0
476.0
390.0
118.0
46.0
0.0
0.0
0.0
0.0
0.0
0.0
0.0
0.0
0.0
0.0
0.0
0.0
0.0
0.0
34.0
165.0
257.0
504.0
452.0
115.0
40.0
31.0
80.0
38.0
0.0
0.0
0.0
0.0
0.0
0.0
0.0
0.0
0.0
0.0
0.0
0.0
0.0
0.0
6.0
96.0
193.0
270.0
257.0
400.0
381.0
326.0
219.0
93.0
0.0
0.0
0.0
0.0
0.0
0.0
0.0
0.0
0.0
0.0
0.0
0.0
0.0
0.0
14.0
156.0
278.0
335.0
482.0
471.0
486.0
328.0
210.0
70.0
0.0
0.0
0.0
0.0
0.0
0.0
0.0
0.0
0.0
0.0
0.0
0.0
0.0
0.0
3.0
74.0
158.0
221.0
307.0
257.0
308.0
255.0
109.0
47.0
0.0
0.0
0.0
0.0
0.0
0.0
0.0
0.0
0.0
0.0
0.0
0.0
0.0
0.0
5.0
37.0
93.0
225.0
298.0
272.0
289.0
272.0
266.0
73.0
2.0
0.0
0.0
0.0
0.0
0.0
0.0
0.0
0.0
0.0
0.0
0.0
0.0
0.0
13.0
159.0
291.0
398.0
461.0
470.0
428.0
337.0
213.0
79.0
0.0
0.0
0.0
0.0
0.0
0.0
0.0
0.0
0.0
0.0
0.0
0.0
0.0
0.0
14.0
155.0
277.0
390.0
452.0
455.0
407.0
322.0
200.0
73.0
0.0
0.0
0.0
0.0
0.0
0.0
0.0
0.0
0.0
0.0
0.0
0.0
0.0
0.0
16.0
178.0
332.0
462.0
534.0
543.0
490.0
387.0
252.0
96.0
1.0
0.0
0.0
0.0
0.0
0.0
0.0
0.0
0.0
0.0
0.0
0.0
0.0
0.0
20.0
197.0
361.0
483.0
558.0
574.0
522.0
414.0
268.0
105.0
1.0
0.0
0.0
0.0
0.0
0.0
0.0
0.0
0.0
0.0
0.0
0.0
0.0
0.0
19.0
183.0
338.0
456.0
522.0
555.0
523.0
411.0
267.0
102.0
1.0
0.0
0.0
0.0
0.0
0.0
0.0
0.0
0.0
0.0
0.0
0.0
0.0
0.0
6.0
86.0
139.0
199.0
162.0
355.0
422.0
386.0
292.0
116.0
3.0
0.0
0.0
0.0
0.0
0.0
0.0
0.0
0.0
0.0
0.0
0.0
0.0
0.0
21.0
180.0
338.0
453.0
466.0
502.0
475.0
401.0
248.0
101.0
1.0
0.0
0.0
0.0
0.0
0.0
0.0
0.0
0.0
0.0
0.0
0.0
0.0
0.0
23.0
209.0
371.0
491.0
565.0
582.0
526.0
422.0
282.0
120.0
2.0
0.0
0.0
0.0
0.0
0.0
0.0
0.0
0.0
0.0
0.0
0.0
0.0
0.0
27.0
170.0
291.0
394.0
421.0
447.0
387.0
346.0
230.0
103.0
1.0
0.0
0.0
0.0
0.0
0.0
0.0
0.0
0.0
0.0
0.0
0.0
0.0
0.0
27.0
182.0
335.0
449.0
540.0
501.0
407.0
397.0
279.0
136.0
5.0
0.0
0.0
0.0
0.0
0.0
0.0
0.0
0.0
0.0
0.0
0.0
0.0
0.0
31.0
216.0
377.0
499.0
582.0
586.0
541.0
438.0
291.0
128.0
2.0
0.0
0.0
0.0
0.0
0.0
0.0
0.0
0.0
0.0
0.0
0.0
0.0
0.0
29.0
209.0
377.0
495.0
560.0
561.0
521.0
434.0
284.0
132.0
3.0
0.0
0.0
0.0
0.0
0.0
0.0
0.0
0.0
0.0
0.0
0.0
0.0
0.0
6.0
96.0
99.0
269.0
400.0
438.0
372.0
246.0
62.0
47.0
6.0
0.0
0.0
0.0
0.0
0.0
0.0
0.0
0.0
0.0
0.0
0.0
0.0
0.0
18.0
58.0
109.0
130.0
126.0
121.0
494.0
390.0
256.0
111.0
1.0
0.0
0.0
0.0
0.0
0.0
0.0
0.0
0.0
0.0
0.0
0.0
0.0
0.0
18.0
90.0
143.0
115.0
118.0
225.0
324.0
361.0
379.0
167.0
8.0
0.0
0.0
0.0
0.0
0.0
0.0
0.0
0.0
0.0
0.0
0.0
0.0
0.0
77.0
242.0
407.0
534.0
609.0
625.0
581.0
474.0
325.0
154.0
5.0
0.0
0.0
0.0
0.0
0.0
0.0
0.0
0.0
0.0
0.0
0.0
0.0
0.0
83.0
254.0
422.0
553.0
626.0
643.0
599.0
491.0
333.0
158.0
6.0
0.0
0.0
0.0
0.0
0.0
0.0
0.0
0.0
0.0
0.0
0.0
0.0
0.0
83.0
250.0
415.0
546.0
626.0
644.0
593.0
483.0
330.0
157.0
6.0
0.0
0.0
0.0
0.0
0.0
0.0
0.0
0.0
0.0
0.0
0.0
0.0
0.0
48.0
140.0
212.0
275.0
303.0
361.0
311.0
268.0
177.0
81.0
2.0
0.0
0.0
0.0
0.0
0.0
0.0
0.0
0.0
0.0
0.0
0.0
0.0
0.0
64.0
207.0
309.0
398.0
458.0
403.0
401.0
297.0
202.0
96.0
2.0
0.0
0.0
0.0
0.0
0.0
0.0
0.0
0.0
0.0
0.0
0.0
0.0
0.0
8.0
22.0
120.0
219.0
709.0
499.0
344.0
384.0
292.0
136.0
28.0
0.0
0.0
0.0
0.0
0.0
0.0
0.0
0.0
0.0
0.0
0.0
0.0
0.0
65.0
179.0
302.0
378.0
434.0
440.0
389.0
310.0
196.0
80.0
2.0
0.0
0.0
0.0
0.0
0.0
0.0
0.0
0.0
0.0
0.0
0.0
0.0
0.0
93.0
252.0
412.0
541.0
626.0
628.0
587.0
496.0
360.0
181.0
13.0
0.0
0.0
0.0
0.0
0.0
0.0
0.0
0.0
0.0
0.0
0.0
0.0
0.0
74.0
175.0
294.0
380.0
494.0
447.0
469.0
435.0
298.0
153.0
11.0
0.0
0.0
0.0
0.0
0.0
0.0
0.0
0.0
0.0
0.0
0.0
0.0
0.0
19.0
48.0
86.0
109.0
115.0
133.0
126.0
105.0
74.0
42.0
3.0
0.0
0.0
0.0
0.0
0.0
0.0
0.0
0.0
0.0
0.0
0.0
0.0
1.0
9.0
23.0
37.0
47.0
53.0
55.0
434.0
356.0
251.0
126.0
8.0
0.0
0.0
0.0
0.0
0.0
0.0
0.0
0.0
0.0
0.0
0.0
0.0
1.0
30.0
46.0
47.0
119.0
67.0
55.0
495.0
378.0
243.0
122.0
3.0
0.0
0.0
0.0
0.0
0.0
0.0
0.0
0.0
0.0
0.0
0.0
0.0
1.0
55.0
124.0
221.0
242.0
280.0
313.0
290.0
242.0
157.0
70.0
3.0
0.0
0.0
0.0
0.0
0.0
0.0
0.0
0.0
0.0
0.0
0.0
0.0
2.0
62.0
237.0
305.0
475.0
530.0
456.0
625.0
375.0
271.0
110.0
10.0
0.0
0.0
0.0
0.0
0.0
0.0
0.0
0.0
0.0
0.0
0.0
0.0
1.0
113.0
281.0
434.0
504.0
587.0
595.0
550.0
478.0
318.0
177.0
19.0
0.0
0.0
0.0
0.0
0.0
0.0
0.0
0.0
0.0
0.0
0.0
0.0
3.0
126.0
307.0
469.0
584.0
653.0
667.0
625.0
523.0
367.0
194.0
20.0
0.0
0.0
0.0
0.0
0.0
0.0
0.0
0.0
0.0
0.0
0.0
0.0
3.0
136.0
319.0
492.0
624.0
702.0
717.0
675.0
560.0
399.0
214.0
21.0
0.0
0.0
0.0
0.0
0.0
0.0
0.0
0.0
0.0
0.0
0.0
0.0
3.0
141.0
326.0
500.0
624.0
691.0
702.0
658.0
557.0
401.0
212.0
20.0
0.0
0.0
0.0
0.0
0.0
0.0
0.0
0.0
0.0
0.0
0.0
0.0
2.0
132.0
267.0
414.0
519.0
555.0
655.0
602.0
529.0
352.0
195.0
13.0
0.0
0.0
0.0
0.0
0.0
0.0
0.0
0.0
0.0
0.0
0.0
0.0
4.0
153.0
323.0
490.0
609.0
666.0
683.0
641.0
529.0
386.0
219.0
26.0
0.0
0.0
0.0
0.0
0.0
0.0
0.0
0.0
0.0
0.0
0.0
0.0
6.0
154.0
334.0
486.0
609.0
674.0
684.0
630.0
534.0
389.0
222.0
27.0
0.0
0.0
0.0
0.0
0.0
0.0
0.0
0.0
0.0
0.0
0.0
0.0
7.0
175.0
376.0
556.0
692.0
770.0
777.0
723.0
609.0
439.0
244.0
28.0
0.0
0.0
0.0
0.0
0.0
0.0
0.0
0.0
0.0
0.0
0.0
0.0
6.0
157.0
336.0
474.0
577.0
663.0
666.0
641.0
552.0
391.0
220.0
31.0
0.0
0.0
0.0
0.0
0.0
0.0
0.0
0.0
0.0
0.0
0.0
0.0
9.0
175.0
366.0
536.0
669.0
733.0
741.0
690.0
580.0
428.0
240.0
31.0
0.0
0.0
0.0
0.0
0.0
0.0
0.0
0.0
0.0
0.0
0.0
0.0
8.0
159.0
330.0
489.0
594.0
656.0
676.0
643.0
549.0
402.0
226.0
32.0
0.0
0.0
0.0
0.0
0.0
0.0
0.0
0.0
0.0
0.0
0.0
0.0
12.0
172.0
353.0
527.0
619.0
686.0
714.0
661.0
530.0
383.0
211.0
28.0
0.0
0.0
0.0
0.0
0.0
0.0
0.0
0.0
0.0
0.0
0.0
0.0
3.0
46.0
97.0
142.0
175.0
197.0
199.0
182.0
157.0
114.0
66.0
19.0
0.0
0.0
0.0
0.0
0.0
0.0
0.0
0.0
0.0
0.0
0.0
0.0
5.0
21.0
77.0
145.0
215.0
339.0
243.0
183.0
157.0
158.0
110.0
42.0
0.0
0.0
0.0
0.0
0.0
0.0
0.0
0.0
0.0
0.0
0.0
0.0
3.0
108.0
252.0
355.0
450.0
463.0
475.0
432.0
362.0
306.0
163.0
48.0
0.0
0.0
0.0
0.0
0.0
0.0
0.0
0.0
0.0
0.0
0.0
0.0
18.0
181.0
358.0
513.0
651.0
643.0
636.0
618.0
462.0
342.0
205.0
58.0
0.0
0.0
0.0
0.0
0.0
0.0
0.0
0.0
0.0
0.0
0.0
0.0
17.0
199.0
387.0
560.0
675.0
746.0
750.0
692.0
570.0
412.0
229.0
70.0
0.0
0.0
0.0
0.0
0.0
0.0
0.0
0.0
0.0
0.0
0.0
0.0
4.0
148.0
258.0
526.0
671.0
710.0
579.0
488.0
405.0
382.0
244.0
83.0
0.0
0.0
0.0
0.0
0.0
0.0
0.0
0.0
0.0
0.0
0.0
0.0
22.0
213.0
399.0
562.0
693.0
755.0
778.0
737.0
632.0
471.0
280.0
94.0
0.0
0.0
0.0
0.0
0.0
0.0
0.0
0.0
0.0
0.0
0.0
0.0
4.0
60.0
250.0
347.0
480.0
429.0
536.0
655.0
444.0
511.0
276.0
99.0
0.0
0.0
0.0
0.0
0.0
0.0
0.0
0.0
0.0
0.0
0.0
0.0
10.0
101.0
196.0
341.0
526.0
757.0
726.0
687.0
568.0
360.0
259.0
70.0
0.0
0.0
0.0
0.0
0.0
0.0
0.0
0.0
0.0
0.0
0.0
0.0
5.0
112.0
286.0
414.0
446.0
500.0
503.0
405.0
352.0
256.0
189.0
56.0
0.0
0.0
0.0
0.0
0.0
0.0
0.0
0.0
0.0
0.0
0.0
0.0
5.0
19.0
86.0
174.0
236.0
329.0
371.0
367.0
269.0
216.0
132.0
60.0
0.0
0.0
0.0
0.0
0.0
0.0
0.0
0.0
0.0
0.0
0.0
0.0
71.0
262.0
447.0
573.0
654.0
683.0
629.0
576.0
434.0
202.0
128.0
38.0
0.0
0.0
0.0
0.0
0.0
0.0
0.0
0.0
0.0
0.0
0.0
0.0
8.0
41.0
38.0
67.0
101.0
68.0
68.0
500.0
445.0
355.0
203.0
43.0
0.0
0.0
0.0
0.0
0.0
0.0
0.0
0.0
0.0
0.0
0.0
0.0
50.0
187.0
166.0
322.0
376.0
120.0
212.0
570.0
318.0
63.0
143.0
71.0
3.0
0.0
0.0
0.0
0.0
0.0
0.0
0.0
0.0
0.0
0.0
0.0
68.0
218.0
384.0
528.0
632.0
686.0
682.0
636.0
541.0
403.0
241.0
86.0
0.0
0.0
0.0
0.0
0.0
0.0
0.0
0.0
0.0
0.0
0.0
0.0
64.0
202.0
361.0
496.0
586.0
633.0
640.0
569.0
491.0
371.0
216.0
81.0
0.0
0.0
0.0
0.0
0.0
0.0
0.0
0.0
0.0
0.0
0.0
0.0
7.0
143.0
127.0
141.0
457.0
906.0
250.0
435.0
475.0
358.0
98.0
40.0
0.0
0.0
0.0
0.0
0.0
0.0
0.0
0.0
0.0
0.0
0.0
0.0
63.0
176.0
321.0
416.0
490.0
548.0
536.0
490.0
380.0
268.0
145.0
53.0
1.0
0.0
0.0
0.0
0.0
0.0
0.0
0.0
0.0
0.0
0.0
1.0
60.0
274.0
563.0
557.0
571.0
463.0
162.0
66.0
57.0
43.0
27.0
30.0
1.0
0.0
0.0
0.0
0.0
0.0
0.0
0.0
0.0
0.0
0.0
0.0
95.0
268.0
449.0
593.0
701.0
756.0
759.0
707.0
596.0
454.0
280.0
108.0
1.0
0.0
0.0
0.0
0.0
0.0
0.0
0.0
0.0
0.0
0.0
1.0
114.0
311.0
510.0
678.0
802.0
866.0
871.0
821.0
709.0
544.0
344.0
140.0
2.0
0.0
0.0
0.0
0.0
0.0
0.0
0.0
0.0
0.0
0.0
1.0
119.0
319.0
521.0
693.0
820.0
887.0
896.0
839.0
724.0
556.0
353.0
144.0
3.0
0.0
0.0
0.0
0.0
0.0
0.0
0.0
0.0
0.0
0.0
1.0
106.0
282.0
466.0
621.0
719.0
769.0
790.0
709.0
597.0
459.0
286.0
113.0
2.0
0.0
0.0
0.0
0.0
0.0
0.0
0.0
0.0
0.0
0.0
1.0
71.0
162.0
279.0
342.0
450.0
475.0
481.0
469.0
379.0
292.0
179.0
67.0
1.0
0.0
0.0
0.0
0.0
0.0
0.0
0.0
0.0
0.0
0.0
1.0
69.0
181.0
299.0
357.0
420.0
478.0
456.0
402.0
348.0
254.0
170.0
68.0
1.0
0.0
0.0
0.0
0.0
0.0
0.0
0.0
0.0
0.0
0.0
1.0
67.0
158.0
249.0
323.0
416.0
415.0
448.0
392.0
345.0
243.0
150.0
56.0
1.0
0.0
0.0
0.0
0.0
0.0
0.0
0.0
0.0
0.0
0.0
1.0
91.0
201.0
336.0
432.0
505.0
562.0
535.0
523.0
438.0
351.0
197.0
83.0
2.0
0.0
0.0
0.0
0.0
0.0
0.0
0.0
0.0
0.0
0.0
3.0
147.0
354.0
559.0
732.0
854.0
918.0
916.0
855.0
735.0
561.0
358.0
151.0
3.0
0.0
0.0
0.0
0.0
0.0
0.0
0.0
0.0
0.0
0.0
4.0
155.0
365.0
570.0
740.0
863.0
922.0
923.0
860.0
739.0
568.0
364.0
155.0
3.0
0.0
0.0
0.0
0.0
0.0
0.0
0.0
0.0
0.0
0.0
4.0
160.0
372.0
578.0
750.0
869.0
932.0
932.0
869.0
747.0
575.0
369.0
159.0
4.0
0.0
0.0
0.0
0.0
0.0
0.0
0.0
0.0
0.0
0.0
4.0
140.0
329.0
512.0
668.0
768.0
813.0
818.0
778.0
660.0
519.0
332.0
144.0
5.0
0.0
0.0
0.0
0.0
0.0
0.0
0.0
0.0
0.0
0.0
2.0
59.0
110.0
135.0
235.0
254.0
224.0
205.0
248.0
204.0
165.0
137.0
55.0
1.0
0.0
0.0
0.0
0.0
0.0
0.0
0.0
0.0
0.0
0.0
2.0
81.0
227.0
259.0
294.0
441.0
491.0
425.0
445.0
459.0
231.0
186.0
95.0
14.0
0.0
0.0
0.0
0.0
0.0
0.0
0.0
0.0
0.0
0.0
6.0
159.0
355.0
544.0
698.0
804.0
857.0
857.0
796.0
689.0
530.0
340.0
151.0
5.0
0.0
0.0
0.0
0.0
0.0
0.0
0.0
0.0
0.0
0.0
6.0
114.0
232.0
349.0
417.0
483.0
526.0
573.0
526.0
416.0
346.0
205.0
83.0
2.0
0.0
0.0
0.0
0.0
0.0
0.0
0.0
0.0
0.0
0.0
6.0
115.0
271.0
450.0
592.0
744.0
806.0
799.0
689.0
596.0
441.0
281.0
135.0
12.0
0.0
0.0
0.0
0.0
0.0
0.0
0.0
0.0
0.0
0.0
6.0
119.0
250.0
379.0
461.0
572.0
590.0
601.0
536.0
483.0
400.0
243.0
103.0
2.0
0.0
0.0
0.0
0.0
0.0
0.0
0.0
0.0
0.0
0.0
2.0
15.0
126.0
134.0
222.0
317.0
497.0
430.0
380.0
409.0
389.0
187.0
99.0
7.0
0.0
0.0
0.0
0.0
0.0
0.0
0.0
0.0
0.0
0.0
3.0
70.0
164.0
200.0
289.0
347.0
441.0
403.0
359.0
302.0
277.0
214.0
97.0
10.0
0.0
0.0
0.0
0.0
0.0
0.0
0.0
0.0
0.0
0.0
11.0
173.0
363.0
536.0
684.0
796.0
863.0
879.0
805.0
705.0
544.0
351.0
164.0
9.0
0.0
0.0
0.0
0.0
0.0
0.0
0.0
0.0
0.0
0.0
10.0
177.0
379.0
547.0
740.0
880.0
421.0
507.0
422.0
356.0
184.0
114.0
69.0
2.0
0.0
0.0
0.0
0.0
0.0
0.0
0.0
0.0
0.0
0.0
3.0
100.0
221.0
236.0
309.0
365.0
466.0
581.0
397.0
229.0
232.0
185.0
152.0
6.0
0.0
0.0
0.0
0.0
0.0
0.0
0.0
0.0
0.0
0.0
17.0
200.0
404.0
599.0
764.0
885.0
945.0
948.0
892.0
772.0
605.0
404.0
195.0
14.0
0.0
0.0
0.0
0.0
0.0
0.0
0.0
0.0
0.0
0.0
18.0
201.0
399.0
594.0
757.0
876.0
937.0
937.0
880.0
763.0
600.0
403.0
194.0
15.0
0.0
0.0
0.0
0.0
0.0
0.0
0.0
0.0
0.0
0.0
14.0
160.0
333.0
480.0
596.0
725.0
814.0
819.0
775.0
675.0
506.0
307.0
148.0
5.0
0.0
0.0
0.0
0.0
0.0
0.0
0.0
0.0
0.0
0.0
13.0
115.0
211.0
321.0
407.0
483.0
507.0
491.0
445.0
377.0
305.0
193.0
87.0
3.0
0.0
0.0
0.0
0.0
0.0
0.0
0.0
0.0
0.0
0.0
21.0
201.0
392.0
565.0
713.0
826.0
873.0
861.0
812.0
706.0
557.0
375.0
185.0
15.0
0.0
0.0
0.0
0.0
0.0
0.0
0.0
0.0
0.0
0.0
20.0
220.0
471.0
617.0
799.0
803.0
493.0
518.0
604.0
491.0
400.0
296.0
134.0
6.0
0.0
0.0
0.0
0.0
0.0
0.0
0.0
0.0
0.0
0.0
18.0
185.0
277.0
472.0
640.0
769.0
793.0
748.0
691.0
519.0
460.0
366.0
168.0
21.0
0.0
0.0
0.0
0.0
0.0
0.0
0.0
0.0
0.0
0.0
27.0
222.0
413.0
595.0
746.0
848.0
900.0
898.0
836.0
722.0
558.0
370.0
184.0
13.0
0.0
0.0
0.0
0.0
0.0
0.0
0.0
0.0
0.0
0.0
20.0
129.0
222.0
322.0
386.0
449.0
464.0
458.0
457.0
416.0
295.0
187.0
81.0
4.0
0.0
0.0
0.0
0.0
0.0
0.0
0.0
0.0
0.0
0.0
45.0
213.0
204.0
634.0
742.0
1011.0
746.0
121.0
73.0
64.0
50.0
34.0
17.0
4.0
0.0
0.0
0.0
0.0
0.0
0.0
0.0
0.0
0.0
0.0
6.0
92.0
54.0
207.0
257.0
441.0
472.0
396.0
246.0
213.0
217.0
111.0
62.0
24.0
0.0
0.0
0.0
0.0
0.0
0.0
0.0
0.0
0.0
0.0
58.0
211.0
389.0
568.0
729.0
823.0
858.0
837.0
791.0
691.0
547.0
372.0
189.0
22.0
0.0
0.0
0.0
0.0
0.0
0.0
0.0
0.0
0.0
0.0
60.0
218.0
328.0
469.0
655.0
692.0
634.0
821.0
651.0
342.0
375.0
242.0
154.0
35.0
0.0
0.0
0.0
0.0
0.0
0.0
0.0
0.0
0.0
0.0
72.0
242.0
441.0
628.0
787.0
900.0
952.0
949.0
893.0
777.0
616.0
425.0
224.0
27.0
0.0
0.0
0.0
0.0
0.0
0.0
0.0
0.0
0.0
0.0
67.0
232.0
427.0
602.0
730.0
834.0
886.0
881.0
820.0
707.0
558.0
381.0
194.0
23.0
0.0
0.0
0.0
0.0
0.0
0.0
0.0
0.0
0.0
0.0
67.0
215.0
399.0
577.0
721.0
792.0
861.0
875.0
798.0
698.0
543.0
367.0
197.0
25.0
0.0
0.0
0.0
0.0
0.0
0.0
0.0
0.0
0.0
0.0
21.0
148.0
186.0
171.0
310.0
370.0
366.0
558.0
468.0
708.0
609.0
482.0
193.0
57.0
0.0
0.0
0.0
0.0
0.0
0.0
0.0
0.0
0.0
0.0
7.0
107.0
396.0
479.0
315.0
445.0
486.0
722.0
484.0
423.0
340.0
55.0
35.0
6.0
0.0
0.0
0.0
0.0
0.0
0.0
0.0
0.0
0.0
0.0
35.0
138.0
268.0
442.0
395.0
566.0
656.0
483.0
581.0
506.0
455.0
254.0
108.0
5.0
0.0
0.0
0.0
0.0
0.0
0.0
0.0
0.0
0.0
0.0
22.0
93.0
39.0
87.0
168.0
135.0
447.0
571.0
604.0
492.0
421.0
363.0
148.0
55.0
0.0
0.0
0.0
0.0
0.0
0.0
0.0
0.0
0.0
0.0
90.0
285.0
506.0
693.0
741.0
879.0
650.0
431.0
397.0
278.0
315.0
199.0
147.0
7.0
0.0
0.0
0.0
0.0
0.0
0.0
0.0
0.0
0.0
0.0
7.0
39.0
456.0
376.0
626.0
510.0
492.0
491.0
583.0
565.0
335.0
308.0
64.0
5.0
0.0
0.0
0.0
0.0
0.0
0.0
0.0
0.0
0.0
0.0
87.0
260.0
454.0
632.0
777.0
882.0
931.0
916.0
864.0
750.0
594.0
415.0
228.0
68.0
0.0
0.0
0.0
0.0
0.0
0.0
0.0
0.0
0.0
0.0
87.0
253.0
442.0
619.0
764.0
870.0
927.0
930.0
870.0
759.0
606.0
428.0
235.0
71.0
0.0
0.0
0.0
0.0
0.0
0.0
0.0
0.0
0.0
0.0
97.0
292.0
534.0
615.0
716.0
780.0
649.0
641.0
424.0
213.0
150.0
158.0
106.0
30.0
0.0
0.0
0.0
0.0
0.0
0.0
0.0
0.0
0.0
1.0
87.0
248.0
439.0
608.0
744.0
843.0
885.0
883.0
832.0
732.0
587.0
413.0
227.0
70.0
0.0
0.0
0.0
0.0
0.0
0.0
0.0
0.0
0.0
0.0
83.0
223.0
374.0
540.0
677.0
787.0
829.0
897.0
832.0
731.0
582.0
403.0
228.0
74.0
0.0
0.0
0.0
0.0
0.0
0.0
0.0
0.0
0.0
1.0
98.0
278.0
478.0
665.0
821.0
928.0
980.0
976.0
920.0
808.0
648.0
458.0
258.0
83.0
0.0
0.0
0.0
0.0
0.0
0.0
0.0
0.0
0.0
1.0
104.0
288.0
488.0
674.0
830.0
939.0
991.0
987.0
926.0
813.0
659.0
469.0
266.0
86.0
0.0
0.0
0.0
0.0
0.0
0.0
0.0
0.0
0.0
0.0
94.0
257.0
464.0
569.0
643.0
762.0
346.0
516.0
494.0
469.0
309.0
287.0
234.0
95.0
2.0
0.0
0.0
0.0
0.0
0.0
0.0
0.0
0.0
1.0
102.0
277.0
466.0
639.0
780.0
879.0
928.0
925.0
870.0
764.0
616.0
440.0
253.0
84.0
0.0
0.0
0.0
0.0
0.0
0.0
0.0
0.0
0.0
1.0
99.0
266.0
450.0
619.0
758.0
855.0
903.0
898.0
844.0
741.0
600.0
426.0
244.0
81.0
0.0
0.0
0.0
0.0
0.0
0.0
0.0
0.0
0.0
1.0
106.0
286.0
485.0
669.0
819.0
924.0
976.0
973.0
913.0
800.0
644.0
456.0
259.0
86.0
0.0
0.0
0.0
0.0
0.0
0.0
0.0
0.0
0.0
1.0
103.0
279.0
472.0
655.0
805.0
917.0
974.0
974.0
915.0
809.0
653.0
464.0
267.0
92.0
1.0
0.0
0.0
0.0
0.0
0.0
0.0
0.0
0.0
1.0
101.0
275.0
470.0
647.0
793.0
890.0
943.0
943.0
884.0
782.0
643.0
456.0
263.0
92.0
1.0
0.0
0.0
0.0
0.0
0.0
0.0
0.0
0.0
2.0
106.0
293.0
531.0
664.0
803.0
966.0
565.0
499.0
448.0
395.0
319.0
211.0
102.0
35.0
0.0
0.0
0.0
0.0
0.0
0.0
0.0
0.0
0.0
1.0
91.0
241.0
408.0
563.0
691.0
777.0
818.0
813.0
764.0
672.0
538.0
380.0
215.0
75.0
0.0
0.0
0.0
0.0
0.0
0.0
0.0
0.0
0.0
1.0
28.0
69.0
105.0
147.0
175.0
230.0
232.0
233.0
181.0
188.0
119.0
82.0
45.0
18.0
0.0
0.0
0.0
0.0
0.0
0.0
0.0
0.0
0.0
1.0
28.0
64.0
121.0
162.0
194.0
238.0
216.0
246.0
209.0
194.0
135.0
76.0
33.0
14.0
0.0
0.0
0.0
0.0
0.0
0.0
0.0
0.0
0.0
2.0
110.0
283.0
476.0
651.0
795.0
899.0
946.0
940.0
880.0
780.0
630.0
455.0
265.0
95.0
1.0
0.0
0.0
0.0
0.0
0.0
0.0
0.0
0.0
1.0
81.0
220.0
368.0
495.0
614.0
674.0
711.0
712.0
683.0
612.0
498.0
352.0
200.0
73.0
0.0
0.0
0.0
0.0
0.0
0.0
0.0
0.0
0.0
2.0
107.0
279.0
471.0
652.0
791.0
896.0
939.0
934.0
871.0
761.0
616.0
439.0
255.0
92.0
1.0
0.0
0.0
0.0
0.0
0.0
0.0
0.0
0.0
2.0
108.0
280.0
469.0
641.0
789.0
888.0
939.0
936.0
874.0
768.0
617.0
444.0
255.0
91.0
1.0
0.0
0.0
0.0
0.0
0.0
0.0
0.0
0.0
2.0
118.0
302.0
502.0
688.0
840.0
948.0
1002.0
996.0
942.0
831.0
677.0
490.0
290.0
108.0
1.0
0.0
0.0
0.0
0.0
0.0
0.0
0.0
0.0
2.0
90.0
232.0
392.0
534.0
664.0
733.0
769.0
765.0
723.0
636.0
523.0
371.0
211.0
75.0
1.0
0.0
0.0
0.0
0.0
0.0
0.0
0.0
0.0
6.0
130.0
236.0
402.0
456.0
464.0
241.0
366.0
430.0
301.0
148.0
456.0
362.0
150.0
60.0
3.0
0.0
0.0
0.0
0.0
0.0
0.0
0.0
0.0
1.0
90.0
258.0
430.0
609.0
657.0
776.0
688.0
712.0
643.0
597.0
557.0
383.0
229.0
88.0
2.0
0.0
0.0
0.0
0.0
0.0
0.0
0.0
0.0
1.0
58.0
154.0
277.0
356.0
444.0
465.0
489.0
479.0
498.0
449.0
340.0
230.0
151.0
57.0
1.0
0.0
0.0
0.0
0.0
0.0
0.0
0.0
0.0
3.0
115.0
294.0
488.0
662.0
813.0
929.0
530.0
550.0
511.0
453.0
365.0
254.0
150.0
56.0
1.0
0.0
0.0
0.0
0.0
0.0
0.0
0.0
0.0
2.0
112.0
280.0
464.0
634.0
769.0
869.0
914.0
903.0
855.0
764.0
624.0
458.0
270.0
101.0
1.0
0.0
0.0
0.0
0.0
0.0
0.0
0.0
0.0
2.0
97.0
256.0
436.0
574.0
704.0
819.0
867.0
858.0
809.0
718.0
597.0
428.0
258.0
103.0
3.0
0.0
0.0
0.0
0.0
0.0
0.0
0.0
0.0
2.0
114.0
295.0
492.0
677.0
828.0
940.0
992.0
997.0
944.0
836.0
681.0
496.0
297.0
114.0
2.0
0.0
0.0
0.0
0.0
0.0
0.0
0.0
0.0
2.0
114.0
290.0
481.0
662.0
805.0
908.0
965.0
969.0
910.0
805.0
662.0
482.0
289.0
113.0
2.0
0.0
0.0
0.0
0.0
0.0
0.0
0.0
0.0
2.0
111.0
285.0
479.0
662.0
807.0
906.0
957.0
951.0
894.0
785.0
639.0
460.0
271.0
103.0
1.0
0.0
0.0
0.0
0.0
0.0
0.0
0.0
0.0
2.0
95.0
257.0
429.0
579.0
676.0
751.0
840.0
829.0
807.0
726.0
608.0
439.0
262.0
106.0
3.0
0.0
0.0
0.0
0.0
0.0
0.0
0.0
0.0
2.0
109.0
282.0
471.0
648.0
793.0
901.0
960.0
963.0
916.0
813.0
667.0
488.0
296.0
118.0
3.0
0.0
0.0
0.0
0.0
0.0
0.0
0.0
0.0
2.0
106.0
275.0
460.0
636.0
779.0
884.0
932.0
935.0
886.0
778.0
628.0
455.0
268.0
104.0
2.0
0.0
0.0
0.0
0.0
0.0
0.0
0.0
0.0
2.0
103.0
269.0
459.0
630.0
774.0
869.0
922.0
920.0
871.0
775.0
637.0
468.0
283.0
112.0
3.0
0.0
0.0
0.0
0.0
0.0
0.0
0.0
0.0
2.0
96.0
254.0
436.0
602.0
734.0
829.0
882.0
893.0
852.0
745.0
610.0
438.0
266.0
107.0
3.0
0.0
0.0
0.0
0.0
0.0
0.0
0.0
0.0
2.0
97.0
258.0
438.0
603.0
739.0
831.0
881.0
904.0
865.0
769.0
638.0
461.0
279.0
112.0
3.0
0.0
0.0
0.0
0.0
0.0
0.0
0.0
0.0
1.0
82.0
191.0
322.0
485.0
592.0
678.0
725.0
808.0
766.0
685.0
592.0
417.0
252.0
95.0
2.0
0.0
0.0
0.0
0.0
0.0
0.0
0.0
0.0
1.0
44.0
131.0
359.0
441.0
358.0
409.0
144.0
197.0
198.0
272.0
237.0
105.0
76.0
35.0
1.0
0.0
0.0
0.0
0.0
0.0
0.0
0.0
0.0
2.0
93.0
247.0
423.0
604.0
750.0
837.0
896.0
898.0
837.0
746.0
611.0
438.0
262.0
104.0
2.0
0.0
0.0
0.0
0.0
0.0
0.0
0.0
0.0
2.0
108.0
287.0
486.0
672.0
823.0
934.0
994.0
998.0
943.0
834.0
683.0
501.0
302.0
121.0
3.0
0.0
0.0
0.0
0.0
0.0
0.0
0.0
0.0
2.0
106.0
279.0
473.0
656.0
810.0
923.0
978.0
976.0
925.0
818.0
673.0
494.0
299.0
120.0
3.0
0.0
0.0
0.0
0.0
0.0
0.0
0.0
0.0
1.0
97.0
261.0
445.0
619.0
766.0
878.0
936.0
939.0
896.0
802.0
659.0
486.0
296.0
119.0
3.0
0.0
0.0
0.0
0.0
0.0
0.0
0.0
0.0
1.0
97.0
264.0
448.0
625.0
765.0
874.0
921.0
923.0
876.0
777.0
634.0
458.0
275.0
110.0
2.0
0.0
0.0
0.0
0.0
0.0
0.0
0.0
0.0
1.0
79.0
214.0
362.0
518.0
680.0
775.0
791.0
806.0
729.0
673.0
568.0
414.0
256.0
108.0
3.0
0.0
0.0
0.0
0.0
0.0
0.0
0.0
0.0
1.0
91.0
239.0
397.0
551.0
600.0
711.0
710.0
760.0
771.0
711.0
600.0
468.0
274.0
116.0
5.0
0.0
0.0
0.0
0.0
0.0
0.0
0.0
0.0
1.0
88.0
245.0
415.0
582.0
730.0
812.0
790.0
774.0
698.0
625.0
539.0
391.0
225.0
98.0
1.0
0.0
0.0
0.0
0.0
0.0
0.0
0.0
0.0
1.0
83.0
227.0
398.0
535.0
652.0
763.0
794.0
790.0
767.0
676.0
556.0
397.0
235.0
89.0
1.0
0.0
0.0
0.0
0.0
0.0
0.0
0.0
0.0
1.0
98.0
266.0
457.0
631.0
783.0
889.0
946.0
951.0
905.0
810.0
665.0
487.0
296.0
119.0
3.0
0.0
0.0
0.0
0.0
0.0
0.0
0.0
0.0
1.0
85.0
227.0
389.0
549.0
671.0
760.0
785.0
751.0
718.0
634.0
481.0
365.0
219.0
84.0
1.0
0.0
0.0
0.0
0.0
0.0
0.0
0.0
0.0
1.0
103.0
286.0
486.0
674.0
829.0
942.0
997.0
1000.0
947.0
842.0
692.0
506.0
306.0
121.0
2.0
0.0
0.0
0.0
0.0
0.0
0.0
0.0
0.0
1.0
92.0
261.0
451.0
632.0
784.0
893.0
948.0
945.0
900.0
799.0
654.0
479.0
286.0
112.0
2.0
0.0
0.0
0.0
0.0
0.0
0.0
0.0
0.0
0.0
82.0
222.0
390.0
541.0
671.0
762.0
833.0
836.0
800.0
708.0
588.0
420.0
253.0
95.0
1.0
0.0
0.0
0.0
0.0
0.0
0.0
0.0
0.0
0.0
78.0
233.0
411.0
565.0
702.0
791.0
839.0
867.0
826.0
740.0
606.0
427.0
254.0
97.0
1.0
0.0
0.0
0.0
0.0
0.0
0.0
0.0
0.0
1.0
94.0
276.0
477.0
669.0
820.0
914.0
570.0
580.0
559.0
489.0
394.0
292.0
172.0
67.0
1.0
0.0
0.0
0.0
0.0
0.0
0.0
0.0
0.0
0.0
81.0
243.0
422.0
595.0
745.0
845.0
895.0
895.0
849.0
763.0
622.0
451.0
273.0
104.0
2.0
0.0
0.0
0.0
0.0
0.0
0.0
0.0
0.0
1.0
96.0
285.0
503.0
711.0
822.0
909.0
564.0
561.0
518.0
458.0
389.0
281.0
164.0
58.0
1.0
0.0
0.0
0.0
0.0
0.0
0.0
0.0
0.0
0.0
77.0
229.0
408.0
563.0
693.0
800.0
870.0
881.0
844.0
741.0
596.0
435.0
261.0
102.0
2.0
0.0
0.0
0.0
0.0
0.0
0.0
0.0
0.0
0.0
65.0
202.0
347.0
488.0
603.0
668.0
716.0
718.0
672.0
595.0
475.0
349.0
211.0
79.0
1.0
0.0
0.0
0.0
0.0
0.0
0.0
0.0
0.0
0.0
67.0
197.0
347.0
495.0
616.0
664.0
715.0
715.0
661.0
602.0
495.0
348.0
195.0
69.0
1.0
0.0
0.0
0.0
0.0
0.0
0.0
0.0
0.0
0.0
77.0
237.0
426.0
606.0
756.0
867.0
931.0
938.0
892.0
796.0
654.0
477.0
287.0
110.0
2.0
0.0
0.0
0.0
0.0
0.0
0.0
0.0
0.0
0.0
66.0
208.0
376.0
539.0
678.0
774.0
823.0
830.0
779.0
677.0
547.0
391.0
227.0
82.0
1.0
0.0
0.0
0.0
0.0
0.0
0.0
0.0
0.0
0.0
65.0
207.0
375.0
533.0
666.0
760.0
806.0
804.0
764.0
675.0
551.0
395.0
229.0
82.0
1.0
0.0
0.0
0.0
0.0
0.0
0.0
0.0
0.0
0.0
40.0
88.0
37.0
92.0
289.0
566.0
679.0
699.0
747.0
574.0
331.0
206.0
216.0
115.0
5.0
0.0
0.0
0.0
0.0
0.0
0.0
0.0
0.0
0.0
70.0
231.0
412.0
576.0
718.0
831.0
886.0
876.0
825.0
731.0
602.0
441.0
262.0
95.0
1.0
0.0
0.0
0.0
0.0
0.0
0.0
0.0
0.0
0.0
72.0
237.0
428.0
615.0
763.0
872.0
934.0
941.0
889.0
785.0
641.0
466.0
273.0
99.0
1.0
0.0
0.0
0.0
0.0
0.0
0.0
0.0
0.0
0.0
67.0
220.0
404.0
587.0
733.0
849.0
913.0
917.0
862.0
763.0
633.0
457.0
270.0
97.0
1.0
0.0
0.0
0.0
0.0
0.0
0.0
0.0
0.0
0.0
69.0
232.0
426.0
614.0
773.0
882.0
942.0
945.0
893.0
797.0
643.0
464.0
270.0
95.0
1.0
0.0
0.0
0.0
0.0
0.0
0.0
0.0
0.0
0.0
5.0
18.0
34.0
49.0
62.0
967.0
925.0
1051.0
569.0
639.0
148.0
146.0
44.0
7.0
0.0
0.0
0.0
0.0
0.0
0.0
0.0
0.0
0.0
0.0
33.0
159.0
353.0
128.0
409.0
735.0
74.0
215.0
963.0
639.0
632.0
484.0
281.0
96.0
4.0
0.0
0.0
0.0
0.0
0.0
0.0
0.0
0.0
0.0
51.0
185.0
372.0
532.0
664.0
766.0
805.0
820.0
764.0
673.0
570.0
411.0
243.0
81.0
1.0
0.0
0.0
0.0
0.0
0.0
0.0
0.0
0.0
0.0
59.0
216.0
406.0
586.0
744.0
862.0
921.0
927.0
874.0
776.0
633.0
454.0
259.0
87.0
0.0
0.0
0.0
0.0
0.0
0.0
0.0
0.0
0.0
0.0
56.0
206.0
389.0
565.0
713.0
819.0
877.0
881.0
833.0
736.0
595.0
422.0
238.0
78.0
0.0
0.0
0.0
0.0
0.0
0.0
0.0
0.0
0.0
0.0
29.0
214.0
402.0
585.0
742.0
854.0
919.0
923.0
873.0
781.0
629.0
451.0
258.0
84.0
0.0
0.0
0.0
0.0
0.0
0.0
0.0
0.0
0.0
0.0
26.0
200.0
382.0
555.0
710.0
824.0
884.0
890.0
841.0
746.0
608.0
430.0
243.0
78.0
0.0
0.0
0.0
0.0
0.0
0.0
0.0
0.0
0.0
0.0
19.0
149.0
291.0
434.0
520.0
598.0
701.0
726.0
683.0
697.0
577.0
460.0
271.0
85.0
0.0
0.0
0.0
0.0
0.0
0.0
0.0
0.0
0.0
0.0
15.0
190.0
350.0
457.0
655.0
785.0
631.0
604.0
799.0
502.0
415.0
214.0
120.0
38.0
0.0
0.0
0.0
0.0
0.0
0.0
0.0
0.0
0.0
0.0
25.0
214.0
413.0
604.0
765.0
879.0
941.0
950.0
896.0
788.0
637.0
449.0
248.0
76.0
0.0
0.0
0.0
0.0
0.0
0.0
0.0
0.0
0.0
0.0
22.0
203.0
397.0
583.0
739.0
853.0
911.0
925.0
879.0
773.0
622.0
436.0
244.0
75.0
0.0
0.0
0.0
0.0
0.0
0.0
0.0
0.0
0.0
0.0
22.0
209.0
409.0
602.0
768.0
886.0
952.0
956.0
906.0
802.0
644.0
454.0
250.0
74.0
0.0
0.0
0.0
0.0
0.0
0.0
0.0
0.0
0.0
0.0
20.0
196.0
392.0
582.0
738.0
855.0
916.0
921.0
881.0
774.0
619.0
430.0
233.0
68.0
0.0
0.0
0.0
0.0
0.0
0.0
0.0
0.0
0.0
0.0
20.0
199.0
396.0
587.0
751.0
871.0
934.0
941.0
893.0
789.0
636.0
446.0
245.0
70.0
0.0
0.0
0.0
0.0
0.0
0.0
0.0
0.0
0.0
0.0
17.0
190.0
382.0
572.0
729.0
844.0
908.0
918.0
868.0
766.0
616.0
432.0
233.0
65.0
0.0
0.0
0.0
0.0
0.0
0.0
0.0
0.0
0.0
0.0
15.0
178.0
368.0
531.0
671.0
785.0
811.0
785.0
729.0
645.0
526.0
361.0
194.0
26.0
0.0
0.0
0.0
0.0
0.0
0.0
0.0
0.0
0.0
0.0
15.0
163.0
340.0
509.0
654.0
732.0
767.0
780.0
754.0
688.0
571.0
382.0
195.0
26.0
0.0
0.0
0.0
0.0
0.0
0.0
0.0
0.0
0.0
0.0
15.0
184.0
372.0
560.0
709.0
824.0
890.0
891.0
847.0
742.0
594.0
407.0
214.0
26.0
0.0
0.0
0.0
0.0
0.0
0.0
0.0
0.0
0.0
0.0
15.0
179.0
370.0
550.0
692.0
818.0
870.0
870.0
827.0
730.0
580.0
400.0
207.0
25.0
0.0
0.0
0.0
0.0
0.0
0.0
0.0
0.0
0.0
0.0
14.0
189.0
390.0
585.0
749.0
872.0
938.0
935.0
870.0
752.0
592.0
396.0
199.0
17.0
0.0
0.0
0.0
0.0
0.0
0.0
0.0
0.0
0.0
0.0
13.0
175.0
364.0
554.0
697.0
800.0
855.0
855.0
805.0
691.0
546.0
367.0
186.0
16.0
0.0
0.0
0.0
0.0
0.0
0.0
0.0
0.0
0.0
0.0
12.0
175.0
365.0
552.0
711.0
832.0
897.0
906.0
858.0
757.0
600.0
410.0
207.0
21.0
0.0
0.0
0.0
0.0
0.0
0.0
0.0
0.0
0.0
0.0
10.0
164.0
337.0
504.0
656.0
767.0
828.0
822.0
791.0
692.0
555.0
371.0
195.0
19.0
0.0
0.0
0.0
0.0
0.0
0.0
0.0
0.0
0.0
0.0
13.0
158.0
312.0
473.0
740.0
723.0
688.0
677.0
681.0
579.0
475.0
313.0
153.0
7.0
0.0
0.0
0.0
0.0
0.0
0.0
0.0
0.0
0.0
0.0
4.0
131.0
279.0
477.0
608.0
686.0
726.0
747.0
751.0
569.0
442.0
313.0
148.0
12.0
0.0
0.0
0.0
0.0
0.0
0.0
0.0
0.0
0.0
0.0
13.0
188.0
403.0
613.0
761.0
872.0
480.0
428.0
336.0
337.0
287.0
208.0
94.0
11.0
0.0
0.0
0.0
0.0
0.0
0.0
0.0
0.0
0.0
0.0
2.0
55.0
108.0
164.0
199.0
243.0
295.0
290.0
273.0
222.0
193.0
141.0
63.0
4.0
0.0
0.0
0.0
0.0
0.0
0.0
0.0
0.0
0.0
0.0
5.0
129.0
276.0
446.0
607.0
721.0
756.0
773.0
724.0
621.0
497.0
337.0
155.0
9.0
0.0
0.0
0.0
0.0
0.0
0.0
0.0
0.0
0.0
0.0
7.0
151.0
328.0
480.0
628.0
719.0
794.0
811.0
745.0
658.0
520.0
358.0
165.0
11.0
0.0
0.0
0.0
0.0
0.0
0.0
0.0
0.0
0.0
0.0
6.0
145.0
322.0
497.0
653.0
754.0
813.0
807.0
757.0
666.0
525.0
349.0
163.0
11.0
0.0
0.0
0.0
0.0
0.0
0.0
0.0
0.0
0.0
0.0
6.0
157.0
351.0
541.0
705.0
819.0
883.0
889.0
829.0
717.0
557.0
364.0
169.0
9.0
0.0
0.0
0.0
0.0
0.0
0.0
0.0
0.0
0.0
0.0
2.0
93.0
216.0
423.0
518.0
596.0
645.0
601.0
555.0
657.0
516.0
396.0
174.0
13.0
0.0
0.0
0.0
0.0
0.0
0.0
0.0
0.0
0.0
0.0
9.0
136.0
245.0
390.0
369.0
518.0
584.0
750.0
653.0
643.0
495.0
392.0
142.0
15.0
0.0
0.0
0.0
0.0
0.0
0.0
0.0
0.0
0.0
0.0
2.0
99.0
206.0
405.0
599.0
645.0
652.0
620.0
618.0
580.0
457.0
309.0
118.0
6.0
0.0
0.0
0.0
0.0
0.0
0.0
0.0
0.0
0.0
0.0
6.0
136.0
318.0
470.0
587.0
644.0
653.0
757.0
707.0
557.0
444.0
306.0
117.0
2.0
0.0
0.0
0.0
0.0
0.0
0.0
0.0
0.0
0.0
0.0
4.0
127.0
285.0
454.0
596.0
712.0
748.0
781.0
730.0
645.0
498.0
322.0
144.0
5.0
0.0
0.0
0.0
0.0
0.0
0.0
0.0
0.0
0.0
0.0
6.0
139.0
364.0
526.0
748.0
829.0
414.0
462.0
370.0
364.0
344.0
240.0
82.0
6.0
0.0
0.0
0.0
0.0
0.0
0.0
0.0
0.0
0.0
0.0
3.0
131.0
306.0
473.0
635.0
713.0
782.0
790.0
745.0
627.0
469.0
298.0
124.0
3.0
0.0
0.0
0.0
0.0
0.0
0.0
0.0
0.0
0.0
0.0
4.0
125.0
290.0
465.0
613.0
716.0
758.0
692.0
669.0
603.0
447.0
279.0
109.0
1.0
0.0
0.0
0.0
0.0
0.0
0.0
0.0
0.0
0.0
0.0
1.0
65.0
138.0
322.0
458.0
656.0
634.0
733.0
625.0
498.0
485.0
271.0
144.0
7.0
0.0
0.0
0.0
0.0
0.0
0.0
0.0
0.0
0.0
0.0
2.0
105.0
244.0
400.0
529.0
601.0
644.0
649.0
605.0
490.0
346.0
213.0
87.0
1.0
0.0
0.0
0.0
0.0
0.0
0.0
0.0
0.0
0.0
0.0
3.0
136.0
331.0
523.0
683.0
795.0
853.0
853.0
789.0
666.0
508.0
312.0
119.0
1.0
0.0
0.0
0.0
0.0
0.0
0.0
0.0
0.0
0.0
0.0
2.0
110.0
270.0
432.0
570.0
655.0
718.0
722.0
666.0
558.0
412.0
253.0
97.0
1.0
0.0
0.0
0.0
0.0
0.0
0.0
0.0
0.0
0.0
0.0
2.0
123.0
307.0
484.0
637.0
733.0
782.0
774.0
716.0
606.0
454.0
275.0
102.0
1.0
0.0
0.0
0.0
0.0
0.0
0.0
0.0
0.0
0.0
0.0
2.0
127.0
321.0
517.0
679.0
792.0
846.0
839.0
772.0
651.0
485.0
289.0
105.0
0.0
0.0
0.0
0.0
0.0
0.0
0.0
0.0
0.0
0.0
0.0
2.0
126.0
321.0
517.0
685.0
799.0
857.0
853.0
789.0
665.0
499.0
299.0
107.0
1.0
0.0
0.0
0.0
0.0
0.0
0.0
0.0
0.0
0.0
0.0
1.0
118.0
300.0
483.0
633.0
743.0
794.0
790.0
726.0
612.0
454.0
273.0
96.0
0.0
0.0
0.0
0.0
0.0
0.0
0.0
0.0
0.0
0.0
0.0
1.0
116.0
298.0
484.0
640.0
748.0
803.0
797.0
733.0
615.0
457.0
271.0
93.0
0.0
0.0
0.0
0.0
0.0
0.0
0.0
0.0
0.0
0.0
0.0
1.0
116.0
294.0
476.0
618.0
719.0
754.0
758.0
715.0
606.0
452.0
270.0
95.0
0.0
0.0
0.0
0.0
0.0
0.0
0.0
0.0
0.0
0.0
0.0
1.0
10.0
26.0
108.0
410.0
525.0
822.0
506.0
393.0
391.0
40.0
37.0
8.0
0.0
0.0
0.0
0.0
0.0
0.0
0.0
0.0
0.0
0.0
0.0
0.0
10.0
26.0
175.0
218.0
222.0
275.0
605.0
478.0
464.0
346.0
134.0
58.0
0.0
0.0
0.0
0.0
0.0
0.0
0.0
0.0
0.0
0.0
0.0
0.0
9.0
140.0
227.0
198.0
168.0
521.0
800.0
728.0
482.0
307.0
148.0
21.0
0.0
0.0
0.0
0.0
0.0
0.0
0.0
0.0
0.0
0.0
0.0
1.0
117.0
233.0
325.0
334.0
327.0
359.0
406.0
280.0
282.0
180.0
93.0
27.0
0.0
0.0
0.0
0.0
0.0
0.0
0.0
0.0
0.0
0.0
0.0
1.0
48.0
216.0
564.0
542.0
659.0
627.0
566.0
499.0
119.0
103.0
155.0
62.0
0.0
0.0
0.0
0.0
0.0
0.0
0.0
0.0
0.0
0.0
0.0
0.0
108.0
302.0
503.0
670.0
783.0
841.0
827.0
753.0
617.0
439.0
240.0
29.0
0.0
0.0
0.0
0.0
0.0
0.0
0.0
0.0
0.0
0.0
0.0
0.0
108.0
305.0
505.0
672.0
790.0
845.0
838.0
768.0
638.0
462.0
258.0
35.0
0.0
0.0
0.0
0.0
0.0
0.0
0.0
0.0
0.0
0.0
0.0
0.0
104.0
295.0
488.0
653.0
764.0
816.0
805.0
735.0
611.0
443.0
246.0
30.0
0.0
0.0
0.0
0.0
0.0
0.0
0.0
0.0
0.0
0.0
0.0
0.0
87.0
259.0
492.0
674.0
675.0
727.0
558.0
416.0
358.0
249.0
134.0
5.0
0.0
0.0
0.0
0.0
0.0
0.0
0.0
0.0
0.0
0.0
0.0
0.0
89.0
246.0
426.0
544.0
652.0
704.0
626.0
476.0
382.0
254.0
110.0
5.0
0.0
0.0
0.0
0.0
0.0
0.0
0.0
0.0
0.0
0.0
0.0
0.0
98.0
293.0
492.0
656.0
772.0
824.0
816.0
743.0
615.0
437.0
235.0
24.0
0.0
0.0
0.0
0.0
0.0
0.0
0.0
0.0
0.0
0.0
0.0
0.0
94.0
287.0
482.0
646.0
759.0
810.0
800.0
729.0
601.0
425.0
225.0
20.0
0.0
0.0
0.0
0.0
0.0
0.0
0.0
0.0
0.0
0.0
0.0
0.0
87.0
269.0
455.0
611.0
716.0
763.0
754.0
677.0
556.0
386.0
199.0
15.0
0.0
0.0
0.0
0.0
0.0
0.0
0.0
0.0
0.0
0.0
0.0
0.0
72.0
221.0
385.0
527.0
614.0
659.0
678.0
618.0
469.0
347.0
175.0
16.0
0.0
0.0
0.0
0.0
0.0
0.0
0.0
0.0
0.0
0.0
0.0
0.0
66.0
244.0
466.0
649.0
730.0
651.0
483.0
372.0
254.0
152.0
89.0
3.0
0.0
0.0
0.0
0.0
0.0
0.0
0.0
0.0
0.0
0.0
0.0
0.0
83.0
271.0
467.0
631.0
746.0
802.0
788.0
710.0
578.0
396.0
195.0
11.0
0.0
0.0
0.0
0.0
0.0
0.0
0.0
0.0
0.0
0.0
0.0
0.0
68.0
238.0
390.0
514.0
592.0
623.0
613.0
610.0
541.0
338.0
152.0
10.0
0.0
0.0
0.0
0.0
0.0
0.0
0.0
0.0
0.0
0.0
0.0
0.0
67.0
89.0
347.0
241.0
360.0
510.0
274.0
217.0
209.0
115.0
71.0
6.0
0.0
0.0
0.0
0.0
0.0
0.0
0.0
0.0
0.0
0.0
0.0
0.0
67.0
217.0
378.0
522.0
618.0
659.0
649.0
577.0
476.0
311.0
149.0
6.0
0.0
0.0
0.0
0.0
0.0
0.0
0.0
0.0
0.0
0.0
0.0
0.0
65.0
224.0
389.0
516.0
616.0
674.0
661.0
593.0
475.0
338.0
159.0
10.0
0.0
0.0
0.0
0.0
0.0
0.0
0.0
0.0
0.0
0.0
0.0
0.0
60.0
219.0
404.0
556.0
609.0
609.0
643.0
602.0
440.0
290.0
137.0
5.0
0.0
0.0
0.0
0.0
0.0
0.0
0.0
0.0
0.0
0.0
0.0
0.0
29.0
207.0
389.0
547.0
638.0
672.0
673.0
591.0
478.0
327.0
147.0
6.0
0.0
0.0
0.0
0.0
0.0
0.0
0.0
0.0
0.0
0.0
0.0
0.0
26.0
203.0
366.0
509.0
594.0
653.0
618.0
551.0
476.0
309.0
138.0
5.0
0.0
0.0
0.0
0.0
0.0
0.0
0.0
0.0
0.0
0.0
0.0
0.0
8.0
172.0
185.0
417.0
202.0
175.0
536.0
676.0
253.0
284.0
125.0
10.0
0.0
0.0
0.0
0.0
0.0
0.0
0.0
0.0
0.0
0.0
0.0
0.0
23.0
168.0
305.0
411.0
514.0
603.0
609.0
542.0
442.0
315.0
158.0
7.0
0.0
0.0
0.0
0.0
0.0
0.0
0.0
0.0
0.0
0.0
0.0
0.0
26.0
228.0
416.0
575.0
678.0
729.0
713.0
640.0
512.0
339.0
149.0
4.0
0.0
0.0
0.0
0.0
0.0
0.0
0.0
0.0
0.0
0.0
0.0
0.0
22.0
200.0
357.0
469.0
567.0
613.0
594.0
578.0
452.0
286.0
127.0
3.0
0.0
0.0
0.0
0.0
0.0
0.0
0.0
0.0
0.0
0.0
0.0
0.0
23.0
225.0
409.0
567.0
672.0
719.0
701.0
619.0
491.0
314.0
130.0
1.0
0.0
0.0
0.0
0.0
0.0
0.0
0.0
0.0
0.0
0.0
0.0
0.0
20.0
201.0
377.0
522.0
630.0
683.0
672.0
593.0
472.0
311.0
131.0
3.0
0.0
0.0
0.0
0.0
0.0
0.0
0.0
0.0
0.0
0.0
0.0
0.0
16.0
180.0
211.0
400.0
610.0
651.0
294.0
145.0
203.0
110.0
79.0
8.0
0.0
0.0
0.0
0.0
0.0
0.0
0.0
0.0
0.0
0.0
0.0
0.0
4.0
99.0
255.0
379.0
419.0
479.0
479.0
422.0
333.0
212.0
91.0
1.0
0.0
0.0
0.0
0.0
0.0
0.0
0.0
0.0
0.0
0.0
0.0
0.0
16.0
180.0
306.0
439.0
535.0
629.0
633.0
505.0
358.0
238.0
99.0
1.0
0.0
0.0
0.0
0.0
0.0
0.0
0.0
0.0
0.0
0.0
0.0
0.0
4.0
131.0
308.0
419.0
464.0
374.0
296.0
251.0
227.0
210.0
83.0
1.0
0.0
0.0
0.0
0.0
0.0
0.0
0.0
0.0
0.0
0.0
0.0
0.0
14.0
171.0
322.0
467.0
582.0
631.0
613.0
549.0
426.0
276.0
104.0
1.0
0.0
0.0
0.0
0.0
0.0
0.0
0.0
0.0
0.0
0.0
0.0
0.0
14.0
187.0
361.0
505.0
609.0
655.0
639.0
562.0
435.0
267.0
98.0
0.0
0.0
0.0
0.0
0.0
0.0
0.0
0.0
0.0
0.0
0.0
0.0
0.0
5.0
118.0
205.0
263.0
387.0
597.0
543.0
545.0
453.0
279.0
107.0
2.0
0.0
0.0
0.0
0.0
0.0
0.0
0.0
0.0
0.0
0.0
0.0
0.0
3.0
64.0
124.0
174.0
233.0
251.0
208.0
184.0
187.0
106.0
45.0
0.0
0.0
0.0
0.0
0.0
0.0
0.0
0.0
0.0
0.0
0.0
0.0
0.0
8.0
148.0
312.0
433.0
535.0
589.0
576.0
509.0
394.0
235.0
78.0
0.0
0.0
0.0
0.0
0.0
0.0
0.0
0.0
0.0
0.0
0.0
0.0
0.0
3.0
104.0
251.0
355.0
420.0
472.0
443.0
395.0
319.0
159.0
50.0
0.0
0.0
0.0
0.0
0.0
0.0
0.0
0.0
0.0
0.0
0.0
0.0
0.0
9.0
142.0
273.0
420.0
485.0
561.0
548.0
449.0
367.0
207.0
69.0
0.0
0.0
0.0
0.0
0.0
0.0
0.0
0.0
0.0
0.0
0.0
0.0
0.0
9.0
169.0
344.0
494.0
602.0
651.0
635.0
561.0
429.0
259.0
84.0
0.0
0.0
0.0
0.0
0.0
0.0
0.0
0.0
0.0
0.0
0.0
0.0
0.0
7.0
158.0
325.0
468.0
561.0
601.0
578.0
511.0
385.0
235.0
75.0
0.0
0.0
0.0
0.0
0.0
0.0
0.0
0.0
0.0
0.0
0.0
0.0
0.0
7.0
156.0
329.0
475.0
573.0
624.0
611.0
532.0
407.0
241.0
74.0
0.0
0.0
0.0
0.0
0.0
0.0
0.0
0.0
0.0
0.0
0.0
0.0
0.0
6.0
162.0
338.0
489.0
593.0
642.0
624.0
548.0
414.0
243.0
74.0
0.0
0.0
0.0
0.0
0.0
0.0
0.0
0.0
0.0
0.0
0.0
0.0
0.0
6.0
155.0
329.0
479.0
583.0
631.0
618.0
540.0
412.0
241.0
37.0
0.0
0.0
0.0
0.0
0.0
0.0
0.0
0.0
0.0
0.0
0.0
0.0
0.0
5.0
141.0
300.0
441.0
542.0
585.0
569.0
487.0
368.0
213.0
32.0
0.0
0.0
0.0
0.0
0.0
0.0
0.0
0.0
0.0
0.0
0.0
0.0
0.0
1.0
84.0
154.0
213.0
311.0
321.0
286.0
237.0
200.0
138.0
21.0
0.0
0.0
0.0
0.0
0.0
0.0
0.0
0.0
0.0
0.0
0.0
0.0
0.0
1.0
27.0
78.0
118.0
149.0
147.0
102.0
120.0
84.0
53.0
6.0
0.0
0.0
0.0
0.0
0.0
0.0
0.0
0.0
0.0
0.0
0.0
0.0
0.0
1.0
15.0
40.0
55.0
70.0
81.0
79.0
65.0
50.0
27.0
4.0
0.0
0.0
0.0
0.0
0.0
0.0
0.0
0.0
0.0
0.0
0.0
0.0
0.0
4.0
124.0
269.0
392.0
496.0
497.0
462.0
411.0
298.0
196.0
16.0
0.0
0.0
0.0
0.0
0.0
0.0
0.0
0.0
0.0
0.0
0.0
0.0
0.0
1.0
82.0
216.0
320.0
416.0
455.0
465.0
407.0
302.0
170.0
23.0
0.0
0.0
0.0
0.0
0.0
0.0
0.0
0.0
0.0
0.0
0.0
0.0
0.0
1.0
66.0
152.0
227.0
284.0
306.0
297.0
211.0
167.0
88.0
4.0
0.0
0.0
0.0
0.0
0.0
0.0
0.0
0.0
0.0
0.0
0.0
0.0
0.0
1.0
94.0
217.0
312.0
386.0
391.0
393.0
335.0
234.0
130.0
15.0
0.0
0.0
0.0
0.0
0.0
0.0
0.0
0.0
0.0
0.0
0.0
0.0
0.0
2.0
114.0
274.0
373.0
475.0
511.0
498.0
405.0
305.0
158.0
13.0
0.0
0.0
0.0
0.0
0.0
0.0
0.0
0.0
0.0
0.0
0.0
0.0
0.0
2.0
113.0
266.0
406.0
514.0
554.0
534.0
461.0
327.0
176.0
14.0
0.0
0.0
0.0
0.0
0.0
0.0
0.0
0.0
0.0
0.0
0.0
0.0
0.0
1.0
93.0
222.0
346.0
418.0
476.0
489.0
422.0
305.0
162.0
13.0
0.0
0.0
0.0
0.0
0.0
0.0
0.0
0.0
0.0
0.0
0.0
0.0
0.0
1.0
78.0
195.0
285.0
370.0
410.0
401.0
350.0
257.0
142.0
13.0
0.0
0.0
0.0
0.0
0.0
0.0
0.0
0.0
0.0
0.0
0.0
0.0
0.0
1.0
95.0
243.0
354.0
440.0
480.0
523.0
421.0
319.0
166.0
14.0
0.0
0.0
0.0
0.0
0.0
0.0
0.0
0.0
0.0
0.0
0.0
0.0
0.0
1.0
91.0
232.0
349.0
436.0
457.0
435.0
357.0
241.0
122.0
3.0
0.0
0.0
0.0
0.0
0.0
0.0
0.0
0.0
0.0
0.0
0.0
0.0
0.0
0.0
79.0
206.0
323.0
410.0
445.0
425.0
370.0
264.0
138.0
9.0
0.0
0.0
0.0
0.0
0.0
0.0
0.0
0.0
0.0
0.0
0.0
0.0
0.0
1.0
58.0
147.0
232.0
287.0
314.0
265.0
230.0
145.0
76.0
3.0
0.0
0.0
0.0
0.0
0.0
0.0
0.0
0.0
0.0
0.0
0.0
0.0
0.0
1.0
84.0
233.0
366.0
367.0
368.0
207.0
288.0
292.0
154.0
18.0
0.0
0.0
0.0
0.0
0.0
0.0
0.0
0.0
0.0
0.0
0.0
0.0
0.0
0.0
68.0
185.0
264.0
336.0
375.0
351.0
289.0
214.0
93.0
2.0
0.0
0.0
0.0
0.0
0.0
0.0
0.0
0.0
0.0
0.0
0.0
0.0
0.0
0.0
94.0
259.0
408.0
511.0
554.0
537.0
459.0
329.0
166.0
9.0
0.0
0.0
0.0
0.0
0.0
0.0
0.0
0.0
0.0
0.0
0.0
0.0
0.0
0.0
58.0
145.0
172.0
166.0
249.0
384.0
380.0
269.0
185.0
13.0
0.0
0.0
0.0
0.0
0.0
0.0
0.0
0.0
0.0
0.0
0.0
0.0
0.0
0.0
77.0
205.0
326.0
416.0
483.0
478.0
376.0
272.0
152.0
10.0
0.0
0.0
0.0
0.0
0.0
0.0
0.0
0.0
0.0
0.0
0.0
0.0
0.0
0.0
53.0
154.0
264.0
348.0
388.0
356.0
282.0
185.0
85.0
2.0
0.0
0.0
0.0
0.0
0.0
0.0
0.0
0.0
0.0
0.0
0.0
0.0
0.0
0.0
50.0
150.0
240.0
324.0
352.0
323.0
265.0
177.0
86.0
2.0
0.0
0.0
0.0
0.0
0.0
0.0
0.0
0.0
0.0
0.0
0.0
0.0
0.0
0.0
47.0
144.0
233.0
256.0
289.0
254.0
199.0
135.0
56.0
2.0
0.0
0.0
0.0
0.0
0.0
0.0
0.0
0.0
0.0
0.0
0.0
0.0
0.0
0.0
52.0
123.0
192.0
312.0
398.0
432.0
349.0
267.0
151.0
12.0
0.0
0.0
0.0
0.0
0.0
0.0
0.0
0.0
0.0
0.0
0.0
0.0
0.0
0.0
58.0
193.0
306.0
395.0
403.0
394.0
352.0
257.0
108.0
2.0
0.0
0.0
0.0
0.0
0.0
0.0
0.0
0.0
0.0
0.0
0.0
0.0
0.0
0.0
65.0
196.0
296.0
376.0
394.0
427.0
328.0
272.0
140.0
3.0
0.0
0.0
0.0
0.0
0.0
0.0
0.0
0.0
0.0
0.0
0.0
0.0
0.0
0.0
66.0
183.0
318.0
350.0
485.0
404.0
288.0
146.0
92.0
4.0
0.0
0.0
0.0
0.0
0.0
0.0
0.0
0.0
0.0
0.0
0.0
0.0
0.0
0.0
35.0
117.0
187.0
234.0
241.0
258.0
233.0
182.0
79.0
2.0
0.0
0.0
0.0
0.0
0.0
0.0
0.0
0.0
0.0
0.0
0.0
0.0
0.0
0.0
33.0
225.0
378.0
483.0
530.0
517.0
441.0
314.0
153.0
5.0
0.0
0.0
0.0
0.0
0.0
0.0
0.0
0.0
0.0
0.0
0.0
0.0
0.0
0.0
30.0
213.0
361.0
466.0
513.0
503.0
431.0
307.0
148.0
5.0
0.0
0.0
0.0
0.0
0.0
0.0
0.0
0.0
0.0
0.0
0.0
0.0
0.0
0.0
4.0
68.0
140.0
200.0
199.0
214.0
243.0
166.0
105.0
8.0
0.0
0.0
0.0
0.0
0.0
0.0
0.0
0.0
0.0
0.0
0.0
0.0
0.0
0.0
16.0
104.0
179.0
208.0
257.0
255.0
226.0
152.0
69.0
1.0
0.0
0.0
0.0
0.0
0.0
0.0
0.0
0.0
0.0
0.0
0.0
0.0
0.0
0.0
17.0
145.0
231.0
300.0
344.0
315.0
269.0
175.0
79.0
1.0
0.0
0.0
0.0
0.0
0.0
0.0
0.0
0.0
0.0
0.0
0.0
0.0
0.0
0.0
14.0
111.0
184.0
246.0
260.0
262.0
217.0
139.0
66.0
1.0
0.0
0.0
0.0
0.0
0.0
0.0
0.0
0.0
0.0
0.0
0.0
0.0
0.0
0.0
24.0
125.0
138.0
196.0
455.0
337.0
397.0
128.0
79.0
3.0
0.0
0.0
0.0
0.0
0.0
0.0
0.0
0.0
0.0
0.0
0.0
0.0
0.0
0.0
4.0
71.0
168.0
194.0
252.0
244.0
232.0
177.0
85.0
3.0
0.0
0.0
0.0
0.0
0.0
0.0
0.0
0.0
0.0
0.0
0.0
0.0
0.0
0.0
8.0
95.0
172.0
229.0
232.0
245.0
192.0
123.0
52.0
1.0
0.0
0.0
0.0
0.0
0.0
0.0
0.0
0.0
0.0
0.0
0.0
0.0
0.0
0.0
16.0
162.0
290.0
369.0
433.0
415.0
367.0
237.0
118.0
2.0
0.0
0.0
0.0
0.0
0.0
0.0
0.0
0.0
0.0
0.0
0.0
0.0
0.0
0.0
14.0
161.0
296.0
392.0
406.0
406.0
331.0
229.0
103.0
1.0
0.0
0.0
0.0
0.0
0.0
0.0
0.0
0.0
0.0
0.0
0.0
0.0
0.0
0.0
8.0
83.0
157.0
193.0
241.0
219.0
193.0
123.0
46.0
1.0
0.0
0.0
0.0
0.0
0.0
0.0
0.0
0.0
0.0
0.0
0.0
0.0
0.0
0.0
8.0
108.0
206.0
282.0
324.0
325.0
263.0
194.0
84.0
1.0
0.0
0.0
0.0
0.0
0.0
0.0
0.0
0.0
0.0
0.0
0.0
0.0
0.0
0.0
7.0
65.0
115.0
177.0
220.0
217.0
170.0
106.0
46.0
1.0
0.0
0.0
0.0
0.0
0.0
0.0
0.0
0.0
0.0
0.0
0.0
0.0
0.0
0.0
6.0
67.0
119.0
155.0
175.0
179.0
147.0
104.0
45.0
1.0
0.0
0.0
0.0
0.0
0.0
0.0
0.0
0.0
0.0
0.0
0.0
0.0
0.0
0.0
10.0
126.0
232.0
317.0
356.0
354.0
304.0
212.0
94.0
1.0
0.0
0.0
0.0
0.0
0.0
0.0
0.0
0.0
0.0
0.0
0.0
0.0
0.0
0.0
13.0
159.0
283.0
368.0
408.0
426.0
362.0
241.0
107.0
1.0
0.0
0.0
0.0
0.0
0.0
0.0
0.0
0.0
0.0
0.0
0.0
0.0
0.0
0.0
2.0
125.0
177.0
283.0
324.0
352.0
377.0
289.0
136.0
6.0
0.0
0.0
0.0
0.0
0.0
0.0
0.0
0.0
0.0
0.0
0.0
0.0
0.0
0.0
2.0
104.0
195.0
254.0
327.0
302.0
246.0
167.0
84.0
3.0
0.0
0.0
0.0
0.0
0.0
0.0
0.0
0.0
0.0
0.0
0.0
0.0
0.0
0.0
8.0
126.0
240.0
319.0
366.0
358.0
301.0
201.0
92.0
1.0
0.0
0.0
0.0
0.0
0.0
0.0
0.0
0.0
0.0
0.0
0.0
0.0
0.0
0.0
8.0
128.0
231.0
322.0
399.0
368.0
357.0
280.0
131.0
4.0
0.0
0.0
0.0
0.0
0.0
0.0
0.0
0.0
0.0
0.0
0.0
0.0
0.0
0.0
6.0
128.0
256.0
360.0
429.0
409.0
335.0
237.0
99.0
4.0
0.0
0.0
0.0
0.0
0.0
0.0
0.0
0.0
0.0
0.0
0.0
0.0
0.0
0.0
2.0
106.0
219.0
294.0
338.0
281.0
283.0
192.0
87.0
1.0
0.0
0.0
0.0
0.0
0.0
0.0
0.0
0.0
0.0
0.0
0.0
0.0
0.0
0.0
2.0
43.0
87.0
123.0
140.0
136.0
114.0
80.0
39.0
1.0
0.0
0.0
0.0
0.0
0.0
0.0
0.0
0.0
0.0
0.0
0.0
0.0
0.0
0.0
8.0
121.0
202.0
243.0
314.0
338.0
253.0
157.0
126.0
1.0
0.0
0.0
0.0
0.0
0.0
0.0
0.0
0.0
0.0
0.0
0.0
0.0
0.0
0.0
11.0
136.0
301.0
355.0
376.0
297.0
172.0
126.0
46.0
1.0
0.0
0.0
0.0
0.0
0.0
0.0
0.0
0.0
0.0
0.0
0.0
0.0
0.0
0.0
9.0
126.0
222.0
303.0
371.0
404.0
334.0
223.0
131.0
7.0
0.0
0.0
0.0
0.0
0.0
0.0
0.0
0.0
0.0
0.0
0.0
0.0
0.0
0.0
3.0
66.0
131.0
182.0
216.0
228.0
201.0
133.0
65.0
2.0
0.0
0.0
0.0
0.0
0.0
0.0
0.0
0.0
0.0
0.0
0.0
0.0
0.0
0.0
7.0
145.0
288.0
394.0
454.0
449.0
385.0
279.0
134.0
5.0
0.0
0.0
0.0
0.0
0.0
0.0
0.0
0.0
0.0
0.0
0.0
0.0
0.0
0.0
7.0
142.0
276.0
386.0
446.0
449.0
385.0
277.0
134.0
5.0
0.0
0.0
0.0
0.0
0.0
0.0
0.0
0.0
0.0
0.0
0.0
0.0
0.0
0.0
6.0
118.0
206.0
330.0
408.0
392.0
332.0
268.0
131.0
6.0
0.0
0.0
0.0
0.0
0.0
0.0
0.0
0.0
0.0
0.0
0.0
0.0
0.0
0.0
6.0
139.0
284.0
375.0
410.0
395.0
360.0
260.0
121.0
4.0
0.0
0.0
0.0
0.0
0.0
0.0
0.0
0.0
0.0
0.0
0.0
0.0
0.0
0.0
2.0
44.0
258.0
415.0
402.0
103.0
114.0
95.0
46.0
2.0
0.0
0.0
0.0
0.0
0.0
0.0
0.0
0.0
0.0
0.0
0.0
0.0
0.0
0.0
2.0
23.0
55.0
80.0
109.0
103.0
81.0
61.0
27.0
2.0
0.0
0.0
0.0
0.0
0.0
0.0
0.0
0.0
0.0
0.0
0.0
0.0
0.0
0.0
5.0
127.0
267.0
355.0
411.0
400.0
311.0
224.0
115.0
5.0
0.0
0.0
0.0
0.0
0.0
0.0
0.0
0.0
0.0
0.0
0.0
0.0
0.0
0.0
5.0
131.0
263.0
364.0
433.0
442.0
383.0
290.0
147.0
8.0
0.0
0.0
0.0
0.0
0.0
0.0
0.0
