0.0
0.0
0.0
0.0
0.0
0.0
0.0
0.0
29.0
14.0
69.0
165.0
145.0
279.0
96.0
30.0
0.0
0.0
0.0
0.0
0.0
0.0
0.0
0.0
0.0
0.0
0.0
0.0
0.0
0.0
0.0
0.0
40.0
102.0
171.0
193.0
191.0
104.0
47.0
5.0
0.0
0.0
0.0
0.0
0.0
0.0
0.0
0.0
0.0
0.0
0.0
0.0
0.0
0.0
0.0
0.0
36.0
92.0
189.0
177.0
186.0
170.0
124.0
67.0
0.0
0.0
0.0
0.0
0.0
0.0
0.0
0.0
0.0
0.0
0.0
0.0
0.0
0.0
0.0
0.0
13.0
38.0
61.0
68.0
70.0
56.0
37.0
13.0
0.0
0.0
0.0
0.0
0.0
0.0
0.0
0.0
0.0
0.0
0.0
0.0
0.0
0.0
0.0
0.0
26.0
77.0
66.0
97.0
108.0
98.0
68.0
25.0
0.0
0.0
0.0
0.0
0.0
0.0
0.0
0.0
0.0
0.0
0.0
0.0
0.0
0.0
0.0
0.0
37.0
15.0
105.0
214.0
188.0
207.0
136.0
51.0
0.0
0.0
0.0
0.0
0.0
0.0
0.0
0.0
0.0
0.0
0.0
0.0
0.0
0.0
0.0
0.0
63.0
136.0
241.0
230.0
84.0
70.0
116.0
40.0
0.0
0.0
0.0
0.0
0.0
0.0
0.0
0.0
0.0
0.0
0.0
0.0
0.0
0.0
0.0
0.0
69.0
189.0
160.0
83.0
27.0
94.0
118.0
62.0
0.0
0.0
0.0
0.0
0.0
0.0
0.0
0.0
0.0
0.0
0.0
0.0
0.0
0.0
0.0
0.0
59.0
177.0
200.0
237.0
221.0
251.0
160.0
71.0
1.0
0.0
0.0
0.0
0.0
0.0
0.0
0.0
0.0
0.0
0.0
0.0
0.0
0.0
0.0
0.0
9.0
16.0
31.0
37.0
42.0
255.0
177.0
72.0
0.0
0.0
0.0
0.0
0.0
0.0
0.0
0.0
0.0
0.0
0.0
0.0
0.0
0.0
0.0
0.0
39.0
68.0
140.0
195.0
241.0
221.0
199.0
82.0
1.0
0.0
0.0
0.0
0.0
0.0
0.0
0.0
0.0
0.0
0.0
0.0
0.0
0.0
0.0
0.0
20.0
21.0
75.0
108.0
131.0
151.0
110.0
25.0
0.0
0.0
0.0
0.0
0.0
0.0
0.0
0.0
0.0
0.0
0.0
0.0
0.0
0.0
0.0
0.0
47.0
113.0
171.0
200.0
210.0
168.0
113.0
44.0
0.0
0.0
0.0
0.0
0.0
0.0
0.0
0.0
0.0
0.0
0.0
0.0
0.0
0.0
0.0
0.0
80.0
180.0
305.0
214.0
27.0
97.0
74.0
7.0
0.0
0.0
0.0
0.0
0.0
0.0
0.0
0.0
0.0
0.0
0.0
0.0
0.0
0.0
0.0
1.0
45.0
159.0
130.0
181.0
203.0
39.0
72.0
44.0
1.0
0.0
0.0
0.0
0.0
0.0
0.0
0.0
0.0
0.0
0.0
0.0
0.0
0.0
0.0
0.0
14.0
38.0
63.0
73.0
75.0
63.0
40.0
16.0
1.0
0.0
0.0
0.0
0.0
0.0
0.0
0.0
0.0
0.0
0.0
0.0
0.0
0.0
0.0
0.0
13.0
32.0
49.0
63.0
64.0
52.0
33.0
16.0
1.0
0.0
0.0
0.0
0.0
0.0
0.0
0.0
0.0
0.0
0.0
0.0
0.0
0.0
0.0
0.0
22.0
61.0
71.0
68.0
87.0
113.0
83.0
46.0
2.0
0.0
0.0
0.0
0.0
0.0
0.0
0.0
0.0
0.0
0.0
0.0
0.0
0.0
0.0
0.0
44.0
121.0
187.0
212.0
212.0
187.0
125.0
57.0
1.0
0.0
0.0
0.0
0.0
0.0
0.0
0.0
0.0
0.0
0.0
0.0
0.0
0.0
0.0
0.0
12.0
34.0
53.0
57.0
52.0
261.0
177.0
77.0
1.0
0.0
0.0
0.0
0.0
0.0
0.0
0.0
0.0
0.0
0.0
0.0
0.0
0.0
0.0
0.0
63.0
191.0
306.0
78.0
170.0
25.0
132.0
98.0
9.0
0.0
0.0
0.0
0.0
0.0
0.0
0.0
0.0
0.0
0.0
0.0
0.0
0.0
0.0
1.0
34.0
85.0
126.0
148.0
150.0
132.0
91.0
42.0
1.0
0.0
0.0
0.0
0.0
0.0
0.0
0.0
0.0
0.0
0.0
0.0
0.0
0.0
0.0
1.0
52.0
114.0
167.0
200.0
211.0
185.0
133.0
65.0
1.0
0.0
0.0
0.0
0.0
0.0
0.0
0.0
0.0
0.0
0.0
0.0
0.0
0.0
0.0
1.0
35.0
94.0
128.0
146.0
148.0
130.0
91.0
45.0
2.0
0.0
0.0
0.0
0.0
0.0
0.0
0.0
0.0
0.0
0.0
0.0
0.0
0.0
0.0
1.0
71.0
144.0
224.0
285.0
311.0
273.0
183.0
85.0
2.0
0.0
0.0
0.0
0.0
0.0
0.0
0.0
0.0
0.0
0.0
0.0
0.0
0.0
0.0
1.0
73.0
176.0
263.0
321.0
329.0
285.0
209.0
106.0
5.0
0.0
0.0
0.0
0.0
0.0
0.0
0.0
0.0
0.0
0.0
0.0
0.0
0.0
0.0
1.0
30.0
66.0
96.0
110.0
111.0
93.0
71.0
35.0
2.0
0.0
0.0
0.0
0.0
0.0
0.0
0.0
0.0
0.0
0.0
0.0
0.0
0.0
0.0
1.0
53.0
113.0
175.0
201.0
210.0
186.0
130.0
60.0
4.0
0.0
0.0
0.0
0.0
0.0
0.0
0.0
0.0
0.0
0.0
0.0
0.0
0.0
0.0
1.0
22.0
54.0
79.0
101.0
108.0
106.0
74.0
33.0
3.0
0.0
0.0
0.0
0.0
0.0
0.0
0.0
0.0
0.0
0.0
0.0
0.0
0.0
0.0
3.0
98.0
224.0
311.0
360.0
367.0
324.0
244.0
134.0
11.0
0.0
0.0
0.0
0.0
0.0
0.0
0.0
0.0
0.0
0.0
0.0
0.0
0.0
0.0
1.0
45.0
94.0
132.0
163.0
167.0
140.0
121.0
58.0
3.0
0.0
0.0
0.0
0.0
0.0
0.0
0.0
0.0
0.0
0.0
0.0
0.0
0.0
0.0
1.0
48.0
92.0
140.0
172.0
160.0
143.0
110.0
52.0
3.0
0.0
0.0
0.0
0.0
0.0
0.0
0.0
0.0
0.0
0.0
0.0
0.0
0.0
0.0
1.0
72.0
149.0
218.0
240.0
244.0
219.0
171.0
97.0
7.0
0.0
0.0
0.0
0.0
0.0
0.0
0.0
0.0
0.0
0.0
0.0
0.0
0.0
0.0
7.0
113.0
219.0
290.0
296.0
293.0
283.0
222.0
80.0
3.0
0.0
0.0
0.0
0.0
0.0
0.0
0.0
0.0
0.0
0.0
0.0
0.0
0.0
0.0
1.0
75.0
179.0
239.0
282.0
255.0
233.0
171.0
103.0
11.0
0.0
0.0
0.0
0.0
0.0
0.0
0.0
0.0
0.0
0.0
0.0
0.0
0.0
0.0
3.0
66.0
141.0
191.0
209.0
238.0
191.0
133.0
77.0
4.0
0.0
0.0
0.0
0.0
0.0
0.0
0.0
0.0
0.0
0.0
0.0
0.0
0.0
0.0
9.0
123.0
284.0
339.0
286.0
292.0
171.0
103.0
66.0
4.0
0.0
0.0
0.0
0.0
0.0
0.0
0.0
0.0
0.0
0.0
0.0
0.0
0.0
0.0
2.0
59.0
136.0
203.0
244.0
250.0
199.0
144.0
87.0
8.0
0.0
0.0
0.0
0.0
0.0
0.0
0.0
0.0
0.0
0.0
0.0
0.0
0.0
0.0
6.0
100.0
160.0
186.0
226.0
272.0
255.0
185.0
80.0
4.0
0.0
0.0
0.0
0.0
0.0
0.0
0.0
0.0
0.0
0.0
0.0
0.0
0.0
0.0
9.0
83.0
172.0
234.0
265.0
268.0
222.0
145.0
82.0
5.0
0.0
0.0
0.0
0.0
0.0
0.0
0.0
0.0
0.0
0.0
0.0
0.0
0.0
0.0
2.0
68.0
136.0
202.0
245.0
251.0
276.0
261.0
174.0
62.0
0.0
0.0
0.0
0.0
0.0
0.0
0.0
0.0
0.0
0.0
0.0
0.0
0.0
0.0
8.0
88.0
197.0
288.0
253.0
215.0
158.0
88.0
75.0
5.0
0.0
0.0
0.0
0.0
0.0
0.0
0.0
0.0
0.0
0.0
0.0
0.0
0.0
0.0
6.0
58.0
92.0
124.0
124.0
135.0
106.0
88.0
44.0
12.0
0.0
0.0
0.0
0.0
0.0
0.0
0.0
0.0
0.0
0.0
0.0
0.0
0.0
0.0
3.0
51.0
85.0
131.0
119.0
120.0
152.0
106.0
76.0
31.0
0.0
0.0
0.0
0.0
0.0
0.0
0.0
0.0
0.0
0.0
0.0
0.0
0.0
0.0
23.0
174.0
160.0
129.0
61.0
148.0
303.0
274.0
199.0
61.0
0.0
0.0
0.0
0.0
0.0
0.0
0.0
0.0
0.0
0.0
0.0
0.0
0.0
0.0
16.0
161.0
288.0
377.0
414.0
410.0
394.0
303.0
190.0
72.0
0.0
0.0
0.0
0.0
0.0
0.0
0.0
0.0
0.0
0.0
0.0
0.0
0.0
0.0
7.0
134.0
262.0
290.0
449.0
360.0
324.0
298.0
245.0
87.0
1.0
0.0
0.0
0.0
0.0
0.0
0.0
0.0
0.0
0.0
0.0
0.0
0.0
0.0
28.0
177.0
159.0
301.0
398.0
494.0
353.0
264.0
141.0
27.0
1.0
0.0
0.0
0.0
0.0
0.0
0.0
0.0
0.0
0.0
0.0
0.0
0.0
0.0
25.0
192.0
336.0
449.0
507.0
513.0
471.0
377.0
240.0
93.0
0.0
0.0
0.0
0.0
0.0
0.0
0.0
0.0
0.0
0.0
0.0
0.0
0.0
0.0
15.0
147.0
286.0
406.0
426.0
398.0
374.0
354.0
219.0
101.0
1.0
0.0
0.0
0.0
0.0
0.0
0.0
0.0
0.0
0.0
0.0
0.0
0.0
0.0
35.0
97.0
85.0
34.0
173.0
260.0
246.0
206.0
167.0
71.0
2.0
0.0
0.0
0.0
0.0
0.0
0.0
0.0
0.0
0.0
0.0
0.0
0.0
0.0
28.0
80.0
122.0
199.0
215.0
376.0
269.0
173.0
162.0
107.0
4.0
0.0
0.0
0.0
0.0
0.0
0.0
0.0
0.0
0.0
0.0
0.0
0.0
0.0
49.0
151.0
246.0
343.0
400.0
404.0
364.0
293.0
193.0
76.0
1.0
0.0
0.0
0.0
0.0
0.0
0.0
0.0
0.0
0.0
0.0
0.0
0.0
0.0
40.0
128.0
225.0
295.0
326.0
341.0
306.0
245.0
148.0
60.0
1.0
0.0
0.0
0.0
0.0
0.0
0.0
0.0
0.0
0.0
0.0
0.0
0.0
0.0
24.0
76.0
109.0
129.0
127.0
138.0
135.0
113.0
70.0
22.0
1.0
0.0
0.0
0.0
0.0
0.0
0.0
0.0
0.0
0.0
0.0
0.0
0.0
0.0
22.0
101.0
118.0
159.0
381.0
439.0
322.0
407.0
198.0
85.0
9.0
0.0
0.0
0.0
0.0
0.0
0.0
0.0
0.0
0.0
0.0
0.0
0.0
0.0
22.0
104.0
192.0
243.0
404.0
400.0
318.0
323.0
245.0
129.0
6.0
0.0
0.0
0.0
0.0
0.0
0.0
0.0
0.0
0.0
0.0
0.0
0.0
0.0
10.0
27.0
34.0
38.0
49.0
61.0
371.0
304.0
204.0
95.0
3.0
0.0
0.0
0.0
0.0
0.0
0.0
0.0
0.0
0.0
0.0
0.0
0.0
0.0
75.0
206.0
345.0
449.0
510.0
498.0
427.0
339.0
215.0
87.0
1.0
0.0
0.0
0.0
0.0
0.0
0.0
0.0
0.0
0.0
0.0
0.0
0.0
1.0
83.0
210.0
321.0
405.0
444.0
448.0
398.0
315.0
200.0
89.0
1.0
0.0
0.0
0.0
0.0
0.0
0.0
0.0
0.0
0.0
0.0
0.0
0.0
0.0
13.0
33.0
51.0
65.0
76.0
73.0
74.0
57.0
37.0
20.0
2.0
0.0
0.0
0.0
0.0
0.0
0.0
0.0
0.0
0.0
0.0
0.0
0.0
1.0
75.0
185.0
303.0
455.0
501.0
526.0
488.0
418.0
299.0
133.0
7.0
0.0
0.0
0.0
0.0
0.0
0.0
0.0
0.0
0.0
0.0
0.0
0.0
1.0
26.0
78.0
111.0
140.0
152.0
135.0
123.0
92.0
73.0
34.0
2.0
0.0
0.0
0.0
0.0
0.0
0.0
0.0
0.0
0.0
0.0
0.0
0.0
2.0
109.0
259.0
403.0
508.0
580.0
568.0
510.0
414.0
292.0
136.0
7.0
0.0
0.0
0.0
0.0
0.0
0.0
0.0
0.0
0.0
0.0
0.0
0.0
1.0
66.0
140.0
225.0
281.0
300.0
329.0
287.0
239.0
129.0
64.0
2.0
0.0
0.0
0.0
0.0
0.0
0.0
0.0
0.0
0.0
0.0
0.0
0.0
2.0
95.0
233.0
353.0
452.0
507.0
501.0
444.0
343.0
234.0
108.0
2.0
0.0
0.0
0.0
0.0
0.0
0.0
0.0
0.0
0.0
0.0
0.0
0.0
1.0
47.0
136.0
192.0
240.0
297.0
302.0
261.0
230.0
154.0
83.0
6.0
0.0
0.0
0.0
0.0
0.0
0.0
0.0
0.0
0.0
0.0
0.0
0.0
4.0
118.0
240.0
145.0
125.0
545.0
491.0
121.0
202.0
250.0
189.0
39.0
0.0
0.0
0.0
0.0
0.0
0.0
0.0
0.0
0.0
0.0
0.0
0.0
5.0
140.0
282.0
403.0
519.0
565.0
520.0
496.0
415.0
299.0
146.0
9.0
0.0
0.0
0.0
0.0
0.0
0.0
0.0
0.0
0.0
0.0
0.0
0.0
7.0
148.0
317.0
470.0
581.0
641.0
649.0
601.0
495.0
349.0
181.0
16.0
0.0
0.0
0.0
0.0
0.0
0.0
0.0
0.0
0.0
0.0
0.0
0.0
6.0
137.0
278.0
411.0
526.0
584.0
575.0
546.0
438.0
315.0
168.0
16.0
0.0
0.0
0.0
0.0
0.0
0.0
0.0
0.0
0.0
0.0
0.0
0.0
13.0
156.0
327.0
433.0
544.0
530.0
514.0
444.0
322.0
240.0
131.0
4.0
0.0
0.0
0.0
0.0
0.0
0.0
0.0
0.0
0.0
0.0
0.0
0.0
11.0
113.0
154.0
221.0
264.0
363.0
397.0
367.0
334.0
324.0
195.0
47.0
0.0
0.0
0.0
0.0
0.0
0.0
0.0
0.0
0.0
0.0
0.0
0.0
3.0
83.0
179.0
317.0
435.0
538.0
521.0
449.0
426.0
360.0
191.0
36.0
0.0
0.0
0.0
0.0
0.0
0.0
0.0
0.0
0.0
0.0
0.0
0.0
6.0
74.0
171.0
157.0
228.0
61.0
156.0
343.0
203.0
237.0
163.0
55.0
0.0
0.0
0.0
0.0
0.0
0.0
0.0
0.0
0.0
0.0
0.0
0.0
3.0
27.0
37.0
45.0
67.0
80.0
55.0
473.0
406.0
265.0
156.0
23.0
0.0
0.0
0.0
0.0
0.0
0.0
0.0
0.0
0.0
0.0
0.0
0.0
4.0
33.0
71.0
108.0
134.0
132.0
133.0
137.0
100.0
86.0
43.0
6.0
0.0
0.0
0.0
0.0
0.0
0.0
0.0
0.0
0.0
0.0
0.0
0.0
8.0
133.0
132.0
169.0
168.0
241.0
273.0
543.0
570.0
299.0
121.0
38.0
0.0
0.0
0.0
0.0
0.0
0.0
0.0
0.0
0.0
0.0
0.0
0.0
8.0
86.0
259.0
214.0
450.0
255.0
489.0
250.0
247.0
78.0
87.0
20.0
0.0
0.0
0.0
0.0
0.0
0.0
0.0
0.0
0.0
0.0
0.0
0.0
5.0
17.0
70.0
44.0
55.0
162.0
505.0
414.0
599.0
437.0
249.0
60.0
0.0
0.0
0.0
0.0
0.0
0.0
0.0
0.0
0.0
0.0
0.0
0.0
26.0
189.0
331.0
443.0
553.0
626.0
635.0
589.0
485.0
367.0
206.0
62.0
0.0
0.0
0.0
0.0
0.0
0.0
0.0
0.0
0.0
0.0
0.0
0.0
26.0
65.0
172.0
195.0
310.0
255.0
231.0
227.0
126.0
51.0
36.0
6.0
0.0
0.0
0.0
0.0
0.0
0.0
0.0
0.0
0.0
0.0
0.0
0.0
10.0
33.0
60.0
89.0
107.0
115.0
118.0
116.0
107.0
92.0
48.0
14.0
0.0
0.0
0.0
0.0
0.0
0.0
0.0
0.0
0.0
0.0
0.0
0.0
22.0
72.0
125.0
187.0
139.0
151.0
208.0
194.0
135.0
126.0
58.0
21.0
0.0
0.0
0.0
0.0
0.0
0.0
0.0
0.0
0.0
0.0
0.0
0.0
67.0
187.0
325.0
514.0
602.0
592.0
614.0
493.0
449.0
314.0
173.0
48.0
0.0
0.0
0.0
0.0
0.0
0.0
0.0
0.0
0.0
0.0
0.0
0.0
62.0
174.0
429.0
527.0
552.0
589.0
587.0
408.0
298.0
161.0
58.0
7.0
0.0
0.0
0.0
0.0
0.0
0.0
0.0
0.0
0.0
0.0
0.0
0.0
80.0
237.0
402.0
539.0
644.0
701.0
701.0
650.0
550.0
409.0
243.0
87.0
0.0
0.0
0.0
0.0
0.0
0.0
0.0
0.0
0.0
0.0
0.0
0.0
71.0
182.0
185.0
274.0
412.0
589.0
505.0
475.0
329.0
341.0
236.0
98.0
2.0
0.0
0.0
0.0
0.0
0.0
0.0
0.0
0.0
0.0
0.0
0.0
8.0
103.0
56.0
158.0
174.0
224.0
454.0
584.0
405.0
349.0
128.0
46.0
0.0
0.0
0.0
0.0
0.0
0.0
0.0
0.0
0.0
0.0
0.0
1.0
27.0
124.0
452.0
604.0
403.0
418.0
267.0
253.0
258.0
296.0
111.0
23.0
0.0
0.0
0.0
0.0
0.0
0.0
0.0
0.0
0.0
0.0
0.0
1.0
47.0
75.0
138.0
195.0
101.0
168.0
118.0
288.0
429.0
248.0
226.0
62.0
3.0
0.0
0.0
0.0
0.0
0.0
0.0
0.0
0.0
0.0
0.0
1.0
53.0
146.0
246.0
335.0
364.0
353.0
365.0
363.0
266.0
198.0
116.0
43.0
1.0
0.0
0.0
0.0
0.0
0.0
0.0
0.0
0.0
0.0
0.0
1.0
91.0
223.0
351.0
517.0
567.0
694.0
609.0
526.0
416.0
328.0
228.0
100.0
1.0
0.0
0.0
0.0
0.0
0.0
0.0
0.0
0.0
0.0
0.0
2.0
93.0
229.0
354.0
467.0
538.0
577.0
577.0
526.0
441.0
342.0
208.0
83.0
1.0
0.0
0.0
0.0
0.0
0.0
0.0
0.0
0.0
0.0
0.0
3.0
89.0
199.0
308.0
403.0
463.0
500.0
501.0
433.0
340.0
265.0
170.0
56.0
1.0
0.0
0.0
0.0
0.0
0.0
0.0
0.0
0.0
0.0
0.0
1.0
44.0
104.0
178.0
220.0
257.0
285.0
270.0
247.0
206.0
150.0
95.0
40.0
1.0
0.0
0.0
0.0
0.0
0.0
0.0
0.0
0.0
0.0
0.0
2.0
66.0
153.0
243.0
305.0
331.0
356.0
353.0
320.0
270.0
199.0
133.0
60.0
1.0
0.0
0.0
0.0
0.0
0.0
0.0
0.0
0.0
0.0
0.0
4.0
119.0
293.0
442.0
562.0
652.0
684.0
700.0
601.0
524.0
388.0
261.0
111.0
3.0
0.0
0.0
0.0
0.0
0.0
0.0
0.0
0.0
0.0
0.0
10.0
88.0
153.0
341.0
518.0
799.0
529.0
741.0
231.0
113.0
38.0
55.0
10.0
1.0
0.0
0.0
0.0
0.0
0.0
0.0
0.0
0.0
0.0
0.0
2.0
44.0
93.0
137.0
185.0
213.0
234.0
228.0
212.0
183.0
140.0
92.0
38.0
1.0
0.0
0.0
0.0
0.0
0.0
0.0
0.0
0.0
0.0
0.0
7.0
95.0
242.0
361.0
434.0
509.0
546.0
483.0
430.0
353.0
351.0
179.0
101.0
2.0
0.0
0.0
0.0
0.0
0.0
0.0
0.0
0.0
0.0
0.0
10.0
156.0
324.0
485.0
621.0
715.0
763.0
759.0
709.0
610.0
469.0
304.0
135.0
5.0
0.0
0.0
0.0
0.0
0.0
0.0
0.0
0.0
0.0
0.0
11.0
166.0
341.0
512.0
650.0
749.0
798.0
800.0
741.0
641.0
496.0
323.0
147.0
7.0
0.0
0.0
0.0
0.0
0.0
0.0
0.0
0.0
0.0
0.0
12.0
163.0
337.0
491.0
619.0
715.0
760.0
746.0
688.0
587.0
450.0
293.0
133.0
5.0
0.0
0.0
0.0
0.0
0.0
0.0
0.0
0.0
0.0
0.0
10.0
127.0
259.0
367.0
461.0
523.0
607.0
561.0
497.0
403.0
319.0
182.0
85.0
2.0
0.0
0.0
0.0
0.0
0.0
0.0
0.0
0.0
0.0
0.0
6.0
85.0
163.0
235.0
334.0
387.0
412.0
414.0
353.0
266.0
214.0
130.0
59.0
2.0
0.0
0.0
0.0
0.0
0.0
0.0
0.0
0.0
0.0
0.0
16.0
169.0
326.0
479.0
608.0
702.0
746.0
756.0
686.0
595.0
474.0
311.0
148.0
10.0
0.0
0.0
0.0
0.0
0.0
0.0
0.0
0.0
0.0
0.0
20.0
159.0
306.0
459.0
582.0
673.0
719.0
722.0
628.0
544.0
395.0
263.0
110.0
3.0
0.0
0.0
0.0
0.0
0.0
0.0
0.0
0.0
0.0
0.0
7.0
70.0
139.0
202.0
247.0
303.0
322.0
335.0
302.0
239.0
193.0
119.0
57.0
2.0
0.0
0.0
0.0
0.0
0.0
0.0
0.0
0.0
0.0
0.0
7.0
35.0
103.0
171.0
304.0
424.0
667.0
546.0
382.0
440.0
533.0
301.0
139.0
17.0
0.0
0.0
0.0
0.0
0.0
0.0
0.0
0.0
0.0
0.0
26.0
195.0
365.0
528.0
667.0
764.0
806.0
795.0
730.0
630.0
487.0
321.0
153.0
10.0
0.0
0.0
0.0
0.0
0.0
0.0
0.0
0.0
0.0
0.0
51.0
183.0
356.0
503.0
609.0
698.0
702.0
690.0
641.0
549.0
416.0
262.0
121.0
9.0
0.0
0.0
0.0
0.0
0.0
0.0
0.0
0.0
0.0
0.0
55.0
179.0
326.0
475.0
606.0
704.0
744.0
722.0
686.0
595.0
471.0
322.0
162.0
14.0
0.0
0.0
0.0
0.0
0.0
0.0
0.0
0.0
0.0
0.0
45.0
178.0
324.0
440.0
578.0
631.0
675.0
597.0
596.0
587.0
389.0
243.0
107.0
5.0
0.0
0.0
0.0
0.0
0.0
0.0
0.0
0.0
0.0
0.0
67.0
225.0
437.0
648.0
795.0
840.0
302.0
466.0
481.0
299.0
159.0
98.0
16.0
4.0
0.0
0.0
0.0
0.0
0.0
0.0
0.0
0.0
0.0
0.0
51.0
171.0
273.0
398.0
485.0
542.0
587.0
570.0
519.0
446.0
373.0
211.0
94.0
4.0
0.0
0.0
0.0
0.0
0.0
0.0
0.0
0.0
0.0
0.0
6.0
119.0
216.0
50.0
224.0
77.0
368.0
511.0
376.0
511.0
499.0
223.0
207.0
30.0
0.0
0.0
0.0
0.0
0.0
0.0
0.0
0.0
0.0
0.0
66.0
199.0
354.0
505.0
626.0
710.0
750.0
742.0
686.0
590.0
461.0
312.0
160.0
19.0
0.0
0.0
0.0
0.0
0.0
0.0
0.0
0.0
0.0
0.0
18.0
74.0
154.0
293.0
273.0
275.0
242.0
302.0
292.0
322.0
378.0
279.0
187.0
56.0
0.0
0.0
0.0
0.0
0.0
0.0
0.0
0.0
0.0
0.0
65.0
185.0
325.0
457.0
564.0
633.0
635.0
665.0
642.0
585.0
478.0
334.0
188.0
32.0
0.0
0.0
0.0
0.0
0.0
0.0
0.0
0.0
0.0
0.0
62.0
191.0
338.0
485.0
602.0
679.0
681.0
639.0
613.0
599.0
415.0
291.0
132.0
37.0
0.0
0.0
0.0
0.0
0.0
0.0
0.0
0.0
0.0
0.0
7.0
175.0
293.0
336.0
511.0
218.0
453.0
575.0
627.0
496.0
324.0
214.0
41.0
30.0
0.0
0.0
0.0
0.0
0.0
0.0
0.0
0.0
0.0
1.0
97.0
261.0
443.0
608.0
741.0
833.0
877.0
868.0
811.0
705.0
560.0
388.0
210.0
62.0
0.0
0.0
0.0
0.0
0.0
0.0
0.0
0.0
0.0
1.0
99.0
259.0
432.0
593.0
724.0
812.0
854.0
846.0
786.0
681.0
535.0
367.0
198.0
58.0
0.0
0.0
0.0
0.0
0.0
0.0
0.0
0.0
0.0
2.0
87.0
226.0
382.0
530.0
663.0
758.0
808.0
800.0
758.0
655.0
529.0
385.0
216.0
69.0
0.0
0.0
0.0
0.0
0.0
0.0
0.0
0.0
0.0
2.0
98.0
254.0
400.0
533.0
622.0
695.0
740.0
747.0
672.0
615.0
488.0
348.0
185.0
52.0
0.0
0.0
0.0
0.0
0.0
0.0
0.0
0.0
0.0
2.0
83.0
225.0
385.0
551.0
576.0
677.0
713.0
731.0
683.0
621.0
477.0
332.0
187.0
52.0
0.0
0.0
0.0
0.0
0.0
0.0
0.0
0.0
0.0
2.0
81.0
220.0
393.0
509.0
643.0
704.0
731.0
715.0
700.0
617.0
496.0
365.0
199.0
65.0
0.0
0.0
0.0
0.0
0.0
0.0
0.0
0.0
0.0
3.0
104.0
249.0
416.0
569.0
692.0
773.0
808.0
801.0
756.0
660.0
531.0
376.0
210.0
72.0
0.0
0.0
0.0
0.0
0.0
0.0
0.0
0.0
0.0
4.0
112.0
271.0
443.0
605.0
735.0
820.0
870.0
856.0
801.0
699.0
562.0
398.0
224.0
77.0
0.0
0.0
0.0
0.0
0.0
0.0
0.0
0.0
0.0
1.0
61.0
158.0
262.0
352.0
441.0
466.0
548.0
526.0
528.0
451.0
348.0
232.0
150.0
57.0
1.0
0.0
0.0
0.0
0.0
0.0
0.0
0.0
0.0
2.0
107.0
312.0
278.0
260.0
429.0
528.0
465.0
328.0
270.0
416.0
266.0
39.0
75.0
46.0
1.0
0.0
0.0
0.0
0.0
0.0
0.0
0.0
0.0
3.0
95.0
226.0
349.0
494.0
588.0
713.0
738.0
747.0
740.0
672.0
550.0
389.0
241.0
87.0
1.0
0.0
0.0
0.0
0.0
0.0
0.0
0.0
0.0
6.0
109.0
227.0
409.0
507.0
648.0
704.0
743.0
715.0
705.0
629.0
490.0
351.0
200.0
72.0
1.0
0.0
0.0
0.0
0.0
0.0
0.0
0.0
0.0
6.0
130.0
302.0
474.0
640.0
765.0
855.0
483.0
476.0
433.0
373.0
306.0
217.0
128.0
47.0
1.0
0.0
0.0
0.0
0.0
0.0
0.0
0.0
0.0
2.0
39.0
88.0
149.0
217.0
266.0
289.0
295.0
283.0
263.0
231.0
183.0
134.0
75.0
31.0
1.0
0.0
0.0
0.0
0.0
0.0
0.0
0.0
0.0
2.0
43.0
97.0
150.0
211.0
277.0
333.0
338.0
333.0
320.0
287.0
240.0
150.0
90.0
35.0
1.0
0.0
0.0
0.0
0.0
0.0
0.0
0.0
0.0
5.0
78.0
179.0
260.0
336.0
433.0
452.0
497.0
496.0
452.0
378.0
317.0
221.0
103.0
43.0
1.0
0.0
0.0
0.0
0.0
0.0
0.0
0.0
0.0
8.0
110.0
220.0
328.0
435.0
544.0
555.0
598.0
560.0
507.0
454.0
356.0
247.0
135.0
52.0
1.0
0.0
0.0
0.0
0.0
0.0
0.0
0.0
0.0
9.0
131.0
285.0
434.0
581.0
681.0
770.0
806.0
806.0
743.0
646.0
529.0
390.0
244.0
99.0
3.0
0.0
0.0
0.0
0.0
0.0
0.0
0.0
0.0
10.0
143.0
310.0
485.0
647.0
778.0
865.0
909.0
909.0
853.0
751.0
612.0
446.0
270.0
111.0
3.0
0.0
0.0
0.0
0.0
0.0
0.0
0.0
0.0
4.0
49.0
103.0
170.0
233.0
297.0
326.0
338.0
335.0
313.0
280.0
213.0
148.0
92.0
36.0
1.0
0.0
0.0
0.0
0.0
0.0
0.0
0.0
0.0
11.0
138.0
322.0
497.0
703.0
769.0
862.0
421.0
389.0
321.0
309.0
244.0
182.0
98.0
44.0
1.0
0.0
0.0
0.0
0.0
0.0
0.0
0.0
0.0
12.0
145.0
302.0
465.0
616.0
735.0
821.0
857.0
856.0
803.0
709.0
583.0
424.0
262.0
109.0
4.0
0.0
0.0
0.0
0.0
0.0
0.0
0.0
0.0
12.0
138.0
284.0
448.0
600.0
687.0
734.0
763.0
773.0
708.0
653.0
499.0
354.0
212.0
88.0
2.0
0.0
0.0
0.0
0.0
0.0
0.0
0.0
0.0
18.0
153.0
388.0
590.0
551.0
594.0
315.0
364.0
544.0
397.0
205.0
246.0
244.0
186.0
110.0
12.0
0.0
0.0
0.0
0.0
0.0
0.0
0.0
0.0
15.0
153.0
314.0
481.0
633.0
759.0
841.0
886.0
881.0
830.0
736.0
603.0
452.0
284.0
122.0
6.0
0.0
0.0
0.0
0.0
0.0
0.0
0.0
0.0
11.0
114.0
249.0
339.0
435.0
621.0
743.0
764.0
795.0
709.0
571.0
469.0
346.0
212.0
93.0
4.0
0.0
0.0
0.0
0.0
0.0
0.0
0.0
0.0
4.0
32.0
58.0
105.0
121.0
133.0
191.0
232.0
227.0
221.0
157.0
141.0
74.0
51.0
20.0
2.0
0.0
0.0
0.0
0.0
0.0
0.0
0.0
0.0
6.0
39.0
77.0
116.0
147.0
153.0
201.0
219.0
195.0
142.0
135.0
141.0
86.0
52.0
22.0
2.0
0.0
0.0
0.0
0.0
0.0
0.0
0.0
0.0
4.0
35.0
72.0
101.0
115.0
178.0
180.0
178.0
210.0
189.0
202.0
154.0
104.0
82.0
30.0
2.0
0.0
0.0
0.0
0.0
0.0
0.0
0.0
0.0
15.0
121.0
258.0
388.0
554.0
638.0
708.0
751.0
797.0
704.0
634.0
481.0
350.0
210.0
106.0
7.0
0.0
0.0
0.0
0.0
0.0
0.0
0.0
0.0
10.0
75.0
144.0
221.0
285.0
339.0
383.0
368.0
368.0
348.0
286.0
215.0
156.0
89.0
37.0
2.0
0.0
0.0
0.0
0.0
0.0
0.0
0.0
0.0
27.0
157.0
302.0
442.0
622.0
889.0
973.0
516.0
312.0
120.0
133.0
51.0
38.0
24.0
11.0
2.0
0.0
0.0
0.0
0.0
0.0
0.0
0.0
0.0
23.0
114.0
322.0
572.0
750.0
794.0
734.0
497.0
594.0
441.0
346.0
182.0
136.0
292.0
151.0
27.0
0.0
0.0
0.0
0.0
0.0
0.0
0.0
0.0
21.0
173.0
346.0
522.0
682.0
809.0
897.0
932.0
921.0
866.0
762.0
622.0
456.0
285.0
126.0
6.0
0.0
0.0
0.0
0.0
0.0
0.0
0.0
0.0
21.0
132.0
262.0
366.0
506.0
536.0
688.0
745.0
856.0
792.0
634.0
526.0
323.0
208.0
95.0
8.0
0.0
0.0
0.0
0.0
0.0
0.0
0.0
0.0
4.0
14.0
28.0
43.0
155.0
150.0
153.0
121.0
281.0
839.0
861.0
475.0
441.0
289.0
70.0
9.0
0.0
0.0
0.0
0.0
0.0
0.0
0.0
0.0
4.0
84.0
126.0
179.0
310.0
456.0
538.0
703.0
688.0
585.0
540.0
464.0
418.0
307.0
155.0
30.0
0.0
0.0
0.0
0.0
0.0
0.0
0.0
0.0
18.0
133.0
271.0
446.0
592.0
672.0
735.0
763.0
748.0
719.0
674.0
561.0
404.0
263.0
118.0
11.0
0.0
0.0
0.0
0.0
0.0
0.0
0.0
0.0
4.0
69.0
139.0
188.0
286.0
368.0
449.0
454.0
426.0
401.0
247.0
234.0
139.0
112.0
67.0
9.0
0.0
0.0
0.0
0.0
0.0
0.0
0.0
0.0
29.0
105.0
201.0
284.0
375.0
427.0
497.0
517.0
502.0
402.0
377.0
319.0
205.0
118.0
46.0
3.0
0.0
0.0
0.0
0.0
0.0
0.0
0.0
0.0
28.0
138.0
377.0
259.0
258.0
684.0
658.0
672.0
879.0
540.0
343.0
98.0
199.0
39.0
32.0
7.0
0.0
0.0
0.0
0.0
0.0
0.0
0.0
0.0
47.0
173.0
335.0
505.0
659.0
790.0
876.0
923.0
917.0
866.0
770.0
639.0
481.0
309.0
146.0
13.0
0.0
0.0
0.0
0.0
0.0
0.0
0.0
0.0
36.0
153.0
389.0
481.0
473.0
348.0
619.0
372.0
486.0
370.0
329.0
155.0
117.0
28.0
14.0
3.0
0.0
0.0
0.0
0.0
0.0
0.0
0.0
0.0
26.0
66.0
147.0
126.0
216.0
209.0
413.0
548.0
629.0
680.0
558.0
444.0
395.0
332.0
151.0
33.0
0.0
0.0
0.0
0.0
0.0
0.0
0.0
0.0
26.0
87.0
146.0
259.0
317.0
362.0
430.0
478.0
470.0
447.0
371.0
310.0
194.0
116.0
52.0
3.0
0.0
0.0
0.0
0.0
0.0
0.0
0.0
0.0
26.0
68.0
146.0
256.0
399.0
431.0
471.0
494.0
502.0
462.0
424.0
298.0
252.0
174.0
75.0
3.0
0.0
0.0
0.0
0.0
0.0
0.0
0.0
0.0
43.0
154.0
303.0
460.0
604.0
736.0
802.0
844.0
859.0
815.0
712.0
593.0
440.0
277.0
134.0
13.0
0.0
0.0
0.0
0.0
0.0
0.0
0.0
0.0
42.0
151.0
306.0
456.0
612.0
706.0
769.0
826.0
806.0
762.0
667.0
562.0
422.0
266.0
122.0
8.0
0.0
0.0
0.0
0.0
0.0
0.0
0.0
0.0
47.0
171.0
337.0
510.0
666.0
797.0
887.0
932.0
928.0
871.0
769.0
631.0
471.0
301.0
143.0
12.0
0.0
0.0
0.0
0.0
0.0
0.0
0.0
0.0
43.0
158.0
310.0
470.0
609.0
726.0
794.0
838.0
840.0
783.0
699.0
575.0
426.0
276.0
132.0
11.0
0.0
0.0
0.0
0.0
0.0
0.0
0.0
0.0
44.0
163.0
321.0
487.0
644.0
766.0
854.0
898.0
892.0
853.0
767.0
637.0
480.0
313.0
153.0
17.0
0.0
0.0
0.0
0.0
0.0
0.0
0.0
0.0
23.0
139.0
280.0
410.0
517.0
645.0
720.0
693.0
722.0
639.0
558.0
438.0
310.0
180.0
73.0
3.0
0.0
0.0
0.0
0.0
0.0
0.0
0.0
0.0
49.0
136.0
230.0
260.0
383.0
552.0
224.0
539.0
685.0
965.0
451.0
282.0
39.0
25.0
12.0
3.0
0.0
0.0
0.0
0.0
0.0
0.0
0.0
0.0
11.0
116.0
252.0
391.0
488.0
576.0
608.0
584.0
619.0
532.0
493.0
458.0
275.0
186.0
76.0
3.0
0.0
0.0
0.0
0.0
0.0
0.0
0.0
0.0
4.0
14.0
28.0
42.0
63.0
149.0
630.0
429.0
685.0
580.0
619.0
725.0
193.0
253.0
69.0
21.0
0.0
0.0
0.0
0.0
0.0
0.0
0.0
0.0
17.0
123.0
246.0
402.0
526.0
624.0
704.0
816.0
795.0
769.0
687.0
539.0
418.0
255.0
137.0
17.0
0.0
0.0
0.0
0.0
0.0
0.0
0.0
0.0
29.0
188.0
373.0
500.0
613.0
689.0
676.0
530.0
536.0
351.0
393.0
394.0
351.0
213.0
91.0
16.0
0.0
0.0
0.0
0.0
0.0
0.0
0.0
0.0
17.0
131.0
241.0
374.0
515.0
629.0
728.0
770.0
739.0
656.0
614.0
513.0
357.0
215.0
88.0
3.0
0.0
0.0
0.0
0.0
0.0
0.0
0.0
0.0
3.0
73.0
260.0
259.0
234.0
220.0
287.0
398.0
477.0
407.0
391.0
317.0
282.0
112.0
52.0
4.0
0.0
0.0
0.0
0.0
0.0
0.0
0.0
0.0
8.0
85.0
180.0
272.0
372.0
464.0
548.0
513.0
501.0
494.0
442.0
360.0
271.0
164.0
85.0
3.0
0.0
0.0
0.0
0.0
0.0
0.0
0.0
0.0
15.0
140.0
263.0
376.0
489.0
607.0
640.0
735.0
648.0
607.0
701.0
543.0
401.0
277.0
138.0
15.0
0.0
0.0
0.0
0.0
0.0
0.0
0.0
0.0
3.0
60.0
67.0
110.0
152.0
288.0
318.0
360.0
432.0
409.0
340.0
264.0
248.0
110.0
61.0
10.0
0.0
0.0
0.0
0.0
0.0
0.0
0.0
0.0
3.0
48.0
75.0
148.0
219.0
331.0
331.0
343.0
378.0
376.0
345.0
220.0
145.0
96.0
56.0
7.0
0.0
0.0
0.0
0.0
0.0
0.0
0.0
0.0
3.0
32.0
68.0
101.0
135.0
163.0
184.0
202.0
197.0
185.0
167.0
139.0
98.0
66.0
34.0
4.0
0.0
0.0
0.0
0.0
0.0
0.0
0.0
0.0
7.0
86.0
167.0
255.0
364.0
469.0
494.0
590.0
610.0
603.0
546.0
402.0
275.0
151.0
75.0
3.0
0.0
0.0
0.0
0.0
0.0
0.0
0.0
0.0
7.0
38.0
100.0
317.0
521.0
908.0
719.0
546.0
549.0
240.0
130.0
57.0
43.0
41.0
14.0
3.0
0.0
0.0
0.0
0.0
0.0
0.0
0.0
0.0
3.0
49.0
115.0
175.0
207.0
253.0
267.0
321.0
291.0
231.0
205.0
186.0
143.0
127.0
67.0
9.0
0.0
0.0
0.0
0.0
0.0
0.0
0.0
0.0
12.0
117.0
243.0
374.0
525.0
602.0
691.0
760.0
665.0
653.0
601.0
574.0
454.0
250.0
99.0
9.0
0.0
0.0
0.0
0.0
0.0
0.0
0.0
0.0
9.0
127.0
271.0
475.0
610.0
747.0
794.0
396.0
555.0
619.0
559.0
480.0
375.0
275.0
139.0
19.0
0.0
0.0
0.0
0.0
0.0
0.0
0.0
0.0
12.0
132.0
278.0
423.0
571.0
686.0
766.0
820.0
832.0
777.0
703.0
564.0
426.0
269.0
132.0
12.0
0.0
0.0
0.0
0.0
0.0
0.0
0.0
0.0
12.0
143.0
304.0
471.0
624.0
753.0
849.0
891.0
884.0
840.0
747.0
619.0
458.0
290.0
134.0
9.0
0.0
0.0
0.0
0.0
0.0
0.0
0.0
0.0
13.0
145.0
287.0
424.0
502.0
648.0
725.0
759.0
772.0
741.0
615.0
504.0
367.0
241.0
110.0
6.0
0.0
0.0
0.0
0.0
0.0
0.0
0.0
0.0
10.0
141.0
293.0
463.0
609.0
800.0
944.0
488.0
427.0
366.0
343.0
315.0
233.0
128.0
71.0
5.0
0.0
0.0
0.0
0.0
0.0
0.0
0.0
0.0
7.0
94.0
209.0
335.0
468.0
555.0
621.0
660.0
612.0
543.0
490.0
384.0
284.0
178.0
72.0
2.0
0.0
0.0
0.0
0.0
0.0
0.0
0.0
0.0
6.0
118.0
264.0
416.0
519.0
675.0
777.0
824.0
767.0
694.0
630.0
549.0
426.0
263.0
102.0
4.0
0.0
0.0
0.0
0.0
0.0
0.0
0.0
0.0
9.0
136.0
297.0
473.0
637.0
771.0
865.0
912.0
916.0
865.0
773.0
639.0
476.0
305.0
143.0
11.0
0.0
0.0
0.0
0.0
0.0
0.0
0.0
0.0
7.0
124.0
276.0
445.0
596.0
725.0
803.0
844.0
854.0
799.0
707.0
590.0
437.0
273.0
123.0
7.0
0.0
0.0
0.0
0.0
0.0
0.0
0.0
0.0
8.0
127.0
285.0
457.0
624.0
761.0
859.0
908.0
900.0
859.0
763.0
631.0
468.0
293.0
131.0
9.0
0.0
0.0
0.0
0.0
0.0
0.0
0.0
0.0
5.0
108.0
252.0
407.0
544.0
668.0
749.0
796.0
798.0
775.0
714.0
588.0
449.0
295.0
131.0
11.0
0.0
0.0
0.0
0.0
0.0
0.0
0.0
0.0
7.0
127.0
285.0
459.0
620.0
750.0
851.0
897.0
903.0
855.0
764.0
627.0
467.0
292.0
131.0
7.0
0.0
0.0
0.0
0.0
0.0
0.0
0.0
0.0
7.0
129.0
306.0
488.0
629.0
771.0
879.0
558.0
579.0
536.0
469.0
380.0
279.0
146.0
68.0
2.0
0.0
0.0
0.0
0.0
0.0
0.0
0.0
0.0
3.0
54.0
150.0
247.0
304.0
368.0
436.0
468.0
486.0
403.0
379.0
310.0
233.0
131.0
60.0
2.0
0.0
0.0
0.0
0.0
0.0
0.0
0.0
0.0
5.0
105.0
241.0
383.0
531.0
684.0
766.0
800.0
801.0
702.0
621.0
497.0
333.0
215.0
88.0
3.0
0.0
0.0
0.0
0.0
0.0
0.0
0.0
0.0
4.0
97.0
217.0
354.0
483.0
648.0
691.0
752.0
739.0
699.0
621.0
480.0
334.0
204.0
77.0
1.0
0.0
0.0
0.0
0.0
0.0
0.0
0.0
0.0
1.0
24.0
63.0
95.0
126.0
152.0
164.0
191.0
196.0
178.0
188.0
156.0
114.0
70.0
26.0
1.0
0.0
0.0
0.0
0.0
0.0
0.0
0.0
0.0
3.0
99.0
243.0
394.0
543.0
676.0
764.0
819.0
796.0
753.0
678.0
563.0
433.0
273.0
118.0
6.0
0.0
0.0
0.0
0.0
0.0
0.0
0.0
0.0
2.0
50.0
123.0
180.0
261.0
347.0
373.0
404.0
370.0
309.0
279.0
233.0
175.0
114.0
47.0
1.0
0.0
0.0
0.0
0.0
0.0
0.0
0.0
0.0
2.0
91.0
222.0
364.0
516.0
633.0
726.0
758.0
758.0
719.0
638.0
520.0
356.0
205.0
81.0
1.0
0.0
0.0
0.0
0.0
0.0
0.0
0.0
0.0
2.0
94.0
240.0
402.0
552.0
687.0
762.0
811.0
804.0
763.0
668.0
548.0
382.0
223.0
91.0
2.0
0.0
0.0
0.0
0.0
0.0
0.0
0.0
0.0
3.0
101.0
246.0
445.0
621.0
710.0
804.0
455.0
458.0
309.0
267.0
236.0
188.0
67.0
39.0
2.0
0.0
0.0
0.0
0.0
0.0
0.0
0.0
0.0
3.0
112.0
287.0
482.0
666.0
712.0
838.0
551.0
497.0
483.0
388.0
343.0
251.0
149.0
66.0
2.0
0.0
0.0
0.0
0.0
0.0
0.0
0.0
0.0
1.0
7.0
67.0
170.0
283.0
409.0
406.0
414.0
447.0
427.0
320.0
225.0
104.0
34.0
36.0
1.0
0.0
0.0
0.0
0.0
0.0
0.0
0.0
0.0
1.0
85.0
231.0
389.0
541.0
666.0
755.0
804.0
815.0
772.0
690.0
563.0
409.0
244.0
97.0
2.0
0.0
0.0
0.0
0.0
0.0
0.0
0.0
0.0
1.0
63.0
166.0
267.0
413.0
514.0
567.0
594.0
618.0
543.0
454.0
389.0
285.0
158.0
56.0
1.0
0.0
0.0
0.0
0.0
0.0
0.0
0.0
0.0
1.0
85.0
228.0
390.0
544.0
672.0
751.0
798.0
797.0
734.0
642.0
517.0
371.0
216.0
80.0
1.0
0.0
0.0
0.0
0.0
0.0
0.0
0.0
0.0
1.0
82.0
224.0
386.0
543.0
664.0
763.0
807.0
818.0
773.0
691.0
563.0
401.0
240.0
91.0
1.0
0.0
0.0
0.0
0.0
0.0
0.0
0.0
0.0
1.0
54.0
196.0
253.0
382.0
447.0
570.0
515.0
588.0
333.0
226.0
324.0
323.0
245.0
86.0
4.0
0.0
0.0
0.0
0.0
0.0
0.0
0.0
0.0
0.0
7.0
47.0
152.0
236.0
293.0
459.0
535.0
373.0
477.0
312.0
321.0
266.0
132.0
43.0
0.0
0.0
0.0
0.0
0.0
0.0
0.0
0.0
0.0
0.0
58.0
170.0
313.0
432.0
541.0
610.0
648.0
643.0
602.0
522.0
429.0
308.0
181.0
61.0
0.0
0.0
0.0
0.0
0.0
0.0
0.0
0.0
0.0
0.0
65.0
151.0
271.0
381.0
543.0
751.0
713.0
584.0
500.0
517.0
458.0
341.0
248.0
71.0
1.0
0.0
0.0
0.0
0.0
0.0
0.0
0.0
0.0
0.0
82.0
245.0
440.0
417.0
460.0
362.0
286.0
411.0
95.0
61.0
49.0
35.0
19.0
7.0
0.0
0.0
0.0
0.0
0.0
0.0
0.0
0.0
0.0
0.0
66.0
201.0
362.0
516.0
644.0
734.0
780.0
781.0
734.0
643.0
516.0
361.0
202.0
66.0
0.0
0.0
0.0
0.0
0.0
0.0
0.0
0.0
0.0
0.0
37.0
119.0
221.0
268.0
354.0
340.0
346.0
433.0
406.0
446.0
392.0
352.0
234.0
73.0
1.0
0.0
0.0
0.0
0.0
0.0
0.0
0.0
0.0
0.0
59.0
84.0
199.0
362.0
533.0
470.0
437.0
380.0
310.0
58.0
265.0
199.0
52.0
19.0
0.0
0.0
0.0
0.0
0.0
0.0
0.0
0.0
0.0
0.0
56.0
166.0
302.0
466.0
559.0
596.0
585.0
591.0
604.0
613.0
442.0
313.0
173.0
48.0
0.0
0.0
0.0
0.0
0.0
0.0
0.0
0.0
0.0
0.0
42.0
146.0
231.0
541.0
678.0
870.0
854.0
609.0
473.0
329.0
242.0
131.0
69.0
25.0
0.0
0.0
0.0
0.0
0.0
0.0
0.0
0.0
0.0
0.0
60.0
204.0
374.0
535.0
671.0
766.0
814.0
814.0
760.0
666.0
526.0
361.0
192.0
55.0
0.0
0.0
0.0
0.0
0.0
0.0
0.0
0.0
0.0
0.0
58.0
198.0
365.0
522.0
651.0
737.0
782.0
780.0
728.0
624.0
498.0
344.0
181.0
22.0
0.0
0.0
0.0
0.0
0.0
0.0
0.0
0.0
0.0
0.0
30.0
163.0
273.0
389.0
556.0
428.0
404.0
478.0
477.0
553.0
465.0
289.0
215.0
33.0
0.0
0.0
0.0
0.0
0.0
0.0
0.0
0.0
0.0
0.0
51.0
187.0
350.0
505.0
633.0
729.0
779.0
776.0
732.0
639.0
499.0
341.0
178.0
21.0
0.0
0.0
0.0
0.0
0.0
0.0
0.0
0.0
0.0
0.0
24.0
184.0
347.0
500.0
637.0
725.0
772.0
764.0
715.0
624.0
495.0
329.0
169.0
18.0
0.0
0.0
0.0
0.0
0.0
0.0
0.0
0.0
0.0
0.0
24.0
175.0
301.0
516.0
634.0
692.0
662.0
626.0
540.0
492.0
363.0
242.0
109.0
4.0
0.0
0.0
0.0
0.0
0.0
0.0
0.0
0.0
0.0
0.0
4.0
40.0
79.0
114.0
145.0
165.0
175.0
184.0
169.0
150.0
123.0
84.0
42.0
4.0
0.0
0.0
0.0
0.0
0.0
0.0
0.0
0.0
0.0
0.0
14.0
138.0
79.0
206.0
387.0
357.0
159.0
67.0
253.0
469.0
466.0
381.0
186.0
25.0
0.0
0.0
0.0
0.0
0.0
0.0
0.0
0.0
0.0
0.0
18.0
168.0
327.0
478.0
607.0
687.0
728.0
737.0
686.0
587.0
429.0
288.0
145.0
11.0
0.0
0.0
0.0
0.0
0.0
0.0
0.0
0.0
0.0
0.0
16.0
170.0
337.0
499.0
635.0
726.0
772.0
774.0
717.0
617.0
482.0
314.0
151.0
11.0
0.0
0.0
0.0
0.0
0.0
0.0
0.0
0.0
0.0
0.0
14.0
144.0
284.0
403.0
539.0
618.0
683.0
653.0
565.0
467.0
369.0
221.0
101.0
2.0
0.0
0.0
0.0
0.0
0.0
0.0
0.0
0.0
0.0
0.0
3.0
57.0
152.0
477.0
734.0
761.0
678.0
552.0
593.0
318.0
90.0
27.0
13.0
2.0
0.0
0.0
0.0
0.0
0.0
0.0
0.0
0.0
0.0
0.0
11.0
122.0
238.0
346.0
453.0
527.0
545.0
543.0
478.0
440.0
317.0
198.0
87.0
2.0
0.0
0.0
0.0
0.0
0.0
0.0
0.0
0.0
0.0
0.0
17.0
168.0
374.0
517.0
424.0
481.0
372.0
286.0
274.0
98.0
39.0
25.0
11.0
2.0
0.0
0.0
0.0
0.0
0.0
0.0
0.0
0.0
0.0
0.0
5.0
64.0
151.0
212.0
288.0
341.0
358.0
371.0
361.0
321.0
203.0
128.0
44.0
2.0
0.0
0.0
0.0
0.0
0.0
0.0
0.0
0.0
0.0
0.0
11.0
164.0
339.0
509.0
651.0
753.0
806.0
803.0
747.0
643.0
496.0
323.0
145.0
6.0
0.0
0.0
0.0
0.0
0.0
0.0
0.0
0.0
0.0
0.0
10.0
149.0
304.0
468.0
599.0
682.0
734.0
720.0
670.0
571.0
442.0
272.0
115.0
2.0
0.0
0.0
0.0
0.0
0.0
0.0
0.0
0.0
0.0
0.0
8.0
134.0
286.0
430.0
550.0
651.0
703.0
701.0
656.0
562.0
434.0
274.0
120.0
5.0
0.0
0.0
0.0
0.0
0.0
0.0
0.0
0.0
0.0
0.0
7.0
120.0
271.0
410.0
544.0
608.0
632.0
663.0
592.0
484.0
344.0
215.0
76.0
1.0
0.0
0.0
0.0
0.0
0.0
0.0
0.0
0.0
0.0
0.0
2.0
71.0
149.0
508.0
521.0
628.0
93.0
361.0
786.0
525.0
54.0
24.0
10.0
1.0
0.0
0.0
0.0
0.0
0.0
0.0
0.0
0.0
0.0
0.0
2.0
116.0
351.0
303.0
469.0
351.0
534.0
658.0
239.0
205.0
57.0
23.0
9.0
1.0
0.0
0.0
0.0
0.0
0.0
0.0
0.0
0.0
0.0
0.0
2.0
80.0
116.0
172.0
339.0
409.0
395.0
297.0
378.0
383.0
268.0
229.0
109.0
3.0
0.0
0.0
0.0
0.0
0.0
0.0
0.0
0.0
0.0
0.0
2.0
92.0
173.0
232.0
273.0
326.0
373.0
388.0
362.0
374.0
263.0
167.0
46.0
1.0
0.0
0.0
0.0
0.0
0.0
0.0
0.0
0.0
0.0
0.0
3.0
97.0
223.0
344.0
439.0
496.0
537.0
515.0
486.0
417.0
304.0
185.0
69.0
0.0
0.0
0.0
0.0
0.0
0.0
0.0
0.0
0.0
0.0
0.0
1.0
76.0
180.0
279.0
403.0
426.0
491.0
449.0
458.0
406.0
218.0
132.0
54.0
1.0
0.0
0.0
0.0
0.0
0.0
0.0
0.0
0.0
0.0
0.0
3.0
123.0
285.0
448.0
582.0
679.0
717.0
712.0
648.0
544.0
397.0
232.0
82.0
0.0
0.0
0.0
0.0
0.0
0.0
0.0
0.0
0.0
0.0
0.0
3.0
129.0
299.0
469.0
607.0
706.0
748.0
744.0
685.0
577.0
430.0
254.0
88.0
0.0
0.0
0.0
0.0
0.0
0.0
0.0
0.0
0.0
0.0
0.0
4.0
111.0
242.0
381.0
495.0
547.0
573.0
542.0
515.0
445.0
357.0
212.0
75.0
1.0
0.0
0.0
0.0
0.0
0.0
0.0
0.0
0.0
0.0
0.0
2.0
97.0
224.0
364.0
485.0
576.0
661.0
647.0
577.0
478.0
358.0
202.0
70.0
0.0
0.0
0.0
0.0
0.0
0.0
0.0
0.0
0.0
0.0
0.0
1.0
12.0
24.0
38.0
50.0
58.0
62.0
61.0
484.0
411.0
299.0
172.0
52.0
0.0
0.0
0.0
0.0
0.0
0.0
0.0
0.0
0.0
0.0
0.0
4.0
58.0
173.0
256.0
216.0
303.0
366.0
440.0
348.0
145.0
160.0
78.0
5.0
0.0
0.0
0.0
0.0
0.0
0.0
0.0
0.0
0.0
0.0
0.0
1.0
79.0
189.0
305.0
432.0
507.0
607.0
638.0
540.0
458.0
326.0
176.0
59.0
0.0
0.0
0.0
0.0
0.0
0.0
0.0
0.0
0.0
0.0
0.0
1.0
20.0
22.0
103.0
122.0
257.0
358.0
352.0
242.0
208.0
77.0
37.0
5.0
0.0
0.0
0.0
0.0
0.0
0.0
0.0
0.0
0.0
0.0
0.0
1.0
35.0
92.0
138.0
180.0
205.0
209.0
202.0
171.0
161.0
106.0
57.0
5.0
0.0
0.0
0.0
0.0
0.0
0.0
0.0
0.0
0.0
0.0
0.0
0.0
22.0
40.0
69.0
113.0
163.0
157.0
171.0
157.0
127.0
86.0
42.0
5.0
0.0
0.0
0.0
0.0
0.0
0.0
0.0
0.0
0.0
0.0
0.0
2.0
52.0
160.0
219.0
246.0
229.0
419.0
386.0
166.0
175.0
184.0
91.0
4.0
0.0
0.0
0.0
0.0
0.0
0.0
0.0
0.0
0.0
0.0
0.0
0.0
8.0
67.0
149.0
207.0
164.0
234.0
276.0
241.0
179.0
151.0
137.0
28.0
0.0
0.0
0.0
0.0
0.0
0.0
0.0
0.0
0.0
0.0
0.0
0.0
73.0
198.0
329.0
443.0
520.0
555.0
539.0
490.0
391.0
267.0
140.0
12.0
0.0
0.0
0.0
0.0
0.0
0.0
0.0
0.0
0.0
0.0
0.0
0.0
7.0
57.0
34.0
132.0
269.0
307.0
232.0
342.0
316.0
161.0
65.0
6.0
0.0
0.0
0.0
0.0
0.0
0.0
0.0
0.0
0.0
0.0
0.0
0.0
37.0
108.0
194.0
257.0
295.0
293.0
298.0
230.0
200.0
122.0
58.0
3.0
0.0
0.0
0.0
0.0
0.0
0.0
0.0
0.0
0.0
0.0
0.0
0.0
40.0
119.0
246.0
316.0
372.0
429.0
379.0
362.0
246.0
160.0
79.0
2.0
0.0
0.0
0.0
0.0
0.0
0.0
0.0
0.0
0.0
0.0
0.0
0.0
43.0
118.0
189.0
275.0
351.0
331.0
394.0
448.0
387.0
314.0
168.0
28.0
0.0
0.0
0.0
0.0
0.0
0.0
0.0
0.0
0.0
0.0
0.0
0.0
47.0
142.0
237.0
309.0
372.0
410.0
410.0
353.0
302.0
184.0
82.0
2.0
0.0
0.0
0.0
0.0
0.0
0.0
0.0
0.0
0.0
0.0
0.0
0.0
57.0
184.0
321.0
433.0
497.0
516.0
502.0
433.0
333.0
217.0
94.0
2.0
0.0
0.0
0.0
0.0
0.0
0.0
0.0
0.0
0.0
0.0
0.0
0.0
78.0
197.0
215.0
357.0
517.0
477.0
520.0
312.0
256.0
202.0
105.0
8.0
0.0
0.0
0.0
0.0
0.0
0.0
0.0
0.0
0.0
0.0
0.0
0.0
28.0
105.0
134.0
194.0
204.0
181.0
175.0
97.0
110.0
87.0
51.0
1.0
0.0
0.0
0.0
0.0
0.0
0.0
0.0
0.0
0.0
0.0
0.0
0.0
7.0
56.0
29.0
83.0
257.0
322.0
326.0
348.0
195.0
141.0
108.0
7.0
0.0
0.0
0.0
0.0
0.0
0.0
0.0
0.0
0.0
0.0
0.0
0.0
10.0
37.0
50.0
80.0
91.0
93.0
85.0
494.0
373.0
246.0
93.0
1.0
0.0
0.0
0.0
0.0
0.0
0.0
0.0
0.0
0.0
0.0
0.0
0.0
8.0
56.0
87.0
100.0
150.0
169.0
182.0
144.0
77.0
51.0
19.0
1.0
0.0
0.0
0.0
0.0
0.0
0.0
0.0
0.0
0.0
0.0
0.0
0.0
17.0
118.0
220.0
306.0
331.0
392.0
444.0
405.0
331.0
226.0
118.0
4.0
0.0
0.0
0.0
0.0
0.0
0.0
0.0
0.0
0.0
0.0
0.0
0.0
12.0
118.0
219.0
304.0
339.0
399.0
390.0
360.0
283.0
178.0
70.0
1.0
0.0
0.0
0.0
0.0
0.0
0.0
0.0
0.0
0.0
0.0
0.0
0.0
4.0
163.0
238.0
357.0
416.0
328.0
395.0
319.0
211.0
217.0
60.0
2.0
0.0
0.0
0.0
0.0
0.0
0.0
0.0
0.0
0.0
0.0
0.0
0.0
15.0
129.0
210.0
288.0
336.0
401.0
400.0
322.0
270.0
155.0
55.0
0.0
0.0
0.0
0.0
0.0
0.0
0.0
0.0
0.0
0.0
0.0
0.0
0.0
4.0
54.0
104.0
149.0
188.0
202.0
193.0
181.0
142.0
95.0
35.0
0.0
0.0
0.0
0.0
0.0
0.0
0.0
0.0
0.0
0.0
0.0
0.0
0.0
3.0
28.0
129.0
80.0
182.0
206.0
257.0
223.0
183.0
116.0
63.0
1.0
0.0
0.0
0.0
0.0
0.0
0.0
0.0
0.0
0.0
0.0
0.0
0.0
3.0
40.0
75.0
91.0
100.0
107.0
110.0
106.0
103.0
59.0
20.0
0.0
0.0
0.0
0.0
0.0
0.0
0.0
0.0
0.0
0.0
0.0
0.0
0.0
12.0
34.0
131.0
118.0
370.0
399.0
245.0
70.0
159.0
119.0
47.0
0.0
0.0
0.0
0.0
0.0
0.0
0.0
0.0
0.0
0.0
0.0
0.0
0.0
3.0
32.0
66.0
91.0
116.0
133.0
147.0
465.0
351.0
219.0
79.0
0.0
0.0
0.0
0.0
0.0
0.0
0.0
0.0
0.0
0.0
0.0
0.0
0.0
8.0
123.0
253.0
374.0
460.0
500.0
476.0
406.0
328.0
171.0
54.0
0.0
0.0
0.0
0.0
0.0
0.0
0.0
0.0
0.0
0.0
0.0
0.0
0.0
10.0
150.0
296.0
418.0
508.0
539.0
519.0
457.0
341.0
198.0
62.0
0.0
0.0
0.0
0.0
0.0
0.0
0.0
0.0
0.0
0.0
0.0
0.0
0.0
2.0
95.0
226.0
325.0
368.0
350.0
271.0
277.0
163.0
95.0
23.0
0.0
0.0
0.0
0.0
0.0
0.0
0.0
0.0
0.0
0.0
0.0
0.0
0.0
11.0
136.0
267.0
347.0
291.0
382.0
410.0
433.0
271.0
155.0
31.0
0.0
0.0
0.0
0.0
0.0
0.0
0.0
0.0
0.0
0.0
0.0
0.0
0.0
7.0
132.0
261.0
360.0
452.0
496.0
478.0
404.0
296.0
169.0
27.0
0.0
0.0
0.0
0.0
0.0
0.0
0.0
0.0
0.0
0.0
0.0
0.0
0.0
6.0
129.0
270.0
387.0
483.0
521.0
500.0
428.0
315.0
176.0
21.0
0.0
0.0
0.0
0.0
0.0
0.0
0.0
0.0
0.0
0.0
0.0
0.0
0.0
6.0
119.0
237.0
351.0
432.0
470.0
477.0
424.0
320.0
178.0
25.0
0.0
0.0
0.0
0.0
0.0
0.0
0.0
0.0
0.0
0.0
0.0
0.0
0.0
5.0
81.0
193.0
249.0
249.0
408.0
384.0
357.0
243.0
147.0
27.0
0.0
0.0
0.0
0.0
0.0
0.0
0.0
0.0
0.0
0.0
0.0
0.0
0.0
5.0
21.0
88.0
99.0
236.0
196.0
238.0
182.0
189.0
99.0
22.0
0.0
0.0
0.0
0.0
0.0
0.0
0.0
0.0
0.0
0.0
0.0
0.0
0.0
1.0
9.0
33.0
51.0
95.0
116.0
79.0
410.0
285.0
154.0
16.0
0.0
0.0
0.0
0.0
0.0
0.0
0.0
0.0
0.0
0.0
0.0
0.0
0.0
4.0
43.0
79.0
37.0
40.0
50.0
138.0
430.0
294.0
163.0
15.0
0.0
0.0
0.0
0.0
0.0
0.0
0.0
0.0
0.0
0.0
0.0
0.0
0.0
1.0
17.0
48.0
81.0
78.0
102.0
107.0
407.0
284.0
128.0
3.0
0.0
0.0
0.0
0.0
0.0
0.0
0.0
0.0
0.0
0.0
0.0
0.0
0.0
1.0
50.0
115.0
177.0
242.0
254.0
237.0
206.0
140.0
61.0
2.0
0.0
0.0
0.0
0.0
0.0
0.0
0.0
0.0
0.0
0.0
0.0
0.0
0.0
1.0
16.0
43.0
54.0
49.0
49.0
40.0
375.0
269.0
140.0
10.0
0.0
0.0
0.0
0.0
0.0
0.0
0.0
0.0
0.0
0.0
0.0
0.0
0.0
1.0
37.0
88.0
137.0
166.0
179.0
178.0
150.0
104.0
49.0
2.0
0.0
0.0
0.0
0.0
0.0
0.0
0.0
0.0
0.0
0.0
0.0
0.0
0.0
1.0
7.0
18.0
227.0
200.0
275.0
208.0
202.0
124.0
64.0
2.0
0.0
0.0
0.0
0.0
0.0
0.0
0.0
0.0
0.0
0.0
0.0
0.0
0.0
1.0
88.0
217.0
342.0
429.0
466.0
443.0
375.0
261.0
131.0
6.0
0.0
0.0
0.0
0.0
0.0
0.0
0.0
0.0
0.0
0.0
0.0
0.0
0.0
0.0
53.0
135.0
208.0
271.0
250.0
227.0
213.0
157.0
67.0
2.0
0.0
0.0
0.0
0.0
0.0
0.0
0.0
0.0
0.0
0.0
0.0
0.0
0.0
0.0
66.0
157.0
255.0
310.0
343.0
324.0
280.0
204.0
108.0
5.0
0.0
0.0
0.0
0.0
0.0
0.0
0.0
0.0
0.0
0.0
0.0
0.0
0.0
0.0
58.0
152.0
231.0
293.0
316.0
280.0
245.0
162.0
76.0
1.0
0.0
0.0
0.0
0.0
0.0
0.0
0.0
0.0
0.0
0.0
0.0
0.0
0.0
0.0
21.0
45.0
78.0
99.0
105.0
97.0
79.0
44.0
26.0
1.0
0.0
0.0
0.0
0.0
0.0
0.0
0.0
0.0
0.0
0.0
0.0
0.0
0.0
0.0
10.0
18.0
44.0
74.0
55.0
71.0
324.0
218.0
111.0
2.0
0.0
0.0
0.0
0.0
0.0
0.0
0.0
0.0
0.0
0.0
0.0
0.0
0.0
0.0
6.0
19.0
38.0
58.0
73.0
70.0
330.0
230.0
109.0
3.0
0.0
0.0
0.0
0.0
0.0
0.0
0.0
0.0
0.0
0.0
0.0
0.0
0.0
0.0
27.0
70.0
104.0
121.0
111.0
104.0
90.0
66.0
29.0
1.0
0.0
0.0
0.0
0.0
0.0
0.0
0.0
0.0
0.0
0.0
0.0
0.0
0.0
0.0
53.0
96.0
139.0
129.0
151.0
137.0
125.0
82.0
58.0
3.0
0.0
0.0
0.0
0.0
0.0
0.0
0.0
0.0
0.0
0.0
0.0
0.0
0.0
0.0
13.0
47.0
77.0
100.0
97.0
100.0
83.0
53.0
20.0
1.0
0.0
0.0
0.0
0.0
0.0
0.0
0.0
0.0
0.0
0.0
0.0
0.0
0.0
0.0
65.0
199.0
328.0
387.0
333.0
246.0
72.0
72.0
79.0
1.0
0.0
0.0
0.0
0.0
0.0
0.0
0.0
0.0
0.0
0.0
0.0
0.0
0.0
0.0
16.0
33.0
111.0
154.0
169.0
131.0
108.0
74.0
41.0
1.0
0.0
0.0
0.0
0.0
0.0
0.0
0.0
0.0
0.0
0.0
0.0
0.0
0.0
0.0
9.0
46.0
72.0
84.0
82.0
88.0
81.0
50.0
15.0
0.0
0.0
0.0
0.0
0.0
0.0
0.0
0.0
0.0
0.0
0.0
0.0
0.0
0.0
0.0
4.0
24.0
43.0
60.0
62.0
58.0
54.0
34.0
12.0
0.0
0.0
0.0
0.0
0.0
0.0
0.0
0.0
0.0
0.0
0.0
0.0
0.0
0.0
0.0
4.0
29.0
46.0
60.0
60.0
61.0
47.0
29.0
11.0
0.0
0.0
0.0
0.0
0.0
0.0
0.0
0.0
0.0
0.0
0.0
0.0
0.0
0.0
0.0
17.0
139.0
237.0
308.0
332.0
314.0
257.0
170.0
68.0
0.0
0.0
0.0
0.0
0.0
0.0
0.0
0.0
0.0
0.0
0.0
0.0
0.0
0.0
0.0
13.0
127.0
196.0
160.0
339.0
149.0
200.0
49.0
7.0
0.0
0.0
0.0
0.0
0.0
0.0
0.0
0.0
0.0
0.0
0.0
0.0
0.0
0.0
0.0
3.0
23.0
38.0
51.0
52.0
52.0
42.0
26.0
10.0
0.0
0.0
0.0
0.0
0.0
0.0
0.0
0.0
0.0
0.0
0.0
0.0
0.0
0.0
0.0
3.0
58.0
22.0
140.0
176.0
168.0
244.0
152.0
24.0
0.0
0.0
0.0
0.0
0.0
0.0
0.0
0.0
0.0
0.0
0.0
0.0
0.0
0.0
0.0
3.0
48.0
100.0
136.0
140.0
138.0
132.0
87.0
38.0
0.0
0.0
0.0
0.0
0.0
0.0
0.0
0.0
0.0
0.0
0.0
0.0
0.0
0.0
0.0
16.0
103.0
180.0
210.0
403.0
212.0
149.0
117.0
31.0
0.0
0.0
0.0
0.0
0.0
0.0
0.0
0.0
0.0
0.0
0.0
0.0
0.0
0.0
0.0
3.0
28.0
94.0
127.0
143.0
256.0
186.0
73.0
34.0
0.0
0.0
0.0
0.0
0.0
0.0
0.0
0.0
0.0
0.0
0.0
0.0
0.0
0.0
0.0
2.0
14.0
27.0
38.0
42.0
38.0
30.0
20.0
7.0
0.0
0.0
0.0
0.0
0.0
0.0
0.0
0.0
0.0
0.0
0.0
0.0
0.0
0.0
0.0
2.0
12.0
23.0
29.0
33.0
28.0
23.0
16.0
6.0
0.0
0.0
0.0
0.0
0.0
0.0
0.0
0.0
0.0
0.0
0.0
0.0
0.0
0.0
0.0
2.0
27.0
53.0
73.0
80.0
87.0
54.0
40.0
16.0
0.0
0.0
0.0
0.0
0.0
0.0
0.0
0.0
0.0
0.0
0.0
0.0
0.0
0.0
0.0
2.0
24.0
44.0
58.0
66.0
61.0
47.0
34.0
11.0
0.0
0.0
0.0
0.0
0.0
0.0
0.0
0.0
0.0
0.0
0.0
0.0
0.0
0.0
0.0
2.0
55.0
116.0
184.0
156.0
218.0
160.0
94.0
46.0
0.0
0.0
0.0
0.0
0.0
0.0
0.0
0.0
0.0
0.0
0.0
0.0
0.0
0.0
0.0
6.0
123.0
236.0
307.0
346.0
333.0
266.0
166.0
55.0
0.0
0.0
0.0
0.0
0.0
0.0
0.0
0.0
0.0
0.0
0.0
0.0
0.0
0.0
0.0
5.0
120.0
230.0
311.0
353.0
335.0
268.0
167.0
55.0
0.0
0.0
0.0
0.0
0.0
0.0
0.0
0.0
0.0
0.0
0.0
0.0
0.0
0.0
0.0
5.0
118.0
232.0
319.0
356.0
341.0
271.0
172.0
30.0
0.0
0.0
0.0
0.0
0.0
0.0
0.0
0.0
0.0
0.0
0.0
0.0
0.0
0.0
0.0
2.0
43.0
89.0
116.0
136.0
128.0
90.0
50.0
4.0
0.0
0.0
0.0
0.0
0.0
0.0
0.0
0.0
0.0
0.0
0.0
0.0
0.0
0.0
0.0
2.0
37.0
89.0
126.0
130.0
123.0
89.0
54.0
4.0
0.0
0.0
0.0
0.0
0.0
0.0
0.0
0.0
0.0
0.0
0.0
0.0
0.0
0.0
0.0
5.0
30.0
208.0
95.0
61.0
224.0
214.0
100.0
55.0
0.0
0.0
0.0
0.0
0.0
0.0
0.0
0.0
0.0
0.0
0.0
0.0
0.0
0.0
0.0
1.0
10.0
24.0
43.0
91.0
62.0
205.0
131.0
26.0
0.0
0.0
0.0
0.0
0.0
0.0
0.0
0.0
0.0
0.0
0.0
0.0
0.0
0.0
0.0
1.0
16.0
33.0
43.0
47.0
48.0
42.0
27.0
4.0
0.0
0.0
0.0
0.0
0.0
0.0
0.0
0.0
0.0
0.0
0.0
0.0
0.0
0.0
0.0
1.0
71.0
161.0
265.0
280.0
234.0
231.0
146.0
16.0
0.0
0.0
0.0
0.0
0.0
0.0
0.0
0.0
0.0
0.0
0.0
0.0
0.0
0.0
0.0
2.0
29.0
76.0
43.0
90.0
36.0
202.0
131.0
25.0
0.0
0.0
0.0
0.0
0.0
0.0
0.0
0.0
0.0
0.0
0.0
0.0
0.0
0.0
0.0
4.0
69.0
224.0
225.0
203.0
112.0
28.0
43.0
4.0
0.0
0.0
0.0
0.0
0.0
0.0
0.0
0.0
0.0
0.0
0.0
0.0
0.0
0.0
0.0
1.0
71.0
145.0
183.0
209.0
200.0
154.0
93.0
11.0
0.0
0.0
0.0
0.0
0.0
0.0
0.0
0.0
0.0
0.0
0.0
0.0
0.0
0.0
0.0
1.0
24.0
53.0
58.0
68.0
64.0
55.0
36.0
5.0
0.0
0.0
0.0
0.0
0.0
0.0
0.0
0.0
0.0
0.0
0.0
0.0
0.0
0.0
0.0
1.0
26.0
38.0
60.0
91.0
97.0
99.0
65.0
15.0
0.0
0.0
0.0
0.0
0.0
0.0
0.0
0.0
0.0
0.0
0.0
0.0
0.0
0.0
0.0
1.0
28.0
63.0
95.0
107.0
102.0
81.0
44.0
4.0
0.0
0.0
0.0
0.0
0.0
0.0
0.0
0.0
0.0
0.0
0.0
0.0
0.0
0.0
0.0
0.0
11.0
22.0
33.0
38.0
36.0
30.0
17.0
3.0
0.0
0.0
0.0
0.0
0.0
0.0
0.0
0.0
0.0
0.0
0.0
0.0
0.0
0.0
0.0
0.0
19.0
45.0
72.0
90.0
87.0
74.0
33.0
3.0
0.0
0.0
0.0
0.0
0.0
0.0
0.0
0.0
0.0
0.0
0.0
0.0
0.0
0.0
0.0
0.0
18.0
33.0
54.0
58.0
65.0
54.0
36.0
5.0
0.0
0.0
0.0
0.0
0.0
0.0
0.0
0.0
0.0
0.0
0.0
0.0
0.0
0.0
0.0
0.0
16.0
46.0
56.0
57.0
68.0
246.0
161.0
25.0
0.0
0.0
0.0
0.0
0.0
0.0
0.0
0.0
0.0
0.0
0.0
0.0
0.0
0.0
0.0
0.0
52.0
130.0
193.0
229.0
229.0
160.0
99.0
13.0
0.0
0.0
0.0
0.0
0.0
0.0
0.0
0.0
0.0
0.0
0.0
0.0
0.0
0.0
0.0
1.0
51.0
126.0
156.0
199.0
182.0
154.0
81.0
3.0
0.0
0.0
0.0
0.0
0.0
0.0
0.0
0.0
0.0
0.0
0.0
0.0
0.0
0.0
0.0
0.0
66.0
163.0
238.0
278.0
271.0
219.0
129.0
16.0
0.0
0.0
0.0
0.0
0.0
0.0
0.0
0.0
0.0
0.0
0.0
0.0
0.0
0.0
0.0
0.0
76.0
142.0
187.0
143.0
114.0
72.0
87.0
14.0
0.0
0.0
0.0
0.0
0.0
0.0
0.0
0.0
0.0
0.0
0.0
0.0
0.0
0.0
0.0
0.0
45.0
96.0
136.0
160.0
156.0
126.0
72.0
4.0
0.0
0.0
0.0
0.0
0.0
0.0
0.0
0.0
0.0
0.0
0.0
0.0
0.0
0.0
0.0
0.0
35.0
131.0
285.0
150.0
231.0
24.0
12.0
4.0
0.0
0.0
0.0
0.0
0.0
0.0
0.0
0.0
0.0
0.0
0.0
0.0
0.0
0.0
0.0
0.0
19.0
49.0
61.0
74.0
80.0
63.0
39.0
7.0
0.0
0.0
0.0
0.0
0.0
0.0
0.0
0.0
0.0
0.0
0.0
0.0
0.0
0.0
0.0
0.0
36.0
105.0
158.0
176.0
148.0
114.0
57.0
4.0
0.0
0.0
0.0
0.0
0.0
0.0
0.0
0.0
0.0
0.0
0.0
0.0
0.0
0.0
0.0
0.0
25.0
80.0
108.0
113.0
54.0
202.0
118.0
4.0
0.0
0.0
0.0
0.0
0.0
0.0
0.0
0.0
0.0
0.0
0.0
0.0
0.0
0.0
0.0
0.0
15.0
43.0
59.0
101.0
81.0
69.0
53.0
6.0
0.0
0.0
0.0
0.0
0.0
0.0
0.0
0.0
0.0
0.0
0.0
0.0
0.0
0.0
0.0
0.0
37.0
114.0
282.0
222.0
136.0
107.0
64.0
4.0
0.0
0.0
0.0
0.0
0.0
0.0
0.0
0.0
0.0
0.0
0.0
0.0
0.0
0.0
0.0
0.0
11.0
36.0
63.0
71.0
75.0
68.0
41.0
7.0
0.0
0.0
0.0
0.0
0.0
0.0
0.0
0.0
0.0
0.0
0.0
0.0
0.0
0.0
0.0
0.0
24.0
68.0
125.0
150.0
128.0
99.0
50.0
4.0
0.0
0.0
0.0
0.0
0.0
0.0
0.0
0.0
0.0
0.0
0.0
0.0
0.0
0.0
0.0
0.0
5.0
14.0
67.0
228.0
180.0
99.0
111.0
37.0
0.0
0.0
0.0
0.0
0.0
0.0
0.0
0.0
0.0
0.0
0.0
0.0
0.0
0.0
0.0
0.0
10.0
29.0
46.0
56.0
55.0
47.0
30.0
10.0
0.0
0.0
0.0
0.0
0.0
0.0
0.0
0.0
0.0
0.0
0.0
0.0
0.0
0.0
0.0
0.0
14.0
32.0
56.0
66.0
66.0
60.0
33.0
12.0
0.0
0.0
0.0
0.0
0.0
0.0
0.0
0.0
0.0
0.0
0.0
0.0
0.0
0.0
0.0
0.0
11.0
33.0
58.0
66.0
69.0
56.0
36.0
12.0
0.0
0.0
0.0
0.0
0.0
0.0
0.0
0.0
