0.0
0.0
0.0
0.0
0.0
0.0
0.0
2.0
121.0
279.0
390.0
446.0
444.0
383.0
268.0
106.0
0.0
0.0
0.0
0.0
0.0
0.0
0.0
0.0
0.0
0.0
0.0
0.0
0.0
0.0
0.0
2.0
122.0
280.0
391.0
448.0
446.0
385.0
271.0
109.0
1.0
0.0
0.0
0.0
0.0
0.0
0.0
0.0
0.0
0.0
0.0
0.0
0.0
0.0
0.0
2.0
122.0
281.0
393.0
450.0
448.0
388.0
274.0
113.0
1.0
0.0
0.0
0.0
0.0
0.0
0.0
0.0
0.0
0.0
0.0
0.0
0.0
0.0
0.0
2.0
123.0
282.0
394.0
452.0
451.0
391.0
277.0
116.0
1.0
0.0
0.0
0.0
0.0
0.0
0.0
0.0
0.0
0.0
0.0
0.0
0.0
0.0
0.0
2.0
124.0
283.0
396.0
454.0
453.0
394.0
280.0
119.0
1.0
0.0
0.0
0.0
0.0
0.0
0.0
0.0
0.0
0.0
0.0
0.0
0.0
0.0
0.0
2.0
125.0
285.0
398.0
456.0
456.0
397.0
283.0
123.0
2.0
0.0
0.0
0.0
0.0
0.0
0.0
0.0
0.0
0.0
0.0
0.0
0.0
0.0
0.0
2.0
126.0
286.0
400.0
459.0
459.0
400.0
287.0
127.0
2.0
0.0
0.0
0.0
0.0
0.0
0.0
0.0
0.0
0.0
0.0
0.0
0.0
0.0
0.0
3.0
127.0
288.0
402.0
461.0
462.0
404.0
291.0
131.0
3.0
0.0
0.0
0.0
0.0
0.0
0.0
0.0
0.0
0.0
0.0
0.0
0.0
0.0
0.0
3.0
129.0
290.0
405.0
464.0
465.0
407.0
295.0
135.0
4.0
0.0
0.0
0.0
0.0
0.0
0.0
0.0
0.0
0.0
0.0
0.0
0.0
0.0
0.0
3.0
131.0
292.0
407.0
467.0
469.0
411.0
299.0
139.0
5.0
0.0
0.0
0.0
0.0
0.0
0.0
0.0
0.0
0.0
0.0
0.0
0.0
0.0
0.0
3.0
132.0
295.0
410.0
470.0
472.0
415.0
303.0
143.0
6.0
0.0
0.0
0.0
0.0
0.0
0.0
0.0
0.0
0.0
0.0
0.0
0.0
0.0
0.0
4.0
134.0
297.0
413.0
474.0
476.0
419.0
307.0
147.0
7.0
0.0
0.0
0.0
0.0
0.0
0.0
0.0
0.0
0.0
0.0
0.0
0.0
0.0
0.0
4.0
137.0
300.0
416.0
477.0
480.0
423.0
311.0
152.0
8.0
0.0
0.0
0.0
0.0
0.0
0.0
0.0
0.0
0.0
0.0
0.0
0.0
0.0
0.0
4.0
139.0
302.0
419.0
481.0
484.0
428.0
316.0
157.0
9.0
0.0
0.0
0.0
0.0
0.0
0.0
0.0
0.0
0.0
0.0
0.0
0.0
0.0
0.0
5.0
141.0
305.0
422.0
485.0
488.0
432.0
321.0
161.0
11.0
0.0
0.0
0.0
0.0
0.0
0.0
0.0
0.0
0.0
0.0
0.0
0.0
0.0
0.0
5.0
144.0
308.0
426.0
489.0
492.0
437.0
325.0
166.0
12.0
0.0
0.0
0.0
0.0
0.0
0.0
0.0
0.0
0.0
0.0
0.0
0.0
0.0
0.0
6.0
147.0
312.0
430.0
493.0
497.0
441.0
330.0
171.0
14.0
0.0
0.0
0.0
0.0
0.0
0.0
0.0
0.0
0.0
0.0
0.0
0.0
0.0
0.0
7.0
150.0
315.0
433.0
497.0
501.0
446.0
335.0
176.0
16.0
0.0
0.0
0.0
0.0
0.0
0.0
0.0
0.0
0.0
0.0
0.0
0.0
0.0
0.0
7.0
153.0
319.0
437.0
501.0
506.0
451.0
340.0
181.0
18.0
0.0
0.0
0.0
0.0
0.0
0.0
0.0
0.0
0.0
0.0
0.0
0.0
0.0
0.0
8.0
156.0
322.0
442.0
506.0
511.0
456.0
345.0
186.0
20.0
0.0
0.0
0.0
0.0
0.0
0.0
0.0
0.0
0.0
0.0
0.0
0.0
0.0
0.0
9.0
160.0
326.0
446.0
510.0
516.0
461.0
351.0
192.0
23.0
0.0
0.0
0.0
0.0
0.0
0.0
0.0
0.0
0.0
0.0
0.0
0.0
0.0
0.0
10.0
163.0
330.0
450.0
515.0
521.0
467.0
356.0
197.0
25.0
0.0
0.0
0.0
0.0
0.0
0.0
0.0
0.0
0.0
0.0
0.0
0.0
0.0
0.0
11.0
167.0
334.0
455.0
520.0
526.0
472.0
362.0
203.0
28.0
0.0
0.0
0.0
0.0
0.0
0.0
0.0
0.0
0.0
0.0
0.0
0.0
0.0
0.0
12.0
171.0
339.0
459.0
525.0
531.0
478.0
367.0
208.0
31.0
0.0
0.0
0.0
0.0
0.0
0.0
0.0
0.0
0.0
0.0
0.0
0.0
0.0
0.0
14.0
175.0
343.0
464.0
530.0
537.0
483.0
373.0
214.0
34.0
0.0
0.0
0.0
0.0
0.0
0.0
0.0
0.0
0.0
0.0
0.0
0.0
0.0
0.0
15.0
179.0
348.0
469.0
536.0
542.0
489.0
379.0
220.0
37.0
0.0
0.0
0.0
0.0
0.0
0.0
0.0
0.0
0.0
0.0
0.0
0.0
0.0
0.0
17.0
184.0
352.0
474.0
541.0
548.0
495.0
385.0
226.0
41.0
0.0
0.0
0.0
0.0
0.0
0.0
0.0
0.0
0.0
0.0
0.0
0.0
0.0
0.0
18.0
188.0
357.0
480.0
547.0
554.0
501.0
391.0
232.0
44.0
0.0
0.0
0.0
0.0
0.0
0.0
0.0
0.0
0.0
0.0
0.0
0.0
0.0
0.0
20.0
193.0
362.0
485.0
552.0
560.0
507.0
397.0
238.0
48.0
0.0
0.0
0.0
0.0
0.0
0.0
0.0
0.0
0.0
0.0
0.0
0.0
0.0
0.0
22.0
197.0
367.0
490.0
558.0
566.0
513.0
403.0
244.0
52.0
0.0
0.0
0.0
0.0
0.0
0.0
0.0
0.0
0.0
0.0
0.0
0.0
0.0
0.0
24.0
202.0
373.0
496.0
564.0
572.0
519.0
409.0
250.0
57.0
0.0
0.0
0.0
0.0
0.0
0.0
0.0
0.0
0.0
0.0
0.0
0.0
0.0
0.0
27.0
207.0
378.0
502.0
570.0
578.0
525.0
415.0
256.0
61.0
0.0
0.0
0.0
0.0
0.0
0.0
0.0
0.0
0.0
0.0
0.0
0.0
0.0
0.0
29.0
213.0
384.0
507.0
576.0
584.0
531.0
422.0
262.0
66.0
0.0
0.0
0.0
0.0
0.0
0.0
0.0
0.0
0.0
0.0
0.0
0.0
0.0
0.0
32.0
218.0
389.0
513.0
582.0
590.0
538.0
428.0
269.0
71.0
0.0
0.0
0.0
0.0
0.0
0.0
0.0
0.0
0.0
0.0
0.0
0.0
0.0
0.0
35.0
223.0
395.0
519.0
588.0
597.0
544.0
435.0
275.0
76.0
0.0
0.0
0.0
0.0
0.0
0.0
0.0
0.0
0.0
0.0
0.0
0.0
0.0
0.0
38.0
229.0
401.0
525.0
595.0
603.0
551.0
441.0
282.0
81.0
0.0
0.0
0.0
0.0
0.0
0.0
0.0
0.0
0.0
0.0
0.0
0.0
0.0
0.0
41.0
235.0
407.0
532.0
601.0
610.0
557.0
448.0
288.0
87.0
0.0
0.0
0.0
0.0
0.0
0.0
0.0
0.0
0.0
0.0
0.0
0.0
0.0
0.0
44.0
240.0
413.0
538.0
607.0
616.0
564.0
454.0
294.0
93.0
0.0
0.0
0.0
0.0
0.0
0.0
0.0
0.0
0.0
0.0
0.0
0.0
0.0
0.0
48.0
246.0
419.0
544.0
614.0
623.0
571.0
461.0
301.0
99.0
0.0
0.0
0.0
0.0
0.0
0.0
0.0
0.0
0.0
0.0
0.0
0.0
0.0
0.0
52.0
252.0
425.0
551.0
621.0
630.0
578.0
468.0
308.0
105.0
0.0
0.0
0.0
0.0
0.0
0.0
0.0
0.0
0.0
0.0
0.0
0.0
0.0
0.0
56.0
258.0
432.0
558.0
627.0
637.0
584.0
474.0
314.0
115.0
0.0
0.0
0.0
0.0
0.0
0.0
0.0
0.0
0.0
0.0
0.0
0.0
0.0
0.0
61.0
265.0
438.0
564.0
634.0
643.0
591.0
481.0
321.0
121.0
0.0
0.0
0.0
0.0
0.0
0.0
0.0
0.0
0.0
0.0
0.0
0.0
0.0
0.0
65.0
271.0
445.0
571.0
641.0
650.0
598.0
488.0
327.0
127.0
1.0
0.0
0.0
0.0
0.0
0.0
0.0
0.0
0.0
0.0
0.0
0.0
0.0
0.0
70.0
278.0
451.0
578.0
648.0
657.0
605.0
495.0
334.0
134.0
1.0
0.0
0.0
0.0
0.0
0.0
0.0
0.0
0.0
0.0
0.0
0.0
0.0
0.0
75.0
284.0
458.0
585.0
655.0
664.0
612.0
502.0
341.0
140.0
2.0
0.0
0.0
0.0
0.0
0.0
0.0
0.0
0.0
0.0
0.0
0.0
0.0
0.0
81.0
291.0
465.0
592.0
662.0
671.0
619.0
509.0
348.0
147.0
3.0
0.0
0.0
0.0
0.0
0.0
0.0
0.0
0.0
0.0
0.0
0.0
0.0
0.0
86.0
298.0
472.0
599.0
669.0
678.0
626.0
515.0
354.0
153.0
4.0
0.0
0.0
0.0
0.0
0.0
0.0
0.0
0.0
0.0
0.0
0.0
0.0
0.0
92.0
304.0
479.0
606.0
676.0
686.0
633.0
522.0
361.0
160.0
5.0
0.0
0.0
0.0
0.0
0.0
0.0
0.0
0.0
0.0
0.0
0.0
0.0
0.0
99.0
311.0
486.0
613.0
683.0
693.0
640.0
529.0
368.0
167.0
7.0
0.0
0.0
0.0
0.0
0.0
0.0
0.0
0.0
0.0
0.0
0.0
0.0
0.0
105.0
318.0
493.0
620.0
691.0
700.0
647.0
536.0
374.0
173.0
8.0
0.0
0.0
0.0
0.0
0.0
0.0
0.0
0.0
0.0
0.0
0.0
0.0
0.0
115.0
325.0
500.0
627.0
698.0
707.0
654.0
543.0
381.0
180.0
10.0
0.0
0.0
0.0
0.0
0.0
0.0
0.0
0.0
0.0
0.0
0.0
0.0
0.0
122.0
333.0
508.0
635.0
705.0
714.0
661.0
550.0
388.0
186.0
12.0
0.0
0.0
0.0
0.0
0.0
0.0
0.0
0.0
0.0
0.0
0.0
0.0
0.0
129.0
340.0
515.0
642.0
712.0
721.0
668.0
557.0
395.0
193.0
14.0
0.0
0.0
0.0
0.0
0.0
0.0
0.0
0.0
0.0
0.0
0.0
0.0
1.0
136.0
347.0
522.0
649.0
720.0
729.0
676.0
564.0
401.0
199.0
16.0
0.0
0.0
0.0
0.0
0.0
0.0
0.0
0.0
0.0
0.0
0.0
0.0
2.0
143.0
355.0
530.0
657.0
727.0
736.0
683.0
571.0
408.0
206.0
19.0
0.0
0.0
0.0
0.0
0.0
0.0
0.0
0.0
0.0
0.0
0.0
0.0
3.0
151.0
362.0
537.0
664.0
735.0
743.0
690.0
578.0
415.0
212.0
21.0
0.0
0.0
0.0
0.0
0.0
0.0
0.0
0.0
0.0
0.0
0.0
0.0
4.0
158.0
370.0
545.0
672.0
742.0
750.0
697.0
585.0
422.0
219.0
24.0
0.0
0.0
0.0
0.0
0.0
0.0
0.0
0.0
0.0
0.0
0.0
0.0
5.0
166.0
377.0
552.0
679.0
749.0
758.0
704.0
591.0
428.0
225.0
27.0
0.0
0.0
0.0
0.0
0.0
0.0
0.0
0.0
0.0
0.0
0.0
0.0
7.0
173.0
385.0
560.0
687.0
757.0
765.0
711.0
598.0
435.0
232.0
30.0
0.0
0.0
0.0
0.0
0.0
0.0
0.0
0.0
0.0
0.0
0.0
0.0
9.0
181.0
392.0
567.0
694.0
764.0
772.0
718.0
605.0
441.0
238.0
33.0
0.0
0.0
0.0
0.0
0.0
0.0
0.0
0.0
0.0
0.0
0.0
0.0
11.0
189.0
400.0
575.0
702.0
771.0
779.0
725.0
612.0
448.0
244.0
37.0
0.0
0.0
0.0
0.0
0.0
0.0
0.0
0.0
0.0
0.0
0.0
0.0
14.0
196.0
408.0
583.0
709.0
779.0
787.0
732.0
619.0
455.0
251.0
40.0
0.0
0.0
0.0
0.0
0.0
0.0
0.0
0.0
0.0
0.0
0.0
0.0
17.0
204.0
416.0
590.0
717.0
786.0
794.0
739.0
626.0
461.0
257.0
44.0
0.0
0.0
0.0
0.0
0.0
0.0
0.0
0.0
0.0
0.0
0.0
0.0
20.0
212.0
423.0
598.0
724.0
794.0
801.0
746.0
632.0
468.0
264.0
48.0
0.0
0.0
0.0
0.0
0.0
0.0
0.0
0.0
0.0
0.0
0.0
0.0
23.0
220.0
431.0
606.0
732.0
801.0
808.0
753.0
639.0
474.0
270.0
52.0
0.0
0.0
0.0
0.0
0.0
0.0
0.0
0.0
0.0
0.0
0.0
0.0
27.0
228.0
439.0
614.0
740.0
808.0
815.0
760.0
646.0
481.0
276.0
56.0
0.0
0.0
0.0
0.0
0.0
0.0
0.0
0.0
0.0
0.0
0.0
0.0
30.0
236.0
447.0
621.0
747.0
816.0
822.0
766.0
652.0
487.0
282.0
61.0
0.0
0.0
0.0
0.0
0.0
0.0
0.0
0.0
0.0
0.0
0.0
0.0
35.0
244.0
455.0
629.0
755.0
823.0
829.0
773.0
659.0
493.0
289.0
65.0
0.0
0.0
0.0
0.0
0.0
0.0
0.0
0.0
0.0
0.0
0.0
0.0
39.0
252.0
463.0
637.0
762.0
830.0
836.0
780.0
665.0
500.0
295.0
70.0
0.0
0.0
0.0
0.0
0.0
0.0
0.0
0.0
0.0
0.0
0.0
0.0
44.0
260.0
471.0
645.0
770.0
837.0
843.0
787.0
672.0
506.0
301.0
75.0
0.0
0.0
0.0
0.0
0.0
0.0
0.0
0.0
0.0
0.0
0.0
0.0
49.0
268.0
479.0
652.0
777.0
845.0
850.0
793.0
678.0
512.0
307.0
79.0
0.0
0.0
0.0
0.0
0.0
0.0
0.0
0.0
0.0
0.0
0.0
0.0
54.0
276.0
486.0
660.0
785.0
852.0
857.0
800.0
685.0
519.0
313.0
84.0
0.0
0.0
0.0
0.0
0.0
0.0
0.0
0.0
0.0
0.0
0.0
0.0
60.0
284.0
494.0
668.0
792.0
859.0
864.0
807.0
691.0
525.0
319.0
90.0
0.0
0.0
0.0
0.0
0.0
0.0
0.0
0.0
0.0
0.0
0.0
0.0
66.0
292.0
502.0
675.0
799.0
866.0
871.0
813.0
697.0
531.0
325.0
95.0
0.0
0.0
0.0
0.0
0.0
0.0
0.0
0.0
0.0
0.0
0.0
0.0
72.0
300.0
510.0
683.0
807.0
873.0
878.0
820.0
704.0
537.0
331.0
100.0
0.0
0.0
0.0
0.0
0.0
0.0
0.0
0.0
0.0
0.0
0.0
0.0
79.0
308.0
518.0
691.0
814.0
880.0
884.0
826.0
710.0
543.0
337.0
106.0
0.0
0.0
0.0
0.0
0.0
0.0
0.0
0.0
0.0
0.0
0.0
0.0
86.0
316.0
526.0
698.0
821.0
887.0
891.0
832.0
716.0
549.0
343.0
112.0
0.0
0.0
0.0
0.0
0.0
0.0
0.0
0.0
0.0
0.0
0.0
0.0
93.0
324.0
534.0
706.0
829.0
894.0
897.0
839.0
722.0
555.0
349.0
117.0
0.0
0.0
0.0
0.0
0.0
0.0
0.0
0.0
0.0
0.0
0.0
0.0
100.0
332.0
542.0
713.0
836.0
901.0
904.0
845.0
728.0
561.0
355.0
124.0
0.0
0.0
0.0
0.0
0.0
0.0
0.0
0.0
0.0
0.0
0.0
0.0
108.0
340.0
549.0
721.0
843.0
908.0
910.0
851.0
734.0
567.0
361.0
130.0
0.0
0.0
0.0
0.0
0.0
0.0
0.0
0.0
0.0
0.0
0.0
0.0
116.0
348.0
557.0
728.0
850.0
914.0
917.0
857.0
740.0
572.0
366.0
136.0
1.0
0.0
0.0
0.0
0.0
0.0
0.0
0.0
0.0
0.0
0.0
0.0
125.0
356.0
565.0
735.0
857.0
921.0
923.0
863.0
746.0
578.0
372.0
142.0
1.0
0.0
0.0
0.0
0.0
0.0
0.0
0.0
0.0
0.0
0.0
0.0
133.0
364.0
572.0
743.0
864.0
928.0
930.0
870.0
752.0
584.0
378.0
147.0
2.0
0.0
0.0
0.0
0.0
0.0
0.0
0.0
0.0
0.0
0.0
1.0
141.0
372.0
580.0
750.0
871.0
934.0
936.0
875.0
757.0
590.0
383.0
153.0
2.0
0.0
0.0
0.0
0.0
0.0
0.0
0.0
0.0
0.0
0.0
2.0
149.0
380.0
588.0
757.0
878.0
941.0
942.0
881.0
763.0
595.0
389.0
159.0
3.0
0.0
0.0
0.0
0.0
0.0
0.0
0.0
0.0
0.0
0.0
3.0
158.0
388.0
595.0
764.0
885.0
947.0
948.0
887.0
769.0
601.0
395.0
164.0
4.0
0.0
0.0
0.0
0.0
0.0
0.0
0.0
0.0
0.0
0.0
5.0
166.0
396.0
603.0
772.0
891.0
953.0
954.0
893.0
774.0
606.0
400.0
170.0
5.0
0.0
0.0
0.0
0.0
0.0
0.0
0.0
0.0
0.0
0.0
6.0
174.0
404.0
610.0
779.0
898.0
960.0
960.0
899.0
780.0
612.0
406.0
176.0
7.0
0.0
0.0
0.0
0.0
0.0
0.0
0.0
0.0
0.0
0.0
8.0
182.0
412.0
618.0
786.0
904.0
966.0
966.0
904.0
785.0
617.0
411.0
181.0
8.0
0.0
0.0
0.0
0.0
0.0
0.0
0.0
0.0
0.0
0.0
11.0
190.0
419.0
625.0
793.0
911.0
972.0
972.0
910.0
791.0
622.0
416.0
187.0
10.0
0.0
0.0
0.0
0.0
0.0
0.0
0.0
0.0
0.0
0.0
13.0
198.0
427.0
632.0
799.0
917.0
978.0
977.0
915.0
796.0
628.0
422.0
192.0
11.0
0.0
0.0
0.0
0.0
0.0
0.0
0.0
0.0
0.0
0.0
16.0
206.0
434.0
639.0
806.0
924.0
984.0
983.0
921.0
801.0
633.0
427.0
198.0
13.0
0.0
0.0
0.0
0.0
0.0
0.0
0.0
0.0
0.0
0.0
19.0
214.0
442.0
646.0
813.0
930.0
990.0
989.0
926.0
806.0
638.0
432.0
203.0
15.0
0.0
0.0
0.0
0.0
0.0
0.0
0.0
0.0
0.0
0.0
23.0
221.0
449.0
653.0
819.0
936.0
996.0
994.0
931.0
811.0
643.0
437.0
208.0
17.0
0.0
0.0
0.0
0.0
0.0
0.0
0.0
0.0
0.0
0.0
26.0
229.0
457.0
660.0
826.0
942.0
1002.0
1000.0
936.0
817.0
648.0
442.0
214.0
20.0
0.0
0.0
0.0
0.0
0.0
0.0
0.0
0.0
0.0
0.0
30.0
237.0
464.0
667.0
832.0
948.0
1007.0
1005.0
942.0
822.0
653.0
448.0
219.0
22.0
0.0
0.0
0.0
0.0
0.0
0.0
0.0
0.0
0.0
0.0
34.0
244.0
471.0
674.0
839.0
954.0
1013.0
1010.0
947.0
826.0
658.0
453.0
224.0
24.0
0.0
0.0
0.0
0.0
0.0
0.0
0.0
0.0
0.0
0.0
39.0
252.0
479.0
681.0
845.0
960.0
1018.0
1015.0
952.0
831.0
663.0
458.0
230.0
27.0
0.0
0.0
0.0
0.0
0.0
0.0
0.0
0.0
0.0
0.0
43.0
260.0
486.0
688.0
851.0
966.0
1024.0
1020.0
956.0
836.0
668.0
463.0
235.0
30.0
0.0
0.0
0.0
0.0
0.0
0.0
0.0
0.0
0.0
0.0
48.0
267.0
493.0
694.0
857.0
972.0
1029.0
1025.0
961.0
841.0
672.0
467.0
240.0
32.0
0.0
0.0
0.0
0.0
0.0
0.0
0.0
0.0
0.0
0.0
53.0
274.0
500.0
701.0
864.0
977.0
1034.0
1030.0
966.0
846.0
677.0
472.0
245.0
35.0
0.0
0.0
0.0
0.0
0.0
0.0
0.0
0.0
0.0
0.0
58.0
282.0
506.0
707.0
869.0
983.0
1039.0
1035.0
971.0
850.0
682.0
477.0
250.0
38.0
0.0
0.0
0.0
0.0
0.0
0.0
0.0
0.0
0.0
0.0
64.0
289.0
513.0
713.0
875.0
988.0
1044.0
1040.0
975.0
855.0
686.0
482.0
255.0
41.0
0.0
0.0
0.0
0.0
0.0
0.0
0.0
0.0
0.0
0.0
69.0
296.0
520.0
719.0
881.0
994.0
1049.0
1045.0
980.0
859.0
691.0
487.0
260.0
45.0
0.0
0.0
0.0
0.0
0.0
0.0
0.0
0.0
0.0
0.0
75.0
303.0
526.0
726.0
887.0
999.0
1054.0
1049.0
984.0
864.0
696.0
491.0
265.0
48.0
0.0
0.0
0.0
0.0
0.0
0.0
0.0
0.0
0.0
0.0
81.0
310.0
533.0
732.0
892.0
1004.0
1059.0
1054.0
989.0
868.0
700.0
496.0
270.0
52.0
0.0
0.0
0.0
0.0
0.0
0.0
0.0
0.0
0.0
0.0
87.0
317.0
539.0
737.0
898.0
1009.0
1064.0
1058.0
993.0
872.0
704.0
501.0
275.0
55.0
0.0
0.0
0.0
0.0
0.0
0.0
0.0
0.0
0.0
0.0
94.0
323.0
546.0
743.0
903.0
1014.0
1068.0
1063.0
997.0
877.0
709.0
505.0
280.0
59.0
0.0
0.0
0.0
0.0
0.0
0.0
0.0
0.0
0.0
0.0
100.0
330.0
552.0
749.0
908.0
1019.0
1073.0
1067.0
1001.0
881.0
713.0
510.0
285.0
63.0
0.0
0.0
0.0
0.0
0.0
0.0
0.0
0.0
0.0
0.0
107.0
336.0
558.0
755.0
913.0
1024.0
1077.0
1071.0
1006.0
885.0
717.0
514.0
290.0
66.0
0.0
0.0
0.0
0.0
0.0
0.0
0.0
0.0
0.0
0.0
113.0
343.0
564.0
760.0
919.0
1028.0
1082.0
1075.0
1010.0
889.0
721.0
519.0
295.0
70.0
0.0
0.0
0.0
0.0
0.0
0.0
0.0
0.0
0.0
0.0
119.0
349.0
570.0
766.0
924.0
1033.0
1086.0
1079.0
1014.0
893.0
726.0
523.0
299.0
75.0
0.0
0.0
0.0
0.0
0.0
0.0
0.0
0.0
0.0
0.0
126.0
355.0
575.0
771.0
928.0
1037.0
1090.0
1083.0
1017.0
897.0
730.0
527.0
304.0
79.0
0.0
0.0
0.0
0.0
0.0
0.0
0.0
0.0
0.0
1.0
132.0
362.0
581.0
776.0
933.0
1042.0
1094.0
1087.0
1021.0
901.0
734.0
532.0
309.0
83.0
0.0
0.0
0.0
0.0
0.0
0.0
0.0
0.0
0.0
2.0
139.0
368.0
587.0
781.0
938.0
1046.0
1098.0
1091.0
1025.0
904.0
738.0
536.0
313.0
87.0
0.0
0.0
0.0
0.0
0.0
0.0
0.0
0.0
0.0
2.0
145.0
373.0
592.0
786.0
942.0
1050.0
1102.0
1095.0
1029.0
908.0
742.0
540.0
318.0
92.0
0.0
0.0
0.0
0.0
0.0
0.0
0.0
0.0
0.0
4.0
151.0
379.0
597.0
791.0
947.0
1054.0
1106.0
1098.0
1032.0
912.0
745.0
544.0
322.0
96.0
0.0
0.0
0.0
0.0
0.0
0.0
0.0
0.0
0.0
5.0
158.0
385.0
603.0
796.0
951.0
1058.0
1110.0
1102.0
1036.0
915.0
749.0
549.0
327.0
101.0
0.0
0.0
0.0
0.0
0.0
0.0
0.0
0.0
0.0
6.0
164.0
391.0
608.0
800.0
955.0
1062.0
1113.0
1105.0
1039.0
919.0
753.0
553.0
331.0
106.0
0.0
0.0
0.0
0.0
0.0
0.0
0.0
0.0
0.0
8.0
169.0
396.0
613.0
805.0
959.0
1066.0
1117.0
1109.0
1043.0
923.0
757.0
557.0
336.0
111.0
0.0
0.0
0.0
0.0
0.0
0.0
0.0
0.0
0.0
9.0
175.0
401.0
618.0
809.0
963.0
1070.0
1120.0
1112.0
1046.0
926.0
760.0
561.0
340.0
114.0
0.0
0.0
0.0
0.0
0.0
0.0
0.0
0.0
0.0
11.0
181.0
407.0
622.0
814.0
967.0
1073.0
1124.0
1115.0
1049.0
929.0
764.0
565.0
345.0
119.0
0.0
0.0
0.0
0.0
0.0
0.0
0.0
0.0
0.0
13.0
186.0
412.0
627.0
818.0
971.0
1077.0
1127.0
1119.0
1052.0
933.0
768.0
568.0
349.0
124.0
0.0
0.0
0.0
0.0
0.0
0.0
0.0
0.0
0.0
15.0
192.0
417.0
631.0
822.0
975.0
1080.0
1130.0
1122.0
1056.0
936.0
771.0
572.0
353.0
128.0
1.0
0.0
0.0
0.0
0.0
0.0
0.0
0.0
0.0
18.0
197.0
421.0
636.0
826.0
979.0
1083.0
1133.0
1125.0
1059.0
939.0
775.0
576.0
357.0
133.0
1.0
0.0
0.0
0.0
0.0
0.0
0.0
0.0
0.0
20.0
202.0
426.0
640.0
830.0
982.0
1087.0
1136.0
1128.0
1062.0
942.0
778.0
580.0
361.0
138.0
2.0
0.0
0.0
0.0
0.0
0.0
0.0
0.0
0.0
22.0
207.0
431.0
644.0
834.0
985.0
1090.0
1139.0
1131.0
1064.0
945.0
781.0
584.0
366.0
142.0
3.0
0.0
0.0
0.0
0.0
0.0
0.0
0.0
0.0
25.0
212.0
435.0
648.0
837.0
989.0
1093.0
1142.0
1133.0
1067.0
948.0
785.0
587.0
370.0
147.0
4.0
0.0
0.0
0.0
0.0
0.0
0.0
0.0
0.0
27.0
217.0
440.0
652.0
841.0
992.0
1096.0
1145.0
1136.0
1070.0
951.0
788.0
591.0
374.0
151.0
4.0
0.0
0.0
0.0
0.0
0.0
0.0
0.0
0.0
30.0
222.0
444.0
656.0
844.0
995.0
1098.0
1147.0
1139.0
1073.0
954.0
791.0
594.0
378.0
155.0
6.0
0.0
0.0
0.0
0.0
0.0
0.0
0.0
0.0
33.0
226.0
448.0
660.0
847.0
998.0
1101.0
1150.0
1141.0
1076.0
957.0
794.0
598.0
381.0
160.0
7.0
0.0
0.0
0.0
0.0
0.0
0.0
0.0
0.0
35.0
231.0
452.0
663.0
851.0
1001.0
1104.0
1153.0
1144.0
1078.0
960.0
797.0
601.0
385.0
164.0
8.0
0.0
0.0
0.0
0.0
0.0
0.0
0.0
0.0
38.0
235.0
456.0
667.0
854.0
1004.0
1106.0
1155.0
1146.0
1081.0
963.0
800.0
605.0
389.0
168.0
9.0
0.0
0.0
0.0
0.0
0.0
0.0
0.0
0.0
41.0
239.0
460.0
670.0
857.0
1006.0
1109.0
1157.0
1149.0
1083.0
965.0
803.0
608.0
393.0
172.0
11.0
0.0
0.0
0.0
0.0
0.0
0.0
0.0
0.0
44.0
243.0
463.0
673.0
859.0
1009.0
1111.0
1160.0
1151.0
1086.0
968.0
806.0
611.0
397.0
177.0
12.0
0.0
0.0
0.0
0.0
0.0
0.0
0.0
0.0
46.0
247.0
467.0
676.0
862.0
1011.0
1114.0
1162.0
1153.0
1088.0
970.0
809.0
615.0
400.0
181.0
14.0
0.0
0.0
0.0
0.0
0.0
0.0
0.0
0.0
49.0
251.0
470.0
679.0
865.0
1014.0
1116.0
1164.0
1155.0
1090.0
973.0
812.0
618.0
404.0
185.0
15.0
0.0
0.0
0.0
0.0
0.0
0.0
0.0
0.0
52.0
254.0
473.0
682.0
867.0
1016.0
1118.0
1166.0
1157.0
1092.0
975.0
815.0
621.0
407.0
188.0
17.0
0.0
0.0
0.0
0.0
0.0
0.0
0.0
0.0
55.0
258.0
476.0
685.0
870.0
1018.0
1120.0
1168.0
1159.0
1095.0
978.0
817.0
624.0
411.0
192.0
19.0
0.0
0.0
0.0
0.0
0.0
0.0
0.0
0.0
57.0
261.0
479.0
688.0
872.0
1020.0
1122.0
1170.0
1161.0
1097.0
980.0
820.0
627.0
414.0
196.0
20.0
0.0
0.0
0.0
0.0
0.0
0.0
0.0
0.0
60.0
265.0
482.0
690.0
874.0
1022.0
1124.0
1172.0
1163.0
1099.0
982.0
823.0
630.0
417.0
200.0
22.0
0.0
0.0
0.0
0.0
0.0
0.0
0.0
0.0
63.0
268.0
485.0
693.0
876.0
1024.0
1125.0
1173.0
1165.0
1101.0
985.0
825.0
633.0
421.0
203.0
24.0
0.0
0.0
0.0
0.0
0.0
0.0
0.0
0.0
65.0
271.0
488.0
695.0
878.0
1026.0
1127.0
1175.0
1167.0
1103.0
987.0
828.0
636.0
424.0
207.0
26.0
0.0
0.0
0.0
0.0
0.0
0.0
0.0
0.0
68.0
274.0
490.0
697.0
880.0
1028.0
1129.0
1177.0
1168.0
1104.0
989.0
830.0
638.0
427.0
210.0
28.0
0.0
0.0
0.0
0.0
0.0
0.0
0.0
0.0
71.0
276.0
492.0
699.0
882.0
1029.0
1130.0
1178.0
1170.0
1106.0
991.0
832.0
641.0
430.0
214.0
30.0
0.0
0.0
0.0
0.0
0.0
0.0
0.0
0.0
73.0
279.0
495.0
701.0
884.0
1031.0
1132.0
1180.0
1172.0
1108.0
993.0
835.0
644.0
433.0
217.0
32.0
0.0
0.0
0.0
0.0
0.0
0.0
0.0
0.0
75.0
281.0
497.0
703.0
885.0
1032.0
1133.0
1181.0
1173.0
1110.0
995.0
837.0
646.0
436.0
221.0
34.0
0.0
0.0
0.0
0.0
0.0
0.0
0.0
0.0
78.0
284.0
499.0
705.0
887.0
1034.0
1134.0
1182.0
1174.0
1111.0
997.0
839.0
649.0
439.0
224.0
36.0
0.0
0.0
0.0
0.0
0.0
0.0
0.0
0.0
80.0
286.0
501.0
706.0
888.0
1035.0
1136.0
1184.0
1176.0
1113.0
999.0
841.0
651.0
442.0
227.0
38.0
0.0
0.0
0.0
0.0
0.0
0.0
0.0
0.0
82.0
288.0
502.0
708.0
890.0
1036.0
1137.0
1185.0
1177.0
1114.0
1000.0
843.0
654.0
444.0
230.0
40.0
0.0
0.0
0.0
0.0
0.0
0.0
0.0
0.0
84.0
290.0
504.0
709.0
891.0
1037.0
1138.0
1186.0
1178.0
1116.0
1002.0
845.0
656.0
447.0
233.0
42.0
0.0
0.0
0.0
0.0
0.0
0.0
0.0
0.0
86.0
292.0
506.0
710.0
892.0
1038.0
1139.0
1187.0
1180.0
1117.0
1004.0
847.0
658.0
450.0
236.0
44.0
0.0
0.0
0.0
0.0
0.0
0.0
0.0
0.0
88.0
293.0
507.0
711.0
893.0
1039.0
1140.0
1188.0
1181.0
1118.0
1005.0
849.0
660.0
452.0
238.0
46.0
0.0
0.0
0.0
0.0
0.0
0.0
0.0
0.0
89.0
295.0
508.0
713.0
894.0
1040.0
1140.0
1189.0
1182.0
1120.0
1007.0
851.0
662.0
454.0
241.0
48.0
0.0
0.0
0.0
0.0
0.0
0.0
0.0
0.0
91.0
296.0
509.0
713.0
895.0
1041.0
1141.0
1190.0
1183.0
1121.0
1008.0
853.0
665.0
457.0
244.0
50.0
0.0
0.0
0.0
0.0
0.0
0.0
0.0
0.0
93.0
297.0
510.0
714.0
895.0
1041.0
1142.0
1190.0
1184.0
1122.0
1010.0
854.0
667.0
459.0
246.0
52.0
0.0
0.0
0.0
0.0
0.0
0.0
0.0
0.0
94.0
299.0
511.0
715.0
896.0
1042.0
1142.0
1191.0
1185.0
1123.0
1011.0
856.0
668.0
461.0
248.0
54.0
0.0
0.0
0.0
0.0
0.0
0.0
0.0
0.0
95.0
300.0
512.0
716.0
897.0
1042.0
1143.0
1192.0
1185.0
1124.0
1012.0
858.0
670.0
463.0
251.0
56.0
0.0
0.0
0.0
0.0
0.0
0.0
0.0
0.0
96.0
300.0
513.0
716.0
897.0
1043.0
1143.0
1192.0
1186.0
1125.0
1014.0
859.0
672.0
465.0
253.0
57.0
0.0
0.0
0.0
0.0
0.0
0.0
0.0
0.0
97.0
301.0
513.0
717.0
897.0
1043.0
1144.0
1193.0
1187.0
1126.0
1015.0
860.0
674.0
467.0
255.0
59.0
0.0
0.0
0.0
0.0
0.0
0.0
0.0
0.0
98.0
302.0
514.0
717.0
898.0
1043.0
1144.0
1193.0
1187.0
1127.0
1016.0
862.0
675.0
469.0
257.0
61.0
0.0
0.0
0.0
0.0
0.0
0.0
0.0
0.0
96.0
302.0
514.0
717.0
898.0
1044.0
1144.0
1194.0
1188.0
1128.0
1017.0
863.0
677.0
471.0
259.0
63.0
0.0
0.0
0.0
0.0
0.0
0.0
0.0
0.0
97.0
303.0
514.0
717.0
898.0
1044.0
1145.0
1194.0
1189.0
1128.0
1018.0
864.0
678.0
472.0
261.0
64.0
0.0
0.0
0.0
0.0
0.0
0.0
0.0
0.0
98.0
303.0
515.0
718.0
898.0
1044.0
1145.0
1194.0
1189.0
1129.0
1019.0
865.0
680.0
474.0
263.0
66.0
0.0
0.0
0.0
0.0
0.0
0.0
0.0
0.0
98.0
303.0
515.0
717.0
898.0
1044.0
1145.0
1195.0
1189.0
1130.0
1020.0
867.0
681.0
476.0
264.0
67.0
0.0
0.0
0.0
0.0
0.0
0.0
0.0
0.0
98.0
303.0
515.0
717.0
898.0
1044.0
1145.0
1195.0
1190.0
1130.0
1020.0
868.0
682.0
477.0
266.0
68.0
0.0
0.0
0.0
0.0
0.0
0.0
0.0
0.0
98.0
303.0
514.0
717.0
898.0
1043.0
1145.0
1195.0
1190.0
1131.0
1021.0
869.0
683.0
478.0
267.0
69.0
0.0
0.0
0.0
0.0
0.0
0.0
0.0
0.0
98.0
303.0
514.0
717.0
897.0
1043.0
1145.0
1195.0
1190.0
1131.0
1022.0
869.0
684.0
479.0
268.0
71.0
0.0
0.0
0.0
0.0
0.0
0.0
0.0
0.0
98.0
303.0
514.0
716.0
897.0
1043.0
1145.0
1195.0
1191.0
1132.0
1022.0
870.0
685.0
480.0
270.0
72.0
0.0
0.0
0.0
0.0
0.0
0.0
0.0
0.0
98.0
302.0
513.0
716.0
896.0
1043.0
1144.0
1195.0
1191.0
1132.0
1023.0
871.0
686.0
481.0
271.0
73.0
0.0
0.0
0.0
0.0
0.0
0.0
0.0
0.0
97.0
302.0
513.0
715.0
896.0
1042.0
1144.0
1195.0
1191.0
1132.0
1023.0
872.0
687.0
482.0
272.0
73.0
0.0
0.0
0.0
0.0
0.0
0.0
0.0
0.0
97.0
301.0
512.0
715.0
895.0
1042.0
1144.0
1195.0
1191.0
1133.0
1024.0
872.0
688.0
483.0
272.0
74.0
0.0
0.0
0.0
0.0
0.0
0.0
0.0
0.0
96.0
301.0
511.0
714.0
895.0
1041.0
1143.0
1194.0
1191.0
1133.0
1024.0
873.0
688.0
484.0
273.0
75.0
0.0
0.0
0.0
0.0
0.0
0.0
0.0
0.0
98.0
300.0
510.0
713.0
894.0
1040.0
1143.0
1194.0
1191.0
1133.0
1025.0
873.0
689.0
485.0
274.0
75.0
0.0
0.0
0.0
0.0
0.0
0.0
0.0
0.0
97.0
299.0
509.0
712.0
893.0
1040.0
1142.0
1194.0
1191.0
1133.0
1025.0
873.0
689.0
485.0
274.0
76.0
0.0
0.0
0.0
0.0
0.0
0.0
0.0
0.0
96.0
298.0
508.0
711.0
892.0
1039.0
1142.0
1193.0
1190.0
1133.0
1025.0
874.0
690.0
485.0
275.0
76.0
0.0
0.0
0.0
0.0
0.0
0.0
0.0
0.0
95.0
296.0
507.0
710.0
891.0
1038.0
1141.0
1193.0
1190.0
1133.0
1025.0
874.0
690.0
486.0
275.0
76.0
0.0
0.0
0.0
0.0
0.0
0.0
0.0
0.0
94.0
295.0
506.0
709.0
890.0
1037.0
1140.0
1192.0
1190.0
1133.0
1025.0
874.0
690.0
486.0
275.0
76.0
0.0
0.0
0.0
0.0
0.0
0.0
0.0
0.0
92.0
294.0
505.0
708.0
889.0
1036.0
1140.0
1192.0
1189.0
1132.0
1025.0
874.0
690.0
486.0
275.0
76.0
0.0
0.0
0.0
0.0
0.0
0.0
0.0
0.0
91.0
292.0
503.0
706.0
888.0
1035.0
1139.0
1191.0
1189.0
1132.0
1025.0
874.0
690.0
486.0
275.0
76.0
0.0
0.0
0.0
0.0
0.0
0.0
0.0
0.0
89.0
291.0
502.0
705.0
887.0
1034.0
1138.0
1191.0
1188.0
1132.0
1025.0
874.0
690.0
486.0
275.0
76.0
0.0
0.0
0.0
0.0
0.0
0.0
0.0
0.0
88.0
289.0
500.0
703.0
885.0
1033.0
1137.0
1190.0
1188.0
1131.0
1024.0
874.0
690.0
486.0
275.0
75.0
0.0
0.0
0.0
0.0
0.0
0.0
0.0
0.0
86.0
287.0
498.0
702.0
884.0
1032.0
1136.0
1189.0
1187.0
1131.0
1024.0
873.0
690.0
485.0
274.0
75.0
0.0
0.0
0.0
0.0
0.0
0.0
0.0
0.0
84.0
285.0
497.0
700.0
882.0
1031.0
1135.0
1188.0
1187.0
1130.0
1023.0
873.0
689.0
485.0
274.0
74.0
0.0
0.0
0.0
0.0
0.0
0.0
0.0
0.0
82.0
283.0
495.0
699.0
881.0
1029.0
1134.0
1187.0
1186.0
1130.0
1023.0
873.0
689.0
484.0
273.0
73.0
0.0
0.0
0.0
0.0
0.0
0.0
0.0
0.0
80.0
281.0
493.0
697.0
879.0
1028.0
1133.0
1186.0
1185.0
1129.0
1022.0
872.0
688.0
484.0
272.0
73.0
0.0
0.0
0.0
0.0
0.0
0.0
0.0
0.0
78.0
279.0
491.0
695.0
878.0
1027.0
1132.0
1185.0
1184.0
1128.0
1022.0
871.0
688.0
483.0
271.0
72.0
0.0
0.0
0.0
0.0
0.0
0.0
0.0
0.0
76.0
277.0
489.0
693.0
876.0
1025.0
1130.0
1184.0
1183.0
1128.0
1021.0
871.0
687.0
482.0
270.0
71.0
0.0
0.0
0.0
0.0
0.0
0.0
0.0
0.0
74.0
275.0
487.0
691.0
874.0
1024.0
1129.0
1183.0
1182.0
1127.0
1020.0
870.0
686.0
481.0
269.0
69.0
0.0
0.0
0.0
0.0
0.0
0.0
0.0
0.0
72.0
272.0
484.0
689.0
873.0
1022.0
1128.0
1182.0
1181.0
1126.0
1019.0
869.0
685.0
480.0
268.0
68.0
0.0
0.0
0.0
0.0
0.0
0.0
0.0
0.0
70.0
270.0
482.0
687.0
871.0
1020.0
1126.0
1181.0
1180.0
1125.0
1018.0
868.0
684.0
479.0
266.0
67.0
0.0
0.0
0.0
0.0
0.0
0.0
0.0
0.0
67.0
267.0
480.0
685.0
869.0
1019.0
1125.0
1179.0
1179.0
1124.0
1017.0
867.0
683.0
477.0
265.0
65.0
0.0
0.0
0.0
0.0
0.0
0.0
0.0
0.0
65.0
264.0
477.0
683.0
867.0
1017.0
1123.0
1178.0
1178.0
1123.0
1016.0
866.0
681.0
476.0
263.0
64.0
0.0
0.0
0.0
0.0
0.0
0.0
0.0
0.0
63.0
262.0
475.0
680.0
865.0
1015.0
1122.0
1177.0
1177.0
1122.0
1015.0
864.0
680.0
474.0
261.0
62.0
0.0
0.0
0.0
0.0
0.0
0.0
0.0
0.0
60.0
259.0
472.0
678.0
863.0
1013.0
1120.0
1175.0
1175.0
1120.0
1014.0
863.0
678.0
472.0
259.0
60.0
0.0
0.0
0.0
0.0
0.0
0.0
0.0
0.0
58.0
256.0
469.0
676.0
861.0
1012.0
1118.0
1174.0
1174.0
1119.0
1012.0
861.0
677.0
471.0
257.0
59.0
0.0
0.0
0.0
0.0
0.0
0.0
0.0
0.0
55.0
253.0
467.0
673.0
858.0
1010.0
1117.0
1172.0
1172.0
1117.0
1011.0
860.0
675.0
469.0
255.0
57.0
0.0
0.0
0.0
0.0
0.0
0.0
0.0
0.0
53.0
250.0
464.0
671.0
856.0
1008.0
1115.0
1171.0
1171.0
1116.0
1009.0
858.0
673.0
466.0
253.0
55.0
0.0
0.0
0.0
0.0
0.0
0.0
0.0
0.0
51.0
247.0
461.0
668.0
854.0
1006.0
1113.0
1169.0
1169.0
1114.0
1008.0
856.0
671.0
464.0
250.0
53.0
0.0
0.0
0.0
0.0
0.0
0.0
0.0
0.0
48.0
243.0
458.0
665.0
851.0
1003.0
1111.0
1167.0
1168.0
1113.0
1006.0
855.0
669.0
462.0
247.0
51.0
0.0
0.0
0.0
0.0
0.0
0.0
0.0
0.0
46.0
240.0
455.0
663.0
849.0
1001.0
1109.0
1165.0
1166.0
1111.0
1004.0
853.0
667.0
460.0
245.0
49.0
0.0
0.0
0.0
0.0
0.0
0.0
0.0
0.0
43.0
237.0
452.0
660.0
847.0
999.0
1107.0
1164.0
1164.0
1109.0
1002.0
851.0
665.0
457.0
242.0
47.0
0.0
0.0
0.0
0.0
0.0
0.0
0.0
0.0
41.0
233.0
449.0
657.0
844.0
997.0
1105.0
1162.0
1162.0
1107.0
1000.0
848.0
662.0
454.0
239.0
44.0
0.0
0.0
0.0
0.0
0.0
0.0
0.0
0.0
39.0
230.0
446.0
654.0
841.0
995.0
1103.0
1160.0
1160.0
1105.0
998.0
846.0
660.0
451.0
236.0
42.0
0.0
0.0
0.0
0.0
0.0
0.0
0.0
0.0
36.0
226.0
442.0
651.0
839.0
992.0
1101.0
1158.0
1158.0
1103.0
996.0
844.0
657.0
449.0
233.0
40.0
0.0
0.0
0.0
0.0
0.0
0.0
0.0
0.0
34.0
223.0
439.0
648.0
836.0
990.0
1099.0
1155.0
1156.0
1101.0
994.0
841.0
654.0
446.0
229.0
38.0
0.0
0.0
0.0
0.0
0.0
0.0
0.0
0.0
32.0
219.0
436.0
645.0
833.0
987.0
1096.0
1153.0
1154.0
1099.0
991.0
839.0
651.0
442.0
226.0
35.0
0.0
0.0
0.0
0.0
0.0
0.0
0.0
0.0
30.0
215.0
432.0
642.0
831.0
985.0
1094.0
1151.0
1152.0
1097.0
989.0
836.0
648.0
439.0
222.0
33.0
0.0
0.0
0.0
0.0
0.0
0.0
0.0
0.0
27.0
212.0
429.0
639.0
828.0
982.0
1092.0
1149.0
1150.0
1094.0
986.0
833.0
645.0
436.0
218.0
31.0
0.0
0.0
0.0
0.0
0.0
0.0
0.0
0.0
25.0
208.0
426.0
636.0
825.0
980.0
1089.0
1146.0
1147.0
1092.0
984.0
830.0
642.0
432.0
214.0
29.0
0.0
0.0
0.0
0.0
0.0
0.0
0.0
0.0
23.0
204.0
422.0
633.0
822.0
977.0
1087.0
1144.0
1145.0
1089.0
981.0
827.0
639.0
428.0
210.0
26.0
0.0
0.0
0.0
0.0
0.0
0.0
0.0
0.0
21.0
200.0
418.0
630.0
819.0
974.0
1084.0
1142.0
1142.0
1087.0
978.0
824.0
635.0
425.0
206.0
24.0
0.0
0.0
0.0
0.0
0.0
0.0
0.0
0.0
19.0
196.0
415.0
626.0
816.0
972.0
1082.0
1139.0
1140.0
1084.0
975.0
821.0
632.0
421.0
202.0
22.0
0.0
0.0
0.0
0.0
0.0
0.0
0.0
0.0
18.0
192.0
411.0
623.0
813.0
969.0
1079.0
1136.0
1137.0
1081.0
972.0
818.0
628.0
417.0
197.0
20.0
0.0
0.0
0.0
0.0
0.0
0.0
0.0
0.0
16.0
188.0
407.0
620.0
810.0
966.0
1076.0
1134.0
1134.0
1078.0
969.0
814.0
624.0
413.0
193.0
18.0
0.0
0.0
0.0
0.0
0.0
0.0
0.0
0.0
14.0
184.0
404.0
616.0
807.0
963.0
1074.0
1131.0
1132.0
1075.0
966.0
811.0
621.0
408.0
188.0
16.0
0.0
0.0
0.0
0.0
0.0
0.0
0.0
0.0
12.0
179.0
400.0
613.0
804.0
960.0
1071.0
1128.0
1129.0
1072.0
963.0
807.0
617.0
404.0
183.0
14.0
0.0
0.0
0.0
0.0
0.0
0.0
0.0
0.0
11.0
175.0
396.0
609.0
801.0
957.0
1068.0
1125.0
1126.0
1069.0
959.0
803.0
612.0
399.0
179.0
12.0
0.0
0.0
0.0
0.0
0.0
0.0
0.0
0.0
10.0
171.0
392.0
606.0
797.0
954.0
1065.0
1122.0
1123.0
1066.0
956.0
799.0
608.0
395.0
174.0
10.0
0.0
0.0
0.0
0.0
0.0
0.0
0.0
0.0
8.0
167.0
388.0
602.0
794.0
951.0
1062.0
1119.0
1120.0
1063.0
952.0
796.0
604.0
390.0
168.0
9.0
0.0
0.0
0.0
0.0
0.0
0.0
0.0
0.0
7.0
162.0
384.0
599.0
791.0
948.0
1059.0
1116.0
1116.0
1059.0
948.0
791.0
599.0
385.0
163.0
7.0
0.0
0.0
0.0
0.0
0.0
0.0
0.0
0.0
6.0
158.0
380.0
595.0
787.0
945.0
1056.0
1113.0
1113.0
1056.0
944.0
787.0
595.0
380.0
158.0
6.0
0.0
0.0
0.0
0.0
0.0
0.0
0.0
0.0
5.0
153.0
376.0
591.0
784.0
941.0
1052.0
1110.0
1110.0
1052.0
941.0
783.0
590.0
375.0
152.0
4.0
0.0
0.0
0.0
0.0
0.0
0.0
0.0
0.0
4.0
149.0
372.0
587.0
780.0
938.0
1049.0
1107.0
1106.0
1048.0
937.0
779.0
585.0
370.0
147.0
3.0
0.0
0.0
0.0
0.0
0.0
0.0
0.0
0.0
3.0
144.0
368.0
584.0
777.0
935.0
1046.0
1103.0
1103.0
1045.0
932.0
774.0
580.0
364.0
141.0
2.0
0.0
0.0
0.0
0.0
0.0
0.0
0.0
0.0
2.0
140.0
364.0
580.0
773.0
931.0
1043.0
1100.0
1099.0
1041.0
928.0
769.0
575.0
359.0
135.0
2.0
0.0
0.0
0.0
0.0
0.0
0.0
0.0
0.0
2.0
135.0
360.0
576.0
770.0
928.0
1039.0
1096.0
1096.0
1037.0
924.0
765.0
570.0
353.0
129.0
1.0
0.0
0.0
0.0
0.0
0.0
0.0
0.0
0.0
1.0
131.0
355.0
572.0
766.0
924.0
1036.0
1093.0
1092.0
1033.0
920.0
760.0
565.0
348.0
123.0
0.0
0.0
0.0
0.0
0.0
0.0
0.0
0.0
0.0
1.0
126.0
351.0
568.0
762.0
921.0
1032.0
1089.0
1088.0
1029.0
915.0
755.0
560.0
342.0
117.0
0.0
0.0
0.0
0.0
0.0
0.0
0.0
0.0
0.0
0.0
121.0
347.0
564.0
759.0
917.0
1029.0
1086.0
1084.0
1024.0
910.0
750.0
554.0
336.0
112.0
0.0
0.0
0.0
0.0
0.0
0.0
0.0
0.0
0.0
0.0
117.0
343.0
560.0
755.0
913.0
1025.0
1082.0
1080.0
1020.0
906.0
745.0
548.0
330.0
105.0
0.0
0.0
0.0
0.0
0.0
0.0
0.0
0.0
0.0
0.0
112.0
338.0
556.0
751.0
910.0
1021.0
1078.0
1076.0
1016.0
901.0
740.0
543.0
324.0
99.0
0.0
0.0
0.0
0.0
0.0
0.0
0.0
0.0
0.0
0.0
108.0
334.0
552.0
747.0
906.0
1017.0
1074.0
1072.0
1011.0
896.0
734.0
537.0
318.0
93.0
0.0
0.0
0.0
0.0
0.0
0.0
0.0
0.0
0.0
0.0
104.0
329.0
548.0
743.0
902.0
1014.0
1070.0
1068.0
1007.0
891.0
729.0
531.0
311.0
87.0
0.0
0.0
0.0
0.0
0.0
0.0
0.0
0.0
0.0
0.0
99.0
325.0
544.0
739.0
898.0
1010.0
1066.0
1063.0
1002.0
886.0
723.0
525.0
305.0
81.0
0.0
0.0
0.0
0.0
0.0
0.0
0.0
0.0
0.0
0.0
95.0
321.0
540.0
735.0
894.0
1006.0
1062.0
1059.0
997.0
881.0
718.0
519.0
298.0
75.0
0.0
0.0
0.0
0.0
0.0
0.0
0.0
0.0
0.0
0.0
90.0
316.0
535.0
731.0
890.0
1002.0
1058.0
1054.0
992.0
875.0
712.0
513.0
292.0
70.0
0.0
0.0
0.0
0.0
0.0
0.0
0.0
0.0
0.0
0.0
86.0
311.0
531.0
727.0
886.0
998.0
1053.0
1050.0
987.0
870.0
706.0
507.0
285.0
64.0
0.0
0.0
0.0
0.0
0.0
0.0
0.0
0.0
0.0
0.0
82.0
307.0
527.0
723.0
882.0
993.0
1049.0
1045.0
982.0
865.0
700.0
500.0
278.0
59.0
0.0
0.0
0.0
0.0
0.0
0.0
0.0
0.0
0.0
0.0
78.0
302.0
523.0
719.0
878.0
989.0
1044.0
1040.0
977.0
859.0
694.0
494.0
271.0
54.0
0.0
0.0
0.0
0.0
0.0
0.0
0.0
0.0
0.0
0.0
74.0
298.0
518.0
715.0
874.0
985.0
1040.0
1036.0
972.0
853.0
688.0
487.0
264.0
49.0
0.0
0.0
0.0
0.0
0.0
0.0
0.0
0.0
0.0
0.0
70.0
293.0
514.0
711.0
870.0
980.0
1035.0
1031.0
967.0
848.0
682.0
480.0
257.0
44.0
0.0
0.0
0.0
0.0
0.0
0.0
0.0
0.0
0.0
0.0
66.0
288.0
509.0
706.0
865.0
976.0
1031.0
1026.0
961.0
842.0
676.0
474.0
250.0
40.0
0.0
0.0
0.0
0.0
0.0
0.0
0.0
0.0
0.0
0.0
62.0
284.0
505.0
702.0
861.0
972.0
1026.0
1021.0
956.0
836.0
669.0
467.0
243.0
36.0
0.0
0.0
0.0
0.0
0.0
0.0
0.0
0.0
0.0
0.0
58.0
279.0
500.0
697.0
857.0
967.0
1021.0
1016.0
950.0
830.0
663.0
460.0
236.0
32.0
0.0
0.0
0.0
0.0
0.0
0.0
0.0
0.0
0.0
0.0
55.0
274.0
496.0
693.0
852.0
962.0
1016.0
1010.0
945.0
824.0
656.0
453.0
228.0
28.0
0.0
0.0
0.0
0.0
0.0
0.0
0.0
0.0
0.0
0.0
52.0
269.0
491.0
689.0
848.0
958.0
1011.0
1005.0
939.0
818.0
649.0
446.0
221.0
24.0
0.0
0.0
0.0
0.0
0.0
0.0
0.0
0.0
0.0
0.0
48.0
265.0
487.0
684.0
843.0
953.0
1006.0
1000.0
933.0
811.0
643.0
439.0
213.0
21.0
0.0
0.0
0.0
0.0
0.0
0.0
0.0
0.0
0.0
0.0
45.0
260.0
482.0
679.0
838.0
948.0
1001.0
994.0
927.0
805.0
636.0
431.0
206.0
17.0
0.0
0.0
0.0
0.0
0.0
0.0
0.0
0.0
0.0
0.0
42.0
255.0
477.0
675.0
834.0
943.0
996.0
989.0
921.0
799.0
629.0
424.0
198.0
14.0
0.0
0.0
0.0
0.0
0.0
0.0
0.0
0.0
0.0
0.0
39.0
250.0
473.0
670.0
829.0
938.0
991.0
983.0
915.0
792.0
622.0
417.0
190.0
12.0
0.0
0.0
0.0
0.0
0.0
0.0
0.0
0.0
0.0
0.0
36.0
245.0
468.0
665.0
824.0
933.0
986.0
977.0
909.0
786.0
615.0
409.0
182.0
9.0
0.0
0.0
0.0
0.0
0.0
0.0
0.0
0.0
0.0
0.0
33.0
240.0
463.0
661.0
819.0
928.0
980.0
972.0
903.0
779.0
608.0
402.0
174.0
7.0
0.0
0.0
0.0
0.0
0.0
0.0
0.0
0.0
0.0
0.0
30.0
235.0
458.0
656.0
814.0
923.0
975.0
966.0
897.0
772.0
601.0
394.0
167.0
5.0
0.0
0.0
0.0
0.0
0.0
0.0
0.0
0.0
0.0
0.0
28.0
230.0
453.0
651.0
809.0
918.0
969.0
960.0
890.0
765.0
594.0
387.0
159.0
4.0
0.0
0.0
0.0
0.0
0.0
0.0
0.0
0.0
0.0
0.0
25.0
225.0
448.0
646.0
804.0
913.0
964.0
954.0
884.0
759.0
586.0
379.0
151.0
2.0
0.0
0.0
0.0
0.0
0.0
0.0
0.0
0.0
0.0
0.0
23.0
220.0
443.0
641.0
799.0
907.0
958.0
948.0
877.0
752.0
579.0
371.0
143.0
1.0
0.0
0.0
0.0
0.0
0.0
0.0
0.0
0.0
0.0
0.0
21.0
215.0
438.0
636.0
794.0
902.0
952.0
942.0
871.0
745.0
572.0
363.0
135.0
1.0
0.0
0.0
0.0
0.0
0.0
0.0
0.0
0.0
0.0
0.0
19.0
210.0
433.0
631.0
789.0
897.0
947.0
936.0
864.0
738.0
564.0
356.0
126.0
0.0
0.0
0.0
0.0
0.0
0.0
0.0
0.0
0.0
0.0
0.0
16.0
205.0
428.0
626.0
784.0
891.0
941.0
929.0
858.0
731.0
557.0
348.0
118.0
0.0
0.0
0.0
0.0
0.0
0.0
0.0
0.0
0.0
0.0
0.0
15.0
200.0
423.0
621.0
778.0
885.0
935.0
923.0
851.0
723.0
549.0
340.0
110.0
0.0
0.0
0.0
0.0
0.0
0.0
0.0
0.0
0.0
0.0
0.0
13.0
194.0
418.0
615.0
773.0
880.0
929.0
917.0
844.0
716.0
541.0
332.0
102.0
0.0
0.0
0.0
0.0
0.0
0.0
0.0
0.0
0.0
0.0
0.0
11.0
189.0
413.0
610.0
768.0
874.0
923.0
910.0
837.0
709.0
534.0
324.0
94.0
0.0
0.0
0.0
0.0
0.0
0.0
0.0
0.0
0.0
0.0
0.0
9.0
184.0
408.0
605.0
762.0
868.0
917.0
904.0
830.0
702.0
526.0
316.0
87.0
0.0
0.0
0.0
0.0
0.0
0.0
0.0
0.0
0.0
0.0
0.0
8.0
179.0
402.0
600.0
757.0
863.0
911.0
897.0
823.0
694.0
518.0
308.0
80.0
0.0
0.0
0.0
0.0
0.0
0.0
0.0
0.0
0.0
0.0
0.0
7.0
173.0
397.0
594.0
751.0
857.0
904.0
891.0
817.0
687.0
511.0
300.0
74.0
0.0
0.0
0.0
0.0
0.0
0.0
0.0
0.0
0.0
0.0
0.0
5.0
168.0
392.0
589.0
745.0
851.0
898.0
884.0
809.0
679.0
503.0
292.0
67.0
0.0
0.0
0.0
0.0
0.0
0.0
0.0
0.0
0.0
0.0
0.0
4.0
162.0
386.0
583.0
740.0
845.0
892.0
877.0
802.0
672.0
495.0
284.0
61.0
0.0
0.0
0.0
0.0
0.0
0.0
0.0
0.0
0.0
0.0
0.0
3.0
157.0
381.0
578.0
734.0
839.0
886.0
871.0
795.0
664.0
487.0
276.0
55.0
0.0
0.0
0.0
0.0
0.0
0.0
0.0
0.0
0.0
0.0
0.0
2.0
152.0
375.0
572.0
728.0
833.0
879.0
864.0
788.0
657.0
479.0
268.0
50.0
0.0
0.0
0.0
0.0
0.0
0.0
0.0
0.0
0.0
0.0
0.0
2.0
146.0
370.0
566.0
722.0
827.0
873.0
857.0
781.0
649.0
472.0
259.0
45.0
0.0
0.0
0.0
0.0
0.0
0.0
0.0
0.0
0.0
0.0
0.0
1.0
141.0
364.0
561.0
716.0
820.0
866.0
850.0
774.0
642.0
464.0
251.0
40.0
0.0
0.0
0.0
0.0
0.0
0.0
0.0
0.0
0.0
0.0
0.0
1.0
135.0
359.0
555.0
710.0
814.0
860.0
843.0
766.0
634.0
456.0
243.0
35.0
0.0
0.0
0.0
0.0
0.0
0.0
0.0
0.0
0.0
0.0
0.0
0.0
130.0
353.0
549.0
704.0
808.0
853.0
836.0
759.0
627.0
448.0
235.0
31.0
0.0
0.0
0.0
0.0
0.0
0.0
0.0
0.0
0.0
0.0
0.0
0.0
124.0
348.0
543.0
698.0
802.0
846.0
829.0
752.0
619.0
440.0
227.0
27.0
0.0
0.0
0.0
0.0
0.0
0.0
0.0
0.0
0.0
0.0
0.0
0.0
118.0
342.0
538.0
692.0
795.0
840.0
822.0
744.0
611.0
432.0
219.0
23.0
0.0
0.0
0.0
0.0
0.0
0.0
0.0
0.0
0.0
0.0
0.0
0.0
111.0
336.0
532.0
686.0
789.0
833.0
815.0
737.0
604.0
424.0
211.0
20.0
0.0
0.0
0.0
0.0
0.0
0.0
0.0
0.0
0.0
0.0
0.0
0.0
106.0
330.0
526.0
680.0
782.0
826.0
808.0
730.0
596.0
416.0
203.0
16.0
0.0
0.0
0.0
0.0
0.0
0.0
0.0
0.0
0.0
0.0
0.0
0.0
100.0
325.0
520.0
674.0
776.0
819.0
801.0
722.0
588.0
408.0
195.0
14.0
0.0
0.0
0.0
0.0
0.0
0.0
0.0
0.0
0.0
0.0
0.0
0.0
95.0
319.0
514.0
668.0
769.0
813.0
794.0
715.0
581.0
401.0
187.0
11.0
0.0
0.0
0.0
0.0
0.0
0.0
0.0
0.0
0.0
0.0
0.0
0.0
90.0
313.0
508.0
661.0
763.0
806.0
787.0
707.0
573.0
393.0
179.0
9.0
0.0
0.0
0.0
0.0
0.0
0.0
0.0
0.0
0.0
0.0
0.0
0.0
85.0
307.0
502.0
655.0
756.0
799.0
780.0
700.0
565.0
385.0
171.0
7.0
0.0
0.0
0.0
0.0
0.0
0.0
0.0
0.0
0.0
0.0
0.0
0.0
80.0
301.0
496.0
649.0
750.0
792.0
772.0
693.0
558.0
377.0
163.0
5.0
0.0
0.0
0.0
0.0
0.0
0.0
0.0
0.0
0.0
0.0
0.0
0.0
75.0
295.0
489.0
642.0
743.0
785.0
765.0
685.0
550.0
369.0
155.0
3.0
0.0
0.0
0.0
0.0
0.0
0.0
0.0
0.0
0.0
0.0
0.0
0.0
70.0
289.0
483.0
636.0
736.0
778.0
758.0
678.0
543.0
362.0
148.0
2.0
0.0
0.0
0.0
0.0
0.0
0.0
0.0
0.0
0.0
0.0
0.0
0.0
66.0
283.0
477.0
629.0
730.0
771.0
751.0
670.0
535.0
354.0
140.0
1.0
0.0
0.0
0.0
0.0
0.0
0.0
0.0
0.0
0.0
0.0
0.0
0.0
62.0
277.0
471.0
623.0
723.0
764.0
744.0
663.0
527.0
346.0
132.0
1.0
0.0
0.0
0.0
0.0
0.0
0.0
0.0
0.0
0.0
0.0
0.0
0.0
57.0
271.0
465.0
616.0
716.0
757.0
736.0
656.0
520.0
339.0
125.0
0.0
0.0
0.0
0.0
0.0
0.0
0.0
0.0
0.0
0.0
0.0
0.0
0.0
53.0
265.0
458.0
610.0
709.0
750.0
729.0
648.0
512.0
331.0
117.0
0.0
0.0
0.0
0.0
0.0
0.0
0.0
0.0
0.0
0.0
0.0
0.0
0.0
49.0
259.0
452.0
603.0
703.0
743.0
722.0
641.0
505.0
324.0
107.0
0.0
0.0
0.0
0.0
0.0
0.0
0.0
0.0
0.0
0.0
0.0
0.0
0.0
45.0
253.0
446.0
597.0
696.0
736.0
715.0
634.0
498.0
316.0
100.0
0.0
0.0
0.0
0.0
0.0
0.0
0.0
0.0
0.0
0.0
0.0
0.0
0.0
42.0
247.0
439.0
590.0
689.0
729.0
708.0
626.0
490.0
309.0
93.0
0.0
0.0
0.0
0.0
0.0
0.0
0.0
0.0
0.0
0.0
0.0
0.0
0.0
38.0
240.0
433.0
584.0
682.0
722.0
701.0
619.0
483.0
302.0
87.0
0.0
0.0
0.0
0.0
0.0
0.0
0.0
0.0
0.0
0.0
0.0
0.0
0.0
35.0
234.0
427.0
577.0
676.0
715.0
694.0
612.0
476.0
294.0
81.0
0.0
0.0
0.0
0.0
0.0
0.0
0.0
0.0
0.0
0.0
0.0
0.0
0.0
31.0
228.0
420.0
570.0
669.0
708.0
686.0
605.0
468.0
287.0
75.0
0.0
0.0
0.0
0.0
0.0
0.0
0.0
0.0
0.0
0.0
0.0
0.0
0.0
28.0
222.0
414.0
564.0
662.0
701.0
679.0
598.0
461.0
280.0
69.0
0.0
0.0
0.0
0.0
0.0
0.0
0.0
0.0
0.0
0.0
0.0
0.0
0.0
25.0
216.0
407.0
557.0
655.0
694.0
672.0
590.0
454.0
273.0
64.0
0.0
0.0
0.0
0.0
0.0
0.0
0.0
0.0
0.0
0.0
0.0
0.0
0.0
23.0
209.0
401.0
551.0
648.0
688.0
665.0
583.0
447.0
266.0
59.0
0.0
0.0
0.0
0.0
0.0
0.0
0.0
0.0
0.0
0.0
0.0
0.0
0.0
20.0
203.0
395.0
544.0
642.0
681.0
658.0
576.0
440.0
259.0
54.0
0.0
0.0
0.0
0.0
0.0
0.0
0.0
0.0
0.0
0.0
0.0
0.0
0.0
18.0
197.0
388.0
538.0
635.0
674.0
652.0
570.0
433.0
252.0
49.0
0.0
0.0
0.0
0.0
0.0
0.0
0.0
0.0
0.0
0.0
0.0
0.0
0.0
15.0
191.0
382.0
531.0
628.0
667.0
645.0
563.0
427.0
246.0
45.0
0.0
0.0
0.0
0.0
0.0
0.0
0.0
0.0
0.0
0.0
0.0
0.0
0.0
13.0
185.0
375.0
524.0
622.0
660.0
638.0
556.0
420.0
239.0
41.0
0.0
0.0
0.0
0.0
0.0
0.0
0.0
0.0
0.0
0.0
0.0
0.0
0.0
11.0
178.0
369.0
518.0
615.0
654.0
631.0
549.0
413.0
233.0
37.0
0.0
0.0
0.0
0.0
0.0
0.0
0.0
0.0
0.0
0.0
0.0
0.0
0.0
9.0
172.0
363.0
511.0
608.0
647.0
624.0
543.0
407.0
226.0
34.0
0.0
0.0
0.0
0.0
0.0
0.0
0.0
0.0
0.0
0.0
0.0
0.0
0.0
8.0
166.0
356.0
505.0
602.0
640.0
618.0
536.0
400.0
220.0
31.0
0.0
0.0
0.0
0.0
0.0
0.0
0.0
0.0
0.0
0.0
0.0
0.0
0.0
6.0
160.0
350.0
498.0
595.0
634.0
611.0
529.0
394.0
214.0
27.0
0.0
0.0
0.0
0.0
0.0
0.0
0.0
0.0
0.0
0.0
0.0
0.0
0.0
5.0
154.0
344.0
492.0
589.0
627.0
605.0
523.0
388.0
208.0
25.0
0.0
0.0
0.0
0.0
0.0
0.0
0.0
0.0
0.0
0.0
0.0
0.0
0.0
4.0
148.0
337.0
486.0
582.0
621.0
598.0
517.0
381.0
202.0
22.0
0.0
0.0
0.0
0.0
0.0
0.0
0.0
0.0
0.0
0.0
0.0
0.0
0.0
3.0
142.0
331.0
479.0
576.0
614.0
592.0
510.0
375.0
196.0
19.0
0.0
0.0
0.0
0.0
0.0
0.0
0.0
0.0
0.0
0.0
0.0
0.0
0.0
2.0
135.0
325.0
473.0
569.0
608.0
586.0
504.0
369.0
190.0
17.0
0.0
0.0
0.0
0.0
0.0
0.0
0.0
0.0
0.0
0.0
0.0
0.0
0.0
1.0
129.0
319.0
467.0
563.0
602.0
579.0
498.0
364.0
184.0
15.0
0.0
0.0
0.0
0.0
0.0
0.0
0.0
0.0
0.0
0.0
0.0
0.0
0.0
1.0
123.0
313.0
460.0
557.0
595.0
573.0
492.0
358.0
179.0
13.0
0.0
0.0
0.0
0.0
0.0
0.0
0.0
0.0
0.0
0.0
0.0
0.0
0.0
0.0
117.0
306.0
454.0
551.0
589.0
567.0
486.0
352.0
174.0
11.0
0.0
0.0
0.0
0.0
0.0
0.0
0.0
0.0
0.0
0.0
0.0
0.0
0.0
0.0
112.0
300.0
448.0
544.0
583.0
561.0
481.0
347.0
168.0
10.0
0.0
0.0
0.0
0.0
0.0
0.0
0.0
0.0
0.0
0.0
0.0
0.0
0.0
0.0
102.0
294.0
442.0
538.0
577.0
556.0
475.0
341.0
163.0
8.0
0.0
0.0
0.0
0.0
0.0
0.0
0.0
0.0
0.0
0.0
0.0
0.0
0.0
0.0
96.0
288.0
436.0
532.0
571.0
550.0
470.0
336.0
158.0
7.0
0.0
0.0
0.0
0.0
0.0
0.0
0.0
0.0
0.0
0.0
0.0
0.0
0.0
0.0
91.0
282.0
430.0
526.0
565.0
544.0
464.0
331.0
153.0
6.0
0.0
0.0
0.0
0.0
0.0
0.0
0.0
0.0
0.0
0.0
0.0
0.0
0.0
0.0
85.0
277.0
424.0
521.0
560.0
539.0
459.0
326.0
149.0
5.0
0.0
0.0
0.0
0.0
0.0
0.0
0.0
0.0
0.0
0.0
0.0
0.0
0.0
0.0
80.0
271.0
418.0
515.0
554.0
533.0
454.0
321.0
144.0
4.0
0.0
0.0
0.0
0.0
0.0
0.0
0.0
0.0
0.0
0.0
0.0
0.0
0.0
0.0
75.0
265.0
412.0
509.0
549.0
528.0
449.0
316.0
140.0
3.0
0.0
0.0
0.0
0.0
0.0
0.0
0.0
0.0
0.0
0.0
0.0
0.0
0.0
0.0
71.0
259.0
407.0
504.0
543.0
523.0
444.0
312.0
135.0
3.0
0.0
0.0
0.0
0.0
0.0
0.0
0.0
0.0
0.0
0.0
0.0
0.0
0.0
0.0
66.0
254.0
401.0
498.0
538.0
518.0
439.0
307.0
131.0
2.0
0.0
0.0
0.0
0.0
0.0
0.0
0.0
0.0
0.0
0.0
0.0
0.0
0.0
0.0
62.0
248.0
396.0
493.0
533.0
513.0
434.0
303.0
127.0
2.0
0.0
0.0
0.0
0.0
0.0
0.0
0.0
0.0
0.0
0.0
0.0
0.0
0.0
0.0
58.0
243.0
390.0
487.0
527.0
508.0
430.0
299.0
123.0
1.0
0.0
0.0
0.0
0.0
0.0
0.0
0.0
0.0
0.0
0.0
0.0
0.0
0.0
0.0
54.0
237.0
385.0
482.0
522.0
503.0
425.0
294.0
120.0
1.0
0.0
0.0
0.0
0.0
0.0
0.0
0.0
0.0
0.0
0.0
0.0
0.0
0.0
0.0
50.0
232.0
380.0
477.0
518.0
498.0
421.0
291.0
116.0
1.0
0.0
0.0
0.0
0.0
0.0
0.0
0.0
0.0
0.0
0.0
0.0
0.0
0.0
0.0
46.0
227.0
375.0
472.0
513.0
494.0
417.0
287.0
113.0
0.0
0.0
0.0
0.0
0.0
0.0
0.0
0.0
0.0
0.0
0.0
0.0
0.0
0.0
0.0
43.0
222.0
370.0
467.0
508.0
490.0
413.0
283.0
109.0
0.0
0.0
0.0
0.0
0.0
0.0
0.0
0.0
0.0
0.0
0.0
0.0
0.0
0.0
0.0
40.0
217.0
365.0
463.0
504.0
486.0
409.0
280.0
106.0
0.0
0.0
0.0
0.0
0.0
0.0
0.0
0.0
0.0
0.0
0.0
0.0
0.0
0.0
0.0
37.0
212.0
360.0
458.0
499.0
481.0
405.0
276.0
103.0
0.0
0.0
0.0
0.0
0.0
0.0
0.0
0.0
0.0
0.0
0.0
0.0
0.0
0.0
0.0
34.0
207.0
355.0
453.0
495.0
478.0
402.0
273.0
100.0
0.0
0.0
0.0
0.0
0.0
0.0
0.0
0.0
0.0
0.0
0.0
0.0
0.0
0.0
0.0
31.0
202.0
351.0
449.0
491.0
474.0
399.0
270.0
94.0
0.0
0.0
0.0
0.0
0.0
0.0
0.0
0.0
0.0
0.0
0.0
0.0
0.0
0.0
0.0
29.0
198.0
346.0
445.0
487.0
470.0
395.0
267.0
91.0
0.0
0.0
0.0
0.0
0.0
0.0
0.0
0.0
0.0
0.0
0.0
0.0
0.0
0.0
0.0
27.0
193.0
342.0
441.0
483.0
467.0
392.0
265.0
89.0
0.0
0.0
0.0
0.0
0.0
0.0
0.0
0.0
0.0
0.0
0.0
0.0
0.0
0.0
0.0
24.0
189.0
338.0
437.0
480.0
463.0
389.0
262.0
87.0
0.0
0.0
0.0
0.0
0.0
0.0
0.0
0.0
0.0
0.0
0.0
0.0
0.0
0.0
0.0
22.0
185.0
333.0
433.0
476.0
460.0
387.0
260.0
85.0
0.0
0.0
0.0
0.0
0.0
0.0
0.0
0.0
0.0
0.0
0.0
0.0
0.0
0.0
0.0
20.0
181.0
329.0
429.0
473.0
457.0
384.0
258.0
83.0
0.0
0.0
0.0
0.0
0.0
0.0
0.0
0.0
0.0
0.0
0.0
0.0
0.0
0.0
0.0
19.0
177.0
326.0
426.0
469.0
454.0
382.0
256.0
82.0
0.0
0.0
0.0
0.0
0.0
0.0
0.0
0.0
0.0
0.0
0.0
0.0
0.0
0.0
0.0
17.0
173.0
322.0
422.0
466.0
452.0
379.0
254.0
80.0
0.0
0.0
0.0
0.0
0.0
0.0
0.0
0.0
0.0
0.0
0.0
0.0
0.0
0.0
0.0
15.0
169.0
318.0
419.0
463.0
449.0
377.0
252.0
79.0
0.0
0.0
0.0
0.0
0.0
0.0
0.0
0.0
0.0
0.0
0.0
0.0
0.0
0.0
0.0
14.0
165.0
315.0
416.0
461.0
447.0
375.0
251.0
78.0
0.0
0.0
0.0
0.0
0.0
0.0
0.0
0.0
0.0
0.0
0.0
0.0
0.0
0.0
0.0
13.0
162.0
312.0
413.0
458.0
445.0
373.0
249.0
77.0
0.0
0.0
0.0
0.0
0.0
0.0
0.0
0.0
0.0
0.0
0.0
0.0
0.0
0.0
0.0
11.0
158.0
308.0
410.0
456.0
443.0
372.0
248.0
76.0
0.0
0.0
0.0
0.0
0.0
0.0
0.0
0.0
0.0
0.0
0.0
0.0
0.0
0.0
0.0
10.0
155.0
305.0
407.0
453.0
441.0
370.0
247.0
76.0
0.0
0.0
0.0
0.0
0.0
0.0
0.0
0.0
0.0
0.0
0.0
0.0
0.0
0.0
0.0
9.0
152.0
303.0
405.0
451.0
439.0
369.0
246.0
75.0
0.0
0.0
0.0
0.0
0.0
0.0
0.0
0.0
0.0
0.0
0.0
0.0
0.0
0.0
0.0
8.0
149.0
300.0
402.0
449.0
438.0
368.0
246.0
75.0
0.0
0.0
0.0
0.0
0.0
0.0
0.0
0.0
0.0
0.0
0.0
0.0
0.0
0.0
0.0
8.0
146.0
297.0
400.0
447.0
436.0
367.0
245.0
75.0
0.0
0.0
0.0
0.0
0.0
0.0
0.0
0.0
0.0
0.0
0.0
0.0
0.0
0.0
0.0
7.0
144.0
295.0
398.0
446.0
435.0
366.0
245.0
75.0
0.0
0.0
0.0
0.0
0.0
0.0
0.0
0.0
0.0
0.0
0.0
0.0
0.0
0.0
0.0
6.0
141.0
293.0
396.0
444.0
434.0
366.0
244.0
75.0
0.0
0.0
0.0
0.0
0.0
0.0
0.0
0.0
0.0
0.0
0.0
0.0
0.0
0.0
0.0
6.0
139.0
291.0
394.0
443.0
433.0
365.0
244.0
75.0
0.0
0.0
0.0
0.0
0.0
0.0
0.0
0.0
0.0
0.0
0.0
0.0
0.0
0.0
0.0
5.0
136.0
289.0
393.0
442.0
432.0
365.0
245.0
76.0
0.0
0.0
0.0
0.0
0.0
0.0
0.0
0.0
0.0
0.0
0.0
0.0
0.0
0.0
0.0
5.0
134.0
287.0
391.0
441.0
432.0
365.0
245.0
76.0
0.0
0.0
0.0
0.0
0.0
0.0
0.0
0.0
0.0
0.0
0.0
0.0
0.0
0.0
0.0
4.0
132.0
285.0
390.0
440.0
432.0
365.0
246.0
77.0
0.0
0.0
0.0
0.0
0.0
0.0
0.0
0.0
0.0
0.0
0.0
0.0
0.0
0.0
0.0
4.0
130.0
284.0
389.0
440.0
432.0
366.0
246.0
78.0
0.0
0.0
0.0
0.0
0.0
0.0
0.0
0.0
0.0
0.0
0.0
0.0
0.0
0.0
0.0
3.0
129.0
282.0
388.0
439.0
432.0
366.0
247.0
79.0
0.0
0.0
0.0
0.0
0.0
0.0
0.0
0.0
0.0
0.0
0.0
0.0
0.0
0.0
0.0
3.0
127.0
281.0
388.0
439.0
432.0
367.0
248.0
80.0
0.0
0.0
0.0
0.0
0.0
0.0
0.0
0.0
0.0
0.0
0.0
0.0
0.0
0.0
0.0
3.0
126.0
280.0
387.0
439.0
432.0
367.0
249.0
81.0
0.0
0.0
0.0
0.0
0.0
0.0
0.0
0.0
0.0
0.0
0.0
0.0
0.0
0.0
0.0
3.0
125.0
280.0
387.0
439.0
433.0
368.0
251.0
83.0
0.0
0.0
0.0
0.0
0.0
0.0
0.0
0.0
0.0
0.0
0.0
0.0
0.0
0.0
0.0
2.0
124.0
279.0
386.0
439.0
433.0
370.0
252.0
85.0
0.0
0.0
0.0
0.0
0.0
0.0
0.0
0.0
0.0
0.0
0.0
0.0
0.0
0.0
0.0
2.0
123.0
278.0
386.0
440.0
434.0
371.0
254.0
87.0
0.0
0.0
0.0
0.0
0.0
0.0
0.0
0.0
0.0
0.0
0.0
0.0
0.0
0.0
0.0
2.0
122.0
278.0
387.0
440.0
435.0
372.0
256.0
89.0
0.0
0.0
0.0
0.0
0.0
0.0
0.0
0.0
0.0
0.0
0.0
0.0
0.0
0.0
0.0
2.0
122.0
278.0
387.0
441.0
437.0
374.0
258.0
95.0
0.0
0.0
0.0
0.0
0.0
0.0
0.0
0.0
0.0
0.0
0.0
0.0
0.0
0.0
0.0
2.0
121.0
278.0
387.0
442.0
438.0
376.0
260.0
98.0
0.0
0.0
0.0
0.0
0.0
0.0
0.0
0.0
0.0
0.0
0.0
0.0
0.0
0.0
0.0
2.0
121.0
278.0
388.0
443.0
440.0
378.0
262.0
100.0
0.0
0.0
0.0
0.0
0.0
0.0
0.0
0.0
0.0
0.0
0.0
0.0
0.0
0.0
0.0
2.0
121.0
279.0
389.0
444.0
441.0
380.0
265.0
103.0
0.0
0.0
0.0
0.0
0.0
0.0
0.0
0.0
