_pv_national_current load factor in Ireland in 2016
0.0
0.0
0.0
0.0
0.0
0.0
0.0
0.0
0.0
0.0035
0.0182
0.0251
0.0223
0.0161
0.008
0.0011
0.0
0.0
0.0
0.0
0.0
0.0
0.0
0.0
0.0
0.0
0.0
0.0
0.0
0.0
0.0
0.0
0.0
0.0055
0.0288
0.0583
0.0827
0.1006
0.0837
0.0333
0.0
0.0
0.0
0.0
0.0
0.0
0.0
0.0
0.0
0.0
0.0
0.0
0.0
0.0
0.0
0.0
0.0
0.0092
0.0413
0.0684
0.0812
0.0738
0.0482
0.0136
0.0
0.0
0.0
0.0
0.0
0.0
0.0
0.0
0.0
0.0
0.0
0.0
0.0
0.0
0.0
0.0
0.0
0.0069
0.0328
0.0597
0.074
0.0677
0.0429
0.013
0.0
0.0
0.0
0.0
0.0
0.0
0.0
0.0
0.0
0.0
0.0
0.0
0.0
0.0
0.0
0.0
0.0
0.0114
0.0448
0.071
0.0774
0.0721
0.0487
0.0176
0.0
0.0
0.0
0.0
0.0
0.0
0.0
0.0
0.0
0.0
0.0
0.0
0.0
0.0
0.0
0.0
0.0
0.0128
0.0351
0.0482
0.0626
0.0624
0.0307
0.006
0.0
0.0
0.0
0.0
0.0
0.0
0.0
0.0
0.0
0.0
0.0
0.0
0.0
0.0
0.0
0.0
0.0
0.0152
0.0573
0.0984
0.1148
0.1053
0.0766
0.0302
0.0
0.0
0.0
0.0
0.0
0.0
0.0
0.0
0.0
0.0
0.0
0.0
0.0
0.0
0.0
0.0
0.0
0.02
0.0641
0.1082
0.1265
0.1136
0.0784
0.0293
0.0
0.0
0.0
0.0
0.0
0.0
0.0
0.0
0.0
0.0
0.0
0.0
0.0
0.0
0.0
0.0
0.0
0.0075
0.0431
0.0892
0.1232
0.1084
0.0608
0.0146
0.0
0.0
0.0
0.0
0.0
0.0
0.0
0.0
0.0
0.0
0.0
0.0
0.0
0.0
0.0
0.0
0.0
0.0194
0.0913
0.1697
0.209
0.1909
0.1294
0.0468
0.0001
0.0
0.0
0.0
0.0
0.0
0.0
0.0
0.0
0.0
0.0
0.0
0.0
0.0
0.0
0.0
0.0
0.01
0.0396
0.0723
0.0893
0.0817
0.0589
0.0215
0.0
0.0
0.0
0.0
0.0
0.0
0.0
0.0
0.0
0.0
0.0
0.0
0.0
0.0
0.0
0.0
0.0
0.0297
0.093
0.1491
0.1809
0.1799
0.1376
0.0586
0.0006
0.0
0.0
0.0
0.0
0.0
0.0
0.0
0.0
0.0
0.0
0.0
0.0
0.0
0.0
0.0
0.0
0.0048
0.0189
0.0298
0.0306
0.0232
0.0167
0.0077
0.0
0.0
0.0
0.0
0.0
0.0
0.0
0.0
0.0
0.0
0.0
0.0
0.0
0.0
0.0
0.0
0.0003
0.0774
0.1771
0.2069
0.1818
0.1313
0.0793
0.0334
0.0008
0.0
0.0
0.0
0.0
0.0
0.0
0.0
0.0
0.0
0.0
0.0
0.0
0.0
0.0
0.0
0.0003
0.0551
0.1657
0.2512
0.2736
0.2221
0.1532
0.062
0.0012
0.0
0.0
0.0
0.0
0.0
0.0
0.0
0.0
0.0
0.0
0.0
0.0
0.0
0.0
0.0
0.0006
0.0496
0.0995
0.1347
0.1336
0.0899
0.046
0.0145
0.0001
0.0
0.0
0.0
0.0
0.0
0.0
0.0
0.0
0.0
0.0
0.0
0.0
0.0
0.0
0.0
0.0
0.0041
0.0158
0.0254
0.0286
0.0246
0.0143
0.0035
0.0
0.0
0.0
0.0
0.0
0.0
0.0
0.0
0.0
0.0
0.0
0.0
0.0
0.0
0.0
0.0
0.0
0.0104
0.0462
0.0898
0.0978
0.0701
0.04
0.0148
0.0001
0.0
0.0
0.0
0.0
0.0
0.0
0.0
0.0
0.0
0.0
0.0
0.0
0.0
0.0
0.0
0.0
0.0274
0.072
0.1059
0.1221
0.1156
0.0776
0.0319
0.0013
0.0
0.0
0.0
0.0
0.0
0.0
0.0
0.0
0.0
0.0
0.0
0.0
0.0
0.0
0.0
0.0041
0.1147
0.2298
0.2911
0.292
0.2416
0.1527
0.0533
0.0008
0.0
0.0
0.0
0.0
0.0
0.0
0.0
0.0
0.0
0.0
0.0
0.0
0.0
0.0
0.0
0.0
0.0111
0.0249
0.0439
0.0633
0.0621
0.0425
0.0182
0.0005
0.0
0.0
0.0
0.0
0.0
0.0
0.0
0.0
0.0
0.0
0.0
0.0
0.0
0.0
0.0
0.0015
0.092
0.209
0.2861
0.3137
0.2569
0.1696
0.0737
0.004
0.0
0.0
0.0
0.0
0.0
0.0
0.0
0.0
0.0
0.0
0.0
0.0
0.0
0.0
0.0
0.0004
0.0178
0.0429
0.0446
0.0413
0.0308
0.0135
0.0049
0.0001
0.0
0.0
0.0
0.0
0.0
0.0
0.0
0.0
0.0
0.0
0.0
0.0
0.0
0.0
0.0
0.0003
0.0218
0.048
0.0619
0.0729
0.0648
0.041
0.0139
0.0002
0.0
0.0
0.0
0.0
0.0
0.0
0.0
0.0
0.0
0.0
0.0
0.0
0.0
0.0
0.0
0.0001
0.0227
0.0829
0.1381
0.177
0.196
0.17
0.0849
0.0065
0.0
0.0
0.0
0.0
0.0
0.0
0.0
0.0
0.0
0.0
0.0
0.0
0.0
0.0
0.0
0.0
0.0035
0.0222
0.0546
0.0638
0.053
0.0529
0.0293
0.0021
0.0
0.0
0.0
0.0
0.0
0.0
0.0
0.0
0.0
0.0
0.0
0.0
0.0
0.0
0.0
0.0025
0.0744
0.1905
0.2438
0.2417
0.2151
0.1756
0.1058
0.0134
0.0
0.0
0.0
0.0
0.0
0.0
0.0
0.0
0.0
0.0
0.0
0.0
0.0
0.0
0.0
0.0
0.0193
0.0686
0.0983
0.0653
0.0295
0.0157
0.0061
0.0003
0.0
0.0
0.0
0.0
0.0
0.0
0.0
0.0
0.0
0.0
0.0
0.0
0.0
0.0
0.0
0.0106
0.1448
0.2705
0.2072
0.0949
0.0722
0.0654
0.0359
0.0053
0.0
0.0
0.0
0.0
0.0
0.0
0.0
0.0
0.0
0.0
0.0
0.0
0.0
0.0
0.0
0.0037
0.0434
0.0913
0.1266
0.1566
0.1343
0.0732
0.0273
0.0038
0.0
0.0
0.0
0.0
0.0
0.0
0.0
0.0
0.0
0.0
0.0
0.0
0.0
0.0
0.0
0.0001
0.0118
0.0434
0.055
0.054
0.0473
0.0288
0.014
0.0006
0.0
0.0
0.0
0.0
0.0
0.0
0.0
0.0
0.0
0.0
0.0
0.0
0.0
0.0
0.0
0.0036
0.0543
0.1698
0.2714
0.2871
0.2394
0.1729
0.0929
0.0147
0.0
0.0
0.0
0.0
0.0
0.0
0.0
0.0
0.0
0.0
0.0
0.0
0.0
0.0
0.0
0.011
0.0714
0.1207
0.1503
0.1551
0.1379
0.1089
0.0682
0.0147
0.0
0.0
0.0
0.0
0.0
0.0
0.0
0.0
0.0
0.0
0.0
0.0
0.0
0.0
0.0
0.0115
0.088
0.1588
0.1915
0.1818
0.1953
0.1289
0.0463
0.0042
0.0
0.0
0.0
0.0
0.0
0.0
0.0
0.0
0.0
0.0
0.0
0.0
0.0
0.0
0.0
0.0027
0.0248
0.0556
0.0803
0.0968
0.0982
0.0837
0.0459
0.008
0.0
0.0
0.0
0.0
0.0
0.0
0.0
0.0
0.0
0.0
0.0
0.0
0.0
0.0
0.0
0.0007
0.0071
0.0147
0.0245
0.0364
0.0366
0.0232
0.0122
0.0042
0.0
0.0
0.0
0.0
0.0
0.0
0.0
0.0
0.0
0.0
0.0
0.0
0.0
0.0
0.0
0.001
0.0148
0.0273
0.0427
0.0593
0.0617
0.0594
0.0473
0.0106
0.0
0.0
0.0
0.0
0.0
0.0
0.0
0.0
0.0
0.0
0.0
0.0
0.0
0.0
0.0
0.0161
0.0652
0.0822
0.087
0.0908
0.083
0.0486
0.0178
0.0044
0.0
0.0
0.0
0.0
0.0
0.0
0.0
0.0
0.0
0.0
0.0
0.0
0.0
0.0
0.0
0.0009
0.0177
0.0495
0.087
0.105
0.1006
0.0838
0.0527
0.0142
0.0
0.0
0.0
0.0
0.0
0.0
0.0
0.0
0.0
0.0
0.0
0.0
0.0
0.0
0.0
0.0211
0.0833
0.149
0.1805
0.1797
0.1528
0.1122
0.06
0.0139
0.0
0.0
0.0
0.0
0.0
0.0
0.0
0.0
0.0
0.0
0.0
0.0
0.0
0.0
0.0
0.0226
0.0842
0.1602
0.234
0.3011
0.2904
0.2226
0.1227
0.0329
0.0
0.0
0.0
0.0
0.0
0.0
0.0
0.0
0.0
0.0
0.0
0.0
0.0
0.0
0.0
0.0188
0.0771
0.1562
0.2147
0.2664
0.2666
0.2155
0.1251
0.0307
0.0
0.0
0.0
0.0
0.0
0.0
0.0
0.0
0.0
0.0
0.0
0.0
0.0
0.0
0.0
0.0204
0.0825
0.1422
0.2026
0.2376
0.2407
0.1899
0.1094
0.0286
0.0
0.0
0.0
0.0
0.0
0.0
0.0
0.0
0.0
0.0
0.0
0.0
0.0
0.0
0.0
0.0095
0.0412
0.0695
0.0862
0.0868
0.073
0.0498
0.0252
0.0053
0.0
0.0
0.0
0.0
0.0
0.0
0.0
0.0
0.0
0.0
0.0
0.0
0.0
0.0
0.0
0.0351
0.123
0.2383
0.3267
0.3486
0.3245
0.2443
0.1539
0.0558
0.0002
0.0
0.0
0.0
0.0
0.0
0.0
0.0
0.0
0.0
0.0
0.0
0.0
0.0
0.0001
0.1341
0.3137
0.448
0.5216
0.52
0.4182
0.2742
0.1194
0.0223
0.0
0.0
0.0
0.0
0.0
0.0
0.0
0.0
0.0
0.0
0.0
0.0
0.0
0.0
0.0
0.0092
0.0428
0.0832
0.102
0.0948
0.0697
0.0393
0.0148
0.0021
0.0
0.0
0.0
0.0
0.0
0.0
0.0
0.0
0.0
0.0
0.0
0.0
0.0
0.0
0.0
0.0176
0.063
0.1191
0.2043
0.2852
0.325
0.2997
0.2092
0.0814
0.001
0.0
0.0
0.0
0.0
0.0
0.0
0.0
0.0
0.0
0.0
0.0
0.0
0.0
0.0001
0.0357
0.1134
0.2022
0.2727
0.3071
0.294
0.2424
0.1528
0.0562
0.0008
0.0
0.0
0.0
0.0
0.0
0.0
0.0
0.0
0.0
0.0
0.0
0.0
0.0
0.0
0.0098
0.0383
0.0531
0.0566
0.043
0.0353
0.035
0.0452
0.0189
0.0001
0.0
0.0
0.0
0.0
0.0
0.0
0.0
0.0
0.0
0.0
0.0
0.0
0.0
0.0
0.0092
0.031
0.0504
0.1034
0.1253
0.0978
0.0761
0.0463
0.0155
0.0
0.0
0.0
0.0
0.0
0.0
0.0
0.0
0.0
0.0
0.0
0.0
0.0
0.0
0.0
0.0129
0.0393
0.0549
0.0691
0.0912
0.0938
0.0884
0.0652
0.0293
0.0006
0.0
0.0
0.0
0.0
0.0
0.0
0.0
0.0
0.0
0.0
0.0
0.0
0.0
0.0023
0.1051
0.2488
0.3409
0.402
0.4145
0.3823
0.3025
0.2092
0.0873
0.0051
0.0
0.0
0.0
0.0
0.0
0.0
0.0
0.0
0.0
0.0
0.0
0.0
0.0
0.0026
0.0967
0.2464
0.4216
0.5276
0.5588
0.5354
0.4611
0.333
0.1645
0.017
0.0
0.0
0.0
0.0
0.0
0.0
0.0
0.0
0.0
0.0
0.0
0.0
0.0
0.0095
0.1618
0.3066
0.409
0.4664
0.4764
0.4459
0.3651
0.2363
0.1082
0.0099
0.0
0.0
0.0
0.0
0.0
0.0
0.0
0.0
0.0
0.0
0.0
0.0
0.0
0.0029
0.0559
0.1359
0.2185
0.2794
0.2656
0.2066
0.1267
0.0706
0.0282
0.0012
0.0
0.0
0.0
0.0
0.0
0.0
0.0
0.0
0.0
0.0
0.0
0.0
0.0
0.0004
0.0221
0.0578
0.095
0.1286
0.1244
0.1014
0.0725
0.0468
0.0183
0.0007
0.0
0.0
0.0
0.0
0.0
0.0
0.0
0.0
0.0
0.0
0.0
0.0
0.0
0.0028
0.0565
0.1349
0.2248
0.2987
0.3121
0.2841
0.2356
0.1671
0.0807
0.0098
0.0
0.0
0.0
0.0
0.0
0.0
0.0
0.0
0.0
0.0
0.0
0.0
0.0
0.0139
0.1229
0.2279
0.3447
0.4467
0.4976
0.506
0.438
0.2966
0.1191
0.0128
0.0
0.0
0.0
0.0
0.0
0.0
0.0
0.0
0.0
0.0
0.0
0.0
0.0
0.0001
0.0084
0.021
0.0381
0.0463
0.0372
0.0453
0.0352
0.02
0.0077
0.0003
0.0
0.0
0.0
0.0
0.0
0.0
0.0
0.0
0.0
0.0
0.0
0.0
0.0
0.0022
0.0436
0.0922
0.1566
0.213
0.2388
0.2567
0.1928
0.1334
0.0771
0.0138
0.0
0.0
0.0
0.0
0.0
0.0
0.0
0.0
0.0
0.0
0.0
0.0
0.0
0.0022
0.0454
0.1181
0.2102
0.2223
0.2405
0.2738
0.2456
0.195
0.1124
0.0185
0.0
0.0
0.0
0.0
0.0
0.0
0.0
0.0
0.0
0.0
0.0
0.0
0.0
0.0035
0.0712
0.1588
0.2037
0.1936
0.1336
0.0887
0.1048
0.1281
0.0837
0.0159
0.0
0.0
0.0
0.0
0.0
0.0
0.0
0.0
0.0
0.0
0.0
0.0
0.0
0.0062
0.0519
0.1165
0.2003
0.3295
0.4003
0.409
0.3753
0.2645
0.1354
0.0275
0.0
0.0
0.0
0.0
0.0
0.0
0.0
0.0
0.0
0.0
0.0
0.0
0.0
0.022
0.1292
0.2716
0.3923
0.4291
0.4267
0.4082
0.3457
0.2364
0.1326
0.0304
0.0
0.0
0.0
0.0
0.0
0.0
0.0
0.0
0.0
0.0
0.0
0.0
0.0
0.0051
0.0268
0.0535
0.076
0.0906
0.094
0.0958
0.0881
0.0685
0.0398
0.01
0.0
0.0
0.0
0.0
0.0
0.0
0.0
0.0
0.0
0.0
0.0
0.0
0.0
0.0215
0.1158
0.2606
0.3778
0.442
0.4462
0.3945
0.2831
0.1983
0.1315
0.0353
0.0
0.0
0.0
0.0
0.0
0.0
0.0
0.0
0.0
0.0
0.0
0.0
0.0
0.0085
0.0839
0.2039
0.2688
0.2785
0.2411
0.1641
0.0925
0.0414
0.0164
0.0024
0.0
0.0
0.0
0.0
0.0
0.0
0.0
0.0
0.0
0.0
0.0
0.0
0.0
0.0416
0.1791
0.3194
0.4158
0.4386
0.4703
0.4207
0.3755
0.2661
0.1403
0.0443
0.0
0.0
0.0
0.0
0.0
0.0
0.0
0.0
0.0
0.0
0.0
0.0
0.0
0.0459
0.1625
0.2899
0.394
0.4519
0.4396
0.3727
0.2684
0.1662
0.0891
0.0256
0.0
0.0
0.0
0.0
0.0
0.0
0.0
0.0
0.0
0.0
0.0
0.0
0.0
0.0026
0.0167
0.0378
0.0625
0.0904
0.1109
0.1319
0.1411
0.1296
0.0831
0.0218
0.0
0.0
0.0
0.0
0.0
0.0
0.0
0.0
0.0
0.0
0.0
0.0
0.0
0.0098
0.0477
0.1186
0.2077
0.2944
0.284
0.2133
0.1633
0.1344
0.0893
0.0249
0.0
0.0
0.0
0.0
0.0
0.0
0.0
0.0
0.0
0.0
0.0
0.0
0.0
0.0302
0.1267
0.2599
0.3773
0.4243
0.4145
0.3984
0.3241
0.2185
0.1084
0.0321
0.0
0.0
0.0
0.0
0.0
0.0
0.0
0.0
0.0
0.0
0.0
0.0
0.0001
0.0535
0.2284
0.4302
0.5557
0.6241
0.6459
0.6193
0.544
0.4228
0.2654
0.0969
0.0007
0.0
0.0
0.0
0.0
0.0
0.0
0.0
0.0
0.0
0.0
0.0
0.0002
0.0595
0.2009
0.3616
0.5057
0.5811
0.6058
0.5772
0.4925
0.354
0.1859
0.0544
0.0002
0.0
0.0
0.0
0.0
0.0
0.0
0.0
0.0
0.0
0.0
0.0
0.0
0.0192
0.0728
0.1502
0.2234
0.2768
0.358
0.396
0.3366
0.2256
0.1202
0.0318
0.0001
0.0
0.0
0.0
0.0
0.0
0.0
0.0
0.0
0.0
0.0
0.0
0.0006
0.0612
0.2102
0.394
0.5434
0.6342
0.6573
0.6277
0.5489
0.4201
0.2607
0.0953
0.0017
0.0
0.0
0.0
0.0
0.0
0.0
0.0
0.0
0.0
0.0
0.0
0.0002
0.0497
0.1512
0.295
0.4484
0.5485
0.5799
0.5747
0.5022
0.3946
0.241
0.0869
0.002
0.0
0.0
0.0
0.0
0.0
0.0
0.0
0.0
0.0
0.0
0.0
0.0001
0.0331
0.1253
0.2574
0.3456
0.4293
0.4887
0.5186
0.4766
0.3783
0.2325
0.085
0.0015
0.0
0.0
0.0
0.0
0.0
0.0
0.0
0.0
0.0
0.0
0.0
0.0002
0.0448
0.1404
0.2566
0.384
0.4924
0.5638
0.5922
0.5362
0.4193
0.2748
0.1083
0.0043
0.0
0.0
0.0
0.0
0.0
0.0
0.0
0.0
0.0
0.0
0.0
0.0001
0.0192
0.0586
0.1095
0.1984
0.3067
0.3503
0.3662
0.3195
0.2238
0.121
0.0361
0.0007
0.0
0.0
0.0
0.0
0.0
0.0
0.0
0.0
0.0
0.0
0.0
0.0
0.0232
0.0844
0.1792
0.3017
0.4001
0.4526
0.4408
0.3653
0.2528
0.1336
0.0392
0.0012
0.0
0.0
0.0
0.0
0.0
0.0
0.0
0.0
0.0
0.0
0.0
0.0009
0.0587
0.1493
0.2559
0.3598
0.3907
0.3642
0.3555
0.2871
0.1983
0.1041
0.0399
0.001
0.0
0.0
0.0
0.0
0.0
0.0
0.0
0.0
0.0
0.0
0.0
0.0
0.0064
0.0246
0.0512
0.0814
0.1191
0.1454
0.1423
0.1423
0.159
0.134
0.0534
0.0025
0.0
0.0
0.0
0.0
0.0
0.0
0.0
0.0
0.0
0.0
0.0
0.0016
0.0458
0.1164
0.2429
0.4126
0.5335
0.5447
0.4679
0.3647
0.2455
0.1306
0.0401
0.0012
0.0
0.0
0.0
0.0
0.0
0.0
0.0
0.0
0.0
0.0
0.0
0.0
0.009
0.0414
0.0845
0.1383
0.1828
0.205
0.1921
0.1804
0.148
0.0928
0.0457
0.005
0.0
0.0
0.0
0.0
0.0
0.0
0.0
0.0
0.0
0.0
0.0
0.0016
0.0408
0.1076
0.1767
0.2368
0.2587
0.2569
0.2463
0.2511
0.2199
0.1634
0.0868
0.0095
0.0
0.0
0.0
0.0
0.0
0.0
0.0
0.0
0.0
0.0
0.0
0.0046
0.0674
0.1677
0.3002
0.4071
0.4313
0.4157
0.3686
0.2999
0.2146
0.1234
0.0459
0.003
0.0
0.0
0.0
0.0
0.0
0.0
0.0
0.0
0.0
0.0
0.0
0.003
0.055
0.1504
0.2338
0.291
0.3068
0.2899
0.2412
0.1922
0.1451
0.0987
0.0479
0.0051
0.0
0.0
0.0
0.0
0.0
0.0
0.0
0.0
0.0
0.0
0.0
0.0063
0.0838
0.2124
0.3498
0.4678
0.5068
0.5046
0.4714
0.4099
0.3218
0.2129
0.0934
0.0126
0.0
0.0
0.0
0.0
0.0
0.0
0.0
0.0
0.0
0.0
0.0
0.0105
0.1026
0.248
0.3906
0.5379
0.5967
0.614
0.5751
0.5031
0.3853
0.2518
0.1236
0.0218
0.0
0.0
0.0
0.0
0.0
0.0
0.0
0.0
0.0
0.0
0.0
0.0001
0.0105
0.0275
0.0489
0.0685
0.0796
0.087
0.0984
0.1114
0.0981
0.0605
0.0281
0.004
0.0
0.0
0.0
0.0
0.0
0.0
0.0
0.0
0.0
0.0
0.0
0.0023
0.0259
0.06
0.1002
0.1403
0.1639
0.1644
0.1505
0.1245
0.0872
0.0506
0.0196
0.002
0.0
0.0
0.0
0.0
0.0
0.0
0.0
0.0
0.0
0.0
0.0
0.0016
0.0292
0.0801
0.1538
0.2284
0.3094
0.3355
0.3236
0.2775
0.2004
0.1247
0.0546
0.009
0.0
0.0
0.0
0.0
0.0
0.0
0.0
0.0
0.0
0.0
0.0
0.0048
0.0432
0.0975
0.1643
0.2879
0.4092
0.4896
0.4966
0.4277
0.3264
0.2121
0.1059
0.0288
0.0
0.0
0.0
0.0
0.0
0.0
0.0
0.0
0.0
0.0
0.0
0.0177
0.1063
0.2364
0.4348
0.5611
0.6192
0.6283
0.5876
0.5083
0.3903
0.2301
0.0861
0.0115
0.0
0.0
0.0
0.0
0.0
0.0
0.0
0.0
0.0
0.0
0.0
0.0166
0.0979
0.1902
0.2545
0.3101
0.347
0.327
0.2948
0.2479
0.2026
0.1436
0.0754
0.0142
0.0
0.0
0.0
0.0
0.0
0.0
0.0
0.0
0.0
0.0
0.0
0.0217
0.1179
0.2483
0.3561
0.4357
0.4494
0.4712
0.4759
0.433
0.3653
0.2534
0.1204
0.0286
0.0
0.0
0.0
0.0
0.0
0.0
0.0
0.0
0.0
0.0
0.0
0.0081
0.0337
0.0569
0.0672
0.088
0.1056
0.1314
0.1852
0.2404
0.2539
0.2067
0.1204
0.0313
0.0
0.0
0.0
0.0
0.0
0.0
0.0
0.0
0.0
0.0
0.0
0.0118
0.0651
0.1605
0.2589
0.319
0.3444
0.3509
0.32
0.2794
0.2308
0.1587
0.0888
0.0241
0.0
0.0
0.0
0.0
0.0
0.0
0.0
0.0
0.0
0.0
0.0
0.032
0.1032
0.1569
0.1851
0.2094
0.2424
0.2481
0.2196
0.1993
0.1918
0.1719
0.1081
0.0256
0.0
0.0
0.0
0.0
0.0
0.0
0.0
0.0
0.0
0.0
0.0
0.0101
0.048
0.0843
0.1217
0.1815
0.2468
0.2659
0.2453
0.2113
0.1595
0.1012
0.0472
0.0103
0.0
0.0
0.0
0.0
0.0
0.0
0.0
0.0
0.0
0.0
0.0
0.0158
0.0708
0.1532
0.2752
0.3965
0.4709
0.4755
0.4649
0.4201
0.3357
0.2351
0.1152
0.0328
0.0001
0.0
0.0
0.0
0.0
0.0
0.0
0.0
0.0
0.0
0.0
0.0226
0.0943
0.1962
0.3046
0.3839
0.4076
0.3904
0.3696
0.304
0.2377
0.1562
0.0858
0.0244
0.0
0.0
0.0
0.0
0.0
0.0
0.0
0.0
0.0
0.0
0.0
0.0223
0.0959
0.2192
0.3399
0.4364
0.4575
0.4602
0.4298
0.3521
0.2962
0.213
0.1165
0.0425
0.0003
0.0
0.0
0.0
0.0
0.0
0.0
0.0
0.0
0.0
0.0
0.0239
0.0996
0.2227
0.3602
0.4577
0.5098
0.523
0.4974
0.4458
0.3759
0.2749
0.16
0.0553
0.0006
0.0
0.0
0.0
0.0
0.0
0.0
0.0
0.0
0.0
0.0002
0.0484
0.1743
0.3071
0.4184
0.48
0.498
0.501
0.4785
0.4196
0.3305
0.2324
0.1355
0.0504
0.0009
0.0
0.0
0.0
0.0
0.0
0.0
0.0
0.0
0.0
0.0006
0.0622
0.1973
0.3413
0.4433
0.5039
0.5487
0.5876
0.5606
0.491
0.4052
0.2589
0.1314
0.0439
0.0004
0.0
0.0
0.0
0.0
0.0
0.0
0.0
0.0
0.0
0.0001
0.0337
0.106
0.1937
0.3052
0.3477
0.3788
0.4243
0.415
0.3808
0.3229
0.2126
0.1137
0.0355
0.0004
0.0
0.0
0.0
0.0
0.0
0.0
0.0
0.0
0.0
0.0014
0.0538
0.1629
0.3096
0.4717
0.5694
0.6435
0.6582
0.6475
0.5912
0.4963
0.3597
0.2099
0.0704
0.003
0.0
0.0
0.0
0.0
0.0
0.0
0.0
0.0
0.0
0.003
0.076
0.2236
0.4004
0.5395
0.6413
0.7007
0.7178
0.6906
0.6224
0.5127
0.3705
0.2193
0.083
0.0042
0.0
0.0
0.0
0.0
0.0
0.0
0.0
0.0
0.0
0.0028
0.0555
0.1673
0.2872
0.3622
0.3732
0.3828
0.4063
0.4049
0.3737
0.3004
0.2273
0.1354
0.0495
0.0017
0.0
0.0
0.0
0.0
0.0
0.0
0.0
0.0
0.0
0.001
0.0293
0.0953
0.2039
0.32
0.4391
0.5065
0.5337
0.5002
0.425
0.3209
0.205
0.1145
0.0483
0.0023
0.0
0.0
0.0
0.0
0.0
0.0
0.0
0.0
0.0
0.0027
0.0627
0.1985
0.3688
0.5275
0.6316
0.6904
0.7048
0.6808
0.6138
0.5044
0.3627
0.2095
0.0682
0.0047
0.0
0.0
0.0
0.0
0.0
0.0
0.0
0.0
0.0
0.0009
0.0445
0.1343
0.2677
0.439
0.5227
0.5895
0.6178
0.574
0.4878
0.3392
0.2239
0.1186
0.0401
0.0014
0.0
0.0
0.0
0.0
0.0
0.0
0.0
0.0
0.0
0.0005
0.0288
0.0959
0.2059
0.292
0.3709
0.4763
0.551
0.5898
0.564
0.495
0.3712
0.2317
0.0907
0.0067
0.0
0.0
0.0
0.0
0.0
0.0
0.0
0.0
0.0
0.0038
0.0701
0.1963
0.3269
0.443
0.5283
0.5713
0.5794
0.5336
0.4797
0.4022
0.2965
0.1783
0.069
0.0074
0.0
0.0
0.0
0.0
0.0
0.0
0.0
0.0
0.0
0.0041
0.0693
0.2
0.3328
0.4153
0.4516
0.4745
0.4904
0.4551
0.4031
0.3366
0.2452
0.1556
0.0622
0.0055
0.0
0.0
0.0
0.0
0.0
0.0
0.0
0.0
0.0
0.0003
0.0189
0.0699
0.1695
0.2635
0.3274
0.3725
0.3977
0.3762
0.3592
0.3358
0.2825
0.1808
0.0715
0.0053
0.0
0.0
0.0
0.0
0.0
0.0
0.0
0.0
0.0
0.0033
0.0571
0.1622
0.2952
0.4191
0.4732
0.4675
0.4271
0.3955
0.3634
0.3237
0.257
0.1706
0.0716
0.0078
0.0
0.0
0.0
0.0
0.0
0.0
0.0
0.0
0.0
0.0036
0.0568
0.1416
0.2477
0.363
0.4436
0.5111
0.5584
0.5559
0.5101
0.4139
0.2726
0.1466
0.05
0.0028
0.0
0.0
0.0
0.0
0.0
0.0
0.0
0.0
0.0
0.0001
0.0094
0.0396
0.0953
0.1578
0.2191
0.23
0.2192
0.2548
0.272
0.2583
0.2065
0.1368
0.0577
0.0061
0.0
0.0
0.0
0.0
0.0
0.0
0.0
0.0
0.0
0.0056
0.0845
0.2284
0.3663
0.4708
0.5249
0.5458
0.5368
0.4964
0.4473
0.3829
0.2922
0.1947
0.0885
0.0131
0.0
0.0
0.0
0.0
0.0
0.0
0.0
0.0
0.0
0.0102
0.0875
0.1988
0.3227
0.4182
0.5015
0.567
0.5442
0.5082
0.4263
0.3373
0.2478
0.1663
0.0708
0.0093
0.0
0.0
0.0
0.0
0.0
0.0
0.0
0.0
0.0
0.005
0.0431
0.0987
0.1662
0.2421
0.3067
0.3219
0.3171
0.2992
0.2549
0.2147
0.174
0.1165
0.0598
0.0104
0.0
0.0
0.0
0.0
0.0
0.0
0.0
0.0
0.0
0.0091
0.0736
0.1714
0.2843
0.3849
0.4371
0.5132
0.5473
0.5285
0.4838
0.3919
0.2929
0.1781
0.0757
0.0136
0.0
0.0
0.0
0.0
0.0
0.0
0.0
0.0
0.0
0.0082
0.0623
0.158
0.2875
0.412
0.5168
0.5895
0.6296
0.6226
0.5668
0.4599
0.3211
0.1767
0.0713
0.0122
0.0
0.0
0.0
0.0
0.0
0.0
0.0
0.0
0.0
0.0037
0.0334
0.082
0.1459
0.209
0.2371
0.2347
0.2048
0.1715
0.1394
0.1078
0.0809
0.0523
0.0233
0.0028
0.0
0.0
0.0
0.0
0.0
0.0
0.0
0.0
0.0
0.0103
0.0673
0.1587
0.304
0.4614
0.5689
0.6094
0.5749
0.5007
0.4145
0.3028
0.2078
0.1194
0.0491
0.0079
0.0
0.0
0.0
0.0
0.0
0.0
0.0
0.0
0.0
0.0107
0.0652
0.1522
0.2477
0.3305
0.3869
0.4132
0.4086
0.3821
0.3281
0.2624
0.1881
0.1164
0.0564
0.0111
0.0
0.0
0.0
0.0
0.0
0.0
0.0
0.0
0.0
0.0116
0.0671
0.1436
0.223
0.2944
0.3222
0.3371
0.34
0.3206
0.283
0.2286
0.1706
0.1087
0.055
0.0117
0.0
0.0
0.0
0.0
0.0
0.0
0.0
0.0
0.0
0.0106
0.0682
0.151
0.244
0.3243
0.3753
0.381
0.3543
0.3002
0.2501
0.1981
0.1599
0.1127
0.0593
0.0132
0.0
0.0
0.0
0.0
0.0
0.0
0.0
0.0
0.0
0.0193
0.0967
0.2152
0.3353
0.4357
0.4986
0.5599
0.5897
0.5741
0.5001
0.3962
0.2936
0.1924
0.0963
0.0226
0.0
0.0
0.0
0.0
0.0
0.0
0.0
0.0
0.0
0.0271
0.1218
0.2648
0.4109
0.5372
0.63
0.6829
0.6962
0.6688
0.6044
0.5023
0.3747
0.2342
0.1108
0.0256
0.0
0.0
0.0
0.0
0.0
0.0
0.0
0.0
0.0
0.0215
0.1
0.2111
0.34
0.4438
0.5412
0.6042
0.6341
0.6139
0.5692
0.4855
0.3629
0.2338
0.1178
0.0295
0.0001
0.0
0.0
0.0
0.0
0.0
0.0
0.0
0.0001
0.0277
0.1119
0.2482
0.3923
0.5128
0.6122
0.6686
0.6895
0.6773
0.6172
0.5231
0.395
0.2483
0.1239
0.0321
0.0002
0.0
0.0
0.0
0.0
0.0
0.0
0.0
0.0002
0.0305
0.1101
0.2275
0.388
0.5141
0.6113
0.6718
0.6902
0.6669
0.6075
0.4994
0.3615
0.2177
0.0972
0.0217
0.0001
0.0
0.0
0.0
0.0
0.0
0.0
0.0
0.0
0.0103
0.0427
0.0931
0.1721
0.2632
0.3669
0.4744
0.5381
0.5572
0.454
0.3398
0.2122
0.1256
0.0651
0.0186
0.0
0.0
0.0
0.0
0.0
0.0
0.0
0.0
0.0
0.0161
0.0826
0.195
0.324
0.4327
0.5289
0.6073
0.6514
0.648
0.5924
0.4944
0.3505
0.2022
0.0876
0.0209
0.0
0.0
0.0
0.0
0.0
0.0
0.0
0.0
0.0
0.0041
0.0176
0.0496
0.1059
0.1817
0.2549
0.2879
0.3495
0.4057
0.4046
0.3409
0.2689
0.1766
0.078
0.0194
0.0
0.0
0.0
0.0
0.0
0.0
0.0
0.0
0.0001
0.0251
0.0881
0.1533
0.2179
0.2724
0.2906
0.2718
0.2426
0.2261
0.209
0.1744
0.1522
0.1161
0.0699
0.0202
0.0
0.0
0.0
0.0
0.0
0.0
0.0
0.0
0.0
0.0243
0.0931
0.2174
0.3607
0.4884
0.5712
0.6066
0.5941
0.558
0.4916
0.4089
0.3059
0.192
0.0933
0.025
0.0002
0.0
0.0
0.0
0.0
0.0
0.0
0.0
0.0001
0.0249
0.0957
0.2046
0.3319
0.4474
0.519
0.5338
0.5003
0.4756
0.4284
0.3869
0.3093
0.2048
0.1048
0.0306
0.0004
0.0
0.0
0.0
0.0
0.0
0.0
0.0
0.0004
0.0332
0.1262
0.2699
0.4131
0.5351
0.6084
0.6432
0.6616
0.6487
0.6117
0.5213
0.3932
0.2486
0.1181
0.0306
0.0006
0.0
0.0
0.0
0.0
0.0
0.0
0.0
0.0008
0.0364
0.1342
0.2796
0.4246
0.552
0.6406
0.6891
0.6956
0.6593
0.5776
0.4818
0.3567
0.2242
0.1097
0.0291
0.0004
0.0
0.0
0.0
0.0
0.0
0.0
0.0
0.0002
0.0274
0.1093
0.2368
0.3736
0.4947
0.5816
0.6474
0.6598
0.6421
0.5982
0.5121
0.3887
0.2414
0.1149
0.0279
0.0003
0.0
0.0
0.0
0.0
0.0
0.0
0.0
0.0001
0.0183
0.0671
0.1422
0.2351
0.303
0.3577
0.414
0.4492
0.4603
0.425
0.3588
0.2665
0.1581
0.0728
0.0218
0.0001
0.0
0.0
0.0
0.0
0.0
0.0
0.0
0.0003
0.0314
0.1161
0.2363
0.3635
0.4738
0.5516
0.5997
0.601
0.5661
0.4484
0.3237
0.2119
0.1367
0.0804
0.0263
0.0003
0.0
0.0
0.0
0.0
0.0
0.0
0.0
0.0005
0.0306
0.1066
0.2236
0.3482
0.4725
0.556
0.5651
0.5251
0.4634
0.3804
0.3128
0.236
0.1653
0.0923
0.029
0.0005
0.0
0.0
0.0
0.0
0.0
0.0
0.0
0.0006
0.0321
0.1132
0.2364
0.3774
0.5024
0.5836
0.6104
0.5733
0.5025
0.4608
0.3678
0.2962
0.1968
0.0981
0.0318
0.001
0.0
0.0
0.0
0.0
0.0
0.0
0.0
0.0022
0.0449
0.1449
0.28
0.4232
0.5479
0.6372
0.6882
0.6927
0.6666
0.6095
0.5135
0.3871
0.2476
0.1241
0.0386
0.002
0.0
0.0
0.0
0.0
0.0
0.0
0.0
0.0024
0.045
0.1441
0.2852
0.4302
0.5564
0.6482
0.7016
0.7174
0.695
0.6351
0.5385
0.4105
0.2695
0.1388
0.0426
0.0026
0.0
0.0
0.0
0.0
0.0
0.0
0.0
0.0023
0.0443
0.1429
0.288
0.4334
0.5549
0.6443
0.6959
0.7104
0.6867
0.6262
0.5305
0.4042
0.2633
0.132
0.0398
0.0018
0.0
0.0
0.0
0.0
0.0
0.0
0.0
0.0025
0.0451
0.1417
0.2704
0.3976
0.5001
0.5709
0.6064
0.6079
0.5711
0.4998
0.4041
0.296
0.1934
0.1075
0.0359
0.0017
0.0
0.0
0.0
0.0
0.0
0.0
0.0
0.0017
0.0383
0.1196
0.25
0.3905
0.5137
0.5998
0.6572
0.6753
0.6515
0.5974
0.5052
0.3816
0.251
0.1333
0.0416
0.0023
0.0
0.0
0.0
0.0
0.0
0.0
0.0
0.0035
0.0522
0.1526
0.2896
0.4253
0.5422
0.6234
0.6644
0.6535
0.6095
0.5622
0.4628
0.3479
0.2284
0.1121
0.035
0.0019
0.0
0.0
0.0
0.0
0.0
0.0
0.0
0.0007
0.0324
0.1135
0.2178
0.334
0.4338
0.5199
0.5968
0.6165
0.5648
0.4778
0.3846
0.3125
0.2113
0.1082
0.0372
0.0017
0.0
0.0
0.0
0.0
0.0
0.0
0.0
0.0022
0.0408
0.1196
0.2127
0.3113
0.4015
0.4702
0.5104
0.5056
0.4488
0.3751
0.3089
0.2232
0.1458
0.0777
0.0262
0.0007
0.0
0.0
0.0
0.0
0.0
0.0
0.0
0.0002
0.0214
0.0799
0.175
0.2809
0.3772
0.4685
0.5373
0.5447
0.5108
0.4398
0.3647
0.2767
0.1751
0.0908
0.03
0.0014
0.0
0.0
0.0
0.0
0.0
0.0
0.0
0.0014
0.0362
0.118
0.2349
0.3622
0.4684
0.5348
0.5381
0.5205
0.4972
0.4652
0.4047
0.308
0.2071
0.1054
0.0342
0.0016
0.0
0.0
0.0
0.0
0.0
0.0
0.0
0.0018
0.0344
0.0968
0.1751
0.2457
0.2989
0.3278
0.343
0.3554
0.357
0.3407
0.2945
0.2285
0.1445
0.0686
0.0189
0.0002
0.0
0.0
0.0
0.0
0.0
0.0
0.0
0.0
0.0145
0.0491
0.0987
0.1656
0.2489
0.3348
0.4063
0.4189
0.3535
0.3017
0.2633
0.2106
0.1507
0.09
0.0363
0.002
0.0
0.0
0.0
0.0
0.0
0.0
0.0
0.0011
0.0367
0.1236
0.2484
0.3682
0.4614
0.4726
0.4465
0.4236
0.3806
0.3267
0.2612
0.1986
0.1243
0.0593
0.019
0.0007
0.0
0.0
0.0
0.0
0.0
0.0
0.0
0.0004
0.0268
0.0993
0.2131
0.3182
0.4515
0.5397
0.5757
0.5526
0.5449
0.4785
0.3626
0.2655
0.154
0.0847
0.0273
0.0009
0.0
0.0
0.0
0.0
0.0
0.0
0.0
0.0003
0.0235
0.0818
0.1686
0.2448
0.3233
0.3888
0.4296
0.4838
0.4907
0.4735
0.3994
0.3082
0.1945
0.1077
0.0374
0.0018
0.0
0.0
0.0
0.0
0.0
0.0
0.0
0.0013
0.026
0.0723
0.1321
0.2089
0.2803
0.3226
0.3184
0.3184
0.2922
0.256
0.2119
0.1626
0.1102
0.0688
0.0313
0.0022
0.0
0.0
0.0
0.0
0.0
0.0
0.0
0.0041
0.0465
0.1368
0.2566
0.3881
0.514
0.5676
0.5657
0.4687
0.3788
0.3265
0.2759
0.2274
0.1628
0.1034
0.0435
0.0026
0.0
0.0
0.0
0.0
0.0
0.0
0.0
0.0007
0.0264
0.0775
0.1438
0.2067
0.2787
0.3567
0.4214
0.4639
0.4717
0.4528
0.4019
0.3207
0.2158
0.114
0.0405
0.0023
0.0
0.0
0.0
0.0
0.0
0.0
0.0
0.0011
0.0352
0.1126
0.2312
0.3151
0.3783
0.4307
0.4749
0.4733
0.4284
0.3721
0.3033
0.2637
0.191
0.1136
0.0472
0.0035
0.0
0.0
0.0
0.0
0.0
0.0
0.0
0.0014
0.0315
0.0845
0.1515
0.2469
0.3566
0.432
0.5112
0.5024
0.4594
0.366
0.2643
0.1623
0.0939
0.0523
0.0213
0.0011
0.0
0.0
0.0
0.0
0.0
0.0
0.0
0.0006
0.0107
0.031
0.0648
0.1138
0.1639
0.1916
0.1923
0.1925
0.1959
0.1837
0.1761
0.1567
0.1176
0.0647
0.0205
0.0003
0.0
0.0
0.0
0.0
0.0
0.0
0.0
0.0018
0.0426
0.1278
0.2406
0.3195
0.3953
0.4464
0.4986
0.4758
0.443
0.363
0.2678
0.2071
0.1675
0.1022
0.0402
0.0026
0.0
0.0
0.0
0.0
0.0
0.0
0.0
0.0032
0.0485
0.1438
0.2741
0.4105
0.5214
0.5947
0.6243
0.5856
0.5527
0.4799
0.3728
0.214
0.106
0.0528
0.0253
0.0031
0.0
0.0
0.0
0.0
0.0
0.0
0.0
0.0018
0.0358
0.1064
0.2083
0.3436
0.4761
0.5839
0.6337
0.658
0.6338
0.5676
0.4855
0.3703
0.2415
0.1223
0.0412
0.0027
0.0
0.0
0.0
0.0
0.0
0.0
0.0
0.0043
0.0507
0.1413
0.2571
0.3744
0.4474
0.4916
0.5376
0.5394
0.5229
0.4863
0.3727
0.2978
0.2119
0.1162
0.0424
0.003
0.0
0.0
0.0
0.0
0.0
0.0
0.0
0.0019
0.0371
0.112
0.2025
0.2828
0.3558
0.4226
0.4552
0.4766
0.456
0.4313
0.3581
0.273
0.1783
0.1103
0.0473
0.0034
0.0
0.0
0.0
0.0
0.0
0.0
0.0
0.0011
0.0313
0.0945
0.1842
0.2602
0.3594
0.4398
0.4842
0.4945
0.4839
0.4424
0.3815
0.284
0.1866
0.1012
0.0374
0.0019
0.0
0.0
0.0
0.0
0.0
0.0
0.0
0.0005
0.0182
0.059
0.1142
0.1734
0.2269
0.2762
0.3212
0.3904
0.4127
0.3708
0.2827
0.2116
0.1419
0.0841
0.0339
0.0017
0.0
0.0
0.0
0.0
0.0
0.0
0.0
0.0008
0.0266
0.0858
0.1934
0.3104
0.3654
0.4019
0.4168
0.4053
0.356
0.2951
0.2147
0.1978
0.1777
0.1158
0.0476
0.0034
0.0
0.0
0.0
0.0
0.0
0.0
0.0
0.001
0.0274
0.0864
0.165
0.251
0.3297
0.3717
0.3866
0.4376
0.4862
0.492
0.4416
0.3364
0.2149
0.0979
0.0293
0.0011
0.0
0.0
0.0
0.0
0.0
0.0
0.0
0.0
0.01
0.0442
0.117
0.2353
0.3738
0.4425
0.5293
0.595
0.61
0.5746
0.4985
0.3797
0.2458
0.1359
0.0471
0.0033
0.0
0.0
0.0
0.0
0.0
0.0
0.0
0.0012
0.0264
0.076
0.1408
0.2184
0.2637
0.2786
0.2932
0.3148
0.3037
0.2618
0.2163
0.1789
0.1326
0.0885
0.043
0.0032
0.0
0.0
0.0
0.0
0.0
0.0
0.0
0.0027
0.0414
0.1204
0.2151
0.3287
0.3746
0.3449
0.3206
0.3144
0.325
0.3164
0.2999
0.2649
0.1846
0.1138
0.0494
0.0034
0.0
0.0
0.0
0.0
0.0
0.0
0.0
0.0013
0.0365
0.1176
0.2296
0.3585
0.458
0.5058
0.5337
0.5689
0.5458
0.4919
0.4175
0.3133
0.2181
0.1191
0.0444
0.0033
0.0
0.0
0.0
0.0
0.0
0.0
0.0
0.0025
0.0397
0.1239
0.2411
0.3791
0.5069
0.5861
0.5999
0.5934
0.5408
0.486
0.3955
0.2958
0.1892
0.098
0.0329
0.002
0.0
0.0
0.0
0.0
0.0
0.0
0.0
0.0004
0.0179
0.0502
0.088
0.1234
0.1694
0.2216
0.2768
0.3063
0.3092
0.3254
0.3032
0.247
0.1894
0.1174
0.0449
0.0027
0.0
0.0
0.0
0.0
0.0
0.0
0.0
0.0022
0.0407
0.1213
0.2253
0.3187
0.3871
0.4514
0.5074
0.5334
0.5231
0.4829
0.412
0.2838
0.1577
0.0629
0.0215
0.0004
0.0
0.0
0.0
0.0
0.0
0.0
0.0
0.0001
0.0146
0.0457
0.0821
0.1193
0.1601
0.2081
0.2477
0.2313
0.2002
0.1941
0.1827
0.151
0.1081
0.0616
0.0242
0.0009
0.0
0.0
0.0
0.0
0.0
0.0
0.0
0.0003
0.011
0.0371
0.083
0.1689
0.2999
0.4318
0.5372
0.5796
0.5502
0.4915
0.3781
0.3036
0.2218
0.1148
0.0397
0.0017
0.0
0.0
0.0
0.0
0.0
0.0
0.0
0.0017
0.038
0.1005
0.1893
0.3418
0.4686
0.5549
0.6125
0.6045
0.5022
0.3635
0.235
0.1498
0.1023
0.0613
0.0194
0.0002
0.0
0.0
0.0
0.0
0.0
0.0
0.0
0.0
0.0078
0.028
0.0585
0.0875
0.1424
0.218
0.2967
0.4263
0.548
0.5472
0.472
0.3588
0.2339
0.1138
0.0422
0.0018
0.0
0.0
0.0
0.0
0.0
0.0
0.0
0.0003
0.0248
0.0811
0.1616
0.2589
0.3528
0.4266
0.4798
0.4874
0.4358
0.3583
0.2907
0.2186
0.1573
0.0956
0.0362
0.0014
0.0
0.0
0.0
0.0
0.0
0.0
0.0
0.0005
0.0297
0.1011
0.2027
0.2982
0.3894
0.4891
0.5054
0.5267
0.4689
0.418
0.3305
0.2586
0.1663
0.0967
0.039
0.0017
0.0
0.0
0.0
0.0
0.0
0.0
0.0
0.0011
0.0396
0.1252
0.2391
0.379
0.4993
0.5858
0.621
0.6225
0.5934
0.5309
0.442
0.3184
0.2027
0.1116
0.0399
0.002
0.0
0.0
0.0
0.0
0.0
0.0
0.0
0.0017
0.0392
0.1298
0.2518
0.3819
0.4871
0.5715
0.5965
0.5932
0.5675
0.4966
0.4095
0.304
0.1994
0.0947
0.0272
0.0006
0.0
0.0
0.0
0.0
0.0
0.0
0.0
0.0013
0.0401
0.1276
0.2379
0.3722
0.4975
0.5695
0.5591
0.5449
0.4842
0.4012
0.2863
0.1573
0.0756
0.0347
0.0102
0.0
0.0
0.0
0.0
0.0
0.0
0.0
0.0
0.0
0.0192
0.0763
0.1569
0.2496
0.3282
0.3946
0.4466
0.4739
0.4683
0.4243
0.355
0.2674
0.1794
0.1012
0.0323
0.0006
0.0
0.0
0.0
0.0
0.0
0.0
0.0
0.0003
0.0211
0.0735
0.1399
0.2158
0.295
0.3703
0.4298
0.4638
0.4628
0.4334
0.376
0.2924
0.1822
0.0906
0.0292
0.0003
0.0
0.0
0.0
0.0
0.0
0.0
0.0
0.0012
0.0356
0.1072
0.2061
0.3151
0.4258
0.5247
0.5947
0.6277
0.6103
0.5534
0.4622
0.3331
0.2042
0.0956
0.0275
0.0004
0.0
0.0
0.0
0.0
0.0
0.0
0.0
0.0007
0.0313
0.1072
0.2339
0.3801
0.5137
0.6114
0.666
0.6779
0.658
0.5953
0.4935
0.386
0.2569
0.1288
0.0385
0.0012
0.0
0.0
0.0
0.0
0.0
0.0
0.0
0.0012
0.0406
0.1298
0.2598
0.392
0.5098
0.6014
0.6517
0.6648
0.6433
0.5773
0.467
0.3265
0.1776
0.0683
0.0136
0.0
0.0
0.0
0.0
0.0
0.0
0.0
0.0
0.0001
0.0194
0.0827
0.1895
0.3001
0.4171
0.5414
0.5726
0.5723
0.5353
0.4804
0.4168
0.3158
0.1843
0.0949
0.0328
0.0006
0.0
0.0
0.0
0.0
0.0
0.0
0.0
0.0003
0.0256
0.084
0.1563
0.2369
0.3132
0.3688
0.387
0.3704
0.3439
0.3229
0.288
0.2353
0.1649
0.091
0.0291
0.0001
0.0
0.0
0.0
0.0
0.0
0.0
0.0
0.0001
0.0289
0.1116
0.232
0.359
0.4664
0.5122
0.4958
0.4058
0.2858
0.2201
0.1994
0.1961
0.1673
0.0904
0.027
0.0002
0.0
0.0
0.0
0.0
0.0
0.0
0.0
0.0
0.0146
0.0629
0.129
0.2024
0.2832
0.358
0.4283
0.4716
0.4843
0.4416
0.3788
0.3016
0.1915
0.0863
0.0202
0.0
0.0
0.0
0.0
0.0
0.0
0.0
0.0
0.0
0.0093
0.047
0.1113
0.1891
0.279
0.4009
0.485
0.5065
0.4954
0.4854
0.4389
0.3579
0.2418
0.1231
0.0331
0.0003
0.0
0.0
0.0
0.0
0.0
0.0
0.0
0.0001
0.0114
0.0493
0.1379
0.2614
0.3621
0.4095
0.4188
0.4212
0.4113
0.3829
0.3374
0.2696
0.1734
0.0837
0.025
0.0001
0.0
0.0
0.0
0.0
0.0
0.0
0.0
0.0
0.0097
0.0306
0.052
0.0793
0.1265
0.2082
0.2747
0.2807
0.2431
0.1908
0.1275
0.071
0.0404
0.024
0.0086
0.0
0.0
0.0
0.0
0.0
0.0
0.0
0.0
0.0
0.018
0.0677
0.135
0.2167
0.3479
0.4839
0.5403
0.5517
0.5422
0.5152
0.4527
0.3331
0.1677
0.0605
0.0165
0.0
0.0
0.0
0.0
0.0
0.0
0.0
0.0
0.0
0.0086
0.0487
0.1135
0.1887
0.2373
0.2783
0.3364
0.3591
0.3462
0.3146
0.2731
0.1977
0.1238
0.0571
0.0121
0.0
0.0
0.0
0.0
0.0
0.0
0.0
0.0
0.0
0.017
0.0824
0.1924
0.322
0.4512
0.5352
0.5767
0.6055
0.5987
0.5503
0.4648
0.3396
0.202
0.09
0.0222
0.0
0.0
0.0
0.0
0.0
0.0
0.0
0.0
0.0
0.0191
0.0836
0.1857
0.299
0.3837
0.4297
0.4356
0.447
0.4224
0.3809
0.3096
0.2101
0.134
0.0836
0.0212
0.0
0.0
0.0
0.0
0.0
0.0
0.0
0.0
0.0
0.0225
0.0966
0.1874
0.2868
0.3268
0.3696
0.381
0.3919
0.3845
0.3508
0.2653
0.1774
0.0946
0.052
0.0128
0.0
0.0
0.0
0.0
0.0
0.0
0.0
0.0
0.0
0.0072
0.0263
0.0587
0.1169
0.183
0.2536
0.3128
0.3541
0.3636
0.3227
0.2681
0.19
0.1193
0.0594
0.0117
0.0
0.0
0.0
0.0
0.0
0.0
0.0
0.0
0.0
0.0057
0.0452
0.107
0.1664
0.2208
0.3092
0.3663
0.3507
0.2884
0.2635
0.2521
0.1961
0.1209
0.0615
0.0121
0.0
0.0
0.0
0.0
0.0
0.0
0.0
0.0
0.0
0.0129
0.0809
0.175
0.2666
0.3571
0.4268
0.4787
0.52
0.5173
0.4862
0.4114
0.3035
0.1928
0.0876
0.018
0.0
0.0
0.0
0.0
0.0
0.0
0.0
0.0
0.0
0.0132
0.0856
0.196
0.3357
0.474
0.5641
0.6047
0.6043
0.5641
0.5201
0.4403
0.3102
0.1884
0.0862
0.0175
0.0
0.0
0.0
0.0
0.0
0.0
0.0
0.0
0.0
0.0047
0.0437
0.1353
0.2967
0.4548
0.5456
0.6002
0.5906
0.5411
0.4676
0.3921
0.3137
0.1972
0.0846
0.0158
0.0
0.0
0.0
0.0
0.0
0.0
0.0
0.0
0.0
0.0163
0.0926
0.1978
0.3158
0.4162
0.4797
0.4976
0.4769
0.4236
0.3622
0.3033
0.248
0.1813
0.087
0.014
0.0
0.0
0.0
0.0
0.0
0.0
0.0
0.0
0.0
0.0053
0.0442
0.1057
0.1866
0.319
0.4315
0.4788
0.4729
0.4292
0.357
0.3007
0.241
0.1791
0.0942
0.0152
0.0
0.0
0.0
0.0
0.0
0.0
0.0
0.0
0.0
0.0131
0.083
0.2128
0.361
0.4798
0.5433
0.5576
0.5504
0.5066
0.461
0.3828
0.2521
0.156
0.074
0.0099
0.0
0.0
0.0
0.0
0.0
0.0
0.0
0.0
0.0
0.0052
0.0489
0.1319
0.2596
0.382
0.4051
0.3773
0.3701
0.3344
0.288
0.2081
0.1715
0.1135
0.0509
0.0058
0.0
0.0
0.0
0.0
0.0
0.0
0.0
0.0
0.0
0.0056
0.0605
0.1483
0.245
0.3184
0.3519
0.3715
0.3676
0.3656
0.3577
0.3341
0.2925
0.2026
0.0869
0.0117
0.0
0.0
0.0
0.0
0.0
0.0
0.0
0.0
0.0
0.0056
0.0659
0.1723
0.2848
0.3701
0.4261
0.4628
0.4657
0.4532
0.4049
0.337
0.2622
0.1621
0.0679
0.0093
0.0
0.0
0.0
0.0
0.0
0.0
0.0
0.0
0.0
0.0053
0.0615
0.1476
0.2555
0.3524
0.4163
0.4378
0.4017
0.3328
0.227
0.1569
0.1181
0.0891
0.0518
0.0087
0.0
0.0
0.0
0.0
0.0
0.0
0.0
0.0
0.0
0.0042
0.0521
0.145
0.2508
0.3251
0.4384
0.5558
0.5483
0.4874
0.4161
0.3293
0.2354
0.1413
0.0524
0.0054
0.0
0.0
0.0
0.0
0.0
0.0
0.0
0.0
0.0
0.006
0.0716
0.1736
0.2786
0.3605
0.4018
0.4267
0.4526
0.4462
0.404
0.331
0.2298
0.1328
0.0524
0.0054
0.0
0.0
0.0
0.0
0.0
0.0
0.0
0.0
0.0
0.0075
0.0796
0.2112
0.3584
0.4949
0.5913
0.6457
0.6594
0.6366
0.5783
0.4847
0.3594
0.2152
0.0892
0.01
0.0
0.0
0.0
0.0
0.0
0.0
0.0
0.0
0.0
0.0088
0.0871
0.2202
0.3606
0.485
0.5771
0.625
0.6296
0.5836
0.4719
0.3406
0.2218
0.1205
0.0455
0.0028
0.0
0.0
0.0
0.0
0.0
0.0
0.0
0.0
0.0
0.0004
0.02
0.063
0.1191
0.172
0.205
0.228
0.2456
0.2431
0.2169
0.1743
0.1336
0.0831
0.0332
0.0026
0.0
0.0
0.0
0.0
0.0
0.0
0.0
0.0
0.0
0.0008
0.043
0.1169
0.1996
0.2835
0.3534
0.3787
0.372
0.3226
0.2553
0.1838
0.1132
0.053
0.0153
0.0
0.0
0.0
0.0
0.0
0.0
0.0
0.0
0.0
0.0
0.0001
0.03
0.1028
0.215
0.3402
0.4416
0.4941
0.5265
0.4883
0.4365
0.3404
0.2237
0.1262
0.0483
0.0017
0.0
0.0
0.0
0.0
0.0
0.0
0.0
0.0
0.0
0.0002
0.032
0.1056
0.1946
0.2873
0.353
0.3837
0.3822
0.3779
0.3643
0.3074
0.2308
0.1271
0.0515
0.002
0.0
0.0
0.0
0.0
0.0
0.0
0.0
0.0
0.0
0.0013
0.0444
0.1176
0.1818
0.1999
0.1875
0.2074
0.2246
0.1963
0.1707
0.1515
0.1164
0.0712
0.0264
0.0005
0.0
0.0
0.0
0.0
0.0
0.0
0.0
0.0
0.0
0.0004
0.0445
0.1457
0.2765
0.3883
0.492
0.5708
0.6029
0.5781
0.52
0.3998
0.2709
0.1397
0.0381
0.0005
0.0
0.0
0.0
0.0
0.0
0.0
0.0
0.0
0.0
0.0001
0.0294
0.0971
0.1713
0.2472
0.3365
0.3842
0.3708
0.3392
0.3072
0.2686
0.1846
0.0894
0.0275
0.0007
0.0
0.0
0.0
0.0
0.0
0.0
0.0
0.0
0.0
0.0016
0.0747
0.2094
0.3454
0.4456
0.5107
0.5792
0.6135
0.5909
0.504
0.3449
0.181
0.0917
0.0356
0.001
0.0
0.0
0.0
0.0
0.0
0.0
0.0
0.0
0.0
0.0009
0.0526
0.1468
0.2534
0.3636
0.446
0.5007
0.5388
0.5197
0.4709
0.3695
0.2662
0.1484
0.0524
0.0012
0.0
0.0
0.0
0.0
0.0
0.0
0.0
0.0
0.0
0.0007
0.0567
0.1857
0.3238
0.4529
0.5638
0.6349
0.6471
0.6107
0.5347
0.3944
0.2493
0.1399
0.0486
0.0007
0.0
0.0
0.0
0.0
0.0
0.0
0.0
0.0
0.0
0.0001
0.0239
0.0918
0.2039
0.3251
0.4179
0.4453
0.433
0.4286
0.3858
0.2982
0.202
0.1002
0.0279
0.0
0.0
0.0
0.0
0.0
0.0
0.0
0.0
0.0
0.0
0.0002
0.0518
0.1758
0.3268
0.4707
0.577
0.6353
0.643
0.6122
0.5333
0.3838
0.2314
0.1053
0.0331
0.0003
0.0
0.0
0.0
0.0
0.0
0.0
0.0
0.0
0.0
0.0002
0.0435
0.1433
0.266
0.3835
0.4609
0.5076
0.5358
0.5245
0.4869
0.4021
0.2772
0.1456
0.0412
0.0002
0.0
0.0
0.0
0.0
0.0
0.0
0.0
0.0
0.0
0.0
0.0308
0.1271
0.2459
0.3974
0.5365
0.6079
0.6256
0.5835
0.4901
0.3687
0.2265
0.1008
0.0242
0.0
0.0
0.0
0.0
0.0
0.0
0.0
0.0
0.0
0.0
0.0001
0.0491
0.1733
0.3064
0.4258
0.4435
0.3858
0.3305
0.3021
0.2286
0.1468
0.0815
0.0401
0.016
0.0
0.0
0.0
0.0
0.0
0.0
0.0
0.0
0.0
0.0
0.0
0.0212
0.0591
0.0608
0.0915
0.1366
0.1854
0.2088
0.2122
0.2034
0.1913
0.1607
0.0969
0.0291
0.0
0.0
0.0
0.0
0.0
0.0
0.0
0.0
0.0
0.0
0.0
0.0273
0.0937
0.1671
0.2539
0.4144
0.5581
0.5678
0.494
0.3826
0.2673
0.1925
0.1266
0.0373
0.0
0.0
0.0
0.0
0.0
0.0
0.0
0.0
0.0
0.0
0.0
0.0027
0.0163
0.0347
0.0654
0.1267
0.2198
0.3268
0.3862
0.3634
0.3012
0.2097
0.1159
0.0252
0.0
0.0
0.0
0.0
0.0
0.0
0.0
0.0
0.0
0.0
0.0
0.013
0.0648
0.1225
0.1913
0.2621
0.3246
0.324
0.2703
0.1923
0.1498
0.0758
0.0242
0.0044
0.0
0.0
0.0
0.0
0.0
0.0
0.0
0.0
0.0
0.0
0.0
0.0183
0.107
0.2364
0.3658
0.4917
0.5559
0.5782
0.5436
0.4509
0.3051
0.199
0.1007
0.0222
0.0
0.0
0.0
0.0
0.0
0.0
0.0
0.0
0.0
0.0
0.0
0.0162
0.0928
0.193
0.2931
0.3759
0.414
0.4212
0.3947
0.3496
0.2799
0.1941
0.1029
0.0224
0.0
0.0
0.0
0.0
0.0
0.0
0.0
0.0
0.0
0.0
0.0
0.014
0.0583
0.1024
0.1454
0.1978
0.2701
0.335
0.3614
0.3142
0.2107
0.1098
0.0467
0.0069
0.0
0.0
0.0
0.0
0.0
0.0
0.0
0.0
0.0
0.0
0.0
0.0163
0.1072
0.2307
0.3644
0.4646
0.5074
0.4651
0.342
0.2295
0.168
0.1297
0.0735
0.0154
0.0
0.0
0.0
0.0
0.0
0.0
0.0
0.0
0.0
0.0
0.0
0.0021
0.0188
0.0517
0.1016
0.161
0.1619
0.1391
0.1442
0.1627
0.1718
0.1532
0.0931
0.0183
0.0
0.0
0.0
0.0
0.0
0.0
0.0
0.0
0.0
0.0
0.0
0.0069
0.0557
0.1318
0.2446
0.3969
0.4555
0.472
0.4853
0.4299
0.3379
0.2164
0.1082
0.0193
0.0
0.0
0.0
0.0
0.0
0.0
0.0
0.0
0.0
0.0
0.0
0.0188
0.1371
0.2733
0.3786
0.4627
0.4924
0.4518
0.3723
0.2766
0.1778
0.1043
0.0458
0.0053
0.0
0.0
0.0
0.0
0.0
0.0
0.0
0.0
0.0
0.0
0.0
0.0025
0.028
0.063
0.0985
0.1374
0.1635
0.1734
0.1626
0.1384
0.1075
0.0684
0.0302
0.005
0.0
0.0
0.0
0.0
0.0
0.0
0.0
0.0
0.0
0.0
0.0
0.0061
0.0809
0.2399
0.3922
0.5202
0.5802
0.5866
0.5239
0.4333
0.3338
0.2135
0.0996
0.0171
0.0
0.0
0.0
0.0
0.0
0.0
0.0
0.0
0.0
0.0
0.0
0.0043
0.0485
0.1086
0.1713
0.2628
0.3376
0.3776
0.3904
0.3545
0.2884
0.1853
0.0815
0.0086
0.0
0.0
0.0
0.0
0.0
0.0
0.0
0.0
0.0
0.0
0.0
0.0039
0.0452
0.1122
0.1877
0.2622
0.3299
0.3742
0.3991
0.3944
0.3306
0.2286
0.0978
0.0128
0.0
0.0
0.0
0.0
0.0
0.0
0.0
0.0
0.0
0.0
0.0
0.0063
0.0742
0.1961
0.3318
0.3975
0.4324
0.4658
0.4307
0.3167
0.1806
0.1053
0.0508
0.0062
0.0
0.0
0.0
0.0
0.0
0.0
0.0
0.0
0.0
0.0
0.0
0.0044
0.0684
0.175
0.2841
0.352
0.3889
0.4203
0.3856
0.3589
0.283
0.1729
0.0703
0.0067
0.0
0.0
0.0
0.0
0.0
0.0
0.0
0.0
0.0
0.0
0.0
0.0059
0.0724
0.1472
0.1853
0.2331
0.297
0.3723
0.4197
0.4161
0.3651
0.2409
0.0955
0.0083
0.0
0.0
0.0
0.0
0.0
0.0
0.0
0.0
0.0
0.0
0.0
0.004
0.0699
0.1621
0.2708
0.371
0.4473
0.4829
0.4652
0.4021
0.2828
0.1667
0.0468
0.0011
0.0
0.0
0.0
0.0
0.0
0.0
0.0
0.0
0.0
0.0
0.0
0.0009
0.0338
0.0927
0.1538
0.2109
0.2602
0.2805
0.2874
0.2577
0.1886
0.1152
0.0454
0.0018
0.0
0.0
0.0
0.0
0.0
0.0
0.0
0.0
0.0
0.0
0.0
0.0011
0.0302
0.0583
0.0812
0.1077
0.1363
0.1718
0.2319
0.2801
0.2761
0.206
0.0974
0.0065
0.0
0.0
0.0
0.0
0.0
0.0
0.0
0.0
0.0
0.0
0.0
0.0039
0.0884
0.2201
0.3346
0.3912
0.41
0.3958
0.329
0.2074
0.1824
0.1587
0.0763
0.003
0.0
0.0
0.0
0.0
0.0
0.0
0.0
0.0
0.0
0.0
0.0
0.0
0.0239
0.0641
0.1239
0.1907
0.2395
0.2577
0.2345
0.1873
0.1246
0.0641
0.0197
0.0
0.0
0.0
0.0
0.0
0.0
0.0
0.0
0.0
0.0
0.0
0.0
0.0
0.0051
0.0318
0.0749
0.1046
0.1351
0.1592
0.1633
0.1568
0.139
0.0987
0.0435
0.0012
0.0
0.0
0.0
0.0
0.0
0.0
0.0
0.0
0.0
0.0
0.0
0.0003
0.0462
0.144
0.2329
0.3017
0.3428
0.3405
0.3227
0.2925
0.2465
0.1466
0.0536
0.0005
0.0
0.0
0.0
0.0
0.0
0.0
0.0
0.0
0.0
0.0
0.0
0.0
0.0459
0.1672
0.3272
0.4528
0.497
0.5048
0.4641
0.3773
0.2214
0.099
0.0544
0.0008
0.0
0.0
0.0
0.0
0.0
0.0
0.0
0.0
0.0
0.0
0.0
0.0
0.0406
0.1379
0.2283
0.3067
0.4106
0.5268
0.5135
0.4748
0.3823
0.2419
0.0932
0.0005
0.0
0.0
0.0
0.0
0.0
0.0
0.0
0.0
0.0
0.0
0.0
0.0
0.0251
0.0787
0.1497
0.2086
0.2648
0.3226
0.3426
0.301
0.237
0.1417
0.0393
0.0
0.0
0.0
0.0
0.0
0.0
0.0
0.0
0.0
0.0
0.0
0.0
0.0
0.0455
0.1725
0.3314
0.4742
0.5609
0.5789
0.5483
0.4757
0.3674
0.2294
0.0802
0.0001
0.0
0.0
0.0
0.0
0.0
0.0
0.0
0.0
0.0
0.0
0.0
0.0
0.0288
0.1148
0.2039
0.2589
0.2299
0.1887
0.165
0.1291
0.0787
0.0377
0.0095
0.0
0.0
0.0
0.0
0.0
0.0
0.0
0.0
0.0
0.0
0.0
0.0
0.0
0.0283
0.1319
0.2619
0.4006
0.5321
0.5618
0.5422
0.478
0.3699
0.2258
0.0867
0.0001
0.0
0.0
0.0
0.0
0.0
0.0
0.0
0.0
0.0
0.0
0.0
0.0
0.0299
0.1152
0.2523
0.4409
0.5637
0.5643
0.5271
0.4524
0.3321
0.1704
0.0357
0.0
0.0
0.0
0.0
0.0
0.0
0.0
0.0
0.0
0.0
0.0
0.0
0.0
0.0232
0.1046
0.1926
0.2606
0.2725
0.2188
0.1646
0.1317
0.0966
0.046
0.0088
0.0
0.0
0.0
0.0
0.0
0.0
0.0
0.0
0.0
0.0
0.0
0.0
0.0
0.0045
0.0279
0.0562
0.0846
0.1085
0.1208
0.1181
0.1001
0.0786
0.0504
0.0137
0.0
0.0
0.0
0.0
0.0
0.0
0.0
0.0
0.0
0.0
0.0
0.0
0.0
0.041
0.1916
0.3439
0.4629
0.5348
0.5308
0.459
0.3434
0.2129
0.1175
0.0357
0.0
0.0
0.0
0.0
0.0
0.0
0.0
0.0
0.0
0.0
0.0
0.0
0.0
0.0372
0.1676
0.2976
0.4118
0.5118
0.5497
0.5403
0.4729
0.3565
0.2109
0.0493
0.0
0.0
0.0
0.0
0.0
0.0
0.0
0.0
0.0
0.0
0.0
0.0
0.0
0.0311
0.146
0.2785
0.3603
0.4067
0.4131
0.4014
0.347
0.2208
0.1205
0.0292
0.0
0.0
0.0
0.0
0.0
0.0
0.0
0.0
0.0
0.0
0.0
0.0
0.0
0.0247
0.1363
0.2651
0.3682
0.448
0.4491
0.4059
0.3311
0.2221
0.1019
0.0173
0.0
0.0
0.0
0.0
0.0
0.0
0.0
0.0
0.0
0.0
0.0
0.0
0.0
0.0169
0.1095
0.2229
0.3363
0.4385
0.4911
0.4574
0.362
0.2323
0.09
0.0141
0.0
0.0
0.0
0.0
0.0
0.0
0.0
0.0
0.0
0.0
0.0
0.0
0.0
0.0063
0.0519
0.1458
0.3124
0.4437
0.4902
0.4748
0.393
0.259
0.1027
0.0153
0.0
0.0
0.0
0.0
0.0
0.0
0.0
0.0
0.0
0.0
0.0
0.0
0.0
0.0156
0.0958
0.188
0.2713
0.3298
0.3556
0.3517
0.3116
0.2327
0.1302
0.0242
0.0
0.0
0.0
0.0
0.0
0.0
0.0
0.0
0.0
0.0
0.0
0.0
0.0
0.0119
0.0956
0.2256
0.3577
0.4777
0.5139
0.4938
0.4334
0.3133
0.1571
0.0255
0.0
0.0
0.0
0.0
0.0
0.0
0.0
0.0
0.0
0.0
0.0
0.0
0.0
0.0108
0.1023
0.2354
0.3703
0.4643
0.4732
0.4357
0.3572
0.2636
0.1233
0.02
0.0
0.0
0.0
0.0
0.0
0.0
0.0
0.0
0.0
0.0
0.0
0.0
0.0
0.0047
0.0599
0.1448
0.2461
0.3412
0.3666
0.332
0.2658
0.1707
0.0801
0.0092
0.0
0.0
0.0
0.0
0.0
0.0
0.0
0.0
0.0
0.0
0.0
0.0
0.0
0.0036
0.0487
0.1295
0.2122
0.2993
0.3598
0.3711
0.3255
0.2326
0.1166
0.0138
0.0
0.0
0.0
0.0
0.0
0.0
0.0
0.0
0.0
0.0
0.0
0.0
0.0
0.0027
0.0573
0.1351
0.2041
0.2622
0.2907
0.2835
0.2572
0.1693
0.0708
0.0057
0.0
0.0
0.0
0.0
0.0
0.0
0.0
0.0
0.0
0.0
0.0
0.0
0.0
0.0034
0.0759
0.1842
0.325
0.4352
0.469
0.4337
0.2912
0.1612
0.0561
0.0024
0.0
0.0
0.0
0.0
0.0
0.0
0.0
0.0
0.0
0.0
0.0
0.0
0.0
0.0067
0.1113
0.2658
0.3978
0.4764
0.4715
0.4132
0.3101
0.1865
0.1041
0.0082
0.0
0.0
0.0
0.0
0.0
0.0
0.0
0.0
0.0
0.0
0.0
0.0
0.0
0.0016
0.0533
0.1477
0.248
0.2947
0.2891
0.2414
0.2093
0.1388
0.0516
0.002
0.0
0.0
0.0
0.0
0.0
0.0
0.0
0.0
0.0
0.0
0.0
0.0
0.0
0.0014
0.0567
0.1581
0.3034
0.4193
0.4408
0.4195
0.3317
0.216
0.0834
0.0032
0.0
0.0
0.0
0.0
0.0
0.0
0.0
0.0
0.0
0.0
0.0
0.0
0.0
0.0003
0.0289
0.081
0.1368
0.173
0.1801
0.1525
0.1078
0.0609
0.0215
0.0003
0.0
0.0
0.0
0.0
0.0
0.0
0.0
0.0
0.0
0.0
0.0
0.0
0.0
0.0011
0.0656
0.1837
0.3071
0.4014
0.4424
0.4339
0.3691
0.2535
0.1185
0.0044
0.0
0.0
0.0
0.0
0.0
0.0
0.0
0.0
0.0
0.0
0.0
0.0
0.0
0.001
0.0581
0.1662
0.2707
0.394
0.4524
0.4377
0.3732
0.2498
0.0951
0.0025
0.0
0.0
0.0
0.0
0.0
0.0
0.0
0.0
0.0
0.0
0.0
0.0
0.0
0.0004
0.0602
0.1824
0.3193
0.4087
0.4636
0.4435
0.38
0.2545
0.0999
0.0019
0.0
0.0
0.0
0.0
0.0
0.0
0.0
0.0
0.0
0.0
0.0
0.0
0.0
0.0001
0.0301
0.088
0.1454
0.1947
0.2005
0.148
0.0923
0.047
0.0129
0.0
0.0
0.0
0.0
0.0
0.0
0.0
0.0
0.0
0.0
0.0
0.0
0.0
0.0
0.0
0.0434
0.1425
0.2163
0.2384
0.2108
0.1845
0.1529
0.0909
0.0346
0.0
0.0
0.0
0.0
0.0
0.0
0.0
0.0
0.0
0.0
0.0
0.0
0.0
0.0
0.0001
0.0265
0.0692
0.1292
0.2054
0.2251
0.2037
0.1539
0.0787
0.0246
0.0
0.0
0.0
0.0
0.0
0.0
0.0
0.0
0.0
0.0
0.0
0.0
0.0
0.0
0.0
0.0262
0.0898
0.139
0.1872
0.2023
0.1809
0.1366
0.0759
0.029
0.0001
0.0
0.0
0.0
0.0
0.0
0.0
0.0
0.0
0.0
0.0
0.0
0.0
0.0
0.0
0.0186
0.0763
0.1446
0.2157
0.2904
0.2937
0.231
0.1081
0.0214
0.0
0.0
0.0
0.0
0.0
0.0
0.0
0.0
0.0
0.0
0.0
0.0
0.0
0.0
0.0
0.0181
0.0835
0.1862
0.2752
0.3163
0.3146
0.2693
0.1834
0.0703
0.0
0.0
0.0
0.0
0.0
0.0
0.0
0.0
0.0
0.0
0.0
0.0
0.0
0.0
0.0
0.0142
0.0613
0.1153
0.1593
0.1873
0.1838
0.1434
0.076
0.0174
0.0
0.0
0.0
0.0
0.0
0.0
0.0
0.0
0.0
0.0
0.0
0.0
0.0
0.0
0.0
0.0239
0.1119
0.2264
0.3423
0.4212
0.4383
0.3873
0.2666
0.1226
0.0
0.0
0.0
0.0
0.0
0.0
0.0
0.0
0.0
0.0
0.0
0.0
0.0
0.0
0.0
0.0264
0.0915
0.1631
0.1931
0.2061
0.1966
0.1695
0.1057
0.0332
0.0
0.0
0.0
0.0
0.0
0.0
0.0
0.0
0.0
0.0
0.0
0.0
0.0
0.0
0.0
0.0031
0.0267
0.0656
0.1083
0.1509
0.1807
0.1406
0.0847
0.0227
0.0
0.0
0.0
0.0
0.0
0.0
0.0
0.0
0.0
0.0
0.0
0.0
0.0
0.0
0.0
0.0189
0.1149
0.2214
0.2993
0.3093
0.269
0.1983
0.1104
0.0288
0.0
0.0
0.0
0.0
0.0
0.0
0.0
0.0
0.0
0.0
0.0
0.0
0.0
0.0
0.0
0.0278
0.1591
0.329
0.4002
0.4068
0.3609
0.2812
0.1692
0.0488
0.0
0.0
0.0
0.0
0.0
0.0
0.0
0.0
0.0
0.0
0.0
0.0
0.0
0.0
0.0
0.022
0.1238
0.2569
0.3297
0.3554
0.3289
0.2564
0.1611
0.0501
0.0
0.0
0.0
0.0
0.0
0.0
0.0
0.0
0.0
0.0
0.0
0.0
0.0
0.0
0.0
0.0277
0.1477
0.2868
0.399
0.4221
0.3957
0.2985
0.1606
0.0423
0.0
0.0
0.0
0.0
0.0
0.0
0.0
0.0
0.0
0.0
0.0
0.0
0.0
0.0
0.0
0.0002
0.0061
0.0152
0.023
0.0222
0.0204
0.021
0.0196
0.0049
0.0
0.0
0.0
0.0
0.0
0.0
0.0
0.0
0.0
0.0
0.0
0.0
0.0
0.0
0.0
0.0022
0.0219
0.0628
0.1248
0.16
0.1446
0.0956
0.0446
0.0056
0.0
0.0
0.0
0.0
0.0
0.0
0.0
0.0
0.0
0.0
0.0
0.0
0.0
0.0
0.0
0.0091
0.079
0.1794
0.271
0.3184
0.2987
0.2308
0.1379
0.0287
0.0
0.0
0.0
0.0
0.0
0.0
0.0
0.0
0.0
0.0
0.0
0.0
0.0
0.0
0.0
0.0012
0.0192
0.0441
0.0577
0.0569
0.0452
0.0296
0.013
0.0003
0.0
0.0
0.0
0.0
0.0
0.0
0.0
0.0
0.0
0.0
0.0
0.0
0.0
0.0
0.0
0.0063
0.0505
0.104
0.1616
0.2207
0.2624
0.1866
0.0718
0.0102
0.0
0.0
0.0
0.0
0.0
0.0
0.0
0.0
0.0
0.0
0.0
0.0
0.0
0.0
0.0
0.0024
0.0281
0.0551
0.0914
0.1283
0.133
0.1113
0.0613
0.0108
0.0
0.0
0.0
0.0
0.0
0.0
0.0
0.0
0.0
0.0
0.0
0.0
0.0
0.0
0.0
0.0053
0.0567
0.1128
0.1537
0.1681
0.1513
0.0981
0.041
0.0042
0.0
0.0
0.0
0.0
0.0
0.0
0.0
0.0
0.0
0.0
0.0
0.0
0.0
0.0
0.0
0.0023
0.0323
0.07
0.0922
0.1107
0.1176
0.0874
0.0455
0.007
0.0
0.0
0.0
0.0
0.0
0.0
0.0
0.0
0.0
0.0
0.0
0.0
0.0
0.0
0.0
0.003
0.037
0.1377
0.2316
0.2173
0.2102
0.1612
0.077
0.0079
0.0
0.0
0.0
0.0
0.0
0.0
0.0
0.0
0.0
0.0
0.0
0.0
0.0
0.0
0.0
0.0002
0.018
0.0588
0.0981
0.1228
0.1132
0.0822
0.0369
0.0019
0.0
0.0
0.0
0.0
0.0
0.0
0.0
0.0
0.0
0.0
0.0
0.0
0.0
0.0
0.0
0.0004
0.0206
0.0523
0.0809
0.0997
0.0893
0.0634
0.0314
0.0018
0.0
0.0
0.0
0.0
0.0
0.0
0.0
0.0
0.0
0.0
0.0
0.0
0.0
0.0
0.0
0.0009
0.0311
0.0731
0.1014
0.1012
0.0819
0.0513
0.0213
0.0005
0.0
0.0
0.0
0.0
0.0
0.0
0.0
0.0
0.0
0.0
0.0
0.0
0.0
0.0
0.0
0.0006
0.0308
0.0931
0.1649
0.2132
0.2077
0.1517
0.0725
0.0054
0.0
0.0
0.0
0.0
0.0
0.0
0.0
0.0
0.0
0.0
0.0
0.0
0.0
0.0
0.0
0.0007
0.045
0.1199
0.1917
0.2079
0.1597
0.0948
0.0376
0.0019
0.0
0.0
0.0
0.0
0.0
0.0
0.0
0.0
0.0
0.0
0.0
0.0
0.0
0.0
0.0
0.0023
0.0738
0.1793
0.2581
0.2795
0.2467
0.173
0.0788
0.0039
0.0
0.0
0.0
0.0
0.0
0.0
0.0
0.0
0.0
0.0
0.0
0.0
0.0
0.0
0.0
0.0017
0.0767
0.1903
0.2719
0.317
0.2967
0.2327
0.1314
0.0089
0.0
0.0
0.0
0.0
0.0
0.0
0.0
0.0
0.0
0.0
0.0
0.0
0.0
0.0
0.0
0.0016
0.0588
0.1723
0.2663
0.3372
0.3455
0.2848
0.1699
0.009
0.0
0.0
0.0
0.0
0.0
0.0
0.0
0.0
0.0
0.0
0.0
0.0
0.0
0.0
0.0
0.002
0.0637
0.1618
0.2392
0.2658
0.254
0.2005
0.1058
0.0044
0.0
0.0
0.0
0.0
0.0
0.0
0.0
0.0
0.0
0.0
0.0
0.0
0.0
0.0
0.0
0.001
0.0259
0.0682
0.1061
0.1233
0.1241
0.1049
0.0506
0.0012
0.0
0.0
0.0
0.0
0.0
0.0
0.0
0.0
0.0
0.0
0.0
0.0
0.0
0.0
0.0
0.0001
0.0257
0.0842
0.1187
0.1314
0.1097
0.0625
0.0195
0.0003
0.0
0.0
0.0
0.0
0.0
0.0
0.0
0.0
0.0
0.0
0.0
0.0
0.0
0.0
0.0
0.0001
0.0487
0.1329
0.2014
0.2313
0.2113
0.1446
0.0573
0.0012
0.0
0.0
0.0
0.0
0.0
0.0
0.0
0.0
0.0
0.0
0.0
0.0
0.0
0.0
0.0
0.0018
0.1037
0.2327
0.3053
0.3258
0.2859
0.2051
0.1002
0.0027
0.0
0.0
0.0
0.0
0.0
0.0
0.0
0.0
0.0
0.0
0.0
0.0
0.0
0.0
0.0
0.0018
0.1014
0.2208
0.2953
0.3201
0.2987
0.2311
0.1224
0.004
0.0
0.0
0.0
0.0
0.0
0.0
0.0
0.0
0.0
0.0
0.0
0.0
0.0
0.0
0.0
0.0001
0.038
0.1078
0.1715
0.2148
0.2213
0.1749
0.088
0.0011
0.0
0.0
0.0
0.0
0.0
0.0
0.0
0.0
0.0
0.0
0.0
0.0
0.0
0.0
0.0
0.0
0.0249
0.0777
0.1295
0.156
0.14
0.0944
0.0384
0.0005
0.0
0.0
0.0
0.0
0.0
0.0
0.0
0.0
0.0
0.0
0.0
0.0
0.0
0.0
0.0
0.0
0.0283
0.0939
0.1566
0.1994
0.1846
0.1278
0.0488
0.0001
0.0
0.0
0.0
0.0
0.0
0.0
0.0
0.0
0.0
0.0
0.0
0.0
0.0
0.0
0.0
0.0001
0.0375
0.0912
0.1138
0.1089
0.0804
0.0465
0.0151
0.0
0.0
0.0
0.0
0.0
0.0
0.0
0.0
0.0
0.0
0.0
0.0
0.0
0.0
0.0
0.0
0.0
0.0064
0.0251
0.0375
0.0376
0.0334
0.0231
0.0075
0.0
0.0
0.0
0.0
0.0
0.0
0.0
0.0
0.0
0.0
0.0
0.0
0.0
0.0
0.0
0.0
0.0
0.005
0.0112
0.0187
0.0306
0.0469
0.0341
0.0092
0.0
0.0
0.0
0.0
0.0
0.0
0.0
0.0
0.0
0.0
0.0
0.0
0.0
0.0
0.0
0.0
0.0
0.0128
0.0377
0.061
0.0901
0.0847
0.0524
0.0149
0.0
0.0
0.0
0.0
0.0
0.0
0.0
0.0
0.0
0.0
0.0
0.0
0.0
0.0
0.0
0.0
0.0001
0.0397
0.1132
0.2144
0.3054
0.3003
0.2118
0.0843
0.0001
0.0
0.0
0.0
0.0
0.0
0.0
0.0
0.0
0.0
0.0
0.0
0.0
0.0
0.0
0.0
0.0
0.005
0.0175
0.029
0.0366
0.0315
0.0296
0.0238
0.0
0.0
0.0
0.0
0.0
0.0
0.0
0.0
0.0
0.0
0.0
0.0
0.0
0.0
0.0
0.0
0.0
0.0121
0.0444
0.1041
0.1728
0.1898
0.159
0.0704
0.0002
0.0
0.0
0.0
0.0
0.0
0.0
0.0
0.0
0.0
0.0
0.0
0.0
0.0
0.0
0.0
0.0
0.0083
0.0336
0.0519
0.0533
0.0443
0.0293
0.0107
0.0
0.0
0.0
0.0
0.0
0.0
0.0
0.0
0.0
0.0
0.0
0.0
0.0
0.0
0.0
0.0
0.0
0.0029
0.0131
0.0237
0.0285
0.0251
0.0188
0.0055
0.0
0.0
0.0
0.0
0.0
0.0
0.0
0.0
0.0
0.0
0.0
0.0
0.0
0.0
0.0
0.0
0.0
0.0164
0.0536
0.0704
0.0697
0.0477
0.0264
0.0078
0.0
0.0
0.0
0.0
0.0
0.0
0.0
0.0
0.0
0.0
0.0
0.0
0.0
0.0
0.0
0.0
0.0
0.0066
0.0412
0.0912
0.1381
0.1597
0.1431
0.0684
0.0001
0.0
0.0
0.0
0.0
0.0
0.0
0.0
0.0
0.0
0.0
0.0
0.0
0.0
0.0
0.0
0.0
0.0079
0.0396
0.0821
0.1011
0.0908
0.0568
0.0157
0.0
0.0
0.0
0.0
0.0
0.0
0.0
0.0
0.0
0.0
0.0
0.0
0.0
0.0
0.0
0.0
0.0
0.0217
0.1257
0.2363
0.2825
0.2677
0.1873
0.0629
0.0
0.0
0.0
0.0
0.0
0.0
0.0
0.0
0.0
0.0
0.0
0.0
0.0
0.0
0.0
0.0
0.0
0.0227
0.0837
0.1641
0.2072
0.1831
0.1179
0.0367
0.0
0.0
0.0
0.0
0.0
0.0
0.0
0.0
0.0
0.0
0.0
0.0
0.0
0.0
0.0
0.0
0.0
0.0159
0.0556
0.0812
0.0838
0.0667
0.0396
0.0094
0.0
0.0
0.0
0.0
0.0
0.0
0.0
0.0
0.0
0.0
0.0
0.0
0.0
0.0
0.0
0.0
0.0
0.0122
0.0825
0.1616
0.2191
0.2059
0.1296
0.0385
0.0
0.0
0.0
0.0
0.0
0.0
0.0
0.0
0.0
0.0
0.0
0.0
0.0
0.0
0.0
0.0
0.0
0.0088
0.0362
0.0484
0.0375
0.0126
0.0046
0.0006
0.0
0.0
0.0
0.0
0.0
0.0
0.0
0.0
0.0
0.0
0.0
0.0
0.0
0.0
0.0
0.0
0.0
0.0165
0.0949
0.1671
0.204
0.1868
0.1208
0.0367
0.0
0.0
0.0
0.0
0.0
0.0
0.0
0.0
0.0
0.0
0.0
0.0
0.0
0.0
0.0
0.0
0.0
0.0218
0.0962
0.1673
0.2117
0.1849
0.1041
0.0238
0.0
0.0
0.0
0.0
0.0
0.0
0.0
0.0
0.0
0.0
0.0
0.0
0.0
0.0
0.0
0.0
0.0
0.0001
0.0119
0.063
0.1217
0.1472
0.103
0.0258
0.0
0.0
0.0
0.0
0.0
0.0
0.0
0.0
0.0
0.0
0.0
0.0
0.0
0.0
0.0
0.0
0.0
0.0096
0.0479
0.0688
0.0624
0.0524
0.0271
0.0052
0.0
0.0
0.0
0.0
0.0
0.0
0.0
0.0
0.0
0.0
0.0
0.0
0.0
0.0
0.0
0.0
0.0
0.0064
0.0225
0.0348
0.0397
0.0384
0.0315
0.0103
0.0
0.0
0.0
0.0
0.0
0.0
0.0
0.0
0.0
0.0
0.0
0.0
0.0
0.0
0.0
0.0
0.0
0.0454
0.1743
0.2732
0.2984
0.252
0.1555
0.0483
0.0
0.0
0.0
0.0
0.0
0.0
0.0
0.0
0.0
0.0
0.0
0.0
0.0
0.0
0.0
0.0
0.0
0.0169
0.0652
0.1391
0.1815
0.1712
0.1077
0.0309
0.0
0.0
0.0
0.0
0.0
0.0
0.0
0.0
0.0
0.0
0.0
0.0
0.0
0.0
0.0
0.0
0.0
0.0428
0.1384
0.2238
0.2574
0.2379
0.167
0.0574
0.0
0.0
0.0
0.0
0.0
0.0
0.0
0.0
0.0
0.0
0.0
0.0
0.0
0.0
0.0
0.0
0.0
0.021
0.0791
0.1399
0.1883
0.1864
0.1246
0.0395
0.0
0.0
0.0
0.0
0.0
0.0
0.0
0.0
0.0
0.0
0.0
0.0
0.0
0.0
0.0
0.0
0.0
0.0311
0.1122
0.1898
0.2254
0.2059
0.1277
0.0369
0.0
0.0
0.0
0.0
0.0
0.0
0.0
0.0
