_wind_offshore_current load factor in Ireland in 2016
0.1756
0.1173
0.1247
0.1795
0.2843
0.3995
0.5016
0.6228
0.7394
0.8254
0.887
0.9285
0.9592
0.9683
0.9691
0.9609
0.9459
0.954
0.9663
0.9663
0.9607
0.9373
0.8972
0.8571
0.8044
0.7384
0.6518
0.5617
0.4892
0.4169
0.34
0.2565
0.1892
0.1181
0.0497
0.0232
0.0601
0.1418
0.2152
0.2489
0.2404
0.2071
0.1941
0.1892
0.2051
0.2436
0.2361
0.1662
0.1671
0.2329
0.3946
0.6452
0.8295
0.9219
0.9525
0.9136
0.7119
0.4033
0.3508
0.306
0.2776
0.2911
0.3176
0.34
0.2809
0.2245
0.1951
0.1941
0.2061
0.2555
0.2642
0.2468
0.2753
0.2382
0.1971
0.1718
0.1435
0.128
0.1077
0.0873
0.0683
0.0548
0.0394
0.0351
0.0282
0.0182
0.0087
0.0026
0.0001
0.0
0.0
0.0
0.0
0.0
0.0
0.0
0.0002
0.0042
0.0141
0.0324
0.046
0.0497
0.047
0.0476
0.0503
0.0508
0.0542
0.0689
0.0873
0.1263
0.1653
0.2555
0.3376
0.402
0.433
0.4692
0.4855
0.4755
0.4443
0.4194
0.3836
0.3305
0.2854
0.25
0.2122
0.1427
0.0548
0.0182
0.0191
0.0016
0.0
0.0
0.0225
0.1534
0.3424
0.5288
0.5998
0.668
0.765
0.8716
0.9323
0.9638
0.9745
0.9767
0.8295
0.5904
0.844
0.7952
0.7684
0.7658
0.6909
0.6529
0.6441
0.6251
0.6125
0.6659
0.7439
0.7484
0.7158
0.643
0.5653
0.4742
0.4218
0.4008
0.346
0.3095
0.2866
0.3484
0.5251
0.7149
0.8204
0.8103
0.7701
0.732
0.5761
0.4045
0.3176
0.2414
0.199
0.1814
0.1862
0.1911
0.1882
0.1785
0.1597
0.1357
0.0873
0.0614
0.1084
0.1552
0.25
0.352
0.4082
0.3726
0.3544
0.2277
0.1214
0.0607
0.1045
0.2489
0.272
0.2866
0.483
0.4555
0.327
0.17
0.0503
0.0061
0.0016
0.0
0.0003
0.0486
0.1498
0.2414
0.352
0.4343
0.448
0.453
0.4705
0.4805
0.4967
0.4929
0.478
0.4405
0.3811
0.3353
0.306
0.3037
0.29
0.2764
0.2631
0.2698
0.2979
0.2991
0.3037
0.2922
0.2533
0.2256
0.199
0.1552
0.11
0.0638
0.0229
0.0067
0.0013
0.0
0.0
0.0
0.0018
0.0147
0.0465
0.0803
0.1331
0.2214
0.3448
0.4256
0.4979
0.6068
0.705
0.7412
0.7412
0.7457
0.7633
0.7897
0.8103
0.8342
0.8595
0.8885
0.9119
0.9343
0.947
0.9513
0.9484
0.9407
0.9353
0.9256
0.9234
0.9278
0.926
0.9063
0.8749
0.8169
0.7667
0.7119
0.6386
0.5833
0.5423
0.4867
0.4218
0.3532
0.2866
0.2256
0.1785
0.1766
0.2173
0.2809
0.3365
0.3665
0.4132
0.4443
0.453
0.4455
0.468
0.4468
0.3544
0.2843
0.2843
0.3341
0.3909
0.4194
0.4107
0.4293
0.4443
0.4655
0.4867
0.514
0.5689
0.5665
0.5892
0.6285
0.6285
0.5738
0.5484
0.5053
0.4555
0.4231
0.4393
0.483
0.5165
0.541
0.5785
0.6251
0.6274
0.6079
0.6114
0.6251
0.6518
0.6837
0.706
0.7206
0.7301
0.7226
0.7021
0.6733
0.6364
0.5857
0.5361
0.5312
0.5459
0.5569
0.5974
0.6397
0.6637
0.6397
0.5773
0.4942
0.4033
0.34
0.2753
0.2132
0.1634
0.1306
0.1045
0.0762
0.0497
0.0307
0.0201
0.0087
0.0015
0.0003
0.0001
0.0004
0.003
0.0188
0.0548
0.0939
0.1124
0.1357
0.1498
0.1418
0.1238
0.1061
0.0702
0.0342
0.0131
0.0027
0.0
0.0
0.0
0.0001
0.0055
0.0225
0.0595
0.1148
0.1804
0.2308
0.2753
0.2945
0.3762
0.4705
0.5435
0.5951
0.6274
0.668
0.693
0.7187
0.732
0.731
0.7357
0.7366
0.7282
0.7139
0.6722
0.6228
0.5892
0.5761
0.5459
0.4954
0.4256
0.3677
0.29
0.2051
0.1374
0.0917
0.0601
0.0454
0.0497
0.0607
0.0644
0.0571
0.0439
0.0298
0.0198
0.0136
0.0126
0.0107
0.0058
0.0024
0.0009
0.0007
0.0013
0.0037
0.0077
0.0116
0.0149
0.0194
0.0229
0.0262
0.0307
0.0365
0.0408
0.0486
0.0583
0.0817
0.1124
0.1374
0.157
0.1709
0.1833
0.1862
0.1862
0.1951
0.2152
0.2468
0.2843
0.3141
0.327
0.327
0.3329
0.3556
0.358
0.3762
0.4181
0.4692
0.5115
0.5544
0.5998
0.6341
0.6518
0.6712
0.6796
0.6889
0.705
0.752
0.7448
0.7675
0.7897
0.8147
0.8408
0.8516
0.8428
0.846
0.8528
0.8516
0.8402
0.8288
0.8103
0.7983
0.799
0.8088
0.8204
0.8485
0.8699
0.8749
0.8925
0.8688
0.8447
0.8528
0.8583
0.8176
0.7709
0.6879
0.7158
0.7216
0.705
0.7226
0.7168
0.697
0.6573
0.6691
0.6837
0.6701
0.6551
0.5986
0.458
0.4008
0.3701
0.3258
0.3083
0.2753
0.2511
0.1971
0.1971
0.2731
0.3653
0.4256
0.4505
0.4642
0.4493
0.541
0.7784
0.7928
0.7709
0.8528
0.8939
0.9085
0.8875
0.8349
0.7384
0.53
0.4755
0.5214
0.5951
0.5773
0.5641
0.654
0.696
0.695
0.6691
0.6594
0.6274
0.5951
0.5833
0.5726
0.5773
0.6463
0.6441
0.6583
0.695
0.7572
0.7692
0.7776
0.7808
0.7759
0.7734
0.7905
0.8154
0.8162
0.8356
0.8968
0.9278
0.9285
0.9306
0.9323
0.9502
0.9484
0.9518
0.9416
0.8797
0.8096
0.7742
0.6079
0.4642
0.3787
0.2731
0.2843
0.352
0.4418
0.5581
0.6796
0.765
0.8415
0.8987
0.936
0.9686
0.9793
0.9676
0.9394
0.9445
0.9611
0.9771
0.9793
0.9779
0.9774
0.9689
0.9454
0.8688
0.7511
0.5726
0.4256
0.262
0.2122
0.2979
0.5857
0.9168
0.9385
0.9192
0.918
0.9413
0.947
0.9492
0.9363
0.8915
0.8949
0.8485
0.7967
0.7357
0.6879
0.7001
0.7466
0.7457
0.6785
0.5857
0.5103
0.4567
0.4443
0.4517
0.4817
0.4867
0.4667
0.458
0.4755
0.4867
0.5288
0.5726
0.6262
0.6889
0.7245
0.8133
0.8905
0.9219
0.9366
0.9468
0.9388
0.9106
0.8693
0.7857
0.752
0.7865
0.8247
0.8676
0.901
0.9215
0.95
0.9765
0.9788
0.9667
0.9645
0.9657
0.9793
0.9535
0.8963
0.8044
0.7129
0.6507
0.6296
0.6474
0.6474
0.6397
0.6648
0.7206
0.7555
0.7563
0.7641
0.7329
0.695
0.6868
0.6441
0.6285
0.6308
0.6375
0.6206
0.5605
0.5239
0.5459
0.6262
0.6909
0.693
0.708
0.7139
0.705
0.6868
0.624
0.5544
0.4967
0.4107
0.3329
0.3282
0.34
0.3532
0.327
0.2945
0.272
0.2425
0.2382
0.282
0.282
0.3294
0.3037
0.2991
0.443
0.6044
0.7572
0.7975
0.8479
0.8765
0.8688
0.8547
0.8479
0.8559
0.8659
0.8577
0.824
0.7792
0.7857
0.8375
0.8583
0.877
0.8885
0.9072
0.9347
0.9557
0.9625
0.9636
0.9692
0.9615
0.9672
0.974
0.9656
0.9518
0.9422
0.9419
0.9343
0.9333
0.9323
0.9215
0.9068
0.892
0.877
0.8659
0.8559
0.8571
0.8522
0.8516
0.8504
0.8369
0.8281
0.8233
0.8125
0.799
0.792
0.7667
0.6909
0.6068
0.5484
0.5312
0.5726
0.6397
0.6626
0.6764
0.6889
0.7226
0.8074
0.8329
0.863
0.9059
0.9382
0.9428
0.9316
0.9119
0.8676
0.8315
0.7841
0.7348
0.7031
0.6452
0.5939
0.5312
0.443
0.3353
0.2832
0.2832
0.3604
0.5226
0.71
0.8787
0.78
0.6775
0.6775
0.7502
0.7734
0.7448
0.694
0.6206
0.5004
0.3305
0.2425
0.2308
0.2173
0.2183
0.262
0.3188
0.3376
0.3164
0.3235
0.3532
0.3689
0.4954
0.5459
0.5251
0.5653
0.6626
0.697
0.7734
0.8111
0.8295
0.8472
0.8665
0.9023
0.9256
0.9425
0.9492
0.9505
0.947
0.9382
0.9063
0.8021
0.5312
0.2798
0.1882
0.0902
0.1132
0.1323
0.1625
0.2888
0.386
0.4082
0.468
0.5593
0.5845
0.6056
0.6194
0.6441
0.6463
0.6562
0.6605
0.7206
0.8059
0.863
0.8154
0.8247
0.7849
0.8066
0.7624
0.692
0.6733
0.6691
0.6616
0.6408
0.6551
0.6899
0.707
0.7235
0.7607
0.7905
0.8133
0.8362
0.814
0.7784
0.7658
0.7959
0.8329
0.8716
0.9184
0.9462
0.9462
0.934
0.8547
0.8088
0.8479
0.8813
0.9144
0.9473
0.967
0.9733
0.9785
0.9779
0.9754
0.9743
0.9756
0.9772
0.979
0.9794
0.9769
0.9763
0.9793
0.978
0.9791
0.9768
0.9678
0.9505
0.9241
0.8834
0.8389
0.7975
0.7546
0.7187
0.6796
0.6044
0.5128
0.5214
0.5496
0.5202
0.5226
0.5471
0.5773
0.6033
0.6441
0.707
0.7448
0.7616
0.7881
0.8254
0.876
0.9102
0.9168
0.8939
0.8315
0.7555
0.6669
0.6079
0.5593
0.4954
0.4194
0.3568
0.2888
0.2522
0.2204
0.1961
0.1671
0.1366
0.1077
0.0888
0.081
0.0803
0.0722
0.0595
0.0444
0.029
0.0179
0.0114
0.0124
0.0251
0.0408
0.0418
0.0282
0.0152
0.0083
0.0039
0.0014
0.0004
0.0001
0.0
0.0
0.0
0.0
0.0
0.0
0.0001
0.0
0.0002
0.0008
0.0013
0.0008
0.0001
0.0
0.0
0.0
0.0
0.0
0.0
0.0014
0.011
0.0324
0.0632
0.1053
0.1471
0.1597
0.1489
0.1357
0.1045
0.0845
0.0824
0.103
0.1597
0.2489
0.3412
0.438
0.5435
0.6171
0.6616
0.698
0.7187
0.7178
0.7031
0.6733
0.6419
0.6217
0.6091
0.5951
0.5689
0.5226
0.4655
0.375
0.2753
0.1833
0.1214
0.0917
0.0881
0.1022
0.1289
0.1552
0.1785
0.2194
0.2653
0.3048
0.3341
0.3641
0.3848
0.3726
0.3689
0.4008
0.453
0.4954
0.5152
0.5004
0.4817
0.453
0.4045
0.375
0.3872
0.433
0.4991
0.541
0.5605
0.5569
0.5398
0.5263
0.4929
0.468
0.4755
0.4855
0.4842
0.4592
0.4231
0.3897
0.3496
0.3235
0.2957
0.2329
0.1625
0.1092
0.0589
0.0204
0.0054
0.002
0.0
0.0
0.0
0.0
0.0002
0.0188
0.0755
0.1634
0.2598
0.346
0.4194
0.473
0.5809
0.6441
0.668
0.7187
0.7684
0.8389
0.9005
0.9253
0.9398
0.9489
0.9594
0.9638
0.9649
0.9625
0.9547
0.9476
0.9416
0.9379
0.9249
0.9085
0.8721
0.7808
0.5605
0.2832
0.0984
0.0708
0.0939
0.1247
0.0946
0.0722
0.0917
0.123
0.1515
0.1515
0.1392
0.1205
0.1124
0.11
0.1092
0.11
0.0999
0.0817
0.0702
0.0676
0.0702
0.0762
0.0866
0.0984
0.11
0.1222
0.1306
0.1427
0.1579
0.14
0.1007
0.0817
0.0803
0.0924
0.0961
0.0924
0.1156
0.17
0.2298
0.2544
0.2425
0.2266
0.2245
0.2214
0.2173
0.2194
0.2225
0.25
0.306
0.3701
0.4181
0.4493
0.514
0.588
0.6594
0.6899
0.695
0.6562
0.5544
0.4493
0.4132
0.4206
0.5165
0.6364
0.6648
0.6079
0.552
0.5361
0.5738
0.5809
0.5423
0.541
0.5312
0.5091
0.4755
0.4904
0.5041
0.5471
0.5544
0.5761
0.5986
0.6262
0.6701
0.7197
0.765
0.696
0.6171
0.5785
0.5361
0.5066
0.4879
0.4692
0.478
0.4979
0.4667
0.5892
0.7139
0.8699
0.8839
0.8972
0.9076
0.9172
0.9253
0.9303
0.92
0.8939
0.851
0.7675
0.6648
0.5857
0.5053
0.4667
0.386
0.2731
0.2555
0.2361
0.2436
0.2277
0.2266
0.2319
0.2319
0.2308
0.2361
0.2479
0.2522
0.2382
0.2436
0.2245
0.1921
0.1795
0.1961
0.198
0.2
0.2287
0.262
0.2576
0.2522
0.2372
0.2225
0.2122
0.2194
0.2204
0.2214
0.2372
0.2468
0.2598
0.2854
0.313
0.3014
0.2742
0.2479
0.2091
0.169
0.1374
0.1092
0.0924
0.0917
0.1053
0.1132
0.1108
0.0992
0.0838
0.0735
0.0702
0.0702
0.067
0.0607
0.0531
0.0449
0.0374
0.032
0.0307
0.0294
0.0278
0.0374
0.0434
0.0454
0.0537
0.0676
0.0708
0.0735
0.1084
0.1444
0.1634
0.1681
0.1737
0.1824
0.1853
0.1795
0.1775
0.1653
0.14
0.1022
0.0695
0.0449
0.0262
0.0092
0.0013
0.0
0.0
0.0
0.0
0.0007
0.0015
0.0016
0.0031
0.0074
0.0164
0.0282
0.0508
0.0881
0.1272
0.1653
0.1951
0.2122
0.2142
0.2319
0.2686
0.2968
0.3083
0.2991
0.2798
0.282
0.2776
0.2675
0.2555
0.2479
0.2587
0.2911
0.3246
0.3376
0.3472
0.3365
0.3282
0.3106
0.2787
0.2522
0.2308
0.2132
0.1941
0.1804
0.1737
0.1718
0.1756
0.1795
0.157
0.1214
0.091
0.0651
0.0525
0.056
0.0789
0.1272
0.1843
0.2256
0.2277
0.2071
0.1901
0.1728
0.1489
0.1306
0.128
0.1255
0.1022
0.0954
0.1038
0.1197
0.1392
0.1357
0.0939
0.0601
0.036
0.0149
0.0051
0.0034
0.0048
0.0064
0.0051
0.0019
0.0001
0.0
0.0002
0.0069
0.0315
0.0548
0.0796
0.0976
0.1077
0.1222
0.1709
0.199
0.2414
0.3048
0.3472
0.4542
0.5845
0.6594
0.6827
0.7149
0.7412
0.7537
0.7226
0.6285
0.5904
0.5325
0.5557
0.6262
0.696
0.7439
0.7751
0.8081
0.8607
0.8125
0.7187
0.699
0.7139
0.7139
0.7001
0.707
0.7001
0.7001
0.7301
0.7616
0.7168
0.6775
0.6785
0.6879
0.6796
0.6114
0.6033
0.6044
0.6375
0.7751
0.8781
0.9271
0.9407
0.8233
0.9188
0.9573
0.914
0.918
0.9407
0.9303
0.8895
0.824
0.8522
0.95
0.9704
0.9647
0.9554
0.9462
0.9363
0.9223
0.9098
0.9
0.8754
0.824
0.7563
0.695
0.624
0.5165
0.4368
0.358
0.262
0.1625
0.0838
0.047
0.0418
0.0838
0.1901
0.3025
0.4082
0.402
0.3762
0.732
0.7598
0.6754
0.6125
0.5928
0.5702
0.5349
0.5251
0.5189
0.5103
0.4904
0.4767
0.5016
0.5471
0.5152
0.5029
0.5496
0.7502
0.8823
0.9106
0.9176
0.9106
0.8925
0.8704
0.8528
0.8453
0.8369
0.824
0.7841
0.7607
0.7555
0.7555
0.7357
0.696
0.6712
0.6474
0.6206
0.5869
0.5459
0.5386
0.5423
0.5276
0.4991
0.4929
0.4929
0.4917
0.4867
0.4892
0.4742
0.478
0.4655
0.4318
0.3995
0.3922
0.3897
0.386
0.3775
0.358
0.3341
0.3002
0.262
0.2225
0.199
0.169
0.1255
0.0838
0.0423
0.0179
0.0054
0.002
0.0046
0.0185
0.0554
0.1132
0.1728
0.2132
0.2194
0.2041
0.198
0.2051
0.1862
0.1489
0.1306
0.1444
0.1931
0.2686
0.3436
0.3689
0.3897
0.4218
0.3959
0.3677
0.327
0.2576
0.1843
0.1543
0.1653
0.1634
0.14
0.091
0.0476
0.0211
0.0214
0.052
0.0932
0.1383
0.2183
0.3014
0.3083
0.2731
0.2041
0.1205
0.1181
0.1374
0.0742
0.0465
0.0408
0.0176
0.0408
0.0531
0.0838
0.0992
0.0683
0.0428
0.0099
0.0018
0.0803
0.4181
0.7011
0.8254
0.8849
0.9188
0.9376
0.9425
0.9369
0.9278
0.9282
0.9313
0.92
0.901
0.8721
0.8074
0.7403
0.695
0.6441
0.483
0.3946
0.4156
0.4008
0.3762
0.3665
0.3436
0.2877
0.2854
0.2631
0.2266
0.1882
0.1515
0.1132
0.0859
0.0632
0.037
0.0164
0.0051
0.0004
0.0
0.0
0.0
0.0
0.0001
0.0081
0.0239
0.036
0.0403
0.0418
0.0444
0.0449
0.0444
0.0554
0.0824
0.1069
0.123
0.1255
0.1374
0.1872
0.2152
0.2235
0.2277
0.2372
0.2587
0.2631
0.2698
0.2877
0.2934
0.2945
0.2776
0.2598
0.2436
0.2298
0.2329
0.2235
0.2225
0.2277
0.2266
0.2091
0.2071
0.203
0.199
0.169
0.1737
0.1814
0.169
0.148
0.1181
0.0902
0.0859
0.0845
0.0735
0.0554
0.0418
0.0298
0.0239
0.0236
0.0221
0.0167
0.0092
0.0016
0.0
0.0
0.0
0.0
0.0
0.0001
0.0023
0.0046
0.004
0.0039
0.0054
0.0051
0.0045
0.0126
0.0333
0.0589
0.0888
0.1205
0.14
0.1383
0.1323
0.1289
0.1148
0.0917
0.0708
0.0632
0.0614
0.0554
0.0481
0.0492
0.0601
0.0728
0.0946
0.1314
0.1506
0.1453
0.1653
0.2555
0.3153
0.3376
0.34
0.313
0.3106
0.3048
0.2609
0.25
0.198
0.1597
0.1383
0.1181
0.0932
0.0638
0.0408
0.0307
0.0311
0.0413
0.0577
0.0873
0.1205
0.1435
0.1634
0.2
0.2111
0.2081
0.2122
0.2204
0.2245
0.2225
0.2214
0.2071
0.1737
0.1471
0.1515
0.1625
0.1756
0.1892
0.201
0.199
0.1941
0.1951
0.2041
0.2091
0.2122
0.2152
0.2204
0.2425
0.2511
0.2776
0.3106
0.3294
0.3484
0.3118
0.234
0.1766
0.1323
0.1007
0.0796
0.0722
0.0676
0.0548
0.0434
0.0311
0.0218
0.0124
0.0045
0.0008
0.0
0.0
0.0001
0.0014
0.0041
0.0089
0.0164
0.0236
0.032
0.0356
0.036
0.036
0.0333
0.0329
0.0379
0.0428
0.0394
0.0379
0.037
0.0403
0.0465
0.0525
0.0614
0.0715
0.0946
0.1247
0.1462
0.1588
0.169
0.1843
0.1882
0.1804
0.1662
0.1552
0.1653
0.1681
0.1756
0.1756
0.1756
0.1625
0.1409
0.1181
0.0999
0.0852
0.0803
0.0817
0.0881
0.0984
0.1108
0.1173
0.1148
0.1148
0.0999
0.0782
0.0589
0.0423
0.032
0.0294
0.0329
0.0389
0.047
0.0554
0.0503
0.0374
0.0236
0.0167
0.0221
0.0221
0.0161
0.0101
0.0055
0.0042
0.0072
0.0116
0.0114
0.0087
0.0027
0.0
0.0
0.0
0.0
0.0
0.0
0.0013
0.005
0.0081
0.0087
0.0103
0.0105
0.0076
0.0062
0.0052
0.002
0.0005
0.0001
0.0
0.0
0.0
0.0
0.0
0.0
0.0
0.0
0.0
0.0
0.0
0.0
0.0
0.0
0.0
0.0
0.0
0.0
0.0
0.0
0.0
0.0
0.0
0.0
0.0
0.0
0.0
0.0
0.0
0.0
0.0
0.0
0.0
0.0
0.0
0.0001
0.0003
0.0004
0.0007
0.0022
0.0032
0.0024
0.004
0.0121
0.0282
0.0503
0.0651
0.0902
0.1348
0.1795
0.2132
0.2194
0.199
0.157
0.1222
0.0932
0.0881
0.1181
0.1728
0.2266
0.2798
0.3448
0.4057
0.5078
0.6171
0.6899
0.705
0.7338
0.7581
0.7216
0.6419
0.4742
0.2587
0.1662
0.2457
0.262
0.1872
0.1435
0.1247
0.1205
0.134
0.1597
0.1766
0.198
0.1671
0.1435
0.1323
0.0803
0.0333
0.0294
0.0651
0.1132
0.2245
0.3811
0.5617
0.6889
0.7168
0.7168
0.7187
0.7448
0.7913
0.8288
0.851
0.8676
0.8792
0.9068
0.9164
0.9076
0.9306
0.9211
0.9144
0.9072
0.9267
0.9119
0.8982
0.8716
0.8154
0.7709
0.8006
0.8375
0.887
0.905
0.9032
0.8647
0.7751
0.6806
0.6408
0.6148
0.6496
0.7329
0.7952
0.8059
0.7975
0.7816
0.7493
0.7394
0.7466
0.7581
0.7881
0.8162
0.8274
0.8382
0.8504
0.8565
0.8559
0.8322
0.7616
0.6669
0.5325
0.3341
0.1462
0.0182
0.0
0.0
0.0131
0.2256
0.4256
0.4692
0.4443
0.4045
0.3653
0.3726
0.3995
0.3848
0.3544
0.2945
0.2382
0.2051
0.1814
0.1552
0.1197
0.0939
0.0969
0.0917
0.0888
0.0866
0.0762
0.0695
0.0782
0.114
0.1543
0.201
0.2686
0.32
0.3141
0.32
0.3448
0.3872
0.3677
0.3653
0.3677
0.3762
0.3799
0.3532
0.3223
0.3164
0.3305
0.3258
0.3246
0.262
0.1951
0.1524
0.1297
0.1222
0.1366
0.1489
0.1534
0.1489
0.1524
0.1498
0.128
0.14
0.1238
0.0902
0.0708
0.0632
0.0614
0.0663
0.0689
0.0595
0.056
0.0722
0.1045
0.1323
0.1498
0.1506
0.1323
0.1045
0.0803
0.0577
0.046
0.0577
0.0695
0.0525
0.0315
0.0324
0.0236
0.0114
0.0032
0.0006
0.0006
0.0021
0.0002
0.0051
0.056
0.1314
0.2071
0.2686
0.2798
0.2911
0.3141
0.3592
0.4094
0.4542
0.5004
0.5714
0.7168
0.7975
0.8624
0.9028
0.9323
0.9476
0.952
0.952
0.9473
0.9285
0.9019
0.8653
0.8021
0.699
0.5761
0.478
0.3568
0.2544
0.1409
0.0298
0.0003
0.0
0.0
0.0002
0.0018
0.0047
0.0103
0.0243
0.0775
0.2142
0.3872
0.4755
0.4942
0.4879
0.4867
0.4443
0.3799
0.3305
0.3072
0.2809
0.2256
0.202
0.2122
0.2479
0.2742
0.2764
0.2922
0.3014
0.3223
0.3641
0.3983
0.3848
0.4008
0.4742
0.4967
0.4904
0.433
0.3235
0.2866
0.2308
0.1882
0.1785
0.1409
0.081
0.0329
0.0058
0.0001
0.0
0.0
0.0
0.0
0.0
0.0
0.0002
0.0001
0.0
0.0
0.0
0.0
0.0
0.0
0.0
0.0
0.0
0.0005
0.0101
0.0351
0.0817
0.1453
0.1662
0.157
0.1357
0.1331
0.14
0.1471
0.157
0.1506
0.103
0.0663
0.0689
0.0742
0.0866
0.1108
0.1392
0.1597
0.1506
0.1489
0.1524
0.1625
0.169
0.1853
0.2522
0.3738
0.5016
0.5986
0.5726
0.5569
0.458
0.3836
0.4119
0.4842
0.7572
0.8382
0.844
0.8704
0.8895
0.9005
0.8968
0.8972
0.8987
0.8802
0.8693
0.8676
0.8607
0.8408
0.8133
0.7998
0.7944
0.8006
0.8074
0.8066
0.8006
0.7717
0.732
0.7139
0.706
0.7178
0.7348
0.706
0.616
0.5226
0.4667
0.4418
0.4542
0.4542
0.473
0.4967
0.483
0.4592
0.4705
0.4194
0.3448
0.3223
0.3141
0.2709
0.2235
0.1862
0.1348
0.0722
0.0418
0.0333
0.047
0.0976
0.1795
0.2843
0.3872
0.4542
0.448
0.3412
0.1607
0.1255
0.2609
0.4082
0.3677
0.2832
0.2361
0.1785
0.1007
0.0403
0.017
0.0147
0.0225
0.0278
0.0239
0.0147
0.005
0.0032
0.005
0.0038
0.0014
0.0003
0.0
0.0
0.0
0.0
0.0
0.0009
0.0077
0.017
0.0254
0.0356
0.0566
0.1022
0.2071
0.3653
0.5078
0.633
0.7158
0.7624
0.8013
0.8021
0.8081
0.8088
0.7816
0.7282
0.7206
0.7607
0.7881
0.7776
0.7641
0.7692
0.7936
0.792
0.7616
0.7254
0.6463
0.5605
0.4542
0.3823
0.3095
0.2991
0.3294
0.29
0.2204
0.1534
0.1077
0.0817
0.0589
0.0218
0.0011
0.0
0.0
0.0
0.0
0.0
0.0
0.0001
0.0008
0.0037
0.0176
0.0329
0.0394
0.0454
0.0434
0.036
0.0286
0.0251
0.0243
0.0229
0.0225
0.0254
0.029
0.0337
0.0346
0.0286
0.0141
0.0061
0.0059
0.0074
0.0069
0.0051
0.0033
0.0017
0.0003
0.0
0.0
0.0
0.0
0.0
0.0
0.0
0.0001
0.0004
0.0007
0.0011
0.0013
0.0006
0.0
0.0
0.0
0.0003
0.0052
0.0144
0.0254
0.0365
0.0486
0.052
0.047
0.0394
0.0282
0.0225
0.0214
0.0239
0.0303
0.0403
0.056
0.0742
0.0838
0.0824
0.0796
0.0873
0.1148
0.1662
0.2298
0.2832
0.3294
0.3448
0.3153
0.2731
0.2277
0.2
0.1892
0.1785
0.1579
0.1427
0.1579
0.17
0.2051
0.2404
0.2468
0.2152
0.1824
0.1728
0.1804
0.1971
0.2204
0.2922
0.4256
0.6033
0.6827
0.6507
0.6217
0.5951
0.5702
0.5641
0.5263
0.4156
0.3897
0.3799
0.3665
0.358
0.375
0.3775
0.3317
0.2511
0.1728
0.1247
0.1038
0.0917
0.0817
0.0782
0.081
0.1148
0.1862
0.2522
0.2832
0.2922
0.2753
0.2544
0.2446
0.2446
0.2319
0.1951
0.1561
0.1189
0.0796
0.0583
0.0351
0.0173
0.0072
0.0038
0.0036
0.0052
0.0079
0.0139
0.0266
0.052
0.0881
0.1197
0.1515
0.1756
0.1756
0.1662
0.1795
0.2152
0.2742
0.2968
0.2832
0.2446
0.2446
0.2598
0.3118
0.2787
0.2225
0.1901
0.1543
0.1124
0.0775
0.052
0.0337
0.0274
0.0315
0.0324
0.0333
0.0324
0.0303
0.0262
0.0208
0.0158
0.0126
0.0095
0.0062
0.0029
0.0007
0.0003
0.0003
0.0003
0.0001
0.0
0.0
0.0001
0.0014
0.0062
0.0141
0.0229
0.032
0.0408
0.0537
0.0657
0.0695
0.0663
0.0676
0.067
0.0632
0.0571
0.0497
0.0439
0.0329
0.0229
0.0085
0.0048
0.0167
0.0374
0.0548
0.0632
0.0961
0.1709
0.2287
0.2468
0.2598
0.2698
0.2544
0.2245
0.1931
0.1671
0.1366
0.1124
0.1007
0.1038
0.1331
0.1272
0.0789
0.0537
0.0525
0.0728
0.0984
0.123
0.148
0.1804
0.2111
0.2245
0.2194
0.2287
0.2565
0.2653
0.2642
0.2446
0.2183
0.2111
0.2351
0.2753
0.2731
0.25
0.2081
0.148
0.1132
0.0782
0.0449
0.0239
0.0167
0.0198
0.0346
0.0626
0.1164
0.1814
0.2319
0.2404
0.234
0.2319
0.2061
0.2041
0.2132
0.1941
0.1435
0.0902
0.0492
0.0236
0.0092
0.0042
0.003
0.0033
0.0083
0.0218
0.0307
0.0394
0.0554
0.0755
0.0969
0.1077
0.103
0.1053
0.1272
0.1643
0.199
0.2533
0.3317
0.3436
0.3341
0.32
0.2957
0.2764
0.2479
0.2091
0.1901
0.1634
0.1462
0.1222
0.1061
0.1014
0.0976
0.0939
0.0946
0.0946
0.091
0.1045
0.1579
0.2256
0.2709
0.2731
0.2742
0.2544
0.25
0.29
0.306
0.3353
0.3629
0.3983
0.4082
0.4692
0.4817
0.4755
0.4954
0.5276
0.5641
0.6228
0.692
0.7329
0.7282
0.7245
0.7187
0.7021
0.6669
0.6496
0.6341
0.6044
0.5951
0.5998
0.5869
0.5785
0.5845
0.5974
0.6171
0.6573
0.654
0.6308
0.6171
0.6137
0.6194
0.6408
0.6616
0.6701
0.6562
0.6285
0.6033
0.5809
0.5471
0.5078
0.4592
0.4132
0.3959
0.375
0.3556
0.3424
0.3532
0.3305
0.306
0.2957
0.2776
0.2522
0.2298
0.2071
0.1814
0.1579
0.1383
0.1069
0.0702
0.0444
0.0398
0.0398
0.0486
0.0695
0.0873
0.0917
0.0852
0.0768
0.0683
0.0728
0.1148
0.2051
0.3412
0.4667
0.5152
0.5152
0.5276
0.5423
0.5653
0.6102
0.692
0.7607
0.7528
0.6743
0.5738
0.5508
0.5785
0.6594
0.7187
0.706
0.6507
0.5951
0.5544
0.5459
0.5435
0.5128
0.4805
0.4181
0.3223
0.2522
0.2132
0.1882
0.17
0.1653
0.1709
0.1795
0.1843
0.2
0.2235
0.2446
0.2587
0.2686
0.2598
0.2446
0.2319
0.2235
0.199
0.1643
0.1383
0.1205
0.0895
0.0976
0.1108
0.123
0.134
0.1255
0.1164
0.1173
0.1366
0.1348
0.1084
0.0831
0.0715
0.0831
0.1164
0.1625
0.201
0.2194
0.2686
0.3484
0.4306
0.4842
0.5386
0.5892
0.5998
0.5617
0.5078
0.4318
0.3616
0.3258
0.3118
0.3329
0.3995
0.4343
0.433
0.4605
0.5202
0.5557
0.5738
0.601
0.6485
0.7001
0.7484
0.7776
0.7734
0.7667
0.7329
0.6909
0.6206
0.4642
0.468
0.4904
0.5041
0.5263
0.552
0.5773
0.5833
0.5773
0.5605
0.4855
0.3897
0.3376
0.2653
0.262
0.2877
0.2957
0.2968
0.3153
0.3072
0.2991
0.262
0.2404
0.2214
0.2266
0.1951
0.1409
0.1156
0.1222
0.1471
0.1588
0.17
0.1718
0.17
0.198
0.2609
0.3412
0.3532
0.3424
0.2968
0.2522
0.2351
0.2686
0.3141
0.3677
0.4368
0.468
0.5078
0.5677
0.5928
0.6319
0.6496
0.6285
0.6056
0.5749
0.5361
0.4705
0.3934
0.3164
0.29
0.2968
0.2798
0.2798
0.2698
0.2587
0.2266
0.2132
0.201
0.1833
0.1534
0.1205
0.0924
0.0715
0.0503
0.0315
0.017
0.0074
0.0026
0.0006
0.0
0.0
0.0
0.0
0.0
0.0
0.0
0.0007
0.0147
0.0423
0.0702
0.1077
0.1255
0.1331
0.1444
0.148
0.1462
0.1506
0.1872
0.2266
0.2776
0.327
0.3472
0.358
0.3677
0.3714
0.3641
0.3885
0.4119
0.4243
0.4293
0.4169
0.3211
0.2843
0.2877
0.2809
0.282
0.2753
0.262
0.2351
0.1643
0.1534
0.1164
0.0762
0.0583
0.0497
0.0476
0.0439
0.0676
0.128
0.1747
0.2101
0.2446
0.2468
0.2152
0.2142
0.2298
0.2173
0.1931
0.203
0.1853
0.1824
0.1579
0.128
0.1272
0.1297
0.1515
0.1853
0.2194
0.2664
0.3282
0.34
0.3188
0.2991
0.3048
0.3014
0.25
0.1756
0.1882
0.3072
0.4418
0.4917
0.4792
0.4929
0.4368
0.3118
0.2214
0.1951
0.17
0.1579
0.1579
0.1911
0.2061
0.1882
0.1747
0.1747
0.1653
0.1222
0.0775
0.0486
0.0214
0.0091
0.0058
0.0048
0.0041
0.0058
0.017
0.067
0.1156
0.1306
0.1238
0.1108
0.1272
0.1607
0.1534
0.1444
0.1515
0.1634
0.1681
0.1643
0.1588
0.1552
0.1921
0.2587
0.3448
0.3897
0.3353
0.2888
0.2446
0.2091
0.1911
0.1892
0.1843
0.1951
0.2051
0.2
0.1862
0.1921
0.2173
0.2457
0.2511
0.2587
0.2764
0.2979
0.327
0.327
0.3153
0.3799
0.4268
0.4306
0.4717
0.541
0.4892
0.4306
0.386
0.3677
0.3388
0.2911
0.272
0.2642
0.2877
0.3176
0.3329
0.3329
0.3544
0.3811
0.4008
0.4231
0.4343
0.433
0.4194
0.4293
0.4493
0.4293
0.4033
0.3799
0.3424
0.306
0.2832
0.2776
0.2764
0.272
0.2414
0.1775
0.1552
0.1435
0.1357
0.1374
0.1462
0.1588
0.1766
0.201
0.2329
0.2533
0.2457
0.2173
0.1951
0.2277
0.2446
0.2653
0.2653
0.2522
0.2468
0.25
0.2351
0.199
0.1795
0.1498
0.1077
0.0775
0.0601
0.0503
0.0408
0.0333
0.0278
0.0236
0.0198
0.0155
0.0069
0.0004
0.0
0.0
0.0
0.0
0.0001
0.0067
0.0164
0.0208
0.0185
0.0239
0.0274
0.0254
0.0251
0.0307
0.0311
0.0251
0.0182
0.0099
0.0041
0.0014
0.0001
0.0
0.0
0.0
0.0
0.0
0.0
0.0
0.0
0.0
0.0
0.0
0.0
0.0
0.0
0.0
0.0
0.0
0.0
0.0
0.0
0.0
0.0
0.0
0.0
0.0038
0.0179
0.0243
0.0351
0.0632
0.0852
0.0852
0.0924
0.0895
0.0715
0.062
0.0537
0.0486
0.0566
0.0715
0.1124
0.198
0.2686
0.3037
0.3317
0.3811
0.443
0.5189
0.5797
0.6079
0.6033
0.5809
0.5557
0.53
0.5053
0.4268
0.352
0.2576
0.1625
0.081
0.0324
0.0126
0.0058
0.0048
0.0141
0.0465
0.0895
0.1297
0.1616
0.1785
0.1775
0.1634
0.1489
0.14
0.1214
0.1007
0.0932
0.0984
0.1263
0.1561
0.1205
0.0508
0.046
0.0566
0.0128
0.0041
0.0239
0.062
0.1453
0.2979
0.4181
0.478
0.448
0.4343
0.4045
0.3836
0.34
0.2787
0.2287
0.2041
0.2479
0.2866
0.2731
0.2468
0.2457
0.2277
0.2245
0.2522
0.2555
0.2361
0.201
0.1625
0.1534
0.1348
0.1814
0.3095
0.4268
0.478
0.4767
0.5066
0.5532
0.5797
0.5797
0.5928
0.6102
0.6033
0.5361
0.4194
0.4792
0.4967
0.6274
0.6308
0.5998
0.5702
0.5605
0.5029
0.3983
0.3365
0.3188
0.3305
0.3436
0.3677
0.375
0.3641
0.3448
0.3235
0.2832
0.2425
0.2173
0.1931
0.1795
0.1597
0.1289
0.0969
0.0614
0.0333
0.0149
0.0089
0.0064
0.0034
0.0032
0.0019
0.0014
0.0011
0.0022
0.0099
0.0303
0.0571
0.0796
0.0866
0.0881
0.103
0.1515
0.2245
0.2911
0.2843
0.2511
0.2101
0.2111
0.2173
0.1971
0.1766
0.1607
0.14
0.1331
0.1045
0.0577
0.0198
0.0034
0.0001
0.0
0.0
0.0
0.0
0.0
0.0001
0.0021
0.0067
0.0101
0.0062
0.0005
0.0
0.0
0.0
0.0031
0.0158
0.0329
0.0384
0.0379
0.0365
0.036
0.0374
0.0394
0.0465
0.0554
0.0683
0.0888
0.1148
0.157
0.2142
0.2809
0.3412
0.3496
0.3412
0.3305
0.3305
0.313
0.2957
0.2642
0.2361
0.1931
0.1616
0.1498
0.14
0.1383
0.1453
0.1561
0.17
0.1833
0.1951
0.1843
0.1607
0.1357
0.11
0.0866
0.0755
0.0683
0.0577
0.047
0.0346
0.0286
0.0218
0.0198
0.0221
0.0282
0.027
0.0214
0.0128
0.0048
0.0012
0.0002
0.0001
0.0001
0.0001
0.0003
0.0009
0.0017
0.002
0.0014
0.0009
0.0003
0.0001
0.0001
0.0003
0.0013
0.0037
0.0072
0.011
0.0141
0.0139
0.0114
0.0095
0.0085
0.0081
0.005
0.0021
0.0003
0.0
0.0
0.0
0.0024
0.0185
0.0531
0.0895
0.0999
0.0917
0.0917
0.0924
0.0895
0.0838
0.0695
0.0444
0.0218
0.0062
0.0012
0.0001
0.0
0.0
0.0
0.0
0.0
0.0
0.0
0.0
0.0
0.0
0.0002
0.0005
0.0003
0.0
0.0
0.0
0.0
0.0
0.0002
0.001
0.002
0.0017
0.0022
0.0058
0.0121
0.0185
0.0232
0.0262
0.029
0.0379
0.0531
0.0775
0.1007
0.1045
0.0881
0.0683
0.0554
0.0601
0.0845
0.1331
0.1951
0.234
0.234
0.2081
0.17
0.14
0.1498
0.1766
0.199
0.2142
0.2245
0.2235
0.2081
0.1892
0.17
0.1616
0.1597
0.14
0.1331
0.134
0.148
0.201
0.2764
0.3341
0.3365
0.3294
0.3014
0.2664
0.2111
0.1681
0.1643
0.1766
0.2071
0.2468
0.2709
0.2787
0.2764
0.2709
0.2587
0.2425
0.2235
0.2111
0.25
0.3305
0.402
0.4206
0.3983
0.3701
0.3305
0.2957
0.262
0.234
0.1951
0.1607
0.1662
0.198
0.2382
0.2911
0.3365
0.3665
0.3823
0.3922
0.3983
0.3983
0.3677
0.3095
0.2843
0.3037
0.3412
0.3677
0.3738
0.3665
0.3556
0.3484
0.3106
0.282
0.2565
0.2393
0.2266
0.2204
0.2163
0.2298
0.2446
0.2436
0.2329
0.2142
0.198
0.1775
0.1515
0.1116
0.0748
0.0542
0.0374
0.0251
0.0188
0.0179
0.0194
0.0191
0.0155
0.0095
0.0043
0.0008
0.0001
0.0
0.0
0.0
0.0
0.0
0.0
0.0
0.0
0.0
0.0002
0.0014
0.0024
0.0029
0.0029
0.0019
0.001
0.0007
0.0014
0.0037
0.0067
0.0112
0.0147
0.0095
0.0028
0.0002
0.0
0.0
0.0
0.0
0.0
0.0
0.0
0.0
0.0
0.0
0.0
0.0
0.0
0.0
0.0
0.0
0.0
0.0
0.0
0.0
0.0
0.0
0.0
0.0
0.0
0.0003
0.0021
0.004
0.0039
0.0022
0.0006
0.0
0.0
0.0
0.0
0.0
0.0
0.0
0.0
0.0
0.0002
0.0039
0.0124
0.0236
0.0315
0.0218
0.0152
0.0119
0.0105
0.0112
0.0107
0.0087
0.0043
0.001
0.0001
0.0
0.0
0.0
0.0
0.0
0.0
0.0
0.0
0.0
0.0002
0.0007
0.0008
0.0008
0.0013
0.0016
0.0013
0.0004
0.0
0.0
0.0004
0.0014
0.0028
0.0047
0.0043
0.0043
0.0057
0.0107
0.0131
0.0239
0.0311
0.0282
0.0188
0.0074
0.002
0.0005
0.0001
0.0001
0.0
0.0
0.0
0.0
0.0
0.0
0.0
0.0
0.0
0.0
0.0
0.0
0.0
0.0
0.0
0.0
0.0
0.0
0.0
0.0
0.0
0.0
0.0
0.0
0.0
0.0
0.0
0.0
0.0
0.0012
0.0036
0.0062
0.0062
0.0048
0.0028
0.0015
0.0012
0.0009
0.0018
0.0041
0.0066
0.0077
0.0089
0.0095
0.007
0.0015
0.0
0.0
0.0
0.0
0.0
0.0
0.0
0.0
0.0011
0.0033
0.0034
0.0019
0.0009
0.0004
0.0002
0.0
0.0
0.0
0.0
0.0001
0.0008
0.0021
0.0034
0.0046
0.0046
0.0033
0.0012
0.0
0.0
0.0003
0.0031
0.0136
0.037
0.0689
0.0984
0.1222
0.1498
0.1804
0.201
0.2425
0.2436
0.2142
0.1843
0.1561
0.1272
0.11
0.1007
0.1148
0.1383
0.1164
0.0614
0.0107
0.0004
0.0047
0.0119
0.0201
0.0439
0.0782
0.0838
0.0651
0.0444
0.0379
0.0282
0.0173
0.0356
0.0831
0.1366
0.1597
0.1616
0.1498
0.1124
0.0601
0.0201
0.0038
0.0001
0.0001
0.0031
0.017
0.0351
0.0449
0.047
0.0449
0.0307
0.0173
0.0101
0.0059
0.0036
0.0026
0.0089
0.0303
0.0626
0.0735
0.0845
0.0702
0.0503
0.0403
0.036
0.0356
0.0434
0.0566
0.0651
0.0595
0.0379
0.0225
0.0136
0.0091
0.0066
0.0047
0.004
0.0052
0.0097
0.0147
0.0211
0.0329
0.0423
0.0566
0.0782
0.1069
0.1383
0.1579
0.1625
0.1543
0.128
0.1014
0.0999
0.0932
0.0702
0.0434
0.0218
0.0081
0.002
0.0003
0.0001
0.0001
0.0001
0.0003
0.001
0.0034
0.0092
0.0258
0.0589
0.0969
0.1272
0.1314
0.1222
0.1124
0.1014
0.1116
0.1418
0.1833
0.2173
0.2382
0.2468
0.25
0.2555
0.2631
0.2686
0.2798
0.2888
0.2753
0.2843
0.3083
0.3095
0.327
0.3544
0.3872
0.3811
0.358
0.3677
0.4094
0.4045
0.4008
0.3946
0.3738
0.3188
0.2598
0.199
0.1498
0.1263
0.1255
0.1272
0.1272
0.1348
0.1515
0.1634
0.1882
0.1882
0.2051
0.2132
0.2071
0.1814
0.157
0.1427
0.1357
0.1214
0.1156
0.0939
0.0689
0.0497
0.0329
0.0179
0.0089
0.0039
0.0029
0.0037
0.003
0.0039
0.0076
0.0155
0.0251
0.0315
0.027
0.0214
0.0173
0.0198
0.037
0.0689
0.1077
0.1607
0.1971
0.2511
0.3153
0.358
0.3897
0.4842
0.5963
0.6616
0.7001
0.7484
0.7873
0.7825
0.7457
0.694
0.6183
0.5423
0.4879
0.3726
0.3714
0.34
0.2742
0.2101
0.1824
0.1579
0.1671
0.1892
0.1853
0.1921
0.1971
0.198
0.1681
0.1374
0.1069
0.0999
0.0976
0.0969
0.0888
0.0817
0.0845
0.0748
0.0525
0.037
0.0258
0.0173
0.0179
0.0379
0.0514
0.0465
0.0413
0.0789
0.1092
0.1418
0.198
0.2698
0.3484
0.407
0.4218
0.3971
0.407
0.3885
0.3823
0.3885
0.3836
0.386
0.3726
0.34
0.3002
0.262
0.2245
0.1862
0.1471
0.1061
0.0722
0.0702
0.0775
0.0932
0.1214
0.1634
0.2051
0.2446
0.2877
0.3106
0.3014
0.262
0.2173
0.2
0.198
0.1766
0.1255
0.0789
0.046
0.0251
0.0134
0.0062
0.0031
0.0025
0.0006
0.0
0.0001
0.0067
0.0333
0.0742
0.1156
0.1951
0.3141
0.3726
0.358
0.313
0.25
0.2287
0.2081
0.202
0.2
0.1853
0.1543
0.1366
0.1348
0.1374
0.1409
0.1289
0.1124
0.11
0.1116
0.1092
0.0939
0.0735
0.0571
0.036
0.0266
0.0311
0.0566
0.1116
0.1579
0.1709
0.1921
0.2111
0.234
0.25
0.2576
0.2653
0.25
0.2372
0.2256
0.1804
0.1392
0.14
0.1671
0.1971
0.202
0.1872
0.1737
0.1662
0.1607
0.1662
0.1747
0.17
0.1671
0.1718
0.1747
0.1718
0.1662
0.1418
0.1148
0.0881
0.0651
0.046
0.0307
0.0155
0.0121
0.0141
0.0194
0.0324
0.047
0.0571
0.0626
0.0695
0.091
0.1323
0.2
0.2522
0.2945
0.3616
0.3532
0.3095
0.2843
0.2533
0.2468
0.2163
0.2173
0.2361
0.2204
0.2204
0.2061
0.2091
0.2194
0.1941
0.1579
0.1471
0.1643
0.199
0.2319
0.2479
0.2277
0.1971
0.1524
0.0859
0.0548
0.0554
0.0614
0.0481
0.0266
0.0103
0.005
0.0039
0.0047
0.0007
0.0025
0.0236
0.0881
0.1348
0.1833
0.1588
0.0768
0.0072
0.0
0.0
0.0022
0.0211
0.0689
0.1588
0.2414
0.2522
0.1961
0.1543
0.1453
0.1901
0.2183
0.2436
0.3496
0.4443
0.4281
0.4169
0.3738
0.4107
0.5016
0.5544
0.5374
0.468
0.3811
0.3083
0.2479
0.2142
0.1872
0.2
0.1941
0.1489
0.1132
0.103
0.0939
0.0775
0.0577
0.0403
0.0254
0.0173
0.0198
0.0337
0.0454
0.0589
0.1116
0.1971
0.2742
0.3568
0.4144
0.4268
0.4082
0.358
0.3472
0.3629
0.4755
0.4904
0.4045
0.2911
0.2142
0.1882
0.1833
0.1747
0.1607
0.134
0.1189
0.17
0.2446
0.3141
0.3726
0.4243
0.5004
0.5569
0.5809
0.5629
0.5288
0.4979
0.4405
0.4008
0.4119
0.3909
0.3701
0.3823
0.3641
0.3508
0.3616
0.4281
0.3836
0.3616
0.3677
0.3836
0.3946
0.3897
0.3897
0.402
0.3885
0.3592
0.3329
0.2957
0.2329
0.1681
0.11
0.0838
0.0789
0.0881
0.0917
0.0895
0.0762
0.0632
0.0476
0.0351
0.0232
0.0114
0.0032
0.0017
0.0011
0.0012
0.0019
0.0034
0.0064
0.0114
0.0204
0.0324
0.0449
0.0531
0.0595
0.0742
0.0954
0.1132
0.1197
0.1197
0.1148
0.1173
0.1331
0.1323
0.1263
0.1148
0.1116
0.1409
0.203
0.3014
0.4256
0.552
0.624
0.654
0.6659
0.6352
0.5226
0.4206
0.3376
0.2888
0.2753
0.3592
0.5484
0.5251
0.4505
0.4094
0.3872
0.3211
0.2511
0.1951
0.1625
0.1392
0.0984
0.0683
0.0492
0.0346
0.0247
0.0194
0.017
0.0147
0.0134
0.0112
0.0062
0.0037
0.0031
0.0034
0.0029
0.0028
0.0022
0.0019
0.0016
0.0017
0.0021
0.0051
0.0112
0.0262
0.0748
0.1383
0.1911
0.2576
0.3424
0.3848
0.3934
0.438
0.4542
0.4455
0.4742
0.4867
0.4705
0.4742
0.4929
0.5629
0.473
0.4281
0.3836
0.2968
0.203
0.1255
0.0554
0.0211
0.0247
0.0413
0.0695
0.123
0.1971
0.272
0.3353
0.4057
0.4343
0.4318
0.4144
0.4169
0.4418
0.4306
0.4306
0.407
0.3983
0.3775
0.3592
0.3388
0.3211
0.3305
0.3959
0.4181
0.4218
0.4045
0.3701
0.3258
0.2753
0.2351
0.2071
0.1892
0.1911
0.2101
0.282
0.3544
0.3823
0.438
0.4642
0.443
0.5115
0.4805
0.5053
0.448
0.3095
0.2576
0.203
0.3665
0.6033
0.6909
0.692
0.7502
0.7849
0.7439
0.7717
0.78
0.7484
0.705
0.6605
0.6408
0.6341
0.6441
0.541
0.4655
0.4218
0.3983
0.3726
0.3762
0.402
0.4293
0.4605
0.5115
0.5785
0.616
0.6796
0.731
0.7784
0.814
0.8274
0.8211
0.8013
0.7905
0.7865
0.7563
0.694
0.6733
0.5998
0.5569
0.53
0.4855
0.4443
0.4318
0.4169
0.3983
0.3689
0.4156
0.3995
0.3641
0.3106
0.2576
0.2152
0.1951
0.1795
0.1597
0.1515
0.1543
0.1653
0.1951
0.2061
0.2163
0.2245
0.2152
0.2071
0.2041
0.203
0.1882
0.1561
0.1148
0.0782
0.0566
0.0379
0.0258
0.0139
0.0047
0.0008
0.0
0.0
0.0
0.0
0.0014
0.007
0.0251
0.0695
0.1506
0.2132
0.2468
0.2393
0.2404
0.2372
0.25
0.2245
0.2081
0.1882
0.1681
0.1366
0.1124
0.0999
0.1014
0.1061
0.1053
0.1045
0.1205
0.1453
0.1607
0.1671
0.199
0.2404
0.2642
0.2555
0.2329
0.2298
0.2287
0.2111
0.199
0.17
0.1214
0.0924
0.0803
0.0508
0.0254
0.0027
0.0
0.0
0.0
0.0001
0.0026
0.0221
0.0873
0.1634
0.2287
0.2934
0.2957
0.2319
0.1795
0.1882
0.2277
0.3014
0.3616
0.4057
0.4094
0.3995
0.3629
0.3641
0.4033
0.4405
0.4692
0.4892
0.5041
0.5251
0.541
0.5471
0.5325
0.514
0.4867
0.4567
0.4567
0.4281
0.3775
0.3653
0.3188
0.2664
0.199
0.1435
0.0881
0.037
0.0085
0.0029
0.0059
0.0198
0.0476
0.081
0.1132
0.148
0.1653
0.1524
0.1272
0.1007
0.0946
0.1132
0.1173
0.1038
0.0789
0.0583
0.0537
0.0695
0.0657
0.0449
0.0121
0.0028
0.0027
0.0046
0.0085
0.0164
0.0294
0.046
0.0651
0.081
0.0946
0.0992
0.0824
0.0601
0.0503
0.0418
0.0333
0.0239
0.017
0.0119
0.0091
0.0059
0.0023
0.0
0.0
0.0
0.0
0.0052
0.0329
0.0626
0.0866
0.0976
0.1053
0.1092
0.091
0.062
0.0389
0.0204
0.0107
0.0051
0.003
0.0018
0.0009
0.0008
0.0018
0.0066
0.0185
0.0315
0.0418
0.036
0.0236
0.0278
0.0403
0.0583
0.0782
0.1045
0.1148
0.0969
0.0817
0.0796
0.0748
0.081
0.1132
0.1222
0.046
0.0337
0.1124
0.0663
0.0204
0.052
0.0577
0.0333
0.0105
0.005
0.0006
0.001
0.0119
0.0333
0.0762
0.1331
0.1951
0.2457
0.2631
0.2798
0.2742
0.2256
0.1489
0.0888
0.0413
0.0384
0.067
0.1116
0.1435
0.1616
0.1616
0.1552
0.1453
0.1331
0.1653
0.2091
0.2414
0.2731
0.3118
0.3472
0.3701
0.3836
0.386
0.3556
0.3048
0.2511
0.2091
0.2298
0.2598
0.2598
0.2598
0.2446
0.2173
0.2051
0.1862
0.1418
0.0728
0.0218
0.0042
0.0017
0.0008
0.0003
0.0002
0.0002
0.0002
0.0002
0.0
0.0
0.0
0.0
0.0
0.0
0.0
0.0
0.0
0.0
0.0
0.0
0.0
0.0
0.0016
0.0095
0.027
0.0577
0.0789
0.0895
0.1077
0.1357
0.1616
0.1662
0.1543
0.14
0.1148
0.0735
0.0282
0.0092
0.007
0.0089
0.0092
0.0089
0.0061
0.0011
0.0
0.0
0.0
0.0
0.0015
0.0176
0.0525
0.114
0.1737
0.2101
0.2329
0.3176
0.4256
0.4194
0.4045
0.3472
0.3141
0.2414
0.2122
0.2081
0.203
0.1911
0.1709
0.1506
0.1374
0.1181
0.0954
0.0683
0.0454
0.0398
0.0266
0.0185
0.0191
0.0236
0.0298
0.0439
0.0742
0.1022
0.1164
0.114
0.1092
0.1084
0.11
0.1038
0.0984
0.091
0.0817
0.0644
0.046
0.036
0.0329
0.0294
0.0329
0.062
0.0895
0.1148
0.1409
0.1804
0.2319
0.2764
0.3141
0.352
0.407
0.4355
0.4343
0.4231
0.3811
0.3164
0.2489
0.2071
0.1795
0.1607
0.1453
0.1331
0.1053
0.0796
0.0748
0.0695
0.0481
0.0274
0.0114
0.0021
0.0
0.0
0.0
0.0
0.0
0.0
0.0043
0.0258
0.052
0.0702
0.0838
0.0873
0.0917
0.1205
0.1662
0.2071
0.2576
0.3072
0.3508
0.3496
0.3317
0.3294
0.3329
0.3365
0.3294
0.2991
0.2533
0.1961
0.1552
0.134
0.1471
0.1775
0.198
0.198
0.1862
0.1728
0.1331
0.1124
0.0902
0.0607
0.0434
0.0315
0.0394
0.0577
0.081
0.0954
0.0888
0.0683
0.0481
0.0303
0.0185
0.0107
0.0045
0.0009
0.0001
0.0
0.0005
0.0051
0.0211
0.052
0.081
0.0999
0.0954
0.0845
0.0638
0.0342
0.0176
0.0069
0.0032
0.002
0.0014
0.0016
0.0022
0.0026
0.0036
0.0067
0.0107
0.0188
0.0398
0.0762
0.1108
0.1272
0.1314
0.1255
0.1156
0.1164
0.1084
0.0881
0.0644
0.0286
0.0191
0.0182
0.0158
0.0149
0.0225
0.0408
0.0644
0.0782
0.0742
0.0657
0.0508
0.0374
0.0403
0.0418
0.0346
0.0266
0.0152
0.0055
0.0009
0.0
0.0
0.0
0.0013
0.0105
0.029
0.056
0.1007
0.17
0.2544
0.3424
0.4306
0.5374
0.5471
0.4692
0.2957
0.1418
0.0735
0.0525
0.0311
0.0218
0.0286
0.0481
0.0689
0.0789
0.0663
0.052
0.0548
0.0571
0.0542
0.0689
0.0954
0.1435
0.1921
0.2214
0.2489
0.2489
0.2382
0.272
0.2866
0.3188
0.3775
0.4281
0.4517
0.4517
0.4468
0.3934
0.3848
0.3726
0.3959
0.438
0.4817
0.5177
0.6352
0.7149
0.7717
0.8066
0.8154
0.8051
0.8088
0.8059
0.7816
0.7607
0.7394
0.7119
0.7168
0.694
0.654
0.5916
0.5435
0.4979
0.4667
0.4592
0.4119
0.3823
0.3412
0.3164
0.313
0.32
0.2866
0.25
0.2173
0.1775
0.1506
0.1462
0.1374
0.1247
0.0999
0.0663
0.0601
0.0676
0.0722
0.0748
0.0657
0.0439
0.0251
0.0141
0.0033
0.0001
0.0
0.0
0.0
0.0
0.0
0.0014
0.0064
0.0147
0.0221
0.0384
0.0566
0.0708
0.0702
0.0601
0.0537
0.0514
0.036
0.017
0.0067
0.0052
0.0083
0.0164
0.0374
0.0492
0.0508
0.0303
0.0131
0.0141
0.0247
0.0775
0.1921
0.327
0.438
0.5177
0.5939
0.6485
0.711
0.7168
0.6691
0.6529
0.6296
0.6125
0.6148
0.5761
0.5928
0.5337
0.4231
0.3775
0.3689
0.3653
0.3909
0.473
0.5398
0.5484
0.5581
0.5785
0.6033
0.6485
0.7031
0.7784
0.8088
0.8254
0.8006
0.7384
0.7001
0.6251
0.5288
0.4667
0.4468
0.4268
0.3922
0.3294
0.3153
0.3176
0.306
0.2709
0.2152
0.1643
0.1383
0.1331
0.1471
0.1747
0.2091
0.2425
0.2598
0.2798
0.3025
0.3223
0.3106
0.3025
0.2854
0.2576
0.2436
0.2404
0.2277
0.2183
0.2041
0.1872
0.1814
0.199
0.2173
0.2111
0.1941
0.1862
0.1921
0.2183
0.2446
0.2653
0.2798
0.2843
0.2787
0.2511
0.234
0.2425
0.2235
0.2061
0.201
0.1911
0.1625
0.1357
0.123
0.0999
0.0845
0.1007
0.0939
0.1022
0.0984
0.0992
0.1092
0.1366
0.17
0.1804
0.1921
0.1634
0.1348
0.1607
0.2051
0.2457
0.2798
0.3448
0.3823
0.4107
0.3959
0.3836
0.3714
0.3496
0.3592
0.3811
0.4156
0.4505
0.448
0.4218
0.4094
0.4144
0.407
0.402
0.3799
0.3436
0.32
0.2731
0.2245
0.2132
0.2091
0.2101
0.2101
0.2111
0.2061
0.2382
0.2457
0.2425
0.2832
0.3448
0.4057
0.4418
0.4855
0.5374
0.5928
0.6206
0.6148
0.6091
0.5702
0.5581
0.5435
0.5103
0.453
0.4293
0.3909
0.3508
0.2911
0.2194
0.1921
0.1843
0.1681
0.134
0.1164
0.0917
0.0676
0.046
0.0282
0.0225
0.0225
0.0236
0.0278
0.0278
0.0274
0.029
0.0374
0.0514
0.0708
0.0946
0.1061
0.1108
0.0902
0.0614
0.0444
0.032
0.0201
0.0061
0.0003
0.0
0.0
0.0
0.0
0.0
0.0
0.0
0.0
0.0001
0.0004
0.0004
0.0004
0.0001
0.0
0.0
0.0
0.0002
0.0006
0.0007
0.0007
0.0018
0.0066
0.0121
0.0198
0.0384
0.0651
0.091
0.11
0.1238
0.1289
0.1189
0.0954
0.0657
0.0324
0.0173
0.0274
0.0439
0.0537
0.0577
0.0514
0.0476
0.056
0.0768
0.0969
0.1222
0.1662
0.1941
0.1921
0.2277
0.2245
0.2277
0.2393
0.2533
0.2414
0.2277
0.2194
0.202
0.1814
0.198
0.2404
0.2731
0.2911
0.2957
0.2854
0.2587
0.2287
0.2152
0.2122
0.2194
0.2319
0.2163
0.1941
0.2041
0.2132
0.2041
0.1901
0.1579
0.1124
0.056
0.0155
0.0011
0.0002
0.0008
0.0009
0.0016
0.0031
0.0055
0.0087
0.0119
0.0262
0.0702
0.1084
0.0881
0.0571
0.0342
0.0136
0.0027
0.0004
0.0003
0.0
0.0
0.0
0.0001
0.003
0.0149
0.0221
0.0251
0.037
0.0554
0.0895
0.1306
0.2
0.2245
0.199
0.2183
0.3246
0.4567
0.6319
0.7384
0.7684
0.7841
0.7616
0.6452
0.5374
0.5398
0.6251
0.731
0.7816
0.7913
0.7857
0.7857
0.7709
0.7641
0.7751
0.7816
0.7767
0.7792
0.7849
0.8044
0.8349
0.8491
0.8528
0.8466
0.851
0.8659
0.877
0.8823
0.8781
0.8636
0.8226
0.7936
0.7692
0.7537
0.7493
0.7808
0.7881
0.78
0.7667
0.7502
0.7384
0.7021
0.6754
0.6648
0.6408
0.6262
0.552
0.4393
0.3811
0.3365
0.2957
0.2555
0.2576
0.2787
0.32
0.3629
0.3897
0.4268
0.5398
0.5325
0.5939
0.5761
0.6079
0.6171
0.5986
0.6397
0.6616
0.7178
0.698
0.6764
0.6148
0.4792
0.3353
0.2888
0.2533
0.1804
0.1214
0.0796
0.0508
0.032
0.0185
0.0144
0.0204
0.0408
0.067
0.0992
0.0881
0.0728
0.0873
0.1092
0.1306
0.1814
0.2194
0.2372
0.2675
0.3083
0.306
0.3258
0.3246
0.2522
0.1747
0.0969
0.0413
0.0121
0.0019
0.0
0.0
0.0
0.0004
0.0045
0.0147
0.0329
0.052
0.0657
0.0735
0.0689
0.0566
0.0408
0.0243
0.0112
0.0039
0.0007
0.0
0.0
0.0
0.0
0.0
0.0
0.0
0.0
0.0
0.0
0.0
0.0
0.0
0.0001
0.0004
0.0
0.0011
0.0095
0.0079
0.0047
0.0036
0.0055
0.0062
0.0041
0.0027
0.0001
0.0
0.0
0.0
0.0
0.0008
0.0042
0.0087
0.0384
0.1164
0.1872
0.2361
0.2372
0.2308
0.2152
0.1882
0.1524
0.1173
0.0924
0.0954
0.1077
0.1108
0.1747
0.2256
0.2183
0.2308
0.2404
0.2565
0.2544
0.234
0.2051
0.1498
0.1205
0.11
0.0969
0.0824
0.0554
0.0247
0.0083
0.0027
0.0002
0.0002
0.0013
0.0034
0.007
0.011
0.0134
0.0198
0.0262
0.0286
0.027
0.0225
0.0191
0.0247
0.0571
0.0946
0.1263
0.1616
0.1766
0.17
0.1348
0.0722
0.0262
0.017
0.0258
0.056
0.0873
0.1214
0.1498
0.1882
0.2308
0.2351
0.2122
0.1737
0.1306
0.0969
0.081
0.0748
0.062
0.0374
0.029
0.0307
0.0324
0.0379
0.047
0.0428
0.0303
0.0164
0.0057
0.0004
0.0
0.0
0.0
0.0
0.0
0.0026
0.0164
0.0413
0.0742
0.0992
0.1255
0.1409
0.1331
0.1348
0.1515
0.1579
0.1515
0.1247
0.1038
0.0961
0.0902
0.0796
0.0708
0.0702
0.0817
0.0984
0.1084
0.0999
0.1418
0.203
0.2798
0.3604
0.4156
0.4368
0.4443
0.4306
0.402
0.3544
0.3141
0.3164
0.3246
0.3508
0.3787
0.3946
0.4082
0.4169
0.3922
0.3811
0.2776
0.2111
0.1409
0.1077
0.1489
0.2
0.199
0.157
0.1314
0.1156
0.1124
0.0932
0.1084
0.1348
0.1297
0.0969
0.0895
0.0932
0.0768
0.0657
0.0537
0.0413
0.0303
0.0266
0.029
0.0408
0.0657
0.0831
0.0748
0.0954
0.1014
0.1462
0.272
0.4181
0.5312
0.6044
0.6194
0.6441
0.6485
0.6352
0.5435
0.4243
0.4343
0.375
0.2698
0.1951
0.1506
0.128
0.1164
0.1197
0.1116
0.0984
0.0939
0.0984
0.1272
0.1515
0.169
0.1737
0.1961
0.199
0.1961
0.2183
0.272
0.2922
0.2809
0.2361
0.2091
0.2152
0.2091
0.1804
0.1588
0.1737
0.1588
0.2
0.2854
0.29
0.3556
0.4805
0.5726
0.5928
0.5484
0.4867
0.5251
0.5833
0.5749
0.5749
0.6044
0.5761
0.5177
0.5337
0.5374
0.5726
0.5963
0.5939
0.5726
0.5544
0.5581
0.468
0.3365
0.2214
0.1409
0.1116
0.0542
0.0218
0.0167
0.0161
0.0232
0.0324
0.0398
0.0626
0.1084
0.148
0.2071
0.2911
0.402
0.5066
0.6068
0.5869
0.4792
0.3412
0.2922
0.3095
0.2877
0.2225
0.1785
0.2081
0.2468
0.2425
0.2372
0.25
0.2809
0.2922
0.3106
0.3689
0.4156
0.4033
0.3787
0.3568
0.3677
0.3775
0.375
0.3532
0.3496
0.3922
0.407
0.3885
0.3909
0.3641
0.3762
0.3677
0.3726
0.3424
0.3246
0.3211
0.3258
0.3083
0.2764
0.2446
0.2266
0.2404
0.2468
0.2457
0.234
0.2194
0.2132
0.2132
0.1941
0.17
0.169
0.1671
0.1607
0.1289
0.1189
0.1524
0.1892
0.2163
0.2266
0.2287
0.3072
0.3508
0.3641
0.3436
0.3726
0.4169
0.5066
0.6308
0.5738
0.5029
0.4505
0.3971
0.3909
0.4281
0.4892
0.5459
0.5423
0.5091
0.5714
0.5749
0.5349
0.4592
0.4268
0.4542
0.5177
0.5629
0.5677
0.5963
0.6228
0.5904
0.5423
0.4892
0.468
0.4617
0.433
0.4418
0.4169
0.3836
0.4181
0.4655
0.4717
0.5349
0.6648
0.7641
0.8315
0.8682
0.892
0.9168
0.9369
0.9497
0.9456
0.9196
0.7502
0.4942
0.402
0.2555
0.1014
0.0428
0.0204
0.0136
0.0105
0.0092
0.0114
0.0103
0.0079
0.005
0.0034
0.0043
0.0034
0.0025
0.0043
0.0167
0.0379
0.0689
0.1084
0.1561
0.2142
0.2351
0.2081
0.2
0.1961
0.1971
0.2225
0.2142
0.2183
0.2081
0.1892
0.1941
0.2266
0.2753
0.3983
0.5617
0.711
0.7952
0.8219
0.8421
0.8792
0.888
0.8813
0.8839
0.89
0.9014
0.9072
0.9098
0.9127
0.9094
0.9063
0.901
0.8934
0.8895
0.8839
0.8813
0.8727
0.8528
0.8402
0.8408
0.8553
0.8642
0.8528
0.8342
0.8162
0.752
0.7206
0.7403
0.6868
0.6206
0.5869
0.3897
0.2256
0.128
0.0946
0.0514
0.0243
0.017
0.0439
0.1597
0.29
0.2245
0.2256
0.2132
0.2041
0.2111
0.2565
0.2653
0.2877
0.282
0.2731
0.3037
0.3365
0.3983
0.4805
0.5447
0.5749
0.5833
0.53
0.4979
0.478
0.4405
0.4605
0.4742
0.4855
0.5115
0.448
0.402
0.3484
0.2866
0.2194
0.134
0.0389
0.0009
0.0
0.0
0.0
0.0045
0.0251
0.052
0.0755
0.0817
0.0607
0.0324
0.0134
0.0061
0.0066
0.0103
0.0107
0.0058
0.0018
0.001
0.0008
0.0017
0.0045
0.0092
0.0198
0.0346
0.0398
0.037
0.0607
0.1148
0.1588
0.1892
0.1872
0.203
0.2576
0.3246
0.3329
0.346
0.3376
0.3223
0.3341
0.3258
0.3436
0.3872
0.3424
0.2945
0.2979
0.3235
0.3048
0.2911
0.262
0.2511
0.2446
0.2298
0.2522
0.2764
0.2664
0.2298
0.2101
0.1971
0.1824
0.1616
0.1331
0.1014
0.0789
0.056
0.0379
0.0236
0.0064
0.0001
0.0
0.0
0.0
0.0
0.0
0.0
0.0022
0.0079
0.0134
0.0155
0.0185
0.0247
0.029
0.0307
0.0311
0.0394
0.0595
0.0881
0.1189
0.1289
0.1453
0.2122
0.2329
0.2287
0.2081
0.1597
0.0984
0.0418
0.0149
0.0099
0.0173
0.0476
0.11
0.1671
0.199
0.2235
0.2298
0.2425
0.2414
0.2235
0.2266
0.2163
0.1911
0.1498
0.1238
0.123
0.114
0.0976
0.0817
0.0651
0.046
0.0262
0.0114
0.004
0.0009
0.0001
0.0
0.0
0.0
0.0
0.0
0.0
0.0
0.0
0.0
0.0
0.0
0.0
0.0
0.0
0.0
0.0
0.0
0.0
0.0
0.0005
0.003
0.0077
0.0126
0.0194
0.0307
0.047
0.0663
0.1007
0.1489
0.1833
0.2122
0.2372
0.2631
0.2787
0.3014
0.2888
0.2945
0.3388
0.4033
0.4443
0.458
0.448
0.4119
0.375
0.3294
0.2511
0.1607
0.0542
0.0208
0.0225
0.0762
0.1961
0.2642
0.2653
0.2122
0.1214
0.0492
0.0211
0.0161
0.0176
0.0221
0.0486
0.0954
0.1524
0.2277
0.3153
0.3848
0.4218
0.4405
0.4405
0.4542
0.4256
0.4181
0.3701
0.3258
0.2776
0.2329
0.1921
0.1366
0.0742
0.0476
0.0589
0.0796
0.1222
0.1833
0.2945
0.4755
0.6079
0.7197
0.8096
0.8447
0.844
0.8219
0.826
0.8453
0.8647
0.877
0.8929
0.9081
0.9215
0.9285
0.9376
0.9462
0.9545
0.9586
0.9566
0.9502
0.9385
0.9327
0.9327
0.9353
0.933
0.9267
0.9223
0.8839
0.8308
0.8029
0.7119
0.5797
0.4617
0.3836
0.3775
0.3811
0.4132
0.4418
0.463
0.468
0.4517
0.4393
0.4243
0.3971
0.3726
0.3701
0.4355
0.5128
0.5398
0.5605
0.5749
0.5263
0.4567
0.402
0.3436
0.3164
0.2968
0.2888
0.2698
0.2329
0.1737
0.1323
0.114
0.0932
0.0715
0.0626
0.0531
0.0342
0.0176
0.0112
0.0103
0.0136
0.0136
0.0173
0.0167
0.0191
0.0128
0.0286
0.1045
0.201
0.352
0.4268
0.4692
0.5103
0.5809
0.5761
0.5239
0.4767
0.4667
0.478
0.4617
0.4505
0.3872
0.3072
0.3211
0.3701
0.2479
0.2061
0.2214
0.2152
0.1941
0.1941
0.2319
0.2489
0.2866
0.3176
0.3317
0.3246
0.3787
0.3629
0.3376
0.3037
0.2922
0.2576
0.2298
0.2877
0.346
0.4057
0.4231
0.5263
0.4917
0.5239
0.5459
0.601
0.694
0.7206
0.7624
0.7726
0.7767
0.799
0.7936
0.7546
0.705
0.5714
0.5617
0.6125
0.5714
0.5016
0.4667
0.4792
0.4904
0.5288
0.5773
0.6079
0.6056
0.6068
0.5928
0.5809
0.5508
0.4792
0.3726
0.29
0.2731
0.2653
0.2522
0.2468
0.2511
0.2576
0.2642
0.272
0.2798
0.29
0.2854
0.2653
0.2425
0.202
0.1728
0.148
0.1214
0.1084
0.1205
0.1297
0.1189
0.0992
0.0992
0.1092
0.1164
0.1053
0.0845
0.0595
0.0337
0.0103
0.0006
0.0
0.0
0.0
0.0085
0.056
0.1366
0.2319
0.3388
0.4181
0.4642
0.4692
0.4617
0.4443
0.4119
0.3496
0.3188
0.2979
0.2664
0.2214
0.1795
0.1331
0.0917
0.0577
0.0356
0.0211
0.0091
0.0019
0.0
0.0
0.0
0.0
0.0006
0.007
0.0232
0.052
0.0859
0.1116
0.128
0.14
0.1616
0.2132
0.2686
0.2968
0.3448
0.3897
0.4082
0.4057
0.4293
0.4443
0.4805
0.514
0.5337
0.5508
0.5702
0.5785
0.6194
0.633
0.6452
0.6669
0.6712
0.6441
0.6079
0.5869
0.6102
0.6419
0.6364
0.6044
0.6056
0.6364
0.6785
0.697
0.6868
0.6496
0.5998
0.5496
0.5091
0.4991
0.478
0.4542
0.4268
0.3885
0.3714
0.346
0.3211
0.2798
0.2351
0.2308
0.2968
0.358
0.4243
0.4592
0.5029
0.5115
0.5398
0.483
0.4318
0.4169
0.4107
0.4243
0.4306
0.438
0.448
0.4605
0.5016
0.5053
0.5029
0.4904
0.4567
0.4008
0.2979
0.1971
0.1971
0.272
0.3934
0.463
0.5508
0.6194
0.5714
0.5349
0.5128
0.5152
0.5165
0.5016
0.473
0.4468
0.4256
0.3787
0.3677
0.3258
0.2776
0.2361
0.2
0.17
0.1561
0.1552
0.1901
0.282
0.3556
0.3592
0.3677
0.3934
0.4045
0.4107
0.3909
0.3508
0.3235
0.3014
0.2888
0.2832
0.2742
0.2393
0.2194
0.1921
0.1588
0.1331
0.1173
0.1092
0.0969
0.0768
0.0663
0.0676
0.067
0.0651
0.0651
0.0632
0.0542
0.0398
0.0278
0.0167
0.0087
0.0052
0.0045
0.0052
0.0067
0.0069
0.0059
0.0041
0.001
0.0
0.0
0.0
0.0
0.0
0.0
0.0001
0.0012
0.0019
0.0016
0.001
0.0008
0.001
0.0011
0.0015
0.0031
0.0054
0.0066
0.0058
0.0061
0.0055
0.004
0.0019
0.0006
0.0001
0.0
0.0
0.0
0.0001
0.001
0.0026
0.004
0.0037
0.0024
0.0011
0.0002
0.0
0.0
0.0
0.0
0.0
0.0
0.0
0.0
0.0
0.0
0.0003
0.0016
0.0059
0.0173
0.0342
0.0508
0.0695
0.1038
0.1427
0.1737
0.1872
0.1931
0.2091
0.2308
0.2565
0.2991
0.346
0.3689
0.3604
0.3484
0.3424
0.3436
0.3223
0.2911
0.2698
0.2329
0.1862
0.1462
0.1247
0.1084
0.0999
0.1197
0.1357
0.1289
0.1092
0.1092
0.1348
0.1795
0.2361
0.2888
0.3258
0.3329
0.3329
0.3353
0.3376
0.3424
0.3176
0.2686
0.2266
0.199
0.1853
0.1775
0.1872
0.203
0.2214
0.2587
0.2866
0.2911
0.3048
0.3188
0.3412
0.3176
0.2642
0.2111
0.1785
0.17
0.1824
0.203
0.2091
0.2142
0.201
0.1681
0.128
0.0902
0.0626
0.046
0.0413
0.0379
0.0333
0.036
0.0384
0.0374
0.0337
0.0329
0.0286
0.0214
0.017
0.0158
0.0149
0.0179
0.0282
0.0508
0.091
0.1515
0.1882
0.1931
0.1824
0.1597
0.1427
0.1418
0.1498
0.169
0.202
0.2653
0.3388
0.3971
0.453
0.4954
0.4967
0.4879
0.4879
0.4817
0.473
0.4393
0.4082
0.3848
0.3305
0.2277
0.1643
0.1524
0.169
0.2
0.201
0.1625
0.1462
0.199
0.2877
0.3872
0.4468
0.5078
0.5276
0.5361
0.6308
0.7502
0.8408
0.8541
0.8485
0.8516
0.8547
0.8162
0.7734
0.78
0.8006
0.8415
0.8732
0.8624
0.8247
0.7742
0.697
0.6228
0.5312
0.4418
0.433
0.4742
0.5251
0.5665
0.6463
0.6722
0.711
0.7216
0.7178
0.699
0.6637
0.616
0.5702
0.5226
0.463
0.402
0.3604
0.3412
0.3282
0.3223
0.3376
0.3508
0.3592
0.313
0.2698
0.2945
0.3412
0.375
0.4181
0.4667
0.5312
0.5435
0.5177
0.5361
0.5821
0.5998
0.5714
0.5239
0.5041
0.4767
0.5325
0.5951
0.5974
0.5797
0.5532
0.5004
0.4293
0.386
0.3701
0.3641
0.3436
0.3223
0.3048
0.2776
0.2631
0.2533
0.25
0.2565
0.2609
0.2776
0.2911
0.2776
0.2565
0.2245
0.2132
0.2183
0.1921
0.1653
0.1588
0.1409
0.1314
0.1374
0.14
0.128
0.1092
0.1014
0.1077
0.1108
0.1014
0.0902
0.0939
0.0984
0.0946
0.0859
0.0742
0.0626
0.0497
0.0351
0.0229
0.0128
0.0057
0.0032
0.0031
0.0047
0.0076
0.0099
0.0083
0.0043
0.001
0.0
0.0
0.0
0.0
0.0
0.0
0.0
0.0
0.0
0.0
0.0
0.0
0.0
0.0
0.0
0.0
0.0
0.0
0.0
0.0
0.0
0.0
0.0001
0.0011
0.0041
0.0099
0.0155
0.0194
0.0221
0.0262
0.0282
0.0333
0.0449
0.0577
0.0735
0.0838
0.0782
0.0728
0.0722
0.0708
0.0683
0.0715
0.091
0.134
0.202
0.2698
0.3235
0.3665
0.3897
0.3885
0.3653
0.3294
0.306
0.3153
0.3496
0.3934
0.4343
0.4717
0.5053
0.5091
0.5103
0.53
0.5386
0.5447
0.5581
0.5773
0.5904
0.5904
0.5845
0.5689
0.5508
0.5276
0.5202
0.5189
0.5152
0.4991
0.4755
0.458
0.4418
0.433
0.4281
0.4218
0.4107
0.3701
0.3014
0.2489
0.2071
0.1785
0.1616
0.1515
0.148
0.1543
0.1862
0.2132
0.2266
0.2308
0.2204
0.2051
0.1941
0.1951
0.1951
0.1911
0.1662
0.1427
0.1263
0.1272
0.1435
0.1489
0.1189
0.0873
0.0782
0.0695
0.0566
0.0748
0.0946
0.11
0.1374
0.1489
0.1357
0.123
0.1164
0.1156
0.1222
0.1272
0.1392
0.1427
0.134
0.123
0.128
0.148
0.201
0.2414
0.2319
0.2122
0.2479
0.2675
0.2173
0.1709
0.1616
0.1921
0.2204
0.2266
0.2122
0.1814
0.1607
0.169
0.2081
0.2522
0.2843
0.3118
0.3787
0.3629
0.3823
0.3934
0.3665
0.3592
0.3436
0.4132
0.4156
0.4268
0.4418
0.448
0.4206
0.4045
0.463
0.4306
0.4567
0.4705
0.4555
0.3787
0.3424
0.3002
0.2609
0.2071
0.1882
0.1534
0.11
0.0817
0.0589
0.0408
0.0229
0.0067
0.001
0.0003
0.0022
0.0066
0.0072
0.0112
0.0266
0.0492
0.0607
0.0497
0.0225
0.0045
0.0003
0.0
0.0002
0.001
0.0011
0.0004
0.0001
0.0
0.0
0.0
0.0006
0.0057
0.0176
0.029
0.0408
0.0497
0.0481
0.0492
0.062
0.0695
0.0775
0.0735
0.0614
0.0508
0.0454
0.0566
0.081
0.1014
0.0939
0.0626
0.0428
0.0298
0.0173
0.0079
0.0042
0.005
0.0076
0.0081
0.0077
0.0076
0.0054
0.0058
0.0089
0.0085
0.0041
0.0016
0.0016
0.005
0.0131
0.0204
0.0128
0.0018
0.0
0.0
0.001
0.0038
0.0048
0.0039
0.0038
0.0039
0.0036
0.0018
0.0016
0.0054
0.0194
0.0626
0.1306
0.1775
0.198
0.2071
0.2183
0.2436
0.2675
0.3153
0.3604
0.407
0.4505
0.4879
0.5288
0.5629
0.5845
0.5797
0.5845
0.5986
0.6148
0.6079
0.5797
0.5312
0.4617
0.4057
0.3872
0.3544
0.3376
0.3436
0.313
0.3153
0.3223
0.2854
0.2361
0.2404
0.2393
0.2319
0.2111
0.1862
0.1561
0.1197
0.081
0.0503
0.0258
0.0095
0.0036
0.003
0.0045
0.0064
0.0041
0.0005
0.0
0.0
0.0
0.0001
0.0023
0.0077
0.0116
0.0176
0.037
0.0689
0.0992
0.1156
0.1255
0.1323
0.1348
0.1357
0.1297
0.1263
0.14
0.1498
0.1597
0.1901
0.2446
0.2877
0.3153
0.3048
0.2742
0.2598
0.2266
0.201
0.1843
0.1804
0.1833
0.198
0.2173
0.2214
0.2308
0.2393
0.2414
0.2277
0.2351
0.2425
0.2511
0.2686
0.2742
0.2832
0.3341
0.3665
0.3388
0.2945
0.306
0.3714
0.4181
0.4767
0.5951
0.6899
0.7031
0.6712
0.643
0.6228
0.6262
0.6308
0.6285
0.6217
0.6262
0.6551
0.6659
0.6496
0.6296
0.6194
0.5998
0.5928
0.5797
0.5629
0.5496
0.5761
0.5773
0.5653
0.5951
0.6114
0.6217
0.6274
0.6397
0.6754
0.695
0.6796
0.6909
0.7011
0.7264
0.731
0.7282
0.7254
0.7301
0.7421
0.7254
0.6817
0.6452
0.588
0.5325
0.5029
0.4555
0.4393
0.4218
0.3848
0.3641
0.3424
0.3246
0.3235
0.3317
0.3365
0.3118
0.262
0.2235
0.2152
0.2163
0.2101
0.203
0.2173
0.2308
0.2235
0.1941
0.1515
0.1108
0.0888
0.0702
0.0503
0.0286
0.0131
0.0051
0.003
0.0047
0.0077
0.0141
0.0164
0.0286
0.0607
0.1214
0.2351
0.3872
0.5374
0.6583
0.6068
0.2731
0.2
0.5078
0.8111
0.8553
0.8727
0.8749
0.871
0.8624
0.8408
0.8021
0.7366
0.6474
0.5904
0.5276
0.4667
0.4107
0.4045
0.4542
0.4567
0.4517
0.4742
0.4879
0.4817
0.448
0.3934
0.3118
0.2675
0.2664
0.2731
0.3002
0.3176
0.3235
0.3677
0.4517
0.4642
0.4842
0.5053
0.5041
0.4705
0.4355
0.4293
0.4505
0.473
0.5312
0.5665
0.5726
0.5484
0.514
0.4817
0.4318
0.3641
0.2866
0.2194
0.1653
0.1164
0.0722
0.0225
0.0007
0.0
0.0
0.0
0.0107
0.0497
0.0992
0.1543
0.2404
0.3544
0.4805
0.5904
0.6691
0.7168
0.759
0.8096
0.863
0.8939
0.9081
0.8934
0.8288
0.6722
0.4132
0.2245
0.1607
0.1911
0.2163
0.2511
0.2968
0.2776
0.2132
0.1951
0.1892
0.1892
0.1728
0.1634
0.1561
0.1489
0.2183
0.2642
0.2446
0.2122
0.1785
0.1625
0.1534
0.1471
0.1173
0.0939
0.0824
0.0695
0.0531
0.0449
0.0434
0.0423
0.0374
0.0307
0.0247
0.0236
0.0274
0.0356
0.0525
0.0689
0.0999
0.1409
0.1971
0.2468
0.25
0.2436
0.2351
0.2393
0.2436
0.2479
0.2877
0.3014
0.3118
0.3282
0.3909
0.3823
0.3211
0.2587
0.2446
0.2319
0.2266
0.2414
0.2675
0.2832
0.2911
0.3014
0.313
0.2991
0.3153
0.3544
0.3532
0.3922
0.3775
0.3629
0.3388
0.3118
0.3141
0.234
0.1785
0.1263
0.0695
0.0274
0.0124
0.0101
0.0095
0.0119
0.0167
0.0379
0.0838
0.1124
0.123
0.1561
0.1961
0.2436
0.2854
0.34
0.4293
0.4991
0.5714
0.6691
0.7511
0.7873
0.7348
0.6775
0.5569
0.4455
0.4517
0.4954
0.5214
0.4991
0.478
0.4567
0.4418
0.4517
0.4767
0.4855
0.4817
0.4855
0.4705
0.4742
0.4942
0.5544
0.601
0.6562
0.695
0.7158
0.7448
0.71
0.6206
0.6285
0.7624
0.8066
0.8267
0.7944
0.7701
0.7667
0.7717
0.759
0.7394
0.7245
0.707
0.6868
0.6474
0.6137
0.5773
0.5702
0.5939
0.616
0.5869
0.5496
0.5288
0.5714
0.5605
0.5471
0.5177
0.4642
0.4156
0.3934
0.386
0.3922
0.4493
0.5214
0.5689
0.6033
0.616
0.5951
0.5337
0.4792
0.433
0.3885
0.358
0.3282
0.3014
0.2832
0.2544
0.2071
0.1515
0.1007
0.0583
0.0282
0.0136
0.0058
0.001
0.0
0.0
0.0025
0.0346
0.1124
0.2061
0.3037
0.402
0.4904
0.5665
0.6206
0.6171
0.5569
0.4542
0.352
0.2675
0.1785
0.1314
0.0961
0.0626
0.0423
0.0282
0.0204
0.0204
0.0294
0.0449
0.0644
0.0946
0.1383
0.1824
0.202
0.2132
0.2361
0.2675
0.3412
0.4082
0.463
0.5833
0.6148
0.709
0.7905
0.8295
0.8589
0.9063
0.9356
0.9538
0.9656
0.9756
0.9782
0.9769
0.9762
0.9781
0.9791
0.9791
0.9786
0.9784
0.9787
0.9786
0.9771
0.9711
0.955
0.933
0.905
0.8781
0.8369
0.792
0.7484
0.7149
0.6691
0.6408
0.6148
0.5869
0.5749
0.5761
0.5435
0.4967
0.448
0.402
0.3616
0.3424
0.3083
0.2787
0.262
0.2132
0.1579
0.1597
0.201
0.2204
0.2071
0.2183
0.1747
0.2204
0.1843
0.1931
0.2664
0.2686
0.3037
0.3472
0.3762
0.4132
0.4468
0.478
0.4954
0.5004
0.5078
0.5189
0.5288
0.5337
0.5386
0.5349
0.5239
0.5041
0.4879
0.4555
0.4218
0.4057
0.4033
0.3946
0.3872
0.3995
0.4455
0.4842
0.4755
0.4393
0.3946
0.3726
0.3532
0.3153
0.2598
0.2091
0.1634
0.1392
0.1616
0.2183
0.2598
0.2686
0.25
0.2041
0.1625
0.1515
0.1756
0.2214
0.262
0.3153
0.3762
0.4082
0.4057
0.3677
0.3095
0.2489
0.2
0.1597
0.1331
0.128
0.1289
0.1222
0.1108
0.1014
0.0961
0.0939
0.0888
0.0762
0.0583
0.0454
0.0356
0.0315
0.0351
0.0486
0.0651
0.0728
0.0722
0.067
0.0589
0.0626
0.0722
0.0796
0.0902
0.0992
0.1022
0.0984
0.0888
0.0762
0.0689
0.0708
0.0939
0.1148
0.1297
0.1392
0.1357
0.1272
0.1197
0.1323
0.1588
0.1814
0.1931
0.1941
0.1941
0.2071
0.2298
0.2522
0.2731
0.2866
0.2911
0.2843
0.2742
0.2686
0.2631
0.2631
0.2686
0.2675
0.2446
0.2051
0.1607
0.1181
0.0852
0.0657
0.0589
0.0626
0.0742
0.0881
0.0976
0.1092
0.1156
0.1124
0.1007
0.0831
0.0583
0.029
0.0099
0.0031
0.0
0.0
0.0
0.0
0.0
0.0
0.0
0.0
0.0
0.0
0.0
0.0
0.0
0.0
0.0
0.0
0.0
0.0
0.0
0.0
0.0
0.0
0.0
0.0
0.0
0.0
0.0
0.0
0.0
0.0
0.0
0.0
0.0
0.0
0.0
0.0
0.0
0.0
0.0
0.0
0.0
0.0
0.0
0.0
0.0
0.0
0.0
0.0
0.0
0.0
0.0
0.0
0.0
0.0
0.0
0.0
0.0
0.0
0.0
0.0
0.0
0.0
0.0
0.0
0.0
0.0
0.0
0.0
0.0002
0.0012
0.0029
0.0047
0.0066
0.0069
0.005
0.0039
0.0037
0.003
0.003
0.0041
0.007
0.0097
0.0128
0.0173
0.0247
0.037
0.056
0.0852
0.1222
0.1524
0.1653
0.1597
0.1498
0.1471
0.1534
0.1718
0.2
0.2329
0.262
0.2653
0.2414
0.2111
0.1833
0.169
0.1662
0.1892
0.2173
0.2382
0.2686
0.3095
0.3568
0.407
0.4505
0.4755
0.483
0.478
0.4767
0.4817
0.4967
0.5103
0.5239
0.5361
0.5484
0.5361
0.4942
0.4418
0.3872
0.352
0.3376
0.3341
0.3496
0.375
0.3946
0.3971
0.3677
0.3305
0.2843
0.2414
0.2041
0.1756
0.157
0.1435
0.1366
0.1357
0.1418
0.1506
0.1498
0.1444
0.1323
0.1092
0.0845
0.0657
0.0583
0.0577
0.0676
0.0845
0.1038
0.1427
0.2051
0.2091
0.1833
0.2152
0.2101
0.2361
0.2382
0.2351
0.2382
0.2609
0.3153
0.3508
0.3799
0.4119
0.4355
0.4592
0.478
0.5471
0.5629
0.5665
0.5928
0.5809
0.5869
0.6056
0.6194
0.6285
0.6079
0.6079
0.6206
0.7466
0.7849
0.7975
0.8125
0.7439
0.7572
0.7784
0.7889
0.8051
0.8125
0.7905
0.7897
0.792
0.7375
0.693
0.6722
0.5361
0.4418
0.375
0.3448
0.3025
0.2404
0.2404
0.1941
0.1409
0.1116
0.1662
0.2277
0.2361
0.1971
0.1498
0.0683
0.0232
0.0087
0.0089
0.0139
0.0124
0.0091
0.0079
0.0232
0.081
0.1489
0.2425
0.3341
0.4293
0.5738
0.6637
0.695
0.7206
0.7607
0.7734
0.7366
0.7412
0.692
0.6364
0.616
0.6206
0.5471
0.4505
0.5004
0.4942
0.3629
0.272
0.2111
0.1653
0.1882
0.2361
0.2787
0.2979
0.2991
0.2877
0.262
0.2351
0.2183
0.1961
0.1804
0.1653
0.1409
0.1263
0.1148
0.1007
0.0838
0.0638
0.0423
0.0315
0.0294
0.047
0.1038
0.1534
0.1911
0.2132
0.2204
0.2277
0.2351
0.2587
0.2468
0.2225
0.1882
0.1552
0.1498
0.1785
0.2194
0.2468
0.2351
0.2142
0.169
0.1148
0.0775
0.0531
0.0346
0.0229
0.0155
0.0136
0.0191
0.0398
0.0782
0.1255
0.1728
0.2204
0.2686
0.306
0.327
0.3025
0.2866
0.2609
0.2329
0.1843
0.1272
0.0748
0.0346
0.0324
0.0817
0.1462
0.1289
0.0577
0.0191
0.0211
0.062
0.1462
0.2204
0.2533
0.2698
0.2979
0.3294
0.3448
0.3592
0.3823
0.4368
0.4692
0.4505
0.4293
0.4256
0.3836
0.3083
0.2664
0.201
0.3176
0.4954
0.5435
0.5986
0.5325
0.5471
0.4967
0.5361
0.6754
0.7421
0.7178
0.7658
0.7808
0.7546
0.7031
0.6868
0.6137
0.5276
0.5029
0.4555
0.4107
0.3083
0.203
0.0873
0.0124
0.0018
0.0002
0.0001
0.004
0.0141
0.0188
0.0114
0.0074
0.0191
0.0542
0.1833
0.2888
0.3258
0.2957
0.2686
0.2555
0.2979
0.3872
0.4929
0.6206
0.7197
0.706
0.6562
0.5928
0.514
0.4082
0.3153
0.3424
0.3959
0.4194
0.4281
0.438
0.453
0.463
0.4617
0.4667
0.4967
0.5066
0.4942
0.4705
0.3872
0.2101
0.0831
0.0311
0.0131
0.0052
0.0134
0.0676
0.1853
0.2642
0.2776
0.2468
0.2183
0.1901
0.1747
0.114
0.0651
0.0449
0.0149
0.0126
0.0155
0.0077
0.0043
0.0057
0.0022
0.0005
0.0002
0.0018
0.0061
0.0114
0.0191
0.029
0.0423
0.0728
0.0932
0.0984
0.11
0.1323
0.1506
0.157
0.1607
0.1681
0.1662
0.1552
0.1348
0.1156
0.0999
0.0817
0.0644
0.052
0.047
0.056
0.0742
0.0895
0.11
0.1306
0.1374
0.1471
0.1444
0.1306
0.1181
0.1214
0.1348
0.1383
0.123
0.1181
0.0992
0.0644
0.0418
0.0324
0.0303
0.0278
0.0258
0.0221
0.0179
0.0144
0.0141
0.0176
0.0351
0.0762
0.1498
0.2245
0.2753
0.2979
0.3176
0.3188
0.3014
0.2319
0.1489
0.0748
0.0198
0.0022
0.0
0.0
0.0
0.0
0.0
0.0015
0.0042
0.0324
0.1289
0.2468
0.3083
0.3726
0.448
0.4991
0.5653
0.6408
0.7197
0.7537
0.6796
0.4917
0.3424
0.2414
0.2
0.2183
0.262
0.3025
0.3665
0.4879
0.5986
0.6733
0.7031
0.5951
0.4705
0.3665
0.2877
0.2308
0.2091
0.2446
0.3002
0.3448
0.3508
0.3568
0.3641
0.3885
0.4318
0.4605
0.4517
0.4468
0.4867
0.5374
0.5809
0.6044
0.5641
0.5689
0.5251
0.4792
0.4293
0.3897
0.3897
0.3897
0.3946
0.3787
0.358
0.3484
0.3317
0.3365
0.3176
0.3211
0.3317
0.3329
0.375
0.4792
0.6262
0.7226
0.8204
0.8743
0.9226
0.9668
0.9788
0.9792
0.9744
0.9657
0.9793
0.9484
0.844
0.7572
0.7384
0.7129
0.6827
0.668
0.6669
0.6691
0.6701
0.6879
0.7216
0.7563
0.7833
0.7873
0.7897
0.7865
0.78
0.7776
0.7873
0.7439
0.7403
0.7493
0.732
0.7168
0.7216
0.7357
0.7216
0.759
0.7881
0.8154
0.8349
0.8118
0.7742
0.7528
0.7502
0.7502
0.7484
0.7329
0.7493
0.7484
0.7667
0.8006
0.8402
0.8636
0.8727
0.8653
0.8595
0.8601
0.8699
0.8665
0.7767
0.668
0.5447
0.4805
0.5053
0.5288
0.5928
0.6441
0.6733
0.7357
0.7329
0.6909
0.6659
0.6171
0.5689
0.541
0.5325
0.5078
0.4642
0.4443
0.4206
0.3995
0.3496
0.3106
0.3072
0.306
0.3072
0.2764
0.2132
0.1409
0.0838
0.046
0.0315
0.0247
0.0158
0.0081
0.0077
0.0176
0.047
0.0961
0.1561
0.2071
0.2479
0.2709
0.2742
0.2489
0.2152
0.1971
0.1941
0.1971
0.2142
0.2361
0.2731
0.3388
0.3922
0.4132
0.402
0.3677
0.3305
0.2742
0.2152
0.1775
0.1662
0.1853
0.2041
0.2152
0.2061
0.1785
0.157
0.1462
0.1498
0.1718
0.1901
0.1961
0.1833
0.1662
0.1471
0.1383
0.1444
0.1534
0.1506
0.1435
0.1348
0.114
0.0866
0.0595
0.0439
0.0379
0.0379
0.0465
0.0676
0.0954
0.123
0.1543
0.1824
0.2245
0.262
0.2854
0.2888
0.2979
0.3083
0.2922
0.2798
0.2731
0.2598
0.2533
0.2393
0.2479
0.29
0.3188
0.3176
0.313
0.3141
0.29
0.2877
0.2991
0.3037
0.29
0.3002
0.3282
0.3689
0.3604
0.32
0.3037
0.3014
0.2809
0.2922
0.2753
