Consumption in Sweden in 2015
15084.0
14845.0
14554.0
14267.0
14224.0
14370.0
14780.0
15098.0
15231.0
15453.0
15856.0
16179.0
16435.0
16582.0
16816.0
17281.0
17587.0
17613.0
17368.0
17012.0
16523.0
15965.0
15344.0
14707.0
14218.0
13963.0
13834.0
13819.0
13899.0
14451.0
15429.0
16477.0
17134.0
17453.0
17754.0
17929.0
17926.0
17905.0
18046.0
18551.0
19046.0
19140.0
18840.0
18405.0
17780.0
17169.0
16519.0
15925.0
15331.0
14964.0
14824.0
14855.0
14847.0
15122.0
15639.0
16212.0
16641.0
17076.0
17556.0
17709.0
17621.0
17539.0
17661.0
18285.0
19115.0
19306.0
19050.0
18565.0
18039.0
17532.0
16916.0
16317.0
15825.0
15623.0
15513.0
15513.0
15579.0
15716.0
16082.0
16599.0
17017.0
17474.0
17968.0
18187.0
18089.0
18033.0
18167.0
18861.0
19871.0
20122.0
19985.0
19687.0
19135.0
18626.0
17808.0
17210.0
16699.0
16450.0
16311.0
16391.0
16597.0
17230.0
18414.0
19791.0
20531.0
20694.0
20855.0
20867.0
20555.0
20478.0
20625.0
21277.0
21926.0
21932.0
21586.0
21058.0
20533.0
20005.0
19198.0
18282.0
17573.0
17308.0
17034.0
16847.0
16963.0
17188.0
17760.0
18509.0
18937.0
19276.0
19551.0
19734.0
19791.0
19785.0
19902.0
20530.0
20934.0
21105.0
20709.0
20241.0
19556.0
18760.0
17934.0
17151.0
16600.0
16421.0
16278.0
16361.0
16661.0
17429.0
19189.0
21012.0
21521.0
21435.0
21528.0
21545.0
21467.0
21420.0
21400.0
21746.0
22049.0
22035.0
21778.0
21086.0
20253.0
19302.0
18216.0
17134.0
16452.0
16068.0
15923.0
15941.0
16172.0
16960.0
18744.0
20406.0
20844.0
20616.0
20680.0
20614.0
20472.0
20319.0
20395.0
20931.0
21186.0
21297.0
20879.0
20383.0
19538.0
18748.0
17727.0
16769.0
16149.0
15814.0
15699.0
15769.0
15990.0
16825.0
18754.0
20648.0
21149.0
21042.0
21296.0
21280.0
21090.0
20918.0
20798.0
21121.0
21455.0
21520.0
21083.0
20291.0
19338.0
18546.0
17760.0
17024.0
16480.0
16174.0
15973.0
15927.0
16029.0
16270.0
16797.0
17461.0
18269.0
18813.0
19369.0
19603.0
19609.0
19488.0
19383.0
19682.0
20068.0
20137.0
19768.0
19200.0
18555.0
17928.0
17279.0
16640.0
16045.0
15732.0
15542.0
15521.0
15594.0
15774.0
16187.0
16716.0
17305.0
17925.0
18523.0
18980.0
19184.0
19247.0
19371.0
19857.0
20629.0
20880.0
20834.0
20504.0
20075.0
19490.0
18698.0
18063.0
17653.0
17395.0
17298.0
17435.0
17728.0
18612.0
20682.0
22684.0
23126.0
22804.0
22888.0
22754.0
22583.0
22505.0
22393.0
22583.0
22660.0
22522.0
22001.0
21347.0
20582.0
19645.0
18577.0
17462.0
16823.0
16529.0
16292.0
16440.0
16659.0
17406.0
19204.0
21044.0
21289.0
21044.0
21031.0
21031.0
20947.0
20909.0
20894.0
21278.0
21580.0
21838.0
21358.0
20765.0
20015.0
19201.0
18150.0
17154.0
16505.0
16179.0
15999.0
16180.0
16433.0
17216.0
19329.0
21239.0
21690.0
21482.0
21463.0
21477.0
21448.0
21411.0
21449.0
21864.0
22330.0
22611.0
22147.0
21663.0
20636.0
19731.0
18833.0
17761.0
17104.0
16858.0
16691.0
16699.0
16980.0
17849.0
19784.0
21744.0
22037.0
21805.0
21880.0
21785.0
21599.0
21662.0
21708.0
22157.0
22346.0
22300.0
21715.0
21032.0
20162.0
19190.0
18073.0
16980.0
16184.0
15777.0
15738.0
15712.0
15932.0
16792.0
18710.0
20446.0
20765.0
20574.0
20575.0
20445.0
20197.0
19877.0
19720.0
19861.0
20289.0
20504.0
20125.0
19391.0
18543.0
17753.0
16961.0
16278.0
15657.0
15308.0
15124.0
15085.0
15132.0
15451.0
15984.0
16672.0
17297.0
17939.0
18283.0
18320.0
18231.0
18057.0
18028.0
18355.0
19112.0
19537.0
19212.0
18595.0
17946.0
17351.0
16715.0
16072.0
15605.0
15287.0
15130.0
15082.0
15143.0
15354.0
15734.0
16338.0
16846.0
17415.0
17958.0
18218.0
18257.0
18286.0
18338.0
18794.0
19648.0
20071.0
19946.0
19406.0
18811.0
18096.0
17232.0
16365.0
15889.0
15715.0
15666.0
15740.0
16048.0
17015.0
19287.0
21446.0
21731.0
21642.0
21863.0
21684.0
21597.0
21671.0
21646.0
21939.0
22315.0
22430.0
21930.0
21589.0
20761.0
19805.0
18737.0
17605.0
16828.0
16565.0
16474.0
16525.0
16828.0
17686.0
19849.0
21927.0
22245.0
22007.0
22227.0
22178.0
21964.0
21949.0
21962.0
22274.0
22545.0
22618.0
22159.0
21580.0
20826.0
19964.0
18823.0
17659.0
17036.0
16761.0
16639.0
16712.0
16947.0
17870.0
20082.0
22013.0
22253.0
22157.0
22253.0
22067.0
21847.0
21792.0
21801.0
22093.0
22512.0
22881.0
22279.0
21772.0
21100.0
20159.0
19007.0
17918.0
17181.0
16862.0
16841.0
16850.0
17075.0
18012.0
20163.0
22006.0
22289.0
22228.0
22312.0
22249.0
21992.0
21844.0
21828.0
22150.0
22579.0
22986.0
22586.0
22248.0
21503.0
20656.0
19404.0
18246.0
17533.0
17205.0
17081.0
17270.0
17612.0
18566.0
20796.0
22688.0
22949.0
22997.0
23115.0
22861.0
22532.0
22185.0
22054.0
22176.0
22717.0
23140.0
22767.0
21959.0
21060.0
20146.0
19237.0
18443.0
17818.0
17430.0
17194.0
17124.0
17101.0
17321.0
17815.0
18498.0
19031.0
19588.0
20081.0
20118.0
20114.0
19995.0
19688.0
19915.0
20559.0
20932.0
20562.0
19963.0
19200.0
18445.0
17790.0
17123.0
16534.0
16232.0
16090.0
16039.0
16117.0
16289.0
16666.0
17205.0
17678.0
18378.0
18780.0
19019.0
18997.0
18736.0
18718.0
19040.0
20063.0
20947.0
20950.0
20515.0
19937.0
19205.0
18335.0
17485.0
16962.0
16634.0
16457.0
16527.0
16793.0
17691.0
19708.0
21604.0
21793.0
21583.0
21704.0
21638.0
21500.0
21408.0
21380.0
21558.0
21931.0
22182.0
21707.0
21232.0
20441.0
19432.0
18204.0
17103.0
16496.0
16121.0
15985.0
16053.0
16336.0
17310.0
19403.0
21336.0
21574.0
21512.0
21573.0
21488.0
21189.0
21041.0
21120.0
21290.0
21780.0
22404.0
22061.0
21624.0
20932.0
19935.0
18864.0
17683.0
17005.0
16587.0
16379.0
16410.0
16653.0
17415.0
19250.0
21032.0
21018.0
20848.0
20903.0
20847.0
20801.0
20683.0
20687.0
20906.0
21256.0
21526.0
21067.0
20528.0
19838.0
19049.0
18001.0
16997.0
16310.0
16042.0
15893.0
15965.0
16164.0
17000.0
19010.0
20881.0
21135.0
21118.0
21177.0
21115.0
20957.0
20799.0
20802.0
20991.0
21398.0
21861.0
21549.0
21097.0
20281.0
19440.0
18382.0
17245.0
16543.0
16239.0
16109.0
16050.0
16311.0
17201.0
19331.0
21185.0
21356.0
21283.0
21361.0
21279.0
20970.0
20644.0
20540.0
20465.0
20876.0
21371.0
20891.0
20167.0
19254.0
18422.0
17553.0
16739.0
16077.0
15732.0
15610.0
15545.0
15571.0
15837.0
16424.0
17140.0
17793.0
18587.0
19053.0
19173.0
19140.0
18963.0
18894.0
18986.0
19547.0
20044.0
19677.0
19031.0
18434.0
17721.0
17030.0
16405.0
15922.0
15618.0
15484.0
15426.0
15488.0
15711.0
16116.0
16630.0
17120.0
17794.0
18324.0
18658.0
18814.0
18779.0
18836.0
18985.0
19705.0
20443.0
20434.0
20144.0
19598.0
18893.0
18000.0
17144.0
16751.0
16575.0
16593.0
16702.0
16944.0
18020.0
20318.0
22104.0
22275.0
22353.0
22394.0
22419.0
22381.0
22279.0
22250.0
22402.0
22697.0
23348.0
22964.0
22481.0
21700.0
20827.0
19644.0
18485.0
17825.0
17476.0
17366.0
17431.0
17597.0
18672.0
20825.0
22483.0
22726.0
22673.0
22642.0
22649.0
22389.0
22369.0
22376.0
22567.0
22743.0
23336.0
22975.0
22555.0
21771.0
20852.0
19692.0
18479.0
17856.0
17571.0
17552.0
17678.0
17887.0
18663.0
20887.0
22605.0
22839.0
22800.0
22804.0
22612.0
22430.0
22292.0
22309.0
22399.0
22692.0
23324.0
22866.0
22564.0
21805.0
20771.0
19541.0
18490.0
17723.0
17424.0
17336.0
17314.0
17668.0
18691.0
20904.0
22746.0
22894.0
22810.0
22778.0
22637.0
22333.0
22226.0
22138.0
22348.0
22620.0
23395.0
22971.0
22478.0
21934.0
20992.0
19672.0
18563.0
17799.0
17456.0
17317.0
17335.0
17536.0
18375.0
20509.0
22127.0
22082.0
21993.0
21730.0
21347.0
20995.0
20534.0
20229.0
20164.0
20517.0
21397.0
21177.0
20435.0
19565.0
18778.0
17903.0
17095.0
16375.0
16029.0
15845.0
15767.0
15780.0
16078.0
16624.0
17227.0
17720.0
18268.0
18479.0
18333.0
18176.0
17972.0
17844.0
17982.0
18644.0
19655.0
19556.0
18958.0
18366.0
17859.0
17311.0
16828.0
16512.0
16382.0
16270.0
16223.0
16403.0
16724.0
17158.0
17612.0
17995.0
18512.0
18654.0
18635.0
18480.0
18232.0
18206.0
18390.0
19225.0
20403.0
20348.0
19898.0
19238.0
18425.0
17487.0
16753.0
16217.0
15908.0
15770.0
15823.0
16049.0
16933.0
18939.0
20504.0
20638.0
20391.0
20164.0
19875.0
19483.0
19220.0
19186.0
19309.0
19593.0
20632.0
20455.0
20004.0
19304.0
18439.0
17357.0
16301.0
15730.0
15477.0
15435.0
15643.0
16026.0
16937.0
19095.0
20800.0
20879.0
20519.0
20237.0
19756.0
19369.0
19062.0
19075.0
19237.0
19662.0
20750.0
20516.0
20010.0
19379.0
18457.0
17473.0
16585.0
15842.0
15648.0
15618.0
15742.0
16017.0
16945.0
19189.0
20739.0
20784.0
20543.0
20261.0
20088.0
19826.0
19698.0
19646.0
19791.0
20113.0
20866.0
20668.0
20127.0
19457.0
18604.0
17413.0
16493.0
15779.0
15505.0
15321.0
15406.0
15588.0
16433.0
18509.0
20146.0
20431.0
20444.0
20564.0
20445.0
20262.0
20169.0
20094.0
20178.0
20264.0
21078.0
20929.0
20549.0
19930.0
19087.0
18151.0
17092.0
16409.0
16041.0
15917.0
15925.0
16171.0
17063.0
19174.0
20671.0
20945.0
21081.0
21028.0
21040.0
20843.0
20545.0
20350.0
20263.0
20321.0
20876.0
20584.0
19924.0
18988.0
18199.0
17484.0
16681.0
16044.0
15690.0
15541.0
15459.0
15515.0
15764.0
16314.0
16887.0
17588.0
18314.0
18547.0
18467.0
18237.0
17900.0
17695.0
17777.0
18349.0
19469.0
19527.0
18974.0
18365.0
17762.0
17148.0
16528.0
16042.0
15777.0
15588.0
15551.0
15604.0
15862.0
16291.0
16660.0
17226.0
17866.0
18257.0
18370.0
18397.0
18295.0
18159.0
18197.0
18762.0
19987.0
20173.0
19954.0
19473.0
18848.0
18018.0
17259.0
16796.0
16596.0
16575.0
16671.0
17027.0
17879.0
19856.0
21403.0
21751.0
21820.0
21921.0
21857.0
21698.0
21614.0
21514.0
21612.0
21595.0
22285.0
22092.0
21537.0
20739.0
19790.0
18717.0
17524.0
16841.0
16603.0
16411.0
16468.0
16658.0
17546.0
19562.0
21162.0
21434.0
21515.0
21727.0
21676.0
21526.0
21437.0
21313.0
21305.0
21360.0
21875.0
21665.0
21073.0
20382.0
19487.0
18267.0
17092.0
16337.0
15910.0
15778.0
15848.0
16036.0
16834.0
18744.0
20183.0
20327.0
20258.0
20304.0
20326.0
20127.0
19937.0
19944.0
20100.0
20154.0
20966.0
20707.0
20189.0
19426.0
18485.0
17406.0
16376.0
15631.0
15271.0
15125.0
15091.0
15288.0
16062.0
17936.0
19447.0
19894.0
19915.0
19995.0
20005.0
19742.0
19654.0
19671.0
19684.0
19627.0
20593.0
20449.0
19949.0
19133.0
18259.0
17285.0
16236.0
15570.0
15291.0
15236.0
15223.0
15459.0
16221.0
18038.0
19530.0
19920.0
20069.0
20126.0
20034.0
19891.0
19616.0
19327.0
19167.0
19453.0
20339.0
20174.0
19462.0
18564.0
17791.0
16936.0
16080.0
15537.0
15121.0
14921.0
14890.0
14956.0
15217.0
15714.0
16168.0
16913.0
17660.0
18016.0
18030.0
17884.0
17678.0
17566.0
17568.0
18032.0
18967.0
19034.0
18640.0
17986.0
17395.0
16824.0
16177.0
15711.0
15408.0
15242.0
15188.0
15308.0
15498.0
15915.0
16264.0
16779.0
17394.0
17775.0
17815.0
17725.0
17467.0
17339.0
17418.0
17863.0
18957.0
19405.0
19068.0
18613.0
17980.0
17272.0
16619.0
16121.0
15945.0
15897.0
15987.0
16304.0
17188.0
19086.0
20576.0
21092.0
21222.0
21455.0
21497.0
21402.0
21307.0
21152.0
21193.0
21103.0
21693.0
21565.0
21054.0
20187.0
19177.0
18066.0
16976.0
16288.0
16021.0
15879.0
15946.0
16092.0
16959.0
18902.0
20254.0
20570.0
20427.0
20430.0
20188.0
20042.0
19983.0
19891.0
19959.0
19931.0
20673.0
20739.0
20226.0
19592.0
18688.0
17683.0
16647.0
15944.0
15718.0
15666.0
15606.0
15854.0
16668.0
18582.0
19925.0
20091.0
19905.0
19834.0
19638.0
19443.0
19335.0
19195.0
19242.0
19223.0
20173.0
20558.0
20138.0
19437.0
18629.0
17590.0
16660.0
16021.0
15795.0
15649.0
15746.0
15998.0
16820.0
18799.0
20218.0
20395.0
20072.0
20010.0
19784.0
19539.0
19472.0
19346.0
19428.0
19552.0
20314.0
20542.0
20196.0
19450.0
18724.0
17721.0
16725.0
16099.0
15790.0
15699.0
15672.0
15919.0
16791.0
18729.0
20021.0
20493.0
20538.0
20634.0
20494.0
20212.0
19851.0
19404.0
19281.0
19317.0
19953.0
20066.0
19417.0
18610.0
17736.0
16939.0
16170.0
15514.0
15191.0
15022.0
14918.0
15004.0
15223.0
15771.0
16207.0
16995.0
17650.0
17969.0
17884.0
17725.0
17507.0
17209.0
17233.0
17486.0
18288.0
18893.0
18429.0
17834.0
17221.0
16685.0
16122.0
15608.0
15329.0
15221.0
15195.0
15217.0
15364.0
15746.0
16070.0
16669.0
17349.0
17754.0
18046.0
18157.0
18159.0
17886.0
17846.0
18223.0
18897.0
19281.0
18978.0
18343.0
17476.0
16600.0
15733.0
15242.0
15042.0
14960.0
15085.0
15273.0
16119.0
17995.0
19584.0
19966.0
19885.0
19893.0
19715.0
19478.0
19347.0
19340.0
19376.0
19188.0
19964.0
20331.0
19963.0
19255.0
18411.0
17250.0
16178.0
15465.0
15206.0
15194.0
15220.0
15441.0
16391.0
18138.0
19604.0
19989.0
19888.0
19745.0
19635.0
19281.0
19125.0
18959.0
19099.0
19081.0
19779.0
20283.0
20006.0
19407.0
18523.0
17476.0
16459.0
15880.0
15741.0
15682.0
15749.0
15948.0
16879.0
18819.0
20157.0
20400.0
20275.0
19996.0
19817.0
19517.0
19368.0
19294.0
19249.0
19127.0
19838.0
20564.0
20283.0
19691.0
18913.0
17843.0
16929.0
16340.0
16146.0
16145.0
16338.0
16692.0
17658.0
19645.0
21010.0
21109.0
20555.0
20183.0
19797.0
19297.0
18887.0
18727.0
18747.0
18891.0
19706.0
20296.0
20002.0
19303.0
18436.0
17339.0
16277.0
15556.0
15216.0
15041.0
15068.0
15226.0
16094.0
18086.0
19453.0
19907.0
19864.0
19821.0
19577.0
19226.0
18841.0
18382.0
18083.0
18041.0
18679.0
19429.0
18945.0
18093.0
17246.0
16508.0
15762.0
15152.0
14835.0
14579.0
14474.0
14603.0
14809.0
15164.0
15607.0
16306.0
17016.0
17426.0
17482.0
17376.0
17178.0
17004.0
16908.0
17084.0
17637.0
17967.0
17558.0
16843.0
16091.0
15457.0
14817.0
14284.0
14057.0
13845.0
13729.0
13656.0
13787.0
13995.0
14320.0
14846.0
15313.0
15452.0
15498.0
15304.0
15314.0
15156.0
15242.0
15568.0
16245.0
17283.0
17123.0
16649.0
15969.0
15077.0
14355.0
13803.0
13629.0
13703.0
13837.0
14109.0
15107.0
17205.0
18658.0
18851.0
18643.0
18481.0
18337.0
18140.0
17872.0
17738.0
17696.0
17516.0
18221.0
19161.0
19000.0
18394.0
17473.0
16397.0
15394.0
14782.0
14480.0
14441.0
14444.0
14658.0
15434.0
17196.0
18791.0
19265.0
19209.0
18975.0
18721.0
18280.0
17936.0
17832.0
17763.0
17642.0
18277.0
19060.0
18842.0
18234.0
17373.0
16349.0
15311.0
14786.0
14484.0
14515.0
14619.0
14833.0
15730.0
17437.0
18955.0
19094.0
18761.0
18589.0
18390.0
18078.0
17817.0
17671.0
17659.0
17693.0
18256.0
19179.0
19278.0
18888.0
18254.0
17198.0
16335.0
15677.0
15524.0
15634.0
15766.0
15967.0
16990.0
18836.0
20080.0
19863.0
19359.0
19001.0
18533.0
18203.0
18026.0
17837.0
17734.0
17555.0
18098.0
19114.0
19337.0
18905.0
18152.0
17236.0
16278.0
15675.0
15448.0
15430.0
15526.0
15899.0
16939.0
18772.0
20309.0
20261.0
19796.0
19447.0
18885.0
18321.0
17857.0
17473.0
17225.0
17194.0
17728.0
18665.0
18620.0
18061.0
17348.0
16647.0
16031.0
15512.0
15287.0
15213.0
15239.0
15405.0
15684.0
15948.0
16446.0
17019.0
17284.0
17130.0
16754.0
16363.0
16051.0
15758.0
15620.0
15842.0
16465.0
17556.0
17538.0
16977.0
16429.0
16013.0
15515.0
15043.0
14851.0
14787.0
14803.0
14885.0
15135.0
15147.0
15464.0
15869.0
16118.0
16234.0
16083.0
15950.0
15677.0
15513.0
15522.0
15849.0
16605.0
17640.0
17720.0
17310.0
16699.0
15957.0
15258.0
14860.0
14770.0
14751.0
14864.0
15146.0
16037.0
17625.0
19156.0
19274.0
18790.0
18647.0
18296.0
17961.0
17740.0
17658.0
17589.0
17486.0
17981.0
18791.0
18969.0
18380.0
17684.0
16631.0
15725.0
15235.0
15099.0
15035.0
15171.0
15432.0
16282.0
17986.0
19429.0
19389.0
18903.0
18565.0
18226.0
17736.0
17328.0
17156.0
17188.0
17195.0
17698.0
18572.0
18781.0
18148.0
17353.0
16277.0
15356.0
14791.0
14556.0
14650.0
14795.0
15078.0
15985.0
17744.0
19218.0
19166.0
18732.0
18462.0
18040.0
17606.0
17327.0
17176.0
17240.0
17245.0
17780.0
18687.0
18860.0
18306.0
17496.0
16531.0
15591.0
15099.0
14917.0
14988.0
15071.0
15423.0
16396.0
18132.0
19519.0
19341.0
18678.0
18344.0
17965.0
17583.0
17271.0
17139.0
17227.0
17166.0
17674.0
18374.0
18515.0
18033.0
17214.0
16147.0
15226.0
14587.0
14316.0
14220.0
14282.0
14562.0
15494.0
17310.0
18992.0
19233.0
19145.0
19426.0
19456.0
18957.0
18667.0
18495.0
18401.0
18449.0
18822.0
19145.0
18786.0
17986.0
17161.0
16364.0
15600.0
15033.0
14819.0
14741.0
14804.0
14939.0
15158.0
15416.0
16180.0
16939.0
17475.0
17643.0
17608.0
17450.0
17168.0
16926.0
16768.0
16858.0
17288.0
18231.0
18620.0
18258.0
17818.0
17243.0
16746.0
16569.0
16374.0
16277.0
16213.0
16256.0
16284.0
16229.0
16521.0
17130.0
17638.0
17771.0
17914.0
17893.0
17740.0
17581.0
17483.0
17667.0
18381.0
19175.0
19254.0
18598.0
17719.0
16855.0
16040.0
15545.0
15285.0
15197.0
15222.0
15401.0
16310.0
17992.0
19717.0
20180.0
20070.0
20099.0
19939.0
19638.0
19364.0
19103.0
19074.0
19041.0
19363.0
19691.0
19734.0
18934.0
18019.0
16860.0
15812.0
15086.0
14828.0
14782.0
14858.0
15051.0
15862.0
17595.0
18967.0
19076.0
18854.0
18661.0
18526.0
18181.0
17855.0
17636.0
17652.0
17617.0
17936.0
18645.0
19010.0
18552.0
17964.0
16961.0
15938.0
15264.0
15072.0
15030.0
15215.0
15532.0
16281.0
18018.0
19645.0
19986.0
19735.0
19632.0
19478.0
19346.0
19173.0
19167.0
19164.0
19086.0
19524.0
20006.0
20130.0
19512.0
18773.0
17646.0
16638.0
16015.0
15775.0
15750.0
15675.0
15929.0
16650.0
18252.0
19794.0
20247.0
20207.0
20347.0
20102.0
19897.0
19748.0
19649.0
19639.0
19509.0
19746.0
19953.0
19968.0
19247.0
18317.0
17187.0
16106.0
15398.0
15143.0
15127.0
15157.0
15382.0
16137.0
17758.0
19332.0
19676.0
19657.0
19570.0
19433.0
19144.0
18674.0
18354.0
18109.0
17950.0
18225.0
18640.0
18631.0
17883.0
17008.0
16307.0
15565.0
14906.0
14588.0
14449.0
14365.0
14506.0
14620.0
14874.0
15543.0
16140.0
16618.0
16698.0
16500.0
16136.0
15921.0
15615.0
15494.0
15567.0
16077.0
16827.0
17174.0
16616.0
15985.0
15483.0
14880.0
14440.0
14234.0
14234.0
14169.0
14265.0
14347.0
14423.0
14514.0
15112.0
15800.0
16533.0
16863.0
16921.0
16826.0
16682.0
16566.0
16640.0
16859.0
16997.0
17406.0
17540.0
16777.0
15917.0
15119.0
14558.0
14298.0
14214.0
14300.0
14498.0
15295.0
17070.0
18695.0
19280.0
19282.0
19341.0
19304.0
19130.0
18937.0
18864.0
18856.0
18599.0
18677.0
18525.0
18771.0
18867.0
18202.0
17153.0
16179.0
15451.0
15135.0
15103.0
15094.0
15250.0
16114.0
17729.0
19246.0
19612.0
19348.0
19262.0
19081.0
18752.0
18488.0
18183.0
18111.0
17927.0
18017.0
17927.0
18299.0
18665.0
17998.0
16982.0
16011.0
15377.0
15115.0
14921.0
14978.0
15182.0
15880.0
17580.0
19072.0
19400.0
19111.0
18935.0
18614.0
18247.0
17955.0
17658.0
17563.0
17317.0
17454.0
17588.0
18002.0
18460.0
17852.0
16978.0
16037.0
15355.0
15114.0
15091.0
15125.0
15378.0
16194.0
17746.0
19216.0
19683.0
19502.0
19286.0
18866.0
18385.0
17967.0
17600.0
17320.0
17208.0
17224.0
17074.0
17220.0
17509.0
16886.0
16040.0
15238.0
14637.0
14358.0
14299.0
14317.0
14383.0
14669.0
15002.0
15442.0
15903.0
16034.0
15992.0
15842.0
15553.0
15279.0
15032.0
14960.0
15041.0
15142.0
15155.0
15333.0
15862.0
15646.0
15184.0
14658.0
14164.0
13956.0
13902.0
13971.0
14020.0
14277.0
14353.0
14678.0
15215.0
15675.0
15772.0
15594.0
15376.0
15092.0
14934.0
14774.0
14762.0
14802.0
14661.0
14753.0
15372.0
15227.0
14821.0
14408.0
14005.0
13722.0
13662.0
13731.0
13857.0
14032.0
14102.0
14336.0
14618.0
14918.0
15088.0
15044.0
14931.0
14731.0
14488.0
14345.0
14369.0
14586.0
14792.0
15143.0
15769.0
15593.0
15105.0
14522.0
14121.0
13917.0
13924.0
13975.0
14147.0
14454.0
14665.0
15062.0
15537.0
15751.0
15849.0
15659.0
15258.0
14923.0
14667.0
14536.0
14592.0
14744.0
14948.0
15371.0
15909.0
15523.0
14770.0
14071.0
13633.0
13549.0
13549.0
13684.0
13812.0
14548.0
16192.0
17633.0
18111.0
17975.0
17905.0
17695.0
17369.0
16942.0
16724.0
16519.0
16143.0
16208.0
16158.0
16345.0
16846.0
16302.0
15296.0
14437.0
13817.0
13546.0
13538.0
13631.0
13806.0
14469.0
15927.0
17488.0
17801.0
17772.0
17637.0
17539.0
17300.0
17135.0
16953.0
16755.0
16369.0
16330.0
16185.0
16362.0
16952.0
16582.0
15675.0
14836.0
14184.0
13965.0
13831.0
13959.0
14166.0
14858.0
16090.0
17495.0
17472.0
17263.0
17177.0
17010.0
16809.0
16560.0
16418.0
16330.0
16100.0
16162.0
16050.0
16132.0
16716.0
16347.0
15513.0
14563.0
13780.0
13423.0
13378.0
13518.0
13843.0
14654.0
16214.0
17653.0
18144.0
18076.0
18104.0
17834.0
17488.0
17017.0
16477.0
16064.0
15703.0
15709.0
15619.0
15658.0
15876.0
15449.0
14717.0
14065.0
13409.0
13164.0
13087.0
13058.0
13072.0
13205.0
13373.0
13953.0
14577.0
15157.0
15318.0
14926.0
14462.0
14045.0
13686.0
13491.0
13490.0
13652.0
13696.0
13817.0
14207.0
14125.0
13557.0
13120.0
12816.0
12548.0
12429.0
12395.0
12537.0
12659.0
12636.0
13008.0
13637.0
14348.0
14764.0
14978.0
14971.0
14852.0
14676.0
14552.0
14654.0
14844.0
15122.0
15450.0
15831.0
15529.0
14724.0
13954.0
13483.0
13365.0
13335.0
13400.0
13617.0
14433.0
15984.0
17628.0
17928.0
17905.0
17813.0
17691.0
17506.0
17179.0
16958.0
16902.0
16615.0
16582.0
16428.0
16453.0
16904.0
16686.0
15717.0
14892.0
14308.0
14074.0
14210.0
14338.0
14714.0
15440.0
17071.0
18331.0
18595.0
18374.0
18400.0
18449.0
18300.0
18127.0
18038.0
17987.0
17728.0
17875.0
17777.0
17546.0
17511.0
16924.0
15861.0
14858.0
14292.0
13979.0
13973.0
14060.0
14329.0
14841.0
16410.0
17867.0
18100.0
17957.0
17998.0
17703.0
17334.0
17146.0
17001.0
16965.0
16908.0
17042.0
16865.0
16822.0
16970.0
16678.0
15725.0
14818.0
14248.0
13966.0
13839.0
14017.0
14170.0
14885.0
16374.0
17784.0
17990.0
17645.0
17581.0
17401.0
17061.0
16915.0
16733.0
16605.0
16346.0
16390.0
16299.0
16363.0
16814.0
16621.0
15736.0
14813.0
14121.0
13840.0
13894.0
13934.0
14109.0
14821.0
16484.0
18073.0
18426.0
18369.0
18268.0
18087.0
17791.0
17397.0
16933.0
16636.0
16350.0
16333.0
16150.0
15946.0
15959.0
16010.0
15389.0
14695.0
14196.0
14006.0
13932.0
13976.0
14105.0
14061.0
14292.0
14587.0
14966.0
15281.0
15238.0
15091.0
14775.0
14498.0
14220.0
14046.0
14151.0
14303.0
14431.0
14465.0
14631.0
14569.0
14032.0
13553.0
13023.0
12710.0
12639.0
12609.0
12790.0
12732.0
12842.0
13125.0
13646.0
14133.0
14410.0
14485.0
14319.0
14045.0
13804.0
13667.0
13672.0
13761.0
13944.0
14062.0
14348.0
14560.0
13832.0
13198.0
12747.0
12636.0
12517.0
12682.0
12870.0
13507.0
15067.0
16489.0
16773.0
16656.0
16640.0
16545.0
16358.0
16058.0
15805.0
15712.0
15309.0
15326.0
15035.0
15004.0
15249.0
15256.0
14385.0
13524.0
12982.0
12766.0
12680.0
12655.0
12888.0
13329.0
14627.0
15899.0
16293.0
16161.0
16125.0
15889.0
15579.0
15419.0
15206.0
15143.0
14948.0
14905.0
14720.0
14682.0
15060.0
15192.0
14302.0
13438.0
12835.0
12601.0
12575.0
12773.0
13021.0
13535.0
15240.0
16552.0
16743.0
16561.0
16462.0
16304.0
16135.0
15891.0
15724.0
15528.0
15268.0
15201.0
15028.0
14937.0
15170.0
15219.0
14215.0
13203.0
12627.0
12315.0
12216.0
12255.0
12397.0
12885.0
14531.0
16097.0
16450.0
16328.0
16360.0
16243.0
16125.0
16009.0
15830.0
15602.0
15388.0
15363.0
15161.0
15132.0
15295.0
15316.0
14382.0
13499.0
12841.0
12599.0
12675.0
12720.0
12903.0
13331.0
14904.0
16499.0
16785.0
16735.0
16693.0
16415.0
16174.0
15793.0
15507.0
15242.0
14972.0
15117.0
15000.0
14761.0
14724.0
14699.0
14111.0
13479.0
12829.0
12543.0
12398.0
12429.0
12456.0
12354.0
12566.0
13106.0
13767.0
14356.0
14570.0
14527.0
14399.0
14124.0
13919.0
13835.0
13854.0
14213.0
14307.0
14186.0
14190.0
14079.0
13474.0
12881.0
12340.0
12054.0
11923.0
11924.0
11900.0
11777.0
11930.0
12304.0
12864.0
13492.0
13923.0
14018.0
13839.0
13730.0
13603.0
13576.0
13617.0
13863.0
14082.0
14364.0
14570.0
14844.0
14193.0
13500.0
13011.0
12827.0
12775.0
12940.0
13241.0
13779.0
15537.0
17076.0
17183.0
17110.0
17069.0
16827.0
16731.0
16413.0
16185.0
16000.0
15711.0
15747.0
15491.0
15551.0
15608.0
15837.0
14953.0
13949.0
13261.0
13029.0
13072.0
13284.0
13442.0
13905.0
15671.0
16939.0
16905.0
16831.0
16839.0
16698.0
16356.0
16212.0
16017.0
15849.0
15605.0
15606.0
15295.0
15386.0
15563.0
15628.0
14781.0
13685.0
13135.0
12958.0
12928.0
13104.0
13308.0
13793.0
15412.0
17022.0
17283.0
17124.0
16910.0
16804.0
16693.0
16597.0
16368.0
16237.0
16027.0
15890.0
15736.0
15740.0
15887.0
15906.0
15128.0
14187.0
13597.0
13415.0
13328.0
13365.0
13612.0
14024.0
15610.0
17061.0
17496.0
17304.0
17386.0
17319.0
17179.0
16854.0
16617.0
16247.0
15985.0
15930.0
15396.0
15017.0
14845.0
15019.0
14486.0
13786.0
13186.0
12896.0
12755.0
12644.0
12602.0
12485.0
12759.0
13262.0
13845.0
14336.0
14613.0
14715.0
14692.0
14595.0
14415.0
14291.0
14288.0
14457.0
14410.0
14216.0
14165.0
14275.0
13789.0
13230.0
12838.0
12594.0
12521.0
12496.0
12551.0
12441.0
12703.0
13258.0
13829.0
14391.0
14638.0
14630.0
14522.0
14427.0
14282.0
14204.0
14205.0
14423.0
14389.0
14262.0
14171.0
14351.0
14032.0
13484.0
12972.0
12804.0
12733.0
12738.0
12786.0
12611.0
12650.0
12690.0
13021.0
13433.0
13647.0
13755.0
13754.0
13676.0
13460.0
13297.0
13285.0
13432.0
13556.0
13576.0
13664.0
13907.0
13503.0
12959.0
12579.0
12431.0
12388.0
12505.0
12581.0
13103.0
14783.0
16460.0
17046.0
17120.0
17165.0
17188.0
17034.0
16917.0
16719.0
16663.0
16516.0
16603.0
16373.0
16216.0
15977.0
15856.0
14928.0
13765.0
13031.0
12685.0
12594.0
12622.0
12642.0
12966.0
14630.0
16234.0
16666.0
16544.0
16537.0
16551.0
16378.0
16217.0
16087.0
16131.0
15853.0
16047.0
15900.0
15764.0
15604.0
15337.0
14281.0
13287.0
12637.0
12306.0
12287.0
12331.0
12359.0
12793.0
14536.0
16074.0
16491.0
16473.0
16380.0
16241.0
16125.0
15874.0
15632.0
15557.0
15306.0
15188.0
14979.0
14813.0
14643.0
14680.0
14110.0
13079.0
12473.0
12242.0
12151.0
12159.0
12126.0
12455.0
14028.0
15605.0
16048.0
15981.0
15959.0
15905.0
15893.0
15789.0
15590.0
15575.0
15275.0
15315.0
15034.0
14862.0
14800.0
14925.0
14235.0
13268.0
12636.0
12393.0
12282.0
12328.0
12373.0
12724.0
14520.0
16090.0
16496.0
16502.0
16484.0
16388.0
16216.0
15731.0
15280.0
14996.0
14669.0
14689.0
14466.0
14192.0
14024.0
14127.0
13885.0
13274.0
12708.0
12482.0
12393.0
12521.0
12396.0
12247.0
12432.0
12843.0
13459.0
13931.0
14084.0
13988.0
13780.0
13584.0
13395.0
13308.0
13469.0
13722.0
13687.0
13591.0
13425.0
13486.0
13159.0
12656.0
12184.0
11897.0
11730.0
11706.0
11582.0
11458.0
11725.0
12194.0
12887.0
13490.0
13955.0
14166.0
14355.0
14295.0
14187.0
14116.0
14213.0
14358.0
14374.0
14437.0
14395.0
14425.0
14161.0
13473.0
12965.0
12780.0
12867.0
13026.0
12981.0
13476.0
15000.0
16348.0
16633.0
16447.0
16455.0
16391.0
16192.0
16025.0
15662.0
15558.0
15354.0
15285.0
15000.0
14895.0
14767.0
14744.0
14017.0
13113.0
12311.0
11946.0
11895.0
11822.0
11784.0
12190.0
13990.0
15520.0
15980.0
16059.0
16161.0
16280.0
16123.0
16011.0
15933.0
16016.0
15827.0
15947.0
15772.0
15554.0
15276.0
15026.0
14284.0
13324.0
12709.0
12451.0
12340.0
12320.0
12348.0
12818.0
14568.0
16168.0
16769.0
16740.0
16783.0
16684.0
16491.0
16306.0
16209.0
16099.0
15667.0
15741.0
15618.0
15347.0
15035.0
14870.0
14486.0
13640.0
12938.0
12646.0
12519.0
12532.0
12357.0
12335.0
12738.0
13211.0
13857.0
14314.0
14501.0
14594.0
14488.0
14240.0
14034.0
13880.0
13955.0
14110.0
14097.0
14086.0
14035.0
14099.0
13994.0
13408.0
12884.0
12652.0
12568.0
12592.0
12502.0
12735.0
13594.0
14625.0
15205.0
15403.0
15516.0
15503.0
15367.0
15115.0
14966.0
14928.0
14729.0
14764.0
14599.0
14316.0
14001.0
13981.0
13921.0
13392.0
12802.0
12587.0
12578.0
12576.0
12364.0
12223.0
12345.0
12697.0
13270.0
13765.0
13992.0
13940.0
13833.0
13670.0
13613.0
13596.0
13705.0
14020.0
14099.0
14026.0
13749.0
13702.0
13417.0
12921.0
12491.0
12218.0
12094.0
12120.0
11963.0
11785.0
11998.0
12408.0
13077.0
13734.0
14147.0
14421.0
14495.0
14441.0
14348.0
14260.0
14377.0
14515.0
14577.0
14658.0
14528.0
14453.0
14183.0
13492.0
12927.0
12718.0
12646.0
12605.0
12531.0
13088.0
14941.0
16457.0
16847.0
16789.0
16855.0
16780.0
16586.0
16341.0
16006.0
15871.0
15674.0
15697.0
15487.0
15284.0
15053.0
14845.0
14395.0
13486.0
12932.0
12593.0
12538.0
12573.0
12621.0
13045.0
14669.0
16341.0
16829.0
16800.0
16875.0
16924.0
16713.0
16665.0
16506.0
16342.0
16232.0
16250.0
15930.0
15657.0
15364.0
15198.0
14568.0
13617.0
12947.0
12791.0
12741.0
12696.0
12647.0
13131.0
14801.0
16031.0
16319.0
16297.0
16350.0
16364.0
16269.0
16212.0
16002.0
15935.0
15575.0
15692.0
15315.0
15109.0
14948.0
14903.0
14641.0
13693.0
12975.0
12740.0
12634.0
12613.0
12519.0
13051.0
14583.0
15916.0
16222.0
16002.0
16068.0
15962.0
15874.0
15563.0
15547.0
15443.0
15116.0
15163.0
14778.0
14592.0
14366.0
14103.0
13830.0
13094.0
12338.0
12074.0
11945.0
11939.0
11857.0
12281.0
13928.0
15523.0
15965.0
16008.0
16172.0
16044.0
15902.0
15554.0
15192.0
14913.0
14642.0
14668.0
14446.0
14133.0
13667.0
13339.0
13044.0
12448.0
11815.0
11630.0
11471.0
11458.0
11247.0
11269.0
11595.0
12123.0
12827.0
13390.0
13633.0
13666.0
13618.0
13450.0
13107.0
12899.0
12791.0
12849.0
12817.0
12697.0
12475.0
12459.0
12561.0
12337.0
11928.0
11652.0
11421.0
11311.0
11061.0
10969.0
11062.0
11355.0
11911.0
12435.0
12782.0
12933.0
12878.0
12705.0
12548.0
12419.0
12482.0
12675.0
12843.0
13012.0
12961.0
12853.0
12755.0
12057.0
11434.0
11255.0
11178.0
11194.0
11153.0
11652.0
13458.0
15299.0
15830.0
16050.0
16130.0
16139.0
16004.0
15862.0
15781.0
15676.0
15415.0
15414.0
15183.0
14966.0
14613.0
14349.0
13910.0
13076.0
12500.0
12092.0
12019.0
11988.0
11809.0
12311.0
14063.0
15606.0
16009.0
16025.0
16138.0
16193.0
16019.0
15918.0
15780.0
15727.0
15515.0
15400.0
15022.0
14892.0
14693.0
14448.0
14159.0
13346.0
12659.0
12361.0
12267.0
12220.0
12196.0
12685.0
14299.0
15715.0
16260.0
16351.0
16402.0
16465.0
16266.0
16133.0
15919.0
15719.0
15348.0
15313.0
14962.0
14781.0
14571.0
14328.0
14248.0
13448.0
12745.0
12551.0
12459.0
12380.0
12306.0
12735.0
14342.0
15811.0
16240.0
16090.0
16210.0
16131.0
15945.0
15906.0
15777.0
15796.0
15481.0
15447.0
15189.0
14984.0
14773.0
14519.0
14086.0
13199.0
12498.0
12204.0
12058.0
12005.0
11884.0
12457.0
14085.0
15572.0
16100.0
16173.0
16256.0
16093.0
15861.0
15543.0
15181.0
14959.0
14753.0
14746.0
14486.0
14089.0
13766.0
13474.0
13430.0
12986.0
12404.0
12105.0
11926.0
11789.0
11594.0
11447.0
11833.0
12371.0
13204.0
13932.0
14304.0
14414.0
14377.0
14301.0
14228.0
14161.0
14210.0
14266.0
14237.0
13903.0
13643.0
13459.0
13415.0
12934.0
12525.0
12205.0
12125.0
12007.0
11732.0
11684.0
11950.0
12318.0
12962.0
13601.0
14042.0
14126.0
14065.0
14020.0
13809.0
13621.0
13544.0
13637.0
13602.0
13727.0
13620.0
13511.0
13354.0
12754.0
12171.0
11923.0
11885.0
11841.0
11843.0
12375.0
14186.0
15854.0
16465.0
16591.0
16596.0
16569.0
16430.0
16092.0
15982.0
15850.0
15505.0
15332.0
15058.0
14965.0
14696.0
14498.0
14215.0
13431.0
12631.0
12364.0
12303.0
12264.0
12228.0
12639.0
14163.0
15787.0
16209.0
16252.0
16257.0
16347.0
16172.0
16016.0
16049.0
16115.0
15898.0
16102.0
15893.0
15641.0
15339.0
14816.0
14168.0
13335.0
12599.0
12206.0
12043.0
11994.0
11903.0
12457.0
14168.0
15556.0
16023.0
16099.0
16281.0
16309.0
16214.0
16093.0
15861.0
15828.0
15474.0
15432.0
15151.0
14908.0
14627.0
14356.0
14018.0
13288.0
12583.0
12295.0
12213.0
12155.0
12040.0
12436.0
13935.0
15399.0
15815.0
15755.0
15886.0
15795.0
15639.0
15524.0
15391.0
15248.0
14917.0
14619.0
14239.0
14017.0
13768.0
13531.0
13255.0
12733.0
12155.0
11899.0
11835.0
11732.0
11639.0
12046.0
13413.0
14953.0
15487.0
15422.0
15464.0
15252.0
15068.0
14683.0
14290.0
14005.0
13687.0
13580.0
13244.0
12779.0
12381.0
12145.0
12078.0
11671.0
11099.0
10817.0
10663.0
10436.0
10162.0
10125.0
10387.0
11024.0
11832.0
12502.0
12983.0
13126.0
13018.0
12821.0
12732.0
12598.0
12537.0
12613.0
12469.0
12308.0
12087.0
11929.0
11968.0
11769.0
11282.0
10940.0
10817.0
10688.0
10508.0
10418.0
10600.0
11062.0
11797.0
12514.0
12963.0
13208.0
13214.0
13132.0
13039.0
12954.0
13066.0
13148.0
13194.0
13284.0
13193.0
12953.0
12796.0
12363.0
11817.0
11528.0
11548.0
11471.0
11314.0
11972.0
13702.0
15333.0
15906.0
16059.0
16235.0
16179.0
16036.0
15854.0
15789.0
15621.0
15235.0
15167.0
14773.0
14476.0
14243.0
13972.0
13799.0
13090.0
12550.0
12279.0
12256.0
12126.0
12037.0
12471.0
13963.0
15440.0
15785.0
15754.0
15795.0
15865.0
15783.0
15667.0
15547.0
15407.0
15027.0
14808.0
14518.0
14239.0
13975.0
13781.0
13494.0
12844.0
12273.0
11941.0
11831.0
11734.0
11524.0
12063.0
13635.0
15099.0
15602.0
15595.0
15763.0
15762.0
15796.0
15613.0
15444.0
15177.0
14944.0
14772.0
14446.0
14147.0
13907.0
13613.0
13260.0
12651.0
12037.0
11621.0
11474.0
11339.0
11207.0
11751.0
13423.0
14942.0
15481.0
15564.0
15596.0
15726.0
15704.0
15620.0
15517.0
15341.0
15029.0
14925.0
14511.0
14162.0
14005.0
13597.0
13200.0
12721.0
12053.0
11676.0
11499.0
11312.0
11243.0
11645.0
13186.0
14649.0
15226.0
15360.0
15603.0
15484.0
15306.0
14981.0
14639.0
14364.0
14097.0
13931.0
13458.0
13017.0
12671.0
12309.0
12211.0
11863.0
11334.0
11093.0
10942.0
10647.0
10407.0
10344.0
10664.0
11242.0
12039.0
12693.0
13055.0
13164.0
13117.0
12965.0
12774.0
12666.0
12443.0
12602.0
12655.0
12373.0
12129.0
11939.0
11889.0
11471.0
11069.0
10759.0
10608.0
10408.0
10202.0
10095.0
10372.0
10857.0
11588.0
12260.0
12811.0
13098.0
13118.0
13108.0
12917.0
12825.0
12774.0
12984.0
13084.0
12996.0
12852.0
12588.0
12488.0
12139.0
11760.0
11503.0
11486.0
11378.0
11252.0
11705.0
13321.0
15011.0
15596.0
15768.0
15812.0
15901.0
15920.0
15659.0
15643.0
15464.0
15150.0
14976.0
14636.0
14476.0
14227.0
13831.0
13605.0
13114.0
12464.0
12117.0
11962.0
11739.0
11654.0
12033.0
13582.0
14951.0
15472.0
15442.0
15613.0
15627.0
15571.0
15544.0
15378.0
15300.0
15005.0
14938.0
14611.0
14264.0
14036.0
13719.0
13450.0
12998.0
12395.0
12132.0
12012.0
11944.0
11846.0
12269.0
13735.0
14994.0
15538.0
15753.0
15899.0
15909.0
15823.0
15763.0
15664.0
15664.0
15411.0
15469.0
15196.0
15040.0
14733.0
14262.0
13825.0
13029.0
12323.0
11975.0
11813.0
11684.0
11500.0
11974.0
13537.0
15085.0
15770.0
15938.0
16054.0
15965.0
15738.0
15480.0
15236.0
15005.0
14720.0
14690.0
14458.0
14121.0
13752.0
13338.0
12876.0
12205.0
11435.0
11033.0
10840.0
10587.0
10326.0
10426.0
10899.0
11564.0
12325.0
13040.0
13405.0
13500.0
13339.0
12902.0
12592.0
12333.0
12201.0
12074.0
11873.0
11678.0
11580.0
11499.0
11620.0
11496.0
11087.0
10854.0
10600.0
10372.0
10114.0
10015.0
10199.0
10511.0
10958.0
11414.0
11765.0
11875.0
11799.0
11707.0
11650.0
11545.0
11534.0
11616.0
11635.0
11576.0
11438.0
11337.0
11363.0
11328.0
10819.0
10578.0
10382.0
10236.0
10009.0
9983.0
10181.0
10608.0
11221.0
11848.0
12286.0
12494.0
12461.0
12407.0
12277.0
12263.0
12215.0
12356.0
12421.0
12454.0
12345.0
12201.0
12098.0
11865.0
11332.0
11090.0
10982.0
10896.0
10882.0
11292.0
12793.0
14407.0
15077.0
15400.0
15690.0
15782.0
15683.0
15634.0
15643.0
15595.0
15203.0
15067.0
14757.0
14588.0
14138.0
13688.0
13371.0
12769.0
12117.0
11786.0
11713.0
11529.0
11389.0
11819.0
13245.0
14626.0
15262.0
15402.0
15630.0
15561.0
15501.0
15474.0
15287.0
15214.0
14947.0
14945.0
14701.0
14311.0
13978.0
13525.0
13142.0
12603.0
11883.0
11504.0
11305.0
11160.0
11052.0
11501.0
13015.0
14529.0
15197.0
15354.0
15606.0
15704.0
15634.0
15557.0
15477.0
15322.0
14904.0
14972.0
14802.0
14627.0
14315.0
13930.0
13545.0
12843.0
12153.0
11780.0
11646.0
11500.0
11318.0
11853.0
13407.0
14915.0
15524.0
15673.0
15881.0
15934.0
15746.0
15642.0
15488.0
15314.0
14917.0
14824.0
14526.0
14406.0
14026.0
13737.0
13337.0
12785.0
12112.0
11744.0
11606.0
11472.0
11304.0
11796.0
13385.0
14842.0
15359.0
15545.0
15816.0
15719.0
15474.0
15227.0
14835.0
14519.0
14204.0
14017.0
13696.0
13304.0
12941.0
12622.0
12453.0
12088.0
11511.0
11178.0
10960.0
10707.0
10368.0
10414.0
10731.0
11217.0
11962.0
12742.0
13116.0
13166.0
13078.0
12872.0
12593.0
12422.0
12374.0
12571.0
12515.0
12382.0
12098.0
11900.0
11799.0
11623.0
11072.0
10768.0
10604.0
10369.0
10133.0
10080.0
10263.0
10688.0
11417.0
12126.0
12481.0
12709.0
12704.0
12574.0
12454.0
12419.0
12490.0
12728.0
12852.0
12865.0
12673.0
12383.0
12224.0
11755.0
11265.0
10936.0
10787.0
10602.0
10569.0
10907.0
12451.0
14064.0
14923.0
15344.0
15639.0
15602.0
15487.0
15546.0
15387.0
15248.0
14783.0
14732.0
14510.0
14153.0
13750.0
13371.0
12948.0
12301.0
11520.0
11168.0
11072.0
10847.0
10687.0
11087.0
12435.0
13929.0
14678.0
14943.0
15173.0
15244.0
15073.0
14869.0
14880.0
14818.0
14555.0
14384.0
14054.0
13864.0
13577.0
13208.0
12899.0
12356.0
11802.0
11380.0
11162.0
11012.0
10841.0
11237.0
12620.0
14103.0
14830.0
15129.0
15331.0
15288.0
15049.0
14899.0
14796.0
14724.0
14511.0
14274.0
13858.0
13485.0
13196.0
12767.0
12433.0
11992.0
11284.0
10908.0
10691.0
10433.0
10264.0
10690.0
11994.0
13452.0
14322.0
14678.0
14912.0
14910.0
14804.0
14759.0
14639.0
14541.0
14276.0
14112.0
13765.0
13386.0
13108.0
12701.0
12355.0
11895.0
11261.0
10839.0
10650.0
10406.0
10250.0
10655.0
12090.0
13596.0
14388.0
14648.0
14998.0
14907.0
14665.0
14425.0
14134.0
13888.0
13635.0
13430.0
13215.0
12809.0
12372.0
11931.0
11814.0
11447.0
10844.0
10364.0
10100.0
9867.0
9657.0
9616.0
9915.0
10549.0
11352.0
12019.0
12346.0
12425.0
12413.0
12320.0
12184.0
12028.0
12025.0
12099.0
11967.0
11803.0
11640.0
11428.0
11291.0
11103.0
10636.0
10319.0
10126.0
9970.0
9648.0
9556.0
9845.0
10306.0
10951.0
11667.0
12154.0
12383.0
12360.0
12345.0
12173.0
12184.0
12149.0
12301.0
12321.0
12235.0
12074.0
11915.0
11818.0
11373.0
10781.0
10374.0
10278.0
10142.0
9982.0
10316.0
11395.0
12595.0
13496.0
14003.0
14433.0
14524.0
14407.0
14397.0
14249.0
14160.0
13866.0
13617.0
13383.0
13131.0
12789.0
12308.0
12194.0
11613.0
10948.0
10634.0
10390.0
10271.0
10152.0
10436.0
11499.0
12728.0
13435.0
13914.0
14218.0
14218.0
14216.0
14136.0
14041.0
13878.0
13729.0
13703.0
13456.0
13271.0
12958.0
12653.0
12367.0
11796.0
11119.0
10772.0
10484.0
10326.0
10242.0
10476.0
11568.0
12723.0
13491.0
13950.0
14296.0
14411.0
14376.0
14329.0
14099.0
13965.0
13749.0
13765.0
13580.0
13150.0
12806.0
12429.0
12202.0
11632.0
11017.0
10672.0
10491.0
10310.0
10243.0
10461.0
11514.0
12597.0
13394.0
13864.0
14208.0
14336.0
14343.0
14247.0
14138.0
14077.0
13769.0
13736.0
13530.0
13293.0
13042.0
12660.0
12395.0
11726.0
11209.0
10888.0
10747.0
10675.0
10457.0
10773.0
11788.0
12905.0
13646.0
14075.0
14346.0
14388.0
14268.0
14025.0
13754.0
13478.0
13315.0
13244.0
12997.0
12677.0
12298.0
12000.0
11845.0
11526.0
11024.0
10616.0
10431.0
10254.0
9893.0
9849.0
10056.0
10580.0
11262.0
11825.0
12223.0
12255.0
12198.0
12102.0
11922.0
11815.0
11792.0
11901.0
11831.0
11656.0
11453.0
11300.0
11293.0
10996.0
10507.0
10237.0
10075.0
9902.0
9611.0
9496.0
9629.0
10008.0
10649.0
11324.0
11785.0
12047.0
12147.0
12040.0
11942.0
11934.0
11972.0
12095.0
12056.0
12028.0
11870.0
11681.0
11487.0
11024.0
10488.0
10142.0
9986.0
9866.0
9760.0
10034.0
10943.0
11992.0
12734.0
13297.0
13560.0
13566.0
13570.0
13347.0
13284.0
13173.0
12995.0
12961.0
12737.0
12477.0
12300.0
11944.0
11757.0
11250.0
10622.0
10314.0
10171.0
10053.0
9879.0
10102.0
10870.0
11846.0
12582.0
12987.0
13271.0
13406.0
13374.0
13352.0
13177.0
13126.0
12970.0
13006.0
12847.0
12578.0
12251.0
11905.0
11769.0
11352.0
10738.0
10360.0
10191.0
10113.0
9955.0
10153.0
11011.0
12050.0
12792.0
13161.0
13401.0
13493.0
13538.0
13491.0
13342.0
13164.0
12950.0
12952.0
12745.0
12565.0
12225.0
11958.0
11823.0
11344.0
10793.0
10418.0
10258.0
10159.0
9932.0
10150.0
10977.0
12069.0
12763.0
13249.0
13530.0
13510.0
13453.0
13382.0
13183.0
13037.0
12798.0
12790.0
12539.0
12183.0
11998.0
11828.0
11779.0
11266.0
10677.0
10210.0
9975.0
9894.0
9807.0
10069.0
10946.0
11959.0
12691.0
13082.0
13272.0
13189.0
12982.0
12803.0
12597.0
12414.0
12299.0
12258.0
12124.0
11858.0
11552.0
11434.0
11309.0
10944.0
10379.0
10034.0
9853.0
9744.0
9537.0
9399.0
9607.0
10115.0
10831.0
11506.0
11945.0
12032.0
11919.0
11829.0
11669.0
11548.0
11503.0
11577.0
11517.0
11347.0
11099.0
10929.0
11018.0
10698.0
10224.0
9904.0
9745.0
9620.0
9363.0
9242.0
9377.0
9727.0
10371.0
11010.0
11485.0
11696.0
11728.0
11686.0
11594.0
11514.0
11555.0
11717.0
11776.0
11748.0
11615.0
11437.0
11340.0
10811.0
10223.0
9863.0
9612.0
9560.0
9493.0
9616.0
10442.0
11509.0
12374.0
12873.0
13204.0
13265.0
13237.0
13087.0
12924.0
12805.0
12669.0
12717.0
12631.0
12353.0
11977.0
11710.0
11672.0
11161.0
10531.0
10144.0
9953.0
9836.0
9591.0
9620.0
10165.0
11100.0
11825.0
12390.0
12717.0
12874.0
12920.0
12870.0
12749.0
12663.0
12567.0
12581.0
12446.0
12240.0
11874.0
11593.0
11433.0
10858.0
10239.0
9951.0
9819.0
9770.0
9610.0
9767.0
10562.0
11626.0
12406.0
12908.0
13236.0
13291.0
13297.0
13263.0
13146.0
12995.0
12810.0
12789.0
12550.0
12259.0
11935.0
11736.0
11632.0
11024.0
10442.0
10039.0
9837.0
9734.0
9609.0
9658.0
10398.0
11389.0
12209.0
12708.0
13050.0
13173.0
13158.0
13072.0
12978.0
12802.0
12652.0
12636.0
12431.0
12241.0
11985.0
11822.0
11796.0
11228.0
10636.0
10283.0
10069.0
10002.0
9832.0
9993.0
10781.0
11750.0
12514.0
12957.0
13198.0
13205.0
13122.0
13022.0
12850.0
12671.0
12538.0
12493.0
12275.0
11953.0
11569.0
11486.0
11460.0
11117.0
10616.0
10314.0
10179.0
10059.0
9796.0
9666.0
9800.0
10240.0
10890.0
11548.0
11960.0
12139.0
12208.0
12192.0
12099.0
12086.0
12145.0
12232.0
12213.0
12078.0
11882.0
11696.0
11469.0
10959.0
10417.0
10099.0
9962.0
9838.0
9675.0
9543.0
9698.0
10077.0
10651.0
11286.0
11871.0
12210.0
12294.0
12210.0
12087.0
11944.0
11960.0
12080.0
12137.0
12137.0
12019.0
11816.0
11633.0
11004.0
10480.0
10185.0
10039.0
10015.0
9966.0
10099.0
11056.0
12246.0
13141.0
13662.0
13928.0
13917.0
13845.0
13839.0
13702.0
13619.0
13434.0
13471.0
13300.0
13090.0
12746.0
12553.0
12214.0
11440.0
10824.0
10430.0
10227.0
10166.0
10066.0
10135.0
11063.0
12219.0
13070.0
13592.0
13890.0
13979.0
13959.0
13808.0
13640.0
13432.0
13191.0
13108.0
12885.0
12758.0
12438.0
12251.0
11995.0
11271.0
10682.0
10350.0
10189.0
10149.0
10053.0
10148.0
11032.0
12149.0
12933.0
13445.0
13851.0
13839.0
13688.0
13696.0
13545.0
13423.0
13232.0
13281.0
13122.0
12898.0
12611.0
12432.0
12152.0
11470.0
10930.0
10568.0
10378.0
10247.0
10223.0
10285.0
11015.0
12110.0
12942.0
13379.0
13722.0
13926.0
13903.0
13733.0
13546.0
13368.0
13189.0
13180.0
12905.0
12601.0
12411.0
12295.0
12087.0
11407.0
10807.0
10441.0
10248.0
10182.0
10115.0
10237.0
11121.0
12208.0
13075.0
13513.0
13752.0
13754.0
13621.0
13449.0
13238.0
13071.0
12945.0
12924.0
12842.0
12558.0
12198.0
12180.0
12050.0
11524.0
10852.0
10501.0
10333.0
10258.0
10171.0
10042.0
10231.0
10621.0
11235.0
11942.0
12314.0
12351.0
12281.0
12148.0
11918.0
11860.0
11897.0
11991.0
11962.0
11846.0
11730.0
11814.0
11812.0
11328.0
10889.0
10606.0
10436.0
10377.0
10241.0
9999.0
10133.0
10472.0
11066.0
11776.0
12177.0
12400.0
12399.0
12315.0
12142.0
11946.0
12029.0
12215.0
12319.0
12330.0
12241.0
12322.0
12240.0
11484.0
10856.0
10630.0
10587.0
10544.0
10500.0
10700.0
11917.0
13183.0
13962.0
14306.0
14597.0
14584.0
14517.0
14411.0
14365.0
14147.0
13819.0
13752.0
13476.0
13203.0
12968.0
12896.0
12639.0
11767.0
11084.0
10733.0
10627.0
10649.0
10599.0
10685.0
11811.0
13109.0
13803.0
14118.0
14422.0
14398.0
14401.0
14370.0
14298.0
14161.0
13910.0
13867.0
13627.0
13289.0
13015.0
13036.0
12707.0
11875.0
11282.0
10919.0
10720.0
10642.0
10611.0
10844.0
12009.0
13478.0
14238.0
14674.0
14956.0
15058.0
15092.0
15015.0
14823.0
14689.0
14487.0
14393.0
14118.0
13863.0
13558.0
13459.0
12996.0
12119.0
11334.0
10987.0
10795.0
10756.0
10704.0
10914.0
12161.0
13587.0
14396.0
14817.0
15069.0
15064.0
15029.0
15007.0
14932.0
14773.0
14458.0
14262.0
13963.0
13659.0
13375.0
13359.0
12940.0
12018.0
11317.0
10883.0
10826.0
10662.0
10669.0
10818.0
12090.0
13496.0
14353.0
14849.0
15058.0
15029.0
14919.0
14603.0
14289.0
13959.0
13761.0
13636.0
13350.0
12928.0
12522.0
12498.0
12155.0
11487.0
10753.0
10343.0
10041.0
9925.0
9887.0
9682.0
9836.0
10406.0
11203.0
11995.0
12442.0
12529.0
12467.0
12320.0
12141.0
11998.0
11910.0
11914.0
11825.0
11699.0
11555.0
11719.0
11569.0
11133.0
10648.0
10303.0
10175.0
10097.0
10036.0
9785.0
9907.0
10326.0
10979.0
11610.0
12104.0
12279.0
12256.0
12156.0
12098.0
12075.0
12172.0
12488.0
12601.0
12640.0
12562.0
12715.0
12466.0
11719.0
11055.0
10766.0
10646.0
10655.0
10638.0
10895.0
12341.0
13711.0
14478.0
14780.0
15238.0
15335.0
15215.0
15188.0
15111.0
15013.0
14620.0
14599.0
14273.0
13996.0
13725.0
13773.0
13176.0
12096.0
11320.0
10980.0
10876.0
10804.0
10866.0
11047.0
12369.0
13928.0
14674.0
14991.0
15345.0
15429.0
15353.0
15330.0
15227.0
15061.0
14774.0
14715.0
14300.0
14031.0
13743.0
13733.0
13139.0
12107.0
11327.0
10983.0
10907.0
10903.0
10973.0
11289.0
12724.0
14306.0
14960.0
15333.0
15515.0
15575.0
15598.0
15528.0
15388.0
15161.0
14841.0
14815.0
14511.0
14343.0
13979.0
14076.0
13506.0
12563.0
11917.0
11523.0
11359.0
11342.0
11443.0
11657.0
12946.0
14259.0
14759.0
14951.0
15185.0
15163.0
15055.0
15098.0
14971.0
14770.0
14381.0
14286.0
13955.0
13806.0
13486.0
13542.0
12911.0
12018.0
11382.0
10989.0
10863.0
10842.0
10869.0
11141.0
12523.0
13942.0
14599.0
14887.0
15155.0
15095.0
14947.0
14556.0
14199.0
13950.0
13646.0
13535.0
13210.0
12888.0
12594.0
12750.0
12371.0
11755.0
11081.0
10759.0
10548.0
10402.0
10404.0
10183.0
10285.0
10813.0
11621.0
12356.0
12830.0
12869.0
12697.0
12564.0
12405.0
12332.0
12355.0
12459.0
12380.0
12220.0
12076.0
12263.0
11845.0
11309.0
10809.0
10475.0
10328.0
10203.0
10078.0
9883.0
9805.0
10271.0
10953.0
11661.0
12204.0
12492.0
12613.0
12529.0
12393.0
12356.0
12423.0
12529.0
12485.0
12543.0
12527.0
12660.0
11986.0
11260.0
10671.0
10473.0
10403.0
10420.0
10589.0
10961.0
12504.0
14048.0
14703.0
15045.0
15231.0
15313.0
15239.0
15157.0
15020.0
14886.0
14495.0
14367.0
14028.0
13831.0
13559.0
13702.0
12943.0
11929.0
11225.0
10903.0
10745.0
10778.0
10725.0
11060.0
12518.0
14044.0
14606.0
14695.0
14963.0
15011.0
14946.0
14877.0
14828.0
14702.0
14505.0
14538.0
14070.0
13831.0
13705.0
13765.0
12840.0
11816.0
11216.0
10980.0
10862.0
10962.0
11000.0
11279.0
12774.0
14413.0
14819.0
14901.0
15203.0
15167.0
15185.0
15242.0
15119.0
15056.0
14726.0
14607.0
14191.0
13989.0
13820.0
13884.0
13001.0
11985.0
11333.0
11057.0
10914.0
10919.0
11075.0
11394.0
12916.0
14455.0
14870.0
15036.0
15116.0
15267.0
15255.0
15222.0
15020.0
14912.0
14662.0
14651.0
14218.0
13971.0
13970.0
14000.0
13058.0
11978.0
11304.0
10993.0
10863.0
10836.0
10961.0
11318.0
12903.0
14547.0
14928.0
15052.0
15276.0
15249.0
15106.0
14826.0
14504.0
14269.0
13888.0
13900.0
13587.0
13051.0
12818.0
12947.0
12217.0
11412.0
10837.0
10504.0
10455.0
10449.0
10497.0
10409.0
10584.0
11243.0
12114.0
12858.0
13088.0
13030.0
12875.0
12610.0
12368.0
12248.0
12278.0
12518.0
12322.0
12064.0
12095.0
12321.0
11791.0
11227.0
10763.0
10468.0
10309.0
10230.0
10237.0
10074.0
10195.0
10654.0
11310.0
11928.0
12330.0
12517.0
12496.0
12402.0
12397.0
12343.0
12357.0
12550.0
12716.0
12728.0
12880.0
12977.0
12180.0
11405.0
10946.0
10724.0
10607.0
10634.0
10831.0
11296.0
12744.0
14456.0
15121.0
15452.0
15600.0
15617.0
15714.0
15659.0
15439.0
15534.0
15312.0
15052.0
14722.0
14435.0
14364.0
14127.0
12925.0
11950.0
11278.0
11053.0
10922.0
10911.0
10903.0
11347.0
12814.0
14578.0
15201.0
15352.0
15516.0
15540.0
15447.0
15313.0
15268.0
15083.0
14721.0
14644.0
14431.0
14277.0
14236.0
13854.0
12903.0
11942.0
11259.0
10982.0
10909.0
10841.0
10904.0
11383.0
12852.0
14574.0
15118.0
15243.0
15351.0
15328.0
15378.0
15258.0
15196.0
15265.0
15015.0
14954.0
14634.0
14594.0
14684.0
14214.0
13063.0
12048.0
11433.0
11161.0
10986.0
10973.0
11171.0
11498.0
12968.0
14629.0
15329.0
15518.0
15709.0
15718.0
15802.0
15657.0
15539.0
15474.0
15212.0
15291.0
14943.0
14761.0
14806.0
14442.0
13320.0
12195.0
11480.0
11173.0
11017.0
10971.0
11087.0
11530.0
13098.0
14824.0
15449.0
15580.0
15620.0
15438.0
15210.0
14899.0
14666.0
14377.0
14079.0
13960.0
13695.0
13329.0
13409.0
13096.0
12270.0
11547.0
10950.0
10652.0
10524.0
10453.0
10496.0
10562.0
10742.0
11340.0
12340.0
13015.0
13262.0
13231.0
13119.0
12884.0
12671.0
12566.0
12620.0
12667.0
12641.0
12528.0
12780.0
12643.0
12097.0
11479.0
11001.0
10754.0
10568.0
10501.0
10528.0
10461.0
10485.0
10991.0
11754.0
12538.0
12996.0
13244.0
13124.0
12827.0
12727.0
12728.0
12832.0
13031.0
13096.0
13236.0
13637.0
13368.0
12587.0
11639.0
11111.0
10972.0
10945.0
10922.0
11102.0
11713.0
13342.0
14835.0
15334.0
15439.0
15623.0
15695.0
15649.0
15593.0
15473.0
15356.0
15141.0
15362.0
15035.0
14928.0
15026.0
14458.0
13277.0
12154.0
11552.0
11276.0
11258.0
11256.0
11340.0
11793.0
13376.0
14994.0
15550.0
15664.0
15805.0
15834.0
15817.0
15722.0
15717.0
15691.0
15512.0
15459.0
15163.0
15114.0
15172.0
14495.0
13401.0
12360.0
11647.0
11395.0
11330.0
11319.0
11407.0
12057.0
13622.0
15249.0
15748.0
15743.0
16017.0
16104.0
16028.0
15872.0
15713.0
15683.0
15470.0
15440.0
15137.0
15059.0
15222.0
14693.0
13514.0
12538.0
11862.0
11603.0
11434.0
11438.0
11491.0
12066.0
13453.0
14988.0
15360.0
15416.0
15499.0
15557.0
15488.0
15467.0
15368.0
15240.0
15063.0
15050.0
14700.0
14693.0
15040.0
14417.0
13404.0
12361.0
11725.0
11361.0
11214.0
11221.0
11377.0
12069.0
13495.0
14972.0
15595.0
15682.0
15735.0
15707.0
15410.0
15083.0
14821.0
14441.0
14210.0
14156.0
13936.0
13838.0
14016.0
13502.0
12791.0
11983.0
11400.0
11057.0
10923.0
10886.0
10906.0
10973.0
11102.0
11659.0
12359.0
13050.0
13395.0
13465.0
13433.0
13346.0
13107.0
13033.0
13103.0
13281.0
13264.0
13217.0
13408.0
12915.0
12285.0
11740.0
11282.0
10989.0
10812.0
10802.0
10839.0
10897.0
10909.0
11289.0
12078.0
12704.0
13126.0
13275.0
13328.0
13317.0
13245.0
13168.0
13230.0
13388.0
13455.0
13690.0
14138.0
13746.0
12983.0
12290.0
11821.0
11686.0
11626.0
11729.0
11896.0
12712.0
14318.0
15940.0
16176.0
16075.0
16093.0
16079.0
15953.0
15778.0
15687.0
15569.0
15371.0
15384.0
15219.0
15337.0
15589.0
14732.0
13696.0
12620.0
12092.0
11846.0
11670.0
11600.0
11766.0
12350.0
13871.0
15352.0
15652.0
15712.0
15733.0
15694.0
15604.0
15522.0
15390.0
15181.0
14991.0
15073.0
14833.0
14996.0
15599.0
14922.0
14016.0
13098.0
12391.0
12068.0
12058.0
12179.0
12401.0
13018.0
14844.0
16245.0
16425.0
16310.0
16182.0
16071.0
15808.0
15676.0
15512.0
15338.0
15239.0
15104.0
14904.0
15130.0
15478.0
14733.0
13732.0
12789.0
12194.0
11960.0
11894.0
11879.0
12055.0
12722.0
14349.0
15706.0
15884.0
15717.0
15729.0
15652.0
15521.0
15419.0
15275.0
15274.0
15028.0
15001.0
14779.0
15132.0
15405.0
14612.0
13549.0
12542.0
11951.0
11609.0
11561.0
11521.0
11759.0
12404.0
13966.0
15539.0
15959.0
15951.0
15930.0
15702.0
15376.0
14943.0
14547.0
14297.0
14092.0
14128.0
13989.0
13990.0
13973.0
13287.0
12538.0
11856.0
11340.0
11130.0
10869.0
10786.0
10799.0
10929.0
11084.0
11665.0
12342.0
13068.0
13415.0
13456.0
13370.0
13253.0
12969.0
12890.0
12942.0
13093.0
13115.0
13264.0
13328.0
12805.0
12123.0
11507.0
11032.0
10735.0
10636.0
10580.0
10560.0
10655.0
10759.0
11071.0
11780.0
12392.0
12828.0
13202.0
13287.0
13218.0
13113.0
13019.0
13182.0
13591.0
13718.0
14016.0
13964.0
13217.0
12428.0
11698.0
11216.0
10926.0
10846.0
10923.0
11094.0
11784.0
13353.0
14743.0
15271.0
15446.0
15483.0
15539.0
15416.0
15353.0
15297.0
15246.0
14917.0
14911.0
14747.0
15119.0
14801.0
13972.0
12907.0
11880.0
11319.0
10984.0
10873.0
10862.0
11055.0
11675.0
13214.0
14598.0
15212.0
15341.0
15499.0
15553.0
15450.0
15333.0
15181.0
15126.0
14843.0
14913.0
14863.0
15299.0
15194.0
14408.0
13357.0
12248.0
11676.0
11356.0
11307.0
11272.0
11487.0
12182.0
13789.0
15385.0
15902.0
15773.0
15926.0
16022.0
15849.0
15671.0
15539.0
15603.0
15358.0
15437.0
15233.0
15525.0
15256.0
14395.0
13296.0
12163.0
11639.0
11332.0
11187.0
11077.0
11243.0
11876.0
13509.0
14964.0
15432.0
15582.0
15644.0
15646.0
15501.0
15370.0
15174.0
15116.0
14958.0
14941.0
14811.0
15080.0
14752.0
13923.0
12756.0
11880.0
11289.0
11041.0
10858.0
10806.0
10931.0
11611.0
13119.0
14513.0
15076.0
15207.0
15344.0
15276.0
15124.0
14899.0
14683.0
14450.0
14210.0
14173.0
14123.0
14285.0
13911.0
13151.0
12429.0
11652.0
11157.0
10862.0
10688.0
10628.0
10601.0
10764.0
11057.0
11419.0
12210.0
12945.0
13207.0
13201.0
13108.0
12989.0
12780.0
12661.0
12576.0
12770.0
12865.0
13298.0
13263.0
12721.0
12137.0
11626.0
11258.0
10886.0
10803.0
10778.0
10841.0
11057.0
11141.0
11435.0
12076.0
12651.0
13016.0
13185.0
13294.0
13181.0
13029.0
12946.0
13018.0
13214.0
13537.0
14203.0
14164.0
13420.0
12554.0
11834.0
11359.0
11196.0
11163.0
11232.0
11465.0
12161.0
14010.0
15577.0
16021.0
16070.0
16048.0
16052.0
15845.0
15691.0
15613.0
15635.0
15480.0
15545.0
15522.0
15865.0
15525.0
14692.0
13602.0
12533.0
12025.0
11710.0
11641.0
11664.0
11831.0
12399.0
14035.0
15510.0
15961.0
16003.0
16110.0
16111.0
16009.0
15859.0
15719.0
15701.0
15578.0
15732.0
15664.0
16018.0
15536.0
14590.0
13447.0
12548.0
11814.0
11560.0
11423.0
11466.0
11552.0
12243.0
14060.0
15546.0
16028.0
16063.0
16079.0
16203.0
16138.0
15944.0
15812.0
15613.0
15324.0
15435.0
15406.0
15794.0
15445.0
14633.0
13562.0
12572.0
11906.0
11565.0
11574.0
11588.0
11639.0
12373.0
14044.0
15535.0
16035.0
16022.0
16072.0
16035.0
15888.0
15765.0
15675.0
15666.0
15390.0
15361.0
15318.0
15737.0
15371.0
14686.0
13702.0
12759.0
12081.0
11692.0
11614.0
11592.0
11730.0
12397.0
14103.0
15463.0
15923.0
15913.0
15867.0
15668.0
15343.0
15051.0
14737.0
14512.0
14349.0
14404.0
14437.0
14812.0
14294.0
13669.0
12960.0
12252.0
11709.0
11461.0
11275.0
11200.0
11267.0
11543.0
11896.0
12251.0
12905.0
13417.0
13623.0
13515.0
13274.0
13152.0
12980.0
12961.0
12945.0
13272.0
13617.0
14065.0
13808.0
13306.0
12824.0
12318.0
11900.0
11647.0
11561.0
11581.0
11635.0
11825.0
12106.0
12287.0
12861.0
13321.0
13509.0
13577.0
13390.0
13217.0
13095.0
13090.0
13170.0
13481.0
13995.0
14709.0
14489.0
13784.0
12903.0
12124.0
11814.0
11609.0
11574.0
11701.0
12003.0
12854.0
14692.0
16148.0
16522.0
16382.0
16312.0
16084.0
15811.0
15754.0
15621.0
15511.0
15303.0
15383.0
15667.0
16356.0
15960.0
15174.0
14079.0
13144.0
12656.0
12463.0
12419.0
12462.0
12743.0
13522.0
15512.0
16942.0
17137.0
16844.0
16665.0
16315.0
16024.0
15767.0
15597.0
15463.0
15228.0
15322.0
15580.0
16248.0
15893.0
15066.0
13978.0
12987.0
12282.0
12000.0
11897.0
11971.0
12263.0
13031.0
14819.0
16129.0
16350.0
16262.0
16085.0
16039.0
15903.0
15752.0
15452.0
15490.0
15228.0
15342.0
15595.0
16054.0
15572.0
14729.0
13711.0
12707.0
12067.0
11767.0
11715.0
11715.0
11804.0
11962.0
12643.0
14395.0
15742.0
16140.0
16133.0
16132.0
16014.0
15854.0
15745.0
15650.0
15472.0
15259.0
15448.0
15726.0
15950.0
15377.0
14532.0
13456.0
11956.0
11677.0
11566.0
11566.0
11591.0
11726.0
12462.0
14362.0
15718.0
16026.0
15988.0
16012.0
15822.0
15522.0
15213.0
14903.0
14711.0
14514.0
14682.0
14934.0
15240.0
14466.0
13753.0
13015.0
11853.0
11642.0
11512.0
11512.0
11455.0
11553.0
11883.0
12467.0
12854.0
13582.0
14089.0
14204.0
14152.0
13909.0
13760.0
13538.0
13505.0
13663.0
14056.0
14590.0
14944.0
14334.0
13735.0
13108.0
11961.0
11657.0
11509.0
11509.0
11426.0
11385.0
11525.0
11899.0
12231.0
12986.0
13585.0
13982.0
14126.0
14104.0
13942.0
13727.0
13789.0
13930.0
14386.0
15113.0
15641.0
15270.0
14561.0
13740.0
12486.0
12299.0
12245.0
12245.0
12284.0
12505.0
13413.0
15510.0
16927.0
17245.0
17200.0
17176.0
16854.0
16706.0
16451.0
16250.0
16114.0
16006.0
16272.0
16808.0
17067.0
16633.0
15771.0
14737.0
13172.0
12789.0
12743.0
12743.0
12763.0
13020.0
13758.0
15830.0
17157.0
17506.0
17254.0
17092.0
16949.0
16638.0
16433.0
16348.0
16356.0
16241.0
16614.0
17155.0
17458.0
16975.0
16237.0
15104.0
13683.0
13373.0
13331.0
13331.0
13334.0
13543.0
14267.0
16066.0
17538.0
17854.0
17616.0
17482.0
17383.0
17171.0
16988.0
16901.0
16856.0
16714.0
17169.0
17645.0
17729.0
17149.0
16375.0
15248.0
13547.0
13179.0
13116.0
13116.0
13104.0
13335.0
14144.0
16228.0
17859.0
18125.0
17997.0
17938.0
17808.0
17554.0
17507.0
17381.0
17380.0
17237.0
17506.0
18022.0
18082.0
17498.0
16555.0
15529.0
13826.0
13497.0
13379.0
13379.0
13435.0
13698.0
14504.0
16675.0
18188.0
18445.0
18363.0
18013.0
17761.0
17394.0
16941.0
16610.0
16455.0
16350.0
16753.0
17426.0
17277.0
16550.0
15782.0
15013.0
13669.0
13392.0
13289.0
13289.0
13242.0
13340.0
13568.0
14151.0
14728.0
15462.0
15979.0
16038.0
15805.0
15581.0
15418.0
15206.0
15136.0
15324.0
15869.0
16440.0
16353.0
15765.0
15159.0
14527.0
13390.0
13125.0
12973.0
12973.0
12949.0
12981.0
13125.0
13542.0
13901.0
14565.0
15131.0
15271.0
15123.0
14939.0
14760.0
14615.0
14489.0
14671.0
15442.0
16461.0
16774.0
16262.0
15588.0
14751.0
13490.0
13338.0
13339.0
13339.0
13505.0
13755.0
14792.0
16868.0
18619.0
18826.0
18751.0
18534.0
18177.0
18028.0
17813.0
17641.0
17543.0
17420.0
17966.0
18418.0
18256.0
17609.0
16773.0
15603.0
13885.0
13531.0
13471.0
13471.0
13408.0
13667.0
14574.0
16491.0
18042.0
18203.0
18114.0
18043.0
17833.0
17665.0
17467.0
17379.0
17279.0
17135.0
17563.0
18105.0
17996.0
17374.0
16445.0
15482.0
13775.0
13553.0
13462.0
13462.0
13424.0
13575.0
14485.0
16604.0
18157.0
18327.0
18237.0
18181.0
17860.0
17620.0
17461.0
17184.0
17070.0
16931.0
17300.0
18118.0
18096.0
17512.0
16740.0
15748.0
14153.0
13919.0
13812.0
13812.0
13887.0
14271.0
15159.0
17236.0
18773.0
18872.0
18636.0
18330.0
17891.0
17444.0
17198.0
16959.0
16971.0
16838.0
17289.0
18042.0
17982.0
17516.0
16677.0
15596.0
13981.0
13678.0
13567.0
13567.0
13643.0
13921.0
14733.0
16820.0
18620.0
18896.0
18792.0
18639.0
18243.0
17761.0
17227.0
16684.0
16463.0
16349.0
16911.0
17551.0
17297.0
16568.0
15812.0
15041.0
13773.0
13453.0
13291.0
13291.0
13263.0
13304.0
13521.0
14183.0
14789.0
15441.0
16101.0
16294.0
16242.0
16022.0
15791.0
15449.0
15395.0
15506.0
16112.0
16796.0
16472.0
15870.0
15199.0
14580.0
13441.0
13124.0
13016.0
13016.0
12984.0
13028.0
13201.0
13681.0
14130.0
14706.0
15243.0
15426.0
15372.0
15076.0
14841.0
14667.0
14604.0
14882.0
15560.0
16477.0
16458.0
16011.0
15360.0
14558.0
13224.0
13041.0
13054.0
13054.0
13133.0
13512.0
14459.0
16667.0
18289.0
18500.0
18356.0
18273.0
18039.0
17610.0
17402.0
17215.0
17114.0
17043.0
17648.0
18134.0
17866.0
17122.0
16320.0
15094.0
13355.0
13075.0
12966.0
12966.0
12924.0
13123.0
14066.0
16154.0
17713.0
17852.0
17813.0
17916.0
17755.0
17529.0
17455.0
17423.0
17460.0
17361.0
17826.0
18083.0
17804.0
17179.0
16293.0
15159.0
13434.0
13049.0
12968.0
12968.0
12921.0
13107.0
13983.0
16181.0
17833.0
17977.0
17819.0
17818.0
17645.0
17504.0
17393.0
17250.0
17230.0
17236.0
17872.0
18069.0
17632.0
16985.0
16037.0
14881.0
13108.0
12763.0
12609.0
12609.0
12630.0
12761.0
13567.0
15499.0
17206.0
17328.0
17280.0
17354.0
17189.0
17143.0
17080.0
16970.0
16950.0
16723.0
17145.0
17412.0
17098.0
16458.0
15626.0
14586.0
12842.0
12537.0
12539.0
12539.0
12538.0
12725.0
13464.0
15423.0
17033.0
17243.0
17225.0
17043.0
16706.0
16368.0
15967.0
15664.0
15450.0
15477.0
16241.0
16856.0
16429.0
15774.0
15096.0
14330.0
13115.0
12795.0
12739.0
12739.0
12708.0
12763.0
13047.0
13622.0
14245.0
14664.0
15276.0
15599.0
15493.0
15239.0
15013.0
14867.0
14880.0
15101.0
15793.0
16054.0
15530.0
14927.0
14246.0
13579.0
12445.0
12026.0
11839.0
11787.0
11781.0
11824.0
12054.0
12612.0
13074.0
13790.0
14325.0
14507.0
14492.0
14412.0
14252.0
14215.0
14481.0
15351.0
16472.0
16415.0
16163.0
15782.0
15183.0
14470.0
13373.0
13258.0
13350.0
13350.0
13456.0
13738.0
14692.0
16651.0
17960.0
18379.0
18074.0
17935.0
17781.0
17602.0
17485.0
17536.0
17732.0
18178.0
19013.0
18722.0
18313.0
17834.0
16930.0
15818.0
14175.0
13919.0
13909.0
13909.0
13816.0
13996.0
14741.0
16675.0
17813.0
18118.0
17994.0
17919.0
17668.0
17464.0
17419.0
17454.0
17763.0
18401.0
19119.0
18837.0
18487.0
17962.0
17152.0
16195.0
14565.0
14310.0
14256.0
14256.0
14262.0
14503.0
15331.0
17154.0
18436.0
18784.0
18621.0
18365.0
18113.0
17953.0
17783.0
17732.0
17953.0
18519.0
19401.0
19048.0
18664.0
17958.0
17164.0
16108.0
14546.0
14232.0
14211.0
14211.0
14226.0
14497.0
15250.0
16992.0
18265.0
18722.0
18627.0
18540.0
18420.0
18185.0
18045.0
18040.0
18206.0
18812.0
19449.0
19075.0
18633.0
18112.0
17217.0
16072.0
14180.0
13840.0
13691.0
13691.0
13754.0
14008.0
14778.0
16584.0
17805.0
18245.0
18385.0
18547.0
18207.0
18019.0
17756.0
17651.0
17655.0
18202.0
18601.0
17973.0
17218.0
16414.0
15685.0
14805.0
13405.0
13054.0
12863.0
12863.0
12780.0
12822.0
13014.0
13533.0
13884.0
14571.0
15088.0
15310.0
15319.0
15213.0
15109.0
15044.0
15271.0
16147.0
16605.0
16237.0
15800.0
15354.0
14726.0
14100.0
12972.0
12645.0
12447.0
12370.0
12406.0
12555.0
12972.0
13332.0
13923.0
14515.0
14943.0
15174.0
15199.0
15226.0
15208.0
15395.0
16304.0
16753.0
16564.0
16288.0
15778.0
14965.0
14078.0
13288.0
12795.0
12562.0
12525.0
12524.0
12758.0
13562.0
15637.0
17113.0
17449.0
17406.0
17333.0
17127.0
17073.0
16982.0
16876.0
17091.0
17775.0
18361.0
17950.0
17527.0
16893.0
16009.0
14913.0
13885.0
13195.0
12949.0
12776.0
12811.0
13040.0
13850.0
15920.0
17388.0
17605.0
17577.0
17742.0
17636.0
17515.0
17429.0
17532.0
17787.0
18281.0
18591.0
18251.0
17711.0
17065.0
16201.0
15145.0
14000.0
13170.0
12874.0
12797.0
12786.0
13005.0
13776.0
15996.0
17487.0
17697.0
17758.0
17844.0
17794.0
17618.0
17577.0
17516.0
17713.0
18432.0
18892.0
18503.0
18181.0
17586.0
16740.0
15772.0
14590.0
13988.0
13686.0
13577.0
13552.0
13809.0
14666.0
16624.0
18174.0
18402.0
18402.0
18472.0
18350.0
18148.0
18041.0
18159.0
18463.0
18894.0
19043.0
18572.0
18013.0
17379.0
16476.0
15354.0
14269.0
13568.0
13227.0
13038.0
13089.0
13291.0
14069.0
15999.0
17647.0
17907.0
17875.0
18007.0
17948.0
17761.0
17452.0
17286.0
17336.0
17807.0
17940.0
17531.0
16891.0
16011.0
15186.0
14393.0
13576.0
12935.0
12611.0
12395.0
12256.0
12351.0
12586.0
13039.0
13632.0
14315.0
15066.0
15395.0
15507.0
15483.0
15368.0
15272.0
15446.0
16073.0
16331.0
15842.0
15454.0
14991.0
14291.0
13653.0
13056.0
12537.0
12221.0
12129.0
12027.0
12116.0
12279.0
12583.0
12920.0
13511.0
14344.0
14936.0
15282.0
15244.0
15150.0
15147.0
15510.0
16647.0
17203.0
17031.0
16828.0
16303.0
15543.0
14761.0
14001.0
13469.0
13311.0
13234.0
13302.0
13534.0
14313.0
16193.0
17843.0
18024.0
17991.0
17942.0
17991.0
17879.0
17790.0
17795.0
18142.0
18599.0
18774.0
18386.0
17906.0
17199.0
16241.0
15123.0
14162.0
13483.0
13168.0
13037.0
13079.0
13336.0
14146.0
16070.0
17584.0
17688.0
17630.0
17746.0
17683.0
17546.0
17388.0
17568.0
17947.0
18666.0
18925.0
18531.0
18048.0
17374.0
16468.0
15367.0
14262.0
13613.0
13289.0
13276.0
13279.0
13486.0
14224.0
16213.0
17584.0
17806.0
17723.0
17767.0
17712.0
17578.0
17449.0
17574.0
18024.0
18803.0
19267.0
18902.0
18377.0
17659.0
16799.0
15810.0
14708.0
13939.0
13623.0
13509.0
13505.0
13692.0
14445.0
16442.0
18013.0
18123.0
18162.0
18191.0
18034.0
17962.0
17869.0
18001.0
18401.0
19085.0
19529.0
19140.0
18673.0
18057.0
17192.0
16200.0
15220.0
14549.0
14093.0
13996.0
14047.0
14231.0
14935.0
16883.0
18532.0
18641.0
18570.0
18666.0
18621.0
18473.0
18227.0
17935.0
18035.0
18395.0
18558.0
18042.0
17285.0
16583.0
15874.0
15063.0
14241.0
13784.0
13500.0
13299.0
13329.0
13390.0
13517.0
14133.0
14683.0
15305.0
15921.0
16292.0
16387.0
16384.0
16333.0
16349.0
16842.0
17734.0
18019.0
17623.0
17094.0
16534.0
15894.0
15178.0
14501.0
13942.0
13675.0
13538.0
13462.0
13505.0
13712.0
14167.0
14632.0
15105.0
15749.0
16147.0
16440.0
16440.0
16347.0
16425.0
16864.0
17815.0
18297.0
18157.0
17914.0
17317.0
16505.0
15759.0
15013.0
14519.0
14317.0
14271.0
14257.0
14641.0
15565.0
17575.0
19411.0
19587.0
19553.0
19477.0
19489.0
19441.0
19341.0
19300.0
19647.0
19913.0
19933.0
19440.0
18837.0
18136.0
17126.0
15970.0
14851.0
14231.0
13933.0
13874.0
13953.0
14219.0
15055.0
17169.0
19041.0
19126.0
19060.0
18859.0
18692.0
18563.0
18415.0
18512.0
19026.0
19555.0
19839.0
19379.0
18860.0
18168.0
17166.0
16200.0
15175.0
14390.0
14067.0
13990.0
14056.0
14301.0
15043.0
16986.0
18728.0
18990.0
19051.0
19059.0
18944.0
18689.0
18508.0
18569.0
19113.0
19590.0
19774.0
19340.0
18818.0
18119.0
17253.0
16121.0
15215.0
14515.0
14244.0
14155.0
14185.0
14384.0
15292.0
17089.0
18938.0
19104.0
19120.0
19212.0
19195.0
19199.0
19234.0
19447.0
19943.0
20336.0
20433.0
19998.0
19462.0
18845.0
17998.0
16951.0
15932.0
15328.0
15074.0
14945.0
14978.0
15283.0
16167.0
18330.0
20234.0
20480.0
20540.0
20628.0
20449.0
20115.0
19936.0
19822.0
20385.0
20972.0
21082.0
20582.0
19914.0
19248.0
18511.0
17734.0
16886.0
16277.0
16018.0
15804.0
15751.0
15814.0
16051.0
16650.0
17535.0
18215.0
18955.0
19303.0
19242.0
19106.0
18948.0
19056.0
19605.0
20269.0
20466.0
20071.0
19495.0
18856.0
18259.0
17620.0
16963.0
16380.0
16072.0
15955.0
15898.0
15909.0
16094.0
16568.0
17197.0
17645.0
18319.0
18856.0
19034.0
19065.0
18885.0
18929.0
19669.0
20607.0
20854.0
20838.0
20458.0
20029.0
19377.0
18685.0
17943.0
17450.0
17385.0
17384.0
17604.0
18031.0
19166.0
21314.0
22935.0
23008.0
22988.0
22803.0
22425.0
22151.0
21803.0
21878.0
22318.0
22694.0
22969.0
22538.0
22111.0
21516.0
20562.0
19309.0
18020.0
17051.0
16777.0
16617.0
16558.0
16711.0
17490.0
19474.0
21055.0
21124.0
21019.0
21117.0
20993.0
20830.0
20726.0
20832.0
21308.0
21486.0
21422.0
20917.0
20423.0
19642.0
18665.0
17485.0
16347.0
15629.0
15232.0
15184.0
15173.0
15469.0
16292.0
18359.0
20318.0
20388.0
20299.0
20417.0
20339.0
20199.0
20188.0
20317.0
20854.0
20984.0
20917.0
20531.0
20088.0
19339.0
18470.0
17404.0
16264.0
15390.0
15128.0
14987.0
15065.0
15422.0
16359.0
18579.0
20431.0
20565.0
20427.0
20414.0
20315.0
20223.0
20153.0
20270.0
20770.0
21160.0
21248.0
20839.0
20293.0
19655.0
18644.0
17474.0
16404.0
15463.0
15036.0
14818.0
14744.0
14910.0
15578.0
17576.0
19272.0
19470.0
19382.0
19458.0
19315.0
19023.0
18805.0
18724.0
18978.0
19186.0
19061.0
18609.0
17940.0
17097.0
16299.0
15505.0
14756.0
14182.0
13790.0
13645.0
13581.0
13595.0
13814.0
14385.0
15135.0
15809.0
16600.0
17182.0
17468.0
17486.0
17420.0
17388.0
17805.0
18403.0
18497.0
18142.0
17595.0
17091.0
16499.0
15943.0
15390.0
14936.0
14608.0
14424.0
14415.0
14483.0
14637.0
14988.0
15490.0
15972.0
16583.0
17055.0
17384.0
17601.0
17502.0
17476.0
17966.0
18446.0
18594.0
18418.0
18155.0
17642.0
16922.0
16114.0
15325.0
14725.0
14550.0
14535.0
14653.0
14985.0
15804.0
17952.0
19971.0
20207.0
20225.0
20291.0
20164.0
20034.0
19982.0
20064.0
20749.0
21225.0
21299.0
20907.0
20484.0
19813.0
18971.0
17770.0
16565.0
15932.0
15654.0
15521.0
15606.0
15904.0
16813.0
18835.0
20623.0
20708.0
20523.0
20411.0
20289.0
20048.0
19920.0
20116.0
20794.0
21290.0
21493.0
21138.0
20664.0
20086.0
19157.0
18065.0
16894.0
16104.0
15812.0
15645.0
15824.0
16128.0
17022.0
19197.0
21063.0
21214.0
21066.0
21114.0
21046.0
20744.0
20715.0
20782.0
21208.0
21328.0
21249.0
20677.0
20122.0
19294.0
18250.0
16928.0
15785.0
14895.0
14381.0
14205.0
14114.0
14228.0
15090.0
17163.0
19013.0
19294.0
19129.0
19327.0
19323.0
19215.0
19289.0
19555.0
20346.0
20549.0
20417.0
20176.0
19719.0
19010.0
18115.0
16935.0
15788.0
14993.0
14620.0
14527.0
14522.0
14806.0
15600.0
17502.0
19333.0
19736.0
19679.0
19741.0
19649.0
19464.0
19196.0
19043.0
19100.0
19301.0
19322.0
18800.0
18148.0
17346.0
16663.0
15979.0
15242.0
14651.0
14265.0
13998.0
13926.0
13880.0
14013.0
14425.0
15013.0
15658.0
16225.0
16704.0
17000.0
16935.0
16866.0
16907.0
17250.0
17406.0
17365.0
16988.0
16421.0
15897.0
15357.0
14739.0
14164.0
13583.0
13260.0
13181.0
13095.0
13123.0
13246.0
13609.0
14090.0
14710.0
15284.0
15729.0
16093.0
16338.0
16391.0
16564.0
17112.0
17458.0
17613.0
17576.0
17450.0
16930.0
16353.0
15555.0
14789.0
14258.0
13964.0
13920.0
13957.0
14279.0
15136.0
17331.0
19301.0
19497.0
19394.0
19374.0
19285.0
19135.0
19085.0
19268.0
20039.0
20496.0
20759.0
20480.0
20144.0
19666.0
18824.0
17688.0
16649.0
15905.0
15665.0
15540.0
15613.0
15844.0
16691.0
18720.0
20538.0
20766.0
20563.0
20520.0
20304.0
20074.0
20033.0
20091.0
20487.0
20536.0
20465.0
19876.0
19288.0
18551.0
17649.0
16558.0
15333.0
14580.0
14174.0
14008.0
13961.0
14208.0
14997.0
16836.0
18618.0
18985.0
18826.0
18951.0
18886.0
18760.0
18750.0
18856.0
19622.0
20073.0
20129.0
19682.0
19269.0
18640.0
17849.0
16717.0
15581.0
14820.0
14434.0
14291.0
14319.0
14567.0
15357.0
17204.0
18937.0
19396.0
19230.0
19290.0
19285.0
19179.0
19156.0
19335.0
19853.0
19856.0
19865.0
19479.0
19029.0
18472.0
17713.0
16587.0
15632.0
14912.0
14594.0
14478.0
14583.0
14824.0
15734.0
17698.0
19554.0
19959.0
19831.0
19795.0
19641.0
19599.0
19273.0
19455.0
19879.0
20172.0
20210.0
19653.0
19007.0
18216.0
17410.0
16627.0
15802.0
15183.0
14883.0
14691.0
14673.0
14767.0
15015.0
15605.0
16404.0
17257.0
17867.0
18201.0
18185.0
17969.0
17797.0
17875.0
18624.0
19203.0
19309.0
19055.0
18569.0
17928.0
17389.0
16797.0
16205.0
15711.0
15436.0
15274.0
15246.0
15434.0
15723.0
16247.0
16958.0
17581.0
18359.0
18920.0
19111.0
19185.0
19107.0
19266.0
19990.0
20724.0
20944.0
20836.0
20605.0
20154.0
19522.0
18682.0
17883.0
17342.0
17193.0
17197.0
17301.0
17615.0
18682.0
20830.0
22627.0
22890.0
22759.0
22715.0
22524.0
22355.0
22301.0
22481.0
23133.0
23352.0
23390.0
22897.0
22397.0
21687.0
20787.0
19527.0
18314.0
17601.0
17331.0
17225.0
17242.0
17542.0
18354.0
20344.0
21909.0
22128.0
22042.0
22102.0
22020.0
21793.0
21780.0
22027.0
22704.0
22889.0
22864.0
22610.0
22131.0
21567.0
20680.0
19399.0
18298.0
17534.0
17160.0
17028.0
17100.0
17429.0
18291.0
20385.0
22135.0
22477.0
22269.0
22263.0
22203.0
22008.0
21913.0
22044.0
22598.0
22514.0
22399.0
21976.0
21491.0
20799.0
19880.0
18690.0
17505.0
16783.0
16410.0
16218.0
16165.0
16270.0
17088.0
19060.0
20802.0
21319.0
21045.0
20970.0
20870.0
20740.0
20676.0
20807.0
21190.0
21276.0
20978.0
20568.0
20092.0
19353.0
18358.0
17220.0
15998.0
15313.0
14921.0
14678.0
14708.0
14927.0
15659.0
17512.0
19249.0
19680.0
19482.0
19465.0
19379.0
19043.0
18900.0
18900.0
19200.0
19209.0
19127.0
18663.0
17977.0
17122.0
16325.0
15501.0
14666.0
14090.0
13756.0
13482.0
13411.0
13448.0
13646.0
14162.0
14916.0
15698.0
16236.0
16658.0
16829.0
16782.0
16696.0
16869.0
17516.0
17936.0
17864.0
17492.0
16963.0
16366.0
15655.0
14915.0
14275.0
13678.0
13224.0
12990.0
12873.0
12796.0
12925.0
13277.0
13865.0
14480.0
15099.0
15686.0
15984.0
16060.0
16054.0
16222.0
16774.0
17183.0
17257.0
17043.0
16768.0
16206.0
15643.0
14876.0
14152.0
13594.0
13359.0
13260.0
13313.0
13571.0
14395.0
16052.0
17739.0
18456.0
18369.0
18493.0
18468.0
18426.0
18474.0
18609.0
19137.0
19306.0
19206.0
18927.0
18455.0
17831.0
17089.0
16089.0
15143.0
14385.0
14019.0
13914.0
13890.0
14143.0
14874.0
16431.0
18153.0
18895.0
18865.0
18900.0
18790.0
18730.0
18797.0
19145.0
19805.0
19790.0
19683.0
19168.0
18653.0
17883.0
17095.0
16049.0
15008.0
14183.0
13832.0
13671.0
13580.0
13717.0
14338.0
15529.0
16957.0
17653.0
17932.0
18178.0
18179.0
17927.0
17804.0
17876.0
18267.0
18639.0
18653.0
18238.0
17708.0
16928.0
16209.0
15532.0
14830.0
14097.0
13553.0
13305.0
13236.0
13267.0
13571.0
14130.0
14837.0
15627.0
16155.0
16443.0
16588.0
16504.0
16199.0
16000.0
16119.0
16029.0
15661.0
15288.0
15059.0
14864.0
14635.0
14346.0
13880.0
13380.0
12936.0
12683.0
12719.0
12793.0
13119.0
13630.0
14133.0
14565.0
14934.0
15306.0
15643.0
15775.0
15840.0
16017.0
16583.0
16922.0
16753.0
16453.0
16071.0
15625.0
15201.0
14781.0
14207.0
13693.0
13377.0
13274.0
13319.0
13469.0
13688.0
14068.0
14673.0
15365.0
15854.0
16363.0
16631.0
16663.0
16725.0
17012.0
17757.0
18269.0
18380.0
18191.0
17932.0
17593.0
17105.0
16627.0
16148.0
15690.0
15376.0
15299.0
15342.0
15487.0
15742.0
16136.0
16650.0
17198.0
17676.0
18152.0
18462.0
18447.0
18304.0
18247.0
18595.0
18978.0
19069.0
18893.0
18578.0
18081.0
17454.0
16733.0
16030.0
15428.0
15079.0
15001.0
15047.0
15324.0
16076.0
17500.0
18955.0
19814.0
20235.0
20545.0
20592.0
20524.0
20467.0
20613.0
21314.0
21762.0
21847.0
21366.0
20873.0
20305.0
19623.0
18767.0
18033.0
17428.0
17180.0
17027.0
17067.0
17296.0
17897.0
19025.0
20136.0
20698.0
20883.0
20948.0
20716.0
20542.0
20401.0
20498.0
21173.0
21607.0
21598.0
21184.0
20615.0
19901.0
19119.0
18237.0
17233.0
16469.0
16120.0
15954.0
15888.0
16028.0
16581.0
17746.0
18987.0
19648.0
19928.0
20159.0
20149.0
19938.0
19837.0
19910.0
20374.0
20718.0
20742.0
20293.0
19708.0
19049.0
18295.0
17442.0
16649.0
15925.0
15572.0
15405.0
15350.0
15455.0
15826.0
16342.0
16849.0
17315.0
17802.0
18208.0
18283.0
18230.0
18219.0
18483.0
19240.0
19888.0
19716.0
19062.0
18200.0
17548.0
16973.0
16469.0
16064.0
