Consumption in Netherlands in 2015
11586.0
11338.0
10917.0
10473.0
10200.0
10182.0
10317.0
10616.0
10875.0
11225.0
11768.0
12241.0
12375.0
12433.0
12492.0
12467.0
12907.0
14056.0
14127.0
13959.0
13598.0
13055.0
12404.0
11642.0
11000.0
10515.0
10219.0
10119.0
10176.0
10510.0
11332.0
12454.0
13594.0
14469.0
14906.0
14953.0
14766.0
14636.0
14585.0
14556.0
14871.0
16174.0
15822.0
15358.0
14711.0
13866.0
13075.0
12359.0
11558.0
10995.0
10593.0
10386.0
10329.0
10536.0
10948.0
11667.0
12691.0
13689.0
14351.0
14637.0
14684.0
14527.0
14444.0
14417.0
14812.0
15526.0
15225.0
14760.0
14136.0
13428.0
12752.0
12040.0
11382.0
10841.0
10478.0
10314.0
10258.0
10331.0
10514.0
10965.0
11568.0
12164.0
12714.0
13004.0
13155.0
13024.0
12910.0
12951.0
13380.0
14874.0
14955.0
14726.0
14185.0
13477.0
12772.0
11890.0
11226.0
10786.0
10571.0
10525.0
10644.0
11080.0
12499.0
14690.0
16232.0
16604.0
16704.0
16874.0
16831.0
16917.0
16821.0
16787.0
17169.0
17723.0
16998.0
16424.0
15670.0
14768.0
13721.0
12673.0
11799.0
11270.0
11009.0
10915.0
10997.0
11427.0
12717.0
15044.0
16460.0
16795.0
16801.0
16686.0
16467.0
16502.0
16546.0
16602.0
16957.0
17761.0
16976.0
16486.0
15650.0
14725.0
13670.0
12669.0
11853.0
11310.0
11050.0
10966.0
11020.0
11463.0
12787.0
14992.0
16418.0
16668.0
16650.0
16504.0
16194.0
16294.0
16354.0
16375.0
16752.0
17646.0
16855.0
16386.0
15618.0
14756.0
13658.0
12794.0
11967.0
11383.0
11070.0
10956.0
10969.0
11412.0
12682.0
14890.0
16362.0
16779.0
16877.0
17078.0
17084.0
17162.0
16974.0
17043.0
17214.0
17678.0
17099.0
16593.0
15829.0
14786.0
13717.0
12812.0
11964.0
11411.0
11089.0
10942.0
10989.0
11411.0
12733.0
14871.0
16385.0
16896.0
17013.0
17019.0
16812.0
16778.0
16560.0
16542.0
16809.0
17281.0
16647.0
15987.0
15148.0
14231.0
13340.0
12630.0
11901.0
11203.0
10802.0
10571.0
10492.0
10562.0
11024.0
11914.0
13081.0
13994.0
14540.0
14709.0
14701.0
14613.0
14504.0
14325.0
14434.0
15465.0
15192.0
14684.0
14028.0
13304.0
12678.0
12038.0
11419.0
10853.0
10471.0
10257.0
10208.0
10266.0
10496.0
11019.0
11736.0
12443.0
13112.0
13370.0
13577.0
13532.0
13489.0
13443.0
13811.0
14986.0
14919.0
14643.0
14068.0
13327.0
12659.0
11795.0
11147.0
10720.0
10397.0
10406.0
10550.0
11075.0
12490.0
14752.0
16222.0
16703.0
16855.0
16969.0
16825.0
16865.0
16700.0
16599.0
16864.0
17570.0
16832.0
16303.0
15547.0
14599.0
13563.0
12601.0
11804.0
11239.0
10897.0
10882.0
10970.0
11392.0
12789.0
14949.0
16349.0
16775.0
16863.0
16972.0
16872.0
16958.0
16900.0
16712.0
16881.0
17637.0
16981.0
16471.0
15682.0
14783.0
13689.0
12755.0
11903.0
11372.0
11151.0
11049.0
11123.0
11541.0
12911.0
15166.0
16674.0
17060.0
17131.0
17143.0
17051.0
16951.0
16738.0
16572.0
16654.0
17612.0
17068.0
16575.0
15767.0
14841.0
13762.0
12811.0
11938.0
11363.0
11073.0
10980.0
11035.0
11501.0
12849.0
14994.0
16352.0
16824.0
16937.0
17087.0
16902.0
16845.0
16760.0
16793.0
16974.0
17564.0
17004.0
16545.0
15724.0
14721.0
13737.0
12852.0
11967.0
11432.0
11108.0
10998.0
11049.0
11463.0
12722.0
14931.0
16330.0
16664.0
16723.0
16665.0
16436.0
16280.0
16034.0
15949.0
16114.0
17045.0
16623.0
16016.0
15244.0
14351.0
13411.0
12643.0
11859.0
11277.0
10892.0
10724.0
10729.0
10886.0
11392.0
12287.0
13267.0
14107.0
14481.0
14409.0
14181.0
13901.0
13787.0
13864.0
14177.0
15293.0
15288.0
14822.0
14188.0
13435.0
12819.0
12138.0
11494.0
10943.0
10568.0
10382.0
10322.0
10369.0
10715.0
11189.0
11921.0
12616.0
13229.0
13727.0
14004.0
13940.0
13838.0
13780.0
13957.0
15122.0
15212.0
14864.0
14304.0
13527.0
12803.0
11888.0
11253.0
10921.0
10717.0
10664.0
10812.0
11324.0
12663.0
14876.0
16212.0
16582.0
16728.0
16871.0
16728.0
16846.0
16778.0
16658.0
16783.0
17555.0
17070.0
16592.0
15763.0
14828.0
13761.0
12824.0
11942.0
11510.0
11213.0
11114.0
11151.0
11544.0
12885.0
15050.0
16435.0
16862.0
16962.0
16994.0
16733.0
16693.0
16610.0
16541.0
16747.0
17546.0
17091.0
16597.0
15849.0
14920.0
13809.0
12754.0
12000.0
11498.0
11215.0
11125.0
11176.0
11517.0
12907.0
15216.0
16586.0
16937.0
17051.0
17048.0
16845.0
16824.0
16751.0
16613.0
16787.0
17646.0
17189.0
16709.0
15872.0
14903.0
13885.0
12966.0
12159.0
11591.0
11305.0
11226.0
11299.0
11697.0
13033.0
15286.0
16673.0
17110.0
17267.0
17282.0
17048.0
17097.0
16948.0
16875.0
16915.0
17581.0
17192.0
16730.0
15947.0
14864.0
13802.0
12966.0
12135.0
11677.0
11366.0
11284.0
11343.0
11781.0
13075.0
15228.0
16632.0
17145.0
17225.0
17173.0
17019.0
17021.0
16956.0
16786.0
16794.0
17468.0
17045.0
16439.0
15611.0
14647.0
13687.0
12951.0
12224.0
11615.0
11221.0
11062.0
10960.0
11106.0
11561.0
12367.0
13446.0
14410.0
14834.0
14773.0
14546.0
14226.0
13984.0
13913.0
14117.0
15132.0
15415.0
14932.0
14315.0
13559.0
12881.0
12185.0
11495.0
10923.0
10609.0
10495.0
10415.0
10505.0
10784.0
11230.0
11846.0
12643.0
13218.0
13628.0
13815.0
13704.0
13503.0
13442.0
13649.0
14773.0
15050.0
14717.0
14176.0
13452.0
12737.0
11833.0
11174.0
10795.0
10569.0
10513.0
10630.0
11192.0
12586.0
14847.0
16330.0
16789.0
16791.0
16925.0
16904.0
16929.0
16679.0
16494.0
16639.0
17270.0
16923.0
16365.0
15584.0
14672.0
13549.0
12575.0
11852.0
11335.0
11073.0
11001.0
11033.0
11491.0
12859.0
15153.0
16265.0
16577.0
16606.0
16576.0
16299.0
16331.0
16341.0
16315.0
16362.0
17073.0
16875.0
16364.0
15612.0
14634.0
13517.0
12609.0
11758.0
11223.0
10931.0
10836.0
10891.0
11315.0
12727.0
14959.0
16379.0
16810.0
16945.0
17032.0
16988.0
17174.0
17288.0
17224.0
17340.0
17656.0
17150.0
16553.0
15756.0
14818.0
13781.0
12791.0
11937.0
11325.0
10981.0
10896.0
10940.0
11460.0
12816.0
15135.0
16371.0
16852.0
16960.0
16974.0
16774.0
16748.0
16715.0
16719.0
16898.0
17476.0
17175.0
16719.0
15988.0
14978.0
13932.0
13037.0
12245.0
11734.0
11371.0
11247.0
11279.0
11661.0
12945.0
15038.0
16339.0
16858.0
16906.0
16787.0
16454.0
16438.0
16360.0
16298.0
16388.0
17006.0
16773.0
16219.0
15403.0
14448.0
13579.0
12896.0
12094.0
11425.0
11047.0
10824.0
10780.0
10880.0
11336.0
12263.0
13229.0
14200.0
14567.0
14509.0
14328.0
14103.0
14078.0
13982.0
14210.0
15005.0
15378.0
14910.0
14266.0
13517.0
12918.0
12188.0
11495.0
10993.0
10638.0
10477.0
10402.0
10430.0
10666.0
11100.0
11799.0
12469.0
13080.0
13403.0
13523.0
13469.0
13395.0
13216.0
13363.0
14399.0
15040.0
14738.0
14180.0
13417.0
12751.0
11830.0
11237.0
10878.0
10730.0
10689.0
10762.0
11276.0
12695.0
14930.0
16115.0
16584.0
16755.0
16800.0
16529.0
16496.0
16336.0
16343.0
16443.0
16981.0
16986.0
16548.0
15777.0
14805.0
13728.0
12689.0
11890.0
11402.0
11173.0
11110.0
11069.0
11527.0
12835.0
15087.0
16290.0
16708.0
16648.0
16448.0
16118.0
16110.0
15983.0
16053.0
16300.0
16841.0
16944.0
16513.0
15727.0
14809.0
13751.0
12728.0
11920.0
11493.0
11212.0
11115.0
11195.0
11609.0
12910.0
15186.0
16360.0
16771.0
16731.0
16554.0
16338.0
16283.0
16297.0
16327.0
16462.0
16924.0
17072.0
16613.0
15844.0
14921.0
13886.0
12946.0
12103.0
11662.0
11389.0
11281.0
11319.0
11630.0
12952.0
15206.0
16315.0
16776.0
16959.0
16892.0
16546.0
16496.0
16513.0
16540.0
16572.0
16977.0
17272.0
16859.0
16073.0
14997.0
13870.0
12983.0
12157.0
11639.0
11286.0
11220.0
11279.0
11671.0
13001.0
15177.0
16313.0
16822.0
16740.0
16547.0
16177.0
16047.0
15931.0
15877.0
15981.0
16383.0
16812.0
16286.0
15453.0
14460.0
13551.0
12761.0
12013.0
11426.0
11072.0
10853.0
10779.0
10910.0
11441.0
12360.0
13275.0
14268.0
14724.0
14763.0
14621.0
14373.0
14246.0
14088.0
14201.0
14857.0
15261.0
14760.0
14158.0
13375.0
12757.0
12088.0
11463.0
10929.0
10587.0
10388.0
10299.0
10324.0
10642.0
11149.0
11693.0
12555.0
13017.0
13218.0
13311.0
13155.0
12946.0
12849.0
13007.0
13877.0
14870.0
14653.0
14157.0
13480.0
12740.0
11872.0
11205.0
10795.0
10602.0
10515.0
10590.0
11029.0
12429.0
14749.0
15933.0
16477.0
16690.0
16753.0
16610.0
16694.0
16569.0
16444.0
16513.0
16824.0
16824.0
16411.0
15603.0
14656.0
13605.0
12577.0
11742.0
11280.0
10994.0
10884.0
10935.0
11356.0
12800.0
14985.0
16044.0
16549.0
16572.0
16652.0
16532.0
16622.0
16568.0
16536.0
16583.0
16889.0
16795.0
16348.0
15528.0
14576.0
13520.0
12529.0
11791.0
11293.0
11017.0
10974.0
10992.0
11318.0
12599.0
14884.0
16134.0
16701.0
16823.0
16844.0
16658.0
16651.0
16564.0
16431.0
16423.0
16750.0
16789.0
16299.0
15530.0
14609.0
13540.0
12619.0
11830.0
11317.0
11077.0
10988.0
11050.0
11451.0
12706.0
14967.0
16125.0
16625.0
16736.0
16766.0
16531.0
16532.0
16435.0
16347.0
16322.0
16574.0
16847.0
16470.0
15714.0
14658.0
13618.0
12651.0
11822.0
11305.0
11044.0
10964.0
11000.0
11412.0
12691.0
14840.0
15929.0
16448.0
16356.0
16062.0
15584.0
15396.0
15211.0
15154.0
15348.0
15721.0
16160.0
15738.0
15016.0
14012.0
13066.0
12306.0
11555.0
11021.0
10666.0
10524.0
10484.0
10567.0
11022.0
11895.0
12739.0
13712.0
14032.0
14078.0
13923.0
13705.0
13377.0
13253.0
13338.0
13756.0
14491.0
14230.0
13651.0
12950.0
12355.0
11681.0
11054.0
10596.0
10268.0
10153.0
10098.0
10154.0
10434.0
10906.0
11419.0
12087.0
12418.0
12531.0
12553.0
12310.0
12033.0
12023.0
12374.0
13228.0
14262.0
14222.0
13828.0
13150.0
12447.0
11582.0
10954.0
10672.0
10528.0
10492.0
10579.0
11052.0
12335.0
14312.0
15357.0
15775.0
15674.0
15516.0
15227.0
15121.0
15006.0
14992.0
15277.0
15657.0
16113.0
15845.0
15092.0
14226.0
13220.0
12272.0
11522.0
11074.0
10813.0
10710.0
10768.0
11110.0
12344.0
14395.0
15460.0
16054.0
16170.0
16166.0
15745.0
15597.0
15427.0
15278.0
15413.0
15667.0
16137.0
15999.0
15266.0
14376.0
13412.0
12468.0
11658.0
11226.0
11021.0
10888.0
10972.0
11357.0
12616.0
14638.0
15754.0
16197.0
16079.0
15929.0
15713.0
15661.0
15537.0
15511.0
15679.0
16031.0
16397.0
16244.0
15483.0
14606.0
13474.0
12582.0
11763.0
11224.0
10964.0
10859.0
10947.0
11342.0
12763.0
14760.0
15826.0
16221.0
16054.0
15866.0
15547.0
15579.0
15562.0
15639.0
15841.0
16054.0
16496.0
16347.0
15628.0
14610.0
13532.0
12596.0
11772.0
11226.0
10964.0
10863.0
10937.0
11345.0
12603.0
14641.0
15898.0
16616.0
16845.0
16890.0
16589.0
16502.0
16381.0
16212.0
16212.0
16427.0
16476.0
16006.0
15258.0
14225.0
13339.0
12532.0
11737.0
11193.0
10843.0
10706.0
10679.0
10733.0
11149.0
11978.0
12890.0
13926.0
14303.0
14382.0
14296.0
14066.0
13768.0
13536.0
13716.0
14183.0
14755.0
14607.0
13973.0
13251.0
12656.0
11865.0
11279.0
10831.0
10527.0
10360.0
10335.0
10377.0
10658.0
10995.0
11529.0
12112.0
12339.0
12460.0
12620.0
12463.0
12273.0
12236.0
12613.0
13409.0
14313.0
14339.0
13836.0
13185.0
12593.0
11735.0
11149.0
10832.0
10670.0
10627.0
10724.0
11120.0
12431.0
14381.0
15702.0
16249.0
16156.0
15920.0
15641.0
15587.0
15410.0
15453.0
15768.0
15913.0
16174.0
16151.0
15371.0
14415.0
13362.0
12426.0
11622.0
11146.0
10863.0
10800.0
10919.0
11340.0
12666.0
14517.0
15742.0
16313.0
16259.0
16194.0
15986.0
15795.0
15579.0
15426.0
15600.0
15883.0
16146.0
16034.0
15374.0
14457.0
13379.0
12390.0
11606.0
11048.0
10808.0
10755.0
10834.0
11175.0
12468.0
14232.0
15399.0
15844.0
15874.0
15879.0
15912.0
16092.0
16099.0
16018.0
15973.0
16053.0
16049.0
15916.0
15153.0
14294.0
13271.0
12391.0
11587.0
11120.0
10866.0
10789.0
10832.0
11219.0
12458.0
14294.0
15507.0
16101.0
16215.0
16210.0
16041.0
16079.0
16079.0
15992.0
16037.0
16198.0
16340.0
16124.0
15502.0
14572.0
13518.0
12660.0
11846.0
11328.0
10996.0
10876.0
10929.0
11277.0
12486.0
14176.0
15344.0
15866.0
15814.0
15701.0
15421.0
15255.0
15096.0
14913.0
15004.0
15283.0
15579.0
15638.0
14974.0
14060.0
13157.0
12387.0
11619.0
11103.0
10789.0
10631.0
10600.0
10696.0
11181.0
11895.0
12798.0
13735.0
13962.0
13789.0
13450.0
13061.0
12786.0
12760.0
13127.0
13651.0
14304.0
14335.0
13753.0
12995.0
12391.0
11672.0
10910.0
10464.0
10174.0
10039.0
10012.0
10038.0
10265.0
10539.0
11200.0
11847.0
12048.0
12211.0
12335.0
12212.0
11995.0
11974.0
12187.0
12852.0
13776.0
14052.0
13593.0
12899.0
12197.0
11404.0
10790.0
10457.0
10318.0
10329.0
10437.0
10884.0
12276.0
14065.0
15117.0
15432.0
15314.0
15386.0
15196.0
15412.0
15496.0
15484.0
15518.0
15720.0
15832.0
16015.0
15281.0
14334.0
13195.0
12160.0
11304.0
10786.0
10558.0
10474.0
10575.0
10995.0
12381.0
14251.0
15319.0
15911.0
16144.0
16310.0
16110.0
16058.0
15840.0
15651.0
15685.0
15712.0
15746.0
16089.0
15375.0
14388.0
13320.0
12290.0
11432.0
10926.0
10707.0
10612.0
10693.0
11066.0
12403.0
14282.0
15365.0
15842.0
15936.0
15923.0
15787.0
15800.0
15700.0
15600.0
15646.0
15929.0
15917.0
16045.0
15294.0
14359.0
13264.0
12266.0
11376.0
10874.0
10659.0
10600.0
10670.0
11135.0
12468.0
14285.0
15310.0
15616.0
15481.0
15464.0
15223.0
15168.0
15066.0
15089.0
15253.0
15465.0
15615.0
16049.0
15355.0
14309.0
13187.0
12220.0
11379.0
10856.0
10617.0
10503.0
10561.0
10941.0
12301.0
14167.0
15423.0
15982.0
16061.0
15981.0
15649.0
15648.0
15472.0
15260.0
15206.0
15319.0
15323.0
15495.0
14853.0
13858.0
12928.0
12171.0
11374.0
10860.0
10561.0
10399.0
10342.0
10411.0
10910.0
11577.0
12562.0
13377.0
13506.0
13270.0
12986.0
12657.0
12416.0
12271.0
12520.0
13053.0
13561.0
14047.0
13505.0
12779.0
12195.0
11461.0
10840.0
10342.0
10058.0
9911.0
9867.0
9895.0
10136.0
10374.0
11020.0
11401.0
11529.0
11530.0
11549.0
11345.0
11114.0
11086.0
11494.0
12365.0
13157.0
13824.0
13392.0
12674.0
12029.0
11128.0
10464.0
10095.0
10082.0
10083.0
10219.0
10651.0
11954.0
13754.0
14971.0
15413.0
15494.0
15529.0
15308.0
15256.0
15058.0
14933.0
15045.0
15234.0
15275.0
15687.0
15005.0
14069.0
12969.0
11998.0
11181.0
10681.0
10482.0
10442.0
10503.0
10874.0
12195.0
13984.0
15006.0
15050.0
14938.0
14912.0
14680.0
14707.0
14637.0
14602.0
14775.0
15042.0
15006.0
15657.0
15062.0
14160.0
13098.0
12120.0
11254.0
10790.0
10626.0
10599.0
10695.0
11105.0
12343.0
13986.0
15190.0
15497.0
15403.0
15283.0
14887.0
14780.0
14641.0
14540.0
14687.0
15073.0
15051.0
15709.0
15069.0
14199.0
13193.0
12257.0
11376.0
10874.0
10656.0
10580.0
10667.0
11088.0
12354.0
13924.0
14943.0
15137.0
14959.0
14835.0
14585.0
14554.0
14459.0
14431.0
14593.0
14916.0
15038.0
15725.0
15180.0
14182.0
13021.0
12086.0
11277.0
10742.0
10556.0
10513.0
10599.0
11023.0
12223.0
13848.0
14838.0
15095.0
14986.0
14920.0
14738.0
14747.0
14596.0
14424.0
14459.0
14824.0
14829.0
15342.0
14704.0
13695.0
12786.0
11992.0
11203.0
10649.0
10396.0
10272.0
10253.0
10385.0
10774.0
11473.0
12476.0
13388.0
13700.0
13801.0
13719.0
13517.0
13339.0
13214.0
13380.0
13795.0
14016.0
14132.0
13579.0
12792.0
12164.0
11396.0
10679.0
10167.0
9924.0
9819.0
9726.0
9796.0
10073.0
10381.0
11144.0
11913.0
12312.0
12636.0
12770.0
12601.0
12386.0
12284.0
12445.0
13134.0
13626.0
13951.0
13507.0
12809.0
12094.0
11161.0
10462.0
10082.0
10009.0
10031.0
10176.0
10702.0
12008.0
13779.0
14896.0
15111.0
14980.0
14929.0
14704.0
14676.0
14634.0
14602.0
14758.0
14982.0
14845.0
15554.0
14938.0
14055.0
12953.0
11984.0
11105.0
10582.0
10426.0
10416.0
10477.0
10932.0
12192.0
13868.0
14893.0
15141.0
14944.0
14807.0
14543.0
14547.0
14473.0
14412.0
14511.0
14750.0
14587.0
15413.0
14920.0
14033.0
12933.0
11988.0
11144.0
10609.0
10411.0
10397.0
10460.0
10878.0
12081.0
13829.0
14955.0
15389.0
15356.0
15310.0
15082.0
15134.0
15124.0
15099.0
15218.0
15378.0
15136.0
15539.0
14946.0
14058.0
12956.0
12037.0
11192.0
10577.0
10370.0
10365.0
10412.0
10851.0
12114.0
13926.0
15088.0
15563.0
15571.0
15454.0
15162.0
15126.0
14940.0
14768.0
14769.0
14921.0
14738.0
15418.0
14974.0
13951.0
12903.0
12063.0
11151.0
10589.0
10362.0
10360.0
10411.0
10814.0
12005.0
13747.0
15061.0
15631.0
15926.0
15938.0
15415.0
15122.0
14916.0
14666.0
14685.0
14906.0
14646.0
15058.0
14479.0
13564.0
12615.0
11814.0
11062.0
10480.0
10198.0
10042.0
9986.0
10059.0
10432.0
11173.0
12151.0
13068.0
13426.0
13423.0
13217.0
12873.0
12610.0
12512.0
12787.0
13329.0
13565.0
13888.0
13400.0
12658.0
12002.0
11286.0
10606.0
10092.0
9796.0
9649.0
9582.0
9672.0
9785.0
10123.0
10880.0
11538.0
11841.0
11879.0
11780.0
11503.0
11187.0
11050.0
11245.0
12132.0
12667.0
13587.0
13418.0
12721.0
12005.0
11145.0
10498.0
10091.0
9968.0
9951.0
10089.0
10632.0
11800.0
13496.0
14656.0
15088.0
15089.0
15087.0
14745.0
14780.0
14654.0
14550.0
14632.0
14849.0
14497.0
15297.0
14934.0
13991.0
12821.0
11880.0
11046.0
10512.0
10320.0
10311.0
10395.0
10826.0
11928.0
13651.0
14775.0
15171.0
15008.0
14895.0
14731.0
14845.0
14928.0
14896.0
15045.0
15175.0
14834.0
15379.0
14868.0
13961.0
12818.0
11918.0
11081.0
10533.0
10362.0
10329.0
10402.0
10848.0
11984.0
13882.0
15199.0
15782.0
15881.0
15922.0
15786.0
15798.0
15703.0
15541.0
15495.0
15578.0
15146.0
15396.0
14970.0
14061.0
12931.0
11994.0
11117.0
10574.0
10366.0
10358.0
10447.0
10909.0
11967.0
13621.0
14776.0
15180.0
15302.0
15515.0
15394.0
15635.0
15673.0
15573.0
15668.0
15850.0
15529.0
15791.0
15190.0
14116.0
12948.0
11988.0
11129.0
10555.0
10335.0
10297.0
10349.0
10779.0
11863.0
13500.0
14802.0
14672.0
13741.0
14533.0
14742.0
14725.0
14641.0
14428.0
14363.0
14506.0
14200.0
14641.0
14323.0
13450.0
12501.0
11702.0
10937.0
10313.0
10081.0
9946.0
9916.0
10041.0
10303.0
10989.0
11899.0
12752.0
13170.0
13363.0
13397.0
13285.0
13185.0
13017.0
13017.0
13452.0
13496.0
13705.0
13261.0
12535.0
11904.0
11165.0
10396.0
9835.0
9835.0
9557.0
9506.0
9488.0
9625.0
9845.0
10435.0
11197.0
11851.0
12387.0
12713.0
12768.0
12574.0
12589.0
12678.0
13071.0
13222.0
13120.0
13426.0
12944.0
12223.0
11268.0
10455.0
9997.0
9804.0
9782.0
9910.0
10399.0
11774.0
13519.0
14751.0
15116.0
15257.0
15286.0
15024.0
15025.0
14774.0
14524.0
14397.0
14421.0
13991.0
13959.0
14491.0
13982.0
12929.0
11953.0
10999.0
10483.0
10262.0
10173.0
10224.0
10643.0
12034.0
13658.0
14802.0
15314.0
15409.0
15338.0
15055.0
14973.0
14683.0
14434.0
14438.0
14668.0
14204.0
14159.0
14385.0
13970.0
12937.0
11977.0
10922.0
10317.0
10031.0
9968.0
10042.0
10484.0
11812.0
13557.0
14783.0
15277.0
15337.0
15339.0
15103.0
15099.0
14984.0
14742.0
14606.0
14692.0
14168.0
14097.0
14392.0
13928.0
12857.0
11930.0
11046.0
10482.0
10161.0
10021.0
10045.0
10512.0
11905.0
13662.0
14816.0
15141.0
15071.0
15032.0
14724.0
14673.0
14557.0
14542.0
14586.0
14730.0
14363.0
14240.0
14547.0
14080.0
13058.0
12117.0
11180.0
10566.0
10256.0
10106.0
10197.0
10571.0
11703.0
13039.0
14333.0
14875.0
14968.0
14916.0
14621.0
14518.0
14324.0
14022.0
13981.0
14180.0
13801.0
13473.0
13659.0
13344.0
12504.0
11817.0
10974.0
10358.0
10008.0
9809.0
9775.0
9894.0
10380.0
11038.0
12053.0
13076.0
13357.0
13307.0
12974.0
12537.0
12243.0
12097.0
12250.0
12632.0
12672.0
12547.0
12807.0
12661.0
11986.0
11285.0
10542.0
9973.0
9636.0
9424.0
9414.0
9471.0
9630.0
9878.0
10483.0
10856.0
11017.0
10931.0
10869.0
10672.0
10458.0
10325.0
10445.0
11139.0
11606.0
11602.0
12036.0
12168.0
11695.0
10948.0
10226.0
9721.0
9431.0
9291.0
9322.0
9478.0
9830.0
10190.0
11003.0
11865.0
12368.0
12471.0
12418.0
12113.0
11826.0
11620.0
11624.0
12114.0
12211.0
12157.0
12564.0
12633.0
11955.0
11080.0
10336.0
9891.0
9765.0
9703.0
9818.0
10274.0
11666.0
13365.0
14613.0
15126.0
15159.0
15155.0
14881.0
14825.0
14633.0
14445.0
14407.0
14490.0
14107.0
13934.0
14164.0
13909.0
12858.0
11888.0
10994.0
10477.0
10223.0
10149.0
10178.0
10544.0
11779.0
13543.0
14854.0
15361.0
15397.0
15237.0
14887.0
14718.0
14496.0
14281.0
14261.0
14439.0
13904.0
13683.0
13769.0
13718.0
12778.0
11900.0
10956.0
10387.0
10128.0
10033.0
10087.0
10496.0
11703.0
13319.0
14423.0
14744.0
14596.0
14459.0
14223.0
14253.0
14117.0
13975.0
14033.0
14216.0
13879.0
13682.0
13811.0
13720.0
12762.0
11827.0
10922.0
10377.0
10140.0
10002.0
10053.0
10436.0
11561.0
13196.0
14378.0
14662.0
14552.0
14471.0
14206.0
14096.0
13860.0
13638.0
13608.0
13795.0
13396.0
13108.0
13247.0
13153.0
12325.0
11591.0
10734.0
10109.0
9754.0
9539.0
9480.0
9565.0
9945.0
10547.0
11479.0
12285.0
12816.0
13109.0
13025.0
12692.0
12476.0
12503.0
12568.0
12639.0
12460.0
12199.0
12292.0
12321.0
11808.0
11088.0
10297.0
9704.0
9425.0
9266.0
9231.0
9251.0
9434.0
9641.0
10245.0
10748.0
11084.0
11135.0
11188.0
10975.0
10691.0
10487.0
10662.0
11364.0
11798.0
11853.0
12178.0
12246.0
11631.0
10781.0
10047.0
9548.0
9400.0
9401.0
9518.0
9997.0
11278.0
12932.0
14105.0
14493.0
14431.0
14457.0
14302.0
14326.0
14128.0
13935.0
13932.0
14008.0
13495.0
13288.0
13366.0
13505.0
12575.0
11613.0
10667.0
10104.0
9859.0
9739.0
9792.0
10216.0
11351.0
13072.0
14123.0
14502.0
14449.0
14278.0
13982.0
14031.0
13924.0
13826.0
13885.0
14034.0
13578.0
13323.0
13310.0
13481.0
12609.0
11655.0
10735.0
10119.0
9862.0
9754.0
9795.0
10197.0
11335.0
12869.0
14021.0
14363.0
14379.0
14283.0
14115.0
14128.0
14010.0
13907.0
13876.0
14016.0
13499.0
13231.0
13249.0
13454.0
12611.0
11688.0
10795.0
10224.0
9959.0
9869.0
9888.0
10221.0
11342.0
12970.0
14071.0
14524.0
14485.0
14394.0
14172.0
14164.0
14057.0
13949.0
14071.0
14161.0
13786.0
13577.0
13590.0
13614.0
12634.0
11733.0
10808.0
10254.0
10012.0
9910.0
9923.0
10303.0
11374.0
12974.0
14225.0
14698.0
14742.0
14759.0
14522.0
14368.0
14130.0
13905.0
13827.0
13895.0
13462.0
13169.0
13069.0
13173.0
12387.0
11633.0
10807.0
10186.0
9807.0
9647.0
9545.0
9662.0
9977.0
10601.0
11402.0
12046.0
12224.0
12130.0
11962.0
11711.0
11453.0
11267.0
11336.0
11749.0
11889.0
11834.0
11867.0
12120.0
11654.0
10976.0
10288.0
9795.0
9533.0
9405.0
9352.0
9391.0
9405.0
9630.0
10293.0
10852.0
11188.0
11368.0
11384.0
11121.0
10824.0
10633.0
10690.0
11317.0
11696.0
11734.0
11850.0
12244.0
11701.0
10860.0
10148.0
9692.0
9554.0
9488.0
9597.0
10075.0
11221.0
12938.0
14026.0
14341.0
14276.0
14250.0
14102.0
14119.0
13983.0
13915.0
13950.0
14062.0
13551.0
13317.0
13200.0
13499.0
12665.0
11765.0
10868.0
10281.0
10021.0
9937.0
9963.0
10380.0
11342.0
13041.0
14119.0
14465.0
14443.0
14367.0
14107.0
14094.0
14001.0
13921.0
13966.0
14121.0
13490.0
13246.0
13257.0
13586.0
12794.0
11874.0
10968.0
10359.0
10115.0
10001.0
10036.0
10413.0
11406.0
13105.0
14326.0
14927.0
15074.0
15045.0
14824.0
14801.0
14612.0
14392.0
14349.0
14551.0
13961.0
13681.0
13533.0
13692.0
12865.0
11939.0
11013.0
10402.0
10135.0
10021.0
9985.0
10390.0
11517.0
13150.0
14373.0
14816.0
14908.0
14759.0
14461.0
14321.0
14132.0
14020.0
14022.0
14093.0
13712.0
13523.0
13421.0
13662.0
12879.0
11948.0
11050.0
10462.0
10176.0
10045.0
10088.0
10411.0
11405.0
13080.0
14139.0
14457.0
14520.0
14541.0
14355.0
14271.0
14117.0
13936.0
13884.0
13932.0
13572.0
13288.0
13039.0
13130.0
12441.0
11767.0
10930.0
10269.0
9832.0
9698.0
9646.0
9748.0
10010.0
10660.0
11622.0
12547.0
12878.0
13006.0
12957.0
12673.0
12465.0
12471.0
12417.0
12564.0
12429.0
12160.0
11937.0
12202.0
11772.0
11105.0
10404.0
9837.0
9517.0
9387.0
9291.0
9313.0
9267.0
9585.0
10308.0
10968.0
11504.0
11862.0
12009.0
11859.0
11658.0
11541.0
11604.0
11997.0
12124.0
11946.0
11839.0
11995.0
11584.0
10840.0
10175.0
9685.0
9433.0
9334.0
9354.0
9513.0
9680.0
10203.0
10812.0
11293.0
11432.0
11353.0
11262.0
10968.0
10723.0
10627.0
10807.0
11404.0
11580.0
11592.0
11614.0
12117.0
11809.0
11055.0
10366.0
9865.0
9668.0
9649.0
9730.0
10143.0
11139.0
12773.0
13954.0
14477.0
14636.0
14764.0
14662.0
14608.0
14381.0
14256.0
14188.0
14223.0
13647.0
13468.0
13219.0
13492.0
12857.0
11955.0
11038.0
10461.0
10175.0
10060.0
10105.0
10499.0
11372.0
12964.0
14143.0
14571.0
14621.0
14592.0
14536.0
14564.0
14533.0
14562.0
14574.0
14675.0
13981.0
13726.0
13590.0
13605.0
12776.0
11942.0
11058.0
10482.0
10188.0
10073.0
10117.0
10494.0
11442.0
13029.0
14152.0
14700.0
14820.0
14816.0
14678.0
14670.0
14482.0
14218.0
14109.0
14176.0
13880.0
13667.0
13455.0
13568.0
12926.0
12010.0
11096.0
10524.0
10272.0
10149.0
10208.0
10540.0
11363.0
12851.0
14044.0
14583.0
14671.0
14711.0
14509.0
14396.0
14249.0
14000.0
13943.0
13990.0
13631.0
13335.0
13053.0
13134.0
12639.0
11890.0
11047.0
10442.0
10135.0
10017.0
9944.0
10001.0
10172.0
10816.0
11572.0
12323.0
12513.0
12498.0
12265.0
11976.0
11724.0
11523.0
11607.0
11910.0
12045.0
12034.0
11939.0
12134.0
11870.0
11202.0
10521.0
9954.0
9646.0
9511.0
9404.0
9381.0
9268.0
9612.0
10231.0
10861.0
11287.0
11620.0
11932.0
12002.0
11960.0
11893.0
11924.0
12397.0
12388.0
12164.0
11964.0
12142.0
11964.0
11156.0
10477.0
9998.0
9754.0
9629.0
9672.0
10013.0
10837.0
12227.0
13502.0
14062.0
14265.0
14347.0
14137.0
14073.0
13929.0
13811.0
13843.0
13877.0
13421.0
13050.0
12711.0
13072.0
12556.0
11887.0
11048.0
10422.0
10131.0
10021.0
10038.0
10127.0
10373.0
11202.0
12106.0
12720.0
12984.0
13068.0
13182.0
13350.0
13115.0
12732.0
12590.0
12726.0
12564.0
12359.0
12162.0
12402.0
12253.0
11625.0
10859.0
10251.0
9962.0
9860.0
9927.0
10228.0
11045.0
12445.0
13614.0
14223.0
14458.0
14606.0
14547.0
14628.0
14465.0
14375.0
14305.0
14402.0
13756.0
13500.0
13166.0
13203.0
12669.0
11922.0
11020.0
10448.0
10160.0
10092.0
10094.0
10432.0
11192.0
12536.0
13757.0
14333.0
14453.0
14452.0
14229.0
14205.0
14123.0
14070.0
14033.0
14075.0
13643.0
13437.0
13174.0
13181.0
12741.0
11963.0
11056.0
10518.0
10196.0
10078.0
10147.0
10422.0
11178.0
12626.0
13931.0
14488.0
14646.0
14643.0
14384.0
14223.0
14196.0
14045.0
13950.0
14030.0
13663.0
13375.0
13080.0
13028.0
12581.0
11949.0
11074.0
10450.0
10099.0
9913.0
9866.0
9884.0
10035.0
10721.0
11711.0
12547.0
12814.0
12783.0
12650.0
12406.0
12211.0
12169.0
12327.0
12611.0
12526.0
12284.0
12006.0
12057.0
11894.0
11251.0
10503.0
9987.0
9650.0
9490.0
9394.0
9301.0
9195.0
9510.0
10151.0
10694.0
10988.0
11011.0
11003.0
10868.0
10701.0
10619.0
10762.0
11297.0
11640.0
11656.0
11644.0
11899.0
11883.0
11097.0
10429.0
10008.0
9801.0
9755.0
9859.0
10243.0
11175.0
12731.0
14022.0
14549.0
14640.0
14768.0
14679.0
14758.0
14653.0
14450.0
14419.0
14461.0
13974.0
13587.0
13190.0
13199.0
12863.0
12006.0
11124.0
10484.0
10250.0
10138.0
10130.0
10363.0
11131.0
12799.0
14071.0
14598.0
14685.0
14666.0
14522.0
14495.0
14431.0
14189.0
14150.0
14237.0
13647.0
13309.0
12968.0
12982.0
12777.0
11973.0
11092.0
10475.0
10201.0
10064.0
10086.0
10285.0
11188.0
12688.0
13847.0
14362.0
14466.0
14487.0
14317.0
14294.0
14139.0
14021.0
13930.0
13995.0
13487.0
13120.0
12796.0
12707.0
12466.0
11782.0
10826.0
10189.0
9891.0
9762.0
9690.0
9637.0
9675.0
10123.0
10719.0
11315.0
11596.0
11650.0
11618.0
11438.0
11225.0
11103.0
11253.0
11744.0
11897.0
11777.0
11676.0
11759.0
11703.0
11087.0
10390.0
9873.0
9643.0
9554.0
9585.0
9700.0
10280.0
11318.0
12362.0
13022.0
13228.0
13165.0
12972.0
12746.0
12538.0
12449.0
12556.0
12959.0
12777.0
12584.0
12318.0
12226.0
12141.0
11589.0
10747.0
10154.0
9815.0
9632.0
9589.0
9584.0
9755.0
10423.0
11318.0
12299.0
12843.0
13005.0
12953.0
12785.0
12399.0
12160.0
12043.0
12250.0
12253.0
12059.0
11805.0
11743.0
11797.0
11174.0
10514.0
9954.0
9626.0
9477.0
9404.0
9264.0
9178.0
9457.0
9996.0
10575.0
10968.0
11230.0
11345.0
11153.0
10930.0
10825.0
11022.0
11659.0
11880.0
11805.0
11686.0
11658.0
11740.0
11030.0
10337.0
9882.0
9684.0
9658.0
9737.0
10038.0
11006.0
12693.0
14030.0
14520.0
14678.0
14935.0
14883.0
14918.0
14882.0
14908.0
15012.0
15035.0
14407.0
13972.0
13421.0
13100.0
12795.0
11947.0
11072.0
10472.0
10147.0
10077.0
10089.0
10295.0
11182.0
12889.0
13997.0
14529.0
14611.0
14693.0
14590.0
14686.0
14552.0
14449.0
14529.0
14554.0
14018.0
13681.0
13237.0
13006.0
12828.0
12067.0
11145.0
10494.0
10175.0
10050.0
10103.0
10329.0
11224.0
12866.0
13978.0
14439.0
14516.0
14571.0
14480.0
14494.0
14363.0
14283.0
14268.0
14328.0
13782.0
13447.0
13075.0
12865.0
12739.0
12017.0
11108.0
10488.0
10168.0
10087.0
10137.0
10276.0
11189.0
12897.0
13970.0
14320.0
14385.0
14403.0
14340.0
14309.0
14224.0
14161.0
14206.0
14218.0
13817.0
13562.0
13309.0
13098.0
12858.0
12087.0
11168.0
10516.0
10212.0
10085.0
10115.0
10322.0
11227.0
12866.0
14092.0
14613.0
14607.0
14574.0
14403.0
14451.0
14348.0
14196.0
14180.0
14188.0
13746.0
13357.0
13043.0
12804.0
12577.0
11940.0
11122.0
10458.0
10118.0
9917.0
9876.0
9765.0
9981.0
10736.0
11742.0
12583.0
12928.0
12954.0
12766.0
12412.0
12071.0
11812.0
11760.0
11983.0
12016.0
11895.0
11685.0
11492.0
11681.0
11130.0
10535.0
9900.0
9546.0
9390.0
9343.0
9092.0
9027.0
9294.0
9805.0
10296.0
10531.0
10591.0
10582.0
10428.0
10186.0
10076.0
10244.0
10809.0
11220.0
11361.0
11387.0
11391.0
11481.0
10919.0
10245.0
9745.0
9495.0
9377.0
9355.0
9294.0
9404.0
9796.0
10427.0
11067.0
11430.0
11619.0
11697.0
11632.0
11479.0
11383.0
11500.0
12061.0
12156.0
12008.0
11878.0
11817.0
11840.0
11132.0
10407.0
9898.0
9718.0
9651.0
9726.0
9942.0
11000.0
12767.0
14023.0
14590.0
14688.0
14720.0
14599.0
14549.0
14469.0
14389.0
14357.0
14417.0
13899.0
13563.0
13171.0
12862.0
12769.0
11985.0
11116.0
10500.0
10229.0
10110.0
10111.0
10282.0
11219.0
12892.0
14092.0
14587.0
14615.0
14692.0
14623.0
14644.0
14490.0
14364.0
14294.0
14353.0
13698.0
13356.0
13056.0
12842.0
12762.0
12030.0
11120.0
10518.0
10217.0
10124.0
10143.0
10306.0
11234.0
12935.0
14206.0
14794.0
14959.0
14987.0
14793.0
14680.0
14557.0
14396.0
14228.0
14305.0
13824.0
13549.0
13203.0
12755.0
12645.0
11984.0
11149.0
10522.0
10216.0
10171.0
10187.0
10296.0
11243.0
12833.0
14052.0
14613.0
14734.0
14802.0
14683.0
14749.0
14666.0
14555.0
14554.0
14592.0
14153.0
13745.0
13297.0
12883.0
12616.0
11956.0
11107.0
10404.0
10039.0
9837.0
9737.0
9572.0
9864.0
10525.0
11443.0
12277.0
12630.0
12644.0
12440.0
12141.0
11853.0
11622.0
11587.0
11891.0
11956.0
11793.0
11571.0
11378.0
11585.0
11148.0
10456.0
9920.0
9559.0
9378.0
9312.0
9089.0
9073.0
9413.0
10086.0
10800.0
11281.0
11617.0
11878.0
11858.0
11888.0
11808.0
11908.0
12371.0
12484.0
12424.0
12240.0
12054.0
11884.0
11147.0
10455.0
9985.0
9816.0
9769.0
9816.0
9966.0
11018.0
12649.0
13897.0
14323.0
14450.0
14518.0
14342.0
14439.0
14240.0
14136.0
14149.0
14218.0
13741.0
13466.0
13067.0
12827.0
12641.0
11883.0
11034.0
10445.0
10179.0
10035.0
10050.0
10195.0
11194.0
12992.0
14288.0
14936.0
15162.0
15331.0
15231.0
15233.0
15166.0
15082.0
15075.0
15046.0
14404.0
13955.0
13534.0
13107.0
12804.0
12055.0
11186.0
10569.0
10268.0
10136.0
10127.0
10211.0
11182.0
12880.0
14092.0
14613.0
14736.0
14786.0
14652.0
14706.0
14546.0
14373.0
14324.0
14358.0
13743.0
13379.0
13038.0
12705.0
12708.0
12140.0
11227.0
10585.0
10234.0
10113.0
10105.0
10209.0
11218.0
12885.0
14080.0
14548.0
14596.0
14599.0
14413.0
14471.0
14385.0
14388.0
14415.0
14404.0
13929.0
13677.0
13353.0
12877.0
12814.0
12265.0
11371.0
10743.0
10399.0
10284.0
10248.0
10308.0
11194.0
12810.0
14083.0
14792.0
14978.0
15101.0
14934.0
14938.0
14908.0
14718.0
14654.0
14694.0
14339.0
13995.0
13591.0
13034.0
12643.0
12033.0
11184.0
10529.0
10149.0
9984.0
9886.0
9690.0
9849.0
10484.0
11295.0
12060.0
12313.0
12264.0
12087.0
11805.0
11595.0
11421.0
11496.0
11791.0
11858.0
11769.0
11669.0
11401.0
11492.0
11127.0
10521.0
9960.0
9644.0
9458.0
9362.0
9066.0
9062.0
9401.0
9966.0
10554.0
10848.0
11077.0
11181.0
11015.0
10807.0
10699.0
10834.0
11330.0
11598.0
11663.0
11573.0
11310.0
11491.0
11022.0
10436.0
9985.0
9790.0
9698.0
9763.0
9895.0
10930.0
12474.0
13809.0
14281.0
14390.0
14461.0
14300.0
14375.0
14254.0
14141.0
14140.0
14185.0
13650.0
13326.0
12964.0
12547.0
12505.0
11881.0
11080.0
10524.0
10227.0
10059.0
10053.0
10171.0
11086.0
12777.0
14008.0
14565.0
14722.0
14805.0
14583.0
14533.0
14383.0
14281.0
14306.0
14330.0
13715.0
13388.0
12998.0
12589.0
12578.0
12037.0
11172.0
10558.0
10260.0
10090.0
10055.0
10127.0
11088.0
12722.0
13895.0
14380.0
14521.0
14570.0
14456.0
14516.0
14381.0
14320.0
14278.0
14335.0
13747.0
13433.0
13051.0
12678.0
12601.0
12132.0
11261.0
10648.0
10333.0
10210.0
10178.0
10201.0
11130.0
12706.0
13896.0
14397.0
14508.0
14551.0
14392.0
14542.0
14563.0
14459.0
14505.0
14499.0
14087.0
13773.0
13396.0
12897.0
12813.0
12401.0
11509.0
10833.0
10514.0
10396.0
10353.0
10229.0
11124.0
12675.0
13984.0
14661.0
14826.0
14976.0
14819.0
14853.0
14776.0
14679.0
14576.0
14514.0
13999.0
13598.0
13255.0
12784.0
12729.0
12301.0
11499.0
10797.0
10421.0
10213.0
10099.0
9878.0
10063.0
10762.0
11660.0
12547.0
12967.0
12980.0
12730.0
12429.0
12191.0
11921.0
11936.0
12212.0
12266.0
12169.0
11955.0
11739.0
11766.0
11333.0
10675.0
10115.0
9768.0
9547.0
9507.0
9294.0
9254.0
9551.0
10200.0
10887.0
11343.0
11692.0
11777.0
11679.0
11471.0
11303.0
11466.0
11937.0
12138.0
12098.0
11989.0
11811.0
11822.0
11215.0
10569.0
10082.0
9863.0
9773.0
9827.0
9958.0
10937.0
12537.0
13802.0
14186.0
14174.0
14269.0
14176.0
14216.0
14042.0
13987.0
14000.0
14078.0
13637.0
13334.0
13017.0
12593.0
12480.0
11994.0
11082.0
10474.0
10184.0
10074.0
10100.0
10132.0
11067.0
12661.0
13911.0
14453.0
14534.0
14533.0
14267.0
14271.0
14174.0
14221.0
14275.0
14337.0
13713.0
13353.0
12953.0
12517.0
12433.0
12007.0
11046.0
10443.0
10122.0
9951.0
9938.0
10003.0
10965.0
12593.0
13825.0
14374.0
14486.0
14563.0
14424.0
14536.0
14557.0
14592.0
14645.0
14671.0
13967.0
13685.0
13347.0
13076.0
12847.0
12248.0
11408.0
10825.0
10560.0
10416.0
10298.0
10347.0
11208.0
12820.0
14065.0
14566.0
14697.0
14735.0
14625.0
14597.0
14488.0
14395.0
14349.0
14340.0
13820.0
13476.0
13104.0
12765.0
12489.0
11952.0
11158.0
10593.0
10316.0
10152.0
10131.0
10250.0
11143.0
12700.0
13992.0
14590.0
14735.0
14801.0
14669.0
14674.0
14479.0
14316.0
14185.0
14166.0
13686.0
13281.0
12833.0
12477.0
12197.0
11728.0
10951.0
10343.0
9968.0
9775.0
9691.0
9492.0
9671.0
10315.0
11242.0
12070.0
12455.0
12525.0
12417.0
12251.0
11990.0
11791.0
11829.0
12133.0
12153.0
11987.0
11784.0
11526.0
11523.0
11117.0
10501.0
9956.0
9636.0
9473.0
9346.0
9116.0
9074.0
9428.0
10100.0
10807.0
11353.0
11640.0
11818.0
11652.0
11452.0
11223.0
11293.0
11706.0
11816.0
11740.0
11595.0
11453.0
11580.0
11077.0
10328.0
9905.0
9734.0
9628.0
9694.0
9842.0
10848.0
12512.0
13860.0
14457.0
14642.0
14890.0
14710.0
14743.0
14656.0
14519.0
14438.0
14413.0
13952.0
13512.0
13027.0
12613.0
12454.0
11941.0
10987.0
10411.0
10186.0
10079.0
10050.0
10144.0
11053.0
12632.0
13828.0
14412.0
14712.0
14880.0
14835.0
14849.0
14737.0
14658.0
14665.0
14698.0
14118.0
13749.0
13372.0
12999.0
12581.0
11863.0
11003.0
10433.0
10194.0
10095.0
10089.0
10202.0
11126.0
12770.0
14054.0
14554.0
14587.0
14535.0
14316.0
14434.0
14412.0
14338.0
14337.0
14432.0
13802.0
13403.0
12995.0
12643.0
12501.0
12065.0
11233.0
10593.0
10263.0
10134.0
10140.0
10178.0
11035.0
12620.0
13855.0
14406.0
14509.0
14530.0
14413.0
14440.0
14446.0
14346.0
14334.0
14401.0
13912.0
13571.0
13242.0
12786.0
12628.0
12138.0
11275.0
10703.0
10456.0
10304.0
10270.0
10309.0
11124.0
12672.0
14021.0
14568.0
14777.0
14818.0
14684.0
14744.0
14616.0
14576.0
14502.0
14436.0
13890.0
13441.0
12943.0
12511.0
12402.0
12005.0
11276.0
10630.0
10266.0
10092.0
9987.0
9776.0
9990.0
10599.0
11528.0
12386.0
12752.0
12706.0
12482.0
12167.0
11920.0
11711.0
11706.0
11888.0
11935.0
11805.0
11660.0
11421.0
11500.0
11223.0
10645.0
10117.0
9759.0
9539.0
9390.0
9087.0
9074.0
9356.0
9889.0
10503.0
10959.0
11275.0
11557.0
11549.0
11394.0
11344.0
11443.0
11884.0
12005.0
11883.0
11779.0
11677.0
11706.0
11202.0
10590.0
10147.0
9964.0
9882.0
9886.0
9978.0
10866.0
12512.0
13851.0
14406.0
14581.0
14802.0
14763.0
14880.0
14803.0
14741.0
14670.0
14690.0
14182.0
13834.0
13403.0
13003.0
12819.0
12379.0
11512.0
10854.0
10605.0
10453.0
10408.0
10439.0
11334.0
12906.0
14147.0
14724.0
14881.0
14907.0
14831.0
14878.0
14845.0
14785.0
14798.0
14840.0
14334.0
13985.0
13688.0
13240.0
13051.0
12639.0
11726.0
11051.0
10753.0
10600.0
10531.0
10564.0
11506.0
13240.0
14482.0
15198.0
15383.0
15528.0
15436.0
15495.0
15469.0
15410.0
15455.0
15446.0
14828.0
14490.0
14149.0
13779.0
13616.0
13237.0
12299.0
11611.0
11282.0
11087.0
11094.0
11232.0
12350.0
13975.0
15313.0
16004.0
16124.0
16158.0
16050.0
16045.0
15912.0
15718.0
15627.0
15520.0
15080.0
14667.0
14335.0
13889.0
13732.0
13160.0
12224.0
11557.0
11138.0
10970.0
10972.0
11096.0
12067.0
13550.0
14805.0
15507.0
15638.0
15690.0
15623.0
15594.0
15471.0
15305.0
15220.0
15149.0
14715.0
14342.0
13945.0
13409.0
13339.0
13078.0
12255.0
11561.0
11120.0
10896.0
10806.0
10578.0
10779.0
11428.0
12302.0
13157.0
13546.0
13542.0
13405.0
13179.0
12996.0
12841.0
12810.0
12935.0
12945.0
12740.0
12544.0
12274.0
12270.0
11981.0
11382.0
10843.0
10448.0
10267.0
10096.0
9866.0
9798.0
10109.0
10704.0
11345.0
11714.0
12008.0
12189.0
12171.0
12218.0
12158.0
12266.0
12492.0
12350.0
12211.0
12145.0
11945.0
12066.0
11641.0
11006.0
10539.0
10375.0
10295.0
10323.0
10410.0
11249.0
12823.0
14097.0
14698.0
14855.0
14987.0
14865.0
14974.0
14888.0
14761.0
14713.0
14697.0
14188.0
13883.0
13506.0
13106.0
13002.0
12533.0
11710.0
11062.0
10749.0
10598.0
10602.0
10629.0
11490.0
12961.0
14259.0
15027.0
15398.0
15590.0
15580.0
15682.0
15574.0
15356.0
15251.0
15160.0
14371.0
13889.0
13486.0
13050.0
12981.0
12534.0
11684.0
11037.0
10720.0
10558.0
10517.0
10613.0
11425.0
12907.0
14219.0
14890.0
15148.0
15195.0
15105.0
15094.0
14995.0
14931.0
14830.0
14818.0
14177.0
13742.0
13390.0
13176.0
12848.0
12248.0
11370.0
10719.0
10423.0
10290.0
10269.0
10393.0
11160.0
12489.0
13731.0
14283.0
14445.0
14510.0
14328.0
14352.0
14295.0
14175.0
14130.0
14146.0
13719.0
13326.0
12975.0
12586.0
12463.0
12150.0
11233.0
10637.0
10306.0
10194.0
10221.0
10320.0
11137.0
12490.0
13695.0
14308.0
14483.0
14509.0
14351.0
14328.0
14179.0
14024.0
13968.0
14090.0
13783.0
13449.0
13057.0
12576.0
12475.0
12183.0
11398.0
10766.0
10368.0
10205.0
10090.0
9933.0
10047.0
10590.0
11382.0
12211.0
12525.0
12508.0
12387.0
12261.0
12114.0
12036.0
12076.0
12194.0
12219.0
12102.0
11949.0
11727.0
11848.0
11421.0
10855.0
10286.0
9990.0
9805.0
9744.0
9508.0
9417.0
9686.0
10192.0
10738.0
11154.0
11473.0
11752.0
11756.0
11629.0
11569.0
11613.0
11982.0
12080.0
11918.0
11831.0
11802.0
11821.0
11275.0
10712.0
10329.0
10130.0
10100.0
10153.0
10371.0
11182.0
12671.0
14044.0
14678.0
15051.0
15222.0
15187.0
15191.0
15094.0
14918.0
14827.0
14804.0
14205.0
13833.0
13420.0
13094.0
12808.0
12216.0
11414.0
10868.0
10583.0
10502.0
10527.0
10679.0
11468.0
13003.0
14241.0
14907.0
15163.0
15254.0
15115.0
15094.0
15034.0
14922.0
14860.0
14759.0
14064.0
13644.0
13231.0
12917.0
12769.0
12283.0
11444.0
10900.0
10632.0
10472.0
10464.0
10638.0
11364.0
12845.0
14140.0
14762.0
15062.0
15156.0
15124.0
15292.0
15226.0
15129.0
15009.0
14966.0
14273.0
13752.0
13327.0
13068.0
12890.0
12350.0
11489.0
10813.0
10549.0
10409.0
10387.0
10545.0
11266.0
12570.0
13798.0
14441.0
14628.0
14680.0
14547.0
14621.0
14564.0
14504.0
14523.0
14536.0
14126.0
13770.0
13462.0
13146.0
12972.0
12437.0
11527.0
10935.0
10649.0
10498.0
10469.0
10587.0
11425.0
12754.0
14046.0
14726.0
14991.0
15059.0
14893.0
14856.0
14709.0
14418.0
14251.0
14262.0
13826.0
13507.0
13112.0
12631.0
12584.0
12187.0
11442.0
10822.0
10433.0
10217.0
10130.0
10019.0
10105.0
10614.0
11417.0
12198.0
12436.0
12437.0
12271.0
12035.0
11843.0
11748.0
11777.0
11905.0
11936.0
11800.0
11677.0
11548.0
11685.0
11323.0
10693.0
10231.0
9951.0
9789.0
9693.0
9656.0
9498.0
9716.0
10137.0
10724.0
11243.0
11684.0
11840.0
11733.0
11482.0
11181.0
11236.0
11561.0
11697.0
11556.0
11555.0
11470.0
11743.0
11244.0
10560.0
10127.0
9948.0
9878.0
9888.0
10073.0
10798.0
12071.0
13300.0
13954.0
14224.0
14363.0
14416.0
14584.0
14562.0
14540.0
14565.0
14524.0
13934.0
13494.0
13049.0
12771.0
12684.0
12141.0
11348.0
10795.0
10521.0
10449.0
10409.0
10549.0
11276.0
12496.0
13585.0
14125.0
14264.0
14265.0
14159.0
14242.0
14281.0
14276.0
14284.0
14246.0
13753.0
13330.0
12936.0
12600.0
12648.0
12219.0
11375.0
10783.0
10539.0
10371.0
10393.0
10486.0
11141.0
12415.0
13586.0
14191.0
14385.0
14412.0
14372.0
14432.0
14340.0
14253.0
14207.0
14148.0
13552.0
13188.0
12862.0
12618.0
12601.0
12095.0
11323.0
10738.0
10396.0
10253.0
10249.0
10343.0
11029.0
12223.0
13310.0
13827.0
14055.0
14135.0
14053.0
14118.0
14083.0
14038.0
13988.0
13941.0
13514.0
13166.0
12882.0
12569.0
12528.0
12021.0
11253.0
10675.0
10384.0
10280.0
10241.0
10390.0
10964.0
12150.0
13322.0
13991.0
14232.0
14300.0
14262.0
14293.0
14241.0
14214.0
14103.0
14027.0
13592.0
13145.0
12782.0
12478.0
12303.0
11838.0
11143.0
10600.0
10250.0
10107.0
10021.0
9949.0
9985.0
10499.0
11267.0
12096.0
12490.0
12708.0
12673.0
12621.0
12539.0
12346.0
12193.0
12278.0
12073.0
11855.0
11573.0
11373.0
11485.0
11049.0
10426.0
9944.0
9622.0
9411.0
9317.0
9193.0
9040.0
9254.0
9660.0
10116.0
10488.0
10682.0
10897.0
10889.0
10901.0
11051.0
11273.0
11683.0
11747.0
11593.0
11515.0
11536.0
11491.0
10929.0
10335.0
9898.0
9706.0
9680.0
9697.0
9977.0
10643.0
11878.0
13083.0
13741.0
13975.0
14236.0
14239.0
14252.0
14109.0
13984.0
13822.0
13869.0
13397.0
12965.0
12569.0
12352.0
12214.0
11614.0
10812.0
10254.0
10001.0
9830.0
9826.0
10080.0
10663.0
11863.0
13013.0
13626.0
13852.0
13835.0
13752.0
13755.0
13595.0
13476.0
13458.0
13524.0
12978.0
12610.0
12256.0
12114.0
12050.0
11452.0
10712.0
10176.0
9961.0
9902.0
9921.0
10083.0
10693.0
11806.0
12930.0
13497.0
13767.0
13890.0
13685.0
13691.0
13560.0
13440.0
13458.0
13561.0
13099.0
12705.0
12391.0
12241.0
12191.0
11648.0
10855.0
10291.0
10004.0
9875.0
9883.0
10007.0
10527.0
11612.0
12722.0
13351.0
13652.0
13824.0
13757.0
13683.0
13579.0
13426.0
13416.0
13374.0
13022.0
12649.0
12345.0
12099.0
12058.0
11491.0
10780.0
10243.0
9955.0
9783.0
9785.0
9945.0
10579.0
11632.0
12606.0
13185.0
13343.0
13353.0
13236.0
13177.0
13022.0
12861.0
12842.0
12988.0
12667.0
12389.0
12069.0
11795.0
11784.0
11291.0
10532.0
9990.0
9660.0
9552.0
9481.0
9450.0
9466.0
9949.0
10585.0
11245.0
11531.0
11560.0
11417.0
11272.0
11192.0
11159.0
11206.0
11347.0
11432.0
11330.0
11211.0
11243.0
11365.0
10841.0
10263.0
9736.0
9412.0
9282.0
9193.0
9074.0
8892.0
9126.0
9586.0
10046.0
10356.0
10508.0
10603.0
10561.0
10435.0
10401.0
10531.0
10967.0
11229.0
11239.0
11193.0
11250.0
11394.0
10823.0
10258.0
9835.0
9612.0
9533.0
9495.0
9794.0
10387.0
11579.0
12760.0
13379.0
13604.0
13723.0
13692.0
13747.0
13637.0
13582.0
13646.0
13697.0
13268.0
12935.0
12584.0
12497.0
12374.0
11801.0
11009.0
10469.0
10186.0
10075.0
10078.0
10316.0
10992.0
12158.0
13246.0
13987.0
14261.0
14434.0
14334.0
14242.0
14017.0
13719.0
13489.0
13478.0
12956.0
12593.0
12285.0
12162.0
12034.0
11473.0
10706.0
10151.0
9865.0
9733.0
9697.0
9916.0
10484.0
11619.0
12660.0
13256.0
13462.0
13519.0
13325.0
13322.0
13313.0
13281.0
13329.0
13464.0
13010.0
12649.0
12309.0
12299.0
12179.0
11628.0
10833.0
10273.0
9984.0
9900.0
9870.0
10029.0
10605.0
11734.0
12903.0
13629.0
13925.0
13993.0
13974.0
13936.0
13853.0
13713.0
13697.0
13755.0
13389.0
13098.0
12828.0
12663.0
12503.0
11946.0
11150.0
10527.0
10266.0
10146.0
10112.0
10312.0
10813.0
11876.0
12938.0
13612.0
13870.0
14004.0
13906.0
13841.0
13787.0
13666.0
13667.0
13752.0
13423.0
13081.0
12771.0
12582.0
12270.0
11764.0
10967.0
10435.0
10081.0
9899.0
9805.0
9719.0
9761.0
10195.0
10855.0
11609.0
11909.0
11930.0
11764.0
11585.0
11440.0
11348.0
11370.0
11559.0
11626.0
11539.0
11399.0
11481.0
11486.0
10961.0
10362.0
9826.0
9504.0
9337.0
9261.0
9204.0
9001.0
9205.0
9647.0
10171.0
10533.0
10718.0
10793.0
10732.0
10753.0
10747.0
10945.0
11366.0
11568.0
11505.0
11457.0
11658.0
11629.0
11091.0
10511.0
10080.0
9876.0
9788.0
9804.0
10104.0
10780.0
11972.0
13307.0
13973.0
14185.0
14357.0
14315.0
14320.0
14212.0
14177.0
14125.0
14119.0
13536.0
13174.0
12827.0
12916.0
12600.0
11987.0
11180.0
10627.0
10329.0
10195.0
10226.0
10455.0
10989.0
12207.0
13357.0
14066.0
14305.0
14369.0
14293.0
14285.0
14238.0
14144.0
14173.0
14250.0
13718.0
13294.0
12965.0
13100.0
12669.0
12059.0
11246.0
10734.0
10432.0
10309.0
10281.0
10565.0
11213.0
12302.0
13511.0
14138.0
14399.0
14467.0
14304.0
14356.0
14324.0
14189.0
14172.0
14244.0
13649.0
13229.0
12897.0
13006.0
12682.0
12053.0
11275.0
10661.0
10384.0
10243.0
10225.0
10431.0
10982.0
12142.0
13332.0
13990.0
14234.0
14360.0
14288.0
14426.0
14456.0
14467.0
14503.0
14494.0
14119.0
13820.0
13614.0
13581.0
13025.0
12353.0
11527.0
10940.0
10682.0
10573.0
10569.0
10854.0
11536.0
12634.0
13823.0
14612.0
14951.0
14997.0
14912.0
14815.0
14682.0
14526.0
14454.0
14438.0
13986.0
13546.0
13139.0
13052.0
12642.0
12056.0
11269.0
10697.0
10392.0
10230.0
10133.0
10126.0
10191.0
10585.0
11341.0
12171.0
12561.0
12670.0
12598.0
12493.0
12381.0
12249.0
12291.0
12500.0
12455.0
12247.0
12057.0
12089.0
11763.0
11249.0
10632.0
10137.0
9828.0
9662.0
9559.0
9543.0
9430.0
9606.0
10168.0
10769.0
11236.0
11508.0
11683.0
11603.0
11503.0
11377.0
11433.0
11894.0
12043.0
11928.0
11927.0
12134.0
11794.0
11074.0
10472.0
10037.0
9857.0
9814.0
9861.0
10220.0
11076.0
12398.0
13643.0
14346.0
14637.0
14931.0
14834.0
14880.0
14777.0
14657.0
14592.0
14625.0
14114.0
13726.0
13482.0
13340.0
12604.0
11910.0
11070.0
10584.0
10312.0
10183.0
10202.0
10487.0
11361.0
12655.0
13850.0
14500.0
14766.0
14876.0
14715.0
14643.0
14560.0
14492.0
14420.0
14441.0
13838.0
13436.0
13150.0
13242.0
12567.0
11846.0
11019.0
10432.0
10157.0
10034.0
10048.0
10337.0
11198.0
12466.0
13675.0
14189.0
14337.0
14415.0
14215.0
14201.0
14165.0
14144.0
14164.0
14223.0
13677.0
13222.0
12941.0
13207.0
12576.0
11845.0
11049.0
10512.0
10194.0
10088.0
10101.0
10402.0
11172.0
12498.0
13656.0
14227.0
14400.0
14497.0
14369.0
14460.0
14424.0
14445.0
14474.0
14539.0
14112.0
13735.0
13517.0
13585.0
12849.0
12141.0
11345.0
10788.0
10496.0
10340.0
10275.0
10555.0
11325.0
12589.0
13869.0
14519.0
14745.0
14792.0
14689.0
14706.0
14635.0
14527.0
14465.0
14500.0
14115.0
13729.0
13388.0
13446.0
12794.0
12203.0
11467.0
10844.0
10447.0
10206.0
10106.0
10148.0
10274.0
10732.0
11511.0
12295.0
12539.0
12584.0
12496.0
12265.0
12076.0
11940.0
11997.0
12171.0
12225.0
12114.0
11972.0
12272.0
11957.0
11394.0
10796.0
10210.0
9877.0
9683.0
9447.0
9417.0
9344.0
9483.0
9973.0
10474.0
10801.0
10993.0
11123.0
11029.0
10951.0
10969.0
11206.0
11811.0
12028.0
12097.0
12255.0
12337.0
11827.0
11131.0
10495.0
10135.0
9982.0
9945.0
9977.0
10252.0
11070.0
12490.0
13751.0
14321.0
14462.0
14652.0
14652.0
14806.0
14754.0
14619.0
14586.0
14617.0
14034.0
13565.0
13359.0
13374.0
12566.0
11811.0
10958.0
10445.0
10174.0
10106.0
10126.0
10445.0
11404.0
12738.0
13882.0
14396.0
14525.0
14556.0
14299.0
14289.0
14150.0
14127.0
14189.0
14302.0
13795.0
13460.0
13436.0
13321.0
12508.0
11749.0
10943.0
10402.0
10115.0
9986.0
10018.0
10297.0
11295.0
12709.0
13941.0
14424.0
14577.0
14675.0
14513.0
14596.0
14694.0
14777.0
14774.0
14797.0
14150.0
13743.0
13748.0
13645.0
12828.0
11971.0
11156.0
10622.0
10353.0
10252.0
10241.0
10521.0
11448.0
12872.0
14050.0
14716.0
14958.0
15132.0
15037.0
15084.0
15013.0
14892.0
14779.0
14663.0
14085.0
13739.0
13692.0
13473.0
12567.0
11765.0
10917.0
10367.0
10027.0
9891.0
9935.0
10228.0
11162.0
12507.0
13701.0
14261.0
14359.0
14381.0
14169.0
14131.0
14045.0
13893.0
13771.0
13813.0
13428.0
13067.0
12898.0
12923.0
12153.0
11527.0
10724.0
10129.0
9759.0
9595.0
9484.0
9546.0
9736.0
10202.0
11044.0
11731.0
11996.0
12021.0
11868.0
11681.0
11512.0
11383.0
11496.0
11797.0
11954.0
11809.0
11883.0
12093.0
11665.0
11101.0
10463.0
9934.0
9626.0
9508.0
9414.0
9418.0
9465.0
9545.0
10150.0
10732.0
11005.0
11236.0
11359.0
11355.0
11236.0
11219.0
11473.0
11961.0
12116.0
12104.0
12355.0
12614.0
12092.0
11336.0
10643.0
10243.0
10079.0
10057.0
10099.0
10480.0
11593.0
13122.0
14420.0
15013.0
15150.0
15246.0
15233.0
15467.0
15459.0
15627.0
15882.0
15877.0
15118.0
14634.0
14486.0
14184.0
13214.0
12289.0
11437.0
10880.0
10650.0
10584.0
10567.0
10923.0
11961.0
13431.0
14577.0
15129.0
15253.0
15308.0
15119.0
15025.0
14843.0
14619.0
14481.0
14560.0
14049.0
13716.0
13738.0
13800.0
12922.0
12060.0
11187.0
10617.0
10339.0
10250.0
10266.0
10650.0
11607.0
13130.0
14375.0
14904.0
14988.0
14992.0
14786.0
14790.0
14718.0
14529.0
14453.0
14517.0
13915.0
13569.0
13660.0
13667.0
12850.0
12027.0
11203.0
10591.0
10335.0
10238.0
10265.0
10609.0
11627.0
13069.0
14189.0
14618.0
14709.0
14827.0
14777.0
14794.0
14760.0
14632.0
14643.0
14671.0
14205.0
13933.0
14069.0
13798.0
12841.0
12003.0
11151.0
10593.0
10332.0
10237.0
10281.0
10568.0
11641.0
13067.0
14228.0
14802.0
14893.0
14883.0
14716.0
14708.0
14646.0
14623.0
14707.0
14774.0
14343.0
13955.0
13937.0
13495.0
12731.0
12050.0
11248.0
10640.0
10278.0
10117.0
10036.0
10121.0
10415.0
10905.0
11816.0
12675.0
13034.0
13026.0
12875.0
12656.0
12391.0
12201.0
12177.0
12480.0
12598.0
12443.0
12637.0
12469.0
11896.0
11222.0
10546.0
10023.0
9759.0
9616.0
9553.0
9592.0
9690.0
9856.0
10407.0
11003.0
11331.0
11576.0
11747.0
11678.0
11531.0
11317.0
11442.0
12112.0
12319.0
12242.0
12605.0
12420.0
11795.0
11011.0
10410.0
10032.0
9893.0
9836.0
9972.0
10370.0
11605.0
13092.0
14275.0
14763.0
14821.0
14883.0
14759.0
14829.0
14762.0
14705.0
14723.0
14781.0
14241.0
13985.0
14174.0
13810.0
12850.0
11964.0
11141.0
10596.0
10391.0
10296.0
10327.0
10698.0
11881.0
13450.0
14593.0
15084.0
15013.0
15086.0
14964.0
14989.0
14912.0
14796.0
14747.0
14746.0
14205.0
13940.0
14221.0
13912.0
12890.0
12011.0
11188.0
10677.0
10427.0
10269.0
10343.0
10670.0
11773.0
13231.0
14361.0
14744.0
14732.0
14665.0
14461.0
14514.0
14435.0
14286.0
14264.0
14401.0
13880.0
13633.0
13987.0
13745.0
12778.0
11906.0
11023.0
10496.0
10224.0
10180.0
10190.0
10552.0
11661.0
13108.0
14161.0
14486.0
14424.0
14391.0
14169.0
14258.0
14187.0
14115.0
14157.0
14355.0
14033.0
13829.0
14206.0
13774.0
12795.0
11949.0
11144.0
10559.0
10273.0
10176.0
10227.0
10577.0
11709.0
13105.0
14174.0
14519.0
14441.0
14355.0
14111.0
14095.0
14014.0
13900.0
13890.0
14056.0
13665.0
13379.0
13694.0
13232.0
12418.0
11803.0
10948.0
10323.0
9984.0
9795.0
9761.0
9868.0
10229.0
10715.0
11540.0
12352.0
12642.0
12608.0
12397.0
12259.0
12223.0
12211.0
12372.0
12738.0
12768.0
12705.0
12904.0
12455.0
11895.0
11264.0
10587.0
10084.0
9838.0
9673.0
9590.0
9642.0
9788.0
9900.0
10553.0
11046.0
11388.0
11583.0
11653.0
11604.0
11476.0
11473.0
11763.0
12463.0
12682.0
12724.0
13037.0
12628.0
12008.0
11225.0
10509.0
10095.0
9955.0
9936.0
10050.0
10424.0
11737.0
13448.0
14577.0
15018.0
15133.0
15224.0
15045.0
15055.0
14994.0
14967.0
15023.0
15086.0
14538.0
14371.0
14572.0
13981.0
12942.0
12056.0
11224.0
10614.0
10345.0
10256.0
10282.0
10646.0
11864.0
13444.0
14472.0
14925.0
14958.0
14889.0
14667.0
14819.0
14976.0
15106.0
15091.0
15085.0
14590.0
14478.0
14589.0
13946.0
12986.0
12148.0
11249.0
10652.0
10333.0
10262.0
10306.0
10667.0
11848.0
13598.0
14797.0
15419.0
15577.0
15615.0
15500.0
15542.0
15594.0
15557.0
15498.0
15577.0
14988.0
14656.0
14754.0
14110.0
13139.0
12256.0
11299.0
10640.0
10401.0
10301.0
10330.0
10694.0
11912.0
13582.0
14772.0
15325.0
15431.0
15603.0
15501.0
15518.0
15467.0
15352.0
15299.0
15212.0
14640.0
14406.0
14748.0
14053.0
13043.0
12169.0
11295.0
10687.0
10407.0
10299.0
10334.0
10688.0
11865.0
13386.0
14502.0
14931.0
14858.0
14735.0
14524.0
14637.0
14590.0
14484.0
14362.0
14507.0
14175.0
14038.0
14264.0
13480.0
12615.0
11916.0
11151.0
10551.0
10175.0
9997.0
9945.0
10036.0
10471.0
11125.0
11939.0
12756.0
13036.0
13002.0
12868.0
12548.0
12269.0
12095.0
12227.0
12605.0
12679.0
12711.0
12999.0
12503.0
11912.0
11228.0
10576.0
10008.0
9709.0
9584.0
9537.0
9553.0
9748.0
9941.0
10514.0
11109.0
11478.0
11749.0
11836.0
11721.0
11477.0
11340.0
11502.0
12134.0
12370.0
12547.0
13021.0
12510.0
11850.0
11049.0
10356.0
9913.0
9777.0
9696.0
9791.0
10229.0
11584.0
13297.0
14395.0
14802.0
14668.0
14745.0
14590.0
14761.0
14723.0
14736.0
14801.0
14919.0
14465.0
14609.0
14609.0
13834.0
12839.0
11942.0
11173.0
10608.0
10376.0
10286.0
10330.0
10739.0
11968.0
13682.0
14735.0
15252.0
15251.0
15184.0
14891.0
14884.0
14930.0
14941.0
15066.0
15184.0
14700.0
14711.0
14683.0
13933.0
12986.0
12106.0
11255.0
10696.0
10437.0
10328.0
10369.0
10743.0
11921.0
13632.0
14646.0
15093.0
15111.0
15107.0
14942.0
14970.0
14890.0
14843.0
14854.0
15091.0
14562.0
14563.0
14687.0
13912.0
12899.0
12063.0
11154.0
10636.0
10371.0
10247.0
10299.0
10688.0
11986.0
13709.0
14709.0
15188.0
15296.0
15394.0
15270.0
15340.0
15382.0
15182.0
15169.0
15144.0
14699.0
14739.0
14764.0
13873.0
12815.0
11963.0
11057.0
10466.0
10192.0
10112.0
10151.0
10466.0
11700.0
13445.0
14454.0
14924.0
14870.0
14802.0
14510.0
14522.0
14417.0
14202.0
14071.0
14218.0
13895.0
13937.0
14169.0
13334.0
12441.0
11771.0
10976.0
10275.0
9966.0
9857.0
9812.0
9899.0
10319.0
10921.0
11700.0
12376.0
12406.0
12351.0
12223.0
12001.0
11828.0
11723.0
11821.0
12244.0
12394.0
12611.0
12859.0
12333.0
11749.0
11077.0
10393.0
9857.0
9534.0
9409.0
9364.0
9373.0
9563.0
9810.0
10358.0
10843.0
11032.0
11115.0
11299.0
11166.0
11038.0
11027.0
11261.0
11912.0
12165.0
12598.0
12905.0
12351.0
11687.0
10834.0
10190.0
9795.0
9646.0
9646.0
9781.0
10199.0
11505.0
13323.0
14399.0
14772.0
14729.0
14762.0
14513.0
14675.0
14628.0
14550.0
14569.0
14629.0
14150.0
14478.0
14557.0
13739.0
12674.0
11778.0
10914.0
10382.0
10140.0
9983.0
10050.0
10442.0
11814.0
13620.0
14505.0
14764.0
14581.0
14420.0
14155.0
14203.0
14163.0
14113.0
14229.0
14452.0
14110.0
14461.0
14553.0
13750.0
12727.0
11821.0
10961.0
10359.0
10112.0
10029.0
10061.0
10429.0
11716.0
13565.0
14533.0
14772.0
14664.0
14490.0
14199.0
14234.0
14168.0
14106.0
14219.0
14483.0
14092.0
14365.0
14494.0
13716.0
12569.0
11734.0
10885.0
10290.0
10024.0
10024.0
9928.0
9965.0
10403.0
11695.0
13537.0
14420.0
14693.0
14459.0
14336.0
14074.0
14083.0
14054.0
14017.0
14120.0
14350.0
14085.0
14530.0
14639.0
13734.0
12681.0
10935.0
10375.0
10170.0
10170.0
10115.0
10154.0
10540.0
11815.0
13673.0
14616.0
14889.0
14706.0
14528.0
14186.0
14142.0
14042.0
13945.0
13959.0
14258.0
14021.0
14294.0
14269.0
13366.0
12492.0
10992.0
10378.0
9963.0
9963.0
9825.0
9813.0
9892.0
10397.0
11084.0
11854.0
12516.0
12640.0
12595.0
12470.0
12206.0
11980.0
11852.0
12009.0
12480.0
12674.0
13105.0
13045.0
12391.0
11791.0
10306.0
9794.0
9516.0
9516.0
9405.0
9436.0
9469.0
9688.0
10044.0
10650.0
11302.0
11582.0
11580.0
11536.0
11344.0
11180.0
11158.0
11415.0
12191.0
12480.0
13093.0
13051.0
12483.0
11836.0
10241.0
9834.0
9675.0
9675.0
9619.0
9732.0
10220.0
11532.0
13562.0
14497.0
14891.0
14901.0
14855.0
14680.0
14852.0
14778.0
14734.0
14859.0
15006.0
14649.0
15104.0
14704.0
13793.0
12805.0
11085.0
10546.0
10339.0
10339.0
10244.0
10304.0
10711.0
11974.0
14008.0
14980.0
15447.0
15559.0
15455.0
15268.0
15347.0
15276.0
15234.0
15282.0
15414.0
14901.0
15232.0
14849.0
13977.0
12963.0
11217.0
10605.0
10296.0
10296.0
10222.0
10289.0
10675.0
11972.0
13923.0
14955.0
15339.0
15404.0
15428.0
15271.0
15370.0
15263.0
15247.0
15349.0
15533.0
15143.0
15376.0
14888.0
13983.0
12969.0
11231.0
10596.0
10360.0
10360.0
10261.0
10335.0
10712.0
11963.0
13999.0
15028.0
15428.0
15374.0
15347.0
15117.0
15132.0
15047.0
14972.0
15000.0
15119.0
14833.0
15268.0
14898.0
13981.0
12971.0
11218.0
10631.0
10366.0
10366.0
10249.0
10385.0
10740.0
11937.0
13938.0
14908.0
15324.0
15308.0
15155.0
14912.0
14835.0
14673.0
14520.0
14505.0
14701.0
14400.0
14835.0
14448.0
13479.0
12603.0
11108.0
10451.0
10142.0
10142.0
10019.0
9980.0
10061.0
10444.0
11248.0
12098.0
12868.0
13159.0
13074.0
12711.0
12388.0
12161.0
12041.0
12242.0
12809.0
12987.0
13488.0
13212.0
12590.0
11964.0
10571.0
10031.0
9736.0
9736.0
9598.0
9592.0
9644.0
9836.0
10250.0
10801.0
11313.0
11534.0
11534.0
11532.0
11396.0
11172.0
11138.0
11438.0
12265.0
12676.0
13412.0
13291.0
12641.0
11939.0
10332.0
9960.0
9826.0
9826.0
9806.0
9990.0
10501.0
11976.0
14073.0
14980.0
15316.0
15252.0
15149.0
14770.0
14906.0
14769.0
14663.0
14692.0
14923.0
14675.0
15436.0
15008.0
14060.0
12949.0
11049.0
10478.0
10278.0
10278.0
10229.0
10370.0
10808.0
12105.0
14296.0
15338.0
15675.0
15568.0
15511.0
15325.0
15391.0
15361.0
15360.0
15478.0
15566.0
15282.0
15786.0
15255.0
14341.0
13240.0
11320.0
10719.0
10505.0
10505.0
10425.0
10486.0
10895.0
12192.0
14360.0
15596.0
16027.0
16152.0
16232.0
16109.0
16250.0
16195.0
16065.0
16139.0
16279.0
15955.0
16063.0
15331.0
14376.0
13286.0
11390.0
10852.0
10567.0
10567.0
10518.0
10606.0
11002.0
12304.0
14452.0
15643.0
16121.0
16324.0
16303.0
16189.0
16239.0
16189.0
16163.0
16231.0
16393.0
16111.0
16200.0
15499.0
14386.0
13406.0
11540.0
10902.0
10623.0
10623.0
10550.0
10659.0
10958.0
12245.0
14366.0
15689.0
16183.0
16292.0
16363.0
16122.0
16106.0
15971.0
15771.0
15717.0
15836.0
15584.0
15560.0
14823.0
13849.0
12975.0
11354.0
10727.0
10402.0
10402.0
10234.0
10204.0
10278.0
10673.0
11546.0
12406.0
13305.0
13767.0
13930.0
13834.0
13635.0
13395.0
13236.0
13319.0
13734.0
13852.0
13970.0
13407.0
12706.0
11996.0
10603.0
10050.0
9748.0
9748.0
9631.0
9633.0
9661.0
9828.0
10335.0
10854.0
11529.0
11986.0
12298.0
12473.0
12411.0
12307.0
12217.0
12414.0
13051.0
13406.0
13601.0
13179.0
12578.0
11930.0
10345.0
9876.0
9746.0
9746.0
9752.0
9907.0
10369.0
11613.0
13554.0
14804.0
15325.0
15589.0
15614.0
15483.0
15502.0
15372.0
15182.0
15134.0
15259.0
15025.0
15324.0
14699.0
13793.0
12713.0
11076.0
10531.0
10274.0
10274.0
10180.0
10256.0
10668.0
11892.0
13771.0
14906.0
15423.0
15458.0
15445.0
15345.0
15370.0
15201.0
15018.0
14906.0
15042.0
14951.0
15369.0
14788.0
13914.0
12900.0
11088.0
10557.0
10329.0
10329.0
10254.0
10329.0
10693.0
11894.0
13805.0
14958.0
15479.0
15593.0
15437.0
15281.0
15375.0
15322.0
15254.0
15349.0
15513.0
15334.0
15348.0
14727.0
13912.0
12911.0
11117.0
10559.0
10277.0
10277.0
10172.0
10252.0
10651.0
11852.0
13754.0
14970.0
15484.0
15618.0
15698.0
15505.0
15475.0
15431.0
15358.0
15335.0
15445.0
15274.0
15478.0
14872.0
13941.0
12928.0
11222.0
10642.0
10331.0
10331.0
10227.0
10275.0
10668.0
11800.0
13626.0
14820.0
15304.0
15431.0
15400.0
15150.0
15098.0
14967.0
14703.0
14706.0
14936.0
14962.0
14934.0
14275.0
13435.0
12584.0
11068.0
10433.0
10097.0
10097.0
9903.0
9892.0
10012.0
10483.0
11317.0
12211.0
13062.0
13423.0
13498.0
13373.0
13102.0
12813.0
12647.0
12745.0
13170.0
13555.0
13691.0
13157.0
12536.0
11933.0
10621.0
10075.0
9757.0
9576.0
9534.0
9539.0
9637.0
9955.0
10372.0
11012.0
11496.0
11612.0
11754.0
11765.0
11683.0
11650.0
11773.0
12178.0
13387.0
13900.0
13601.0
13092.0
12429.0
11807.0
10364.0
10037.0
9853.0
9853.0
9846.0
9992.0
10511.0
11897.0
13710.0
14813.0
15096.0
14926.0
14794.0
14574.0
14614.0
14643.0
14745.0
15056.0
15804.0
16064.0
15598.0
14779.0
13877.0
12797.0
11039.0
10523.0
10317.0
10317.0
10289.0
10357.0
10788.0
12166.0
13832.0
14832.0
15076.0
14863.0
14768.0
14599.0
14702.0
14779.0
14962.0
15276.0
16044.0
16033.0
15629.0
14804.0
13919.0
12844.0
11078.0
10581.0
10347.0
10347.0
10325.0
10339.0
10767.0
12076.0
13872.0
14970.0
15424.0
15494.0
15524.0
15410.0
15539.0
15528.0
15471.0
15660.0
16425.0
16073.0
15581.0
14768.0
13862.0
12836.0
11122.0
10581.0
10331.0
10331.0
10271.0
10351.0
10775.0
12022.0
13804.0
14879.0
15302.0
15241.0
15097.0
14849.0
14900.0
14973.0
15044.0
15293.0
16069.0
16098.0
15674.0
14961.0
13939.0
12914.0
11178.0
10497.0
10340.0
10340.0
10347.0
10423.0
10828.0
12039.0
13781.0
14786.0
15222.0
15176.0
15071.0
14926.0
14933.0
14841.0
14818.0
15012.0
15878.0
15811.0
15234.0
14447.0
13476.0
12595.0
11103.0
10551.0
10258.0
10258.0
10138.0
10079.0
10108.0
10648.0
11366.0
12145.0
12805.0
12994.0
12885.0
12666.0
12442.0
12376.0
12440.0
12866.0
13992.0
14301.0
13861.0
13184.0
12478.0
11902.0
10663.0
10210.0
9927.0
9806.0
9745.0
9821.0
10070.0
10410.0
11038.0
11616.0
11873.0
11975.0
12044.0
12003.0
11969.0
12006.0
12449.0
13784.0
14193.0
13863.0
13380.0
12687.0
12026.0
11145.0
10563.0
10229.0
10098.0
10086.0
10187.0
10633.0
12073.0
14041.0
15073.0
15446.0
15284.0
15256.0
15011.0
15075.0
15079.0
15118.0
15476.0
16188.0
16180.0
15684.0
14946.0
14026.0
12986.0
12079.0
11209.0
10734.0
10506.0
10420.0
10509.0
10934.0
12313.0
14230.0
15188.0
15497.0
15409.0
15339.0
15072.0
15174.0
15203.0
15318.0
15567.0
16563.0
16255.0
15732.0
14969.0
14058.0
13043.0
12153.0
11290.0
10807.0
10522.0
10455.0
10491.0
10906.0
12221.0
14138.0
15162.0
15618.0
15696.0
15735.0
15606.0
15758.0
15736.0
15678.0
15941.0
16761.0
16338.0
15793.0
15048.0
14160.0
13142.0
12250.0
11387.0
10863.0
10610.0
10534.0
10549.0
10933.0
12264.0
14169.0
15154.0
15624.0
15845.0
15925.0
15715.0
15790.0
15784.0
15810.0
16017.0
16724.0
16406.0
15929.0
15224.0
14259.0
13215.0
12341.0
11574.0
11036.0
10721.0
10601.0
10604.0
11022.0
12328.0
14281.0
15317.0
15797.0
15974.0
16021.0
15868.0
15918.0
15764.0
15617.0
15867.0
16704.0
16185.0
15591.0
14840.0
13866.0
13002.0
12401.0
11525.0
10918.0
10538.0
10369.0
10269.0
10351.0
10860.0
11693.0
12561.0
13456.0
13924.0
14054.0
13986.0
13806.0
13581.0
13543.0
13838.0
14936.0
14740.0
14264.0
13621.0
12912.0
12288.0
11635.0
10990.0
10424.0
9979.0
9867.0
9718.0
9808.0
10089.0
10469.0
11056.0
11724.0
12175.0
12340.0
12496.0
12461.0
12414.0
12408.0
12799.0
14179.0
14238.0
13859.0
13380.0
12797.0
12168.0
11379.0
10736.0
10383.0
10207.0
10198.0
10287.0
10733.0
12089.0
14030.0
15014.0
15393.0
15627.0
15825.0
15682.0
15678.0
15639.0
15721.0
16044.0
16856.0
16349.0
15804.0
15039.0
14116.0
13078.0
12130.0
11357.0
10842.0
10620.0
10543.0
10533.0
10991.0
12324.0
14372.0
15396.0
15897.0
16040.0
16201.0
16136.0
16133.0
16044.0
16071.0
16308.0
16943.0
16407.0
15850.0
15109.0
14257.0
13198.0
12306.0
11475.0
10929.0
10677.0
10607.0
10648.0
11028.0
12396.0
14417.0
15414.0
15898.0
16029.0
16080.0
15958.0
15989.0
16011.0
15977.0
16339.0
16962.0
16164.0
15599.0
14915.0
14080.0
13059.0
12182.0
11376.0
10823.0
10552.0
10386.0
10479.0
10949.0
12361.0
14364.0
15270.0
15626.0
15668.0
15742.0
15519.0
15473.0
15453.0
15483.0
15841.0
16749.0
16370.0
15912.0
15180.0
14151.0
13098.0
12262.0
11438.0
10887.0
10573.0
10475.0
10529.0
10952.0
12209.0
14283.0
15286.0
15671.0
15627.0
15636.0
15313.0
15343.0
15395.0
15642.0
16015.0
16691.0
16141.0
15508.0
14745.0
13791.0
12892.0
12259.0
11514.0
10844.0
10425.0
10237.0
10223.0
10327.0
10834.0
11704.0
12516.0
13314.0
13736.0
13816.0
13803.0
13629.0
13497.0
13425.0
13974.0
14868.0
14549.0
14061.0
13446.0
12818.0
12256.0
11535.0
10963.0
10409.0
10114.0
9982.0
9948.0
10011.0
10271.0
10747.0
11315.0
12060.0
12584.0
12993.0
13221.0
13187.0
13066.0
12958.0
13364.0
14435.0
14307.0
13982.0
13461.0
12825.0
12087.0
11267.0
10656.0
10329.0
10107.0
10065.0
10195.0
10681.0
12177.0
14331.0
15426.0
15861.0
15909.0
16086.0
15984.0
16101.0
16054.0
16036.0
16338.0
16958.0
16270.0
15714.0
14934.0
14088.0
13053.0
12207.0
11425.0
10924.0
10720.0
10577.0
10607.0
11050.0
12471.0
14522.0
15473.0
15933.0
15862.0
15921.0
15709.0
15870.0
15906.0
15949.0
16379.0
17073.0
16424.0
15934.0
15193.0
14285.0
13219.0
12293.0
11482.0
10921.0
10638.0
10540.0
10592.0
10993.0
12396.0
14367.0
15332.0
15676.0
15691.0
15758.0
15615.0
15834.0
15889.0
15964.0
16362.0
17177.0
16423.0
15901.0
15139.0
14270.0
13169.0
12275.0
11468.0
10948.0
10650.0
10499.0
10520.0
10979.0
12342.0
14442.0
15368.0
15740.0
15850.0
16004.0
15893.0
16027.0
16058.0
16183.0
16692.0
17194.0
16529.0
16026.0
15251.0
14261.0
13212.0
12301.0
11427.0
10875.0
10529.0
10384.0
10399.0
10864.0
12254.0
14310.0
15549.0
15961.0
16047.0
16123.0
15909.0
15934.0
15797.0
15651.0
15863.0
16779.0
16147.0
15460.0
14695.0
13797.0
12879.0
12166.0
11424.0
10833.0
10473.0
10309.0
10262.0
10400.0
10991.0
11982.0
12900.0
13746.0
14081.0
14101.0
14119.0
14087.0
14011.0
13903.0
14320.0
15237.0
14901.0
14364.0
13693.0
13043.0
12451.0
11748.0
11137.0
10556.0
10297.0
10115.0
10074.0
10141.0
10378.0
10864.0
11447.0
12143.0
12643.0
12842.0
13148.0
13152.0
13042.0
13078.0
13654.0
14843.0
14738.0
14437.0
13930.0
13231.0
12536.0
11606.0
10928.0
10539.0
10390.0
10298.0
10482.0
11027.0
12449.0
14584.0
15653.0
16007.0
15911.0
15837.0
15652.0
15797.0
15875.0
15985.0
16491.0
17411.0
16746.0
16233.0
15371.0
14449.0
13350.0
12373.0
11569.0
11091.0
10819.0
10718.0
10818.0
11254.0
12606.0
14851.0
16093.0
16579.0
16739.0
16829.0
16735.0
16808.0
16833.0
16869.0
17275.0
17582.0
16757.0
16214.0
15425.0
14543.0
13438.0
12509.0
11618.0
11098.0
10843.0
10632.0
10624.0
11110.0
12522.0
14726.0
15904.0
16293.0
16267.0
16249.0
16182.0
16256.0
16224.0
16283.0
16627.0
17450.0
16755.0
16194.0
15405.0
14518.0
13410.0
12467.0
11675.0
11153.0
10876.0
10801.0
10873.0
11310.0
12685.0
14820.0
15814.0
16115.0
16009.0
15860.0
15573.0
15601.0
15629.0
15803.0
16269.0
17225.0
16701.0
16259.0
15446.0
14534.0
13429.0
12501.0
11633.0
11081.0
10802.0
10718.0
10745.0
11152.0
12507.0
14690.0
15882.0
16336.0
16426.0
16480.0
16241.0
16271.0
16238.0
16157.0
16422.0
17011.0
16335.0
15716.0
14882.0
13886.0
13032.0
12387.0
11619.0
11007.0
10644.0
10513.0
10509.0
10608.0
11062.0
12006.0
12914.0
13691.0
13929.0
13881.0
13722.0
13595.0
13542.0
13638.0
14351.0
15296.0
14861.0
14359.0
13722.0
13085.0
12482.0
11828.0
11214.0
10639.0
10228.0
10000.0
9988.0
10064.0
10249.0
10717.0
11495.0
12182.0
12680.0
13151.0
13548.0
13671.0
13503.0
13327.0
13802.0
14717.0
14532.0
14205.0
13689.0
13045.0
12322.0
11405.0
10839.0
10446.0
10260.0
10234.0
10369.0
10879.0
12303.0
14486.0
15711.0
16228.0
16346.0
16498.0
16517.0
16655.0
16625.0
16677.0
17225.0
17518.0
16750.0
16254.0
15371.0
14471.0
13451.0
12467.0
11612.0
11087.0
10849.0
10725.0
10813.0
11231.0
12657.0
14734.0
15978.0
16342.0
16427.0
16484.0
16308.0
16386.0
16367.0
16271.0
16662.0
17214.0
16505.0
16000.0
15157.0
14316.0
13286.0
12360.0
11536.0
10965.0
10714.0
10612.0
10641.0
11058.0
12450.0
14671.0
15946.0
16300.0
16310.0
16297.0
16228.0
16287.0
16200.0
16170.0
16613.0
17311.0
16646.0
16143.0
15232.0
14348.0
13298.0
12382.0
11586.0
11051.0
10759.0
10634.0
10710.0
11104.0
12510.0
14782.0
15924.0
16204.0
16290.0
16263.0
16014.0
15990.0
16062.0
16131.0
16550.0
17324.0
16705.0
16236.0
15421.0
14437.0
13320.0
12465.0
11695.0
11136.0
10831.0
10762.0
10860.0
11305.0
12639.0
14752.0
15942.0
16247.0
16070.0
15888.0
15566.0
15589.0
15601.0
15634.0
15996.0
16950.0
16403.0
15806.0
14935.0
14003.0
13076.0
12362.0
11598.0
10979.0
10594.0
10418.0
10394.0
10535.0
11059.0
11979.0
12995.0
13926.0
14404.0
14518.0
14338.0
14201.0
14003.0
13913.0
14377.0
15036.0
14641.0
14123.0
13498.0
12953.0
12414.0
11774.0
10918.0
10398.0
10109.0
10047.0
9983.0
10110.0
10349.0
10875.0
11454.0
12244.0
12715.0
13016.0
13275.0
13325.0
13230.0
13294.0
13899.0
14753.0
14651.0
14283.0
13686.0
13048.0
12281.0
11443.0
10783.0
10381.0
10230.0
10175.0
10288.0
10796.0
12176.0
14457.0
15794.0
16143.0
16198.0
16259.0
16069.0
16048.0
15913.0
15840.0
16376.0
17244.0
16603.0
16092.0
15272.0
14366.0
13305.0
12336.0
11533.0
10990.0
10735.0
10659.0
10732.0
11173.0
12558.0
14739.0
15912.0
16109.0
15912.0
15797.0
15682.0
15839.0
15968.0
16175.0
16844.0
17353.0
16712.0
16189.0
15370.0
14533.0
13488.0
12530.0
11653.0
11086.0
10839.0
10728.0
10776.0
11231.0
12561.0
14843.0
16144.0
16339.0
16223.0
16009.0
15743.0
15822.0
15888.0
16067.0
16640.0
17686.0
16978.0
16411.0
15540.0
14674.0
13606.0
12578.0
11765.0
11218.0
10938.0
10845.0
10929.0
11383.0
12733.0
14990.0
16230.0
16557.0
16576.0
16514.0
16308.0
16285.0
16341.0
16423.0
17008.0
17570.0
17042.0
16570.0
15758.0
14742.0
13636.0
12694.0
11834.0
11220.0
10934.0
10851.0
10868.0
11346.0
12683.0
14917.0
16418.0
16888.0
16931.0
17009.0
16829.0
16723.0
16611.0
16466.0
16904.0
17358.0
16674.0
16041.0
15224.0
14280.0
13380.0
12608.0
11672.0
11128.0
10771.0
10595.0
10549.0
10671.0
11212.0
12171.0
13291.0
14056.0
14363.0
14427.0
14378.0
14252.0
14149.0
14235.0
14918.0
15582.0
15172.0
14664.0
14073.0
13414.0
12750.0
12009.0
11305.0
10749.0
10388.0
10265.0
10212.0
10199.0
10423.0
10921.0
11673.0
12387.0
12844.0
13189.0
13385.0
13303.0
13226.0
13271.0
13982.0
15056.0
14891.0
14539.0
14025.0
13296.0
12513.0
11613.0
10943.0
10511.0
10351.0
10323.0
10418.0
10947.0
12406.0
14710.0
16215.0
16482.0
16419.0
16361.0
16127.0
16231.0
16260.0
16407.0
17067.0
17646.0
16958.0
16458.0
15616.0
14694.0
13551.0
12588.0
11742.0
11192.0
10889.0
10775.0
10853.0
11294.0
12688.0
14935.0
16179.0
16458.0
16395.0
16231.0
15916.0
16073.0
16157.0
16288.0
16917.0
17584.0
16874.0
16390.0
15566.0
14626.0
13528.0
12525.0
11630.0
11064.0
10822.0
10686.0
10723.0
11158.0
12523.0
14815.0
16321.0
16574.0
16807.0
16805.0
16615.0
16733.0
16649.0
16711.0
17181.0
17632.0
16815.0
16227.0
15470.0
14630.0
13573.0
12646.0
11755.0
11165.0
10863.0
10729.0
10740.0
11178.0
12545.0
14740.0
16073.0
16297.0
16282.0
16243.0
15851.0
15967.0
15988.0
16022.0
16632.0
17223.0
16626.0
16125.0
15423.0
14538.0
13520.0
12601.0
11745.0
11106.0
10795.0
10710.0
10701.0
11115.0
12386.0
14514.0
15896.0
16211.0
16298.0
16250.0
16056.0
16092.0
15982.0
15885.0
16335.0
16927.0
16291.0
15603.0
14900.0
14015.0
13159.0
12432.0
11638.0
10984.0
10583.0
10423.0
10326.0
10515.0
11023.0
11937.0
13128.0
13946.0
14339.0
14486.0
14352.0
14112.0
13934.0
13874.0
14412.0
15367.0
15022.0
14475.0
13830.0
13167.0
12510.0
11804.0
11158.0
10598.0
10263.0
10035.0
9957.0
10010.0
10258.0
10764.0
11556.0
12173.0
12658.0
12999.0
13165.0
13096.0
12930.0
13017.0
13669.0
14596.0
14476.0
14155.0
13690.0
13137.0
12422.0
11600.0
10940.0
10493.0
10234.0
10224.0
10347.0
10810.0
11994.0
13633.0
15219.0
15711.0
15921.0
15951.0
15794.0
15881.0
15805.0
15845.0
16444.0
17118.0
16499.0
16005.0
15157.0
14357.0
13359.0
12421.0
11600.0
11012.0
10676.0
10554.0
10612.0
10996.0
12148.0
13851.0
15431.0
16013.0
16241.0
16244.0
16125.0
16106.0
16014.0
16026.0
16523.0
17049.0
16437.0
15931.0
15200.0
14283.0
13357.0
12511.0
11703.0
11075.0
10742.0
10640.0
10669.0
11069.0
12167.0
13742.0
15139.0
15637.0
15753.0
15675.0
15480.0
15393.0
15324.0
15338.0
15785.0
16806.0
16358.0
15910.0
15239.0
14363.0
13433.0
12585.0
11703.0
11053.0
10692.0
10520.0
10557.0
10933.0
11934.0
13356.0
14704.0
15285.0
15611.0
15607.0
15207.0
14937.0
14770.0
14558.0
15085.0
15699.0
15061.0
14404.0
13612.0
12966.0
12353.0
11885.0
11144.0
10543.0
10142.0
9956.0
9922.0
10021.0
10356.0
10802.0
11592.0
12183.0
12621.0
12815.0
12885.0
12759.0
12643.0
12609.0
13041.0
13764.0
13751.0
13255.0
12848.0
12467.0
12042.0
11536.0
10855.0
10225.0
9869.0
9689.0
9645.0
9747.0
10056.0
10581.0
11306.0
11975.0
12507.0
12656.0
12604.0
12415.0
12286.0
12261.0
12788.0
13847.0
13766.0
13326.0
12886.0
12428.0
11952.0
11316.0
10730.0
10168.0
9861.0
9705.0
9668.0
9754.0
10020.0
10549.0
11311.0
11955.0
12500.0
12992.0
13323.0
13346.0
13267.0
13263.0
13813.0
14660.0
14457.0
14031.0
13477.0
12873.0
12324.0
11567.0
10889.0
10405.0
10122.0
10084.0
10159.0
10567.0
11566.0
12861.0
14154.0
14646.0
14819.0
14892.0
14784.0
14649.0
14589.0
14647.0
15316.0
16485.0
15884.0
15335.0
14600.0
13816.0
12970.0
12135.0
11382.0
10746.0
10430.0
10297.0
10346.0
10706.0
11698.0
13125.0
14304.0
14911.0
15114.0
15161.0
15066.0
15056.0
14967.0
14937.0
15461.0
16379.0
15811.0
15274.0
14617.0
13845.0
12982.0
12225.0
11424.0
10827.0
10526.0
10358.0
10376.0
10637.0
11543.0
12890.0
14048.0
14576.0
14726.0
14663.0
14493.0
14526.0
14510.0
14602.0
15152.0
16237.0
15798.0
15292.0
14616.0
13851.0
12958.0
12205.0
11487.0
10768.0
10392.0
10220.0
10263.0
10590.0
11353.0
12487.0
13683.0
14386.0
14644.0
14542.0
14310.0
14173.0
13987.0
13843.0
14048.0
14936.0
14547.0
13841.0
12958.0
12263.0
11772.0
11563.0
