Consumption in Sweden in 2016
15625.0
15269.0
14931.0
14718.0
14629.0
14779.0
15169.0
15486.0
15797.0
15998.0
16522.0
17033.0
17269.0
17439.0
17705.0
18322.0
18887.0
18980.0
18758.0
18307.0
17812.0
17214.0
16560.0
16024.0
15515.0
15221.0
15123.0
15183.0
15428.0
15809.0
16252.0
16870.0
17573.0
18274.0
18986.0
19321.0
19547.0
19605.0
19696.0
20197.0
20792.0
20961.0
20775.0
20289.0
19688.0
19046.0
18489.0
17921.0
17463.0
17097.0
16929.0
16849.0
16990.0
17151.0
17524.0
17904.0
18437.0
18923.0
19574.0
19901.0
20024.0
20023.0
20265.0
20883.0
21666.0
21916.0
21730.0
21316.0
20804.0
20108.0
19366.0
18674.0
18186.0
17892.0
17858.0
17931.0
18256.0
19004.0
20635.0
22189.0
22904.0
23195.0
23426.0
23321.0
23088.0
22997.0
23174.0
23655.0
24074.0
23974.0
23504.0
23014.0
22350.0
21539.0
20582.0
19595.0
18836.0
18554.0
18442.0
18448.0
18694.0
19411.0
20850.0
22347.0
22981.0
23216.0
23408.0
23434.0
23225.0
23120.0
23241.0
23838.0
24638.0
24739.0
24369.0
23800.0
23154.0
22425.0
21668.0
20894.0
20224.0
19861.0
19746.0
19856.0
20091.0
20482.0
21099.0
21905.0
22451.0
22757.0
23230.0
23361.0
23263.0
23147.0
23234.0
23928.0
24649.0
24879.0
24690.0
24502.0
24010.0
23296.0
22493.0
21905.0
21415.0
21099.0
21008.0
21059.0
21336.0
22050.0
23776.0
25419.0
25991.0
25903.0
25952.0
25855.0
25619.0
25473.0
25395.0
25769.0
25958.0
25917.0
25315.0
24652.0
23981.0
22993.0
21888.0
20900.0
20240.0
19918.0
19753.0
19651.0
19919.0
20542.0
22192.0
23812.0
24333.0
24391.0
24509.0
24471.0
24348.0
24094.0
23901.0
24083.0
24227.0
24124.0
23607.0
22837.0
21926.0
21130.0
20366.0
19567.0
19006.0
18675.0
18458.0
18434.0
18546.0
18813.0
19412.0
20182.0
20875.0
21480.0
22058.0
22163.0
22082.0
22095.0
22044.0
22426.0
23076.0
23148.0
22849.0
22223.0
21630.0
20937.0
20243.0
19557.0
18846.0
18415.0
18100.0
17962.0
18002.0
18154.0
18497.0
19043.0
19589.0
19994.0
20467.0
20845.0
20959.0
21040.0
21035.0
21419.0
21956.0
22093.0
21860.0
21483.0
20820.0
20041.0
19138.0
18274.0
17609.0
17281.0
17061.0
17172.0
17485.0
18404.0
20426.0
22135.0
22489.0
22297.0
22499.0
22468.0
22308.0
22258.0
22250.0
22550.0
22632.0
22639.0
22251.0
21802.0
21111.0
20244.0
19136.0
18065.0
17303.0
16981.0
16825.0
16899.0
17191.0
17956.0
19873.0
21887.0
22188.0
22100.0
22285.0
22269.0
22215.0
22191.0
22297.0
22590.0
23106.0
23168.0
22889.0
22460.0
21805.0
20976.0
19901.0
18966.0
18236.0
17980.0
17958.0
18128.0
18543.0
19443.0
21550.0
23481.0
23945.0
23777.0
23857.0
23827.0
23707.0
23814.0
23869.0
24391.0
24855.0
25072.0
24697.0
24367.0
23847.0
23096.0
22033.0
21003.0
20391.0
20060.0
19970.0
20043.0
20450.0
21466.0
23623.0
25384.0
25753.0
25688.0
25736.0
25457.0
25046.0
24897.0
24973.0
25592.0
26128.0
26400.0
25892.0
25545.0
24960.0
24252.0
23273.0
22295.0
21503.0
21237.0
21202.0
21263.0
21606.0
22562.0
24502.0
26193.0
26576.0
26566.0
26439.0
26028.0
25539.0
25011.0
24895.0
25061.0
25607.0
25854.0
25464.0
24843.0
24104.0
23464.0
22767.0
22073.0
21362.0
21003.0
20828.0
20716.0
20821.0
21034.0
21622.0
22355.0
23105.0
23491.0
23865.0
23720.0
23418.0
23119.0
22948.0
23225.0
24044.0
24454.0
24240.0
23758.0
23156.0
22611.0
21980.0
21299.0
20637.0
20347.0
20225.0
20243.0
20341.0
20616.0
21067.0
21713.0
22346.0
23014.0
23312.0
23135.0
22699.0
22430.0
22350.0
22867.0
23892.0
24362.0
24322.0
24102.0
23541.0
22793.0
21759.0
20998.0
20466.0
20184.0
20102.0
20132.0
20448.0
21380.0
23574.0
25386.0
25578.0
25373.0
25292.0
25012.0
24638.0
24384.0
24253.0
24450.0
24910.0
25120.0
24748.0
24296.0
23679.0
22833.0
21645.0
20609.0
19881.0
19638.0
19622.0
19683.0
19941.0
20824.0
22735.0
24467.0
24807.0
24821.0
24834.0
24616.0
24311.0
24045.0
23966.0
24294.0
24688.0
25038.0
24628.0
24137.0
23583.0
22746.0
21694.0
20757.0
20193.0
20004.0
19923.0
20101.0
20499.0
21336.0
23516.0
25456.0
25498.0
25320.0
25413.0
25146.0
24755.0
24514.0
24533.0
24905.0
25344.0
25817.0
25422.0
25068.0
24416.0
23601.0
22533.0
21566.0
21019.0
20889.0
20905.0
20937.0
21270.0
22201.0
24188.0
25968.0
26279.0
26087.0
26011.0
25556.0
25049.0
24708.0
24594.0
24946.0
25472.0
25922.0
25549.0
25145.0
24586.0
23684.0
22684.0
21608.0
20963.0
20670.0
20546.0
20657.0
21014.0
21931.0
23894.0
25631.0
25688.0
25661.0
25546.0
25357.0
24903.0
24390.0
24109.0
24175.0
24619.0
24851.0
24308.0
23577.0
22737.0
21806.0
20958.0
20107.0
19422.0
18998.0
18625.0
18543.0
18577.0
18756.0
19250.0
19992.0
20543.0
21216.0
21522.0
21591.0
21460.0
21294.0
21147.0
21242.0
21886.0
22309.0
21926.0
21171.0
20505.0
19756.0
19001.0
18291.0
17661.0
17270.0
16978.0
16831.0
16861.0
17046.0
17425.0
18031.0
18489.0
19179.0
19753.0
20018.0
20007.0
19829.0
19737.0
20028.0
20813.0
21138.0
20937.0
20504.0
19997.0
19245.0
18263.0
17446.0
16963.0
16774.0
16669.0
16771.0
17075.0
17929.0
20077.0
21925.0
22176.0
22029.0
22121.0
22034.0
21791.0
21680.0
21774.0
21987.0
22353.0
22669.0
22082.0
21533.0
20812.0
19803.0
18568.0
17527.0
16814.0
16304.0
16062.0
15961.0
16053.0
16880.0
18562.0
20199.0
20543.0
20395.0
20500.0
20370.0
20193.0
20228.0
20283.0
20502.0
21070.0
21470.0
21046.0
20467.0
19740.0
18952.0
17994.0
17047.0
16459.0
16112.0
15856.0
15893.0
16053.0
16842.0
18661.0
20399.0
20568.0
20466.0
20562.0
20440.0
20249.0
20088.0
20093.0
20204.0
20688.0
21006.0
20622.0
20079.0
19413.0
18437.0
17330.0
16280.0
15622.0
15438.0
15489.0
15560.0
15846.0
16609.0
18563.0
20461.0
20733.0
20798.0
20885.0
20756.0
20636.0
20560.0
20459.0
20653.0
21158.0
21811.0
21522.0
21103.0
20418.0
19584.0
18501.0
17429.0
16771.0
16419.0
16236.0
16244.0
16438.0
17211.0
19142.0
20918.0
21133.0
21007.0
21138.0
21009.0
20679.0
20484.0
20241.0
20192.0
20530.0
20677.0
20116.0
19373.0
18406.0
17634.0
16918.0
16202.0
15658.0
15310.0
15157.0
15131.0
15187.0
15446.0
15924.0
16507.0
16988.0
17600.0
17972.0
18124.0
18039.0
17894.0
17819.0
18044.0
18833.0
19496.0
19294.0
18853.0
18298.0
17614.0
16924.0
16385.0
15907.0
15697.0
15582.0
15512.0
15563.0
15697.0
16095.0
16700.0
17129.0
17712.0
18013.0
18203.0
18203.0
18143.0
18072.0
18364.0
19192.0
19988.0
19989.0
19678.0
19184.0
18559.0
17863.0
17075.0
16573.0
16518.0
16453.0
16643.0
17043.0
18053.0
20274.0
22186.0
22337.0
22212.0
22100.0
21991.0
21811.0
21730.0
21755.0
21960.0
22105.0
22388.0
21924.0
21270.0
20451.0
19495.0
18314.0
17275.0
16517.0
16265.0
16206.0
16267.0
16505.0
17268.0
19161.0
20766.0
20809.0
20807.0
20905.0
20836.0
20724.0
20563.0
20645.0
20848.0
21202.0
21629.0
21158.0
20635.0
19887.0
19081.0
18108.0
17076.0
16364.0
16102.0
16006.0
16111.0
16429.0
17290.0
19424.0
21267.0
21500.0
21487.0
21472.0
21266.0
20978.0
20711.0
20583.0
20737.0
21238.0
22185.0
22009.0
21532.0
20868.0
20080.0
18966.0
18022.0
17368.0
17165.0
17075.0
17161.0
17516.0
18347.0
20502.0
22407.0
22400.0
22194.0
21935.0
21642.0
21274.0
20973.0
20732.0
20912.0
21376.0
22290.0
22096.0
21745.0
21137.0
20360.0
19425.0
18357.0
17683.0
17400.0
17352.0
17374.0
17698.0
18569.0
20688.0
22533.0
22689.0
22552.0
22337.0
21942.0
21367.0
20835.0
20653.0
20743.0
21263.0
21946.0
21658.0
20986.0
20064.0
19221.0
18361.0
17569.0
16927.0
16540.0
16215.0
16129.0
16129.0
16215.0
16674.0
17151.0
17723.0
18440.0
18855.0
18907.0
18728.0
18428.0
18204.0
18264.0
18720.0
19325.0
18970.0
18390.0
17552.0
16812.0
16227.0
15630.0
15111.0
14824.0
14668.0
14627.0
14635.0
14898.0
15359.0
15836.0
16251.0
16761.0
17066.0
17173.0
17082.0
16998.0
17038.0
17304.0
18024.0
18845.0
18764.0
18507.0
17944.0
17207.0
16443.0
15688.0
15231.0
15090.0
15018.0
15080.0
15383.0
16288.0
18220.0
19861.0
20085.0
20078.0
20249.0
20266.0
19977.0
19885.0
19874.0
19980.0
20251.0
20942.0
20681.0
20083.0
19281.0
18257.0
17216.0
16255.0
15534.0
15272.0
15128.0
15146.0
15426.0
16173.0
17974.0
19754.0
19815.0
19710.0
19841.0
19789.0
19652.0
19458.0
19453.0
19638.0
19939.0
20800.0
20528.0
20055.0
19346.0
18421.0
17296.0
16262.0
15669.0
15365.0
15313.0
15414.0
15665.0
16459.0
18499.0
20352.0
20717.0
20740.0
20913.0
20912.0
20813.0
20673.0
20705.0
20670.0
20976.0
21504.0
21159.0
20580.0
19914.0
19028.0
17861.0
16770.0
16015.0
15678.0
15487.0
15599.0
15958.0
16806.0
18964.0
20808.0
21051.0
21080.0
20974.0
20829.0
20706.0
20694.0
20707.0
20791.0
21052.0
21744.0
21575.0
21183.0
20552.0
19738.0
18626.0
17561.0
16944.0
16732.0
16567.0
16649.0
16980.0
17942.0
20084.0
21759.0
22043.0
21993.0
21845.0
21655.0
21425.0
21109.0
20837.0
20685.0
20845.0
21701.0
21531.0
20912.0
20050.0
19248.0
18535.0
17857.0
17282.0
16950.0
16687.0
16645.0
16755.0
17001.0
17555.0
18125.0
18870.0
19472.0
19610.0
19495.0
19235.0
18967.0
18792.0
18855.0
19427.0
20539.0
20526.0
19959.0
19254.0
18579.0
17941.0
17306.0
16774.0
16597.0
16498.0
16524.0
16641.0
16894.0
17289.0
17610.0
18205.0
18845.0
19262.0
19375.0
19300.0
19169.0
19095.0
19144.0
19735.0
20795.0
20963.0
20717.0
20167.0
19562.0
18700.0
18047.0
17505.0
17357.0
17401.0
17594.0
17990.0
18959.0
21233.0
22946.0
23358.0
23324.0
23221.0
22863.0
22486.0
22096.0
21983.0
22003.0
22081.0
23188.0
23413.0
23003.0
22499.0
21713.0
20738.0
19801.0
19199.0
18970.0
18957.0
19070.0
19452.0
20536.0
22672.0
23955.0
23918.0
23411.0
23033.0
22289.0
21698.0
21290.0
21083.0
21115.0
21421.0
22550.0
22685.0
22341.0
21720.0
20942.0
19825.0
18745.0
18075.0
17688.0
17650.0
17766.0
18165.0
18954.0
20974.0
22409.0
22652.0
22381.0
22086.0
21735.0
21431.0
21108.0
20946.0
21003.0
21242.0
22421.0
22470.0
22017.0
21379.0
20565.0
19491.0
18504.0
17875.0
17624.0
17387.0
17472.0
17746.0
18717.0
20833.0
22073.0
22293.0
22283.0
22278.0
22038.0
21667.0
21694.0
21628.0
21613.0
21735.0
22488.0
22217.0
21733.0
21063.0
20130.0
18992.0
17966.0
17372.0
16994.0
16976.0
16988.0
17284.0
18207.0
20247.0
21704.0
21883.0
21844.0
21655.0
21361.0
21078.0
20607.0
20378.0
20273.0
20483.0
21375.0
21248.0
20670.0
19826.0
19020.0
18204.0
17418.0
16830.0
16509.0
16394.0
16342.0
16390.0
16641.0
17105.0
17522.0
18261.0
18987.0
19424.0
19589.0
19527.0
19205.0
18975.0
18935.0
19216.0
20026.0
20047.0
19512.0
18643.0
17863.0
17194.0
16584.0
16011.0
15725.0
15259.0
15108.0
15136.0
15394.0
15676.0
15950.0
16504.0
17073.0
17332.0
17470.0
17281.0
17277.0
17193.0
17264.0
17725.0
18865.0
19255.0
18920.0
18352.0
17648.0
16859.0
16142.0
15628.0
15361.0
15315.0
15463.0
15834.0
16841.0
18830.0
20292.0
20572.0
20472.0
20307.0
20222.0
20067.0
19899.0
19787.0
19943.0
20090.0
21050.0
21141.0
20679.0
19947.0
19079.0
18050.0
16997.0
16414.0
16162.0
16099.0
16158.0
16464.0
17310.0
19392.0
20805.0
21038.0
20821.0
20742.0
20648.0
20300.0
20153.0
20086.0
20211.0
20304.0
21255.0
21461.0
21316.0
20684.0
19820.0
18754.0
17660.0
17059.0
16887.0
16885.0
17009.0
17321.0
18289.0
20387.0
21830.0
22055.0
21706.0
21203.0
20607.0
20225.0
19889.0
19708.0
19693.0
19986.0
21171.0
21465.0
21191.0
20587.0
19783.0
18850.0
17780.0
17087.0
16897.0
16900.0
16946.0
17422.0
18382.0
20447.0
21700.0
21978.0
21804.0
21382.0
20972.0
20511.0
20200.0
20060.0
20008.0
20093.0
20990.0
21470.0
21170.0
20653.0
19700.0
18612.0
17653.0
17049.0
16860.0
16814.0
16976.0
17311.0
18176.0
20184.0
21553.0
21967.0
21772.0
21429.0
21021.0
20497.0
19973.0
19663.0
19409.0
19470.0
20487.0
20994.0
20569.0
19856.0
19168.0
18362.0
17647.0
17217.0
17051.0
16988.0
17035.0
17160.0
17473.0
17947.0
18441.0
19257.0
19651.0
19556.0
19103.0
18535.0
18091.0
17772.0
17762.0
18157.0
19266.0
19948.0
19581.0
18933.0
18242.0
17691.0
17059.0
16596.0
16292.0
16229.0
16333.0
16458.0
16720.0
17123.0
17410.0
18014.0
18418.0
18512.0
18375.0
18165.0
17845.0
17600.0
17599.0
18111.0
19396.0
20352.0
20253.0
19874.0
19204.0
18586.0
17934.0
17333.0
17278.0
17335.0
17613.0
18133.0
19127.0
21336.0
22627.0
22657.0
22343.0
22058.0
21663.0
21070.0
20506.0
20219.0
20224.0
20278.0
21362.0
21917.0
21619.0
21141.0
20313.0
19349.0
18442.0
17815.0
17630.0
17637.0
17753.0
18079.0
19009.0
20905.0
22273.0
22534.0
22156.0
21694.0
21373.0
20986.0
20845.0
20738.0
20908.0
21050.0
21790.0
22033.0
21647.0
20946.0
20040.0
18886.0
17871.0
17256.0
17050.0
16906.0
16946.0
17112.0
17969.0
19936.0
21295.0
21526.0
21578.0
21661.0
21633.0
21522.0
21398.0
21474.0
21657.0
21604.0
22187.0
22157.0
21596.0
20891.0
20041.0
18962.0
17841.0
17120.0
16832.0
16729.0
16672.0
16886.0
17707.0
19562.0
20905.0
21320.0
21190.0
21218.0
21091.0
20913.0
20653.0
20570.0
20627.0
20527.0
21064.0
21341.0
20948.0
20284.0
19520.0
18371.0
17348.0
16581.0
16265.0
16129.0
16147.0
16473.0
17308.0
19189.0
20569.0
21090.0
21129.0
21226.0
21058.0
20831.0
20573.0
20303.0
20163.0
20117.0
20629.0
20831.0
20154.0
19380.0
18618.0
17821.0
17076.0
16368.0
16048.0
15908.0
15847.0
15912.0
16161.0
16521.0
16949.0
17819.0
18600.0
19018.0
18981.0
18752.0
18688.0
18579.0
18492.0
18840.0
19554.0
19821.0
19345.0
18610.0
17934.0
17338.0
16685.0
16096.0
15701.0
15567.0
15499.0
15590.0
15778.0
16067.0
16482.0
17223.0
17993.0
18441.0
18745.0
18809.0
18715.0
18686.0
18729.0
19003.0
19706.0
20282.0
20014.0
19425.0
18625.0
17743.0
16998.0
16450.0
16226.0
16184.0
16267.0
16519.0
17436.0
19282.0
20667.0
21021.0
21035.0
21090.0
21004.0
20764.0
20490.0
20382.0
20431.0
20409.0
20954.0
21311.0
21073.0
20350.0
19425.0
18256.0
17206.0
16442.0
16201.0
16086.0
16208.0
16434.0
17325.0
19060.0
20367.0
20554.0
20371.0
20390.0
20413.0
20274.0
20135.0
20051.0
20039.0
19933.0
20567.0
20987.0
20668.0
20034.0
19163.0
18042.0
17008.0
16232.0
15933.0
15828.0
15934.0
16356.0
17264.0
19046.0
20505.0
20802.0
20426.0
20321.0
20183.0
19879.0
19552.0
19468.0
19503.0
19477.0
20064.0
20808.0
20660.0
20188.0
19399.0
18397.0
17402.0
16652.0
16435.0
16401.0
16465.0
16839.0
17785.0
19660.0
21257.0
21389.0
20891.0
20459.0
19883.0
19552.0
19349.0
19161.0
19142.0
19054.0
19717.0
20678.0
20527.0
20060.0
19255.0
18330.0
17399.0
16701.0
16428.0
16355.0
16439.0
16779.0
17795.0
19666.0
21158.0
21032.0
20698.0
20283.0
19697.0
19160.0
18730.0
18254.0
18074.0
18083.0
18768.0
19613.0
19374.0
18750.0
18049.0
17394.0
16676.0
16086.0
15910.0
15915.0
15958.0
16090.0
16417.0
16739.0
17266.0
17950.0
18474.0
18346.0
18169.0
17750.0
17339.0
17071.0
16974.0
17227.0
18001.0
18931.0
18761.0
18130.0
17466.0
16963.0
16460.0
16028.0
15747.0
15606.0
15568.0
15603.0
15826.0
15881.0
16226.0
16867.0
17466.0
17771.0
17894.0
17798.0
17618.0
17477.0
17532.0
17749.0
18333.0
19198.0
19172.0
18543.0
17732.0
16853.0
16023.0
15565.0
15258.0
15187.0
15305.0
15550.0
16419.0
18310.0
19927.0
20203.0
20105.0
20024.0
19788.0
19361.0
18961.0
18792.0
18850.0
18636.0
19070.0
19719.0
19510.0
18758.0
17943.0
16792.0
15816.0
15078.0
14830.0
14801.0
14796.0
15135.0
15888.0
17507.0
19047.0
19202.0
19049.0
18961.0
18700.0
18420.0
18223.0
17848.0
17809.0
17774.0
18192.0
18985.0
19054.0
18634.0
17787.0
16771.0
15785.0
15218.0
15034.0
15088.0
15213.0
15525.0
16516.0
18342.0
19778.0
19723.0
19312.0
18882.0
18357.0
17978.0
17755.0
17546.0
17404.0
17334.0
17872.0
18630.0
18827.0
18304.0
17553.0
16607.0
15719.0
15070.0
14778.0
14682.0
14748.0
15142.0
16005.0
17637.0
19158.0
19164.0
18903.0
18792.0
18581.0
18233.0
17979.0
17868.0
17900.0
18027.0
18564.0
19152.0
19089.0
18610.0
17805.0
16742.0
15780.0
15134.0
14797.0
14789.0
14933.0
15181.0
16182.0
17828.0
19537.0
19834.0
19554.0
19301.0
19011.0
18649.0
18273.0
18020.0
17869.0
17778.0
18209.0
18902.0
18868.0
18191.0
17408.0
16732.0
16019.0
15393.0
15157.0
15047.0
15094.0
15274.0
15497.0
15699.0
16264.0
16869.0
17235.0
17196.0
16960.0
16693.0
16370.0
16088.0
16006.0
16235.0
16785.0
17571.0
17665.0
17075.0
16548.0
16020.0
15479.0
15022.0
14859.0
14735.0
14737.0
14767.0
14934.0
15015.0
15400.0
15871.0
16348.0
16484.0
16466.0
16245.0
16046.0
15880.0
15906.0
16271.0
16855.0
17848.0
18071.0
17482.0
16779.0
15974.0
15285.0
14893.0
14712.0
14690.0
14839.0
15225.0
16099.0
17769.0
19175.0
19394.0
19181.0
19041.0
18808.0
18537.0
18395.0
18342.0
18335.0
18330.0
18735.0
19372.0
19568.0
18977.0
18183.0
17210.0
16276.0
15747.0
15492.0
15482.0
15556.0
15855.0
16630.0
18279.0
19690.0
19908.0
19764.0
19595.0
19342.0
19206.0
19027.0
18842.0
18837.0
18819.0
19205.0
19609.0
19712.0
19197.0
18340.0
17202.0
16137.0
15411.0
15159.0
15060.0
15176.0
15315.0
16172.0
17748.0
19306.0
19702.0
19588.0
19544.0
19423.0
19081.0
18948.0
18667.0
18575.0
18519.0
18796.0
19465.0
19858.0
19390.0
18608.0
17731.0
16780.0
16199.0
15949.0
15932.0
16035.0
16334.0
17019.0
18726.0
20069.0
20271.0
19830.0
19295.0
18872.0
18380.0
18049.0
17693.0
17594.0
17613.0
18029.0
18455.0
18458.0
17706.0
16955.0
16000.0
15160.0
14483.0
14130.0
13978.0
13945.0
14054.0
14189.0
14453.0
15093.0
15842.0
16432.0
16674.0
16730.0
16632.0
16481.0
16326.0
16318.0
16435.0
16677.0
16987.0
17051.0
16523.0
15874.0
15243.0
14639.0
14103.0
13868.0
13799.0
13795.0
13856.0
13909.0
14029.0
14476.0
15053.0
15432.0
15439.0
15098.0
14843.0
14627.0
14439.0
14391.0
14572.0
14864.0
15404.0
15782.0
15499.0
15082.0
14590.0
14272.0
13881.0
13611.0
13512.0
13577.0
13694.0
13861.0
13941.0
14193.0
14554.0
14728.0
14733.0
14662.0
14538.0
14494.0
14457.0
14641.0
14914.0
15162.0
15617.0
15839.0
15385.0
14768.0
14190.0
13716.0
13386.0
13206.0
13257.0
13389.0
13727.0
14095.0
14432.0
14804.0
15142.0
15236.0
15216.0
14933.0
14736.0
14501.0
14357.0
14444.0
14685.0
14881.0
15550.0
15909.0
15335.0
14602.0
13994.0
13608.0
13418.0
13384.0
13444.0
13691.0
14504.0
16120.0
17680.0
18213.0
18215.0
18248.0
18189.0
17925.0
17545.0
17373.0
17157.0
16938.0
17146.0
17108.0
17346.0
17685.0
17038.0
16037.0
15125.0
14539.0
14275.0
14251.0
14283.0
14537.0
15379.0
17040.0
18476.0
18816.0
18655.0
18664.0
18640.0
18510.0
18222.0
18100.0
18000.0
17714.0
17905.0
17913.0
18062.0
18215.0
17599.0
16628.0
15719.0
15022.0
14732.0
14630.0
14681.0
14850.0
15726.0
17310.0
18636.0
19110.0
19044.0
18909.0
18611.0
18288.0
17982.0
17693.0
17543.0
17272.0
17474.0
17457.0
17773.0
18254.0
17766.0
16807.0
15848.0
15170.0
14887.0
14843.0
14890.0
15185.0
16123.0
17666.0
19177.0
19457.0
19187.0
18954.0
18515.0
17987.0
17491.0
16997.0
16636.0
16382.0
16495.0
16519.0
16736.0
17138.0
16563.0
15926.0
15239.0
14711.0
14352.0
14236.0
14176.0
14328.0
14506.0
14665.0
15095.0
15765.0
16244.0
16405.0
16139.0
15830.0
15602.0
15416.0
15381.0
15368.0
15635.0
15808.0
15920.0
15995.0
15506.0
14867.0
14245.0
13644.0
13349.0
13175.0
13150.0
13197.0
13377.0
13419.0
13778.0
14329.0
14843.0
15157.0
15190.0
15046.0
14920.0
14737.0
14689.0
14798.0
15195.0
15530.0
16042.0
16359.0
15778.0
14844.0
13940.0
13501.0
13348.0
13289.0
13368.0
13639.0
14506.0
16282.0
17970.0
18490.0
18374.0
18288.0
18088.0
17781.0
17632.0
17417.0
17211.0
17153.0
17354.0
17284.0
17333.0
17398.0
16614.0
15487.0
14491.0
13860.0
13595.0
13390.0
13413.0
13710.0
14543.0
16142.0
17734.0
18161.0
18100.0
18130.0
17991.0
17655.0
17180.0
16937.0
16963.0
16926.0
17000.0
16728.0
16959.0
17248.0
16551.0
15421.0
14401.0
13719.0
13453.0
13310.0
13430.0
13719.0
14437.0
16125.0
17686.0
18245.0
18345.0
18531.0
18484.0
18372.0
18153.0
18111.0
18021.0
17793.0
17714.0
17592.0
17595.0
17600.0
16843.0
15867.0
14809.0
14092.0
13851.0
13689.0
13705.0
13754.0
14521.0
16041.0
17580.0
18063.0
18046.0
18025.0
17945.0
17766.0
17517.0
17330.0
17240.0
17103.0
17183.0
17200.0
17307.0
17630.0
17052.0
16024.0
14975.0
14309.0
13981.0
13874.0
13910.0
14101.0
14826.0
16382.0
17940.0
18465.0
18351.0
18328.0
18110.0
17771.0
17291.0
16874.0
16627.0
16395.0
16452.0
16424.0
16358.0
16485.0
16037.0
15342.0
14693.0
14070.0
13763.0
13641.0
13615.0
13724.0
13881.0
14065.0
14624.0
15266.0
15652.0
15746.0
15719.0
15556.0
15204.0
14857.0
14691.0
14636.0
14796.0
14871.0
14909.0
15430.0
15399.0
14912.0
14508.0
14184.0
14050.0
14006.0
14058.0
14153.0
14297.0
14363.0
14608.0
14834.0
15055.0
15051.0
14909.0
14786.0
14665.0
14481.0
14425.0
14538.0
14756.0
14980.0
15325.0
15895.0
15679.0
15015.0
14286.0
13995.0
13930.0
14010.0
14200.0
14555.0
15342.0
17042.0
18499.0
18400.0
17978.0
17613.0
17223.0
16902.0
16663.0
16535.0
16362.0
16154.0
16161.0
15957.0
16043.0
16611.0
16381.0
15465.0
14582.0
13994.0
13773.0
13702.0
13860.0
14303.0
15218.0
16937.0
18248.0
18131.0
17679.0
17307.0
17043.0
16741.0
16645.0
16388.0
16210.0
16026.0
16019.0
15893.0
16027.0
16518.0
16252.0
15302.0
14473.0
13851.0
13611.0
13585.0
13726.0
13992.0
14764.0
16350.0
17787.0
17940.0
17729.0
17626.0
17354.0
17151.0
16905.0
16780.0
16727.0
16484.0
16666.0
16614.0
16631.0
16934.0
16453.0
15587.0
14715.0
14059.0
13915.0
13921.0
14026.0
14356.0
15002.0
16529.0
18151.0
18328.0
18063.0
17881.0
17726.0
17452.0
17279.0
17102.0
17169.0
16996.0
17084.0
16945.0
16993.0
17265.0
16886.0
15874.0
14952.0
14319.0
14059.0
13957.0
13990.0
14270.0
14931.0
16457.0
17893.0
18235.0
18129.0
17964.0
17604.0
17319.0
16983.0
16607.0
16298.0
16129.0
16223.0
16216.0
16014.0
15948.0
15479.0
14714.0
13927.0
13379.0
13152.0
13006.0
13023.0
13121.0
13183.0
13401.0
13922.0
14669.0
15353.0
15585.0
15560.0
15412.0
15250.0
15058.0
14865.0
14926.0
15111.0
15182.0
15081.0
15125.0
14905.0
14313.0
13699.0
13246.0
13021.0
12954.0
12970.0
13054.0
13075.0
13047.0
13456.0
14121.0
14720.0
15252.0
15477.0
15453.0
15262.0
15056.0
14963.0
15008.0
15238.0
15329.0
15493.0
15734.0
15563.0
14845.0
14057.0
13553.0
13359.0
13419.0
13568.0
13756.0
14295.0
15905.0
17494.0
17777.0
17566.0
17614.0
17518.0
17324.0
17307.0
17172.0
17180.0
16970.0
17145.0
16920.0
16740.0
16845.0
16532.0
15556.0
14553.0
14097.0
13876.0
13808.0
13903.0
14062.0
14608.0
16064.0
17622.0
17986.0
17874.0
17798.0
17557.0
17226.0
17053.0
17021.0
16972.0
16665.0
16580.0
16291.0
16349.0
16584.0
16537.0
15743.0
14809.0
14275.0
14090.0
14061.0
14122.0
14353.0
14975.0
16637.0
18004.0
18080.0
17746.0
17621.0
17422.0
17081.0
16920.0
16637.0
16528.0
16331.0
16252.0
15919.0
15602.0
16206.0
16377.0
15552.0
14686.0
13941.0
13715.0
13767.0
13782.0
14075.0
14579.0
16330.0
17770.0
17836.0
17571.0
17488.0
17130.0
16896.0
16701.0
16476.0
16535.0
16376.0
16495.0
16382.0
16353.0
16479.0
16372.0
15530.0
14614.0
14037.0
13792.0
13722.0
13770.0
14050.0
14538.0
16144.0
17492.0
17683.0
17534.0
17448.0
17254.0
16996.0
16588.0
16268.0
15956.0
15753.0
15767.0
15644.0
15543.0
15548.0
15611.0
15071.0
14535.0
13918.0
13714.0
13709.0
13765.0
13880.0
13860.0
14116.0
14505.0
15186.0
15497.0
15532.0
15447.0
15313.0
15214.0
14978.0
14793.0
14912.0
15172.0
15172.0
15027.0
15285.0
15593.0
15172.0
14703.0
14176.0
13947.0
13939.0
13977.0
14019.0
13923.0
14029.0
14356.0
14795.0
15349.0
15592.0
15626.0
15573.0
15466.0
15421.0
15430.0
15452.0
15578.0
15723.0
15954.0
16193.0
16439.0
15865.0
15197.0
14737.0
14646.0
14698.0
14873.0
15105.0
15644.0
17422.0
18978.0
19269.0
19013.0
18890.0
18758.0
18456.0
18185.0
17897.0
17730.0
17424.0
17523.0
17384.0
17242.0
17253.0
17388.0
16587.0
15738.0
15129.0
14915.0
14906.0
14844.0
14979.0
15456.0
17003.0
18362.0
18545.0
18283.0
18136.0
17918.0
17701.0
17363.0
17226.0
17165.0
16959.0
17074.0
16746.0
16792.0
16986.0
17148.0
16340.0
15377.0
14768.0
14658.0
14663.0
14707.0
14909.0
15407.0
17096.0
18669.0
19092.0
18858.0
18732.0
18537.0
18278.0
17955.0
17789.0
17712.0
17538.0
17572.0
17365.0
17152.0
17186.0
17217.0
16357.0
15439.0
14805.0
14446.0
14388.0
14435.0
14480.0
14944.0
16649.0
18300.0
18702.0
18733.0
18827.0
18653.0
18367.0
18302.0
18215.0
18151.0
17895.0
18036.0
17885.0
17799.0
17762.0
17521.0
16464.0
15498.0
14742.0
14420.0
14252.0
14259.0
14274.0
14767.0
16542.0
18113.0
18378.0
18149.0
17988.0
17723.0
17472.0
16977.0
16532.0
16272.0
15991.0
16064.0
15904.0
15689.0
15549.0
15578.0
15029.0
14314.0
13780.0
13468.0
13318.0
13306.0
13277.0
13150.0
13418.0
13946.0
14529.0
15050.0
15123.0
14927.0
14677.0
14542.0
14323.0
14209.0
14279.0
14406.0
14475.0
14293.0
14159.0
14450.0
14209.0
13712.0
13193.0
12944.0
12778.0
12725.0
12779.0
12608.0
12672.0
12810.0
13305.0
13728.0
13968.0
13979.0
13852.0
13585.0
13321.0
13252.0
13273.0
13463.0
13586.0
13913.0
14186.0
14575.0
14278.0
13570.0
12972.0
12845.0
12831.0
13032.0
13346.0
13891.0
15527.0
16945.0
17032.0
16824.0
16626.0
16455.0
16238.0
16029.0
15847.0
15730.0
15463.0
15421.0
15122.0
14983.0
15030.0
15333.0
14497.0
13547.0
13014.0
12868.0
12742.0
12856.0
12993.0
13245.0
14741.0
16159.0
16413.0
16189.0
16094.0
15956.0
15728.0
15620.0
15545.0
15412.0
15255.0
15470.0
15313.0
15141.0
15017.0
14977.0
14305.0
13534.0
12926.0
12749.0
12706.0
12798.0
12927.0
13296.0
14881.0
16226.0
16522.0
16426.0
16300.0
16107.0
15746.0
15515.0
15259.0
15086.0
14842.0
14891.0
14744.0
14486.0
14481.0
14730.0
14173.0
13507.0
12774.0
12372.0
12284.0
12412.0
12363.0
12382.0
12680.0
13162.0
13676.0
13931.0
14038.0
13960.0
13855.0
13590.0
13346.0
13210.0
13060.0
13215.0
13134.0
13305.0
13353.0
13624.0
13314.0
12639.0
12100.0
12012.0
12001.0
12113.0
12195.0
12376.0
13357.0
14194.0
14776.0
15059.0
14870.0
14601.0
14380.0
14014.0
13707.0
13579.0
13460.0
13447.0
13414.0
13171.0
12993.0
13209.0
12910.0
12345.0
11941.0
11675.0
11592.0
11636.0
11526.0
11344.0
11487.0
11689.0
12321.0
12849.0
12970.0
12927.0
12829.0
12692.0
12483.0
12441.0
12427.0
12584.0
12433.0
12311.0
12137.0
12366.0
12173.0
11767.0
11423.0
11158.0
11085.0
11032.0
10874.0
10701.0
10725.0
11011.0
11536.0
12104.0
12416.0
12453.0
12437.0
12401.0
12359.0
12325.0
12318.0
12428.0
12538.0
12651.0
12518.0
12627.0
12416.0
11633.0
11117.0
10955.0
10943.0
11060.0
11144.0
11534.0
13188.0
14772.0
15331.0
15396.0
15307.0
15225.0
15214.0
15059.0
14861.0
14783.0
14457.0
14555.0
14175.0
13935.0
13632.0
13624.0
12991.0
12098.0
11391.0
11152.0
11135.0
11044.0
11115.0
11459.0
12963.0
14570.0
15083.0
15061.0
15097.0
15081.0
14974.0
14815.0
14909.0
14765.0
14454.0
14371.0
14119.0
13919.0
13764.0
13675.0
13085.0
12222.0
11470.0
11264.0
11234.0
11293.0
11194.0
11636.0
13257.0
14680.0
15248.0
15216.0
15397.0
15290.0
15093.0
15030.0
14873.0
14814.0
14523.0
14519.0
14168.0
13983.0
13827.0
13771.0
13345.0
12519.0
12021.0
11816.0
11749.0
11833.0
11766.0
12171.0
13719.0
15174.0
15458.0
15419.0
15368.0
15338.0
15240.0
15088.0
14959.0
14968.0
14702.0
14670.0
14426.0
14244.0
14136.0
14069.0
13698.0
12837.0
12140.0
11733.0
11506.0
11613.0
11596.0
12100.0
13733.0
15239.0
15688.0
15677.0
15923.0
15823.0
15544.0
15209.0
14909.0
14515.0
14207.0
14194.0
14075.0
13896.0
13454.0
13317.0
12998.0
12324.0
11672.0
11370.0
11171.0
11104.0
10974.0
10867.0
11207.0
11878.0
12750.0
13510.0
13850.0
13949.0
13874.0
13673.0
13430.0
13368.0
13490.0
13712.0
13738.0
13601.0
13367.0
13213.0
13044.0
12551.0
12110.0
11681.0
11414.0
11355.0
11236.0
11134.0
11287.0
11721.0
12434.0
13230.0
13750.0
13998.0
14004.0
13845.0
13690.0
13557.0
13617.0
13862.0
13945.0
13931.0
13872.0
13790.0
13356.0
12606.0
12017.0
11877.0
11897.0
12012.0
12031.0
12574.0
14441.0
16050.0
16594.0
16782.0
16895.0
16776.0
16582.0
16437.0
16250.0
16158.0
15950.0
15962.0
15762.0
15543.0
15297.0
15035.0
14335.0
13435.0
12623.0
12412.0
12350.0
12331.0
12241.0
12685.0
14288.0
15864.0
16189.0
16001.0
15951.0
15861.0
15603.0
15350.0
15209.0
15196.0
14918.0
14954.0
14740.0
14586.0
14362.0
14317.0
13877.0
12903.0
12245.0
11892.0
11797.0
11651.0
11640.0
12189.0
13981.0
15647.0
15948.0
15854.0
15934.0
15933.0
15851.0
15603.0
15504.0
15453.0
15237.0
15148.0
14946.0
14787.0
14544.0
14293.0
13741.0
12786.0
12150.0
11860.0
11762.0
11787.0
11761.0
12183.0
13822.0
15398.0
15723.0
15697.0
15744.0
15741.0
15617.0
15397.0
15238.0
15211.0
15007.0
14921.0
14684.0
14553.0
14347.0
14096.0
13628.0
12677.0
11974.0
11617.0
11455.0
11456.0
11394.0
11817.0
13503.0
15177.0
15631.0
15723.0
15680.0
15579.0
15257.0
14992.0
14716.0
14500.0
14359.0
14401.0
14251.0
13884.0
13447.0
13146.0
12895.0
12230.0
11636.0
11305.0
11096.0
11010.0
10809.0
10716.0
11012.0
11655.0
12380.0
13015.0
13240.0
13251.0
13084.0
12909.0
12689.0
12544.0
12560.0
12636.0
12598.0
12603.0
12494.0
12429.0
12307.0
11743.0
11249.0
10932.0
10826.0
10750.0
10424.0
10336.0
10491.0
10892.0
11528.0
12225.0
12628.0
12805.0
12804.0
12696.0
12512.0
12420.0
12533.0
12624.0
12675.0
12736.0
12626.0
12416.0
12218.0
11434.0
10940.0
10725.0
10669.0
10706.0
10497.0
11097.0
12813.0
14496.0
15102.0
15246.0
15423.0
15416.0
15298.0
15202.0
15139.0
14944.0
14738.0
14761.0
14331.0
14096.0
13866.0
13453.0
13136.0
12017.0
11307.0
11085.0
10929.0
10818.0
10599.0
10978.0
12681.0
14254.0
14875.0
14991.0
15255.0
15277.0
15222.0
15089.0
14956.0
14893.0
14525.0
14458.0
14127.0
13938.0
13705.0
13545.0
13128.0
12202.0
11615.0
11282.0
11231.0
11219.0
10999.0
11497.0
13221.0
14963.0
15434.0
15618.0
15824.0
15865.0
15784.0
15776.0
15672.0
15561.0
15358.0
15272.0
14892.0
14598.0
14325.0
14056.0
13742.0
12924.0
12238.0
11965.0
11889.0
11858.0
11753.0
12275.0
13839.0
15517.0
15917.0
15990.0
16061.0
16011.0
15967.0
15729.0
15659.0
15631.0
15451.0
15436.0
15190.0
15068.0
14707.0
14430.0
13907.0
12956.0
12233.0
11872.0
11691.0
11657.0
11562.0
12007.0
13721.0
15354.0
15979.0
16044.0
16207.0
16141.0
15912.0
15527.0
15039.0
14739.0
14498.0
14452.0
14143.0
13777.0
13439.0
13128.0
12956.0
12391.0
11682.0
11293.0
11070.0
10952.0
10748.0
10742.0
11046.0
11763.0
12577.0
13085.0
13307.0
13297.0
13149.0
12968.0
12818.0
12722.0
12714.0
12781.0
12830.0
12730.0
12475.0
12349.0
12276.0
11729.0
11223.0
10945.0
10714.0
10594.0
10343.0
10250.0
10523.0
11072.0
11753.0
12398.0
12807.0
13020.0
13036.0
12896.0
12769.0
12567.0
12699.0
12820.0
12876.0
12963.0
12921.0
12764.0
12581.0
11908.0
11313.0
11101.0
11113.0
11052.0
10898.0
11360.0
13118.0
14724.0
15232.0
15396.0
15449.0
15371.0
15457.0
15290.0
15182.0
15064.0
14787.0
14708.0
14407.0
14095.0
13789.0
13453.0
13077.0
12206.0
11407.0
11079.0
10915.0
10773.0
10650.0
11096.0
12711.0
14384.0
14945.0
15081.0
15202.0
15315.0
15316.0
15227.0
15062.0
15071.0
14710.0
14631.0
14272.0
14076.0
13701.0
13222.0
12879.0
12018.0
11266.0
10869.0
10710.0
10594.0
10529.0
11052.0
12605.0
14304.0
15072.0
15187.0
15455.0
15419.0
15351.0
15284.0
15087.0
14993.0
14657.0
14601.0
14250.0
13999.0
13601.0
13091.0
12835.0
12029.0
11150.0
10810.0
10635.0
10469.0
10388.0
10843.0
12480.0
14192.0
14887.0
15224.0
15581.0
15500.0
15304.0
15250.0
15169.0
15014.0
14704.0
14578.0
14211.0
13970.0
13599.0
13148.0
12755.0
11953.0
11175.0
10851.0
10748.0
10589.0
10379.0
10907.0
12594.0
14354.0
15024.0
15173.0
15498.0
15521.0
15240.0
14805.0
14519.0
14197.0
13909.0
13822.0
13567.0
13167.0
12747.0
12270.0
12100.0
11587.0
10903.0
10514.0
10286.0
10103.0
9779.0
9792.0
10178.0
10836.0
11708.0
12468.0
12824.0
12759.0
12683.0
12521.0
12306.0
12248.0
12233.0
12352.0
12326.0
12284.0
12119.0
11787.0
11857.0
11515.0
10942.0
10630.0
10476.0
10279.0
10016.0
9942.0
10137.0
10587.0
11284.0
11915.0
12289.0
12462.0
12452.0
12403.0
12276.0
12171.0
12136.0
12238.0
12258.0
12170.0
11964.0
11818.0
11842.0
11495.0
11079.0
10828.0
10716.0
10536.0
10372.0
10405.0
10650.0
11347.0
11883.0
12424.0
12821.0
12972.0
12855.0
12776.0
12595.0
12537.0
12694.0
12849.0
12755.0
12730.0
12581.0
12280.0
12004.0
11540.0
11072.0
10881.0
10814.0
10660.0
10506.0
10986.0
12679.0
14387.0
14958.0
15031.0
15295.0
15295.0
15128.0
15133.0
15029.0
15023.0
14731.0
14709.0
14517.0
14329.0
13963.0
13318.0
12827.0
12026.0
11346.0
11047.0
10886.0
10675.0
10621.0
11172.0
12768.0
14494.0
15137.0
15313.0
15529.0
15524.0
15348.0
15161.0
14986.0
14969.0
14728.0
14660.0
14272.0
14060.0
13856.0
13563.0
13244.0
12601.0
11897.0
11650.0
11561.0
11420.0
11381.0
11840.0
13365.0
15035.0
15450.0
15457.0
15582.0
15518.0
15522.0
15419.0
15133.0
15006.0
14729.0
14649.0
14439.0
14293.0
14060.0
13792.0
13427.0
12652.0
12090.0
11772.0
11533.0
11399.0
11315.0
11767.0
13298.0
14867.0
15458.0
15509.0
15616.0
15487.0
15392.0
15061.0
14803.0
14576.0
14269.0
14172.0
13913.0
13775.0
13376.0
13038.0
12829.0
12441.0
11885.0
11569.0
11320.0
11102.0
10892.0
10901.0
11144.0
11568.0
12212.0
12890.0
13219.0
13328.0
13279.0
13070.0
12882.0
12680.0
12684.0
12748.0
12691.0
12488.0
12373.0
12143.0
12104.0
11973.0
11552.0
11287.0
11102.0
10914.0
10645.0
10559.0
10649.0
10915.0
11567.0
12157.0
12565.0
12796.0
12807.0
12817.0
12657.0
12542.0
12646.0
12776.0
12715.0
12575.0
12543.0
12307.0
12153.0
11771.0
11356.0
11230.0
11227.0
11085.0
11002.0
11518.0
13042.0
14488.0
15049.0
15178.0
15352.0
15490.0
15468.0
15259.0
15132.0
14961.0
14616.0
14663.0
14147.0
13779.0
13567.0
13156.0
12690.0
12031.0
11396.0
11174.0
11154.0
10994.0
10911.0
11306.0
12729.0
14218.0
14708.0
14756.0
15000.0
14962.0
14942.0
14864.0
14767.0
14690.0
14451.0
14346.0
14001.0
13703.0
13597.0
13114.0
12718.0
12015.0
11404.0
11101.0
10953.0
10847.0
10731.0
11255.0
12705.0
14250.0
14829.0
15018.0
15128.0
15212.0
15169.0
15080.0
14955.0
14836.0
14504.0
14442.0
14126.0
13783.0
13499.0
13052.0
12584.0
11941.0
11292.0
10901.0
10720.0
10595.0
10428.0
10944.0
12417.0
13945.0
14633.0
14796.0
15139.0
15253.0
15213.0
15197.0
15044.0
15124.0
14831.0
14950.0
14629.0
14227.0
13932.0
13500.0
12979.0
12132.0
11398.0
10996.0
10782.0
10769.0
10677.0
11238.0
12719.0
14365.0
14889.0
15179.0
15341.0
15346.0
15237.0
14886.0
14524.0
14176.0
13760.0
13666.0
13298.0
13015.0
12524.0
12119.0
11829.0
11481.0
10875.0
10566.0
10332.0
10194.0
9984.0
10036.0
10460.0
11124.0
11833.0
12470.0
12963.0
13156.0
13171.0
13073.0
12902.0
12795.0
12803.0
12868.0
12695.0
12426.0
12185.0
11863.0
11679.0
11290.0
10816.0
10582.0
10351.0
10161.0
9901.0
9896.0
10114.0
10655.0
11350.0
12042.0
12467.0
12665.0
12616.0
12555.0
12384.0
12350.0
12477.0
12678.0
12622.0
12625.0
12471.0
12295.0
12067.0
11555.0
11034.0
10794.0
10809.0
10571.0
10516.0
11108.0
12695.0
14227.0
14815.0
14887.0
15045.0
15207.0
15088.0
15059.0
14936.0
14749.0
14522.0
14455.0
14171.0
13985.0
13706.0
13304.0
12716.0
12101.0
11391.0
11059.0
10853.0
10710.0
10554.0
11020.0
12465.0
13945.0
14579.0
14767.0
14988.0
15052.0
14931.0
14772.0
14628.0
14543.0
14385.0
14251.0
13827.0
13606.0
13282.0
12866.0
12509.0
11964.0
11332.0
10952.0
10750.0
10489.0
10491.0
10917.0
12422.0
13916.0
14582.0
14746.0
14894.0
15013.0
15007.0
14956.0
14797.0
14628.0
14207.0
14225.0
13918.0
13583.0
13334.0
12901.0
12436.0
11857.0
11115.0
10756.0
10620.0
10444.0
10236.0
10684.0
12147.0
13677.0
14399.0
14634.0
14930.0
14867.0
14752.0
14515.0
14160.0
13862.0
13543.0
13562.0
13453.0
13131.0
12856.0
12410.0
11907.0
11202.0
10428.0
10005.0
9714.0
9473.0
9206.0
9217.0
9808.0
10734.0
11635.0
12117.0
12373.0
12386.0
12286.0
11975.0
11556.0
11417.0
11436.0
11390.0
11170.0
10957.0
10712.0
10558.0
10566.0
10407.0
9940.0
9522.0
9287.0
9063.0
8784.0
8748.0
8964.0
9345.0
10114.0
10836.0
11180.0
11300.0
11227.0
11134.0
11049.0
10998.0
11019.0
11224.0
11234.0
11127.0
10928.0
10643.0
10453.0
10274.0
9846.0
9501.0
9270.0
8988.0
8722.0
8752.0
8993.0
9500.0
10180.0
10885.0
11501.0
11880.0
11999.0
11918.0
11918.0
11859.0
11871.0
11994.0
12013.0
11992.0
11937.0
11606.0
11444.0
11058.0
10385.0
10162.0
10126.0
10004.0
9904.0
10358.0
11764.0
13384.0
14128.0
14444.0
14798.0
14723.0
14916.0
14859.0
14743.0
14690.0
14476.0
14423.0
14046.0
13721.0
13372.0
12920.0
12498.0
11980.0
11172.0
10835.0
10701.0
10470.0
10262.0
10713.0
12144.0
13555.0
14235.0
14521.0
14698.0
14649.0
14683.0
14645.0
14430.0
14344.0
14058.0
13928.0
13685.0
13453.0
13147.0
12666.0
12335.0
11886.0
11273.0
11031.0
10873.0
10674.0
10596.0
11024.0
12406.0
13782.0
14401.0
14624.0
14890.0
14921.0
14943.0
14907.0
14775.0
14617.0
14333.0
14291.0
13989.0
13761.0
13379.0
12865.0
12556.0
11873.0
11172.0
10798.0
10667.0
10520.0
10380.0
10754.0
12263.0
13651.0
14365.0
14790.0
15020.0
15151.0
15089.0
14986.0
14753.0
14638.0
14397.0
14295.0
14017.0
13801.0
13432.0
12901.0
12534.0
11930.0
11319.0
10818.0
10669.0
10553.0
10375.0
10742.0
12280.0
13716.0
14370.0
14754.0
14980.0
14989.0
14808.0
14552.0
14265.0
13917.0
13601.0
13534.0
13372.0
13057.0
12578.0
12079.0
11804.0
11320.0
10962.0
10559.0
10454.0
10327.0
10068.0
10045.0
10399.0
10984.0
11802.0
12562.0
13005.0
13130.0
13082.0
13031.0
12693.0
12532.0
12518.0
12548.0
12455.0
12222.0
11948.0
11656.0
11506.0
11261.0
10926.0
10628.0
10408.0
10196.0
9967.0
9931.0
10100.0
10533.0
11220.0
11808.0
12322.0
12571.0
12639.0
12537.0
12440.0
12372.0
12447.0
12562.0
12582.0
12564.0
12429.0
12219.0
12086.0
11694.0
11257.0
10900.0
10796.0
10695.0
10594.0
11044.0
12388.0
13775.0
14406.0
14712.0
15012.0
15011.0
14990.0
14940.0
14736.0
14699.0
14236.0
14208.0
13913.0
13707.0
13366.0
12930.0
12673.0
12106.0
11477.0
11232.0
11012.0
10893.0
10799.0
11220.0
12411.0
13846.0
14540.0
14761.0
14885.0
14973.0
14834.0
14872.0
14726.0
14723.0
14444.0
14389.0
14119.0
13808.0
13396.0
12975.0
12659.0
12041.0
11491.0
11190.0
11024.0
10887.0
10843.0
11255.0
12368.0
13554.0
14329.0
14792.0
15156.0
15146.0
15051.0
14921.0
14815.0
14633.0
14306.0
14213.0
13866.0
13629.0
13341.0
12960.0
12675.0
12218.0
11483.0
11176.0
10981.0
10847.0
10703.0
11073.0
12394.0
13689.0
14419.0
14810.0
14936.0
14855.0
14813.0
14777.0
14594.0
14422.0
14100.0
14029.0
13885.0
13530.0
13318.0
12937.0
12623.0
12038.0
11417.0
10987.0
10806.0
10693.0
10495.0
10824.0
11998.0
13383.0
14126.0
14497.0
14677.0
14704.0
14483.0
14250.0
13944.0
13741.0
13463.0
13360.0
13011.0
12644.0
12216.0
11806.0
11676.0
11371.0
10869.0
10501.0
10242.0
10053.0
9869.0
9879.0
10149.0
10614.0
11326.0
11906.0
12345.0
12428.0
12394.0
12233.0
12120.0
12031.0
11952.0
11999.0
11923.0
11700.0
11515.0
11329.0
11268.0
11082.0
10653.0
10385.0
10176.0
9954.0
9741.0
9659.0
9840.0
10267.0
10846.0
11486.0
11983.0
12299.0
12330.0
12321.0
12169.0
12126.0
12155.0
12243.0
12207.0
12115.0
11980.0
11594.0
11436.0
11060.0
10539.0
10190.0
10033.0
9917.0
9837.0
10206.0
11334.0
12537.0
13416.0
13950.0
14185.0
14286.0
14328.0
14305.0
14100.0
13969.0
13769.0
13625.0
13429.0
13213.0
12716.0
12353.0
12082.0
11461.0
10755.0
10464.0
10314.0
10113.0
9937.0
10189.0
11192.0
12451.0
13242.0
13600.0
13914.0
13937.0
13967.0
13894.0
13835.0
13706.0
13489.0
13522.0
13248.0
12995.0
12665.0
12320.0
12063.0
11309.0
10692.0
10276.0
10193.0
10127.0
9909.0
10141.0
11168.0
12472.0
13218.0
13751.0
14146.0
14213.0
14214.0
14075.0
13910.0
13840.0
13496.0
13470.0
13255.0
12981.0
12666.0
12311.0
12072.0
11390.0
10781.0
10450.0
10322.0
10165.0
9996.0
10250.0
11254.0
12418.0
13250.0
13701.0
13977.0
14022.0
13960.0
13971.0
13806.0
13724.0
13423.0
13389.0
13077.0
12768.0
12409.0
12065.0
11826.0
11280.0
10647.0
10299.0
10177.0
10104.0
9901.0
10099.0
11078.0
12195.0
12991.0
13544.0
13860.0
13822.0
13740.0
13494.0
13284.0
13060.0
12881.0
12802.0
12535.0
12178.0
11796.0
11427.0
11303.0
10848.0
10303.0
10003.0
9871.0
9765.0
9505.0
9449.0
9720.0
10220.0
10857.0
11501.0
11918.0
12115.0
12136.0
12046.0
11902.0
11835.0
11882.0
11909.0
11813.0
11627.0
11369.0
11089.0
11073.0
10689.0
10267.0
9981.0
9807.0
9687.0
9420.0
9356.0
9390.0
9661.0
10308.0
10971.0
11439.0
11650.0
11696.0
11673.0
11585.0
11560.0
11528.0
11675.0
11637.0
11527.0
11435.0
11262.0
11179.0
10748.0
10219.0
9926.0
9774.0
9674.0
9535.0
9743.0
10551.0
11635.0
12463.0
12926.0
13149.0
13215.0
13162.0
13116.0
13027.0
12913.0
12762.0
12799.0
12664.0
12458.0
12004.0
11650.0
11478.0
10894.0
10302.0
9958.0
9777.0
9656.0
9482.0
9705.0
10466.0
11618.0
12455.0
12823.0
12935.0
12991.0
12893.0
12816.0
12663.0
12498.0
12446.0
12569.0
12385.0
12202.0
11973.0
11712.0
11460.0
10770.0
10190.0
9847.0
9696.0
9631.0
9506.0
9704.0
10498.0
11701.0
12614.0
13070.0
13296.0
13303.0
13237.0
13169.0
13074.0
13011.0
12869.0
12892.0
12611.0
12285.0
11877.0
11568.0
11418.0
10938.0
10328.0
9993.0
9807.0
9713.0
9498.0
9609.0
10436.0
11445.0
12110.0
12567.0
12831.0
12903.0
12971.0
12939.0
12868.0
12840.0
12777.0
12834.0
12593.0
12286.0
11898.0
11665.0
11550.0
10906.0
10200.0
9865.0
9696.0
9584.0
9380.0
9533.0
10434.0
11666.0
12498.0
12917.0
13046.0
13019.0
12828.0
12610.0
12575.0
12527.0
12420.0
12413.0
12245.0
11861.0
11408.0
11059.0
11013.0
10521.0
9998.0
9660.0
9500.0
9454.0
9210.0
9110.0
9344.0
9806.0
10575.0
11296.0
11644.0
11759.0
11669.0
11549.0
11428.0
11311.0
11332.0
11388.0
11338.0
11229.0
11024.0
10851.0
10884.0
10349.0
9898.0
9524.0
9313.0
9228.0
9021.0
8890.0
9055.0
9491.0
10118.0
10784.0
11249.0
11435.0
11471.0
11422.0
11328.0
11348.0
11397.0
11511.0
11512.0
11529.0
11395.0
11313.0
11268.0
10566.0
9923.0
9575.0
9422.0
9391.0
9200.0
9381.0
10225.0
11437.0
12412.0
13024.0
13261.0
13325.0
13244.0
13151.0
13017.0
13006.0
12881.0
12879.0
12660.0
12385.0
11968.0
11657.0
11422.0
10661.0
10038.0
9713.0
9567.0
9514.0
9367.0
9414.0
10175.0
11296.0
12159.0
12662.0
12984.0
13106.0
13127.0
13014.0
12821.0
12670.0
12404.0
12379.0
12193.0
11984.0
11674.0
11429.0
11272.0
10702.0
10197.0
9836.0
9680.0
9570.0
9420.0
9532.0
10325.0
11410.0
12186.0
12657.0
12980.0
13028.0
13066.0
12986.0
12864.0
12777.0
12624.0
12633.0
12472.0
12111.0
11743.0
11555.0
11380.0
10742.0
10183.0
9822.0
9636.0
9587.0
9477.0
9572.0
10306.0
11280.0
12117.0
12754.0
13067.0
13189.0
13141.0
13007.0
12909.0
12763.0
12600.0
12628.0
12481.0
12167.0
11852.0
11675.0
11655.0
10917.0
10276.0
9952.0
9804.0
9737.0
9616.0
9723.0
10418.0
11467.0
12292.0
12870.0
13132.0
13229.0
13037.0
12801.0
12564.0
12445.0
12402.0
12426.0
12311.0
11990.0
11649.0
11469.0
11281.0
10720.0
10187.0
9825.0
9700.0
9591.0
9406.0
9242.0
9451.0
9941.0
10577.0
11252.0
11683.0
11803.0
11767.0
11644.0
11477.0
11410.0
11466.0
11536.0
11410.0
11245.0
11056.0
10984.0
11004.0
10514.0
10035.0
9705.0
9523.0
9429.0
9231.0
9036.0
9207.0
9627.0
10237.0
10803.0
11231.0
11457.0
11483.0
11441.0
11273.0
11079.0
11090.0
11303.0
11380.0
11251.0
11098.0
11090.0
11110.0
10498.0
9751.0
9635.0
9634.0
9593.0
9712.0
10588.0
11728.0
12605.0
13013.0
13212.0
13306.0
13314.0
13293.0
13162.0
13058.0
12791.0
12826.0
12633.0
12395.0
12121.0
12011.0
11698.0
10936.0
10236.0
9887.0
9779.0
9773.0
9712.0
9725.0
10527.0
11709.0
12508.0
13051.0
13336.0
13426.0
13399.0
13431.0
13194.0
13059.0
12901.0
12827.0
12557.0
12303.0
12005.0
11948.0
11619.0
10950.0
10418.0
10162.0
10039.0
10052.0
10002.0
10131.0
10973.0
12028.0
12794.0
13204.0
13459.0
13516.0
13531.0
13514.0
13401.0
13337.0
13150.0
13153.0
12913.0
12634.0
12367.0
12241.0
11732.0
11010.0
10456.0
10157.0
10074.0
10055.0
10018.0
10028.0
10828.0
11928.0
12787.0
13196.0
13484.0
13635.0
13695.0
13689.0
13498.0
13319.0
13113.0
13109.0
12995.0
12761.0
12389.0
12307.0
11966.0
11249.0
10587.0
10288.0
10131.0
10080.0
9977.0
10052.0
10951.0
12136.0
13059.0
13521.0
13791.0
13835.0
13688.0
13494.0
13237.0
13036.0
12806.0
12700.0
12420.0
12162.0
11780.0
11687.0
11368.0
10816.0
10295.0
9959.0
9764.0
9688.0
9518.0
9299.0
9510.0
9946.0
10663.0
11322.0
11735.0
11834.0
11915.0
11941.0
11767.0
11695.0
11731.0
11843.0
11715.0
11590.0
11426.0
11518.0
11343.0
10758.0
10332.0
10122.0
9994.0
9814.0
9646.0
9449.0
9562.0
9911.0
10408.0
11076.0
11513.0
11746.0
11757.0
11754.0
11735.0
11746.0
11811.0
11937.0
12091.0
12055.0
11971.0
12023.0
11617.0
10842.0
10386.0
10147.0
10085.0
10004.0
9961.0
10272.0
11359.0
12683.0
13509.0
13986.0
14308.0
14443.0
14434.0
14366.0
14291.0
14114.0
13832.0
13756.0
13444.0
13257.0
12956.0
12956.0
12306.0
11615.0
11017.0
10731.0
10518.0
10567.0
10495.0
10578.0
11638.0
13087.0
13681.0
13686.0
14224.0
14334.0
14222.0
14145.0
14070.0
14006.0
13693.0
13654.0
13447.0
13250.0
13055.0
13029.0
12503.0
11781.0
11127.0
10839.0
10688.0
10723.0
10737.0
10973.0
12186.0
13622.0
14309.0
14673.0
15002.0
15094.0
15033.0
14975.0
14895.0
14702.0
14369.0
14426.0
14233.0
13867.0
13617.0
13584.0
12972.0
12099.0
11589.0
11209.0
11083.0
11168.0
11171.0
11444.0
12716.0
14044.0
14721.0
14902.0
15095.0
15036.0
14954.0
14785.0
14624.0
14396.0
14063.0
14003.0
13767.0
13508.0
13415.0
13534.0
12998.0
12248.0
11695.0
11334.0
11239.0
11293.0
11403.0
11655.0
12823.0
14100.0
14684.0
14915.0
15229.0
15214.0
15049.0
14758.0
14409.0
14098.0
13896.0
13843.0
13635.0
13313.0
13033.0
12987.0
12366.0
11688.0
11254.0
10892.0
10686.0
10618.0
10631.0
10532.0
10705.0
11149.0
11900.0
12599.0
12913.0
13001.0
13023.0
12906.0
12796.0
12574.0
12571.0
12612.0
12582.0
12403.0
12259.0
12428.0
12055.0
11305.0
10879.0
10646.0
10464.0
10368.0
10346.0
10155.0
10191.0
10565.0
11246.0
12015.0
12489.0
12757.0
12712.0
12520.0
12404.0
12331.0
12480.0
12594.0
12657.0
12706.0
12784.0
13160.0
12519.0
11720.0
11153.0
10920.0
10878.0
10926.0
11034.0
11428.0
12794.0
14313.0
14915.0
15145.0
15399.0
15433.0
15505.0
15346.0
15222.0
14955.0
14481.0
14518.0
14338.0
14089.0
13963.0
14068.0
13321.0
12335.0
11746.0
11323.0
11177.0
11224.0
11315.0
11608.0
12865.0
14401.0
14972.0
15185.0
15357.0
15441.0
15367.0
15246.0
15194.0
14991.0
14615.0
14618.0
14321.0
14068.0
13950.0
14138.0
13134.0
12232.0
11575.0
11290.0
11212.0
11274.0
11344.0
11649.0
13043.0
14499.0
15164.0
15361.0
15637.0
15701.0
15605.0
15560.0
15410.0
15280.0
14975.0
14928.0
14679.0
14405.0
14406.0
14241.0
13217.0
12345.0
11719.0
11409.0
11330.0
11316.0
11378.0
11707.0
13103.0
14579.0
15217.0
15477.0
15719.0
15774.0
15771.0
15705.0
15554.0
15457.0
15224.0
15229.0
14906.0
14622.0
14662.0
14516.0
13356.0
12372.0
11690.0
11420.0
11287.0
11234.0
11319.0
11721.0
13106.0
14669.0
15286.0
15522.0
15668.0
15714.0
15549.0
15292.0
14915.0
14591.0
14273.0
14219.0
13982.0
13574.0
13373.0
13333.0
12652.0
11979.0
11358.0
10912.0
10685.0
10604.0
10579.0
10480.0
10603.0
11148.0
11906.0
12683.0
13110.0
13238.0
13171.0
12994.0
12858.0
12761.0
12745.0
12811.0
12726.0
12558.0
12607.0
12489.0
11892.0
11387.0
10982.0
10656.0
10411.0
10310.0
10362.0
10288.0
10277.0
10560.0
11249.0
12024.0
12625.0
12981.0
13127.0
13112.0
13018.0
12923.0
12986.0
13150.0
13170.0
13182.0
13350.0
13212.0
12398.0
11604.0
11113.0
10891.0
10718.0
10819.0
11006.0
11519.0
12969.0
14658.0
15337.0
15450.0
15677.0
15734.0
15720.0
15605.0
15418.0
15353.0
15103.0
15155.0
14802.0
14575.0
14487.0
14186.0
13012.0
11967.0
11340.0
11036.0
10937.0
10768.0
10896.0
11343.0
12893.0
14471.0
15048.0
15140.0
15297.0
15372.0
15338.0
15347.0
15228.0
15120.0
14823.0
14771.0
14409.0
14307.0
14452.0
14133.0
13074.0
11999.0
11283.0
11107.0
10979.0
10914.0
11140.0
11513.0
12995.0
14640.0
15062.0
15279.0
15388.0
15440.0
15436.0
15416.0
15326.0
15283.0
14967.0
14949.0
14674.0
14500.0
14650.0
14270.0
13164.0
12242.0
11557.0
11296.0
11145.0
11138.0
11159.0
11487.0
12958.0
14455.0
15085.0
15337.0
15593.0
15660.0
15531.0
15529.0
15299.0
15231.0
15029.0
15073.0
14691.0
14542.0
14785.0
14179.0
13046.0
12037.0
11407.0
11110.0
10936.0
10890.0
10984.0
11454.0
12920.0
14553.0
15288.0
15425.0
15676.0
15621.0
15339.0
14981.0
14816.0
14562.0
14311.0
14361.0
13973.0
13641.0
13518.0
13345.0
12460.0
11688.0
11125.0
10727.0
10537.0
10344.0
10339.0
10367.0
10518.0
11183.0
12096.0
12721.0
12963.0
12988.0
12887.0
12758.0
12574.0
12535.0
12503.0
12628.0
12739.0
12541.0
12811.0
12610.0
11957.0
11424.0
10964.0
10722.0
10618.0
10554.0
10531.0
10445.0
10478.0
10855.0
11462.0
12196.0
12730.0
12974.0
13046.0
13044.0
13003.0
12911.0
12966.0
13221.0
13444.0
13630.0
13854.0
13258.0
12422.0
11639.0
11025.0
10665.0
10658.0
10708.0
10817.0
11424.0
13112.0
14770.0
15387.0
15594.0
15905.0
15935.0
15833.0
15679.0
15610.0
15538.0
15261.0
15280.0
15045.0
14935.0
15082.0
14530.0
13471.0
12521.0
11793.0
11519.0
11445.0
11452.0
11636.0
12157.0
13586.0
15081.0
15451.0
15462.0
15397.0
15358.0
15407.0
15244.0
15072.0
15011.0
14785.0
14762.0
14586.0
14468.0
14591.0
14261.0
13122.0
12059.0
11370.0
11066.0
11024.0
11117.0
11256.0
11803.0
13234.0
14773.0
15294.0
15408.0
15461.0
15468.0
15367.0
15358.0
15309.0
15233.0
14993.0
15143.0
14881.0
14762.0
14951.0
14241.0
13186.0
12147.0
11517.0
11178.0
11009.0
10977.0
11097.0
11608.0
13072.0
14699.0
15215.0
15308.0
15322.0
15414.0
15325.0
15263.0
15136.0
15059.0
14803.0
14831.0
14625.0
14491.0
14796.0
14205.0
13184.0
12194.0
11381.0
11048.0
10934.0
10895.0
10949.0
11595.0
13081.0
14745.0
15201.0
15287.0
15348.0
15177.0
14977.0
14679.0
14358.0
14175.0
14068.0
14119.0
13945.0
13617.0
13649.0
13141.0
12276.0
11562.0
10891.0
10495.0
10359.0
10281.0
10315.0
10370.0
10548.0
11068.0
11806.0
12536.0
12921.0
13030.0
12915.0
12743.0
12545.0
12484.0
12642.0
12705.0
12809.0
12762.0
12984.0
12680.0
12000.0
11343.0
10908.0
10643.0
10417.0
10351.0
10426.0
10473.0
10458.0
10823.0
11540.0
12116.0
12486.0
12764.0
12738.0
12659.0
12538.0
12498.0
12666.0
12880.0
13125.0
13334.0
13754.0
13204.0
12330.0
11646.0
11177.0
11010.0
11014.0
11040.0
11220.0
11990.0
13711.0
15320.0
15530.0
15550.0
15745.0
15725.0
15539.0
15490.0
15317.0
15243.0
15054.0
14934.0
14674.0
14767.0
15142.0
14577.0
13490.0
12463.0
11825.0
11550.0
11448.0
11547.0
11749.0
12294.0
13782.0
15297.0
15576.0
15475.0
15670.0
15579.0
15306.0
15127.0
15158.0
15059.0
14917.0
15005.0
14732.0
14700.0
14962.0
14330.0
13178.0
12209.0
11509.0
11190.0
11138.0
11113.0
11218.0
11855.0
13323.0
14991.0
15436.0
15626.0
15735.0
15704.0
15560.0
15518.0
15431.0
15356.0
15250.0
15337.0
14950.0
14854.0
15197.0
14577.0
13374.0
12221.0
11560.0
11287.0
11073.0
10934.0
11085.0
11613.0
13226.0
14783.0
15205.0
15278.0
15391.0
15364.0
15216.0
15074.0
15031.0
15050.0
14889.0
14929.0
14703.0
14835.0
15061.0
14395.0
13209.0
12188.0
11525.0
11245.0
11060.0
11001.0
11161.0
11797.0
13450.0
15044.0
15517.0
15664.0
15869.0
15729.0
15527.0
15263.0
14933.0
14762.0
14526.0
14594.0
14274.0
14137.0
14200.0
13441.0
12575.0
11741.0
11206.0
10764.0
10564.0
10482.0
10416.0
10687.0
10872.0
11417.0
12294.0
12898.0
13085.0
13141.0
13050.0
12937.0
12706.0
12635.0
12735.0
12978.0
12985.0
13030.0
13169.0
12619.0
11994.0
11444.0
10871.0
10621.0
10463.0
10402.0
10417.0
10485.0
10466.0
10776.0
11500.0
12298.0
12706.0
12955.0
13030.0
12978.0
12909.0
12877.0
12949.0
13257.0
13487.0
13751.0
14026.0
13395.0
12580.0
11816.0
11181.0
10967.0
10943.0
11051.0
11277.0
12028.0
13620.0
15252.0
15689.0
15705.0
15767.0
15710.0
15539.0
15379.0
15403.0
15378.0
15182.0
15171.0
14823.0
15008.0
15201.0
14313.0
13091.0
12170.0
11567.0
11254.0
11203.0
11154.0
11334.0
11954.0
13494.0
15021.0
15447.0
15439.0
15655.0
15494.0
15424.0
15314.0
15193.0
15206.0
14967.0
15008.0
14690.0
14853.0
14892.0
13986.0
12785.0
11948.0
11330.0
11041.0
10951.0
11027.0
11164.0
11836.0
13456.0
14931.0
15429.0
15478.0
15616.0
15518.0
15468.0
15377.0
15286.0
15223.0
15043.0
15091.0
14747.0
14928.0
14907.0
14067.0
12887.0
11922.0
11401.0
11102.0
10989.0
10964.0
11087.0
11717.0
13193.0
14751.0
15276.0
15356.0
15499.0
15494.0
15411.0
15407.0
15281.0
15246.0
14901.0
14940.0
14643.0
14891.0
14951.0
13994.0
12848.0
11917.0
11364.0
11061.0
10981.0
10955.0
11104.0
11737.0
13361.0
14879.0
15260.0
15206.0
15331.0
15353.0
15147.0
14822.0
14576.0
14326.0
14063.0
14079.0
13967.0
14193.0
14022.0
13268.0
12478.0
11765.0
11312.0
11019.0
10945.0
10882.0
10920.0
11074.0
11271.0
11785.0
12658.0
13193.0
13361.0
13399.0
13344.0
13114.0
12922.0
12848.0
12885.0
13077.0
13146.0
13530.0
13493.0
12921.0
12296.0
11684.0
11212.0
10926.0
10785.0
10769.0
10825.0
10905.0
11077.0
11351.0
11998.0
12626.0
13040.0
13177.0
13194.0
13121.0
12929.0
12914.0
12965.0
13275.0
13562.0
14215.0
14332.0
13532.0
12690.0
11943.0
11347.0
11130.0
11162.0
11113.0
11344.0
12157.0
13999.0
15452.0
15765.0
15703.0
15815.0
15751.0
15609.0
15501.0
15412.0
15323.0
15015.0
14941.0
14832.0
15202.0
15034.0
14203.0
13089.0
12047.0
11368.0
11101.0
11010.0
11042.0
11144.0
11902.0
13717.0
15118.0
15357.0
15479.0
15638.0
15625.0
15424.0
15237.0
15108.0
14996.0
14986.0
15082.0
15006.0
15323.0
15149.0
14312.0
13113.0
12100.0
11474.0
11277.0
11192.0
11199.0
11347.0
12025.0
13885.0
15307.0
15623.0
15429.0
15471.0
15456.0
15365.0
15295.0
15021.0
14872.0
14837.0
14948.0
14864.0
15465.0
15267.0
14408.0
13328.0
12320.0
11621.0
11456.0
11397.0
11388.0
11573.0
12227.0
14042.0
15371.0
15749.0
15655.0
15649.0
15562.0
15470.0
15375.0
15225.0
15272.0
15094.0
15113.0
15043.0
15510.0
15221.0
14482.0
13415.0
12387.0
11716.0
11436.0
11384.0
11387.0
11515.0
12238.0
14045.0
15507.0
15987.0
15981.0
15899.0
15715.0
15521.0
15165.0
14824.0
14553.0
14381.0
14496.0
14531.0
14727.0
14233.0
13448.0
12657.0
11916.0
11393.0
11130.0
10996.0
10927.0
10966.0
11132.0
11462.0
11892.0
12743.0
13278.0
13296.0
13199.0
13078.0
12927.0
12731.0
12699.0
12811.0
13085.0
13340.0
13723.0
13404.0
12855.0
12220.0
11570.0
11104.0
10812.0
10647.0
10641.0
10682.0
10836.0
11002.0
11182.0
11740.0
12385.0
12719.0
12871.0
12849.0
12740.0
12613.0
12579.0
12653.0
12930.0
13310.0
13988.0
13752.0
13076.0
12260.0
11554.0
11126.0
10931.0
10772.0
10884.0
11129.0
12017.0
13917.0
15372.0
15754.0
15831.0
15916.0
15872.0
15773.0
15667.0
15515.0
15407.0
15205.0
15399.0
15331.0
15777.0
15255.0
14359.0
13313.0
12361.0
11738.0
11440.0
11445.0
11506.0
11738.0
12427.0
14335.0
15593.0
15910.0
15821.0
15877.0
15740.0
15594.0
15366.0
15197.0
15172.0
14960.0
15181.0
15304.0
15798.0
15352.0
14460.0
13361.0
12426.0
11744.0
11463.0
11351.0
11304.0
11422.0
12150.0
13918.0
15372.0
15739.0
15801.0
15866.0
15800.0
15713.0
15582.0
15464.0
15389.0
15125.0
15309.0
15506.0
15813.0
15302.0
14461.0
13404.0
12461.0
11941.0
11672.0
11606.0
11634.0
11831.0
12479.0
14107.0
15563.0
15808.0
15933.0
16092.0
16036.0
15890.0
15780.0
15723.0
15701.0
15435.0
15525.0
15611.0
15810.0
15306.0
14509.0
13523.0
12588.0
12034.0
11765.0
11677.0
11710.0
11839.0
12504.0
14258.0
15553.0
16005.0
15975.0
15988.0
15803.0
15496.0
15221.0
14912.0
14682.0
14479.0
14607.0
14833.0
15089.0
14482.0
13753.0
13075.0
12352.0
11836.0
11477.0
11342.0
11311.0
11278.0
11440.0
11818.0
12180.0
12902.0
13402.0
13611.0
13567.0
13403.0
13221.0
13028.0
12970.0
13066.0
13408.0
13932.0
14515.0
14102.0
13526.0
12950.0
12462.0
12002.0
11679.0
11642.0
11534.0
11615.0
11721.0
12036.0
12368.0
12990.0
13537.0
13743.0
13806.0
13776.0
13548.0
13410.0
13368.0
13577.0
14061.0
14738.0
15225.0
14829.0
14231.0
13364.0
12606.0
12114.0
11894.0
11897.0
11965.0
12136.0
12990.0
14887.0
16420.0
16880.0
16793.0
16684.0
16524.0
16228.0
16099.0
15925.0
15780.0
15584.0
15746.0
16292.0
16824.0
16305.0
15499.0
14428.0
13557.0
13018.0
12776.0
12791.0
12825.0
13006.0
13771.0
15730.0
17167.0
17430.0
17149.0
16866.0
16650.0
16386.0
16260.0
16122.0
15955.0
15844.0
16233.0
16686.0
17106.0
16589.0
15625.0
14515.0
13684.0
13193.0
13014.0
13018.0
13079.0
13343.0
14177.0
16123.0
17512.0
17807.0
17436.0
17231.0
16913.0
16609.0
16360.0
16072.0
15934.0
15795.0
16064.0
16634.0
17161.0
16578.0
15754.0
14782.0
13912.0
13338.0
13109.0
13037.0
13114.0
13233.0
13858.0
15914.0
17306.0
17552.0
17297.0
17172.0
16896.0
16590.0
16369.0
16225.0
16218.0
15997.0
16412.0
16867.0
17065.0
16526.0
15711.0
14711.0
13772.0
13083.0
12702.0
12531.0
12669.0
12872.0
13687.0
15635.0
17040.0
17306.0
17259.0
17025.0
16726.0
16328.0
15922.0
15534.0
15279.0
15254.0
15734.0
16114.0
16066.0
15407.0
14608.0
13793.0
13039.0
12399.0
12010.0
11919.0
11916.0
11979.0
12179.0
12729.0
13229.0
13988.0
14686.0
15053.0
15132.0
15040.0
14853.0
14764.0
14684.0
14832.0
15277.0
15671.0
15471.0
14908.0
14303.0
13645.0
13011.0
12569.0
12329.0
12204.0
12189.0
12208.0
12342.0
12710.0
13052.0
13706.0
14425.0
14919.0
15204.0
15268.0
15113.0
15114.0
15134.0
15311.0
15854.0
16491.0
16562.0
15995.0
15248.0
14270.0
13397.0
12805.0
12546.0
12453.0
12527.0
12736.0
13470.0
15493.0
17045.0
17288.0
17518.0
17636.0
17548.0
17410.0
17293.0
17047.0
17123.0
16955.0
17277.0
17792.0
17568.0
17226.0
16336.0
15071.0
13986.0
13387.0
13237.0
13043.0
13040.0
13146.0
13850.0
15766.0
17335.0
17564.0
17614.0
17695.0
17631.0
17476.0
17373.0
17283.0
17297.0
17258.0
17519.0
17973.0
17793.0
17263.0
16439.0
15260.0
14341.0
13779.0
13535.0
13401.0
13457.0
13699.0
14444.0
16512.0
17977.0
18246.0
18297.0
18394.0
18272.0
18139.0
17944.0
17835.0
17850.0
17781.0
18131.0
18533.0
18285.0
17663.0
16778.0
15553.0
14525.0
13968.0
13697.0
13499.0
13618.0
13742.0
14537.0
16572.0
18158.0
18197.0
18164.0
18199.0
18088.0
17930.0
17811.0
17727.0
17689.0
17616.0
17985.0
18451.0
18306.0
17649.0
16889.0
15754.0
14745.0
14114.0
13846.0
13752.0
13708.0
13891.0
14667.0
16747.0
18282.0
18521.0
18533.0
18445.0
18235.0
17901.0
17651.0
17378.0
17153.0
17072.0
17431.0
17814.0
17416.0
16549.0
15841.0
15041.0
14357.0
13791.0
13407.0
13238.0
13241.0
13217.0
13409.0
13884.0
14323.0
14925.0
15586.0
15882.0
15946.0
15876.0
15738.0
15577.0
15579.0
15853.0
16399.0
16830.0
16402.0
15807.0
15145.0
14515.0
13866.0
13373.0
13107.0
12874.0
12818.0
12795.0
12968.0
13213.0
13587.0
14118.0
14833.0
15379.0
15605.0
15639.0
15618.0
15597.0
15607.0
15820.0
16483.0
16939.0
16647.0
16108.0
15415.0
14523.0
13740.0
13234.0
13072.0
13010.0
13011.0
13228.0
14011.0
16089.0
17828.0
18082.0
18089.0
18192.0
18143.0
18074.0
17896.0
17823.0
17726.0
17698.0
18161.0
18369.0
17968.0
17234.0
16366.0
15283.0
14187.0
13461.0
13139.0
13068.0
13029.0
13139.0
13875.0
15808.0
17519.0
17771.0
17801.0
17856.0
17841.0
17741.0
17578.0
17500.0
17451.0
17311.0
17751.0
17988.0
17614.0
16978.0
15998.0
14814.0
13816.0
13138.0
12818.0
12786.0
12770.0
12919.0
13676.0
15610.0
17279.0
17445.0
17426.0
17571.0
17633.0
17495.0
17327.0
17246.0
17334.0
17270.0
17690.0
17913.0
17588.0
16860.0
16038.0
14956.0
14015.0
13337.0
13088.0
12860.0
12966.0
13116.0
13763.0
15752.0
17382.0
17694.0
17635.0
17757.0
17748.0
17556.0
17540.0
17491.0
17504.0
17439.0
18015.0
18248.0
17852.0
17234.0
16382.0
15303.0
14260.0
13597.0
13244.0
13059.0
13071.0
13235.0
13970.0
15912.0
17686.0
18095.0
18250.0
18226.0
18080.0
17877.0
17660.0
17401.0
17322.0
17282.0
17822.0
17892.0
17396.0
16569.0
15685.0
14866.0
14109.0
13572.0
13252.0
13063.0
13008.0
13126.0
13333.0
13936.0
14606.0
15260.0
16092.0
16604.0
16878.0
16877.0
16785.0
16635.0
16735.0
16923.0
17478.0
17648.0
17192.0
16504.0
15775.0
15100.0
14513.0
14101.0
13791.0
13578.0
13483.0
13507.0
13664.0
14038.0
14559.0
14860.0
15545.0
16141.0
16363.0
16334.0
16277.0
16198.0
16160.0
16358.0
16906.0
17243.0
17100.0
16438.0
15586.0
14806.0
14002.0
13450.0
13213.0
13165.0
13249.0
13488.0
14296.0
16410.0
18256.0
18555.0
18558.0
18728.0
18729.0
18532.0
18505.0
18344.0
18424.0
18245.0
18935.0
19002.0
18540.0
17785.0
16735.0
15572.0
14613.0
13974.0
13626.0
13575.0
13594.0
13746.0
14581.0
16613.0
18487.0
18838.0
18761.0
18819.0
18821.0
18685.0
18565.0
18404.0
18470.0
18453.0
19021.0
19264.0
18890.0
18379.0
17405.0
16383.0
15279.0
14726.0
14407.0
14286.0
14332.0
14534.0
15397.0
17539.0
19264.0
19382.0
19303.0
19297.0
18935.0
18735.0
18547.0
18370.0
18434.0
18441.0
19102.0
19224.0
18837.0
18102.0
17116.0
15962.0
14922.0
14249.0
13964.0
13762.0
13789.0
13903.0
14605.0
16472.0
18376.0
18636.0
18432.0
18358.0
18185.0
17642.0
17401.0
17248.0
17270.0
17387.0
18165.0
18335.0
17856.0
17163.0
16306.0
15233.0
14221.0
13566.0
13278.0
13123.0
13061.0
13235.0
13935.0
15841.0
17426.0
17613.0
17733.0
17738.0
17379.0
17039.0
16733.0
16406.0
16220.0
16270.0
17058.0
17365.0
16854.0
16220.0
15522.0
14814.0
14138.0
13588.0
13299.0
13243.0
13126.0
13247.0
13541.0
14127.0
14779.0
15285.0
15833.0
15969.0
15869.0
15596.0
15306.0
15107.0
15153.0
15537.0
16394.0
16785.0
16413.0
15890.0
15334.0
14755.0
14216.0
13751.0
13450.0
13259.0
13237.0
13180.0
13360.0
13659.0
14260.0
14678.0
15234.0
15456.0
15395.0
15369.0
15241.0
15134.0
15048.0
15371.0
16461.0
17394.0
17187.0
16853.0
16423.0
15838.0
15059.0
14372.0
13947.0
13854.0
13795.0
13898.0
14335.0
15273.0
17117.0
18445.0
18793.0
18790.0
18762.0
18592.0
18475.0
18371.0
18290.0
18480.0
19113.0
19496.0
19060.0
18529.0
17828.0
16972.0
15906.0
15061.0
15170.0
14366.0
13948.0
13797.0
13685.0
13953.0
14750.0
16501.0
17825.0
18166.0
18271.0
18452.0
18546.0
18459.0
18395.0
18391.0
18612.0
19093.0
19509.0
19177.0
18724.0
18082.0
17314.0
16338.0
15362.0
14837.0
14626.0
14573.0
14736.0
15101.0
15946.0
17807.0
19128.0
19671.0
19884.0
19936.0
19936.0
19853.0
19771.0
19779.0
20005.0
20506.0
20846.0
20434.0
19974.0
19327.0
18478.0
17404.0
16452.0
15790.0
15666.0
15559.0
15569.0
15883.0
16699.0
18487.0
19866.0
20130.0
19994.0
19975.0
19786.0
19542.0
19574.0
19610.0
19991.0
20587.0
20932.0
20588.0
20084.0
19475.0
18640.0
17534.0
16645.0
16036.0
15755.0
15680.0
15750.0
15967.0
16763.0
18476.0
19936.0
20516.0
20566.0
20618.0
20552.0
20322.0
19999.0
19777.0
19854.0
20429.0
20584.0
20010.0
19259.0
18403.0
17551.0
16801.0
16033.0
15429.0
15070.0
14891.0
14798.0
14919.0
15197.0
15697.0
16093.0
16633.0
17295.0
17657.0
17822.0
17780.0
17734.0
17719.0
18112.0
18893.0
19181.0
18828.0
18303.0
17766.0
17209.0
16643.0
16059.0
15607.0
15322.0
15194.0
15188.0
15252.0
15490.0
15886.0
16199.0
16787.0
17535.0
18095.0
18428.0
18549.0
18625.0
18755.0
19055.0
19906.0
20219.0
20086.0
19702.0
19180.0
18436.0
17585.0
16958.0
16548.0
16469.0
16417.0
16591.0
16890.0
17822.0
19838.0
21422.0
21807.0
21912.0
21887.0
21836.0
21660.0
21521.0
21578.0
21919.0
22527.0
22899.0
22507.0
22080.0
21393.0
20455.0
19316.0
18209.0
17628.0
17280.0
17229.0
17207.0
17425.0
18271.0
20379.0
21896.0
22018.0
21951.0
21970.0
21791.0
21561.0
21509.0
21672.0
21889.0
22398.0
22729.0
22311.0
21870.0
21084.0
20222.0
19123.0
18165.0
17526.0
17307.0
17142.0
17200.0
17450.0
18313.0
20265.0
21805.0
21931.0
21890.0
22022.0
21943.0
21805.0
21848.0
21828.0
22041.0
22457.0
22553.0
22254.0
21765.0
21009.0
20056.0
18962.0
17906.0
17344.0
17047.0
16988.0
16895.0
17081.0
17984.0
19954.0
21476.0
21638.0
21660.0
21697.0
21421.0
21159.0
21044.0
20997.0
21327.0
21873.0
22005.0
21683.0
21054.0
20462.0
19690.0
18634.0
17713.0
17118.0
16822.0
16680.0
16728.0
16928.0
17840.0
19922.0
21475.0
21646.0
21688.0
21756.0
21452.0
21161.0
20851.0
20670.0
20774.0
21561.0
21800.0
21408.0
20824.0
19998.0
19108.0
18405.0
17684.0
17224.0
16866.0
16800.0
16801.0
16872.0
17213.0
17761.0
18309.0
18979.0
19588.0
19537.0
19343.0
18966.0
18590.0
18583.0
19120.0
20268.0
20615.0
20208.0
19709.0
19106.0
18448.0
17829.0
17254.0
16744.0
16456.0
16335.0
16278.0
16304.0
16476.0
16887.0
17231.0
17690.0
18332.0
18562.0
18613.0
18490.0
18325.0
18406.0
18743.0
19655.0
20043.0
19858.0
19524.0
19026.0
18229.0
17399.0
16509.0
15972.0
15740.0
15781.0
15938.0
16339.0
17202.0
19191.0
20919.0
21076.0
21013.0
21078.0
20968.0
20733.0
20730.0
20785.0
21187.0
21437.0
21675.0
20997.0
20395.0
19560.0
18637.0
17468.0
16487.0
15812.0
15435.0
15354.0
15359.0
15543.0
16462.0
18384.0
20030.0
20092.0
20026.0
20184.0
20252.0
20090.0
19962.0
19849.0
20133.0
20572.0
20776.0
20245.0
19776.0
19215.0
18281.0
17167.0
16284.0
15741.0
15562.0
15509.0
15629.0
15926.0
16865.0
18794.0
20414.0
20504.0
20323.0
20257.0
20158.0
20020.0
19978.0
20079.0
20480.0
20809.0
20807.0
20253.0
19657.0
18764.0
17853.0
16766.0
15869.0
15352.0
15090.0
14932.0
14975.0
15313.0
16106.0
17941.0
19509.0
19684.0
19505.0
19451.0
19248.0
19131.0
19084.0
19252.0
19732.0
20277.0
20350.0
19906.0
19340.0
18783.0
17974.0
16842.0
15896.0
15291.0
14991.0
14874.0
14938.0
15089.0
15762.0
17576.0
19325.0
19672.0
19702.0
19626.0
19572.0
19285.0
19197.0
19038.0
19264.0
19509.0
19482.0
19023.0
18348.0
17697.0
16980.0
16261.0
15655.0
15092.0
14822.0
14674.0
14609.0
14643.0
14799.0
15247.0
15819.0
16332.0
16980.0
17368.0
17438.0
17391.0
17283.0
17223.0
17730.0
18569.0
18651.0
18278.0
17776.0
17209.0
16504.0
15917.0
15372.0
14942.0
14661.0
14476.0
14388.0
14441.0
14639.0
14979.0
15511.0
15946.0
16625.0
17033.0
17175.0
17186.0
17180.0
17369.0
17944.0
18577.0
18761.0
18545.0
18197.0
17537.0
16807.0
15962.0
15229.0
14700.0
14451.0
14325.0
14347.0
14546.0
15242.0
17124.0
18819.0
19016.0
18949.0
19018.0
18904.0
18908.0
18869.0
18926.0
19352.0
19657.0
19692.0
19191.0
18735.0
18018.0
17149.0
16064.0
15036.0
14399.0
14170.0
14034.0
14103.0
14351.0
15155.0
16926.0
18638.0
18887.0
18843.0
18943.0
18898.0
18824.0
18805.0
18830.0
19281.0
19596.0
19759.0
19280.0
18683.0
18050.0
17178.0
16062.0
15134.0
14491.0
14193.0
14052.0
14153.0
14423.0
15128.0
17089.0
18793.0
18929.0
18847.0
18876.0
18831.0
18701.0
18696.0
18745.0
19333.0
19830.0
19833.0
19464.0
19041.0
18316.0
17491.0
16510.0
15506.0
15019.0
14879.0
14799.0
14989.0
15424.0
16365.0
18354.0
20259.0
20429.0
20194.0
20043.0
20008.0
19882.0
19937.0
20105.0
20632.0
21153.0
21217.0
20801.0
20311.0
19608.0
18809.0
17792.0
16887.0
16322.0
16097.0
16034.0
16133.0
16429.0
17260.0
19102.0
20916.0
21158.0
21027.0
20944.0
20800.0
20477.0
20254.0
20015.0
20143.0
20291.0
20122.0
19598.0
18884.0
18113.0
17252.0
16371.0
15535.0
14964.0
14577.0
14385.0
14323.0
14344.0
14541.0
15013.0
15672.0
16189.0
16851.0
17124.0
17120.0
16990.0
17022.0
17073.0
17595.0
18250.0
18399.0
18050.0
17603.0
17116.0
16537.0
15973.0
15519.0
15168.0
14910.0
14812.0
14824.0
14849.0
14971.0
15520.0
16170.0
16700.0
17425.0
17842.0
18080.0
18120.0
18212.0
18325.0
18920.0
19801.0
20009.0
19915.0
19639.0
19168.0
18581.0
17795.0
17105.0
16812.0
16593.0
16588.0
16697.0
17072.0
18121.0
20200.0
22120.0
22550.0
22296.0
22057.0
21804.0
21388.0
21357.0
21587.0
22205.0
22680.0
22821.0
22316.0
21750.0
20789.0
19651.0
18574.0
17520.0
16810.0
16503.0
16352.0
16360.0
16619.0
17466.0
19560.0
21443.0
21609.0
21458.0
21272.0
21008.0
20782.0
20712.0
20759.0
21356.0
21840.0
21895.0
21305.0
20726.0
19931.0
18994.0
17760.0
16695.0
15921.0
15572.0
15443.0
15552.0
15907.0
16735.0
18787.0
20528.0
20647.0
20553.0
20625.0
20494.0
20304.0
20260.0
20380.0
21127.0
21622.0
21646.0
21241.0
20752.0
20092.0
19208.0
18183.0
17154.0
16528.0
16258.0
16110.0
16202.0
16387.0
17180.0
19116.0
20853.0
21110.0
20856.0
20961.0
20777.0
20568.0
20487.0
20697.0
21169.0
21375.0
21347.0
20835.0
20326.0
19865.0
18973.0
17933.0
17062.0
16371.0
16204.0
16110.0
16197.0
16591.0
17445.0
19502.0
21306.0
21520.0
21479.0
21358.0
21003.0
20684.0
20419.0
20369.0
20848.0
21333.0
21466.0
20984.0
20457.0
19766.0
19107.0
18326.0
17662.0
17135.0
16961.0
16785.0
16824.0
16951.0
17183.0
17775.0
18545.0
19208.0
19819.0
19937.0
19693.0
19543.0
19499.0
19671.0
20475.0
21096.0
21178.0
20991.0
20548.0
19960.0
19494.0
18899.0
18227.0
17732.0
17403.0
17158.0
17005.0
16948.0
17056.0
17387.0
17832.0
18280.0
18768.0
19186.0
19383.0
19290.0
19161.0
19210.0
19711.0
20255.0
20323.0
19978.0
19544.0
19013.0
18155.0
17214.0
16305.0
15717.0
15507.0
15394.0
15353.0
15636.0
16511.0
18436.0
20098.0
20448.0
20346.0
20451.0
20442.0
20286.0
20280.0
20407.0
21121.0
21484.0
21557.0
21109.0
20581.0
19889.0
19044.0
18008.0
17042.0
16451.0
16314.0
16282.0
16394.0
16818.0
17813.0
20094.0
22018.0
22271.0
22205.0
22143.0
21913.0
21638.0
21603.0
21815.0
22506.0
23073.0
23186.0
22909.0
22482.0
21822.0
20912.0
19678.0
18748.0
18065.0
17629.0
17361.0
17129.0
17260.0
18017.0
19822.0
21724.0
21968.0
21653.0
21591.0
21399.0
21364.0
21403.0
21465.0
22023.0
21981.0
21875.0
21218.0
20598.0
19733.0
18711.0
17497.0
16330.0
15565.0
15216.0
15089.0
15022.0
15227.0
16000.0
17824.0
19380.0
19773.0
19607.0
19570.0
19421.0
19170.0
19117.0
19301.0
19963.0
20329.0
20375.0
19875.0
19402.0
18778.0
17913.0
16755.0
15811.0
15250.0
14838.0
14714.0
14733.0
14957.0
15684.0
17635.0
19317.0
19742.0
19542.0
19475.0
19157.0
18965.0
18783.0
18849.0
19356.0
19740.0
19743.0
19287.0
18718.0
17964.0
17147.0
16484.0
15743.0
15245.0
14872.0
14746.0
14655.0
14731.0
15005.0
15561.0
16239.0
17072.0
17701.0
18234.0
18469.0
18508.0
18477.0
18587.0
19132.0
19600.0
19614.0
19207.0
18628.0
18054.0
17457.0
16896.0
16306.0
15752.0
15448.0
15272.0
15125.0
15256.0
15436.0
15877.0
16431.0
17125.0
17819.0
18429.0
18783.0
18771.0
18786.0
18889.0
19388.0
19945.0
20183.0
20057.0
19712.0
19263.0
18689.0
17945.0
17233.0
16802.0
16721.0
16782.0
16933.0
17498.0
18497.0
20774.0
22892.0
23375.0
23219.0
23154.0
22877.0
22598.0
22468.0
22722.0
23428.0
23673.0
23711.0
23144.0
22577.0
21734.0
20708.0
19469.0
18289.0
17610.0
17204.0
17057.0
17015.0
17286.0
18230.0
20369.0
22101.0
22221.0
22039.0
21991.0
21953.0
21753.0
21609.0
21619.0
22196.0
22283.0
22084.0
21582.0
21169.0
20555.0
19657.0
18425.0
17359.0
16744.0
16470.0
16308.0
16448.0
16828.0
17812.0
20061.0
22100.0
22407.0
22280.0
22224.0
21837.0
21595.0
21511.0
21814.0
22546.0
23046.0
23117.0
22764.0
22437.0
21876.0
21182.0
19902.0
18850.0
18240.0
17962.0
18010.0
18091.0
18587.0
19579.0
21842.0
23538.0
23864.0
23700.0
23705.0
23321.0
22975.0
22783.0
22821.0
23416.0
23485.0
23357.0
22858.0
22336.0
21663.0
20614.0
19348.0
18197.0
17488.0
17049.0
16847.0
16819.0
17120.0
18019.0
20065.0
21998.0
22458.0
22320.0
22362.0
22299.0
22026.0
21916.0
21813.0
22099.0
22132.0
21943.0
21492.0
20814.0
19963.0
19072.0
18214.0
17422.0
16745.0
16418.0
16169.0
16098.0
16099.0
16359.0
16963.0
17852.0
18763.0
19310.0
19745.0
19893.0
19775.0
19674.0
19622.0
20083.0
20395.0
20238.0
19767.0
19146.0
18473.0
17738.0
17026.0
16306.0
15641.0
15224.0
15036.0
14972.0
15043.0
15282.0
15776.0
16460.0
17237.0
17901.0
18538.0
18847.0
18916.0
18982.0
19001.0
19644.0
20141.0
20190.0
19947.0
19565.0
18952.0
18175.0
17254.0
16496.0
15886.0
15559.0
15514.0
15539.0
15809.0
16602.0
18632.0
20428.0
21064.0
20857.0
20883.0
20868.0
20593.0
20537.0
20659.0
21215.0
21275.0
21217.0
20853.0
20288.0
19491.0
18537.0
17340.0
16273.0
15579.0
15213.0
15056.0
15017.0
15231.0
15945.0
17807.0
19554.0
20071.0
19912.0
20087.0
20060.0
20106.0
20176.0
20378.0
20923.0
21073.0
21129.0
20740.0
20438.0
19770.0
18908.0
17727.0
16659.0
16120.0
15835.0
15710.0
15777.0
16029.0
16938.0
18916.0
20765.0
21409.0
21206.0
21244.0
21205.0
21203.0
21252.0
21456.0
21794.0
21727.0
21624.0
21060.0
20554.0
19867.0
18937.0
17872.0
16789.0
15859.0
15454.0
15285.0
15215.0
15444.0
16112.0
17914.0
19688.0
20340.0
20320.0
20357.0
20376.0
20148.0
20124.0
20252.0
20780.0
21035.0
21001.0
20539.0
20003.0
19384.0
18486.0
17408.0
16393.0
15640.0
15119.0
14938.0
14944.0
15029.0
15607.0
17004.0
18597.0
19446.0
19711.0
19794.0
19535.0
19248.0
19023.0
19104.0
19657.0
20121.0
20149.0
19554.0
18787.0
17923.0
17099.0
16412.0
15729.0
15045.0
14562.0
14307.0
14227.0
14229.0
14313.0
14678.0
15331.0
16051.0
16580.0
16980.0
17130.0
17004.0
16713.0
16521.0
16690.0
16715.0
16458.0
16229.0
16029.0
15884.0
15700.0
15493.0
15209.0
14736.0
14465.0
14367.0
14315.0
14330.0
14461.0
14786.0
15155.0
15512.0
15882.0
16237.0
16424.0
16454.0
16396.0
16465.0
16939.0
17251.0
17198.0
16982.0
16664.0
16308.0
15805.0
15224.0
14669.0
14161.0
13783.0
13615.0
13576.0
13636.0
13880.0
14441.0
15043.0
15637.0
16154.0
16642.0
16881.0
17024.0
17115.0
17321.0
17907.0
18357.0
18385.0
18177.0
17865.0
17461.0
16815.0
16195.0
15578.0
15078.0
14808.0
14697.0
14836.0
15042.0
15670.0
16980.0
18288.0
19014.0
19189.0
19392.0
19426.0
19352.0
19263.0
19415.0
20116.0
20578.0
20778.0
20363.0
19919.0
19405.0
18589.0
17712.0
16927.0
16336.0
16096.0
15988.0
16083.0
16224.0
16927.0
18469.0
19864.0
20631.0
20814.0
20950.0
20849.0
20664.0
20634.0
20782.0
21331.0
21688.0
21731.0
21236.0
20562.0
19784.0
18865.0
17862.0
16851.0
16023.0
15546.0
15322.0
15320.0
15396.0
15959.0
17197.0
18597.0
19289.0
19372.0
19517.0
19469.0
19332.0
19303.0
19412.0
19850.0
20065.0
20030.0
19597.0
19099.0
18421.0
17611.0
16719.0
15931.0
15221.0
14783.0
14627.0
14655.0
14796.0
15384.0
16715.0
17966.0
18619.0
18926.0
19122.0
19136.0
18947.0
18842.0
18692.0
18892.0
19040.0
18979.0
18509.0
17859.0
16963.0
16208.0
15406.0
14676.0
