0.0
0.0
0.0
0.0
0.0
0.0
0.0
0.0
4.0
116.0
238.0
314.0
339.0
310.0
230.0
105.0
2.0
0.0
0.0
0.0
0.0
0.0
0.0
0.0
0.0
0.0
0.0
0.0
0.0
0.0
0.0
0.0
5.0
116.0
239.0
316.0
341.0
313.0
233.0
108.0
3.0
0.0
0.0
0.0
0.0
0.0
0.0
0.0
0.0
0.0
0.0
0.0
0.0
0.0
0.0
0.0
5.0
117.0
241.0
318.0
343.0
315.0
236.0
111.0
3.0
0.0
0.0
0.0
0.0
0.0
0.0
0.0
0.0
0.0
0.0
0.0
0.0
0.0
0.0
0.0
5.0
118.0
242.0
319.0
345.0
318.0
239.0
114.0
4.0
0.0
0.0
0.0
0.0
0.0
0.0
0.0
0.0
0.0
0.0
0.0
0.0
0.0
0.0
0.0
5.0
120.0
244.0
321.0
348.0
321.0
242.0
117.0
5.0
0.0
0.0
0.0
0.0
0.0
0.0
0.0
0.0
0.0
0.0
0.0
0.0
0.0
0.0
0.0
5.0
121.0
245.0
324.0
350.0
324.0
245.0
121.0
5.0
0.0
0.0
0.0
0.0
0.0
0.0
0.0
0.0
0.0
0.0
0.0
0.0
0.0
0.0
0.0
6.0
123.0
247.0
326.0
353.0
327.0
249.0
124.0
6.0
0.0
0.0
0.0
0.0
0.0
0.0
0.0
0.0
0.0
0.0
0.0
0.0
0.0
0.0
0.0
6.0
124.0
250.0
329.0
356.0
330.0
252.0
128.0
7.0
0.0
0.0
0.0
0.0
0.0
0.0
0.0
0.0
0.0
0.0
0.0
0.0
0.0
0.0
0.0
7.0
126.0
252.0
331.0
359.0
334.0
256.0
132.0
9.0
0.0
0.0
0.0
0.0
0.0
0.0
0.0
0.0
0.0
0.0
0.0
0.0
0.0
0.0
0.0
7.0
128.0
254.0
334.0
363.0
337.0
260.0
136.0
10.0
0.0
0.0
0.0
0.0
0.0
0.0
0.0
0.0
0.0
0.0
0.0
0.0
0.0
0.0
0.0
8.0
131.0
257.0
337.0
366.0
341.0
264.0
141.0
11.0
0.0
0.0
0.0
0.0
0.0
0.0
0.0
0.0
0.0
0.0
0.0
0.0
0.0
0.0
0.0
8.0
133.0
260.0
341.0
370.0
345.0
268.0
145.0
13.0
0.0
0.0
0.0
0.0
0.0
0.0
0.0
0.0
0.0
0.0
0.0
0.0
0.0
0.0
0.0
9.0
136.0
263.0
344.0
374.0
349.0
273.0
149.0
15.0
0.0
0.0
0.0
0.0
0.0
0.0
0.0
0.0
0.0
0.0
0.0
0.0
0.0
0.0
0.0
10.0
139.0
266.0
348.0
377.0
353.0
277.0
154.0
17.0
0.0
0.0
0.0
0.0
0.0
0.0
0.0
0.0
0.0
0.0
0.0
0.0
0.0
0.0
0.0
11.0
141.0
270.0
351.0
382.0
358.0
282.0
159.0
19.0
0.0
0.0
0.0
0.0
0.0
0.0
0.0
0.0
0.0
0.0
0.0
0.0
0.0
0.0
0.0
12.0
145.0
273.0
355.0
386.0
362.0
287.0
164.0
21.0
0.0
0.0
0.0
0.0
0.0
0.0
0.0
0.0
0.0
0.0
0.0
0.0
0.0
0.0
0.0
13.0
148.0
277.0
359.0
390.0
367.0
291.0
169.0
24.0
0.0
0.0
0.0
0.0
0.0
0.0
0.0
0.0
0.0
0.0
0.0
0.0
0.0
0.0
0.0
14.0
151.0
281.0
364.0
395.0
372.0
296.0
174.0
27.0
0.0
0.0
0.0
0.0
0.0
0.0
0.0
0.0
0.0
0.0
0.0
0.0
0.0
0.0
0.0
16.0
155.0
285.0
368.0
399.0
377.0
302.0
179.0
30.0
0.0
0.0
0.0
0.0
0.0
0.0
0.0
0.0
0.0
0.0
0.0
0.0
0.0
0.0
0.0
17.0
159.0
289.0
373.0
404.0
382.0
307.0
184.0
33.0
0.0
0.0
0.0
0.0
0.0
0.0
0.0
0.0
0.0
0.0
0.0
0.0
0.0
0.0
0.0
19.0
163.0
293.0
377.0
409.0
387.0
312.0
190.0
36.0
0.0
0.0
0.0
0.0
0.0
0.0
0.0
0.0
0.0
0.0
0.0
0.0
0.0
0.0
0.0
21.0
167.0
298.0
382.0
414.0
393.0
318.0
195.0
40.0
0.0
0.0
0.0
0.0
0.0
0.0
0.0
0.0
0.0
0.0
0.0
0.0
0.0
0.0
0.0
22.0
171.0
302.0
387.0
420.0
398.0
323.0
201.0
44.0
0.0
0.0
0.0
0.0
0.0
0.0
0.0
0.0
0.0
0.0
0.0
0.0
0.0
0.0
0.0
25.0
175.0
307.0
392.0
425.0
404.0
329.0
207.0
48.0
0.0
0.0
0.0
0.0
0.0
0.0
0.0
0.0
0.0
0.0
0.0
0.0
0.0
0.0
0.0
27.0
180.0
312.0
397.0
431.0
409.0
335.0
213.0
52.0
0.0
0.0
0.0
0.0
0.0
0.0
0.0
0.0
0.0
0.0
0.0
0.0
0.0
0.0
0.0
29.0
185.0
317.0
403.0
436.0
415.0
341.0
219.0
57.0
0.0
0.0
0.0
0.0
0.0
0.0
0.0
0.0
0.0
0.0
0.0
0.0
0.0
0.0
0.0
32.0
189.0
322.0
408.0
442.0
421.0
347.0
225.0
62.0
0.0
0.0
0.0
0.0
0.0
0.0
0.0
0.0
0.0
0.0
0.0
0.0
0.0
0.0
0.0
35.0
194.0
327.0
414.0
448.0
427.0
353.0
231.0
67.0
0.0
0.0
0.0
0.0
0.0
0.0
0.0
0.0
0.0
0.0
0.0
0.0
0.0
0.0
0.0
38.0
200.0
333.0
419.0
454.0
433.0
359.0
237.0
72.0
0.0
0.0
0.0
0.0
0.0
0.0
0.0
0.0
0.0
0.0
0.0
0.0
0.0
0.0
0.0
41.0
205.0
338.0
425.0
460.0
440.0
366.0
244.0
78.0
0.0
0.0
0.0
0.0
0.0
0.0
0.0
0.0
0.0
0.0
0.0
0.0
0.0
0.0
0.0
45.0
210.0
344.0
431.0
466.0
446.0
372.0
250.0
84.0
0.0
0.0
0.0
0.0
0.0
0.0
0.0
0.0
0.0
0.0
0.0
0.0
0.0
0.0
0.0
48.0
216.0
350.0
437.0
472.0
452.0
379.0
256.0
94.0
0.0
0.0
0.0
0.0
0.0
0.0
0.0
0.0
0.0
0.0
0.0
0.0
0.0
0.0
0.0
52.0
221.0
356.0
444.0
479.0
459.0
385.0
263.0
100.0
0.0
0.0
0.0
0.0
0.0
0.0
0.0
0.0
0.0
0.0
0.0
0.0
0.0
0.0
0.0
56.0
227.0
362.0
450.0
485.0
465.0
392.0
270.0
107.0
0.0
0.0
0.0
0.0
0.0
0.0
0.0
0.0
0.0
0.0
0.0
0.0
0.0
0.0
0.0
61.0
233.0
368.0
456.0
492.0
472.0
399.0
276.0
113.0
1.0
0.0
0.0
0.0
0.0
0.0
0.0
0.0
0.0
0.0
0.0
0.0
0.0
0.0
0.0
66.0
239.0
375.0
463.0
499.0
479.0
405.0
283.0
120.0
2.0
0.0
0.0
0.0
0.0
0.0
0.0
0.0
0.0
0.0
0.0
0.0
0.0
0.0
0.0
71.0
245.0
381.0
470.0
505.0
486.0
412.0
290.0
127.0
3.0
0.0
0.0
0.0
0.0
0.0
0.0
0.0
0.0
0.0
0.0
0.0
0.0
0.0
0.0
76.0
252.0
387.0
476.0
512.0
493.0
419.0
297.0
133.0
4.0
0.0
0.0
0.0
0.0
0.0
0.0
0.0
0.0
0.0
0.0
0.0
0.0
0.0
0.0
82.0
258.0
394.0
483.0
519.0
500.0
426.0
304.0
140.0
5.0
0.0
0.0
0.0
0.0
0.0
0.0
0.0
0.0
0.0
0.0
0.0
0.0
0.0
0.0
88.0
265.0
401.0
490.0
526.0
507.0
433.0
311.0
147.0
7.0
0.0
0.0
0.0
0.0
0.0
0.0
0.0
0.0
0.0
0.0
0.0
0.0
0.0
0.0
94.0
271.0
408.0
497.0
533.0
514.0
440.0
318.0
154.0
9.0
0.0
0.0
0.0
0.0
0.0
0.0
0.0
0.0
0.0
0.0
0.0
0.0
0.0
0.0
104.0
278.0
415.0
504.0
540.0
521.0
447.0
325.0
161.0
11.0
0.0
0.0
0.0
0.0
0.0
0.0
0.0
0.0
0.0
0.0
0.0
0.0
0.0
0.0
110.0
285.0
422.0
511.0
548.0
528.0
455.0
332.0
168.0
13.0
0.0
0.0
0.0
0.0
0.0
0.0
0.0
0.0
0.0
0.0
0.0
0.0
0.0
1.0
117.0
292.0
429.0
518.0
555.0
536.0
462.0
339.0
175.0
16.0
0.0
0.0
0.0
0.0
0.0
0.0
0.0
0.0
0.0
0.0
0.0
0.0
0.0
2.0
124.0
299.0
436.0
526.0
562.0
543.0
469.0
346.0
182.0
19.0
0.0
0.0
0.0
0.0
0.0
0.0
0.0
0.0
0.0
0.0
0.0
0.0
0.0
3.0
131.0
306.0
443.0
533.0
570.0
550.0
476.0
353.0
189.0
22.0
0.0
0.0
0.0
0.0
0.0
0.0
0.0
0.0
0.0
0.0
0.0
0.0
0.0
4.0
138.0
313.0
451.0
541.0
577.0
558.0
484.0
360.0
196.0
25.0
0.0
0.0
0.0
0.0
0.0
0.0
0.0
0.0
0.0
0.0
0.0
0.0
0.0
5.0
145.0
321.0
458.0
548.0
585.0
565.0
491.0
367.0
203.0
29.0
0.0
0.0
0.0
0.0
0.0
0.0
0.0
0.0
0.0
0.0
0.0
0.0
0.0
7.0
152.0
328.0
465.0
556.0
592.0
573.0
498.0
375.0
210.0
32.0
0.0
0.0
0.0
0.0
0.0
0.0
0.0
0.0
0.0
0.0
0.0
0.0
0.0
9.0
160.0
335.0
473.0
563.0
600.0
580.0
506.0
382.0
217.0
36.0
0.0
0.0
0.0
0.0
0.0
0.0
0.0
0.0
0.0
0.0
0.0
0.0
0.0
11.0
167.0
343.0
481.0
571.0
607.0
588.0
513.0
389.0
224.0
41.0
0.0
0.0
0.0
0.0
0.0
0.0
0.0
0.0
0.0
0.0
0.0
0.0
0.0
14.0
175.0
351.0
488.0
578.0
615.0
595.0
521.0
396.0
231.0
45.0
0.0
0.0
0.0
0.0
0.0
0.0
0.0
0.0
0.0
0.0
0.0
0.0
0.0
17.0
182.0
358.0
496.0
586.0
623.0
603.0
528.0
404.0
238.0
50.0
0.0
0.0
0.0
0.0
0.0
0.0
0.0
0.0
0.0
0.0
0.0
0.0
0.0
20.0
190.0
366.0
504.0
594.0
630.0
610.0
536.0
411.0
245.0
55.0
0.0
0.0
0.0
0.0
0.0
0.0
0.0
0.0
0.0
0.0
0.0
0.0
0.0
23.0
198.0
374.0
512.0
602.0
638.0
618.0
543.0
418.0
252.0
60.0
0.0
0.0
0.0
0.0
0.0
0.0
0.0
0.0
0.0
0.0
0.0
0.0
0.0
27.0
206.0
382.0
519.0
610.0
646.0
626.0
550.0
426.0
259.0
65.0
0.0
0.0
0.0
0.0
0.0
0.0
0.0
0.0
0.0
0.0
0.0
0.0
0.0
31.0
213.0
390.0
527.0
617.0
653.0
633.0
558.0
433.0
266.0
71.0
0.0
0.0
0.0
0.0
0.0
0.0
0.0
0.0
0.0
0.0
0.0
0.0
0.0
36.0
221.0
398.0
535.0
625.0
661.0
641.0
565.0
440.0
273.0
77.0
0.0
0.0
0.0
0.0
0.0
0.0
0.0
0.0
0.0
0.0
0.0
0.0
0.0
40.0
229.0
406.0
543.0
633.0
669.0
648.0
573.0
447.0
281.0
83.0
0.0
0.0
0.0
0.0
0.0
0.0
0.0
0.0
0.0
0.0
0.0
0.0
0.0
46.0
238.0
414.0
551.0
641.0
677.0
656.0
580.0
455.0
288.0
89.0
0.0
0.0
0.0
0.0
0.0
0.0
0.0
0.0
0.0
0.0
0.0
0.0
0.0
51.0
246.0
422.0
559.0
649.0
685.0
664.0
588.0
462.0
295.0
96.0
0.0
0.0
0.0
0.0
0.0
0.0
0.0
0.0
0.0
0.0
0.0
0.0
0.0
57.0
254.0
430.0
567.0
657.0
692.0
671.0
595.0
469.0
302.0
102.0
0.0
0.0
0.0
0.0
0.0
0.0
0.0
0.0
0.0
0.0
0.0
0.0
0.0
63.0
262.0
438.0
575.0
665.0
700.0
679.0
602.0
476.0
309.0
111.0
0.0
0.0
0.0
0.0
0.0
0.0
0.0
0.0
0.0
0.0
0.0
0.0
0.0
70.0
270.0
446.0
584.0
673.0
708.0
686.0
610.0
483.0
316.0
118.0
0.0
0.0
0.0
0.0
0.0
0.0
0.0
0.0
0.0
0.0
0.0
0.0
0.0
76.0
279.0
454.0
592.0
681.0
715.0
694.0
617.0
490.0
323.0
125.0
1.0
0.0
0.0
0.0
0.0
0.0
0.0
0.0
0.0
0.0
0.0
0.0
0.0
84.0
287.0
463.0
600.0
689.0
723.0
701.0
624.0
498.0
330.0
132.0
2.0
0.0
0.0
0.0
0.0
0.0
0.0
0.0
0.0
0.0
0.0
0.0
0.0
91.0
295.0
471.0
608.0
696.0
731.0
709.0
632.0
505.0
336.0
139.0
2.0
0.0
0.0
0.0
0.0
0.0
0.0
0.0
0.0
0.0
0.0
0.0
0.0
99.0
304.0
479.0
616.0
704.0
739.0
716.0
639.0
512.0
343.0
145.0
4.0
0.0
0.0
0.0
0.0
0.0
0.0
0.0
0.0
0.0
0.0
0.0
0.0
109.0
312.0
487.0
624.0
712.0
746.0
724.0
646.0
519.0
350.0
152.0
5.0
0.0
0.0
0.0
0.0
0.0
0.0
0.0
0.0
0.0
0.0
0.0
0.0
118.0
320.0
496.0
632.0
720.0
754.0
731.0
653.0
526.0
357.0
159.0
6.0
0.0
0.0
0.0
0.0
0.0
0.0
0.0
0.0
0.0
0.0
0.0
1.0
126.0
329.0
504.0
640.0
728.0
761.0
738.0
660.0
533.0
364.0
166.0
8.0
0.0
0.0
0.0
0.0
0.0
0.0
0.0
0.0
0.0
0.0
0.0
2.0
135.0
337.0
512.0
648.0
736.0
769.0
746.0
667.0
539.0
371.0
172.0
10.0
0.0
0.0
0.0
0.0
0.0
0.0
0.0
0.0
0.0
0.0
0.0
3.0
143.0
346.0
520.0
656.0
743.0
776.0
753.0
674.0
546.0
377.0
179.0
12.0
0.0
0.0
0.0
0.0
0.0
0.0
0.0
0.0
0.0
0.0
0.0
5.0
152.0
354.0
529.0
664.0
751.0
784.0
760.0
681.0
553.0
384.0
185.0
15.0
0.0
0.0
0.0
0.0
0.0
0.0
0.0
0.0
0.0
0.0
0.0
7.0
161.0
362.0
537.0
672.0
759.0
791.0
767.0
688.0
560.0
391.0
192.0
17.0
0.0
0.0
0.0
0.0
0.0
0.0
0.0
0.0
0.0
0.0
0.0
9.0
169.0
371.0
545.0
680.0
767.0
799.0
774.0
695.0
567.0
397.0
199.0
20.0
0.0
0.0
0.0
0.0
0.0
0.0
0.0
0.0
0.0
0.0
0.0
12.0
178.0
379.0
553.0
688.0
774.0
806.0
781.0
702.0
573.0
404.0
205.0
23.0
0.0
0.0
0.0
0.0
0.0
0.0
0.0
0.0
0.0
0.0
0.0
15.0
186.0
388.0
561.0
696.0
782.0
813.0
789.0
709.0
580.0
410.0
212.0
26.0
0.0
0.0
0.0
0.0
0.0
0.0
0.0
0.0
0.0
0.0
0.0
18.0
195.0
396.0
569.0
704.0
789.0
821.0
795.0
716.0
586.0
417.0
218.0
29.0
0.0
0.0
0.0
0.0
0.0
0.0
0.0
0.0
0.0
0.0
0.0
22.0
203.0
404.0
578.0
711.0
797.0
828.0
802.0
722.0
593.0
423.0
225.0
32.0
0.0
0.0
0.0
0.0
0.0
0.0
0.0
0.0
0.0
0.0
0.0
26.0
212.0
413.0
586.0
719.0
804.0
835.0
809.0
729.0
599.0
430.0
231.0
36.0
0.0
0.0
0.0
0.0
0.0
0.0
0.0
0.0
0.0
0.0
0.0
30.0
221.0
421.0
594.0
727.0
812.0
842.0
816.0
735.0
606.0
436.0
237.0
40.0
0.0
0.0
0.0
0.0
0.0
0.0
0.0
0.0
0.0
0.0
0.0
35.0
229.0
429.0
602.0
734.0
819.0
849.0
823.0
742.0
612.0
442.0
244.0
44.0
0.0
0.0
0.0
0.0
0.0
0.0
0.0
0.0
0.0
0.0
0.0
40.0
238.0
437.0
609.0
742.0
826.0
856.0
829.0
748.0
619.0
448.0
250.0
48.0
0.0
0.0
0.0
0.0
0.0
0.0
0.0
0.0
0.0
0.0
0.0
45.0
246.0
446.0
617.0
750.0
833.0
863.0
836.0
755.0
625.0
455.0
256.0
52.0
0.0
0.0
0.0
0.0
0.0
0.0
0.0
0.0
0.0
0.0
0.0
51.0
254.0
454.0
625.0
757.0
840.0
870.0
843.0
761.0
631.0
461.0
262.0
57.0
0.0
0.0
0.0
0.0
0.0
0.0
0.0
0.0
0.0
0.0
0.0
57.0
263.0
462.0
633.0
765.0
848.0
876.0
849.0
767.0
637.0
467.0
268.0
62.0
0.0
0.0
0.0
0.0
0.0
0.0
0.0
0.0
0.0
0.0
0.0
64.0
271.0
470.0
641.0
772.0
855.0
883.0
855.0
774.0
643.0
473.0
275.0
66.0
0.0
0.0
0.0
0.0
0.0
0.0
0.0
0.0
0.0
0.0
0.0
70.0
279.0
478.0
648.0
779.0
861.0
890.0
862.0
780.0
649.0
479.0
281.0
71.0
0.0
0.0
0.0
0.0
0.0
0.0
0.0
0.0
0.0
0.0
0.0
77.0
288.0
486.0
656.0
786.0
868.0
896.0
868.0
786.0
655.0
485.0
287.0
77.0
0.0
0.0
0.0
0.0
0.0
0.0
0.0
0.0
0.0
0.0
0.0
85.0
296.0
494.0
663.0
794.0
875.0
903.0
874.0
792.0
661.0
491.0
293.0
82.0
0.0
0.0
0.0
0.0
0.0
0.0
0.0
0.0
0.0
0.0
0.0
92.0
304.0
502.0
671.0
801.0
882.0
909.0
880.0
798.0
667.0
497.0
299.0
87.0
0.0
0.0
0.0
0.0
0.0
0.0
0.0
0.0
0.0
0.0
0.0
100.0
312.0
509.0
678.0
808.0
888.0
915.0
886.0
804.0
673.0
503.0
305.0
93.0
0.0
0.0
0.0
0.0
0.0
0.0
0.0
0.0
0.0
0.0
0.0
109.0
320.0
517.0
686.0
815.0
895.0
922.0
892.0
810.0
679.0
508.0
311.0
99.0
0.0
0.0
0.0
0.0
0.0
0.0
0.0
0.0
0.0
0.0
0.0
117.0
328.0
525.0
693.0
821.0
902.0
928.0
898.0
815.0
684.0
514.0
316.0
105.0
0.0
0.0
0.0
0.0
0.0
0.0
0.0
0.0
0.0
0.0
0.0
125.0
336.0
532.0
700.0
828.0
908.0
934.0
904.0
821.0
690.0
520.0
322.0
111.0
0.0
0.0
0.0
0.0
0.0
0.0
0.0
0.0
0.0
0.0
2.0
133.0
344.0
540.0
707.0
835.0
914.0
940.0
910.0
827.0
695.0
525.0
328.0
117.0
0.0
0.0
0.0
0.0
0.0
0.0
0.0
0.0
0.0
0.0
3.0
141.0
352.0
547.0
714.0
841.0
920.0
946.0
916.0
832.0
701.0
531.0
334.0
123.0
1.0
0.0
0.0
0.0
0.0
0.0
0.0
0.0
0.0
0.0
5.0
149.0
359.0
554.0
721.0
848.0
927.0
952.0
921.0
838.0
706.0
536.0
339.0
129.0
1.0
0.0
0.0
0.0
0.0
0.0
0.0
0.0
0.0
0.0
6.0
157.0
367.0
561.0
728.0
854.0
933.0
957.0
927.0
843.0
712.0
542.0
345.0
135.0
2.0
0.0
0.0
0.0
0.0
0.0
0.0
0.0
0.0
0.0
9.0
165.0
374.0
569.0
734.0
861.0
939.0
963.0
932.0
848.0
717.0
547.0
351.0
140.0
3.0
0.0
0.0
0.0
0.0
0.0
0.0
0.0
0.0
0.0
11.0
173.0
382.0
576.0
741.0
867.0
944.0
969.0
938.0
854.0
722.0
553.0
356.0
146.0
4.0
0.0
0.0
0.0
0.0
0.0
0.0
0.0
0.0
0.0
14.0
181.0
389.0
583.0
748.0
873.0
950.0
974.0
943.0
859.0
727.0
558.0
362.0
152.0
5.0
0.0
0.0
0.0
0.0
0.0
0.0
0.0
0.0
0.0
17.0
188.0
397.0
589.0
754.0
879.0
956.0
979.0
948.0
864.0
733.0
563.0
367.0
158.0
7.0
0.0
0.0
0.0
0.0
0.0
0.0
0.0
0.0
0.0
20.0
196.0
404.0
596.0
760.0
885.0
962.0
985.0
953.0
869.0
738.0
568.0
373.0
164.0
9.0
0.0
0.0
0.0
0.0
0.0
0.0
0.0
0.0
0.0
24.0
203.0
411.0
603.0
767.0
891.0
967.0
990.0
958.0
874.0
743.0
573.0
378.0
169.0
10.0
0.0
0.0
0.0
0.0
0.0
0.0
0.0
0.0
0.0
28.0
211.0
418.0
609.0
773.0
897.0
972.0
995.0
963.0
879.0
748.0
578.0
383.0
175.0
12.0
0.0
0.0
0.0
0.0
0.0
0.0
0.0
0.0
0.0
32.0
218.0
425.0
616.0
779.0
902.0
978.0
1000.0
968.0
884.0
752.0
584.0
388.0
181.0
14.0
0.0
0.0
0.0
0.0
0.0
0.0
0.0
0.0
0.0
36.0
225.0
431.0
622.0
785.0
908.0
983.0
1005.0
973.0
888.0
757.0
588.0
394.0
186.0
17.0
0.0
0.0
0.0
0.0
0.0
0.0
0.0
0.0
0.0
40.0
232.0
438.0
629.0
791.0
913.0
988.0
1010.0
978.0
893.0
762.0
593.0
399.0
192.0
19.0
0.0
0.0
0.0
0.0
0.0
0.0
0.0
0.0
0.0
45.0
239.0
445.0
635.0
796.0
919.0
993.0
1015.0
982.0
898.0
767.0
598.0
404.0
197.0
22.0
0.0
0.0
0.0
0.0
0.0
0.0
0.0
0.0
0.0
50.0
246.0
451.0
641.0
802.0
924.0
998.0
1020.0
987.0
902.0
771.0
603.0
409.0
202.0
25.0
0.0
0.0
0.0
0.0
0.0
0.0
0.0
0.0
0.0
55.0
253.0
458.0
647.0
808.0
929.0
1003.0
1024.0
991.0
907.0
776.0
608.0
414.0
208.0
27.0
0.0
0.0
0.0
0.0
0.0
0.0
0.0
0.0
0.0
60.0
260.0
464.0
653.0
813.0
934.0
1008.0
1029.0
996.0
911.0
780.0
612.0
419.0
213.0
31.0
0.0
0.0
0.0
0.0
0.0
0.0
0.0
0.0
0.0
66.0
266.0
470.0
658.0
818.0
939.0
1012.0
1033.0
1000.0
915.0
785.0
617.0
424.0
219.0
34.0
0.0
0.0
0.0
0.0
0.0
0.0
0.0
0.0
0.0
71.0
273.0
476.0
664.0
824.0
944.0
1017.0
1038.0
1004.0
920.0
789.0
622.0
429.0
224.0
37.0
0.0
0.0
0.0
0.0
0.0
0.0
0.0
0.0
0.0
77.0
279.0
482.0
669.0
829.0
949.0
1021.0
1042.0
1008.0
924.0
793.0
626.0
434.0
229.0
41.0
0.0
0.0
0.0
0.0
0.0
0.0
0.0
0.0
0.0
83.0
285.0
488.0
675.0
834.0
953.0
1026.0
1046.0
1013.0
928.0
798.0
631.0
439.0
234.0
44.0
0.0
0.0
0.0
0.0
0.0
0.0
0.0
0.0
0.0
89.0
291.0
493.0
680.0
839.0
958.0
1030.0
1050.0
1017.0
932.0
802.0
635.0
443.0
239.0
48.0
0.0
0.0
0.0
0.0
0.0
0.0
0.0
0.0
0.0
95.0
297.0
499.0
685.0
843.0
962.0
1034.0
1054.0
1020.0
936.0
806.0
639.0
448.0
244.0
52.0
0.0
0.0
0.0
0.0
0.0
0.0
0.0
0.0
0.0
100.0
303.0
504.0
690.0
848.0
967.0
1038.0
1058.0
1024.0
940.0
810.0
644.0
453.0
249.0
56.0
0.0
0.0
0.0
0.0
0.0
0.0
0.0
0.0
0.0
106.0
309.0
510.0
695.0
853.0
971.0
1042.0
1062.0
1028.0
944.0
814.0
648.0
457.0
254.0
60.0
0.0
0.0
0.0
0.0
0.0
0.0
0.0
0.0
0.0
112.0
314.0
515.0
700.0
857.0
975.0
1046.0
1065.0
1032.0
947.0
818.0
652.0
462.0
259.0
64.0
0.0
0.0
0.0
0.0
0.0
0.0
0.0
0.0
0.0
118.0
320.0
520.0
705.0
861.0
979.0
1050.0
1069.0
1035.0
951.0
822.0
656.0
466.0
264.0
68.0
0.0
0.0
0.0
0.0
0.0
0.0
0.0
0.0
0.0
124.0
325.0
525.0
709.0
865.0
983.0
1054.0
1073.0
1039.0
955.0
825.0
660.0
470.0
269.0
73.0
0.0
0.0
0.0
0.0
0.0
0.0
0.0
0.0
0.0
129.0
331.0
530.0
714.0
870.0
987.0
1057.0
1076.0
1042.0
958.0
829.0
664.0
475.0
273.0
77.0
0.0
0.0
0.0
0.0
0.0
0.0
0.0
0.0
0.0
135.0
336.0
535.0
718.0
874.0
990.0
1061.0
1079.0
1046.0
962.0
833.0
668.0
479.0
278.0
82.0
0.0
0.0
0.0
0.0
0.0
0.0
0.0
0.0
5.0
140.0
341.0
539.0
722.0
877.0
994.0
1064.0
1083.0
1049.0
965.0
836.0
672.0
483.0
283.0
86.0
0.0
0.0
0.0
0.0
0.0
0.0
0.0
0.0
7.0
145.0
346.0
544.0
726.0
881.0
997.0
1067.0
1086.0
1052.0
968.0
840.0
676.0
487.0
287.0
91.0
0.0
0.0
0.0
0.0
0.0
0.0
0.0
0.0
8.0
151.0
350.0
548.0
730.0
885.0
1001.0
1071.0
1089.0
1055.0
972.0
843.0
680.0
492.0
292.0
94.0
0.0
0.0
0.0
0.0
0.0
0.0
0.0
0.0
10.0
156.0
355.0
552.0
734.0
888.0
1004.0
1074.0
1092.0
1058.0
975.0
847.0
683.0
496.0
296.0
99.0
0.0
0.0
0.0
0.0
0.0
0.0
0.0
0.0
12.0
160.0
359.0
556.0
738.0
892.0
1007.0
1077.0
1095.0
1061.0
978.0
850.0
687.0
500.0
301.0
104.0
0.0
0.0
0.0
0.0
0.0
0.0
0.0
0.0
14.0
165.0
364.0
560.0
742.0
895.0
1010.0
1080.0
1098.0
1064.0
981.0
853.0
691.0
504.0
305.0
108.0
0.0
0.0
0.0
0.0
0.0
0.0
0.0
0.0
16.0
170.0
368.0
564.0
745.0
898.0
1013.0
1082.0
1101.0
1067.0
984.0
857.0
694.0
507.0
309.0
113.0
0.0
0.0
0.0
0.0
0.0
0.0
0.0
0.0
18.0
174.0
372.0
568.0
749.0
901.0
1016.0
1085.0
1103.0
1070.0
987.0
860.0
698.0
511.0
313.0
117.0
0.0
0.0
0.0
0.0
0.0
0.0
0.0
0.0
20.0
179.0
376.0
572.0
752.0
904.0
1019.0
1088.0
1106.0
1073.0
990.0
863.0
701.0
515.0
317.0
122.0
3.0
0.0
0.0
0.0
0.0
0.0
0.0
0.0
22.0
183.0
380.0
575.0
755.0
907.0
1022.0
1090.0
1109.0
1075.0
992.0
866.0
704.0
519.0
321.0
126.0
3.0
0.0
0.0
0.0
0.0
0.0
0.0
0.0
24.0
187.0
384.0
578.0
758.0
910.0
1024.0
1093.0
1111.0
1078.0
995.0
869.0
707.0
522.0
325.0
131.0
4.0
0.0
0.0
0.0
0.0
0.0
0.0
0.0
26.0
191.0
387.0
582.0
761.0
913.0
1027.0
1095.0
1113.0
1080.0
998.0
872.0
711.0
526.0
329.0
135.0
5.0
0.0
0.0
0.0
0.0
0.0
0.0
0.0
29.0
195.0
391.0
585.0
764.0
915.0
1029.0
1097.0
1116.0
1083.0
1000.0
874.0
714.0
529.0
333.0
139.0
7.0
0.0
0.0
0.0
0.0
0.0
0.0
0.0
31.0
198.0
394.0
588.0
766.0
918.0
1031.0
1100.0
1118.0
1085.0
1003.0
877.0
717.0
532.0
337.0
143.0
8.0
0.0
0.0
0.0
0.0
0.0
0.0
0.0
33.0
202.0
397.0
591.0
769.0
920.0
1034.0
1102.0
1120.0
1087.0
1005.0
880.0
720.0
536.0
340.0
147.0
9.0
0.0
0.0
0.0
0.0
0.0
0.0
0.0
36.0
205.0
400.0
593.0
771.0
922.0
1036.0
1104.0
1122.0
1089.0
1008.0
883.0
723.0
539.0
344.0
151.0
11.0
0.0
0.0
0.0
0.0
0.0
0.0
0.0
38.0
208.0
403.0
596.0
774.0
924.0
1038.0
1106.0
1124.0
1091.0
1010.0
885.0
726.0
542.0
347.0
155.0
12.0
0.0
0.0
0.0
0.0
0.0
0.0
0.0
40.0
211.0
406.0
598.0
776.0
926.0
1039.0
1108.0
1126.0
1093.0
1012.0
888.0
728.0
545.0
351.0
158.0
14.0
0.0
0.0
0.0
0.0
0.0
0.0
0.0
42.0
214.0
408.0
601.0
778.0
928.0
1041.0
1109.0
1128.0
1095.0
1014.0
890.0
731.0
548.0
354.0
162.0
15.0
0.0
0.0
0.0
0.0
0.0
0.0
0.0
45.0
217.0
411.0
603.0
780.0
930.0
1043.0
1111.0
1129.0
1097.0
1016.0
892.0
734.0
551.0
357.0
165.0
17.0
0.0
0.0
0.0
0.0
0.0
0.0
0.0
47.0
220.0
413.0
605.0
782.0
932.0
1045.0
1113.0
1131.0
1099.0
1018.0
894.0
736.0
554.0
361.0
169.0
18.0
0.0
0.0
0.0
0.0
0.0
0.0
0.0
49.0
222.0
416.0
607.0
784.0
933.0
1046.0
1114.0
1133.0
1101.0
1020.0
897.0
739.0
557.0
364.0
172.0
20.0
0.0
0.0
0.0
0.0
0.0
0.0
0.0
51.0
225.0
418.0
609.0
785.0
935.0
1048.0
1116.0
1134.0
1102.0
1022.0
899.0
741.0
560.0
367.0
175.0
22.0
0.0
0.0
0.0
0.0
0.0
0.0
0.0
53.0
227.0
420.0
611.0
787.0
936.0
1049.0
1117.0
1136.0
1104.0
1024.0
901.0
743.0
562.0
370.0
179.0
24.0
0.0
0.0
0.0
0.0
0.0
0.0
0.0
55.0
229.0
422.0
612.0
788.0
938.0
1050.0
1118.0
1137.0
1105.0
1026.0
903.0
746.0
565.0
372.0
182.0
25.0
0.0
0.0
0.0
0.0
0.0
0.0
0.0
56.0
231.0
423.0
614.0
790.0
939.0
1051.0
1119.0
1138.0
1107.0
1027.0
905.0
748.0
567.0
375.0
185.0
27.0
0.0
0.0
0.0
0.0
0.0
0.0
0.0
58.0
233.0
425.0
615.0
791.0
940.0
1052.0
1120.0
1139.0
1108.0
1029.0
907.0
750.0
570.0
378.0
187.0
29.0
0.0
0.0
0.0
0.0
0.0
0.0
0.0
60.0
235.0
426.0
616.0
792.0
941.0
1053.0
1121.0
1141.0
1110.0
1030.0
908.0
752.0
572.0
380.0
190.0
30.0
0.0
0.0
0.0
0.0
0.0
0.0
0.0
61.0
236.0
428.0
618.0
793.0
942.0
1054.0
1122.0
1142.0
1111.0
1032.0
910.0
754.0
574.0
383.0
193.0
32.0
0.0
0.0
0.0
0.0
0.0
0.0
0.0
63.0
238.0
429.0
619.0
794.0
943.0
1055.0
1123.0
1143.0
1112.0
1033.0
912.0
756.0
576.0
385.0
195.0
34.0
0.0
0.0
0.0
0.0
0.0
0.0
0.0
64.0
239.0
430.0
619.0
795.0
943.0
1056.0
1124.0
1144.0
1113.0
1034.0
913.0
758.0
578.0
387.0
198.0
35.0
0.0
0.0
0.0
0.0
0.0
0.0
0.0
65.0
240.0
431.0
620.0
795.0
944.0
1056.0
1125.0
1144.0
1114.0
1036.0
915.0
759.0
580.0
389.0
200.0
37.0
0.0
0.0
0.0
0.0
0.0
0.0
0.0
66.0
241.0
432.0
621.0
796.0
945.0
1057.0
1125.0
1145.0
1115.0
1037.0
916.0
761.0
582.0
391.0
202.0
39.0
0.0
0.0
0.0
0.0
0.0
0.0
0.0
67.0
242.0
433.0
622.0
796.0
945.0
1057.0
1126.0
1146.0
1116.0
1038.0
917.0
762.0
584.0
393.0
204.0
40.0
0.0
0.0
0.0
0.0
0.0
0.0
0.0
68.0
243.0
433.0
622.0
797.0
945.0
1058.0
1126.0
1147.0
1117.0
1039.0
919.0
764.0
585.0
395.0
206.0
42.0
0.0
0.0
0.0
0.0
0.0
0.0
0.0
69.0
244.0
434.0
622.0
797.0
946.0
1058.0
1127.0
1147.0
1117.0
1040.0
920.0
765.0
587.0
397.0
208.0
43.0
0.0
0.0
0.0
0.0
0.0
0.0
0.0
70.0
244.0
434.0
623.0
797.0
946.0
1058.0
1127.0
1148.0
1118.0
1041.0
921.0
767.0
589.0
399.0
210.0
44.0
0.0
0.0
0.0
0.0
0.0
0.0
0.0
70.0
244.0
434.0
623.0
797.0
946.0
1059.0
1127.0
1148.0
1119.0
1042.0
922.0
768.0
590.0
400.0
212.0
46.0
0.0
0.0
0.0
0.0
0.0
0.0
0.0
70.0
245.0
434.0
623.0
797.0
946.0
1059.0
1128.0
1148.0
1119.0
1042.0
923.0
769.0
591.0
402.0
213.0
47.0
0.0
0.0
0.0
0.0
0.0
0.0
0.0
71.0
245.0
434.0
623.0
797.0
946.0
1059.0
1128.0
1149.0
1120.0
1043.0
924.0
770.0
592.0
403.0
215.0
48.0
0.0
0.0
0.0
0.0
0.0
0.0
0.0
71.0
245.0
434.0
622.0
797.0
946.0
1059.0
1128.0
1149.0
1120.0
1044.0
925.0
771.0
594.0
404.0
216.0
49.0
0.0
0.0
0.0
0.0
0.0
0.0
0.0
71.0
245.0
434.0
622.0
797.0
945.0
1058.0
1128.0
1149.0
1120.0
1044.0
925.0
772.0
595.0
405.0
217.0
50.0
0.0
0.0
0.0
0.0
0.0
0.0
0.0
71.0
244.0
434.0
622.0
796.0
945.0
1058.0
1128.0
1149.0
1121.0
1045.0
926.0
773.0
595.0
406.0
218.0
50.0
0.0
0.0
0.0
0.0
0.0
0.0
0.0
70.0
244.0
433.0
621.0
796.0
945.0
1058.0
1128.0
1149.0
1121.0
1045.0
926.0
773.0
596.0
407.0
219.0
51.0
0.0
0.0
0.0
0.0
0.0
0.0
0.0
70.0
243.0
432.0
621.0
795.0
944.0
1058.0
1127.0
1149.0
1121.0
1045.0
927.0
774.0
597.0
408.0
220.0
52.0
0.0
0.0
0.0
0.0
0.0
0.0
0.0
69.0
243.0
432.0
620.0
795.0
944.0
1057.0
1127.0
1149.0
1121.0
1045.0
927.0
774.0
598.0
409.0
220.0
52.0
0.0
0.0
0.0
0.0
0.0
0.0
0.0
69.0
242.0
431.0
619.0
794.0
943.0
1057.0
1127.0
1149.0
1121.0
1046.0
928.0
775.0
598.0
409.0
221.0
53.0
0.0
0.0
0.0
0.0
0.0
0.0
0.0
68.0
241.0
430.0
618.0
793.0
942.0
1056.0
1126.0
1148.0
1121.0
1046.0
928.0
775.0
598.0
409.0
221.0
53.0
0.0
0.0
0.0
0.0
0.0
0.0
0.0
67.0
240.0
429.0
617.0
792.0
941.0
1055.0
1126.0
1148.0
1121.0
1046.0
928.0
775.0
599.0
410.0
222.0
53.0
0.0
0.0
0.0
0.0
0.0
0.0
0.0
66.0
239.0
428.0
616.0
791.0
941.0
1055.0
1125.0
1148.0
1121.0
1046.0
928.0
776.0
599.0
410.0
222.0
53.0
0.0
0.0
0.0
0.0
0.0
0.0
0.0
65.0
238.0
427.0
615.0
790.0
940.0
1054.0
1125.0
1147.0
1120.0
1045.0
928.0
776.0
599.0
410.0
222.0
53.0
0.0
0.0
0.0
0.0
0.0
0.0
0.0
64.0
236.0
425.0
614.0
789.0
939.0
1053.0
1124.0
1147.0
1120.0
1045.0
928.0
776.0
599.0
410.0
222.0
53.0
0.0
0.0
0.0
0.0
0.0
0.0
0.0
63.0
235.0
424.0
612.0
788.0
937.0
1052.0
1123.0
1146.0
1119.0
1045.0
928.0
775.0
599.0
410.0
221.0
53.0
0.0
0.0
0.0
0.0
0.0
0.0
0.0
61.0
233.0
422.0
611.0
786.0
936.0
1051.0
1122.0
1145.0
1119.0
1045.0
927.0
775.0
599.0
410.0
221.0
52.0
0.0
0.0
0.0
0.0
0.0
0.0
0.0
60.0
232.0
421.0
609.0
785.0
935.0
1050.0
1121.0
1145.0
1118.0
1044.0
927.0
775.0
598.0
409.0
220.0
52.0
0.0
0.0
0.0
0.0
0.0
0.0
0.0
58.0
230.0
419.0
608.0
783.0
934.0
1049.0
1120.0
1144.0
1118.0
1044.0
926.0
774.0
598.0
409.0
220.0
51.0
0.0
0.0
0.0
0.0
0.0
0.0
0.0
57.0
228.0
417.0
606.0
782.0
932.0
1047.0
1119.0
1143.0
1117.0
1043.0
926.0
774.0
597.0
408.0
219.0
50.0
0.0
0.0
0.0
0.0
0.0
0.0
0.0
55.0
226.0
415.0
604.0
780.0
931.0
1046.0
1118.0
1142.0
1116.0
1042.0
925.0
773.0
597.0
407.0
218.0
50.0
0.0
0.0
0.0
0.0
0.0
0.0
0.0
53.0
224.0
413.0
602.0
778.0
929.0
1045.0
1117.0
1141.0
1115.0
1041.0
924.0
772.0
596.0
406.0
217.0
49.0
0.0
0.0
0.0
0.0
0.0
0.0
0.0
51.0
221.0
411.0
600.0
776.0
928.0
1043.0
1116.0
1140.0
1114.0
1041.0
924.0
772.0
595.0
405.0
216.0
48.0
0.0
0.0
0.0
0.0
0.0
0.0
0.0
50.0
219.0
409.0
598.0
775.0
926.0
1042.0
1114.0
1139.0
1113.0
1040.0
923.0
771.0
594.0
404.0
215.0
47.0
0.0
0.0
0.0
0.0
0.0
0.0
0.0
48.0
217.0
406.0
596.0
773.0
924.0
1040.0
1113.0
1138.0
1112.0
1039.0
922.0
770.0
593.0
403.0
213.0
45.0
0.0
0.0
0.0
0.0
0.0
0.0
0.0
46.0
214.0
404.0
594.0
771.0
922.0
1039.0
1112.0
1136.0
1111.0
1037.0
921.0
768.0
591.0
401.0
212.0
44.0
0.0
0.0
0.0
0.0
0.0
0.0
0.0
44.0
211.0
401.0
591.0
768.0
920.0
1037.0
1110.0
1135.0
1110.0
1036.0
919.0
767.0
590.0
400.0
210.0
43.0
0.0
0.0
0.0
0.0
0.0
0.0
0.0
42.0
209.0
399.0
589.0
766.0
918.0
1035.0
1109.0
1134.0
1108.0
1035.0
918.0
766.0
589.0
398.0
208.0
41.0
0.0
0.0
0.0
0.0
0.0
0.0
0.0
39.0
206.0
396.0
587.0
764.0
916.0
1033.0
1107.0
1132.0
1107.0
1034.0
917.0
764.0
587.0
397.0
206.0
40.0
0.0
0.0
0.0
0.0
0.0
0.0
0.0
37.0
203.0
393.0
584.0
762.0
914.0
1032.0
1105.0
1131.0
1106.0
1032.0
915.0
763.0
585.0
395.0
204.0
38.0
0.0
0.0
0.0
0.0
0.0
0.0
0.0
35.0
200.0
391.0
581.0
759.0
912.0
1030.0
1103.0
1129.0
1104.0
1031.0
914.0
761.0
583.0
393.0
202.0
36.0
0.0
0.0
0.0
0.0
0.0
0.0
0.0
33.0
197.0
388.0
579.0
757.0
910.0
1028.0
1102.0
1127.0
1102.0
1029.0
912.0
759.0
581.0
390.0
199.0
35.0
0.0
0.0
0.0
0.0
0.0
0.0
0.0
31.0
193.0
385.0
576.0
754.0
908.0
1025.0
1100.0
1125.0
1101.0
1027.0
910.0
757.0
579.0
388.0
197.0
33.0
0.0
0.0
0.0
0.0
0.0
0.0
0.0
29.0
190.0
382.0
573.0
752.0
905.0
1023.0
1098.0
1124.0
1099.0
1025.0
908.0
755.0
577.0
386.0
194.0
31.0
0.0
0.0
0.0
0.0
0.0
0.0
0.0
27.0
187.0
378.0
570.0
749.0
903.0
1021.0
1096.0
1122.0
1097.0
1024.0
906.0
753.0
575.0
383.0
191.0
29.0
0.0
0.0
0.0
0.0
0.0
0.0
0.0
25.0
183.0
375.0
567.0
746.0
900.0
1019.0
1094.0
1120.0
1095.0
1022.0
904.0
751.0
572.0
380.0
188.0
28.0
0.0
0.0
0.0
0.0
0.0
0.0
0.0
23.0
180.0
372.0
564.0
744.0
898.0
1017.0
1091.0
1118.0
1093.0
1019.0
902.0
749.0
570.0
378.0
185.0
26.0
0.0
0.0
0.0
0.0
0.0
0.0
0.0
21.0
176.0
368.0
561.0
741.0
895.0
1014.0
1089.0
1115.0
1091.0
1017.0
900.0
746.0
567.0
375.0
182.0
24.0
0.0
0.0
0.0
0.0
0.0
0.0
0.0
19.0
172.0
365.0
558.0
738.0
893.0
1012.0
1087.0
1113.0
1089.0
1015.0
897.0
744.0
564.0
372.0
179.0
22.0
0.0
0.0
0.0
0.0
0.0
0.0
0.0
17.0
168.0
361.0
555.0
735.0
890.0
1009.0
1085.0
1111.0
1086.0
1013.0
895.0
741.0
561.0
368.0
175.0
20.0
0.0
0.0
0.0
0.0
0.0
0.0
0.0
15.0
165.0
358.0
551.0
732.0
887.0
1007.0
1082.0
1109.0
1084.0
1010.0
892.0
738.0
558.0
365.0
172.0
18.0
0.0
0.0
0.0
0.0
0.0
0.0
0.0
14.0
161.0
354.0
548.0
729.0
884.0
1004.0
1080.0
1106.0
1082.0
1008.0
890.0
735.0
555.0
362.0
168.0
17.0
0.0
0.0
0.0
0.0
0.0
0.0
0.0
12.0
157.0
350.0
544.0
726.0
881.0
1001.0
1077.0
1104.0
1079.0
1005.0
887.0
732.0
552.0
358.0
164.0
15.0
0.0
0.0
0.0
0.0
0.0
0.0
0.0
11.0
152.0
347.0
541.0
722.0
878.0
999.0
1074.0
1101.0
1076.0
1002.0
884.0
729.0
548.0
354.0
160.0
13.0
0.0
0.0
0.0
0.0
0.0
0.0
0.0
9.0
148.0
343.0
537.0
719.0
875.0
996.0
1072.0
1098.0
1074.0
1000.0
881.0
726.0
545.0
350.0
156.0
11.0
0.0
0.0
0.0
0.0
0.0
0.0
0.0
8.0
144.0
339.0
534.0
716.0
872.0
993.0
1069.0
1096.0
1071.0
997.0
878.0
722.0
541.0
346.0
151.0
10.0
0.0
0.0
0.0
0.0
0.0
0.0
0.0
6.0
140.0
335.0
530.0
712.0
869.0
990.0
1066.0
1093.0
1068.0
994.0
875.0
719.0
537.0
342.0
147.0
8.0
0.0
0.0
0.0
0.0
0.0
0.0
0.0
0.0
135.0
331.0
526.0
709.0
866.0
987.0
1063.0
1090.0
1065.0
991.0
871.0
715.0
534.0
338.0
142.0
7.0
0.0
0.0
0.0
0.0
0.0
0.0
0.0
0.0
131.0
327.0
523.0
705.0
863.0
984.0
1060.0
1087.0
1062.0
987.0
868.0
712.0
529.0
334.0
138.0
6.0
0.0
0.0
0.0
0.0
0.0
0.0
0.0
0.0
126.0
322.0
519.0
702.0
859.0
981.0
1057.0
1084.0
1059.0
984.0
864.0
708.0
525.0
329.0
133.0
4.0
0.0
0.0
0.0
0.0
0.0
0.0
0.0
0.0
122.0
318.0
515.0
698.0
856.0
977.0
1054.0
1081.0
1056.0
981.0
861.0
704.0
521.0
325.0
128.0
3.0
0.0
0.0
0.0
0.0
0.0
0.0
0.0
0.0
117.0
314.0
511.0
695.0
853.0
974.0
1051.0
1078.0
1052.0
977.0
857.0
700.0
517.0
320.0
123.0
2.0
0.0
0.0
0.0
0.0
0.0
0.0
0.0
0.0
112.0
310.0
507.0
691.0
849.0
971.0
1048.0
1074.0
1049.0
974.0
853.0
696.0
512.0
315.0
118.0
2.0
0.0
0.0
0.0
0.0
0.0
0.0
0.0
0.0
108.0
305.0
503.0
687.0
846.0
967.0
1044.0
1071.0
1046.0
970.0
849.0
691.0
508.0
310.0
112.0
0.0
0.0
0.0
0.0
0.0
0.0
0.0
0.0
0.0
103.0
301.0
499.0
683.0
842.0
964.0
1041.0
1067.0
1042.0
966.0
845.0
687.0
503.0
305.0
107.0
0.0
0.0
0.0
0.0
0.0
0.0
0.0
0.0
0.0
98.0
296.0
495.0
680.0
838.0
960.0
1037.0
1064.0
1038.0
962.0
841.0
682.0
498.0
300.0
101.0
0.0
0.0
0.0
0.0
0.0
0.0
0.0
0.0
0.0
95.0
292.0
490.0
676.0
835.0
957.0
1034.0
1060.0
1035.0
958.0
837.0
678.0
493.0
294.0
96.0
0.0
0.0
0.0
0.0
0.0
0.0
0.0
0.0
0.0
90.0
287.0
486.0
672.0
831.0
953.0
1030.0
1057.0
1031.0
954.0
832.0
673.0
488.0
289.0
92.0
0.0
0.0
0.0
0.0
0.0
0.0
0.0
0.0
0.0
85.0
283.0
482.0
668.0
827.0
950.0
1027.0
1053.0
1027.0
950.0
828.0
668.0
483.0
283.0
86.0
0.0
0.0
0.0
0.0
0.0
0.0
0.0
0.0
0.0
81.0
278.0
478.0
664.0
823.0
946.0
1023.0
1049.0
1023.0
946.0
823.0
663.0
477.0
278.0
80.0
0.0
0.0
0.0
0.0
0.0
0.0
0.0
0.0
0.0
76.0
273.0
473.0
659.0
819.0
942.0
1019.0
1045.0
1019.0
941.0
818.0
658.0
472.0
272.0
75.0
0.0
0.0
0.0
0.0
0.0
0.0
0.0
0.0
0.0
72.0
268.0
469.0
655.0
815.0
938.0
1015.0
1041.0
1014.0
937.0
814.0
653.0
466.0
266.0
70.0
0.0
0.0
0.0
0.0
0.0
0.0
0.0
0.0
0.0
67.0
264.0
464.0
651.0
811.0
934.0
1011.0
1037.0
1010.0
932.0
809.0
648.0
460.0
260.0
64.0
0.0
0.0
0.0
0.0
0.0
0.0
0.0
0.0
0.0
63.0
259.0
460.0
647.0
807.0
930.0
1007.0
1033.0
1006.0
928.0
804.0
642.0
455.0
253.0
59.0
0.0
0.0
0.0
0.0
0.0
0.0
0.0
0.0
0.0
59.0
254.0
455.0
642.0
803.0
926.0
1003.0
1029.0
1001.0
923.0
798.0
637.0
449.0
247.0
54.0
0.0
0.0
0.0
0.0
0.0
0.0
0.0
0.0
0.0
55.0
249.0
451.0
638.0
799.0
922.0
999.0
1024.0
997.0
918.0
793.0
631.0
443.0
241.0
49.0
0.0
0.0
0.0
0.0
0.0
0.0
0.0
0.0
0.0
51.0
244.0
446.0
634.0
795.0
918.0
995.0
1020.0
992.0
913.0
788.0
625.0
437.0
234.0
45.0
0.0
0.0
0.0
0.0
0.0
0.0
0.0
0.0
0.0
47.0
239.0
441.0
629.0
790.0
914.0
990.0
1016.0
987.0
908.0
782.0
620.0
430.0
228.0
40.0
0.0
0.0
0.0
0.0
0.0
0.0
0.0
0.0
0.0
44.0
234.0
436.0
625.0
786.0
909.0
986.0
1011.0
983.0
903.0
777.0
614.0
424.0
221.0
36.0
0.0
0.0
0.0
0.0
0.0
0.0
0.0
0.0
0.0
40.0
229.0
432.0
620.0
782.0
905.0
981.0
1006.0
978.0
897.0
771.0
608.0
418.0
214.0
32.0
0.0
0.0
0.0
0.0
0.0
0.0
0.0
0.0
0.0
37.0
224.0
427.0
616.0
777.0
900.0
977.0
1002.0
973.0
892.0
765.0
601.0
411.0
207.0
28.0
0.0
0.0
0.0
0.0
0.0
0.0
0.0
0.0
0.0
34.0
219.0
422.0
611.0
773.0
896.0
972.0
997.0
968.0
887.0
760.0
595.0
404.0
200.0
24.0
0.0
0.0
0.0
0.0
0.0
0.0
0.0
0.0
0.0
31.0
213.0
417.0
606.0
768.0
891.0
968.0
992.0
962.0
881.0
754.0
589.0
398.0
193.0
21.0
0.0
0.0
0.0
0.0
0.0
0.0
0.0
0.0
0.0
28.0
208.0
412.0
602.0
763.0
887.0
963.0
987.0
957.0
876.0
748.0
582.0
391.0
186.0
17.0
0.0
0.0
0.0
0.0
0.0
0.0
0.0
0.0
0.0
25.0
203.0
407.0
597.0
759.0
882.0
958.0
982.0
952.0
870.0
742.0
576.0
384.0
179.0
14.0
0.0
0.0
0.0
0.0
0.0
0.0
0.0
0.0
0.0
22.0
198.0
402.0
592.0
754.0
877.0
953.0
977.0
946.0
864.0
735.0
569.0
377.0
171.0
12.0
0.0
0.0
0.0
0.0
0.0
0.0
0.0
0.0
0.0
20.0
192.0
397.0
587.0
749.0
872.0
948.0
972.0
941.0
858.0
729.0
562.0
370.0
164.0
9.0
0.0
0.0
0.0
0.0
0.0
0.0
0.0
0.0
0.0
17.0
187.0
392.0
582.0
744.0
867.0
943.0
966.0
935.0
852.0
723.0
556.0
362.0
156.0
7.0
0.0
0.0
0.0
0.0
0.0
0.0
0.0
0.0
0.0
15.0
182.0
387.0
577.0
739.0
863.0
938.0
961.0
929.0
846.0
716.0
549.0
355.0
148.0
5.0
0.0
0.0
0.0
0.0
0.0
0.0
0.0
0.0
0.0
13.0
176.0
382.0
572.0
735.0
858.0
933.0
955.0
924.0
840.0
710.0
542.0
348.0
141.0
3.0
0.0
0.0
0.0
0.0
0.0
0.0
0.0
0.0
0.0
11.0
171.0
377.0
567.0
730.0
852.0
928.0
950.0
918.0
834.0
703.0
535.0
340.0
133.0
2.0
0.0
0.0
0.0
0.0
0.0
0.0
0.0
0.0
0.0
9.0
165.0
371.0
562.0
724.0
847.0
922.0
944.0
912.0
827.0
696.0
527.0
333.0
125.0
1.0
0.0
0.0
0.0
0.0
0.0
0.0
0.0
0.0
0.0
7.0
160.0
366.0
557.0
719.0
842.0
917.0
939.0
906.0
821.0
689.0
520.0
325.0
117.0
0.0
0.0
0.0
0.0
0.0
0.0
0.0
0.0
0.0
0.0
6.0
154.0
361.0
552.0
714.0
837.0
911.0
933.0
900.0
814.0
682.0
513.0
317.0
109.0
0.0
0.0
0.0
0.0
0.0
0.0
0.0
0.0
0.0
0.0
5.0
149.0
355.0
547.0
709.0
832.0
906.0
927.0
894.0
808.0
675.0
505.0
310.0
101.0
0.0
0.0
0.0
0.0
0.0
0.0
0.0
0.0
0.0
0.0
4.0
143.0
350.0
541.0
704.0
826.0
900.0
921.0
887.0
801.0
668.0
498.0
302.0
93.0
0.0
0.0
0.0
0.0
0.0
0.0
0.0
0.0
0.0
0.0
3.0
137.0
345.0
536.0
698.0
821.0
895.0
915.0
881.0
794.0
661.0
490.0
294.0
86.0
0.0
0.0
0.0
0.0
0.0
0.0
0.0
0.0
0.0
0.0
2.0
132.0
339.0
531.0
693.0
815.0
889.0
909.0
875.0
788.0
654.0
483.0
286.0
79.0
0.0
0.0
0.0
0.0
0.0
0.0
0.0
0.0
0.0
0.0
0.0
126.0
334.0
525.0
688.0
810.0
883.0
903.0
868.0
781.0
647.0
475.0
278.0
72.0
0.0
0.0
0.0
0.0
0.0
0.0
0.0
0.0
0.0
0.0
0.0
120.0
328.0
520.0
682.0
804.0
877.0
897.0
862.0
774.0
639.0
467.0
270.0
65.0
0.0
0.0
0.0
0.0
0.0
0.0
0.0
0.0
0.0
0.0
0.0
115.0
323.0
514.0
677.0
798.0
871.0
891.0
855.0
767.0
632.0
459.0
262.0
59.0
0.0
0.0
0.0
0.0
0.0
0.0
0.0
0.0
0.0
0.0
0.0
109.0
317.0
509.0
671.0
793.0
865.0
884.0
848.0
760.0
624.0
452.0
253.0
52.0
0.0
0.0
0.0
0.0
0.0
0.0
0.0
0.0
0.0
0.0
0.0
103.0
311.0
503.0
665.0
787.0
859.0
878.0
842.0
752.0
617.0
444.0
245.0
47.0
0.0
0.0
0.0
0.0
0.0
0.0
0.0
0.0
0.0
0.0
0.0
97.0
306.0
498.0
660.0
781.0
853.0
872.0
835.0
745.0
609.0
436.0
237.0
41.0
0.0
0.0
0.0
0.0
0.0
0.0
0.0
0.0
0.0
0.0
0.0
92.0
300.0
492.0
654.0
775.0
847.0
865.0
828.0
738.0
601.0
428.0
228.0
36.0
0.0
0.0
0.0
0.0
0.0
0.0
0.0
0.0
0.0
0.0
0.0
86.0
294.0
486.0
648.0
769.0
841.0
858.0
821.0
731.0
594.0
420.0
220.0
31.0
0.0
0.0
0.0
0.0
0.0
0.0
0.0
0.0
0.0
0.0
0.0
81.0
289.0
480.0
642.0
763.0
834.0
852.0
814.0
723.0
586.0
411.0
212.0
27.0
0.0
0.0
0.0
0.0
0.0
0.0
0.0
0.0
0.0
0.0
0.0
76.0
283.0
475.0
636.0
757.0
828.0
845.0
807.0
716.0
578.0
403.0
203.0
23.0
0.0
0.0
0.0
0.0
0.0
0.0
0.0
0.0
0.0
0.0
0.0
71.0
277.0
469.0
630.0
751.0
822.0
838.0
800.0
708.0
570.0
395.0
195.0
19.0
0.0
0.0
0.0
0.0
0.0
0.0
0.0
0.0
0.0
0.0
0.0
66.0
271.0
463.0
624.0
744.0
815.0
832.0
792.0
701.0
562.0
387.0
186.0
15.0
0.0
0.0
0.0
0.0
0.0
0.0
0.0
0.0
0.0
0.0
0.0
62.0
265.0
457.0
618.0
738.0
809.0
825.0
785.0
693.0
554.0
379.0
178.0
12.0
0.0
0.0
0.0
0.0
0.0
0.0
0.0
0.0
0.0
0.0
0.0
57.0
259.0
451.0
612.0
732.0
802.0
818.0
778.0
685.0
546.0
370.0
169.0
10.0
0.0
0.0
0.0
0.0
0.0
0.0
0.0
0.0
0.0
0.0
0.0
53.0
253.0
445.0
606.0
726.0
795.0
811.0
771.0
678.0
538.0
362.0
161.0
7.0
0.0
0.0
0.0
0.0
0.0
0.0
0.0
0.0
0.0
0.0
0.0
49.0
247.0
439.0
600.0
719.0
789.0
804.0
763.0
670.0
530.0
354.0
152.0
5.0
0.0
0.0
0.0
0.0
0.0
0.0
0.0
0.0
0.0
0.0
0.0
45.0
241.0
433.0
594.0
713.0
782.0
797.0
756.0
662.0
522.0
345.0
144.0
3.0
0.0
0.0
0.0
0.0
0.0
0.0
0.0
0.0
0.0
0.0
0.0
41.0
235.0
427.0
587.0
706.0
775.0
790.0
748.0
654.0
514.0
337.0
135.0
2.0
0.0
0.0
0.0
0.0
0.0
0.0
0.0
0.0
0.0
0.0
0.0
37.0
229.0
420.0
581.0
700.0
768.0
782.0
741.0
647.0
506.0
329.0
126.0
1.0
0.0
0.0
0.0
0.0
0.0
0.0
0.0
0.0
0.0
0.0
0.0
33.0
223.0
414.0
575.0
693.0
761.0
775.0
733.0
639.0
498.0
320.0
118.0
0.0
0.0
0.0
0.0
0.0
0.0
0.0
0.0
0.0
0.0
0.0
0.0
30.0
217.0
408.0
568.0
686.0
754.0
768.0
726.0
631.0
490.0
312.0
109.0
0.0
0.0
0.0
0.0
0.0
0.0
0.0
0.0
0.0
0.0
0.0
0.0
27.0
210.0
402.0
562.0
680.0
747.0
761.0
718.0
623.0
481.0
303.0
100.0
0.0
0.0
0.0
0.0
0.0
0.0
0.0
0.0
0.0
0.0
0.0
0.0
24.0
204.0
395.0
555.0
673.0
740.0
753.0
710.0
615.0
473.0
295.0
91.0
0.0
0.0
0.0
0.0
0.0
0.0
0.0
0.0
0.0
0.0
0.0
0.0
21.0
198.0
389.0
549.0
666.0
733.0
746.0
703.0
607.0
465.0
287.0
84.0
0.0
0.0
0.0
0.0
0.0
0.0
0.0
0.0
0.0
0.0
0.0
0.0
18.0
192.0
382.0
542.0
659.0
726.0
739.0
695.0
599.0
457.0
278.0
76.0
0.0
0.0
0.0
0.0
0.0
0.0
0.0
0.0
0.0
0.0
0.0
0.0
16.0
185.0
376.0
535.0
652.0
719.0
731.0
687.0
591.0
449.0
270.0
69.0
0.0
0.0
0.0
0.0
0.0
0.0
0.0
0.0
0.0
0.0
0.0
0.0
13.0
179.0
370.0
529.0
646.0
712.0
724.0
680.0
583.0
441.0
262.0
63.0
0.0
0.0
0.0
0.0
0.0
0.0
0.0
0.0
0.0
0.0
0.0
0.0
11.0
173.0
363.0
522.0
639.0
705.0
716.0
672.0
575.0
432.0
253.0
56.0
0.0
0.0
0.0
0.0
0.0
0.0
0.0
0.0
0.0
0.0
0.0
0.0
9.0
166.0
357.0
515.0
632.0
698.0
709.0
664.0
567.0
424.0
245.0
50.0
0.0
0.0
0.0
0.0
0.0
0.0
0.0
0.0
0.0
0.0
0.0
0.0
8.0
160.0
350.0
509.0
625.0
690.0
701.0
657.0
559.0
416.0
237.0
45.0
0.0
0.0
0.0
0.0
0.0
0.0
0.0
0.0
0.0
0.0
0.0
0.0
6.0
153.0
343.0
502.0
618.0
683.0
694.0
649.0
551.0
408.0
228.0
40.0
0.0
0.0
0.0
0.0
0.0
0.0
0.0
0.0
0.0
0.0
0.0
0.0
5.0
147.0
337.0
495.0
611.0
676.0
686.0
641.0
543.0
400.0
220.0
35.0
0.0
0.0
0.0
0.0
0.0
0.0
0.0
0.0
0.0
0.0
0.0
0.0
3.0
140.0
330.0
488.0
604.0
669.0
679.0
633.0
535.0
392.0
212.0
30.0
0.0
0.0
0.0
0.0
0.0
0.0
0.0
0.0
0.0
0.0
0.0
0.0
2.0
134.0
324.0
481.0
597.0
661.0
671.0
626.0
528.0
384.0
204.0
26.0
0.0
0.0
0.0
0.0
0.0
0.0
0.0
0.0
0.0
0.0
0.0
0.0
1.0
127.0
317.0
475.0
590.0
654.0
664.0
618.0
520.0
376.0
196.0
22.0
0.0
0.0
0.0
0.0
0.0
0.0
0.0
0.0
0.0
0.0
0.0
0.0
1.0
121.0
310.0
468.0
582.0
647.0
656.0
610.0
512.0
368.0
188.0
19.0
0.0
0.0
0.0
0.0
0.0
0.0
0.0
0.0
0.0
0.0
0.0
0.0
0.0
114.0
304.0
461.0
575.0
639.0
649.0
603.0
504.0
360.0
180.0
15.0
0.0
0.0
0.0
0.0
0.0
0.0
0.0
0.0
0.0
0.0
0.0
0.0
0.0
108.0
297.0
454.0
568.0
632.0
641.0
595.0
496.0
352.0
172.0
13.0
0.0
0.0
0.0
0.0
0.0
0.0
0.0
0.0
0.0
0.0
0.0
0.0
0.0
99.0
290.0
447.0
561.0
625.0
634.0
587.0
488.0
344.0
164.0
10.0
0.0
0.0
0.0
0.0
0.0
0.0
0.0
0.0
0.0
0.0
0.0
0.0
0.0
92.0
283.0
440.0
554.0
617.0
626.0
580.0
481.0
336.0
157.0
8.0
0.0
0.0
0.0
0.0
0.0
0.0
0.0
0.0
0.0
0.0
0.0
0.0
0.0
86.0
277.0
433.0
547.0
610.0
619.0
572.0
473.0
329.0
149.0
6.0
0.0
0.0
0.0
0.0
0.0
0.0
0.0
0.0
0.0
0.0
0.0
0.0
0.0
80.0
270.0
426.0
540.0
603.0
611.0
564.0
465.0
321.0
141.0
4.0
0.0
0.0
0.0
0.0
0.0
0.0
0.0
0.0
0.0
0.0
0.0
0.0
0.0
74.0
263.0
419.0
533.0
596.0
604.0
557.0
458.0
314.0
134.0
3.0
0.0
0.0
0.0
0.0
0.0
0.0
0.0
0.0
0.0
0.0
0.0
0.0
0.0
69.0
256.0
412.0
525.0
588.0
597.0
549.0
450.0
306.0
126.0
2.0
0.0
0.0
0.0
0.0
0.0
0.0
0.0
0.0
0.0
0.0
0.0
0.0
0.0
63.0
250.0
405.0
518.0
581.0
589.0
542.0
443.0
299.0
119.0
1.0
0.0
0.0
0.0
0.0
0.0
0.0
0.0
0.0
0.0
0.0
0.0
0.0
0.0
58.0
243.0
398.0
511.0
574.0
582.0
535.0
436.0
291.0
112.0
0.0
0.0
0.0
0.0
0.0
0.0
0.0
0.0
0.0
0.0
0.0
0.0
0.0
0.0
53.0
236.0
392.0
504.0
567.0
575.0
527.0
428.0
284.0
104.0
0.0
0.0
0.0
0.0
0.0
0.0
0.0
0.0
0.0
0.0
0.0
0.0
0.0
0.0
49.0
229.0
385.0
497.0
560.0
567.0
520.0
421.0
277.0
94.0
0.0
0.0
0.0
0.0
0.0
0.0
0.0
0.0
0.0
0.0
0.0
0.0
0.0
0.0
44.0
223.0
378.0
490.0
552.0
560.0
513.0
414.0
270.0
88.0
0.0
0.0
0.0
0.0
0.0
0.0
0.0
0.0
0.0
0.0
0.0
0.0
0.0
0.0
40.0
216.0
371.0
483.0
545.0
553.0
506.0
407.0
263.0
81.0
0.0
0.0
0.0
0.0
0.0
0.0
0.0
0.0
0.0
0.0
0.0
0.0
0.0
0.0
36.0
209.0
364.0
476.0
538.0
546.0
499.0
400.0
256.0
75.0
0.0
0.0
0.0
0.0
0.0
0.0
0.0
0.0
0.0
0.0
0.0
0.0
0.0
0.0
32.0
203.0
357.0
469.0
531.0
539.0
492.0
393.0
249.0
69.0
0.0
0.0
0.0
0.0
0.0
0.0
0.0
0.0
0.0
0.0
0.0
0.0
0.0
0.0
28.0
196.0
350.0
462.0
524.0
532.0
485.0
386.0
242.0
64.0
0.0
0.0
0.0
0.0
0.0
0.0
0.0
0.0
0.0
0.0
0.0
0.0
0.0
0.0
25.0
189.0
344.0
456.0
517.0
525.0
478.0
379.0
235.0
59.0
0.0
0.0
0.0
0.0
0.0
0.0
0.0
0.0
0.0
0.0
0.0
0.0
0.0
0.0
22.0
183.0
337.0
449.0
510.0
518.0
471.0
372.0
229.0
54.0
0.0
0.0
0.0
0.0
0.0
0.0
0.0
0.0
0.0
0.0
0.0
0.0
0.0
0.0
19.0
176.0
330.0
442.0
504.0
511.0
464.0
366.0
222.0
49.0
0.0
0.0
0.0
0.0
0.0
0.0
0.0
0.0
0.0
0.0
0.0
0.0
0.0
0.0
16.0
170.0
324.0
435.0
497.0
505.0
458.0
359.0
216.0
45.0
0.0
0.0
0.0
0.0
0.0
0.0
0.0
0.0
0.0
0.0
0.0
0.0
0.0
0.0
14.0
163.0
317.0
429.0
490.0
498.0
451.0
353.0
210.0
41.0
0.0
0.0
0.0
0.0
0.0
0.0
0.0
0.0
0.0
0.0
0.0
0.0
0.0
0.0
12.0
157.0
311.0
422.0
484.0
491.0
445.0
347.0
204.0
37.0
0.0
0.0
0.0
0.0
0.0
0.0
0.0
0.0
0.0
0.0
0.0
0.0
0.0
0.0
10.0
151.0
304.0
415.0
477.0
485.0
438.0
340.0
198.0
33.0
0.0
0.0
0.0
0.0
0.0
0.0
0.0
0.0
0.0
0.0
0.0
0.0
0.0
0.0
8.0
144.0
298.0
409.0
471.0
479.0
432.0
334.0
192.0
30.0
0.0
0.0
0.0
0.0
0.0
0.0
0.0
0.0
0.0
0.0
0.0
0.0
0.0
0.0
6.0
138.0
291.0
403.0
464.0
472.0
426.0
328.0
186.0
27.0
0.0
0.0
0.0
0.0
0.0
0.0
0.0
0.0
0.0
0.0
0.0
0.0
0.0
0.0
5.0
132.0
285.0
396.0
458.0
466.0
420.0
323.0
181.0
24.0
0.0
0.0
0.0
0.0
0.0
0.0
0.0
0.0
0.0
0.0
0.0
0.0
0.0
0.0
3.0
126.0
279.0
390.0
452.0
460.0
414.0
317.0
175.0
22.0
0.0
0.0
0.0
0.0
0.0
0.0
0.0
0.0
0.0
0.0
0.0
0.0
0.0
0.0
2.0
119.0
272.0
384.0
446.0
454.0
408.0
311.0
170.0
19.0
0.0
0.0
0.0
0.0
0.0
0.0
0.0
0.0
0.0
0.0
0.0
0.0
0.0
0.0
2.0
113.0
266.0
378.0
440.0
448.0
402.0
306.0
165.0
17.0
0.0
0.0
0.0
0.0
0.0
0.0
0.0
0.0
0.0
0.0
0.0
0.0
0.0
0.0
1.0
107.0
260.0
372.0
434.0
442.0
397.0
300.0
160.0
15.0
0.0
0.0
0.0
0.0
0.0
0.0
0.0
0.0
0.0
0.0
0.0
0.0
0.0
0.0
0.0
101.0
254.0
366.0
428.0
437.0
391.0
295.0
155.0
13.0
0.0
0.0
0.0
0.0
0.0
0.0
0.0
0.0
0.0
0.0
0.0
0.0
0.0
0.0
0.0
96.0
249.0
360.0
422.0
431.0
386.0
290.0
150.0
12.0
0.0
0.0
0.0
0.0
0.0
0.0
0.0
0.0
0.0
0.0
0.0
0.0
0.0
0.0
0.0
90.0
243.0
354.0
417.0
426.0
381.0
285.0
145.0
10.0
0.0
0.0
0.0
0.0
0.0
0.0
0.0
0.0
0.0
0.0
0.0
0.0
0.0
0.0
0.0
80.0
237.0
349.0
411.0
420.0
376.0
280.0
141.0
9.0
0.0
0.0
0.0
0.0
0.0
0.0
0.0
0.0
0.0
0.0
0.0
0.0
0.0
0.0
0.0
75.0
231.0
343.0
406.0
415.0
371.0
276.0
137.0
8.0
0.0
0.0
0.0
0.0
0.0
0.0
0.0
0.0
0.0
0.0
0.0
0.0
0.0
0.0
0.0
70.0
226.0
338.0
400.0
410.0
366.0
271.0
132.0
6.0
0.0
0.0
0.0
0.0
0.0
0.0
0.0
0.0
0.0
0.0
0.0
0.0
0.0
0.0
0.0
65.0
221.0
332.0
395.0
405.0
361.0
267.0
128.0
5.0
0.0
0.0
0.0
0.0
0.0
0.0
0.0
0.0
0.0
0.0
0.0
0.0
0.0
0.0
0.0
61.0
215.0
327.0
390.0
400.0
357.0
263.0
124.0
5.0
0.0
0.0
0.0
0.0
0.0
0.0
0.0
0.0
0.0
0.0
0.0
0.0
0.0
0.0
0.0
56.0
210.0
322.0
385.0
396.0
353.0
259.0
121.0
4.0
0.0
0.0
0.0
0.0
0.0
0.0
0.0
0.0
0.0
0.0
0.0
0.0
0.0
0.0
0.0
52.0
205.0
317.0
380.0
391.0
348.0
255.0
117.0
3.0
0.0
0.0
0.0
0.0
0.0
0.0
0.0
0.0
0.0
0.0
0.0
0.0
0.0
0.0
0.0
48.0
200.0
312.0
376.0
387.0
344.0
251.0
114.0
3.0
0.0
0.0
0.0
0.0
0.0
0.0
0.0
0.0
0.0
0.0
0.0
0.0
0.0
0.0
0.0
45.0
195.0
307.0
371.0
383.0
340.0
248.0
110.0
2.0
0.0
0.0
0.0
0.0
0.0
0.0
0.0
0.0
0.0
0.0
0.0
0.0
0.0
0.0
0.0
41.0
190.0
303.0
367.0
378.0
337.0
244.0
107.0
2.0
0.0
0.0
0.0
0.0
0.0
0.0
0.0
0.0
0.0
0.0
0.0
0.0
0.0
0.0
0.0
38.0
186.0
298.0
363.0
375.0
333.0
241.0
104.0
1.0
0.0
0.0
0.0
0.0
0.0
0.0
0.0
0.0
0.0
0.0
0.0
0.0
0.0
0.0
0.0
35.0
181.0
294.0
359.0
371.0
330.0
238.0
102.0
1.0
0.0
0.0
0.0
0.0
0.0
0.0
0.0
0.0
0.0
0.0
0.0
0.0
0.0
0.0
0.0
32.0
177.0
290.0
355.0
367.0
326.0
235.0
99.0
1.0
0.0
0.0
0.0
0.0
0.0
0.0
0.0
0.0
0.0
0.0
0.0
0.0
0.0
0.0
0.0
30.0
173.0
286.0
351.0
364.0
323.0
232.0
97.0
1.0
0.0
0.0
0.0
0.0
0.0
0.0
0.0
0.0
0.0
0.0
0.0
0.0
0.0
0.0
0.0
27.0
168.0
282.0
347.0
360.0
320.0
229.0
95.0
0.0
0.0
0.0
0.0
0.0
0.0
0.0
0.0
0.0
0.0
0.0
0.0
0.0
0.0
0.0
0.0
25.0
164.0
278.0
344.0
357.0
317.0
227.0
92.0
0.0
0.0
0.0
0.0
0.0
0.0
0.0
0.0
0.0
0.0
0.0
0.0
0.0
0.0
0.0
0.0
23.0
161.0
274.0
340.0
354.0
315.0
225.0
91.0
0.0
0.0
0.0
0.0
0.0
0.0
0.0
0.0
0.0
0.0
0.0
0.0
0.0
0.0
0.0
0.0
21.0
157.0
271.0
337.0
351.0
312.0
223.0
89.0
0.0
0.0
0.0
0.0
0.0
0.0
0.0
0.0
0.0
0.0
0.0
0.0
0.0
0.0
0.0
0.0
19.0
153.0
268.0
334.0
349.0
310.0
221.0
87.0
0.0
0.0
0.0
0.0
0.0
0.0
0.0
0.0
0.0
0.0
0.0
0.0
0.0
0.0
0.0
0.0
18.0
150.0
264.0
331.0
346.0
308.0
219.0
86.0
0.0
0.0
0.0
0.0
0.0
0.0
0.0
0.0
0.0
0.0
0.0
0.0
0.0
0.0
0.0
0.0
16.0
147.0
261.0
329.0
344.0
306.0
217.0
85.0
0.0
0.0
0.0
0.0
0.0
0.0
0.0
0.0
0.0
0.0
0.0
0.0
0.0
0.0
0.0
0.0
15.0
144.0
258.0
326.0
342.0
304.0
216.0
84.0
0.0
0.0
0.0
0.0
0.0
0.0
0.0
0.0
0.0
0.0
0.0
0.0
0.0
0.0
0.0
0.0
13.0
141.0
256.0
324.0
340.0
302.0
215.0
83.0
0.0
0.0
0.0
0.0
0.0
0.0
0.0
0.0
0.0
0.0
0.0
0.0
0.0
0.0
0.0
0.0
12.0
138.0
253.0
321.0
338.0
301.0
214.0
82.0
0.0
0.0
0.0
0.0
0.0
0.0
0.0
0.0
0.0
0.0
0.0
0.0
0.0
0.0
0.0
0.0
11.0
135.0
251.0
319.0
336.0
300.0
213.0
81.0
0.0
0.0
0.0
0.0
0.0
0.0
0.0
0.0
0.0
0.0
0.0
0.0
0.0
0.0
0.0
0.0
10.0
133.0
249.0
317.0
335.0
299.0
212.0
81.0
0.0
0.0
0.0
0.0
0.0
0.0
0.0
0.0
0.0
0.0
0.0
0.0
0.0
0.0
0.0
0.0
9.0
130.0
246.0
316.0
333.0
298.0
212.0
81.0
0.0
0.0
0.0
0.0
0.0
0.0
0.0
0.0
0.0
0.0
0.0
0.0
0.0
0.0
0.0
0.0
9.0
128.0
245.0
314.0
332.0
297.0
211.0
81.0
0.0
0.0
0.0
0.0
0.0
0.0
0.0
0.0
0.0
0.0
0.0
0.0
0.0
0.0
0.0
0.0
8.0
126.0
243.0
313.0
331.0
297.0
211.0
81.0
0.0
0.0
0.0
0.0
0.0
0.0
0.0
0.0
0.0
0.0
0.0
0.0
0.0
0.0
0.0
0.0
7.0
124.0
241.0
312.0
330.0
296.0
211.0
81.0
0.0
0.0
0.0
0.0
0.0
0.0
0.0
0.0
0.0
0.0
0.0
0.0
0.0
0.0
0.0
0.0
7.0
122.0
240.0
311.0
330.0
296.0
211.0
82.0
0.0
0.0
0.0
0.0
0.0
0.0
0.0
0.0
0.0
0.0
0.0
0.0
0.0
0.0
0.0
0.0
6.0
121.0
239.0
310.0
329.0
296.0
212.0
83.0
0.0
0.0
0.0
0.0
0.0
0.0
0.0
0.0
0.0
0.0
0.0
0.0
0.0
0.0
0.0
0.0
6.0
119.0
238.0
309.0
329.0
296.0
212.0
84.0
0.0
0.0
0.0
0.0
0.0
0.0
0.0
0.0
0.0
0.0
0.0
0.0
0.0
0.0
0.0
0.0
6.0
118.0
237.0
309.0
329.0
296.0
213.0
85.0
0.0
0.0
0.0
0.0
0.0
0.0
0.0
0.0
0.0
0.0
0.0
0.0
0.0
0.0
0.0
0.0
5.0
117.0
236.0
308.0
329.0
297.0
214.0
86.0
0.0
0.0
0.0
0.0
0.0
0.0
0.0
0.0
0.0
0.0
0.0
0.0
0.0
0.0
0.0
0.0
5.0
116.0
236.0
308.0
330.0
298.0
215.0
87.0
0.0
0.0
0.0
0.0
0.0
0.0
0.0
0.0
0.0
0.0
0.0
0.0
0.0
0.0
0.0
0.0
5.0
116.0
235.0
308.0
330.0
299.0
216.0
89.0
0.0
0.0
0.0
0.0
0.0
0.0
0.0
0.0
0.0
0.0
0.0
0.0
0.0
0.0
0.0
0.0
5.0
115.0
235.0
309.0
331.0
300.0
218.0
90.0
0.0
0.0
0.0
0.0
0.0
0.0
0.0
0.0
0.0
0.0
0.0
0.0
0.0
0.0
0.0
0.0
4.0
115.0
235.0
309.0
332.0
301.0
219.0
92.0
1.0
0.0
0.0
0.0
0.0
0.0
0.0
0.0
0.0
0.0
0.0
0.0
0.0
0.0
0.0
0.0
4.0
114.0
235.0
310.0
333.0
302.0
221.0
94.0
1.0
0.0
0.0
0.0
0.0
0.0
0.0
0.0
0.0
0.0
0.0
0.0
0.0
0.0
0.0
0.0
4.0
114.0
236.0
310.0
334.0
304.0
223.0
97.0
1.0
0.0
0.0
0.0
0.0
0.0
0.0
0.0
0.0
0.0
0.0
0.0
0.0
0.0
0.0
0.0
4.0
115.0
236.0
311.0
335.0
306.0
225.0
99.0
1.0
0.0
0.0
0.0
0.0
0.0
0.0
0.0
0.0
0.0
0.0
0.0
0.0
0.0
0.0
0.0
4.0
115.0
237.0
313.0
337.0
308.0
227.0
101.0
2.0
0.0
0.0
0.0
0.0
0.0
0.0
0.0
