0.0
0.0
0.0
0.0
0.0
0.0
0.0
0.0
0.0
12.0
26.0
39.0
48.0
41.0
27.0
11.0
0.0
0.0
0.0
0.0
0.0
0.0
0.0
0.0
0.0
0.0
0.0
0.0
0.0
0.0
0.0
0.0
0.0
27.0
19.0
62.0
112.0
92.0
149.0
31.0
0.0
0.0
0.0
0.0
0.0
0.0
0.0
0.0
0.0
0.0
0.0
0.0
0.0
0.0
0.0
0.0
0.0
68.0
142.0
162.0
105.0
92.0
73.0
29.0
1.0
0.0
0.0
0.0
0.0
0.0
0.0
0.0
0.0
0.0
0.0
0.0
0.0
0.0
0.0
0.0
1.0
36.0
81.0
161.0
134.0
49.0
60.0
31.0
0.0
0.0
0.0
0.0
0.0
0.0
0.0
0.0
0.0
0.0
0.0
0.0
0.0
0.0
0.0
0.0
0.0
15.0
38.0
47.0
52.0
43.0
30.0
12.0
0.0
0.0
0.0
0.0
0.0
0.0
0.0
0.0
0.0
0.0
0.0
0.0
0.0
0.0
0.0
0.0
0.0
52.0
115.0
159.0
172.0
161.0
103.0
45.0
0.0
0.0
0.0
0.0
0.0
0.0
0.0
0.0
0.0
0.0
0.0
0.0
0.0
0.0
0.0
0.0
0.0
5.0
12.0
18.0
23.0
160.0
120.0
54.0
1.0
0.0
0.0
0.0
0.0
0.0
0.0
0.0
0.0
0.0
0.0
0.0
0.0
0.0
0.0
0.0
0.0
11.0
17.0
28.0
28.0
133.0
78.0
41.0
1.0
0.0
0.0
0.0
0.0
0.0
0.0
0.0
0.0
0.0
0.0
0.0
0.0
0.0
0.0
0.0
0.0
45.0
102.0
142.0
161.0
152.0
110.0
50.0
1.0
0.0
0.0
0.0
0.0
0.0
0.0
0.0
0.0
0.0
0.0
0.0
0.0
0.0
0.0
0.0
1.0
56.0
127.0
185.0
204.0
179.0
126.0
58.0
1.0
0.0
0.0
0.0
0.0
0.0
0.0
0.0
0.0
0.0
0.0
0.0
0.0
0.0
0.0
0.0
0.0
65.0
148.0
214.0
235.0
212.0
150.0
67.0
1.0
0.0
0.0
0.0
0.0
0.0
0.0
0.0
0.0
0.0
0.0
0.0
0.0
0.0
0.0
0.0
0.0
21.0
54.0
68.0
76.0
61.0
40.0
25.0
1.0
0.0
0.0
0.0
0.0
0.0
0.0
0.0
0.0
0.0
0.0
0.0
0.0
0.0
0.0
0.0
0.0
16.0
43.0
51.0
59.0
56.0
41.0
19.0
1.0
0.0
0.0
0.0
0.0
0.0
0.0
0.0
0.0
0.0
0.0
0.0
0.0
0.0
0.0
0.0
1.0
39.0
83.0
144.0
141.0
117.0
93.0
47.0
1.0
0.0
0.0
0.0
0.0
0.0
0.0
0.0
0.0
0.0
0.0
0.0
0.0
0.0
0.0
0.0
1.0
26.0
59.0
87.0
96.0
87.0
64.0
30.0
1.0
0.0
0.0
0.0
0.0
0.0
0.0
0.0
0.0
0.0
0.0
0.0
0.0
0.0
0.0
0.0
1.0
9.0
21.0
29.0
34.0
32.0
25.0
12.0
1.0
0.0
0.0
0.0
0.0
0.0
0.0
0.0
0.0
0.0
0.0
0.0
0.0
0.0
0.0
0.0
1.0
48.0
104.0
150.0
174.0
170.0
128.0
64.0
3.0
0.0
0.0
0.0
0.0
0.0
0.0
0.0
0.0
0.0
0.0
0.0
0.0
0.0
0.0
0.0
1.0
42.0
90.0
134.0
143.0
147.0
109.0
60.0
3.0
0.0
0.0
0.0
0.0
0.0
0.0
0.0
0.0
0.0
0.0
0.0
0.0
0.0
0.0
0.0
1.0
49.0
109.0
142.0
157.0
139.0
92.0
49.0
1.0
0.0
0.0
0.0
0.0
0.0
0.0
0.0
0.0
0.0
0.0
0.0
0.0
0.0
0.0
0.0
1.0
7.0
38.0
115.0
117.0
150.0
131.0
83.0
6.0
0.0
0.0
0.0
0.0
0.0
0.0
0.0
0.0
0.0
0.0
0.0
0.0
0.0
0.0
0.0
1.0
30.0
54.0
82.0
96.0
92.0
62.0
33.0
2.0
0.0
0.0
0.0
0.0
0.0
0.0
0.0
0.0
0.0
0.0
0.0
0.0
0.0
0.0
0.0
1.0
19.0
40.0
57.0
68.0
63.0
41.0
22.0
2.0
0.0
0.0
0.0
0.0
0.0
0.0
0.0
0.0
0.0
0.0
0.0
0.0
0.0
0.0
0.0
1.0
21.0
44.0
53.0
63.0
60.0
48.0
23.0
2.0
0.0
0.0
0.0
0.0
0.0
0.0
0.0
0.0
0.0
0.0
0.0
0.0
0.0
0.0
0.0
1.0
51.0
100.0
152.0
168.0
193.0
148.0
91.0
6.0
0.0
0.0
0.0
0.0
0.0
0.0
0.0
0.0
0.0
0.0
0.0
0.0
0.0
0.0
0.0
1.0
46.0
93.0
122.0
137.0
128.0
94.0
51.0
3.0
0.0
0.0
0.0
0.0
0.0
0.0
0.0
0.0
0.0
0.0
0.0
0.0
0.0
0.0
0.0
1.0
48.0
92.0
120.0
137.0
132.0
92.0
53.0
4.0
0.0
0.0
0.0
0.0
0.0
0.0
0.0
0.0
0.0
0.0
0.0
0.0
0.0
0.0
0.0
1.0
35.0
96.0
104.0
94.0
194.0
178.0
128.0
22.0
0.0
0.0
0.0
0.0
0.0
0.0
0.0
0.0
0.0
0.0
0.0
0.0
0.0
0.0
0.0
5.0
31.0
17.0
32.0
163.0
171.0
170.0
120.0
29.0
0.0
0.0
0.0
0.0
0.0
0.0
0.0
0.0
0.0
0.0
0.0
0.0
0.0
0.0
0.0
3.0
58.0
115.0
134.0
127.0
126.0
82.0
39.0
3.0
0.0
0.0
0.0
0.0
0.0
0.0
0.0
0.0
0.0
0.0
0.0
0.0
0.0
0.0
0.0
2.0
54.0
94.0
130.0
189.0
193.0
147.0
112.0
20.0
0.0
0.0
0.0
0.0
0.0
0.0
0.0
0.0
0.0
0.0
0.0
0.0
0.0
0.0
0.0
5.0
69.0
127.0
183.0
197.0
188.0
128.0
69.0
4.0
0.0
0.0
0.0
0.0
0.0
0.0
0.0
0.0
0.0
0.0
0.0
0.0
0.0
0.0
0.0
2.0
61.0
116.0
143.0
166.0
157.0
121.0
64.0
25.0
0.0
0.0
0.0
0.0
0.0
0.0
0.0
0.0
0.0
0.0
0.0
0.0
0.0
0.0
0.0
2.0
69.0
130.0
163.0
179.0
188.0
167.0
93.0
25.0
0.0
0.0
0.0
0.0
0.0
0.0
0.0
0.0
0.0
0.0
0.0
0.0
0.0
0.0
0.0
6.0
80.0
144.0
206.0
240.0
228.0
172.0
126.0
52.0
0.0
0.0
0.0
0.0
0.0
0.0
0.0
0.0
0.0
0.0
0.0
0.0
0.0
0.0
0.0
2.0
30.0
56.0
74.0
76.0
69.0
59.0
46.0
16.0
0.0
0.0
0.0
0.0
0.0
0.0
0.0
0.0
0.0
0.0
0.0
0.0
0.0
0.0
0.0
14.0
90.0
135.0
182.0
202.0
145.0
208.0
144.0
62.0
1.0
0.0
0.0
0.0
0.0
0.0
0.0
0.0
0.0
0.0
0.0
0.0
0.0
0.0
0.0
5.0
11.0
44.0
103.0
230.0
209.0
283.0
97.0
40.0
1.0
0.0
0.0
0.0
0.0
0.0
0.0
0.0
0.0
0.0
0.0
0.0
0.0
0.0
0.0
7.0
80.0
167.0
229.0
241.0
243.0
213.0
169.0
57.0
1.0
0.0
0.0
0.0
0.0
0.0
0.0
0.0
0.0
0.0
0.0
0.0
0.0
0.0
0.0
5.0
31.0
54.0
74.0
88.0
83.0
72.0
41.0
17.0
0.0
0.0
0.0
0.0
0.0
0.0
0.0
0.0
0.0
0.0
0.0
0.0
0.0
0.0
0.0
18.0
126.0
218.0
275.0
304.0
293.0
238.0
154.0
61.0
0.0
0.0
0.0
0.0
0.0
0.0
0.0
0.0
0.0
0.0
0.0
0.0
0.0
0.0
0.0
21.0
143.0
234.0
306.0
336.0
309.0
252.0
162.0
68.0
0.0
0.0
0.0
0.0
0.0
0.0
0.0
0.0
0.0
0.0
0.0
0.0
0.0
0.0
0.0
43.0
127.0
220.0
295.0
316.0
304.0
217.0
160.0
69.0
1.0
0.0
0.0
0.0
0.0
0.0
0.0
0.0
0.0
0.0
0.0
0.0
0.0
0.0
0.0
28.0
79.0
127.0
174.0
186.0
178.0
153.0
97.0
44.0
1.0
0.0
0.0
0.0
0.0
0.0
0.0
0.0
0.0
0.0
0.0
0.0
0.0
0.0
0.0
5.0
14.0
22.0
31.0
35.0
31.0
27.0
18.0
8.0
1.0
0.0
0.0
0.0
0.0
0.0
0.0
0.0
0.0
0.0
0.0
0.0
0.0
0.0
0.0
8.0
22.0
31.0
40.0
39.0
38.0
33.0
25.0
11.0
1.0
0.0
0.0
0.0
0.0
0.0
0.0
0.0
0.0
0.0
0.0
0.0
0.0
0.0
0.0
14.0
42.0
59.0
92.0
88.0
88.0
72.0
55.0
30.0
1.0
0.0
0.0
0.0
0.0
0.0
0.0
0.0
0.0
0.0
0.0
0.0
0.0
0.0
0.0
13.0
43.0
65.0
54.0
34.0
250.0
219.0
146.0
66.0
1.0
0.0
0.0
0.0
0.0
0.0
0.0
0.0
0.0
0.0
0.0
0.0
0.0
0.0
0.0
28.0
128.0
217.0
226.0
221.0
221.0
285.0
39.0
58.0
5.0
0.0
0.0
0.0
0.0
0.0
0.0
0.0
0.0
0.0
0.0
0.0
0.0
0.0
0.0
45.0
105.0
163.0
185.0
200.0
179.0
166.0
102.0
43.0
2.0
0.0
0.0
0.0
0.0
0.0
0.0
0.0
0.0
0.0
0.0
0.0
0.0
0.0
0.0
17.0
58.0
71.0
88.0
108.0
125.0
97.0
65.0
31.0
2.0
0.0
0.0
0.0
0.0
0.0
0.0
0.0
0.0
0.0
0.0
0.0
0.0
0.0
0.0
18.0
44.0
67.0
83.0
84.0
77.0
67.0
48.0
26.0
2.0
0.0
0.0
0.0
0.0
0.0
0.0
0.0
0.0
0.0
0.0
0.0
0.0
0.0
1.0
82.0
202.0
322.0
383.0
411.0
387.0
313.0
248.0
126.0
7.0
0.0
0.0
0.0
0.0
0.0
0.0
0.0
0.0
0.0
0.0
0.0
0.0
0.0
2.0
90.0
197.0
296.0
385.0
434.0
422.0
358.0
254.0
130.0
9.0
0.0
0.0
0.0
0.0
0.0
0.0
0.0
0.0
0.0
0.0
0.0
0.0
0.0
1.0
86.0
187.0
312.0
387.0
434.0
372.0
332.0
225.0
123.0
9.0
0.0
0.0
0.0
0.0
0.0
0.0
0.0
0.0
0.0
0.0
0.0
0.0
0.0
4.0
99.0
222.0
329.0
402.0
443.0
405.0
333.0
238.0
137.0
11.0
0.0
0.0
0.0
0.0
0.0
0.0
0.0
0.0
0.0
0.0
0.0
0.0
0.0
1.0
10.0
19.0
27.0
36.0
42.0
275.0
232.0
166.0
92.0
9.0
0.0
0.0
0.0
0.0
0.0
0.0
0.0
0.0
0.0
0.0
0.0
0.0
0.0
2.0
13.0
28.0
82.0
142.0
105.0
339.0
254.0
190.0
77.0
3.0
0.0
0.0
0.0
0.0
0.0
0.0
0.0
0.0
0.0
0.0
0.0
0.0
0.0
1.0
9.0
24.0
42.0
47.0
53.0
312.0
267.0
198.0
100.0
11.0
0.0
0.0
0.0
0.0
0.0
0.0
0.0
0.0
0.0
0.0
0.0
0.0
0.0
2.0
63.0
131.0
177.0
241.0
245.0
208.0
201.0
126.0
68.0
3.0
0.0
0.0
0.0
0.0
0.0
0.0
0.0
0.0
0.0
0.0
0.0
0.0
0.0
10.0
124.0
231.0
290.0
239.0
319.0
449.0
361.0
280.0
123.0
11.0
0.0
0.0
0.0
0.0
0.0
0.0
0.0
0.0
0.0
0.0
0.0
0.0
0.0
7.0
128.0
215.0
342.0
393.0
436.0
451.0
360.0
268.0
126.0
7.0
0.0
0.0
0.0
0.0
0.0
0.0
0.0
0.0
0.0
0.0
0.0
0.0
0.0
8.0
60.0
141.0
154.0
210.0
324.0
333.0
292.0
155.0
80.0
4.0
0.0
0.0
0.0
0.0
0.0
0.0
0.0
0.0
0.0
0.0
0.0
0.0
0.0
2.0
53.0
109.0
150.0
173.0
187.0
188.0
146.0
95.0
47.0
20.0
0.0
0.0
0.0
0.0
0.0
0.0
0.0
0.0
0.0
0.0
0.0
0.0
0.0
16.0
133.0
211.0
285.0
200.0
249.0
160.0
96.0
75.0
33.0
5.0
0.0
0.0
0.0
0.0
0.0
0.0
0.0
0.0
0.0
0.0
0.0
0.0
0.0
3.0
52.0
84.0
143.0
176.0
216.0
225.0
201.0
141.0
80.0
29.0
0.0
0.0
0.0
0.0
0.0
0.0
0.0
0.0
0.0
0.0
0.0
0.0
0.0
3.0
69.0
137.0
177.0
212.0
267.0
268.0
217.0
191.0
102.0
34.0
0.0
0.0
0.0
0.0
0.0
0.0
0.0
0.0
0.0
0.0
0.0
0.0
0.0
4.0
51.0
118.0
173.0
200.0
281.0
265.0
208.0
189.0
127.0
52.0
0.0
0.0
0.0
0.0
0.0
0.0
0.0
0.0
0.0
0.0
0.0
0.0
0.0
25.0
181.0
324.0
436.0
510.0
544.0
532.0
461.0
355.0
217.0
80.0
0.0
0.0
0.0
0.0
0.0
0.0
0.0
0.0
0.0
0.0
0.0
0.0
0.0
57.0
206.0
340.0
386.0
414.0
380.0
354.0
253.0
161.0
52.0
9.0
0.0
0.0
0.0
0.0
0.0
0.0
0.0
0.0
0.0
0.0
0.0
0.0
0.0
48.0
173.0
291.0
382.0
442.0
489.0
443.0
437.0
321.0
189.0
89.0
1.0
0.0
0.0
0.0
0.0
0.0
0.0
0.0
0.0
0.0
0.0
0.0
0.0
5.0
16.0
27.0
36.0
44.0
46.0
45.0
37.0
29.0
18.0
7.0
0.0
0.0
0.0
0.0
0.0
0.0
0.0
0.0
0.0
0.0
0.0
0.0
0.0
16.0
17.0
43.0
63.0
217.0
104.0
227.0
310.0
218.0
147.0
60.0
1.0
0.0
0.0
0.0
0.0
0.0
0.0
0.0
0.0
0.0
0.0
0.0
0.0
35.0
94.0
90.0
107.0
268.0
258.0
125.0
152.0
164.0
131.0
68.0
3.0
0.0
0.0
0.0
0.0
0.0
0.0
0.0
0.0
0.0
0.0
0.0
0.0
23.0
90.0
82.0
109.0
120.0
199.0
170.0
161.0
166.0
109.0
35.0
2.0
0.0
0.0
0.0
0.0
0.0
0.0
0.0
0.0
0.0
0.0
0.0
0.0
14.0
39.0
63.0
98.0
111.0
120.0
106.0
95.0
65.0
40.0
16.0
1.0
0.0
0.0
0.0
0.0
0.0
0.0
0.0
0.0
0.0
0.0
0.0
0.0
10.0
24.0
40.0
57.0
67.0
68.0
61.0
54.0
42.0
29.0
11.0
1.0
0.0
0.0
0.0
0.0
0.0
0.0
0.0
0.0
0.0
0.0
0.0
0.0
58.0
150.0
237.0
337.0
397.0
395.0
370.0
342.0
262.0
178.0
80.0
2.0
0.0
0.0
0.0
0.0
0.0
0.0
0.0
0.0
0.0
0.0
0.0
1.0
87.0
226.0
344.0
457.0
527.0
572.0
530.0
461.0
360.0
231.0
106.0
4.0
0.0
0.0
0.0
0.0
0.0
0.0
0.0
0.0
0.0
0.0
0.0
1.0
45.0
105.0
175.0
240.0
266.0
279.0
282.0
262.0
212.0
137.0
59.0
2.0
0.0
0.0
0.0
0.0
0.0
0.0
0.0
0.0
0.0
0.0
0.0
3.0
95.0
223.0
352.0
431.0
509.0
527.0
561.0
463.0
368.0
209.0
96.0
3.0
0.0
0.0
0.0
0.0
0.0
0.0
0.0
0.0
0.0
0.0
0.0
1.0
20.0
40.0
59.0
77.0
95.0
103.0
103.0
86.0
65.0
46.0
23.0
1.0
0.0
0.0
0.0
0.0
0.0
0.0
0.0
0.0
0.0
0.0
0.0
4.0
111.0
245.0
390.0
475.0
569.0
576.0
534.0
475.0
376.0
245.0
116.0
6.0
0.0
0.0
0.0
0.0
0.0
0.0
0.0
0.0
0.0
0.0
0.0
1.0
31.0
69.0
107.0
142.0
169.0
177.0
166.0
144.0
113.0
75.0
35.0
2.0
0.0
0.0
0.0
0.0
0.0
0.0
0.0
0.0
0.0
0.0
0.0
4.0
112.0
259.0
372.0
471.0
548.0
551.0
526.0
463.0
389.0
278.0
130.0
7.0
0.0
0.0
0.0
0.0
0.0
0.0
0.0
0.0
0.0
0.0
0.0
6.0
109.0
225.0
345.0
403.0
443.0
490.0
455.0
399.0
307.0
223.0
106.0
2.0
0.0
0.0
0.0
0.0
0.0
0.0
0.0
0.0
0.0
0.0
0.0
4.0
81.0
176.0
247.0
379.0
402.0
420.0
392.0
341.0
282.0
213.0
91.0
2.0
0.0
0.0
0.0
0.0
0.0
0.0
0.0
0.0
0.0
0.0
0.0
6.0
72.0
138.0
203.0
269.0
304.0
299.0
265.0
223.0
181.0
110.0
58.0
2.0
0.0
0.0
0.0
0.0
0.0
0.0
0.0
0.0
0.0
0.0
0.0
2.0
12.0
24.0
35.0
45.0
51.0
53.0
405.0
358.0
279.0
193.0
96.0
8.0
0.0
0.0
0.0
0.0
0.0
0.0
0.0
0.0
0.0
0.0
0.0
7.0
64.0
137.0
183.0
249.0
261.0
276.0
251.0
233.0
184.0
124.0
53.0
3.0
0.0
0.0
0.0
0.0
0.0
0.0
0.0
0.0
0.0
0.0
0.0
3.0
31.0
56.0
87.0
116.0
130.0
164.0
165.0
153.0
124.0
116.0
58.0
9.0
0.0
0.0
0.0
0.0
0.0
0.0
0.0
0.0
0.0
0.0
0.0
22.0
151.0
301.0
438.0
588.0
520.0
511.0
546.0
357.0
292.0
225.0
98.0
11.0
0.0
0.0
0.0
0.0
0.0
0.0
0.0
0.0
0.0
0.0
0.0
4.0
111.0
189.0
413.0
539.0
580.0
474.0
409.0
357.0
375.0
286.0
160.0
27.0
0.0
0.0
0.0
0.0
0.0
0.0
0.0
0.0
0.0
0.0
0.0
4.0
16.0
47.0
154.0
335.0
608.0
581.0
573.0
488.0
298.0
285.0
106.0
9.0
0.0
0.0
0.0
0.0
0.0
0.0
0.0
0.0
0.0
0.0
0.0
45.0
150.0
274.0
407.0
509.0
555.0
589.0
629.0
585.0
469.0
319.0
180.0
26.0
0.0
0.0
0.0
0.0
0.0
0.0
0.0
0.0
0.0
0.0
0.0
17.0
15.0
59.0
179.0
267.0
431.0
526.0
555.0
412.0
368.0
268.0
200.0
13.0
0.0
0.0
0.0
0.0
0.0
0.0
0.0
0.0
0.0
0.0
0.0
52.0
207.0
355.0
526.0
475.0
545.0
517.0
499.0
367.0
277.0
95.0
72.0
10.0
0.0
0.0
0.0
0.0
0.0
0.0
0.0
0.0
0.0
0.0
0.0
63.0
190.0
335.0
475.0
587.0
659.0
680.0
640.0
576.0
469.0
336.0
188.0
59.0
0.0
0.0
0.0
0.0
0.0
0.0
0.0
0.0
0.0
0.0
0.0
19.0
49.0
83.0
96.0
135.0
146.0
144.0
154.0
157.0
128.0
83.0
44.0
12.0
0.0
0.0
0.0
0.0
0.0
0.0
0.0
0.0
0.0
0.0
0.0
12.0
34.0
58.0
73.0
94.0
102.0
103.0
98.0
91.0
71.0
54.0
28.0
10.0
0.0
0.0
0.0
0.0
0.0
0.0
0.0
0.0
0.0
0.0
0.0
18.0
49.0
93.0
149.0
187.0
197.0
188.0
171.0
146.0
109.0
77.0
38.0
6.0
0.0
0.0
0.0
0.0
0.0
0.0
0.0
0.0
0.0
0.0
0.0
7.0
18.0
188.0
433.0
658.0
635.0
443.0
485.0
182.0
42.0
30.0
17.0
6.0
0.0
0.0
0.0
0.0
0.0
0.0
0.0
0.0
0.0
0.0
1.0
42.0
67.0
329.0
48.0
194.0
198.0
693.0
698.0
488.0
479.0
108.0
95.0
6.0
0.0
0.0
0.0
0.0
0.0
0.0
0.0
0.0
0.0
0.0
1.0
22.0
64.0
138.0
181.0
171.0
188.0
173.0
171.0
163.0
151.0
96.0
52.0
7.0
0.0
0.0
0.0
0.0
0.0
0.0
0.0
0.0
0.0
0.0
1.0
66.0
164.0
268.0
378.0
447.0
491.0
522.0
523.0
439.0
368.0
269.0
157.0
54.0
0.0
0.0
0.0
0.0
0.0
0.0
0.0
0.0
0.0
0.0
1.0
8.0
20.0
78.0
489.0
539.0
452.0
513.0
143.0
250.0
381.0
204.0
59.0
7.0
0.0
0.0
0.0
0.0
0.0
0.0
0.0
0.0
0.0
0.0
1.0
54.0
96.0
233.0
198.0
178.0
143.0
192.0
279.0
308.0
168.0
78.0
49.0
31.0
0.0
0.0
0.0
0.0
0.0
0.0
0.0
0.0
0.0
0.0
1.0
20.0
47.0
69.0
107.0
149.0
162.0
146.0
195.0
194.0
168.0
116.0
70.0
24.0
1.0
0.0
0.0
0.0
0.0
0.0
0.0
0.0
0.0
0.0
2.0
60.0
139.0
205.0
270.0
333.0
361.0
338.0
334.0
280.0
201.0
161.0
92.0
38.0
1.0
0.0
0.0
0.0
0.0
0.0
0.0
0.0
0.0
0.0
2.0
56.0
127.0
214.0
255.0
337.0
361.0
324.0
333.0
302.0
264.0
165.0
105.0
34.0
1.0
0.0
0.0
0.0
0.0
0.0
0.0
0.0
0.0
0.0
6.0
10.0
189.0
112.0
47.0
56.0
103.0
160.0
293.0
469.0
558.0
452.0
260.0
88.0
7.0
0.0
0.0
0.0
0.0
0.0
0.0
0.0
0.0
0.0
4.0
96.0
212.0
325.0
434.0
516.0
546.0
553.0
526.0
512.0
395.0
311.0
177.0
74.0
1.0
0.0
0.0
0.0
0.0
0.0
0.0
0.0
0.0
0.0
8.0
127.0
279.0
435.0
576.0
683.0
754.0
777.0
746.0
673.0
553.0
405.0
248.0
101.0
3.0
0.0
0.0
0.0
0.0
0.0
0.0
0.0
0.0
0.0
2.0
36.0
50.0
49.0
47.0
121.0
165.0
285.0
463.0
542.0
460.0
388.0
260.0
117.0
15.0
0.0
0.0
0.0
0.0
0.0
0.0
0.0
0.0
0.0
11.0
133.0
284.0
440.0
575.0
685.0
742.0
763.0
729.0
659.0
538.0
399.0
244.0
102.0
3.0
0.0
0.0
0.0
0.0
0.0
0.0
0.0
0.0
0.0
17.0
161.0
291.0
402.0
555.0
794.0
539.0
533.0
533.0
466.0
372.0
281.0
150.0
64.0
4.0
0.0
0.0
0.0
0.0
0.0
0.0
0.0
0.0
0.0
12.0
69.0
160.0
262.0
316.0
325.0
305.0
279.0
290.0
241.0
245.0
174.0
86.0
43.0
1.0
0.0
0.0
0.0
0.0
0.0
0.0
0.0
0.0
0.0
7.0
78.0
176.0
266.0
335.0
408.0
434.0
447.0
400.0
377.0
342.0
229.0
137.0
56.0
2.0
0.0
0.0
0.0
0.0
0.0
0.0
0.0
0.0
0.0
10.0
99.0
195.0
295.0
363.0
461.0
484.0
506.0
465.0
440.0
391.0
272.0
158.0
63.0
2.0
0.0
0.0
0.0
0.0
0.0
0.0
0.0
0.0
0.0
10.0
91.0
183.0
287.0
386.0
446.0
469.0
440.0
469.0
435.0
333.0
230.0
142.0
54.0
2.0
0.0
0.0
0.0
0.0
0.0
0.0
0.0
0.0
0.0
22.0
166.0
323.0
482.0
623.0
728.0
795.0
812.0
782.0
700.0
589.0
443.0
283.0
130.0
9.0
0.0
0.0
0.0
0.0
0.0
0.0
0.0
0.0
0.0
45.0
156.0
301.0
460.0
580.0
684.0
740.0
727.0
692.0
635.0
532.0
393.0
239.0
103.0
5.0
0.0
0.0
0.0
0.0
0.0
0.0
0.0
0.0
0.0
22.0
80.0
162.0
218.0
286.0
329.0
353.0
368.0
348.0
308.0
257.0
206.0
112.0
46.0
2.0
0.0
0.0
0.0
0.0
0.0
0.0
0.0
0.0
0.0
56.0
186.0
348.0
509.0
652.0
758.0
819.0
840.0
811.0
732.0
618.0
470.0
305.0
147.0
13.0
0.0
0.0
0.0
0.0
0.0
0.0
0.0
0.0
0.0
42.0
135.0
267.0
368.0
449.0
587.0
674.0
673.0
666.0
617.0
484.0
359.0
257.0
146.0
12.0
0.0
0.0
0.0
0.0
0.0
0.0
0.0
0.0
0.0
5.0
18.0
51.0
61.0
160.0
222.0
313.0
284.0
305.0
442.0
429.0
334.0
252.0
166.0
30.0
0.0
0.0
0.0
0.0
0.0
0.0
0.0
0.0
0.0
18.0
66.0
134.0
262.0
451.0
338.0
193.0
307.0
378.0
611.0
282.0
147.0
27.0
50.0
4.0
0.0
0.0
0.0
0.0
0.0
0.0
0.0
0.0
0.0
58.0
175.0
314.0
450.0
574.0
659.0
687.0
710.0
687.0
625.0
515.0
399.0
272.0
134.0
15.0
0.0
0.0
0.0
0.0
0.0
0.0
0.0
0.0
1.0
69.0
181.0
295.0
525.0
667.0
437.0
562.0
522.0
293.0
386.0
377.0
42.0
186.0
38.0
3.0
0.0
0.0
0.0
0.0
0.0
0.0
0.0
0.0
0.0
11.0
31.0
57.0
82.0
103.0
111.0
123.0
137.0
132.0
114.0
100.0
84.0
54.0
26.0
4.0
0.0
0.0
0.0
0.0
0.0
0.0
0.0
0.0
1.0
66.0
178.0
321.0
472.0
579.0
672.0
724.0
738.0
720.0
652.0
552.0
418.0
248.0
131.0
35.0
0.0
0.0
0.0
0.0
0.0
0.0
0.0
0.0
0.0
48.0
150.0
274.0
396.0
530.0
603.0
656.0
659.0
648.0
594.0
499.0
375.0
257.0
139.0
43.0
0.0
0.0
0.0
0.0
0.0
0.0
0.0
0.0
1.0
80.0
222.0
393.0
566.0
739.0
815.0
494.0
503.0
456.0
380.0
323.0
251.0
172.0
94.0
29.0
0.0
0.0
0.0
0.0
0.0
0.0
0.0
0.0
1.0
65.0
183.0
327.0
482.0
597.0
707.0
777.0
731.0
663.0
599.0
517.0
380.0
262.0
142.0
43.0
0.0
0.0
0.0
0.0
0.0
0.0
0.0
0.0
3.0
56.0
29.0
211.0
41.0
88.0
266.0
547.0
422.0
498.0
485.0
534.0
410.0
323.0
190.0
59.0
1.0
0.0
0.0
0.0
0.0
0.0
0.0
0.0
1.0
13.0
29.0
52.0
73.0
96.0
111.0
120.0
117.0
111.0
104.0
87.0
76.0
50.0
29.0
9.0
0.0
0.0
0.0
0.0
0.0
0.0
0.0
0.0
1.0
37.0
109.0
201.0
301.0
418.0
540.0
629.0
623.0
583.0
494.0
450.0
412.0
300.0
173.0
64.0
1.0
0.0
0.0
0.0
0.0
0.0
0.0
0.0
1.0
32.0
85.0
148.0
209.0
257.0
283.0
301.0
336.0
303.0
274.0
222.0
167.0
123.0
73.0
23.0
0.0
0.0
0.0
0.0
0.0
0.0
0.0
0.0
2.0
76.0
186.0
332.0
470.0
588.0
705.0
739.0
734.0
689.0
626.0
573.0
464.0
317.0
191.0
61.0
1.0
0.0
0.0
0.0
0.0
0.0
0.0
0.0
1.0
60.0
147.0
293.0
409.0
473.0
473.0
508.0
559.0
498.0
468.0
513.0
413.0
319.0
186.0
75.0
2.0
0.0
0.0
0.0
0.0
0.0
0.0
0.0
9.0
61.0
21.0
35.0
48.0
59.0
175.0
755.0
603.0
349.0
782.0
750.0
590.0
358.0
134.0
42.0
2.0
0.0
0.0
0.0
0.0
0.0
0.0
0.0
6.0
113.0
250.0
414.0
609.0
725.0
773.0
474.0
404.0
227.0
298.0
244.0
236.0
226.0
161.0
80.0
2.0
0.0
0.0
0.0
0.0
0.0
0.0
0.0
1.0
14.0
110.0
109.0
67.0
174.0
217.0
211.0
400.0
334.0
612.0
570.0
521.0
253.0
204.0
24.0
0.0
0.0
0.0
0.0
0.0
0.0
0.0
0.0
2.0
51.0
109.0
188.0
273.0
336.0
434.0
506.0
448.0
404.0
392.0
343.0
258.0
166.0
90.0
37.0
0.0
0.0
0.0
0.0
0.0
0.0
0.0
0.0
5.0
86.0
115.0
321.0
295.0
305.0
469.0
436.0
346.0
481.0
148.0
56.0
44.0
31.0
18.0
7.0
1.0
0.0
0.0
0.0
0.0
0.0
0.0
0.0
3.0
59.0
109.0
134.0
214.0
255.0
435.0
410.0
454.0
462.0
569.0
601.0
541.0
421.0
228.0
72.0
3.0
0.0
0.0
0.0
0.0
0.0
0.0
0.0
9.0
136.0
303.0
415.0
641.0
814.0
721.0
786.0
803.0
705.0
380.0
135.0
45.0
32.0
19.0
10.0
1.0
0.0
0.0
0.0
0.0
0.0
0.0
0.0
4.0
37.0
81.0
38.0
119.0
81.0
109.0
210.0
271.0
325.0
393.0
329.0
302.0
270.0
189.0
85.0
4.0
0.0
0.0
0.0
0.0
0.0
0.0
0.0
7.0
87.0
195.0
340.0
453.0
546.0
623.0
666.0
687.0
691.0
599.0
479.0
388.0
292.0
176.0
64.0
1.0
0.0
0.0
0.0
0.0
0.0
0.0
0.0
6.0
96.0
223.0
362.0
506.0
631.0
723.0
761.0
773.0
742.0
700.0
579.0
454.0
313.0
186.0
68.0
1.0
0.0
0.0
0.0
0.0
0.0
0.0
0.0
5.0
55.0
116.0
219.0
268.0
376.0
426.0
395.0
404.0
285.0
237.0
128.0
82.0
62.0
18.0
10.0
1.0
0.0
0.0
0.0
0.0
0.0
0.0
0.0
10.0
132.0
285.0
471.0
609.0
751.0
849.0
477.0
459.0
463.0
420.0
366.0
279.0
206.0
103.0
40.0
1.0
0.0
0.0
0.0
0.0
0.0
0.0
0.0
7.0
76.0
81.0
54.0
234.0
112.0
115.0
512.0
599.0
570.0
576.0
733.0
409.0
181.0
18.0
7.0
1.0
0.0
0.0
0.0
0.0
0.0
0.0
0.0
3.0
41.0
64.0
77.0
102.0
126.0
179.0
241.0
273.0
196.0
185.0
198.0
154.0
98.0
57.0
24.0
2.0
0.0
0.0
0.0
0.0
0.0
0.0
0.0
5.0
54.0
147.0
243.0
318.0
369.0
340.0
424.0
337.0
263.0
179.0
163.0
61.0
33.0
39.0
12.0
1.0
0.0
0.0
0.0
0.0
0.0
0.0
0.0
10.0
119.0
271.0
464.0
644.0
728.0
863.0
468.0
389.0
366.0
340.0
271.0
221.0
140.0
62.0
15.0
1.0
0.0
0.0
0.0
0.0
0.0
0.0
0.0
2.0
15.0
31.0
49.0
70.0
89.0
100.0
107.0
108.0
108.0
109.0
93.0
67.0
49.0
29.0
11.0
1.0
0.0
0.0
0.0
0.0
0.0
0.0
0.0
3.0
31.0
66.0
106.0
144.0
178.0
205.0
226.0
230.0
221.0
205.0
179.0
142.0
102.0
62.0
26.0
1.0
0.0
0.0
0.0
0.0
0.0
0.0
0.0
4.0
48.0
97.0
152.0
219.0
259.0
284.0
318.0
319.0
339.0
311.0
264.0
214.0
150.0
96.0
36.0
1.0
0.0
0.0
0.0
0.0
0.0
0.0
0.0
13.0
128.0
267.0
423.0
571.0
700.0
795.0
852.0
865.0
835.0
765.0
662.0
528.0
384.0
231.0
102.0
6.0
0.0
0.0
0.0
0.0
0.0
0.0
0.0
13.0
131.0
282.0
428.0
564.0
596.0
636.0
653.0
657.0
614.0
563.0
514.0
409.0
290.0
163.0
69.0
2.0
0.0
0.0
0.0
0.0
0.0
0.0
0.0
4.0
39.0
79.0
126.0
174.0
209.0
227.0
245.0
253.0
241.0
223.0
191.0
148.0
102.0
64.0
28.0
2.0
0.0
0.0
0.0
0.0
0.0
0.0
0.0
11.0
102.0
197.0
320.0
470.0
578.0
662.0
756.0
789.0
737.0
707.0
607.0
471.0
350.0
210.0
102.0
9.0
0.0
0.0
0.0
0.0
0.0
0.0
0.0
11.0
109.0
237.0
380.0
497.0
611.0
698.0
738.0
744.0
750.0
665.0
525.0
409.0
292.0
160.0
69.0
2.0
0.0
0.0
0.0
0.0
0.0
0.0
0.0
13.0
111.0
236.0
369.0
492.0
592.0
660.0
762.0
761.0
755.0
669.0
579.0
491.0
360.0
216.0
95.0
7.0
0.0
0.0
0.0
0.0
0.0
0.0
0.0
15.0
136.0
291.0
456.0
562.0
673.0
700.0
456.0
457.0
514.0
491.0
425.0
422.0
318.0
210.0
96.0
14.0
0.0
0.0
0.0
0.0
0.0
0.0
0.0
16.0
95.0
168.0
357.0
525.0
427.0
573.0
651.0
625.0
696.0
630.0
385.0
320.0
302.0
194.0
111.0
11.0
0.0
0.0
0.0
0.0
0.0
0.0
0.0
7.0
42.0
114.0
35.0
91.0
241.0
419.0
453.0
393.0
409.0
255.0
427.0
418.0
263.0
140.0
32.0
10.0
0.0
0.0
0.0
0.0
0.0
0.0
0.0
6.0
95.0
199.0
321.0
358.0
382.0
474.0
593.0
736.0
841.0
676.0
509.0
422.0
358.0
255.0
89.0
9.0
0.0
0.0
0.0
0.0
0.0
0.0
0.0
3.0
28.0
61.0
95.0
132.0
162.0
188.0
200.0
204.0
197.0
180.0
152.0
123.0
90.0
54.0
24.0
2.0
0.0
0.0
0.0
0.0
0.0
0.0
0.0
4.0
42.0
69.0
35.0
103.0
219.0
169.0
323.0
348.0
333.0
282.0
243.0
181.0
133.0
91.0
51.0
4.0
0.0
0.0
0.0
0.0
0.0
0.0
0.0
4.0
40.0
88.0
139.0
192.0
233.0
266.0
278.0
291.0
282.0
252.0
219.0
179.0
131.0
81.0
31.0
2.0
0.0
0.0
0.0
0.0
0.0
0.0
0.0
3.0
140.0
186.0
279.0
198.0
373.0
887.0
338.0
375.0
92.0
479.0
748.0
387.0
209.0
223.0
125.0
21.0
0.0
0.0
0.0
0.0
0.0
0.0
0.0
14.0
116.0
232.0
370.0
516.0
669.0
777.0
803.0
791.0
753.0
682.0
569.0
450.0
315.0
197.0
92.0
7.0
0.0
0.0
0.0
0.0
0.0
0.0
0.0
12.0
110.0
232.0
367.0
509.0
636.0
714.0
758.0
780.0
744.0
709.0
650.0
542.0
409.0
247.0
108.0
11.0
0.0
0.0
0.0
0.0
0.0
0.0
0.0
2.0
37.0
78.0
145.0
199.0
247.0
303.0
311.0
322.0
295.0
276.0
260.0
220.0
164.0
96.0
48.0
4.0
0.0
0.0
0.0
0.0
0.0
0.0
0.0
7.0
61.0
119.0
186.0
251.0
310.0
349.0
380.0
364.0
371.0
350.0
293.0
223.0
144.0
82.0
32.0
2.0
0.0
0.0
0.0
0.0
0.0
0.0
0.0
3.0
20.0
43.0
77.0
104.0
114.0
135.0
139.0
133.0
139.0
127.0
113.0
89.0
70.0
41.0
21.0
2.0
0.0
0.0
0.0
0.0
0.0
0.0
0.0
12.0
111.0
224.0
424.0
511.0
547.0
591.0
679.0
754.0
684.0
592.0
554.0
387.0
276.0
169.0
66.0
10.0
0.0
0.0
0.0
0.0
0.0
0.0
0.0
10.0
113.0
229.0
353.0
478.0
631.0
711.0
750.0
763.0
723.0
665.0
578.0
451.0
345.0
221.0
112.0
13.0
0.0
0.0
0.0
0.0
0.0
0.0
0.0
14.0
98.0
241.0
388.0
457.0
469.0
506.0
612.0
618.0
567.0
615.0
487.0
484.0
435.0
270.0
108.0
9.0
0.0
0.0
0.0
0.0
0.0
0.0
0.0
2.0
16.0
56.0
138.0
89.0
93.0
188.0
532.0
595.0
595.0
504.0
422.0
386.0
326.0
238.0
128.0
19.0
0.0
0.0
0.0
0.0
0.0
0.0
0.0
2.0
73.0
132.0
190.0
297.0
291.0
290.0
369.0
430.0
437.0
378.0
325.0
241.0
149.0
103.0
37.0
2.0
0.0
0.0
0.0
0.0
0.0
0.0
0.0
4.0
59.0
111.0
180.0
263.0
322.0
384.0
369.0
402.0
418.0
384.0
329.0
255.0
203.0
113.0
50.0
2.0
0.0
0.0
0.0
0.0
0.0
0.0
0.0
10.0
125.0
282.0
444.0
592.0
705.0
791.0
393.0
418.0
379.0
366.0
308.0
244.0
178.0
112.0
55.0
6.0
0.0
0.0
0.0
0.0
0.0
0.0
0.0
2.0
14.0
30.0
49.0
64.0
74.0
84.0
95.0
96.0
89.0
78.0
71.0
55.0
43.0
29.0
12.0
2.0
0.0
0.0
0.0
0.0
0.0
0.0
0.0
3.0
37.0
80.0
121.0
169.0
221.0
259.0
271.0
274.0
260.0
248.0
216.0
170.0
127.0
74.0
33.0
2.0
0.0
0.0
0.0
0.0
0.0
0.0
0.0
2.0
51.0
139.0
255.0
342.0
478.0
624.0
626.0
731.0
654.0
642.0
614.0
529.0
391.0
248.0
123.0
14.0
0.0
0.0
0.0
0.0
0.0
0.0
0.0
5.0
59.0
164.0
244.0
301.0
399.0
416.0
469.0
487.0
374.0
212.0
170.0
113.0
34.0
49.0
20.0
2.0
0.0
0.0
0.0
0.0
0.0
0.0
0.0
2.0
39.0
90.0
149.0
252.0
295.0
325.0
358.0
372.0
368.0
335.0
284.0
223.0
160.0
103.0
48.0
4.0
0.0
0.0
0.0
0.0
0.0
0.0
0.0
3.0
44.0
110.0
171.0
248.0
331.0
371.0
369.0
380.0
348.0
311.0
252.0
186.0
129.0
73.0
33.0
2.0
0.0
0.0
0.0
0.0
0.0
0.0
0.0
7.0
103.0
229.0
375.0
521.0
656.0
751.0
812.0
837.0
817.0
752.0
662.0
540.0
395.0
246.0
113.0
9.0
0.0
0.0
0.0
0.0
0.0
0.0
0.0
6.0
105.0
236.0
386.0
535.0
660.0
758.0
821.0
841.0
820.0
759.0
661.0
529.0
383.0
235.0
103.0
6.0
0.0
0.0
0.0
0.0
0.0
0.0
0.0
6.0
101.0
233.0
378.0
523.0
648.0
748.0
811.0
820.0
799.0
733.0
639.0
509.0
362.0
216.0
95.0
4.0
0.0
0.0
0.0
0.0
0.0
0.0
0.0
6.0
106.0
244.0
403.0
557.0
692.0
800.0
867.0
893.0
876.0
814.0
707.0
573.0
420.0
260.0
116.0
8.0
0.0
0.0
0.0
0.0
0.0
0.0
0.0
5.0
100.0
234.0
389.0
540.0
674.0
774.0
841.0
862.0
836.0
772.0
669.0
537.0
385.0
233.0
100.0
5.0
0.0
0.0
0.0
0.0
0.0
0.0
0.0
4.0
92.0
214.0
364.0
507.0
631.0
721.0
786.0
815.0
795.0
734.0
637.0
522.0
376.0
233.0
103.0
7.0
0.0
0.0
0.0
0.0
0.0
0.0
0.0
3.0
73.0
196.0
323.0
428.0
512.0
666.0
599.0
654.0
688.0
547.0
474.0
293.0
248.0
166.0
97.0
5.0
0.0
0.0
0.0
0.0
0.0
0.0
0.0
3.0
76.0
187.0
311.0
431.0
528.0
588.0
648.0
661.0
647.0
587.0
494.0
412.0
277.0
162.0
67.0
1.0
0.0
0.0
0.0
0.0
0.0
0.0
0.0
1.0
32.0
83.0
141.0
222.0
282.0
325.0
356.0
359.0
318.0
298.0
255.0
189.0
125.0
62.0
25.0
1.0
0.0
0.0
0.0
0.0
0.0
0.0
0.0
3.0
62.0
138.0
183.0
224.0
279.0
361.0
503.0
524.0
532.0
534.0
443.0
307.0
267.0
208.0
98.0
8.0
0.0
0.0
0.0
0.0
0.0
0.0
0.0
3.0
79.0
206.0
340.0
477.0
588.0
680.0
730.0
723.0
726.0
677.0
592.0
466.0
334.0
189.0
80.0
3.0
0.0
0.0
0.0
0.0
0.0
0.0
0.0
2.0
96.0
247.0
402.0
592.0
654.0
779.0
334.0
428.0
450.0
395.0
301.0
245.0
129.0
54.0
21.0
1.0
0.0
0.0
0.0
0.0
0.0
0.0
0.0
1.0
36.0
76.0
77.0
86.0
193.0
162.0
241.0
312.0
311.0
298.0
275.0
195.0
111.0
51.0
32.0
1.0
0.0
0.0
0.0
0.0
0.0
0.0
0.0
1.0
31.0
80.0
135.0
205.0
268.0
292.0
298.0
294.0
293.0
283.0
244.0
184.0
140.0
81.0
31.0
1.0
0.0
0.0
0.0
0.0
0.0
0.0
0.0
1.0
35.0
95.0
171.0
243.0
304.0
331.0
368.0
386.0
399.0
358.0
308.0
249.0
154.0
77.0
30.0
1.0
0.0
0.0
0.0
0.0
0.0
0.0
0.0
1.0
30.0
73.0
127.0
185.0
249.0
290.0
317.0
314.0
315.0
298.0
250.0
202.0
139.0
75.0
27.0
1.0
0.0
0.0
0.0
0.0
0.0
0.0
0.0
1.0
24.0
44.0
62.0
140.0
195.0
226.0
182.0
259.0
274.0
251.0
156.0
98.0
80.0
62.0
28.0
1.0
0.0
0.0
0.0
0.0
0.0
0.0
0.0
1.0
72.0
200.0
356.0
504.0
641.0
747.0
810.0
828.0
800.0
737.0
629.0
497.0
346.0
194.0
73.0
1.0
0.0
0.0
0.0
0.0
0.0
0.0
0.0
0.0
38.0
82.0
153.0
225.0
224.0
321.0
383.0
410.0
424.0
411.0
404.0
341.0
339.0
228.0
85.0
4.0
0.0
0.0
0.0
0.0
0.0
0.0
0.0
0.0
56.0
218.0
265.0
408.0
493.0
511.0
562.0
587.0
487.0
370.0
256.0
154.0
93.0
17.0
6.0
0.0
0.0
0.0
0.0
0.0
0.0
0.0
0.0
0.0
18.0
50.0
88.0
126.0
173.0
182.0
189.0
189.0
171.0
177.0
158.0
117.0
106.0
63.0
23.0
0.0
0.0
0.0
0.0
0.0
0.0
0.0
0.0
0.0
7.0
24.0
40.0
74.0
91.0
115.0
141.0
144.0
159.0
166.0
134.0
108.0
69.0
46.0
13.0
0.0
0.0
0.0
0.0
0.0
0.0
0.0
0.0
0.0
5.0
15.0
28.0
40.0
51.0
297.0
226.0
401.0
319.0
539.0
574.0
416.0
388.0
217.0
70.0
2.0
0.0
0.0
0.0
0.0
0.0
0.0
0.0
0.0
43.0
194.0
304.0
547.0
565.0
601.0
461.0
493.0
505.0
355.0
54.0
43.0
29.0
16.0
6.0
0.0
0.0
0.0
0.0
0.0
0.0
0.0
0.0
0.0
56.0
175.0
323.0
473.0
606.0
709.0
773.0
794.0
772.0
708.0
607.0
476.0
328.0
180.0
60.0
0.0
0.0
0.0
0.0
0.0
0.0
0.0
0.0
0.0
63.0
149.0
125.0
205.0
198.0
332.0
268.0
705.0
650.0
121.0
178.0
498.0
185.0
182.0
31.0
0.0
0.0
0.0
0.0
0.0
0.0
0.0
0.0
0.0
34.0
87.0
124.0
176.0
259.0
411.0
362.0
453.0
341.0
444.0
329.0
203.0
85.0
15.0
18.0
0.0
0.0
0.0
0.0
0.0
0.0
0.0
0.0
0.0
27.0
47.0
50.0
245.0
256.0
583.0
493.0
138.0
172.0
347.0
335.0
258.0
304.0
197.0
33.0
0.0
0.0
0.0
0.0
0.0
0.0
0.0
0.0
0.0
22.0
88.0
142.0
236.0
303.0
346.0
366.0
413.0
317.0
273.0
265.0
215.0
119.0
48.0
4.0
0.0
0.0
0.0
0.0
0.0
0.0
0.0
0.0
0.0
36.0
119.0
246.0
405.0
557.0
668.0
744.0
664.0
655.0
609.0
527.0
357.0
211.0
113.0
34.0
0.0
0.0
0.0
0.0
0.0
0.0
0.0
0.0
0.0
21.0
139.0
311.0
433.0
571.0
619.0
668.0
688.0
631.0
606.0
538.0
411.0
286.0
141.0
38.0
0.0
0.0
0.0
0.0
0.0
0.0
0.0
0.0
0.0
3.0
17.0
33.0
52.0
72.0
85.0
94.0
92.0
96.0
95.0
76.0
57.0
37.0
19.0
4.0
0.0
0.0
0.0
0.0
0.0
0.0
0.0
0.0
0.0
3.0
23.0
44.0
69.0
87.0
101.0
120.0
121.0
111.0
100.0
84.0
69.0
48.0
24.0
3.0
0.0
0.0
0.0
0.0
0.0
0.0
0.0
0.0
0.0
4.0
34.0
64.0
96.0
124.0
151.0
174.0
171.0
158.0
148.0
123.0
94.0
58.0
31.0
3.0
0.0
0.0
0.0
0.0
0.0
0.0
0.0
0.0
0.0
10.0
79.0
180.0
255.0
295.0
357.0
499.0
463.0
507.0
361.0
327.0
258.0
154.0
102.0
3.0
0.0
0.0
0.0
0.0
0.0
0.0
0.0
0.0
0.0
7.0
66.0
142.0
194.0
270.0
353.0
394.0
379.0
352.0
320.0
298.0
223.0
134.0
59.0
3.0
0.0
0.0
0.0
0.0
0.0
0.0
0.0
0.0
0.0
2.0
91.0
235.0
296.0
300.0
442.0
477.0
295.0
178.0
254.0
292.0
274.0
213.0
63.0
13.0
0.0
0.0
0.0
0.0
0.0
0.0
0.0
0.0
0.0
2.0
55.0
133.0
204.0
267.0
339.0
370.0
368.0
368.0
311.0
266.0
223.0
124.0
56.0
4.0
0.0
0.0
0.0
0.0
0.0
0.0
0.0
0.0
0.0
2.0
28.0
23.0
102.0
117.0
553.0
415.0
870.0
732.0
270.0
47.0
36.0
119.0
43.0
2.0
0.0
0.0
0.0
0.0
0.0
0.0
0.0
0.0
0.0
2.0
98.0
137.0
322.0
470.0
539.0
604.0
443.0
585.0
495.0
388.0
236.0
25.0
26.0
2.0
0.0
0.0
0.0
0.0
0.0
0.0
0.0
0.0
0.0
5.0
67.0
134.0
201.0
270.0
312.0
317.0
326.0
328.0
290.0
236.0
169.0
105.0
47.0
2.0
0.0
0.0
0.0
0.0
0.0
0.0
0.0
0.0
0.0
3.0
55.0
133.0
211.0
294.0
332.0
356.0
340.0
298.0
274.0
222.0
180.0
122.0
52.0
2.0
0.0
0.0
0.0
0.0
0.0
0.0
0.0
0.0
0.0
3.0
78.0
162.0
231.0
334.0
349.0
437.0
440.0
515.0
480.0
423.0
370.0
259.0
128.0
12.0
0.0
0.0
0.0
0.0
0.0
0.0
0.0
0.0
0.0
1.0
58.0
141.0
173.0
491.0
590.0
761.0
706.0
418.0
273.0
139.0
81.0
19.0
8.0
1.0
0.0
0.0
0.0
0.0
0.0
0.0
0.0
0.0
0.0
5.0
116.0
263.0
416.0
556.0
663.0
730.0
752.0
723.0
656.0
541.0
398.0
243.0
102.0
3.0
0.0
0.0
0.0
0.0
0.0
0.0
0.0
0.0
0.0
7.0
116.0
268.0
402.0
489.0
590.0
655.0
659.0
621.0
490.0
400.0
298.0
160.0
65.0
1.0
0.0
0.0
0.0
0.0
0.0
0.0
0.0
0.0
0.0
4.0
110.0
252.0
407.0
546.0
653.0
711.0
734.0
712.0
639.0
537.0
395.0
240.0
98.0
2.0
0.0
0.0
0.0
0.0
0.0
0.0
0.0
0.0
0.0
1.0
69.0
154.0
188.0
265.0
347.0
443.0
592.0
626.0
598.0
508.0
430.0
251.0
103.0
6.0
0.0
0.0
0.0
0.0
0.0
0.0
0.0
0.0
0.0
3.0
96.0
233.0
377.0
500.0
594.0
676.0
707.0
674.0
627.0
514.0
372.0
218.0
85.0
1.0
0.0
0.0
0.0
0.0
0.0
0.0
0.0
0.0
0.0
2.0
99.0
245.0
399.0
540.0
650.0
720.0
745.0
723.0
657.0
548.0
403.0
241.0
92.0
2.0
0.0
0.0
0.0
0.0
0.0
0.0
0.0
0.0
0.0
1.0
67.0
177.0
285.0
402.0
494.0
545.0
591.0
561.0
484.0
404.0
304.0
181.0
71.0
1.0
0.0
0.0
0.0
0.0
0.0
0.0
0.0
0.0
0.0
1.0
69.0
168.0
269.0
355.0
463.0
535.0
534.0
558.0
519.0
374.0
275.0
164.0
56.0
0.0
0.0
0.0
0.0
0.0
0.0
0.0
0.0
0.0
0.0
1.0
49.0
123.0
224.0
298.0
506.0
430.0
462.0
551.0
463.0
410.0
335.0
221.0
77.0
1.0
0.0
0.0
0.0
0.0
0.0
0.0
0.0
0.0
0.0
1.0
50.0
130.0
222.0
268.0
345.0
372.0
421.0
368.0
392.0
269.0
185.0
119.0
39.0
0.0
0.0
0.0
0.0
0.0
0.0
0.0
0.0
0.0
0.0
0.0
12.0
33.0
55.0
75.0
88.0
102.0
102.0
93.0
81.0
69.0
50.0
27.0
9.0
0.0
0.0
0.0
0.0
0.0
0.0
0.0
0.0
0.0
0.0
1.0
83.0
239.0
413.0
312.0
308.0
259.0
154.0
167.0
52.0
46.0
193.0
117.0
69.0
0.0
0.0
0.0
0.0
0.0
0.0
0.0
0.0
0.0
0.0
0.0
34.0
62.0
105.0
129.0
165.0
181.0
265.0
222.0
201.0
81.0
88.0
83.0
21.0
0.0
0.0
0.0
0.0
0.0
0.0
0.0
0.0
0.0
0.0
0.0
10.0
54.0
76.0
133.0
123.0
156.0
199.0
182.0
195.0
197.0
138.0
78.0
23.0
0.0
0.0
0.0
0.0
0.0
0.0
0.0
0.0
0.0
0.0
1.0
64.0
90.0
186.0
127.0
327.0
49.0
205.0
85.0
502.0
430.0
307.0
197.0
11.0
0.0
0.0
0.0
0.0
0.0
0.0
0.0
0.0
0.0
0.0
0.0
29.0
47.0
148.0
249.0
253.0
308.0
307.0
236.0
229.0
197.0
155.0
76.0
3.0
0.0
0.0
0.0
0.0
0.0
0.0
0.0
0.0
0.0
0.0
0.0
18.0
65.0
138.0
176.0
198.0
238.0
233.0
204.0
198.0
174.0
115.0
63.0
4.0
0.0
0.0
0.0
0.0
0.0
0.0
0.0
0.0
0.0
0.0
0.0
26.0
78.0
125.0
190.0
231.0
264.0
253.0
240.0
210.0
171.0
107.0
53.0
3.0
0.0
0.0
0.0
0.0
0.0
0.0
0.0
0.0
0.0
0.0
0.0
55.0
186.0
328.0
431.0
533.0
610.0
623.0
582.0
512.0
367.0
262.0
137.0
12.0
0.0
0.0
0.0
0.0
0.0
0.0
0.0
0.0
0.0
0.0
0.0
51.0
170.0
311.0
435.0
527.0
594.0
642.0
625.0
546.0
447.0
301.0
155.0
17.0
0.0
0.0
0.0
0.0
0.0
0.0
0.0
0.0
0.0
0.0
0.0
49.0
174.0
344.0
447.0
485.0
561.0
577.0
525.0
461.0
407.0
258.0
135.0
10.0
0.0
0.0
0.0
0.0
0.0
0.0
0.0
0.0
0.0
0.0
0.0
48.0
166.0
302.0
418.0
513.0
572.0
601.0
615.0
520.0
423.0
282.0
135.0
9.0
0.0
0.0
0.0
0.0
0.0
0.0
0.0
0.0
0.0
0.0
0.0
9.0
85.0
149.0
190.0
244.0
284.0
295.0
299.0
266.0
206.0
130.0
54.0
2.0
0.0
0.0
0.0
0.0
0.0
0.0
0.0
0.0
0.0
0.0
0.0
10.0
93.0
164.0
240.0
307.0
327.0
337.0
316.0
239.0
173.0
114.0
37.0
2.0
0.0
0.0
0.0
0.0
0.0
0.0
0.0
0.0
0.0
0.0
0.0
4.0
17.0
28.0
39.0
48.0
55.0
62.0
459.0
388.0
305.0
199.0
91.0
3.0
0.0
0.0
0.0
0.0
0.0
0.0
0.0
0.0
0.0
0.0
0.0
7.0
76.0
152.0
216.0
289.0
317.0
329.0
298.0
249.0
206.0
124.0
54.0
1.0
0.0
0.0
0.0
0.0
0.0
0.0
0.0
0.0
0.0
0.0
0.0
3.0
37.0
97.0
154.0
161.0
207.0
213.0
194.0
207.0
211.0
124.0
66.0
5.0
0.0
0.0
0.0
0.0
0.0
0.0
0.0
0.0
0.0
0.0
0.0
15.0
150.0
301.0
384.0
552.0
489.0
450.0
385.0
354.0
218.0
176.0
83.0
2.0
0.0
0.0
0.0
0.0
0.0
0.0
0.0
0.0
0.0
0.0
0.0
12.0
136.0
261.0
371.0
465.0
508.0
512.0
485.0
395.0
294.0
186.0
72.0
1.0
0.0
0.0
0.0
0.0
0.0
0.0
0.0
0.0
0.0
0.0
0.0
13.0
155.0
308.0
443.0
550.0
611.0
627.0
592.0
513.0
393.0
249.0
100.0
1.0
0.0
0.0
0.0
0.0
0.0
0.0
0.0
0.0
0.0
0.0
0.0
11.0
144.0
284.0
416.0
506.0
565.0
588.0
549.0
478.0
358.0
220.0
86.0
1.0
0.0
0.0
0.0
0.0
0.0
0.0
0.0
0.0
0.0
0.0
0.0
9.0
115.0
237.0
340.0
408.0
445.0
456.0
417.0
351.0
256.0
167.0
63.0
0.0
0.0
0.0
0.0
0.0
0.0
0.0
0.0
0.0
0.0
0.0
0.0
2.0
17.0
30.0
54.0
66.0
86.0
91.0
459.0
389.0
287.0
178.0
62.0
0.0
0.0
0.0
0.0
0.0
0.0
0.0
0.0
0.0
0.0
0.0
0.0
2.0
14.0
24.0
39.0
52.0
50.0
51.0
422.0
376.0
280.0
169.0
65.0
0.0
0.0
0.0
0.0
0.0
0.0
0.0
0.0
0.0
0.0
0.0
0.0
2.0
94.0
239.0
207.0
46.0
343.0
465.0
627.0
413.0
32.0
19.0
7.0
0.0
0.0
0.0
0.0
0.0
0.0
0.0
0.0
0.0
0.0
0.0
0.0
2.0
46.0
253.0
416.0
305.0
527.0
351.0
216.0
54.0
236.0
68.0
28.0
0.0
0.0
0.0
0.0
0.0
0.0
0.0
0.0
0.0
0.0
0.0
0.0
4.0
31.0
70.0
164.0
232.0
357.0
371.0
299.0
156.0
40.0
16.0
33.0
0.0
0.0
0.0
0.0
0.0
0.0
0.0
0.0
0.0
0.0
0.0
0.0
5.0
45.0
144.0
169.0
386.0
437.0
331.0
185.0
256.0
214.0
133.0
5.0
0.0
0.0
0.0
0.0
0.0
0.0
0.0
0.0
0.0
0.0
0.0
0.0
4.0
114.0
254.0
384.0
489.0
547.0
556.0
523.0
435.0
323.0
182.0
54.0
0.0
0.0
0.0
0.0
0.0
0.0
0.0
0.0
0.0
0.0
0.0
0.0
3.0
92.0
214.0
324.0
420.0
484.0
521.0
490.0
410.0
318.0
192.0
35.0
0.0
0.0
0.0
0.0
0.0
0.0
0.0
0.0
0.0
0.0
0.0
0.0
1.0
32.0
84.0
140.0
186.0
213.0
210.0
187.0
176.0
100.0
54.0
4.0
0.0
0.0
0.0
0.0
0.0
0.0
0.0
0.0
0.0
0.0
0.0
0.0
1.0
8.0
19.0
30.0
38.0
43.0
44.0
344.0
286.0
205.0
113.0
15.0
0.0
0.0
0.0
0.0
0.0
0.0
0.0
0.0
0.0
0.0
0.0
0.0
1.0
12.0
49.0
76.0
128.0
137.0
74.0
421.0
306.0
193.0
88.0
3.0
0.0
0.0
0.0
0.0
0.0
0.0
0.0
0.0
0.0
0.0
0.0
0.0
1.0
11.0
17.0
42.0
63.0
90.0
75.0
370.0
312.0
232.0
118.0
12.0
0.0
0.0
0.0
0.0
0.0
0.0
0.0
0.0
0.0
0.0
0.0
0.0
4.0
27.0
75.0
136.0
196.0
290.0
382.0
347.0
129.0
98.0
13.0
22.0
0.0
0.0
0.0
0.0
0.0
0.0
0.0
0.0
0.0
0.0
0.0
0.0
0.0
36.0
153.0
236.0
302.0
296.0
192.0
416.0
201.0
200.0
113.0
3.0
0.0
0.0
0.0
0.0
0.0
0.0
0.0
0.0
0.0
0.0
0.0
0.0
0.0
23.0
61.0
99.0
120.0
137.0
142.0
134.0
109.0
75.0
37.0
2.0
0.0
0.0
0.0
0.0
0.0
0.0
0.0
0.0
0.0
0.0
0.0
0.0
0.0
9.0
26.0
40.0
52.0
62.0
65.0
56.0
47.0
30.0
14.0
2.0
0.0
0.0
0.0
0.0
0.0
0.0
0.0
0.0
0.0
0.0
0.0
0.0
0.0
33.0
91.0
163.0
208.0
206.0
207.0
190.0
140.0
92.0
45.0
2.0
0.0
0.0
0.0
0.0
0.0
0.0
0.0
0.0
0.0
0.0
0.0
0.0
0.0
38.0
109.0
101.0
96.0
208.0
409.0
389.0
415.0
259.0
134.0
10.0
0.0
0.0
0.0
0.0
0.0
0.0
0.0
0.0
0.0
0.0
0.0
0.0
1.0
67.0
142.0
233.0
178.0
307.0
462.0
367.0
291.0
194.0
119.0
17.0
0.0
0.0
0.0
0.0
0.0
0.0
0.0
0.0
0.0
0.0
0.0
0.0
0.0
40.0
122.0
183.0
280.0
300.0
327.0
308.0
220.0
146.0
59.0
1.0
0.0
0.0
0.0
0.0
0.0
0.0
0.0
0.0
0.0
0.0
0.0
0.0
0.0
52.0
157.0
265.0
350.0
390.0
371.0
317.0
272.0
180.0
76.0
1.0
0.0
0.0
0.0
0.0
0.0
0.0
0.0
0.0
0.0
0.0
0.0
0.0
0.0
36.0
66.0
124.0
222.0
318.0
317.0
262.0
290.0
256.0
112.0
8.0
0.0
0.0
0.0
0.0
0.0
0.0
0.0
0.0
0.0
0.0
0.0
0.0
0.0
39.0
41.0
147.0
110.0
404.0
500.0
293.0
175.0
18.0
8.0
1.0
0.0
0.0
0.0
0.0
0.0
0.0
0.0
0.0
0.0
0.0
0.0
0.0
0.0
18.0
124.0
127.0
171.0
258.0
193.0
119.0
148.0
99.0
53.0
8.0
0.0
0.0
0.0
0.0
0.0
0.0
0.0
0.0
0.0
0.0
0.0
0.0
0.0
29.0
176.0
249.0
291.0
300.0
335.0
294.0
231.0
135.0
52.0
0.0
0.0
0.0
0.0
0.0
0.0
0.0
0.0
0.0
0.0
0.0
0.0
0.0
0.0
22.0
84.0
174.0
197.0
235.0
139.0
199.0
197.0
116.0
90.0
4.0
0.0
0.0
0.0
0.0
0.0
0.0
0.0
0.0
0.0
0.0
0.0
0.0
0.0
19.0
142.0
135.0
190.0
155.0
210.0
129.0
77.0
48.0
8.0
0.0
0.0
0.0
0.0
0.0
0.0
0.0
0.0
0.0
0.0
0.0
0.0
0.0
0.0
7.0
43.0
22.0
37.0
331.0
294.0
362.0
228.0
101.0
39.0
2.0
0.0
0.0
0.0
0.0
0.0
0.0
0.0
0.0
0.0
0.0
0.0
0.0
0.0
5.0
34.0
102.0
118.0
159.0
147.0
132.0
90.0
58.0
20.0
0.0
0.0
0.0
0.0
0.0
0.0
0.0
0.0
0.0
0.0
0.0
0.0
0.0
0.0
3.0
40.0
70.0
73.0
148.0
207.0
231.0
224.0
175.0
70.0
1.0
0.0
0.0
0.0
0.0
0.0
0.0
0.0
0.0
0.0
0.0
0.0
0.0
0.0
3.0
73.0
160.0
170.0
245.0
357.0
306.0
249.0
157.0
51.0
0.0
0.0
0.0
0.0
0.0
0.0
0.0
0.0
0.0
0.0
0.0
0.0
0.0
0.0
12.0
133.0
256.0
345.0
402.0
393.0
369.0
289.0
168.0
58.0
0.0
0.0
0.0
0.0
0.0
0.0
0.0
0.0
0.0
0.0
0.0
0.0
0.0
0.0
10.0
120.0
226.0
308.0
310.0
362.0
339.0
266.0
166.0
55.0
0.0
0.0
0.0
0.0
0.0
0.0
0.0
0.0
0.0
0.0
0.0
0.0
0.0
0.0
2.0
30.0
60.0
83.0
97.0
100.0
88.0
69.0
41.0
6.0
0.0
0.0
0.0
0.0
0.0
0.0
0.0
0.0
0.0
0.0
0.0
0.0
0.0
0.0
6.0
108.0
223.0
318.0
372.0
391.0
336.0
270.0
158.0
25.0
0.0
0.0
0.0
0.0
0.0
0.0
0.0
0.0
0.0
0.0
0.0
0.0
0.0
0.0
6.0
119.0
229.0
327.0
373.0
368.0
337.0
263.0
144.0
19.0
0.0
0.0
0.0
0.0
0.0
0.0
0.0
0.0
0.0
0.0
0.0
0.0
0.0
0.0
1.0
33.0
95.0
148.0
151.0
159.0
129.0
78.0
41.0
3.0
0.0
0.0
0.0
0.0
0.0
0.0
0.0
0.0
0.0
0.0
0.0
0.0
0.0
0.0
1.0
59.0
104.0
135.0
193.0
184.0
165.0
130.0
73.0
6.0
0.0
0.0
0.0
0.0
0.0
0.0
0.0
0.0
0.0
0.0
0.0
0.0
0.0
0.0
1.0
43.0
88.0
139.0
156.0
162.0
138.0
107.0
56.0
7.0
0.0
0.0
0.0
0.0
0.0
0.0
0.0
0.0
0.0
0.0
0.0
0.0
0.0
0.0
2.0
52.0
109.0
177.0
254.0
265.0
231.0
157.0
75.0
3.0
0.0
0.0
0.0
0.0
0.0
0.0
0.0
0.0
0.0
0.0
0.0
0.0
0.0
0.0
1.0
27.0
59.0
83.0
93.0
94.0
83.0
61.0
33.0
2.0
0.0
0.0
0.0
0.0
0.0
0.0
0.0
0.0
0.0
0.0
0.0
0.0
0.0
0.0
1.0
24.0
53.0
90.0
115.0
86.0
66.0
45.0
23.0
2.0
0.0
0.0
0.0
0.0
0.0
0.0
0.0
0.0
0.0
0.0
0.0
0.0
0.0
0.0
1.0
61.0
186.0
177.0
234.0
358.0
257.0
110.0
9.0
2.0
0.0
0.0
0.0
0.0
0.0
0.0
0.0
0.0
0.0
0.0
0.0
0.0
0.0
0.0
1.0
7.0
17.0
25.0
28.0
28.0
227.0
166.0
87.0
5.0
0.0
0.0
0.0
0.0
0.0
0.0
0.0
0.0
0.0
0.0
0.0
0.0
0.0
0.0
1.0
30.0
67.0
98.0
116.0
118.0
101.0
72.0
35.0
2.0
0.0
0.0
0.0
0.0
0.0
0.0
0.0
0.0
0.0
0.0
0.0
0.0
0.0
0.0
0.0
6.0
14.0
118.0
223.0
235.0
222.0
131.0
110.0
6.0
0.0
0.0
0.0
0.0
0.0
0.0
0.0
0.0
0.0
0.0
0.0
0.0
0.0
0.0
0.0
44.0
97.0
183.0
193.0
162.0
185.0
143.0
74.0
3.0
0.0
0.0
0.0
0.0
0.0
0.0
0.0
0.0
0.0
0.0
0.0
0.0
0.0
0.0
0.0
28.0
62.0
98.0
118.0
114.0
103.0
79.0
38.0
1.0
0.0
0.0
0.0
0.0
0.0
0.0
0.0
0.0
0.0
0.0
0.0
0.0
0.0
0.0
0.0
27.0
70.0
109.0
127.0
131.0
112.0
76.0
36.0
1.0
0.0
0.0
0.0
0.0
0.0
0.0
0.0
0.0
0.0
0.0
0.0
0.0
0.0
0.0
0.0
20.0
49.0
70.0
97.0
91.0
79.0
41.0
32.0
1.0
0.0
0.0
0.0
0.0
0.0
0.0
0.0
0.0
0.0
0.0
0.0
0.0
0.0
0.0
0.0
5.0
77.0
98.0
152.0
104.0
126.0
213.0
98.0
3.0
0.0
0.0
0.0
0.0
0.0
0.0
0.0
0.0
0.0
0.0
0.0
0.0
0.0
0.0
0.0
43.0
107.0
181.0
218.0
202.0
167.0
129.0
53.0
1.0
0.0
0.0
0.0
0.0
0.0
0.0
0.0
0.0
0.0
0.0
0.0
0.0
0.0
0.0
0.0
11.0
30.0
50.0
54.0
57.0
50.0
32.0
13.0
1.0
0.0
0.0
0.0
0.0
0.0
0.0
0.0
0.0
0.0
0.0
0.0
0.0
0.0
0.0
0.0
16.0
40.0
33.0
30.0
34.0
235.0
160.0
63.0
2.0
0.0
0.0
0.0
0.0
0.0
0.0
0.0
0.0
0.0
0.0
0.0
0.0
0.0
0.0
0.0
27.0
86.0
142.0
167.0
165.0
131.0
126.0
49.0
1.0
0.0
0.0
0.0
0.0
0.0
0.0
0.0
0.0
0.0
0.0
0.0
0.0
0.0
0.0
0.0
5.0
14.0
21.0
27.0
29.0
23.0
16.0
7.0
1.0
0.0
0.0
0.0
0.0
0.0
0.0
0.0
0.0
0.0
0.0
0.0
0.0
0.0
0.0
0.0
23.0
129.0
182.0
239.0
246.0
218.0
166.0
76.0
1.0
0.0
0.0
0.0
0.0
0.0
0.0
0.0
0.0
0.0
0.0
0.0
0.0
0.0
0.0
0.0
15.0
101.0
155.0
198.0
216.0
186.0
111.0
46.0
0.0
0.0
0.0
0.0
0.0
0.0
0.0
0.0
0.0
0.0
0.0
0.0
0.0
0.0
0.0
0.0
3.0
15.0
25.0
31.0
32.0
27.0
20.0
9.0
0.0
0.0
0.0
0.0
0.0
0.0
0.0
0.0
0.0
0.0
0.0
0.0
0.0
0.0
0.0
0.0
2.0
90.0
142.0
170.0
158.0
152.0
104.0
45.0
1.0
0.0
0.0
0.0
0.0
0.0
0.0
0.0
0.0
0.0
0.0
0.0
0.0
0.0
0.0
0.0
3.0
9.0
23.0
32.0
37.0
175.0
124.0
54.0
0.0
0.0
0.0
0.0
0.0
0.0
0.0
0.0
0.0
0.0
0.0
0.0
0.0
0.0
0.0
0.0
10.0
95.0
160.0
195.0
216.0
187.0
116.0
45.0
0.0
0.0
0.0
0.0
0.0
0.0
0.0
0.0
0.0
0.0
0.0
0.0
0.0
0.0
0.0
0.0
2.0
37.0
49.0
38.0
45.0
198.0
149.0
65.0
0.0
0.0
0.0
0.0
0.0
0.0
0.0
0.0
0.0
0.0
0.0
0.0
0.0
0.0
0.0
0.0
2.0
15.0
15.0
180.0
221.0
202.0
158.0
57.0
1.0
0.0
0.0
0.0
0.0
0.0
0.0
0.0
0.0
0.0
0.0
0.0
0.0
0.0
0.0
0.0
2.0
43.0
93.0
122.0
120.0
126.0
79.0
31.0
0.0
0.0
0.0
0.0
0.0
0.0
0.0
0.0
0.0
0.0
0.0
0.0
0.0
0.0
0.0
0.0
2.0
67.0
136.0
183.0
208.0
206.0
87.0
11.0
0.0
0.0
0.0
0.0
0.0
0.0
0.0
0.0
0.0
0.0
0.0
0.0
0.0
0.0
0.0
0.0
3.0
27.0
53.0
70.0
75.0
63.0
34.0
12.0
0.0
0.0
0.0
0.0
0.0
0.0
0.0
0.0
0.0
0.0
0.0
0.0
0.0
0.0
0.0
0.0
2.0
42.0
76.0
103.0
106.0
93.0
59.0
23.0
0.0
0.0
0.0
0.0
0.0
0.0
0.0
0.0
0.0
0.0
0.0
0.0
0.0
0.0
0.0
0.0
2.0
33.0
64.0
91.0
102.0
84.0
56.0
22.0
0.0
0.0
0.0
0.0
0.0
0.0
0.0
0.0
0.0
0.0
0.0
0.0
0.0
0.0
0.0
0.0
1.0
23.0
39.0
56.0
56.0
41.0
27.0
10.0
0.0
0.0
0.0
0.0
0.0
0.0
0.0
0.0
0.0
0.0
0.0
0.0
0.0
0.0
0.0
0.0
1.0
22.0
45.0
88.0
20.0
196.0
94.0
31.0
0.0
0.0
0.0
0.0
0.0
0.0
0.0
0.0
0.0
0.0
0.0
0.0
0.0
0.0
0.0
0.0
6.0
34.0
130.0
234.0
109.0
118.0
23.0
5.0
0.0
0.0
0.0
0.0
0.0
0.0
0.0
0.0
0.0
0.0
0.0
0.0
0.0
0.0
0.0
0.0
1.0
52.0
73.0
140.0
116.0
83.0
25.0
4.0
0.0
0.0
0.0
0.0
0.0
0.0
0.0
0.0
0.0
0.0
0.0
0.0
0.0
0.0
0.0
0.0
1.0
23.0
98.0
74.0
151.0
102.0
140.0
46.0
0.0
0.0
0.0
0.0
0.0
0.0
0.0
0.0
0.0
0.0
0.0
0.0
0.0
0.0
0.0
0.0
1.0
15.0
31.0
44.0
45.0
40.0
25.0
9.0
0.0
0.0
0.0
0.0
0.0
0.0
0.0
0.0
0.0
0.0
0.0
0.0
0.0
0.0
0.0
0.0
1.0
14.0
30.0
45.0
50.0
47.0
32.0
12.0
0.0
0.0
0.0
0.0
0.0
0.0
0.0
0.0
0.0
0.0
0.0
0.0
0.0
0.0
0.0
0.0
1.0
9.0
19.0
27.0
27.0
23.0
15.0
6.0
0.0
0.0
0.0
0.0
0.0
0.0
0.0
0.0
0.0
0.0
0.0
0.0
0.0
0.0
0.0
0.0
2.0
65.0
113.0
163.0
161.0
86.0
58.0
4.0
0.0
0.0
0.0
0.0
0.0
0.0
0.0
0.0
0.0
0.0
0.0
0.0
0.0
0.0
0.0
0.0
1.0
32.0
74.0
104.0
106.0
95.0
61.0
23.0
0.0
0.0
0.0
0.0
0.0
0.0
0.0
0.0
0.0
0.0
0.0
0.0
0.0
0.0
0.0
0.0
1.0
36.0
70.0
96.0
103.0
91.0
57.0
22.0
0.0
0.0
0.0
0.0
0.0
0.0
0.0
0.0
0.0
0.0
0.0
0.0
0.0
0.0
0.0
0.0
1.0
36.0
85.0
116.0
101.0
86.0
70.0
24.0
0.0
0.0
0.0
0.0
0.0
0.0
0.0
0.0
0.0
0.0
0.0
0.0
0.0
0.0
0.0
0.0
0.0
17.0
39.0
55.0
57.0
50.0
31.0
11.0
0.0
0.0
0.0
0.0
0.0
0.0
0.0
0.0
0.0
0.0
0.0
0.0
0.0
0.0
0.0
0.0
0.0
12.0
26.0
38.0
38.0
34.0
21.0
8.0
0.0
0.0
0.0
0.0
0.0
0.0
0.0
0.0
0.0
0.0
0.0
0.0
0.0
0.0
0.0
0.0
0.0
59.0
153.0
139.0
125.0
112.0
71.0
24.0
0.0
0.0
0.0
0.0
0.0
0.0
0.0
0.0
0.0
0.0
0.0
0.0
0.0
0.0
0.0
0.0
0.0
6.0
94.0
131.0
200.0
152.0
128.0
45.0
0.0
0.0
0.0
0.0
0.0
0.0
0.0
0.0
0.0
0.0
0.0
0.0
0.0
0.0
0.0
0.0
0.0
34.0
88.0
120.0
119.0
102.0
69.0
22.0
0.0
0.0
0.0
0.0
0.0
0.0
0.0
0.0
0.0
0.0
0.0
0.0
0.0
0.0
0.0
0.0
0.0
42.0
11.0
32.0
213.0
96.0
110.0
36.0
0.0
0.0
0.0
0.0
0.0
0.0
0.0
0.0
0.0
0.0
0.0
0.0
0.0
0.0
0.0
0.0
0.0
29.0
100.0
141.0
131.0
87.0
48.0
4.0
0.0
0.0
0.0
0.0
0.0
0.0
0.0
0.0
0.0
0.0
0.0
0.0
0.0
0.0
0.0
0.0
0.0
64.0
140.0
191.0
198.0
167.0
112.0
39.0
0.0
0.0
0.0
0.0
0.0
0.0
0.0
0.0
0.0
0.0
0.0
0.0
0.0
0.0
0.0
0.0
0.0
5.0
11.0
15.0
16.0
16.0
10.0
4.0
0.0
0.0
0.0
0.0
0.0
0.0
0.0
0.0
0.0
0.0
0.0
0.0
0.0
0.0
0.0
0.0
0.0
6.0
16.0
21.0
22.0
19.0
13.0
5.0
0.0
0.0
0.0
0.0
0.0
0.0
0.0
0.0
0.0
0.0
0.0
0.0
0.0
0.0
0.0
0.0
0.0
5.0
30.0
43.0
18.0
134.0
71.0
26.0
0.0
0.0
0.0
0.0
0.0
0.0
0.0
0.0
0.0
0.0
0.0
0.0
0.0
0.0
0.0
0.0
0.0
47.0
53.0
158.0
119.0
91.0
31.0
3.0
0.0
0.0
0.0
0.0
0.0
0.0
0.0
0.0
0.0
0.0
0.0
0.0
0.0
0.0
0.0
0.0
0.0
8.0
19.0
25.0
26.0
24.0
16.0
6.0
0.0
0.0
0.0
0.0
0.0
0.0
0.0
0.0
0.0
0.0
0.0
0.0
0.0
0.0
0.0
0.0
0.0
21.0
67.0
146.0
107.0
92.0
9.0
11.0
0.0
0.0
0.0
0.0
0.0
0.0
0.0
0.0
0.0
0.0
0.0
0.0
0.0
0.0
0.0
0.0
0.0
5.0
11.0
15.0
18.0
15.0
10.0
4.0
0.0
0.0
0.0
0.0
0.0
0.0
0.0
0.0
0.0
0.0
0.0
0.0
0.0
0.0
0.0
0.0
0.0
5.0
10.0
15.0
17.0
15.0
10.0
4.0
0.0
0.0
0.0
0.0
0.0
0.0
0.0
0.0
0.0
0.0
0.0
0.0
0.0
0.0
0.0
0.0
1.0
50.0
103.0
92.0
61.0
38.0
48.0
24.0
0.0
0.0
0.0
0.0
0.0
0.0
0.0
0.0
0.0
0.0
0.0
0.0
0.0
0.0
0.0
0.0
0.0
13.0
67.0
21.0
76.0
136.0
91.0
55.0
0.0
0.0
0.0
0.0
0.0
0.0
0.0
0.0
