0.0
0.0
0.0
0.0
0.0
0.0
0.0
0.0
5.0
73.0
132.0
179.0
188.0
148.0
64.0
3.0
0.0
0.0
0.0
0.0
0.0
0.0
0.0
0.0
0.0
0.0
0.0
0.0
0.0
0.0
0.0
0.0
5.0
96.0
149.0
180.0
221.0
158.0
121.0
24.0
0.0
0.0
0.0
0.0
0.0
0.0
0.0
0.0
0.0
0.0
0.0
0.0
0.0
0.0
0.0
0.0
2.0
58.0
105.0
120.0
119.0
103.0
77.0
17.0
0.0
0.0
0.0
0.0
0.0
0.0
0.0
0.0
0.0
0.0
0.0
0.0
0.0
0.0
0.0
0.0
3.0
36.0
63.0
73.0
85.0
75.0
46.0
4.0
0.0
0.0
0.0
0.0
0.0
0.0
0.0
0.0
0.0
0.0
0.0
0.0
0.0
0.0
0.0
0.0
2.0
34.0
57.0
87.0
99.0
85.0
36.0
6.0
0.0
0.0
0.0
0.0
0.0
0.0
0.0
0.0
0.0
0.0
0.0
0.0
0.0
0.0
0.0
0.0
2.0
43.0
47.0
34.0
19.0
179.0
114.0
12.0
0.0
0.0
0.0
0.0
0.0
0.0
0.0
0.0
0.0
0.0
0.0
0.0
0.0
0.0
0.0
0.0
5.0
49.0
117.0
148.0
155.0
141.0
88.0
44.0
0.0
0.0
0.0
0.0
0.0
0.0
0.0
0.0
0.0
0.0
0.0
0.0
0.0
0.0
0.0
0.0
2.0
21.0
43.0
37.0
33.0
192.0
106.0
39.0
0.0
0.0
0.0
0.0
0.0
0.0
0.0
0.0
0.0
0.0
0.0
0.0
0.0
0.0
0.0
0.0
2.0
25.0
35.0
52.0
47.0
144.0
111.0
39.0
0.0
0.0
0.0
0.0
0.0
0.0
0.0
0.0
0.0
0.0
0.0
0.0
0.0
0.0
0.0
0.0
2.0
15.0
30.0
18.0
25.0
161.0
107.0
40.0
0.0
0.0
0.0
0.0
0.0
0.0
0.0
0.0
0.0
0.0
0.0
0.0
0.0
0.0
0.0
0.0
2.0
51.0
31.0
168.0
167.0
142.0
45.0
27.0
0.0
0.0
0.0
0.0
0.0
0.0
0.0
0.0
0.0
0.0
0.0
0.0
0.0
0.0
0.0
0.0
22.0
106.0
205.0
186.0
109.0
153.0
39.0
12.0
0.0
0.0
0.0
0.0
0.0
0.0
0.0
0.0
0.0
0.0
0.0
0.0
0.0
0.0
0.0
0.0
4.0
29.0
48.0
67.0
65.0
50.0
32.0
13.0
0.0
0.0
0.0
0.0
0.0
0.0
0.0
0.0
0.0
0.0
0.0
0.0
0.0
0.0
0.0
0.0
2.0
28.0
77.0
118.0
108.0
59.0
57.0
19.0
0.0
0.0
0.0
0.0
0.0
0.0
0.0
0.0
0.0
0.0
0.0
0.0
0.0
0.0
0.0
0.0
2.0
36.0
66.0
84.0
81.0
90.0
75.0
27.0
0.0
0.0
0.0
0.0
0.0
0.0
0.0
0.0
0.0
0.0
0.0
0.0
0.0
0.0
0.0
0.0
6.0
84.0
93.0
68.0
75.0
149.0
79.0
45.0
1.0
0.0
0.0
0.0
0.0
0.0
0.0
0.0
0.0
0.0
0.0
0.0
0.0
0.0
0.0
0.0
9.0
21.0
119.0
240.0
222.0
245.0
168.0
70.0
1.0
0.0
0.0
0.0
0.0
0.0
0.0
0.0
0.0
0.0
0.0
0.0
0.0
0.0
0.0
0.0
15.0
95.0
137.0
202.0
170.0
53.0
34.0
40.0
0.0
0.0
0.0
0.0
0.0
0.0
0.0
0.0
0.0
0.0
0.0
0.0
0.0
0.0
0.0
0.0
16.0
95.0
135.0
152.0
167.0
67.0
15.0
67.0
0.0
0.0
0.0
0.0
0.0
0.0
0.0
0.0
0.0
0.0
0.0
0.0
0.0
0.0
0.0
0.0
3.0
39.0
96.0
142.0
124.0
123.0
84.0
49.0
2.0
0.0
0.0
0.0
0.0
0.0
0.0
0.0
0.0
0.0
0.0
0.0
0.0
0.0
0.0
0.0
7.0
60.0
114.0
154.0
166.0
133.0
92.0
40.0
1.0
0.0
0.0
0.0
0.0
0.0
0.0
0.0
0.0
0.0
0.0
0.0
0.0
0.0
0.0
0.0
21.0
111.0
234.0
180.0
185.0
139.0
172.0
73.0
3.0
0.0
0.0
0.0
0.0
0.0
0.0
0.0
0.0
0.0
0.0
0.0
0.0
0.0
0.0
0.0
19.0
148.0
240.0
285.0
288.0
246.0
170.0
73.0
1.0
0.0
0.0
0.0
0.0
0.0
0.0
0.0
0.0
0.0
0.0
0.0
0.0
0.0
0.0
0.0
19.0
142.0
238.0
269.0
222.0
213.0
150.0
78.0
1.0
0.0
0.0
0.0
0.0
0.0
0.0
0.0
0.0
0.0
0.0
0.0
0.0
0.0
0.0
0.0
3.0
20.0
33.0
41.0
40.0
33.0
26.0
13.0
1.0
0.0
0.0
0.0
0.0
0.0
0.0
0.0
0.0
0.0
0.0
0.0
0.0
0.0
0.0
0.0
19.0
123.0
193.0
238.0
240.0
210.0
144.0
68.0
1.0
0.0
0.0
0.0
0.0
0.0
0.0
0.0
0.0
0.0
0.0
0.0
0.0
0.0
0.0
0.0
10.0
31.0
52.0
61.0
66.0
57.0
41.0
21.0
1.0
0.0
0.0
0.0
0.0
0.0
0.0
0.0
0.0
0.0
0.0
0.0
0.0
0.0
0.0
0.0
13.0
34.0
59.0
52.0
25.0
226.0
167.0
80.0
3.0
0.0
0.0
0.0
0.0
0.0
0.0
0.0
0.0
0.0
0.0
0.0
0.0
0.0
0.0
0.0
36.0
96.0
136.0
180.0
188.0
180.0
136.0
64.0
2.0
0.0
0.0
0.0
0.0
0.0
0.0
0.0
0.0
0.0
0.0
0.0
0.0
0.0
0.0
0.0
30.0
85.0
133.0
168.0
184.0
146.0
97.0
47.0
2.0
0.0
0.0
0.0
0.0
0.0
0.0
0.0
0.0
0.0
0.0
0.0
0.0
0.0
0.0
0.0
43.0
124.0
261.0
274.0
159.0
56.0
16.0
9.0
2.0
0.0
0.0
0.0
0.0
0.0
0.0
0.0
0.0
0.0
0.0
0.0
0.0
0.0
0.0
0.0
30.0
74.0
114.0
143.0
147.0
121.0
91.0
47.0
2.0
0.0
0.0
0.0
0.0
0.0
0.0
0.0
0.0
0.0
0.0
0.0
0.0
0.0
0.0
0.0
33.0
82.0
110.0
152.0
160.0
140.0
104.0
57.0
2.0
0.0
0.0
0.0
0.0
0.0
0.0
0.0
0.0
0.0
0.0
0.0
0.0
0.0
0.0
0.0
28.0
79.0
102.0
108.0
109.0
104.0
46.0
37.0
6.0
0.0
0.0
0.0
0.0
0.0
0.0
0.0
0.0
0.0
0.0
0.0
0.0
0.0
0.0
0.0
6.0
94.0
104.0
136.0
124.0
196.0
188.0
130.0
15.0
0.0
0.0
0.0
0.0
0.0
0.0
0.0
0.0
0.0
0.0
0.0
0.0
0.0
0.0
0.0
6.0
19.0
32.0
34.0
36.0
256.0
200.0
109.0
11.0
0.0
0.0
0.0
0.0
0.0
0.0
0.0
0.0
0.0
0.0
0.0
0.0
0.0
0.0
0.0
7.0
16.0
24.0
33.0
37.0
261.0
200.0
113.0
13.0
0.0
0.0
0.0
0.0
0.0
0.0
0.0
0.0
0.0
0.0
0.0
0.0
0.0
0.0
0.0
17.0
42.0
69.0
81.0
85.0
66.0
47.0
20.0
4.0
0.0
0.0
0.0
0.0
0.0
0.0
0.0
0.0
0.0
0.0
0.0
0.0
0.0
0.0
1.0
36.0
86.0
185.0
289.0
217.0
83.0
76.0
12.0
4.0
0.0
0.0
0.0
0.0
0.0
0.0
0.0
0.0
0.0
0.0
0.0
0.0
0.0
0.0
1.0
8.0
35.0
95.0
169.0
218.0
291.0
281.0
166.0
34.0
0.0
0.0
0.0
0.0
0.0
0.0
0.0
0.0
0.0
0.0
0.0
0.0
0.0
0.0
1.0
37.0
51.0
90.0
113.0
151.0
126.0
84.0
46.0
7.0
0.0
0.0
0.0
0.0
0.0
0.0
0.0
0.0
0.0
0.0
0.0
0.0
0.0
0.0
1.0
56.0
135.0
204.0
248.0
257.0
249.0
194.0
109.0
37.0
0.0
0.0
0.0
0.0
0.0
0.0
0.0
0.0
0.0
0.0
0.0
0.0
0.0
0.0
2.0
77.0
175.0
204.0
237.0
225.0
213.0
218.0
138.0
61.0
0.0
0.0
0.0
0.0
0.0
0.0
0.0
0.0
0.0
0.0
0.0
0.0
0.0
0.0
2.0
45.0
110.0
99.0
94.0
109.0
139.0
112.0
79.0
30.0
0.0
0.0
0.0
0.0
0.0
0.0
0.0
0.0
0.0
0.0
0.0
0.0
0.0
0.0
1.0
45.0
99.0
151.0
170.0
165.0
160.0
135.0
84.0
36.0
0.0
0.0
0.0
0.0
0.0
0.0
0.0
0.0
0.0
0.0
0.0
0.0
0.0
0.0
8.0
123.0
159.0
274.0
337.0
376.0
282.0
159.0
82.0
30.0
0.0
0.0
0.0
0.0
0.0
0.0
0.0
0.0
0.0
0.0
0.0
0.0
0.0
0.0
4.0
97.0
180.0
198.0
198.0
261.0
212.0
193.0
159.0
82.0
1.0
0.0
0.0
0.0
0.0
0.0
0.0
0.0
0.0
0.0
0.0
0.0
0.0
0.0
6.0
122.0
251.0
355.0
421.0
437.0
400.0
325.0
211.0
82.0
0.0
0.0
0.0
0.0
0.0
0.0
0.0
0.0
0.0
0.0
0.0
0.0
0.0
0.0
2.0
11.0
52.0
206.0
203.0
323.0
224.0
160.0
108.0
26.0
0.0
0.0
0.0
0.0
0.0
0.0
0.0
0.0
0.0
0.0
0.0
0.0
0.0
0.0
7.0
131.0
254.0
358.0
404.0
425.0
386.0
316.0
206.0
86.0
1.0
0.0
0.0
0.0
0.0
0.0
0.0
0.0
0.0
0.0
0.0
0.0
0.0
0.0
3.0
94.0
233.0
228.0
211.0
130.0
141.0
29.0
19.0
8.0
1.0
0.0
0.0
0.0
0.0
0.0
0.0
0.0
0.0
0.0
0.0
0.0
0.0
0.0
10.0
118.0
232.0
312.0
365.0
387.0
407.0
333.0
210.0
84.0
2.0
0.0
0.0
0.0
0.0
0.0
0.0
0.0
0.0
0.0
0.0
0.0
0.0
0.0
11.0
118.0
235.0
318.0
356.0
384.0
338.0
272.0
171.0
72.0
1.0
0.0
0.0
0.0
0.0
0.0
0.0
0.0
0.0
0.0
0.0
0.0
0.0
0.0
9.0
109.0
230.0
333.0
393.0
422.0
387.0
329.0
235.0
103.0
4.0
0.0
0.0
0.0
0.0
0.0
0.0
0.0
0.0
0.0
0.0
0.0
0.0
0.0
16.0
154.0
288.0
393.0
463.0
474.0
440.0
351.0
236.0
103.0
2.0
0.0
0.0
0.0
0.0
0.0
0.0
0.0
0.0
0.0
0.0
0.0
0.0
0.0
3.0
16.0
29.0
34.0
44.0
40.0
327.0
264.0
180.0
82.0
2.0
0.0
0.0
0.0
0.0
0.0
0.0
0.0
0.0
0.0
0.0
0.0
0.0
0.0
3.0
13.0
39.0
71.0
84.0
105.0
385.0
307.0
200.0
95.0
3.0
0.0
0.0
0.0
0.0
0.0
0.0
0.0
0.0
0.0
0.0
0.0
0.0
0.0
4.0
23.0
44.0
63.0
72.0
71.0
67.0
56.0
38.0
17.0
1.0
0.0
0.0
0.0
0.0
0.0
0.0
0.0
0.0
0.0
0.0
0.0
0.0
0.0
34.0
107.0
178.0
260.0
301.0
331.0
293.0
231.0
143.0
67.0
2.0
0.0
0.0
0.0
0.0
0.0
0.0
0.0
0.0
0.0
0.0
0.0
0.0
0.0
12.0
33.0
57.0
46.0
52.0
41.0
419.0
312.0
226.0
102.0
4.0
0.0
0.0
0.0
0.0
0.0
0.0
0.0
0.0
0.0
0.0
0.0
0.0
0.0
12.0
41.0
74.0
102.0
113.0
104.0
123.0
108.0
62.0
28.0
2.0
0.0
0.0
0.0
0.0
0.0
0.0
0.0
0.0
0.0
0.0
0.0
0.0
0.0
9.0
28.0
45.0
58.0
67.0
71.0
65.0
52.0
40.0
21.0
2.0
0.0
0.0
0.0
0.0
0.0
0.0
0.0
0.0
0.0
0.0
0.0
0.0
0.0
6.0
16.0
27.0
36.0
41.0
42.0
39.0
33.0
23.0
11.0
2.0
0.0
0.0
0.0
0.0
0.0
0.0
0.0
0.0
0.0
0.0
0.0
0.0
0.0
28.0
43.0
26.0
159.0
203.0
300.0
307.0
198.0
159.0
89.0
9.0
0.0
0.0
0.0
0.0
0.0
0.0
0.0
0.0
0.0
0.0
0.0
0.0
0.0
58.0
126.0
223.0
274.0
377.0
390.0
348.0
356.0
262.0
161.0
20.0
0.0
0.0
0.0
0.0
0.0
0.0
0.0
0.0
0.0
0.0
0.0
0.0
1.0
85.0
226.0
366.0
468.0
527.0
544.0
499.0
413.0
294.0
153.0
12.0
0.0
0.0
0.0
0.0
0.0
0.0
0.0
0.0
0.0
0.0
0.0
0.0
1.0
91.0
236.0
374.0
480.0
547.0
558.0
520.0
432.0
305.0
163.0
15.0
0.0
0.0
0.0
0.0
0.0
0.0
0.0
0.0
0.0
0.0
0.0
0.0
1.0
96.0
243.0
379.0
483.0
547.0
557.0
526.0
440.0
316.0
169.0
17.0
0.0
0.0
0.0
0.0
0.0
0.0
0.0
0.0
0.0
0.0
0.0
0.0
1.0
27.0
48.0
98.0
100.0
149.0
164.0
174.0
151.0
98.0
73.0
10.0
0.0
0.0
0.0
0.0
0.0
0.0
0.0
0.0
0.0
0.0
0.0
0.0
1.0
24.0
51.0
70.0
88.0
118.0
124.0
143.0
103.0
68.0
41.0
5.0
0.0
0.0
0.0
0.0
0.0
0.0
0.0
0.0
0.0
0.0
0.0
0.0
2.0
104.0
241.0
365.0
472.0
537.0
556.0
516.0
448.0
326.0
184.0
25.0
0.0
0.0
0.0
0.0
0.0
0.0
0.0
0.0
0.0
0.0
0.0
0.0
3.0
110.0
255.0
384.0
491.0
553.0
580.0
541.0
457.0
345.0
200.0
31.0
0.0
0.0
0.0
0.0
0.0
0.0
0.0
0.0
0.0
0.0
0.0
0.0
3.0
115.0
252.0
427.0
447.0
381.0
422.0
375.0
439.0
272.0
119.0
15.0
0.0
0.0
0.0
0.0
0.0
0.0
0.0
0.0
0.0
0.0
0.0
0.0
4.0
120.0
258.0
393.0
492.0
558.0
563.0
529.0
445.0
321.0
180.0
53.0
0.0
0.0
0.0
0.0
0.0
0.0
0.0
0.0
0.0
0.0
0.0
0.0
1.0
11.0
27.0
42.0
56.0
65.0
67.0
68.0
56.0
38.0
21.0
6.0
0.0
0.0
0.0
0.0
0.0
0.0
0.0
0.0
0.0
0.0
0.0
0.0
2.0
56.0
68.0
200.0
149.0
173.0
376.0
136.0
392.0
370.0
214.0
37.0
0.0
0.0
0.0
0.0
0.0
0.0
0.0
0.0
0.0
0.0
0.0
0.0
8.0
93.0
86.0
102.0
380.0
382.0
149.0
224.0
291.0
287.0
220.0
75.0
1.0
0.0
0.0
0.0
0.0
0.0
0.0
0.0
0.0
0.0
0.0
0.0
2.0
12.0
26.0
45.0
69.0
80.0
70.0
406.0
344.0
252.0
148.0
50.0
0.0
0.0
0.0
0.0
0.0
0.0
0.0
0.0
0.0
0.0
0.0
0.0
12.0
147.0
290.0
423.0
540.0
581.0
592.0
551.0
461.0
339.0
195.0
65.0
0.0
0.0
0.0
0.0
0.0
0.0
0.0
0.0
0.0
0.0
0.0
0.0
13.0
154.0
289.0
416.0
511.0
580.0
585.0
550.0
478.0
359.0
211.0
76.0
0.0
0.0
0.0
0.0
0.0
0.0
0.0
0.0
0.0
0.0
0.0
0.0
3.0
43.0
119.0
226.0
228.0
250.0
322.0
377.0
357.0
259.0
140.0
60.0
2.0
0.0
0.0
0.0
0.0
0.0
0.0
0.0
0.0
0.0
0.0
0.0
3.0
108.0
241.0
243.0
298.0
308.0
361.0
316.0
265.0
287.0
229.0
98.0
2.0
0.0
0.0
0.0
0.0
0.0
0.0
0.0
0.0
0.0
0.0
0.0
15.0
56.0
78.0
168.0
239.0
142.0
267.0
318.0
80.0
152.0
138.0
55.0
0.0
0.0
0.0
0.0
0.0
0.0
0.0
0.0
0.0
0.0
0.0
0.0
4.0
40.0
92.0
136.0
197.0
203.0
210.0
193.0
156.0
136.0
95.0
31.0
0.0
0.0
0.0
0.0
0.0
0.0
0.0
0.0
0.0
0.0
0.0
0.0
25.0
181.0
325.0
471.0
566.0
623.0
629.0
588.0
506.0
390.0
236.0
89.0
1.0
0.0
0.0
0.0
0.0
0.0
0.0
0.0
0.0
0.0
0.0
0.0
15.0
35.0
71.0
112.0
121.0
239.0
273.0
287.0
261.0
353.0
220.0
107.0
9.0
0.0
0.0
0.0
0.0
0.0
0.0
0.0
0.0
0.0
0.0
0.0
5.0
57.0
212.0
280.0
379.0
329.0
349.0
300.0
248.0
299.0
145.0
55.0
3.0
0.0
0.0
0.0
0.0
0.0
0.0
0.0
0.0
0.0
0.0
0.0
29.0
99.0
193.0
266.0
306.0
339.0
316.0
290.0
256.0
183.0
112.0
49.0
1.0
0.0
0.0
0.0
0.0
0.0
0.0
0.0
0.0
0.0
0.0
0.0
34.0
114.0
190.0
280.0
323.0
312.0
355.0
342.0
295.0
211.0
117.0
47.0
1.0
0.0
0.0
0.0
0.0
0.0
0.0
0.0
0.0
0.0
0.0
0.0
84.0
245.0
278.0
396.0
601.0
752.0
742.0
442.0
228.0
150.0
29.0
9.0
1.0
0.0
0.0
0.0
0.0
0.0
0.0
0.0
0.0
0.0
0.0
0.0
74.0
211.0
350.0
485.0
581.0
626.0
614.0
570.0
493.0
368.0
226.0
95.0
1.0
0.0
0.0
0.0
0.0
0.0
0.0
0.0
0.0
0.0
0.0
0.0
49.0
129.0
169.0
302.0
280.0
305.0
352.0
432.0
435.0
410.0
315.0
139.0
12.0
0.0
0.0
0.0
0.0
0.0
0.0
0.0
0.0
0.0
0.0
0.0
22.0
53.0
84.0
125.0
164.0
172.0
210.0
173.0
154.0
123.0
67.0
26.0
1.0
0.0
0.0
0.0
0.0
0.0
0.0
0.0
0.0
0.0
0.0
1.0
29.0
76.0
120.0
166.0
193.0
216.0
211.0
197.0
172.0
130.0
83.0
39.0
2.0
0.0
0.0
0.0
0.0
0.0
0.0
0.0
0.0
0.0
0.0
2.0
73.0
166.0
439.0
513.0
510.0
541.0
542.0
331.0
226.0
94.0
23.0
11.0
2.0
0.0
0.0
0.0
0.0
0.0
0.0
0.0
0.0
0.0
0.0
1.0
69.0
167.0
288.0
349.0
434.0
464.0
497.0
533.0
488.0
374.0
233.0
104.0
5.0
0.0
0.0
0.0
0.0
0.0
0.0
0.0
0.0
0.0
0.0
2.0
77.0
157.0
68.0
124.0
272.0
504.0
383.0
372.0
212.0
319.0
266.0
154.0
18.0
0.0
0.0
0.0
0.0
0.0
0.0
0.0
0.0
0.0
0.0
1.0
13.0
29.0
45.0
60.0
78.0
82.0
83.0
75.0
66.0
49.0
36.0
18.0
2.0
0.0
0.0
0.0
0.0
0.0
0.0
0.0
0.0
0.0
0.0
1.0
61.0
145.0
254.0
349.0
406.0
384.0
408.0
339.0
322.0
267.0
183.0
83.0
3.0
0.0
0.0
0.0
0.0
0.0
0.0
0.0
0.0
0.0
0.0
2.0
61.0
179.0
222.0
332.0
382.0
431.0
547.0
595.0
470.0
392.0
214.0
104.0
3.0
0.0
0.0
0.0
0.0
0.0
0.0
0.0
0.0
0.0
0.0
18.0
123.0
301.0
301.0
124.0
72.0
330.0
681.0
769.0
669.0
364.0
116.0
80.0
3.0
0.0
0.0
0.0
0.0
0.0
0.0
0.0
0.0
0.0
0.0
9.0
127.0
300.0
355.0
506.0
580.0
598.0
660.0
557.0
474.0
337.0
199.0
108.0
13.0
0.0
0.0
0.0
0.0
0.0
0.0
0.0
0.0
0.0
0.0
8.0
129.0
271.0
430.0
557.0
636.0
687.0
695.0
651.0
553.0
437.0
293.0
146.0
13.0
0.0
0.0
0.0
0.0
0.0
0.0
0.0
0.0
0.0
0.0
5.0
67.0
146.0
249.0
322.0
343.0
367.0
354.0
333.0
295.0
244.0
157.0
77.0
3.0
0.0
0.0
0.0
0.0
0.0
0.0
0.0
0.0
0.0
0.0
11.0
118.0
190.0
300.0
398.0
331.0
409.0
356.0
512.0
641.0
430.0
373.0
161.0
38.0
0.0
0.0
0.0
0.0
0.0
0.0
0.0
0.0
0.0
0.0
10.0
96.0
182.0
268.0
347.0
395.0
427.0
432.0
367.0
284.0
232.0
164.0
63.0
4.0
0.0
0.0
0.0
0.0
0.0
0.0
0.0
0.0
0.0
0.0
11.0
125.0
314.0
440.0
530.0
609.0
620.0
664.0
505.0
468.0
342.0
280.0
149.0
19.0
0.0
0.0
0.0
0.0
0.0
0.0
0.0
0.0
0.0
0.0
16.0
161.0
321.0
479.0
605.0
710.0
754.0
751.0
711.0
618.0
490.0
338.0
177.0
22.0
0.0
0.0
0.0
0.0
0.0
0.0
0.0
0.0
0.0
0.0
19.0
171.0
335.0
495.0
632.0
723.0
768.0
776.0
729.0
639.0
504.0
346.0
184.0
52.0
0.0
0.0
0.0
0.0
0.0
0.0
0.0
0.0
0.0
0.0
22.0
136.0
243.0
406.0
550.0
723.0
627.0
726.0
473.0
375.0
237.0
210.0
73.0
29.0
0.0
0.0
0.0
0.0
0.0
0.0
0.0
0.0
0.0
0.0
21.0
153.0
305.0
464.0
581.0
677.0
701.0
712.0
686.0
587.0
486.0
346.0
189.0
60.0
0.0
0.0
0.0
0.0
0.0
0.0
0.0
0.0
0.0
0.0
18.0
55.0
116.0
134.0
163.0
202.0
208.0
239.0
164.0
195.0
144.0
60.0
45.0
14.0
0.0
0.0
0.0
0.0
0.0
0.0
0.0
0.0
0.0
0.0
42.0
191.0
238.0
414.0
674.0
655.0
410.0
373.0
581.0
332.0
452.0
330.0
133.0
18.0
0.0
0.0
0.0
0.0
0.0
0.0
0.0
0.0
0.0
0.0
8.0
25.0
45.0
60.0
82.0
94.0
100.0
97.0
89.0
81.0
58.0
45.0
27.0
9.0
0.0
0.0
0.0
0.0
0.0
0.0
0.0
0.0
0.0
0.0
58.0
229.0
225.0
229.0
310.0
212.0
345.0
412.0
343.0
466.0
305.0
179.0
100.0
6.0
0.0
0.0
0.0
0.0
0.0
0.0
0.0
0.0
0.0
0.0
54.0
169.0
302.0
424.0
532.0
610.0
649.0
655.0
612.0
539.0
433.0
306.0
174.0
59.0
0.0
0.0
0.0
0.0
0.0
0.0
0.0
0.0
0.0
0.0
49.0
153.0
262.0
384.0
486.0
567.0
614.0
619.0
574.0
502.0
403.0
283.0
160.0
55.0
0.0
0.0
0.0
0.0
0.0
0.0
0.0
0.0
0.0
0.0
52.0
147.0
256.0
375.0
477.0
547.0
601.0
599.0
566.0
484.0
377.0
271.0
163.0
56.0
1.0
0.0
0.0
0.0
0.0
0.0
0.0
0.0
0.0
2.0
52.0
64.0
310.0
379.0
283.0
228.0
530.0
483.0
515.0
729.0
508.0
114.0
18.0
6.0
5.0
0.0
0.0
0.0
0.0
0.0
0.0
0.0
0.0
0.0
55.0
157.0
273.0
366.0
468.0
557.0
600.0
629.0
597.0
523.0
404.0
290.0
163.0
59.0
1.0
0.0
0.0
0.0
0.0
0.0
0.0
0.0
0.0
2.0
92.0
251.0
420.0
593.0
714.0
772.0
453.0
412.0
422.0
360.0
266.0
193.0
112.0
44.0
1.0
0.0
0.0
0.0
0.0
0.0
0.0
0.0
0.0
3.0
67.0
127.0
290.0
589.0
607.0
630.0
657.0
386.0
395.0
357.0
250.0
92.0
36.0
7.0
1.0
0.0
0.0
0.0
0.0
0.0
0.0
0.0
0.0
2.0
29.0
132.0
325.0
284.0
200.0
66.0
71.0
145.0
215.0
320.0
595.0
464.0
261.0
85.0
8.0
0.0
0.0
0.0
0.0
0.0
0.0
0.0
0.0
1.0
8.0
21.0
176.0
48.0
117.0
511.0
944.0
766.0
391.0
59.0
352.0
108.0
112.0
74.0
11.0
0.0
0.0
0.0
0.0
0.0
0.0
0.0
0.0
1.0
44.0
121.0
216.0
269.0
340.0
379.0
396.0
406.0
375.0
324.0
262.0
204.0
100.0
34.0
1.0
0.0
0.0
0.0
0.0
0.0
0.0
0.0
0.0
2.0
43.0
123.0
201.0
260.0
321.0
328.0
354.0
368.0
339.0
315.0
247.0
178.0
96.0
28.0
1.0
0.0
0.0
0.0
0.0
0.0
0.0
0.0
0.0
3.0
93.0
229.0
382.0
519.0
634.0
716.0
761.0
768.0
733.0
651.0
529.0
392.0
238.0
101.0
3.0
0.0
0.0
0.0
0.0
0.0
0.0
0.0
0.0
2.0
76.0
182.0
298.0
397.0
461.0
543.0
606.0
590.0
538.0
479.0
383.0
270.0
166.0
63.0
1.0
0.0
0.0
0.0
0.0
0.0
0.0
0.0
0.0
4.0
82.0
187.0
290.0
391.0
492.0
514.0
564.0
573.0
507.0
429.0
338.0
261.0
166.0
67.0
1.0
0.0
0.0
0.0
0.0
0.0
0.0
0.0
0.0
5.0
105.0
244.0
403.0
556.0
676.0
770.0
816.0
812.0
768.0
686.0
571.0
421.0
261.0
113.0
6.0
0.0
0.0
0.0
0.0
0.0
0.0
0.0
0.0
5.0
79.0
178.0
303.0
408.0
449.0
520.0
543.0
510.0
502.0
454.0
328.0
274.0
157.0
57.0
2.0
0.0
0.0
0.0
0.0
0.0
0.0
0.0
0.0
6.0
117.0
263.0
420.0
566.0
680.0
762.0
811.0
808.0
756.0
671.0
556.0
409.0
252.0
110.0
4.0
0.0
0.0
0.0
0.0
0.0
0.0
0.0
0.0
2.0
34.0
84.0
131.0
210.0
266.0
311.0
325.0
288.0
268.0
242.0
222.0
155.0
99.0
44.0
3.0
0.0
0.0
0.0
0.0
0.0
0.0
0.0
0.0
8.0
127.0
284.0
461.0
607.0
737.0
827.0
423.0
431.0
408.0
364.0
295.0
188.0
125.0
53.0
2.0
0.0
0.0
0.0
0.0
0.0
0.0
0.0
0.0
7.0
112.0
249.0
397.0
546.0
659.0
743.0
782.0
789.0
750.0
667.0
547.0
411.0
265.0
125.0
11.0
0.0
0.0
0.0
0.0
0.0
0.0
0.0
0.0
9.0
124.0
270.0
428.0
575.0
699.0
787.0
835.0
839.0
800.0
714.0
590.0
443.0
284.0
133.0
12.0
0.0
0.0
0.0
0.0
0.0
0.0
0.0
0.0
10.0
125.0
271.0
429.0
586.0
697.0
778.0
823.0
814.0
757.0
674.0
557.0
417.0
267.0
126.0
11.0
0.0
0.0
0.0
0.0
0.0
0.0
0.0
0.0
10.0
109.0
219.0
339.0
411.0
541.0
677.0
679.0
729.0
718.0
580.0
423.0
298.0
183.0
76.0
2.0
0.0
0.0
0.0
0.0
0.0
0.0
0.0
0.0
11.0
115.0
244.0
368.0
498.0
589.0
656.0
727.0
752.0
659.0
562.0
429.0
317.0
207.0
101.0
3.0
0.0
0.0
0.0
0.0
0.0
0.0
0.0
0.0
5.0
96.0
218.0
236.0
313.0
468.0
454.0
350.0
597.0
413.0
68.0
207.0
138.0
146.0
132.0
34.0
0.0
0.0
0.0
0.0
0.0
0.0
0.0
0.0
19.0
165.0
324.0
452.0
609.0
743.0
827.0
369.0
351.0
335.0
301.0
230.0
222.0
139.0
73.0
7.0
0.0
0.0
0.0
0.0
0.0
0.0
0.0
0.0
3.0
15.0
30.0
42.0
60.0
74.0
77.0
83.0
80.0
75.0
71.0
60.0
44.0
29.0
14.0
3.0
0.0
0.0
0.0
0.0
0.0
0.0
0.0
0.0
3.0
47.0
134.0
124.0
69.0
139.0
269.0
396.0
378.0
513.0
614.0
483.0
370.0
341.0
170.0
32.0
0.0
0.0
0.0
0.0
0.0
0.0
0.0
0.0
6.0
61.0
121.0
162.0
241.0
266.0
302.0
333.0
300.0
299.0
233.0
179.0
133.0
80.0
44.0
4.0
0.0
0.0
0.0
0.0
0.0
0.0
0.0
0.0
18.0
146.0
289.0
440.0
576.0
680.0
742.0
785.0
787.0
752.0
682.0
570.0
434.0
296.0
150.0
20.0
0.0
0.0
0.0
0.0
0.0
0.0
0.0
0.0
19.0
149.0
290.0
441.0
580.0
699.0
775.0
817.0
827.0
777.0
694.0
587.0
457.0
308.0
157.0
21.0
0.0
0.0
0.0
0.0
0.0
0.0
0.0
0.0
23.0
176.0
342.0
515.0
673.0
806.0
899.0
945.0
940.0
890.0
795.0
662.0
502.0
332.0
168.0
45.0
0.0
0.0
0.0
0.0
0.0
0.0
0.0
0.0
28.0
96.0
232.0
346.0
459.0
552.0
579.0
630.0
649.0
639.0
635.0
590.0
477.0
342.0
181.0
53.0
0.0
0.0
0.0
0.0
0.0
0.0
0.0
0.0
51.0
183.0
188.0
499.0
641.0
850.0
715.0
521.0
80.0
76.0
68.0
169.0
62.0
84.0
15.0
5.0
0.0
0.0
0.0
0.0
0.0
0.0
0.0
0.0
21.0
38.0
25.0
309.0
618.0
815.0
787.0
361.0
493.0
407.0
436.0
429.0
312.0
251.0
137.0
26.0
0.0
0.0
0.0
0.0
0.0
0.0
0.0
0.0
55.0
168.0
365.0
541.0
718.0
794.0
846.0
459.0
463.0
449.0
299.0
277.0
212.0
123.0
25.0
5.0
0.0
0.0
0.0
0.0
0.0
0.0
0.0
0.0
38.0
137.0
197.0
185.0
207.0
505.0
431.0
69.0
323.0
509.0
584.0
263.0
220.0
174.0
34.0
34.0
0.0
0.0
0.0
0.0
0.0
0.0
0.0
0.0
39.0
66.0
134.0
270.0
230.0
180.0
237.0
291.0
474.0
703.0
399.0
586.0
381.0
294.0
110.0
50.0
0.0
0.0
0.0
0.0
0.0
0.0
0.0
0.0
33.0
116.0
91.0
213.0
502.0
681.0
669.0
518.0
271.0
453.0
174.0
562.0
560.0
368.0
72.0
39.0
0.0
0.0
0.0
0.0
0.0
0.0
0.0
0.0
4.0
14.0
26.0
38.0
50.0
60.0
67.0
223.0
667.0
639.0
446.0
637.0
539.0
365.0
130.0
53.0
2.0
0.0
0.0
0.0
0.0
0.0
0.0
0.0
55.0
185.0
352.0
514.0
688.0
822.0
637.0
426.0
227.0
102.0
60.0
51.0
39.0
27.0
14.0
5.0
0.0
0.0
0.0
0.0
0.0
0.0
0.0
0.0
55.0
189.0
363.0
466.0
576.0
664.0
593.0
621.0
458.0
278.0
230.0
267.0
244.0
162.0
71.0
22.0
0.0
0.0
0.0
0.0
0.0
0.0
0.0
0.0
44.0
140.0
262.0
392.0
509.0
608.0
679.0
718.0
718.0
681.0
608.0
509.0
396.0
270.0
147.0
49.0
0.0
0.0
0.0
0.0
0.0
0.0
0.0
0.0
13.0
54.0
83.0
152.0
203.0
220.0
257.0
225.0
185.0
208.0
210.0
166.0
139.0
80.0
55.0
22.0
0.0
0.0
0.0
0.0
0.0
0.0
0.0
0.0
11.0
37.0
68.0
112.0
171.0
157.0
171.0
214.0
217.0
171.0
146.0
126.0
99.0
61.0
26.0
10.0
0.0
0.0
0.0
0.0
0.0
0.0
0.0
0.0
26.0
20.0
26.0
55.0
156.0
228.0
243.0
286.0
239.0
324.0
368.0
329.0
313.0
202.0
101.0
48.0
1.0
0.0
0.0
0.0
0.0
0.0
0.0
0.0
53.0
144.0
297.0
503.0
637.0
846.0
945.0
599.0
547.0
368.0
324.0
256.0
202.0
192.0
119.0
15.0
0.0
0.0
0.0
0.0
0.0
0.0
0.0
0.0
33.0
108.0
210.0
291.0
383.0
430.0
503.0
555.0
550.0
511.0
444.0
392.0
312.0
208.0
113.0
38.0
0.0
0.0
0.0
0.0
0.0
0.0
0.0
0.0
22.0
71.0
41.0
116.0
80.0
199.0
346.0
436.0
494.0
584.0
461.0
439.0
415.0
282.0
189.0
78.0
3.0
0.0
0.0
0.0
0.0
0.0
0.0
0.0
30.0
89.0
181.0
252.0
308.0
388.0
419.0
507.0
507.0
471.0
435.0
358.0
302.0
178.0
92.0
39.0
0.0
0.0
0.0
0.0
0.0
0.0
0.0
0.0
59.0
180.0
337.0
499.0
650.0
772.0
859.0
903.0
905.0
859.0
777.0
653.0
509.0
349.0
193.0
68.0
1.0
0.0
0.0
0.0
0.0
0.0
0.0
0.0
35.0
111.0
200.0
287.0
371.0
439.0
482.0
548.0
471.0
448.0
401.0
343.0
271.0
159.0
77.0
26.0
0.0
0.0
0.0
0.0
0.0
0.0
0.0
0.0
58.0
177.0
329.0
488.0
637.0
760.0
846.0
888.0
895.0
854.0
771.0
655.0
508.0
352.0
197.0
71.0
1.0
0.0
0.0
0.0
0.0
0.0
0.0
0.0
7.0
22.0
44.0
67.0
98.0
115.0
131.0
134.0
139.0
123.0
113.0
89.0
66.0
39.0
24.0
10.0
0.0
0.0
0.0
0.0
0.0
0.0
0.0
1.0
62.0
49.0
27.0
46.0
243.0
547.0
745.0
599.0
654.0
369.0
459.0
293.0
167.0
347.0
68.0
13.0
1.0
0.0
0.0
0.0
0.0
0.0
0.0
0.0
50.0
151.0
286.0
435.0
569.0
689.0
757.0
809.0
812.0
766.0
703.0
613.0
477.0
339.0
195.0
73.0
1.0
0.0
0.0
0.0
0.0
0.0
0.0
1.0
35.0
80.0
141.0
133.0
218.0
329.0
427.0
587.0
515.0
434.0
311.0
395.0
351.0
257.0
171.0
80.0
4.0
0.0
0.0
0.0
0.0
0.0
0.0
0.0
50.0
144.0
224.0
393.0
647.0
596.0
605.0
716.0
467.0
211.0
112.0
148.0
204.0
125.0
94.0
64.0
3.0
0.0
0.0
0.0
0.0
0.0
0.0
0.0
43.0
142.0
291.0
476.0
670.0
752.0
794.0
457.0
508.0
525.0
400.0
347.0
206.0
155.0
102.0
33.0
1.0
0.0
0.0
0.0
0.0
0.0
0.0
0.0
53.0
163.0
308.0
458.0
595.0
698.0
780.0
830.0
823.0
782.0
694.0
586.0
451.0
308.0
170.0
60.0
1.0
0.0
0.0
0.0
0.0
0.0
0.0
0.0
53.0
165.0
312.0
463.0
601.0
724.0
807.0
852.0
859.0
824.0
746.0
634.0
494.0
343.0
192.0
71.0
1.0
0.0
0.0
0.0
0.0
0.0
0.0
0.0
51.0
163.0
310.0
459.0
595.0
709.0
793.0
830.0
832.0
793.0
715.0
603.0
468.0
323.0
178.0
64.0
1.0
0.0
0.0
0.0
0.0
0.0
0.0
0.0
50.0
157.0
298.0
446.0
587.0
707.0
791.0
838.0
842.0
805.0
731.0
627.0
492.0
343.0
196.0
74.0
1.0
0.0
0.0
0.0
0.0
0.0
0.0
0.0
56.0
178.0
335.0
501.0
653.0
779.0
871.0
919.0
921.0
876.0
792.0
668.0
519.0
355.0
198.0
71.0
1.0
0.0
0.0
0.0
0.0
0.0
0.0
0.0
23.0
74.0
146.0
231.0
290.0
380.0
423.0
442.0
428.0
399.0
349.0
262.0
199.0
128.0
52.0
11.0
0.0
0.0
0.0
0.0
0.0
0.0
0.0
0.0
58.0
174.0
315.0
472.0
637.0
758.0
861.0
468.0
466.0
425.0
396.0
333.0
244.0
166.0
94.0
34.0
1.0
0.0
0.0
0.0
0.0
0.0
0.0
0.0
51.0
166.0
321.0
484.0
636.0
762.0
850.0
900.0
903.0
864.0
779.0
657.0
509.0
349.0
194.0
69.0
1.0
0.0
0.0
0.0
0.0
0.0
0.0
0.0
50.0
164.0
314.0
474.0
624.0
749.0
843.0
897.0
903.0
864.0
784.0
666.0
521.0
360.0
203.0
75.0
1.0
0.0
0.0
0.0
0.0
0.0
0.0
0.0
55.0
174.0
305.0
466.0
645.0
838.0
940.0
412.0
343.0
292.0
237.0
151.0
104.0
49.0
35.0
17.0
0.0
0.0
0.0
0.0
0.0
0.0
0.0
0.0
18.0
75.0
113.0
160.0
205.0
249.0
262.0
288.0
218.0
256.0
252.0
181.0
104.0
29.0
16.0
6.0
0.0
0.0
0.0
0.0
0.0
0.0
0.0
0.0
38.0
121.0
236.0
372.0
492.0
571.0
647.0
675.0
662.0
641.0
576.0
490.0
378.0
266.0
146.0
54.0
0.0
0.0
0.0
0.0
0.0
0.0
0.0
0.0
14.0
52.0
92.0
180.0
188.0
172.0
176.0
218.0
256.0
214.0
173.0
173.0
103.0
72.0
42.0
12.0
1.0
0.0
0.0
0.0
0.0
0.0
0.0
0.0
5.0
18.0
34.0
53.0
69.0
80.0
86.0
93.0
95.0
90.0
80.0
70.0
52.0
38.0
21.0
7.0
0.0
0.0
0.0
0.0
0.0
0.0
0.0
0.0
35.0
143.0
259.0
372.0
485.0
653.0
714.0
731.0
727.0
667.0
601.0
510.0
377.0
284.0
169.0
71.0
1.0
0.0
0.0
0.0
0.0
0.0
0.0
0.0
42.0
153.0
303.0
462.0
608.0
736.0
832.0
886.0
891.0
855.0
773.0
655.0
516.0
357.0
200.0
72.0
1.0
0.0
0.0
0.0
0.0
0.0
0.0
0.0
21.0
157.0
310.0
472.0
620.0
744.0
832.0
881.0
885.0
846.0
765.0
648.0
504.0
347.0
191.0
66.0
0.0
0.0
0.0
0.0
0.0
0.0
0.0
0.0
19.0
146.0
291.0
444.0
589.0
710.0
800.0
848.0
853.0
817.0
742.0
624.0
485.0
331.0
182.0
63.0
0.0
0.0
0.0
0.0
0.0
0.0
0.0
0.0
3.0
13.0
27.0
99.0
52.0
62.0
98.0
476.0
534.0
526.0
426.0
343.0
313.0
258.0
174.0
75.0
2.0
0.0
0.0
0.0
0.0
0.0
0.0
0.0
4.0
138.0
343.0
526.0
583.0
626.0
628.0
504.0
196.0
197.0
66.0
56.0
135.0
162.0
70.0
11.0
0.0
0.0
0.0
0.0
0.0
0.0
0.0
0.0
3.0
67.0
117.0
127.0
62.0
127.0
148.0
350.0
343.0
462.0
465.0
504.0
541.0
370.0
202.0
68.0
2.0
0.0
0.0
0.0
0.0
0.0
0.0
0.0
3.0
22.0
44.0
72.0
93.0
99.0
112.0
120.0
134.0
128.0
110.0
91.0
68.0
43.0
24.0
8.0
0.0
0.0
0.0
0.0
0.0
0.0
0.0
0.0
8.0
111.0
311.0
398.0
476.0
481.0
480.0
519.0
574.0
452.0
463.0
359.0
263.0
179.0
101.0
43.0
0.0
0.0
0.0
0.0
0.0
0.0
0.0
0.0
7.0
73.0
193.0
281.0
342.0
448.0
462.0
513.0
527.0
400.0
224.0
173.0
108.0
25.0
33.0
10.0
0.0
0.0
0.0
0.0
0.0
0.0
0.0
0.0
7.0
95.0
246.0
357.0
534.0
750.0
815.0
739.0
749.0
628.0
525.0
373.0
219.0
122.0
42.0
14.0
0.0
0.0
0.0
0.0
0.0
0.0
0.0
0.0
4.0
63.0
142.0
230.0
208.0
209.0
251.0
342.0
386.0
380.0
272.0
270.0
308.0
236.0
147.0
57.0
1.0
0.0
0.0
0.0
0.0
0.0
0.0
0.0
2.0
37.0
94.0
154.0
198.0
250.0
285.0
302.0
304.0
290.0
269.0
221.0
173.0
120.0
58.0
19.0
0.0
0.0
0.0
0.0
0.0
0.0
0.0
0.0
2.0
20.0
41.0
81.0
116.0
134.0
156.0
179.0
155.0
150.0
153.0
135.0
96.0
62.0
32.0
10.0
0.0
0.0
0.0
0.0
0.0
0.0
0.0
0.0
9.0
125.0
272.0
430.0
581.0
709.0
802.0
855.0
858.0
823.0
747.0
633.0
487.0
330.0
177.0
54.0
0.0
0.0
0.0
0.0
0.0
0.0
0.0
0.0
7.0
63.0
135.0
178.0
266.0
349.0
353.0
389.0
354.0
262.0
187.0
193.0
128.0
110.0
35.0
4.0
0.0
0.0
0.0
0.0
0.0
0.0
0.0
0.0
2.0
10.0
61.0
120.0
72.0
317.0
233.0
442.0
432.0
533.0
333.0
305.0
178.0
145.0
80.0
21.0
0.0
0.0
0.0
0.0
0.0
0.0
0.0
0.0
2.0
80.0
217.0
256.0
338.0
438.0
389.0
326.0
290.0
344.0
359.0
282.0
231.0
140.0
136.0
51.0
0.0
0.0
0.0
0.0
0.0
0.0
0.0
0.0
4.0
95.0
222.0
360.0
504.0
619.0
701.0
590.0
648.0
596.0
470.0
516.0
392.0
268.0
140.0
30.0
0.0
0.0
0.0
0.0
0.0
0.0
0.0
0.0
1.0
76.0
179.0
252.0
342.0
452.0
524.0
589.0
493.0
509.0
452.0
384.0
253.0
176.0
77.0
8.0
0.0
0.0
0.0
0.0
0.0
0.0
0.0
0.0
5.0
105.0
245.0
402.0
555.0
682.0
775.0
828.0
829.0
791.0
710.0
588.0
449.0
293.0
146.0
17.0
0.0
0.0
0.0
0.0
0.0
0.0
0.0
0.0
4.0
93.0
218.0
344.0
452.0
587.0
656.0
707.0
724.0
665.0
603.0
520.0
419.0
269.0
142.0
19.0
0.0
0.0
0.0
0.0
0.0
0.0
0.0
0.0
4.0
98.0
236.0
395.0
536.0
657.0
747.0
788.0
794.0
757.0
671.0
565.0
429.0
280.0
138.0
14.0
0.0
0.0
0.0
0.0
0.0
0.0
0.0
0.0
3.0
101.0
243.0
402.0
551.0
679.0
774.0
818.0
820.0
777.0
694.0
572.0
426.0
271.0
128.0
9.0
0.0
0.0
0.0
0.0
0.0
0.0
0.0
0.0
3.0
104.0
251.0
417.0
578.0
713.0
805.0
855.0
862.0
818.0
731.0
606.0
454.0
291.0
137.0
10.0
0.0
0.0
0.0
0.0
0.0
0.0
0.0
0.0
3.0
87.0
218.0
367.0
526.0
638.0
735.0
782.0
789.0
754.0
662.0
542.0
406.0
253.0
120.0
10.0
0.0
0.0
0.0
0.0
0.0
0.0
0.0
0.0
2.0
88.0
220.0
372.0
524.0
645.0
737.0
794.0
797.0
764.0
685.0
571.0
425.0
271.0
130.0
11.0
0.0
0.0
0.0
0.0
0.0
0.0
0.0
0.0
1.0
78.0
181.0
292.0
395.0
458.0
564.0
618.0
594.0
679.0
632.0
533.0
410.0
239.0
109.0
14.0
0.0
0.0
0.0
0.0
0.0
0.0
0.0
0.0
1.0
64.0
168.0
284.0
407.0
480.0
551.0
575.0
586.0
544.0
492.0
365.0
256.0
165.0
72.0
2.0
0.0
0.0
0.0
0.0
0.0
0.0
0.0
0.0
1.0
41.0
233.0
429.0
369.0
465.0
855.0
921.0
233.0
183.0
275.0
340.0
36.0
52.0
98.0
2.0
0.0
0.0
0.0
0.0
0.0
0.0
0.0
0.0
1.0
57.0
96.0
232.0
208.0
152.0
306.0
391.0
462.0
334.0
693.0
135.0
320.0
299.0
134.0
15.0
0.0
0.0
0.0
0.0
0.0
0.0
0.0
0.0
0.0
52.0
150.0
268.0
386.0
471.0
536.0
580.0
587.0
546.0
480.0
381.0
276.0
184.0
83.0
3.0
0.0
0.0
0.0
0.0
0.0
0.0
0.0
0.0
0.0
46.0
125.0
242.0
339.0
386.0
418.0
412.0
420.0
396.0
395.0
371.0
278.0
195.0
73.0
1.0
0.0
0.0
0.0
0.0
0.0
0.0
0.0
0.0
1.0
48.0
237.0
391.0
260.0
393.0
847.0
640.0
856.0
605.0
57.0
47.0
35.0
21.0
9.0
1.0
0.0
0.0
0.0
0.0
0.0
0.0
0.0
0.0
0.0
72.0
210.0
372.0
530.0
661.0
755.0
806.0
811.0
766.0
683.0
559.0
411.0
250.0
104.0
3.0
0.0
0.0
0.0
0.0
0.0
0.0
0.0
0.0
0.0
72.0
198.0
372.0
513.0
689.0
720.0
516.0
323.0
245.0
367.0
406.0
372.0
211.0
108.0
12.0
0.0
0.0
0.0
0.0
0.0
0.0
0.0
0.0
0.0
24.0
222.0
250.0
423.0
412.0
443.0
355.0
280.0
65.0
303.0
378.0
453.0
158.0
8.0
4.0
0.0
0.0
0.0
0.0
0.0
0.0
0.0
0.0
0.0
27.0
87.0
150.0
223.0
280.0
320.0
339.0
352.0
311.0
272.0
231.0
170.0
96.0
36.0
1.0
0.0
0.0
0.0
0.0
0.0
0.0
0.0
0.0
0.0
39.0
140.0
298.0
467.0
603.0
709.0
625.0
643.0
623.0
564.0
382.0
229.0
143.0
58.0
1.0
0.0
0.0
0.0
0.0
0.0
0.0
0.0
0.0
0.0
55.0
179.0
330.0
473.0
582.0
685.0
740.0
749.0
719.0
639.0
530.0
382.0
229.0
88.0
2.0
0.0
0.0
0.0
0.0
0.0
0.0
0.0
0.0
0.0
40.0
129.0
233.0
362.0
474.0
555.0
613.0
637.0
615.0
514.0
407.0
284.0
170.0
69.0
1.0
0.0
0.0
0.0
0.0
0.0
0.0
0.0
0.0
0.0
38.0
123.0
244.0
366.0
460.0
534.0
556.0
515.0
482.0
410.0
333.0
251.0
151.0
57.0
0.0
0.0
0.0
0.0
0.0
0.0
0.0
0.0
0.0
0.0
43.0
148.0
280.0
404.0
516.0
592.0
626.0
632.0
592.0
527.0
424.0
300.0
173.0
64.0
0.0
0.0
0.0
0.0
0.0
0.0
0.0
0.0
0.0
0.0
22.0
65.0
159.0
150.0
243.0
229.0
209.0
155.0
267.0
213.0
172.0
103.0
94.0
49.0
1.0
0.0
0.0
0.0
0.0
0.0
0.0
0.0
0.0
0.0
4.0
51.0
138.0
197.0
229.0
302.0
362.0
359.0
335.0
309.0
235.0
168.0
82.0
35.0
0.0
0.0
0.0
0.0
0.0
0.0
0.0
0.0
0.0
0.0
4.0
102.0
279.0
493.0
677.0
547.0
802.0
446.0
61.0
111.0
48.0
141.0
21.0
74.0
2.0
0.0
0.0
0.0
0.0
0.0
0.0
0.0
0.0
0.0
5.0
65.0
176.0
250.0
248.0
312.0
328.0
431.0
414.0
348.0
248.0
126.0
17.0
7.0
0.0
0.0
0.0
0.0
0.0
0.0
0.0
0.0
0.0
0.0
3.0
69.0
131.0
142.0
264.0
275.0
268.0
313.0
332.0
342.0
264.0
194.0
92.0
29.0
0.0
0.0
0.0
0.0
0.0
0.0
0.0
0.0
0.0
0.0
13.0
122.0
232.0
392.0
518.0
580.0
641.0
681.0
673.0
537.0
422.0
311.0
174.0
56.0
0.0
0.0
0.0
0.0
0.0
0.0
0.0
0.0
0.0
0.0
8.0
104.0
198.0
270.0
373.0
386.0
464.0
457.0
511.0
460.0
385.0
310.0
187.0
61.0
0.0
0.0
0.0
0.0
0.0
0.0
0.0
0.0
0.0
0.0
10.0
95.0
319.0
472.0
669.0
718.0
560.0
473.0
364.0
300.0
200.0
144.0
91.0
11.0
0.0
0.0
0.0
0.0
0.0
0.0
0.0
0.0
0.0
0.0
7.0
109.0
270.0
396.0
503.0
474.0
688.0
601.0
497.0
427.0
378.0
289.0
177.0
43.0
0.0
0.0
0.0
0.0
0.0
0.0
0.0
0.0
0.0
0.0
10.0
111.0
215.0
350.0
430.0
497.0
506.0
515.0
506.0
456.0
313.0
208.0
96.0
4.0
0.0
0.0
0.0
0.0
0.0
0.0
0.0
0.0
0.0
0.0
11.0
119.0
276.0
395.0
443.0
551.0
509.0
578.0
548.0
506.0
419.0
313.0
123.0
10.0
0.0
0.0
0.0
0.0
0.0
0.0
0.0
0.0
0.0
0.0
8.0
124.0
263.0
412.0
529.0
629.0
674.0
679.0
625.0
561.0
449.0
298.0
150.0
15.0
0.0
0.0
0.0
0.0
0.0
0.0
0.0
0.0
0.0
0.0
3.0
45.0
95.0
139.0
167.0
207.0
215.0
194.0
218.0
167.0
142.0
93.0
43.0
3.0
0.0
0.0
0.0
0.0
0.0
0.0
0.0
0.0
0.0
0.0
5.0
29.0
92.0
182.0
207.0
164.0
146.0
229.0
324.0
325.0
289.0
181.0
80.0
3.0
0.0
0.0
0.0
0.0
0.0
0.0
0.0
0.0
0.0
0.0
6.0
99.0
213.0
331.0
414.0
476.0
532.0
530.0
484.0
353.0
281.0
197.0
89.0
2.0
0.0
0.0
0.0
0.0
0.0
0.0
0.0
0.0
0.0
0.0
2.0
25.0
76.0
111.0
257.0
286.0
270.0
218.0
323.0
247.0
426.0
297.0
156.0
15.0
0.0
0.0
0.0
0.0
0.0
0.0
0.0
0.0
0.0
0.0
1.0
46.0
128.0
195.0
250.0
309.0
317.0
315.0
313.0
275.0
210.0
154.0
70.0
5.0
0.0
0.0
0.0
0.0
0.0
0.0
0.0
0.0
0.0
0.0
4.0
105.0
255.0
405.0
528.0
608.0
639.0
648.0
604.0
523.0
394.0
260.0
118.0
7.0
0.0
0.0
0.0
0.0
0.0
0.0
0.0
0.0
0.0
0.0
4.0
117.0
267.0
419.0
553.0
647.0
696.0
699.0
652.0
561.0
432.0
279.0
125.0
5.0
0.0
0.0
0.0
0.0
0.0
0.0
0.0
0.0
0.0
0.0
1.0
11.0
26.0
45.0
60.0
68.0
74.0
70.0
73.0
57.0
43.0
28.0
12.0
1.0
0.0
0.0
0.0
0.0
0.0
0.0
0.0
0.0
0.0
0.0
1.0
49.0
115.0
179.0
220.0
271.0
304.0
331.0
286.0
226.0
173.0
111.0
46.0
1.0
0.0
0.0
0.0
0.0
0.0
0.0
0.0
0.0
0.0
0.0
2.0
102.0
244.0
385.0
506.0
602.0
651.0
651.0
603.0
516.0
394.0
252.0
104.0
3.0
0.0
0.0
0.0
0.0
0.0
0.0
0.0
0.0
0.0
0.0
1.0
48.0
122.0
206.0
251.0
303.0
312.0
326.0
310.0
235.0
177.0
108.0
39.0
1.0
0.0
0.0
0.0
0.0
0.0
0.0
0.0
0.0
0.0
0.0
1.0
46.0
107.0
185.0
252.0
292.0
328.0
344.0
331.0
235.0
176.0
90.0
35.0
1.0
0.0
0.0
0.0
0.0
0.0
0.0
0.0
0.0
0.0
0.0
1.0
75.0
187.0
314.0
399.0
456.0
522.0
502.0
445.0
353.0
266.0
141.0
58.0
1.0
0.0
0.0
0.0
0.0
0.0
0.0
0.0
0.0
0.0
0.0
1.0
17.0
20.0
71.0
43.0
156.0
98.0
336.0
499.0
491.0
353.0
273.0
86.0
2.0
0.0
0.0
0.0
0.0
0.0
0.0
0.0
0.0
0.0
0.0
1.0
84.0
272.0
446.0
521.0
509.0
427.0
277.0
208.0
118.0
103.0
34.0
8.0
0.0
0.0
0.0
0.0
0.0
0.0
0.0
0.0
0.0
0.0
0.0
0.0
7.0
20.0
39.0
47.0
65.0
75.0
81.0
482.0
411.0
307.0
173.0
62.0
0.0
0.0
0.0
0.0
0.0
0.0
0.0
0.0
0.0
0.0
0.0
0.0
40.0
94.0
194.0
268.0
331.0
196.0
144.0
266.0
263.0
164.0
111.0
59.0
0.0
0.0
0.0
0.0
0.0
0.0
0.0
0.0
0.0
0.0
0.0
0.0
27.0
106.0
99.0
196.0
296.0
292.0
312.0
418.0
339.0
404.0
195.0
77.0
1.0
0.0
0.0
0.0
0.0
0.0
0.0
0.0
0.0
0.0
0.0
0.0
74.0
205.0
343.0
468.0
563.0
610.0
604.0
555.0
469.0
342.0
200.0
67.0
0.0
0.0
0.0
0.0
0.0
0.0
0.0
0.0
0.0
0.0
0.0
0.0
73.0
213.0
360.0
481.0
573.0
618.0
614.0
564.0
471.0
345.0
199.0
62.0
0.0
0.0
0.0
0.0
0.0
0.0
0.0
0.0
0.0
0.0
0.0
0.0
59.0
193.0
321.0
431.0
503.0
540.0
555.0
482.0
420.0
303.0
185.0
55.0
0.0
0.0
0.0
0.0
0.0
0.0
0.0
0.0
0.0
0.0
0.0
0.0
68.0
210.0
364.0
496.0
593.0
643.0
645.0
594.0
491.0
355.0
196.0
28.0
0.0
0.0
0.0
0.0
0.0
0.0
0.0
0.0
0.0
0.0
0.0
0.0
62.0
198.0
347.0
477.0
569.0
616.0
613.0
554.0
459.0
330.0
180.0
22.0
0.0
0.0
0.0
0.0
0.0
0.0
0.0
0.0
0.0
0.0
0.0
0.0
49.0
155.0
230.0
327.0
324.0
436.0
337.0
317.0
311.0
284.0
187.0
25.0
0.0
0.0
0.0
0.0
0.0
0.0
0.0
0.0
0.0
0.0
0.0
0.0
18.0
63.0
106.0
151.0
178.0
202.0
174.0
134.0
120.0
83.0
44.0
3.0
0.0
0.0
0.0
0.0
0.0
0.0
0.0
0.0
0.0
0.0
0.0
0.0
37.0
211.0
277.0
340.0
435.0
505.0
246.0
230.0
59.0
49.0
13.0
3.0
0.0
0.0
0.0
0.0
0.0
0.0
0.0
0.0
0.0
0.0
0.0
0.0
35.0
201.0
248.0
274.0
277.0
322.0
652.0
441.0
176.0
41.0
13.0
3.0
0.0
0.0
0.0
0.0
0.0
0.0
0.0
0.0
0.0
0.0
0.0
0.0
11.0
98.0
100.0
213.0
273.0
435.0
443.0
412.0
272.0
245.0
151.0
16.0
0.0
0.0
0.0
0.0
0.0
0.0
0.0
0.0
0.0
0.0
0.0
0.0
12.0
113.0
202.0
285.0
327.0
341.0
357.0
303.0
242.0
158.0
75.0
2.0
0.0
0.0
0.0
0.0
0.0
0.0
0.0
0.0
0.0
0.0
0.0
0.0
15.0
112.0
202.0
277.0
339.0
351.0
366.0
338.0
274.0
175.0
77.0
2.0
0.0
0.0
0.0
0.0
0.0
0.0
0.0
0.0
0.0
0.0
0.0
0.0
3.0
50.0
128.0
153.0
150.0
262.0
304.0
313.0
267.0
258.0
142.0
10.0
0.0
0.0
0.0
0.0
0.0
0.0
0.0
0.0
0.0
0.0
0.0
0.0
8.0
86.0
180.0
253.0
329.0
363.0
373.0
326.0
246.0
172.0
65.0
2.0
0.0
0.0
0.0
0.0
0.0
0.0
0.0
0.0
0.0
0.0
0.0
0.0
3.0
79.0
126.0
268.0
360.0
393.0
328.0
301.0
240.0
130.0
73.0
6.0
0.0
0.0
0.0
0.0
0.0
0.0
0.0
0.0
0.0
0.0
0.0
0.0
11.0
134.0
266.0
406.0
472.0
487.0
480.0
436.0
349.0
220.0
108.0
4.0
0.0
0.0
0.0
0.0
0.0
0.0
0.0
0.0
0.0
0.0
0.0
0.0
9.0
16.0
90.0
190.0
210.0
378.0
385.0
221.0
163.0
159.0
118.0
10.0
0.0
0.0
0.0
0.0
0.0
0.0
0.0
0.0
0.0
0.0
0.0
0.0
7.0
78.0
150.0
192.0
243.0
278.0
269.0
253.0
179.0
111.0
48.0
1.0
0.0
0.0
0.0
0.0
0.0
0.0
0.0
0.0
0.0
0.0
0.0
0.0
3.0
44.0
87.0
114.0
131.0
116.0
111.0
419.0
321.0
193.0
79.0
1.0
0.0
0.0
0.0
0.0
0.0
0.0
0.0
0.0
0.0
0.0
0.0
0.0
4.0
60.0
126.0
172.0
238.0
265.0
247.0
236.0
184.0
112.0
45.0
1.0
0.0
0.0
0.0
0.0
0.0
0.0
0.0
0.0
0.0
0.0
0.0
0.0
2.0
94.0
208.0
354.0
429.0
419.0
324.0
289.0
208.0
141.0
70.0
1.0
0.0
0.0
0.0
0.0
0.0
0.0
0.0
0.0
0.0
0.0
0.0
0.0
2.0
28.0
58.0
95.0
115.0
102.0
107.0
94.0
73.0
51.0
17.0
0.0
0.0
0.0
0.0
0.0
0.0
0.0
0.0
0.0
0.0
0.0
0.0
0.0
3.0
42.0
73.0
126.0
146.0
113.0
111.0
101.0
83.0
60.0
23.0
0.0
0.0
0.0
0.0
0.0
0.0
0.0
0.0
0.0
0.0
0.0
0.0
0.0
1.0
56.0
141.0
227.0
252.0
241.0
234.0
176.0
152.0
90.0
53.0
0.0
0.0
0.0
0.0
0.0
0.0
0.0
0.0
0.0
0.0
0.0
0.0
0.0
3.0
105.0
232.0
346.0
429.0
467.0
459.0
404.0
310.0
188.0
67.0
0.0
0.0
0.0
0.0
0.0
0.0
0.0
0.0
0.0
0.0
0.0
0.0
0.0
1.0
74.0
185.0
301.0
352.0
352.0
373.0
344.0
262.0
151.0
50.0
0.0
0.0
0.0
0.0
0.0
0.0
0.0
0.0
0.0
0.0
0.0
0.0
0.0
1.0
19.0
49.0
70.0
125.0
141.0
128.0
102.0
75.0
44.0
16.0
0.0
0.0
0.0
0.0
0.0
0.0
0.0
0.0
0.0
0.0
0.0
0.0
0.0
1.0
7.0
21.0
37.0
50.0
69.0
75.0
339.0
255.0
150.0
49.0
0.0
0.0
0.0
0.0
0.0
0.0
0.0
0.0
0.0
0.0
0.0
0.0
0.0
1.0
49.0
122.0
193.0
243.0
257.0
241.0
213.0
167.0
91.0
33.0
0.0
0.0
0.0
0.0
0.0
0.0
0.0
0.0
0.0
0.0
0.0
0.0
0.0
1.0
70.0
159.0
227.0
348.0
375.0
382.0
321.0
250.0
156.0
13.0
0.0
0.0
0.0
0.0
0.0
0.0
0.0
0.0
0.0
0.0
0.0
0.0
0.0
1.0
70.0
170.0
276.0
340.0
379.0
368.0
330.0
245.0
143.0
22.0
0.0
0.0
0.0
0.0
0.0
0.0
0.0
0.0
0.0
0.0
0.0
0.0
0.0
0.0
22.0
47.0
78.0
81.0
81.0
83.0
81.0
69.0
38.0
5.0
0.0
0.0
0.0
0.0
0.0
0.0
0.0
0.0
0.0
0.0
0.0
0.0
0.0
0.0
17.0
42.0
62.0
77.0
80.0
77.0
71.0
58.0
32.0
4.0
0.0
0.0
0.0
0.0
0.0
0.0
0.0
0.0
0.0
0.0
0.0
0.0
0.0
0.0
64.0
165.0
270.0
345.0
369.0
374.0
319.0
235.0
130.0
14.0
0.0
0.0
0.0
0.0
0.0
0.0
0.0
0.0
0.0
0.0
0.0
0.0
0.0
0.0
18.0
37.0
75.0
82.0
60.0
35.0
300.0
218.0
123.0
10.0
0.0
0.0
0.0
0.0
0.0
0.0
0.0
0.0
0.0
0.0
0.0
0.0
0.0
0.0
62.0
202.0
282.0
317.0
294.0
306.0
285.0
189.0
85.0
6.0
0.0
0.0
0.0
0.0
0.0
0.0
0.0
0.0
0.0
0.0
0.0
0.0
0.0
0.0
10.0
20.0
41.0
29.0
71.0
50.0
302.0
224.0
104.0
7.0
0.0
0.0
0.0
0.0
0.0
0.0
0.0
0.0
0.0
0.0
0.0
0.0
0.0
0.0
33.0
103.0
142.0
207.0
242.0
245.0
192.0
85.0
11.0
2.0
0.0
0.0
0.0
0.0
0.0
0.0
0.0
0.0
0.0
0.0
0.0
0.0
0.0
0.0
49.0
120.0
181.0
299.0
285.0
304.0
307.0
220.0
135.0
23.0
0.0
0.0
0.0
0.0
0.0
0.0
0.0
0.0
0.0
0.0
0.0
0.0
0.0
0.0
28.0
135.0
303.0
286.0
239.0
171.0
129.0
102.0
13.0
2.0
0.0
0.0
0.0
0.0
0.0
0.0
0.0
0.0
0.0
0.0
0.0
0.0
0.0
0.0
44.0
119.0
212.0
253.0
311.0
311.0
310.0
245.0
108.0
5.0
0.0
0.0
0.0
0.0
0.0
0.0
0.0
0.0
0.0
0.0
0.0
0.0
0.0
0.0
50.0
156.0
269.0
343.0
391.0
355.0
279.0
186.0
79.0
2.0
0.0
0.0
0.0
0.0
0.0
0.0
0.0
0.0
0.0
0.0
0.0
0.0
0.0
0.0
22.0
152.0
260.0
344.0
388.0
380.0
328.0
225.0
107.0
4.0
0.0
0.0
0.0
0.0
0.0
0.0
0.0
0.0
0.0
0.0
0.0
0.0
0.0
0.0
30.0
131.0
168.0
159.0
241.0
152.0
127.0
167.0
81.0
1.0
0.0
0.0
0.0
0.0
0.0
0.0
0.0
0.0
0.0
0.0
0.0
0.0
0.0
0.0
4.0
21.0
38.0
25.0
52.0
64.0
264.0
218.0
110.0
6.0
0.0
0.0
0.0
0.0
0.0
0.0
0.0
0.0
0.0
0.0
0.0
0.0
0.0
0.0
3.0
21.0
33.0
60.0
46.0
32.0
294.0
203.0
97.0
2.0
0.0
0.0
0.0
0.0
0.0
0.0
0.0
0.0
0.0
0.0
0.0
0.0
0.0
0.0
3.0
65.0
109.0
151.0
182.0
216.0
193.0
106.0
60.0
3.0
0.0
0.0
0.0
0.0
0.0
0.0
0.0
0.0
0.0
0.0
0.0
0.0
0.0
0.0
11.0
121.0
220.0
280.0
304.0
308.0
247.0
165.0
73.0
1.0
0.0
0.0
0.0
0.0
0.0
0.0
0.0
0.0
0.0
0.0
0.0
0.0
0.0
0.0
8.0
82.0
171.0
217.0
255.0
240.0
201.0
130.0
57.0
1.0
0.0
0.0
0.0
0.0
0.0
0.0
0.0
0.0
0.0
0.0
0.0
0.0
0.0
0.0
4.0
28.0
51.0
90.0
111.0
93.0
80.0
51.0
25.0
1.0
0.0
0.0
0.0
0.0
0.0
0.0
0.0
0.0
0.0
0.0
0.0
0.0
0.0
0.0
2.0
14.0
26.0
35.0
40.0
40.0
35.0
22.0
10.0
0.0
0.0
0.0
0.0
0.0
0.0
0.0
0.0
0.0
0.0
0.0
0.0
0.0
0.0
0.0
2.0
9.0
18.0
25.0
27.0
26.0
23.0
15.0
6.0
0.0
0.0
0.0
0.0
0.0
0.0
0.0
0.0
0.0
0.0
0.0
0.0
0.0
0.0
0.0
13.0
115.0
242.0
56.0
145.0
224.0
243.0
155.0
35.0
2.0
0.0
0.0
0.0
0.0
0.0
0.0
0.0
0.0
0.0
0.0
0.0
0.0
0.0
0.0
2.0
52.0
107.0
156.0
174.0
167.0
169.0
103.0
41.0
0.0
0.0
0.0
0.0
0.0
0.0
0.0
0.0
0.0
0.0
0.0
0.0
0.0
0.0
0.0
1.0
99.0
173.0
191.0
217.0
231.0
171.0
131.0
47.0
0.0
0.0
0.0
0.0
0.0
0.0
0.0
0.0
0.0
0.0
0.0
0.0
0.0
0.0
0.0
4.0
104.0
230.0
231.0
214.0
184.0
136.0
104.0
50.0
0.0
0.0
0.0
0.0
0.0
0.0
0.0
0.0
0.0
0.0
0.0
0.0
0.0
0.0
0.0
3.0
79.0
144.0
232.0
256.0
244.0
230.0
178.0
67.0
0.0
0.0
0.0
0.0
0.0
0.0
0.0
0.0
0.0
0.0
0.0
0.0
0.0
0.0
0.0
1.0
26.0
60.0
73.0
87.0
66.0
60.0
41.0
14.0
0.0
0.0
0.0
0.0
0.0
0.0
0.0
0.0
0.0
0.0
0.0
0.0
0.0
0.0
0.0
1.0
7.0
15.0
72.0
67.0
107.0
210.0
162.0
49.0
0.0
0.0
0.0
0.0
0.0
0.0
0.0
0.0
0.0
0.0
0.0
0.0
0.0
0.0
0.0
1.0
34.0
86.0
61.0
107.0
110.0
56.0
39.0
22.0
0.0
0.0
0.0
0.0
0.0
0.0
0.0
0.0
0.0
0.0
0.0
0.0
0.0
0.0
0.0
1.0
39.0
91.0
147.0
179.0
177.0
148.0
89.0
30.0
0.0
0.0
0.0
0.0
0.0
0.0
0.0
0.0
0.0
0.0
0.0
0.0
0.0
0.0
0.0
1.0
10.0
53.0
62.0
94.0
171.0
212.0
158.0
54.0
0.0
0.0
0.0
0.0
0.0
0.0
0.0
0.0
0.0
0.0
0.0
0.0
0.0
0.0
0.0
2.0
25.0
67.0
97.0
139.0
103.0
72.0
64.0
20.0
0.0
0.0
0.0
0.0
0.0
0.0
0.0
0.0
0.0
0.0
0.0
0.0
0.0
0.0
0.0
0.0
33.0
13.0
116.0
154.0
150.0
216.0
129.0
6.0
0.0
0.0
0.0
0.0
0.0
0.0
0.0
0.0
0.0
0.0
0.0
0.0
0.0
0.0
0.0
0.0
8.0
14.0
69.0
133.0
164.0
119.0
101.0
17.0
0.0
0.0
0.0
0.0
0.0
0.0
0.0
0.0
0.0
0.0
0.0
0.0
0.0
0.0
0.0
1.0
62.0
154.0
228.0
228.0
249.0
212.0
132.0
23.0
0.0
0.0
0.0
0.0
0.0
0.0
0.0
0.0
0.0
0.0
0.0
0.0
0.0
0.0
0.0
0.0
47.0
96.0
134.0
174.0
155.0
125.0
67.0
4.0
0.0
0.0
0.0
0.0
0.0
0.0
0.0
0.0
0.0
0.0
0.0
0.0
0.0
0.0
0.0
0.0
45.0
102.0
129.0
159.0
137.0
109.0
50.0
3.0
0.0
0.0
0.0
0.0
0.0
0.0
0.0
0.0
0.0
0.0
0.0
0.0
0.0
0.0
0.0
0.0
26.0
40.0
27.0
65.0
76.0
228.0
101.0
18.0
0.0
0.0
0.0
0.0
0.0
0.0
0.0
0.0
0.0
0.0
0.0
0.0
0.0
0.0
0.0
0.0
30.0
76.0
121.0
134.0
118.0
121.0
72.0
3.0
0.0
0.0
0.0
0.0
0.0
0.0
0.0
0.0
0.0
0.0
0.0
0.0
0.0
0.0
0.0
0.0
26.0
73.0
108.0
123.0
118.0
83.0
48.0
3.0
0.0
0.0
0.0
0.0
0.0
0.0
0.0
0.0
0.0
0.0
0.0
0.0
0.0
0.0
0.0
0.0
46.0
148.0
152.0
136.0
165.0
151.0
110.0
19.0
0.0
0.0
0.0
0.0
0.0
0.0
0.0
0.0
0.0
0.0
0.0
0.0
0.0
0.0
0.0
0.0
7.0
17.0
29.0
32.0
33.0
27.0
16.0
3.0
0.0
0.0
0.0
0.0
0.0
0.0
0.0
0.0
0.0
0.0
0.0
0.0
0.0
0.0
0.0
0.0
9.0
24.0
40.0
43.0
44.0
34.0
19.0
2.0
0.0
0.0
0.0
0.0
0.0
0.0
0.0
0.0
0.0
0.0
0.0
0.0
0.0
0.0
0.0
0.0
5.0
13.0
19.0
25.0
22.0
18.0
11.0
2.0
0.0
0.0
0.0
0.0
0.0
0.0
0.0
0.0
0.0
0.0
0.0
0.0
0.0
0.0
0.0
0.0
5.0
15.0
22.0
26.0
27.0
21.0
12.0
2.0
0.0
0.0
0.0
0.0
0.0
0.0
0.0
0.0
0.0
0.0
0.0
0.0
0.0
0.0
0.0
0.0
14.0
113.0
187.0
186.0
175.0
131.0
71.0
5.0
0.0
0.0
0.0
0.0
0.0
0.0
0.0
0.0
0.0
0.0
0.0
0.0
0.0
0.0
0.0
0.0
10.0
73.0
144.0
203.0
194.0
130.0
77.0
2.0
0.0
0.0
0.0
0.0
0.0
0.0
0.0
0.0
0.0
0.0
0.0
0.0
0.0
0.0
0.0
0.0
11.0
92.0
158.0
233.0
210.0
138.0
107.0
12.0
0.0
0.0
0.0
0.0
0.0
0.0
0.0
0.0
0.0
0.0
0.0
0.0
0.0
0.0
0.0
0.0
8.0
55.0
107.0
132.0
144.0
89.0
62.0
2.0
0.0
0.0
0.0
0.0
0.0
0.0
0.0
0.0
0.0
0.0
0.0
0.0
0.0
0.0
0.0
0.0
13.0
99.0
166.0
206.0
209.0
178.0
107.0
12.0
0.0
0.0
0.0
0.0
0.0
0.0
0.0
0.0
0.0
0.0
0.0
0.0
0.0
0.0
0.0
0.0
13.0
88.0
137.0
158.0
146.0
118.0
56.0
2.0
0.0
0.0
0.0
0.0
0.0
0.0
0.0
0.0
0.0
0.0
0.0
0.0
0.0
0.0
0.0
0.0
6.0
92.0
152.0
131.0
154.0
177.0
87.0
10.0
0.0
0.0
0.0
0.0
0.0
0.0
0.0
0.0
0.0
0.0
0.0
0.0
0.0
0.0
0.0
0.0
6.0
57.0
107.0
121.0
134.0
99.0
54.0
2.0
0.0
0.0
0.0
0.0
0.0
0.0
0.0
0.0
0.0
0.0
0.0
0.0
0.0
0.0
0.0
0.0
11.0
83.0
149.0
188.0
166.0
137.0
62.0
2.0
0.0
0.0
0.0
0.0
0.0
0.0
0.0
0.0
0.0
0.0
0.0
0.0
0.0
0.0
0.0
0.0
2.0
7.0
11.0
18.0
51.0
154.0
88.0
12.0
0.0
0.0
0.0
0.0
0.0
0.0
0.0
0.0
0.0
0.0
0.0
0.0
0.0
0.0
0.0
0.0
2.0
17.0
20.0
26.0
35.0
162.0
97.0
8.0
0.0
0.0
0.0
0.0
0.0
0.0
0.0
0.0
0.0
0.0
0.0
0.0
0.0
0.0
0.0
0.0
2.0
15.0
26.0
33.0
35.0
29.0
14.0
2.0
0.0
0.0
0.0
0.0
0.0
0.0
0.0
0.0
0.0
0.0
0.0
0.0
0.0
0.0
0.0
0.0
2.0
20.0
33.0
43.0
40.0
35.0
19.0
2.0
0.0
0.0
0.0
0.0
0.0
0.0
0.0
0.0
0.0
0.0
0.0
0.0
0.0
0.0
0.0
0.0
2.0
13.0
41.0
81.0
117.0
92.0
68.0
6.0
0.0
0.0
0.0
0.0
0.0
0.0
0.0
0.0
0.0
0.0
0.0
0.0
0.0
0.0
0.0
0.0
7.0
56.0
28.0
43.0
101.0
104.0
101.0
20.0
0.0
0.0
0.0
0.0
0.0
0.0
0.0
0.0
0.0
0.0
0.0
0.0
0.0
0.0
0.0
0.0
7.0
50.0
141.0
88.0
160.0
54.0
9.0
4.0
0.0
0.0
0.0
0.0
0.0
0.0
0.0
0.0
0.0
0.0
0.0
0.0
0.0
0.0
0.0
0.0
4.0
91.0
157.0
202.0
191.0
115.0
74.0
9.0
0.0
0.0
0.0
0.0
0.0
0.0
0.0
0.0
0.0
0.0
0.0
0.0
0.0
0.0
0.0
0.0
2.0
12.0
21.0
24.0
25.0
21.0
12.0
2.0
0.0
0.0
0.0
0.0
0.0
0.0
0.0
0.0
0.0
0.0
0.0
0.0
0.0
0.0
0.0
0.0
1.0
7.0
12.0
17.0
32.0
149.0
86.0
10.0
0.0
0.0
0.0
0.0
0.0
0.0
0.0
0.0
0.0
0.0
0.0
0.0
0.0
0.0
0.0
0.0
6.0
52.0
87.0
102.0
102.0
73.0
48.0
2.0
0.0
0.0
0.0
0.0
0.0
0.0
0.0
0.0
0.0
0.0
0.0
0.0
0.0
0.0
0.0
0.0
2.0
22.0
42.0
53.0
57.0
43.0
25.0
3.0
0.0
0.0
0.0
0.0
0.0
0.0
0.0
0.0
0.0
0.0
0.0
0.0
0.0
0.0
0.0
0.0
7.0
68.0
103.0
80.0
88.0
48.0
57.0
6.0
0.0
0.0
0.0
0.0
0.0
0.0
0.0
0.0
0.0
0.0
0.0
0.0
0.0
0.0
0.0
0.0
3.0
70.0
134.0
154.0
165.0
128.0
51.0
2.0
0.0
0.0
0.0
0.0
0.0
0.0
0.0
0.0
0.0
0.0
0.0
0.0
0.0
0.0
0.0
0.0
2.0
47.0
96.0
126.0
141.0
120.0
71.0
9.0
0.0
0.0
0.0
0.0
0.0
0.0
0.0
0.0
0.0
0.0
0.0
0.0
0.0
0.0
0.0
0.0
2.0
43.0
79.0
112.0
110.0
85.0
54.0
4.0
0.0
0.0
0.0
0.0
0.0
0.0
0.0
0.0
0.0
0.0
0.0
0.0
0.0
0.0
0.0
0.0
5.0
36.0
90.0
81.0
83.0
73.0
51.0
4.0
0.0
0.0
0.0
0.0
0.0
0.0
0.0
0.0
0.0
0.0
0.0
0.0
0.0
0.0
0.0
0.0
1.0
86.0
111.0
170.0
176.0
153.0
74.0
17.0
0.0
0.0
0.0
0.0
0.0
0.0
0.0
0.0
0.0
0.0
0.0
0.0
0.0
0.0
0.0
0.0
4.0
90.0
171.0
209.0
183.0
159.0
100.0
16.0
0.0
0.0
0.0
0.0
0.0
0.0
0.0
0.0
