0.0
0.0
0.0
0.0
0.0
0.0
0.0
0.0
36.0
180.0
289.0
349.0
355.0
307.0
208.0
62.0
0.0
0.0
0.0
0.0
0.0
0.0
0.0
0.0
0.0
0.0
0.0
0.0
0.0
0.0
0.0
0.0
36.0
181.0
291.0
350.0
357.0
309.0
211.0
65.0
0.0
0.0
0.0
0.0
0.0
0.0
0.0
0.0
0.0
0.0
0.0
0.0
0.0
0.0
0.0
0.0
36.0
182.0
292.0
352.0
359.0
312.0
213.0
67.0
0.0
0.0
0.0
0.0
0.0
0.0
0.0
0.0
0.0
0.0
0.0
0.0
0.0
0.0
0.0
0.0
37.0
183.0
294.0
354.0
361.0
314.0
217.0
70.0
0.0
0.0
0.0
0.0
0.0
0.0
0.0
0.0
0.0
0.0
0.0
0.0
0.0
0.0
0.0
0.0
38.0
185.0
295.0
356.0
364.0
317.0
220.0
74.0
0.0
0.0
0.0
0.0
0.0
0.0
0.0
0.0
0.0
0.0
0.0
0.0
0.0
0.0
0.0
0.0
39.0
186.0
297.0
359.0
367.0
320.0
223.0
77.0
0.0
0.0
0.0
0.0
0.0
0.0
0.0
0.0
0.0
0.0
0.0
0.0
0.0
0.0
0.0
0.0
39.0
188.0
299.0
361.0
370.0
324.0
227.0
85.0
0.0
0.0
0.0
0.0
0.0
0.0
0.0
0.0
0.0
0.0
0.0
0.0
0.0
0.0
0.0
0.0
40.0
190.0
302.0
364.0
373.0
327.0
230.0
89.0
0.0
0.0
0.0
0.0
0.0
0.0
0.0
0.0
0.0
0.0
0.0
0.0
0.0
0.0
0.0
0.0
42.0
192.0
304.0
367.0
376.0
331.0
234.0
93.0
0.0
0.0
0.0
0.0
0.0
0.0
0.0
0.0
0.0
0.0
0.0
0.0
0.0
0.0
0.0
0.0
43.0
194.0
307.0
370.0
379.0
334.0
238.0
97.0
0.0
0.0
0.0
0.0
0.0
0.0
0.0
0.0
0.0
0.0
0.0
0.0
0.0
0.0
0.0
0.0
44.0
196.0
310.0
373.0
383.0
338.0
242.0
101.0
1.0
0.0
0.0
0.0
0.0
0.0
0.0
0.0
0.0
0.0
0.0
0.0
0.0
0.0
0.0
0.0
46.0
199.0
313.0
377.0
387.0
342.0
247.0
106.0
1.0
0.0
0.0
0.0
0.0
0.0
0.0
0.0
0.0
0.0
0.0
0.0
0.0
0.0
0.0
0.0
48.0
202.0
316.0
380.0
391.0
347.0
251.0
110.0
2.0
0.0
0.0
0.0
0.0
0.0
0.0
0.0
0.0
0.0
0.0
0.0
0.0
0.0
0.0
0.0
50.0
205.0
319.0
384.0
395.0
351.0
256.0
115.0
2.0
0.0
0.0
0.0
0.0
0.0
0.0
0.0
0.0
0.0
0.0
0.0
0.0
0.0
0.0
0.0
52.0
208.0
322.0
388.0
399.0
355.0
260.0
120.0
3.0
0.0
0.0
0.0
0.0
0.0
0.0
0.0
0.0
0.0
0.0
0.0
0.0
0.0
0.0
0.0
54.0
211.0
326.0
392.0
403.0
360.0
265.0
125.0
4.0
0.0
0.0
0.0
0.0
0.0
0.0
0.0
0.0
0.0
0.0
0.0
0.0
0.0
0.0
0.0
56.0
214.0
330.0
396.0
408.0
365.0
270.0
130.0
5.0
0.0
0.0
0.0
0.0
0.0
0.0
0.0
0.0
0.0
0.0
0.0
0.0
0.0
0.0
0.0
59.0
218.0
334.0
400.0
412.0
370.0
275.0
135.0
7.0
0.0
0.0
0.0
0.0
0.0
0.0
0.0
0.0
0.0
0.0
0.0
0.0
0.0
0.0
0.0
62.0
222.0
338.0
405.0
417.0
375.0
280.0
140.0
8.0
0.0
0.0
0.0
0.0
0.0
0.0
0.0
0.0
0.0
0.0
0.0
0.0
0.0
0.0
0.0
65.0
225.0
342.0
409.0
422.0
380.0
285.0
145.0
10.0
0.0
0.0
0.0
0.0
0.0
0.0
0.0
0.0
0.0
0.0
0.0
0.0
0.0
0.0
0.0
68.0
229.0
347.0
414.0
427.0
385.0
291.0
151.0
12.0
0.0
0.0
0.0
0.0
0.0
0.0
0.0
0.0
0.0
0.0
0.0
0.0
0.0
0.0
0.0
71.0
234.0
351.0
419.0
432.0
391.0
296.0
156.0
14.0
0.0
0.0
0.0
0.0
0.0
0.0
0.0
0.0
0.0
0.0
0.0
0.0
0.0
0.0
0.0
75.0
238.0
356.0
424.0
438.0
396.0
302.0
162.0
16.0
0.0
0.0
0.0
0.0
0.0
0.0
0.0
0.0
0.0
0.0
0.0
0.0
0.0
0.0
0.0
79.0
242.0
361.0
429.0
443.0
402.0
308.0
168.0
18.0
0.0
0.0
0.0
0.0
0.0
0.0
0.0
0.0
0.0
0.0
0.0
0.0
0.0
0.0
0.0
83.0
247.0
366.0
434.0
449.0
407.0
314.0
174.0
21.0
0.0
0.0
0.0
0.0
0.0
0.0
0.0
0.0
0.0
0.0
0.0
0.0
0.0
0.0
0.0
87.0
252.0
371.0
440.0
454.0
413.0
320.0
179.0
24.0
0.0
0.0
0.0
0.0
0.0
0.0
0.0
0.0
0.0
0.0
0.0
0.0
0.0
0.0
0.0
96.0
257.0
376.0
445.0
460.0
419.0
326.0
185.0
27.0
0.0
0.0
0.0
0.0
0.0
0.0
0.0
0.0
0.0
0.0
0.0
0.0
0.0
0.0
0.0
100.0
262.0
381.0
451.0
466.0
425.0
332.0
192.0
30.0
0.0
0.0
0.0
0.0
0.0
0.0
0.0
0.0
0.0
0.0
0.0
0.0
0.0
0.0
0.0
105.0
267.0
387.0
457.0
472.0
431.0
338.0
198.0
33.0
0.0
0.0
0.0
0.0
0.0
0.0
0.0
0.0
0.0
0.0
0.0
0.0
0.0
0.0
1.0
110.0
272.0
392.0
463.0
478.0
438.0
344.0
204.0
37.0
0.0
0.0
0.0
0.0
0.0
0.0
0.0
0.0
0.0
0.0
0.0
0.0
0.0
0.0
1.0
115.0
278.0
398.0
469.0
484.0
444.0
351.0
210.0
41.0
0.0
0.0
0.0
0.0
0.0
0.0
0.0
0.0
0.0
0.0
0.0
0.0
0.0
0.0
2.0
121.0
283.0
404.0
475.0
491.0
450.0
357.0
217.0
45.0
0.0
0.0
0.0
0.0
0.0
0.0
0.0
0.0
0.0
0.0
0.0
0.0
0.0
0.0
3.0
126.0
289.0
410.0
481.0
497.0
457.0
364.0
223.0
50.0
0.0
0.0
0.0
0.0
0.0
0.0
0.0
0.0
0.0
0.0
0.0
0.0
0.0
0.0
3.0
132.0
295.0
416.0
487.0
504.0
464.0
370.0
230.0
55.0
0.0
0.0
0.0
0.0
0.0
0.0
0.0
0.0
0.0
0.0
0.0
0.0
0.0
0.0
5.0
137.0
301.0
423.0
494.0
510.0
470.0
377.0
236.0
60.0
0.0
0.0
0.0
0.0
0.0
0.0
0.0
0.0
0.0
0.0
0.0
0.0
0.0
0.0
6.0
143.0
307.0
429.0
500.0
517.0
477.0
384.0
243.0
65.0
0.0
0.0
0.0
0.0
0.0
0.0
0.0
0.0
0.0
0.0
0.0
0.0
0.0
0.0
7.0
149.0
313.0
435.0
507.0
524.0
484.0
390.0
250.0
70.0
0.0
0.0
0.0
0.0
0.0
0.0
0.0
0.0
0.0
0.0
0.0
0.0
0.0
0.0
9.0
155.0
320.0
442.0
514.0
530.0
491.0
397.0
257.0
76.0
0.0
0.0
0.0
0.0
0.0
0.0
0.0
0.0
0.0
0.0
0.0
0.0
0.0
0.0
11.0
161.0
326.0
449.0
521.0
537.0
498.0
404.0
263.0
82.0
0.0
0.0
0.0
0.0
0.0
0.0
0.0
0.0
0.0
0.0
0.0
0.0
0.0
0.0
13.0
168.0
333.0
455.0
528.0
544.0
505.0
411.0
270.0
88.0
0.0
0.0
0.0
0.0
0.0
0.0
0.0
0.0
0.0
0.0
0.0
0.0
0.0
0.0
15.0
174.0
339.0
462.0
534.0
551.0
512.0
418.0
277.0
95.0
0.0
0.0
0.0
0.0
0.0
0.0
0.0
0.0
0.0
0.0
0.0
0.0
0.0
0.0
18.0
181.0
346.0
469.0
542.0
559.0
519.0
425.0
284.0
105.0
0.0
0.0
0.0
0.0
0.0
0.0
0.0
0.0
0.0
0.0
0.0
0.0
0.0
0.0
21.0
187.0
353.0
476.0
549.0
566.0
526.0
432.0
291.0
112.0
0.0
0.0
0.0
0.0
0.0
0.0
0.0
0.0
0.0
0.0
0.0
0.0
0.0
0.0
24.0
194.0
360.0
483.0
556.0
573.0
533.0
440.0
298.0
119.0
1.0
0.0
0.0
0.0
0.0
0.0
0.0
0.0
0.0
0.0
0.0
0.0
0.0
0.0
27.0
201.0
367.0
490.0
563.0
580.0
541.0
447.0
305.0
125.0
1.0
0.0
0.0
0.0
0.0
0.0
0.0
0.0
0.0
0.0
0.0
0.0
0.0
0.0
30.0
208.0
374.0
498.0
570.0
588.0
548.0
454.0
312.0
132.0
2.0
0.0
0.0
0.0
0.0
0.0
0.0
0.0
0.0
0.0
0.0
0.0
0.0
0.0
34.0
215.0
381.0
505.0
578.0
595.0
555.0
461.0
319.0
139.0
3.0
0.0
0.0
0.0
0.0
0.0
0.0
0.0
0.0
0.0
0.0
0.0
0.0
0.0
38.0
222.0
388.0
512.0
585.0
602.0
563.0
468.0
326.0
146.0
5.0
0.0
0.0
0.0
0.0
0.0
0.0
0.0
0.0
0.0
0.0
0.0
0.0
0.0
43.0
229.0
396.0
520.0
593.0
610.0
570.0
476.0
333.0
153.0
6.0
0.0
0.0
0.0
0.0
0.0
0.0
0.0
0.0
0.0
0.0
0.0
0.0
0.0
48.0
237.0
403.0
527.0
600.0
617.0
577.0
483.0
341.0
160.0
8.0
0.0
0.0
0.0
0.0
0.0
0.0
0.0
0.0
0.0
0.0
0.0
0.0
0.0
53.0
244.0
411.0
535.0
608.0
625.0
585.0
490.0
348.0
167.0
10.0
0.0
0.0
0.0
0.0
0.0
0.0
0.0
0.0
0.0
0.0
0.0
0.0
0.0
58.0
252.0
418.0
542.0
615.0
632.0
592.0
497.0
355.0
174.0
12.0
0.0
0.0
0.0
0.0
0.0
0.0
0.0
0.0
0.0
0.0
0.0
0.0
0.0
64.0
259.0
426.0
550.0
623.0
640.0
600.0
505.0
362.0
181.0
15.0
0.0
0.0
0.0
0.0
0.0
0.0
0.0
0.0
0.0
0.0
0.0
0.0
0.0
70.0
267.0
434.0
558.0
631.0
648.0
607.0
512.0
369.0
188.0
17.0
0.0
0.0
0.0
0.0
0.0
0.0
0.0
0.0
0.0
0.0
0.0
0.0
0.0
76.0
275.0
441.0
566.0
638.0
655.0
615.0
519.0
376.0
195.0
20.0
0.0
0.0
0.0
0.0
0.0
0.0
0.0
0.0
0.0
0.0
0.0
0.0
0.0
83.0
282.0
449.0
573.0
646.0
663.0
622.0
527.0
383.0
202.0
23.0
0.0
0.0
0.0
0.0
0.0
0.0
0.0
0.0
0.0
0.0
0.0
0.0
0.0
90.0
290.0
457.0
581.0
654.0
670.0
630.0
534.0
390.0
209.0
27.0
0.0
0.0
0.0
0.0
0.0
0.0
0.0
0.0
0.0
0.0
0.0
0.0
0.0
97.0
298.0
465.0
589.0
662.0
678.0
637.0
541.0
398.0
215.0
30.0
0.0
0.0
0.0
0.0
0.0
0.0
0.0
0.0
0.0
0.0
0.0
0.0
0.0
107.0
306.0
473.0
597.0
669.0
686.0
644.0
549.0
405.0
222.0
34.0
0.0
0.0
0.0
0.0
0.0
0.0
0.0
0.0
0.0
0.0
0.0
0.0
0.0
115.0
314.0
481.0
605.0
677.0
693.0
652.0
556.0
412.0
229.0
38.0
0.0
0.0
0.0
0.0
0.0
0.0
0.0
0.0
0.0
0.0
0.0
0.0
1.0
123.0
322.0
489.0
613.0
685.0
701.0
659.0
563.0
419.0
236.0
42.0
0.0
0.0
0.0
0.0
0.0
0.0
0.0
0.0
0.0
0.0
0.0
0.0
1.0
132.0
330.0
497.0
621.0
693.0
709.0
667.0
570.0
426.0
243.0
46.0
0.0
0.0
0.0
0.0
0.0
0.0
0.0
0.0
0.0
0.0
0.0
0.0
2.0
140.0
338.0
505.0
629.0
701.0
716.0
674.0
578.0
433.0
250.0
51.0
0.0
0.0
0.0
0.0
0.0
0.0
0.0
0.0
0.0
0.0
0.0
0.0
4.0
148.0
346.0
513.0
637.0
708.0
724.0
682.0
585.0
440.0
257.0
55.0
0.0
0.0
0.0
0.0
0.0
0.0
0.0
0.0
0.0
0.0
0.0
0.0
5.0
156.0
355.0
521.0
644.0
716.0
731.0
689.0
592.0
447.0
264.0
60.0
0.0
0.0
0.0
0.0
0.0
0.0
0.0
0.0
0.0
0.0
0.0
0.0
7.0
164.0
363.0
529.0
652.0
724.0
739.0
696.0
599.0
454.0
270.0
65.0
0.0
0.0
0.0
0.0
0.0
0.0
0.0
0.0
0.0
0.0
0.0
0.0
10.0
173.0
371.0
537.0
660.0
732.0
746.0
704.0
606.0
461.0
277.0
71.0
0.0
0.0
0.0
0.0
0.0
0.0
0.0
0.0
0.0
0.0
0.0
0.0
12.0
181.0
379.0
545.0
668.0
739.0
754.0
711.0
613.0
468.0
284.0
76.0
0.0
0.0
0.0
0.0
0.0
0.0
0.0
0.0
0.0
0.0
0.0
0.0
15.0
189.0
388.0
554.0
676.0
747.0
761.0
718.0
620.0
474.0
291.0
82.0
0.0
0.0
0.0
0.0
0.0
0.0
0.0
0.0
0.0
0.0
0.0
0.0
19.0
198.0
396.0
562.0
684.0
755.0
769.0
725.0
627.0
481.0
297.0
88.0
0.0
0.0
0.0
0.0
0.0
0.0
0.0
0.0
0.0
0.0
0.0
0.0
22.0
206.0
404.0
570.0
692.0
762.0
776.0
733.0
634.0
488.0
304.0
94.0
0.0
0.0
0.0
0.0
0.0
0.0
0.0
0.0
0.0
0.0
0.0
0.0
26.0
215.0
412.0
578.0
700.0
770.0
784.0
740.0
641.0
495.0
310.0
100.0
0.0
0.0
0.0
0.0
0.0
0.0
0.0
0.0
0.0
0.0
0.0
0.0
31.0
223.0
421.0
586.0
708.0
778.0
791.0
747.0
648.0
501.0
317.0
106.0
0.0
0.0
0.0
0.0
0.0
0.0
0.0
0.0
0.0
0.0
0.0
0.0
35.0
232.0
429.0
594.0
716.0
785.0
798.0
754.0
655.0
508.0
324.0
114.0
0.0
0.0
0.0
0.0
0.0
0.0
0.0
0.0
0.0
0.0
0.0
0.0
40.0
240.0
437.0
602.0
723.0
793.0
806.0
761.0
662.0
515.0
330.0
120.0
0.0
0.0
0.0
0.0
0.0
0.0
0.0
0.0
0.0
0.0
0.0
0.0
46.0
248.0
446.0
610.0
731.0
800.0
813.0
768.0
668.0
521.0
337.0
127.0
1.0
0.0
0.0
0.0
0.0
0.0
0.0
0.0
0.0
0.0
0.0
0.0
51.0
257.0
454.0
618.0
739.0
808.0
820.0
775.0
675.0
528.0
343.0
133.0
1.0
0.0
0.0
0.0
0.0
0.0
0.0
0.0
0.0
0.0
0.0
0.0
57.0
265.0
462.0
626.0
747.0
815.0
827.0
781.0
682.0
534.0
349.0
140.0
2.0
0.0
0.0
0.0
0.0
0.0
0.0
0.0
0.0
0.0
0.0
0.0
64.0
274.0
470.0
634.0
754.0
822.0
834.0
788.0
688.0
541.0
356.0
146.0
3.0
0.0
0.0
0.0
0.0
0.0
0.0
0.0
0.0
0.0
0.0
0.0
70.0
282.0
478.0
642.0
762.0
830.0
841.0
795.0
695.0
547.0
362.0
152.0
4.0
0.0
0.0
0.0
0.0
0.0
0.0
0.0
0.0
0.0
0.0
0.0
78.0
291.0
487.0
650.0
769.0
837.0
848.0
802.0
701.0
553.0
368.0
159.0
5.0
0.0
0.0
0.0
0.0
0.0
0.0
0.0
0.0
0.0
0.0
0.0
85.0
299.0
495.0
658.0
777.0
844.0
855.0
808.0
708.0
560.0
375.0
165.0
7.0
0.0
0.0
0.0
0.0
0.0
0.0
0.0
0.0
0.0
0.0
0.0
93.0
307.0
503.0
666.0
784.0
851.0
862.0
815.0
714.0
566.0
381.0
171.0
9.0
0.0
0.0
0.0
0.0
0.0
0.0
0.0
0.0
0.0
0.0
0.0
101.0
316.0
511.0
673.0
792.0
858.0
868.0
821.0
720.0
572.0
387.0
177.0
11.0
0.0
0.0
0.0
0.0
0.0
0.0
0.0
0.0
0.0
0.0
0.0
109.0
324.0
519.0
681.0
799.0
865.0
875.0
828.0
726.0
578.0
393.0
184.0
13.0
0.0
0.0
0.0
0.0
0.0
0.0
0.0
0.0
0.0
0.0
0.0
118.0
332.0
527.0
689.0
806.0
872.0
882.0
834.0
733.0
584.0
399.0
190.0
15.0
0.0
0.0
0.0
0.0
0.0
0.0
0.0
0.0
0.0
0.0
1.0
127.0
340.0
535.0
696.0
814.0
879.0
888.0
840.0
739.0
590.0
405.0
196.0
17.0
0.0
0.0
0.0
0.0
0.0
0.0
0.0
0.0
0.0
0.0
1.0
135.0
349.0
543.0
704.0
821.0
886.0
895.0
847.0
745.0
596.0
411.0
202.0
20.0
0.0
0.0
0.0
0.0
0.0
0.0
0.0
0.0
0.0
0.0
3.0
143.0
357.0
550.0
711.0
828.0
893.0
901.0
853.0
751.0
602.0
417.0
208.0
22.0
0.0
0.0
0.0
0.0
0.0
0.0
0.0
0.0
0.0
0.0
4.0
152.0
365.0
558.0
718.0
835.0
899.0
907.0
859.0
757.0
608.0
423.0
214.0
25.0
0.0
0.0
0.0
0.0
0.0
0.0
0.0
0.0
0.0
0.0
6.0
160.0
373.0
566.0
726.0
842.0
906.0
914.0
865.0
763.0
614.0
429.0
220.0
28.0
0.0
0.0
0.0
0.0
0.0
0.0
0.0
0.0
0.0
0.0
8.0
168.0
381.0
573.0
733.0
849.0
912.0
920.0
871.0
768.0
620.0
435.0
226.0
32.0
0.0
0.0
0.0
0.0
0.0
0.0
0.0
0.0
0.0
0.0
11.0
177.0
389.0
581.0
740.0
855.0
919.0
926.0
877.0
774.0
625.0
440.0
232.0
35.0
0.0
0.0
0.0
0.0
0.0
0.0
0.0
0.0
0.0
0.0
13.0
185.0
397.0
588.0
747.0
862.0
925.0
932.0
882.0
780.0
631.0
446.0
238.0
38.0
0.0
0.0
0.0
0.0
0.0
0.0
0.0
0.0
0.0
0.0
16.0
193.0
404.0
596.0
754.0
869.0
931.0
938.0
888.0
785.0
636.0
452.0
243.0
42.0
0.0
0.0
0.0
0.0
0.0
0.0
0.0
0.0
0.0
0.0
20.0
201.0
412.0
603.0
761.0
875.0
938.0
944.0
894.0
791.0
642.0
457.0
249.0
46.0
0.0
0.0
0.0
0.0
0.0
0.0
0.0
0.0
0.0
0.0
23.0
209.0
420.0
610.0
768.0
882.0
944.0
950.0
899.0
796.0
647.0
463.0
255.0
50.0
0.0
0.0
0.0
0.0
0.0
0.0
0.0
0.0
0.0
0.0
27.0
217.0
427.0
618.0
775.0
888.0
950.0
955.0
905.0
802.0
653.0
468.0
261.0
54.0
0.0
0.0
0.0
0.0
0.0
0.0
0.0
0.0
0.0
0.0
32.0
225.0
435.0
625.0
781.0
894.0
956.0
961.0
910.0
807.0
658.0
474.0
266.0
58.0
0.0
0.0
0.0
0.0
0.0
0.0
0.0
0.0
0.0
0.0
36.0
232.0
442.0
632.0
788.0
900.0
961.0
967.0
916.0
812.0
663.0
479.0
272.0
63.0
0.0
0.0
0.0
0.0
0.0
0.0
0.0
0.0
0.0
0.0
41.0
240.0
450.0
639.0
795.0
907.0
967.0
972.0
921.0
818.0
669.0
484.0
278.0
67.0
0.0
0.0
0.0
0.0
0.0
0.0
0.0
0.0
0.0
0.0
46.0
248.0
457.0
646.0
801.0
913.0
973.0
977.0
926.0
823.0
674.0
490.0
283.0
72.0
0.0
0.0
0.0
0.0
0.0
0.0
0.0
0.0
0.0
0.0
51.0
255.0
464.0
652.0
807.0
919.0
978.0
983.0
931.0
828.0
679.0
495.0
289.0
77.0
0.0
0.0
0.0
0.0
0.0
0.0
0.0
0.0
0.0
0.0
57.0
263.0
471.0
659.0
814.0
924.0
984.0
988.0
936.0
833.0
684.0
500.0
294.0
82.0
0.0
0.0
0.0
0.0
0.0
0.0
0.0
0.0
0.0
0.0
63.0
270.0
478.0
665.0
820.0
930.0
989.0
993.0
941.0
838.0
689.0
505.0
299.0
87.0
0.0
0.0
0.0
0.0
0.0
0.0
0.0
0.0
0.0
0.0
69.0
277.0
485.0
672.0
826.0
936.0
995.0
998.0
946.0
843.0
694.0
510.0
305.0
92.0
0.0
0.0
0.0
0.0
0.0
0.0
0.0
0.0
0.0
0.0
75.0
285.0
492.0
678.0
832.0
941.0
1000.0
1003.0
951.0
847.0
699.0
516.0
310.0
98.0
0.0
0.0
0.0
0.0
0.0
0.0
0.0
0.0
0.0
0.0
81.0
292.0
498.0
684.0
837.0
947.0
1005.0
1008.0
956.0
852.0
704.0
521.0
315.0
103.0
0.0
0.0
0.0
0.0
0.0
0.0
0.0
0.0
0.0
0.0
88.0
299.0
505.0
691.0
843.0
952.0
1010.0
1013.0
961.0
857.0
708.0
525.0
321.0
108.0
0.0
0.0
0.0
0.0
0.0
0.0
0.0
0.0
0.0
0.0
94.0
305.0
511.0
697.0
849.0
957.0
1015.0
1018.0
965.0
861.0
713.0
530.0
326.0
113.0
0.0
0.0
0.0
0.0
0.0
0.0
0.0
0.0
0.0
0.0
101.0
312.0
518.0
703.0
854.0
962.0
1020.0
1022.0
970.0
866.0
718.0
535.0
331.0
119.0
1.0
0.0
0.0
0.0
0.0
0.0
0.0
0.0
0.0
0.0
107.0
319.0
524.0
708.0
860.0
968.0
1025.0
1027.0
974.0
870.0
722.0
540.0
336.0
124.0
1.0
0.0
0.0
0.0
0.0
0.0
0.0
0.0
0.0
0.0
114.0
326.0
530.0
714.0
865.0
972.0
1029.0
1031.0
979.0
875.0
727.0
545.0
341.0
130.0
2.0
0.0
0.0
0.0
0.0
0.0
0.0
0.0
0.0
1.0
121.0
332.0
536.0
720.0
870.0
977.0
1034.0
1036.0
983.0
879.0
731.0
549.0
346.0
135.0
3.0
0.0
0.0
0.0
0.0
0.0
0.0
0.0
0.0
2.0
128.0
338.0
542.0
725.0
875.0
982.0
1038.0
1040.0
987.0
883.0
736.0
554.0
351.0
141.0
4.0
0.0
0.0
0.0
0.0
0.0
0.0
0.0
0.0
3.0
135.0
345.0
548.0
731.0
880.0
987.0
1043.0
1044.0
991.0
887.0
740.0
559.0
356.0
146.0
5.0
0.0
0.0
0.0
0.0
0.0
0.0
0.0
0.0
4.0
141.0
351.0
554.0
736.0
885.0
991.0
1047.0
1048.0
995.0
892.0
744.0
563.0
361.0
151.0
6.0
0.0
0.0
0.0
0.0
0.0
0.0
0.0
0.0
5.0
147.0
357.0
559.0
741.0
890.0
996.0
1051.0
1052.0
999.0
896.0
748.0
568.0
366.0
157.0
7.0
0.0
0.0
0.0
0.0
0.0
0.0
0.0
0.0
7.0
154.0
363.0
565.0
746.0
895.0
1000.0
1055.0
1056.0
1003.0
900.0
753.0
572.0
371.0
162.0
9.0
0.0
0.0
0.0
0.0
0.0
0.0
0.0
0.0
9.0
160.0
369.0
570.0
751.0
899.0
1004.0
1059.0
1060.0
1007.0
903.0
757.0
577.0
375.0
167.0
11.0
0.0
0.0
0.0
0.0
0.0
0.0
0.0
0.0
11.0
166.0
374.0
575.0
756.0
904.0
1008.0
1063.0
1064.0
1011.0
907.0
761.0
581.0
380.0
172.0
13.0
0.0
0.0
0.0
0.0
0.0
0.0
0.0
0.0
13.0
172.0
380.0
581.0
761.0
908.0
1013.0
1067.0
1068.0
1014.0
911.0
765.0
585.0
385.0
177.0
15.0
0.0
0.0
0.0
0.0
0.0
0.0
0.0
0.0
15.0
178.0
385.0
586.0
765.0
912.0
1016.0
1071.0
1071.0
1018.0
915.0
769.0
589.0
389.0
182.0
17.0
0.0
0.0
0.0
0.0
0.0
0.0
0.0
0.0
18.0
184.0
390.0
590.0
770.0
916.0
1020.0
1074.0
1075.0
1022.0
918.0
772.0
594.0
394.0
187.0
19.0
0.0
0.0
0.0
0.0
0.0
0.0
0.0
0.0
20.0
189.0
396.0
595.0
774.0
920.0
1024.0
1078.0
1078.0
1025.0
922.0
776.0
598.0
398.0
192.0
21.0
0.0
0.0
0.0
0.0
0.0
0.0
0.0
0.0
23.0
195.0
401.0
600.0
778.0
924.0
1028.0
1081.0
1082.0
1028.0
926.0
780.0
602.0
403.0
197.0
24.0
0.0
0.0
0.0
0.0
0.0
0.0
0.0
0.0
26.0
200.0
406.0
604.0
783.0
928.0
1031.0
1085.0
1085.0
1032.0
929.0
784.0
606.0
407.0
201.0
26.0
0.0
0.0
0.0
0.0
0.0
0.0
0.0
0.0
29.0
205.0
410.0
609.0
787.0
932.0
1035.0
1088.0
1088.0
1035.0
932.0
787.0
610.0
411.0
206.0
29.0
0.0
0.0
0.0
0.0
0.0
0.0
0.0
0.0
32.0
210.0
415.0
613.0
791.0
935.0
1038.0
1091.0
1091.0
1038.0
936.0
791.0
613.0
416.0
211.0
32.0
0.0
0.0
0.0
0.0
0.0
0.0
0.0
0.0
35.0
215.0
420.0
617.0
794.0
939.0
1041.0
1094.0
1094.0
1041.0
939.0
794.0
617.0
420.0
215.0
35.0
0.0
0.0
0.0
0.0
0.0
0.0
0.0
0.0
38.0
220.0
424.0
621.0
798.0
942.0
1044.0
1097.0
1097.0
1044.0
942.0
798.0
621.0
424.0
220.0
38.0
0.0
0.0
0.0
0.0
0.0
0.0
0.0
0.0
41.0
225.0
428.0
625.0
802.0
946.0
1047.0
1100.0
1100.0
1047.0
945.0
801.0
625.0
428.0
224.0
41.0
0.0
0.0
0.0
0.0
0.0
0.0
0.0
0.0
45.0
229.0
433.0
629.0
805.0
949.0
1050.0
1103.0
1103.0
1050.0
948.0
804.0
628.0
432.0
229.0
44.0
0.0
0.0
0.0
0.0
0.0
0.0
0.0
0.0
48.0
234.0
437.0
633.0
808.0
952.0
1053.0
1106.0
1105.0
1053.0
951.0
808.0
632.0
436.0
233.0
47.0
0.0
0.0
0.0
0.0
0.0
0.0
0.0
0.0
51.0
238.0
441.0
636.0
812.0
955.0
1056.0
1108.0
1108.0
1056.0
954.0
811.0
635.0
440.0
237.0
51.0
0.0
0.0
0.0
0.0
0.0
0.0
0.0
0.0
55.0
242.0
444.0
640.0
815.0
958.0
1059.0
1111.0
1111.0
1058.0
957.0
814.0
639.0
443.0
241.0
54.0
0.0
0.0
0.0
0.0
0.0
0.0
0.0
0.0
58.0
246.0
448.0
643.0
818.0
960.0
1061.0
1113.0
1113.0
1061.0
960.0
817.0
642.0
447.0
245.0
57.0
0.0
0.0
0.0
0.0
0.0
0.0
0.0
0.0
61.0
250.0
452.0
646.0
821.0
963.0
1064.0
1116.0
1116.0
1063.0
963.0
820.0
646.0
451.0
249.0
61.0
0.0
0.0
0.0
0.0
0.0
0.0
0.0
0.0
65.0
254.0
455.0
649.0
823.0
965.0
1066.0
1118.0
1118.0
1066.0
965.0
823.0
649.0
455.0
253.0
64.0
0.0
0.0
0.0
0.0
0.0
0.0
0.0
0.0
68.0
258.0
458.0
652.0
826.0
968.0
1068.0
1120.0
1120.0
1068.0
968.0
826.0
652.0
458.0
257.0
68.0
0.0
0.0
0.0
0.0
0.0
0.0
0.0
0.0
71.0
261.0
461.0
655.0
828.0
970.0
1070.0
1122.0
1122.0
1070.0
970.0
829.0
655.0
462.0
261.0
71.0
0.0
0.0
0.0
0.0
0.0
0.0
0.0
0.0
75.0
264.0
464.0
658.0
831.0
972.0
1072.0
1124.0
1124.0
1073.0
973.0
831.0
658.0
465.0
265.0
75.0
0.0
0.0
0.0
0.0
0.0
0.0
0.0
0.0
78.0
268.0
467.0
660.0
833.0
974.0
1074.0
1126.0
1126.0
1075.0
975.0
834.0
661.0
468.0
269.0
79.0
0.0
0.0
0.0
0.0
0.0
0.0
0.0
0.0
81.0
271.0
470.0
663.0
835.0
976.0
1076.0
1128.0
1128.0
1077.0
977.0
837.0
664.0
471.0
272.0
82.0
0.0
0.0
0.0
0.0
0.0
0.0
0.0
0.0
84.0
274.0
473.0
665.0
837.0
978.0
1078.0
1130.0
1130.0
1079.0
980.0
839.0
667.0
475.0
276.0
86.0
0.0
0.0
0.0
0.0
0.0
0.0
0.0
0.0
87.0
276.0
475.0
667.0
839.0
980.0
1080.0
1132.0
1132.0
1081.0
982.0
842.0
670.0
478.0
279.0
89.0
0.0
0.0
0.0
0.0
0.0
0.0
0.0
0.0
90.0
279.0
477.0
669.0
841.0
982.0
1081.0
1133.0
1134.0
1083.0
984.0
844.0
672.0
481.0
282.0
91.0
0.0
0.0
0.0
0.0
0.0
0.0
0.0
0.0
90.0
282.0
480.0
671.0
843.0
984.0
1083.0
1135.0
1135.0
1085.0
986.0
846.0
675.0
484.0
286.0
94.0
0.0
0.0
0.0
0.0
0.0
0.0
0.0
0.0
93.0
284.0
482.0
673.0
845.0
985.0
1084.0
1136.0
1137.0
1086.0
988.0
849.0
678.0
487.0
289.0
98.0
0.0
0.0
0.0
0.0
0.0
0.0
0.0
0.0
96.0
286.0
484.0
675.0
846.0
986.0
1086.0
1138.0
1138.0
1088.0
990.0
851.0
680.0
489.0
292.0
101.0
0.0
0.0
0.0
0.0
0.0
0.0
0.0
0.0
98.0
288.0
486.0
676.0
848.0
988.0
1087.0
1139.0
1140.0
1090.0
992.0
853.0
682.0
492.0
295.0
104.0
1.0
0.0
0.0
0.0
0.0
0.0
0.0
0.0
100.0
290.0
487.0
678.0
849.0
989.0
1088.0
1140.0
1141.0
1091.0
993.0
855.0
685.0
495.0
298.0
107.0
1.0
0.0
0.0
0.0
0.0
0.0
0.0
1.0
102.0
292.0
489.0
679.0
850.0
990.0
1089.0
1141.0
1143.0
1093.0
995.0
857.0
687.0
497.0
300.0
110.0
1.0
0.0
0.0
0.0
0.0
0.0
0.0
1.0
104.0
294.0
490.0
681.0
851.0
991.0
1090.0
1143.0
1144.0
1094.0
997.0
859.0
689.0
500.0
303.0
113.0
2.0
0.0
0.0
0.0
0.0
0.0
0.0
1.0
106.0
296.0
492.0
682.0
852.0
992.0
1091.0
1144.0
1145.0
1095.0
998.0
861.0
691.0
502.0
306.0
116.0
2.0
0.0
0.0
0.0
0.0
0.0
0.0
1.0
108.0
297.0
493.0
683.0
853.0
993.0
1092.0
1144.0
1146.0
1097.0
1000.0
862.0
693.0
504.0
308.0
119.0
3.0
0.0
0.0
0.0
0.0
0.0
0.0
2.0
110.0
298.0
494.0
684.0
854.0
994.0
1093.0
1145.0
1147.0
1098.0
1001.0
864.0
695.0
507.0
311.0
121.0
3.0
0.0
0.0
0.0
0.0
0.0
0.0
2.0
111.0
300.0
495.0
685.0
855.0
994.0
1094.0
1146.0
1148.0
1099.0
1003.0
866.0
697.0
509.0
313.0
124.0
4.0
0.0
0.0
0.0
0.0
0.0
0.0
2.0
112.0
301.0
496.0
685.0
856.0
995.0
1094.0
1147.0
1149.0
1100.0
1004.0
867.0
699.0
511.0
315.0
126.0
5.0
0.0
0.0
0.0
0.0
0.0
0.0
2.0
114.0
302.0
497.0
686.0
856.0
996.0
1095.0
1148.0
1150.0
1101.0
1005.0
869.0
701.0
513.0
317.0
128.0
5.0
0.0
0.0
0.0
0.0
0.0
0.0
2.0
115.0
302.0
497.0
686.0
856.0
996.0
1095.0
1148.0
1150.0
1102.0
1006.0
870.0
702.0
514.0
319.0
130.0
6.0
0.0
0.0
0.0
0.0
0.0
0.0
3.0
115.0
303.0
498.0
687.0
857.0
996.0
1096.0
1149.0
1151.0
1103.0
1007.0
871.0
704.0
516.0
321.0
132.0
6.0
0.0
0.0
0.0
0.0
0.0
0.0
3.0
116.0
304.0
498.0
687.0
857.0
997.0
1096.0
1149.0
1152.0
1104.0
1009.0
873.0
705.0
518.0
323.0
134.0
7.0
0.0
0.0
0.0
0.0
0.0
0.0
3.0
117.0
304.0
499.0
687.0
857.0
997.0
1096.0
1149.0
1152.0
1104.0
1009.0
874.0
707.0
519.0
325.0
136.0
7.0
0.0
0.0
0.0
0.0
0.0
0.0
3.0
117.0
304.0
499.0
687.0
857.0
997.0
1097.0
1150.0
1153.0
1105.0
1010.0
875.0
708.0
521.0
326.0
138.0
8.0
0.0
0.0
0.0
0.0
0.0
0.0
3.0
118.0
304.0
499.0
687.0
857.0
997.0
1097.0
1150.0
1153.0
1106.0
1011.0
876.0
709.0
522.0
328.0
139.0
8.0
0.0
0.0
0.0
0.0
0.0
0.0
3.0
118.0
305.0
499.0
687.0
857.0
997.0
1097.0
1150.0
1153.0
1106.0
1012.0
877.0
710.0
523.0
329.0
141.0
9.0
0.0
0.0
0.0
0.0
0.0
0.0
3.0
118.0
304.0
499.0
687.0
857.0
997.0
1097.0
1150.0
1154.0
1107.0
1013.0
878.0
711.0
525.0
330.0
142.0
9.0
0.0
0.0
0.0
0.0
0.0
0.0
3.0
118.0
304.0
498.0
687.0
857.0
996.0
1097.0
1150.0
1154.0
1107.0
1013.0
878.0
712.0
526.0
331.0
143.0
10.0
0.0
0.0
0.0
0.0
0.0
0.0
3.0
118.0
304.0
498.0
686.0
856.0
996.0
1096.0
1150.0
1154.0
1107.0
1014.0
879.0
713.0
527.0
333.0
144.0
10.0
0.0
0.0
0.0
0.0
0.0
0.0
3.0
117.0
303.0
497.0
686.0
856.0
996.0
1096.0
1150.0
1154.0
1108.0
1014.0
880.0
714.0
527.0
333.0
145.0
10.0
0.0
0.0
0.0
0.0
0.0
0.0
3.0
117.0
303.0
497.0
685.0
855.0
995.0
1096.0
1150.0
1154.0
1108.0
1014.0
880.0
714.0
528.0
334.0
146.0
11.0
0.0
0.0
0.0
0.0
0.0
0.0
3.0
116.0
302.0
496.0
684.0
855.0
995.0
1095.0
1150.0
1154.0
1108.0
1015.0
881.0
715.0
529.0
335.0
147.0
11.0
0.0
0.0
0.0
0.0
0.0
0.0
3.0
115.0
301.0
495.0
684.0
854.0
994.0
1095.0
1149.0
1154.0
1108.0
1015.0
881.0
715.0
529.0
335.0
147.0
11.0
0.0
0.0
0.0
0.0
0.0
0.0
3.0
115.0
301.0
494.0
683.0
853.0
993.0
1094.0
1149.0
1154.0
1108.0
1015.0
881.0
716.0
530.0
336.0
147.0
11.0
0.0
0.0
0.0
0.0
0.0
0.0
3.0
114.0
300.0
493.0
682.0
852.0
993.0
1094.0
1149.0
1153.0
1108.0
1015.0
881.0
716.0
530.0
336.0
148.0
11.0
0.0
0.0
0.0
0.0
0.0
0.0
2.0
112.0
298.0
492.0
681.0
851.0
992.0
1093.0
1148.0
1153.0
1108.0
1015.0
882.0
716.0
530.0
336.0
148.0
11.0
0.0
0.0
0.0
0.0
0.0
0.0
2.0
111.0
297.0
491.0
680.0
850.0
991.0
1092.0
1147.0
1153.0
1107.0
1015.0
882.0
716.0
530.0
336.0
148.0
11.0
0.0
0.0
0.0
0.0
0.0
0.0
2.0
110.0
296.0
490.0
678.0
849.0
990.0
1091.0
1147.0
1152.0
1107.0
1015.0
882.0
716.0
530.0
336.0
148.0
11.0
0.0
0.0
0.0
0.0
0.0
0.0
2.0
108.0
294.0
488.0
677.0
848.0
989.0
1091.0
1146.0
1152.0
1107.0
1015.0
881.0
716.0
530.0
336.0
148.0
11.0
0.0
0.0
0.0
0.0
0.0
0.0
1.0
107.0
293.0
487.0
676.0
846.0
988.0
1090.0
1145.0
1151.0
1106.0
1014.0
881.0
716.0
530.0
336.0
147.0
11.0
0.0
0.0
0.0
0.0
0.0
0.0
1.0
105.0
291.0
485.0
674.0
845.0
987.0
1089.0
1145.0
1150.0
1106.0
1014.0
881.0
716.0
530.0
336.0
147.0
11.0
0.0
0.0
0.0
0.0
0.0
0.0
1.0
103.0
289.0
483.0
672.0
844.0
985.0
1088.0
1144.0
1150.0
1105.0
1013.0
880.0
715.0
529.0
335.0
146.0
10.0
0.0
0.0
0.0
0.0
0.0
0.0
1.0
101.0
287.0
482.0
671.0
842.0
984.0
1086.0
1143.0
1149.0
1105.0
1013.0
880.0
715.0
529.0
334.0
145.0
10.0
0.0
0.0
0.0
0.0
0.0
0.0
1.0
99.0
285.0
480.0
669.0
841.0
983.0
1085.0
1142.0
1148.0
1104.0
1012.0
879.0
714.0
528.0
334.0
144.0
10.0
0.0
0.0
0.0
0.0
0.0
0.0
0.0
97.0
283.0
478.0
667.0
839.0
981.0
1084.0
1141.0
1147.0
1103.0
1011.0
879.0
713.0
527.0
333.0
143.0
9.0
0.0
0.0
0.0
0.0
0.0
0.0
0.0
95.0
281.0
476.0
665.0
837.0
980.0
1083.0
1139.0
1146.0
1102.0
1011.0
878.0
713.0
526.0
332.0
142.0
9.0
0.0
0.0
0.0
0.0
0.0
0.0
0.0
92.0
279.0
473.0
663.0
835.0
978.0
1081.0
1138.0
1145.0
1101.0
1010.0
877.0
712.0
525.0
330.0
141.0
8.0
0.0
0.0
0.0
0.0
0.0
0.0
0.0
90.0
276.0
471.0
661.0
834.0
976.0
1080.0
1137.0
1144.0
1100.0
1009.0
876.0
711.0
524.0
329.0
139.0
8.0
0.0
0.0
0.0
0.0
0.0
0.0
0.0
87.0
274.0
469.0
659.0
832.0
975.0
1078.0
1136.0
1143.0
1099.0
1008.0
875.0
709.0
523.0
328.0
137.0
7.0
0.0
0.0
0.0
0.0
0.0
0.0
0.0
87.0
271.0
466.0
657.0
830.0
973.0
1077.0
1134.0
1141.0
1098.0
1007.0
874.0
708.0
521.0
326.0
136.0
7.0
0.0
0.0
0.0
0.0
0.0
0.0
0.0
84.0
268.0
464.0
655.0
827.0
971.0
1075.0
1133.0
1140.0
1097.0
1005.0
872.0
707.0
520.0
325.0
134.0
6.0
0.0
0.0
0.0
0.0
0.0
0.0
0.0
82.0
266.0
461.0
652.0
825.0
969.0
1073.0
1131.0
1139.0
1095.0
1004.0
871.0
705.0
518.0
323.0
132.0
6.0
0.0
0.0
0.0
0.0
0.0
0.0
0.0
79.0
263.0
459.0
650.0
823.0
967.0
1071.0
1130.0
1137.0
1094.0
1003.0
869.0
704.0
517.0
321.0
130.0
5.0
0.0
0.0
0.0
0.0
0.0
0.0
0.0
76.0
260.0
456.0
647.0
821.0
965.0
1070.0
1128.0
1136.0
1092.0
1001.0
868.0
702.0
515.0
319.0
127.0
4.0
0.0
0.0
0.0
0.0
0.0
0.0
0.0
73.0
257.0
453.0
645.0
819.0
963.0
1068.0
1126.0
1134.0
1091.0
999.0
866.0
700.0
513.0
316.0
125.0
4.0
0.0
0.0
0.0
0.0
0.0
0.0
0.0
70.0
254.0
450.0
642.0
816.0
961.0
1066.0
1124.0
1132.0
1089.0
998.0
864.0
698.0
511.0
314.0
122.0
3.0
0.0
0.0
0.0
0.0
0.0
0.0
0.0
67.0
250.0
447.0
639.0
814.0
958.0
1064.0
1122.0
1131.0
1087.0
996.0
863.0
696.0
508.0
312.0
120.0
3.0
0.0
0.0
0.0
0.0
0.0
0.0
0.0
64.0
247.0
444.0
636.0
811.0
956.0
1062.0
1121.0
1129.0
1086.0
994.0
861.0
694.0
506.0
309.0
117.0
2.0
0.0
0.0
0.0
0.0
0.0
0.0
0.0
61.0
244.0
441.0
634.0
809.0
954.0
1060.0
1119.0
1127.0
1084.0
992.0
859.0
692.0
504.0
306.0
114.0
2.0
0.0
0.0
0.0
0.0
0.0
0.0
0.0
58.0
240.0
438.0
631.0
806.0
951.0
1057.0
1116.0
1125.0
1082.0
990.0
856.0
689.0
501.0
303.0
111.0
1.0
0.0
0.0
0.0
0.0
0.0
0.0
0.0
55.0
237.0
435.0
628.0
803.0
949.0
1055.0
1114.0
1123.0
1080.0
988.0
854.0
687.0
498.0
300.0
107.0
1.0
0.0
0.0
0.0
0.0
0.0
0.0
0.0
52.0
233.0
431.0
625.0
800.0
946.0
1053.0
1112.0
1121.0
1077.0
986.0
852.0
684.0
495.0
297.0
104.0
0.0
0.0
0.0
0.0
0.0
0.0
0.0
0.0
49.0
230.0
428.0
622.0
798.0
944.0
1050.0
1110.0
1118.0
1075.0
983.0
849.0
682.0
492.0
294.0
100.0
0.0
0.0
0.0
0.0
0.0
0.0
0.0
0.0
46.0
226.0
424.0
618.0
795.0
941.0
1048.0
1107.0
1116.0
1073.0
981.0
847.0
679.0
489.0
291.0
97.0
0.0
0.0
0.0
0.0
0.0
0.0
0.0
0.0
43.0
222.0
421.0
615.0
792.0
938.0
1045.0
1105.0
1114.0
1070.0
978.0
844.0
676.0
486.0
287.0
93.0
0.0
0.0
0.0
0.0
0.0
0.0
0.0
0.0
40.0
218.0
417.0
612.0
789.0
936.0
1043.0
1103.0
1111.0
1068.0
976.0
841.0
673.0
483.0
283.0
91.0
0.0
0.0
0.0
0.0
0.0
0.0
0.0
0.0
38.0
214.0
414.0
609.0
786.0
933.0
1040.0
1100.0
1109.0
1065.0
973.0
838.0
670.0
479.0
280.0
87.0
0.0
0.0
0.0
0.0
0.0
0.0
0.0
0.0
35.0
210.0
410.0
605.0
783.0
930.0
1037.0
1097.0
1106.0
1063.0
970.0
835.0
666.0
476.0
276.0
83.0
0.0
0.0
0.0
0.0
0.0
0.0
0.0
0.0
32.0
206.0
406.0
602.0
779.0
927.0
1035.0
1095.0
1103.0
1060.0
967.0
832.0
663.0
472.0
272.0
79.0
0.0
0.0
0.0
0.0
0.0
0.0
0.0
0.0
30.0
202.0
402.0
598.0
776.0
924.0
1032.0
1092.0
1101.0
1057.0
964.0
829.0
659.0
468.0
268.0
75.0
0.0
0.0
0.0
0.0
0.0
0.0
0.0
0.0
27.0
198.0
398.0
595.0
773.0
921.0
1029.0
1089.0
1098.0
1054.0
961.0
825.0
656.0
464.0
263.0
71.0
0.0
0.0
0.0
0.0
0.0
0.0
0.0
0.0
25.0
193.0
394.0
591.0
770.0
918.0
1026.0
1086.0
1095.0
1051.0
958.0
822.0
652.0
460.0
259.0
67.0
0.0
0.0
0.0
0.0
0.0
0.0
0.0
0.0
23.0
189.0
390.0
587.0
766.0
915.0
1023.0
1083.0
1092.0
1048.0
955.0
818.0
648.0
456.0
254.0
63.0
0.0
0.0
0.0
0.0
0.0
0.0
0.0
0.0
20.0
185.0
386.0
584.0
763.0
911.0
1020.0
1080.0
1089.0
1045.0
951.0
815.0
644.0
451.0
249.0
59.0
0.0
0.0
0.0
0.0
0.0
0.0
0.0
0.0
18.0
180.0
382.0
580.0
759.0
908.0
1017.0
1077.0
1086.0
1042.0
948.0
811.0
640.0
447.0
245.0
55.0
0.0
0.0
0.0
0.0
0.0
0.0
0.0
0.0
16.0
176.0
378.0
576.0
756.0
905.0
1013.0
1074.0
1082.0
1038.0
944.0
807.0
636.0
442.0
240.0
51.0
0.0
0.0
0.0
0.0
0.0
0.0
0.0
0.0
14.0
171.0
374.0
572.0
752.0
901.0
1010.0
1071.0
1079.0
1035.0
941.0
803.0
631.0
438.0
235.0
47.0
0.0
0.0
0.0
0.0
0.0
0.0
0.0
0.0
12.0
166.0
370.0
568.0
748.0
898.0
1007.0
1067.0
1076.0
1031.0
937.0
799.0
627.0
433.0
229.0
43.0
0.0
0.0
0.0
0.0
0.0
0.0
0.0
0.0
11.0
162.0
365.0
564.0
745.0
894.0
1003.0
1064.0
1072.0
1027.0
933.0
795.0
622.0
428.0
224.0
40.0
0.0
0.0
0.0
0.0
0.0
0.0
0.0
0.0
9.0
157.0
361.0
560.0
741.0
891.0
1000.0
1061.0
1069.0
1024.0
929.0
790.0
618.0
423.0
219.0
36.0
0.0
0.0
0.0
0.0
0.0
0.0
0.0
0.0
7.0
152.0
357.0
556.0
737.0
887.0
996.0
1057.0
1065.0
1020.0
925.0
786.0
613.0
418.0
213.0
33.0
0.0
0.0
0.0
0.0
0.0
0.0
0.0
0.0
6.0
147.0
352.0
552.0
733.0
884.0
993.0
1053.0
1061.0
1016.0
920.0
781.0
608.0
412.0
207.0
29.0
0.0
0.0
0.0
0.0
0.0
0.0
0.0
0.0
5.0
143.0
348.0
548.0
729.0
880.0
989.0
1050.0
1058.0
1012.0
916.0
777.0
603.0
407.0
202.0
26.0
0.0
0.0
0.0
0.0
0.0
0.0
0.0
0.0
4.0
138.0
343.0
544.0
725.0
876.0
985.0
1046.0
1054.0
1008.0
912.0
772.0
598.0
401.0
196.0
23.0
0.0
0.0
0.0
0.0
0.0
0.0
0.0
0.0
3.0
133.0
339.0
539.0
721.0
872.0
982.0
1042.0
1050.0
1004.0
907.0
767.0
592.0
396.0
190.0
20.0
0.0
0.0
0.0
0.0
0.0
0.0
0.0
0.0
2.0
128.0
334.0
535.0
717.0
868.0
978.0
1038.0
1046.0
999.0
903.0
762.0
587.0
390.0
184.0
17.0
0.0
0.0
0.0
0.0
0.0
0.0
0.0
0.0
1.0
123.0
329.0
531.0
713.0
864.0
974.0
1034.0
1041.0
995.0
898.0
757.0
582.0
384.0
177.0
15.0
0.0
0.0
0.0
0.0
0.0
0.0
0.0
0.0
1.0
118.0
325.0
526.0
709.0
860.0
970.0
1030.0
1037.0
990.0
893.0
752.0
576.0
378.0
171.0
12.0
0.0
0.0
0.0
0.0
0.0
0.0
0.0
0.0
0.0
113.0
320.0
522.0
705.0
856.0
966.0
1026.0
1033.0
986.0
888.0
746.0
570.0
372.0
164.0
10.0
0.0
0.0
0.0
0.0
0.0
0.0
0.0
0.0
0.0
108.0
315.0
518.0
701.0
852.0
962.0
1022.0
1029.0
981.0
883.0
741.0
564.0
366.0
158.0
8.0
0.0
0.0
0.0
0.0
0.0
0.0
0.0
0.0
0.0
102.0
310.0
513.0
696.0
848.0
958.0
1018.0
1024.0
976.0
878.0
735.0
559.0
359.0
151.0
6.0
0.0
0.0
0.0
0.0
0.0
0.0
0.0
0.0
0.0
98.0
306.0
508.0
692.0
844.0
953.0
1013.0
1020.0
972.0
873.0
730.0
552.0
353.0
144.0
4.0
0.0
0.0
0.0
0.0
0.0
0.0
0.0
0.0
0.0
93.0
301.0
504.0
688.0
839.0
949.0
1009.0
1015.0
967.0
867.0
724.0
546.0
346.0
138.0
3.0
0.0
0.0
0.0
0.0
0.0
0.0
0.0
0.0
0.0
88.0
296.0
499.0
683.0
835.0
945.0
1004.0
1010.0
962.0
862.0
718.0
540.0
340.0
131.0
2.0
0.0
0.0
0.0
0.0
0.0
0.0
0.0
0.0
0.0
84.0
291.0
495.0
679.0
831.0
940.0
1000.0
1005.0
956.0
857.0
712.0
534.0
333.0
123.0
1.0
0.0
0.0
0.0
0.0
0.0
0.0
0.0
0.0
0.0
79.0
286.0
490.0
674.0
826.0
936.0
995.0
1000.0
951.0
851.0
706.0
527.0
326.0
116.0
0.0
0.0
0.0
0.0
0.0
0.0
0.0
0.0
0.0
0.0
74.0
281.0
485.0
670.0
822.0
931.0
990.0
995.0
946.0
845.0
700.0
521.0
319.0
109.0
0.0
0.0
0.0
0.0
0.0
0.0
0.0
0.0
0.0
0.0
70.0
276.0
480.0
665.0
817.0
927.0
986.0
990.0
941.0
839.0
694.0
514.0
312.0
102.0
0.0
0.0
0.0
0.0
0.0
0.0
0.0
0.0
0.0
0.0
65.0
271.0
475.0
660.0
813.0
922.0
981.0
985.0
935.0
834.0
688.0
507.0
305.0
95.0
0.0
0.0
0.0
0.0
0.0
0.0
0.0
0.0
0.0
0.0
61.0
266.0
471.0
656.0
808.0
917.0
976.0
980.0
930.0
828.0
681.0
501.0
298.0
88.0
0.0
0.0
0.0
0.0
0.0
0.0
0.0
0.0
0.0
0.0
57.0
260.0
466.0
651.0
803.0
912.0
971.0
975.0
924.0
822.0
675.0
494.0
290.0
81.0
0.0
0.0
0.0
0.0
0.0
0.0
0.0
0.0
0.0
0.0
53.0
255.0
461.0
646.0
798.0
907.0
966.0
969.0
918.0
815.0
668.0
487.0
283.0
75.0
0.0
0.0
0.0
0.0
0.0
0.0
0.0
0.0
0.0
0.0
49.0
250.0
456.0
641.0
793.0
902.0
961.0
964.0
912.0
809.0
662.0
480.0
276.0
68.0
0.0
0.0
0.0
0.0
0.0
0.0
0.0
0.0
0.0
0.0
46.0
245.0
451.0
636.0
789.0
897.0
955.0
958.0
906.0
803.0
655.0
472.0
268.0
62.0
0.0
0.0
0.0
0.0
0.0
0.0
0.0
0.0
0.0
0.0
42.0
240.0
446.0
631.0
784.0
892.0
950.0
953.0
900.0
796.0
648.0
465.0
260.0
56.0
0.0
0.0
0.0
0.0
0.0
0.0
0.0
0.0
0.0
0.0
39.0
234.0
441.0
626.0
779.0
887.0
945.0
947.0
894.0
790.0
641.0
458.0
253.0
51.0
0.0
0.0
0.0
0.0
0.0
0.0
0.0
0.0
0.0
0.0
35.0
229.0
435.0
621.0
773.0
882.0
939.0
941.0
888.0
783.0
634.0
450.0
245.0
45.0
0.0
0.0
0.0
0.0
0.0
0.0
0.0
0.0
0.0
0.0
32.0
223.0
430.0
616.0
768.0
877.0
934.0
935.0
882.0
777.0
627.0
443.0
237.0
40.0
0.0
0.0
0.0
0.0
0.0
0.0
0.0
0.0
0.0
0.0
29.0
218.0
425.0
611.0
763.0
871.0
928.0
930.0
876.0
770.0
620.0
435.0
229.0
35.0
0.0
0.0
0.0
0.0
0.0
0.0
0.0
0.0
0.0
0.0
26.0
213.0
420.0
606.0
758.0
866.0
922.0
924.0
869.0
763.0
613.0
428.0
221.0
31.0
0.0
0.0
0.0
0.0
0.0
0.0
0.0
0.0
0.0
0.0
24.0
207.0
414.0
600.0
753.0
860.0
917.0
917.0
863.0
756.0
605.0
420.0
213.0
27.0
0.0
0.0
0.0
0.0
0.0
0.0
0.0
0.0
0.0
0.0
21.0
202.0
409.0
595.0
747.0
855.0
911.0
911.0
856.0
749.0
598.0
412.0
205.0
23.0
0.0
0.0
0.0
0.0
0.0
0.0
0.0
0.0
0.0
0.0
19.0
196.0
404.0
590.0
742.0
849.0
905.0
905.0
850.0
742.0
591.0
405.0
197.0
19.0
0.0
0.0
0.0
0.0
0.0
0.0
0.0
0.0
0.0
0.0
16.0
191.0
398.0
584.0
736.0
844.0
899.0
899.0
843.0
735.0
583.0
397.0
189.0
16.0
0.0
0.0
0.0
0.0
0.0
0.0
0.0
0.0
0.0
0.0
14.0
185.0
393.0
579.0
731.0
838.0
893.0
892.0
836.0
728.0
575.0
389.0
181.0
12.0
0.0
0.0
0.0
0.0
0.0
0.0
0.0
0.0
0.0
0.0
12.0
179.0
387.0
573.0
725.0
832.0
887.0
886.0
829.0
721.0
568.0
381.0
172.0
10.0
0.0
0.0
0.0
0.0
0.0
0.0
0.0
0.0
0.0
0.0
10.0
174.0
382.0
568.0
720.0
826.0
881.0
880.0
823.0
714.0
560.0
373.0
164.0
7.0
0.0
0.0
0.0
0.0
0.0
0.0
0.0
0.0
0.0
0.0
8.0
168.0
376.0
562.0
714.0
820.0
875.0
873.0
816.0
706.0
552.0
365.0
156.0
5.0
0.0
0.0
0.0
0.0
0.0
0.0
0.0
0.0
0.0
0.0
7.0
162.0
371.0
557.0
708.0
814.0
868.0
866.0
809.0
699.0
545.0
357.0
147.0
4.0
0.0
0.0
0.0
0.0
0.0
0.0
0.0
0.0
0.0
0.0
6.0
157.0
365.0
551.0
702.0
808.0
862.0
860.0
801.0
691.0
537.0
348.0
139.0
2.0
0.0
0.0
0.0
0.0
0.0
0.0
0.0
0.0
0.0
0.0
4.0
151.0
359.0
545.0
696.0
802.0
856.0
853.0
794.0
684.0
529.0
340.0
130.0
1.0
0.0
0.0
0.0
0.0
0.0
0.0
0.0
0.0
0.0
0.0
3.0
145.0
354.0
540.0
691.0
796.0
849.0
846.0
787.0
676.0
521.0
332.0
122.0
0.0
0.0
0.0
0.0
0.0
0.0
0.0
0.0
0.0
0.0
0.0
2.0
139.0
348.0
534.0
685.0
790.0
843.0
839.0
780.0
669.0
513.0
324.0
113.0
0.0
0.0
0.0
0.0
0.0
0.0
0.0
0.0
0.0
0.0
0.0
1.0
134.0
342.0
528.0
679.0
784.0
836.0
832.0
773.0
661.0
505.0
315.0
104.0
0.0
0.0
0.0
0.0
0.0
0.0
0.0
0.0
0.0
0.0
0.0
1.0
128.0
336.0
522.0
672.0
777.0
830.0
825.0
765.0
653.0
497.0
307.0
96.0
0.0
0.0
0.0
0.0
0.0
0.0
0.0
0.0
0.0
0.0
0.0
0.0
122.0
330.0
516.0
666.0
771.0
823.0
818.0
758.0
646.0
489.0
299.0
88.0
0.0
0.0
0.0
0.0
0.0
0.0
0.0
0.0
0.0
0.0
0.0
0.0
116.0
324.0
510.0
660.0
765.0
816.0
811.0
751.0
638.0
481.0
290.0
80.0
0.0
0.0
0.0
0.0
0.0
0.0
0.0
0.0
0.0
0.0
0.0
0.0
110.0
318.0
504.0
654.0
758.0
809.0
804.0
743.0
630.0
473.0
282.0
73.0
0.0
0.0
0.0
0.0
0.0
0.0
0.0
0.0
0.0
0.0
0.0
0.0
103.0
312.0
498.0
648.0
752.0
803.0
797.0
736.0
622.0
465.0
274.0
66.0
0.0
0.0
0.0
0.0
0.0
0.0
0.0
0.0
0.0
0.0
0.0
0.0
97.0
306.0
492.0
641.0
745.0
796.0
790.0
728.0
614.0
456.0
265.0
60.0
0.0
0.0
0.0
0.0
0.0
0.0
0.0
0.0
0.0
0.0
0.0
0.0
91.0
300.0
486.0
635.0
739.0
789.0
783.0
720.0
606.0
448.0
257.0
54.0
0.0
0.0
0.0
0.0
0.0
0.0
0.0
0.0
0.0
0.0
0.0
0.0
86.0
294.0
479.0
629.0
732.0
782.0
775.0
713.0
598.0
440.0
248.0
48.0
0.0
0.0
0.0
0.0
0.0
0.0
0.0
0.0
0.0
0.0
0.0
0.0
80.0
288.0
473.0
622.0
725.0
775.0
768.0
705.0
590.0
432.0
240.0
42.0
0.0
0.0
0.0
0.0
0.0
0.0
0.0
0.0
0.0
0.0
0.0
0.0
75.0
282.0
467.0
616.0
718.0
768.0
761.0
698.0
583.0
424.0
232.0
37.0
0.0
0.0
0.0
0.0
0.0
0.0
0.0
0.0
0.0
0.0
0.0
0.0
70.0
276.0
461.0
609.0
712.0
761.0
753.0
690.0
575.0
415.0
223.0
33.0
0.0
0.0
0.0
0.0
0.0
0.0
0.0
0.0
0.0
0.0
0.0
0.0
65.0
270.0
454.0
603.0
705.0
754.0
746.0
682.0
567.0
407.0
215.0
28.0
0.0
0.0
0.0
0.0
0.0
0.0
0.0
0.0
0.0
0.0
0.0
0.0
61.0
263.0
448.0
596.0
698.0
747.0
739.0
674.0
559.0
399.0
207.0
24.0
0.0
0.0
0.0
0.0
0.0
0.0
0.0
0.0
0.0
0.0
0.0
0.0
56.0
257.0
441.0
589.0
691.0
739.0
731.0
667.0
551.0
391.0
198.0
20.0
0.0
0.0
0.0
0.0
0.0
0.0
0.0
0.0
0.0
0.0
0.0
0.0
52.0
251.0
435.0
583.0
684.0
732.0
724.0
659.0
543.0
383.0
190.0
17.0
0.0
0.0
0.0
0.0
0.0
0.0
0.0
0.0
0.0
0.0
0.0
0.0
47.0
244.0
428.0
576.0
677.0
725.0
716.0
651.0
535.0
375.0
182.0
14.0
0.0
0.0
0.0
0.0
0.0
0.0
0.0
0.0
0.0
0.0
0.0
0.0
43.0
238.0
422.0
569.0
670.0
718.0
709.0
643.0
527.0
366.0
173.0
11.0
0.0
0.0
0.0
0.0
0.0
0.0
0.0
0.0
0.0
0.0
0.0
0.0
39.0
232.0
415.0
563.0
663.0
711.0
701.0
636.0
519.0
358.0
165.0
8.0
0.0
0.0
0.0
0.0
0.0
0.0
0.0
0.0
0.0
0.0
0.0
0.0
36.0
225.0
409.0
556.0
656.0
703.0
694.0
628.0
511.0
350.0
157.0
6.0
0.0
0.0
0.0
0.0
0.0
0.0
0.0
0.0
0.0
0.0
0.0
0.0
32.0
219.0
402.0
549.0
649.0
696.0
686.0
620.0
503.0
342.0
149.0
5.0
0.0
0.0
0.0
0.0
0.0
0.0
0.0
0.0
0.0
0.0
0.0
0.0
29.0
212.0
396.0
542.0
642.0
689.0
679.0
613.0
495.0
334.0
141.0
3.0
0.0
0.0
0.0
0.0
0.0
0.0
0.0
0.0
0.0
0.0
0.0
0.0
25.0
206.0
389.0
535.0
635.0
681.0
671.0
605.0
487.0
326.0
133.0
2.0
0.0
0.0
0.0
0.0
0.0
0.0
0.0
0.0
0.0
0.0
0.0
0.0
22.0
199.0
382.0
528.0
628.0
674.0
664.0
597.0
479.0
318.0
125.0
1.0
0.0
0.0
0.0
0.0
0.0
0.0
0.0
0.0
0.0
0.0
0.0
0.0
20.0
193.0
376.0
522.0
621.0
667.0
656.0
589.0
472.0
311.0
117.0
0.0
0.0
0.0
0.0
0.0
0.0
0.0
0.0
0.0
0.0
0.0
0.0
0.0
17.0
186.0
369.0
515.0
614.0
659.0
649.0
582.0
464.0
303.0
109.0
0.0
0.0
0.0
0.0
0.0
0.0
0.0
0.0
0.0
0.0
0.0
0.0
0.0
15.0
180.0
362.0
508.0
607.0
652.0
641.0
574.0
456.0
295.0
99.0
0.0
0.0
0.0
0.0
0.0
0.0
0.0
0.0
0.0
0.0
0.0
0.0
0.0
12.0
173.0
355.0
501.0
600.0
645.0
634.0
567.0
448.0
287.0
92.0
0.0
0.0
0.0
0.0
0.0
0.0
0.0
0.0
0.0
0.0
0.0
0.0
0.0
10.0
167.0
349.0
494.0
592.0
637.0
626.0
559.0
441.0
280.0
85.0
0.0
0.0
0.0
0.0
0.0
0.0
0.0
0.0
0.0
0.0
0.0
0.0
0.0
8.0
160.0
342.0
487.0
585.0
630.0
619.0
552.0
433.0
272.0
78.0
0.0
0.0
0.0
0.0
0.0
0.0
0.0
0.0
0.0
0.0
0.0
0.0
0.0
7.0
154.0
335.0
480.0
578.0
623.0
611.0
544.0
426.0
265.0
72.0
0.0
0.0
0.0
0.0
0.0
0.0
0.0
0.0
0.0
0.0
0.0
0.0
0.0
5.0
147.0
329.0
473.0
571.0
616.0
604.0
537.0
418.0
257.0
66.0
0.0
0.0
0.0
0.0
0.0
0.0
0.0
0.0
0.0
0.0
0.0
0.0
0.0
4.0
141.0
322.0
466.0
564.0
608.0
597.0
529.0
411.0
250.0
60.0
0.0
0.0
0.0
0.0
0.0
0.0
0.0
0.0
0.0
0.0
0.0
0.0
0.0
3.0
134.0
315.0
459.0
557.0
601.0
589.0
522.0
404.0
242.0
55.0
0.0
0.0
0.0
0.0
0.0
0.0
0.0
0.0
0.0
0.0
0.0
0.0
0.0
2.0
128.0
308.0
452.0
550.0
594.0
582.0
515.0
396.0
235.0
49.0
0.0
0.0
0.0
0.0
0.0
0.0
0.0
0.0
0.0
0.0
0.0
0.0
0.0
1.0
121.0
302.0
446.0
543.0
587.0
575.0
507.0
389.0
228.0
45.0
0.0
0.0
0.0
0.0
0.0
0.0
0.0
0.0
0.0
0.0
0.0
0.0
0.0
0.0
114.0
295.0
439.0
536.0
580.0
568.0
500.0
382.0
221.0
40.0
0.0
0.0
0.0
0.0
0.0
0.0
0.0
0.0
0.0
0.0
0.0
0.0
0.0
0.0
108.0
288.0
432.0
529.0
573.0
561.0
493.0
375.0
214.0
36.0
0.0
0.0
0.0
0.0
0.0
0.0
0.0
0.0
0.0
0.0
0.0
0.0
0.0
0.0
101.0
282.0
425.0
522.0
566.0
554.0
486.0
368.0
207.0
32.0
0.0
0.0
0.0
0.0
0.0
0.0
0.0
0.0
0.0
0.0
0.0
0.0
0.0
0.0
92.0
275.0
418.0
515.0
559.0
547.0
479.0
361.0
201.0
29.0
0.0
0.0
0.0
0.0
0.0
0.0
0.0
0.0
0.0
0.0
0.0
0.0
0.0
0.0
86.0
268.0
411.0
508.0
552.0
540.0
472.0
354.0
194.0
25.0
0.0
0.0
0.0
0.0
0.0
0.0
0.0
0.0
0.0
0.0
0.0
0.0
0.0
0.0
80.0
262.0
405.0
501.0
545.0
533.0
465.0
348.0
187.0
22.0
0.0
0.0
0.0
0.0
0.0
0.0
0.0
0.0
0.0
0.0
0.0
0.0
0.0
0.0
74.0
255.0
398.0
495.0
538.0
526.0
459.0
341.0
181.0
19.0
0.0
0.0
0.0
0.0
0.0
0.0
0.0
0.0
0.0
0.0
0.0
0.0
0.0
0.0
69.0
249.0
391.0
488.0
531.0
519.0
452.0
335.0
175.0
17.0
0.0
0.0
0.0
0.0
0.0
0.0
0.0
0.0
0.0
0.0
0.0
0.0
0.0
0.0
63.0
242.0
385.0
481.0
525.0
513.0
446.0
328.0
169.0
14.0
0.0
0.0
0.0
0.0
0.0
0.0
0.0
0.0
0.0
0.0
0.0
0.0
0.0
0.0
58.0
236.0
378.0
474.0
518.0
506.0
439.0
322.0
162.0
12.0
0.0
0.0
0.0
0.0
0.0
0.0
0.0
0.0
0.0
0.0
0.0
0.0
0.0
0.0
54.0
229.0
372.0
468.0
512.0
500.0
433.0
316.0
156.0
10.0
0.0
0.0
0.0
0.0
0.0
0.0
0.0
0.0
0.0
0.0
0.0
0.0
0.0
0.0
49.0
223.0
365.0
461.0
505.0
493.0
427.0
310.0
151.0
9.0
0.0
0.0
0.0
0.0
0.0
0.0
0.0
0.0
0.0
0.0
0.0
0.0
0.0
0.0
45.0
216.0
359.0
455.0
499.0
487.0
420.0
304.0
145.0
7.0
0.0
0.0
0.0
0.0
0.0
0.0
0.0
0.0
0.0
0.0
0.0
0.0
0.0
0.0
41.0
210.0
352.0
449.0
492.0
481.0
414.0
298.0
139.0
6.0
0.0
0.0
0.0
0.0
0.0
0.0
0.0
0.0
0.0
0.0
0.0
0.0
0.0
0.0
37.0
204.0
346.0
442.0
486.0
475.0
409.0
292.0
134.0
4.0
0.0
0.0
0.0
0.0
0.0
0.0
0.0
0.0
0.0
0.0
0.0
0.0
0.0
0.0
33.0
198.0
340.0
436.0
480.0
469.0
403.0
287.0
129.0
3.0
0.0
0.0
0.0
0.0
0.0
0.0
0.0
0.0
0.0
0.0
0.0
0.0
0.0
0.0
30.0
192.0
334.0
430.0
474.0
463.0
397.0
281.0
123.0
3.0
0.0
0.0
0.0
0.0
0.0
0.0
0.0
0.0
0.0
0.0
0.0
0.0
0.0
0.0
26.0
186.0
328.0
424.0
468.0
457.0
391.0
276.0
118.0
2.0
0.0
0.0
0.0
0.0
0.0
0.0
0.0
0.0
0.0
0.0
0.0
0.0
0.0
0.0
23.0
180.0
322.0
418.0
462.0
451.0
386.0
271.0
113.0
1.0
0.0
0.0
0.0
0.0
0.0
0.0
0.0
0.0
0.0
0.0
0.0
0.0
0.0
0.0
21.0
174.0
316.0
412.0
456.0
446.0
381.0
266.0
109.0
1.0
0.0
0.0
0.0
0.0
0.0
0.0
0.0
0.0
0.0
0.0
0.0
0.0
0.0
0.0
18.0
168.0
310.0
406.0
451.0
440.0
376.0
261.0
104.0
0.0
0.0
0.0
0.0
0.0
0.0
0.0
0.0
0.0
0.0
0.0
0.0
0.0
0.0
0.0
16.0
162.0
304.0
401.0
445.0
435.0
370.0
256.0
100.0
0.0
0.0
0.0
0.0
0.0
0.0
0.0
0.0
0.0
0.0
0.0
0.0
0.0
0.0
0.0
13.0
157.0
298.0
395.0
440.0
430.0
366.0
251.0
95.0
0.0
0.0
0.0
0.0
0.0
0.0
0.0
0.0
0.0
0.0
0.0
0.0
0.0
0.0
0.0
11.0
151.0
293.0
390.0
435.0
425.0
361.0
247.0
91.0
0.0
0.0
0.0
0.0
0.0
0.0
0.0
0.0
0.0
0.0
0.0
0.0
0.0
0.0
0.0
10.0
145.0
287.0
384.0
429.0
420.0
356.0
243.0
83.0
0.0
0.0
0.0
0.0
0.0
0.0
0.0
0.0
0.0
0.0
0.0
0.0
0.0
0.0
0.0
8.0
140.0
282.0
379.0
424.0
415.0
352.0
238.0
79.0
0.0
0.0
0.0
0.0
0.0
0.0
0.0
0.0
0.0
0.0
0.0
0.0
0.0
0.0
0.0
7.0
135.0
277.0
374.0
419.0
410.0
347.0
234.0
76.0
0.0
0.0
0.0
0.0
0.0
0.0
0.0
0.0
0.0
0.0
0.0
0.0
0.0
0.0
0.0
5.0
130.0
272.0
369.0
415.0
406.0
343.0
230.0
73.0
0.0
0.0
0.0
0.0
0.0
0.0
0.0
0.0
0.0
0.0
0.0
0.0
0.0
0.0
0.0
4.0
124.0
267.0
364.0
410.0
401.0
339.0
227.0
69.0
0.0
0.0
0.0
0.0
0.0
0.0
0.0
0.0
0.0
0.0
0.0
0.0
0.0
0.0
0.0
3.0
119.0
262.0
359.0
405.0
397.0
335.0
223.0
67.0
0.0
0.0
0.0
0.0
0.0
0.0
0.0
0.0
0.0
0.0
0.0
0.0
0.0
0.0
0.0
2.0
115.0
257.0
355.0
401.0
393.0
331.0
220.0
64.0
0.0
0.0
0.0
0.0
0.0
0.0
0.0
0.0
0.0
0.0
0.0
0.0
0.0
0.0
0.0
2.0
110.0
252.0
350.0
397.0
389.0
328.0
216.0
61.0
0.0
0.0
0.0
0.0
0.0
0.0
0.0
0.0
0.0
0.0
0.0
0.0
0.0
0.0
0.0
1.0
105.0
248.0
346.0
393.0
385.0
324.0
213.0
59.0
0.0
0.0
0.0
0.0
0.0
0.0
0.0
0.0
0.0
0.0
0.0
0.0
0.0
0.0
0.0
1.0
101.0
243.0
341.0
389.0
382.0
321.0
210.0
57.0
0.0
0.0
0.0
0.0
0.0
0.0
0.0
0.0
0.0
0.0
0.0
0.0
0.0
0.0
0.0
0.0
96.0
239.0
337.0
385.0
378.0
318.0
208.0
55.0
0.0
0.0
0.0
0.0
0.0
0.0
0.0
0.0
0.0
0.0
0.0
0.0
0.0
0.0
0.0
0.0
92.0
235.0
333.0
381.0
375.0
315.0
205.0
53.0
0.0
0.0
0.0
0.0
0.0
0.0
0.0
0.0
0.0
0.0
0.0
0.0
0.0
0.0
0.0
0.0
88.0
231.0
329.0
378.0
372.0
312.0
203.0
51.0
0.0
0.0
0.0
0.0
0.0
0.0
0.0
0.0
0.0
0.0
0.0
0.0
0.0
0.0
0.0
0.0
79.0
227.0
326.0
374.0
369.0
309.0
200.0
50.0
0.0
0.0
0.0
0.0
0.0
0.0
0.0
0.0
0.0
0.0
0.0
0.0
0.0
0.0
0.0
0.0
75.0
223.0
322.0
371.0
366.0
307.0
198.0
48.0
0.0
0.0
0.0
0.0
0.0
0.0
0.0
0.0
0.0
0.0
0.0
0.0
0.0
0.0
0.0
0.0
72.0
219.0
319.0
368.0
363.0
305.0
196.0
47.0
0.0
0.0
0.0
0.0
0.0
0.0
0.0
0.0
0.0
0.0
0.0
0.0
0.0
0.0
0.0
0.0
68.0
216.0
316.0
365.0
361.0
302.0
195.0
46.0
0.0
0.0
0.0
0.0
0.0
0.0
0.0
0.0
0.0
0.0
0.0
0.0
0.0
0.0
0.0
0.0
65.0
212.0
313.0
362.0
358.0
300.0
193.0
45.0
0.0
0.0
0.0
0.0
0.0
0.0
0.0
0.0
0.0
0.0
0.0
0.0
0.0
0.0
0.0
0.0
62.0
209.0
310.0
360.0
356.0
299.0
192.0
44.0
0.0
0.0
0.0
0.0
0.0
0.0
0.0
0.0
0.0
0.0
0.0
0.0
0.0
0.0
0.0
0.0
59.0
206.0
307.0
357.0
354.0
297.0
190.0
44.0
0.0
0.0
0.0
0.0
0.0
0.0
0.0
0.0
0.0
0.0
0.0
0.0
0.0
0.0
0.0
0.0
57.0
203.0
304.0
355.0
352.0
296.0
189.0
43.0
0.0
0.0
0.0
0.0
0.0
0.0
0.0
0.0
0.0
0.0
0.0
0.0
0.0
0.0
0.0
0.0
54.0
200.0
302.0
353.0
350.0
294.0
188.0
43.0
0.0
0.0
0.0
0.0
0.0
0.0
0.0
0.0
0.0
0.0
0.0
0.0
0.0
0.0
0.0
0.0
52.0
198.0
300.0
351.0
349.0
293.0
188.0
42.0
0.0
0.0
0.0
0.0
0.0
0.0
0.0
0.0
0.0
0.0
0.0
0.0
0.0
0.0
0.0
0.0
50.0
195.0
297.0
349.0
348.0
292.0
187.0
42.0
0.0
0.0
0.0
0.0
0.0
0.0
0.0
0.0
0.0
0.0
0.0
0.0
0.0
0.0
0.0
0.0
48.0
193.0
296.0
348.0
346.0
292.0
187.0
42.0
0.0
0.0
0.0
0.0
0.0
0.0
0.0
0.0
0.0
0.0
0.0
0.0
0.0
0.0
0.0
0.0
46.0
191.0
294.0
346.0
345.0
291.0
187.0
42.0
0.0
0.0
0.0
0.0
0.0
0.0
0.0
0.0
0.0
0.0
0.0
0.0
0.0
0.0
0.0
0.0
45.0
189.0
292.0
345.0
345.0
291.0
187.0
42.0
0.0
0.0
0.0
0.0
0.0
0.0
0.0
0.0
0.0
0.0
0.0
0.0
0.0
0.0
0.0
0.0
43.0
187.0
291.0
344.0
344.0
290.0
187.0
43.0
0.0
0.0
0.0
0.0
0.0
0.0
0.0
0.0
0.0
0.0
0.0
0.0
0.0
0.0
0.0
0.0
42.0
186.0
289.0
343.0
344.0
290.0
187.0
43.0
0.0
0.0
0.0
0.0
0.0
0.0
0.0
0.0
0.0
0.0
0.0
0.0
0.0
0.0
0.0
0.0
41.0
184.0
288.0
343.0
343.0
290.0
188.0
44.0
0.0
0.0
0.0
0.0
0.0
0.0
0.0
0.0
0.0
0.0
0.0
0.0
0.0
0.0
0.0
0.0
40.0
183.0
287.0
342.0
343.0
291.0
188.0
44.0
0.0
0.0
0.0
0.0
0.0
0.0
0.0
0.0
0.0
0.0
0.0
0.0
0.0
0.0
0.0
0.0
39.0
182.0
287.0
342.0
343.0
291.0
189.0
45.0
0.0
0.0
0.0
0.0
0.0
0.0
0.0
0.0
0.0
0.0
0.0
0.0
0.0
0.0
0.0
0.0
38.0
181.0
286.0
342.0
344.0
292.0
190.0
46.0
0.0
0.0
0.0
0.0
0.0
0.0
0.0
0.0
0.0
0.0
0.0
0.0
0.0
0.0
0.0
0.0
37.0
180.0
286.0
342.0
344.0
293.0
191.0
47.0
0.0
0.0
0.0
0.0
0.0
0.0
0.0
0.0
0.0
0.0
0.0
0.0
0.0
0.0
0.0
0.0
36.0
180.0
286.0
342.0
345.0
294.0
193.0
48.0
0.0
0.0
0.0
0.0
0.0
0.0
0.0
0.0
0.0
0.0
0.0
0.0
0.0
0.0
0.0
0.0
36.0
179.0
286.0
342.0
346.0
295.0
194.0
50.0
0.0
0.0
0.0
0.0
0.0
0.0
0.0
0.0
0.0
0.0
0.0
0.0
0.0
0.0
0.0
0.0
36.0
179.0
286.0
343.0
347.0
296.0
196.0
51.0
0.0
0.0
0.0
0.0
0.0
0.0
0.0
0.0
0.0
0.0
0.0
0.0
0.0
0.0
0.0
0.0
35.0
179.0
286.0
344.0
348.0
298.0
198.0
53.0
0.0
0.0
0.0
0.0
0.0
0.0
0.0
0.0
0.0
0.0
0.0
0.0
0.0
0.0
0.0
0.0
35.0
179.0
286.0
345.0
349.0
300.0
200.0
55.0
0.0
0.0
0.0
0.0
0.0
0.0
0.0
0.0
0.0
0.0
0.0
0.0
0.0
0.0
0.0
0.0
35.0
179.0
287.0
346.0
351.0
302.0
202.0
57.0
0.0
0.0
0.0
0.0
0.0
0.0
0.0
0.0
0.0
0.0
0.0
0.0
0.0
0.0
0.0
0.0
35.0
180.0
288.0
347.0
352.0
304.0
205.0
59.0
0.0
0.0
0.0
0.0
0.0
0.0
0.0
0.0
