0.0
0.0
0.0
0.0
0.0
0.0
0.0
0.0
3.0
15.0
25.0
33.0
37.0
31.0
22.0
10.0
1.0
0.0
0.0
0.0
0.0
0.0
0.0
0.0
0.0
0.0
0.0
0.0
0.0
0.0
0.0
0.0
3.0
48.0
81.0
112.0
101.0
69.0
44.0
20.0
1.0
0.0
0.0
0.0
0.0
0.0
0.0
0.0
0.0
0.0
0.0
0.0
0.0
0.0
0.0
0.0
15.0
149.0
256.0
318.0
313.0
275.0
199.0
93.0
2.0
0.0
0.0
0.0
0.0
0.0
0.0
0.0
0.0
0.0
0.0
0.0
0.0
0.0
0.0
0.0
11.0
102.0
166.0
185.0
188.0
161.0
116.0
50.0
1.0
0.0
0.0
0.0
0.0
0.0
0.0
0.0
0.0
0.0
0.0
0.0
0.0
0.0
0.0
0.0
3.0
59.0
89.0
121.0
139.0
122.0
110.0
43.0
1.0
0.0
0.0
0.0
0.0
0.0
0.0
0.0
0.0
0.0
0.0
0.0
0.0
0.0
0.0
0.0
3.0
21.0
35.0
41.0
45.0
46.0
33.0
16.0
1.0
0.0
0.0
0.0
0.0
0.0
0.0
0.0
0.0
0.0
0.0
0.0
0.0
0.0
0.0
0.0
11.0
99.0
167.0
217.0
225.0
202.0
127.0
56.0
1.0
0.0
0.0
0.0
0.0
0.0
0.0
0.0
0.0
0.0
0.0
0.0
0.0
0.0
0.0
0.0
4.0
31.0
54.0
68.0
65.0
65.0
46.0
23.0
1.0
0.0
0.0
0.0
0.0
0.0
0.0
0.0
0.0
0.0
0.0
0.0
0.0
0.0
0.0
0.0
3.0
25.0
39.0
47.0
46.0
43.0
33.0
16.0
1.0
0.0
0.0
0.0
0.0
0.0
0.0
0.0
0.0
0.0
0.0
0.0
0.0
0.0
0.0
0.0
3.0
28.0
47.0
60.0
60.0
54.0
43.0
20.0
1.0
0.0
0.0
0.0
0.0
0.0
0.0
0.0
0.0
0.0
0.0
0.0
0.0
0.0
0.0
0.0
18.0
137.0
237.0
291.0
272.0
271.0
196.0
112.0
8.0
0.0
0.0
0.0
0.0
0.0
0.0
0.0
0.0
0.0
0.0
0.0
0.0
0.0
0.0
0.0
9.0
77.0
117.0
156.0
160.0
149.0
115.0
68.0
2.0
0.0
0.0
0.0
0.0
0.0
0.0
0.0
0.0
0.0
0.0
0.0
0.0
0.0
0.0
0.0
26.0
117.0
192.0
310.0
265.0
136.0
141.0
83.0
4.0
0.0
0.0
0.0
0.0
0.0
0.0
0.0
0.0
0.0
0.0
0.0
0.0
0.0
0.0
0.0
6.0
55.0
81.0
93.0
91.0
96.0
50.0
28.0
2.0
0.0
0.0
0.0
0.0
0.0
0.0
0.0
0.0
0.0
0.0
0.0
0.0
0.0
0.0
0.0
6.0
52.0
86.0
111.0
117.0
102.0
76.0
41.0
2.0
0.0
0.0
0.0
0.0
0.0
0.0
0.0
0.0
0.0
0.0
0.0
0.0
0.0
0.0
0.0
12.0
129.0
215.0
278.0
288.0
256.0
188.0
93.0
2.0
0.0
0.0
0.0
0.0
0.0
0.0
0.0
0.0
0.0
0.0
0.0
0.0
0.0
0.0
0.0
4.0
44.0
81.0
91.0
98.0
79.0
56.0
39.0
2.0
0.0
0.0
0.0
0.0
0.0
0.0
0.0
0.0
0.0
0.0
0.0
0.0
0.0
0.0
0.0
14.0
140.0
265.0
299.0
325.0
310.0
238.0
131.0
10.0
0.0
0.0
0.0
0.0
0.0
0.0
0.0
0.0
0.0
0.0
0.0
0.0
0.0
0.0
0.0
24.0
154.0
252.0
309.0
321.0
311.0
230.0
110.0
3.0
0.0
0.0
0.0
0.0
0.0
0.0
0.0
0.0
0.0
0.0
0.0
0.0
0.0
0.0
0.0
18.0
115.0
199.0
235.0
248.0
217.0
149.0
85.0
3.0
0.0
0.0
0.0
0.0
0.0
0.0
0.0
0.0
0.0
0.0
0.0
0.0
0.0
0.0
0.0
15.0
97.0
125.0
185.0
218.0
214.0
128.0
68.0
3.0
0.0
0.0
0.0
0.0
0.0
0.0
0.0
0.0
0.0
0.0
0.0
0.0
0.0
0.0
0.0
5.0
22.0
36.0
45.0
50.0
45.0
31.0
18.0
3.0
0.0
0.0
0.0
0.0
0.0
0.0
0.0
0.0
0.0
0.0
0.0
0.0
0.0
0.0
0.0
47.0
161.0
248.0
352.0
370.0
261.0
232.0
109.0
8.0
0.0
0.0
0.0
0.0
0.0
0.0
0.0
0.0
0.0
0.0
0.0
0.0
0.0
0.0
0.0
58.0
177.0
293.0
358.0
379.0
349.0
277.0
161.0
18.0
0.0
0.0
0.0
0.0
0.0
0.0
0.0
0.0
0.0
0.0
0.0
0.0
0.0
0.0
0.0
64.0
192.0
303.0
372.0
394.0
368.0
290.0
173.0
20.0
0.0
0.0
0.0
0.0
0.0
0.0
0.0
0.0
0.0
0.0
0.0
0.0
0.0
0.0
0.0
64.0
189.0
302.0
377.0
401.0
373.0
299.0
180.0
25.0
0.0
0.0
0.0
0.0
0.0
0.0
0.0
0.0
0.0
0.0
0.0
0.0
0.0
0.0
0.0
13.0
37.0
64.0
80.0
96.0
85.0
69.0
35.0
4.0
0.0
0.0
0.0
0.0
0.0
0.0
0.0
0.0
0.0
0.0
0.0
0.0
0.0
0.0
0.0
31.0
90.0
128.0
102.0
35.0
258.0
242.0
154.0
19.0
0.0
0.0
0.0
0.0
0.0
0.0
0.0
0.0
0.0
0.0
0.0
0.0
0.0
0.0
0.0
63.0
221.0
348.0
273.0
215.0
252.0
165.0
17.0
5.0
0.0
0.0
0.0
0.0
0.0
0.0
0.0
0.0
0.0
0.0
0.0
0.0
0.0
0.0
0.0
8.0
23.0
35.0
43.0
44.0
43.0
34.0
21.0
7.0
0.0
0.0
0.0
0.0
0.0
0.0
0.0
0.0
0.0
0.0
0.0
0.0
0.0
0.0
0.0
17.0
45.0
83.0
108.0
104.0
90.0
71.0
45.0
11.0
0.0
0.0
0.0
0.0
0.0
0.0
0.0
0.0
0.0
0.0
0.0
0.0
0.0
0.0
0.0
32.0
85.0
111.0
112.0
95.0
102.0
88.0
44.0
15.0
0.0
0.0
0.0
0.0
0.0
0.0
0.0
0.0
0.0
0.0
0.0
0.0
0.0
0.0
0.0
29.0
61.0
133.0
144.0
171.0
162.0
100.0
28.0
24.0
0.0
0.0
0.0
0.0
0.0
0.0
0.0
0.0
0.0
0.0
0.0
0.0
0.0
0.0
0.0
31.0
84.0
119.0
156.0
165.0
148.0
104.0
80.0
21.0
0.0
0.0
0.0
0.0
0.0
0.0
0.0
0.0
0.0
0.0
0.0
0.0
0.0
0.0
2.0
60.0
138.0
292.0
336.0
309.0
342.0
76.0
130.0
30.0
0.0
0.0
0.0
0.0
0.0
0.0
0.0
0.0
0.0
0.0
0.0
0.0
0.0
0.0
0.0
64.0
157.0
249.0
306.0
314.0
300.0
244.0
163.0
64.0
0.0
0.0
0.0
0.0
0.0
0.0
0.0
0.0
0.0
0.0
0.0
0.0
0.0
0.0
4.0
101.0
249.0
364.0
292.0
206.0
110.0
177.0
103.0
7.0
0.0
0.0
0.0
0.0
0.0
0.0
0.0
0.0
0.0
0.0
0.0
0.0
0.0
0.0
1.0
14.0
34.0
52.0
62.0
66.0
71.0
50.0
34.0
13.0
0.0
0.0
0.0
0.0
0.0
0.0
0.0
0.0
0.0
0.0
0.0
0.0
0.0
0.0
1.0
68.0
159.0
243.0
304.0
323.0
292.0
244.0
156.0
59.0
0.0
0.0
0.0
0.0
0.0
0.0
0.0
0.0
0.0
0.0
0.0
0.0
0.0
0.0
1.0
20.0
51.0
68.0
83.0
79.0
356.0
282.0
187.0
73.0
0.0
0.0
0.0
0.0
0.0
0.0
0.0
0.0
0.0
0.0
0.0
0.0
0.0
0.0
2.0
103.0
234.0
336.0
411.0
443.0
417.0
346.0
219.0
89.0
1.0
0.0
0.0
0.0
0.0
0.0
0.0
0.0
0.0
0.0
0.0
0.0
0.0
0.0
1.0
45.0
107.0
156.0
195.0
197.0
184.0
162.0
105.0
46.0
1.0
0.0
0.0
0.0
0.0
0.0
0.0
0.0
0.0
0.0
0.0
0.0
0.0
0.0
1.0
42.0
95.0
147.0
176.0
196.0
173.0
142.0
101.0
43.0
1.0
0.0
0.0
0.0
0.0
0.0
0.0
0.0
0.0
0.0
0.0
0.0
0.0
0.0
2.0
61.0
87.0
127.0
174.0
186.0
179.0
74.0
45.0
20.0
1.0
0.0
0.0
0.0
0.0
0.0
0.0
0.0
0.0
0.0
0.0
0.0
0.0
0.0
6.0
117.0
236.0
398.0
386.0
309.0
265.0
194.0
148.0
70.0
1.0
0.0
0.0
0.0
0.0
0.0
0.0
0.0
0.0
0.0
0.0
0.0
0.0
0.0
2.0
64.0
135.0
207.0
261.0
314.0
265.0
237.0
232.0
130.0
8.0
0.0
0.0
0.0
0.0
0.0
0.0
0.0
0.0
0.0
0.0
0.0
0.0
0.0
2.0
25.0
47.0
32.0
50.0
66.0
373.0
288.0
196.0
87.0
1.0
0.0
0.0
0.0
0.0
0.0
0.0
0.0
0.0
0.0
0.0
0.0
0.0
0.0
7.0
146.0
296.0
422.0
505.0
528.0
497.0
417.0
291.0
139.0
5.0
0.0
0.0
0.0
0.0
0.0
0.0
0.0
0.0
0.0
0.0
0.0
0.0
0.0
7.0
132.0
269.0
392.0
475.0
490.0
453.0
380.0
277.0
131.0
6.0
0.0
0.0
0.0
0.0
0.0
0.0
0.0
0.0
0.0
0.0
0.0
0.0
0.0
3.0
13.0
33.0
51.0
53.0
83.0
426.0
375.0
266.0
134.0
7.0
0.0
0.0
0.0
0.0
0.0
0.0
0.0
0.0
0.0
0.0
0.0
0.0
0.0
9.0
131.0
250.0
351.0
446.0
445.0
475.0
389.0
274.0
136.0
8.0
0.0
0.0
0.0
0.0
0.0
0.0
0.0
0.0
0.0
0.0
0.0
0.0
0.0
9.0
143.0
275.0
363.0
408.0
463.0
457.0
384.0
271.0
139.0
9.0
0.0
0.0
0.0
0.0
0.0
0.0
0.0
0.0
0.0
0.0
0.0
0.0
0.0
11.0
142.0
265.0
401.0
451.0
470.0
450.0
400.0
286.0
147.0
11.0
0.0
0.0
0.0
0.0
0.0
0.0
0.0
0.0
0.0
0.0
0.0
0.0
0.0
7.0
93.0
195.0
266.0
290.0
327.0
297.0
253.0
147.0
72.0
2.0
0.0
0.0
0.0
0.0
0.0
0.0
0.0
0.0
0.0
0.0
0.0
0.0
0.0
11.0
76.0
150.0
192.0
213.0
203.0
198.0
173.0
127.0
63.0
2.0
0.0
0.0
0.0
0.0
0.0
0.0
0.0
0.0
0.0
0.0
0.0
0.0
0.0
16.0
108.0
184.0
286.0
340.0
345.0
410.0
262.0
116.0
13.0
5.0
0.0
0.0
0.0
0.0
0.0
0.0
0.0
0.0
0.0
0.0
0.0
0.0
0.0
20.0
171.0
337.0
457.0
467.0
432.0
443.0
300.0
202.0
117.0
7.0
0.0
0.0
0.0
0.0
0.0
0.0
0.0
0.0
0.0
0.0
0.0
0.0
0.0
5.0
46.0
84.0
122.0
142.0
148.0
144.0
119.0
85.0
44.0
3.0
0.0
0.0
0.0
0.0
0.0
0.0
0.0
0.0
0.0
0.0
0.0
0.0
0.0
27.0
172.0
247.0
349.0
458.0
488.0
383.0
334.0
183.0
108.0
3.0
0.0
0.0
0.0
0.0
0.0
0.0
0.0
0.0
0.0
0.0
0.0
0.0
0.0
26.0
170.0
264.0
316.0
401.0
465.0
463.0
395.0
230.0
107.0
3.0
0.0
0.0
0.0
0.0
0.0
0.0
0.0
0.0
0.0
0.0
0.0
0.0
0.0
15.0
103.0
187.0
221.0
267.0
288.0
278.0
219.0
143.0
77.0
4.0
0.0
0.0
0.0
0.0
0.0
0.0
0.0
0.0
0.0
0.0
0.0
0.0
0.0
19.0
28.0
85.0
123.0
233.0
312.0
353.0
471.0
388.0
210.0
41.0
0.0
0.0
0.0
0.0
0.0
0.0
0.0
0.0
0.0
0.0
0.0
0.0
0.0
71.0
207.0
381.0
520.0
515.0
406.0
189.0
135.0
27.0
15.0
4.0
0.0
0.0
0.0
0.0
0.0
0.0
0.0
0.0
0.0
0.0
0.0
0.0
0.0
70.0
209.0
367.0
481.0
542.0
554.0
530.0
455.0
329.0
189.0
25.0
0.0
0.0
0.0
0.0
0.0
0.0
0.0
0.0
0.0
0.0
0.0
0.0
0.0
14.0
40.0
65.0
89.0
98.0
111.0
93.0
75.0
63.0
40.0
6.0
0.0
0.0
0.0
0.0
0.0
0.0
0.0
0.0
0.0
0.0
0.0
0.0
0.0
6.0
19.0
31.0
44.0
50.0
50.0
46.0
39.0
29.0
17.0
5.0
0.0
0.0
0.0
0.0
0.0
0.0
0.0
0.0
0.0
0.0
0.0
0.0
0.0
8.0
24.0
42.0
43.0
50.0
56.0
395.0
333.0
253.0
147.0
45.0
0.0
0.0
0.0
0.0
0.0
0.0
0.0
0.0
0.0
0.0
0.0
0.0
1.0
63.0
104.0
152.0
375.0
400.0
239.0
290.0
326.0
297.0
213.0
81.0
0.0
0.0
0.0
0.0
0.0
0.0
0.0
0.0
0.0
0.0
0.0
0.0
1.0
97.0
111.0
91.0
422.0
641.0
565.0
262.0
131.0
32.0
133.0
6.0
0.0
0.0
0.0
0.0
0.0
0.0
0.0
0.0
0.0
0.0
0.0
0.0
0.0
55.0
144.0
221.0
322.0
377.0
360.0
327.0
305.0
223.0
144.0
51.0
0.0
0.0
0.0
0.0
0.0
0.0
0.0
0.0
0.0
0.0
0.0
0.0
1.0
95.0
248.0
374.0
489.0
557.0
595.0
545.0
464.0
350.0
208.0
74.0
0.0
0.0
0.0
0.0
0.0
0.0
0.0
0.0
0.0
0.0
0.0
0.0
2.0
92.0
217.0
344.0
369.0
461.0
460.0
589.0
417.0
329.0
118.0
45.0
0.0
0.0
0.0
0.0
0.0
0.0
0.0
0.0
0.0
0.0
0.0
0.0
1.0
39.0
148.0
147.0
178.0
245.0
178.0
156.0
130.0
172.0
154.0
46.0
0.0
0.0
0.0
0.0
0.0
0.0
0.0
0.0
0.0
0.0
0.0
0.0
1.0
50.0
127.0
202.0
242.0
274.0
305.0
269.0
257.0
186.0
111.0
43.0
0.0
0.0
0.0
0.0
0.0
0.0
0.0
0.0
0.0
0.0
0.0
0.0
3.0
123.0
286.0
443.0
566.0
638.0
656.0
629.0
543.0
411.0
252.0
91.0
1.0
0.0
0.0
0.0
0.0
0.0
0.0
0.0
0.0
0.0
0.0
0.0
1.0
55.0
137.0
214.0
275.0
307.0
333.0
291.0
248.0
184.0
116.0
44.0
1.0
0.0
0.0
0.0
0.0
0.0
0.0
0.0
0.0
0.0
0.0
0.0
3.0
100.0
225.0
335.0
443.0
491.0
508.0
478.0
412.0
318.0
203.0
75.0
0.0
0.0
0.0
0.0
0.0
0.0
0.0
0.0
0.0
0.0
0.0
0.0
2.0
23.0
45.0
66.0
90.0
101.0
93.0
487.0
415.0
320.0
194.0
77.0
1.0
0.0
0.0
0.0
0.0
0.0
0.0
0.0
0.0
0.0
0.0
0.0
6.0
148.0
315.0
474.0
597.0
672.0
691.0
651.0
560.0
429.0
268.0
106.0
1.0
0.0
0.0
0.0
0.0
0.0
0.0
0.0
0.0
0.0
0.0
0.0
5.0
86.0
193.0
265.0
356.0
374.0
391.0
353.0
319.0
243.0
150.0
52.0
1.0
0.0
0.0
0.0
0.0
0.0
0.0
0.0
0.0
0.0
0.0
0.0
2.0
75.0
148.0
271.0
349.0
382.0
345.0
310.0
266.0
236.0
158.0
67.0
2.0
0.0
0.0
0.0
0.0
0.0
0.0
0.0
0.0
0.0
0.0
0.0
5.0
141.0
246.0
342.0
570.0
472.0
539.0
499.0
447.0
324.0
225.0
76.0
4.0
0.0
0.0
0.0
0.0
0.0
0.0
0.0
0.0
0.0
0.0
0.0
3.0
51.0
113.0
176.0
246.0
232.0
256.0
260.0
205.0
167.0
95.0
45.0
1.0
0.0
0.0
0.0
0.0
0.0
0.0
0.0
0.0
0.0
0.0
0.0
3.0
16.0
45.0
135.0
283.0
505.0
479.0
466.0
389.0
230.0
201.0
60.0
1.0
0.0
0.0
0.0
0.0
0.0
0.0
0.0
0.0
0.0
0.0
0.0
7.0
80.0
164.0
224.0
303.0
324.0
360.0
320.0
273.0
215.0
127.0
49.0
1.0
0.0
0.0
0.0
0.0
0.0
0.0
0.0
0.0
0.0
0.0
0.0
3.0
81.0
204.0
301.0
338.0
384.0
393.0
333.0
296.0
226.0
173.0
68.0
2.0
0.0
0.0
0.0
0.0
0.0
0.0
0.0
0.0
0.0
0.0
0.0
19.0
184.0
345.0
500.0
609.0
667.0
692.0
641.0
564.0
436.0
280.0
121.0
3.0
0.0
0.0
0.0
0.0
0.0
0.0
0.0
0.0
0.0
0.0
0.0
13.0
152.0
294.0
371.0
443.0
549.0
555.0
616.0
592.0
459.0
300.0
144.0
12.0
0.0
0.0
0.0
0.0
0.0
0.0
0.0
0.0
0.0
0.0
0.0
25.0
199.0
368.0
521.0
632.0
710.0
730.0
695.0
611.0
477.0
315.0
147.0
6.0
0.0
0.0
0.0
0.0
0.0
0.0
0.0
0.0
0.0
0.0
0.0
5.0
17.0
87.0
184.0
256.0
368.0
428.0
437.0
330.0
279.0
189.0
115.0
3.0
0.0
0.0
0.0
0.0
0.0
0.0
0.0
0.0
0.0
0.0
0.0
61.0
214.0
387.0
539.0
657.0
720.0
737.0
700.0
613.0
480.0
319.0
148.0
7.0
0.0
0.0
0.0
0.0
0.0
0.0
0.0
0.0
0.0
0.0
0.0
66.0
219.0
389.0
533.0
642.0
711.0
729.0
694.0
608.0
475.0
318.0
151.0
8.0
0.0
0.0
0.0
0.0
0.0
0.0
0.0
0.0
0.0
0.0
0.0
37.0
85.0
192.0
307.0
362.0
369.0
191.0
282.0
268.0
180.0
380.0
161.0
11.0
0.0
0.0
0.0
0.0
0.0
0.0
0.0
0.0
0.0
0.0
0.0
65.0
214.0
374.0
504.0
588.0
634.0
636.0
584.0
511.0
389.0
228.0
114.0
4.0
0.0
0.0
0.0
0.0
0.0
0.0
0.0
0.0
0.0
0.0
0.0
82.0
243.0
415.0
566.0
673.0
733.0
749.0
707.0
617.0
488.0
328.0
162.0
9.0
0.0
0.0
0.0
0.0
0.0
0.0
0.0
0.0
0.0
0.0
0.0
42.0
115.0
232.0
182.0
295.0
409.0
481.0
566.0
600.0
425.0
305.0
185.0
36.0
0.0
0.0
0.0
0.0
0.0
0.0
0.0
0.0
0.0
0.0
0.0
73.0
196.0
324.0
442.0
535.0
560.0
580.0
619.0
567.0
454.0
326.0
158.0
15.0
0.0
0.0
0.0
0.0
0.0
0.0
0.0
0.0
0.0
0.0
1.0
87.0
239.0
400.0
548.0
661.0
718.0
735.0
702.0
612.0
492.0
334.0
170.0
15.0
0.0
0.0
0.0
0.0
0.0
0.0
0.0
0.0
0.0
0.0
1.0
99.0
266.0
436.0
581.0
686.0
742.0
755.0
709.0
623.0
491.0
333.0
168.0
11.0
0.0
0.0
0.0
0.0
0.0
0.0
0.0
0.0
0.0
0.0
1.0
44.0
120.0
188.0
256.0
285.0
310.0
300.0
316.0
263.0
216.0
138.0
61.0
3.0
0.0
0.0
0.0
0.0
0.0
0.0
0.0
0.0
0.0
0.0
1.0
36.0
87.0
161.0
263.0
262.0
260.0
191.0
221.0
233.0
191.0
150.0
64.0
4.0
0.0
0.0
0.0
0.0
0.0
0.0
0.0
0.0
0.0
0.0
2.0
47.0
104.0
154.0
220.0
299.0
355.0
312.0
265.0
239.0
216.0
132.0
73.0
4.0
0.0
0.0
0.0
0.0
0.0
0.0
0.0
0.0
0.0
0.0
2.0
117.0
281.0
444.0
592.0
691.0
750.0
749.0
713.0
628.0
501.0
354.0
187.0
19.0
0.0
0.0
0.0
0.0
0.0
0.0
0.0
0.0
0.0
0.0
3.0
119.0
282.0
445.0
590.0
694.0
754.0
767.0
734.0
647.0
516.0
358.0
190.0
22.0
0.0
0.0
0.0
0.0
0.0
0.0
0.0
0.0
0.0
0.0
3.0
126.0
293.0
459.0
607.0
718.0
769.0
777.0
733.0
648.0
521.0
367.0
194.0
23.0
0.0
0.0
0.0
0.0
0.0
0.0
0.0
0.0
0.0
0.0
2.0
53.0
121.0
193.0
263.0
301.0
332.0
317.0
305.0
259.0
177.0
131.0
66.0
5.0
0.0
0.0
0.0
0.0
0.0
0.0
0.0
0.0
0.0
0.0
1.0
144.0
157.0
508.0
669.0
533.0
269.0
572.0
195.0
340.0
265.0
86.0
16.0
5.0
0.0
0.0
0.0
0.0
0.0
0.0
0.0
0.0
0.0
0.0
8.0
132.0
363.0
320.0
305.0
385.0
255.0
387.0
436.0
341.0
424.0
244.0
110.0
31.0
0.0
0.0
0.0
0.0
0.0
0.0
0.0
0.0
0.0
0.0
7.0
82.0
134.0
302.0
367.0
346.0
333.0
455.0
414.0
389.0
411.0
266.0
86.0
5.0
0.0
0.0
0.0
0.0
0.0
0.0
0.0
0.0
0.0
0.0
7.0
143.0
306.0
467.0
609.0
712.0
770.0
783.0
740.0
657.0
540.0
387.0
219.0
68.0
0.0
0.0
0.0
0.0
0.0
0.0
0.0
0.0
0.0
0.0
9.0
83.0
220.0
308.0
386.0
207.0
442.0
438.0
411.0
325.0
378.0
434.0
216.0
76.0
0.0
0.0
0.0
0.0
0.0
0.0
0.0
0.0
0.0
0.0
2.0
22.0
45.0
73.0
97.0
106.0
109.0
102.0
96.0
85.0
69.0
51.0
29.0
8.0
0.0
0.0
0.0
0.0
0.0
0.0
0.0
0.0
0.0
0.0
3.0
37.0
72.0
135.0
160.0
169.0
203.0
235.0
190.0
169.0
185.0
140.0
65.0
22.0
0.0
0.0
0.0
0.0
0.0
0.0
0.0
0.0
0.0
0.0
3.0
40.0
86.0
119.0
153.0
184.0
219.0
211.0
202.0
181.0
147.0
104.0
58.0
20.0
0.0
0.0
0.0
0.0
0.0
0.0
0.0
0.0
0.0
0.0
3.0
74.0
142.0
231.0
308.0
348.0
398.0
416.0
371.0
364.0
280.0
199.0
94.0
30.0
0.0
0.0
0.0
0.0
0.0
0.0
0.0
0.0
0.0
0.0
3.0
83.0
173.0
274.0
376.0
412.0
450.0
476.0
473.0
425.0
330.0
241.0
140.0
44.0
0.0
0.0
0.0
0.0
0.0
0.0
0.0
0.0
0.0
0.0
19.0
203.0
305.0
364.0
476.0
532.0
591.0
507.0
557.0
510.0
478.0
377.0
274.0
98.0
3.0
0.0
0.0
0.0
0.0
0.0
0.0
0.0
0.0
0.0
17.0
156.0
304.0
451.0
579.0
664.0
720.0
730.0
687.0
606.0
490.0
355.0
207.0
73.0
0.0
0.0
0.0
0.0
0.0
0.0
0.0
0.0
0.0
0.0
19.0
170.0
330.0
484.0
611.0
712.0
774.0
786.0
736.0
653.0
538.0
385.0
220.0
81.0
1.0
0.0
0.0
0.0
0.0
0.0
0.0
0.0
0.0
0.0
22.0
176.0
336.0
478.0
589.0
691.0
789.0
750.0
721.0
606.0
499.0
366.0
230.0
84.0
1.0
0.0
0.0
0.0
0.0
0.0
0.0
0.0
0.0
0.0
24.0
179.0
334.0
488.0
607.0
703.0
760.0
763.0
725.0
649.0
528.0
380.0
224.0
82.0
1.0
0.0
0.0
0.0
0.0
0.0
0.0
0.0
0.0
0.0
34.0
119.0
194.0
278.0
358.0
461.0
467.0
478.0
450.0
398.0
326.0
215.0
130.0
53.0
1.0
0.0
0.0
0.0
0.0
0.0
0.0
0.0
0.0
0.0
13.0
52.0
103.0
154.0
224.0
198.0
190.0
194.0
154.0
105.0
96.0
78.0
53.0
24.0
1.0
0.0
0.0
0.0
0.0
0.0
0.0
0.0
0.0
0.0
74.0
226.0
456.0
611.0
562.0
535.0
407.0
484.0
327.0
275.0
66.0
41.0
25.0
10.0
1.0
0.0
0.0
0.0
0.0
0.0
0.0
0.0
0.0
0.0
6.0
19.0
123.0
238.0
292.0
442.0
166.0
78.0
74.0
496.0
644.0
525.0
311.0
129.0
1.0
0.0
0.0
0.0
0.0
0.0
0.0
0.0
0.0
0.0
36.0
119.0
199.0
239.0
353.0
400.0
415.0
406.0
411.0
402.0
324.0
217.0
120.0
39.0
1.0
0.0
0.0
0.0
0.0
0.0
0.0
0.0
0.0
0.0
28.0
87.0
170.0
242.0
281.0
350.0
356.0
363.0
357.0
298.0
254.0
171.0
98.0
38.0
1.0
0.0
0.0
0.0
0.0
0.0
0.0
0.0
0.0
0.0
54.0
166.0
275.0
375.0
458.0
539.0
553.0
586.0
542.0
482.0
411.0
294.0
173.0
72.0
1.0
0.0
0.0
0.0
0.0
0.0
0.0
0.0
0.0
1.0
76.0
231.0
446.0
595.0
788.0
852.0
627.0
441.0
421.0
342.0
224.0
196.0
123.0
10.0
1.0
0.0
0.0
0.0
0.0
0.0
0.0
0.0
0.0
0.0
58.0
165.0
276.0
395.0
493.0
582.0
606.0
612.0
584.0
497.0
415.0
316.0
194.0
76.0
1.0
0.0
0.0
0.0
0.0
0.0
0.0
0.0
0.0
0.0
66.0
221.0
249.0
369.0
371.0
374.0
696.0
393.0
202.0
406.0
375.0
288.0
257.0
134.0
18.0
0.0
0.0
0.0
0.0
0.0
0.0
0.0
0.0
1.0
81.0
226.0
408.0
573.0
733.0
835.0
517.0
543.0
527.0
461.0
369.0
280.0
160.0
63.0
2.0
0.0
0.0
0.0
0.0
0.0
0.0
0.0
0.0
1.0
83.0
232.0
402.0
557.0
687.0
779.0
832.0
838.0
798.0
716.0
595.0
443.0
277.0
121.0
5.0
0.0
0.0
0.0
0.0
0.0
0.0
0.0
0.0
1.0
86.0
235.0
401.0
559.0
692.0
791.0
843.0
855.0
814.0
729.0
604.0
452.0
286.0
128.0
6.0
0.0
0.0
0.0
0.0
0.0
0.0
0.0
0.0
1.0
85.0
230.0
399.0
541.0
667.0
753.0
800.0
826.0
774.0
700.0
587.0
446.0
280.0
131.0
8.0
0.0
0.0
0.0
0.0
0.0
0.0
0.0
0.0
1.0
89.0
237.0
403.0
568.0
691.0
770.0
815.0
824.0
793.0
709.0
578.0
426.0
263.0
116.0
4.0
0.0
0.0
0.0
0.0
0.0
0.0
0.0
0.0
1.0
60.0
131.0
267.0
391.0
607.0
570.0
482.0
250.0
343.0
879.0
412.0
58.0
26.0
12.0
2.0
0.0
0.0
0.0
0.0
0.0
0.0
0.0
0.0
1.0
39.0
115.0
196.0
271.0
332.0
387.0
395.0
403.0
368.0
308.0
243.0
209.0
131.0
58.0
4.0
0.0
0.0
0.0
0.0
0.0
0.0
0.0
0.0
1.0
8.0
21.0
35.0
143.0
75.0
268.0
188.0
306.0
385.0
796.0
728.0
552.0
348.0
170.0
32.0
0.0
0.0
0.0
0.0
0.0
0.0
0.0
0.0
1.0
60.0
154.0
190.0
276.0
457.0
542.0
603.0
599.0
666.0
707.0
331.0
342.0
248.0
170.0
20.0
0.0
0.0
0.0
0.0
0.0
0.0
0.0
0.0
1.0
27.0
64.0
109.0
152.0
188.0
189.0
175.0
155.0
154.0
120.0
95.0
87.0
60.0
37.0
5.0
0.0
0.0
0.0
0.0
0.0
0.0
0.0
0.0
2.0
87.0
228.0
397.0
537.0
656.0
692.0
693.0
739.0
719.0
603.0
507.0
375.0
225.0
92.0
3.0
0.0
0.0
0.0
0.0
0.0
0.0
0.0
0.0
2.0
41.0
94.0
154.0
200.0
245.0
283.0
304.0
302.0
281.0
231.0
187.0
153.0
103.0
52.0
3.0
0.0
0.0
0.0
0.0
0.0
0.0
0.0
0.0
6.0
135.0
304.0
492.0
662.0
828.0
1006.0
495.0
374.0
400.0
459.0
435.0
277.0
152.0
49.0
3.0
0.0
0.0
0.0
0.0
0.0
0.0
0.0
0.0
4.0
117.0
280.0
456.0
623.0
761.0
864.0
922.0
935.0
893.0
807.0
680.0
524.0
347.0
174.0
18.0
0.0
0.0
0.0
0.0
0.0
0.0
0.0
0.0
4.0
120.0
280.0
451.0
612.0
751.0
850.0
904.0
913.0
873.0
786.0
662.0
506.0
338.0
171.0
17.0
0.0
0.0
0.0
0.0
0.0
0.0
0.0
0.0
5.0
125.0
291.0
471.0
639.0
780.0
883.0
939.0
949.0
909.0
822.0
691.0
532.0
354.0
179.0
19.0
0.0
0.0
0.0
0.0
0.0
0.0
0.0
0.0
5.0
128.0
300.0
486.0
660.0
804.0
909.0
967.0
969.0
919.0
821.0
686.0
519.0
337.0
165.0
13.0
0.0
0.0
0.0
0.0
0.0
0.0
0.0
0.0
3.0
62.0
159.0
236.0
574.0
873.0
609.0
578.0
385.0
287.0
97.0
109.0
104.0
114.0
66.0
4.0
0.0
0.0
0.0
0.0
0.0
0.0
0.0
0.0
3.0
90.0
225.0
349.0
476.0
634.0
730.0
777.0
794.0
804.0
689.0
554.0
365.0
231.0
129.0
13.0
0.0
0.0
0.0
0.0
0.0
0.0
0.0
0.0
3.0
57.0
142.0
259.0
340.0
492.0
523.0
563.0
538.0
430.0
384.0
315.0
245.0
194.0
107.0
4.0
0.0
0.0
0.0
0.0
0.0
0.0
0.0
0.0
2.0
62.0
138.0
250.0
385.0
468.0
581.0
599.0
588.0
558.0
513.0
405.0
326.0
225.0
129.0
17.0
0.0
0.0
0.0
0.0
0.0
0.0
0.0
0.0
2.0
26.0
60.0
77.0
110.0
130.0
159.0
189.0
208.0
226.0
213.0
171.0
119.0
96.0
43.0
7.0
0.0
0.0
0.0
0.0
0.0
0.0
0.0
0.0
6.0
125.0
283.0
453.0
615.0
752.0
854.0
907.0
917.0
876.0
795.0
675.0
521.0
351.0
183.0
51.0
0.0
0.0
0.0
0.0
0.0
0.0
0.0
0.0
2.0
51.0
92.0
157.0
224.0
327.0
390.0
412.0
404.0
331.0
338.0
237.0
156.0
82.0
42.0
5.0
0.0
0.0
0.0
0.0
0.0
0.0
0.0
0.0
4.0
90.0
219.0
397.0
543.0
618.0
697.0
809.0
765.0
746.0
640.0
531.0
432.0
309.0
167.0
54.0
0.0
0.0
0.0
0.0
0.0
0.0
0.0
0.0
8.0
40.0
105.0
107.0
134.0
449.0
564.0
706.0
698.0
301.0
243.0
169.0
102.0
31.0
20.0
8.0
0.0
0.0
0.0
0.0
0.0
0.0
0.0
0.0
3.0
93.0
281.0
388.0
427.0
441.0
504.0
749.0
645.0
496.0
565.0
296.0
352.0
347.0
213.0
65.0
0.0
0.0
0.0
0.0
0.0
0.0
0.0
0.0
8.0
133.0
294.0
468.0
630.0
766.0
865.0
923.0
937.0
895.0
814.0
694.0
538.0
368.0
200.0
61.0
0.0
0.0
0.0
0.0
0.0
0.0
0.0
0.0
8.0
127.0
279.0
443.0
596.0
728.0
829.0
887.0
894.0
855.0
781.0
665.0
518.0
353.0
190.0
58.0
0.0
0.0
0.0
0.0
0.0
0.0
0.0
0.0
7.0
123.0
272.0
434.0
583.0
706.0
800.0
856.0
872.0
845.0
774.0
660.0
523.0
356.0
194.0
61.0
0.0
0.0
0.0
0.0
0.0
0.0
0.0
0.0
5.0
123.0
233.0
354.0
436.0
506.0
640.0
649.0
634.0
607.0
483.0
373.0
217.0
148.0
70.0
58.0
1.0
0.0
0.0
0.0
0.0
0.0
0.0
0.0
6.0
106.0
218.0
329.0
445.0
528.0
668.0
773.0
822.0
818.0
743.0
650.0
534.0
335.0
179.0
63.0
0.0
0.0
0.0
0.0
0.0
0.0
0.0
0.0
8.0
151.0
287.0
427.0
517.0
704.0
729.0
418.0
508.0
526.0
575.0
596.0
530.0
360.0
223.0
74.0
1.0
0.0
0.0
0.0
0.0
0.0
0.0
0.0
2.0
18.0
26.0
383.0
348.0
592.0
293.0
289.0
777.0
822.0
525.0
270.0
210.0
43.0
18.0
6.0
0.0
0.0
0.0
0.0
0.0
0.0
0.0
0.0
2.0
29.0
112.0
223.0
407.0
464.0
578.0
531.0
502.0
520.0
495.0
467.0
429.0
298.0
189.0
69.0
1.0
0.0
0.0
0.0
0.0
0.0
0.0
0.0
2.0
33.0
72.0
119.0
161.0
204.0
233.0
248.0
263.0
253.0
231.0
193.0
154.0
103.0
58.0
20.0
0.0
0.0
0.0
0.0
0.0
0.0
0.0
0.0
2.0
111.0
218.0
319.0
302.0
206.0
164.0
304.0
329.0
248.0
165.0
366.0
305.0
288.0
207.0
78.0
1.0
0.0
0.0
0.0
0.0
0.0
0.0
0.0
2.0
30.0
66.0
107.0
148.0
181.0
207.0
218.0
224.0
216.0
200.0
169.0
129.0
90.0
50.0
16.0
0.0
0.0
0.0
0.0
0.0
0.0
0.0
0.0
7.0
91.0
239.0
481.0
591.0
688.0
554.0
437.0
255.0
350.0
189.0
87.0
119.0
104.0
67.0
11.0
0.0
0.0
0.0
0.0
0.0
0.0
0.0
0.0
7.0
116.0
257.0
411.0
556.0
680.0
770.0
822.0
832.0
798.0
725.0
616.0
481.0
331.0
182.0
60.0
0.0
0.0
0.0
0.0
0.0
0.0
0.0
0.0
7.0
114.0
252.0
404.0
548.0
666.0
753.0
803.0
813.0
781.0
710.0
605.0
472.0
324.0
177.0
58.0
0.0
0.0
0.0
0.0
0.0
0.0
0.0
0.0
8.0
122.0
272.0
439.0
593.0
730.0
825.0
878.0
888.0
857.0
783.0
664.0
517.0
354.0
194.0
65.0
0.0
0.0
0.0
0.0
0.0
0.0
0.0
0.0
7.0
114.0
255.0
408.0
556.0
681.0
771.0
824.0
836.0
804.0
731.0
616.0
478.0
327.0
180.0
59.0
0.0
0.0
0.0
0.0
0.0
0.0
0.0
0.0
5.0
62.0
24.0
189.0
583.0
853.0
805.0
1051.0
756.0
227.0
203.0
175.0
188.0
127.0
18.0
17.0
0.0
0.0
0.0
0.0
0.0
0.0
0.0
0.0
3.0
83.0
180.0
303.0
393.0
491.0
546.0
538.0
584.0
644.0
590.0
521.0
368.0
296.0
182.0
74.0
1.0
0.0
0.0
0.0
0.0
0.0
0.0
0.0
12.0
143.0
275.0
515.0
578.0
562.0
547.0
648.0
574.0
491.0
301.0
377.0
296.0
211.0
61.0
9.0
0.0
0.0
0.0
0.0
0.0
0.0
0.0
0.0
8.0
94.0
125.0
205.0
198.0
63.0
279.0
210.0
319.0
712.0
505.0
552.0
596.0
427.0
235.0
78.0
2.0
0.0
0.0
0.0
0.0
0.0
0.0
0.0
2.0
51.0
180.0
287.0
327.0
436.0
561.0
496.0
461.0
528.0
491.0
410.0
364.0
261.0
152.0
42.0
0.0
0.0
0.0
0.0
0.0
0.0
0.0
0.0
6.0
110.0
246.0
397.0
548.0
665.0
757.0
814.0
841.0
798.0
741.0
641.0
498.0
350.0
201.0
67.0
0.0
0.0
0.0
0.0
0.0
0.0
0.0
0.0
5.0
140.0
265.0
482.0
691.0
862.0
935.0
357.0
364.0
331.0
339.0
248.0
249.0
142.0
93.0
42.0
0.0
0.0
0.0
0.0
0.0
0.0
0.0
0.0
6.0
122.0
279.0
451.0
615.0
755.0
858.0
918.0
932.0
895.0
813.0
692.0
540.0
372.0
204.0
67.0
0.0
0.0
0.0
0.0
0.0
0.0
0.0
0.0
5.0
102.0
234.0
380.0
516.0
631.0
719.0
773.0
787.0
764.0
695.0
588.0
461.0
317.0
174.0
57.0
0.0
0.0
0.0
0.0
0.0
0.0
0.0
0.0
6.0
117.0
270.0
442.0
603.0
740.0
848.0
907.0
930.0
898.0
823.0
705.0
552.0
385.0
214.0
72.0
0.0
0.0
0.0
0.0
0.0
0.0
0.0
0.0
15.0
133.0
227.0
363.0
359.0
479.0
467.0
525.0
570.0
375.0
523.0
518.0
381.0
206.0
64.0
19.0
0.0
0.0
0.0
0.0
0.0
0.0
0.0
0.0
2.0
42.0
25.0
76.0
90.0
161.0
228.0
507.0
385.0
508.0
427.0
414.0
436.0
138.0
124.0
27.0
0.0
0.0
0.0
0.0
0.0
0.0
0.0
0.0
5.0
117.0
272.0
442.0
601.0
736.0
837.0
903.0
915.0
884.0
807.0
687.0
541.0
373.0
208.0
68.0
0.0
0.0
0.0
0.0
0.0
0.0
0.0
0.0
4.0
109.0
256.0
422.0
570.0
695.0
794.0
853.0
859.0
825.0
759.0
649.0
508.0
351.0
196.0
65.0
0.0
0.0
0.0
0.0
0.0
0.0
0.0
0.0
5.0
44.0
115.0
205.0
536.0
748.0
772.0
796.0
706.0
500.0
485.0
455.0
219.0
200.0
134.0
43.0
0.0
0.0
0.0
0.0
0.0
0.0
0.0
0.0
4.0
96.0
198.0
276.0
459.0
554.0
536.0
509.0
547.0
562.0
552.0
457.0
440.0
374.0
239.0
76.0
1.0
0.0
0.0
0.0
0.0
0.0
0.0
0.0
2.0
91.0
222.0
365.0
500.0
617.0
698.0
797.0
798.0
739.0
692.0
598.0
469.0
332.0
187.0
61.0
0.0
0.0
0.0
0.0
0.0
0.0
0.0
0.0
3.0
104.0
252.0
409.0
564.0
689.0
782.0
831.0
834.0
799.0
722.0
618.0
482.0
336.0
179.0
56.0
0.0
0.0
0.0
0.0
0.0
0.0
0.0
0.0
1.0
24.0
34.0
85.0
254.0
64.0
347.0
433.0
445.0
466.0
659.0
419.0
479.0
403.0
216.0
72.0
1.0
0.0
0.0
0.0
0.0
0.0
0.0
0.0
1.0
38.0
98.0
166.0
220.0
285.0
344.0
372.0
365.0
355.0
317.0
286.0
216.0
138.0
74.0
24.0
0.0
0.0
0.0
0.0
0.0
0.0
0.0
0.0
3.0
51.0
123.0
153.0
180.0
164.0
410.0
548.0
653.0
660.0
685.0
572.0
384.0
308.0
222.0
68.0
1.0
0.0
0.0
0.0
0.0
0.0
0.0
0.0
1.0
36.0
62.0
36.0
155.0
344.0
271.0
281.0
529.0
648.0
610.0
448.0
316.0
298.0
142.0
47.0
0.0
0.0
0.0
0.0
0.0
0.0
0.0
0.0
3.0
99.0
231.0
363.0
483.0
612.0
731.0
782.0
755.0
771.0
684.0
565.0
418.0
297.0
159.0
45.0
0.0
0.0
0.0
0.0
0.0
0.0
0.0
0.0
6.0
110.0
286.0
317.0
301.0
449.0
724.0
926.0
808.0
238.0
73.0
267.0
223.0
33.0
17.0
5.0
0.0
0.0
0.0
0.0
0.0
0.0
0.0
0.0
2.0
93.0
223.0
372.0
508.0
590.0
666.0
718.0
794.0
726.0
638.0
511.0
391.0
273.0
151.0
39.0
0.0
0.0
0.0
0.0
0.0
0.0
0.0
0.0
1.0
13.0
40.0
69.0
92.0
113.0
130.0
144.0
149.0
132.0
122.0
111.0
84.0
61.0
37.0
11.0
0.0
0.0
0.0
0.0
0.0
0.0
0.0
0.0
1.0
8.0
21.0
37.0
53.0
61.0
70.0
76.0
76.0
74.0
68.0
57.0
44.0
32.0
17.0
4.0
0.0
0.0
0.0
0.0
0.0
0.0
0.0
0.0
1.0
47.0
58.0
36.0
50.0
125.0
241.0
215.0
267.0
201.0
577.0
660.0
459.0
380.0
214.0
56.0
0.0
0.0
0.0
0.0
0.0
0.0
0.0
0.0
1.0
78.0
211.0
333.0
479.0
590.0
652.0
758.0
770.0
749.0
686.0
614.0
490.0
327.0
169.0
24.0
0.0
0.0
0.0
0.0
0.0
0.0
0.0
0.0
1.0
7.0
65.0
175.0
317.0
374.0
510.0
524.0
420.0
366.0
344.0
270.0
192.0
117.0
58.0
4.0
0.0
0.0
0.0
0.0
0.0
0.0
0.0
0.0
1.0
85.0
242.0
420.0
588.0
736.0
842.0
907.0
922.0
883.0
796.0
672.0
511.0
339.0
169.0
17.0
0.0
0.0
0.0
0.0
0.0
0.0
0.0
0.0
1.0
83.0
236.0
413.0
584.0
731.0
842.0
906.0
924.0
895.0
816.0
691.0
535.0
361.0
186.0
22.0
0.0
0.0
0.0
0.0
0.0
0.0
0.0
0.0
0.0
68.0
231.0
447.0
576.0
678.0
727.0
746.0
384.0
509.0
469.0
342.0
172.0
202.0
130.0
30.0
0.0
0.0
0.0
0.0
0.0
0.0
0.0
0.0
0.0
62.0
184.0
324.0
464.0
575.0
669.0
720.0
727.0
703.0
654.0
547.0
422.0
284.0
141.0
15.0
0.0
0.0
0.0
0.0
0.0
0.0
0.0
0.0
0.0
33.0
97.0
192.0
304.0
346.0
408.0
436.0
431.0
417.0
379.0
307.0
225.0
140.0
64.0
3.0
0.0
0.0
0.0
0.0
0.0
0.0
0.0
0.0
0.0
67.0
199.0
356.0
514.0
647.0
749.0
812.0
829.0
805.0
730.0
621.0
480.0
314.0
156.0
16.0
0.0
0.0
0.0
0.0
0.0
0.0
0.0
0.0
0.0
53.0
179.0
317.0
383.0
385.0
315.0
319.0
130.0
256.0
394.0
378.0
42.0
86.0
78.0
16.0
0.0
0.0
0.0
0.0
0.0
0.0
0.0
0.0
0.0
20.0
73.0
159.0
214.0
270.0
302.0
334.0
323.0
303.0
294.0
227.0
165.0
106.0
44.0
3.0
0.0
0.0
0.0
0.0
0.0
0.0
0.0
0.0
0.0
31.0
98.0
61.0
154.0
202.0
326.0
405.0
476.0
442.0
496.0
359.0
433.0
274.0
171.0
36.0
0.0
0.0
0.0
0.0
0.0
0.0
0.0
0.0
0.0
63.0
207.0
375.0
536.0
656.0
800.0
396.0
449.0
383.0
301.0
297.0
219.0
160.0
70.0
2.0
0.0
0.0
0.0
0.0
0.0
0.0
0.0
0.0
0.0
65.0
220.0
408.0
581.0
733.0
861.0
492.0
490.0
481.0
418.0
349.0
263.0
164.0
72.0
2.0
0.0
0.0
0.0
0.0
0.0
0.0
0.0
0.0
0.0
42.0
151.0
285.0
403.0
566.0
622.0
674.0
707.0
694.0
613.0
526.0
432.0
278.0
143.0
13.0
0.0
0.0
0.0
0.0
0.0
0.0
0.0
0.0
0.0
39.0
127.0
239.0
318.0
442.0
518.0
578.0
570.0
530.0
442.0
336.0
224.0
144.0
71.0
2.0
0.0
0.0
0.0
0.0
0.0
0.0
0.0
0.0
0.0
43.0
166.0
293.0
428.0
560.0
619.0
671.0
650.0
613.0
542.0
445.0
328.0
204.0
93.0
2.0
0.0
0.0
0.0
0.0
0.0
0.0
0.0
0.0
0.0
20.0
156.0
309.0
449.0
592.0
674.0
706.0
731.0
707.0
671.0
561.0
437.0
305.0
137.0
11.0
0.0
0.0
0.0
0.0
0.0
0.0
0.0
0.0
0.0
10.0
145.0
183.0
280.0
392.0
432.0
461.0
405.0
464.0
454.0
444.0
374.0
259.0
150.0
15.0
0.0
0.0
0.0
0.0
0.0
0.0
0.0
0.0
0.0
8.0
75.0
152.0
232.0
306.0
368.0
380.0
385.0
352.0
303.0
250.0
182.0
116.0
52.0
2.0
0.0
0.0
0.0
0.0
0.0
0.0
0.0
0.0
0.0
20.0
176.0
345.0
510.0
651.0
766.0
836.0
858.0
828.0
748.0
623.0
466.0
293.0
127.0
5.0
0.0
0.0
0.0
0.0
0.0
0.0
0.0
0.0
0.0
6.0
61.0
123.0
183.0
233.0
274.0
293.0
298.0
279.0
260.0
213.0
163.0
94.0
42.0
1.0
0.0
0.0
0.0
0.0
0.0
0.0
0.0
0.0
0.0
6.0
63.0
129.0
192.0
231.0
275.0
286.0
287.0
268.0
231.0
185.0
139.0
85.0
33.0
1.0
0.0
0.0
0.0
0.0
0.0
0.0
0.0
0.0
0.0
19.0
179.0
344.0
515.0
743.0
803.0
554.0
447.0
362.0
296.0
257.0
155.0
118.0
48.0
1.0
0.0
0.0
0.0
0.0
0.0
0.0
0.0
0.0
0.0
3.0
39.0
82.0
123.0
170.0
207.0
219.0
216.0
215.0
192.0
149.0
106.0
67.0
28.0
1.0
0.0
0.0
0.0
0.0
0.0
0.0
0.0
0.0
0.0
3.0
73.0
188.0
304.0
475.0
515.0
372.0
291.0
251.0
515.0
458.0
313.0
239.0
85.0
5.0
0.0
0.0
0.0
0.0
0.0
0.0
0.0
0.0
0.0
18.0
179.0
296.0
568.0
641.0
656.0
616.0
615.0
527.0
499.0
369.0
234.0
134.0
29.0
1.0
0.0
0.0
0.0
0.0
0.0
0.0
0.0
0.0
0.0
3.0
77.0
178.0
299.0
389.0
431.0
440.0
428.0
448.0
396.0
355.0
232.0
145.0
56.0
1.0
0.0
0.0
0.0
0.0
0.0
0.0
0.0
0.0
0.0
7.0
95.0
190.0
280.0
372.0
444.0
466.0
463.0
492.0
399.0
323.0
221.0
125.0
47.0
1.0
0.0
0.0
0.0
0.0
0.0
0.0
0.0
0.0
0.0
11.0
161.0
337.0
521.0
682.0
793.0
506.0
519.0
492.0
429.0
351.0
258.0
150.0
53.0
0.0
0.0
0.0
0.0
0.0
0.0
0.0
0.0
0.0
0.0
9.0
162.0
274.0
355.0
512.0
646.0
801.0
907.0
867.0
774.0
635.0
461.0
270.0
97.0
2.0
0.0
0.0
0.0
0.0
0.0
0.0
0.0
0.0
0.0
8.0
149.0
331.0
518.0
719.0
808.0
474.0
484.0
449.0
392.0
320.0
219.0
136.0
40.0
0.0
0.0
0.0
0.0
0.0
0.0
0.0
0.0
0.0
0.0
6.0
144.0
352.0
546.0
715.0
744.0
462.0
480.0
462.0
337.0
293.0
232.0
127.0
57.0
0.0
0.0
0.0
0.0
0.0
0.0
0.0
0.0
0.0
0.0
7.0
140.0
329.0
520.0
649.0
741.0
420.0
441.0
425.0
409.0
327.0
223.0
131.0
41.0
0.0
0.0
0.0
0.0
0.0
0.0
0.0
0.0
0.0
0.0
4.0
111.0
266.0
371.0
492.0
540.0
450.0
466.0
476.0
487.0
520.0
414.0
258.0
83.0
1.0
0.0
0.0
0.0
0.0
0.0
0.0
0.0
0.0
0.0
4.0
109.0
273.0
396.0
498.0
637.0
677.0
686.0
681.0
542.0
426.0
315.0
180.0
63.0
0.0
0.0
0.0
0.0
0.0
0.0
0.0
0.0
0.0
0.0
5.0
131.0
297.0
463.0
610.0
717.0
779.0
790.0
755.0
671.0
542.0
386.0
215.0
65.0
0.0
0.0
0.0
0.0
0.0
0.0
0.0
0.0
0.0
0.0
4.0
129.0
299.0
472.0
620.0
729.0
796.0
808.0
769.0
679.0
549.0
388.0
214.0
62.0
0.0
0.0
0.0
0.0
0.0
0.0
0.0
0.0
0.0
0.0
5.0
107.0
242.0
397.0
505.0
624.0
662.0
631.0
618.0
509.0
434.0
306.0
172.0
50.0
0.0
0.0
0.0
0.0
0.0
0.0
0.0
0.0
0.0
0.0
1.0
63.0
38.0
38.0
50.0
59.0
227.0
474.0
854.0
754.0
516.0
218.0
137.0
35.0
0.0
0.0
0.0
0.0
0.0
0.0
0.0
0.0
0.0
0.0
2.0
94.0
56.0
37.0
355.0
786.0
661.0
723.0
475.0
111.0
43.0
30.0
16.0
4.0
0.0
0.0
0.0
0.0
0.0
0.0
0.0
0.0
0.0
0.0
3.0
110.0
269.0
427.0
564.0
676.0
735.0
745.0
710.0
622.0
497.0
346.0
182.0
20.0
0.0
0.0
0.0
0.0
0.0
0.0
0.0
0.0
0.0
0.0
2.0
122.0
300.0
479.0
633.0
746.0
813.0
826.0
782.0
688.0
548.0
381.0
198.0
19.0
0.0
0.0
0.0
0.0
0.0
0.0
0.0
0.0
0.0
0.0
2.0
106.0
262.0
423.0
560.0
666.0
717.0
726.0
675.0
584.0
464.0
319.0
156.0
11.0
0.0
0.0
0.0
0.0
0.0
0.0
0.0
0.0
0.0
0.0
1.0
34.0
87.0
147.0
205.0
253.0
296.0
270.0
266.0
219.0
186.0
131.0
54.0
3.0
0.0
0.0
0.0
0.0
0.0
0.0
0.0
0.0
0.0
0.0
1.0
57.0
131.0
227.0
277.0
350.0
391.0
397.0
352.0
286.0
218.0
147.0
65.0
3.0
0.0
0.0
0.0
0.0
0.0
0.0
0.0
0.0
0.0
0.0
1.0
79.0
209.0
342.0
473.0
577.0
617.0
677.0
595.0
525.0
416.0
278.0
112.0
3.0
0.0
0.0
0.0
0.0
0.0
0.0
0.0
0.0
0.0
0.0
1.0
93.0
244.0
405.0
544.0
634.0
679.0
691.0
653.0
558.0
443.0
296.0
144.0
10.0
0.0
0.0
0.0
0.0
0.0
0.0
0.0
0.0
0.0
0.0
1.0
91.0
244.0
403.0
536.0
629.0
689.0
705.0
669.0
580.0
454.0
298.0
142.0
7.0
0.0
0.0
0.0
0.0
0.0
0.0
0.0
0.0
0.0
0.0
0.0
62.0
169.0
287.0
386.0
500.0
531.0
541.0
453.0
417.0
364.0
230.0
92.0
2.0
0.0
0.0
0.0
0.0
0.0
0.0
0.0
0.0
0.0
0.0
0.0
14.0
38.0
66.0
95.0
121.0
128.0
163.0
139.0
120.0
102.0
72.0
29.0
2.0
0.0
0.0
0.0
0.0
0.0
0.0
0.0
0.0
0.0
0.0
0.0
30.0
84.0
146.0
208.0
227.0
253.0
244.0
239.0
214.0
151.0
99.0
43.0
2.0
0.0
0.0
0.0
0.0
0.0
0.0
0.0
0.0
0.0
0.0
0.0
76.0
224.0
382.0
515.0
618.0
668.0
664.0
626.0
535.0
418.0
268.0
118.0
4.0
0.0
0.0
0.0
0.0
0.0
0.0
0.0
0.0
0.0
0.0
0.0
29.0
95.0
168.0
214.0
239.0
274.0
285.0
260.0
235.0
180.0
114.0
44.0
1.0
0.0
0.0
0.0
0.0
0.0
0.0
0.0
0.0
0.0
0.0
0.0
27.0
38.0
61.0
59.0
241.0
369.0
380.0
451.0
383.0
411.0
261.0
143.0
13.0
0.0
0.0
0.0
0.0
0.0
0.0
0.0
0.0
0.0
0.0
0.0
73.0
222.0
380.0
521.0
621.0
682.0
684.0
652.0
569.0
441.0
284.0
121.0
3.0
0.0
0.0
0.0
0.0
0.0
0.0
0.0
0.0
0.0
0.0
0.0
72.0
222.0
382.0
521.0
622.0
675.0
678.0
637.0
544.0
420.0
267.0
109.0
2.0
0.0
0.0
0.0
0.0
0.0
0.0
0.0
0.0
0.0
0.0
0.0
7.0
20.0
34.0
46.0
59.0
63.0
67.0
494.0
430.0
335.0
214.0
88.0
1.0
0.0
0.0
0.0
0.0
0.0
0.0
0.0
0.0
0.0
0.0
0.0
50.0
160.0
267.0
338.0
419.0
455.0
483.0
437.0
385.0
284.0
172.0
62.0
1.0
0.0
0.0
0.0
0.0
0.0
0.0
0.0
0.0
0.0
0.0
0.0
47.0
212.0
191.0
368.0
339.0
442.0
367.0
148.0
97.0
36.0
129.0
31.0
1.0
0.0
0.0
0.0
0.0
0.0
0.0
0.0
0.0
0.0
0.0
0.0
62.0
214.0
375.0
516.0
616.0
673.0
677.0
629.0
535.0
404.0
248.0
91.0
0.0
0.0
0.0
0.0
0.0
0.0
0.0
0.0
0.0
0.0
0.0
0.0
31.0
123.0
137.0
205.0
163.0
184.0
244.0
102.0
224.0
201.0
145.0
62.0
1.0
0.0
0.0
0.0
0.0
0.0
0.0
0.0
0.0
0.0
0.0
0.0
5.0
58.0
111.0
94.0
126.0
167.0
203.0
166.0
164.0
127.0
87.0
31.0
0.0
0.0
0.0
0.0
0.0
0.0
0.0
0.0
0.0
0.0
0.0
0.0
5.0
90.0
182.0
228.0
290.0
311.0
281.0
273.0
240.0
191.0
109.0
30.0
0.0
0.0
0.0
0.0
0.0
0.0
0.0
0.0
0.0
0.0
0.0
0.0
9.0
67.0
245.0
255.0
330.0
567.0
431.0
369.0
380.0
391.0
226.0
90.0
0.0
0.0
0.0
0.0
0.0
0.0
0.0
0.0
0.0
0.0
0.0
0.0
4.0
98.0
194.0
273.0
334.0
425.0
442.0
417.0
358.0
263.0
159.0
48.0
0.0
0.0
0.0
0.0
0.0
0.0
0.0
0.0
0.0
0.0
0.0
0.0
19.0
181.0
340.0
476.0
575.0
628.0
632.0
593.0
495.0
360.0
205.0
61.0
0.0
0.0
0.0
0.0
0.0
0.0
0.0
0.0
0.0
0.0
0.0
0.0
4.0
55.0
98.0
112.0
146.0
177.0
174.0
151.0
127.0
64.0
47.0
8.0
0.0
0.0
0.0
0.0
0.0
0.0
0.0
0.0
0.0
0.0
0.0
0.0
17.0
183.0
350.0
497.0
604.0
661.0
667.0
624.0
525.0
381.0
215.0
30.0
0.0
0.0
0.0
0.0
0.0
0.0
0.0
0.0
0.0
0.0
0.0
0.0
14.0
167.0
322.0
459.0
544.0
603.0
581.0
516.0
441.0
319.0
169.0
16.0
0.0
0.0
0.0
0.0
0.0
0.0
0.0
0.0
0.0
0.0
0.0
0.0
3.0
14.0
28.0
40.0
49.0
55.0
54.0
49.0
41.0
30.0
17.0
4.0
0.0
0.0
0.0
0.0
0.0
0.0
0.0
0.0
0.0
0.0
0.0
0.0
10.0
163.0
288.0
436.0
523.0
519.0
514.0
472.0
373.0
268.0
146.0
17.0
0.0
0.0
0.0
0.0
0.0
0.0
0.0
0.0
0.0
0.0
0.0
0.0
10.0
187.0
256.0
319.0
423.0
503.0
201.0
192.0
40.0
28.0
15.0
3.0
0.0
0.0
0.0
0.0
0.0
0.0
0.0
0.0
0.0
0.0
0.0
0.0
2.0
25.0
57.0
89.0
110.0
130.0
131.0
115.0
88.0
54.0
28.0
3.0
0.0
0.0
0.0
0.0
0.0
0.0
0.0
0.0
0.0
0.0
0.0
0.0
2.0
31.0
62.0
79.0
108.0
118.0
126.0
125.0
117.0
86.0
40.0
3.0
0.0
0.0
0.0
0.0
0.0
0.0
0.0
0.0
0.0
0.0
0.0
0.0
9.0
149.0
285.0
404.0
488.0
539.0
593.0
519.0
398.0
266.0
133.0
6.0
0.0
0.0
0.0
0.0
0.0
0.0
0.0
0.0
0.0
0.0
0.0
0.0
13.0
154.0
183.0
181.0
229.0
279.0
344.0
382.0
300.0
119.0
69.0
2.0
0.0
0.0
0.0
0.0
0.0
0.0
0.0
0.0
0.0
0.0
0.0
0.0
4.0
100.0
203.0
298.0
352.0
373.0
393.0
339.0
274.0
182.0
86.0
2.0
0.0
0.0
0.0
0.0
0.0
0.0
0.0
0.0
0.0
0.0
0.0
0.0
6.0
115.0
254.0
308.0
424.0
488.0
485.0
320.0
292.0
228.0
102.0
2.0
0.0
0.0
0.0
0.0
0.0
0.0
0.0
0.0
0.0
0.0
0.0
0.0
2.0
24.0
51.0
82.0
98.0
97.0
107.0
110.0
88.0
55.0
28.0
2.0
0.0
0.0
0.0
0.0
0.0
0.0
0.0
0.0
0.0
0.0
0.0
0.0
1.0
19.0
58.0
101.0
119.0
134.0
115.0
157.0
128.0
83.0
41.0
2.0
0.0
0.0
0.0
0.0
0.0
0.0
0.0
0.0
0.0
0.0
0.0
0.0
2.0
57.0
136.0
195.0
253.0
282.0
259.0
224.0
179.0
117.0
53.0
1.0
0.0
0.0
0.0
0.0
0.0
0.0
0.0
0.0
0.0
0.0
0.0
0.0
3.0
115.0
261.0
382.0
485.0
534.0
531.0
478.0
388.0
263.0
121.0
4.0
0.0
0.0
0.0
0.0
0.0
0.0
0.0
0.0
0.0
0.0
0.0
0.0
1.0
56.0
119.0
158.0
221.0
207.0
177.0
164.0
57.0
22.0
10.0
1.0
0.0
0.0
0.0
0.0
0.0
0.0
0.0
0.0
0.0
0.0
0.0
0.0
3.0
118.0
273.0
417.0
516.0
572.0
570.0
516.0
412.0
272.0
117.0
3.0
0.0
0.0
0.0
0.0
0.0
0.0
0.0
0.0
0.0
0.0
0.0
0.0
1.0
35.0
113.0
147.0
150.0
265.0
309.0
317.0
268.0
248.0
121.0
4.0
0.0
0.0
0.0
0.0
0.0
0.0
0.0
0.0
0.0
0.0
0.0
0.0
1.0
49.0
134.0
203.0
278.0
313.0
327.0
284.0
210.0
143.0
45.0
1.0
0.0
0.0
0.0
0.0
0.0
0.0
0.0
0.0
0.0
0.0
0.0
0.0
1.0
63.0
150.0
235.0
296.0
323.0
288.0
241.0
203.0
122.0
48.0
1.0
0.0
0.0
0.0
0.0
0.0
0.0
0.0
0.0
0.0
0.0
0.0
0.0
1.0
78.0
200.0
289.0
361.0
413.0
406.0
348.0
284.0
179.0
66.0
0.0
0.0
0.0
0.0
0.0
0.0
0.0
0.0
0.0
0.0
0.0
0.0
0.0
1.0
47.0
137.0
221.0
274.0
313.0
320.0
271.0
192.0
135.0
53.0
0.0
0.0
0.0
0.0
0.0
0.0
0.0
0.0
0.0
0.0
0.0
0.0
0.0
0.0
73.0
180.0
300.0
387.0
430.0
416.0
374.0
293.0
178.0
69.0
0.0
0.0
0.0
0.0
0.0
0.0
0.0
0.0
0.0
0.0
0.0
0.0
0.0
1.0
7.0
66.0
155.0
180.0
327.0
334.0
194.0
141.0
129.0
79.0
1.0
0.0
0.0
0.0
0.0
0.0
0.0
0.0
0.0
0.0
0.0
0.0
0.0
0.0
14.0
24.0
91.0
116.0
159.0
185.0
139.0
101.0
70.0
25.0
0.0
0.0
0.0
0.0
0.0
0.0
0.0
0.0
0.0
0.0
0.0
0.0
0.0
0.0
16.0
44.0
80.0
112.0
126.0
122.0
99.0
73.0
43.0
15.0
0.0
0.0
0.0
0.0
0.0
0.0
0.0
0.0
0.0
0.0
0.0
0.0
0.0
0.0
71.0
198.0
317.0
410.0
455.0
458.0
413.0
320.0
192.0
64.0
0.0
0.0
0.0
0.0
0.0
0.0
0.0
0.0
0.0
0.0
0.0
0.0
0.0
0.0
76.0
214.0
331.0
419.0
461.0
459.0
414.0
307.0
185.0
58.0
0.0
0.0
0.0
0.0
0.0
0.0
0.0
0.0
0.0
0.0
0.0
0.0
0.0
0.0
48.0
171.0
233.0
225.0
331.0
439.0
421.0
337.0
218.0
69.0
0.0
0.0
0.0
0.0
0.0
0.0
0.0
0.0
0.0
0.0
0.0
0.0
0.0
0.0
6.0
157.0
127.0
212.0
269.0
310.0
271.0
375.0
221.0
58.0
0.0
0.0
0.0
0.0
0.0
0.0
0.0
0.0
0.0
0.0
0.0
0.0
0.0
0.0
74.0
223.0
322.0
337.0
279.0
380.0
382.0
216.0
65.0
14.0
0.0
0.0
0.0
0.0
0.0
0.0
0.0
0.0
0.0
0.0
0.0
0.0
0.0
0.0
38.0
123.0
215.0
265.0
296.0
275.0
219.0
174.0
95.0
4.0
0.0
0.0
0.0
0.0
0.0
0.0
0.0
0.0
0.0
0.0
0.0
0.0
0.0
0.0
22.0
121.0
180.0
178.0
275.0
155.0
254.0
170.0
80.0
4.0
0.0
0.0
0.0
0.0
0.0
0.0
0.0
0.0
0.0
0.0
0.0
0.0
0.0
0.0
36.0
111.0
170.0
212.0
233.0
208.0
191.0
128.0
71.0
4.0
0.0
0.0
0.0
0.0
0.0
0.0
0.0
0.0
0.0
0.0
0.0
0.0
0.0
0.0
13.0
72.0
148.0
195.0
230.0
259.0
230.0
172.0
90.0
3.0
0.0
0.0
0.0
0.0
0.0
0.0
0.0
0.0
0.0
0.0
0.0
0.0
0.0
0.0
19.0
131.0
209.0
268.0
278.0
287.0
243.0
193.0
89.0
3.0
0.0
0.0
0.0
0.0
0.0
0.0
0.0
0.0
0.0
0.0
0.0
0.0
0.0
0.0
7.0
65.0
48.0
58.0
125.0
121.0
297.0
290.0
180.0
3.0
0.0
0.0
0.0
0.0
0.0
0.0
0.0
0.0
0.0
0.0
0.0
0.0
0.0
0.0
12.0
127.0
249.0
364.0
375.0
384.0
291.0
190.0
88.0
3.0
0.0
0.0
0.0
0.0
0.0
0.0
0.0
0.0
0.0
0.0
0.0
0.0
0.0
0.0
3.0
95.0
149.0
202.0
244.0
228.0
185.0
137.0
66.0
5.0
0.0
0.0
0.0
0.0
0.0
0.0
0.0
0.0
0.0
0.0
0.0
0.0
0.0
0.0
3.0
32.0
59.0
83.0
96.0
91.0
82.0
66.0
40.0
4.0
0.0
0.0
0.0
0.0
0.0
0.0
0.0
0.0
0.0
0.0
0.0
0.0
0.0
0.0
4.0
63.0
71.0
89.0
83.0
60.0
324.0
218.0
125.0
2.0
0.0
0.0
0.0
0.0
0.0
0.0
0.0
0.0
0.0
0.0
0.0
0.0
0.0
0.0
3.0
110.0
176.0
270.0
320.0
252.0
218.0
134.0
78.0
5.0
0.0
0.0
0.0
0.0
0.0
0.0
0.0
0.0
0.0
0.0
0.0
0.0
0.0
0.0
10.0
114.0
110.0
143.0
57.0
190.0
174.0
196.0
147.0
8.0
0.0
0.0
0.0
0.0
0.0
0.0
0.0
0.0
0.0
0.0
0.0
0.0
0.0
0.0
2.0
32.0
59.0
76.0
84.0
81.0
74.0
59.0
32.0
3.0
0.0
0.0
0.0
0.0
0.0
0.0
0.0
0.0
0.0
0.0
0.0
0.0
0.0
0.0
4.0
62.0
114.0
151.0
173.0
166.0
132.0
90.0
49.0
2.0
0.0
0.0
0.0
0.0
0.0
0.0
0.0
0.0
0.0
0.0
0.0
0.0
0.0
0.0
2.0
25.0
54.0
65.0
76.0
77.0
63.0
52.0
25.0
2.0
0.0
0.0
0.0
0.0
0.0
0.0
0.0
0.0
0.0
0.0
0.0
0.0
0.0
0.0
2.0
54.0
98.0
166.0
186.0
187.0
170.0
107.0
70.0
5.0
0.0
0.0
0.0
0.0
0.0
0.0
0.0
0.0
0.0
0.0
0.0
0.0
0.0
0.0
2.0
13.0
21.0
31.0
45.0
32.0
263.0
199.0
96.0
3.0
0.0
0.0
0.0
0.0
0.0
0.0
0.0
0.0
0.0
0.0
0.0
0.0
0.0
0.0
4.0
77.0
162.0
211.0
234.0
234.0
194.0
135.0
63.0
1.0
0.0
0.0
0.0
0.0
0.0
0.0
0.0
0.0
0.0
0.0
0.0
0.0
0.0
0.0
4.0
102.0
192.0
288.0
338.0
353.0
306.0
223.0
105.0
3.0
0.0
0.0
0.0
0.0
0.0
0.0
0.0
0.0
0.0
0.0
0.0
0.0
0.0
0.0
1.0
101.0
135.0
245.0
242.0
276.0
219.0
184.0
115.0
13.0
0.0
0.0
0.0
0.0
0.0
0.0
0.0
0.0
0.0
0.0
0.0
0.0
0.0
0.0
1.0
57.0
128.0
162.0
205.0
244.0
205.0
148.0
71.0
2.0
0.0
0.0
0.0
0.0
0.0
0.0
0.0
0.0
0.0
0.0
0.0
0.0
0.0
0.0
1.0
16.0
32.0
48.0
54.0
55.0
43.0
35.0
17.0
1.0
0.0
0.0
0.0
0.0
0.0
0.0
0.0
0.0
0.0
0.0
0.0
0.0
0.0
0.0
1.0
9.0
18.0
25.0
29.0
29.0
26.0
18.0
8.0
1.0
0.0
0.0
0.0
0.0
0.0
0.0
0.0
0.0
0.0
0.0
0.0
0.0
0.0
0.0
1.0
16.0
32.0
52.0
65.0
64.0
59.0
37.0
19.0
1.0
0.0
0.0
0.0
0.0
0.0
0.0
0.0
0.0
0.0
0.0
0.0
0.0
0.0
0.0
1.0
9.0
20.0
29.0
37.0
38.0
31.0
23.0
10.0
1.0
0.0
0.0
0.0
0.0
0.0
0.0
0.0
0.0
0.0
0.0
0.0
0.0
0.0
0.0
1.0
7.0
16.0
23.0
27.0
27.0
23.0
16.0
7.0
1.0
0.0
0.0
0.0
0.0
0.0
0.0
0.0
0.0
0.0
0.0
0.0
0.0
0.0
0.0
1.0
54.0
120.0
203.0
226.0
210.0
188.0
115.0
46.0
1.0
0.0
0.0
0.0
0.0
0.0
0.0
0.0
0.0
0.0
0.0
0.0
0.0
0.0
0.0
1.0
85.0
203.0
290.0
332.0
333.0
283.0
191.0
81.0
1.0
0.0
0.0
0.0
0.0
0.0
0.0
0.0
0.0
0.0
0.0
0.0
0.0
0.0
0.0
1.0
88.0
204.0
292.0
340.0
341.0
295.0
203.0
89.0
1.0
0.0
0.0
0.0
0.0
0.0
0.0
0.0
0.0
0.0
0.0
0.0
0.0
0.0
0.0
0.0
64.0
149.0
232.0
269.0
271.0
241.0
168.0
72.0
1.0
0.0
0.0
0.0
0.0
0.0
0.0
0.0
0.0
0.0
0.0
0.0
0.0
0.0
0.0
0.0
16.0
38.0
53.0
63.0
62.0
56.0
37.0
14.0
0.0
0.0
0.0
0.0
0.0
0.0
0.0
0.0
0.0
0.0
0.0
0.0
0.0
0.0
0.0
0.0
10.0
23.0
36.0
45.0
44.0
35.0
23.0
10.0
0.0
0.0
0.0
0.0
0.0
0.0
0.0
0.0
0.0
0.0
0.0
0.0
0.0
0.0
0.0
0.0
39.0
115.0
244.0
311.0
106.0
109.0
73.0
7.0
0.0
0.0
0.0
0.0
0.0
0.0
0.0
0.0
0.0
0.0
0.0
0.0
0.0
0.0
0.0
1.0
65.0
126.0
215.0
216.0
235.0
264.0
200.0
85.0
2.0
0.0
0.0
0.0
0.0
0.0
0.0
0.0
0.0
0.0
0.0
0.0
0.0
0.0
0.0
0.0
34.0
71.0
80.0
76.0
95.0
112.0
72.0
37.0
0.0
0.0
0.0
0.0
0.0
0.0
0.0
0.0
0.0
0.0
0.0
0.0
0.0
0.0
0.0
0.0
72.0
187.0
284.0
335.0
334.0
284.0
192.0
80.0
0.0
0.0
0.0
0.0
0.0
0.0
0.0
0.0
0.0
0.0
0.0
0.0
0.0
0.0
0.0
0.0
62.0
173.0
274.0
296.0
315.0
272.0
172.0
71.0
0.0
0.0
0.0
0.0
0.0
0.0
0.0
0.0
0.0
0.0
0.0
0.0
0.0
0.0
0.0
0.0
53.0
144.0
226.0
273.0
273.0
233.0
155.0
62.0
0.0
0.0
0.0
0.0
0.0
0.0
0.0
0.0
0.0
0.0
0.0
0.0
0.0
0.0
0.0
0.0
52.0
142.0
219.0
261.0
267.0
226.0
152.0
60.0
0.0
0.0
0.0
0.0
0.0
0.0
0.0
0.0
0.0
0.0
0.0
0.0
0.0
0.0
0.0
0.0
34.0
103.0
138.0
144.0
248.0
253.0
211.0
87.0
1.0
0.0
0.0
0.0
0.0
0.0
0.0
0.0
0.0
0.0
0.0
0.0
0.0
0.0
0.0
0.0
12.0
57.0
104.0
115.0
81.0
53.0
46.0
27.0
0.0
0.0
0.0
0.0
0.0
0.0
0.0
0.0
0.0
0.0
0.0
0.0
0.0
0.0
0.0
0.0
20.0
47.0
72.0
138.0
85.0
77.0
58.0
33.0
1.0
0.0
0.0
0.0
0.0
0.0
0.0
0.0
0.0
0.0
0.0
0.0
0.0
0.0
0.0
0.0
45.0
137.0
214.0
259.0
264.0
225.0
151.0
62.0
0.0
0.0
0.0
0.0
0.0
0.0
0.0
0.0
0.0
0.0
0.0
0.0
0.0
0.0
0.0
0.0
51.0
114.0
125.0
164.0
155.0
52.0
184.0
78.0
2.0
0.0
0.0
0.0
0.0
0.0
0.0
0.0
0.0
0.0
0.0
0.0
0.0
0.0
0.0
0.0
14.0
112.0
185.0
204.0
235.0
214.0
178.0
70.0
1.0
0.0
0.0
0.0
0.0
0.0
0.0
0.0
0.0
0.0
0.0
0.0
0.0
0.0
0.0
0.0
4.0
20.0
34.0
43.0
43.0
37.0
24.0
9.0
0.0
0.0
0.0
0.0
0.0
0.0
0.0
0.0
0.0
0.0
0.0
0.0
0.0
0.0
0.0
0.0
4.0
12.0
19.0
24.0
24.0
20.0
14.0
5.0
0.0
0.0
0.0
0.0
0.0
0.0
0.0
0.0
0.0
0.0
0.0
0.0
0.0
0.0
0.0
0.0
21.0
67.0
78.0
52.0
23.0
230.0
119.0
66.0
0.0
0.0
0.0
0.0
0.0
0.0
0.0
0.0
0.0
0.0
0.0
0.0
0.0
0.0
0.0
0.0
4.0
12.0
19.0
24.0
25.0
206.0
147.0
63.0
1.0
0.0
0.0
0.0
0.0
0.0
0.0
0.0
0.0
0.0
0.0
0.0
0.0
0.0
0.0
0.0
18.0
136.0
227.0
279.0
284.0
242.0
163.0
66.0
0.0
0.0
0.0
0.0
0.0
0.0
0.0
0.0
0.0
0.0
0.0
0.0
0.0
0.0
0.0
0.0
4.0
29.0
49.0
60.0
59.0
55.0
34.0
15.0
0.0
0.0
0.0
0.0
0.0
0.0
0.0
0.0
0.0
0.0
0.0
0.0
0.0
0.0
0.0
0.0
3.0
17.0
31.0
42.0
42.0
38.0
24.0
10.0
0.0
0.0
0.0
0.0
0.0
0.0
0.0
0.0
0.0
0.0
0.0
0.0
0.0
0.0
0.0
0.0
3.0
21.0
64.0
140.0
127.0
112.0
49.0
32.0
0.0
0.0
0.0
0.0
0.0
0.0
0.0
0.0
0.0
0.0
0.0
0.0
0.0
0.0
0.0
0.0
4.0
56.0
93.0
109.0
109.0
89.0
37.0
15.0
0.0
0.0
0.0
0.0
0.0
0.0
0.0
0.0
0.0
0.0
0.0
0.0
0.0
0.0
0.0
0.0
15.0
129.0
220.0
275.0
279.0
238.0
158.0
66.0
0.0
0.0
0.0
0.0
0.0
0.0
0.0
0.0
0.0
0.0
0.0
0.0
0.0
0.0
0.0
0.0
3.0
16.0
24.0
39.0
27.0
227.0
164.0
68.0
0.0
0.0
0.0
0.0
0.0
0.0
0.0
0.0
0.0
0.0
0.0
0.0
0.0
0.0
0.0
0.0
3.0
86.0
108.0
131.0
110.0
232.0
56.0
14.0
0.0
0.0
0.0
0.0
0.0
0.0
0.0
0.0
0.0
0.0
0.0
0.0
0.0
0.0
0.0
0.0
3.0
16.0
25.0
37.0
37.0
209.0
142.0
60.0
0.0
0.0
0.0
0.0
0.0
0.0
0.0
0.0
0.0
0.0
0.0
0.0
0.0
0.0
0.0
0.0
3.0
36.0
17.0
169.0
260.0
218.0
101.0
17.0
0.0
0.0
0.0
0.0
0.0
0.0
0.0
0.0
0.0
0.0
0.0
0.0
0.0
0.0
0.0
0.0
5.0
31.0
52.0
75.0
79.0
90.0
52.0
23.0
1.0
0.0
0.0
0.0
0.0
0.0
0.0
0.0
0.0
0.0
0.0
0.0
0.0
0.0
0.0
0.0
3.0
27.0
53.0
72.0
143.0
148.0
117.0
70.0
2.0
0.0
0.0
0.0
0.0
0.0
0.0
0.0
0.0
0.0
0.0
0.0
0.0
0.0
0.0
0.0
3.0
62.0
75.0
105.0
109.0
100.0
50.0
36.0
1.0
0.0
0.0
0.0
0.0
0.0
0.0
0.0
0.0
0.0
0.0
0.0
0.0
0.0
0.0
0.0
3.0
27.0
51.0
65.0
68.0
67.0
44.0
17.0
0.0
0.0
0.0
0.0
0.0
0.0
0.0
0.0
0.0
0.0
0.0
0.0
0.0
0.0
0.0
0.0
3.0
33.0
51.0
68.0
80.0
74.0
47.0
19.0
1.0
0.0
0.0
0.0
0.0
0.0
0.0
0.0
0.0
0.0
0.0
0.0
0.0
0.0
0.0
0.0
3.0
21.0
33.0
45.0
49.0
41.0
29.0
11.0
1.0
0.0
0.0
0.0
0.0
0.0
0.0
0.0
