0.0
0.0
0.0
0.0
0.0
0.0
0.0
0.0
61.0
232.0
358.0
431.0
447.0
405.0
306.0
158.0
12.0
0.0
0.0
0.0
0.0
0.0
0.0
0.0
0.0
0.0
0.0
0.0
0.0
0.0
0.0
0.0
62.0
233.0
359.0
433.0
449.0
407.0
309.0
161.0
13.0
0.0
0.0
0.0
0.0
0.0
0.0
0.0
0.0
0.0
0.0
0.0
0.0
0.0
0.0
0.0
62.0
233.0
360.0
435.0
451.0
409.0
312.0
165.0
14.0
0.0
0.0
0.0
0.0
0.0
0.0
0.0
0.0
0.0
0.0
0.0
0.0
0.0
0.0
0.0
62.0
234.0
362.0
437.0
454.0
412.0
315.0
168.0
15.0
0.0
0.0
0.0
0.0
0.0
0.0
0.0
0.0
0.0
0.0
0.0
0.0
0.0
0.0
0.0
63.0
236.0
363.0
439.0
456.0
415.0
318.0
171.0
17.0
0.0
0.0
0.0
0.0
0.0
0.0
0.0
0.0
0.0
0.0
0.0
0.0
0.0
0.0
0.0
64.0
237.0
365.0
441.0
459.0
418.0
321.0
175.0
18.0
0.0
0.0
0.0
0.0
0.0
0.0
0.0
0.0
0.0
0.0
0.0
0.0
0.0
0.0
0.0
65.0
238.0
367.0
443.0
462.0
421.0
325.0
178.0
20.0
0.0
0.0
0.0
0.0
0.0
0.0
0.0
0.0
0.0
0.0
0.0
0.0
0.0
0.0
0.0
66.0
240.0
369.0
446.0
465.0
425.0
328.0
182.0
22.0
0.0
0.0
0.0
0.0
0.0
0.0
0.0
0.0
0.0
0.0
0.0
0.0
0.0
0.0
0.0
67.0
242.0
371.0
449.0
468.0
428.0
332.0
186.0
24.0
0.0
0.0
0.0
0.0
0.0
0.0
0.0
0.0
0.0
0.0
0.0
0.0
0.0
0.0
0.0
68.0
244.0
374.0
451.0
471.0
432.0
336.0
190.0
26.0
0.0
0.0
0.0
0.0
0.0
0.0
0.0
0.0
0.0
0.0
0.0
0.0
0.0
0.0
0.0
70.0
246.0
376.0
454.0
475.0
436.0
340.0
195.0
28.0
0.0
0.0
0.0
0.0
0.0
0.0
0.0
0.0
0.0
0.0
0.0
0.0
0.0
0.0
0.0
72.0
248.0
379.0
458.0
478.0
440.0
344.0
199.0
30.0
0.0
0.0
0.0
0.0
0.0
0.0
0.0
0.0
0.0
0.0
0.0
0.0
0.0
0.0
0.0
73.0
251.0
382.0
461.0
482.0
444.0
349.0
203.0
33.0
0.0
0.0
0.0
0.0
0.0
0.0
0.0
0.0
0.0
0.0
0.0
0.0
0.0
0.0
0.0
75.0
253.0
385.0
465.0
486.0
448.0
353.0
208.0
36.0
0.0
0.0
0.0
0.0
0.0
0.0
0.0
0.0
0.0
0.0
0.0
0.0
0.0
0.0
0.0
77.0
256.0
388.0
468.0
490.0
452.0
358.0
213.0
38.0
0.0
0.0
0.0
0.0
0.0
0.0
0.0
0.0
0.0
0.0
0.0
0.0
0.0
0.0
0.0
80.0
259.0
392.0
472.0
494.0
457.0
362.0
218.0
41.0
0.0
0.0
0.0
0.0
0.0
0.0
0.0
0.0
0.0
0.0
0.0
0.0
0.0
0.0
0.0
82.0
262.0
395.0
476.0
498.0
461.0
367.0
222.0
45.0
0.0
0.0
0.0
0.0
0.0
0.0
0.0
0.0
0.0
0.0
0.0
0.0
0.0
0.0
0.0
85.0
265.0
399.0
480.0
503.0
466.0
372.0
228.0
48.0
0.0
0.0
0.0
0.0
0.0
0.0
0.0
0.0
0.0
0.0
0.0
0.0
0.0
0.0
0.0
88.0
269.0
403.0
484.0
508.0
471.0
377.0
233.0
52.0
0.0
0.0
0.0
0.0
0.0
0.0
0.0
0.0
0.0
0.0
0.0
0.0
0.0
0.0
0.0
91.0
273.0
407.0
489.0
512.0
476.0
383.0
238.0
55.0
0.0
0.0
0.0
0.0
0.0
0.0
0.0
0.0
0.0
0.0
0.0
0.0
0.0
0.0
0.0
94.0
276.0
411.0
493.0
517.0
481.0
388.0
243.0
59.0
0.0
0.0
0.0
0.0
0.0
0.0
0.0
0.0
0.0
0.0
0.0
0.0
0.0
0.0
0.0
97.0
280.0
415.0
498.0
522.0
486.0
393.0
249.0
64.0
0.0
0.0
0.0
0.0
0.0
0.0
0.0
0.0
0.0
0.0
0.0
0.0
0.0
0.0
0.0
105.0
284.0
420.0
503.0
527.0
492.0
399.0
254.0
68.0
0.0
0.0
0.0
0.0
0.0
0.0
0.0
0.0
0.0
0.0
0.0
0.0
0.0
0.0
0.0
109.0
288.0
424.0
508.0
533.0
497.0
404.0
260.0
73.0
0.0
0.0
0.0
0.0
0.0
0.0
0.0
0.0
0.0
0.0
0.0
0.0
0.0
0.0
0.0
113.0
293.0
429.0
513.0
538.0
503.0
410.0
266.0
78.0
0.0
0.0
0.0
0.0
0.0
0.0
0.0
0.0
0.0
0.0
0.0
0.0
0.0
0.0
0.0
117.0
297.0
434.0
518.0
543.0
509.0
416.0
272.0
83.0
0.0
0.0
0.0
0.0
0.0
0.0
0.0
0.0
0.0
0.0
0.0
0.0
0.0
0.0
1.0
121.0
302.0
439.0
523.0
549.0
514.0
422.0
277.0
88.0
0.0
0.0
0.0
0.0
0.0
0.0
0.0
0.0
0.0
0.0
0.0
0.0
0.0
0.0
1.0
126.0
307.0
444.0
529.0
555.0
520.0
428.0
283.0
94.0
0.0
0.0
0.0
0.0
0.0
0.0
0.0
0.0
0.0
0.0
0.0
0.0
0.0
0.0
2.0
130.0
311.0
449.0
534.0
561.0
526.0
434.0
289.0
99.0
0.0
0.0
0.0
0.0
0.0
0.0
0.0
0.0
0.0
0.0
0.0
0.0
0.0
0.0
2.0
135.0
316.0
455.0
540.0
566.0
532.0
440.0
296.0
109.0
0.0
0.0
0.0
0.0
0.0
0.0
0.0
0.0
0.0
0.0
0.0
0.0
0.0
0.0
3.0
140.0
322.0
460.0
546.0
572.0
538.0
446.0
302.0
115.0
0.0
0.0
0.0
0.0
0.0
0.0
0.0
0.0
0.0
0.0
0.0
0.0
0.0
0.0
4.0
144.0
327.0
466.0
552.0
579.0
545.0
452.0
308.0
121.0
1.0
0.0
0.0
0.0
0.0
0.0
0.0
0.0
0.0
0.0
0.0
0.0
0.0
0.0
5.0
150.0
332.0
472.0
558.0
585.0
551.0
459.0
314.0
127.0
1.0
0.0
0.0
0.0
0.0
0.0
0.0
0.0
0.0
0.0
0.0
0.0
0.0
0.0
6.0
155.0
338.0
477.0
564.0
591.0
557.0
465.0
321.0
134.0
2.0
0.0
0.0
0.0
0.0
0.0
0.0
0.0
0.0
0.0
0.0
0.0
0.0
0.0
7.0
160.0
344.0
483.0
570.0
597.0
564.0
472.0
327.0
140.0
3.0
0.0
0.0
0.0
0.0
0.0
0.0
0.0
0.0
0.0
0.0
0.0
0.0
0.0
8.0
166.0
349.0
489.0
576.0
604.0
570.0
478.0
334.0
146.0
4.0
0.0
0.0
0.0
0.0
0.0
0.0
0.0
0.0
0.0
0.0
0.0
0.0
0.0
10.0
171.0
355.0
496.0
583.0
610.0
577.0
485.0
340.0
153.0
5.0
0.0
0.0
0.0
0.0
0.0
0.0
0.0
0.0
0.0
0.0
0.0
0.0
0.0
12.0
177.0
361.0
502.0
589.0
617.0
584.0
491.0
347.0
159.0
6.0
0.0
0.0
0.0
0.0
0.0
0.0
0.0
0.0
0.0
0.0
0.0
0.0
0.0
13.0
183.0
367.0
508.0
596.0
624.0
590.0
498.0
353.0
165.0
8.0
0.0
0.0
0.0
0.0
0.0
0.0
0.0
0.0
0.0
0.0
0.0
0.0
0.0
15.0
189.0
374.0
515.0
602.0
630.0
597.0
505.0
360.0
172.0
9.0
0.0
0.0
0.0
0.0
0.0
0.0
0.0
0.0
0.0
0.0
0.0
0.0
0.0
18.0
195.0
380.0
521.0
609.0
637.0
604.0
512.0
366.0
178.0
11.0
0.0
0.0
0.0
0.0
0.0
0.0
0.0
0.0
0.0
0.0
0.0
0.0
0.0
20.0
201.0
386.0
528.0
616.0
644.0
611.0
518.0
373.0
185.0
13.0
0.0
0.0
0.0
0.0
0.0
0.0
0.0
0.0
0.0
0.0
0.0
0.0
0.0
23.0
207.0
393.0
535.0
623.0
651.0
618.0
525.0
380.0
191.0
16.0
0.0
0.0
0.0
0.0
0.0
0.0
0.0
0.0
0.0
0.0
0.0
0.0
0.0
26.0
214.0
400.0
541.0
629.0
658.0
625.0
532.0
387.0
198.0
18.0
0.0
0.0
0.0
0.0
0.0
0.0
0.0
0.0
0.0
0.0
0.0
0.0
0.0
29.0
220.0
406.0
548.0
636.0
665.0
632.0
539.0
393.0
204.0
21.0
0.0
0.0
0.0
0.0
0.0
0.0
0.0
0.0
0.0
0.0
0.0
0.0
0.0
32.0
227.0
413.0
555.0
643.0
672.0
639.0
546.0
400.0
211.0
24.0
0.0
0.0
0.0
0.0
0.0
0.0
0.0
0.0
0.0
0.0
0.0
0.0
0.0
36.0
234.0
420.0
562.0
651.0
679.0
646.0
553.0
407.0
218.0
27.0
0.0
0.0
0.0
0.0
0.0
0.0
0.0
0.0
0.0
0.0
0.0
0.0
0.0
40.0
240.0
427.0
569.0
658.0
686.0
653.0
560.0
414.0
224.0
30.0
0.0
0.0
0.0
0.0
0.0
0.0
0.0
0.0
0.0
0.0
0.0
0.0
0.0
44.0
247.0
434.0
576.0
665.0
693.0
660.0
567.0
421.0
231.0
33.0
0.0
0.0
0.0
0.0
0.0
0.0
0.0
0.0
0.0
0.0
0.0
0.0
0.0
48.0
254.0
441.0
584.0
672.0
701.0
667.0
574.0
427.0
237.0
37.0
0.0
0.0
0.0
0.0
0.0
0.0
0.0
0.0
0.0
0.0
0.0
0.0
0.0
53.0
261.0
448.0
591.0
679.0
708.0
674.0
581.0
434.0
244.0
41.0
0.0
0.0
0.0
0.0
0.0
0.0
0.0
0.0
0.0
0.0
0.0
0.0
0.0
57.0
269.0
456.0
598.0
687.0
715.0
681.0
588.0
441.0
251.0
45.0
0.0
0.0
0.0
0.0
0.0
0.0
0.0
0.0
0.0
0.0
0.0
0.0
0.0
63.0
276.0
463.0
606.0
694.0
722.0
689.0
595.0
448.0
257.0
49.0
0.0
0.0
0.0
0.0
0.0
0.0
0.0
0.0
0.0
0.0
0.0
0.0
0.0
68.0
283.0
470.0
613.0
701.0
730.0
696.0
602.0
455.0
264.0
53.0
0.0
0.0
0.0
0.0
0.0
0.0
0.0
0.0
0.0
0.0
0.0
0.0
0.0
74.0
290.0
478.0
620.0
709.0
737.0
703.0
609.0
461.0
271.0
57.0
0.0
0.0
0.0
0.0
0.0
0.0
0.0
0.0
0.0
0.0
0.0
0.0
0.0
80.0
298.0
485.0
628.0
716.0
744.0
710.0
616.0
468.0
277.0
62.0
0.0
0.0
0.0
0.0
0.0
0.0
0.0
0.0
0.0
0.0
0.0
0.0
0.0
86.0
305.0
493.0
635.0
724.0
752.0
717.0
623.0
475.0
284.0
67.0
0.0
0.0
0.0
0.0
0.0
0.0
0.0
0.0
0.0
0.0
0.0
0.0
0.0
93.0
313.0
500.0
643.0
731.0
759.0
724.0
630.0
482.0
290.0
72.0
0.0
0.0
0.0
0.0
0.0
0.0
0.0
0.0
0.0
0.0
0.0
0.0
0.0
100.0
321.0
508.0
650.0
739.0
766.0
731.0
637.0
488.0
297.0
77.0
0.0
0.0
0.0
0.0
0.0
0.0
0.0
0.0
0.0
0.0
0.0
0.0
0.0
107.0
328.0
516.0
658.0
746.0
773.0
739.0
644.0
495.0
303.0
82.0
0.0
0.0
0.0
0.0
0.0
0.0
0.0
0.0
0.0
0.0
0.0
0.0
0.0
114.0
336.0
523.0
666.0
753.0
781.0
746.0
650.0
502.0
310.0
87.0
0.0
0.0
0.0
0.0
0.0
0.0
0.0
0.0
0.0
0.0
0.0
0.0
0.0
124.0
344.0
531.0
673.0
761.0
788.0
753.0
657.0
508.0
316.0
93.0
0.0
0.0
0.0
0.0
0.0
0.0
0.0
0.0
0.0
0.0
0.0
0.0
0.0
132.0
351.0
539.0
681.0
768.0
795.0
760.0
664.0
515.0
323.0
99.0
0.0
0.0
0.0
0.0
0.0
0.0
0.0
0.0
0.0
0.0
0.0
0.0
1.0
140.0
359.0
546.0
688.0
776.0
803.0
767.0
671.0
522.0
329.0
105.0
0.0
0.0
0.0
0.0
0.0
0.0
0.0
0.0
0.0
0.0
0.0
0.0
2.0
148.0
367.0
554.0
696.0
783.0
810.0
774.0
678.0
528.0
335.0
111.0
0.0
0.0
0.0
0.0
0.0
0.0
0.0
0.0
0.0
0.0
0.0
0.0
3.0
156.0
375.0
562.0
704.0
791.0
817.0
781.0
684.0
535.0
342.0
119.0
0.0
0.0
0.0
0.0
0.0
0.0
0.0
0.0
0.0
0.0
0.0
0.0
5.0
164.0
383.0
570.0
711.0
798.0
824.0
788.0
691.0
541.0
348.0
125.0
0.0
0.0
0.0
0.0
0.0
0.0
0.0
0.0
0.0
0.0
0.0
0.0
6.0
172.0
391.0
578.0
719.0
805.0
831.0
795.0
698.0
548.0
354.0
131.0
0.0
0.0
0.0
0.0
0.0
0.0
0.0
0.0
0.0
0.0
0.0
0.0
8.0
180.0
399.0
585.0
727.0
813.0
838.0
801.0
704.0
554.0
361.0
137.0
1.0
0.0
0.0
0.0
0.0
0.0
0.0
0.0
0.0
0.0
0.0
0.0
10.0
188.0
407.0
593.0
734.0
820.0
845.0
808.0
711.0
561.0
367.0
143.0
1.0
0.0
0.0
0.0
0.0
0.0
0.0
0.0
0.0
0.0
0.0
0.0
13.0
196.0
415.0
601.0
742.0
827.0
852.0
815.0
718.0
567.0
373.0
150.0
2.0
0.0
0.0
0.0
0.0
0.0
0.0
0.0
0.0
0.0
0.0
0.0
16.0
204.0
423.0
609.0
749.0
835.0
859.0
822.0
724.0
573.0
379.0
156.0
3.0
0.0
0.0
0.0
0.0
0.0
0.0
0.0
0.0
0.0
0.0
0.0
19.0
212.0
431.0
616.0
757.0
842.0
866.0
828.0
731.0
579.0
385.0
162.0
4.0
0.0
0.0
0.0
0.0
0.0
0.0
0.0
0.0
0.0
0.0
0.0
22.0
220.0
439.0
624.0
764.0
849.0
873.0
835.0
737.0
586.0
391.0
168.0
5.0
0.0
0.0
0.0
0.0
0.0
0.0
0.0
0.0
0.0
0.0
0.0
26.0
229.0
447.0
632.0
772.0
856.0
880.0
842.0
743.0
592.0
397.0
174.0
6.0
0.0
0.0
0.0
0.0
0.0
0.0
0.0
0.0
0.0
0.0
0.0
30.0
237.0
455.0
640.0
779.0
863.0
887.0
848.0
750.0
598.0
403.0
180.0
8.0
0.0
0.0
0.0
0.0
0.0
0.0
0.0
0.0
0.0
0.0
0.0
34.0
245.0
463.0
647.0
786.0
871.0
894.0
855.0
756.0
604.0
409.0
186.0
9.0
0.0
0.0
0.0
0.0
0.0
0.0
0.0
0.0
0.0
0.0
0.0
39.0
253.0
471.0
655.0
794.0
878.0
900.0
861.0
762.0
610.0
415.0
191.0
11.0
0.0
0.0
0.0
0.0
0.0
0.0
0.0
0.0
0.0
0.0
0.0
44.0
261.0
478.0
663.0
801.0
885.0
907.0
867.0
768.0
616.0
421.0
197.0
13.0
0.0
0.0
0.0
0.0
0.0
0.0
0.0
0.0
0.0
0.0
0.0
49.0
269.0
486.0
670.0
808.0
891.0
914.0
874.0
774.0
622.0
427.0
203.0
15.0
0.0
0.0
0.0
0.0
0.0
0.0
0.0
0.0
0.0
0.0
0.0
54.0
277.0
494.0
678.0
816.0
898.0
920.0
880.0
780.0
628.0
433.0
209.0
17.0
0.0
0.0
0.0
0.0
0.0
0.0
0.0
0.0
0.0
0.0
0.0
60.0
286.0
502.0
685.0
823.0
905.0
927.0
886.0
786.0
633.0
438.0
215.0
20.0
0.0
0.0
0.0
0.0
0.0
0.0
0.0
0.0
0.0
0.0
0.0
66.0
294.0
510.0
693.0
830.0
912.0
933.0
892.0
792.0
639.0
444.0
220.0
22.0
0.0
0.0
0.0
0.0
0.0
0.0
0.0
0.0
0.0
0.0
0.0
72.0
302.0
518.0
700.0
837.0
919.0
939.0
898.0
798.0
645.0
450.0
226.0
25.0
0.0
0.0
0.0
0.0
0.0
0.0
0.0
0.0
0.0
0.0
0.0
79.0
310.0
525.0
708.0
844.0
925.0
946.0
904.0
804.0
650.0
455.0
232.0
27.0
0.0
0.0
0.0
0.0
0.0
0.0
0.0
0.0
0.0
0.0
0.0
86.0
318.0
533.0
715.0
851.0
932.0
952.0
910.0
809.0
656.0
461.0
237.0
30.0
0.0
0.0
0.0
0.0
0.0
0.0
0.0
0.0
0.0
0.0
0.0
93.0
326.0
541.0
722.0
858.0
938.0
958.0
916.0
815.0
662.0
466.0
243.0
33.0
0.0
0.0
0.0
0.0
0.0
0.0
0.0
0.0
0.0
0.0
0.0
100.0
333.0
548.0
729.0
864.0
945.0
964.0
922.0
820.0
667.0
472.0
248.0
36.0
0.0
0.0
0.0
0.0
0.0
0.0
0.0
0.0
0.0
0.0
0.0
108.0
341.0
556.0
736.0
871.0
951.0
970.0
927.0
826.0
672.0
477.0
254.0
39.0
0.0
0.0
0.0
0.0
0.0
0.0
0.0
0.0
0.0
0.0
0.0
116.0
349.0
563.0
743.0
878.0
957.0
976.0
933.0
831.0
678.0
483.0
259.0
43.0
0.0
0.0
0.0
0.0
0.0
0.0
0.0
0.0
0.0
0.0
0.0
124.0
357.0
570.0
750.0
884.0
963.0
982.0
939.0
837.0
683.0
488.0
265.0
46.0
0.0
0.0
0.0
0.0
0.0
0.0
0.0
0.0
0.0
0.0
0.0
132.0
365.0
578.0
757.0
891.0
969.0
988.0
944.0
842.0
688.0
493.0
270.0
50.0
0.0
0.0
0.0
0.0
0.0
0.0
0.0
0.0
0.0
0.0
1.0
140.0
372.0
585.0
764.0
897.0
975.0
993.0
950.0
847.0
693.0
498.0
276.0
53.0
0.0
0.0
0.0
0.0
0.0
0.0
0.0
0.0
0.0
0.0
2.0
148.0
380.0
592.0
771.0
904.0
981.0
999.0
955.0
852.0
699.0
504.0
281.0
57.0
0.0
0.0
0.0
0.0
0.0
0.0
0.0
0.0
0.0
0.0
3.0
156.0
387.0
599.0
778.0
910.0
987.0
1004.0
960.0
858.0
704.0
509.0
286.0
61.0
0.0
0.0
0.0
0.0
0.0
0.0
0.0
0.0
0.0
0.0
5.0
164.0
395.0
606.0
784.0
916.0
993.0
1010.0
965.0
863.0
709.0
514.0
291.0
65.0
0.0
0.0
0.0
0.0
0.0
0.0
0.0
0.0
0.0
0.0
6.0
172.0
402.0
613.0
791.0
922.0
999.0
1015.0
971.0
868.0
714.0
519.0
297.0
69.0
0.0
0.0
0.0
0.0
0.0
0.0
0.0
0.0
0.0
0.0
8.0
179.0
410.0
620.0
797.0
928.0
1004.0
1021.0
976.0
873.0
718.0
524.0
302.0
73.0
0.0
0.0
0.0
0.0
0.0
0.0
0.0
0.0
0.0
0.0
10.0
187.0
417.0
627.0
804.0
934.0
1010.0
1026.0
981.0
877.0
723.0
529.0
307.0
78.0
0.0
0.0
0.0
0.0
0.0
0.0
0.0
0.0
0.0
0.0
13.0
194.0
424.0
634.0
810.0
940.0
1015.0
1031.0
985.0
882.0
728.0
534.0
312.0
82.0
0.0
0.0
0.0
0.0
0.0
0.0
0.0
0.0
0.0
0.0
16.0
202.0
431.0
640.0
816.0
946.0
1021.0
1036.0
990.0
887.0
733.0
538.0
317.0
87.0
0.0
0.0
0.0
0.0
0.0
0.0
0.0
0.0
0.0
0.0
19.0
209.0
438.0
647.0
822.0
951.0
1026.0
1041.0
995.0
892.0
737.0
543.0
322.0
91.0
0.0
0.0
0.0
0.0
0.0
0.0
0.0
0.0
0.0
0.0
22.0
217.0
445.0
653.0
828.0
957.0
1031.0
1046.0
1000.0
896.0
742.0
548.0
327.0
96.0
0.0
0.0
0.0
0.0
0.0
0.0
0.0
0.0
0.0
0.0
25.0
224.0
452.0
660.0
834.0
962.0
1036.0
1051.0
1004.0
901.0
747.0
553.0
332.0
101.0
0.0
0.0
0.0
0.0
0.0
0.0
0.0
0.0
0.0
0.0
29.0
231.0
458.0
666.0
840.0
968.0
1041.0
1055.0
1009.0
905.0
751.0
557.0
337.0
106.0
0.0
0.0
0.0
0.0
0.0
0.0
0.0
0.0
0.0
0.0
33.0
238.0
465.0
672.0
846.0
973.0
1046.0
1060.0
1013.0
909.0
755.0
562.0
342.0
111.0
0.0
0.0
0.0
0.0
0.0
0.0
0.0
0.0
0.0
0.0
37.0
245.0
472.0
678.0
851.0
978.0
1051.0
1064.0
1018.0
914.0
760.0
566.0
347.0
116.0
0.0
0.0
0.0
0.0
0.0
0.0
0.0
0.0
0.0
0.0
41.0
252.0
478.0
684.0
857.0
983.0
1056.0
1069.0
1022.0
918.0
764.0
571.0
352.0
121.0
0.0
0.0
0.0
0.0
0.0
0.0
0.0
0.0
0.0
0.0
45.0
259.0
484.0
690.0
862.0
988.0
1060.0
1073.0
1026.0
922.0
768.0
575.0
356.0
126.0
0.0
0.0
0.0
0.0
0.0
0.0
0.0
0.0
0.0
0.0
50.0
265.0
491.0
696.0
867.0
993.0
1065.0
1078.0
1030.0
926.0
773.0
580.0
361.0
131.0
1.0
0.0
0.0
0.0
0.0
0.0
0.0
0.0
0.0
0.0
54.0
272.0
497.0
702.0
873.0
998.0
1069.0
1082.0
1034.0
930.0
777.0
584.0
366.0
136.0
1.0
0.0
0.0
0.0
0.0
0.0
0.0
0.0
0.0
0.0
59.0
278.0
503.0
707.0
878.0
1003.0
1074.0
1086.0
1038.0
934.0
781.0
589.0
370.0
141.0
2.0
0.0
0.0
0.0
0.0
0.0
0.0
0.0
0.0
0.0
64.0
285.0
509.0
713.0
883.0
1007.0
1078.0
1090.0
1042.0
938.0
785.0
593.0
375.0
146.0
2.0
0.0
0.0
0.0
0.0
0.0
0.0
0.0
0.0
0.0
69.0
291.0
514.0
718.0
888.0
1012.0
1082.0
1094.0
1046.0
942.0
789.0
597.0
380.0
151.0
3.0
0.0
0.0
0.0
0.0
0.0
0.0
0.0
0.0
0.0
74.0
297.0
520.0
723.0
892.0
1016.0
1086.0
1098.0
1050.0
946.0
793.0
601.0
384.0
156.0
4.0
0.0
0.0
0.0
0.0
0.0
0.0
0.0
0.0
0.0
80.0
303.0
526.0
728.0
897.0
1021.0
1090.0
1102.0
1054.0
950.0
797.0
605.0
389.0
161.0
5.0
0.0
0.0
0.0
0.0
0.0
0.0
0.0
0.0
0.0
85.0
309.0
531.0
733.0
902.0
1025.0
1094.0
1105.0
1057.0
953.0
800.0
609.0
393.0
166.0
7.0
0.0
0.0
0.0
0.0
0.0
0.0
0.0
0.0
0.0
91.0
315.0
537.0
738.0
906.0
1029.0
1098.0
1109.0
1061.0
957.0
804.0
613.0
397.0
171.0
8.0
0.0
0.0
0.0
0.0
0.0
0.0
0.0
0.0
0.0
96.0
321.0
542.0
743.0
911.0
1033.0
1102.0
1112.0
1064.0
960.0
808.0
617.0
402.0
176.0
9.0
0.0
0.0
0.0
0.0
0.0
0.0
0.0
0.0
0.0
102.0
326.0
547.0
748.0
915.0
1037.0
1105.0
1116.0
1068.0
964.0
812.0
621.0
406.0
180.0
11.0
0.0
0.0
0.0
0.0
0.0
0.0
0.0
0.0
0.0
108.0
332.0
552.0
752.0
919.0
1041.0
1109.0
1119.0
1071.0
967.0
815.0
625.0
410.0
185.0
13.0
0.0
0.0
0.0
0.0
0.0
0.0
0.0
0.0
0.0
112.0
337.0
557.0
757.0
923.0
1044.0
1112.0
1122.0
1074.0
971.0
819.0
629.0
415.0
190.0
14.0
0.0
0.0
0.0
0.0
0.0
0.0
0.0
0.0
0.0
118.0
342.0
562.0
761.0
927.0
1048.0
1116.0
1126.0
1077.0
974.0
822.0
633.0
419.0
194.0
16.0
0.0
0.0
0.0
0.0
0.0
0.0
0.0
0.0
1.0
123.0
347.0
566.0
765.0
931.0
1051.0
1119.0
1129.0
1080.0
977.0
826.0
637.0
423.0
199.0
18.0
0.0
0.0
0.0
0.0
0.0
0.0
0.0
0.0
1.0
129.0
352.0
571.0
769.0
934.0
1055.0
1122.0
1132.0
1083.0
980.0
829.0
640.0
427.0
203.0
20.0
0.0
0.0
0.0
0.0
0.0
0.0
0.0
0.0
2.0
134.0
357.0
575.0
773.0
938.0
1058.0
1125.0
1135.0
1086.0
983.0
832.0
644.0
431.0
208.0
23.0
0.0
0.0
0.0
0.0
0.0
0.0
0.0
0.0
2.0
139.0
362.0
580.0
777.0
942.0
1061.0
1128.0
1138.0
1089.0
986.0
836.0
648.0
435.0
212.0
25.0
0.0
0.0
0.0
0.0
0.0
0.0
0.0
0.0
3.0
144.0
367.0
584.0
781.0
945.0
1064.0
1131.0
1141.0
1092.0
989.0
839.0
651.0
439.0
217.0
27.0
0.0
0.0
0.0
0.0
0.0
0.0
0.0
0.0
4.0
149.0
371.0
588.0
785.0
948.0
1067.0
1134.0
1143.0
1095.0
992.0
842.0
655.0
443.0
221.0
30.0
0.0
0.0
0.0
0.0
0.0
0.0
0.0
0.0
5.0
154.0
376.0
592.0
788.0
951.0
1070.0
1137.0
1146.0
1098.0
995.0
845.0
658.0
447.0
225.0
32.0
0.0
0.0
0.0
0.0
0.0
0.0
0.0
0.0
7.0
159.0
380.0
596.0
792.0
955.0
1073.0
1139.0
1149.0
1100.0
998.0
848.0
661.0
450.0
229.0
35.0
0.0
0.0
0.0
0.0
0.0
0.0
0.0
0.0
8.0
163.0
384.0
599.0
795.0
958.0
1076.0
1142.0
1151.0
1103.0
1001.0
851.0
665.0
454.0
234.0
37.0
0.0
0.0
0.0
0.0
0.0
0.0
0.0
0.0
9.0
168.0
388.0
603.0
798.0
960.0
1078.0
1144.0
1153.0
1105.0
1003.0
854.0
668.0
458.0
238.0
40.0
0.0
0.0
0.0
0.0
0.0
0.0
0.0
0.0
11.0
172.0
392.0
606.0
801.0
963.0
1081.0
1147.0
1156.0
1108.0
1006.0
857.0
671.0
461.0
242.0
43.0
0.0
0.0
0.0
0.0
0.0
0.0
0.0
0.0
12.0
176.0
396.0
610.0
804.0
966.0
1083.0
1149.0
1158.0
1110.0
1008.0
860.0
674.0
465.0
246.0
46.0
0.0
0.0
0.0
0.0
0.0
0.0
0.0
0.0
14.0
180.0
399.0
613.0
807.0
968.0
1086.0
1151.0
1160.0
1112.0
1011.0
863.0
678.0
468.0
250.0
48.0
0.0
0.0
0.0
0.0
0.0
0.0
0.0
0.0
15.0
184.0
403.0
616.0
810.0
971.0
1088.0
1153.0
1162.0
1115.0
1013.0
865.0
681.0
472.0
253.0
51.0
0.0
0.0
0.0
0.0
0.0
0.0
0.0
0.0
17.0
188.0
406.0
619.0
813.0
973.0
1090.0
1155.0
1165.0
1117.0
1016.0
868.0
684.0
475.0
257.0
54.0
0.0
0.0
0.0
0.0
0.0
0.0
0.0
0.0
19.0
192.0
409.0
622.0
815.0
976.0
1092.0
1157.0
1167.0
1119.0
1018.0
871.0
687.0
479.0
261.0
57.0
0.0
0.0
0.0
0.0
0.0
0.0
0.0
0.0
20.0
195.0
412.0
625.0
818.0
978.0
1094.0
1159.0
1168.0
1121.0
1020.0
873.0
689.0
482.0
265.0
60.0
0.0
0.0
0.0
0.0
0.0
0.0
0.0
0.0
22.0
199.0
415.0
627.0
820.0
980.0
1096.0
1161.0
1170.0
1123.0
1023.0
876.0
692.0
485.0
268.0
63.0
0.0
0.0
0.0
0.0
0.0
0.0
0.0
0.0
24.0
202.0
418.0
630.0
822.0
982.0
1098.0
1163.0
1172.0
1125.0
1025.0
878.0
695.0
488.0
272.0
66.0
0.0
0.0
0.0
0.0
0.0
0.0
0.0
0.0
25.0
205.0
421.0
632.0
824.0
984.0
1100.0
1165.0
1174.0
1127.0
1027.0
880.0
698.0
491.0
275.0
69.0
0.0
0.0
0.0
0.0
0.0
0.0
0.0
0.0
27.0
208.0
424.0
635.0
826.0
985.0
1101.0
1166.0
1175.0
1129.0
1029.0
883.0
701.0
494.0
279.0
73.0
0.0
0.0
0.0
0.0
0.0
0.0
0.0
0.0
29.0
211.0
426.0
637.0
828.0
987.0
1103.0
1168.0
1177.0
1130.0
1031.0
885.0
703.0
497.0
282.0
76.0
0.0
0.0
0.0
0.0
0.0
0.0
0.0
0.0
30.0
213.0
428.0
639.0
830.0
989.0
1104.0
1169.0
1179.0
1132.0
1033.0
887.0
706.0
500.0
285.0
79.0
0.0
0.0
0.0
0.0
0.0
0.0
0.0
0.0
32.0
216.0
431.0
641.0
831.0
990.0
1106.0
1171.0
1180.0
1134.0
1035.0
889.0
708.0
503.0
288.0
82.0
0.0
0.0
0.0
0.0
0.0
0.0
0.0
0.0
33.0
218.0
433.0
642.0
833.0
991.0
1107.0
1172.0
1181.0
1135.0
1036.0
891.0
711.0
506.0
291.0
85.0
0.0
0.0
0.0
0.0
0.0
0.0
0.0
0.0
35.0
221.0
435.0
644.0
834.0
993.0
1108.0
1173.0
1183.0
1137.0
1038.0
894.0
713.0
509.0
294.0
88.0
0.0
0.0
0.0
0.0
0.0
0.0
0.0
0.0
36.0
223.0
437.0
646.0
836.0
994.0
1109.0
1174.0
1184.0
1138.0
1040.0
895.0
715.0
511.0
297.0
91.0
0.0
0.0
0.0
0.0
0.0
0.0
0.0
0.0
38.0
225.0
438.0
647.0
837.0
995.0
1110.0
1175.0
1185.0
1140.0
1041.0
897.0
717.0
514.0
300.0
94.0
0.0
0.0
0.0
0.0
0.0
0.0
0.0
0.0
39.0
227.0
440.0
648.0
838.0
996.0
1111.0
1176.0
1186.0
1141.0
1043.0
899.0
720.0
516.0
303.0
97.0
0.0
0.0
0.0
0.0
0.0
0.0
0.0
0.0
40.0
228.0
441.0
650.0
839.0
997.0
1112.0
1177.0
1187.0
1142.0
1044.0
901.0
722.0
519.0
306.0
100.0
0.0
0.0
0.0
0.0
0.0
0.0
0.0
0.0
42.0
230.0
443.0
651.0
840.0
998.0
1113.0
1178.0
1188.0
1143.0
1046.0
903.0
724.0
521.0
308.0
100.0
0.0
0.0
0.0
0.0
0.0
0.0
0.0
0.0
43.0
232.0
444.0
652.0
841.0
999.0
1114.0
1179.0
1189.0
1144.0
1047.0
904.0
726.0
523.0
311.0
103.0
0.0
0.0
0.0
0.0
0.0
0.0
0.0
0.0
44.0
233.0
445.0
653.0
842.0
999.0
1115.0
1180.0
1190.0
1146.0
1049.0
906.0
728.0
525.0
313.0
105.0
0.0
0.0
0.0
0.0
0.0
0.0
0.0
0.0
45.0
234.0
446.0
654.0
842.0
1000.0
1115.0
1180.0
1191.0
1147.0
1050.0
908.0
729.0
527.0
315.0
108.0
0.0
0.0
0.0
0.0
0.0
0.0
0.0
0.0
46.0
235.0
447.0
654.0
843.0
1000.0
1116.0
1181.0
1192.0
1148.0
1051.0
909.0
731.0
529.0
318.0
110.0
0.0
0.0
0.0
0.0
0.0
0.0
0.0
0.0
47.0
236.0
448.0
655.0
844.0
1001.0
1116.0
1182.0
1193.0
1148.0
1052.0
910.0
733.0
531.0
320.0
113.0
1.0
0.0
0.0
0.0
0.0
0.0
0.0
0.0
47.0
237.0
448.0
655.0
844.0
1001.0
1117.0
1182.0
1193.0
1149.0
1053.0
912.0
734.0
533.0
322.0
115.0
1.0
0.0
0.0
0.0
0.0
0.0
0.0
0.0
48.0
238.0
449.0
656.0
844.0
1002.0
1117.0
1182.0
1194.0
1150.0
1054.0
913.0
736.0
535.0
324.0
117.0
1.0
0.0
0.0
0.0
0.0
0.0
0.0
0.0
48.0
238.0
449.0
656.0
844.0
1002.0
1117.0
1183.0
1194.0
1151.0
1055.0
914.0
737.0
537.0
326.0
119.0
1.0
0.0
0.0
0.0
0.0
0.0
0.0
0.0
49.0
239.0
450.0
656.0
845.0
1002.0
1117.0
1183.0
1195.0
1152.0
1056.0
915.0
739.0
538.0
328.0
121.0
2.0
0.0
0.0
0.0
0.0
0.0
0.0
0.0
49.0
239.0
450.0
656.0
845.0
1002.0
1117.0
1183.0
1195.0
1152.0
1057.0
917.0
740.0
540.0
329.0
123.0
2.0
0.0
0.0
0.0
0.0
0.0
0.0
0.0
50.0
239.0
450.0
656.0
845.0
1002.0
1117.0
1184.0
1196.0
1153.0
1058.0
918.0
741.0
541.0
331.0
124.0
2.0
0.0
0.0
0.0
0.0
0.0
0.0
0.0
50.0
240.0
450.0
656.0
844.0
1002.0
1117.0
1184.0
1196.0
1153.0
1059.0
919.0
743.0
543.0
332.0
126.0
2.0
0.0
0.0
0.0
0.0
0.0
0.0
0.0
50.0
240.0
450.0
656.0
844.0
1002.0
1117.0
1184.0
1196.0
1154.0
1059.0
919.0
744.0
544.0
334.0
127.0
3.0
0.0
0.0
0.0
0.0
0.0
0.0
0.0
50.0
239.0
449.0
656.0
844.0
1001.0
1117.0
1184.0
1196.0
1154.0
1060.0
920.0
745.0
545.0
335.0
129.0
3.0
0.0
0.0
0.0
0.0
0.0
0.0
0.0
50.0
239.0
449.0
655.0
843.0
1001.0
1117.0
1184.0
1196.0
1154.0
1060.0
921.0
746.0
546.0
336.0
130.0
3.0
0.0
0.0
0.0
0.0
0.0
0.0
0.0
50.0
239.0
449.0
655.0
843.0
1001.0
1117.0
1184.0
1196.0
1155.0
1061.0
922.0
746.0
547.0
337.0
131.0
3.0
0.0
0.0
0.0
0.0
0.0
0.0
0.0
49.0
238.0
448.0
654.0
842.0
1000.0
1116.0
1183.0
1196.0
1155.0
1061.0
922.0
747.0
548.0
338.0
132.0
3.0
0.0
0.0
0.0
0.0
0.0
0.0
0.0
49.0
238.0
447.0
654.0
842.0
1000.0
1116.0
1183.0
1196.0
1155.0
1062.0
923.0
748.0
549.0
339.0
133.0
4.0
0.0
0.0
0.0
0.0
0.0
0.0
0.0
48.0
237.0
447.0
653.0
841.0
999.0
1116.0
1183.0
1196.0
1155.0
1062.0
923.0
748.0
549.0
340.0
134.0
4.0
0.0
0.0
0.0
0.0
0.0
0.0
0.0
48.0
236.0
446.0
652.0
840.0
998.0
1115.0
1182.0
1196.0
1155.0
1062.0
924.0
749.0
550.0
340.0
134.0
4.0
0.0
0.0
0.0
0.0
0.0
0.0
0.0
47.0
235.0
445.0
651.0
839.0
998.0
1114.0
1182.0
1196.0
1155.0
1062.0
924.0
749.0
550.0
341.0
135.0
4.0
0.0
0.0
0.0
0.0
0.0
0.0
0.0
47.0
234.0
444.0
650.0
839.0
997.0
1114.0
1182.0
1196.0
1155.0
1062.0
924.0
750.0
551.0
341.0
135.0
4.0
0.0
0.0
0.0
0.0
0.0
0.0
0.0
46.0
233.0
443.0
649.0
838.0
996.0
1113.0
1181.0
1195.0
1155.0
1062.0
924.0
750.0
551.0
341.0
135.0
4.0
0.0
0.0
0.0
0.0
0.0
0.0
0.0
45.0
232.0
441.0
648.0
836.0
995.0
1112.0
1181.0
1195.0
1155.0
1062.0
924.0
750.0
551.0
342.0
135.0
4.0
0.0
0.0
0.0
0.0
0.0
0.0
0.0
44.0
230.0
440.0
646.0
835.0
994.0
1111.0
1180.0
1195.0
1154.0
1062.0
924.0
750.0
551.0
342.0
135.0
4.0
0.0
0.0
0.0
0.0
0.0
0.0
0.0
43.0
229.0
439.0
645.0
834.0
993.0
1111.0
1179.0
1194.0
1154.0
1062.0
924.0
750.0
551.0
342.0
135.0
4.0
0.0
0.0
0.0
0.0
0.0
0.0
0.0
42.0
227.0
437.0
644.0
833.0
992.0
1110.0
1179.0
1194.0
1154.0
1062.0
924.0
750.0
551.0
341.0
135.0
4.0
0.0
0.0
0.0
0.0
0.0
0.0
0.0
41.0
225.0
435.0
642.0
831.0
991.0
1109.0
1178.0
1193.0
1153.0
1062.0
924.0
750.0
551.0
341.0
134.0
4.0
0.0
0.0
0.0
0.0
0.0
0.0
0.0
40.0
224.0
434.0
640.0
830.0
989.0
1108.0
1177.0
1192.0
1153.0
1061.0
924.0
750.0
551.0
341.0
134.0
4.0
0.0
0.0
0.0
0.0
0.0
0.0
0.0
38.0
222.0
432.0
639.0
828.0
988.0
1107.0
1176.0
1192.0
1152.0
1061.0
923.0
749.0
550.0
340.0
133.0
4.0
0.0
0.0
0.0
0.0
0.0
0.0
0.0
37.0
220.0
430.0
637.0
827.0
987.0
1105.0
1175.0
1191.0
1152.0
1060.0
923.0
749.0
550.0
340.0
132.0
3.0
0.0
0.0
0.0
0.0
0.0
0.0
0.0
36.0
218.0
428.0
635.0
825.0
985.0
1104.0
1174.0
1190.0
1151.0
1060.0
922.0
748.0
549.0
339.0
132.0
3.0
0.0
0.0
0.0
0.0
0.0
0.0
0.0
34.0
215.0
426.0
633.0
824.0
984.0
1103.0
1173.0
1189.0
1150.0
1059.0
922.0
747.0
548.0
338.0
130.0
3.0
0.0
0.0
0.0
0.0
0.0
0.0
0.0
33.0
213.0
424.0
631.0
822.0
982.0
1102.0
1172.0
1188.0
1149.0
1058.0
921.0
747.0
547.0
337.0
129.0
3.0
0.0
0.0
0.0
0.0
0.0
0.0
0.0
31.0
211.0
421.0
629.0
820.0
981.0
1100.0
1171.0
1187.0
1148.0
1057.0
920.0
746.0
546.0
336.0
128.0
2.0
0.0
0.0
0.0
0.0
0.0
0.0
0.0
30.0
208.0
419.0
627.0
818.0
979.0
1099.0
1169.0
1186.0
1147.0
1056.0
919.0
745.0
545.0
334.0
126.0
2.0
0.0
0.0
0.0
0.0
0.0
0.0
0.0
28.0
206.0
417.0
625.0
816.0
977.0
1097.0
1168.0
1185.0
1146.0
1055.0
918.0
744.0
544.0
333.0
125.0
2.0
0.0
0.0
0.0
0.0
0.0
0.0
0.0
27.0
203.0
414.0
623.0
814.0
975.0
1096.0
1167.0
1184.0
1145.0
1054.0
917.0
743.0
543.0
332.0
123.0
2.0
0.0
0.0
0.0
0.0
0.0
0.0
0.0
25.0
200.0
412.0
620.0
812.0
974.0
1094.0
1165.0
1182.0
1144.0
1053.0
916.0
741.0
541.0
330.0
121.0
1.0
0.0
0.0
0.0
0.0
0.0
0.0
0.0
24.0
198.0
409.0
618.0
810.0
972.0
1093.0
1164.0
1181.0
1143.0
1052.0
915.0
740.0
540.0
328.0
119.0
1.0
0.0
0.0
0.0
0.0
0.0
0.0
0.0
22.0
195.0
406.0
616.0
808.0
970.0
1091.0
1162.0
1180.0
1142.0
1051.0
913.0
738.0
538.0
326.0
117.0
1.0
0.0
0.0
0.0
0.0
0.0
0.0
0.0
21.0
192.0
404.0
613.0
806.0
968.0
1089.0
1161.0
1178.0
1140.0
1049.0
912.0
737.0
536.0
324.0
115.0
1.0
0.0
0.0
0.0
0.0
0.0
0.0
0.0
19.0
189.0
401.0
611.0
803.0
966.0
1087.0
1159.0
1177.0
1139.0
1048.0
910.0
735.0
535.0
322.0
113.0
0.0
0.0
0.0
0.0
0.0
0.0
0.0
0.0
18.0
185.0
398.0
608.0
801.0
964.0
1085.0
1158.0
1175.0
1137.0
1046.0
909.0
733.0
533.0
320.0
110.0
0.0
0.0
0.0
0.0
0.0
0.0
0.0
0.0
17.0
182.0
395.0
605.0
799.0
962.0
1084.0
1156.0
1174.0
1136.0
1045.0
907.0
731.0
530.0
318.0
107.0
0.0
0.0
0.0
0.0
0.0
0.0
0.0
0.0
15.0
179.0
392.0
603.0
796.0
959.0
1082.0
1154.0
1172.0
1134.0
1043.0
905.0
729.0
528.0
315.0
104.0
0.0
0.0
0.0
0.0
0.0
0.0
0.0
0.0
14.0
176.0
389.0
600.0
794.0
957.0
1080.0
1152.0
1170.0
1132.0
1041.0
903.0
727.0
526.0
312.0
102.0
0.0
0.0
0.0
0.0
0.0
0.0
0.0
0.0
12.0
172.0
386.0
597.0
791.0
955.0
1077.0
1150.0
1168.0
1131.0
1039.0
901.0
725.0
523.0
310.0
101.0
0.0
0.0
0.0
0.0
0.0
0.0
0.0
0.0
11.0
169.0
383.0
594.0
788.0
953.0
1075.0
1148.0
1167.0
1129.0
1037.0
899.0
723.0
521.0
307.0
97.0
0.0
0.0
0.0
0.0
0.0
0.0
0.0
0.0
10.0
165.0
379.0
591.0
786.0
950.0
1073.0
1146.0
1165.0
1127.0
1035.0
897.0
720.0
518.0
304.0
94.0
0.0
0.0
0.0
0.0
0.0
0.0
0.0
0.0
9.0
161.0
376.0
588.0
783.0
948.0
1071.0
1144.0
1163.0
1125.0
1033.0
894.0
718.0
515.0
301.0
91.0
0.0
0.0
0.0
0.0
0.0
0.0
0.0
0.0
8.0
158.0
373.0
585.0
780.0
945.0
1069.0
1142.0
1160.0
1123.0
1031.0
892.0
715.0
512.0
297.0
88.0
0.0
0.0
0.0
0.0
0.0
0.0
0.0
0.0
6.0
154.0
369.0
582.0
777.0
943.0
1066.0
1140.0
1158.0
1120.0
1029.0
890.0
712.0
509.0
294.0
84.0
0.0
0.0
0.0
0.0
0.0
0.0
0.0
0.0
5.0
150.0
366.0
579.0
775.0
940.0
1064.0
1138.0
1156.0
1118.0
1026.0
887.0
709.0
506.0
290.0
81.0
0.0
0.0
0.0
0.0
0.0
0.0
0.0
0.0
5.0
146.0
362.0
575.0
772.0
938.0
1062.0
1135.0
1154.0
1116.0
1024.0
884.0
706.0
503.0
287.0
77.0
0.0
0.0
0.0
0.0
0.0
0.0
0.0
0.0
4.0
142.0
358.0
572.0
769.0
935.0
1059.0
1133.0
1151.0
1113.0
1021.0
881.0
703.0
499.0
283.0
74.0
0.0
0.0
0.0
0.0
0.0
0.0
0.0
0.0
3.0
138.0
355.0
569.0
766.0
932.0
1057.0
1130.0
1149.0
1111.0
1019.0
878.0
700.0
496.0
279.0
70.0
0.0
0.0
0.0
0.0
0.0
0.0
0.0
0.0
2.0
134.0
351.0
566.0
763.0
929.0
1054.0
1128.0
1147.0
1108.0
1016.0
875.0
697.0
492.0
275.0
67.0
0.0
0.0
0.0
0.0
0.0
0.0
0.0
0.0
2.0
130.0
347.0
562.0
760.0
926.0
1051.0
1125.0
1144.0
1106.0
1013.0
872.0
693.0
488.0
271.0
63.0
0.0
0.0
0.0
0.0
0.0
0.0
0.0
0.0
1.0
126.0
344.0
559.0
757.0
924.0
1049.0
1123.0
1141.0
1103.0
1010.0
869.0
690.0
484.0
266.0
60.0
0.0
0.0
0.0
0.0
0.0
0.0
0.0
0.0
1.0
122.0
340.0
555.0
753.0
921.0
1046.0
1120.0
1139.0
1100.0
1007.0
866.0
686.0
480.0
262.0
56.0
0.0
0.0
0.0
0.0
0.0
0.0
0.0
0.0
0.0
117.0
336.0
552.0
750.0
918.0
1043.0
1117.0
1136.0
1097.0
1004.0
862.0
682.0
476.0
257.0
53.0
0.0
0.0
0.0
0.0
0.0
0.0
0.0
0.0
0.0
113.0
332.0
548.0
747.0
915.0
1040.0
1115.0
1133.0
1094.0
1001.0
859.0
678.0
472.0
253.0
49.0
0.0
0.0
0.0
0.0
0.0
0.0
0.0
0.0
0.0
109.0
328.0
544.0
744.0
912.0
1037.0
1112.0
1130.0
1091.0
997.0
855.0
674.0
467.0
248.0
46.0
0.0
0.0
0.0
0.0
0.0
0.0
0.0
0.0
0.0
106.0
324.0
541.0
740.0
908.0
1034.0
1109.0
1127.0
1088.0
994.0
851.0
670.0
463.0
243.0
42.0
0.0
0.0
0.0
0.0
0.0
0.0
0.0
0.0
0.0
101.0
320.0
537.0
737.0
905.0
1031.0
1106.0
1124.0
1085.0
990.0
847.0
666.0
458.0
238.0
39.0
0.0
0.0
0.0
0.0
0.0
0.0
0.0
0.0
0.0
97.0
316.0
533.0
733.0
902.0
1028.0
1103.0
1121.0
1081.0
987.0
843.0
662.0
453.0
233.0
36.0
0.0
0.0
0.0
0.0
0.0
0.0
0.0
0.0
0.0
93.0
312.0
530.0
730.0
899.0
1025.0
1099.0
1117.0
1078.0
983.0
839.0
657.0
448.0
227.0
33.0
0.0
0.0
0.0
0.0
0.0
0.0
0.0
0.0
0.0
89.0
307.0
526.0
726.0
896.0
1022.0
1096.0
1114.0
1074.0
979.0
835.0
653.0
443.0
222.0
29.0
0.0
0.0
0.0
0.0
0.0
0.0
0.0
0.0
0.0
85.0
303.0
522.0
723.0
892.0
1018.0
1093.0
1111.0
1071.0
975.0
831.0
648.0
438.0
217.0
26.0
0.0
0.0
0.0
0.0
0.0
0.0
0.0
0.0
0.0
80.0
299.0
518.0
719.0
889.0
1015.0
1090.0
1107.0
1067.0
971.0
827.0
643.0
433.0
211.0
24.0
0.0
0.0
0.0
0.0
0.0
0.0
0.0
0.0
0.0
77.0
295.0
514.0
716.0
885.0
1012.0
1086.0
1104.0
1063.0
967.0
822.0
638.0
428.0
205.0
21.0
0.0
0.0
0.0
0.0
0.0
0.0
0.0
0.0
0.0
73.0
290.0
510.0
712.0
882.0
1008.0
1083.0
1100.0
1059.0
963.0
817.0
633.0
422.0
199.0
18.0
0.0
0.0
0.0
0.0
0.0
0.0
0.0
0.0
0.0
69.0
286.0
506.0
708.0
878.0
1005.0
1079.0
1096.0
1055.0
959.0
813.0
628.0
417.0
193.0
16.0
0.0
0.0
0.0
0.0
0.0
0.0
0.0
0.0
0.0
65.0
282.0
502.0
704.0
875.0
1001.0
1076.0
1093.0
1051.0
954.0
808.0
623.0
411.0
187.0
13.0
0.0
0.0
0.0
0.0
0.0
0.0
0.0
0.0
0.0
62.0
277.0
498.0
701.0
871.0
998.0
1072.0
1089.0
1047.0
950.0
803.0
617.0
405.0
181.0
11.0
0.0
0.0
0.0
0.0
0.0
0.0
0.0
0.0
0.0
58.0
273.0
494.0
697.0
867.0
994.0
1068.0
1085.0
1043.0
945.0
798.0
612.0
399.0
175.0
9.0
0.0
0.0
0.0
0.0
0.0
0.0
0.0
0.0
0.0
55.0
268.0
490.0
693.0
864.0
990.0
1064.0
1081.0
1039.0
940.0
793.0
606.0
393.0
168.0
7.0
0.0
0.0
0.0
0.0
0.0
0.0
0.0
0.0
0.0
51.0
264.0
486.0
689.0
860.0
986.0
1061.0
1077.0
1034.0
936.0
788.0
601.0
387.0
162.0
6.0
0.0
0.0
0.0
0.0
0.0
0.0
0.0
0.0
0.0
48.0
259.0
481.0
685.0
856.0
983.0
1057.0
1073.0
1030.0
931.0
782.0
595.0
381.0
155.0
4.0
0.0
0.0
0.0
0.0
0.0
0.0
0.0
0.0
0.0
45.0
255.0
477.0
681.0
852.0
979.0
1053.0
1068.0
1025.0
926.0
777.0
589.0
375.0
149.0
3.0
0.0
0.0
0.0
0.0
0.0
0.0
0.0
0.0
0.0
42.0
250.0
473.0
677.0
848.0
975.0
1048.0
1064.0
1020.0
921.0
771.0
583.0
368.0
142.0
2.0
0.0
0.0
0.0
0.0
0.0
0.0
0.0
0.0
0.0
39.0
245.0
469.0
673.0
844.0
971.0
1044.0
1060.0
1016.0
915.0
766.0
577.0
362.0
135.0
1.0
0.0
0.0
0.0
0.0
0.0
0.0
0.0
0.0
0.0
36.0
241.0
464.0
669.0
840.0
967.0
1040.0
1055.0
1011.0
910.0
760.0
571.0
355.0
128.0
1.0
0.0
0.0
0.0
0.0
0.0
0.0
0.0
0.0
0.0
33.0
236.0
460.0
664.0
836.0
963.0
1036.0
1051.0
1006.0
905.0
754.0
565.0
349.0
121.0
0.0
0.0
0.0
0.0
0.0
0.0
0.0
0.0
0.0
0.0
31.0
231.0
455.0
660.0
832.0
958.0
1031.0
1046.0
1001.0
899.0
748.0
558.0
342.0
114.0
0.0
0.0
0.0
0.0
0.0
0.0
0.0
0.0
0.0
0.0
28.0
227.0
451.0
656.0
828.0
954.0
1027.0
1041.0
996.0
894.0
742.0
552.0
335.0
107.0
0.0
0.0
0.0
0.0
0.0
0.0
0.0
0.0
0.0
0.0
26.0
222.0
447.0
652.0
823.0
950.0
1022.0
1036.0
991.0
888.0
736.0
545.0
328.0
100.0
0.0
0.0
0.0
0.0
0.0
0.0
0.0
0.0
0.0
0.0
23.0
217.0
442.0
647.0
819.0
945.0
1018.0
1031.0
985.0
883.0
730.0
539.0
321.0
93.0
0.0
0.0
0.0
0.0
0.0
0.0
0.0
0.0
0.0
0.0
21.0
212.0
437.0
643.0
815.0
941.0
1013.0
1026.0
980.0
877.0
724.0
532.0
314.0
87.0
0.0
0.0
0.0
0.0
0.0
0.0
0.0
0.0
0.0
0.0
19.0
208.0
433.0
638.0
810.0
936.0
1008.0
1021.0
975.0
871.0
718.0
525.0
307.0
80.0
0.0
0.0
0.0
0.0
0.0
0.0
0.0
0.0
0.0
0.0
17.0
203.0
428.0
634.0
806.0
932.0
1004.0
1016.0
969.0
865.0
711.0
518.0
299.0
74.0
0.0
0.0
0.0
0.0
0.0
0.0
0.0
0.0
0.0
0.0
15.0
198.0
424.0
629.0
801.0
927.0
999.0
1011.0
963.0
859.0
705.0
511.0
292.0
68.0
0.0
0.0
0.0
0.0
0.0
0.0
0.0
0.0
0.0
0.0
13.0
193.0
419.0
625.0
797.0
922.0
994.0
1006.0
958.0
853.0
698.0
504.0
284.0
62.0
0.0
0.0
0.0
0.0
0.0
0.0
0.0
0.0
0.0
0.0
11.0
188.0
414.0
620.0
792.0
918.0
989.0
1000.0
952.0
847.0
691.0
497.0
277.0
57.0
0.0
0.0
0.0
0.0
0.0
0.0
0.0
0.0
0.0
0.0
10.0
183.0
409.0
616.0
787.0
913.0
984.0
995.0
946.0
840.0
685.0
490.0
269.0
51.0
0.0
0.0
0.0
0.0
0.0
0.0
0.0
0.0
0.0
0.0
8.0
178.0
405.0
611.0
783.0
908.0
979.0
990.0
940.0
834.0
678.0
483.0
262.0
46.0
0.0
0.0
0.0
0.0
0.0
0.0
0.0
0.0
0.0
0.0
7.0
173.0
400.0
606.0
778.0
903.0
973.0
984.0
934.0
827.0
671.0
475.0
254.0
41.0
0.0
0.0
0.0
0.0
0.0
0.0
0.0
0.0
0.0
0.0
6.0
168.0
395.0
601.0
773.0
898.0
968.0
978.0
928.0
821.0
664.0
468.0
246.0
37.0
0.0
0.0
0.0
0.0
0.0
0.0
0.0
0.0
0.0
0.0
5.0
163.0
390.0
597.0
768.0
893.0
963.0
973.0
922.0
814.0
657.0
461.0
238.0
32.0
0.0
0.0
0.0
0.0
0.0
0.0
0.0
0.0
0.0
0.0
4.0
158.0
385.0
592.0
763.0
888.0
957.0
967.0
916.0
808.0
650.0
453.0
231.0
28.0
0.0
0.0
0.0
0.0
0.0
0.0
0.0
0.0
0.0
0.0
3.0
153.0
380.0
587.0
758.0
883.0
952.0
961.0
910.0
801.0
643.0
445.0
223.0
24.0
0.0
0.0
0.0
0.0
0.0
0.0
0.0
0.0
0.0
0.0
2.0
148.0
375.0
582.0
753.0
877.0
946.0
955.0
903.0
794.0
635.0
438.0
215.0
21.0
0.0
0.0
0.0
0.0
0.0
0.0
0.0
0.0
0.0
0.0
1.0
142.0
370.0
577.0
748.0
872.0
941.0
949.0
897.0
787.0
628.0
430.0
207.0
17.0
0.0
0.0
0.0
0.0
0.0
0.0
0.0
0.0
0.0
0.0
1.0
137.0
365.0
572.0
743.0
867.0
935.0
943.0
890.0
780.0
621.0
422.0
199.0
14.0
0.0
0.0
0.0
0.0
0.0
0.0
0.0
0.0
0.0
0.0
0.0
132.0
360.0
567.0
737.0
861.0
929.0
937.0
884.0
773.0
613.0
415.0
191.0
12.0
0.0
0.0
0.0
0.0
0.0
0.0
0.0
0.0
0.0
0.0
0.0
127.0
355.0
561.0
732.0
856.0
923.0
931.0
877.0
766.0
606.0
407.0
182.0
9.0
0.0
0.0
0.0
0.0
0.0
0.0
0.0
0.0
0.0
0.0
0.0
121.0
350.0
556.0
727.0
850.0
918.0
924.0
871.0
759.0
598.0
399.0
174.0
7.0
0.0
0.0
0.0
0.0
0.0
0.0
0.0
0.0
0.0
0.0
0.0
115.0
344.0
551.0
721.0
844.0
912.0
918.0
864.0
752.0
591.0
391.0
166.0
5.0
0.0
0.0
0.0
0.0
0.0
0.0
0.0
0.0
0.0
0.0
0.0
110.0
339.0
546.0
716.0
839.0
906.0
912.0
857.0
745.0
583.0
383.0
158.0
4.0
0.0
0.0
0.0
0.0
0.0
0.0
0.0
0.0
0.0
0.0
0.0
105.0
334.0
540.0
711.0
833.0
900.0
905.0
850.0
738.0
576.0
375.0
150.0
2.0
0.0
0.0
0.0
0.0
0.0
0.0
0.0
0.0
0.0
0.0
0.0
100.0
329.0
535.0
705.0
827.0
893.0
899.0
843.0
730.0
568.0
367.0
142.0
1.0
0.0
0.0
0.0
0.0
0.0
0.0
0.0
0.0
0.0
0.0
0.0
95.0
323.0
529.0
699.0
821.0
887.0
892.0
836.0
723.0
560.0
359.0
133.0
1.0
0.0
0.0
0.0
0.0
0.0
0.0
0.0
0.0
0.0
0.0
0.0
90.0
318.0
524.0
694.0
816.0
881.0
886.0
829.0
716.0
553.0
351.0
125.0
0.0
0.0
0.0
0.0
0.0
0.0
0.0
0.0
0.0
0.0
0.0
0.0
85.0
312.0
519.0
688.0
810.0
875.0
879.0
822.0
708.0
545.0
343.0
116.0
0.0
0.0
0.0
0.0
0.0
0.0
0.0
0.0
0.0
0.0
0.0
0.0
81.0
307.0
513.0
682.0
804.0
868.0
872.0
815.0
701.0
537.0
335.0
108.0
0.0
0.0
0.0
0.0
0.0
0.0
0.0
0.0
0.0
0.0
0.0
0.0
76.0
301.0
507.0
677.0
798.0
862.0
866.0
808.0
693.0
529.0
327.0
100.0
0.0
0.0
0.0
0.0
0.0
0.0
0.0
0.0
0.0
0.0
0.0
0.0
72.0
296.0
502.0
671.0
791.0
856.0
859.0
801.0
686.0
522.0
319.0
92.0
0.0
0.0
0.0
0.0
0.0
0.0
0.0
0.0
0.0
0.0
0.0
0.0
68.0
290.0
496.0
665.0
785.0
849.0
852.0
794.0
678.0
514.0
311.0
85.0
0.0
0.0
0.0
0.0
0.0
0.0
0.0
0.0
0.0
0.0
0.0
0.0
63.0
285.0
490.0
659.0
779.0
843.0
845.0
787.0
671.0
506.0
303.0
78.0
0.0
0.0
0.0
0.0
0.0
0.0
0.0
0.0
0.0
0.0
0.0
0.0
59.0
279.0
484.0
653.0
773.0
836.0
838.0
779.0
663.0
498.0
295.0
72.0
0.0
0.0
0.0
0.0
0.0
0.0
0.0
0.0
0.0
0.0
0.0
0.0
55.0
273.0
479.0
647.0
767.0
829.0
831.0
772.0
656.0
490.0
287.0
66.0
0.0
0.0
0.0
0.0
0.0
0.0
0.0
0.0
0.0
0.0
0.0
0.0
52.0
268.0
473.0
641.0
760.0
823.0
824.0
765.0
648.0
482.0
279.0
60.0
0.0
0.0
0.0
0.0
0.0
0.0
0.0
0.0
0.0
0.0
0.0
0.0
48.0
262.0
467.0
635.0
754.0
816.0
817.0
758.0
641.0
475.0
271.0
54.0
0.0
0.0
0.0
0.0
0.0
0.0
0.0
0.0
0.0
0.0
0.0
0.0
44.0
256.0
461.0
629.0
747.0
809.0
810.0
750.0
633.0
467.0
263.0
49.0
0.0
0.0
0.0
0.0
0.0
0.0
0.0
0.0
0.0
0.0
0.0
0.0
41.0
250.0
455.0
622.0
741.0
803.0
803.0
743.0
625.0
459.0
255.0
44.0
0.0
0.0
0.0
0.0
0.0
0.0
0.0
0.0
0.0
0.0
0.0
0.0
37.0
244.0
449.0
616.0
735.0
796.0
796.0
736.0
618.0
451.0
247.0
39.0
0.0
0.0
0.0
0.0
0.0
0.0
0.0
0.0
0.0
0.0
0.0
0.0
34.0
239.0
443.0
610.0
728.0
789.0
789.0
728.0
610.0
443.0
239.0
34.0
0.0
0.0
0.0
0.0
0.0
0.0
0.0
0.0
0.0
0.0
0.0
0.0
31.0
233.0
437.0
604.0
721.0
782.0
782.0
721.0
603.0
436.0
231.0
30.0
0.0
0.0
0.0
0.0
0.0
0.0
0.0
0.0
0.0
0.0
0.0
0.0
28.0
227.0
431.0
597.0
715.0
775.0
775.0
713.0
595.0
428.0
223.0
26.0
0.0
0.0
0.0
0.0
0.0
0.0
0.0
0.0
0.0
0.0
0.0
0.0
25.0
221.0
425.0
591.0
708.0
769.0
768.0
706.0
588.0
420.0
216.0
23.0
0.0
0.0
0.0
0.0
0.0
0.0
0.0
0.0
0.0
0.0
0.0
0.0
23.0
215.0
419.0
585.0
702.0
762.0
761.0
699.0
580.0
413.0
208.0
20.0
0.0
0.0
0.0
0.0
0.0
0.0
0.0
0.0
0.0
0.0
0.0
0.0
20.0
209.0
412.0
578.0
695.0
755.0
754.0
691.0
572.0
405.0
200.0
17.0
0.0
0.0
0.0
0.0
0.0
0.0
0.0
0.0
0.0
0.0
0.0
0.0
18.0
203.0
406.0
572.0
688.0
748.0
746.0
684.0
565.0
397.0
192.0
14.0
0.0
0.0
0.0
0.0
0.0
0.0
0.0
0.0
0.0
0.0
0.0
0.0
16.0
197.0
400.0
565.0
682.0
741.0
739.0
677.0
557.0
390.0
185.0
11.0
0.0
0.0
0.0
0.0
0.0
0.0
0.0
0.0
0.0
0.0
0.0
0.0
13.0
191.0
394.0
559.0
675.0
734.0
732.0
669.0
550.0
382.0
177.0
9.0
0.0
0.0
0.0
0.0
0.0
0.0
0.0
0.0
0.0
0.0
0.0
0.0
12.0
185.0
387.0
552.0
668.0
727.0
725.0
662.0
543.0
375.0
170.0
7.0
0.0
0.0
0.0
0.0
0.0
0.0
0.0
0.0
0.0
0.0
0.0
0.0
10.0
178.0
381.0
546.0
661.0
720.0
718.0
655.0
535.0
367.0
163.0
5.0
0.0
0.0
0.0
0.0
0.0
0.0
0.0
0.0
0.0
0.0
0.0
0.0
8.0
172.0
375.0
539.0
655.0
713.0
711.0
648.0
528.0
360.0
155.0
4.0
0.0
0.0
0.0
0.0
0.0
0.0
0.0
0.0
0.0
0.0
0.0
0.0
7.0
166.0
368.0
533.0
648.0
706.0
704.0
640.0
521.0
353.0
148.0
3.0
0.0
0.0
0.0
0.0
0.0
0.0
0.0
0.0
0.0
0.0
0.0
0.0
5.0
160.0
362.0
526.0
641.0
699.0
697.0
633.0
514.0
346.0
141.0
2.0
0.0
0.0
0.0
0.0
0.0
0.0
0.0
0.0
0.0
0.0
0.0
0.0
4.0
154.0
356.0
520.0
635.0
692.0
690.0
626.0
506.0
338.0
134.0
1.0
0.0
0.0
0.0
0.0
0.0
0.0
0.0
0.0
0.0
0.0
0.0
0.0
3.0
148.0
349.0
513.0
628.0
686.0
683.0
619.0
499.0
331.0
127.0
0.0
0.0
0.0
0.0
0.0
0.0
0.0
0.0
0.0
0.0
0.0
0.0
0.0
2.0
142.0
343.0
507.0
621.0
679.0
676.0
612.0
492.0
324.0
120.0
0.0
0.0
0.0
0.0
0.0
0.0
0.0
0.0
0.0
0.0
0.0
0.0
0.0
1.0
136.0
337.0
500.0
614.0
672.0
669.0
605.0
485.0
317.0
113.0
0.0
0.0
0.0
0.0
0.0
0.0
0.0
0.0
0.0
0.0
0.0
0.0
0.0
1.0
129.0
330.0
493.0
608.0
665.0
662.0
598.0
478.0
311.0
104.0
0.0
0.0
0.0
0.0
0.0
0.0
0.0
0.0
0.0
0.0
0.0
0.0
0.0
0.0
123.0
324.0
487.0
601.0
658.0
655.0
591.0
472.0
304.0
97.0
0.0
0.0
0.0
0.0
0.0
0.0
0.0
0.0
0.0
0.0
0.0
0.0
0.0
0.0
117.0
318.0
480.0
594.0
651.0
648.0
584.0
465.0
297.0
91.0
0.0
0.0
0.0
0.0
0.0
0.0
0.0
0.0
0.0
0.0
0.0
0.0
0.0
0.0
111.0
311.0
474.0
588.0
645.0
641.0
578.0
458.0
291.0
85.0
0.0
0.0
0.0
0.0
0.0
0.0
0.0
0.0
0.0
0.0
0.0
0.0
0.0
0.0
102.0
305.0
467.0
581.0
638.0
635.0
571.0
451.0
284.0
80.0
0.0
0.0
0.0
0.0
0.0
0.0
0.0
0.0
0.0
0.0
0.0
0.0
0.0
0.0
96.0
299.0
461.0
574.0
631.0
628.0
564.0
445.0
278.0
75.0
0.0
0.0
0.0
0.0
0.0
0.0
0.0
0.0
0.0
0.0
0.0
0.0
0.0
0.0
90.0
292.0
455.0
568.0
625.0
621.0
558.0
439.0
272.0
70.0
0.0
0.0
0.0
0.0
0.0
0.0
0.0
0.0
0.0
0.0
0.0
0.0
0.0
0.0
85.0
286.0
448.0
561.0
618.0
615.0
551.0
432.0
265.0
65.0
0.0
0.0
0.0
0.0
0.0
0.0
0.0
0.0
0.0
0.0
0.0
0.0
0.0
0.0
79.0
280.0
442.0
555.0
612.0
608.0
545.0
426.0
259.0
61.0
0.0
0.0
0.0
0.0
0.0
0.0
0.0
0.0
0.0
0.0
0.0
0.0
0.0
0.0
74.0
274.0
435.0
549.0
605.0
602.0
539.0
420.0
253.0
56.0
0.0
0.0
0.0
0.0
0.0
0.0
0.0
0.0
0.0
0.0
0.0
0.0
0.0
0.0
69.0
267.0
429.0
542.0
599.0
596.0
533.0
414.0
248.0
52.0
0.0
0.0
0.0
0.0
0.0
0.0
0.0
0.0
0.0
0.0
0.0
0.0
0.0
0.0
65.0
261.0
423.0
536.0
593.0
589.0
526.0
408.0
242.0
49.0
0.0
0.0
0.0
0.0
0.0
0.0
0.0
0.0
0.0
0.0
0.0
0.0
0.0
0.0
60.0
255.0
417.0
530.0
586.0
583.0
520.0
402.0
236.0
45.0
0.0
0.0
0.0
0.0
0.0
0.0
0.0
0.0
0.0
0.0
0.0
0.0
0.0
0.0
56.0
249.0
410.0
523.0
580.0
577.0
515.0
396.0
231.0
42.0
0.0
0.0
0.0
0.0
0.0
0.0
0.0
0.0
0.0
0.0
0.0
0.0
0.0
0.0
51.0
243.0
404.0
517.0
574.0
571.0
509.0
391.0
225.0
39.0
0.0
0.0
0.0
0.0
0.0
0.0
0.0
0.0
0.0
0.0
0.0
0.0
0.0
0.0
47.0
237.0
398.0
511.0
568.0
565.0
503.0
385.0
220.0
36.0
0.0
0.0
0.0
0.0
0.0
0.0
0.0
0.0
0.0
0.0
0.0
0.0
0.0
0.0
44.0
231.0
392.0
505.0
562.0
560.0
497.0
380.0
215.0
33.0
0.0
0.0
0.0
0.0
0.0
0.0
0.0
0.0
0.0
0.0
0.0
0.0
0.0
0.0
40.0
225.0
386.0
499.0
556.0
554.0
492.0
375.0
210.0
30.0
0.0
0.0
0.0
0.0
0.0
0.0
0.0
0.0
0.0
0.0
0.0
0.0
0.0
0.0
37.0
219.0
380.0
493.0
551.0
548.0
486.0
370.0
205.0
28.0
0.0
0.0
0.0
0.0
0.0
0.0
0.0
0.0
0.0
0.0
0.0
0.0
0.0
0.0
33.0
214.0
374.0
487.0
545.0
543.0
481.0
365.0
201.0
26.0
0.0
0.0
0.0
0.0
0.0
0.0
0.0
0.0
0.0
0.0
0.0
0.0
0.0
0.0
30.0
208.0
369.0
482.0
539.0
537.0
476.0
360.0
196.0
24.0
0.0
0.0
0.0
0.0
0.0
0.0
0.0
0.0
0.0
0.0
0.0
0.0
0.0
0.0
27.0
202.0
363.0
476.0
534.0
532.0
471.0
355.0
192.0
22.0
0.0
0.0
0.0
0.0
0.0
0.0
0.0
0.0
0.0
0.0
0.0
0.0
0.0
0.0
25.0
197.0
357.0
471.0
528.0
527.0
466.0
350.0
187.0
20.0
0.0
0.0
0.0
0.0
0.0
0.0
0.0
0.0
0.0
0.0
0.0
0.0
0.0
0.0
22.0
191.0
352.0
465.0
523.0
522.0
461.0
346.0
183.0
18.0
0.0
0.0
0.0
0.0
0.0
0.0
0.0
0.0
0.0
0.0
0.0
0.0
0.0
0.0
20.0
186.0
346.0
460.0
518.0
517.0
457.0
342.0
179.0
17.0
0.0
0.0
0.0
0.0
0.0
0.0
0.0
0.0
0.0
0.0
0.0
0.0
0.0
0.0
17.0
180.0
341.0
455.0
513.0
512.0
452.0
337.0
176.0
15.0
0.0
0.0
0.0
0.0
0.0
0.0
0.0
0.0
0.0
0.0
0.0
0.0
0.0
0.0
15.0
175.0
336.0
449.0
508.0
507.0
448.0
333.0
172.0
14.0
0.0
0.0
0.0
0.0
0.0
0.0
0.0
0.0
0.0
0.0
0.0
0.0
0.0
0.0
13.0
170.0
331.0
444.0
503.0
503.0
444.0
330.0
168.0
13.0
0.0
0.0
0.0
0.0
0.0
0.0
0.0
0.0
0.0
0.0
0.0
0.0
0.0
0.0
12.0
165.0
326.0
439.0
498.0
498.0
440.0
326.0
165.0
12.0
0.0
0.0
0.0
0.0
0.0
0.0
0.0
0.0
0.0
0.0
0.0
0.0
0.0
0.0
10.0
160.0
321.0
435.0
494.0
494.0
436.0
322.0
162.0
11.0
0.0
0.0
0.0
0.0
0.0
0.0
0.0
0.0
0.0
0.0
0.0
0.0
0.0
0.0
9.0
155.0
316.0
430.0
489.0
490.0
432.0
319.0
159.0
10.0
0.0
0.0
0.0
0.0
0.0
0.0
0.0
0.0
0.0
0.0
0.0
0.0
0.0
0.0
7.0
150.0
311.0
425.0
485.0
486.0
428.0
316.0
156.0
9.0
0.0
0.0
0.0
0.0
0.0
0.0
0.0
0.0
0.0
0.0
0.0
0.0
0.0
0.0
6.0
145.0
306.0
421.0
481.0
482.0
425.0
312.0
153.0
8.0
0.0
0.0
0.0
0.0
0.0
0.0
0.0
0.0
0.0
0.0
0.0
0.0
0.0
0.0
5.0
141.0
302.0
417.0
477.0
478.0
421.0
309.0
150.0
8.0
0.0
0.0
0.0
0.0
0.0
0.0
0.0
0.0
0.0
0.0
0.0
0.0
0.0
0.0
4.0
136.0
298.0
412.0
473.0
475.0
418.0
307.0
148.0
7.0
0.0
0.0
0.0
0.0
0.0
0.0
0.0
0.0
0.0
0.0
0.0
0.0
0.0
0.0
3.0
132.0
293.0
408.0
469.0
471.0
415.0
304.0
146.0
7.0
0.0
0.0
0.0
0.0
0.0
0.0
0.0
0.0
0.0
0.0
0.0
0.0
0.0
0.0
3.0
127.0
289.0
404.0
465.0
468.0
412.0
302.0
144.0
6.0
0.0
0.0
0.0
0.0
0.0
0.0
0.0
0.0
0.0
0.0
0.0
0.0
0.0
0.0
2.0
123.0
285.0
401.0
462.0
465.0
409.0
299.0
142.0
6.0
0.0
0.0
0.0
0.0
0.0
0.0
0.0
0.0
0.0
0.0
0.0
0.0
0.0
0.0
1.0
119.0
281.0
397.0
459.0
462.0
407.0
297.0
140.0
5.0
0.0
0.0
0.0
0.0
0.0
0.0
0.0
0.0
0.0
0.0
0.0
0.0
0.0
0.0
1.0
115.0
277.0
393.0
455.0
459.0
404.0
295.0
138.0
5.0
0.0
0.0
0.0
0.0
0.0
0.0
0.0
0.0
0.0
0.0
0.0
0.0
0.0
0.0
1.0
111.0
274.0
390.0
452.0
457.0
402.0
293.0
137.0
5.0
0.0
0.0
0.0
0.0
0.0
0.0
0.0
0.0
0.0
0.0
0.0
0.0
0.0
0.0
0.0
108.0
270.0
387.0
449.0
454.0
400.0
292.0
136.0
5.0
0.0
0.0
0.0
0.0
0.0
0.0
0.0
0.0
0.0
0.0
0.0
0.0
0.0
0.0
0.0
104.0
267.0
384.0
447.0
452.0
398.0
290.0
135.0
4.0
0.0
0.0
0.0
0.0
0.0
0.0
0.0
0.0
0.0
0.0
0.0
0.0
0.0
0.0
0.0
101.0
264.0
381.0
444.0
450.0
397.0
289.0
134.0
4.0
0.0
0.0
0.0
0.0
0.0
0.0
0.0
0.0
0.0
0.0
0.0
0.0
0.0
0.0
0.0
97.0
261.0
378.0
442.0
448.0
395.0
288.0
133.0
4.0
0.0
0.0
0.0
0.0
0.0
0.0
0.0
0.0
0.0
0.0
0.0
0.0
0.0
0.0
0.0
90.0
258.0
375.0
439.0
446.0
394.0
287.0
132.0
4.0
0.0
0.0
0.0
0.0
0.0
0.0
0.0
0.0
0.0
0.0
0.0
0.0
0.0
0.0
0.0
87.0
255.0
373.0
437.0
444.0
392.0
286.0
132.0
4.0
0.0
0.0
0.0
0.0
0.0
0.0
0.0
0.0
0.0
0.0
0.0
0.0
0.0
0.0
0.0
84.0
252.0
370.0
435.0
443.0
391.0
285.0
132.0
4.0
0.0
0.0
0.0
0.0
0.0
0.0
0.0
0.0
0.0
0.0
0.0
0.0
0.0
0.0
0.0
82.0
250.0
368.0
434.0
441.0
390.0
285.0
131.0
4.0
0.0
0.0
0.0
0.0
0.0
0.0
0.0
0.0
0.0
0.0
0.0
0.0
0.0
0.0
0.0
79.0
247.0
366.0
432.0
440.0
390.0
284.0
132.0
4.0
0.0
0.0
0.0
0.0
0.0
0.0
0.0
0.0
0.0
0.0
0.0
0.0
0.0
0.0
0.0
77.0
245.0
364.0
431.0
439.0
389.0
284.0
132.0
4.0
0.0
0.0
0.0
0.0
0.0
0.0
0.0
0.0
0.0
0.0
0.0
0.0
0.0
0.0
0.0
75.0
243.0
363.0
429.0
438.0
389.0
284.0
132.0
4.0
0.0
0.0
0.0
0.0
0.0
0.0
0.0
0.0
0.0
0.0
0.0
0.0
0.0
0.0
0.0
73.0
241.0
361.0
428.0
438.0
389.0
285.0
133.0
4.0
0.0
0.0
0.0
0.0
0.0
0.0
0.0
0.0
0.0
0.0
0.0
0.0
0.0
0.0
0.0
71.0
239.0
360.0
427.0
437.0
389.0
285.0
133.0
5.0
0.0
0.0
0.0
0.0
0.0
0.0
0.0
0.0
0.0
0.0
0.0
0.0
0.0
0.0
0.0
70.0
238.0
359.0
427.0
437.0
389.0
286.0
134.0
5.0
0.0
0.0
0.0
0.0
0.0
0.0
0.0
0.0
0.0
0.0
0.0
0.0
0.0
0.0
0.0
68.0
236.0
358.0
426.0
437.0
389.0
286.0
135.0
5.0
0.0
0.0
0.0
0.0
0.0
0.0
0.0
0.0
0.0
0.0
0.0
0.0
0.0
0.0
0.0
67.0
235.0
357.0
426.0
437.0
390.0
287.0
137.0
5.0
0.0
0.0
0.0
0.0
0.0
0.0
0.0
0.0
0.0
0.0
0.0
0.0
0.0
0.0
0.0
66.0
234.0
356.0
425.0
437.0
390.0
288.0
138.0
6.0
0.0
0.0
0.0
0.0
0.0
0.0
0.0
0.0
0.0
0.0
0.0
0.0
0.0
0.0
0.0
65.0
233.0
356.0
425.0
437.0
391.0
289.0
140.0
6.0
0.0
0.0
0.0
0.0
0.0
0.0
0.0
0.0
0.0
0.0
0.0
0.0
0.0
0.0
0.0
64.0
232.0
355.0
425.0
438.0
392.0
291.0
141.0
7.0
0.0
0.0
0.0
0.0
0.0
0.0
0.0
0.0
0.0
0.0
0.0
0.0
0.0
0.0
0.0
63.0
232.0
355.0
426.0
439.0
393.0
292.0
143.0
7.0
0.0
0.0
0.0
0.0
0.0
0.0
0.0
0.0
0.0
0.0
0.0
0.0
0.0
0.0
0.0
62.0
231.0
355.0
426.0
440.0
395.0
294.0
145.0
8.0
0.0
0.0
0.0
0.0
0.0
0.0
0.0
0.0
0.0
0.0
0.0
0.0
0.0
0.0
0.0
62.0
231.0
355.0
427.0
441.0
396.0
296.0
147.0
8.0
0.0
0.0
0.0
0.0
0.0
0.0
0.0
0.0
0.0
0.0
0.0
0.0
0.0
0.0
0.0
62.0
231.0
356.0
428.0
442.0
398.0
298.0
150.0
9.0
0.0
0.0
0.0
0.0
0.0
0.0
0.0
0.0
0.0
0.0
0.0
0.0
0.0
0.0
0.0
61.0
231.0
356.0
429.0
443.0
400.0
300.0
152.0
10.0
0.0
0.0
0.0
0.0
0.0
0.0
0.0
0.0
0.0
0.0
0.0
0.0
0.0
0.0
0.0
61.0
231.0
357.0
430.0
445.0
402.0
303.0
155.0
11.0
0.0
0.0
0.0
0.0
0.0
0.0
0.0
