Consumption in France in 2017
72916.0
72169.0
69699.0
66467.0
64286.0
63972.0
63816.0
64142.0
64358.0
66343.0
68083.0
69505.0
71717.0
69010.0
66431.0
65325.0
65737.0
70792.0
73789.0
73860.0
71997.0
69283.0
72515.0
71234.0
66704.0
65627.0
63510.0
61607.0
61921.0
64466.0
69032.0
73017.0
75086.0
76987.0
78283.0
79772.0
80389.0
78165.0
76100.0
74947.0
75759.0
80720.0
83561.0
80840.0
76499.0
73265.0
76223.0
75040.0
70905.0
70035.0
68087.0
66379.0
66614.0
70319.0
77734.0
82904.0
83611.0
84323.0
84070.0
84284.0
83589.0
81605.0
79224.0
78342.0
79187.0
84996.0
88273.0
85175.0
80385.0
76907.0
79390.0
78360.0
74062.0
73890.0
71683.0
69575.0
69675.0
73305.0
80212.0
85291.0
85946.0
86270.0
86134.0
86321.0
85692.0
83603.0
80945.0
79728.0
79852.0
84728.0
87584.0
84146.0
79385.0
75943.0
78254.0
77369.0
72971.0
72577.0
70095.0
67828.0
68301.0
71878.0
79329.0
84225.0
84291.0
84406.0
83493.0
83020.0
81747.0
79415.0
76957.0
76136.0
76970.0
83202.0
87254.0
84390.0
80110.0
76856.0
80182.0
78935.0
75007.0
75301.0
73434.0
71503.0
71991.0
75961.0
83300.0
88810.0
89215.0
89118.0
87596.0
86599.0
85060.0
82036.0
79203.0
78005.0
79009.0
85921.0
88732.0
86609.0
82638.0
79635.0
82854.0
81970.0
77864.0
77761.0
74989.0
72746.0
71883.0
73135.0
74991.0
78247.0
80496.0
82776.0
82741.0
82840.0
83555.0
79762.0
76756.0
75097.0
75149.0
80222.0
82696.0
80996.0
77825.0
74960.0
78732.0
78152.0
73756.0
72672.0
69227.0
66422.0
64969.0
65319.0
65965.0
67335.0
68882.0
71720.0
73676.0
74916.0
75892.0
71581.0
68557.0
66896.0
66653.0
71452.0
75570.0
74859.0
72438.0
69890.0
72765.0
72238.0
67997.0
67603.0
65339.0
63510.0
64008.0
68048.0
74961.0
80265.0
80914.0
81263.0
81032.0
81361.0
80690.0
79021.0
76951.0
75837.0
76281.0
80476.0
83320.0
80165.0
75574.0
72083.0
74590.0
73185.0
68687.0
68183.0
65826.0
63824.0
63925.0
67562.0
75063.0
79962.0
80243.0
80521.0
80367.0
80874.0
80306.0
78854.0
76867.0
75950.0
76173.0
80644.0
83085.0
79935.0
75169.0
71186.0
73583.0
72583.0
67864.0
67013.0
65122.0
62947.0
63197.0
66996.0
73759.0
78842.0
79296.0
79443.0
78714.0
79199.0
78687.0
77245.0
74882.0
73565.0
73407.0
77599.0
80624.0
77619.0
73281.0
69667.0
71707.0
70872.0
66324.0
65177.0
63249.0
61072.0
60953.0
64452.0
71621.0
76872.0
76819.0
77020.0
76633.0
77125.0
76665.0
75279.0
73821.0
73101.0
73706.0
77696.0
80300.0
77040.0
72330.0
69172.0
71036.0
70867.0
66822.0
65833.0
64036.0
62356.0
62930.0
66874.0
74243.0
79688.0
80433.0
80692.0
80047.0
80243.0
79412.0
77873.0
76018.0
75105.0
75578.0
80527.0
82967.0
80430.0
76243.0
73164.0
76043.0
75016.0
70401.0
69093.0
66614.0
64363.0
63798.0
65292.0
67265.0
70400.0
72825.0
74829.0
74374.0
74699.0
75554.0
72129.0
69635.0
68225.0
68626.0
73752.0
76812.0
75364.0
72153.0
69718.0
73831.0
73732.0
69760.0
68628.0
65945.0
63208.0
62231.0
62634.0
63448.0
65143.0
66988.0
70119.0
71931.0
73304.0
74314.0
70539.0
68211.0
67232.0
67676.0
72547.0
76343.0
75520.0
72940.0
69830.0
72852.0
72574.0
68842.0
68008.0
65565.0
63564.0
63950.0
67935.0
75364.0
80283.0
80737.0
81215.0
81101.0
81737.0
81284.0
80024.0
78028.0
77143.0
77474.0
82217.0
86152.0
83307.0
78870.0
75666.0
78683.0
77964.0
73780.0
74138.0
72332.0
70559.0
71356.0
75565.0
83124.0
88109.0
88416.0
88211.0
87337.0
86989.0
85804.0
83539.0
81298.0
80479.0
81237.0
87026.0
91877.0
89143.0
84813.0
81278.0
84220.0
83460.0
79352.0
79611.0
77706.0
75857.0
76194.0
80126.0
87298.0
92213.0
92841.0
92751.0
91469.0
90946.0
89634.0
87050.0
84539.0
83611.0
83889.0
89345.0
93910.0
90945.0
86642.0
83181.0
85853.0
85390.0
81560.0
82122.0
79849.0
77847.0
78133.0
81908.0
89307.0
93665.0
93449.0
93120.0
91649.0
91081.0
89625.0
86836.0
84200.0
82921.0
83213.0
89073.0
93822.0
91223.0
87015.0
83578.0
86493.0
85893.0
81895.0
82272.0
80162.0
78138.0
78558.0
82347.0
89159.0
93853.0
94190.0
93491.0
91771.0
90567.0
88876.0
85393.0
82212.0
80491.0
80587.0
86101.0
90255.0
88007.0
84112.0
81302.0
84723.0
84086.0
79809.0
79855.0
77323.0
74709.0
74306.0
75671.0
77925.0
81365.0
83759.0
85443.0
84508.0
83312.0
82894.0
78155.0
74340.0
72096.0
72028.0
77866.0
82466.0
81318.0
78511.0
76765.0
81055.0
80906.0
77098.0
76408.0
73995.0
71326.0
70633.0
71159.0
72200.0
74242.0
76045.0
78932.0
79672.0
80138.0
80169.0
75258.0
71710.0
70108.0
70164.0
74998.0
80888.0
80365.0
77877.0
75708.0
79159.0
78404.0
75157.0
74962.0
73056.0
71163.0
71822.0
76114.0
83298.0
87967.0
88376.0
88471.0
87784.0
87634.0
86317.0
83647.0
81005.0
79460.0
79645.0
84527.0
89643.0
86988.0
82656.0
79253.0
82173.0
81471.0
77673.0
77931.0
76043.0
74061.0
74379.0
78380.0
85759.0
90644.0
90626.0
90544.0
89502.0
89143.0
87906.0
85540.0
82825.0
81613.0
81461.0
85755.0
90715.0
87811.0
83496.0
79937.0
82837.0
82023.0
77771.0
78017.0
75916.0
73956.0
74160.0
77910.0
84867.0
89505.0
90278.0
90821.0
90734.0
90619.0
90064.0
88820.0
86776.0
85756.0
85446.0
88954.0
93467.0
90543.0
86150.0
82638.0
85490.0
84747.0
80781.0
81070.0
79110.0
76939.0
77096.0
80873.0
88222.0
92780.0
93123.0
93001.0
91606.0
90772.0
88899.0
85567.0
82466.0
80861.0
80622.0
85045.0
90522.0
87693.0
83165.0
79666.0
81960.0
80953.0
77004.0
76900.0
74315.0
71882.0
71980.0
75544.0
82412.0
87257.0
87103.0
87055.0
86318.0
86030.0
84766.0
82149.0
79459.0
77631.0
77153.0
80263.0
83094.0
80193.0
75645.0
72557.0
75001.0
74020.0
69410.0
67699.0
64956.0
62399.0
61579.0
62771.0
64883.0
67504.0
69620.0
71732.0
71618.0
71999.0
72432.0
68948.0
66265.0
64646.0
64076.0
67876.0
72439.0
71357.0
68509.0
66215.0
70327.0
70608.0
66717.0
65480.0
62924.0
60159.0
59212.0
59648.0
60960.0
62313.0
63866.0
66624.0
67736.0
68299.0
68854.0
64419.0
61466.0
59890.0
59850.0
63989.0
69790.0
70294.0
67792.0
65440.0
68605.0
68238.0
64307.0
63449.0
61264.0
59003.0
59110.0
63105.0
70482.0
75037.0
75353.0
75685.0
75806.0
76359.0
75962.0
74620.0
72485.0
71166.0
70568.0
73317.0
77488.0
74177.0
69398.0
65533.0
67956.0
66886.0
62186.0
61041.0
58836.0
56891.0
56950.0
60578.0
68071.0
72870.0
72795.0
72964.0
72764.0
73160.0
72306.0
70497.0
68393.0
67021.0
66417.0
69266.0
74260.0
71477.0
66742.0
63584.0
66162.0
65589.0
61265.0
60065.0
57757.0
55883.0
56108.0
59855.0
66845.0
71614.0
72022.0
71780.0
71202.0
71568.0
70772.0
69112.0
66745.0
65540.0
65225.0
68068.0
73445.0
71078.0
66498.0
63074.0
65761.0
65128.0
60749.0
59765.0
57611.0
55704.0
55718.0
59246.0
66634.0
71380.0
70938.0
70746.0
70358.0
70711.0
70272.0
68980.0
67247.0
66394.0
66134.0
68804.0
73459.0
70737.0
65968.0
62719.0
65138.0
64525.0
60151.0
58946.0
56992.0
55108.0
55639.0
59439.0
66876.0
71885.0
72033.0
72093.0
71555.0
71751.0
71221.0
69507.0
67887.0
66716.0
66395.0
69119.0
73883.0
71700.0
67755.0
64924.0
67917.0
67023.0
62022.0
60558.0
58045.0
55695.0
54826.0
56139.0
58499.0
60864.0
63119.0
65427.0
65359.0
66262.0
67214.0
64035.0
61826.0
60233.0
59888.0
62720.0
67896.0
66758.0
63580.0
61499.0
65107.0
65256.0
61166.0
59640.0
56712.0
54132.0
53031.0
53512.0
54567.0
55700.0
57748.0
60848.0
63092.0
64946.0
66280.0
62575.0
60156.0
58663.0
58554.0
61594.0
67933.0
67746.0
65177.0
62951.0
66185.0
65656.0
61899.0
61324.0
59207.0
57412.0
57954.0
62274.0
69801.0
74387.0
75361.0
75724.0
75324.0
75796.0
74917.0
73189.0
71122.0
70118.0
69718.0
72345.0
78407.0
75572.0
70752.0
67091.0
69657.0
68772.0
64196.0
63114.0
60820.0
58665.0
58983.0
62849.0
69883.0
74201.0
74846.0
75081.0
74658.0
74690.0
73849.0
71874.0
69766.0
68317.0
67992.0
70533.0
76804.0
74407.0
69811.0
66359.0
69336.0
68435.0
63976.0
63102.0
61022.0
59153.0
59560.0
63586.0
70645.0
75127.0
76109.0
76322.0
75910.0
76507.0
76121.0
74733.0
72746.0
71658.0
70949.0
73188.0
79267.0
76676.0
72313.0
68870.0
71662.0
71113.0
66797.0
66130.0
64103.0
62357.0
62458.0
66605.0
74010.0
78451.0
79029.0
79522.0
78997.0
79059.0
78142.0
76415.0
74070.0
72842.0
72449.0
74975.0
81746.0
79124.0
74566.0
71384.0
74261.0
73661.0
69113.0
68182.0
66113.0
64373.0
64951.0
68786.0
76130.0
80143.0
80872.0
80901.0
80091.0
79953.0
78895.0
76058.0
73775.0
72053.0
71676.0
74204.0
80054.0
78017.0
73842.0
71079.0
74420.0
73667.0
68835.0
68436.0
65773.0
63395.0
62620.0
64040.0
66438.0
68666.0
71380.0
73375.0
73957.0
74465.0
75384.0
72374.0
69640.0
68115.0
67568.0
69903.0
75460.0
73948.0
70435.0
68119.0
71880.0
71433.0
67190.0
66230.0
63467.0
60705.0
59673.0
60139.0
61018.0
62040.0
64310.0
66980.0
68429.0
69656.0
70243.0
65912.0
62817.0
60927.0
60449.0
62657.0
69893.0
69809.0
67149.0
64479.0
67568.0
66735.0
62677.0
61773.0
59715.0
57816.0
58258.0
62575.0
68969.0
73109.0
74267.0
74815.0
74064.0
73855.0
72813.0
70628.0
68392.0
67039.0
66526.0
68574.0
75289.0
73415.0
69047.0
65624.0
68439.0
67382.0
63101.0
62110.0
59946.0
57874.0
58206.0
61696.0
67961.0
71734.0
73203.0
73618.0
72815.0
72984.0
71709.0
69765.0
67025.0
64699.0
63929.0
65462.0
72470.0
70684.0
66193.0
63201.0
66225.0
65576.0
61027.0
59961.0
57832.0
56099.0
56347.0
59952.0
66027.0
69391.0
70788.0
70256.0
69014.0
68741.0
67259.0
64970.0
62413.0
60680.0
59632.0
61456.0
69150.0
67791.0
63847.0
61144.0
64273.0
63625.0
59159.0
58406.0
56388.0
54801.0
55064.0
58662.0
65301.0
68912.0
70337.0
70048.0
68938.0
68764.0
67490.0
65135.0
62911.0
61400.0
60481.0
62081.0
69198.0
68202.0
64010.0
61347.0
64485.0
64250.0
59733.0
58762.0
56915.0
55164.0
55615.0
59298.0
65555.0
69346.0
70880.0
70979.0
69800.0
69504.0
68056.0
65157.0
62400.0
60329.0
59247.0
60901.0
68010.0
67051.0
63405.0
60969.0
64612.0
64329.0
59837.0
58775.0
56555.0
54579.0
54158.0
55756.0
58406.0
60049.0
62876.0
64084.0
62965.0
62312.0
62212.0
58202.0
55244.0
53243.0
52246.0
54378.0
62409.0
62587.0
60073.0
58728.0
63136.0
63513.0
59504.0
58803.0
56621.0
54406.0
53762.0
54778.0
56269.0
57073.0
59233.0
60563.0
60417.0
60315.0
60414.0
55910.0
52974.0
51362.0
51120.0
53797.0
62012.0
62630.0
60309.0
58515.0
61920.0
61581.0
57829.0
57066.0
55010.0
53313.0
53832.0
57773.0
64102.0
67714.0
69382.0
69791.0
69255.0
69858.0
69195.0
67562.0
65350.0
63748.0
63026.0
64059.0
71175.0
69237.0
64601.0
61209.0
63758.0
62935.0
58280.0
57291.0
54878.0
52920.0
52993.0
56590.0
62846.0
66090.0
67636.0
68023.0
67799.0
68280.0
67453.0
65840.0
63689.0
62630.0
61778.0
63188.0
69517.0
67784.0
63446.0
60157.0
62737.0
61898.0
57434.0
56126.0
53962.0
52006.0
52227.0
55909.0
62100.0
65329.0
67162.0
67627.0
67443.0
68240.0
67616.0
65792.0
63811.0
62178.0
61259.0
62504.0
69343.0
68065.0
63412.0
60238.0
63194.0
62600.0
58182.0
57160.0
54720.0
52947.0
53371.0
57071.0
63535.0
66854.0
68142.0
68586.0
68258.0
68779.0
67887.0
65950.0
63781.0
62217.0
61527.0
62986.0
69914.0
68647.0
64156.0
61298.0
64033.0
63279.0
58806.0
57443.0
55271.0
53278.0
53863.0
57399.0
63668.0
67199.0
68966.0
69103.0
68407.0
68783.0
68009.0
65861.0
63538.0
61837.0
61009.0
62536.0
69651.0
69317.0
65742.0
63622.0
67156.0
66553.0
62057.0
61013.0
58817.0
56803.0
56321.0
58044.0
60651.0
61876.0
64337.0
64808.0
63364.0
62831.0
63118.0
59104.0
56211.0
54322.0
53360.0
55420.0
62864.0
63521.0
60879.0
58845.0
62911.0
63021.0
59023.0
57852.0
55270.0
52880.0
51894.0
52493.0
53732.0
53892.0
56065.0
57810.0
58385.0
58872.0
59584.0
55394.0
52908.0
51250.0
50601.0
52763.0
60682.0
61616.0
59097.0
56744.0
59734.0
59582.0
55865.0
55032.0
53114.0
51220.0
51759.0
56021.0
63326.0
66188.0
67678.0
68129.0
67951.0
68516.0
68285.0
67244.0
65184.0
64179.0
63822.0
65258.0
72299.0
71024.0
66260.0
62802.0
65427.0
64791.0
60516.0
59430.0
57356.0
55355.0
55872.0
59818.0
67181.0
70211.0
71784.0
72433.0
72508.0
73163.0
72148.0
70867.0
68771.0
67431.0
66653.0
67720.0
74664.0
73771.0
69319.0
65827.0
68379.0
67625.0
63018.0
62016.0
59657.0
57719.0
58079.0
61840.0
68445.0
71438.0
72770.0
73107.0
72710.0
73334.0
72996.0
71566.0
69491.0
67809.0
66756.0
67913.0
73732.0
72367.0
67450.0
63676.0
66405.0
65775.0
61251.0
60036.0
57740.0
55905.0
56279.0
60162.0
67673.0
70047.0
70722.0
69824.0
68512.0
68074.0
67158.0
65011.0
62565.0
60840.0
60210.0
61172.0
69507.0
69266.0
64500.0
61473.0
64243.0
63579.0
59182.0
58870.0
56232.0
54315.0
54665.0
58428.0
65211.0
67077.0
68630.0
68560.0
67600.0
67296.0
66182.0
63700.0
61392.0
59943.0
58912.0
60333.0
66144.0
65625.0
61649.0
58565.0
61599.0
60817.0
55650.0
54724.0
52263.0
49862.0
49307.0
50628.0
52872.0
54322.0
57687.0
60172.0
60630.0
61704.0
62702.0
60018.0
57810.0
56535.0
55825.0
57413.0
63063.0
63766.0
60498.0
58396.0
62374.0
62403.0
58136.0
56901.0
54355.0
51831.0
50912.0
51654.0
52787.0
53276.0
56180.0
59110.0
60743.0
62281.0
63427.0
59691.0
56718.0
55185.0
54672.0
56257.0
63040.0
65184.0
62509.0
59877.0
62917.0
62373.0
58239.0
57255.0
54988.0
53165.0
53731.0
58012.0
65263.0
68364.0
69868.0
70951.0
71326.0
71632.0
70880.0
68962.0
66767.0
65841.0
65405.0
66604.0
73199.0
72899.0
67912.0
64142.0
67001.0
65653.0
61219.0
59994.0
57914.0
56294.0
56568.0
60583.0
67850.0
70477.0
71361.0
71633.0
71255.0
71695.0
71382.0
69444.0
67443.0
66206.0
65518.0
66860.0
73373.0
73085.0
67952.0
64483.0
67402.0
66304.0
61595.0
60459.0
58378.0
56544.0
56703.0
60394.0
67253.0
70236.0
71546.0
71392.0
70736.0
70658.0
70128.0
68459.0
66433.0
65189.0
64315.0
64999.0
70742.0
69845.0
64591.0
61064.0
63429.0
62543.0
57868.0
56563.0
54086.0
51898.0
52044.0
55880.0
63027.0
65883.0
66474.0
66482.0
66146.0
65962.0
65109.0
63280.0
61292.0
59764.0
58767.0
59279.0
65461.0
65920.0
61113.0
57734.0
60623.0
60010.0
55730.0
54500.0
52223.0
50553.0
51138.0
55068.0
62104.0
65200.0
65803.0
65255.0
64040.0
63300.0
62550.0
59713.0
57292.0
55397.0
54032.0
54606.0
60074.0
62228.0
58284.0
55705.0
59133.0
58641.0
53968.0
52682.0
50168.0
48313.0
48319.0
49907.0
51979.0
53781.0
55638.0
56129.0
54949.0
54518.0
54939.0
51288.0
48785.0
46859.0
45876.0
47188.0
53125.0
55354.0
52465.0
50609.0
54559.0
54988.0
50801.0
49564.0
46891.0
44398.0
43453.0
44052.0
44837.0
45434.0
48302.0
50584.0
51775.0
53012.0
53977.0
50007.0
47607.0
46507.0
45984.0
48143.0
54479.0
57054.0
54647.0
52287.0
55512.0
55239.0
51476.0
50783.0
48788.0
47142.0
47908.0
52574.0
59430.0
62581.0
63294.0
63041.0
62223.0
62040.0
61390.0
59392.0
57292.0
55817.0
54822.0
55879.0
62204.0
63824.0
59014.0
55857.0
58840.0
58565.0
54059.0
53358.0
51516.0
50087.0
50801.0
55405.0
62251.0
65436.0
65589.0
64474.0
63036.0
62669.0
61712.0
60011.0
57812.0
56230.0
55159.0
56350.0
62428.0
64218.0
59413.0
56391.0
59015.0
58167.0
53639.0
52640.0
50454.0
48800.0
49183.0
53161.0
59647.0
62884.0
63972.0
63691.0
62811.0
62784.0
61715.0
59842.0
57367.0
55647.0
54332.0
54844.0
60422.0
63024.0
58698.0
55503.0
58509.0
58166.0
53695.0
52914.0
50874.0
49277.0
49868.0
54198.0
61010.0
64001.0
63866.0
62319.0
60710.0
60016.0
58892.0
56836.0
54804.0
52872.0
51742.0
52102.0
57341.0
60352.0
56162.0
53137.0
56275.0
55540.0
51256.0
50148.0
48142.0
46534.0
46919.0
50992.0
57032.0
60464.0
61461.0
61201.0
60565.0
60489.0
59844.0
57609.0
55657.0
53749.0
52666.0
53621.0
58386.0
61164.0
56955.0
54656.0
57767.0
56851.0
51986.0
50584.0
47963.0
45803.0
45379.0
46645.0
48230.0
50292.0
53584.0
55433.0
55914.0
57080.0
57855.0
54758.0
52367.0
50899.0
50080.0
51061.0
55586.0
57215.0
53864.0
51673.0
55198.0
54920.0
50415.0
48896.0
46168.0
43658.0
42756.0
43353.0
43435.0
44773.0
47445.0
49576.0
50816.0
52326.0
53353.0
49398.0
47090.0
45568.0
44790.0
46593.0
51739.0
55528.0
52990.0
50620.0
53700.0
53307.0
49220.0
48075.0
45878.0
43894.0
44599.0
48954.0
55007.0
59142.0
60760.0
61250.0
61245.0
61817.0
61799.0
60350.0
58628.0
57277.0
56425.0
57392.0
62313.0
63536.0
58577.0
55181.0
58147.0
57431.0
52447.0
51029.0
48732.0
46996.0
47365.0
51310.0
57492.0
61211.0
62610.0
62557.0
62579.0
63372.0
62718.0
60943.0
59225.0
58034.0
56988.0
58105.0
63208.0
65653.0
60837.0
57788.0
60963.0
60194.0
55323.0
54476.0
52340.0
50686.0
51378.0
55536.0
61367.0
64858.0
65869.0
65829.0
64972.0
64811.0
64007.0
62664.0
60793.0
59264.0
58834.0
60027.0
65013.0
66434.0
61736.0
58323.0
61196.0
60376.0
55953.0
55505.0
53040.0
51068.0
51393.0
55213.0
61384.0
64984.0
65418.0
65210.0
65528.0
65636.0
65000.0
63370.0
61475.0
60543.0
59604.0
60590.0
65475.0
66946.0
62245.0
58880.0
61786.0
60969.0
56301.0
55728.0
53305.0
51637.0
51819.0
56038.0
62139.0
65829.0
67095.0
67096.0
66317.0
65942.0
65081.0
62771.0
60892.0
59403.0
58303.0
59389.0
62791.0
64695.0
60401.0
57490.0
60526.0
59319.0
54226.0
53394.0
50664.0
48521.0
48075.0
49513.0
50669.0
53001.0
55572.0
56846.0
56217.0
56668.0
57198.0
53596.0
51284.0
49519.0
48500.0
49445.0
53441.0
57201.0
54321.0
52376.0
56272.0
56304.0
52240.0
50787.0
50787.0
48598.0
46063.0
45855.0
46800.0
46926.0
49145.0
50635.0
51600.0
52099.0
53236.0
49094.0
46056.0
43671.0
42294.0
42907.0
45894.0
49405.0
52267.0
50539.0
53674.0
53041.0
49392.0
48716.0
46639.0
45114.0
45754.0
49931.0
57380.0
60971.0
61828.0
61265.0
60032.0
59438.0
58731.0
56792.0
54666.0
52667.0
51027.0
50790.0
53351.0
54358.0
55099.0
52277.0
55244.0
54829.0
49973.0
49383.0
47231.0
45379.0
45608.0
49274.0
56509.0
60143.0
60847.0
60287.0
59105.0
58732.0
58009.0
56123.0
54420.0
52780.0
51041.0
51352.0
53718.0
53905.0
54875.0
52047.0
54892.0
54137.0
49397.0
48136.0
46147.0
44588.0
44910.0
48756.0
55712.0
59128.0
60034.0
59600.0
58800.0
58506.0
57795.0
55758.0
53781.0
52129.0
50363.0
50050.0
52152.0
52635.0
53596.0
50753.0
53559.0
52910.0
48427.0
47094.0
44987.0
43162.0
43667.0
47187.0
54480.0
57516.0
58224.0
57663.0
56712.0
56411.0
55962.0
54281.0
52486.0
51081.0
49466.0
49379.0
51357.0
51253.0
52008.0
49360.0
51948.0
51301.0
46536.0
45107.0
42985.0
41065.0
41307.0
44470.0
51167.0
54251.0
55447.0
55891.0
55505.0
55728.0
55689.0
53711.0
51989.0
50221.0
48782.0
48708.0
50481.0
51021.0
51586.0
49471.0
52383.0
46395.0
44584.0
42230.0
40114.0
39602.0
40728.0
43088.0
44485.0
47696.0
50199.0
50662.0
51622.0
52834.0
49614.0
47867.0
46337.0
45114.0
45757.0
48166.0
49139.0
49898.0
48333.0
52050.0
52232.0
47468.0
45908.0
43141.0
40952.0
40110.0
40670.0
41841.0
42332.0
45097.0
47515.0
48636.0
49800.0
50831.0
47133.0
44649.0
42801.0
41681.0
42538.0
45831.0
47685.0
49890.0
48392.0
51544.0
51397.0
47126.0
46173.0
44123.0
42615.0
43383.0
47628.0
54714.0
58108.0
59405.0
59155.0
58097.0
57879.0
56989.0
55102.0
53183.0
51502.0
49687.0
49371.0
51896.0
52295.0
52795.0
50419.0
52946.0
52357.0
47695.0
46654.0
44610.0
42788.0
43240.0
46943.0
53781.0
56923.0
58306.0
58174.0
57788.0
57995.0
57479.0
55876.0
54106.0
52807.0
51307.0
51317.0
53741.0
53864.0
53952.0
51573.0
54199.0
53678.0
48658.0
47325.0
45140.0
43569.0
43874.0
47312.0
53716.0
57036.0
58650.0
59022.0
58550.0
58720.0
58114.0
56392.0
54457.0
52936.0
51339.0
51317.0
53811.0
53715.0
54500.0
52253.0
54761.0
54300.0
49687.0
48571.0
46467.0
44892.0
45380.0
49153.0
56056.0
59245.0
60360.0
60208.0
59554.0
59476.0
58759.0
56932.0
55097.0
53269.0
51635.0
51482.0
53490.0
53929.0
54945.0
52790.0
55702.0
55186.0
50552.0
49352.0
47601.0
46198.0
46499.0
50364.0
57015.0
60421.0
61101.0
60443.0
59187.0
58419.0
57716.0
55417.0
53044.0
50967.0
49203.0
49071.0
50174.0
50273.0
51887.0
50380.0
53343.0
52664.0
47581.0
46179.0
43603.0
41891.0
41334.0
42918.0
44804.0
46307.0
48680.0
49856.0
49019.0
48993.0
50043.0
46930.0
45015.0
43106.0
41622.0
41838.0
43381.0
43816.0
45756.0
44971.0
48491.0
48559.0
44073.0
42569.0
39965.0
37793.0
37129.0
37799.0
38458.0
39381.0
41766.0
43320.0
43714.0
44235.0
45513.0
42231.0
40345.0
38945.0
37861.0
38423.0
40502.0
42152.0
44978.0
44301.0
47212.0
46740.0
42454.0
41197.0
39146.0
37554.0
38095.0
41880.0
47073.0
50429.0
52819.0
53774.0
53878.0
54510.0
54558.0
53291.0
51773.0
50185.0
48568.0
48356.0
50093.0
50008.0
50498.0
48792.0
51704.0
50909.0
46266.0
45040.0
42896.0
41283.0
41552.0
44906.0
49842.0
53475.0
55692.0
56122.0
55653.0
56197.0
55794.0
54255.0
52517.0
50839.0
49411.0
49021.0
50799.0
50845.0
51376.0
49675.0
52557.0
51959.0
47246.0
46046.0
44020.0
42576.0
43161.0
46370.0
51430.0
54974.0
56482.0
56672.0
56422.0
56576.0
55890.0
54543.0
52806.0
51226.0
49609.0
49404.0
51353.0
51218.0
51386.0
50063.0
52876.0
52126.0
47380.0
45977.0
43708.0
42064.0
42420.0
45892.0
50697.0
53915.0
55918.0
56839.0
56550.0
56843.0
56561.0
54635.0
53549.0
51957.0
50381.0
50240.0
51745.0
51757.0
51686.0
50346.0
53104.0
52437.0
47274.0
45829.0
43509.0
41811.0
42013.0
44920.0
49597.0
52816.0
55005.0
55977.0
55615.0
55849.0
55716.0
53896.0
51819.0
49816.0
48147.0
48223.0
49664.0
49665.0
50255.0
49306.0
52354.0
51539.0
46398.0
44810.0
42058.0
40046.0
39382.0
40586.0
41524.0
43320.0
46368.0
48402.0
49066.0
50094.0
51506.0
48779.0
46859.0
45206.0
44136.0
44700.0
46729.0
47379.0
48049.0
47283.0
50946.0
50595.0
45809.0
44280.0
41653.0
39475.0
38565.0
39165.0
39330.0
40764.0
43562.0
45640.0
46420.0
46949.0
47704.0
43931.0
41839.0
40425.0
39547.0
39796.0
42117.0
43803.0
45865.0
45981.0
49847.0
49525.0
44968.0
43884.0
41399.0
39494.0
39114.0
40243.0
40613.0
41875.0
44324.0
46663.0
47705.0
48854.0
49990.0
46528.0
44623.0
42912.0
42227.0
43073.0
45662.0
46958.0
48094.0
47993.0
51475.0
50729.0
46359.0
45405.0
43527.0
42157.0
43000.0
47089.0
52261.0
56345.0
58478.0
58982.0
58780.0
59739.0
59396.0
57850.0
56005.0
54320.0
52688.0
52441.0
54380.0
54323.0
54476.0
54004.0
57169.0
56226.0
51602.0
50690.0
48793.0
47397.0
47798.0
51290.0
56127.0
60454.0
61754.0
61800.0
61080.0
61434.0
60912.0
59168.0
57023.0
55187.0
53746.0
53871.0
55951.0
56186.0
56073.0
55716.0
58759.0
58264.0
53796.0
52863.0
50783.0
49532.0
50065.0
53967.0
58678.0
62684.0
64204.0
63667.0
62578.0
62438.0
61589.0
59528.0
57273.0
55317.0
53381.0
53087.0
55054.0
55210.0
55323.0
55170.0
58467.0
58027.0
53384.0
52348.0
50223.0
48840.0
49439.0
53087.0
57629.0
61617.0
62945.0
62311.0
61064.0
60449.0
59733.0
57268.0
54881.0
52845.0
51049.0
50886.0
52179.0
52045.0
52283.0
52243.0
55460.0
54706.0
49718.0
48385.0
45860.0
43849.0
43423.0
44730.0
45665.0
47671.0
50000.0
51426.0
51239.0
51458.0
52499.0
49461.0
47343.0
45703.0
44378.0
44867.0
46747.0
46993.0
47560.0
47658.0
51416.0
51675.0
47008.0
45688.0
43151.0
41186.0
40444.0
41151.0
40989.0
42482.0
44614.0
46108.0
46741.0
47728.0
48981.0
45364.0
43166.0
41379.0
40160.0
40943.0
44090.0
45218.0
46157.0
47438.0
50893.0
50476.0
46250.0
45193.0
43273.0
41834.0
42790.0
46942.0
52257.0
56157.0
57389.0
57142.0
56666.0
56987.0
56574.0
55101.0
53232.0
51402.0
50058.0
49851.0
51985.0
51741.0
50879.0
50405.0
53059.0
52118.0
47298.0
46105.0
43973.0
42258.0
42377.0
45776.0
50768.0
55191.0
57437.0
58250.0
59018.0
59650.0
59432.0
58258.0
56818.0
55498.0
54370.0
54957.0
57655.0
57056.0
55405.0
54826.0
57388.0
56463.0
51885.0
50416.0
48408.0
47220.0
47328.0
51118.0
56078.0
60506.0
62225.0
62895.0
62469.0
63312.0
62625.0
61353.0
59611.0
58353.0
56883.0
57626.0
59734.0
59497.0
57972.0
57708.0
60214.0
59706.0
54847.0
53816.0
51735.0
50158.0
50698.0
54426.0
59710.0
63931.0
65345.0
65055.0
64446.0
64663.0
64125.0
62505.0
60368.0
58696.0
57135.0
57281.0
59530.0
59167.0
58318.0
58395.0
61238.0
60268.0
55507.0
54280.0
52034.0
50440.0
51111.0
54623.0
59674.0
63815.0
65125.0
65144.0
64257.0
63807.0
63373.0
60880.0
58600.0
56739.0
54836.0
54918.0
56521.0
55986.0
55495.0
56178.0
59410.0
58805.0
53336.0
52116.0
49752.0
47782.0
47581.0
49035.0
49855.0
52004.0
53705.0
53961.0
53074.0
53068.0
53668.0
50547.0
48106.0
46007.0
44488.0
44677.0
46327.0
46943.0
47264.0
48733.0
52694.0
52598.0
48009.0
46530.0
43951.0
41778.0
41028.0
41721.0
41346.0
42723.0
44913.0
46479.0
47378.0
48423.0
50075.0
47023.0
45016.0
43588.0
43013.0
43259.0
46239.0
47939.0
48426.0
48622.0
52357.0
52026.0
47517.0
46184.0
43640.0
41605.0
40993.0
41993.0
41732.0
43372.0
45524.0
47484.0
48612.0
50010.0
51248.0
47941.0
45356.0
43703.0
42565.0
43560.0
46912.0
48226.0
48121.0
48925.0
52138.0
51897.0
47675.0
46631.0
44573.0
42954.0
43683.0
48000.0
53736.0
58158.0
59487.0
59818.0
59580.0
60363.0
59989.0
58487.0
56686.0
55233.0
53962.0
53772.0
56066.0
55150.0
53494.0
53339.0
56061.0
55126.0
50106.0
49030.0
46832.0
45009.0
45465.0
48995.0
54164.0
58517.0
60418.0
60830.0
60473.0
60963.0
60408.0
58947.0
57223.0
55601.0
54430.0
54480.0
56654.0
55997.0
54077.0
53775.0
56656.0
55988.0
50948.0
49370.0
47172.0
45350.0
45617.0
49308.0
54532.0
58492.0
59888.0
60421.0
60019.0
60424.0
59667.0
57850.0
56189.0
54703.0
53097.0
52959.0
54880.0
53901.0
52124.0
52478.0
55287.0
54473.0
49650.0
48277.0
46328.0
44466.0
44814.0
48348.0
53467.0
57416.0
58490.0
58676.0
58389.0
58144.0
57743.0
55451.0
53527.0
51571.0
50073.0
50138.0
51773.0
50932.0
49624.0
50379.0
53370.0
52522.0
47212.0
45430.0
42785.0
40702.0
40082.0
40878.0
41683.0
44178.0
47321.0
49684.0
50501.0
51975.0
53314.0
50699.0
48892.0
47006.0
45849.0
46180.0
47814.0
47800.0
46879.0
47526.0
51098.0
50839.0
46137.0
44570.0
41654.0
39440.0
38585.0
38872.0
38703.0
40308.0
42887.0
45142.0
46584.0
47994.0
49562.0
46285.0
44184.0
42566.0
41397.0
42135.0
44173.0
45055.0
44740.0
46374.0
50028.0
49892.0
45270.0
43720.0
41432.0
39354.0
38940.0
39828.0
40262.0
41918.0
44507.0
46992.0
48153.0
49753.0
51257.0
48061.0
46057.0
44492.0
43909.0
44922.0
47874.0
48397.0
47327.0
48044.0
51105.0
50789.0
46292.0
45268.0
43185.0
41752.0
42612.0
46659.0
52440.0
56622.0
57775.0
57943.0
57759.0
57707.0
57255.0
55743.0
53981.0
52236.0
50673.0
50184.0
51975.0
51305.0
49299.0
50181.0
53160.0
52358.0
47344.0
46070.0
44196.0
42897.0
43278.0
46486.0
51391.0
55334.0
56456.0
56460.0
56031.0
56422.0
56233.0
54793.0
52982.0
51408.0
50232.0
49924.0
52050.0
51259.0
48890.0
49178.0
51964.0
51140.0
46141.0
44577.0
42290.0
40424.0
40613.0
43737.0
48438.0
52771.0
54462.0
55352.0
55696.0
56542.0
56644.0
55252.0
54103.0
52635.0
51557.0
51526.0
53716.0
52439.0
49544.0
49510.0
52285.0
51413.0
46071.0
44686.0
42310.0
40861.0
40937.0
43864.0
48586.0
52804.0
54231.0
54933.0
54985.0
55310.0
55414.0
53418.0
52328.0
50486.0
49019.0
49013.0
50378.0
49380.0
47268.0
48040.0
51302.0
50342.0
44616.0
42996.0
40301.0
38253.0
37701.0
38328.0
39050.0
41350.0
44425.0
46287.0
46812.0
47912.0
49175.0
46429.0
44496.0
42847.0
41762.0
42176.0
43675.0
43490.0
42111.0
43472.0
47344.0
47361.0
42482.0
40804.0
38028.0
35797.0
34970.0
34987.0
34727.0
36206.0
38804.0
41265.0
42756.0
44007.0
45869.0
42684.0
40843.0
39090.0
38306.0
39053.0
41306.0
42504.0
41831.0
43449.0
46806.0
46391.0
41774.0
40444.0
38210.0
36655.0
37179.0
40384.0
45646.0
49907.0
51532.0
52482.0
52790.0
53560.0
53849.0
52577.0
51343.0
50075.0
48720.0
48269.0
50174.0
48984.0
46297.0
46998.0
49659.0
48643.0
43178.0
41638.0
39481.0
37812.0
38035.0
40420.0
45149.0
49359.0
50869.0
51999.0
52549.0
53509.0
53793.0
52694.0
51784.0
50747.0
49378.0
48994.0
50247.0
48938.0
46300.0
46951.0
49613.0
48351.0
42939.0
41284.0
39184.0
37315.0
37332.0
39530.0
44057.0
48408.0
50585.0
51979.0
52746.0
53841.0
54123.0
53269.0
52443.0
51064.0
49740.0
49172.0
50769.0
49536.0
46818.0
46842.0
49753.0
48495.0
43282.0
41593.0
39263.0
37579.0
37508.0
39885.0
44798.0
49093.0
51309.0
52792.0
53480.0
54382.0
54144.0
53050.0
52181.0
50920.0
49749.0
49716.0
51717.0
50158.0
47162.0
47033.0
50059.0
48607.0
43282.0
41826.0
39740.0
38291.0
38581.0
41045.0
46163.0
50495.0
52694.0
53631.0
53919.0
54673.0
54320.0
52383.0
51079.0
49452.0
48043.0
47809.0
48890.0
47686.0
45608.0
46538.0
50262.0
49173.0
43759.0
41872.0
39473.0
37496.0
36925.0
37543.0
38572.0
40814.0
43733.0
45541.0
46255.0
47534.0
48772.0
45911.0
44068.0
42460.0
41108.0
41388.0
42760.0
42468.0
41297.0
42733.0
47229.0
46987.0
42040.0
40323.0
37623.0
35637.0
34877.0
34565.0
34591.0
36085.0
38437.0
40531.0
41893.0
43169.0
44816.0
41498.0
39819.0
38142.0
37422.0
37928.0
40356.0
41128.0
40686.0
41976.0
45774.0
45238.0
40472.0
39192.0
37085.0
35469.0
36025.0
38674.0
43740.0
48168.0
50438.0
51397.0
51949.0
53026.0
53305.0
52193.0
50914.0
49936.0
48494.0
48232.0
49779.0
48519.0
45652.0
46063.0
49224.0
47989.0
42565.0
41035.0
38794.0
37385.0
37298.0
39298.0
44238.0
48601.0
50668.0
51836.0
52291.0
53332.0
53479.0
52399.0
51576.0
50373.0
49006.0
48622.0
49913.0
48656.0
45803.0
46241.0
49653.0
48204.0
42707.0
41244.0
39033.0
37429.0
37350.0
39457.0
44083.0
48498.0
50794.0
51946.0
52584.0
53548.0
53881.0
53112.0
51990.0
50817.0
49300.0
48685.0
49136.0
47758.0
45079.0
45628.0
49655.0
48103.0
42530.0
40421.0
38038.0
36014.0
34783.0
34253.0
34908.0
37135.0
39921.0
42221.0
43238.0
44661.0
46285.0
43845.0
42522.0
41245.0
40393.0
40682.0
41911.0
41948.0
40614.0
42010.0
46361.0
45293.0
40000.0
38372.0
36113.0
34476.0
34546.0
35410.0
37563.0
40644.0
43953.0
46146.0
47182.0
48564.0
49810.0
48004.0
47146.0
45881.0
45040.0
45063.0
45819.0
44788.0
42510.0
43479.0
47640.0
46160.0
40734.0
38931.0
36467.0
34681.0
34082.0
33807.0
34594.0
36668.0
39899.0
42466.0
43650.0
44980.0
46620.0
44552.0
43664.0
42496.0
41658.0
41896.0
42845.0
42124.0
40663.0
41340.0
46032.0
45086.0
39592.0
37779.0
35283.0
33356.0
32423.0
31627.0
31664.0
33374.0
36063.0
38717.0
40430.0
41885.0
43539.0
40912.0
39858.0
38914.0
38465.0
39122.0
41091.0
41588.0
41208.0
42075.0
46165.0
44909.0
39446.0
37970.0
35764.0
34463.0
34930.0
37251.0
42103.0
46748.0
49729.0
51932.0
52888.0
54102.0
54147.0
53258.0
52439.0
51304.0
50328.0
49975.0
51077.0
49449.0
46670.0
46261.0
49671.0
47962.0
42346.0
40987.0
38979.0
37652.0
37630.0
39347.0
44096.0
48439.0
51007.0
52397.0
53416.0
54317.0
54416.0
53301.0
52551.0
51258.0
50130.0
49592.0
50565.0
49230.0
46263.0
46019.0
49803.0
48042.0
42420.0
40815.0
38764.0
37280.0
37268.0
39181.0
43568.0
48000.0
50460.0
52207.0
53105.0
54231.0
54407.0
53346.0
52563.0
51499.0
50147.0
49892.0
50994.0
49661.0
46658.0
46304.0
49976.0
48529.0
42996.0
41170.0
39119.0
37640.0
37635.0
39320.0
44081.0
48566.0
50746.0
52260.0
53064.0
54196.0
54577.0
53644.0
53109.0
52059.0
50838.0
50765.0
51274.0
49920.0
46906.0
46648.0
50503.0
48877.0
43042.0
41295.0
39370.0
37699.0
37644.0
39309.0
43963.0
48202.0
50745.0
52442.0
53429.0
54310.0
54733.0
53325.0
52519.0
51045.0
49813.0
49614.0
49696.0
48182.0
45663.0
45679.0
49354.0
47654.0
41894.0
39969.0
37419.0
35567.0
35041.0
34802.0
35850.0
38074.0
41254.0
43761.0
44903.0
46242.0
47658.0
45253.0
43809.0
42445.0
41571.0
42024.0
43285.0
42727.0
41138.0
41125.0
45537.0
44599.0
39289.0
37676.0
35268.0
33563.0
32644.0
31722.0
31983.0
33473.0
36032.0
38305.0
39824.0
41430.0
43133.0
40259.0
38781.0
37453.0
36907.0
37321.0
38895.0
39595.0
38919.0
39911.0
44658.0
43700.0
38550.0
36872.0
34709.0
32961.0
32536.0
32317.0
33178.0
35135.0
38124.0
40756.0
42449.0
44197.0
45765.0
43282.0
41996.0
40891.0
40054.0
40627.0
42648.0
42629.0
41337.0
41783.0
45484.0
44517.0
39563.0
38284.0
36339.0
34953.0
35349.0
37938.0
43040.0
47368.0
50032.0
51357.0
52092.0
53286.0
53265.0
52157.0
51155.0
50078.0
48850.0
48567.0
50002.0
48376.0
45648.0
45165.0
48807.0
47357.0
42137.0
40560.0
38612.0
37357.0
37424.0
39015.0
43649.0
48266.0
50545.0
51743.0
52388.0
53205.0
53364.0
52190.0
51248.0
50180.0
48646.0
48501.0
49807.0
48615.0
45864.0
45602.0
49555.0
48128.0
42731.0
41248.0
38958.0
37403.0
37409.0
38994.0
44168.0
48409.0
50292.0
51554.0
52186.0
53265.0
53653.0
52713.0
51877.0
51249.0
49985.0
49803.0
50936.0
49447.0
46395.0
46210.0
49762.0
48254.0
42761.0
41035.0
38799.0
37439.0
37625.0
39242.0
44063.0
48602.0
50825.0
52385.0
52920.0
53535.0
53808.0
52316.0
51517.0
50086.0
48623.0
48449.0
48807.0
47554.0
44841.0
44971.0
49182.0
47629.0
41762.0
39933.0
37671.0
35792.0
34876.0
34625.0
35936.0
38395.0
41502.0
44063.0
45153.0
46379.0
47844.0
45337.0
44202.0
43090.0
42182.0
42486.0
43411.0
42513.0
40743.0
41111.0
46504.0
45807.0
40381.0
38592.0
35875.0
33719.0
32685.0
31729.0
32179.0
34023.0
36688.0
39188.0
41040.0
42436.0
44434.0
41820.0
40609.0
39688.0
39092.0
39832.0
41771.0
42405.0
41517.0
41988.0
46539.0
45086.0
39758.0
38117.0
35998.0
34678.0
35261.0
37379.0
42211.0
46894.0
49656.0
51444.0
52444.0
53658.0
54125.0
53444.0
52542.0
51596.0
50431.0
50141.0
51734.0
49963.0
46883.0
46252.0
50336.0
48489.0
42765.0
41384.0
39156.0
37650.0
37746.0
39462.0
44315.0
48662.0
51187.0
52891.0
53747.0
54933.0
55210.0
54595.0
54080.0
52037.0
51491.0
51478.0
52283.0
50657.0
47511.0
47081.0
50973.0
48904.0
43251.0
41511.0
39375.0
37819.0
37978.0
39376.0
43867.0
48617.0
51435.0
53146.0
54354.0
55512.0
56165.0
55378.0
54729.0
53710.0
52491.0
52114.0
52814.0
51317.0
48085.0
47659.0
51626.0
49619.0
43874.0
42244.0
39989.0
38447.0
38365.0
40205.0
44882.0
49470.0
52136.0
54092.0
55248.0
56664.0
56794.0
55802.0
55513.0
54397.0
53089.0
52354.0
53006.0
51075.0
47887.0
47444.0
51538.0
49399.0
43655.0
42154.0
39871.0
38470.0
38546.0
40217.0
44815.0
49197.0
51722.0
53432.0
54180.0
55079.0
55367.0
54066.0
53115.0
51953.0
50597.0
50515.0
50793.0
48961.0
46230.0
45996.0
50611.0
48825.0
42617.0
40917.0
38283.0
36523.0
35786.0
35383.0
36539.0
39151.0
42028.0
44795.0
46132.0
47285.0
48740.0
46587.0
45486.0
44536.0
43725.0
43868.0
44965.0
43953.0
42233.0
42426.0
47527.0
46349.0
40937.0
39148.0
36480.0
34563.0
33709.0
32655.0
33139.0
34967.0
37698.0
40352.0
42091.0
43518.0
45205.0
42579.0
41802.0
40888.0
40509.0
41240.0
42939.0
43612.0
42954.0
43603.0
48397.0
46533.0
40692.0
39268.0
37231.0
35976.0
36489.0
38714.0
43373.0
48216.0
51508.0
53701.0
55235.0
56556.0
56987.0
56165.0
55694.0
54745.0
53739.0
53366.0
54110.0
52536.0
49502.0
48851.0
52975.0
50633.0
44417.0
43271.0
40980.0
39621.0
39656.0
41208.0
45959.0
50447.0
53440.0
55634.0
56943.0
58182.0
58326.0
57519.0
57037.0
56330.0
55344.0
54809.0
55165.0
53421.0
50601.0
49698.0
53758.0
51147.0
45288.0
43958.0
41819.0
40227.0
40315.0
42338.0
46639.0
50960.0
53817.0
56182.0
57505.0
58974.0
59312.0
58465.0
57822.0
56896.0
55882.0
55512.0
55689.0
53647.0
50605.0
49966.0
54059.0
52058.0
45829.0
44456.0
42491.0
41054.0
41255.0
42874.0
47288.0
51527.0
54224.0
56281.0
57756.0
58968.0
59504.0
58513.0
58169.0
56960.0
55958.0
55557.0
55683.0
53696.0
50688.0
49990.0
53846.0
51019.0
44871.0
43847.0
41777.0
40366.0
40690.0
41984.0
46390.0
50603.0
52962.0
54634.0
55509.0
56594.0
56807.0
55434.0
54900.0
53509.0
52424.0
52302.0
51994.0
50150.0
47344.0
46763.0
51294.0
49206.0
43090.0
41447.0
39260.0
37590.0
37030.0
36819.0
37997.0
40214.0
43183.0
45505.0
46684.0
48049.0
49321.0
47211.0
46279.0
45179.0
44280.0
44519.0
45175.0
43987.0
42058.0
42270.0
47309.0
46020.0
40721.0
39186.0
36607.0
34848.0
34276.0
33485.0
33729.0
35165.0
37721.0
40325.0
42024.0
43627.0
45123.0
42609.0
41413.0
40615.0
39890.0
40490.0
42391.0
42872.0
42128.0
42424.0
47499.0
45815.0
40355.0
39093.0
37000.0
35869.0
36558.0
38713.0
43314.0
47797.0
50795.0
52740.0
53856.0
55176.0
55498.0
54742.0
54056.0
52939.0
51887.0
51353.0
52501.0
50891.0
47465.0
46561.0
51244.0
49137.0
43335.0
42218.0
40169.0
38661.0
39018.0
40655.0
45158.0
49444.0
51871.0
53773.0
54819.0
56092.0
56147.0
54816.0
54662.0
53733.0
52615.0
51937.0
52731.0
50989.0
47609.0
46674.0
50669.0
48409.0
42712.0
41601.0
39532.0
38016.0
38301.0
40209.0
44164.0
48501.0
51114.0
52993.0
53854.0
54813.0
54790.0
53602.0
52704.0
51444.0
50612.0
49873.0
50791.0
49222.0
45783.0
45254.0
49563.0
47640.0
42026.0
40851.0
38548.0
37267.0
37731.0
39434.0
43717.0
47982.0
50385.0
51935.0
52840.0
53688.0
53764.0
52771.0
51873.0
50623.0
49581.0
49240.0
50148.0
48661.0
45448.0
44729.0
49143.0
47605.0
41915.0
40678.0
38597.0
37323.0
37519.0
39260.0
43376.0
47778.0
50408.0
51860.0
52642.0
53567.0
53566.0
52068.0
50846.0
49388.0
47945.0
47788.0
48266.0
46968.0
44457.0
44365.0
48960.0
47096.0
41624.0
39951.0
37490.0
35618.0
35140.0
35172.0
36107.0
38570.0
42010.0
44303.0
45545.0
46745.0
47849.0
45240.0
43933.0
42613.0
41706.0
41897.0
43076.0
42398.0
40407.0
40341.0
45869.0
45107.0
39499.0
37821.0
35348.0
33511.0
32864.0
32047.0
32306.0
33830.0
36601.0
39444.0
41636.0
43454.0
45273.0
42192.0
40578.0
39317.0
38672.0
39279.0
41086.0
41590.0
40652.0
40953.0
46021.0
44983.0
39771.0
38132.0
35954.0
34655.0
35373.0
37670.0
42145.0
46891.0
49690.0
51466.0
52476.0
53263.0
53828.0
53034.0
52295.0
51236.0
49912.0
49575.0
50861.0
49435.0
46057.0
45400.0
50220.0
48397.0
42623.0
41245.0
38933.0
37546.0
37630.0
39440.0
43570.0
48063.0
50735.0
52461.0
53564.0
54881.0
55445.0
54391.0
53823.0
52951.0
51880.0
51218.0
51808.0
50530.0
47131.0
46422.0
51130.0
48947.0
43027.0
41436.0
39205.0
37782.0
38082.0
39561.0
43462.0
48050.0
51166.0
53275.0
54453.0
55874.0
56472.0
55586.0
55158.0
54305.0
53366.0
52819.0
53307.0
51238.0
48246.0
47650.0
52081.0
49975.0
44112.0
42382.0
40033.0
38491.0
38726.0
40350.0
44580.0
49048.0
51955.0
54082.0
55293.0
56648.0
56685.0
56380.0
55884.0
54955.0
54019.0
53399.0
53854.0
51990.0
48809.0
48393.0
52686.0
50195.0
44270.0
42865.0
40675.0
39083.0
39360.0
41068.0
45010.0
49347.0
52425.0
54586.0
55781.0
56855.0
57466.0
56341.0
55688.0
54777.0
53727.0
53191.0
52955.0
51085.0
48048.0
47668.0
52260.0
49916.0
43815.0
41984.0
39353.0
37604.0
36758.0
36698.0
37739.0
40130.0
43345.0
45967.0
47412.0
48685.0
50225.0
48023.0
47301.0
46460.0
45296.0
45684.0
45929.0
44799.0
42595.0
42742.0
47596.0
46159.0
40677.0
39206.0
36631.0
34959.0
34275.0
33490.0
33478.0
34889.0
37714.0
40210.0
42341.0
43968.0
45791.0
43146.0
42069.0
41088.0
40338.0
40931.0
42186.0
42818.0
42098.0
42455.0
46979.0
44985.0
39927.0
38391.0
36503.0
35439.0
36293.0
38609.0
42356.0
46671.0
49998.0
52226.0
53588.0
54711.0
54838.0
54039.0
53364.0
52162.0
50609.0
50070.0
50997.0
49541.0
46296.0
46030.0
50228.0
48050.0
42633.0
41200.0
39085.0
37816.0
38096.0
39976.0
43341.0
47422.0
50610.0
52543.0
53699.0
54833.0
54980.0
54031.0
53403.0
52455.0
51381.0
50701.0
51441.0
50261.0
46867.0
46827.0
50738.0
48921.0
43115.0
41776.0
39793.0
38362.0
38770.0
40751.0
43911.0
48049.0
51140.0
53374.0
54619.0
55744.0
55924.0
55201.0
54263.0
53110.0
51912.0
51213.0
52007.0
50607.0
47529.0
47024.0
51223.0
49084.0
43184.0
41846.0
39606.0
38196.0
38355.0
40232.0
43716.0
47590.0
50843.0
52728.0
53997.0
55110.0
55395.0
54247.0
53419.0
52437.0
50915.0
50427.0
50483.0
48932.0
45719.0
45526.0
49651.0
48036.0
42658.0
40976.0
38519.0
36554.0
35510.0
35098.0
35331.0
37299.0
40067.0
42636.0
44068.0
45505.0
47220.0
44821.0
43462.0
42676.0
41606.0
41914.0
42644.0
42405.0
40784.0
41392.0
45825.0
45076.0
39882.0
38410.0
35996.0
34487.0
34194.0
34392.0
34883.0
36975.0
39809.0
42310.0
43901.0
45123.0
46853.0
44788.0
44017.0
42893.0
42144.0
42430.0
43246.0
42478.0
40677.0
41286.0
45821.0
44591.0
39373.0
37902.0
35512.0
33781.0
33068.0
32659.0
32510.0
34147.0
36833.0
39388.0
41251.0
42842.0
44669.0
42180.0
41148.0
40363.0
39819.0
40478.0
41986.0
42541.0
41783.0
42672.0
47349.0
45444.0
40088.0
38678.0
36664.0
35505.0
36174.0
38709.0
41924.0
46105.0
49651.0
52121.0
53573.0
55175.0
55870.0
55173.0
54807.0
53884.0
52613.0
52085.0
52471.0
51200.0
48071.0
48062.0
51865.0
49435.0
43888.0
42694.0
40467.0
38925.0
39016.0
41035.0
43976.0
47979.0
51357.0
53784.0
55248.0
56610.0
56958.0
56360.0
55980.0
55282.0
54290.0
53329.0
53630.0
51957.0
48782.0
48698.0
52422.0
49973.0
44270.0
43025.0
40809.0
39403.0
39784.0
41788.0
44812.0
48604.0
51890.0
54169.0
55574.0
56588.0
56877.0
55896.0
55422.0
54417.0
53162.0
52418.0
52771.0
51296.0
47986.0
47872.0
51447.0
49250.0
43728.0
42602.0
40354.0
38870.0
39320.0
41260.0
44213.0
47697.0
50785.0
52690.0
53858.0
55189.0
55439.0
54415.0
53745.0
52680.0
51167.0
50385.0
50930.0
49501.0
46435.0
46623.0
50428.0
48255.0
42840.0
41645.0
39527.0
38305.0
38517.0
40531.0
43380.0
47056.0
50116.0
52113.0
53238.0
54087.0
54333.0
52922.0
51950.0
50690.0
49427.0
49218.0
49643.0
48033.0
45342.0
45641.0
49558.0
47658.0
42064.0
40426.0
37869.0
36183.0
35696.0
36083.0
36389.0
38565.0
41446.0
43935.0
45281.0
46577.0
48048.0
45500.0
44472.0
43244.0
42242.0
42575.0
43511.0
42893.0
41045.0
41490.0
45753.0
44553.0
39396.0
37968.0
35522.0
33702.0
33142.0
33003.0
32467.0
34046.0
36527.0
39167.0
41052.0
42664.0
44266.0
41655.0
40269.0
39189.0
38589.0
39433.0
41022.0
41733.0
41037.0
42112.0
45981.0
44347.0
39128.0
37817.0
35766.0
34668.0
35480.0
37927.0
40861.0
44996.0
48415.0
50180.0
51667.0
52798.0
53274.0
52034.0
51171.0
50257.0
48899.0
48343.0
49498.0
48575.0
45406.0
45542.0
49092.0
47224.0
41761.0
40443.0
38106.0
36871.0
37118.0
39572.0
42361.0
46166.0
49460.0
51363.0
52454.0
53549.0
53458.0
52512.0
51462.0
50277.0
49192.0
48744.0
49888.0
48497.0
45672.0
45858.0
49357.0
47742.0
42119.0
40608.0
38377.0
37089.0
37225.0
39385.0
42294.0
46221.0
49549.0
51398.0
52611.0
53850.0
53804.0
52814.0
51807.0
50637.0
49654.0
49168.0
50282.0
49070.0
46322.0
46417.0
49782.0
48151.0
42402.0
40894.0
38714.0
37302.0
37439.0
39710.0
42349.0
46253.0
49584.0
51489.0
52694.0
53741.0
53786.0
52767.0
51856.0
50684.0
49381.0
49012.0
49772.0
48494.0
45475.0
46106.0
49587.0
47820.0
42201.0
40663.0
38353.0
36890.0
36979.0
39140.0
41830.0
45517.0
48815.0
50671.0
51780.0
52616.0
52933.0
51330.0
50408.0
49230.0
47958.0
47582.0
48154.0
46745.0
44059.0
44947.0
48323.0
46744.0
41000.0
39290.0
36783.0
34947.0
34423.0
34883.0
34948.0
37152.0
40106.0
42883.0
44283.0
45433.0
47252.0
45022.0
43960.0
42964.0
42124.0
42474.0
43282.0
42523.0
40565.0
41838.0
45482.0
44134.0
38903.0
37424.0
34984.0
33196.0
32542.0
32489.0
31748.0
33269.0
35978.0
38680.0
40560.0
42096.0
43878.0
41167.0
39845.0
38654.0
37805.0
38451.0
40018.0
40819.0
40163.0
41465.0
45182.0
43454.0
38129.0
36694.0
34571.0
33321.0
33728.0
36018.0
38291.0
41796.0
45411.0
47873.0
49134.0
50644.0
51358.0
50350.0
49545.0
48411.0
47209.0
46758.0
47861.0
46974.0
44441.0
44838.0
47921.0
46004.0
40360.0
38957.0
36759.0
35381.0
35605.0
37615.0
39573.0
43192.0
46777.0
48980.0
50227.0
51721.0
52209.0
51078.0
50265.0
49054.0
47954.0
47412.0
48209.0
47061.0
44352.0
45190.0
48199.0
46100.0
40568.0
39149.0
36976.0
35512.0
35667.0
37684.0
39597.0
43097.0
46471.0
49014.0
50471.0
51996.0
52762.0
51595.0
50932.0
50035.0
48838.0
48672.0
49369.0
48091.0
45378.0
46235.0
49017.0
46942.0
41305.0
39924.0
37702.0
36353.0
36350.0
38230.0
40207.0
43866.0
47113.0
49298.0
50701.0
52291.0
52806.0
51693.0
51111.0
50117.0
49111.0
48598.0
48991.0
47688.0
45066.0
46043.0
48819.0
46534.0
41127.0
39859.0
37606.0
36135.0
36189.0
38146.0
39831.0
43381.0
46746.0
49141.0
50489.0
51574.0
52517.0
50904.0
50129.0
49045.0
47965.0
47755.0
48341.0
46919.0
44648.0
45598.0
48195.0
46180.0
40566.0
39140.0
36621.0
34795.0
34336.0
34935.0
34744.0
36597.0
39658.0
42191.0
43640.0
44850.0
46622.0
44538.0
43496.0
42556.0
41642.0
41878.0
42674.0
41968.0
40194.0
41544.0
44980.0
43296.0
38286.0
36705.0
34316.0
32594.0
31973.0
32112.0
31284.0
32567.0
35148.0
37521.0
39087.0
40414.0
42209.0
39728.0
38461.0
37427.0
36864.0
37502.0
38997.0
39664.0
39139.0
40906.0
44075.0
42241.0
37154.0
35828.0
33682.0
32448.0
32794.0
34890.0
36604.0
39618.0
42790.0
45037.0
46302.0
47787.0
48846.0
47575.0
46859.0
45877.0
44867.0
44699.0
45604.0
44821.0
42649.0
43337.0
45986.0
43975.0
38686.0
37404.0
35397.0
33953.0
34088.0
35882.0
37563.0
40583.0
43732.0
45810.0
46894.0
48192.0
48653.0
46992.0
45835.0
44904.0
43842.0
43738.0
44687.0
43719.0
41594.0
42459.0
45203.0
43320.0
38091.0
36811.0
34776.0
33433.0
33565.0
35402.0
36979.0
40017.0
43053.0
44991.0
46286.0
47652.0
48271.0
46573.0
45639.0
44454.0
43469.0
43332.0
44377.0
43680.0
41759.0
42378.0
44954.0
43227.0
38068.0
36791.0
34835.0
33466.0
33530.0
35417.0
37044.0
40146.0
43045.0
45196.0
46252.0
47629.0
48199.0
46307.0
45389.0
44362.0
43161.0
43026.0
44359.0
43524.0
41631.0
42130.0
44904.0
43310.0
38274.0
36959.0
34792.0
33406.0
33523.0
35442.0
37131.0
40136.0
43195.0
45258.0
46292.0
47312.0
48057.0
46137.0
44910.0
43537.0
42496.0
42442.0
43548.0
42735.0
41101.0
41851.0
44751.0
43136.0
37953.0
36564.0
34233.0
32515.0
32053.0
32873.0
32839.0
34619.0
37576.0
39972.0
41122.0
42279.0
43895.0
41557.0
40331.0
39152.0
38471.0
38837.0
39992.0
39828.0
38608.0
39626.0
42998.0
41919.0
37050.0
35541.0
33075.0
31336.0
30624.0
30889.0
30199.0
31497.0
34057.0
36663.0
38266.0
39691.0
41348.0
38660.0
37277.0
36056.0
35331.0
35855.0
37395.0
38097.0
38106.0
39755.0
42818.0
41282.0
36330.0
35081.0
32910.0
31530.0
31631.0
33277.0
34245.0
36654.0
39865.0
42114.0
43398.0
44764.0
46319.0
44601.0
43740.0
42706.0
41828.0
41993.0
43164.0
42503.0
40849.0
41828.0
44699.0
43104.0
37829.0
36416.0
33966.0
32285.0
31739.0
32248.0
31905.0
33185.0
36098.0
38750.0
40349.0
41749.0
43415.0
40967.0
39813.0
38778.0
37981.0
38622.0
40245.0
40455.0
39839.0
40676.0
43620.0
42087.0
37144.0
35814.0
33683.0
32333.0
32566.0
34714.0
36654.0
39573.0
42995.0
45183.0
46380.0
47906.0
48826.0
47411.0
46435.0
45349.0
44417.0
44418.0
45508.0
44577.0
42865.0
43251.0
45800.0
44058.0
38767.0
37488.0
35261.0
33760.0
33871.0
35748.0
37541.0
40365.0
43596.0
45926.0
47459.0
48949.0
49833.0
48332.0
47613.0
46543.0
45622.0
45636.0
46555.0
45586.0
43906.0
44111.0
46738.0
44895.0
39579.0
38075.0
35903.0
34360.0
34380.0
36271.0
38115.0
41127.0
44506.0
46924.0
48354.0
49850.0
50516.0
48807.0
47687.0
46422.0
45201.0
44682.0
45684.0
44487.0
42979.0
43166.0
45794.0
44130.0
38841.0
37457.0
35163.0
33467.0
33111.0
33866.0
33929.0
35453.0
38401.0
40905.0
42206.0
43417.0
45149.0
42758.0
41655.0
40444.0
39532.0
39957.0
40830.0
40532.0
39795.0
40373.0
43657.0
42501.0
37425.0
35997.0
33665.0
31938.0
31262.0
31632.0
31126.0
32119.0
34748.0
37269.0
38896.0
40300.0
42041.0
39297.0
38106.0
37001.0
36253.0
36839.0
38655.0
39541.0
40021.0
40955.0
43999.0
42696.0
37414.0
36066.0
33931.0
32662.0
33092.0
35625.0
38306.0
41434.0
44998.0
47267.0
48508.0
50032.0
50869.0
49680.0
48801.0
47823.0
46608.0
46393.0
47438.0
46731.0
45153.0
44987.0
47388.0
45522.0
40197.0
38805.0
36695.0
35301.0
35380.0
37640.0
39973.0
43249.0
46547.0
48719.0
50196.0
51771.0
52489.0
51300.0
50809.0
49653.0
48444.0
48212.0
48935.0
47745.0
46095.0
45915.0
48352.0
46235.0
40878.0
39487.0
37327.0
35941.0
36156.0
38323.0
40610.0
43664.0
46965.0
49405.0
50539.0
51984.0
52495.0
51503.0
50917.0
49821.0
48731.0
48390.0
49034.0
47680.0
46619.0
46127.0
48598.0
46609.0
41194.0
39969.0
37744.0
36383.0
36340.0
38922.0
41652.0
44363.0
47768.0
49935.0
51234.0
52498.0
53190.0
51927.0
51286.0
50137.0
49146.0
48639.0
49313.0
48083.0
47260.0
46387.0
48644.0
46898.0
41305.0
40049.0
37763.0
36363.0
36600.0
38812.0
41607.0
44580.0
47959.0
50234.0
51522.0
52816.0
53199.0
51662.0
51033.0
49703.0
48514.0
48225.0
48685.0
47456.0
46868.0
46017.0
48824.0
46814.0
40989.0
39575.0
36900.0
35067.0
34481.0
35193.0
35696.0
37157.0
40288.0
43160.0
44669.0
46028.0
47861.0
45617.0
44775.0
43720.0
42818.0
43195.0
43903.0
43232.0
43454.0
42891.0
45991.0
44566.0
39227.0
37632.0
35238.0
33331.0
32716.0
32918.0
32819.0
33523.0
36037.0
38567.0
40756.0
42430.0
44509.0
41992.0
40941.0
39919.0
39363.0
40035.0
41543.0
42222.0
43348.0
42862.0
45679.0
43998.0
38983.0
37366.0
35247.0
34120.0
34933.0
38096.0
41814.0
45045.0
48738.0
51401.0
52857.0
54435.0
55309.0
54812.0
54280.0
53413.0
51975.0
51475.0
52182.0
50896.0
50021.0
48352.0
50609.0
48253.0
42833.0
41252.0
38945.0
37690.0
37781.0
40532.0
43863.0
47133.0
50547.0
53074.0
54298.0
55761.0
56230.0
55624.0
55275.0
54121.0
53019.0
52317.0
52624.0
50927.0
50309.0
48846.0
50907.0
48474.0
42973.0
41561.0
39579.0
38100.0
38190.0
40889.0
44366.0
47839.0
51261.0
53449.0
54749.0
55974.0
55927.0
54822.0
53911.0
53081.0
51482.0
51180.0
51891.0
50672.0
49496.0
47278.0
49693.0
47414.0
41893.0
40639.0
38530.0
37369.0
37524.0
40224.0
44097.0
47079.0
50267.0
52017.0
53009.0
54249.0
54049.0
52692.0
51588.0
50367.0
49037.0
48626.0
49735.0
48940.0
48113.0
46494.0
48717.0
47038.0
41594.0
40122.0
38090.0
36917.0
36962.0
39645.0
43614.0
46741.0
49559.0
51284.0
52043.0
52885.0
53073.0
51332.0
50292.0
48780.0
47475.0
47207.0
47929.0
47191.0
47072.0
45281.0
48087.0
46451.0
40791.0
39315.0
36568.0
34933.0
34393.0
35278.0
36465.0
37401.0
40592.0
43252.0
44173.0
45481.0
47068.0
44324.0
43154.0
41949.0
40818.0
41151.0
42211.0
42244.0
43009.0
41673.0
45115.0
44027.0
38956.0
37314.0
34819.0
33044.0
32563.0
32887.0
33109.0
33611.0
36432.0
39021.0
40997.0
42787.0
44823.0
41651.0
40102.0
38817.0
38038.0
38881.0
41393.0
42647.0
43807.0
41952.0
44592.0
43635.0
38658.0
37461.0
35407.0
34160.0
34795.0
38126.0
43596.0
47180.0
49132.0
51083.0
52034.0
53267.0
53395.0
52396.0
51380.0
50154.0
48977.0
48896.0
50667.0
49664.0
49087.0
46163.0
48505.0
47070.0
41723.0
40155.0
38318.0
36656.0
36995.0
39840.0
45336.0
48786.0
50694.0
52320.0
53070.0
54286.0
54132.0
52984.0
52343.0
51327.0
50313.0
49969.0
51203.0
50222.0
49603.0
46687.0
48779.0
47196.0
41738.0
40577.0
38556.0
37127.0
37459.0
40222.0
45722.0
48602.0
51313.0
52297.0
52945.0
54309.0
54207.0
52757.0
51793.0
50773.0
49566.0
49181.0
51087.0
50064.0
49714.0
46362.0
48785.0
46996.0
41612.0
40409.0
38534.0
36986.0
37115.0
40100.0
46123.0
49284.0
51454.0
52610.0
53234.0
54043.0
53798.0
52504.0
51387.0
50292.0
48936.0
49065.0
50534.0
49923.0
49425.0
46324.0
48637.0
47037.0
41708.0
40470.0
38405.0
37147.0
37428.0
40337.0
46275.0
49525.0
51607.0
53037.0
53399.0
54115.0
53893.0
52068.0
51082.0
49651.0
48359.0
48696.0
50094.0
49326.0
48778.0
45966.0
48536.0
46860.0
41293.0
39546.0
37282.0
35496.0
34841.0
35874.0
37547.0
38776.0
41930.0
44358.0
45378.0
46669.0
47996.0
45128.0
43648.0
42194.0
41078.0
41294.0
42809.0
43195.0
43920.0
41802.0
45148.0
44366.0
39406.0
37698.0
35127.0
33327.0
32673.0
33195.0
33839.0
34080.0
37017.0
39941.0
41588.0
43425.0
44932.0
41491.0
39900.0
38730.0
37971.0
38821.0
41488.0
43324.0
44460.0
42294.0
45038.0
44098.0
39481.0
38210.0
36019.0
34646.0
35293.0
38707.0
45446.0
48490.0
50727.0
52108.0
52500.0
53551.0
53580.0
52460.0
51494.0
50103.0
48792.0
48653.0
50748.0
50428.0
49812.0
46498.0
48829.0
47466.0
42128.0
40791.0
38683.0
37120.0
37297.0
40498.0
46629.0
49931.0
51797.0
52810.0
53065.0
53806.0
53420.0
52255.0
51125.0
49827.0
48642.0
48254.0
50075.0
50064.0
49706.0
46671.0
48847.0
47633.0
42612.0
41285.0
39188.0
37787.0
38081.0
41157.0
47133.0
50138.0
52793.0
53980.0
54613.0
55491.0
55499.0
54300.0
53280.0
52109.0
50935.0
50929.0
53057.0
52883.0
51454.0
48049.0
50136.0
48729.0
43592.0
42154.0
40017.0
38354.0
38402.0
41464.0
48189.0
51257.0
53056.0
54163.0
54892.0
55664.0
55320.0
53802.0
52603.0
51183.0
49925.0
49503.0
51622.0
51655.0
51133.0
47906.0
50159.0
48895.0
43426.0
42248.0
40066.0
38808.0
38963.0
42032.0
48899.0
51936.0
53953.0
54595.0
54634.0
55027.0
54652.0
52813.0
51479.0
49753.0
48370.0
48522.0
49953.0
50462.0
50306.0
47573.0
50162.0
48474.0
43143.0
41518.0
39105.0
37318.0
36848.0
37940.0
40012.0
41243.0
44497.0
46829.0
47435.0
48257.0
49757.0
46885.0
44945.0
43588.0
42332.0
42788.0
44622.0
46186.0
46337.0
44212.0
47671.0
47036.0
42076.0
40481.0
37877.0
35826.0
35069.0
35616.0
36789.0
37010.0
39948.0
42915.0
44554.0
46286.0
47897.0
44185.0
42384.0
40883.0
40426.0
41687.0
44653.0
46987.0
47521.0
44920.0
47793.0
46954.0
42483.0
41002.0
39003.0
37448.0
38035.0
41918.0
49201.0
52846.0
54907.0
55871.0
55956.0
56368.0
56089.0
54628.0
53274.0
52120.0
50472.0
50305.0
53144.0
53868.0
52835.0
49332.0
51617.0
50265.0
45139.0
43724.0
41528.0
39982.0
40499.0
44041.0
50993.0
54667.0
56123.0
56952.0
57128.0
56856.0
56839.0
55355.0
53721.0
52236.0
50830.0
50946.0
53376.0
54478.0
53062.0
49754.0
52138.0
50892.0
45573.0
44077.0
42279.0
40575.0
41062.0
44540.0
51491.0
55192.0
56900.0
57185.0
56942.0
57121.0
56667.0
54929.0
53396.0
52023.0
50410.0
50417.0
52705.0
54225.0
52980.0
49527.0
51792.0
50482.0
45400.0
43987.0
41936.0
40231.0
40670.0
44063.0
51364.0
54564.0
55661.0
55592.0
55515.0
55643.0
55211.0
53611.0
52205.0
50747.0
49454.0
49279.0
51686.0
53200.0
51618.0
48281.0
50979.0
49614.0
44437.0
42844.0
41036.0
39441.0
39732.0
43195.0
50107.0
53485.0
55062.0
55422.0
55317.0
55401.0
55255.0
53255.0
51572.0
49950.0
48491.0
48510.0
49889.0
51756.0
50558.0
47607.0
50081.0
48850.0
43540.0
41824.0
39333.0
37564.0
36914.0
38196.0
40748.0
41924.0
44999.0
46897.0
47203.0
47954.0
49152.0
46033.0
44360.0
42927.0
41644.0
41994.0
43789.0
46323.0
45378.0
43240.0
46781.0
46229.0
41370.0
39668.0
37029.0
34925.0
34213.0
34679.0
35925.0
36245.0
39022.0
41508.0
42718.0
44265.0
45746.0
42316.0
40586.0
39209.0
38461.0
39244.0
42278.0
45957.0
45484.0
43077.0
45951.0
45247.0
40575.0
39234.0
36985.0
35658.0
36156.0
39963.0
47120.0
50521.0
52197.0
53757.0
54027.0
54672.0
54632.0
52832.0
51871.0
50776.0
49605.0
49652.0
52419.0
53804.0
50901.0
47666.0
49597.0
48351.0
43167.0
41864.0
39627.0
38178.0
38401.0
41883.0
48717.0
52138.0
53445.0
54212.0
54645.0
55190.0
54937.0
53557.0
52345.0
51019.0
49749.0
49662.0
52104.0
53865.0
51049.0
47603.0
50085.0
48574.0
43222.0
41899.0
39796.0
38362.0
38740.0
41952.0
48511.0
51790.0
53682.0
54403.0
54883.0
55291.0
55111.0
53586.0
52389.0
51203.0
49875.0
49786.0
52071.0
54562.0
51100.0
47670.0
49999.0
48266.0
43479.0
42180.0
39989.0
38353.0
38447.0
41663.0
48546.0
52182.0
53368.0
53971.0
54300.0
54903.0
54794.0
53674.0
52361.0
51254.0
49971.0
49830.0
52003.0
54173.0
50851.0
47320.0
49599.0
48206.0
43035.0
41457.0
39335.0
37916.0
38073.0
41291.0
47902.0
51448.0
52643.0
53383.0
53735.0
54140.0
54142.0
52611.0
51435.0
50054.0
48592.0
48854.0
50124.0
52492.0
49135.0
46357.0
49288.0
47791.0
42153.0
40303.0
37808.0
35914.0
35382.0
36461.0
38582.0
40017.0
43204.0
45640.0
46444.0
47752.0
49222.0
46322.0
44598.0
43203.0
42334.0
43014.0
45147.0
48002.0
45307.0
43123.0
46672.0
45959.0
41128.0
39460.0
36656.0
34869.0
34085.0
34527.0
35739.0
36235.0
38905.0
41699.0
43613.0
45514.0
47237.0
43718.0
41761.0
40334.0
39726.0
41096.0
44544.0
48171.0
46097.0
43555.0
46502.0
45664.0
41173.0
39869.0
37629.0
36021.0
36655.0
40237.0
47376.0
51311.0
52988.0
54068.0
54581.0
55415.0
55292.0
53996.0
52510.0
51393.0
49970.0
50159.0
53489.0
55260.0
51123.0
47747.0
50161.0
48742.0
43673.0
42468.0
40238.0
38614.0
38747.0
41992.0
49045.0
52857.0
53441.0
53875.0
54663.0
55336.0
54876.0
53570.0
52410.0
51116.0
49924.0
49711.0
52416.0
55637.0
51802.0
48313.0
50883.0
49325.0
44087.0
42764.0
40882.0
39548.0
40044.0
43399.0
50056.0
54126.0
55350.0
55917.0
55769.0
56046.0
55757.0
54054.0
52443.0
51189.0
49804.0
49819.0
52755.0
55957.0
52218.0
48651.0
50981.0
50089.0
44861.0
43522.0
41415.0
39860.0
40204.0
43772.0
50721.0
54835.0
55543.0
56071.0
56146.0
56579.0
56320.0
54757.0
53616.0
52184.0
51197.0
51066.0
53852.0
56674.0
52436.0
49064.0
51291.0
50323.0
45104.0
43630.0
41770.0
40160.0
40667.0
44190.0
51238.0
55154.0
56116.0
56466.0
56156.0
56439.0
56007.0
54036.0
52588.0
50814.0
49532.0
49657.0
51893.0
55403.0
51991.0
49317.0
52346.0
51161.0
45709.0
43906.0
41678.0
39952.0
39601.0
41135.0
43399.0
45402.0
48126.0
49779.0
49837.0
50289.0
51374.0
48142.0
46225.0
44726.0
43677.0
44564.0
47334.0
50592.0
47655.0
45751.0
49118.0
48595.0
43755.0
42098.0
39344.0
37245.0
36506.0
36952.0
38176.0
39148.0
41511.0
44308.0
45917.0
47353.0
48669.0
44837.0
42822.0
41410.0
40758.0
41980.0
46031.0
50002.0
47598.0
45019.0
48037.0
47498.0
42885.0
41595.0
39393.0
37876.0
38498.0
42572.0
50030.0
54613.0
55415.0
56210.0
56271.0
56629.0
56249.0
54566.0
53004.0
51694.0
50298.0
50620.0
54375.0
57104.0
52466.0
49056.0
51428.0
50204.0
45068.0
43560.0
41325.0
39775.0
40062.0
43425.0
50668.0
54878.0
55550.0
56071.0
56078.0
56719.0
56066.0
54543.0
53436.0
52299.0
51058.0
51214.0
54517.0
56850.0
52424.0
49430.0
51717.0
50212.0
45303.0
43883.0
41613.0
40209.0
40285.0
43764.0
50597.0
54940.0
56115.0
56536.0
56216.0
56792.0
56371.0
54706.0
53257.0
51820.0
50266.0
50414.0
53875.0
56455.0
51994.0
48653.0
51134.0
50294.0
45239.0
43752.0
41530.0
39619.0
39953.0
43201.0
50038.0
54761.0
54781.0
55455.0
55332.0
55935.0
55425.0
53950.0
52578.0
51438.0
50260.0
50122.0
53401.0
56420.0
51773.0
48536.0
50934.0
49671.0
44698.0
43175.0
41025.0
39281.0
39493.0
42917.0
49914.0
54551.0
54990.0
55163.0
54989.0
55028.0
54804.0
52865.0
51513.0
49897.0
48504.0
48532.0
50968.0
54083.0
50224.0
47593.0
50062.0
49107.0
43304.0
41720.0
39244.0
37379.0
36910.0
38115.0
40626.0
42809.0
44985.0
46889.0
47192.0
47944.0
49159.0
46064.0
44344.0
42890.0
41719.0
42223.0
45011.0
48228.0
45323.0
43217.0
46569.0
46392.0
41586.0
39981.0
37322.0
35318.0
34542.0
34904.0
36160.0
37419.0
39276.0
41941.0
43265.0
44527.0
46019.0
42549.0
40796.0
39145.0
38328.0
39430.0
43699.0
47617.0
45083.0
42966.0
45539.0
44937.0
40789.0
39455.0
37344.0
35759.0
36465.0
40032.0
47299.0
51696.0
52463.0
53071.0
53357.0
54026.0
53986.0
52827.0
51793.0
50567.0
49278.0
49237.0
53247.0
55022.0
50271.0
47211.0
49508.0
48481.0
43228.0
41893.0
39880.0
38565.0
38609.0
41929.0
48984.0
53757.0
53856.0
54306.0
54338.0
54981.0
54615.0
53219.0
52074.0
50819.0
49664.0
49733.0
53484.0
55622.0
50853.0
47668.0
49900.0
48652.0
43585.0
42378.0
40285.0
38674.0
39039.0
42379.0
48900.0
53699.0
54126.0
54715.0
54798.0
55587.0
55256.0
53849.0
52676.0
51316.0
50197.0
50229.0
54739.0
55952.0
51080.0
47872.0
50428.0
49336.0
43981.0
42515.0
40498.0
39042.0
39218.0
42407.0
49263.0
54092.0
54006.0
54721.0
54807.0
55287.0
54952.0
53399.0
52266.0
50963.0
49839.0
50167.0
54275.0
55371.0
50872.0
47742.0
50295.0
49178.0
43875.0
42454.0
40531.0
39131.0
39531.0
42713.0
49478.0
54730.0
54934.0
55437.0
55454.0
55818.0
55576.0
53420.0
51990.0
50274.0
49095.0
49590.0
52731.0
54458.0
50474.0
47974.0
50505.0
49509.0
43994.0
42320.0
39815.0
37745.0
37157.0
38449.0
40477.0
43125.0
44963.0
46975.0
47746.0
48847.0
50237.0
47524.0
45846.0
44342.0
43427.0
44311.0
48328.0
50204.0
46993.0
45023.0
48353.0
48011.0
43344.0
41956.0
39498.0
37390.0
36666.0
37252.0
38571.0
40176.0
41875.0
44598.0
46308.0
47797.0
49046.0
45517.0
43546.0
42251.0
41526.0
43016.0
48527.0
51361.0
48836.0
46815.0
49956.0
49288.0
44652.0
43299.0
40986.0
39431.0
40187.0
43967.0
49922.0
55258.0
56757.0
58152.0
58628.0
59299.0
58952.0
57630.0
56169.0
54765.0
53433.0
53846.0
59096.0
59677.0
54750.0
51591.0
53933.0
52591.0
47574.0
46039.0
43825.0
41956.0
42020.0
45414.0
50844.0
55975.0
57108.0
57936.0
58039.0
58627.0
57831.0
56328.0
54748.0
53221.0
51871.0
52026.0
57137.0
57715.0
53066.0
49954.0
52532.0
51490.0
46341.0
44986.0
42667.0
41141.0
41504.0
44631.0
50045.0
55025.0
56259.0
57187.0
57146.0
57578.0
56720.0
55239.0
53625.0
52079.0
50829.0
51061.0
56064.0
57447.0
52851.0
49914.0
52330.0
51650.0
46585.0
45246.0
43080.0
41434.0
41601.0
44897.0
50295.0
55404.0
56657.0
57356.0
57296.0
57683.0
57090.0
55335.0
54120.0
52690.0
51131.0
51306.0
56655.0
57547.0
52847.0
50057.0
52505.0
51479.0
46398.0
44965.0
42567.0
40954.0
40983.0
44032.0
49364.0
54337.0
55712.0
56642.0
56667.0
57372.0
57140.0
55091.0
53450.0
51694.0
50397.0
50875.0
55795.0
56551.0
52438.0
49946.0
53164.0
52051.0
46986.0
45691.0
43147.0
41389.0
40975.0
42361.0
44693.0
47583.0
49235.0
51362.0
51775.0
52086.0
52830.0
49361.0
47326.0
45771.0
44641.0
45880.0
51147.0
52616.0
49678.0
47803.0
51418.0
51080.0
46337.0
44820.0
40594.0
40594.0
39552.0
38518.0
40171.0
41511.0
42617.0
45370.0
47283.0
48204.0
49693.0
50882.0
47596.0
45683.0
44445.0
44570.0
48888.0
52978.0
52107.0
49791.0
48235.0
51387.0
50867.0
46490.0
45233.0
43310.0
41902.0
43012.0
47199.0
53235.0
56590.0
58999.0
59457.0
58915.0
59538.0
59263.0
57917.0
56420.0
55266.0
54826.0
59468.0
64274.0
62167.0
57818.0
55089.0
58073.0
57306.0
52721.0
51733.0
49668.0
48332.0
49151.0
52868.0
58798.0
62170.0
64231.0
64154.0
63161.0
62924.0
62193.0
60078.0
57970.0
56394.0
56055.0
60511.0
64225.0
62181.0
58212.0
55934.0
59340.0
58422.0
53855.0
52494.0
50036.0
48263.0
47493.0
48613.0
50398.0
51142.0
53206.0
54156.0
53937.0
54208.0
54583.0
51054.0
48457.0
47246.0
47489.0
53141.0
57644.0
56763.0
53805.0
51873.0
55175.0
54624.0
50166.0
49210.0
46925.0
45472.0
46174.0
49990.0
55392.0
58575.0
60622.0
61296.0
60889.0
61317.0
61053.0
59372.0
57589.0
56146.0
55698.0
60293.0
63954.0
61496.0
56731.0
54023.0
56973.0
56152.0
51062.0
49827.0
47505.0
45821.0
46459.0
49669.0
54897.0
57820.0
60003.0
60363.0
59574.0
59763.0
59157.0
57237.0
55356.0
54123.0
53819.0
58532.0
61404.0
58864.0
54837.0
52493.0
55595.0
54671.0
49684.0
47885.0
45157.0
43183.0
42581.0
43930.0
46024.0
47073.0
49684.0
51683.0
52009.0
52895.0
54539.0
51737.0
50026.0
48932.0
48759.0
52919.0
55633.0
54047.0
50808.0
49018.0
52377.0
52318.0
47664.0
46197.0
43571.0
41524.0
41058.0
41780.0
43265.0
44016.0
46727.0
49307.0
50836.0
52533.0
53751.0
50112.0
48206.0
47243.0
47945.0
53889.0
58257.0
57783.0
55479.0
53393.0
56894.0
56459.0
51971.0
51054.0
49223.0
47877.0
48867.0
53560.0
61520.0
65406.0
66510.0
66569.0
66091.0
65904.0
65374.0
63746.0
62197.0
61146.0
61524.0
67184.0
71334.0
69134.0
64482.0
61422.0
63954.0
63091.0
58403.0
57172.0
55353.0
54064.0
55010.0
59073.0
67292.0
70761.0
71389.0
70807.0
69717.0
69482.0
68501.0
66576.0
64856.0
63986.0
64352.0
70147.0
73728.0
71342.0
66672.0
63226.0
65506.0
64377.0
59418.0
58280.0
55853.0
54220.0
54810.0
59085.0
66014.0
69839.0
71168.0
71501.0
71026.0
71264.0
70631.0
68937.0
67145.0
66309.0
66431.0
71437.0
74722.0
71667.0
66609.0
63268.0
65504.0
64394.0
59418.0
58214.0
56126.0
54263.0
54670.0
58791.0
66130.0
69021.0
69221.0
69483.0
69286.0
69518.0
68957.0
67593.0
66090.0
65237.0
65331.0
70425.0
73355.0
70419.0
65624.0
62031.0
64288.0
63141.0
58270.0
57684.0
55056.0
53366.0
53509.0
57522.0
64450.0
67999.0
68603.0
68847.0
68297.0
68664.0
68334.0
66360.0
64409.0
63028.0
62607.0
67348.0
69264.0
66783.0
62242.0
59600.0
62349.0
60721.0
55379.0
53849.0
50946.0
48731.0
47900.0
48972.0
50770.0
51905.0
54466.0
56853.0
57414.0
58452.0
60215.0
57077.0
54995.0
53637.0
53566.0
57754.0
59857.0
58227.0
55054.0
53126.0
56660.0
56223.0
51738.0
50129.0
47242.0
44974.0
43907.0
44624.0
45934.0
46452.0
48894.0
51691.0
53371.0
55081.0
56652.0
53305.0
51523.0
50793.0
51640.0
57485.0
61261.0
60613.0
58191.0
56206.0
59562.0
59368.0
55240.0
54393.0
52366.0
50874.0
51809.0
56784.0
64617.0
68626.0
69756.0
69669.0
69071.0
69139.0
68729.0
67258.0
65492.0
64637.0
65079.0
70798.0
74623.0
71972.0
67124.0
63809.0
66665.0
65754.0
61169.0
60129.0
58259.0
57010.0
57735.0
62164.0
70023.0
73935.0
74197.0
73137.0
71879.0
71296.0
70202.0
67864.0
65997.0
64985.0
65864.0
71861.0
75460.0
72917.0
68320.0
65293.0
67686.0
66378.0
61857.0
60621.0
58480.0
57165.0
57649.0
61771.0
68924.0
72949.0
73941.0
73337.0
72160.0
71862.0
70664.0
68342.0
66297.0
64942.0
65653.0
71364.0
75175.0
72710.0
67661.0
64833.0
67660.0
66261.0
61833.0
60898.0
58763.0
57202.0
57799.0
61486.0
69242.0
73036.0
73362.0
72779.0
72045.0
71630.0
70628.0
68624.0
66963.0
66094.0
66668.0
71880.0
74830.0
71992.0
67517.0
64224.0
66706.0
65857.0
61225.0
60041.0
57792.0
56392.0
56896.0
60796.0
68461.0
72524.0
72886.0
72118.0
71012.0
70153.0
69462.0
66800.0
64650.0
63297.0
63635.0
69387.0
71735.0
69648.0
65355.0
62650.0
65582.0
64535.0
59906.0
58620.0
56056.0
54187.0
53801.0
55412.0
57905.0
59957.0
62645.0
64247.0
63916.0
64269.0
64943.0
61620.0
59128.0
57846.0
58452.0
64201.0
66719.0
64977.0
61809.0
60007.0
63887.0
63646.0
59398.0
57824.0
55202.0
52883.0
51998.0
52722.0
54015.0
55035.0
57257.0
59219.0
60128.0
60983.0
61802.0
57586.0
54988.0
53873.0
54791.0
61102.0
64945.0
64468.0
62169.0
60218.0
63338.0
62580.0
58751.0
57958.0
55819.0
54250.0
55171.0
59673.0
67321.0
71715.0
72316.0
72382.0
71788.0
71713.0
71150.0
69236.0
67237.0
66333.0
67236.0
71945.0
75199.0
72300.0
67470.0
64105.0
66651.0
65526.0
60480.0
59323.0
57221.0
55566.0
56003.0
60066.0
67570.0
71422.0
71631.0
71198.0
70348.0
70055.0
68969.0
66982.0
65084.0
64184.0
64920.0
70114.0
73140.0
70274.0
65586.0
62247.0
64482.0
63660.0
58957.0
57507.0
55268.0
53702.0
54207.0
58181.0
65643.0
69969.0
70480.0
69602.0
67600.0
67020.0
65976.0
63798.0
61755.0
60689.0
61260.0
66994.0
70292.0
67707.0
63109.0
60063.0
62694.0
61794.0
56708.0
55433.0
53013.0
51003.0
51270.0
54709.0
62082.0
65824.0
65279.0
65290.0
64699.0
64475.0
63893.0
62298.0
60591.0
59555.0
60376.0
65244.0
67985.0
65226.0
60849.0
57815.0
60531.0
59314.0
54718.0
53302.0
50971.0
49164.0
49666.0
53411.0
60696.0
64881.0
65177.0
65304.0
64985.0
65174.0
64940.0
62979.0
61402.0
60555.0
60885.0
65203.0
66928.0
64747.0
60511.0
58092.0
60980.0
59766.0
54602.0
52855.0
50448.0
48405.0
47874.0
49449.0
52321.0
54841.0
57338.0
59399.0
59836.0
61177.0
62336.0
58901.0
56958.0
55998.0
56879.0
62745.0
65376.0
64168.0
61515.0
59879.0
64279.0
63868.0
59654.0
58456.0
55867.0
53923.0
53170.0
54199.0
55653.0
56932.0
59315.0
61525.0
62105.0
62609.0
63363.0
59637.0
57355.0
56979.0
58225.0
63905.0
67485.0
67054.0
64720.0
62330.0
65601.0
65232.0
61242.0
60313.0
58245.0
56557.0
57291.0
61992.0
70051.0
74294.0
74695.0
74840.0
74222.0
74086.0
73455.0
71915.0
70012.0
69254.0
70434.0
75250.0
78114.0
75309.0
70532.0
66807.0
69366.0
68165.0
63710.0
62417.0
60262.0
58557.0
58823.0
63041.0
70581.0
75329.0
75113.0
75031.0
73947.0
73660.0
73127.0
71528.0
70026.0
69637.0
70621.0
75755.0
78717.0
75659.0
71118.0
67802.0
70272.0
69411.0
64364.0
63440.0
61289.0
59780.0
60247.0
64579.0
72144.0
76518.0
77282.0
77233.0
76246.0
76291.0
75699.0
73708.0
72158.0
71379.0
72669.0
77930.0
80823.0
78058.0
73010.0
70048.0
72654.0
71389.0
67124.0
66671.0
64555.0
62857.0
63127.0
67112.0
74784.0
79515.0
79440.0
79438.0
78767.0
79272.0
78502.0
76833.0
75208.0
74940.0
76258.0
81213.0
83768.0
80643.0
75930.0
72738.0
75339.0
73927.0
69169.0
68150.0
66118.0
64500.0
64855.0
68797.0
76385.0
80959.0
81329.0
81475.0
80902.0
81190.0
80842.0
78660.0
76626.0
76014.0
76947.0
81727.0
83263.0
80757.0
76498.0
73671.0
76268.0
75218.0
70233.0
68656.0
66464.0
64235.0
63533.0
65202.0
67904.0
70841.0
73513.0
75717.0
75860.0
76616.0
77846.0
74819.0
72744.0
71502.0
72510.0
76814.0
78749.0
77140.0
74051.0
72021.0
75781.0
75559.0
71059.0
69945.0
67163.0
64758.0
64001.0
64786.0
65931.0
67495.0
69749.0
72681.0
74302.0
75068.0
76086.0
71753.0
69075.0
67981.0
69326.0
74061.0
77048.0
76478.0
73567.0
70956.0
73913.0
72794.0
68168.0
67393.0
65156.0
63287.0
63783.0
67943.0
75422.0
80222.0
80063.0
80225.0
79520.0
79464.0
78578.0
76907.0
75201.0
74269.0
75239.0
79582.0
82127.0
79221.0
74629.0
71108.0
73434.0
72287.0
67918.0
67340.0
65164.0
63617.0
63972.0
67790.0
75117.0
79343.0
79174.0
78964.0
78419.0
78692.0
77731.0
75880.0
73817.0
72834.0
74199.0
78709.0
81281.0
78330.0
74134.0
70583.0
73032.0
71740.0
67033.0
66478.0
64415.0
62469.0
62773.0
66668.0
73977.0
78581.0
79331.0
79530.0
79194.0
79770.0
79276.0
77382.0
75394.0
74872.0
75756.0
79957.0
82336.0
79669.0
75494.0
72427.0
75023.0
74115.0
69778.0
69602.0
67366.0
65495.0
65794.0
69668.0
77181.0
81645.0
81291.0
81061.0
80655.0
80680.0
79642.0
77742.0
75610.0
74670.0
75605.0
79375.0
81451.0
78177.0
73398.0
69650.0
71759.0
70540.0
65765.0
64501.0
62255.0
60482.0
60911.0
64905.0
72261.0
77315.0
77457.0
77617.0
77353.0
77637.0
77060.0
75029.0
73403.0
72457.0
73754.0
79034.0
80730.0
78471.0
74699.0
71670.0
74911.0
73740.0
68918.0
67366.0
64893.0
62808.0
62426.0
63861.0
66662.0
69602.0
72114.0
73971.0
73785.0
73200.0
73309.0
70857.0
68404.0
68546.0
69741.0
74172.0
75962.0
74228.0
71224.0
69077.0
72448.0
71915.0
67440.0
66038.0
63374.0
60681.0
59768.0
60211.0
61225.0
62890.0
64701.0
67938.0
69677.0
71083.0
71890.0
68108.0
65812.0
64533.0
65242.0
68883.0
71119.0
70112.0
67023.0
64015.0
66486.0
65448.0
61314.0
60061.0
57880.0
55732.0
56278.0
60323.0
67985.0
73005.0
73578.0
74631.0
75142.0
76751.0
76827.0
75927.0
74609.0
74233.0
75013.0
78635.0
81292.0
78139.0
73435.0
69638.0
72445.0
71226.0
66641.0
65829.0
63843.0
62294.0
62776.0
67111.0
75003.0
80078.0
80120.0
79955.0
79108.0
78850.0
77862.0
75503.0
73282.0
72298.0
73974.0
79399.0
82499.0
79809.0
75823.0
72367.0
75025.0
73834.0
68823.0
68341.0
66244.0
64454.0
64593.0
68830.0
76031.0
80525.0
81065.0
80787.0
80346.0
80560.0
79979.0
78504.0
76803.0
75991.0
76513.0
79832.0
81597.0
78358.0
73458.0
69605.0
71620.0
70546.0
65836.0
64596.0
62609.0
60541.0
60694.0
64593.0
72293.0
77144.0
77023.0
76710.0
76552.0
76898.0
76649.0
74965.0
73583.0
72811.0
73876.0
77849.0
80243.0
77129.0
72633.0
69199.0
71346.0
70334.0
65758.0
64621.0
62157.0
60075.0
60439.0
64523.0
72277.0
77490.0
77416.0
77198.0
76743.0
76908.0
76469.0
74416.0
72394.0
71637.0
72801.0
77396.0
78950.0
76744.0
72530.0
69716.0
72945.0
71775.0
66422.0
64913.0
62395.0
60113.0
59511.0
61192.0
63891.0
67021.0
69140.0
70977.0
70708.0
71256.0
72103.0
68803.0
66567.0
65467.0
66773.0
72133.0
74406.0
73385.0
70285.0
68242.0
71814.0
71856.0
66834.0
65334.0
62727.0
60315.0
59393.0
60175.0
61556.0
63802.0
65624.0
68553.0
70015.0
71042.0
71900.0
68104.0
65746.0
64859.0
65726.0
70962.0
73704.0
73436.0
70498.0
67931.0
70909.0
70166.0
66065.0
64836.0
62417.0
60101.0
60335.0
64528.0
71901.0
77105.0
77615.0
78123.0
77974.0
78312.0
77863.0
76428.0
74320.0
72919.0
73871.0
78508.0
81165.0
78593.0
74225.0
70985.0
73445.0
72466.0
68302.0
67434.0
65382.0
63649.0
64303.0
68568.0
76480.0
81791.0
81786.0
81252.0
79528.0
79992.0
78992.0
76944.0
74898.0
74091.0
75453.0
80314.0
82853.0
80300.0
75907.0
72631.0
74814.0
73673.0
68782.0
68355.0
66019.0
63944.0
64102.0
67891.0
74744.0
79633.0
79990.0
79875.0
79666.0
79968.0
79405.0
77465.0
75253.0
74424.0
75172.0
78872.0
80738.0
77905.0
73306.0
69992.0
71973.0
70821.0
65484.0
64986.0
62548.0
60396.0
60351.0
63848.0
70909.0
76159.0
75994.0
75652.0
75106.0
75290.0
74897.0
73103.0
71471.0
70514.0
71287.0
75243.0
77046.0
74090.0
69728.0
66537.0
68711.0
67739.0
62687.0
61503.0
59009.0
56992.0
57012.0
60240.0
67583.0
72210.0
72173.0
71966.0
71419.0
71408.0
71315.0
69034.0
67034.0
65818.0
66243.0
70039.0
71168.0
68915.0
65210.0
62574.0
65252.0
63920.0
58839.0
57354.0
54553.0
52290.0
51702.0
52901.0
55219.0
58065.0
59926.0
61819.0
62141.0
62917.0
64517.0
61804.0
59759.0
58962.0
59373.0
63155.0
65010.0
63719.0
60897.0
58846.0
62115.0
61824.0
57387.0
56205.0
53644.0
51464.0
50640.0
51422.0
52828.0
54961.0
56811.0
59314.0
60587.0
61333.0
63195.0
60646.0
58955.0
58276.0
59155.0
63107.0
63316.0
61186.0
58963.0
57870.0
61995.0
62871.0
59678.0
58921.0
56313.0
53274.0
51880.0
52230.0
53053.0
54219.0
55029.0
57481.0
59359.0
60221.0
61409.0
58171.0
55709.0
54928.0
55848.0
60320.0
62546.0
62844.0
61627.0
59607.0
63356.0
62493.0
58117.0
57305.0
54966.0
52932.0
52841.0
55378.0
58963.0
62290.0
63991.0
66153.0
66966.0
68094.0
68960.0
66532.0
64490.0
63407.0
64449.0
68472.0
70427.0
68602.0
65305.0
62591.0
65518.0
64481.0
59804.0
58599.0
56279.0
54030.0
53959.0
56263.0
60244.0
63908.0
65937.0
68073.0
69252.0
70557.0
71419.0
69336.0
67820.0
67284.0
68346.0
72787.0
75091.0
73072.0
69431.0
66916.0
70108.0
69140.0
64824.0
63971.0
61694.0
59700.0
59683.0
62268.0
66352.0
70098.0
71971.0
73447.0
73615.0
73808.0
73931.0
71141.0
68953.0
67905.0
69034.0
74450.0
76873.0
74814.0
70945.0
68305.0
71289.0
70413.0
66051.0
65114.0
62800.0
60681.0
60494.0
62835.0
66284.0
69715.0
71525.0
73611.0
74288.0
75538.0
76458.0
74005.0
71564.0
69865.0
69813.0
73519.0
75013.0
72426.0
68398.0
65414.0
68008.0
66972.0
62289.0
60662.0
57645.0
55125.0
54206.0
55047.0
56412.0
58102.0
59258.0
61029.0
61535.0
62371.0
63912.0
61282.0
58951.0
57539.0
57553.0
61298.0
63211.0
62239.0
59370.0
57073.0
60311.0
59895.0
55410.0
54091.0
51428.0
48901.0
47694.0
48469.0
49884.0
51479.0
52980.0
55325.0
56629.0
57632.0
59508.0
57008.0
55368.0
54437.0
55513.0
60206.0
61548.0
59857.0
57294.0
56000.0
60395.0
60880.0
