Consumption in Iberian_Peninsula in 2017
29062.0
28268.0
26470.0
24886.0
23720.0
23250.0
23331.0
23540.0
23418.0
24409.0
26634.0
28466.0
29285.0
29647.0
29459.0
28196.0
27858.0
28975.0
32238.0
33814.0
34891.0
35244.0
34464.0
31639.0
28527.0
26054.0
24597.0
23903.0
23842.0
24658.0
27324.0
30911.0
34243.0
37256.0
39652.0
40549.0
40561.0
40630.0
39888.0
38984.0
38657.0
39589.0
41792.0
42518.0
42620.0
41909.0
39597.0
35924.0
32680.0
29910.0
28180.0
27506.0
27281.0
28003.0
30648.0
35015.0
38855.0
41865.0
43378.0
43603.0
42881.0
42671.0
41627.0
40558.0
40235.0
41018.0
43227.0
43809.0
43822.0
42987.0
40459.0
36661.0
33256.0
30476.0
28878.0
28134.0
27948.0
28484.0
31066.0
35345.0
38939.0
41682.0
42774.0
42709.0
41821.0
41609.0
40719.0
39700.0
39418.0
40110.0
42365.0
43015.0
42849.0
42445.0
40333.0
36726.0
33541.0
30671.0
28978.0
28147.0
27902.0
28380.0
30589.0
34539.0
37950.0
40699.0
41799.0
41847.0
40872.0
40335.0
39091.0
37685.0
37233.0
37559.0
39374.0
39613.0
39412.0
38990.0
37281.0
34671.0
32081.0
29402.0
27452.0
26388.0
25975.0
25965.0
26634.0
28362.0
29455.0
31681.0
33561.0
34310.0
33783.0
33751.0
33142.0
31603.0
30879.0
31548.0
34573.0
36154.0
36904.0
37193.0
36497.0
34001.0
31555.0
29083.0
27289.0
26305.0
26014.0
26240.0
27253.0
28824.0
30657.0
33614.0
36150.0
36539.0
36115.0
36086.0
35708.0
34537.0
33901.0
34645.0
37973.0
39583.0
40068.0
39720.0
37938.0
35326.0
32148.0
29495.0
27419.0
26408.0
25882.0
25993.0
26519.0
27274.0
28074.0
30442.0
33217.0
34430.0
34582.0
34483.0
34477.0
33342.0
32574.0
33323.0
37094.0
39322.0
40684.0
40475.0
38547.0
34960.0
31471.0
29047.0
27668.0
27097.0
27120.0
27784.0
31352.0
37473.0
42215.0
44152.0
44846.0
44536.0
43686.0
43200.0
42173.0
41547.0
41299.0
42078.0
45036.0
46377.0
46505.0
45529.0
42062.0
37716.0
34470.0
31579.0
29994.0
29302.0
29175.0
29934.0
33087.0
38787.0
43172.0
44740.0
45608.0
45692.0
45144.0
44706.0
43687.0
42971.0
42766.0
43556.0
45872.0
46906.0
46804.0
45438.0
42067.0
37845.0
34205.0
31493.0
29950.0
29326.0
29108.0
29894.0
32961.0
38589.0
42602.0
43696.0
44061.0
43760.0
42811.0
42396.0
41336.0
40637.0
40412.0
41237.0
43820.0
45392.0
45608.0
44602.0
41467.0
37326.0
33919.0
31359.0
29782.0
29107.0
28997.0
29678.0
32598.0
38154.0
42225.0
43443.0
43706.0
43338.0
42553.0
42154.0
41069.0
40419.0
40277.0
41024.0
43575.0
44918.0
44788.0
43727.0
40625.0
36480.0
33406.0
30902.0
29304.0
28618.0
28546.0
29340.0
32308.0
37820.0
41286.0
42518.0
43191.0
43107.0
42482.0
42241.0
41172.0
40470.0
40081.0
40626.0
43214.0
44503.0
44298.0
43340.0
40709.0
37307.0
34431.0
31754.0
29951.0
28997.0
28573.0
28585.0
29129.0
30828.0
32891.0
36039.0
38535.0
38945.0
38377.0
38159.0
37406.0
36070.0
35239.0
35639.0
38811.0
40689.0
41120.0
40674.0
38804.0
35972.0
32979.0
30193.0
28268.0
27178.0
26737.0
26633.0
27101.0
27991.0
28951.0
31585.0
34394.0
35636.0
35658.0
35691.0
35308.0
33870.0
33181.0
33714.0
37010.0
39460.0
40746.0
40492.0
39017.0
35657.0
32284.0
29789.0
28297.0
27758.0
27427.0
28477.0
32084.0
38239.0
42790.0
44579.0
45139.0
44686.0
43919.0
43675.0
42529.0
41847.0
41515.0
42076.0
44710.0
46261.0
46462.0
45280.0
41941.0
37682.0
34446.0
31765.0
30237.0
29786.0
29653.0
30224.0
33342.0
38979.0
43033.0
44579.0
45316.0
45088.0
44379.0
44041.0
42776.0
42318.0
42297.0
42928.0
45736.0
47748.0
47802.0
46674.0
43393.0
38912.0
35453.0
32677.0
31091.0
30572.0
30316.0
30980.0
34026.0
39998.0
44609.0
46566.0
47393.0
47501.0
47060.0
46750.0
45714.0
45069.0
44967.0
45651.0
48091.0
49502.0
49484.0
47835.0
44174.0
39743.0
36010.0
33113.0
31506.0
31016.0
30793.0
31460.0
34427.0
40233.0
44708.0
46707.0
47815.0
48214.0
47837.0
47628.0
46537.0
45783.0
45567.0
46275.0
48359.0
49650.0
49523.0
48151.0
44830.0
40389.0
36758.0
33898.0
32188.0
31476.0
31288.0
31882.0
34973.0
40657.0
44697.0
46822.0
47866.0
48067.0
47442.0
46851.0
45469.0
44539.0
44122.0
44331.0
46306.0
47556.0
47117.0
45931.0
43012.0
39438.0
36183.0
33348.0
31241.0
30147.0
29452.0
29410.0
29931.0
31627.0
33840.0
37574.0
40559.0
41319.0
40854.0
40583.0
39500.0
37931.0
37122.0
37407.0
39967.0
41704.0
42256.0
41749.0
39777.0
36938.0
33859.0
30954.0
28912.0
27774.0
27190.0
27306.0
27677.0
28499.0
29388.0
31955.0
34967.0
36312.0
36451.0
36608.0
36274.0
34915.0
34292.0
34433.0
37503.0
40027.0
41214.0
41292.0
39584.0
36094.0
32435.0
30100.0
28602.0
28076.0
28062.0
28981.0
32688.0
38710.0
43169.0
45015.0
46083.0
45983.0
45263.0
44891.0
43723.0
43121.0
42664.0
42996.0
45250.0
47292.0
47469.0
46092.0
42776.0
38395.0
35104.0
32320.0
30833.0
30127.0
30025.0
30637.0
33741.0
39540.0
43695.0
45380.0
46091.0
45712.0
44791.0
44131.0
43068.0
42203.0
41787.0
42056.0
44621.0
47039.0
47346.0
46035.0
42748.0
38426.0
35002.0
32397.0
30925.0
30289.0
30074.0
30824.0
34014.0
39962.0
44098.0
45745.0
46383.0
46097.0
45200.0
44787.0
43641.0
42820.0
42555.0
42966.0
45328.0
47543.0
47582.0
46180.0
43038.0
38827.0
35466.0
32807.0
31276.0
30592.0
30332.0
31074.0
34257.0
39900.0
43879.0
45618.0
46528.0
46547.0
46086.0
45725.0
44589.0
44067.0
43945.0
44312.0
46104.0
47655.0
47474.0
46003.0
42893.0
38823.0
35437.0
32702.0
31086.0
30342.0
30055.0
30738.0
33744.0
39265.0
43023.0
44736.0
45613.0
45807.0
45376.0
45057.0
43788.0
42921.0
42496.0
42561.0
44129.0
45666.0
45359.0
44213.0
41572.0
38150.0
35308.0
32619.0
30538.0
29574.0
29098.0
28911.0
29512.0
31099.0
33067.0
36219.0
38710.0
39030.0
38579.0
38226.0
37472.0
36344.0
35445.0
35450.0
37707.0
39975.0
40453.0
40000.0
38298.0
35723.0
32827.0
30034.0
28071.0
27086.0
26690.0
26768.0
27118.0
27887.0
28651.0
31284.0
34049.0
35369.0
35411.0
35539.0
35178.0
33685.0
32898.0
33056.0
35791.0
38657.0
39935.0
39716.0
37968.0
34767.0
31608.0
29240.0
27933.0
27438.0
27370.0
28280.0
31898.0
37655.0
41620.0
43274.0
43677.0
43666.0
43112.0
42773.0
41763.0
40958.0
40589.0
40617.0
42416.0
44623.0
44809.0
43591.0
40504.0
36506.0
33462.0
31055.0
29628.0
29051.0
28902.0
29539.0
32643.0
38283.0
41831.0
42946.0
43210.0
42922.0
42503.0
42255.0
41261.0
40600.0
40281.0
40117.0
41803.0
44220.0
44436.0
43480.0
40318.0
36327.0
32707.0
30855.0
29446.0
28649.0
28477.0
29293.0
32294.0
37770.0
41303.0
42549.0
42766.0
42699.0
42234.0
41882.0
40838.0
40171.0
39765.0
39799.0
41461.0
43677.0
44118.0
43017.0
39901.0
36114.0
33252.0
30781.0
29370.0
28952.0
28797.0
29368.0
32236.0
37560.0
40697.0
42005.0
42453.0
42590.0
42732.0
42702.0
41687.0
40990.0
40569.0
40374.0
41783.0
43754.0
43935.0
42598.0
39765.0
35952.0
33387.0
30894.0
29294.0
28815.0
28475.0
29266.0
32163.0
37231.0
40659.0
41967.0
42550.0
42522.0
42053.0
41805.0
40720.0
39956.0
39626.0
39392.0
40706.0
42519.0
42263.0
41263.0
38765.0
35756.0
33216.0
30721.0
28987.0
28201.0
27512.0
27521.0
28179.0
29584.0
31476.0
34315.0
36523.0
37183.0
37037.0
36956.0
35985.0
34771.0
34110.0
34103.0
35868.0
37804.0
37963.0
37323.0
35619.0
33344.0
30756.0
28544.0
27026.0
26098.0
25642.0
25688.0
26074.0
26799.0
27424.0
29898.0
32413.0
33517.0
33872.0
33870.0
33279.0
31716.0
30857.0
30783.0
33146.0
36386.0
37759.0
37688.0
36327.0
33329.0
30473.0
28467.0
27456.0
26987.0
26851.0
27743.0
31288.0
36716.0
40507.0
42192.0
42536.0
42409.0
41623.0
41192.0
40164.0
39510.0
38978.0
38725.0
40140.0
42629.0
43006.0
41994.0
38957.0
35327.0
32576.0
30411.0
29150.0
28552.0
28393.0
29132.0
32234.0
37342.0
40501.0
41654.0
41715.0
41638.0
41021.0
40815.0
39779.0
39085.0
38771.0
38854.0
40221.0
42791.0
43130.0
41997.0
38979.0
35473.0
32559.0
30428.0
29067.0
28525.0
28476.0
29244.0
32205.0
37680.0
41016.0
42277.0
42413.0
42178.0
41762.0
41364.0
40206.0
39420.0
38964.0
38864.0
40239.0
43199.0
43773.0
42677.0
39796.0
35953.0
33123.0
30918.0
29577.0
28995.0
28846.0
29464.0
32624.0
38120.0
41549.0
43168.0
43524.0
43118.0
42296.0
41888.0
40774.0
40312.0
40086.0
40318.0
41672.0
44305.0
44627.0
43444.0
40496.0
36624.0
33624.0
31386.0
29946.0
29514.0
29314.0
30118.0
33292.0
38535.0
41964.0
43419.0
44056.0
44152.0
43820.0
43609.0
42489.0
41526.0
40942.0
40661.0
41699.0
43707.0
43846.0
42742.0
40074.0
36848.0
34222.0
31769.0
29837.0
28903.0
28509.0
28498.0
28935.0
30437.0
32415.0
35820.0
38535.0
39122.0
38922.0
38721.0
38036.0
36498.0
35646.0
35580.0
37225.0
39471.0
39883.0
39006.0
37235.0
34607.0
31937.0
29465.0
27625.0
26635.0
26137.0
26036.0
26505.0
27113.0
27912.0
30688.0
33390.0
34928.0
35446.0
35521.0
35012.0
33496.0
32634.0
32576.0
34446.0
37338.0
38616.0
38239.0
36862.0
33860.0
30784.0
28622.0
27526.0
26988.0
26933.0
27867.0
31214.0
36685.0
40371.0
42269.0
43067.0
42988.0
42383.0
42170.0
41098.0
40238.0
39845.0
39650.0
40672.0
43493.0
44055.0
42990.0
39684.0
35819.0
33007.0
30660.0
29353.0
28836.0
28812.0
29399.0
32427.0
37732.0
41045.0
42532.0
42751.0
42451.0
41774.0
41497.0
40445.0
39675.0
39370.0
39214.0
40477.0
43524.0
43948.0
42578.0
39562.0
35788.0
32757.0
30465.0
29037.0
28573.0
28463.0
29195.0
31943.0
37196.0
40196.0
41514.0
41665.0
41394.0
40677.0
40440.0
39422.0
38666.0
37955.0
37686.0
39105.0
42534.0
43056.0
41949.0
38877.0
35253.0
32528.0
30289.0
28958.0
28490.0
28420.0
29201.0
32106.0
37189.0
40165.0
41335.0
41581.0
41275.0
40628.0
40426.0
39386.0
38614.0
38146.0
37957.0
39053.0
42279.0
42975.0
42057.0
39028.0
35443.0
32907.0
30808.0
29321.0
28773.0
28653.0
29452.0
32287.0
37179.0
40129.0
41497.0
41481.0
41165.0
40474.0
39939.0
38680.0
37664.0
37124.0
36892.0
37823.0
41051.0
41499.0
40680.0
38204.0
35219.0
32928.0
30716.0
28966.0
28174.0
27750.0
27688.0
28219.0
29606.0
31512.0
34718.0
36522.0
36670.0
36201.0
36017.0
35151.0
33766.0
32870.0
32737.0
34353.0
37395.0
38146.0
37619.0
35830.0
33344.0
30708.0
28327.0
26815.0
26014.0
25587.0
25606.0
25994.0
26405.0
27167.0
29785.0
31899.0
32849.0
32871.0
32862.0
32488.0
31069.0
30060.0
29942.0
31626.0
35342.0
37078.0
36901.0
35364.0
32600.0
29684.0
27673.0
26574.0
26117.0
26164.0
27165.0
30535.0
35874.0
39371.0
40966.0
41294.0
41195.0
40562.0
40265.0
39173.0
38476.0
37895.0
37594.0
38402.0
41559.0
42495.0
41484.0
38376.0
34721.0
32092.0
29917.0
28702.0
28244.0
28126.0
28787.0
32058.0
36947.0
39973.0
41225.0
41377.0
40935.0
40262.0
39937.0
38853.0
38064.0
37448.0
37305.0
38129.0
41640.0
42601.0
41499.0
38576.0
34827.0
32206.0
30211.0
28905.0
28374.0
28347.0
29050.0
31864.0
36732.0
39635.0
41118.0
41176.0
40875.0
40196.0
39774.0
38876.0
38020.0
37446.0
37292.0
38207.0
41387.0
42076.0
41249.0
38281.0
34643.0
32212.0
29930.0
28659.0
28159.0
28058.0
28772.0
31554.0
36349.0
39326.0
40758.0
41171.0
41319.0
40927.0
40758.0
39647.0
38857.0
38425.0
38238.0
38967.0
41747.0
42256.0
41289.0
38266.0
34767.0
32133.0
30102.0
28761.0
28375.0
28342.0
29083.0
31739.0
36396.0
39339.0
40800.0
41035.0
41085.0
40547.0
40067.0
38869.0
37805.0
37051.0
36751.0
37130.0
40064.0
40670.0
39989.0
37311.0
34455.0
32398.0
30430.0
28708.0
27875.0
27383.0
27264.0
27839.0
29024.0
31045.0
34254.0
35811.0
35990.0
35431.0
35055.0
34051.0
32892.0
32020.0
31825.0
32599.0
35624.0
36716.0
36333.0
34722.0
32336.0
29945.0
27871.0
26482.0
25594.0
25173.0
25242.0
25657.0
26104.0
26913.0
29529.0
31510.0
32373.0
32161.0
32103.0
31627.0
30303.0
29664.0
29424.0
30744.0
34358.0
36036.0
36053.0
34891.0
32332.0
29661.0
27682.0
26576.0
26068.0
26059.0
26878.0
29932.0
33875.0
36793.0
39075.0
39689.0
39843.0
39479.0
39296.0
38194.0
37199.0
36731.0
36491.0
36915.0
39895.0
40723.0
39834.0
36965.0
33573.0
31392.0
29314.0
28163.0
27504.0
27416.0
28123.0
30364.0
33439.0
35625.0
37709.0
38445.0
38913.0
38703.0
38355.0
37059.0
36000.0
35449.0
35508.0
36003.0
39116.0
40072.0
39400.0
36886.0
33784.0
31770.0
29303.0
28371.0
28036.0
27887.0
28565.0
31405.0
35966.0
39180.0
40832.0
41255.0
41039.0
40540.0
40166.0
39173.0
38187.0
37531.0
37204.0
37573.0
40966.0
42073.0
41161.0
38301.0
34912.0
32279.0
30170.0
28847.0
28426.0
28291.0
28982.0
31791.0
36251.0
39393.0
40694.0
40921.0
40720.0
39975.0
39435.0
38306.0
37529.0
37015.0
36753.0
37374.0
40773.0
42037.0
40968.0
38141.0
34718.0
32336.0
30156.0
28801.0
28324.0
28196.0
28750.0
31547.0
36030.0
39013.0
40582.0
41276.0
41623.0
41460.0
41095.0
40324.0
39465.0
38931.0
38773.0
39275.0
41729.0
42358.0
41058.0
38453.0
35429.0
32852.0
30511.0
28793.0
28022.0
27682.0
27657.0
28112.0
29052.0
31002.0
34283.0
36605.0
37378.0
37236.0
37138.0
36073.0
34482.0
33332.0
32977.0
33786.0
36870.0
38153.0
37766.0
35895.0
33378.0
30904.0
28602.0
26896.0
25970.0
25510.0
25433.0
25805.0
25934.0
27039.0
29805.0
32229.0
33437.0
33706.0
33664.0
33122.0
31690.0
30741.0
30517.0
31598.0
35089.0
37030.0
37019.0
35386.0
32633.0
29720.0
27835.0
26562.0
25930.0
26042.0
26911.0
30042.0
34690.0
38224.0
39759.0
40284.0
40300.0
39842.0
39376.0
38359.0
37726.0
37038.0
36691.0
36968.0
40200.0
41600.0
40395.0
37600.0
34089.0
31565.0
29525.0
28258.0
27786.0
27584.0
28320.0
31038.0
35387.0
38633.0
39894.0
40240.0
40089.0
39684.0
39086.0
37927.0
36960.0
36526.0
36246.0
36718.0
39900.0
41280.0
40074.0
37207.0
33676.0
31184.0
29362.0
28262.0
27842.0
27702.0
28381.0
31084.0
35142.0
38111.0
39126.0
39276.0
39108.0
38699.0
38190.0
37189.0
36280.0
35701.0
35297.0
35493.0
38582.0
40273.0
39099.0
36378.0
33280.0
31006.0
29078.0
27921.0
27428.0
27307.0
27996.0
30588.0
34389.0
37370.0
38614.0
38744.0
38679.0
38371.0
38103.0
37134.0
36384.0
35798.0
35459.0
35439.0
38314.0
39923.0
38857.0
36043.0
32768.0
30682.0
28956.0
27884.0
27454.0
27456.0
27963.0
30465.0
34326.0
37160.0
37863.0
38117.0
38336.0
37975.0
37690.0
36569.0
35677.0
35043.0
34469.0
34391.0
36608.0
37983.0
37320.0
34880.0
32292.0
30418.0
28705.0
27290.0
26447.0
26114.0
26041.0
26251.0
27013.0
29063.0
31823.0
33233.0
33427.0
33292.0
33074.0
32209.0
30820.0
30018.0
29626.0
30180.0
33094.0
34551.0
34080.0
32362.0
30039.0
28102.0
26384.0
25080.0
24288.0
23982.0
23981.0
24144.0
24208.0
25389.0
27623.0
29319.0
30125.0
30116.0
30017.0
29541.0
28436.0
27758.0
27585.0
28618.0
32064.0
34344.0
34097.0
32637.0
30290.0
27891.0
26332.0
25510.0
25147.0
25194.0
26122.0
29075.0
33577.0
37088.0
38888.0
39803.0
40252.0
40217.0
39668.0
38613.0
37864.0
37453.0
37330.0
37687.0
40058.0
41267.0
40016.0
36854.0
33456.0
31017.0
29256.0
28046.0
27776.0
27620.0
28288.0
30908.0
35050.0
38410.0
39761.0
40388.0
40412.0
40171.0
39633.0
38435.0
37637.0
37075.0
36685.0
36770.0
39650.0
41200.0
39908.0
36932.0
33438.0
30903.0
28990.0
27823.0
27398.0
27297.0
28067.0
30721.0
34671.0
37809.0
38870.0
39018.0
38845.0
38415.0
37943.0
37036.0
36353.0
35787.0
35405.0
35515.0
38484.0
40521.0
39563.0
36601.0
33210.0
30816.0
29022.0
27900.0
27514.0
27396.0
27968.0
30325.0
34142.0
37375.0
38382.0
38568.0
38535.0
38297.0
37892.0
37046.0
36314.0
35968.0
35661.0
35758.0
38427.0
40339.0
39386.0
36573.0
33373.0
31112.0
29143.0
28003.0
27565.0
27513.0
28186.0
30478.0
34022.0
36976.0
38326.0
38684.0
38553.0
37984.0
37692.0
36632.0
35569.0
34927.0
34417.0
34500.0
37216.0
38816.0
37942.0
35353.0
32430.0
30335.0
28609.0
27231.0
26521.0
26089.0
25986.0
26278.0
27099.0
29332.0
31808.0
33044.0
33167.0
32825.0
32688.0
31811.0
30599.0
29743.0
29303.0
29648.0
32430.0
34554.0
34282.0
32542.0
30490.0
28226.0
26250.0
24957.0
24259.0
23875.0
23820.0
24057.0
24139.0
25592.0
27741.0
29368.0
29945.0
29717.0
29475.0
28777.0
27560.0
27031.0
26764.0
27575.0
30754.0
33543.0
33601.0
32331.0
30086.0
27758.0
26166.0
25160.0
24767.0
24889.0
25696.0
28437.0
31593.0
34788.0
36382.0
37164.0
37464.0
37233.0
36863.0
35954.0
35065.0
34510.0
34166.0
34209.0
37000.0
39250.0
38338.0
35395.0
32033.0
29998.0
28206.0
27357.0
27049.0
26989.0
27741.0
30110.0
33767.0
37024.0
38490.0
38944.0
39073.0
38816.0
38626.0
37627.0
36849.0
36311.0
36079.0
36140.0
38840.0
40714.0
39555.0
36532.0
33100.0
31001.0
29369.0
28225.0
27786.0
27659.0
28470.0
30885.0
34632.0
37841.0
39311.0
39847.0
40088.0
39874.0
39455.0
38565.0
37869.0
37533.0
37386.0
37399.0
40026.0
41796.0
40637.0
37527.0
34014.0
31724.0
29952.0
28821.0
28338.0
28260.0
28937.0
31369.0
35180.0
38752.0
40270.0
40852.0
40917.0
40746.0
40411.0
39538.0
38768.0
38199.0
37901.0
38162.0
40734.0
42942.0
41623.0
38451.0
34827.0
32335.0
30362.0
29253.0
28635.0
28598.0
29377.0
31825.0
35893.0
39666.0
41392.0
41884.0
41958.0
41407.0
41126.0
39886.0
39025.0
38493.0
38156.0
38326.0
40458.0
42231.0
41076.0
38311.0
35164.0
32670.0
30518.0
28825.0
28068.0
27753.0
27702.0
27852.0
28794.0
31572.0
34869.0
36727.0
37275.0
37192.0
37101.0
36075.0
34577.0
33494.0
33192.0
33557.0
36107.0
38216.0
37823.0
35824.0
33289.0
30516.0
28375.0
26765.0
25963.0
25731.0
25954.0
26330.0
26660.0
28540.0
30924.0
32297.0
32788.0
32861.0
32731.0
31524.0
30442.0
29975.0
30169.0
31335.0
35000.0
37198.0
35508.0
32760.0
29860.0
27805.0
26621.0
26259.0
26216.0
27027.0
30297.0
35282.0
38818.0
40425.0
41473.0
41885.0
41713.0
41248.0
40017.0
38988.0
38189.0
37584.0
37052.0
37496.0
40197.0
41524.0
38412.0
35081.0
32331.0
30115.0
28811.0
28370.0
28107.0
28654.0
31336.0
36097.0
39229.0
40593.0
40777.0
40308.0
39521.0
38948.0
37811.0
36812.0
36124.0
35689.0
35208.0
35664.0
38626.0
40604.0
37813.0
34573.0
32005.0
29853.0
28581.0
28052.0
27901.0
28497.0
31126.0
35856.0
38706.0
39837.0
39612.0
39224.0
38785.0
38308.0
37320.0
36337.0
35814.0
35272.0
34709.0
35164.0
37922.0
39861.0
36971.0
33821.0
31500.0
29462.0
28207.0
27632.0
27434.0
27994.0
30533.0
35111.0
37731.0
38629.0
38680.0
38492.0
38182.0
37625.0
36620.0
35818.0
35431.0
35071.0
34574.0
35269.0
37865.0
39253.0
36459.0
33424.0
31390.0
29584.0
28236.0
27809.0
27556.0
28134.0
30708.0
35048.0
37623.0
38758.0
38952.0
38795.0
38378.0
37695.0
36513.0
35520.0
35094.0
34553.0
34167.0
34627.0
36683.0
38135.0
35645.0
33062.0
32452.0
29688.0
28089.0
27195.0
26752.0
26499.0
27031.0
28034.0
29162.0
31930.0
33660.0
33756.0
33530.0
33493.0
32541.0
31244.0
30259.0
29726.0
29568.0
29876.0
32008.0
35098.0
33650.0
31889.0
29819.0
27778.0
26188.0
25438.0
25069.0
24889.0
25225.0
25745.0
25994.0
27993.0
29556.0
30360.0
30626.0
30671.0
30136.0
28845.0
27902.0
27357.0
27419.0
28255.0
30837.0
34680.0
33722.0
31401.0
28841.0
26925.0
25846.0
25309.0
25306.0
26072.0
29164.0
33469.0
36141.0
37977.0
38253.0
38213.0
38351.0
37906.0
36675.0
36076.0
35626.0
35368.0
34723.0
34542.0
36625.0
39327.0
36596.0
33543.0
31165.0
29184.0
28066.0
27491.0
27258.0
27755.0
30142.0
33985.0
36557.0
37980.0
38123.0
38185.0
38379.0
37945.0
36750.0
36200.0
35970.0
35622.0
35117.0
35100.0
36864.0
39205.0
36523.0
33488.0
31071.0
29162.0
27914.0
27387.0
27186.0
27515.0
29882.0
33917.0
36158.0
37741.0
38060.0
38022.0
38180.0
37777.0
36600.0
36107.0
35718.0
35621.0
35101.0
35143.0
36966.0
39345.0
36398.0
33301.0
31117.0
29109.0
27864.0
27222.0
26994.0
27574.0
29935.0
33741.0
35820.0
37340.0
37733.0
37896.0
38004.0
37593.0
36535.0
36178.0
35826.0
35570.0
34849.0
34759.0
36260.0
38718.0
36222.0
33353.0
31158.0
29018.0
27815.0
27348.0
27067.0
27548.0
29883.0
33524.0
35581.0
37397.0
37779.0
37888.0
38122.0
37896.0
36760.0
35954.0
35593.0
35175.0
34356.0
34210.0
35275.0
37484.0
35293.0
32841.0
30978.0
29004.0
27547.0
26770.0
26379.0
26181.0
26728.0
27715.0
29055.0
31805.0
33429.0
33748.0
33654.0
33447.0
32450.0
31220.0
30398.0
29965.0
29771.0
29959.0
31430.0
34382.0
32900.0
30699.0
28608.0
26709.0
25295.0
24508.0
24089.0
24017.0
24391.0
24703.0
25199.0
27391.0
29288.0
30161.0
30181.0
30231.0
29629.0
28365.0
27532.0
27116.0
27275.0
27748.0
29514.0
33117.0
32617.0
30700.0
28338.0
26659.0
25687.0
25198.0
25097.0
25694.0
28154.0
31264.0
33266.0
35695.0
36653.0
36869.0
37154.0
37012.0
36085.0
35358.0
35013.0
34881.0
34309.0
34044.0
35184.0
37658.0
35250.0
32495.0
30356.0
28537.0
27302.0
26819.0
26491.0
26862.0
29052.0
31704.0
33706.0
36087.0
36860.0
37176.0
37466.0
37227.0
36133.0
35701.0
35479.0
35202.0
34479.0
34230.0
35272.0
37531.0
35168.0
32581.0
30413.0
28730.0
27377.0
26829.0
26624.0
26937.0
28790.0
31313.0
33206.0
35485.0
36342.0
36536.0
36685.0
36486.0
35631.0
35151.0
34873.0
34718.0
34050.0
33715.0
34502.0
36559.0
34175.0
31871.0
29874.0
27933.0
26485.0
25706.0
25311.0
25159.0
25839.0
26531.0
27263.0
29874.0
31318.0
31852.0
31979.0
31793.0
31222.0
30375.0
29752.0
29333.0
28943.0
28966.0
30071.0
32487.0
31242.0
29470.0
27844.0
26150.0
24771.0
23959.0
23595.0
23416.0
23772.0
23766.0
23870.0
25904.0
27566.0
28346.0
28354.0
28530.0
28092.0
26976.0
26381.0
26043.0
25859.0
26236.0
27667.0
30393.0
29840.0
28354.0
26884.0
25283.0
24175.0
23498.0
23058.0
23076.0
23724.0
24290.0
25215.0
27470.0
29244.0
29848.0
30031.0
30249.0
29735.0
28755.0
27948.0
27647.0
27562.0
27963.0
29047.0
31795.0
30534.0
28367.0
26512.0
24771.0
23350.0
22769.0
22361.0
22268.0
22532.0
22382.0
22718.0
24901.0
26740.0
27635.0
27896.0
27907.0
27351.0
25929.0
25275.0
25073.0
24949.0
25446.0
26994.0
30294.0
29836.0
28036.0
26204.0
24407.0
23374.0
22861.0
22781.0
23036.0
24474.0
26106.0
27544.0
29875.0
30868.0
31369.0
31691.0
31972.0
31277.0
30273.0
29912.0
29847.0
29690.0
29935.0
31325.0
34182.0
32623.0
29871.0
27893.0
26250.0
25283.0
24926.0
24874.0
25404.0
27779.0
30816.0
33145.0
35314.0
36230.0
36655.0
37105.0
36950.0
36017.0
35552.0
35377.0
35387.0
34927.0
34811.0
35914.0
37878.0
35366.0
32619.0
30558.0
28660.0
27557.0
27180.0
27057.0
27448.0
29505.0
32304.0
34616.0
36343.0
37258.0
37589.0
37961.0
37673.0
36461.0
35931.0
35695.0
35698.0
35105.0
35158.0
36412.0
38072.0
35488.0
32603.0
30688.0
28945.0
27767.0
27328.0
27195.0
27626.0
29858.0
32557.0
34866.0
36718.0
37438.0
37603.0
37844.0
37550.0
36452.0
35963.0
35732.0
35590.0
34968.0
34813.0
35882.0
38418.0
36099.0
33042.0
31161.0
29139.0
27913.0
27390.0
27184.0
27715.0
29838.0
32488.0
35113.0
37092.0
37665.0
37743.0
37922.0
37542.0
36229.0
35565.0
35250.0
35007.0
34420.0
34148.0
34804.0
37139.0
35239.0
32743.0
30875.0
29029.0
27537.0
26851.0
26499.0
26341.0
26724.0
26938.0
28600.0
31325.0
32998.0
33545.0
33633.0
33627.0
32767.0
31441.0
30445.0
29980.0
29627.0
29907.0
30897.0
33844.0
32700.0
30554.0
28766.0
26832.0
25433.0
24637.0
24112.0
23928.0
24231.0
23849.0
24584.0
26839.0
28579.0
29393.0
29859.0
30173.0
29780.0
28474.0
27633.0
27200.0
27222.0
27931.0
29480.0
32435.0
31969.0
30266.0
28223.0
26344.0
25425.0
24856.0
24528.0
25159.0
27527.0
29993.0
32323.0
34256.0
34944.0
35379.0
35659.0
35561.0
34757.0
34136.0
33934.0
33880.0
33424.0
33429.0
34729.0
36751.0
34692.0
31755.0
29820.0
28106.0
27085.0
26632.0
26473.0
26868.0
28982.0
31709.0
33790.0
35270.0
35901.0
36216.0
36582.0
36644.0
35443.0
34680.0
34598.0
34532.0
34197.0
34499.0
35685.0
37522.0
35148.0
32187.0
30345.0
28652.0
27672.0
27163.0
26862.0
27373.0
29562.0
32521.0
34772.0
36440.0
37156.0
37709.0
38182.0
38036.0
36902.0
36312.0
36029.0
35943.0
35389.0
35537.0
36581.0
38353.0
36112.0
33032.0
31093.0
29212.0
28104.0
27668.0
27427.0
27859.0
30053.0
32770.0
35502.0
37428.0
38109.0
38383.0
38720.0
38325.0
37054.0
36597.0
36298.0
36211.0
35742.0
35689.0
36752.0
38605.0
36535.0
33424.0
31393.0
29212.0
28013.0
27573.0
27358.0
27866.0
29983.0
33065.0
35982.0
37831.0
38491.0
38517.0
38802.0
38362.0
37090.0
36276.0
35676.0
35307.0
34739.0
34586.0
35375.0
37275.0
35712.0
33160.0
31125.0
29063.0
27525.0
26655.0
26176.0
26029.0
26395.0
26784.0
28675.0
31516.0
33458.0
33910.0
34130.0
34089.0
33341.0
31944.0
30969.0
30416.0
30225.0
30534.0
31678.0
34067.0
33247.0
31047.0
28932.0
26967.0
25459.0
24561.0
24059.0
23963.0
24172.0
24001.0
24991.0
27237.0
29286.0
30363.0
30867.0
31193.0
30685.0
29001.0
28214.0
27725.0
27712.0
28091.0
29345.0
31859.0
31741.0
29927.0
27970.0
25865.0
24441.0
23486.0
23122.0
23044.0
23226.0
22958.0
23981.0
26212.0
27903.0
28829.0
29107.0
29445.0
28949.0
27638.0
26791.0
26543.0
26703.0
27243.0
28786.0
32089.0
32165.0
29924.0
27632.0
25776.0
24604.0
24152.0
23983.0
24636.0
27279.0
29992.0
32840.0
35072.0
36128.0
36591.0
36943.0
36705.0
35770.0
35314.0
35018.0
34861.0
34355.0
34342.0
35454.0
37284.0
35636.0
32763.0
30316.0
28411.0
27273.0
26806.0
26631.0
27061.0
29173.0
31902.0
34999.0
36703.0
37394.0
37751.0
38084.0
37835.0
36749.0
36367.0
36122.0
35828.0
35332.0
35309.0
36063.0
38062.0
36245.0
33171.0
31045.0
29146.0
28109.0
27417.0
27277.0
27801.0
29688.0
32189.0
34949.0
36614.0
37088.0
37589.0
37900.0
37755.0
36751.0
36317.0
36136.0
36043.0
35556.0
35507.0
36354.0
38078.0
36073.0
33105.0
31217.0
29465.0
28339.0
27739.0
27538.0
27961.0
30035.0
32445.0
35095.0
36904.0
37606.0
37849.0
38169.0
37817.0
36519.0
35835.0
35535.0
35155.0
34631.0
34476.0
35004.0
36695.0
35167.0
32776.0
31036.0
29249.0
27753.0
26833.0
26333.0
26365.0
26624.0
26824.0
28703.0
31250.0
32800.0
33400.0
33365.0
33343.0
32472.0
31195.0
30347.0
29788.0
29506.0
29719.0
30368.0
32541.0
32303.0
30402.0
28376.0
26489.0
25125.0
24294.0
23915.0
23767.0
23889.0
23414.0
24589.0
26626.0
28621.0
29619.0
29844.0
29883.0
29440.0
28145.0
27543.0
27335.0
27266.0
27686.0
28808.0
31697.0
32309.0
30286.0
28125.0
26499.0
25309.0
24923.0
24789.0
25423.0
28010.0
30742.0
33573.0
35559.0
36559.0
36931.0
37443.0
37284.0
36392.0
35991.0
35939.0
35926.0
35347.0
35053.0
35609.0
37145.0
35468.0
32435.0
30563.0
28851.0
27604.0
27227.0
27101.0
27492.0
29283.0
31863.0
34608.0
36470.0
37256.0
37632.0
38113.0
37985.0
36950.0
36440.0
36169.0
36048.0
35601.0
35441.0
36279.0
37590.0
35904.0
32982.0
30912.0
29226.0
27994.0
27563.0
27401.0
27881.0
29892.0
32499.0
35059.0
37007.0
37642.0
37832.0
38308.0
38096.0
36891.0
36470.0
36251.0
36157.0
35748.0
35668.0
36381.0
37401.0
35524.0
32843.0
30966.0
29290.0
28158.0
27627.0
27372.0
27705.0
29617.0
32074.0
34868.0
36732.0
37554.0
37859.0
38213.0
37898.0
36714.0
36307.0
36102.0
35772.0
35280.0
35096.0
35761.0
37168.0
35755.0
32789.0
30707.0
29041.0
27861.0
27267.0
27047.0
27413.0
29263.0
31607.0
34503.0
36484.0
37237.0
37541.0
37931.0
37725.0
36590.0
36112.0
35740.0
35362.0
34849.0
34557.0
34921.0
36147.0
34907.0
32356.0
30678.0
28799.0
27430.0
26639.0
26212.0
25991.0
26139.0
26281.0
28325.0
31051.0
32967.0
33420.0
33460.0
33504.0
32620.0
31217.0
30319.0
30082.0
29805.0
29940.0
30677.0
32480.0
32054.0
30148.0
28060.0
26435.0
25006.0
24127.0
23618.0
23653.0
23692.0
23091.0
24408.0
26468.0
28254.0
29426.0
29869.0
30154.0
29953.0
28501.0
27823.0
27437.0
27489.0
28072.0
29164.0
31553.0
32266.0
30289.0
28086.0
26409.0
25182.0
24733.0
24687.0
25225.0
27270.0
29690.0
32620.0
34544.0
35802.0
36463.0
37080.0
37121.0
36248.0
35752.0
35492.0
35526.0
34947.0
34853.0
35503.0
36771.0
35424.0
32566.0
30749.0
29010.0
27848.0
27404.0
27280.0
27652.0
29523.0
31879.0
34661.0
36755.0
37632.0
38240.0
38659.0
38721.0
37654.0
37302.0
37237.0
37312.0
36689.0
36169.0
36466.0
37550.0
36207.0
33270.0
31207.0
29398.0
28321.0
27862.0
27620.0
27953.0
29527.0
31924.0
34525.0
36596.0
37514.0
37989.0
38534.0
38311.0
37253.0
36970.0
36810.0
36771.0
36324.0
35945.0
36177.0
37097.0
35821.0
33090.0
31102.0
29368.0
28138.0
27672.0
27446.0
27855.0
29622.0
32054.0
34837.0
36638.0
37332.0
37766.0
38322.0
38034.0
36702.0
36341.0
36112.0
36130.0
35634.0
35383.0
35581.0
36553.0
35602.0
32677.0
30797.0
29020.0
27843.0
27281.0
27136.0
27514.0
29312.0
31905.0
34654.0
36494.0
37111.0
37426.0
37786.0
37584.0
36392.0
35547.0
35212.0
35030.0
34484.0
34217.0
34423.0
35222.0
34728.0
32252.0
30667.0
28885.0
27446.0
26731.0
26196.0
26042.0
25992.0
26451.0
28393.0
30886.0
32556.0
33149.0
33339.0
33390.0
32611.0
31460.0
30780.0
30478.0
30323.0
30570.0
30919.0
32225.0
32301.0
30281.0
28459.0
26797.0
25552.0
24766.0
24353.0
24145.0
24003.0
23755.0
25009.0
27018.0
28858.0
29943.0
30516.0
30922.0
30636.0
29326.0
28487.0
28212.0
28431.0
28979.0
30074.0
31569.0
32362.0
30464.0
28494.0
27047.0
26047.0
25385.0
25358.0
26005.0
28160.0
31074.0
34068.0
36138.0
37086.0
37664.0
38319.0
38349.0
37376.0
36884.0
36778.0
36833.0
36245.0
35877.0
36127.0
36862.0
35840.0
32886.0
30746.0
29044.0
27963.0
27584.0
27329.0
27745.0
29572.0
32089.0
34878.0
36835.0
37887.0
38657.0
39379.0
39443.0
38492.0
38192.0
38255.0
38284.0
37719.0
37307.0
37192.0
37688.0
36672.0
33737.0
31724.0
29978.0
28781.0
28227.0
28011.0
28446.0
30092.0
32547.0
35391.0
37335.0
38412.0
39238.0
40016.0
39912.0
38908.0
38725.0
38812.0
38889.0
38329.0
37878.0
37510.0
37923.0
36951.0
33995.0
32080.0
30289.0
29093.0
28611.0
28343.0
28642.0
30135.0
32510.0
35308.0
37567.0
38767.0
39628.0
40441.0
40486.0
39562.0
39254.0
39437.0
39532.0
38794.0
38206.0
37959.0
38193.0
37131.0
34377.0
32521.0
30633.0
29340.0
28808.0
28434.0
28802.0
30213.0
32662.0
35595.0
37916.0
39030.0
39777.0
40533.0
40346.0
39111.0
38493.0
38355.0
38291.0
37613.0
37006.0
36696.0
36992.0
35996.0
33841.0
32229.0
30224.0
28837.0
28068.0
27511.0
27164.0
26957.0
27127.0
29280.0
31908.0
33777.0
34482.0
34947.0
35186.0
34417.0
33267.0
32524.0
32293.0
32226.0
32214.0
32506.0
33760.0
33427.0
31359.0
29457.0
27818.0
26486.0
25676.0
25195.0
24951.0
24510.0
24195.0
25392.0
27349.0
29278.0
30268.0
30919.0
31372.0
31149.0
29811.0
28891.0
28615.0
28826.0
29348.0
30246.0
32279.0
32928.0
30891.0
28712.0
27144.0
26160.0
25685.0
25658.0
26221.0
28315.0
31261.0
34363.0
36698.0
37856.0
38351.0
39003.0
38841.0
37748.0
37181.0
37169.0
37150.0
36623.0
36235.0
36203.0
36749.0
35785.0
33095.0
31279.0
29386.0
28236.0
27825.0
27587.0
27883.0
29464.0
32016.0
34894.0
36910.0
37961.0
38511.0
39209.0
38994.0
37926.0
37318.0
37237.0
37331.0
36729.0
36309.0
36208.0
36563.0
35776.0
33152.0
31078.0
29335.0
28218.0
27706.0
27505.0
27726.0
29348.0
31749.0
34700.0
36832.0
38074.0
38651.0
39183.0
39103.0
38232.0
37983.0
38165.0
38271.0
37767.0
37289.0
37266.0
37285.0
36245.0
33478.0
31485.0
29767.0
28516.0
28045.0
27805.0
28298.0
29803.0
32275.0
34949.0
36900.0
37924.0
38775.0
39486.0
39580.0
38762.0
38586.0
38782.0
38922.0
38323.0
37617.0
37590.0
37785.0
36898.0
34213.0
32268.0
30427.0
29228.0
28678.0
28498.0
28872.0
30306.0
32619.0
35392.0
37417.0
38421.0
39134.0
39955.0
40029.0
39086.0
38819.0
38587.0
38511.0
38124.0
37542.0
37115.0
36894.0
36088.0
33827.0
32273.0
30571.0
29056.0
28237.0
27751.0
27424.0
27033.0
27323.0
29401.0
31926.0
33930.0
34702.0
35135.0
35445.0
34499.0
33000.0
32028.0
31739.0
31788.0
32129.0
32713.0
33151.0
32901.0
31194.0
29353.0
27514.0
26229.0
25444.0
24975.0
24780.0
24407.0
23896.0
24988.0
26836.0
28649.0
29857.0
30506.0
31092.0
30738.0
29437.0
28577.0
28245.0
28363.0
28883.0
30037.0
31410.0
32307.0
30617.0
28702.0
27078.0
25992.0
25438.0
25448.0
25919.0
27573.0
30146.0
32995.0
34891.0
35872.0
36388.0
36891.0
37226.0
36599.0
36208.0
36339.0
36466.0
36148.0
35726.0
36108.0
36422.0
35974.0
33238.0
31319.0
29546.0
28466.0
27974.0
27776.0
27974.0
29485.0
32141.0
34875.0
36786.0
37733.0
38446.0
39092.0
38978.0
38066.0
37817.0
37933.0
38021.0
37489.0
37074.0
37054.0
37247.0
36510.0
33800.0
31889.0
30100.0
28993.0
28398.0
28214.0
28588.0
29917.0
32425.0
35181.0
37061.0
38083.0
38749.0
39331.0
39424.0
38811.0
38787.0
38874.0
38927.0
38457.0
37956.0
37857.0
37788.0
37266.0
34546.0
32529.0
30630.0
29377.0
28941.0
28640.0
29005.0
30334.0
32844.0
35528.0
37510.0
38682.0
39569.0
40414.0
40521.0
39778.0
39707.0
39866.0
39996.0
39425.0
38734.0
38214.0
38200.0
37274.0
34752.0
33007.0
31174.0
29924.0
29410.0
29209.0
29440.0
30922.0
33203.0
35738.0
37867.0
39061.0
39779.0
40602.0
40508.0
39599.0
39236.0
39200.0
39129.0
38494.0
37876.0
37121.0
36794.0
36240.0
34297.0
32724.0
30850.0
29318.0
28455.0
27873.0
27527.0
27284.0
27513.0
29632.0
32267.0
34201.0
35179.0
35664.0
35991.0
35391.0
34315.0
33621.0
33364.0
33545.0
33824.0
33912.0
34185.0
34434.0
32801.0
31048.0
29068.0
27441.0
26483.0
25842.0
25631.0
25256.0
25031.0
26499.0
28451.0
30383.0
31683.0
32547.0
33435.0
33566.0
32751.0
32137.0
31815.0
31968.0
32438.0
33117.0
34099.0
35287.0
33477.0
31251.0
29349.0
28072.0
27521.0
27426.0
27958.0
29935.0
32714.0
36008.0
38669.0
40474.0
41518.0
42399.0
42833.0
42297.0
42342.0
42505.0
42675.0
41997.0
41142.0
40482.0
40191.0
39485.0
36611.0
34421.0
32434.0
31112.0
30472.0
30094.0
30312.0
31618.0
34085.0
37110.0
39684.0
41245.0
42402.0
43498.0
43814.0
43101.0
43176.0
43392.0
43495.0
42673.0
41858.0
41267.0
40741.0
40192.0
37384.0
35146.0
33035.0
31631.0
30841.0
30534.0
30742.0
32218.0
34797.0
37843.0
40328.0
41896.0
43106.0
44123.0
44492.0
44005.0
44268.0
44452.0
44593.0
43850.0
42880.0
41988.0
41369.0
40693.0
37821.0
35566.0
33372.0
31810.0
31109.0
30709.0
30869.0
31874.0
33969.0
36558.0
38757.0
40472.0
41640.0
42916.0
43668.0
43144.0
42909.0
43076.0
43110.0
42500.0
41777.0
41257.0
40848.0
39991.0
37485.0
35457.0
33217.0
31769.0
31029.0
30557.0
30728.0
32049.0
34573.0
37517.0
40318.0
42018.0
43132.0
44408.0
45026.0
44510.0
44374.0
44451.0
44141.0
43359.0
42550.0
41326.0
40352.0
39644.0
37660.0
36261.0
34044.0
32096.0
30889.0
30280.0
29802.0
29415.0
29833.0
32134.0
34948.0
37566.0
39081.0
40147.0
40929.0
40736.0
40078.0
39327.0
38859.0
38538.0
38282.0
38235.0
38202.0
38270.0
36358.0
34135.0
32047.0
30247.0
29046.0
28436.0
27911.0
27350.0
26989.0
28365.0
30391.0
32490.0
34152.0
35506.0
36551.0
37089.0
36738.0
36229.0
35933.0
35912.0
36021.0
36456.0
37165.0
38621.0
36920.0
34568.0
32239.0
30773.0
29989.0
29623.0
30046.0
31750.0
34460.0
37962.0
40919.0
43053.0
44032.0
45348.0
45895.0
45405.0
45414.0
45435.0
45451.0
44651.0
43677.0
42710.0
42023.0
41146.0
38427.0
36405.0
34217.0
32850.0
32137.0
31789.0
31882.0
33303.0
35694.0
38735.0
41702.0
43672.0
44646.0
45946.0
46285.0
45825.0
45813.0
45980.0
46013.0
44763.0
43720.0
42582.0
41821.0
41209.0
38718.0
36614.0
34597.0
33049.0
32349.0
31889.0
31937.0
33187.0
35517.0
38459.0
41376.0
43101.0
44138.0
45476.0
46046.0
45601.0
45676.0
45666.0
45571.0
44544.0
43574.0
42532.0
41762.0
41169.0
38665.0
36562.0
34403.0
32870.0
32091.0
31756.0
31875.0
33174.0
35389.0
38310.0
41277.0
43100.0
44179.0
45489.0
45899.0
45453.0
45497.0
45717.0
45676.0
44526.0
43542.0
42395.0
41525.0
40922.0
38654.0
36780.0
34574.0
32890.0
31916.0
31572.0
31541.0
32721.0
34943.0
37583.0
40675.0
42556.0
43472.0
44675.0
45180.0
44556.0
43921.0
43831.0
43451.0
42495.0
41696.0
40484.0
38907.0
37886.0
35979.0
34849.0
32992.0
31494.0
30350.0
29688.0
29286.0
28889.0
28970.0
30602.0
33219.0
35462.0
36798.0
37938.0
38672.0
38434.0
37759.0
37147.0
36852.0
36660.0
36510.0
36356.0
36324.0
36599.0
35025.0
33176.0
31397.0
29663.0
28626.0
27955.0
27768.0
27131.0
26578.0
27770.0
29502.0
31311.0
32725.0
33761.0
34989.0
35372.0
34675.0
34154.0
33422.0
33090.0
33196.0
33730.0
34681.0
35884.0
34567.0
32516.0
30843.0
29465.0
28814.0
28605.0
29002.0
30894.0
33589.0
36482.0
39313.0
40966.0
41804.0
42788.0
43158.0
42533.0
42294.0
42401.0
42504.0
41768.0
41015.0
40254.0
39722.0
39231.0
36750.0
34948.0
32736.0
31280.0
30473.0
30187.0
30417.0
31892.0
34207.0
37031.0
39961.0
41429.0
41827.0
42760.0
42973.0
42122.0
41705.0
41691.0
41754.0
41059.0
40379.0
39783.0
39260.0
38793.0
36356.0
34434.0
32412.0
30932.0
30191.0
29931.0
30026.0
31569.0
33704.0
36355.0
38962.0
40199.0
40686.0
41370.0
41397.0
40289.0
39846.0
39903.0
39993.0
39065.0
38570.0
37987.0
37557.0
37385.0
35038.0
33224.0
31453.0
30004.0
29374.0
29070.0
29330.0
30361.0
32132.0
34524.0
36517.0
37725.0
38199.0
38805.0
38984.0
38078.0
37570.0
37616.0
37721.0
37179.0
36740.0
36483.0
36392.0
36206.0
34035.0
32475.0
30468.0
29229.0
28627.0
28460.0
28700.0
30098.0
31959.0
34221.0
36465.0
37663.0
38060.0
38599.0
38485.0
37356.0
36758.0
36498.0
36335.0
35744.0
35503.0
35406.0
35274.0
34988.0
33139.0
32148.0
30330.0
28885.0
28074.0
27609.0
27276.0
27043.0
27186.0
28839.0
30998.0
32793.0
33622.0
34049.0
34016.0
33346.0
32152.0
31471.0
31132.0
31055.0
31295.0
31711.0
32173.0
32780.0
31313.0
29527.0
27821.0
26583.0
25669.0
25284.0
25040.0
24772.0
24343.0
25400.0
27133.0
28907.0
30098.0
30846.0
31484.0
31448.0
30504.0
29870.0
29573.0
29739.0
30313.0
31032.0
32151.0
33698.0
32415.0
30412.0
28624.0
27396.0
26751.0
26733.0
27192.0
29000.0
31360.0
33956.0
36603.0
38205.0
39130.0
40260.0
40680.0
39986.0
39509.0
39487.0
39586.0
39117.0
38750.0
38337.0
38069.0
37746.0
35431.0
33751.0
31825.0
30494.0
29684.0
29427.0
29639.0
30978.0
33087.0
35613.0
38303.0
39993.0
40789.0
41904.0
42102.0
41478.0
41025.0
41139.0
41079.0
40585.0
40013.0
39373.0
38855.0
38377.0
36026.0
34330.0
32297.0
30841.0
30197.0
29970.0
30330.0
31639.0
33837.0
36321.0
39017.0
40612.0
41229.0
42163.0
42418.0
41565.0
41006.0
41091.0
41076.0
40407.0
39905.0
39448.0
39069.0
38595.0
36096.0
34420.0
32358.0
30905.0
30153.0
29950.0
30299.0
31765.0
33766.0
36362.0
38846.0
40375.0
40994.0
41756.0
41619.0
40502.0
39830.0
39701.0
39718.0
39093.0
38657.0
38155.0
38090.0
37675.0
35374.0
33844.0
31937.0
30468.0
29968.0
29693.0
29807.0
31231.0
33370.0
35911.0
38813.0
40293.0
40788.0
41554.0
41540.0
40381.0
39259.0
38924.0
38822.0
38222.0
37713.0
37475.0
37130.0
36542.0
34508.0
33045.0
31073.0
29575.0
28728.0
28283.0
27918.0
27711.0
27945.0
29848.0
32377.0
34377.0
35329.0
35819.0
35971.0
35250.0
34056.0
33369.0
32936.0
32976.0
33184.0
33465.0
33848.0
34128.0
32390.0
30632.0
28876.0
27505.0
26511.0
26069.0
25777.0
25599.0
25076.0
26125.0
27896.0
29763.0
30938.0
31770.0
32462.0
32562.0
31753.0
31144.0
30896.0
31014.0
31426.0
32337.0
33589.0
35018.0
33460.0
31366.0
29397.0
28109.0
27589.0
27442.0
27906.0
30061.0
32436.0
35596.0
38309.0
40100.0
40923.0
41892.0
42218.0
41598.0
41078.0
40935.0
40988.0
40123.0
39652.0
39177.0
38925.0
38536.0
36055.0
34069.0
31895.0
30512.0
29898.0
29615.0
29811.0
31451.0
33524.0
36453.0
39198.0
40784.0
41690.0
42779.0
43070.0
42486.0
42138.0
42147.0
42215.0
41623.0
41229.0
40615.0
40253.0
40074.0
37639.0
35594.0
33263.0
31659.0
30877.0
30573.0
30802.0
32110.0
34302.0
37237.0
40209.0
42172.0
43281.0
44619.0
45080.0
44577.0
44333.0
44416.0
44440.0
43655.0
43069.0
42636.0
42049.0
41775.0
39291.0
37124.0
34634.0
32867.0
32016.0
31623.0
31809.0
33163.0
35082.0
37944.0
41277.0
43002.0
44142.0
45537.0
46328.0
45957.0
45851.0
45858.0
45812.0
44900.0
44252.0
43405.0
42735.0
42316.0
40001.0
37733.0
35562.0
33629.0
32538.0
32011.0
32094.0
33606.0
35539.0
38277.0
41334.0
43060.0
44146.0
45413.0
45903.0
45283.0
44904.0
44688.0
44444.0
43385.0
42726.0
41819.0
40971.0
40351.0
38027.0
36444.0
34234.0
32474.0
31296.0
30583.0
30177.0
30084.0
30059.0
31794.0
34372.0
36848.0
37905.0
38747.0
39375.0
39268.0
38675.0
38076.0
37773.0
37452.0
37261.0
37230.0
37193.0
37242.0
35424.0
33415.0
31336.0
29622.0
28587.0
27960.0
27484.0
27028.0
26550.0
27661.0
29490.0
31435.0
32916.0
34112.0
35271.0
35723.0
35181.0
34719.0
34412.0
34312.0
34534.0
34952.0
35852.0
37513.0
36127.0
33846.0
31649.0
30227.0
29458.0
29071.0
29407.0
31451.0
33674.0
36868.0
40282.0
42243.0
43128.0
44379.0
44968.0
44658.0
44318.0
44551.0
44447.0
43541.0
42506.0
41729.0
41544.0
41062.0
38607.0
36533.0
34267.0
32748.0
31908.0
31361.0
31684.0
33110.0
35027.0
37959.0
41122.0
42882.0
43733.0
44964.0
45453.0
44946.0
44814.0
44742.0
44588.0
43804.0
43105.0
42271.0
41891.0
41099.0
38480.0
36530.0
34379.0
32911.0
32152.0
31488.0
31709.0
33361.0
35198.0
37843.0
41073.0
42735.0
43621.0
44547.0
44798.0
44113.0
43688.0
43558.0
43496.0
42619.0
41842.0
41112.0
40680.0
40252.0
37674.0
35406.0
33234.0
31764.0
30899.0
30364.0
30658.0
32316.0
34229.0
36974.0
39840.0
41553.0
42284.0
43297.0
43485.0
42762.0
42373.0
42309.0
42108.0
41298.0
40555.0
39909.0
39623.0
39207.0
36782.0
34983.0
32954.0
31324.0
30587.0
30212.0
30540.0
32146.0
34137.0
36654.0
39347.0
41001.0
41793.0
42493.0
42495.0
41473.0
40642.0
40450.0
40278.0
39559.0
39169.0
38740.0
38339.0
37839.0
35692.0
34192.0
32173.0
30371.0
29460.0
28783.0
28461.0
28551.0
28757.0
30439.0
32959.0
35261.0
36318.0
36744.0
36960.0
36498.0
35660.0
34966.0
34570.0
34439.0
34602.0
34883.0
35424.0
35606.0
33521.0
31647.0
29756.0
28124.0
27107.0
26603.0
26184.0
26099.0
25642.0
26625.0
28385.0
30114.0
31381.0
32319.0
33088.0
33181.0
32497.0
32002.0
31723.0
31774.0
32184.0
32719.0
34015.0
35566.0
33991.0
31860.0
29939.0
28417.0
27752.0
27434.0
27928.0
30021.0
32087.0
34738.0
37841.0
39579.0
40464.0
41594.0
42185.0
41496.0
40838.0
40535.0
40469.0
39751.0
38985.0
38210.0
38213.0
37830.0
35369.0
33457.0
31395.0
29978.0
29280.0
28881.0
28876.0
30342.0
32201.0
34641.0
37435.0
39018.0
39915.0
40880.0
41350.0
40810.0
40405.0
40252.0
40141.0
39535.0
38965.0
38570.0
38643.0
38454.0
36069.0
34148.0
32028.0
30631.0
29884.0
29420.0
29773.0
31633.0
33575.0
35988.0
38702.0
40218.0
41208.0
42260.0
42679.0
42182.0
41875.0
41823.0
41646.0
41083.0
40578.0
40070.0
39961.0
39432.0
36997.0
35050.0
32797.0
31222.0
30397.0
30028.0
30185.0
31911.0
33800.0
36269.0
39410.0
41314.0
42437.0
43712.0
44334.0
43770.0
43503.0
43530.0
43452.0
42883.0
42225.0
41568.0
41275.0
40647.0
38055.0
36076.0
33830.0
32091.0
31209.0
30758.0
30995.0
32567.0
34475.0
36816.0
39923.0
41871.0
43059.0
44260.0
44741.0
44058.0
43369.0
43157.0
42774.0
41935.0
41279.0
40445.0
39983.0
39311.0
36947.0
35439.0
33347.0
31643.0
30531.0
29846.0
29395.0
29478.0
29437.0
30934.0
33534.0
35957.0
37282.0
38222.0
38750.0
38587.0
38153.0
37527.0
37185.0
36869.0
36835.0
36717.0
37134.0
37237.0
35339.0
33144.0
31175.0
29568.0
28463.0
27858.0
27354.0
27134.0
26476.0
27349.0
29163.0
30957.0
32484.0
33955.0
35059.0
35459.0
35008.0
34438.0
34012.0
33832.0
33905.0
34246.0
35578.0
36825.0
35045.0
32858.0
30642.0
29131.0
28222.0
27807.0
28084.0
30039.0
31842.0
34384.0
37563.0
39507.0
40600.0
41876.0
42376.0
41877.0
41460.0
41377.0
41179.0
40495.0
39603.0
38866.0
39067.0
38505.0
35884.0
34112.0
31973.0
30501.0
29741.0
29350.0
29624.0
31317.0
33277.0
36217.0
39300.0
41048.0
42026.0
42933.0
43115.0
42364.0
41677.0
41364.0
41148.0
40559.0
39912.0
39360.0
39677.0
39375.0
36756.0
34258.0
32073.0
30523.0
29663.0
29327.0
29434.0
31079.0
32820.0
35826.0
38882.0
40662.0
41808.0
42870.0
43394.0
42880.0
42262.0
42196.0
42062.0
41509.0
40695.0
40208.0
40576.0
40249.0
37555.0
35001.0
32585.0
31036.0
30067.0
29644.0
29708.0
31382.0
33073.0
36002.0
39194.0
41210.0
42602.0
43844.0
44483.0
43966.0
43596.0
43590.0
43479.0
42919.0
42144.0
41595.0
41792.0
41411.0
38772.0
36066.0
33497.0
31690.0
30781.0
30310.0
30434.0
32050.0
33769.0
36752.0
39856.0
41962.0
43377.0
44902.0
45610.0
45064.0
44447.0
44259.0
43989.0
43299.0
42594.0
41835.0
41742.0
41142.0
38809.0
36434.0
34097.0
32267.0
31069.0
30230.0
29669.0
29722.0
29591.0
30942.0
33708.0
35987.0
37515.0
38601.0
39325.0
39085.0
38532.0
38094.0
37757.0
37381.0
37168.0
37136.0
37810.0
37564.0
35492.0
33453.0
31428.0
29706.0
28635.0
27971.0
27464.0
27254.0
26447.0
27073.0
28752.0
30595.0
31937.0
33267.0
34327.0
34814.0
34339.0
34005.0
33713.0
33528.0
33579.0
33957.0
35624.0
36576.0
34866.0
32704.0
30624.0
29093.0
28174.0
27926.0
28245.0
29947.0
31730.0
34616.0
37853.0
39707.0
41006.0
42077.0
42882.0
42574.0
42100.0
41986.0
41864.0
41195.0
40228.0
39668.0
40209.0
39463.0
36816.0
34434.0
32057.0
30528.0
29696.0
29292.0
29439.0
30813.0
32120.0
34515.0
37347.0
39110.0
40054.0
40850.0
41192.0
40648.0
40035.0
39918.0
39790.0
39080.0
38448.0
38155.0
38937.0
38055.0
35542.0
33184.0
30917.0
29517.0
28714.0
28338.0
28413.0
29813.0
31335.0
33613.0
36184.0
37503.0
38541.0
39311.0
39592.0
38956.0
38274.0
37932.0
37760.0
37366.0
36833.0
36548.0
37090.0
36215.0
33744.0
31782.0
29682.0
28370.0
27655.0
27377.0
27443.0
28777.0
30214.0
32190.0
34622.0
35881.0
36596.0
37338.0
37646.0
37110.0
36519.0
36382.0
36293.0
36111.0
35816.0
35738.0
36882.0
36066.0
33741.0
31675.0
29759.0
28387.0
27762.0
27447.0
27660.0
28954.0
30271.0
32236.0
34502.0
35972.0
36707.0
37748.0
38264.0
37664.0
36897.0
36629.0
36532.0
36187.0
35967.0
35788.0
36687.0
35828.0
33599.0
31603.0
29765.0
28240.0
27314.0
26917.0
26466.0
26794.0
26793.0
28095.0
30389.0
32420.0
33480.0
34014.0
34418.0
34041.0
33242.0
32662.0
32242.0
32256.0
32408.0
32814.0
34398.0
33928.0
31701.0
30056.0
28258.0
26818.0
25946.0
25372.0
25138.0
25034.0
24429.0
24670.0
26430.0
28342.0
29827.0
30836.0
31527.0
31685.0
31094.0
30624.0
30467.0
30476.0
30755.0
31422.0
33485.0
33815.0
31978.0
30074.0
28158.0
26778.0
26029.0
25703.0
25966.0
27281.0
28441.0
30307.0
32762.0
34335.0
35412.0
36459.0
37273.0
37160.0
36655.0
36567.0
36691.0
36421.0
35980.0
35783.0
36955.0
35687.0
33304.0
31508.0
29518.0
28016.0
27137.0
26584.0
26351.0
26591.0
26539.0
27217.0
29091.0
30769.0
32019.0
32984.0
33731.0
33852.0
33156.0
32704.0
32431.0
32489.0
32758.0
33287.0
35280.0
35177.0
33147.0
31232.0
29288.0
27995.0
27211.0
26828.0
26990.0
28414.0
30164.0
32268.0
35017.0
36815.0
38037.0
39233.0
39991.0
39742.0
38993.0
38795.0
38673.0
38385.0
37895.0
37743.0
39009.0
38125.0
35518.0
33249.0
30956.0
29451.0
28657.0
28134.0
28106.0
29292.0
30706.0
32676.0
35437.0
37263.0
38522.0
39702.0
40593.0
40382.0
39843.0
39652.0
39635.0
39293.0
38736.0
38523.0
39754.0
38626.0
36093.0
33790.0
31532.0
29906.0
29018.0
28666.0
28688.0
29974.0
31501.0
33489.0
36323.0
38070.0
39386.0
40472.0
41392.0
41215.0
40587.0
40285.0
40029.0
39543.0
38940.0
38520.0
39587.0
38331.0
35798.0
33737.0
31578.0
29822.0
28827.0
28258.0
27830.0
28048.0
28039.0
29042.0
31269.0
33267.0
34344.0
35253.0
36137.0
35969.0
35508.0
34899.0
34585.0
34309.0
34129.0
34539.0
36328.0
35406.0
33427.0
31540.0
29694.0
28114.0
27262.0
26631.0
26217.0
26169.0
25721.0
26024.0
27860.0
29440.0
30782.0
31753.0
32734.0
33256.0
32861.0
32459.0
32181.0
32132.0
32501.0
33163.0
35625.0
35744.0
33998.0
31918.0
29873.0
28460.0
27709.0
27411.0
27644.0
29524.0
31484.0
33749.0
36725.0
38746.0
40190.0
41541.0
42539.0
42276.0
41844.0
41633.0
41441.0
40940.0
40214.0
39792.0
41071.0
39636.0
36954.0
34392.0
32028.0
30526.0
29560.0
29250.0
29234.0
30804.0
32588.0
34659.0
37458.0
39484.0
40968.0
42272.0
43210.0
42790.0
42196.0
42089.0
41831.0
41059.0
40313.0
39949.0
41251.0
39376.0
36547.0
34202.0
32100.0
30583.0
29693.0
29264.0
29394.0
30863.0
32817.0
34805.0
37668.0
39465.0
40869.0
42097.0
43101.0
42777.0
42081.0
41965.0
41808.0
41082.0
40434.0
40245.0
41344.0
39433.0
36694.0
34407.0
32212.0
30793.0
29851.0
29417.0
29475.0
30981.0
32705.0
34657.0
37512.0
39142.0
40405.0
41620.0
42421.0
41945.0
41448.0
41371.0
41178.0
40696.0
39923.0
39643.0
41060.0
39046.0
36385.0
33972.0
31851.0
30528.0
29732.0
29082.0
29270.0
30860.0
32660.0
34642.0
37289.0
39061.0
40172.0
41380.0
42155.0
41566.0
40912.0
40703.0
40619.0
40171.0
39431.0
39380.0
40477.0
38340.0
35758.0
33709.0
31851.0
30291.0
29257.0
28702.0
28343.0
28485.0
28729.0
29614.0
32057.0
34139.0
35291.0
36215.0
36881.0
36796.0
36141.0
35556.0
35160.0
34898.0
34795.0
35263.0
36977.0
35456.0
33488.0
31755.0
29807.0
28306.0
27412.0
26868.0
26594.0
26754.0
26555.0
26550.0
28226.0
29980.0
31346.0
32344.0
33012.0
33237.0
32293.0
31639.0
31333.0
31393.0
31569.0
32495.0
35296.0
34844.0
32942.0
31021.0
29129.0
27897.0
27219.0
27008.0
27573.0
29636.0
32111.0
34609.0
37566.0
39586.0
40580.0
41523.0
41848.0
40916.0
39537.0
38908.0
38731.0
38315.0
37848.0
38137.0
39941.0
37582.0
34875.0
32585.0
30583.0
29266.0
28600.0
28400.0
28613.0
30493.0
32833.0
34767.0
37487.0
39144.0
40286.0
41015.0
41198.0
39987.0
38840.0
38357.0
38250.0
37639.0
37149.0
37633.0
39277.0
36907.0
34174.0
31766.0
29866.0
28677.0
28151.0
27979.0
28195.0
30100.0
32350.0
34483.0
36835.0
38379.0
39580.0
40350.0
40611.0
39433.0
38326.0
38038.0
38008.0
37561.0
37071.0
37680.0
39108.0
36846.0
34183.0
31933.0
29932.0
28701.0
28066.0
27923.0
28290.0
30182.0
32514.0
34761.0
37097.0
38386.0
39355.0
40174.0
40383.0
39261.0
38159.0
38017.0
38001.0
37559.0
37195.0
37628.0
39317.0
37065.0
34521.0
32085.0
30212.0
28852.0
28327.0
28025.0
28309.0
30092.0
32320.0
34003.0
36496.0
37685.0
38608.0
39565.0
39892.0
39017.0
38079.0
37759.0
37633.0
37058.0
36529.0
36882.0
38081.0
35585.0
33202.0
31590.0
29921.0
28564.0
27854.0
27240.0
26932.0
27040.0
27482.0
28182.0
30545.0
32429.0
33450.0
34056.0
34641.0
34151.0
33171.0
32568.0
32306.0
32198.0
32246.0
33229.0
35306.0
33327.0
31326.0
29708.0
28046.0
26554.0
25681.0
25150.0
24971.0
25102.0
25164.0
25129.0
26814.0
28730.0
29923.0
30866.0
31663.0
31874.0
30868.0
30192.0
30044.0
30257.0
30586.0
31986.0
34759.0
33601.0
31630.0
29616.0
28074.0
27097.0
26537.0
26440.0
26983.0
29281.0
32174.0
34036.0
36610.0
38267.0
39467.0
40600.0
40908.0
39920.0
39567.0
39682.0
39740.0
38981.0
38276.0
38663.0
40175.0
37534.0
34771.0
32865.0
30986.0
29741.0
29199.0
28881.0
29225.0
31112.0
33812.0
35543.0
38080.0
39594.0
40890.0
41971.0
42471.0
41588.0
41251.0
41327.0
41313.0
40472.0
39635.0
40029.0
41286.0
38362.0
35314.0
33376.0
31446.0
30062.0
29416.0
29074.0
29415.0
31298.0
33898.0
35793.0
38559.0
40079.0
41168.0
42359.0
42639.0
41804.0
41512.0
41599.0
41630.0
40782.0
39921.0
40327.0
41397.0
38420.0
35539.0
33508.0
31636.0
30411.0
29567.0
29328.0
29582.0
31399.0
34031.0
35680.0
38086.0
39460.0
40404.0
41309.0
41823.0
41128.0
40822.0
40944.0
41015.0
40194.0
39408.0
39933.0
41064.0
38207.0
35393.0
33544.0
31705.0
30369.0
29742.0
29335.0
29484.0
31238.0
33537.0
34829.0
36882.0
38231.0
39116.0
39943.0
40277.0
39674.0
39292.0
39026.0
38837.0
38068.0
37398.0
37986.0
38878.0
36241.0
33912.0
32394.0
30659.0
29352.0
28512.0
28046.0
27713.0
28177.0
28751.0
29375.0
31623.0
33408.0
34298.0
34647.0
34727.0
33775.0
32442.0
31441.0
31094.0
31051.0
31406.0
32852.0
34893.0
32800.0
30794.0
29146.0
27506.0
26287.0
25553.0
25199.0
25022.0
25184.0
25306.0
25278.0
27022.0
28525.0
29664.0
30314.0
30942.0
30684.0
29527.0
28828.0
28618.0
28672.0
29171.0
31290.0
33666.0
32648.0
30705.0
28796.0
27439.0
26475.0
26048.0
25854.0
26300.0
28157.0
31026.0
32561.0
34731.0
35918.0
36860.0
37722.0
38142.0
37611.0
37040.0
36977.0
37046.0
36715.0
36364.0
37484.0
38895.0
36010.0
33236.0
31517.0
29982.0
28983.0
28367.0
28245.0
28602.0
30595.0
33736.0
35369.0
37197.0
38375.0
39264.0
40115.0
40163.0
39123.0
38818.0
38789.0
38913.0
38437.0
37991.0
39241.0
40265.0
37013.0
34059.0
32302.0
30636.0
29561.0
29071.0
28687.0
28902.0
30892.0
34024.0
35534.0
37466.0
38672.0
39604.0
40578.0
40779.0
39923.0
39681.0
39773.0
39923.0
39370.0
38782.0
39973.0
40770.0
37350.0
34427.0
32689.0
31015.0
29941.0
29284.0
28957.0
29297.0
31171.0
34420.0
35943.0
37742.0
38858.0
39732.0
40656.0
40868.0
39969.0
39792.0
39741.0
39606.0
38738.0
38151.0
39431.0
40007.0
36673.0
33746.0
32039.0
30361.0
29171.0
28735.0
28400.0
28711.0
30776.0
33927.0
35449.0
37323.0
38072.0
38464.0
39026.0
38800.0
37582.0
36849.0
36461.0
36267.0
35806.0
35484.0
36802.0
37403.0
34611.0
32265.0
30809.0
29153.0
27871.0
27208.0
26760.0
26518.0
26913.0
27882.0
28686.0
30875.0
32501.0
33297.0
33534.0
33675.0
32856.0
31458.0
30723.0
30447.0
30306.0
30676.0
32596.0
34213.0
31986.0
30075.0
28374.0
26810.0
25639.0
24996.0
24695.0
24504.0
24695.0
25006.0
24937.0
26607.0
28373.0
29596.0
30130.0
30650.0
30326.0
29013.0
28399.0
28170.0
28207.0
28969.0
31840.0
33906.0
32351.0
30321.0
28311.0
26966.0
26106.0
25725.0
25703.0
26380.0
28855.0
32875.0
34724.0
36409.0
37137.0
37736.0
38392.0
38369.0
37251.0
36811.0
36761.0
36843.0
36334.0
36253.0
38310.0
38886.0
35435.0
32506.0
30773.0
29218.0
28312.0
27885.0
27674.0
28018.0
30147.0
33632.0
35373.0
36881.0
37678.0
38253.0
38796.0
38700.0
37644.0
37492.0
37459.0
37487.0
36816.0
36597.0
38802.0
39606.0
36114.0
33178.0
31475.0
29743.0
28692.0
28226.0
28094.0
28334.0
30433.0
33879.0
35363.0
36917.0
37683.0
38211.0
38742.0
38719.0
37812.0
37631.0
37632.0
37824.0
37216.0
37064.0
39068.0
39501.0
36019.0
33139.0
31379.0
29748.0
28653.0
28126.0
27964.0
28331.0
30323.0
33782.0
35234.0
36751.0
37542.0
38286.0
39094.0
39116.0
38283.0
38039.0
37928.0
37933.0
37303.0
37091.0
39408.0
39696.0
36191.0
33320.0
31535.0
29705.0
28601.0
28353.0
28120.0
28520.0
30675.0
34222.0
35811.0
37447.0
38410.0
38934.0
39571.0
39350.0
38101.0
37581.0
37246.0
37129.0
36723.0
36605.0
38515.0
38450.0
35521.0
32986.0
31444.0
29745.0
28359.0
27591.0
27197.0
26911.0
27300.0
28355.0
29144.0
31570.0
33365.0
34097.0
34448.0
34682.0
33774.0
32488.0
31734.0
31442.0
31515.0
31961.0
34312.0
35023.0
32687.0
30812.0
29035.0
27442.0
26243.0
25519.0
24962.0
24855.0
25074.0
25458.0
25307.0
27259.0
29002.0
30071.0
30705.0
31352.0
31120.0
29860.0
29417.0
29149.0
29357.0
30011.0
33228.0
34579.0
32801.0
30717.0
28897.0
27493.0
26519.0
26147.0
26085.0
26645.0
28997.0
32796.0
34589.0
36224.0
37275.0
38030.0
38855.0
38777.0
37838.0
37709.0
37723.0
37736.0
37076.0
36985.0
39521.0
39390.0
35965.0
32954.0
31062.0
29599.0
28682.0
28155.0
27977.0
28333.0
30512.0
34261.0
35887.0
37356.0
37900.0
38389.0
39137.0
39158.0
38176.0
37996.0
37925.0
37966.0
37365.0
37293.0
39993.0
39855.0
36211.0
33158.0
31453.0
29849.0
28765.0
28296.0
28097.0
28477.0
30678.0
34370.0
36089.0
37493.0
38355.0
38827.0
39390.0
39323.0
38222.0
37966.0
37859.0
37913.0
37311.0
37267.0
39907.0
39712.0
36125.0
33301.0
31409.0
29782.0
28878.0
28268.0
28083.0
28446.0
30576.0
34236.0
35773.0
37168.0
38066.0
38689.0
39485.0
39401.0
38362.0
38135.0
38076.0
38151.0
37451.0
37373.0
39836.0
39551.0
36154.0
33245.0
31537.0
29849.0
28771.0
28379.0
28246.0
28604.0
30666.0
34402.0
35769.0
37316.0
38285.0
38904.0
39442.0
39517.0
38416.0
37779.0
37792.0
37767.0
37370.0
37544.0
39423.0
38347.0
35120.0
32848.0
31393.0
29826.0
28361.0
27635.0
27101.0
26752.0
27286.0
28360.0
29228.0
31623.0
33459.0
34076.0
34469.0
34696.0
33740.0
32396.0
31631.0
31344.0
31250.0
31793.0
34583.0
34814.0
32563.0
30455.0
28817.0
27155.0
25927.0
25287.0
24815.0
24677.0
24986.0
25498.0
25534.0
27074.0
28932.0
29958.0
30559.0
31300.0
30939.0
29716.0
28944.0
28710.0
28796.0
29826.0
33157.0
33956.0
32412.0
30463.0
28608.0
27101.0
26277.0
25782.0
25760.0
26439.0
29115.0
33357.0
35261.0
36989.0
38041.0
38813.0
39598.0
39767.0
38784.0
38432.0
38582.0
38528.0
37951.0
37655.0
40195.0
39433.0
35934.0
32971.0
31140.0
29633.0
28633.0
28148.0
27836.0
28028.0
29868.0
33403.0
35273.0
36651.0
37574.0
38334.0
39162.0
39332.0
38401.0
37957.0
37953.0
37882.0
37128.0
37067.0
39728.0
39044.0
35908.0
32941.0
31133.0
29603.0
28635.0
28156.0
27987.0
28322.0
30161.0
33813.0
36067.0
37701.0
38641.0
39361.0
40186.0
40159.0
39168.0
38859.0
38838.0
38899.0
38255.0
38241.0
40656.0
39896.0
36390.0
33427.0
31564.0
29980.0
28863.0
28500.0
28167.0
28492.0
30481.0
33874.0
35282.0
36280.0
37072.0
37967.0
38898.0
39195.0
38067.0
37524.0
37505.0
37493.0
37042.0
37315.0
39895.0
39222.0
35820.0
33020.0
31300.0
29777.0
28768.0
28187.0
28020.0
28409.0
30601.0
34181.0
35839.0
37213.0
37860.0
38424.0
39236.0
39512.0
38678.0
37978.0
37679.0
37530.0
37102.0
37168.0
39452.0
38502.0
35439.0
32763.0
30936.0
29492.0
28149.0
27425.0
27025.0
26643.0
27054.0
28325.0
28983.0
31282.0
32994.0
33650.0
33931.0
34182.0
33492.0
32149.0
31365.0
31108.0
30988.0
31625.0
34420.0
34519.0
32109.0
30109.0
28508.0
26826.0
25629.0
24984.0
24592.0
24398.0
24668.0
25478.0
25531.0
27200.0
28934.0
30076.0
30720.0
31282.0
30925.0
29709.0
28778.0
28697.0
29055.0
30098.0
33525.0
33956.0
32198.0
30162.0
28335.0
26833.0
26002.0
25676.0
25567.0
26133.0
28483.0
32168.0
33903.0
35582.0
36378.0
37081.0
37817.0
37829.0
36977.0
36678.0
36603.0
36655.0
36222.0
36708.0
39556.0
38546.0
35136.0
32365.0
30754.0
29007.0
28034.0
27553.0
27330.0
27853.0
29956.0
33678.0
35755.0
37041.0
37765.0
38167.0
38763.0
38788.0
37831.0
37569.0
37479.0
37608.0
37166.0
37462.0
40205.0
39156.0
35642.0
32722.0
31010.0
29233.0
28303.0
27749.0
27580.0
27891.0
30044.0
33809.0
35871.0
36921.0
37528.0
37872.0
38685.0
38543.0
37652.0
37267.0
37326.0
37206.0
36448.0
37008.0
39266.0
38289.0
35057.0
32409.0
30762.0
29013.0
27808.0
27191.0
26792.0
26543.0
26796.0
27703.0
28225.0
30083.0
31650.0
32233.0
32662.0
32954.0
32581.0
31720.0
31156.0
30943.0
30926.0
31855.0
34732.0
34781.0
32966.0
30821.0
28902.0
27311.0
26304.0
25809.0
25708.0
26017.0
27740.0
30444.0
32141.0
33779.0
34937.0
35438.0
36105.0
36366.0
35730.0
35073.0
34752.0
34720.0
34322.0
34939.0
37303.0
36602.0
33718.0
31359.0
29808.0
28203.0
26968.0
26166.0
25905.0
25829.0
26364.0
27519.0
28437.0
30390.0
32271.0
32979.0
33434.0
33706.0
33168.0
31852.0
31163.0
30875.0
30884.0
31864.0
34434.0
34246.0
32010.0
30015.0
28284.0
26655.0
25366.0
24628.0
24227.0
24193.0
24374.0
24960.0
25260.0
26568.0
28408.0
29504.0
30009.0
30803.0
30639.0
29339.0
28607.0
28430.0
28651.0
30229.0
33471.0
33432.0
31798.0
29857.0
28030.0
26703.0
25863.0
25412.0
25366.0
26038.0
28749.0
32882.0
35303.0
36563.0
37488.0
38117.0
38868.0
38699.0
37695.0
37216.0
37163.0
37257.0
36676.0
37731.0
39950.0
38479.0
35005.0
32204.0
30419.0
28817.0
27901.0
27433.0
27208.0
27553.0
29779.0
33669.0
35960.0
37060.0
37667.0
38220.0
38793.0
38563.0
37317.0
36723.0
36620.0
36700.0
36538.0
37892.0
40158.0
38693.0
35215.0
32349.0
30436.0
28933.0
27871.0
27427.0
27370.0
27786.0
29928.0
33741.0
36208.0
37406.0
38162.0
38592.0
39114.0
38827.0
37360.0
36831.0
36626.0
36593.0
36241.0
37388.0
39521.0
38354.0
34904.0
32114.0
29939.0
28095.0
27240.0
26830.0
26424.0
26904.0
29058.0
33029.0
35631.0
36806.0
37314.0
37862.0
38276.0
38002.0
36765.0
36274.0
35928.0
36037.0
35878.0
37167.0
39481.0
38271.0
34725.0
32110.0
30128.0
28529.0
27516.0
27153.0
27081.0
27483.0
29550.0
33530.0
35953.0
36793.0
37595.0
38024.0
38422.0
38280.0
36822.0
36375.0
35994.0
35753.0
35328.0
36805.0
38799.0
37709.0
34722.0
32177.0
30456.0
28628.0
27415.0
26555.0
26196.0
26000.0
26258.0
27688.0
28921.0
30915.0
32827.0
33312.0
33440.0
33473.0
32448.0
31012.0
29995.0
29614.0
29663.0
31502.0
34074.0
33621.0
31496.0
29443.0
27591.0
25994.0
24769.0
24067.0
23686.0
23618.0
23912.0
24539.0
24885.0
26356.0
28182.0
29137.0
29629.0
30044.0
29756.0
28463.0
27525.0
27217.0
27590.0
29867.0
33150.0
33229.0
31430.0
29447.0
27420.0
26003.0
25146.0
24823.0
24796.0
25401.0
28198.0
32422.0
35236.0
36482.0
37053.0
37358.0
37883.0
37495.0
36375.0
35994.0
35740.0
35653.0
35348.0
37095.0
39587.0
38558.0
35144.0
32142.0
29994.0
28484.0
27514.0
27064.0
26885.0
27299.0
29480.0
33656.0
36233.0
37186.0
37695.0
37816.0
38296.0
38089.0
37082.0
36574.0
36481.0
36387.0
36132.0
37925.0
40339.0
38976.0
35489.0
32574.0
30593.0
28915.0
27791.0
27415.0
27297.0
27735.0
29915.0
34115.0
36633.0
37502.0
37820.0
38036.0
38604.0
38351.0
37293.0
36861.0
36770.0
36751.0
36351.0
38093.0
40333.0
39071.0
35604.0
32630.0
30537.0
28728.0
27627.0
27172.0
27065.0
27428.0
29654.0
33658.0
36157.0
36940.0
37281.0
37439.0
38095.0
38115.0
37260.0
36802.0
36671.0
36757.0
36401.0
38175.0
40293.0
38847.0
35482.0
32686.0
30724.0
28993.0
27921.0
27466.0
27232.0
27596.0
29697.0
33746.0
36276.0
36954.0
37293.0
37440.0
38061.0
38257.0
37203.0
36355.0
36063.0
35977.0
35606.0
37285.0
38800.0
37454.0
34374.0
31830.0
30204.0
28529.0
27205.0
26463.0
26002.0
25728.0
26056.0
27374.0
28854.0
30734.0
32379.0
32545.0
32894.0
32858.0
32159.0
30731.0
30002.0
29521.0
29571.0
31757.0
33823.0
33352.0
31245.0
29288.0
27469.0
25776.0
23923.0
23804.0
23424.0
23242.0
23285.0
23741.0
24140.0
25203.0
27337.0
28457.0
28992.0
29156.0
29745.0
29230.0
28107.0
27731.0
27863.0
29724.0
32058.0
32686.0
32217.0
30552.0
28323.0
26589.0
25415.0
24639.0
24477.0
24509.0
25294.0
28072.0
31810.0
34396.0
36136.0
36712.0
37154.0
37662.0
37566.0
36537.0
35988.0
35864.0
36173.0
37856.0
39274.0
39350.0
37798.0
34457.0
31631.0
29743.0
28230.0
27344.0
26919.0
26908.0
27464.0
29672.0
33320.0
35613.0
37157.0
37483.0
37716.0
38089.0
37889.0
36855.0
36427.0
36104.0
36269.0
37982.0
39159.0
38604.0
36969.0
33911.0
31468.0
29648.0
27917.0
26800.0
26243.0
25749.0
25578.0
25547.0
25776.0
26655.0
28717.0
29992.0
30538.0
30764.0
30875.0
30335.0
29037.0
28268.0
28624.0
31346.0
32929.0
33458.0
32699.0
31075.0
28854.0
27063.0
25816.0
25166.0
25034.0
25217.0
25946.0
28960.0
32815.0
35510.0
36917.0
37535.0
37948.0
37911.0
37633.0
37076.0
36470.0
36263.0
36724.0
38874.0
39557.0
39165.0
37296.0
34319.0
31297.0
29684.0
28112.0
27375.0
26988.0
26906.0
27319.0
29802.0
33727.0
36353.0
37789.0
38167.0
38438.0
38477.0
38289.0
37284.0
36464.0
35889.0
36222.0
38291.0
38720.0
38170.0
36721.0
33884.0
31332.0
29753.0
28159.0
26928.0
26298.0
26022.0
25926.0
26530.0
27376.0
29205.0
31675.0
33305.0
33791.0
33723.0
33707.0
32789.0
31397.0
30392.0
30502.0
32774.0
33809.0
33756.0
33089.0
31195.0
28979.0
26988.0
25504.0
24499.0
23893.0
23494.0
23616.0
23880.0
24197.0
25012.0
27217.0
28935.0
29826.0
29985.0
30166.0
29808.0
28549.0
27758.0
28104.0
30867.0
32540.0
33269.0
32795.0
31183.0
29063.0
26983.0
25574.0
24900.0
24812.0
24995.0
25733.0
28618.0
32909.0
35672.0
36961.0
37462.0
37727.0
37656.0
37653.0
36982.0
36363.0
35953.0
36360.0
38809.0
39901.0
39886.0
38406.0
35183.0
31959.0
30050.0
28366.0
27639.0
27398.0
27382.0
27777.0
30358.0
34372.0
36995.0
38237.0
38479.0
38727.0
38621.0
38421.0
37432.0
36893.0
36529.0
37144.0
39693.0
40827.0
40856.0
39257.0
35978.0
32827.0
30586.0
29006.0
27959.0
27589.0
27420.0
28086.0
30732.0
34915.0
37562.0
38878.0
39084.0
39272.0
39078.0
39134.0
38414.0
37634.0
37405.0
38044.0
40496.0
41366.0
41350.0
39847.0
36806.0
33445.0
31303.0
29537.0
28300.0
27968.0
27700.0
28264.0
30834.0
34592.0
37223.0
38606.0
38999.0
39159.0
39100.0
39001.0
38087.0
37352.0
37251.0
37901.0
40441.0
41542.0
41485.0
40204.0
37066.0
33712.0
31423.0
29660.0
28485.0
28025.0
27919.0
28729.0
31459.0
35844.0
38715.0
39988.0
40328.0
40312.0
40002.0
39577.0
38424.0
37640.0
37204.0
37740.0
40017.0
40627.0
40286.0
39014.0
36513.0
33742.0
31674.0
29658.0
28277.0
27439.0
27031.0
26993.0
27617.0
28819.0
30712.0
33591.0
35029.0
35230.0
34893.0
34672.0
33770.0
32407.0
31515.0
31835.0
34751.0
35857.0
35999.0
35561.0
33793.0
31526.0
29309.0
27323.0
26072.0
25207.0
24947.0
24896.0
25286.0
25536.0
26279.0
28596.0
30442.0
31134.0
31166.0
31233.0
30752.0
29632.0
29017.0
29703.0
32906.0
34474.0
35345.0
35123.0
33516.0
31015.0
28528.0
27022.0
26204.0
25683.0
25879.0
26805.0
30092.0
34694.0
37720.0
39225.0
39785.0
39784.0
39582.0
39373.0
38532.0
37912.0
37682.0
38464.0
41089.0
42012.0
42125.0
40580.0
37549.0
34214.0
31662.0
29843.0
28751.0
28273.0
28104.0
28867.0
31833.0
36438.0
39411.0
40610.0
40932.0
40825.0
40585.0
40150.0
39111.0
38553.0
38297.0
39280.0
42071.0
43155.0
43375.0
41651.0
38196.0
34593.0
32055.0
30112.0
29035.0
28475.0
28450.0
29134.0
32329.0
36961.0
40228.0
41491.0
41885.0
41964.0
41494.0
41163.0
40116.0
39380.0
38932.0
39813.0
42373.0
43344.0
43407.0
41611.0
38598.0
35010.0
32443.0
30505.0
29360.0
28824.0
28741.0
29449.0
32526.0
37245.0
40150.0
41465.0
41718.0
41605.0
41124.0
40657.0
39795.0
39238.0
38930.0
39709.0
42433.0
43290.0
43366.0
41704.0
38402.0
34901.0
32285.0
30331.0
29169.0
28621.0
28574.0
29306.0
32219.0
37367.0
40194.0
41384.0
41531.0
41327.0
40886.0
40355.0
39231.0
38523.0
38074.0
38793.0
41167.0
41749.0
41510.0
40174.0
37760.0
34837.0
32513.0
30377.0
28855.0
28101.0
27671.0
27660.0
28277.0
29738.0
31703.0
34517.0
35941.0
35937.0
35478.0
35110.0
34379.0
33164.0
32386.0
33374.0
36275.0
37145.0
37387.0
36529.0
34756.0
32394.0
29950.0
27897.0
26460.0
25688.0
25388.0
25314.0
25928.0
26233.0
27107.0
29556.0
31364.0
32124.0
32170.0
32132.0
31775.0
30659.0
30091.0
30878.0
34221.0
35831.0
36842.0
36500.0
34979.0
32178.0
29557.0
27718.0
26728.0
26370.0
26571.0
27480.0
30974.0
36182.0
39724.0
41098.0
41655.0
41491.0
40978.0
40478.0
39444.0
38733.0
38468.0
39506.0
42301.0
43064.0
42995.0
41557.0
38529.0
34872.0
32227.0
30211.0
29099.0
28683.0
28632.0
29334.0
32128.0
37119.0
40286.0
41552.0
41756.0
41499.0
41042.0
40464.0
39450.0
38936.0
38858.0
39896.0
42626.0
43526.0
43592.0
42162.0
39056.0
35233.0
32835.0
30906.0
29622.0
29103.0
28919.0
29739.0
32963.0
37809.0
40984.0
42025.0
42329.0
42245.0
41750.0
41416.0
40182.0
39557.0
39364.0
40480.0
42915.0
43609.0
43652.0
42086.0
38942.0
35311.0
32782.0
30676.0
29569.0
29033.0
28873.0
29515.0
32365.0
36869.0
39869.0
40978.0
41218.0
41271.0
40952.0
40500.0
39348.0
38717.0
38835.0
40142.0
42521.0
43145.0
42694.0
41487.0
38496.0
35052.0
32568.0
30524.0
29331.0
28818.0
28792.0
29308.0
32081.0
36854.0
39655.0
40725.0
41115.0
41127.0
40684.0
40276.0
39447.0
38815.0
38375.0
39244.0
41294.0
41234.0
40932.0
39679.0
37388.0
34666.0
32483.0
30317.0
28598.0
27824.0
27418.0
27333.0
27998.0
29291.0
31157.0
34156.0
36108.0
36381.0
36175.0
35899.0
35150.0
33884.0
33036.0
33717.0
36121.0
36786.0
37024.0
36411.0
34769.0
32358.0
30081.0
27879.0
26328.0
25661.0
25301.0
25246.0
25739.0
26382.0
27179.0
29689.0
31826.0
32608.0
32560.0
32553.0
32169.0
30945.0
30270.0
31376.0
34473.0
35930.0
36901.0
36620.0
35189.0
32349.0
29696.0
27871.0
26800.0
26446.0
26468.0
27509.0
31045.0
36481.0
40157.0
41715.0
42594.0
42459.0
41969.0
41554.0
40675.0
40121.0
39951.0
41063.0
43324.0
43877.0
43831.0
42482.0
39367.0
35599.0
32857.0
30795.0
29529.0
28967.0
28931.0
29688.0
32604.0
37851.0
41308.0
42831.0
43423.0
43504.0
42954.0
42604.0
41802.0
41164.0
41078.0
42129.0
44231.0
44655.0
44474.0
42892.0
39670.0
35892.0
33024.0
30813.0
29525.0
29110.0
28941.0
29818.0
32838.0
38185.0
41400.0
42900.0
43599.0
43714.0
43317.0
42927.0
41784.0
41193.0
40823.0
42015.0
44287.0
44851.0
44782.0
42969.0
39869.0
36098.0
33131.0
30962.0
29641.0
29108.0
29193.0
29858.0
32941.0
38207.0
41767.0
43174.0
43774.0
43452.0
42884.0
42435.0
41500.0
41065.0
41154.0
42398.0
44874.0
45619.0
45682.0
44058.0
41006.0
37171.0
33853.0
31868.0
30387.0
29739.0
29493.0
30186.0
32953.0
37683.0
40658.0
42214.0
42920.0
42870.0
42684.0
42558.0
41373.0
40778.0
40685.0
41807.0
44049.0
44556.0
44219.0
42942.0
40398.0
37266.0
34609.0
32094.0
30354.0
29418.0
28921.0
28953.0
29819.0
31359.0
33686.0
37246.0
39548.0
39943.0
39425.0
39334.0
38452.0
37253.0
36402.0
37512.0
40151.0
41072.0
41379.0
40651.0
38867.0
36270.0
33116.0
30414.0
28604.0
27651.0
27161.0
27255.0
27687.0
28540.0
29604.0
32551.0
34981.0
35988.0
35941.0
36146.0
35825.0
34712.0
34208.0
35436.0
38766.0
40400.0
41519.0
41309.0
39459.0
35866.0
32517.0
30147.0
28879.0
28193.0
28206.0
29272.0
32911.0
38848.0
42812.0
44913.0
45576.0
45439.0
44853.0
44589.0
43630.0
42958.0
42917.0
44249.0
46534.0
47190.0
47341.0
46208.0
42842.0
38348.0
35027.0
32470.0
31076.0
30492.0
30402.0
31143.0
34323.0
40006.0
43804.0
45647.0
46020.0
45745.0
44878.0
44487.0
43346.0
42837.0
42694.0
43954.0
46232.0
46822.0
46641.0
45580.0
42820.0
39030.0
35915.0
33036.0
31334.0
30467.0
30127.0
30235.0
31386.0
33436.0
35383.0
37985.0
39800.0
40438.0
39895.0
39849.0
39434.0
38192.0
37603.0
38501.0
41311.0
42322.0
42976.0
42488.0
40723.0
37368.0
33941.0
31351.0
29787.0
29112.0
28936.0
29518.0
31747.0
35482.0
38568.0
41454.0
42566.0
42363.0
41456.0
41354.0
40856.0
40047.0
39800.0
41011.0
43100.0
43494.0
43315.0
42686.0
40459.0
37145.0
34147.0
31421.0
29631.0
28612.0
28161.0
28351.0
29070.0
30344.0
31628.0
34292.0
36662.0
37494.0
37363.0
37382.0
36778.0
35724.0
35290.0
36274.0
38428.0
39212.0
39702.0
39380.0
38205.0
35476.0
32600.0
30095.0
28360.0
27263.0
27047.0
27265.0
28142.0
29570.0
31331.0
34503.0
36771.0
37307.0
36860.0
36960.0
36623.0
35713.0
35150.0
36197.0
38455.0
39198.0
39579.0
38885.0
37317.0
34848.0
32130.0
29601.0
27865.0
26845.0
26363.0
26402.0
26809.0
27565.0
28359.0
30831.0
33311.0
34592.0
34979.0
35324.0
35073.0
34036.0
33615.0
34569.0
36956.0
38040.0
38873.0
38249.0
36580.0
33507.0
30595.0
28489.0
27204.0
26681.0
26685.0
27635.0
31072.0
36766.0
40830.0
42674.0
43794.0
44202.0
43910.0
43787.0
42676.0
42083.0
41852.0
42750.0
44615.0
45149.0
45127.0
44127.0
41012.0
36935.0
33866.0
31324.0
29845.0
29187.0
29217.0
30044.0
33139.0
38731.0
42470.0
43993.0
44539.0
44454.0
43673.0
43362.0
42511.0
42090.0
41846.0
42922.0
45276.0
46042.0
46156.0
45100.0
41897.0
37835.0
34661.0
32017.0
30450.0
29889.0
29770.0
30495.0
33647.0
39290.0
43166.0
44590.0
44982.0
44907.0
44488.0
44268.0
43442.0
43060.0
43015.0
44081.0
46174.0
46666.0
46588.0
45442.0
42227.0
38136.0
34722.0
32080.0
30469.0
29953.0
29777.0
30482.0
33531.0
38887.0
42558.0
43878.0
44258.0
44212.0
43769.0
43578.0
42829.0
42187.0
42164.0
43440.0
45225.0
45556.0
45425.0
44389.0
41411.0
37365.0
34359.0
31861.0
30147.0
29541.0
29474.0
30105.0
32972.0
38295.0
41598.0
42677.0
43128.0
43256.0
42743.0
42445.0
41333.0
40652.0
40520.0
41603.0
43291.0
43419.0
43126.0
41918.0
39367.0
36278.0
33986.0
31613.0
29848.0
28812.0
28219.0
28161.0
28973.0
30742.0
32939.0
35998.0
37946.0
38231.0
37651.0
37342.0
36605.0
35270.0
34587.0
35740.0
38776.0
39615.0
40129.0
39542.0
37778.0
35422.0
32577.0
29890.0
28032.0
26972.0
26493.0
26525.0
27133.0
27936.0
29043.0
31613.0
34219.0
35162.0
35154.0
35222.0
34883.0
33698.0
33181.0
34280.0
37712.0
39314.0
40515.0
40502.0
38954.0
35827.0
32384.0
29870.0
28471.0
27836.0
27825.0
28754.0
32391.0
38261.0
42455.0
44519.0
45286.0
45199.0
44579.0
44360.0
43288.0
42919.0
42846.0
44101.0
46275.0
46862.0
47030.0
45861.0
42706.0
38430.0
35249.0
32423.0
30755.0
30020.0
29843.0
30557.0
33687.0
39226.0
42971.0
44499.0
44924.0
44573.0
43861.0
43445.0
42528.0
42061.0
41859.0
43112.0
45431.0
46243.0
46391.0
45440.0
42339.0
38244.0
34855.0
32179.0
30578.0
29965.0
29808.0
30648.0
33700.0
39153.0
43205.0
44709.0
45163.0
44801.0
44136.0
43616.0
42654.0
41930.0
41761.0
42891.0
45340.0
45951.0
45980.0
45105.0
42234.0
38242.0
34946.0
32168.0
30467.0
29817.0
29730.0
30393.0
33477.0
38522.0
42567.0
44183.0
44547.0
43830.0
42888.0
42340.0
41356.0
40657.0
40501.0
41590.0
43907.0
44790.0
44914.0
44092.0
41572.0
37823.0
34547.0
31528.0
29961.0
29222.0
29046.0
29773.0
32471.0
37545.0
41464.0
43049.0
43431.0
42802.0
41674.0
40980.0
39785.0
38891.0
38567.0
39466.0
41869.0
42464.0
42403.0
41357.0
39254.0
36204.0
33216.0
30423.0
28391.0
27429.0
26905.0
26802.0
27614.0
29243.0
31227.0
34442.0
36448.0
36637.0
36084.0
35687.0
34996.0
34067.0
33469.0
34439.0
37321.0
38283.0
38671.0
38229.0
36744.0
34236.0
31152.0
28449.0
26524.0
25508.0
24881.0
24811.0
25221.0
26230.0
27576.0
30659.0
33210.0
33989.0
33643.0
33441.0
32876.0
31715.0
31321.0
32477.0
35857.0
36370.0
35005.0
32959.0
30731.0
29652.0
28678.0
27290.0
25499.0
24046.0
23194.0
23029.0
23357.0
23817.0
24090.0
25869.0
28746.0
30767.0
31338.0
31008.0
29877.0
28126.0
27800.0
28743.0
31355.0
32489.0
33302.0
33585.0
32936.0
30679.0
27929.0
25572.0
24159.0
23466.0
23281.0
23939.0
25974.0
28972.0
32121.0
35241.0
37345.0
38248.0
38302.0
38572.0
37918.0
36630.0
36487.0
37395.0
39423.0
39701.0
39706.0
39294.0
37212.0
33871.0
30707.0
28031.0
26514.0
25810.0
25490.0
26139.0
28306.0
31894.0
35209.0
38295.0
39919.0
40307.0
40043.0
40053.0
39069.0
38071.0
37927.0
38872.0
40914.0
41371.0
41214.0
40332.0
37880.0
34467.0
31370.0
28685.0
26933.0
26159.0
25850.0
26419.0
28593.0
32194.0
35453.0
38365.0
39679.0
40044.0
39596.0
39389.0
38309.0
37276.0
37126.0
37923.0
39981.0
40293.0
40045.0
39218.0
36933.0
33545.0
30643.0
28040.0
26554.0
25787.0
25520.0
26067.0
28280.0
31588.0
34546.0
37302.0
38643.0
38880.0
38232.0
37996.0
36997.0
35801.0
35396.0
36086.0
38164.0
38636.0
38512.0
37620.0
35700.0
32904.0
30342.0
27987.0
26219.0
25262.0
24785.0
24850.0
25670.0
27192.0
28918.0
31506.0
33570.0
33996.0
33624.0
33480.0
32999.0
31866.0
31154.0
31815.0
34632.0
35493.0
35745.0
35376.0
34056.0
31717.0
29142.0
26696.0
25022.0
23994.0
23538.0
23440.0
23777.0
24635.0
25579.0
27882.0
30559.0
31914.0
32171.0
32185.0
31833.0
30618.0
30151.0
31126.0
34347.0
35303.0
34370.0
32528.0
30116.0
28550.0
