Consumption in Netherlands in 2017
11547.0
11340.0
10915.0
10568.0
10343.0
10317.0
10433.0
10731.0
11039.0
11386.0
12014.0
12531.0
12880.0
12994.0
13032.0
13060.0
13449.0
14295.0
14305.0
14061.0
13701.0
13134.0
12514.0
11770.0
11125.0
10712.0
10492.0
10405.0
10517.0
10985.0
12137.0
13743.0
15112.0
15742.0
15952.0
15911.0
15818.0
15885.0
15870.0
15933.0
16327.0
17347.0
16687.0
16125.0
15435.0
14592.0
13665.0
12824.0
12032.0
11470.0
11167.0
11035.0
11116.0
11521.0
12654.0
14335.0
15723.0
16328.0
16513.0
16626.0
16696.0
16684.0
16705.0
16663.0
17000.0
17688.0
16837.0
16252.0
15507.0
14649.0
13690.0
12828.0
12043.0
11527.0
11196.0
11058.0
11094.0
11508.0
12649.0
14283.0
15740.0
16376.0
16558.0
16527.0
16425.0
16381.0
16366.0
16400.0
16717.0
17659.0
16947.0
16367.0
15607.0
14712.0
13740.0
12938.0
12183.0
11646.0
11347.0
11197.0
11290.0
11733.0
12906.0
14593.0
16019.0
16470.0
16483.0
16232.0
15894.0
15834.0
15793.0
15977.0
16420.0
17483.0
17048.0
16509.0
15798.0
14925.0
13904.0
13058.0
12269.0
11767.0
11491.0
11383.0
11440.0
11876.0
12983.0
14641.0
16044.0
16618.0
16671.0
16569.0
16289.0
16171.0
16136.0
16246.0
16572.0
17593.0
17027.0
16384.0
15569.0
14568.0
13738.0
13004.0
12292.0
11713.0
11399.0
11234.0
11166.0
11269.0
11685.0
12452.0
13536.0
14509.0
15138.0
15407.0
15436.0
15283.0
15126.0
15009.0
15184.0
16013.0
15573.0
15044.0
14407.0
13640.0
12984.0
12278.0
11620.0
11144.0
10774.0
10563.0
10511.0
10605.0
10896.0
11337.0
12007.0
12653.0
13188.0
13556.0
13817.0
13842.0
13758.0
13704.0
14065.0
15197.0
15074.0
14700.0
14161.0
13526.0
12783.0
11953.0
11341.0
10999.0
10809.0
10727.0
10854.0
11401.0
12833.0
14961.0
16455.0
16894.0
16970.0
16997.0
16908.0
17036.0
16940.0
16942.0
17195.0
17808.0
17141.0
16537.0
15697.0
14761.0
13772.0
12940.0
12149.0
11673.0
11419.0
11291.0
11308.0
11773.0
13122.0
15234.0
16567.0
16868.0
16812.0
16740.0
16554.0
16533.0
16480.0
16495.0
16761.0
17624.0
17075.0
16546.0
15731.0
14820.0
13779.0
12896.0
12099.0
11562.0
11279.0
11165.0
11248.0
11750.0
13086.0
15196.0
16677.0
17150.0
17240.0
17135.0
16767.0
16640.0
16668.0
16730.0
16919.0
17864.0
17280.0
16638.0
15828.0
14950.0
13819.0
12931.0
12124.0
11576.0
11309.0
11200.0
11261.0
11694.0
13112.0
15274.0
16630.0
16860.0
16808.0
16775.0
16522.0
16671.0
16751.0
16808.0
17087.0
17765.0
17187.0
16753.0
16026.0
15050.0
14047.0
13236.0
12424.0
11900.0
11663.0
11614.0
11611.0
12035.0
13298.0
15380.0
16831.0
17405.0
17557.0
17351.0
16876.0
16802.0
16846.0
16875.0
17154.0
17952.0
17252.0
16513.0
15646.0
14646.0
13752.0
13070.0
12308.0
11741.0
11321.0
11137.0
11152.0
11300.0
11748.0
12610.0
13652.0
14566.0
14990.0
15160.0
15185.0
15048.0
14756.0
14599.0
14808.0
15855.0
15683.0
15165.0
14437.0
13729.0
13091.0
12440.0
11821.0
11291.0
10931.0
10779.0
10761.0
10841.0
11050.0
11580.0
12248.0
12888.0
13437.0
13718.0
13921.0
13840.0
13716.0
13662.0
13979.0
15330.0
15337.0
14963.0
14344.0
13678.0
12915.0
12102.0
11472.0
11138.0
11004.0
10982.0
11096.0
11653.0
13095.0
15252.0
16687.0
16971.0
16889.0
16849.0
16666.0
16736.0
16718.0
16773.0
17052.0
17813.0
17274.0
16718.0
16102.0
15168.0
14163.0
13167.0
12451.0
12007.0
11758.0
11601.0
11444.0
11788.0
13258.0
15550.0
16978.0
17326.0
17380.0
17269.0
16878.0
16780.0
16765.0
16874.0
17060.0
17800.0
17437.0
16970.0
16213.0
15291.0
14214.0
13294.0
12505.0
12058.0
11762.0
11688.0
11792.0
12224.0
13582.0
15775.0
17165.0
17604.0
17662.0
17593.0
17383.0
17303.0
17096.0
17083.0
17320.0
18159.0
17658.0
17057.0
16281.0
15335.0
14268.0
13380.0
12554.0
12060.0
11752.0
11650.0
11752.0
12245.0
13613.0
15797.0
17026.0
17229.0
17117.0
16815.0
16395.0
16302.0
16287.0
16423.0
16702.0
17552.0
17389.0
16874.0
16173.0
15282.0
14275.0
13248.0
12468.0
11936.0
11665.0
11588.0
11636.0
12087.0
13377.0
15616.0
17032.0
17302.0
17124.0
16879.0
16566.0
16493.0
16485.0
16462.0
16628.0
17388.0
17146.0
16548.0
15732.0
14757.0
13868.0
13181.0
12416.0
11826.0
11440.0
11245.0
11197.0
11329.0
11814.0
12726.0
13810.0
14715.0
14941.0
14770.0
14416.0
14140.0
13953.0
14023.0
14383.0
15463.0
15587.0
15105.0
14489.0
13808.0
13204.0
12576.0
11979.0
11470.0
11097.0
10946.0
10910.0
11018.0
11257.0
11805.0
12466.0
13109.0
13378.0
13347.0
13354.0
13191.0
13109.0
13304.0
13760.0
15156.0
15492.0
15112.0
14598.0
13885.0
13123.0
12268.0
11701.0
11379.0
11198.0
11208.0
11306.0
11856.0
13362.0
15560.0
16941.0
17291.0
17337.0
17307.0
17091.0
17189.0
17164.0
17197.0
17355.0
17955.0
17468.0
16882.0
16042.0
15129.0
14002.0
13073.0
12355.0
11897.0
11637.0
11542.0
11618.0
12094.0
13504.0
15650.0
16917.0
17283.0
17191.0
17152.0
16927.0
16942.0
16916.0
16939.0
17111.0
17807.0
17394.0
16829.0
16061.0
15159.0
14098.0
13159.0
12356.0
11906.0
11655.0
11553.0
11604.0
12083.0
13466.0
15603.0
16995.0
17441.0
17428.0
17366.0
17130.0
17158.0
17108.0
17019.0
17114.0
17873.0
17591.0
17043.0
16171.0
15288.0
14167.0
13338.0
12537.0
12046.0
11818.0
11709.0
11774.0
12215.0
13595.0
15778.0
17042.0
17325.0
17142.0
16911.0
16579.0
16552.0
16533.0
16615.0
16849.0
17626.0
17606.0
17163.0
16352.0
15334.0
14210.0
13320.0
12569.0
12055.0
11760.0
11661.0
11737.0
12213.0
13509.0
15666.0
16951.0
17357.0
17203.0
16917.0
16632.0
16560.0
16450.0
16387.0
16415.0
17185.0
16991.0
16370.0
15508.0
14521.0
13640.0
12902.0
12203.0
11635.0
11278.0
11105.0
11051.0
11166.0
11614.0
12560.0
13601.0
14482.0
14833.0
14747.0
14612.0
14319.0
14103.0
14052.0
14245.0
15100.0
15181.0
14703.0
14063.0
13354.0
12723.0
12069.0
11531.0
11089.0
10755.0
10593.0
10529.0
10645.0
10924.0
11407.0
12054.0
12784.0
13331.0
13662.0
13829.0
13701.0
13578.0
13457.0
13656.0
14713.0
15084.0
14783.0
14275.0
13567.0
12821.0
11988.0
11402.0
11064.0
10919.0
10907.0
11024.0
11571.0
13075.0
15282.0
16622.0
17022.0
17139.0
17167.0
16997.0
17063.0
16957.0
16943.0
17085.0
17679.0
17291.0
16717.0
15872.0
14893.0
13873.0
12973.0
12163.0
11707.0
11419.0
11306.0
11408.0
11845.0
13235.0
15418.0
16620.0
17008.0
17068.0
17017.0
16783.0
16760.0
16689.0
16587.0
16738.0
17378.0
17048.0
16525.0
15710.0
14822.0
13693.0
12822.0
12084.0
11649.0
11418.0
11323.0
11415.0
11898.0
13285.0
15463.0
16659.0
17017.0
17076.0
17051.0
16875.0
16900.0
16916.0
16821.0
16839.0
17489.0
17230.0
16584.0
15764.0
14826.0
13763.0
12891.0
12165.0
11635.0
11321.0
11172.0
11232.0
11756.0
13106.0
15239.0
16331.0
16612.0
16577.0
16364.0
15971.0
15794.0
15804.0
15907.0
16176.0
16856.0
16958.0
16423.0
15638.0
14671.0
13606.0
12745.0
11968.0
11473.0
11174.0
11064.0
11107.0
11503.0
12846.0
14973.0
16187.0
16653.0
16722.0
16529.0
16050.0
15990.0
16050.0
16067.0
16010.0
16485.0
16548.0
15948.0
15165.0
14175.0
13299.0
12634.0
11925.0
11360.0
10972.0
10854.0
10836.0
10990.0
11470.0
12358.0
13261.0
14102.0
14430.0
14467.0
14386.0
14312.0
14305.0
14271.0
14438.0
15194.0
15261.0
14689.0
14058.0
13327.0
12739.0
12142.0
11493.0
11031.0
10757.0
10630.0
10543.0
10661.0
10939.0
11427.0
12019.0
12722.0
13139.0
13338.0
13435.0
13239.0
13054.0
13076.0
13336.0
14372.0
14899.0
14648.0
14143.0
13481.0
12738.0
11827.0
11299.0
11019.0
10851.0
10847.0
10982.0
11457.0
12965.0
15189.0
16399.0
16805.0
16836.0
16737.0
16467.0
16597.0
16610.0
16624.0
16782.0
17281.0
17085.0
16580.0
15765.0
14794.0
13684.0
12807.0
12068.0
11538.0
11277.0
11195.0
11238.0
11749.0
13223.0
15449.0
16546.0
17030.0
17148.0
17241.0
17110.0
17101.0
17016.0
16995.0
17074.0
17479.0
17234.0
16756.0
15961.0
15000.0
13851.0
12859.0
12134.0
11697.0
11467.0
11366.0
11404.0
11812.0
13257.0
15420.0
16696.0
17222.0
17374.0
17437.0
17241.0
17259.0
17220.0
17137.0
17184.0
17542.0
17260.0
16707.0
15919.0
15022.0
13924.0
13072.0
12313.0
11844.0
11569.0
11491.0
11540.0
11985.0
13466.0
15638.0
16838.0
17334.0
17499.0
17520.0
17346.0
17372.0
17210.0
17224.0
17225.0
17542.0
17613.0
17115.0
16423.0
15370.0
14222.0
13238.0
12476.0
11939.0
11733.0
11620.0
11697.0
12229.0
13589.0
15715.0
16968.0
17595.0
17758.0
17816.0
17559.0
17594.0
17481.0
17316.0
17304.0
17584.0
17396.0
16743.0
15989.0
14963.0
14045.0
13258.0
12545.0
11942.0
11548.0
11409.0
11366.0
11460.0
11924.0
12855.0
13752.0
14853.0
15430.0
15539.0
15487.0
15321.0
15140.0
15018.0
15089.0
15530.0
15682.0
15100.0
14499.0
13778.0
13155.0
12477.0
11956.0
11522.0
11194.0
11034.0
10935.0
11012.0
11310.0
11752.0
12325.0
13079.0
13629.0
13856.0
14013.0
13840.0
13525.0
13350.0
13662.0
14470.0
15348.0
15122.0
14568.0
13875.0
13153.0
12312.0
11695.0
11328.0
11187.0
11164.0
11283.0
11853.0
13346.0
15498.0
16487.0
16822.0
16536.0
16210.0
15755.0
15724.0
15673.0
15823.0
16155.0
16641.0
17114.0
16836.0
16040.0
15118.0
14026.0
13070.0
12275.0
11820.0
11597.0
11534.0
11631.0
12082.0
13584.0
15679.0
16613.0
16799.0
16447.0
16027.0
15560.0
15458.0
15397.0
15553.0
15968.0
16487.0
16824.0
16514.0
15813.0
14875.0
13838.0
12922.0
12212.0
11696.0
11461.0
11386.0
11432.0
11885.0
13369.0
15461.0
16404.0
16584.0
16230.0
15810.0
15381.0
15400.0
15461.0
15691.0
15962.0
16389.0
16717.0
16419.0
15705.0
14816.0
13720.0
12813.0
12085.0
11628.0
11364.0
11303.0
11387.0
11816.0
13234.0
15377.0
16360.0
16695.0
16747.0
16754.0
16382.0
16138.0
16060.0
16103.0
16378.0
16747.0
16984.0
16723.0
15937.0
14895.0
13792.0
12881.0
12154.0
11712.0
11402.0
11261.0
11281.0
11666.0
13000.0
15068.0
16265.0
16785.0
16861.0
16781.0
16540.0
16449.0
16254.0
16185.0
16223.0
16501.0
16590.0
16080.0
15325.0
14328.0
13362.0
12687.0
12083.0
11579.0
11218.0
11025.0
10993.0
11082.0
11569.0
12416.0
13332.0
14210.0
14557.0
14480.0
14167.0
13788.0
13463.0
13334.0
13587.0
14147.0
14833.0
14649.0
14072.0
13406.0
12777.0
12034.0
11363.0
10874.0
10548.0
10365.0
10321.0
10363.0
10687.0
11154.0
11788.0
12625.0
13150.0
13399.0
13481.0
13191.0
12867.0
12811.0
13024.0
13660.0
14347.0
14244.0
13739.0
13039.0
12424.0
11632.0
11084.0
10762.0
10576.0
10548.0
10691.0
11204.0
12676.0
14648.0
15821.0
16405.0
16621.0
16720.0
16608.0
16577.0
16444.0
16314.0
16363.0
16625.0
16630.0
16231.0
15450.0
14548.0
13556.0
12653.0
11954.0
11498.0
11249.0
11124.0
11183.0
11609.0
12927.0
14880.0
15803.0
16168.0
15938.0
15675.0
15299.0
15290.0
15193.0
15265.0
15656.0
16233.0
16461.0
16220.0
15467.0
14599.0
13559.0
12648.0
11931.0
11400.0
11157.0
11068.0
11112.0
11568.0
12998.0
14949.0
16077.0
16549.0
16627.0
16716.0
16638.0
16734.0
16704.0
16627.0
16699.0
16853.0
16700.0
16334.0
15548.0
14647.0
13619.0
12750.0
12018.0
11492.0
11246.0
11121.0
11171.0
11620.0
12964.0
14863.0
16044.0
16653.0
16845.0
16920.0
16772.0
16522.0
16207.0
16338.0
16437.0
16690.0
16668.0
16390.0
15583.0
14683.0
13703.0
12864.0
12183.0
11689.0
11422.0
11322.0
11435.0
11859.0
13157.0
14846.0
15822.0
16100.0
15884.0
15642.0
15320.0
15174.0
14990.0
14994.0
15229.0
15589.0
15882.0
15791.0
15119.0
14216.0
13267.0
12559.0
11920.0
11498.0
11151.0
10934.0
10923.0
11025.0
11548.0
12232.0
13035.0
13870.0
14326.0
14427.0
14413.0
14186.0
13798.0
13658.0
13893.0
14323.0
14698.0
14470.0
13910.0
13225.0
12634.0
11949.0
11410.0
10923.0
10593.0
10413.0
10342.0
10451.0
10773.0
11203.0
11822.0
12554.0
13018.0
13298.0
13432.0
13302.0
13121.0
12999.0
13141.0
13772.0
14251.0
14175.0
13736.0
13114.0
12496.0
11740.0
11200.0
10870.0
10689.0
10638.0
10699.0
11136.0
12431.0
14020.0
15177.0
15676.0
15878.0
16067.0
16045.0
16117.0
16010.0
16031.0
16109.0
16322.0
16264.0
16011.0
15323.0
14421.0
13440.0
12610.0
11989.0
11536.0
11302.0
11202.0
11234.0
11674.0
12956.0
14536.0
15665.0
16163.0
16259.0
16248.0
16055.0
15978.0
15871.0
15856.0
15934.0
16117.0
16194.0
16183.0
15509.0
14650.0
13655.0
12800.0
11977.0
11516.0
11262.0
11136.0
11150.0
11603.0
12837.0
14497.0
15614.0
16085.0
15950.0
15753.0
15414.0
15333.0
15348.0
15538.0
15763.0
16102.0
16119.0
16032.0
15364.0
14437.0
13442.0
12569.0
11889.0
11356.0
11113.0
11024.0
10977.0
11456.0
12833.0
14569.0
15560.0
16212.0
16305.0
16293.0
16163.0
16178.0
15925.0
15851.0
15977.0
16156.0
16184.0
16264.0
15578.0
14640.0
13545.0
12711.0
12021.0
11477.0
11226.0
11111.0
11191.0
11648.0
12870.0
14408.0
15477.0
15889.0
15939.0
15982.0
16005.0
16074.0
15971.0
15838.0
15796.0
15956.0
15919.0
15726.0
14966.0
13994.0
13145.0
12458.0
11728.0
11188.0
10818.0
10637.0
10569.0
10680.0
11173.0
11936.0
12843.0
13723.0
14059.0
14024.0
13727.0
13492.0
13455.0
13406.0
13639.0
13959.0
14258.0
14273.0
13744.0
13046.0
12491.0
11835.0
11271.0
10824.0
10490.0
10350.0
10255.0
10274.0
10547.0
10889.0
11451.0
11897.0
11943.0
12007.0
12197.0
12438.0
12664.0
12887.0
13245.0
13943.0
14339.0
14364.0
13857.0
13169.0
12484.0
11608.0
11076.0
10789.0
10667.0
10698.0
10795.0
11261.0
12637.0
14402.0
15637.0
16033.0
15946.0
15759.0
15444.0
15600.0
15552.0
15578.0
15725.0
16012.0
16039.0
16135.0
15409.0
14469.0
13383.0
12463.0
11720.0
11259.0
11001.0
10923.0
10985.0
11415.0
12811.0
14600.0
15727.0
16198.0
16209.0
16108.0
15777.0
15622.0
15382.0
15399.0
15654.0
15954.0
15949.0
16144.0
15461.0
14587.0
13463.0
12522.0
11791.0
11295.0
11042.0
10944.0
11003.0
11430.0
12823.0
14763.0
16127.0
16774.0
16941.0
17007.0
16818.0
16884.0
16819.0
16650.0
16534.0
16633.0
16215.0
16241.0
15525.0
14656.0
13562.0
12697.0
11878.0
11369.0
11139.0
11088.0
11163.0
11571.0
12894.0
14636.0
15741.0
16277.0
16310.0
16200.0
15741.0
15393.0
15130.0
14943.0
15141.0
15551.0
15691.0
16219.0
15519.0
14513.0
13390.0
12543.0
11753.0
11280.0
11041.0
10993.0
11067.0
11482.0
12782.0
14375.0
15316.0
15349.0
14953.0
14746.0
14489.0
14584.0
14519.0
14523.0
14718.0
15199.0
15247.0
15549.0
14894.0
13930.0
13000.0
12276.0
11561.0
11065.0
10728.0
10594.0
10589.0
10672.0
11138.0
11750.0
12566.0
13059.0
13071.0
13029.0
12805.0
12608.0
12593.0
12687.0
12850.0
13369.0
13710.0
14097.0
13582.0
12926.0
12334.0
11549.0
10967.0
10554.0
10286.0
10194.0
10121.0
10259.0
10502.0
10723.0
11224.0
11472.0
11407.0
11461.0
11432.0
11236.0
11071.0
11069.0
11500.0
12498.0
13243.0
13901.0
13482.0
12807.0
12075.0
11222.0
10730.0
10469.0
10370.0
10382.0
10533.0
11046.0
12507.0
14210.0
15120.0
15138.0
14881.0
14768.0
14480.0
14511.0
14562.0
14500.0
14705.0
15198.0
15203.0
15779.0
15152.0
14259.0
13200.0
12233.0
11405.0
10984.0
10776.0
10747.0
10830.0
11300.0
12672.0
14363.0
15259.0
15099.0
14794.0
14609.0
14355.0
14518.0
14682.0
14965.0
15316.0
15686.0
15535.0
15791.0
15122.0
14277.0
13289.0
12372.0
11528.0
11048.0
10855.0
10799.0
10849.0
11204.0
12492.0
14137.0
15102.0
15180.0
14724.0
14473.0
14118.0
14015.0
13969.0
13988.0
14335.0
14901.0
14826.0
15505.0
14985.0
14185.0
13195.0
12337.0
11487.0
11012.0
10776.0
10773.0
10830.0
11211.0
12510.0
14057.0
14866.0
14838.0
14495.0
14258.0
13902.0
13915.0
13866.0
13951.0
14166.0
14681.0
14721.0
15438.0
14934.0
13982.0
12907.0
12046.0
11286.0
10765.0
10593.0
10563.0
10601.0
11060.0
12185.0
13806.0
14937.0
14952.0
15197.0
15519.0
15024.0
14552.0
14274.0
14298.0
14650.0
15148.0
15073.0
15284.0
14591.0
13616.0
12747.0
11996.0
11321.0
10806.0
10537.0
10398.0
10305.0
10396.0
10823.0
11565.0
12633.0
13443.0
13688.0
13561.0
13390.0
13251.0
13242.0
13184.0
13305.0
13758.0
13861.0
13980.0
13419.0
12687.0
12022.0
11300.0
10622.0
10231.0
10033.0
9925.0
9860.0
9905.0
10077.0
10421.0
11213.0
11912.0
12304.0
12471.0
12490.0
12232.0
11969.0
11974.0
12303.0
13077.0
13326.0
13700.0
13313.0
12602.0
11925.0
11077.0
10414.0
10086.0
9965.0
10009.0
10130.0
10620.0
11964.0
13741.0
15016.0
15553.0
15647.0
15713.0
15562.0
15680.0
15684.0
15662.0
15717.0
15880.0
15518.0
15734.0
15066.0
14095.0
13020.0
12064.0
11208.0
10676.0
10518.0
10482.0
10552.0
10974.0
12200.0
13782.0
14770.0
14972.0
14685.0
14417.0
14114.0
14184.0
14179.0
14228.0
14466.0
14827.0
14752.0
15473.0
15051.0
14154.0
13034.0
12166.0
11381.0
10865.0
10680.0
10693.0
10766.0
11207.0
12401.0
13926.0
14734.0
14613.0
14275.0
14084.0
13814.0
13972.0
14080.0
14222.0
14513.0
14973.0
14845.0
15422.0
14902.0
14020.0
12971.0
12092.0
11268.0
10782.0
10628.0
10622.0
10684.0
11074.0
12305.0
13881.0
14701.0
14568.0
14275.0
14102.0
13841.0
13854.0
13852.0
14035.0
14328.0
14696.0
14666.0
15402.0
15040.0
14069.0
13011.0
12072.0
11220.0
10755.0
10532.0
10448.0
10462.0
10930.0
12077.0
13647.0
14476.0
14544.0
14298.0
14039.0
13710.0
13639.0
13503.0
13466.0
13682.0
14224.0
14218.0
14769.0
14425.0
13486.0
12563.0
11836.0
11069.0
10539.0
10271.0
10182.0
10165.0
10319.0
10626.0
11333.0
11871.0
12034.0
12020.0
11833.0
11545.0
11286.0
11129.0
11130.0
11483.0
12243.0
12622.0
13296.0
13101.0
12433.0
11826.0
11075.0
10406.0
9936.0
9743.0
9714.0
9771.0
10002.0
10281.0
10749.0
11172.0
11231.0
11268.0
11271.0
11147.0
10834.0
10573.0
10685.0
11391.0
11994.0
12195.0
12871.0
12544.0
11915.0
11066.0
10346.0
9940.0
9783.0
9818.0
10013.0
10500.0
11907.0
13647.0
14692.0
14711.0
14267.0
14008.0
13626.0
13530.0
13366.0
13377.0
13480.0
13853.0
13710.0
13693.0
14154.0
13773.0
12760.0
11836.0
10952.0
10424.0
10222.0
10204.0
10350.0
10808.0
12089.0
13727.0
14681.0
14654.0
14257.0
13988.0
13638.0
13598.0
13497.0
13452.0
13591.0
13993.0
13802.0
13738.0
14219.0
13752.0
12754.0
11773.0
10921.0
10377.0
10124.0
10064.0
10163.0
10658.0
11946.0
13734.0
14900.0
15442.0
15403.0
15361.0
15176.0
15129.0
14795.0
14715.0
14701.0
14831.0
14326.0
14090.0
14369.0
13812.0
12761.0
11894.0
11019.0
10485.0
10206.0
10158.0
10244.0
10684.0
12024.0
13695.0
14688.0
14913.0
14603.0
14316.0
13963.0
13928.0
13890.0
13845.0
13912.0
14151.0
13937.0
13802.0
14228.0
13751.0
12706.0
11853.0
10979.0
10433.0
10134.0
10090.0
10149.0
10548.0
11809.0
13376.0
14452.0
14704.0
14556.0
14302.0
13949.0
13810.0
13715.0
13834.0
14021.0
14301.0
13908.0
13600.0
13748.0
13245.0
12364.0
11722.0
10800.0
10236.0
9884.0
9675.0
9603.0
9597.0
10005.0
10745.0
11736.0
12493.0
12788.0
12860.0
12687.0
12396.0
12155.0
11973.0
12030.0
12526.0
12693.0
12542.0
12676.0
12326.0
11703.0
11040.0
10432.0
9949.0
9604.0
9446.0
9408.0
9457.0
9628.0
9826.0
10449.0
10846.0
10902.0
10798.0
10739.0
10609.0
10491.0
10386.0
10617.0
11401.0
11856.0
11966.0
12389.0
12245.0
11673.0
10861.0
10202.0
9833.0
9673.0
9627.0
9764.0
10239.0
11605.0
13418.0
14634.0
15031.0
15006.0
14921.0
14433.0
14123.0
13668.0
13415.0
13468.0
13773.0
13619.0
13530.0
13849.0
13624.0
12580.0
11644.0
10775.0
10248.0
10027.0
9977.0
10050.0
10474.0
11786.0
13334.0
14302.0
14378.0
14112.0
13870.0
13630.0
13688.0
13598.0
13518.0
13672.0
13990.0
13734.0
13640.0
13950.0
13730.0
12704.0
11822.0
10915.0
10338.0
10084.0
9981.0
10046.0
10456.0
11729.0
13462.0
14588.0
14821.0
14516.0
14338.0
14067.0
14132.0
14105.0
14098.0
14201.0
14459.0
14005.0
13766.0
14018.0
13814.0
12834.0
11990.0
11079.0
10490.0
10189.0
10093.0
10149.0
10547.0
11837.0
13457.0
14572.0
14934.0
14889.0
14902.0
14715.0
14675.0
14530.0
14385.0
14309.0
14450.0
14106.0
13976.0
14162.0
13931.0
12919.0
12007.0
11141.0
10590.0
10312.0
10219.0
10257.0
10665.0
11908.0
13511.0
14595.0
14874.0
14592.0
14456.0
14263.0
14266.0
14127.0
14006.0
14037.0
14274.0
14010.0
13759.0
13845.0
13501.0
12571.0
11828.0
11043.0
10413.0
10068.0
9908.0
9871.0
9950.0
10322.0
10949.0
11952.0
12655.0
12761.0
12569.0
12259.0
11924.0
11475.0
11210.0
11295.0
11766.0
12052.0
12117.0
12359.0
12381.0
11859.0
11164.0
10423.0
9864.0
9589.0
9447.0
9425.0
9525.0
9686.0
9953.0
10521.0
10777.0
10814.0
10666.0
10589.0
10363.0
10107.0
10012.0
10335.0
11117.0
11568.0
11759.0
12160.0
12289.0
11683.0
10870.0
10277.0
9842.0
9670.0
9651.0
9700.0
10225.0
11529.0
13223.0
14329.0
14708.0
14705.0
14621.0
14256.0
14164.0
13975.0
13998.0
14097.0
14364.0
14018.0
13820.0
13866.0
13774.0
12771.0
11867.0
11001.0
10416.0
10180.0
10103.0
10191.0
10602.0
11915.0
13604.0
14568.0
14818.0
14531.0
14293.0
13945.0
14043.0
14005.0
13837.0
13838.0
14066.0
13738.0
13620.0
13823.0
13787.0
12800.0
11839.0
10970.0
10375.0
10131.0
10043.0
10103.0
10546.0
11812.0
13452.0
14596.0
14948.0
14922.0
14989.0
14834.0
14981.0
14984.0
14991.0
15078.0
15258.0
14685.0
14308.0
14241.0
13880.0
12865.0
11936.0
10983.0
10453.0
10169.0
10102.0
10197.0
10646.0
11882.0
13516.0
14614.0
14781.0
14670.0
14536.0
14277.0
14206.0
14055.0
13988.0
14125.0
14357.0
14003.0
13827.0
13911.0
13833.0
12947.0
12046.0
11165.0
10553.0
10228.0
10132.0
10206.0
10574.0
11668.0
13035.0
14232.0
14851.0
15008.0
15026.0
14855.0
14601.0
14348.0
13960.0
13761.0
14037.0
13694.0
13305.0
13263.0
13210.0
12426.0
11726.0
10878.0
10311.0
9976.0
9768.0
9735.0
9887.0
10347.0
10944.0
11842.0
12646.0
12812.0
12699.0
12445.0
12120.0
11912.0
11811.0
11824.0
12170.0
12318.0
12296.0
12370.0
12504.0
11956.0
11246.0
10487.0
9920.0
9619.0
9461.0
9378.0
9402.0
9474.0
9678.0
10365.0
10966.0
11243.0
11302.0
11169.0
10985.0
10812.0
10669.0
10722.0
11364.0
11749.0
11744.0
11914.0
12099.0
11628.0
10905.0
10198.0
9749.0
9520.0
9464.0
9509.0
9683.0
9935.0
10293.0
10922.0
11406.0
11686.0
11580.0
11431.0
11133.0
10933.0
10905.0
11192.0
11942.0
12256.0
12241.0
12373.0
12570.0
11995.0
11143.0
10403.0
9965.0
9799.0
9783.0
9929.0
10490.0
11726.0
13333.0
14369.0
14638.0
14657.0
14675.0
14447.0
14370.0
14186.0
14062.0
14084.0
14276.0
13981.0
13849.0
13773.0
13931.0
13048.0
12107.0
11115.0
10413.0
10239.0
10194.0
10292.0
10756.0
11885.0
13453.0
14404.0
14618.0
14478.0
14402.0
14162.0
14223.0
14218.0
14200.0
14205.0
14478.0
14030.0
13783.0
13772.0
13879.0
13037.0
12106.0
11176.0
10585.0
10360.0
10293.0
10394.0
10831.0
11953.0
13492.0
14433.0
14435.0
14190.0
13945.0
13573.0
13518.0
13474.0
13515.0
13753.0
14083.0
13882.0
13787.0
13746.0
13774.0
12922.0
12072.0
11145.0
10501.0
10216.0
10101.0
10184.0
10569.0
11636.0
13254.0
14362.0
14742.0
14715.0
14619.0
14381.0
14357.0
14318.0
14271.0
14249.0
14485.0
14161.0
13885.0
13678.0
13388.0
12508.0
11775.0
10951.0
10363.0
10019.0
9889.0
9833.0
9974.0
10247.0
10878.0
11761.0
12305.0
12517.0
12545.0
12416.0
12209.0
11870.0
11728.0
11861.0
12337.0
12465.0
12382.0
12285.0
12401.0
11939.0
11299.0
10565.0
9984.0
9693.0
9552.0
9530.0
9598.0
9630.0
9874.0
10360.0
10804.0
11149.0
11374.0
11470.0
11342.0
11188.0
11041.0
11070.0
11757.0
12005.0
12006.0
12019.0
12341.0
11964.0
11199.0
10459.0
10057.0
9884.0
9864.0
10013.0
10469.0
11433.0
12893.0
14076.0
14324.0
14310.0
14345.0
14225.0
14384.0
14383.0
14374.0
14444.0
14648.0
14291.0
14075.0
13878.0
13705.0
12785.0
11896.0
11019.0
10493.0
10252.0
10166.0
10262.0
10656.0
11647.0
13039.0
14099.0
14484.0
14490.0
14355.0
14080.0
13921.0
13765.0
13697.0
13820.0
14008.0
13749.0
13578.0
13467.0
13677.0
12963.0
12078.0
11224.0
10638.0
10388.0
10330.0
10446.0
10841.0
11766.0
13131.0
14092.0
14335.0
14397.0
14341.0
14098.0
14030.0
13928.0
13824.0
13801.0
14017.0
13747.0
13499.0
13292.0
13352.0
12725.0
12006.0
11117.0
10527.0
10216.0
10067.0
10049.0
10170.0
10436.0
10899.0
11261.0
11538.0
11770.0
11758.0
11718.0
11503.0
11329.0
11190.0
11300.0
11872.0
12090.0
12071.0
12166.0
12446.0
12051.0
11357.0
10695.0
10196.0
10000.0
9934.0
9981.0
10302.0
11000.0
12103.0
13039.0
13550.0
13761.0
13827.0
13729.0
13557.0
13382.0
13232.0
13257.0
13589.0
13464.0
13233.0
13022.0
13062.0
12521.0
11866.0
11084.0
10432.0
10117.0
10029.0
10035.0
10054.0
10265.0
10813.0
11398.0
11933.0
12175.0
12170.0
12066.0
11874.0
11737.0
11526.0
11548.0
11944.0
12169.0
12128.0
12047.0
12230.0
11987.0
11338.0
10608.0
10048.0
9774.0
9650.0
9569.0
9607.0
9497.0
9767.0
10135.0
10447.0
10602.0
10620.0
10668.0
10535.0
10374.0
10359.0
10704.0
11443.0
11869.0
11918.0
11890.0
12193.0
11894.0
11125.0
10510.0
10084.0
9909.0
9891.0
9914.0
10303.0
11353.0
12878.0
14212.0
14741.0
14857.0
14849.0
14737.0
14821.0
14812.0
14724.0
14655.0
14844.0
14314.0
13970.0
13681.0
13686.0
12912.0
12048.0
11214.0
10668.0
10417.0
10295.0
10335.0
10740.0
11736.0
13216.0
14452.0
14945.0
15070.0
15080.0
14836.0
14856.0
14699.0
14491.0
14491.0
14768.0
14419.0
14160.0
13891.0
13843.0
13067.0
12217.0
11391.0
10841.0
10525.0
10427.0
10496.0
10838.0
11775.0
13324.0
14647.0
15211.0
15348.0
15325.0
14993.0
14926.0
14710.0
14515.0
14448.0
14644.0
14164.0
13877.0
13619.0
13763.0
13170.0
12303.0
11397.0
10826.0
10565.0
10470.0
10470.0
10800.0
11702.0
13164.0
14243.0
14665.0
14597.0
14400.0
14262.0
14378.0
14429.0
14425.0
14485.0
14754.0
14381.0
14078.0
13716.0
13805.0
13063.0
12270.0
11400.0
10794.0
10476.0
10390.0
10455.0
10787.0
11668.0
13135.0
14472.0
15150.0
15354.0
15329.0
15058.0
14868.0
14727.0
14488.0
14389.0
14606.0
14319.0
14047.0
13724.0
13569.0
12962.0
12250.0
11361.0
10748.0
10400.0
10186.0
10134.0
10142.0
10254.0
10874.0
11664.0
12195.0
12274.0
12081.0
11733.0
11419.0
11200.0
11167.0
11360.0
11876.0
12138.0
12048.0
11955.0
12081.0
11899.0
11247.0
10561.0
10029.0
9720.0
9563.0
9472.0
9485.0
9400.0
9747.0
10374.0
10993.0
11343.0
11525.0
11599.0
11408.0
11247.0
11130.0
11264.0
11894.0
12203.0
12141.0
12136.0
12279.0
12002.0
11242.0
10511.0
10133.0
9950.0
9932.0
9990.0
10361.0
11452.0
13289.0
14591.0
15077.0
15197.0
15262.0
14939.0
14571.0
14145.0
13939.0
13923.0
14162.0
13842.0
13676.0
13445.0
13432.0
13038.0
12193.0
11297.0
10725.0
10455.0
10388.0
10414.0
10748.0
11653.0
13162.0
14002.0
14199.0
14203.0
14275.0
14229.0
14210.0
14047.0
13965.0
14039.0
14320.0
13954.0
13706.0
13460.0
13489.0
13055.0
12190.0
11315.0
10745.0
10475.0
10378.0
10411.0
10748.0
11726.0
13319.0
14380.0
14714.0
14670.0
14491.0
14166.0
13998.0
13742.0
13602.0
13694.0
14003.0
13749.0
13563.0
13388.0
13404.0
13049.0
12224.0
11300.0
10700.0
10415.0
10276.0
10315.0
10548.0
11457.0
12995.0
13872.0
14123.0
14028.0
13915.0
13772.0
13854.0
13962.0
14127.0
14336.0
14602.0
14271.0
14030.0
13824.0
13658.0
13118.0
12328.0
11361.0
10785.0
10533.0
10410.0
10373.0
10636.0
11534.0
13199.0
14430.0
14967.0
15070.0
15004.0
14741.0
14600.0
14353.0
14204.0
14128.0
14314.0
14132.0
13882.0
13639.0
13366.0
12846.0
12167.0
11329.0
10727.0
10378.0
10193.0
10110.0
10049.0
10174.0
10816.0
11615.0
12304.0
12526.0
12574.0
12485.0
12323.0
12184.0
12054.0
12160.0
12613.0
12696.0
12440.0
12203.0
12044.0
11971.0
11410.0
10784.0
10199.0
9832.0
9603.0
9552.0
9450.0
9339.0
9675.0
10191.0
10643.0
10936.0
11053.0
11139.0
11233.0
11253.0
11154.0
11153.0
11707.0
11860.0
11778.0
11792.0
11807.0
11838.0
11131.0
10448.0
9979.0
9822.0
9757.0
9843.0
10142.0
11085.0
12697.0
13714.0
13921.0
13787.0
13743.0
13556.0
13644.0
13661.0
13607.0
13770.0
14199.0
13962.0
13800.0
13462.0
13330.0
12889.0
12072.0
11222.0
10666.0
10412.0
10315.0
10296.0
10537.0
11492.0
13187.0
14408.0
14787.0
14732.0
14603.0
14401.0
14405.0
14393.0
14346.0
14525.0
14767.0
14365.0
14024.0
13692.0
13542.0
13119.0
12302.0
11468.0
10947.0
10696.0
10519.0
10517.0
10757.0
11622.0
13204.0
14409.0
14818.0
14797.0
14744.0
14498.0
14511.0
14519.0
14491.0
14581.0
14724.0
14303.0
14025.0
13701.0
13549.0
13364.0
12635.0
11699.0
11055.0
10749.0
10641.0
10635.0
10898.0
11782.0
13446.0
14604.0
15115.0
15167.0
15151.0
14918.0
14883.0
14768.0
14658.0
14627.0
14670.0
14244.0
13961.0
13648.0
13436.0
13083.0
12367.0
11469.0
10879.0
10600.0
10499.0
10498.0
10689.0
11490.0
13129.0
14403.0
14883.0
15006.0
15046.0
14814.0
14724.0
14600.0
14397.0
14308.0
14404.0
13924.0
13538.0
13162.0
12874.0
12639.0
11995.0
11132.0
10542.0
10168.0
9975.0
9919.0
9774.0
9948.0
10524.0
11211.0
11768.0
12020.0
12094.0
12012.0
11759.0
11570.0
11398.0
11462.0
11839.0
11999.0
11938.0
11823.0
11743.0
11795.0
11273.0
10607.0
9998.0
9724.0
9567.0
9518.0
9360.0
9307.0
9541.0
10021.0
10471.0
10678.0
10849.0
11000.0
10916.0
10792.0
10746.0
10899.0
11494.0
11794.0
11840.0
11899.0
11866.0
11971.0
11258.0
10639.0
10165.0
9963.0
9876.0
9928.0
10164.0
11092.0
12664.0
13692.0
14064.0
14028.0
14072.0
13937.0
13998.0
13975.0
14081.0
14230.0
14506.0
14154.0
13878.0
13548.0
13341.0
13131.0
12344.0
11508.0
10878.0
10595.0
10520.0
10470.0
10627.0
11446.0
13010.0
14063.0
14424.0
14355.0
14286.0
14103.0
14196.0
14097.0
14039.0
14101.0
14273.0
13940.0
13732.0
13412.0
13250.0
13076.0
12385.0
13505.0
13908.0
13433.0
13425.0
13369.0
13043.0
13066.0
13899.0
15356.0
15635.0
15651.0
14943.0
14626.0
14266.0
14749.0
14564.0
14712.0
14986.0
14699.0
14662.0
14968.0
14650.0
14261.0
13547.0
13362.0
13447.0
13357.0
13481.0
13576.0
13601.0
13879.0
14077.0
13869.0
14445.0
14470.0
14377.0
14033.0
13535.0
13619.0
13997.0
14456.0
15050.0
15202.0
15125.0
15146.0
15089.0
15245.0
14350.0
13885.0
13782.0
13547.0
13669.0
13748.0
13351.0
12847.0
13271.0
14478.0
15193.0
15391.0
15239.0
15087.0
15318.0
15289.0
15297.0
15351.0
15569.0
15574.0
15771.0
15627.0
15054.0
14406.0
13103.0
12609.0
12442.0
12086.0
12484.0
12663.0
12508.0
11802.0
12489.0
12659.0
13660.0
13781.0
13871.0
14002.0
13816.0
13574.0
14016.0
14304.0
14556.0
14449.0
14137.0
13774.0
13316.0
12630.0
12116.0
12983.0
13145.0
13356.0
13487.0
13556.0
13285.0
12814.0
13120.0
13444.0
13357.0
13853.0
13147.0
12993.0
12900.0
13153.0
13482.0
13912.0
14680.0
14847.0
14769.0
14829.0
14723.0
14685.0
13905.0
13146.0
12633.0
12713.0
12749.0
12303.0
11315.0
10149.0
11864.0
13491.0
14060.0
14864.0
15049.0
15028.0
15143.0
14098.0
14357.0
14993.0
15433.0
15020.0
15117.0
15346.0
15098.0
14368.0
13404.0
12369.0
11101.0
10558.0
10289.0
10251.0
9916.0
10611.0
12331.0
13455.0
14894.0
14537.0
14233.0
14149.0
13798.0
13429.0
13169.0
13012.0
13322.0
12989.0
12833.0
12590.0
12637.0
13169.0
12686.0
11564.0
11308.0
11311.0
11420.0
11291.0
10976.0
10957.0
12530.0
13985.0
14518.0
15020.0
15227.0
14625.0
14460.0
14822.0
14444.0
14487.0
14422.0
14421.0
14395.0
14223.0
13954.0
13675.0
13121.0
11672.0
11116.0
10807.0
10646.0
10580.0
10690.0
11594.0
13004.0
14011.0
14357.0
14297.0
14260.0
14079.0
14157.0
14173.0
14236.0
14383.0
14560.0
14251.0
14065.0
13875.0
13520.0
13329.0
12709.0
11860.0
11241.0
10937.0
10777.0
10756.0
10821.0
11592.0
13060.0
14225.0
14704.0
14777.0
14782.0
14516.0
14611.0
14549.0
14483.0
14523.0
14634.0
14299.0
13957.0
13596.0
13209.0
13078.0
12613.0
11781.0
11158.0
10822.0
10637.0
10522.0
10388.0
10541.0
11143.0
11962.0
12646.0
12891.0
12847.0
12647.0
12419.0
12161.0
11953.0
12039.0
12333.0
12421.0
12285.0
12209.0
12055.0
12047.0
11549.0
10954.0
10459.0
10114.0
9928.0
9802.0
9543.0
9472.0
9643.0
10071.0
10397.0
10649.0
10750.0
10893.0
10741.0
10499.0
10332.0
10383.0
10982.0
11367.0
11446.0
11479.0
11415.0
11606.0
11239.0
10650.0
10098.0
9859.0
9685.0
9570.0
9381.0
9478.0
9834.0
10377.0
10864.0
11007.0
11078.0
11220.0
11242.0
11224.0
11182.0
11293.0
11877.0
12077.0
12071.0
11993.0
11877.0
11957.0
11452.0
10775.0
10305.0
10097.0
10038.0
10075.0
10268.0
11204.0
12838.0
14119.0
14752.0
14880.0
14850.0
14565.0
14484.0
14331.0
14324.0
14265.0
14414.0
14094.0
13885.0
13484.0
13079.0
12827.0
12180.0
11363.0
10797.0
10509.0
10362.0
10362.0
10498.0
11409.0
12974.0
14099.0
14669.0
14798.0
14972.0
14816.0
14889.0
14814.0
14662.0
14489.0
14477.0
13955.0
13665.0
13360.0
13073.0
12868.0
12238.0
11353.0
10799.0
10516.0
10405.0
10395.0
10533.0
11447.0
13032.0
14202.0
14690.0
14791.0
14748.0
14505.0
14397.0
14213.0
14222.0
14374.0
14570.0
14216.0
14024.0
13701.0
13261.0
13091.0
12570.0
11769.0
11137.0
10815.0
10653.0
10671.0
10844.0
11680.0
13305.0
14566.0
15426.0
15662.0
15560.0
14994.0
14611.0
14303.0
14050.0
13993.0
14110.0
13772.0
13443.0
13161.0
12689.0
12541.0
12179.0
11334.0
10714.0
10375.0
10151.0
10049.0
9866.0
10089.0
10587.0
11282.0
11908.0
12189.0
12157.0
12006.0
11870.0
11691.0
11571.0
11612.0
11972.0
12184.0
12113.0
11991.0
11771.0
11808.0
11510.0
10911.0
10444.0
10116.0
9939.0
9799.0
9510.0
9478.0
9734.0
10215.0
10718.0
10964.0
11085.0
11159.0
11116.0
11085.0
11268.0
11545.0
12118.0
12341.0
12347.0
12243.0
12043.0
12073.0
11563.0
10938.0
10495.0
10306.0
10209.0
10229.0
10351.0
11207.0
12771.0
13992.0
14474.0
14613.0
14693.0
14590.0
14693.0
14568.0
14495.0
14548.0
14662.0
14260.0
13912.0
13518.0
13192.0
12949.0
12263.0
11461.0
10954.0
10747.0
10650.0
10342.0
10551.0
11476.0
13001.0
13989.0
14358.0
14420.0
14446.0
14319.0
14397.0
14360.0
14275.0
14286.0
14423.0
13913.0
13671.0
13397.0
13030.0
12865.0
12421.0
11582.0
11022.0
10736.0
10617.0
10544.0
10604.0
11494.0
12964.0
13992.0
14291.0
14280.0
14209.0
13986.0
14124.0
14123.0
14126.0
14274.0
14492.0
14129.0
13848.0
13584.0
13246.0
13083.0
12604.0
11731.0
11120.0
10846.0
10725.0
10670.0
10741.0
11652.0
13110.0
14217.0
14720.0
14852.0
14951.0
14854.0
14998.0
14902.0
14759.0
14624.0
14639.0
14322.0
14103.0
13907.0
13429.0
13211.0
12684.0
11841.0
11220.0
10921.0
10862.0
10818.0
10845.0
11631.0
13058.0
14176.0
14633.0
14757.0
14881.0
14662.0
14669.0
14548.0
14403.0
14280.0
14240.0
13813.0
13407.0
13078.0
12689.0
12561.0
12235.0
11475.0
10855.0
10518.0
10321.0
10233.0
10077.0
10268.0
10929.0
11837.0
12524.0
12834.0
12806.0
12644.0
12358.0
12102.0
11902.0
12011.0
12274.0
12365.0
12278.0
12182.0
11974.0
12020.0
11737.0
11132.0
10594.0
10251.0
10055.0
9899.0
9580.0
9545.0
9802.0
10355.0
10783.0
11004.0
11080.0
11110.0
11054.0
10962.0
10971.0
11188.0
11722.0
12073.0
12225.0
12405.0
12379.0
12461.0
12073.0
11363.0
10881.0
10654.0
10575.0
10568.0
10688.0
11664.0
13248.0
14515.0
14968.0
14980.0
15015.0
14877.0
14993.0
14925.0
14935.0
15012.0
15109.0
14718.0
14548.0
14268.0
13809.0
13518.0
12954.0
12096.0
11457.0
11147.0
10992.0
10979.0
11048.0
11968.0
13499.0
14649.0
15077.0
15122.0
15189.0
15005.0
15128.0
15052.0
15030.0
15108.0
15131.0
14583.0
14274.0
13915.0
13495.0
13255.0
12746.0
11821.0
11147.0
10833.0
10692.0
10643.0
10743.0
11666.0
13075.0
14041.0
14513.0
14515.0
14567.0
14485.0
14617.0
14662.0
14773.0
14921.0
15126.0
14746.0
14456.0
14193.0
13830.0
13626.0
13136.0
12299.0
11623.0
11240.0
11089.0
11083.0
11197.0
12209.0
13812.0
15030.0
15533.0
15601.0
15624.0
15470.0
15452.0
15421.0
15577.0
15782.0
15756.0
15135.0
14637.0
14236.0
13715.0
13478.0
12956.0
12109.0
11501.0
11172.0
11016.0
11037.0
11107.0
11928.0
13316.0
14449.0
14943.0
15020.0
15046.0
14886.0
14845.0
14606.0
14404.0
14237.0
14363.0
14186.0
13819.0
13472.0
13056.0
12909.0
12568.0
11716.0
11089.0
10705.0
10459.0
10388.0
10203.0
10378.0
11020.0
11833.0
12670.0
13091.0
13184.0
13049.0
12819.0
12641.0
12472.0
12497.0
12671.0
12629.0
12454.0
12225.0
12033.0
11985.0
11575.0
10994.0
10518.0
10226.0
10050.0
9934.0
9770.0
9748.0
10064.0
10594.0
11068.0
11444.0
11636.0
12003.0
11977.0
11887.0
11670.0
11671.0
12095.0
12236.0
12169.0
12101.0
11979.0
12006.0
11541.0
10963.0
10512.0
10350.0
10302.0
10335.0
10511.0
11433.0
12920.0
13920.0
14231.0
14218.0
14258.0
14070.0
14107.0
13987.0
13971.0
13993.0
14159.0
13828.0
13606.0
13349.0
12926.0
12852.0
12432.0
11588.0
10979.0
10707.0
10567.0
10537.0
10632.0
11452.0
12823.0
13940.0
14264.0
14313.0
14312.0
14297.0
14509.0
14571.0
14617.0
14744.0
14856.0
14388.0
14035.0
13674.0
13272.0
13039.0
12484.0
11665.0
11113.0
10869.0
10760.0
10798.0
10958.0
11852.0
13421.0
14700.0
15326.0
15491.0
15459.0
15360.0
15488.0
15528.0
15515.0
15357.0
15391.0
14707.0
14321.0
13869.0
13423.0
13175.0
12610.0
11725.0
11120.0
10808.0
10678.0
10670.0
10797.0
11708.0
13250.0
14367.0
14886.0
15043.0
15140.0
14951.0
14910.0
14788.0
14799.0
14805.0
14846.0
14472.0
14125.0
13798.0
13362.0
13148.0
12622.0
11761.0
11158.0
10866.0
10717.0
10689.0
10780.0
11587.0
13065.0
14090.0
14587.0
14748.0
14825.0
14726.0
14773.0
14694.0
14641.0
14528.0
14650.0
14255.0
13834.0
13426.0
12963.0
12797.0
12354.0
11550.0
10988.0
10658.0
10487.0
10394.0
10291.0
10517.0
11129.0
12057.0
12916.0
13340.0
13375.0
13241.0
13041.0
12651.0
12305.0
12231.0
12493.0
12421.0
12168.0
11977.0
11673.0
11839.0
11506.0
10934.0
10420.0
10063.0
9925.0
9814.0
9659.0
9645.0
9927.0
10499.0
11097.0
11570.0
11729.0
11713.0
11538.0
11271.0
11055.0
11069.0
11581.0
11893.0
11959.0
11974.0
11792.0
11963.0
11606.0
10920.0
10456.0
10269.0
10153.0
10144.0
10302.0
11279.0
12749.0
13848.0
14141.0
14186.0
14303.0
14305.0
14635.0
14588.0
14561.0
14620.0
14789.0
14240.0
13813.0
13440.0
13007.0
12892.0
12433.0
11624.0
11050.0
10752.0
10632.0
10629.0
10748.0
11671.0
13160.0
14180.0
14555.0
14541.0
14538.0
14375.0
14424.0
14451.0
14528.0
14584.0
14785.0
14323.0
13982.0
13643.0
13220.0
13121.0
12608.0
11778.0
11196.0
10888.0
10762.0
10751.0
10867.0
11702.0
13186.0
14243.0
14722.0
14787.0
14792.0
14680.0
14825.0
14799.0
14731.0
14764.0
14896.0
14359.0
13996.0
13683.0
13282.0
13219.0
12796.0
11903.0
11321.0
11007.0
10888.0
10890.0
10985.0
11860.0
13256.0
14284.0
14765.0
14763.0
14714.0
14687.0
14892.0
15073.0
15177.0
15299.0
15401.0
14975.0
14679.0
14394.0
13904.0
13608.0
13023.0
12154.0
11585.0
11313.0
11180.0
11197.0
11263.0
12108.0
13552.0
14728.0
15240.0
15381.0
15379.0
15246.0
15220.0
15079.0
14852.0
14818.0
14871.0
14449.0
14070.0
13715.0
13216.0
13148.0
12730.0
11910.0
11311.0
10913.0
10715.0
10585.0
10450.0
10635.0
11220.0
12015.0
12652.0
12922.0
12865.0
12664.0
12555.0
12406.0
12259.0
12245.0
12501.0
12493.0
12348.0
12138.0
11836.0
12001.0
11629.0
11078.0
10567.0
10213.0
10038.0
9951.0
9646.0
9585.0
9728.0
10172.0
10566.0
10793.0
10837.0
10901.0
10863.0
10750.0
10730.0
10939.0
11569.0
11909.0
11964.0
12002.0
11884.0
12036.0
11616.0
11058.0
10598.0
10423.0
10314.0
10350.0
10576.0
11507.0
12991.0
14207.0
14628.0
14627.0
14650.0
14540.0
14774.0
14866.0
14961.0
14948.0
15076.0
14613.0
14229.0
13834.0
13430.0
13222.0
12650.0
11791.0
11250.0
10909.0
10749.0
10753.0
10908.0
11693.0
13178.0
14276.0
14724.0
14789.0
14839.0
14758.0
14906.0
14895.0
14789.0
14703.0
14741.0
14331.0
13998.0
13658.0
13316.0
13098.0
12509.0
11680.0
11139.0
10856.0
10717.0
10743.0
10997.0
11902.0
13452.0
14790.0
15424.0
15739.0
15760.0
15567.0
15366.0
15018.0
14631.0
14458.0
14461.0
13935.0
13650.0
13422.0
13026.0
12987.0
12471.0
11643.0
11085.0
10746.0
10576.0
10587.0
10728.0
11552.0
12865.0
13844.0
14203.0
14411.0
14535.0
14341.0
14322.0
14266.0
14253.0
14216.0
14379.0
14086.0
13796.0
13474.0
13019.0
12963.0
12448.0
11659.0
11055.0
10764.0
10621.0
10621.0
10758.0
11487.0
12873.0
14019.0
14547.0
14766.0
14875.0
14814.0
14917.0
14686.0
14380.0
14141.0
14119.0
13721.0
13314.0
12963.0
12549.0
12472.0
12094.0
11334.0
10734.0
10391.0
10194.0
10130.0
10029.0
10189.0
10669.0
11342.0
12005.0
12248.0
12255.0
12085.0
11925.0
11805.0
11758.0
11909.0
12209.0
12330.0
12222.0
12004.0
11825.0
11883.0
11443.0
10839.0
10365.0
10078.0
9901.0
9827.0
9719.0
9675.0
9968.0
10557.0
11181.0
11538.0
11761.0
11852.0
11856.0
11780.0
11692.0
11806.0
12120.0
12284.0
12181.0
12113.0
12080.0
12131.0
11570.0
11016.0
10610.0
10417.0
10299.0
10376.0
10584.0
11421.0
12763.0
13795.0
14102.0
14068.0
14030.0
13844.0
13900.0
13872.0
13851.0
13937.0
14178.0
13823.0
13614.0
13359.0
13017.0
12936.0
12460.0
11718.0
11162.0
10857.0
10728.0
10729.0
10866.0
11601.0
12880.0
13888.0
14271.0
14308.0
14274.0
14038.0
14158.0
14187.0
14286.0
14310.0
14481.0
14162.0
13916.0
13599.0
13252.0
13218.0
12678.0
11855.0
11268.0
10979.0
10857.0
10838.0
11012.0
11813.0
13182.0
14294.0
14839.0
15032.0
15189.0
15303.0
15503.0
15514.0
15440.0
15293.0
15138.0
14583.0
14223.0
13876.0
13625.0
13582.0
12990.0
12140.0
11554.0
11259.0
11123.0
11142.0
11262.0
12046.0
13469.0
14710.0
15355.0
15484.0
15455.0
15218.0
15211.0
15124.0
15049.0
14998.0
15065.0
14632.0
14218.0
13851.0
13402.0
13137.0
12627.0
11773.0
11115.0
10824.0
10649.0
10654.0
10767.0
11492.0
12711.0
13717.0
14110.0
14162.0
14116.0
13832.0
13827.0
13703.0
13625.0
13633.0
13828.0
13636.0
13457.0
13146.0
12746.0
12771.0
12332.0
11549.0
10969.0
10614.0
10414.0
10338.0
10270.0
10297.0
10733.0
11383.0
12002.0
12105.0
11998.0
11859.0
11882.0
11938.0
12007.0
12102.0
12308.0
12399.0
12283.0
12068.0
11951.0
12040.0
11533.0
10926.0
10508.0
10205.0
9992.0
9904.0
9751.0
9567.0
9704.0
10047.0
10433.0
10756.0
11045.0
11264.0
11214.0
11090.0
11038.0
11198.0
11620.0
11833.0
11807.0
11741.0
11723.0
11786.0
11199.0
10696.0
10330.0
10153.0
10106.0
10175.0
10448.0
11204.0
12448.0
13521.0
13863.0
14017.0
14185.0
14160.0
14152.0
14042.0
13849.0
13799.0
13984.0
13600.0
13320.0
12985.0
12751.0
12632.0
12138.0
11349.0
10798.0
10519.0
10398.0
10392.0
10592.0
11340.0
12566.0
13629.0
14133.0
14199.0
14170.0
14008.0
14135.0
14163.0
14150.0
14200.0
14312.0
13865.0
13473.0
13110.0
12775.0
12677.0
12085.0
11258.0
10743.0
10477.0
10334.0
10343.0
10562.0
11277.0
12460.0
13454.0
13884.0
13959.0
13879.0
13659.0
13633.0
13596.0
13622.0
13730.0
13998.0
13719.0
13493.0
13276.0
13088.0
12839.0
12207.0
11447.0
10928.0
10650.0
10545.0
10524.0
10756.0
11430.0
12679.0
13726.0
14117.0
14199.0
14143.0
13889.0
13924.0
13978.0
13813.0
13747.0
13882.0
13592.0
13399.0
13128.0
12859.0
12722.0
12138.0
11363.0
10791.0
10503.0
10389.0
10412.0
10621.0
11159.0
12330.0
13364.0
13991.0
14150.0
14231.0
13944.0
13822.0
13803.0
13718.0
13704.0
13776.0
13502.0
13201.0
12886.0
12610.0
12338.0
11852.0
11088.0
10442.0
10136.0
9936.0
9887.0
9958.0
10166.0
10662.0
11374.0
12077.0
12326.0
12347.0
12224.0
12045.0
11957.0
11907.0
11997.0
12353.0
12426.0
12288.0
12185.0
12107.0
11979.0
11483.0
10878.0
10304.0
9952.0
9833.0
9773.0
9719.0
9608.0
9821.0
10290.0
10760.0
11059.0
11213.0
11370.0
11336.0
11074.0
10974.0
11051.0
11422.0
11585.0
11561.0
11551.0
11559.0
11725.0
11148.0
10583.0
10164.0
9985.0
9854.0
9891.0
10142.0
10848.0
11951.0
12880.0
13265.0
13293.0
13355.0
13327.0
13305.0
13277.0
13201.0
13279.0
13480.0
13239.0
13042.0
12761.0
12613.0
12516.0
11988.0
11167.0
10667.0
10447.0
10329.0
10276.0
10514.0
11117.0
12153.0
13181.0
13753.0
13921.0
13733.0
13701.0
13843.0
13568.0
13422.0
13485.0
13668.0
13281.0
13016.0
12771.0
12628.0
12499.0
11852.0
11133.0
10634.0
10382.0
10284.0
10275.0
10497.0
11080.0
12217.0
13234.0
13611.0
13552.0
13529.0
13435.0
13478.0
13568.0
13652.0
13769.0
13928.0
13522.0
13161.0
12837.0
12731.0
12344.0
11739.0
10988.0
10460.0
10228.0
10118.0
10179.0
10463.0
11118.0
12202.0
13191.0
13859.0
14158.0
14163.0
13817.0
13500.0
13358.0
13275.0
13420.0
13583.0
13343.0
13100.0
12827.0
12685.0
12440.0
11946.0
11156.0
10604.0
10317.0
10117.0
9914.0
10308.0
11024.0
12105.0
13095.0
13569.0
13589.0
13600.0
13397.0
13307.0
13210.0
13101.0
13057.0
13223.0
13021.0
12784.0
12512.0
12299.0
12145.0
11621.0
10863.0
10329.0
9986.0
9832.0
9786.0
9832.0
9922.0
10360.0
10987.0
11633.0
11941.0
11984.0
11846.0
11623.0
11340.0
11117.0
11054.0
11340.0
11555.0
11592.0
11551.0
11518.0
11460.0
10950.0
10364.0
9887.0
9582.0
9415.0
9363.0
9321.0
9172.0
9324.0
9607.0
9907.0
10103.0
10277.0
10357.0
10324.0
10214.0
10171.0
10383.0
10900.0
11089.0
11252.0
11353.0
11509.0
11503.0
10929.0
10375.0
9975.0
9756.0
9666.0
9662.0
9966.0
10563.0
11581.0
12462.0
12793.0
12810.0
12821.0
12698.0
12740.0
12641.0
12638.0
12757.0
13100.0
12947.0
12745.0
12540.0
12568.0
12305.0
11736.0
10989.0
10481.0
10184.0
10052.0
10099.0
10327.0
10891.0
11908.0
12920.0
13497.0
13711.0
13884.0
13929.0
13996.0
14080.0
14087.0
14081.0
14162.0
13622.0
13210.0
12802.0
12670.0
12305.0
11691.0
10914.0
10378.0
10092.0
9952.0
9975.0
10272.0
10912.0
11909.0
12852.0
13267.0
13250.0
13205.0
13061.0
13003.0
12927.0
12835.0
12964.0
13253.0
12989.0
12728.0
12540.0
12602.0
12331.0
11753.0
11013.0
10502.0
10205.0
10089.0
10083.0
10339.0
10999.0
12047.0
12985.0
13520.0
13668.0
13711.0
13719.0
13704.0
13595.0
13572.0
13626.0
13770.0
13496.0
13216.0
12995.0
12820.0
12297.0
11719.0
10959.0
10415.0
10144.0
10001.0
10008.0
10290.0
10951.0
11941.0
12929.0
13387.0
13409.0
13364.0
13276.0
13204.0
13007.0
12896.0
12922.0
13178.0
13018.0
12731.0
12488.0
12414.0
12020.0
11515.0
10759.0
10258.0
9912.0
9727.0
9675.0
9740.0
9970.0
10391.0
11106.0
11906.0
12296.0
12268.0
12081.0
11808.0
11570.0
11423.0
11521.0
11797.0
11879.0
11779.0
11532.0
11592.0
11409.0
10835.0
10266.0
9842.0
9527.0
9363.0
9280.0
9285.0
9183.0
9351.0
9750.0
10118.0
10335.0
10416.0
10468.0
10425.0
10289.0
10161.0
10299.0
10879.0
11236.0
11310.0
11399.0
11707.0
11531.0
10920.0
10320.0
9907.0
9669.0
9600.0
9636.0
9998.0
10707.0
11801.0
12822.0
13196.0
13180.0
13120.0
13024.0
13179.0
13194.0
13159.0
13260.0
13468.0
13254.0
13069.0
12884.0
13016.0
12544.0
11867.0
11071.0
10597.0
10333.0
10223.0
10197.0
10435.0
11104.0
12179.0
13248.0
14006.0
14348.0
14429.0
13957.0
14075.0
14141.0
14137.0
14134.0
14260.0
13769.0
13362.0
13123.0
13103.0
12537.0
11882.0
11221.0
10711.0
10427.0
10278.0
10342.0
10561.0
11201.0
12246.0
13180.0
13620.0
13639.0
13605.0
13561.0
13615.0
13628.0
13649.0
13700.0
13867.0
13481.0
13237.0
13028.0
13200.0
12706.0
12062.0
11272.0
10715.0
10420.0
10306.0
10309.0
10611.0
11330.0
12416.0
13494.0
14169.0
14354.0
14504.0
14491.0
14606.0
14573.0
14487.0
14487.0
14498.0
13988.0
13552.0
13256.0
13253.0
12740.0
12073.0
11283.0
10735.0
10455.0
10293.0
10293.0
10587.0
11327.0
12348.0
13404.0
14034.0
14199.0
14244.0
14126.0
14120.0
14055.0
13764.0
13509.0
13539.0
13281.0
13087.0
12920.0
12878.0
12287.0
11677.0
10978.0
10406.0
10077.0
9854.0
9778.0
9864.0
10061.0
10496.0
11100.0
11679.0
11895.0
11826.0
11685.0
11535.0
11344.0
11231.0
11313.0
11669.0
11863.0
11847.0
11758.0
11978.0
11597.0
11101.0
10510.0
10051.0
9758.0
9606.0
9527.0
9532.0
9454.0
9528.0
9942.0
10372.0
10599.0
10815.0
10959.0
10908.0
10669.0
10609.0
10744.0
11309.0
11634.0
11697.0
11768.0
12059.0
11644.0
11021.0
10459.0
10066.0
9907.0
9835.0
9893.0
10270.0
11173.0
12339.0
13313.0
13625.0
13661.0
13669.0
13540.0
13585.0
13544.0
13557.0
13631.0
13867.0
13589.0
13418.0
13240.0
13437.0
12671.0
11897.0
11186.0
10661.0
10398.0
10270.0
10291.0
10589.0
11472.0
12666.0
13594.0
13857.0
13824.0
13772.0
13624.0
13723.0
13669.0
13682.0
13778.0
13922.0
13522.0
13288.0
13159.0
13350.0
12602.0
11834.0
11087.0
10552.0
10237.0
10118.0
10140.0
10441.0
11269.0
12419.0
13377.0
13686.0
13657.0
13672.0
13603.0
13699.0
13737.0
13812.0
14078.0
14349.0
13892.0
13579.0
13497.0
13589.0
12871.0
12197.0
11377.0
10812.0
10562.0
10438.0
10442.0
10730.0
11663.0
12908.0
13920.0
14364.0
14401.0
14263.0
14081.0
14129.0
14049.0
14066.0
14058.0
14126.0
13829.0
13634.0
13626.0
13670.0
12927.0
12210.0
11399.0
10833.0
10557.0
10460.0
10459.0
10729.0
11621.0
12662.0
13633.0
14033.0
14012.0
14012.0
13823.0
13898.0
13851.0
13796.0
13848.0
13992.0
13734.0
13467.0
13323.0
13350.0
12671.0
11887.0
11189.0
10726.0
10419.0
10271.0
10161.0
10212.0
10413.0
10815.0
11435.0
12006.0
12266.0
12176.0
12024.0
11928.0
11788.0
11689.0
11786.0
12157.0
12310.0
12287.0
12353.0
12431.0
12048.0
11444.0
10859.0
10410.0
10135.0
9979.0
9912.0
9903.0
9881.0
9890.0
10286.0
10634.0
10766.0
10834.0
10957.0
10875.0
10755.0
10778.0
11021.0
11583.0
11990.0
12134.0
12319.0
12605.0
12132.0
11407.0
10881.0
10476.0
10275.0
10203.0
10266.0
10684.0
11692.0
12964.0
13997.0
14347.0
14375.0
14385.0
14324.0
14488.0
14500.0
14521.0
14628.0
14819.0
14469.0
14223.0
14107.0
14226.0
13408.0
12647.0
11828.0
11260.0
11003.0
10845.0
10832.0
11116.0
12024.0
13316.0
14344.0
14790.0
14860.0
14823.0
14638.0
14698.0
14762.0
14824.0
14937.0
15124.0
14682.0
14387.0
14427.0
14368.0
13565.0
12790.0
11970.0
11470.0
11150.0
10985.0
10993.0
11353.0
12349.0
13817.0
15017.0
15730.0
15816.0
15711.0
15558.0
15730.0
15655.0
15610.0
15636.0
15643.0
15067.0
14760.0
14600.0
14097.0
13166.0
12414.0
11549.0
10956.0
10687.0
10557.0
10532.0
10854.0
11919.0
13311.0
14419.0
14832.0
14738.0
14564.0
14234.0
14200.0
14045.0
14002.0
13960.0
14087.0
13849.0
13757.0
13904.0
13779.0
12942.0
12192.0
11409.0
10839.0
10553.0
10447.0
10456.0
10736.0
11793.0
13032.0
14099.0
14432.0
14368.0
14358.0
14226.0
14247.0
14134.0
14020.0
13947.0
14105.0
13792.0
13571.0
13605.0
13429.0
12702.0
12097.0
11321.0
10746.0
10408.0
10285.0
10193.0
10296.0
10585.0
10965.0
11589.0
12003.0
12064.0
12040.0
11964.0
11879.0
11660.0
11499.0
11631.0
12015.0
12212.0
12186.0
12377.0
12348.0
11859.0
11301.0
10686.0
10230.0
9980.0
9829.0
9782.0
9804.0
9858.0
9960.0
10348.0
10603.0
10738.0
10842.0
10971.0
10955.0
10878.0
10834.0
11087.0
11812.0
12227.0
12289.0
12619.0
12532.0
11982.0
11269.0
10723.0
10161.0
10074.0
10034.0
10135.0
10544.0
11749.0
13151.0
14180.0
14549.0
14561.0
14461.0
14096.0
14186.0
14284.0
14475.0
14688.0
14929.0
14433.0
14219.0
14342.0
14029.0
13068.0
12255.0
11480.0
10939.0
10721.0
10656.0
10701.0
11075.0
12216.0
13742.0
14776.0
15134.0
15088.0
15202.0
15149.0
15296.0
15217.0
15117.0
15124.0
15291.0
14815.0
14543.0
14591.0
14093.0
13167.0
12398.0
11590.0
11045.0
10790.0
10693.0
10750.0
11083.0
12147.0
13694.0
14792.0
14994.0
14892.0
14755.0
14625.0
14774.0
14669.0
14567.0
14589.0
14876.0
14422.0
14258.0
14435.0
13902.0
13031.0
12271.0
11474.0
10903.0
10711.0
10577.0
10623.0
10962.0
12118.0
13635.0
14605.0
14919.0
14802.0
14694.0
14528.0
14611.0
14645.0
14716.0
14632.0
14656.0
14391.0
14307.0
14553.0
13936.0
12946.0
12206.0
11383.0
10873.0
10645.0
10534.0
10585.0
10981.0
12127.0
13712.0
14936.0
15540.0
15690.0
15741.0
15560.0
15508.0
15336.0
15107.0
15082.0
15137.0
14778.0
14440.0
14356.0
13659.0
12779.0
12103.0
11386.0
10761.0
10455.0
10301.0
10235.0
10303.0
10725.0
11288.0
12139.0
12852.0
13135.0
12940.0
12739.0
12380.0
12076.0
11977.0
12006.0
12339.0
12600.0
12577.0
12863.0
12552.0
11991.0
11409.0
10758.0
10214.0
9927.0
9785.0
9686.0
9717.0
9867.0
9919.0
10356.0
10690.0
10856.0
11090.0
11237.0
11199.0
11100.0
11135.0
11412.0
12187.0
12609.0
12561.0
12881.0
12471.0
11901.0
11163.0
10579.0
10160.0
10009.0
9975.0
10066.0
10485.0
11684.0
13152.0
14103.0
14297.0
14251.0
14312.0
14154.0
14335.0
14528.0
14636.0
14657.0
14843.0
14497.0
14441.0
14505.0
13842.0
12872.0
12079.0
11233.0
10688.0
10462.0
10376.0
10391.0
10721.0
11925.0
13432.0
14337.0
14559.0
14442.0
14360.0
14063.0
14024.0
13945.0
13942.0
14055.0
14293.0
14033.0
13894.0
14267.0
13749.0
12762.0
11987.0
11179.0
10630.0
10432.0
10408.0
10512.0
10859.0
12106.0
13661.0
14616.0
15000.0
14884.0
14646.0
14334.0
14385.0
14259.0
14166.0
14263.0
14663.0
14357.0
14190.0
14428.0
13852.0
12929.0
12104.0
11275.0
10744.0
10515.0
10409.0
10430.0
10837.0
12061.0
13662.0
14664.0
14926.0
14781.0
14719.0
14839.0
15054.0
15304.0
15360.0
15418.0
15587.0
15204.0
14936.0
14957.0
14186.0
13145.0
12302.0
11464.0
10919.0
10677.0
10584.0
10582.0
10992.0
12175.0
13746.0
14757.0
14979.0
14699.0
14514.0
14324.0
14233.0
14092.0
13885.0
13823.0
14193.0
14016.0
13937.0
14251.0
13549.0
12684.0
12039.0
11244.0
10686.0
10386.0
10216.0
10164.0
10260.0
10727.0
11310.0
12071.0
12888.0
13145.0
13110.0
12946.0
12769.0
12604.0
12475.0
12552.0
12895.0
12976.0
12952.0
13205.0
12615.0
12003.0
11398.0
10767.0
10260.0
9995.0
9868.0
9818.0
9854.0
10023.0
10244.0
10766.0
11117.0
11204.0
11196.0
11295.0
11329.0
11330.0
11342.0
11560.0
12285.0
12635.0
12824.0
13225.0
12698.0
12059.0
11281.0
10707.0
10317.0
10200.0
10190.0
10234.0
10684.0
11992.0
13620.0
14640.0
15092.0
15057.0
14923.0
14602.0
14659.0
14597.0
14629.0
14697.0
14928.0
14686.0
14672.0
14830.0
14060.0
13056.0
12165.0
11387.0
10827.0
10617.0
10569.0
10614.0
11006.0
12239.0
13882.0
14865.0
15121.0
14896.0
14724.0
14421.0
14302.0
14158.0
14157.0
14325.0
14703.0
14524.0
14494.0
14770.0
14048.0
13058.0
12249.0
11402.0
10816.0
10604.0
10527.0
10545.0
10920.0
12118.0
13836.0
14898.0
15273.0
15078.0
14783.0
14495.0
14528.0
14434.0
14351.0
14403.0
14752.0
14452.0
14451.0
14680.0
13950.0
12992.0
12183.0
11396.0
10831.0
10548.0
10452.0
10484.0
10852.0
12062.0
13668.0
14571.0
14758.0
14443.0
14217.0
13975.0
14016.0
14076.0
14154.0
14321.0
14628.0
14468.0
14555.0
14816.0
14003.0
13012.0
12215.0
11422.0
10863.0
10581.0
10522.0
10559.0
10971.0
12128.0
13685.0
14700.0
14984.0
14979.0
14873.0
14595.0
14526.0
14459.0
14423.0
14380.0
14570.0
14321.0
14325.0
14420.0
13653.0
12832.0
12142.0
11349.0
10746.0
10449.0
10274.0
10230.0
10322.0
10761.0
11405.0
12108.0
12534.0
12499.0
12243.0
11971.0
11671.0
11492.0
11439.0
11656.0
12243.0
12621.0
12898.0
13167.0
12594.0
12024.0
11380.0
10731.0
10270.0
9997.0
9869.0
9768.0
9791.0
9952.0
10232.0
10798.0
11249.0
11345.0
11249.0
11137.0
10931.0
10796.0
10777.0
11098.0
11904.0
12428.0
12821.0
13164.0
12617.0
11940.0
11206.0
10683.0
10276.0
10135.0
10063.0
10125.0
10549.0
11852.0
13630.0
14699.0
15037.0
15017.0
15053.0
14775.0
14699.0
14504.0
14402.0
14505.0
14803.0
14581.0
14796.0
14781.0
13970.0
12966.0
12131.0
11322.0
10790.0
10569.0
10483.0
10505.0
10896.0
12145.0
13970.0
14908.0
15271.0
15228.0
15102.0
14868.0
14817.0
14654.0
14489.0
14495.0
14799.0
14502.0
14730.0
14850.0
14093.0
13050.0
12167.0
11376.0
10844.0
10603.0
10505.0
10535.0
10944.0
12174.0
13956.0
14908.0
15212.0
15009.0
14760.0
14328.0
14215.0
14165.0
14258.0
14482.0
14919.0
14751.0
14965.0
14883.0
14063.0
13081.0
12218.0
11377.0
10776.0
10585.0
10545.0
10641.0
11012.0
12201.0
14029.0
15085.0
15549.0
15524.0
15433.0
15121.0
14989.0
14883.0
14999.0
15204.0
15448.0
15203.0
15405.0
15243.0
14341.0
13294.0
12422.0
11622.0
11093.0
10808.0
10661.0
10685.0
11104.0
12216.0
13979.0
14938.0
15278.0
15231.0
15219.0
15018.0
14816.0
14590.0
14530.0
14855.0
15301.0
15067.0
15139.0
14833.0
13955.0
13114.0
12370.0
11532.0
10911.0
10584.0
10461.0
10391.0
10517.0
10917.0
11628.0
12482.0
13225.0
13546.0
13661.0
13547.0
13393.0
13192.0
13000.0
12936.0
13143.0
13189.0
13401.0
13298.0
12634.0
12054.0
11397.0
10749.0
10214.0
9893.0
9755.0
9735.0
9841.0
10044.0
10341.0
10838.0
11257.0
11319.0
11448.0
11552.0
11541.0
11592.0
11789.0
12105.0
12753.0
13069.0
13386.0
13188.0
12591.0
11958.0
11221.0
10632.0
10249.0
10087.0
10081.0
10206.0
10731.0
12070.0
14035.0
15073.0
15340.0
15030.0
14927.0
14669.0
14760.0
14663.0
14670.0
14924.0
15237.0
14967.0
15201.0
14855.0
13972.0
12933.0
12121.0
11281.0
10752.0
10520.0
10398.0
10468.0
10889.0
12175.0
14042.0
14835.0
15027.0
14759.0
14706.0
14408.0
14416.0
14333.0
14400.0
14457.0
14851.0
14662.0
15112.0
14854.0
13998.0
12894.0
12067.0
11196.0
10641.0
10404.0
10329.0
10396.0
10842.0
12066.0
13957.0
14909.0
15246.0
15164.0
15017.0
14650.0
14802.0
14947.0
15003.0
15077.0
15289.0
14892.0
15170.0
14780.0
13973.0
12918.0
12147.0
11408.0
10795.0
10561.0
10507.0
10594.0
11079.0
12356.0
14238.0
15390.0
15662.0
15614.0
15350.0
14876.0
14530.0
14384.0
14386.0
14509.0
14974.0
14827.0
15218.0
14927.0
14047.0
13026.0
12177.0
11311.0
10745.0
10464.0
10367.0
10429.0
10895.0
12174.0
13984.0
14930.0
15357.0
15381.0
15145.0
14645.0
14391.0
14209.0
14197.0
14378.0
14734.0
14543.0
14815.0
14364.0
13524.0
12653.0
11962.0
11147.0
10467.0
10152.0
10046.0
9985.0
10116.0
10643.0
11558.0
12351.0
13165.0
13549.0
13679.0
13666.0
13547.0
13405.0
13316.0
13401.0
13737.0
13768.0
13812.0
13373.0
12716.0
12144.0
11453.0
10764.0
10249.0
9951.0
9764.0
9752.0
9868.0
10124.0
10574.0
11114.0
11697.0
11949.0
12019.0
12023.0
11877.0
11680.0
11634.0
11860.0
12658.0
10119.0
13366.0
13422.0
12783.0
12141.0
11379.0
10652.0
10178.0
10023.0
10013.0
10077.0
10474.0
11542.0
13527.0
14873.0
15350.0
15374.0
15448.0
15379.0
15338.0
15274.0
15202.0
15294.0
15513.0
15287.0
15399.0
15039.0
14167.0
13183.0
12273.0
11462.0
10817.0
10514.0
10423.0
10418.0
10702.0
11807.0
13678.0
14900.0
15262.0
15262.0
15385.0
15349.0
15318.0
15406.0
15251.0
15327.0
15599.0
15381.0
15584.0
15172.0
14335.0
13328.0
12417.0
11478.0
10890.0
10548.0
10470.0
10440.0
10759.0
11790.0
13736.0
15097.0
15568.0
15654.0
15622.0
15374.0
15329.0
15375.0
15372.0
15427.0
15631.0
15335.0
15429.0
15069.0
14256.0
13241.0
12371.0
11519.0
10864.0
10542.0
10456.0
10437.0
10728.0
11781.0
13722.0
14960.0
15362.0
15109.0
14883.0
14749.0
14583.0
14596.0
14417.0
14603.0
15033.0
14941.0
15327.0
15170.0
14324.0
13308.0
12414.0
11556.0
10931.0
10606.0
10534.0
10553.0
10871.0
11894.0
13755.0
15097.0
15481.0
15403.0
15155.0
14883.0
14901.0
15000.0
15046.0
15006.0
15173.0
15010.0
15061.0
14753.0
13926.0
13019.0
12241.0
11429.0
10779.0
10397.0
10250.0
10171.0
10242.0
10646.0
11463.0
12182.0
12871.0
13006.0
12810.0
12588.0
12272.0
12105.0
12067.0
12302.0
12894.0
13218.0
13600.0
13408.0
12774.0
12138.0
11495.0
10859.0
10296.0
9973.0
9911.0
9853.0
9859.0
10013.0
10419.0
10857.0
11377.0
11499.0
11298.0
11189.0
11010.0
10845.0
10843.0
11160.0
12067.0
12737.0
13371.0
13312.0
12736.0
12100.0
11357.0
10704.0
10223.0
10066.0
10072.0
10120.0
10500.0
11597.0
13335.0
14690.0
15069.0
14960.0
14681.0
14434.0
14403.0
14423.0
14461.0
14764.0
15194.0
15140.0
15494.0
15119.0
14270.0
13302.0
12418.0
11603.0
10955.0
10543.0
10453.0
10525.0
10758.0
11751.0
13436.0
14718.0
15204.0
15260.0
15237.0
15073.0
15038.0
15111.0
15026.0
15053.0
15270.0
15082.0
15393.0
15006.0
14238.0
13343.0
12431.0
11568.0
10945.0
10604.0
10535.0
10561.0
10838.0
11776.0
13465.0
14754.0
15223.0
15200.0
14993.0
14633.0
14443.0
14396.0
14443.0
14649.0
15023.0
14992.0
15345.0
14939.0
14189.0
13297.0
12424.0
11556.0
10963.0
10708.0
10681.0
10649.0
10938.0
11920.0
13580.0
14862.0
15224.0
15173.0
14986.0
14745.0
14577.0
14613.0
14746.0
14903.0
15246.0
15186.0
15665.0
15238.0
14369.0
13370.0
12502.0
11679.0
11027.0
10713.0
10637.0
10635.0
10872.0
11817.0
13547.0
14997.0
15572.0
15482.0
15275.0
15174.0
15264.0
15362.0
15301.0
15279.0
15524.0
15414.0
15326.0
14743.0
13828.0
12975.0
12217.0
10474.0
9747.0
10151.0
10885.0
10402.0
9782.0
9659.0
9719.0
9847.0
10729.0
11991.0
12130.0
11696.0
11509.0
10912.0
10158.0
10592.0
11663.0
12112.0
11765.0
11514.0
11705.0
11650.0
11383.0
9964.0
8793.0
8092.0
7813.0
7490.0
7838.0
8428.0
9418.0
9984.0
10264.0
10586.0
10544.0
10795.0
10811.0
10810.0
10731.0
11722.0
11703.0
11492.0
11739.0
11277.0
10532.0
10161.0
10043.0
9153.0
8195.0
7985.0
7798.0
7630.0
7742.0
8759.0
10852.0
12370.0
13118.0
13232.0
13034.0
12683.0
12716.0
12700.0
12693.0
13070.0
13216.0
13187.0
13527.0
13265.0
12107.0
11184.0
10174.0
9877.0
9309.0
8979.0
8793.0
8628.0
8848.0
9123.0
10794.0
12794.0
13892.0
14215.0
14146.0
13982.0
14303.0
14384.0
14173.0
14176.0
14101.0
13734.0
13727.0
13581.0
13088.0
12319.0
11701.0
10832.0
10158.0
10027.0
10354.0
10238.0
9911.0
10364.0
10829.0
12477.0
13400.0
13918.0
14487.0
14694.0
14625.0
14781.0
14688.0
14789.0
14638.0
14723.0
14938.0
14592.0
13966.0
13168.0
12497.0
11270.0
10324.0
9441.0
9437.0
9529.0
9110.0
10185.0
12432.0
14155.0
14692.0
14600.0
14398.0
14084.0
13989.0
13847.0
14049.0
14395.0
14417.0
14368.0
14511.0
14581.0
14041.0
13080.0
12317.0
11757.0
10536.0
10055.0
10122.0
9962.0
9816.0
10397.0
11985.0
13711.0
14396.0
14329.0
13933.0
13729.0
13615.0
13624.0
13705.0
14085.0
14325.0
13988.0
14030.0
13888.0
13302.0
12212.0
11113.0
10653.0
10172.0
9684.0
9792.0
9895.0
9783.0
10002.0
10862.0
11309.0
11627.0
12106.0
12057.0
11927.0
12081.0
12285.0
12704.0
13111.0
12542.0
12604.0
11921.0
11162.0
11203.0
10657.0
10123.0
9578.0
8962.0
8119.0
8407.0
8575.0
8099.0
8078.0
8289.0
8627.0
9062.0
9629.0
9751.0
10393.0
10590.0
10345.0
10265.0
10647.0
10504.0
11825.0
12612.0
12309.0
12128.0
11323.0
11451.0
10633.0
9545.0
9305.0
9147.0
9007.0
8981.0
9037.0
9780.0
12597.0
14339.0
13955.0
13423.0
13102.0
12798.0
12551.0
12556.0
12790.0
12803.0
13794.0
14355.0
13928.0
13619.0
12953.0
11717.0
11056.0
10123.0
9255.0
8904.0
8890.0
8810.0
9199.0
10667.0
12399.0
13514.0
14036.0
13674.0
13680.0
13832.0
13898.0
13807.0
13930.0
14134.0
14530.0
14762.0
14403.0
13884.0
12734.0
12183.0
11428.0
11054.0
10817.0
10721.0
10793.0
11204.0
12501.0
14474.0
15418.0
15848.0
15832.0
15692.0
15383.0
15461.0
15567.0
15771.0
16109.0
16996.0
16488.0
15905.0
15141.0
14214.0
13117.0
12262.0
11456.0
10998.0
10783.0
10712.0
10775.0
11135.0
12546.0
14396.0
15395.0
15711.0
15709.0
15723.0
15557.0
15642.0
15683.0
15729.0
16071.0
16854.0
16486.0
16024.0
15347.0
14377.0
13328.0
12474.0
11756.0
11281.0
11045.0
10957.0
11027.0
11449.0
12778.0
14644.0
15758.0
16150.0
16139.0
16079.0
15848.0
15809.0
15771.0
15672.0
15842.0
16670.0
16270.0
15684.0
14913.0
14004.0
13131.0
12442.0
11659.0
11055.0
10747.0
10591.0
10562.0
10662.0
11230.0
12004.0
12873.0
13476.0
13508.0
13279.0
13269.0
13385.0
13638.0
13864.0
14311.0
15095.0
14683.0
14146.0
13524.0
12869.0
12238.0
11569.0
11010.0
10571.0
10276.0
10111.0
10101.0
10206.0
10527.0
10957.0
11586.0
12100.0
12257.0
12359.0
12768.0
12861.0
12817.0
12896.0
13314.0
14573.0
14509.0
14102.0
13716.0
13059.0
12328.0
11531.0
10987.0
10666.0
10570.0
10568.0
10662.0
11179.0
12744.0
14790.0
15681.0
15727.0
15382.0
15280.0
15141.0
15344.0
15378.0
15644.0
16055.0
17022.0
16656.0
16179.0
15370.0
14489.0
13493.0
12581.0
11846.0
11371.0
11121.0
11089.0
11172.0
11650.0
13106.0
15072.0
15862.0
16052.0
15751.0
15503.0
15239.0
15320.0
15448.0
15728.0
16263.0
17221.0
16723.0
16229.0
15441.0
14538.0
13480.0
12570.0
11883.0
11380.0
11154.0
11069.0
11141.0
11600.0
13070.0
15000.0
16095.0
16586.0
16632.0
16669.0
16537.0
16514.0
16512.0
16530.0
16852.0
17494.0
16708.0
16132.0
15380.0
14499.0
13476.0
12531.0
11782.0
11284.0
11070.0
10991.0
11069.0
11587.0
12976.0
14992.0
15899.0
16308.0
16269.0
16044.0
15590.0
15874.0
16121.0
16292.0
16638.0
17369.0
16809.0
16234.0
15457.0
14430.0
13338.0
12460.0
11723.0
11206.0
10996.0
10921.0
10977.0
11421.0
12728.0
14764.0
15798.0
16278.0
16417.0
16361.0
15991.0
15903.0
15784.0
15813.0
16068.0
17016.0
16420.0
15768.0
14990.0
14091.0
13167.0
12497.0
11748.0
11224.0
10875.0
10675.0
10661.0
10791.0
11292.0
12193.0
13126.0
13950.0
14309.0
14384.0
14248.0
14092.0
13927.0
13888.0
14290.0
15215.0
14805.0
14268.0
13679.0
13048.0
12449.0
11792.0
11230.0
10720.0
10460.0
10308.0
10261.0
10362.0
10636.0
11139.0
11823.0
12573.0
13007.0
13301.0
13448.0
13363.0
13282.0
13419.0
13854.0
14976.0
14734.0
14344.0
13827.0
13154.0
12440.0
11621.0
11072.0
10760.0
10625.0
10618.0
10715.0
11245.0
12800.0
14839.0
15784.0
15966.0
15787.0
15620.0
15405.0
15539.0
15691.0
15938.0
16374.0
17360.0
16725.0
16152.0
15365.0
14437.0
13405.0
12512.0
11794.0
11339.0
11106.0
11014.0
11097.0
11574.0
12989.0
15058.0
16011.0
16287.0
16239.0
16345.0
16293.0
16367.0
16354.0
16443.0
16827.0
17397.0
16570.0
16096.0
15333.0
14447.0
13371.0
12425.0
11721.0
11255.0
10981.0
10905.0
10994.0
11491.0
12918.0
15028.0
16013.0
16543.0
16621.0
16615.0
16387.0
16566.0
16543.0
16534.0
16821.0
17409.0
16605.0
16047.0
15291.0
14430.0
13473.0
12580.0
11750.0
11297.0
11022.0
10949.0
11021.0
11497.0
12905.0
14950.0
16054.0
16353.0
16490.0
16562.0
16444.0
16463.0
16473.0
16534.0
16876.0
17476.0
16823.0
16304.0
15617.0
14631.0
13589.0
12716.0
11950.0
11414.0
11170.0
11095.0
11161.0
11633.0
13044.0
15032.0
15959.0
16197.0
16021.0
15812.0
15520.0
15767.0
15835.0
15919.0
16267.0
17201.0
16598.0
15963.0
15137.0
14186.0
13266.0
12586.0
11858.0
11302.0
11007.0
10855.0
10806.0
10915.0
11530.0
12486.0
13363.0
14170.0
14465.0
14584.0
14503.0
14263.0
14138.0
14226.0
14666.0
15471.0
14985.0
14483.0
13842.0
13192.0
12594.0
11964.0
11332.0
10869.0
10581.0
10411.0
10430.0
10526.0
10839.0
11393.0
11980.0
12564.0
12835.0
12833.0
12952.0
12930.0
12960.0
13103.0
13673.0
14998.0
14745.0
14373.0
13838.0
13175.0
12516.0
11678.0
11078.0
10756.0
10634.0
10593.0
10732.0
11318.0
12890.0
15051.0
16032.0
16483.0
16772.0
17001.0
16943.0
17028.0
16925.0
16929.0
17250.0
17679.0
16818.0
16271.0
15462.0
14478.0
13462.0
12542.0
11779.0
11301.0
11058.0
10952.0
11059.0
11517.0
12887.0
14970.0
16099.0
16561.0
16661.0
16733.0
16587.0
16618.0
16567.0
16587.0
16944.0
17437.0
16625.0
16108.0
15347.0
14440.0
13435.0
12572.0
11774.0
11290.0
11048.0
10949.0
11035.0
11439.0
12689.0
14776.0
16038.0
16400.0
16454.0
16220.0
15688.0
15541.0
15575.0
15797.0
16294.0
17310.0
16599.0
16058.0
15302.0
14426.0
13375.0
12502.0
11749.0
11299.0
11040.0
10922.0
10951.0
11468.0
12862.0
14977.0
15980.0
16363.0
16549.0
16517.0
16318.0
16408.0
16229.0
16137.0
16513.0
17416.0
16778.0
16295.0
15556.0
14580.0
13494.0
12662.0
11871.0
11422.0
11197.0
11141.0
11253.0
11725.0
13149.0
15167.0
16245.0
16670.0
16660.0
16618.0
16211.0
16095.0
16047.0
16086.0
16423.0
17198.0
16494.0
15874.0
15143.0
14259.0
13342.0
12631.0
11939.0
11481.0
11148.0
10958.0
10956.0
11079.0
11720.0
12688.0
13553.0
14173.0
14394.0
14424.0
14462.0
14463.0
14364.0
14292.0
14697.0
15684.0
15252.0
14752.0
14116.0
13412.0
12769.0
12125.0
11624.0
11199.0
10847.0
10691.0
10641.0
10722.0
11032.0
11563.0
12188.0
12829.0
13159.0
13389.0
13578.0
13550.0
13463.0
13501.0
14050.0
15240.0
14951.0
14536.0
14098.0
13475.0
12744.0
11959.0
11435.0
11070.0
10910.0
10853.0
10967.0
11558.0
13088.0
15245.0
16565.0
17074.0
17288.0
17351.0
17178.0
17139.0
16981.0
16921.0
17366.0
17881.0
17060.0
16529.0
15774.0
14911.0
13829.0
12955.0
12172.0
11682.0
11425.0
11319.0
11373.0
11875.0
13364.0
15428.0
16438.0
16660.0
16547.0
16478.0
16341.0
16452.0
16525.0
16656.0
17152.0
17930.0
17167.0
16591.0
15853.0
14938.0
13866.0
12830.0
12113.0
11656.0
11393.0
11290.0
11361.0
11834.0
13207.0
15366.0
16449.0
16780.0
16756.0
16683.0
16592.0
16732.0
16749.0
16778.0
17243.0
17883.0
17089.0
16445.0
15704.0
14848.0
13820.0
12934.0
12173.0
11743.0
11470.0
11365.0
11477.0
11977.0
13408.0
15462.0
16553.0
16956.0
16915.0
16759.0
16627.0
16834.0
16880.0
17012.0
17462.0
18000.0
17295.0
16773.0
16039.0
15062.0
13971.0
13090.0
11564.0
11888.0
11581.0
11520.0
11591.0
12045.0
13428.0
15510.0
16747.0
17141.0
16991.0
16958.0
16780.0
16724.0
16739.0
16679.0
16939.0
17665.0
17001.0
16348.0
15594.0
14618.0
13703.0
12995.0
12212.0
11762.0
11415.0
11265.0
11224.0
11410.0
11926.0
12905.0
13932.0
14815.0
15301.0
15403.0
15362.0
15178.0
15030.0
14989.0
15369.0
15940.0
15445.0
14894.0
14294.0
13625.0
13000.0
12340.0
11818.0
11301.0
10964.0
10778.0
10722.0
10887.0
11156.0
11676.0
12324.0
13138.0
13803.0
14184.0
14402.0
14304.0
14087.0
14059.0
14498.0
15305.0
15045.0
14677.0
14240.0
13603.0
12859.0
12051.0
11473.0
11185.0
11008.0
10961.0
11048.0
11579.0
13078.0
15253.0
16516.0
16884.0
16909.0
16902.0
16528.0
16536.0
16575.0
16668.0
17040.0
17762.0
17130.0
16633.0
15911.0
14950.0
13823.0
12877.0
12183.0
11648.0
11321.0
11240.0
11303.0
11735.0
13215.0
15368.0
16595.0
17008.0
17030.0
17017.0
16912.0
16987.0
16987.0
17011.0
17374.0
17669.0
16866.0
16184.0
15424.0
14690.0
13727.0
12828.0
12097.0
11667.0
11352.0
11298.0
11331.0
11850.0
13163.0
15243.0
16660.0
17097.0
17113.0
17072.0
16838.0
16889.0
16905.0
16953.0
17476.0
18057.0
17217.0
16621.0
15840.0
14940.0
13909.0
12959.0
12139.0
11696.0
11432.0
11326.0
11392.0
11895.0
13317.0
15509.0
16763.0
17163.0
17318.0
17405.0
17280.0
17329.0
17322.0
17432.0
17929.0
18270.0
17483.0
16905.0
16085.0
15075.0
13988.0
13087.0
12288.0
11803.0
11544.0
11482.0
11557.0
12032.0
13423.0
15537.0
16927.0
17467.0
17600.0
17728.0
17383.0
17222.0
17099.0
17029.0
17460.0
18096.0
17354.0
16626.0
15905.0
14943.0
13978.0
13257.0
12467.0
11881.0
11532.0
11343.0
11323.0
11470.0
11982.0
12896.0
13967.0
14873.0
15279.0
15397.0
15390.0
15303.0
15158.0
15078.0
15454.0
16158.0
15724.0
15190.0
14590.0
13966.0
13308.0
12631.0
12026.0
11573.0
11183.0
10974.0
10928.0
11020.0
11271.0
11771.0
12517.0
13364.0
14125.0
14642.0
14861.0
14896.0
14799.0
14641.0
15047.0
15880.0
15612.0
15223.0
14810.0
14129.0
13327.0
12431.0
11824.0
11482.0
11328.0
11291.0
11500.0
12029.0
13414.0
15551.0
17052.0
17596.0
17805.0
17982.0
17910.0
17969.0
17937.0
17808.0
18078.0
18507.0
17675.0
17001.0
16209.0
15307.0
14320.0
13302.0
12433.0
12018.0
11726.0
11641.0
11754.0
12291.0
13632.0
15624.0
17079.0
17507.0
17658.0
17594.0
17320.0
17223.0
17248.0
17425.0
17884.0
18594.0
17738.0
17129.0
16420.0
15595.0
14472.0
13507.0
12611.0
12102.0
11800.0
11717.0
11828.0
12328.0
13733.0
15875.0
17306.0
17878.0
18047.0
18143.0
17978.0
17966.0
17840.0
17733.0
18074.0
18620.0
17750.0
17121.0
16412.0
15594.0
14529.0
13561.0
12767.0
12189.0
11847.0
11785.0
11951.0
12387.0
13745.0
15901.0
17277.0
17668.0
17678.0
17513.0
17319.0
17339.0
17285.0
17383.0
17885.0
18421.0
17828.0
17290.0
16553.0
15608.0
14535.0
13551.0
12727.0
12219.0
11896.0
11769.0
11851.0
12334.0
13648.0
15772.0
17200.0
17684.0
17778.0
17662.0
17515.0
17473.0
17313.0
17252.0
17552.0
17988.0
17196.0
16555.0
15774.0
14948.0
14112.0
13356.0
12539.0
11936.0
11571.0
11367.0
11358.0
11556.0
12071.0
13004.0
14168.0
14979.0
15186.0
15056.0
14955.0
14847.0
14870.0
14971.0
15531.0
16329.0
15886.0
15380.0
14726.0
14079.0
13465.0
12710.0
12029.0
11527.0
11176.0
11027.0
11036.0
11140.0
11410.0
11883.0
12645.0
13303.0
13612.0
13711.0
13797.0
13819.0
13994.0
14151.0
14835.0
15826.0
15607.0
15220.0
14766.0
14119.0
13401.0
12582.0
11980.0
11540.0
11284.0
11231.0
11365.0
11932.0
13390.0
15530.0
16955.0
17265.0
17287.0
17166.0
16927.0
17010.0
17035.0
17184.0
17676.0
18228.0
17580.0
16989.0
16244.0
15326.0
14245.0
13263.0
12458.0
11948.0
11642.0
11593.0
11685.0
12142.0
13535.0
15709.0
17065.0
17370.0
17214.0
17096.0
16950.0
17057.0
17071.0
17130.0
17582.0
18145.0
17433.0
16838.0
16128.0
15292.0
14215.0
13185.0
12429.0
11900.0
11582.0
11497.0
11581.0
12075.0
13440.0
15542.0
16887.0
17316.0
17351.0
17309.0
17117.0
17183.0
17178.0
17166.0
17538.0
18044.0
17209.0
16644.0
15997.0
15161.0
14114.0
13203.0
12403.0
11884.0
11612.0
11463.0
11545.0
12014.0
13377.0
15478.0
16862.0
17201.0
17232.0
17227.0
17081.0
17079.0
16992.0
16959.0
17377.0
17719.0
17013.0
16514.0
15916.0
15020.0
14029.0
13153.0
12349.0
11783.0
11462.0
11367.0
11418.0
11856.0
13049.0
14966.0
16412.0
16879.0
16964.0
16894.0
16694.0
16577.0
16413.0
16239.0
16543.0
17181.0
16503.0
15871.0
15207.0
14323.0
13497.0
12794.0
12011.0
11534.0
11182.0
10991.0
11004.0
11190.0
11708.0
12469.0
13516.0
14440.0
14935.0
15092.0
15099.0
15029.0
14905.0
14881.0
15271.0
15896.0
15398.0
14959.0
14343.0
13620.0
12946.0
12280.0
11665.0
11162.0
10779.0
10608.0
10538.0
10654.0
11005.0
11466.0
12279.0
13067.0
13714.0
14142.0
14346.0
14269.0
14090.0
13928.0
14277.0
14943.0
14567.0
14012.0
13490.0
12973.0
12440.0
11948.0
11421.0
10840.0
10471.0
10319.0
10306.0
10470.0
10783.0
11317.0
12077.0
12826.0
13295.0
13488.0
13598.0
13489.0
13342.0
13218.0
13504.0
14294.0
14093.0
13628.0
13252.0
12891.0
12498.0
11989.0
11385.0
10864.0
10489.0
10332.0
10324.0
10490.0
10898.0
11464.0
12118.0
12885.0
13399.0
13433.0
13441.0
13289.0
13187.0
13230.0
13739.0
14705.0
14471.0
13944.0
13567.0
13131.0
12569.0
11880.0
11304.0
10872.0
10550.0
10457.0
10534.0
10956.0
11985.0
13204.0
14558.0
15484.0
15991.0
16061.0
15951.0
15850.0
15757.0
15751.0
16188.0
16994.0
16305.0
15733.0
15017.0
14190.0
13331.0
12587.0
11868.0
11350.0
11053.0
10947.0
10999.0
11356.0
12283.0
13560.0
14756.0
15373.0
15476.0
15316.0
15312.0
15418.0
15460.0
15553.0
16067.0
16972.0
16411.0
15877.0
15168.0
14341.0
13428.0
12677.0
11997.0
11457.0
11111.0
11005.0
11056.0
11470.0
12401.0
13603.0
14734.0
15417.0
15679.0
15784.0
15943.0
16098.0
16124.0
16163.0
16490.0
17095.0
16362.0
15721.0
15004.0
14156.0
13342.0
12632.0
11691.0
10804.0
11078.0
12085.0
12243.0
12020.0
12216.0
13041.0
14129.0
15550.0
16293.0
15708.0
14872.0
14448.0
14556.0
15159.0
15592.0
15497.0
13872.0
12871.0
12052.0
11418.0
11147.0
11024.0
10785.0
11014.0
11519.0
11356.0
11392.0
10977.0
10711.0
10712.0
11351.0
12209.0
13158.0
13300.0
13594.0
13246.0
13317.0
13485.0
13719.0
14405.0
13080.0
12775.0
12002.0
12139.0
11207.0
11175.0
13121.0
