_pv_national_current load factor in Luxembourg in 2016
0.0
0.0
0.0
0.0
0.0
0.0
0.0
0.0
0.0058
0.0275
0.0543
0.0691
0.076
0.0609
0.0273
0.0005
0.0
0.0
0.0
0.0
0.0
0.0
0.0
0.0
0.0
0.0
0.0
0.0
0.0
0.0
0.0
0.0
0.0005
0.0083
0.0315
0.0536
0.0423
0.0189
0.0066
0.0
0.0
0.0
0.0
0.0
0.0
0.0
0.0
0.0
0.0
0.0
0.0
0.0
0.0
0.0
0.0
0.0
0.0029
0.018
0.0316
0.0374
0.0363
0.023
0.004
0.0
0.0
0.0
0.0
0.0
0.0
0.0
0.0
0.0
0.0
0.0
0.0
0.0
0.0
0.0
0.0
0.0
0.0073
0.0127
0.0164
0.0253
0.0275
0.0215
0.0109
0.0001
0.0
0.0
0.0
0.0
0.0
0.0
0.0
0.0
0.0
0.0
0.0
0.0
0.0
0.0
0.0
0.0
0.0014
0.0102
0.0273
0.0375
0.0351
0.0284
0.0089
0.0
0.0
0.0
0.0
0.0
0.0
0.0
0.0
0.0
0.0
0.0
0.0
0.0
0.0
0.0
0.0
0.0
0.0147
0.0444
0.0695
0.0808
0.0731
0.0507
0.0183
0.0
0.0
0.0
0.0
0.0
0.0
0.0
0.0
0.0
0.0
0.0
0.0
0.0
0.0
0.0
0.0
0.0
0.0027
0.02
0.057
0.0566
0.0287
0.0113
0.0052
0.0
0.0
0.0
0.0
0.0
0.0
0.0
0.0
0.0
0.0
0.0
0.0
0.0
0.0
0.0
0.0
0.0
0.0113
0.0443
0.0753
0.0944
0.092
0.0709
0.0335
0.0026
0.0
0.0
0.0
0.0
0.0
0.0
0.0
0.0
0.0
0.0
0.0
0.0
0.0
0.0
0.0
0.0
0.0201
0.0446
0.0506
0.0441
0.0289
0.0159
0.0051
0.0
0.0
0.0
0.0
0.0
0.0
0.0
0.0
0.0
0.0
0.0
0.0
0.0
0.0
0.0
0.0
0.0
0.0126
0.0449
0.0897
0.1387
0.1523
0.0678
0.0178
0.0
0.0
0.0
0.0
0.0
0.0
0.0
0.0
0.0
0.0
0.0
0.0
0.0
0.0
0.0
0.0
0.0
0.0086
0.0228
0.0201
0.0152
0.0139
0.0092
0.0042
0.0
0.0
0.0
0.0
0.0
0.0
0.0
0.0
0.0
0.0
0.0
0.0
0.0
0.0
0.0
0.0
0.0
0.0016
0.0075
0.022
0.0555
0.1003
0.0841
0.042
0.0038
0.0
0.0
0.0
0.0
0.0
0.0
0.0
0.0
0.0
0.0
0.0
0.0
0.0
0.0
0.0
0.0
0.0088
0.0295
0.0754
0.1123
0.1473
0.1188
0.0835
0.0171
0.0
0.0
0.0
0.0
0.0
0.0
0.0
0.0
0.0
0.0
0.0
0.0
0.0
0.0
0.0
0.0008
0.063
0.2111
0.2957
0.2287
0.0923
0.0486
0.0242
0.0017
0.0
0.0
0.0
0.0
0.0
0.0
0.0
0.0
0.0
0.0
0.0
0.0
0.0
0.0
0.0
0.0
0.021
0.0577
0.0741
0.0697
0.0579
0.039
0.017
0.0005
0.0
0.0
0.0
0.0
0.0
0.0
0.0
0.0
0.0
0.0
0.0
0.0
0.0
0.0
0.0
0.0004
0.0338
0.0646
0.0782
0.113
0.1749
0.2103
0.1489
0.0256
0.0
0.0
0.0
0.0
0.0
0.0
0.0
0.0
0.0
0.0
0.0
0.0
0.0
0.0
0.0
0.0032
0.0946
0.2519
0.3547
0.4226
0.4351
0.3745
0.2284
0.0484
0.0
0.0
0.0
0.0
0.0
0.0
0.0
0.0
0.0
0.0
0.0
0.0
0.0
0.0
0.0
0.0039
0.0851
0.2376
0.3558
0.3918
0.3571
0.2673
0.1504
0.031
0.0
0.0
0.0
0.0
0.0
0.0
0.0
0.0
0.0
0.0
0.0
0.0
0.0
0.0
0.0
0.0028
0.0712
0.1819
0.2816
0.3381
0.3522
0.297
0.1813
0.0384
0.0
0.0
0.0
0.0
0.0
0.0
0.0
0.0
0.0
0.0
0.0
0.0
0.0
0.0
0.0
0.006
0.1054
0.2592
0.3779
0.4062
0.3774
0.3009
0.1655
0.0286
0.0
0.0
0.0
0.0
0.0
0.0
0.0
0.0
0.0
0.0
0.0
0.0
0.0
0.0
0.0
0.005
0.0815
0.1835
0.2935
0.3417
0.347
0.3417
0.1962
0.0438
0.0
0.0
0.0
0.0
0.0
0.0
0.0
0.0
0.0
0.0
0.0
0.0
0.0
0.0
0.0
0.0075
0.1081
0.2755
0.3868
0.4373
0.4486
0.3702
0.1637
0.0179
0.0
0.0
0.0
0.0
0.0
0.0
0.0
0.0
0.0
0.0
0.0
0.0
0.0
0.0
0.0
0.0
0.0147
0.0402
0.0547
0.0572
0.0541
0.0323
0.0162
0.001
0.0
0.0
0.0
0.0
0.0
0.0
0.0
0.0
0.0
0.0
0.0
0.0
0.0
0.0
0.0
0.0
0.0124
0.0323
0.0583
0.0655
0.0727
0.0732
0.043
0.0041
0.0
0.0
0.0
0.0
0.0
0.0
0.0
0.0
0.0
0.0
0.0
0.0
0.0
0.0
0.0
0.0159
0.1643
0.3287
0.4479
0.5102
0.5122
0.4538
0.3184
0.0936
0.0
0.0
0.0
0.0
0.0
0.0
0.0
0.0
0.0
0.0
0.0
0.0
0.0
0.0
0.0
0.0003
0.0132
0.0264
0.0433
0.0497
0.049
0.0372
0.0188
0.0019
0.0
0.0
0.0
0.0
0.0
0.0
0.0
0.0
0.0
0.0
0.0
0.0
0.0
0.0
0.0
0.0009
0.0189
0.0441
0.0803
0.1032
0.1123
0.0938
0.0384
0.007
0.0
0.0
0.0
0.0
0.0
0.0
0.0
0.0
0.0
0.0
0.0
0.0
0.0
0.0
0.0
0.0031
0.0401
0.1206
0.1999
0.1928
0.1531
0.1108
0.0555
0.0094
0.0
0.0
0.0
0.0
0.0
0.0
0.0
0.0
0.0
0.0
0.0
0.0
0.0
0.0
0.0
0.0069
0.1108
0.2835
0.435
0.4651
0.3958
0.2333
0.0673
0.0063
0.0
0.0
0.0
0.0
0.0
0.0
0.0
0.0
0.0
0.0
0.0
0.0
0.0
0.0
0.0
0.0007
0.0062
0.0229
0.0538
0.0499
0.018
0.0116
0.0048
0.0
0.0
0.0
0.0
0.0
0.0
0.0
0.0
0.0
0.0
0.0
0.0
0.0
0.0
0.0
0.0
0.0003
0.0075
0.0133
0.0262
0.0409
0.0551
0.0458
0.0125
0.004
0.0
0.0
0.0
0.0
0.0
0.0
0.0
0.0
0.0
0.0
0.0
0.0
0.0
0.0
0.0
0.0
0.0178
0.0777
0.1219
0.1517
0.1165
0.0701
0.0336
0.01
0.0
0.0
0.0
0.0
0.0
0.0
0.0
0.0
0.0
0.0
0.0
0.0
0.0
0.0
0.0
0.0028
0.0236
0.0348
0.0496
0.0495
0.0344
0.02
0.0126
0.0021
0.0
0.0
0.0
0.0
0.0
0.0
0.0
0.0
0.0
0.0
0.0
0.0
0.0
0.0
0.0
0.0019
0.0135
0.0833
0.1869
0.3596
0.4188
0.3431
0.1858
0.0514
0.0
0.0
0.0
0.0
0.0
0.0
0.0
0.0
0.0
0.0
0.0
0.0
0.0
0.0
0.0
0.0
0.0051
0.0226
0.0476
0.0511
0.0568
0.0237
0.0161
0.0045
0.0
0.0
0.0
0.0
0.0
0.0
0.0
0.0
0.0
0.0
0.0
0.0
0.0
0.0
0.0
0.0008
0.0154
0.0433
0.0747
0.0845
0.0811
0.0654
0.0461
0.0186
0.0
0.0
0.0
0.0
0.0
0.0
0.0
0.0
0.0
0.0
0.0
0.0
0.0
0.0
0.0
0.002
0.0162
0.0325
0.0632
0.1454
0.283
0.3987
0.2263
0.0757
0.0
0.0
0.0
0.0
0.0
0.0
0.0
0.0
0.0
0.0
0.0
0.0
0.0
0.0
0.0
0.0007
0.015
0.0539
0.0941
0.1107
0.1172
0.121
0.0714
0.0389
0.0
0.0
0.0
0.0
0.0
0.0
0.0
0.0
0.0
0.0
0.0
0.0
0.0
0.0
0.0
0.0001
0.0081
0.0406
0.0789
0.1284
0.1342
0.1073
0.0681
0.0231
0.0
0.0
0.0
0.0
0.0
0.0
0.0
0.0
0.0
0.0
0.0
0.0
0.0
0.0
0.0
0.001
0.0076
0.0286
0.0349
0.0486
0.0488
0.0219
0.0201
0.0096
0.0
0.0
0.0
0.0
0.0
0.0
0.0
0.0
0.0
0.0
0.0
0.0
0.0
0.0
0.0
0.0015
0.0149
0.0424
0.069
0.068
0.0603
0.0502
0.0285
0.0081
0.0
0.0
0.0
0.0
0.0
0.0
0.0
0.0
0.0
0.0
0.0
0.0
0.0
0.0
0.0
0.0054
0.0307
0.0729
0.1242
0.1896
0.2574
0.171
0.076
0.0154
0.0
0.0
0.0
0.0
0.0
0.0
0.0
0.0
0.0
0.0
0.0
0.0
0.0
0.0
0.0
0.0351
0.1293
0.2842
0.434
0.542
0.5609
0.4229
0.2248
0.065
0.0006
0.0
0.0
0.0
0.0
0.0
0.0
0.0
0.0
0.0
0.0
0.0
0.0
0.0
0.0
0.0305
0.0892
0.1259
0.0889
0.0806
0.0763
0.0672
0.0348
0.0111
0.0
0.0
0.0
0.0
0.0
0.0
0.0
0.0
0.0
0.0
0.0
0.0
0.0
0.0
0.0
0.0248
0.0902
0.1449
0.2629
0.3147
0.3395
0.2569
0.1538
0.0489
0.0008
0.0
0.0
0.0
0.0
0.0
0.0
0.0
0.0
0.0
0.0
0.0
0.0
0.0
0.0
0.03
0.1174
0.1938
0.2758
0.289
0.2721
0.2638
0.2107
0.1117
0.0078
0.0
0.0
0.0
0.0
0.0
0.0
0.0
0.0
0.0
0.0
0.0
0.0
0.0
0.0
0.0808
0.2875
0.4651
0.5888
0.6547
0.6646
0.6157
0.4998
0.2944
0.0355
0.0
0.0
0.0
0.0
0.0
0.0
0.0
0.0
0.0
0.0
0.0
0.0
0.0
0.0001
0.0721
0.2591
0.4257
0.5203
0.4513
0.4805
0.4101
0.2514
0.0955
0.0056
0.0
0.0
0.0
0.0
0.0
0.0
0.0
0.0
0.0
0.0
0.0
0.0
0.0
0.0
0.0328
0.1045
0.1836
0.2718
0.2918
0.2555
0.1734
0.0934
0.0326
0.0008
0.0
0.0
0.0
0.0
0.0
0.0
0.0
0.0
0.0
0.0
0.0
0.0
0.0
0.0
0.0217
0.0674
0.1332
0.2555
0.3927
0.5051
0.495
0.3724
0.1362
0.0083
0.0
0.0
0.0
0.0
0.0
0.0
0.0
0.0
0.0
0.0
0.0
0.0
0.0
0.0
0.0008
0.0076
0.0199
0.0411
0.0504
0.0473
0.0307
0.0197
0.0065
0.0
0.0
0.0
0.0
0.0
0.0
0.0
0.0
0.0
0.0
0.0
0.0
0.0
0.0
0.0
0.0045
0.0224
0.0441
0.055
0.0613
0.0648
0.0473
0.028
0.0101
0.0
0.0
0.0
0.0
0.0
0.0
0.0
0.0
0.0
0.0
0.0
0.0
0.0
0.0
0.0
0.0101
0.0269
0.0574
0.1267
0.117
0.0882
0.0483
0.0354
0.018
0.0003
0.0
0.0
0.0
0.0
0.0
0.0
0.0
0.0
0.0
0.0
0.0
0.0
0.0
0.0
0.0206
0.1268
0.3366
0.3998
0.3835
0.3536
0.2664
0.1671
0.0747
0.0073
0.0
0.0
0.0
0.0
0.0
0.0
0.0
0.0
0.0
0.0
0.0
0.0
0.0
0.0014
0.0615
0.1914
0.3793
0.4993
0.5688
0.546
0.3777
0.1716
0.0558
0.0054
0.0
0.0
0.0
0.0
0.0
0.0
0.0
0.0
0.0
0.0
0.0
0.0
0.0
0.0023
0.1109
0.3092
0.4755
0.5646
0.5457
0.5005
0.4306
0.3133
0.1668
0.0299
0.0
0.0
0.0
0.0
0.0
0.0
0.0
0.0
0.0
0.0
0.0
0.0
0.0
0.0036
0.0726
0.2141
0.344
0.4154
0.4526
0.439
0.3584
0.2015
0.0772
0.0124
0.0
0.0
0.0
0.0
0.0
0.0
0.0
0.0
0.0
0.0
0.0
0.0
0.0
0.0029
0.1143
0.3161
0.4859
0.6044
0.6687
0.6793
0.6351
0.5295
0.3485
0.0958
0.0
0.0
0.0
0.0
0.0
0.0
0.0
0.0
0.0
0.0
0.0
0.0
0.0
0.0042
0.1039
0.2509
0.3537
0.4037
0.4614
0.4052
0.2504
0.148
0.1025
0.0224
0.0
0.0
0.0
0.0
0.0
0.0
0.0
0.0
0.0
0.0
0.0
0.0
0.0
0.0039
0.1167
0.314
0.4842
0.6012
0.6623
0.6749
0.6267
0.516
0.3256
0.0868
0.0
0.0
0.0
0.0
0.0
0.0
0.0
0.0
0.0
0.0
0.0
0.0
0.0
0.0085
0.1006
0.2168
0.2429
0.2639
0.2267
0.2278
0.146
0.0502
0.0137
0.0002
0.0
0.0
0.0
0.0
0.0
0.0
0.0
0.0
0.0
0.0
0.0
0.0
0.0
0.0012
0.0448
0.0813
0.1013
0.1539
0.3314
0.5122
0.5714
0.4329
0.2243
0.0365
0.0
0.0
0.0
0.0
0.0
0.0
0.0
0.0
0.0
0.0
0.0
0.0
0.0
0.0
0.0164
0.049
0.0849
0.0989
0.1113
0.1379
0.2161
0.219
0.1417
0.0516
0.0
0.0
0.0
0.0
0.0
0.0
0.0
0.0
0.0
0.0
0.0
0.0
0.0
0.0004
0.0129
0.0303
0.048
0.0527
0.0511
0.0619
0.0542
0.0323
0.0121
0.001
0.0
0.0
0.0
0.0
0.0
0.0
0.0
0.0
0.0
0.0
0.0
0.0
0.0
0.005
0.047
0.0928
0.1382
0.1925
0.256
0.2919
0.2787
0.2357
0.1053
0.0333
0.0
0.0
0.0
0.0
0.0
0.0
0.0
0.0
0.0
0.0
0.0
0.0
0.0
0.0063
0.0534
0.1146
0.154
0.2086
0.2181
0.2246
0.2149
0.1347
0.0643
0.0107
0.0
0.0
0.0
0.0
0.0
0.0
0.0
0.0
0.0
0.0
0.0
0.0
0.0
0.011
0.0778
0.1759
0.2332
0.2451
0.2402
0.2018
0.1517
0.0962
0.0507
0.0154
0.0
0.0
0.0
0.0
0.0
0.0
0.0
0.0
0.0
0.0
0.0
0.0
0.0
0.0138
0.1065
0.2683
0.4527
0.5522
0.5529
0.5362
0.4858
0.3697
0.2121
0.0421
0.0
0.0
0.0
0.0
0.0
0.0
0.0
0.0
0.0
0.0
0.0
0.0
0.0
0.0094
0.1356
0.2786
0.4062
0.508
0.5823
0.6145
0.6039
0.5102
0.3388
0.1184
0.0
0.0
0.0
0.0
0.0
0.0
0.0
0.0
0.0
0.0
0.0
0.0
0.0
0.0106
0.1271
0.2981
0.4576
0.5637
0.6362
0.669
0.6375
0.539
0.3747
0.1353
0.0
0.0
0.0
0.0
0.0
0.0
0.0
0.0
0.0
0.0
0.0
0.0
0.0
0.0175
0.1186
0.3301
0.491
0.5939
0.6391
0.6309
0.5522
0.4117
0.2436
0.0746
0.0
0.0
0.0
0.0
0.0
0.0
0.0
0.0
0.0
0.0
0.0
0.0
0.0
0.0144
0.1537
0.3495
0.5101
0.6043
0.6549
0.6706
0.645
0.5614
0.3982
0.1561
0.0009
0.0
0.0
0.0
0.0
0.0
0.0
0.0
0.0
0.0
0.0
0.0
0.0
0.0218
0.1397
0.3327
0.5037
0.6218
0.6812
0.6774
0.6222
0.5066
0.3225
0.1275
0.0011
0.0
0.0
0.0
0.0
0.0
0.0
0.0
0.0
0.0
0.0
0.0
0.0
0.0231
0.1543
0.3563
0.5353
0.6555
0.7189
0.7294
0.6886
0.5923
0.4332
0.2023
0.0045
0.0
0.0
0.0
0.0
0.0
0.0
0.0
0.0
0.0
0.0
0.0
0.0
0.0268
0.159
0.3245
0.4656
0.524
0.4816
0.4063
0.2704
0.1445
0.0695
0.0249
0.0
0.0
0.0
0.0
0.0
0.0
0.0
0.0
0.0
0.0
0.0
0.0
0.0
0.0293
0.1449
0.3503
0.4713
0.5625
0.6038
0.5868
0.5244
0.4064
0.2663
0.1161
0.0031
0.0
0.0
0.0
0.0
0.0
0.0
0.0
0.0
0.0
0.0
0.0
0.0
0.0258
0.1572
0.3741
0.5367
0.648
0.7077
0.7186
0.6785
0.5848
0.4311
0.2108
0.0093
0.0
0.0
0.0
0.0
0.0
0.0
0.0
0.0
0.0
0.0
0.0
0.0
0.0178
0.1818
0.3744
0.5314
0.6403
0.6994
0.7061
0.6661
0.5735
0.4209
0.2042
0.0103
0.0
0.0
0.0
0.0
0.0
0.0
0.0
0.0
0.0
0.0
0.0
0.0
0.022
0.1095
0.2612
0.4667
0.6038
0.6923
0.7167
0.681
0.5894
0.4355
0.2163
0.0118
0.0
0.0
0.0
0.0
0.0
0.0
0.0
0.0
0.0
0.0
0.0
0.0
0.0377
0.1473
0.3148
0.4677
0.5336
0.575
0.577
0.5434
0.4647
0.2881
0.1092
0.0063
0.0
0.0
0.0
0.0
0.0
0.0
0.0
0.0
0.0
0.0
0.0
0.0
0.0307
0.1092
0.2125
0.4429
0.5673
0.5959
0.5793
0.5181
0.4255
0.3099
0.1026
0.0078
0.0
0.0
0.0
0.0
0.0
0.0
0.0
0.0
0.0
0.0
0.0
0.0
0.0321
0.1314
0.3664
0.5095
0.6014
0.6497
0.6324
0.5742
0.4681
0.278
0.0762
0.0047
0.0
0.0
0.0
0.0
0.0
0.0
0.0
0.0
0.0
0.0
0.0
0.0
0.0221
0.0717
0.2082
0.4204
0.5275
0.5937
0.6051
0.5484
0.4597
0.3279
0.1212
0.0085
0.0
0.0
0.0
0.0
0.0
0.0
0.0
0.0
0.0
0.0
0.0
0.0
0.0297
0.0872
0.1633
0.2302
0.2768
0.2306
0.2292
0.2192
0.1853
0.122
0.0362
0.0009
0.0
0.0
0.0
0.0
0.0
0.0
0.0
0.0
0.0
0.0
0.0
0.0
0.0139
0.0476
0.0708
0.0673
0.086
0.1231
0.0973
0.0647
0.0316
0.0226
0.0345
0.0086
0.0
0.0
0.0
0.0
0.0
0.0
0.0
0.0
0.0
0.0
0.0
0.0003
0.0388
0.1381
0.3076
0.5048
0.6686
0.7232
0.7286
0.6895
0.5922
0.394
0.14
0.0127
0.0
0.0
0.0
0.0
0.0
0.0
0.0
0.0
0.0
0.0
0.0
0.0
0.0083
0.0368
0.1063
0.2349
0.4721
0.6356
0.6374
0.5192
0.2938
0.1412
0.0533
0.0061
0.0
0.0
0.0
0.0
0.0
0.0
0.0
0.0
0.0
0.0
0.0
0.0
0.0187
0.0959
0.1176
0.122
0.149
0.1828
0.1385
0.123
0.2029
0.2021
0.1152
0.0141
0.0
0.0
0.0
0.0
0.0
0.0
0.0
0.0
0.0
0.0
0.0
0.0014
0.0449
0.1178
0.2767
0.472
0.5696
0.5215
0.4948
0.4143
0.3046
0.1855
0.1176
0.0248
0.0
0.0
0.0
0.0
0.0
0.0
0.0
0.0
0.0
0.0
0.0
0.0001
0.0181
0.0541
0.1211
0.1728
0.2573
0.3193
0.3692
0.3453
0.257
0.1583
0.0515
0.0053
0.0
0.0
0.0
0.0
0.0
0.0
0.0
0.0
0.0
0.0
0.0
0.0023
0.0321
0.0556
0.0912
0.1787
0.2243
0.2792
0.2698
0.0681
0.0634
0.0462
0.0144
0.0001
0.0
0.0
0.0
0.0
0.0
0.0
0.0
0.0
0.0
0.0
0.0
0.0025
0.0692
0.1936
0.2898
0.3463
0.4453
0.4571
0.4867
0.4574
0.3492
0.2188
0.1069
0.0248
0.0
0.0
0.0
0.0
0.0
0.0
0.0
0.0
0.0
0.0
0.0
0.0029
0.0546
0.1506
0.2805
0.3567
0.4901
0.5249
0.5467
0.4316
0.2486
0.1067
0.0353
0.0032
0.0
0.0
0.0
0.0
0.0
0.0
0.0
0.0
0.0
0.0
0.0
0.0029
0.0343
0.0686
0.1159
0.18
0.254
0.2679
0.2051
0.1464
0.1143
0.0955
0.0415
0.0035
0.0
0.0
0.0
0.0
0.0
0.0
0.0
0.0
0.0
0.0
0.0
0.0041
0.066
0.1606
0.2594
0.3378
0.5296
0.658
0.6468
0.5134
0.2876
0.1196
0.0707
0.0311
0.0
0.0
0.0
0.0
0.0
0.0
0.0
0.0
0.0
0.0
0.0
0.0047
0.0572
0.1047
0.1213
0.1546
0.1369
0.1095
0.1182
0.1126
0.0985
0.0718
0.0395
0.0095
0.0
0.0
0.0
0.0
0.0
0.0
0.0
0.0
0.0
0.0
0.0
0.003
0.0792
0.2305
0.414
0.5425
0.6314
0.6739
0.6146
0.5579
0.4245
0.2423
0.0884
0.0219
0.0
0.0
0.0
0.0
0.0
0.0
0.0
0.0
0.0
0.0
0.0
0.0032
0.0501
0.1867
0.3645
0.417
0.4792
0.4736
0.4142
0.3886
0.3422
0.2611
0.1519
0.0382
0.0
0.0
0.0
0.0
0.0
0.0
0.0
0.0
0.0
0.0
0.0
0.0041
0.0748
0.1698
0.3031
0.4138
0.5852
0.6125
0.5855
0.5434
0.4491
0.3464
0.1804
0.0521
0.0
0.0
0.0
0.0
0.0
0.0
0.0
0.0
0.0
0.0
0.0
0.0
0.0711
0.2526
0.4332
0.5669
0.6371
0.7018
0.7203
0.6761
0.5575
0.4006
0.2035
0.0539
0.0
0.0
0.0
0.0
0.0
0.0
0.0
0.0
0.0
0.0
0.0
0.0042
0.0838
0.2205
0.3873
0.5453
0.6487
0.7057
0.7104
0.6769
0.5942
0.4543
0.2411
0.0726
0.0
0.0
0.0
0.0
0.0
0.0
0.0
0.0
0.0
0.0
0.0
0.0096
0.0842
0.2378
0.4066
0.5358
0.6152
0.6541
0.6624
0.6195
0.5227
0.3431
0.1321
0.0192
0.0
0.0
0.0
0.0
0.0
0.0
0.0
0.0
0.0
0.0
0.0
0.0087
0.0589
0.1723
0.3397
0.5178
0.5061
0.464
0.3697
0.2272
0.1412
0.0977
0.0605
0.0233
0.0
0.0
0.0
0.0
0.0
0.0
0.0
0.0
0.0
0.0
0.0
0.0039
0.0256
0.0525
0.083
0.1318
0.2071
0.259
0.2585
0.2604
0.2231
0.1661
0.1073
0.0414
0.0
0.0
0.0
0.0
0.0
0.0
0.0
0.0
0.0
0.0
0.0
0.0134
0.0896
0.2108
0.4297
0.5382
0.5884
0.6115
0.5856
0.5655
0.4942
0.3588
0.2317
0.0439
0.0
0.0
0.0
0.0
0.0
0.0
0.0
0.0
0.0
0.0
0.0
0.0129
0.0676
0.1568
0.371
0.5394
0.6462
0.6907
0.7009
0.6748
0.5916
0.4046
0.1733
0.0322
0.0
0.0
0.0
0.0
0.0
0.0
0.0
0.0
0.0
0.0
0.0
0.007
0.0663
0.1167
0.2839
0.4353
0.5289
0.5597
0.5278
0.4774
0.3181
0.2243
0.1321
0.0448
0.0
0.0
0.0
0.0
0.0
0.0
0.0
0.0
0.0
0.0
0.0
0.0131
0.0834
0.2335
0.4004
0.5205
0.597
0.5809
0.5522
0.4639
0.3737
0.2707
0.1725
0.0666
0.0004
0.0
0.0
0.0
0.0
0.0
0.0
0.0
0.0
0.0
0.0
0.0008
0.0943
0.2735
0.445
0.5515
0.6489
0.7138
0.735
0.7142
0.6504
0.5314
0.3588
0.1459
0.0025
0.0
0.0
0.0
0.0
0.0
0.0
0.0
0.0
0.0
0.0
0.0
0.104
0.2665
0.4261
0.5453
0.6409
0.7095
0.6954
0.6605
0.5369
0.46
0.2906
0.1067
0.0023
0.0
0.0
0.0
0.0
0.0
0.0
0.0
0.0
0.0
0.0
0.0
0.0942
0.2852
0.467
0.6119
0.712
0.7669
0.7781
0.746
0.6704
0.547
0.3772
0.1698
0.0061
0.0
0.0
0.0
0.0
0.0
0.0
0.0
0.0
0.0
0.0
0.0
0.0983
0.2872
0.4575
0.5892
0.6867
0.7383
0.7377
0.6797
0.5683
0.4073
0.2215
0.0716
0.0016
0.0
0.0
0.0
0.0
0.0
0.0
0.0
0.0
0.0
0.0
0.0273
0.0969
0.1727
0.2426
0.3142
0.4109
0.4834
0.5085
0.4835
0.3775
0.2347
0.1097
0.0331
0.0002
0.0
0.0
0.0
0.0
0.0
0.0
0.0
0.0
0.0
0.0
0.007
0.0446
0.1291
0.2346
0.3198
0.4005
0.5297
0.5936
0.6251
0.5667
0.4038
0.2226
0.0913
0.0038
0.0
0.0
0.0
0.0
0.0
0.0
0.0
0.0
0.0
0.0
0.0262
0.0982
0.1902
0.2646
0.3313
0.2963
0.2844
0.2798
0.254
0.1949
0.1502
0.1039
0.0434
0.0019
0.0
0.0
0.0
0.0
0.0
0.0
0.0
0.0
0.0
0.0
0.0132
0.0551
0.1195
0.1734
0.2014
0.1848
0.162
0.1321
0.0962
0.0817
0.0929
0.0662
0.0207
0.0
0.0
0.0
0.0
0.0
0.0
0.0
0.0
0.0
0.0
0.0
0.0338
0.1273
0.2952
0.4471
0.4935
0.4747
0.4209
0.4111
0.3671
0.3156
0.2025
0.108
0.0432
0.0022
0.0
0.0
0.0
0.0
0.0
0.0
0.0
0.0
0.0
0.0
0.0208
0.0691
0.1268
0.1641
0.1956
0.2964
0.3818
0.3575
0.3312
0.2861
0.2208
0.128
0.0528
0.0031
0.0
0.0
0.0
0.0
0.0
0.0
0.0
0.0
0.0
0.0
0.0242
0.1211
0.3111
0.455
0.5443
0.6138
0.6273
0.5937
0.5055
0.3678
0.2898
0.2199
0.0972
0.0095
0.0
0.0
0.0
0.0
0.0
0.0
0.0
0.0
0.0
0.0
0.0204
0.1297
0.2904
0.445
0.5462
0.6081
0.616
0.5905
0.5311
0.3949
0.2308
0.1153
0.054
0.0051
0.0
0.0
0.0
0.0
0.0
0.0
0.0
0.0
0.0
0.0
0.0212
0.0693
0.1325
0.1911
0.2685
0.3269
0.2274
0.2193
0.1975
0.1373
0.086
0.0506
0.0189
0.0006
0.0
0.0
0.0
0.0
0.0
0.0
0.0
0.0
0.0
0.0
0.0197
0.082
0.2231
0.3685
0.4932
0.5966
0.6548
0.6881
0.6591
0.6016
0.4898
0.3011
0.1348
0.0187
0.0
0.0
0.0
0.0
0.0
0.0
0.0
0.0
0.0
0.0
0.0097
0.1209
0.2992
0.4658
0.6007
0.6947
0.746
0.7559
0.7203
0.6342
0.4865
0.3125
0.1189
0.014
0.0
0.0
0.0
0.0
0.0
0.0
0.0
0.0
0.0
0.0003
0.0289
0.0876
0.2405
0.4424
0.5805
0.6648
0.7091
0.715
0.6928
0.6343
0.5336
0.3886
0.1992
0.0302
0.0
0.0
0.0
0.0
0.0
0.0
0.0
0.0
0.0
0.0
0.0
0.1245
0.3124
0.4851
0.6223
0.7168
0.7686
0.7784
0.7468
0.673
0.5553
0.3947
0.2025
0.0323
0.0
0.0
0.0
0.0
0.0
0.0
0.0
0.0
0.0
0.0
0.0
0.1263
0.3152
0.488
0.6236
0.715
0.763
0.7709
0.7386
0.6656
0.55
0.3923
0.203
0.0344
0.0
0.0
0.0
0.0
0.0
0.0
0.0
0.0
0.0
0.0
0.0381
0.1315
0.3032
0.4665
0.5965
0.6867
0.7363
0.7458
0.7149
0.6438
0.5299
0.3755
0.191
0.0302
0.0
0.0
0.0
0.0
0.0
0.0
0.0
0.0
0.0
0.0
0.0177
0.1289
0.2912
0.4467
0.5723
0.6676
0.7166
0.7226
0.6848
0.5875
0.4789
0.3078
0.1434
0.0257
0.0
0.0
0.0
0.0
0.0
0.0
0.0
0.0
0.0
0.0
0.0191
0.1287
0.2979
0.462
0.5952
0.6855
0.7348
0.7438
0.7126
0.6402
0.526
0.3714
0.1874
0.0325
0.0
0.0
0.0
0.0
0.0
0.0
0.0
0.0
0.0
0.0001
0.0396
0.1313
0.2461
0.3578
0.4308
0.4712
0.4845
0.486
0.4344
0.3819
0.2957
0.19
0.0804
0.0117
0.0
0.0
0.0
0.0
0.0
0.0
0.0
0.0
0.0
0.0
0.0151
0.056
0.1397
0.2347
0.3148
0.3969
0.4867
0.5365
0.352
0.2253
0.2009
0.1983
0.1068
0.0204
0.0
0.0
0.0
0.0
0.0
0.0
0.0
0.0
0.0
0.0007
0.0545
0.1469
0.27
0.3947
0.4957
0.5788
0.6164
0.6209
0.4915
0.3119
0.1485
0.0609
0.0225
0.0024
0.0
0.0
0.0
0.0
0.0
0.0
0.0
0.0
0.0
0.0037
0.0373
0.079
0.1258
0.1842
0.2483
0.3103
0.292
0.2767
0.2222
0.209
0.1747
0.1509
0.1011
0.023
0.0
0.0
0.0
0.0
0.0
0.0
0.0
0.0
0.0
0.0
0.0391
0.1472
0.2963
0.4352
0.5358
0.5863
0.5829
0.5111
0.4346
0.3411
0.2441
0.1419
0.0609
0.014
0.0
0.0
0.0
0.0
0.0
0.0
0.0
0.0
0.0
0.0003
0.0388
0.1513
0.2951
0.438
0.5263
0.5933
0.7009
0.7627
0.7352
0.6331
0.4885
0.3077
0.1301
0.0305
0.0
0.0
0.0
0.0
0.0
0.0
0.0
0.0
0.0
0.0047
0.0564
0.1611
0.3018
0.433
0.5543
0.6479
0.6866
0.6738
0.6386
0.5208
0.3491
0.1901
0.0928
0.0209
0.0
0.0
0.0
0.0
0.0
0.0
0.0
0.0
0.0
0.0048
0.0471
0.1147
0.2214
0.355
0.463
0.5883
0.6483
0.6579
0.6159
0.5548
0.4552
0.2759
0.131
0.0364
0.0
0.0
0.0
0.0
0.0
0.0
0.0
0.0
0.0
0.0
0.0164
0.1521
0.3214
0.4792
0.5548
0.5971
0.6095
0.5853
0.5507
0.476
0.349
0.1653
0.0861
0.0251
0.0
0.0
0.0
0.0
0.0
0.0
0.0
0.0
0.0
0.0069
0.0647
0.1629
0.2703
0.3551
0.416
0.4635
0.4156
0.3
0.2269
0.2047
0.1174
0.0664
0.0373
0.0145
0.0
0.0
0.0
0.0
0.0
0.0
0.0
0.0
0.0
0.0053
0.0497
0.1283
0.2995
0.4316
0.5164
0.591
0.6602
0.6783
0.6673
0.6135
0.4988
0.3479
0.1403
0.04
0.0
0.0
0.0
0.0
0.0
0.0
0.0
0.0
0.0
0.0082
0.0634
0.1623
0.3109
0.4076
0.4607
0.4746
0.5468
0.5153
0.463
0.3565
0.2652
0.1514
0.0957
0.035
0.0
0.0
0.0
0.0
0.0
0.0
0.0
0.0
0.0
0.0084
0.0578
0.1621
0.2711
0.4119
0.4438
0.4531
0.4863
0.5782
0.5827
0.5353
0.3073
0.1366
0.1147
0.0514
0.0
0.0
0.0
0.0
0.0
0.0
0.0
0.0
0.0
0.0039
0.0332
0.0873
0.1995
0.3015
0.3386
0.3297
0.2274
0.3273
0.2853
0.1764
0.0825
0.0879
0.0433
0.009
0.0
0.0
0.0
0.0
0.0
0.0
0.0
0.0
0.0
0.0064
0.0429
0.1127
0.1266
0.1399
0.1919
0.3722
0.5141
0.4841
0.3402
0.2
0.0846
0.0463
0.036
0.0138
0.0
0.0
0.0
0.0
0.0
0.0
0.0
0.0
0.0
0.0087
0.0577
0.1452
0.2561
0.373
0.4619
0.5163
0.5247
0.5069
0.4496
0.3467
0.233
0.1418
0.0718
0.0226
0.0
0.0
0.0
0.0
0.0
0.0
0.0
0.0
0.0
0.0084
0.0623
0.1634
0.2936
0.412
0.4376
0.4211
0.4293
0.4016
0.4085
0.3777
0.3405
0.2335
0.0957
0.0268
0.0
0.0
0.0
0.0
0.0
0.0
0.0
0.0
0.0
0.0
0.0358
0.1579
0.3205
0.4722
0.5895
0.6534
0.657
0.6022
0.5498
0.5202
0.4222
0.2254
0.0778
0.0192
0.0
0.0
0.0
0.0
0.0
0.0
0.0
0.0
0.0
0.007
0.0486
0.1332
0.2554
0.3646
0.5247
0.6189
0.6524
0.6534
0.6086
0.5442
0.4528
0.3176
0.1723
0.0452
0.0
0.0
0.0
0.0
0.0
0.0
0.0
0.0
0.0
0.0129
0.068
0.1568
0.2855
0.3724
0.4209
0.3915
0.3496
0.3202
0.3213
0.3018
0.3115
0.2698
0.1626
0.0505
0.0
0.0
0.0
0.0
0.0
0.0
0.0
0.0
0.0
0.0045
0.0284
0.0786
0.1482
0.2156
0.2839
0.3335
0.2829
0.2653
0.2381
0.1865
0.151
0.0994
0.0561
0.0195
0.0
0.0
0.0
0.0
0.0
0.0
0.0
0.0
0.0
0.0032
0.0263
0.0758
0.1303
0.1744
0.1775
0.191
0.2212
0.2553
0.2372
0.1921
0.1445
0.0907
0.0439
0.0114
0.0
0.0
0.0
0.0
0.0
0.0
0.0
0.0
0.0
0.0079
0.041
0.0881
0.137
0.186
0.2105
0.262
0.2953
0.3184
0.3441
0.3231
0.266
0.1825
0.1005
0.0397
0.0001
0.0
0.0
0.0
0.0
0.0
0.0
0.0
0.0
0.0166
0.0768
0.1619
0.2578
0.3446
0.3897
0.3212
0.2208
0.1756
0.1397
0.1112
0.0785
0.0544
0.0259
0.0054
0.0
0.0
0.0
0.0
0.0
0.0
0.0
0.0
0.0
0.0148
0.0743
0.1626
0.2495
0.329
0.4464
0.5534
0.6114
0.6116
0.5688
0.4762
0.2838
0.1723
0.0964
0.0269
0.0
0.0
0.0
0.0
0.0
0.0
0.0
0.0
0.0
0.0165
0.0781
0.168
0.2887
0.4349
0.4858
0.4747
0.4019
0.3237
0.2715
0.2262
0.1795
0.1194
0.0578
0.0172
0.0
0.0
0.0
0.0
0.0
0.0
0.0
0.0
0.0
0.0151
0.074
0.1637
0.2898
0.4301
0.5306
0.5614
0.5299
0.483
0.3897
0.3617
0.3173
0.2211
0.1307
0.0421
0.0001
0.0
0.0
0.0
0.0
0.0
0.0
0.0
0.0
0.0067
0.0597
0.167
0.3035
0.4126
0.4754
0.5032
0.4798
0.4348
0.4191
0.3647
0.3156
0.2238
0.1197
0.035
0.0
0.0
0.0
0.0
0.0
0.0
0.0
0.0
0.0
0.0023
0.0462
0.1606
0.3069
0.4348
0.5247
0.5792
0.5958
0.577
0.532
0.4548
0.354
0.2406
0.1303
0.0434
0.0003
0.0
0.0
0.0
0.0
0.0
0.0
0.0
0.0
0.0049
0.0531
0.1664
0.3
0.4231
0.508
0.5506
0.5547
0.4922
0.4036
0.2845
0.1603
0.0961
0.0495
0.0164
0.0
0.0
0.0
0.0
0.0
0.0
0.0
0.0
0.0
0.0071
0.0362
0.082
0.1368
0.1952
0.2489
0.2791
0.2859
0.2643
0.2425
0.2165
0.1855
0.1453
0.0929
0.0363
0.0008
0.0
0.0
0.0
0.0
0.0
0.0
0.0
0.0
0.0035
0.0401
0.1587
0.3229
0.4739
0.596
0.6804
0.7279
0.7391
0.7095
0.6455
0.541
0.3975
0.2353
0.079
0.0015
0.0
0.0
0.0
0.0
0.0
0.0
0.0
0.0
0.0
0.0229
0.1614
0.3266
0.4737
0.5694
0.635
0.6797
0.6584
0.573
0.4636
0.3149
0.1954
0.0967
0.0305
0.0001
0.0
0.0
0.0
0.0
0.0
0.0
0.0
0.0
0.0105
0.0439
0.0899
0.1447
0.1975
0.2298
0.255
0.2548
0.2193
0.1888
0.1656
0.1495
0.1121
0.0691
0.0276
0.0
0.0
0.0
0.0
0.0
0.0
0.0
0.0
0.0
0.0188
0.0784
0.1601
0.2578
0.3635
0.4445
0.4736
0.4746
0.4383
0.3921
0.3035
0.2406
0.1589
0.0924
0.0226
0.0
0.0
0.0
0.0
0.0
0.0
0.0
0.0
0.0
0.0174
0.0791
0.1776
0.3097
0.4361
0.4734
0.4013
0.3321
0.2637
0.1987
0.1853
0.2212
0.2005
0.1144
0.0466
0.0011
0.0
0.0
0.0
0.0
0.0
0.0
0.0
0.0
0.0186
0.0729
0.1534
0.2559
0.3218
0.3533
0.3453
0.3726
0.4071
0.3614
0.3109
0.3
0.2716
0.1331
0.0499
0.0007
0.0
0.0
0.0
0.0
0.0
0.0
0.0
0.0
0.0162
0.041
0.0747
0.1367
0.1722
0.2471
0.3492
0.4444
0.4532
0.4205
0.3847
0.3414
0.288
0.1593
0.0638
0.0019
0.0
0.0
0.0
0.0
0.0
0.0
0.0
0.0
0.0145
0.0738
0.1432
0.1961
0.2783
0.4157
0.3262
0.2908
0.422
0.2757
0.2395
0.2105
0.2041
0.1413
0.0602
0.0018
0.0
0.0
0.0
0.0
0.0
0.0
0.0
0.0
0.0181
0.066
0.131
0.2151
0.2871
0.3716
0.3767
0.3459
0.2855
0.2668
0.2911
0.254
0.2055
0.1435
0.0523
0.0011
0.0
0.0
0.0
0.0
0.0
0.0
0.0
0.0
0.0153
0.0761
0.1739
0.3108
0.4497
0.5472
0.6028
0.5438
0.4797
0.3725
0.2935
0.1988
0.1231
0.0639
0.0364
0.0014
0.0
0.0
0.0
0.0
0.0
0.0
0.0
0.0
0.0145
0.0714
0.1518
0.2709
0.3872
0.4375
0.5323
0.6202
0.6763
0.691
0.637
0.5283
0.3797
0.1852
0.0593
0.0018
0.0
0.0
0.0
0.0
0.0
0.0
0.0
0.0
0.0031
0.0668
0.1789
0.2434
0.2797
0.3154
0.3996
0.4652
0.4369
0.2757
0.1691
0.1041
0.0688
0.0475
0.0146
0.0
0.0
0.0
0.0
0.0
0.0
0.0
0.0
0.0
0.0156
0.0707
0.1633
0.294
0.4256
0.5114
0.5255
0.4868
0.3571
0.3296
0.3979
0.4007
0.3099
0.1809
0.058
0.0012
0.0
0.0
0.0
0.0
0.0
0.0
0.0
0.0
0.0023
0.0512
0.1585
0.2865
0.3938
0.545
0.624
0.6632
0.6373
0.5911
0.5172
0.4094
0.2731
0.1517
0.0549
0.0013
0.0
0.0
0.0
0.0
0.0
0.0
0.0
0.0
0.0
0.0211
0.1504
0.3062
0.4469
0.5423
0.6095
0.6544
0.6799
0.6643
0.5919
0.4821
0.3422
0.1906
0.0625
0.0013
0.0
0.0
0.0
0.0
0.0
0.0
0.0
0.0
0.0175
0.076
0.1603
0.2672
0.3664
0.4416
0.4742
0.4822
0.4646
0.4278
0.388
0.2982
0.1815
0.0855
0.026
0.0
0.0
0.0
0.0
0.0
0.0
0.0
0.0
0.0
0.0191
0.0428
0.0838
0.1445
0.2214
0.2931
0.3238
0.3135
0.2608
0.2211
0.2322
0.2371
0.2279
0.1601
0.061
0.0021
0.0
0.0
0.0
0.0
0.0
0.0
0.0
0.0
0.0
0.0157
0.1564
0.3249
0.4734
0.5841
0.6564
0.6912
0.6665
0.521
0.4104
0.2971
0.2137
0.1496
0.066
0.0019
0.0
0.0
0.0
0.0
0.0
0.0
0.0
0.0
0.0091
0.0682
0.1764
0.2294
0.1886
0.1962
0.2499
0.2992
0.3169
0.3328
0.3214
0.2189
0.2018
0.1442
0.0588
0.0014
0.0
0.0
0.0
0.0
0.0
0.0
0.0
0.0
0.0153
0.074
0.1634
0.2861
0.3966
0.5053
0.6129
0.6481
0.6567
0.6159
0.5392
0.4013
0.2522
0.1268
0.046
0.0001
0.0
0.0
0.0
0.0
0.0
0.0
0.0
0.0
0.0075
0.0657
0.17
0.2727
0.3724
0.4671
0.5632
0.6611
0.6594
0.5934
0.4579
0.301
0.1402
0.0618
0.0268
0.0009
0.0
0.0
0.0
0.0
0.0
0.0
0.0
0.0
0.0144
0.0681
0.1647
0.2876
0.4005
0.4919
0.5732
0.5858
0.5989
0.5969
0.5364
0.4494
0.3182
0.1786
0.0706
0.0016
0.0
0.0
0.0
0.0
0.0
0.0
0.0
0.0
0.002
0.0555
0.1582
0.2997
0.4132
0.5075
0.5299
0.5081
0.4776
0.4489
0.4082
0.3346
0.294
0.2108
0.0732
0.001
0.0
0.0
0.0
0.0
0.0
0.0
0.0
0.0
0.0051
0.0234
0.0759
0.2109
0.3863
0.5491
0.6371
0.6973
0.7081
0.6409
0.5538
0.4352
0.3005
0.1788
0.0732
0.0018
0.0
0.0
0.0
0.0
0.0
0.0
0.0
0.0
0.0124
0.0716
0.1356
0.2259
0.3429
0.4758
0.4547
0.3903
0.3402
0.3455
0.4353
0.3762
0.2689
0.1085
0.0465
0.0003
0.0
0.0
0.0
0.0
0.0
0.0
0.0
0.0
0.0111
0.0386
0.0708
0.1111
0.1646
0.2495
0.3822
0.463
0.5833
0.626
0.5794
0.4651
0.3096
0.1707
0.0609
0.0011
0.0
0.0
0.0
0.0
0.0
0.0
0.0
0.0
0.014
0.0682
0.1542
0.2619
0.362
0.3504
0.3792
0.4263
0.4285
0.4257
0.3438
0.219
0.2073
0.1346
0.0611
0.0011
0.0
0.0
0.0
0.0
0.0
0.0
0.0
0.0
0.0009
0.0434
0.1565
0.301
0.4106
0.528
0.5901
0.5452
0.4833
0.6147
0.6282
0.5285
0.3674
0.1546
0.0547
0.0008
0.0
0.0
0.0
0.0
0.0
0.0
0.0
0.0
0.0047
0.0605
0.1527
0.2977
0.4423
0.5599
0.6513
0.6998
0.7113
0.6938
0.6374
0.5383
0.3997
0.2332
0.0741
0.001
0.0
0.0
0.0
0.0
0.0
0.0
0.0
0.0
0.0
0.0216
0.1547
0.2909
0.4007
0.4388
0.3737
0.3063
0.3412
0.4906
0.571
0.4069
0.2593
0.151
0.0582
0.0009
0.0
0.0
0.0
0.0
0.0
0.0
0.0
0.0
0.0
0.0189
0.1443
0.3031
0.4519
0.5738
0.6572
0.7032
0.7084
0.6603
0.5752
0.4398
0.3158
0.1842
0.0653
0.0006
0.0
0.0
0.0
0.0
0.0
0.0
0.0
0.0
0.002
0.0414
0.1511
0.2755
0.3861
0.511
0.6146
0.6747
0.6935
0.6613
0.5588
0.3824
0.1935
0.1128
0.0298
0.0
0.0
0.0
0.0
0.0
0.0
0.0
0.0
0.0
0.012
0.0554
0.1128
0.2431
0.322
0.426
0.5529
0.5843
0.598
0.4856
0.3114
0.1751
0.0842
0.0446
0.0128
0.0
0.0
0.0
0.0
0.0
0.0
0.0
0.0
0.0
0.0061
0.0505
0.1524
0.261
0.4243
0.5178
0.5652
0.5497
0.5123
0.5161
0.4648
0.3653
0.2536
0.1473
0.0518
0.0001
0.0
0.0
0.0
0.0
0.0
0.0
0.0
0.0
0.0128
0.0709
0.1159
0.134
0.1712
0.2799
0.4916
0.6228
0.6193
0.5525
0.4292
0.2627
0.1624
0.0783
0.0314
0.0
0.0
0.0
0.0
0.0
0.0
0.0
0.0
0.0
0.008
0.0648
0.1627
0.2625
0.3336
0.3854
0.3396
0.3624
0.4259
0.4556
0.431
0.3601
0.2298
0.1408
0.058
0.0002
0.0
0.0
0.0
0.0
0.0
0.0
0.0
0.0
0.0
0.0273
0.15
0.297
0.4562
0.5505
0.5983
0.5806
0.5596
0.4917
0.3617
0.2276
0.1739
0.1333
0.0522
0.0
0.0
0.0
0.0
0.0
0.0
0.0
0.0
0.0
0.0
0.0472
0.1503
0.2387
0.3225
0.4361
0.5825
0.671
0.68
0.6526
0.5529
0.4423
0.27
0.1326
0.0366
0.0
0.0
0.0
0.0
0.0
0.0
0.0
0.0
0.0
0.0
0.019
0.1341
0.2896
0.4432
0.5641
0.6412
0.6815
0.6885
0.6598
0.5949
0.466
0.2859
0.1649
0.0558
0.0
0.0
0.0
0.0
0.0
0.0
0.0
0.0
0.0
0.0
0.0079
0.1326
0.2929
0.4426
0.5562
0.6304
0.6577
0.6572
0.5974
0.5199
0.3973
0.2855
0.1559
0.051
0.0
0.0
0.0
0.0
0.0
0.0
0.0
0.0
0.0
0.0
0.0022
0.1275
0.2931
0.4439
0.5643
0.6485
0.6959
0.709
0.6836
0.621
0.5205
0.3832
0.22
0.0642
0.0
0.0
0.0
0.0
0.0
0.0
0.0
0.0
0.0
0.0
0.0026
0.1289
0.2943
0.4436
0.5614
0.6407
0.6828
0.691
0.6632
0.5947
0.4534
0.2722
0.1225
0.0173
0.0
0.0
0.0
0.0
0.0
0.0
0.0
0.0
0.0
0.0016
0.0256
0.0836
0.195
0.3558
0.533
0.6282
0.6785
0.6858
0.6571
0.5756
0.4461
0.2966
0.1399
0.0244
0.0
0.0
0.0
0.0
0.0
0.0
0.0
0.0
0.0
0.0066
0.0383
0.1209
0.2216
0.2643
0.2857
0.2881
0.2571
0.2042
0.1639
0.1274
0.0901
0.0524
0.0228
0.0039
0.0
0.0
0.0
0.0
0.0
0.0
0.0
0.0
0.0
0.0038
0.0313
0.0763
0.1471
0.2354
0.2971
0.3257
0.3471
0.3469
0.304
0.2354
0.1965
0.1516
0.0937
0.0262
0.0
0.0
0.0
0.0
0.0
0.0
0.0
0.0
0.0
0.0
0.0381
0.1369
0.2742
0.4197
0.5244
0.6119
0.6441
0.6585
0.5806
0.5075
0.3986
0.2693
0.1443
0.0331
0.0
0.0
0.0
0.0
0.0
0.0
0.0
0.0
0.0
0.0046
0.0442
0.1083
0.2122
0.344
0.4836
0.577
0.6207
0.6044
0.5338
0.4534
0.3871
0.2641
0.1669
0.0422
0.0
0.0
0.0
0.0
0.0
0.0
0.0
0.0
0.0
0.0008
0.0573
0.1399
0.2461
0.3626
0.4192
0.4703
0.4724
0.439
0.3844
0.3087
0.2236
0.1246
0.0619
0.0183
0.0
0.0
0.0
0.0
0.0
0.0
0.0
0.0
0.0
0.0
0.0134
0.1267
0.2879
0.4411
0.566
0.648
0.6903
0.6909
0.6239
0.5472
0.4241
0.2898
0.1282
0.0299
0.0
0.0
0.0
0.0
0.0
0.0
0.0
0.0
0.0
0.003
0.0419
0.0971
0.1501
0.1965
0.2484
0.3277
0.3987
0.4098
0.43
0.3619
0.3138
0.2132
0.1269
0.0327
0.0
0.0
0.0
0.0
0.0
0.0
0.0
0.0
0.0
0.0024
0.0515
0.0968
0.1507
0.1993
0.2847
0.437
0.4952
0.458
0.4205
0.3253
0.3186
0.2364
0.1305
0.033
0.0
0.0
0.0
0.0
0.0
0.0
0.0
0.0
0.0
0.0029
0.0506
0.1269
0.2446
0.3854
0.4776
0.4708
0.4624
0.4672
0.4146
0.2923
0.2364
0.1901
0.0921
0.0238
0.0
0.0
0.0
0.0
0.0
0.0
0.0
0.0
0.0
0.0012
0.0449
0.1348
0.2717
0.4138
0.5237
0.5286
0.4774
0.3979
0.3681
0.3792
0.3725
0.2916
0.151
0.0356
0.0
0.0
0.0
0.0
0.0
0.0
0.0
0.0
0.0
0.0
0.0
0.1169
0.2885
0.4446
0.5473
0.645
0.6755
0.6576
0.6233
0.4509
0.3182
0.2594
0.1525
0.0274
0.0
0.0
0.0
0.0
0.0
0.0
0.0
0.0
0.0
0.0001
0.0254
0.0579
0.0958
0.1536
0.1928
0.206
0.1958
0.1406
0.1464
0.2039
0.1636
0.0888
0.0628
0.0104
0.0
0.0
0.0
0.0
0.0
0.0
0.0
0.0
0.0
0.0022
0.0464
0.1325
0.2267
0.2577
0.2822
0.3169
0.3898
0.4666
0.4374
0.3528
0.283
0.2062
0.0951
0.012
0.0
0.0
0.0
0.0
0.0
0.0
0.0
0.0
0.0
0.0017
0.0238
0.0515
0.1055
0.2664
0.3474
0.2914
0.1884
0.2059
0.2561
0.1413
0.1088
0.0623
0.0272
0.003
0.0
0.0
0.0
0.0
0.0
0.0
0.0
0.0
0.0
0.0
0.0192
0.1173
0.2842
0.4457
0.5708
0.6547
0.6978
0.6962
0.6352
0.4937
0.3294
0.2016
0.123
0.0218
0.0
0.0
0.0
0.0
0.0
0.0
0.0
0.0
0.0
0.0
0.0017
0.1129
0.2758
0.439
0.5665
0.6534
0.7007
0.6955
0.6636
0.5901
0.439
0.2828
0.1314
0.0217
0.0
0.0
0.0
0.0
0.0
0.0
0.0
0.0
0.0
0.0
0.0
0.1053
0.2778
0.438
0.5656
0.6537
0.7017
0.7102
0.6788
0.6087
0.4989
0.354
0.1822
0.0285
0.0
0.0
0.0
0.0
0.0
0.0
0.0
0.0
0.0
0.0
0.0149
0.109
0.2781
0.4429
0.5727
0.6613
0.7065
0.703
0.6312
0.5224
0.3705
0.1463
0.0667
0.0147
0.0
0.0
0.0
0.0
0.0
0.0
0.0
0.0
0.0
0.0
0.0
0.1058
0.2739
0.4242
0.5295
0.6147
0.6689
0.6777
0.646
0.5703
0.47
0.3162
0.1367
0.0198
0.0
0.0
0.0
0.0
0.0
0.0
0.0
0.0
0.0
0.0
0.0157
0.1271
0.2539
0.3791
0.4463
0.4731
0.4571
0.4465
0.4296
0.3336
0.2409
0.1212
0.056
0.0088
0.0
0.0
0.0
0.0
0.0
0.0
0.0
0.0
0.0
0.0
0.0181
0.1301
0.254
0.3537
0.3953
0.3436
0.3096
0.3552
0.3995
0.2563
0.1183
0.0542
0.0209
0.0018
0.0
0.0
0.0
0.0
0.0
0.0
0.0
0.0
0.0
0.0
0.02
0.1164
0.2514
0.3555
0.4812
0.57
0.6295
0.6496
0.6274
0.5756
0.4248
0.225
0.1161
0.0146
0.0
0.0
0.0
0.0
0.0
0.0
0.0
0.0
0.0
0.0
0.0
0.0985
0.264
0.4154
0.5365
0.643
0.7
0.7102
0.6811
0.6116
0.4665
0.262
0.1182
0.0147
0.0
0.0
0.0
0.0
0.0
0.0
0.0
0.0
0.0
0.0
0.0087
0.1028
0.2517
0.406
0.5089
0.6086
0.6904
0.6978
0.6651
0.5941
0.4574
0.2998
0.1294
0.012
0.0
0.0
0.0
0.0
0.0
0.0
0.0
0.0
0.0
0.0
0.0009
0.0961
0.2613
0.422
0.5517
0.6419
0.6907
0.7077
0.6801
0.6112
0.4934
0.3361
0.1527
0.0133
0.0
0.0
0.0
0.0
0.0
0.0
0.0
0.0
0.0
0.0
0.0
0.0928
0.2643
0.4263
0.5533
0.6418
0.69
0.6988
0.6686
0.5971
0.4828
0.3237
0.1456
0.0111
0.0
0.0
0.0
0.0
0.0
0.0
0.0
0.0
0.0
0.0
0.0194
0.1027
0.2354
0.3916
0.5321
0.6298
0.6842
0.6931
0.6642
0.5895
0.4717
0.2979
0.1126
0.0059
0.0
0.0
0.0
0.0
0.0
0.0
0.0
0.0
0.0
0.0
0.0253
0.1044
0.1653
0.1867
0.2138
0.2475
0.2508
0.2149
0.2152
0.2379
0.24
0.1805
0.0751
0.004
0.0
0.0
0.0
0.0
0.0
0.0
0.0
0.0
0.0
0.0
0.0171
0.1076
0.2466
0.401
0.4893
0.5427
0.5504
0.4967
0.4608
0.3323
0.1655
0.0645
0.0149
0.0
0.0
0.0
0.0
0.0
0.0
0.0
0.0
0.0
0.0
0.0
0.0225
0.0675
0.1261
0.2037
0.2839
0.4014
0.5587
0.6518
0.6461
0.5611
0.3632
0.1977
0.0797
0.0025
0.0
0.0
0.0
0.0
0.0
0.0
0.0
0.0
0.0
0.0
0.0198
0.1058
0.2476
0.3899
0.478
0.4622
0.4311
0.4618
0.4803
0.4199
0.326
0.1699
0.0763
0.0032
0.0
0.0
0.0
0.0
0.0
0.0
0.0
0.0
0.0
0.0
0.0174
0.0904
0.1751
0.2507
0.3733
0.5347
0.6597
0.6932
0.6669
0.5897
0.4667
0.3131
0.1341
0.0041
0.0
0.0
0.0
0.0
0.0
0.0
0.0
0.0
0.0
0.0
0.0
0.0837
0.2517
0.4115
0.5413
0.6318
0.6814
0.6912
0.6611
0.5906
0.4775
0.3226
0.138
0.0037
0.0
0.0
0.0
0.0
0.0
0.0
0.0
0.0
0.0
0.0
0.0
0.0801
0.2502
0.4119
0.542
0.6324
0.6819
0.6918
0.662
0.5917
0.479
0.3243
0.139
0.003
0.0
0.0
0.0
0.0
0.0
0.0
0.0
0.0
0.0
0.0
0.0
0.0785
0.2491
0.4118
0.5409
0.6296
0.6777
0.6867
0.6562
0.5855
0.4722
0.317
0.1318
0.0019
0.0
0.0
0.0
0.0
0.0
0.0
0.0
0.0
0.0
0.0
0.0
0.0792
0.2406
0.3979
0.5221
0.6051
0.6499
0.6559
0.6249
0.5512
0.4357
0.2777
0.101
0.0005
0.0
0.0
0.0
0.0
0.0
0.0
0.0
0.0
0.0
0.0
0.0032
0.0834
0.2302
0.3826
0.5031
0.5789
0.6168
0.6239
0.5922
0.5148
0.3795
0.2334
0.076
0.0
0.0
0.0
0.0
0.0
0.0
0.0
0.0
0.0
0.0
0.0
0.0025
0.0846
0.2357
0.3893
0.5115
0.575
0.5345
0.4248
0.3145
0.2893
0.259
0.1717
0.0733
0.0
0.0
0.0
0.0
0.0
0.0
0.0
0.0
0.0
0.0
0.0
0.0023
0.0831
0.2421
0.4006
0.5275
0.609
0.6576
0.6227
0.487
0.4038
0.3081
0.1769
0.063
0.0
0.0
0.0
0.0
0.0
0.0
0.0
0.0
0.0
0.0
0.0
0.0006
0.0743
0.2367
0.4063
0.5424
0.6382
0.6916
0.7007
0.6697
0.596
0.4771
0.3125
0.1159
0.0
0.0
0.0
0.0
0.0
0.0
0.0
0.0
0.0
0.0
0.0
0.0
0.0754
0.2366
0.3947
0.5292
0.6168
0.6726
0.6835
0.6528
0.5787
0.4178
0.2392
0.0776
0.0
0.0
0.0
0.0
0.0
0.0
0.0
0.0
0.0
0.0
0.0
0.0038
0.0768
0.2112
0.3935
0.5293
0.6125
0.6735
0.6854
0.6549
0.5816
0.4582
0.2844
0.0827
0.0
0.0
0.0
0.0
0.0
0.0
0.0
0.0
0.0
0.0
0.0
0.0037
0.086
0.2124
0.365
0.4997
0.5955
0.6538
0.66
0.629
0.4428
0.2116
0.0936
0.013
0.0
0.0
0.0
0.0
0.0
0.0
0.0
0.0
0.0
0.0
0.0
0.0084
0.0794
0.1935
0.309
0.3917
0.423
0.4307
0.5034
0.5642
0.5069
0.406
0.2466
0.0693
0.0
0.0
0.0
0.0
0.0
0.0
0.0
0.0
0.0
0.0
0.0
0.0011
0.0318
0.0899
0.1737
0.2296
0.202
0.2196
0.2857
0.3103
0.258
0.1715
0.0555
0.0076
0.0
0.0
0.0
0.0
0.0
0.0
0.0
0.0
0.0
0.0
0.0
0.0036
0.0654
0.1828
0.3231
0.4609
0.5585
0.6349
0.6408
0.6075
0.519
0.3392
0.1989
0.0464
0.0
0.0
0.0
0.0
0.0
0.0
0.0
0.0
0.0
0.0
0.0
0.0
0.0635
0.23
0.397
0.5334
0.6302
0.6835
0.6946
0.6638
0.5889
0.4677
0.2984
0.0963
0.0
0.0
0.0
0.0
0.0
0.0
0.0
0.0
0.0
0.0
0.0
0.0
0.061
0.2294
0.3973
0.5329
0.6255
0.6747
0.6838
0.6506
0.5744
0.4523
0.2828
0.0842
0.0
0.0
0.0
0.0
0.0
0.0
0.0
0.0
0.0
0.0
0.0
0.0
0.0619
0.2243
0.3908
0.5245
0.6175
0.6679
0.6758
0.6402
0.5596
0.4306
0.2522
0.0603
0.0
0.0
0.0
0.0
0.0
0.0
0.0
0.0
0.0
0.0
0.0
0.0
0.0657
0.2212
0.3959
0.5347
0.6299
0.6811
0.6906
0.6563
0.5777
0.4509
0.275
0.0768
0.0
0.0
0.0
0.0
0.0
0.0
0.0
0.0
0.0
0.0
0.0
0.0
0.0591
0.2174
0.3796
0.5098
0.6021
0.6527
0.6636
0.631
0.5543
0.4303
0.2583
0.069
0.0
0.0
0.0
0.0
0.0
0.0
0.0
0.0
0.0
0.0
0.0
0.0027
0.0543
0.1395
0.2568
0.3722
0.4389
0.4601
0.4564
0.4224
0.349
0.2596
0.1474
0.0344
0.0
0.0
0.0
0.0
0.0
0.0
0.0
0.0
0.0
0.0
0.0
0.0004
0.0598
0.1889
0.3208
0.4321
0.5175
0.5579
0.58
0.5417
0.4569
0.3318
0.1836
0.0375
0.0
0.0
0.0
0.0
0.0
0.0
0.0
0.0
0.0
0.0
0.0
0.0
0.055
0.2014
0.3578
0.4894
0.577
0.6234
0.6308
0.5858
0.5033
0.3741
0.2106
0.0401
0.0
0.0
0.0
0.0
0.0
0.0
0.0
0.0
0.0
0.0
0.0
0.0
0.0536
0.197
0.3536
0.485
0.5773
0.6267
0.6383
0.6033
0.5261
0.4015
0.2306
0.0414
0.0
0.0
0.0
0.0
0.0
0.0
0.0
0.0
0.0
0.0
0.0
0.0007
0.0594
0.1928
0.3408
0.4493
0.4446
0.4034
0.2858
0.1975
0.0909
0.038
0.0126
0.0002
0.0
0.0
0.0
0.0
0.0
0.0
0.0
0.0
0.0
0.0
0.0
0.0009
0.0525
0.1557
0.2603
0.3438
0.4422
0.5028
0.4339
0.294
0.1755
0.1342
0.0752
0.007
0.0
0.0
0.0
0.0
0.0
0.0
0.0
0.0
0.0
0.0
0.0
0.0
0.0537
0.196
0.369
0.5064
0.6008
0.6539
0.649
0.5742
0.4481
0.2538
0.076
0.0069
0.0
0.0
0.0
0.0
0.0
0.0
0.0
0.0
0.0
0.0
0.0
0.0
0.0334
0.1125
0.2164
0.3652
0.5008
0.5338
0.5602
0.5265
0.4322
0.2742
0.0812
0.0057
0.0
0.0
0.0
0.0
0.0
0.0
0.0
0.0
0.0
0.0
0.0
0.0001
0.0505
0.1707
0.3299
0.4588
0.5326
0.5723
0.5712
0.5152
0.4177
0.2589
0.0853
0.0067
0.0
0.0
0.0
0.0
0.0
0.0
0.0
0.0
0.0
0.0
0.0
0.0
0.0522
0.1703
0.3042
0.3848
0.4072
0.3712
0.3088
0.3018
0.2146
0.1468
0.0564
0.0035
0.0
0.0
0.0
0.0
0.0
0.0
0.0
0.0
0.0
0.0
0.0
0.0
0.0461
0.1863
0.3448
0.486
0.5756
0.6158
0.6349
0.6086
0.5296
0.396
0.2012
0.0153
0.0
0.0
0.0
0.0
0.0
0.0
0.0
0.0
0.0
0.0
0.0
0.0
0.044
0.1963
0.3661
0.5073
0.5996
0.6548
0.6531
0.5795
0.3664
0.1789
0.098
0.0077
0.0
0.0
0.0
0.0
0.0
0.0
0.0
0.0
0.0
0.0
0.0
0.0
0.0478
0.1745
0.303
0.3719
0.4358
0.474
0.4451
0.4058
0.3097
0.1996
0.0736
0.0039
0.0
0.0
0.0
0.0
0.0
0.0
0.0
0.0
0.0
0.0
0.0
0.0
0.0379
0.19
0.3619
0.5013
0.6001
0.656
0.6671
0.6343
0.5541
0.4217
0.2336
0.0121
0.0
0.0
0.0
0.0
0.0
0.0
0.0
0.0
0.0
0.0
0.0
0.0
0.0393
0.1842
0.3562
0.4954
0.5899
0.6397
0.6515
0.6162
0.5332
0.3932
0.1518
0.0022
0.0
0.0
0.0
0.0
0.0
0.0
0.0
0.0
0.0
0.0
0.0
0.0
0.0399
0.1604
0.317
0.4521
0.5518
0.6034
0.609
0.5478
0.3956
0.1665
0.0394
0.0
0.0
0.0
0.0
0.0
0.0
0.0
0.0
0.0
0.0
0.0
0.0
0.0
0.0344
0.1731
0.3474
0.492
0.5885
0.6467
0.6566
0.624
0.5423
0.3662
0.109
0.001
0.0
0.0
0.0
0.0
0.0
0.0
0.0
0.0
0.0
0.0
0.0
0.0
0.0323
0.1789
0.3452
0.4764
0.5374
0.5482
0.5603
0.5429
0.483
0.341
0.1358
0.0018
0.0
0.0
0.0
0.0
0.0
0.0
0.0
0.0
0.0
0.0
0.0
0.0
0.0335
0.1673
0.2994
0.4171
0.5275
0.6193
0.6383
0.6049
0.5127
0.3669
0.1409
0.0004
0.0
0.0
0.0
0.0
0.0
0.0
0.0
0.0
0.0
0.0
0.0
0.0
0.0184
0.0632
0.1216
0.1861
0.2644
0.2514
0.2238
0.1777
0.1594
0.1062
0.0367
0.0
0.0
0.0
0.0
0.0
0.0
0.0
0.0
0.0
0.0
0.0
0.0
0.0
0.011
0.0761
0.1512
0.2477
0.3282
0.357
0.3411
0.3343
0.3047
0.2595
0.0939
0.0
0.0
0.0
0.0
0.0
0.0
0.0
0.0
0.0
0.0
0.0
0.0
0.0
0.0298
0.1452
0.2315
0.2667
0.2351
0.2473
0.3806
0.4651
0.4124
0.1718
0.0426
0.0
0.0
0.0
0.0
0.0
0.0
0.0
0.0
0.0
0.0
0.0
0.0
0.0
0.0158
0.0763
0.2579
0.3567
0.379
0.4197
0.4731
0.4537
0.4125
0.2902
0.0716
0.0
0.0
0.0
0.0
0.0
0.0
0.0
0.0
0.0
0.0
0.0
0.0
0.0
0.0229
0.1291
0.3318
0.4766
0.572
0.6173
0.6192
0.5806
0.4349
0.218
0.0751
0.0
0.0
0.0
0.0
0.0
0.0
0.0
0.0
0.0
0.0
0.0
0.0
0.0
0.0242
0.1554
0.3534
0.5076
0.6176
0.68
0.6948
0.6606
0.5739
0.4254
0.2074
0.0
0.0
0.0
0.0
0.0
0.0
0.0
0.0
0.0
0.0
0.0
0.0
0.0
0.0168
0.1269
0.3362
0.4842
0.5615
0.5223
0.378
0.2643
0.1834
0.1045
0.026
0.0
0.0
0.0
0.0
0.0
0.0
0.0
0.0
0.0
0.0
0.0
0.0
0.0
0.0107
0.0846
0.2152
0.3214
0.4305
0.5296
0.4261
0.2405
0.1636
0.08
0.0276
0.0
0.0
0.0
0.0
0.0
0.0
0.0
0.0
0.0
0.0
0.0
0.0
0.0
0.0154
0.1076
0.2017
0.3083
0.4063
0.4716
0.4784
0.4589
0.3431
0.144
0.0317
0.0
0.0
0.0
0.0
0.0
0.0
0.0
0.0
0.0
0.0
0.0
0.0
0.0
0.0137
0.1229
0.2923
0.409
0.4543
0.4743
0.4889
0.4598
0.3773
0.1864
0.0502
0.0
0.0
0.0
0.0
0.0
0.0
0.0
0.0
0.0
0.0
0.0
0.0
0.0
0.0124
0.1157
0.2352
0.2933
0.3133
0.305
0.2595
0.1994
0.1309
0.0594
0.012
0.0
0.0
0.0
0.0
0.0
0.0
0.0
0.0
0.0
0.0
0.0
0.0
0.0
0.0103
0.0936
0.2262
0.4274
0.4857
0.4494
0.4335
0.4311
0.3707
0.2391
0.0601
0.0
0.0
0.0
0.0
0.0
0.0
0.0
0.0
0.0
0.0
0.0
0.0
0.0
0.0024
0.0333
0.088
0.2161
0.446
0.486
0.4906
0.4685
0.3498
0.1833
0.0285
0.0
0.0
0.0
0.0
0.0
0.0
0.0
0.0
0.0
0.0
0.0
0.0
0.0
0.0047
0.0521
0.1717
0.3909
0.5232
0.5661
0.5069
0.3848
0.198
0.0828
0.0277
0.0
0.0
0.0
0.0
0.0
0.0
0.0
0.0
0.0
0.0
0.0
0.0
0.0
0.0001
0.0222
0.0678
0.0927
0.1213
0.1952
0.2114
0.2009
0.0871
0.0218
0.0024
0.0
0.0
0.0
0.0
0.0
0.0
0.0
0.0
0.0
0.0
0.0
0.0
0.0
0.0
0.0101
0.0355
0.0945
0.1769
0.2311
0.2279
0.2628
0.197
0.104
0.0226
0.0
0.0
0.0
0.0
0.0
0.0
0.0
0.0
0.0
0.0
0.0
0.0
0.0
0.0013
0.0405
0.1332
0.2705
0.5024
0.6107
0.6193
0.5391
0.3172
0.1325
0.0215
0.0
0.0
0.0
0.0
0.0
0.0
0.0
0.0
0.0
0.0
0.0
0.0
0.0
0.0005
0.019
0.071
0.1852
0.2379
0.1595
0.1593
0.2285
0.2919
0.2104
0.0446
0.0
0.0
0.0
0.0
0.0
0.0
0.0
0.0
0.0
0.0
0.0
0.0
0.0
0.0035
0.0621
0.1594
0.2803
0.4645
0.4949
0.423
0.2837
0.2154
0.1623
0.0266
0.0
0.0
0.0
0.0
0.0
0.0
0.0
0.0
0.0
0.0
0.0
0.0
0.0
0.0
0.012
0.0365
0.0656
0.0918
0.1012
0.2285
0.3088
0.1911
0.0634
0.0038
0.0
0.0
0.0
0.0
0.0
0.0
0.0
0.0
0.0
0.0
0.0
0.0
0.0
0.0
0.0159
0.0368
0.0538
0.069
0.1265
0.1813
0.1469
0.0612
0.0219
0.0003
0.0
0.0
0.0
0.0
0.0
0.0
0.0
0.0
0.0
0.0
0.0
0.0
0.0
0.0
0.0246
0.0853
0.2041
0.3917
0.4725
0.5152
0.4058
0.3651
0.1479
0.0124
0.0
0.0
0.0
0.0
0.0
0.0
0.0
0.0
0.0
0.0
0.0
0.0
0.0
0.0
0.012
0.0366
0.0663
0.1195
0.278
0.2919
0.2706
0.1842
0.0581
0.0027
0.0
0.0
0.0
0.0
0.0
0.0
0.0
0.0
0.0
0.0
0.0
0.0
0.0
0.0
0.0218
0.067
0.1707
0.3156
0.4655
0.5072
0.4534
0.2061
0.0424
0.0009
0.0
0.0
0.0
0.0
0.0
0.0
0.0
0.0
0.0
0.0
0.0
0.0
0.0
0.0
0.0093
0.0356
0.0565
0.0735
0.0761
0.0705
0.0672
0.0549
0.0221
0.0
0.0
0.0
0.0
0.0
0.0
0.0
0.0
0.0
0.0
0.0
0.0
0.0
0.0
0.0001
0.044
0.1182
0.2004
0.2313
0.2708
0.3207
0.3188
0.2549
0.1508
0.0072
0.0
0.0
0.0
0.0
0.0
0.0
0.0
0.0
0.0
0.0
0.0
0.0
0.0
0.0
0.0229
0.0825
0.1739
0.2898
0.3719
0.4236
0.4589
0.2724
0.0892
0.006
0.0
0.0
0.0
0.0
0.0
0.0
0.0
0.0
0.0
0.0
0.0
0.0
0.0
0.0
0.032
0.0717
0.1351
0.2405
0.4067
0.3852
0.3905
0.3271
0.1481
0.0052
0.0
0.0
0.0
0.0
0.0
0.0
0.0
0.0
0.0
0.0
0.0
0.0
0.0
0.0
0.0148
0.0543
0.1063
0.1893
0.2483
0.354
0.3879
0.3062
0.1288
0.0033
0.0
0.0
0.0
0.0
0.0
0.0
0.0
0.0
0.0
0.0
0.0
0.0
0.0
0.0
0.0275
0.0984
0.1992
0.3113
0.4769
0.5155
0.4761
0.3863
0.2073
0.0056
0.0
0.0
0.0
0.0
0.0
0.0
0.0
0.0
0.0
0.0
0.0
0.0
0.0
0.0
0.0335
0.1664
0.3947
0.508
0.5677
0.5779
0.5341
0.4306
0.2479
0.0057
0.0
0.0
0.0
0.0
0.0
0.0
0.0
0.0
0.0
0.0
0.0
0.0
0.0
0.0
0.0225
0.1163
0.2826
0.4501
0.545
0.5649
0.5219
0.4208
0.2573
0.0053
0.0
0.0
0.0
0.0
0.0
0.0
0.0
0.0
0.0
0.0
0.0
0.0
0.0
0.0
0.0409
0.1329
0.2612
0.389
0.4519
0.472
0.4401
0.2492
0.0655
0.0001
0.0
0.0
0.0
0.0
0.0
0.0
0.0
0.0
0.0
0.0
0.0
0.0
0.0
0.0
0.0106
0.0645
0.1791
0.4515
0.502
0.5133
0.4781
0.3721
0.1872
0.0014
0.0
0.0
0.0
0.0
0.0
0.0
0.0
0.0
0.0
0.0
0.0
0.0
0.0
0.0
0.0086
0.049
0.1011
0.1552
0.197
0.2808
0.3108
0.2916
0.1483
0.0002
0.0
0.0
0.0
0.0
0.0
0.0
0.0
0.0
0.0
0.0
0.0
0.0
0.0
0.0
0.0126
0.0403
0.0667
0.0867
0.112
0.1226
0.0997
0.0577
0.0192
0.0
0.0
0.0
0.0
0.0
0.0
0.0
0.0
0.0
0.0
0.0
0.0
0.0
0.0
0.0
0.0001
0.0067
0.0211
0.0488
0.0947
0.1165
0.1019
0.1566
0.0688
0.0
0.0
0.0
0.0
0.0
0.0
0.0
0.0
0.0
0.0
0.0
0.0
0.0
0.0
0.0
0.001
0.0141
0.0387
0.0926
0.1366
0.197
0.2662
0.1926
0.0406
0.0
0.0
0.0
0.0
0.0
0.0
0.0
0.0
0.0
0.0
0.0
0.0
0.0
0.0
0.0
0.006
0.0369
0.0742
0.136
0.1858
0.1867
0.1506
0.0846
0.024
0.0
0.0
0.0
0.0
0.0
0.0
0.0
0.0
0.0
0.0
0.0
0.0
0.0
0.0
0.0
0.013
0.0969
0.2193
0.3925
0.4806
0.474
0.4136
0.2931
0.1305
0.0
0.0
0.0
0.0
0.0
0.0
0.0
0.0
0.0
0.0
0.0
0.0
0.0
0.0
0.0
0.0075
0.0413
0.0661
0.0749
0.0652
0.0421
0.0249
0.0122
0.0011
0.0
0.0
0.0
0.0
0.0
0.0
0.0
0.0
0.0
0.0
0.0
0.0
0.0
0.0
0.0
0.0016
0.0144
0.0305
0.0479
0.0647
0.0769
0.0724
0.04
0.0072
0.0
0.0
0.0
0.0
0.0
0.0
0.0
0.0
0.0
0.0
0.0
0.0
0.0
0.0
0.0
0.0028
0.0313
0.1008
0.1843
0.172
0.1369
0.1063
0.0698
0.0228
0.0
0.0
0.0
0.0
0.0
0.0
0.0
0.0
0.0
0.0
0.0
0.0
0.0
0.0
0.0
0.009
0.0672
0.1941
0.3466
0.4195
0.4395
0.4068
0.3239
0.1324
0.0
0.0
0.0
0.0
0.0
0.0
0.0
0.0
0.0
0.0
0.0
0.0
0.0
0.0
0.0
0.008
0.065
0.1416
0.2057
0.2021
0.1383
0.0701
0.0337
0.008
0.0
0.0
0.0
0.0
0.0
0.0
0.0
0.0
0.0
0.0
0.0
0.0
0.0
0.0
0.0
0.0265
0.1482
0.2791
0.3824
0.3742
0.2763
0.1882
0.0805
0.0144
0.0
0.0
0.0
0.0
0.0
0.0
0.0
0.0
0.0
0.0
0.0
0.0
0.0
0.0
0.0
0.0
0.006
0.0142
0.0354
0.0484
0.0411
0.0247
0.0087
0.0003
0.0
0.0
0.0
0.0
0.0
0.0
0.0
0.0
0.0
0.0
0.0
0.0
0.0
0.0
0.0
0.0
0.0082
0.0252
0.0547
0.0743
0.0678
0.044
0.0164
0.0014
0.0
0.0
0.0
0.0
0.0
0.0
0.0
0.0
0.0
0.0
0.0
0.0
0.0
0.0
0.0
0.0013
0.0128
0.0264
0.0473
0.0624
0.0638
0.0529
0.0269
0.0074
0.0
0.0
0.0
0.0
0.0
0.0
0.0
0.0
0.0
0.0
0.0
0.0
0.0
0.0
0.0
0.0015
0.0286
0.0933
0.1935
0.2106
0.2237
0.2578
0.2248
0.0498
0.0
0.0
0.0
0.0
0.0
0.0
0.0
0.0
0.0
0.0
0.0
0.0
0.0
0.0
0.0
0.0
0.019
0.065
0.1154
0.1321
0.1245
0.0875
0.0381
0.0052
0.0
0.0
0.0
0.0
0.0
0.0
0.0
0.0
0.0
0.0
0.0
0.0
0.0
0.0
0.0
0.0
0.0069
0.0167
0.0217
0.0268
0.0249
0.0157
0.0051
0.0
0.0
0.0
0.0
0.0
0.0
0.0
0.0
0.0
0.0
0.0
0.0
0.0
0.0
0.0
0.0
0.0
0.0126
0.0419
0.0699
0.0916
0.1026
0.0612
0.0227
0.0019
0.0
0.0
0.0
0.0
0.0
0.0
0.0
0.0
0.0
0.0
0.0
0.0
0.0
0.0
0.0
0.0
0.021
0.0874
0.112
0.0863
0.1091
0.1162
0.0645
0.0037
0.0
0.0
0.0
0.0
0.0
0.0
0.0
0.0
0.0
0.0
0.0
0.0
0.0
0.0
0.0
0.0006
0.0271
0.0694
0.11
0.1097
0.0754
0.0436
0.0185
0.001
0.0
0.0
0.0
0.0
0.0
0.0
0.0
0.0
0.0
0.0
0.0
0.0
0.0
0.0
0.0
0.0049
0.0843
0.2074
0.3563
0.4224
0.441
0.3729
0.1824
0.0281
0.0
0.0
0.0
0.0
0.0
0.0
0.0
0.0
0.0
0.0
0.0
0.0
0.0
0.0
0.0
0.0005
0.0275
0.0802
0.1433
0.2703
0.2883
0.223
0.0988
0.005
0.0
0.0
0.0
0.0
0.0
0.0
0.0
0.0
0.0
0.0
0.0
0.0
0.0
0.0
0.0
0.0004
0.0329
0.0861
0.1282
0.1244
0.1142
0.0854
0.0421
0.0038
0.0
0.0
0.0
0.0
0.0
0.0
0.0
0.0
0.0
0.0
0.0
0.0
0.0
0.0
0.0
0.0018
0.0473
0.12
0.2039
0.244
0.2804
0.2856
0.1943
0.0233
0.0
0.0
0.0
0.0
0.0
0.0
0.0
0.0
0.0
0.0
0.0
0.0
0.0
0.0
0.0
0.0046
0.1229
0.3392
0.4684
0.5389
0.5532
0.5054
0.3813
0.0845
0.0
0.0
0.0
0.0
0.0
0.0
0.0
0.0
0.0
0.0
0.0
0.0
0.0
0.0
0.0
0.0091
0.1637
0.3435
0.4716
0.5415
0.5532
0.5025
0.3759
0.0788
0.0
0.0
0.0
0.0
0.0
0.0
0.0
0.0
0.0
0.0
0.0
0.0
0.0
0.0
0.0
0.0076
0.1576
0.3362
0.4655
0.5347
0.5457
0.4948
0.3683
0.0713
0.0
0.0
0.0
0.0
0.0
0.0
0.0
0.0
0.0
0.0
0.0
0.0
0.0
0.0
0.0
0.0035
0.1159
0.2549
0.3373
0.3799
0.3973
0.3431
0.2013
0.0243
0.0
0.0
0.0
0.0
0.0
0.0
0.0
0.0
0.0
0.0
0.0
0.0
0.0
0.0
0.0
0.0
0.0078
0.0295
0.0572
0.0664
0.057
0.0366
0.0176
0.0002
0.0
0.0
0.0
0.0
0.0
0.0
0.0
0.0
0.0
0.0
0.0
0.0
0.0
0.0
0.0
0.0013
0.0936
0.3257
0.4584
0.5231
0.5383
0.4892
0.3582
0.059
0.0
0.0
0.0
0.0
0.0
0.0
0.0
0.0
0.0
0.0
0.0
0.0
0.0
0.0
0.0
0.0033
0.1278
0.2955
0.4353
0.5138
0.5252
0.4687
0.3278
0.0452
0.0
0.0
0.0
0.0
0.0
0.0
0.0
0.0
0.0
0.0
0.0
0.0
0.0
0.0
0.0
0.0003
0.0562
0.1704
0.3082
0.4049
0.4414
0.4164
0.2845
0.0331
0.0
0.0
0.0
0.0
0.0
0.0
0.0
0.0
0.0
0.0
0.0
0.0
0.0
0.0
0.0
0.0002
0.0494
0.1569
0.2881
0.3792
0.482
0.4304
0.2884
0.0331
0.0
0.0
0.0
0.0
0.0
0.0
0.0
0.0
0.0
0.0
0.0
0.0
0.0
0.0
0.0
0.0
0.0396
0.1445
0.2639
0.3539
0.3203
0.2169
0.1137
0.01
0.0
0.0
0.0
0.0
0.0
0.0
0.0
0.0
0.0
0.0
0.0
0.0
0.0
0.0
0.0
0.0
0.0402
0.1152
0.1708
0.1591
0.1245
0.0916
0.0802
0.01
0.0
0.0
0.0
0.0
0.0
0.0
0.0
0.0
0.0
0.0
0.0
0.0
0.0
0.0
0.0
0.0
0.0071
0.025
0.0525
0.091
0.1257
0.1654
0.1247
0.0055
0.0
0.0
0.0
0.0
0.0
0.0
0.0
0.0
0.0
0.0
0.0
0.0
0.0
0.0
0.0
0.0
0.018
0.0485
0.0727
0.0541
0.0394
0.0234
0.0082
0.0
0.0
0.0
0.0
0.0
0.0
0.0
0.0
0.0
0.0
0.0
0.0
0.0
0.0
0.0
0.0
0.0
0.0104
0.0355
0.0781
0.1722
0.2154
0.1546
0.0493
0.0021
0.0
0.0
0.0
0.0
0.0
0.0
0.0
0.0
0.0
0.0
0.0
0.0
0.0
0.0
0.0
0.0
0.0104
0.0447
0.0808
0.099
0.0827
0.0562
0.0268
0.0004
0.0
0.0
0.0
0.0
0.0
0.0
0.0
0.0
0.0
0.0
0.0
0.0
0.0
0.0
0.0
0.0
0.0067
0.0252
0.0409
0.0504
0.0464
0.0322
0.0119
0.0
0.0
0.0
0.0
0.0
0.0
0.0
0.0
0.0
0.0
0.0
0.0
0.0
0.0
0.0
0.0
0.0
0.0572
0.1674
0.3134
0.3956
0.3892
0.3327
0.2068
0.0129
0.0
0.0
0.0
0.0
0.0
0.0
0.0
0.0
0.0
0.0
0.0
0.0
0.0
0.0
0.0
0.0
0.0161
0.0558
0.1174
0.1503
0.155
0.136
0.0972
0.0044
0.0
0.0
0.0
0.0
0.0
0.0
0.0
0.0
0.0
0.0
0.0
0.0
0.0
0.0
0.0
0.0
0.0358
0.1238
0.221
0.2715
0.3264
0.2899
0.1397
0.005
0.0
0.0
0.0
0.0
0.0
0.0
0.0
0.0
0.0
0.0
0.0
0.0
0.0
0.0
0.0
0.0
0.0295
0.0815
0.1258
0.1459
0.1442
0.1203
0.047
0.0006
0.0
0.0
0.0
0.0
0.0
0.0
0.0
0.0
0.0
0.0
0.0
0.0
0.0
0.0
0.0
0.0
0.0143
0.0444
0.0672
0.0702
0.0577
0.0413
0.0131
0.0
0.0
0.0
0.0
0.0
0.0
0.0
0.0
0.0
0.0
0.0
0.0
0.0
0.0
0.0
0.0
0.0
0.0327
0.1053
0.1764
0.2054
0.1849
0.1328
0.0558
0.0015
0.0
0.0
0.0
0.0
0.0
0.0
0.0
0.0
0.0
0.0
0.0
0.0
0.0
0.0
0.0
0.0
0.0369
0.1198
0.2297
0.3897
0.3976
0.2782
0.1096
0.0035
0.0
0.0
0.0
0.0
0.0
0.0
0.0
0.0
0.0
0.0
0.0
0.0
0.0
0.0
0.0
0.0
0.0088
0.0283
0.0593
0.1108
0.158
0.1307
0.0556
0.0004
0.0
0.0
0.0
0.0
0.0
0.0
0.0
0.0
0.0
0.0
0.0
0.0
0.0
0.0
0.0
0.0
0.0042
0.0147
0.025
0.0272
0.0222
0.0149
0.0041
0.0
0.0
0.0
0.0
0.0
0.0
0.0
0.0
0.0
0.0
0.0
0.0
0.0
0.0
0.0
0.0
0.0
0.0155
0.0406
0.0573
0.0639
0.065
0.0572
0.0249
0.0
0.0
0.0
0.0
0.0
0.0
0.0
0.0
0.0
0.0
0.0
0.0
0.0
0.0
0.0
0.0
0.0
0.0117
0.0367
0.0397
0.041
0.0526
0.0391
0.0135
0.0
0.0
0.0
0.0
0.0
0.0
0.0
0.0
0.0
0.0
0.0
0.0
0.0
0.0
0.0
0.0
0.0
0.0015
0.0072
0.0112
0.0147
0.0149
0.0108
0.0041
0.0
0.0
0.0
0.0
0.0
0.0
0.0
0.0
0.0
0.0
0.0
0.0
0.0
0.0
0.0
0.0
0.0
0.0019
0.0158
0.0377
0.0534
0.1209
0.1981
0.1283
0.0059
0.0
0.0
0.0
0.0
0.0
0.0
0.0
0.0
0.0
0.0
0.0
0.0
0.0
0.0
0.0
0.0
0.0262
0.083
0.1615
0.2001
0.2626
0.2634
0.135
0.0086
0.0
0.0
0.0
0.0
0.0
0.0
0.0
0.0
0.0
0.0
0.0
0.0
0.0
0.0
0.0
0.0
0.0395
0.149
0.3067
0.4397
0.4879
0.4203
0.261
0.0233
0.0
0.0
0.0
0.0
0.0
0.0
0.0
0.0
0.0
0.0
0.0
0.0
0.0
0.0
0.0
0.0001
0.0747
0.2669
0.4203
0.4869
0.4895
0.4224
0.2644
0.0251
0.0
0.0
0.0
0.0
0.0
0.0
0.0
0.0
0.0
0.0
0.0
0.0
0.0
0.0
0.0
0.0
0.0773
0.2584
0.433
0.5081
0.5146
0.4506
0.2947
0.0333
0.0
0.0
0.0
0.0
0.0
0.0
0.0
0.0
