0.0
0.0
0.0
0.0
0.0
0.0
0.0
0.0
0.0
0.0
58.0
130.0
160.0
147.0
91.0
10.0
0.0
0.0
0.0
0.0
0.0
0.0
0.0
0.0
0.0
0.0
0.0
0.0
0.0
0.0
0.0
0.0
0.0
0.0
59.0
132.0
162.0
149.0
93.0
11.0
0.0
0.0
0.0
0.0
0.0
0.0
0.0
0.0
0.0
0.0
0.0
0.0
0.0
0.0
0.0
0.0
0.0
0.0
61.0
133.0
164.0
152.0
96.0
13.0
0.0
0.0
0.0
0.0
0.0
0.0
0.0
0.0
0.0
0.0
0.0
0.0
0.0
0.0
0.0
0.0
0.0
0.0
62.0
135.0
167.0
154.0
99.0
14.0
0.0
0.0
0.0
0.0
0.0
0.0
0.0
0.0
0.0
0.0
0.0
0.0
0.0
0.0
0.0
0.0
0.0
0.0
64.0
138.0
169.0
157.0
102.0
16.0
0.0
0.0
0.0
0.0
0.0
0.0
0.0
0.0
0.0
0.0
0.0
0.0
0.0
0.0
0.0
0.0
0.0
1.0
66.0
140.0
172.0
160.0
105.0
18.0
0.0
0.0
0.0
0.0
0.0
0.0
0.0
0.0
0.0
0.0
0.0
0.0
0.0
0.0
0.0
0.0
0.0
1.0
68.0
142.0
175.0
163.0
109.0
20.0
0.0
0.0
0.0
0.0
0.0
0.0
0.0
0.0
0.0
0.0
0.0
0.0
0.0
0.0
0.0
0.0
0.0
1.0
71.0
145.0
178.0
166.0
112.0
22.0
0.0
0.0
0.0
0.0
0.0
0.0
0.0
0.0
0.0
0.0
0.0
0.0
0.0
0.0
0.0
0.0
0.0
2.0
73.0
148.0
181.0
170.0
116.0
24.0
0.0
0.0
0.0
0.0
0.0
0.0
0.0
0.0
0.0
0.0
0.0
0.0
0.0
0.0
0.0
0.0
0.0
2.0
76.0
151.0
184.0
174.0
120.0
27.0
0.0
0.0
0.0
0.0
0.0
0.0
0.0
0.0
0.0
0.0
0.0
0.0
0.0
0.0
0.0
0.0
0.0
3.0
79.0
154.0
188.0
177.0
124.0
30.0
0.0
0.0
0.0
0.0
0.0
0.0
0.0
0.0
0.0
0.0
0.0
0.0
0.0
0.0
0.0
0.0
0.0
3.0
82.0
157.0
191.0
181.0
128.0
33.0
0.0
0.0
0.0
0.0
0.0
0.0
0.0
0.0
0.0
0.0
0.0
0.0
0.0
0.0
0.0
0.0
0.0
4.0
85.0
161.0
195.0
185.0
132.0
37.0
0.0
0.0
0.0
0.0
0.0
0.0
0.0
0.0
0.0
0.0
0.0
0.0
0.0
0.0
0.0
0.0
0.0
5.0
88.0
165.0
199.0
190.0
137.0
41.0
0.0
0.0
0.0
0.0
0.0
0.0
0.0
0.0
0.0
0.0
0.0
0.0
0.0
0.0
0.0
0.0
0.0
6.0
92.0
168.0
203.0
194.0
141.0
45.0
0.0
0.0
0.0
0.0
0.0
0.0
0.0
0.0
0.0
0.0
0.0
0.0
0.0
0.0
0.0
0.0
0.0
7.0
96.0
173.0
208.0
199.0
146.0
49.0
0.0
0.0
0.0
0.0
0.0
0.0
0.0
0.0
0.0
0.0
0.0
0.0
0.0
0.0
0.0
0.0
0.0
8.0
99.0
177.0
212.0
203.0
151.0
54.0
0.0
0.0
0.0
0.0
0.0
0.0
0.0
0.0
0.0
0.0
0.0
0.0
0.0
0.0
0.0
0.0
0.0
10.0
103.0
181.0
217.0
208.0
156.0
64.0
0.0
0.0
0.0
0.0
0.0
0.0
0.0
0.0
0.0
0.0
0.0
0.0
0.0
0.0
0.0
0.0
0.0
11.0
108.0
186.0
222.0
213.0
161.0
69.0
0.0
0.0
0.0
0.0
0.0
0.0
0.0
0.0
0.0
0.0
0.0
0.0
0.0
0.0
0.0
0.0
0.0
13.0
112.0
190.0
227.0
219.0
167.0
74.0
1.0
0.0
0.0
0.0
0.0
0.0
0.0
0.0
0.0
0.0
0.0
0.0
0.0
0.0
0.0
0.0
0.0
15.0
117.0
195.0
232.0
224.0
172.0
80.0
2.0
0.0
0.0
0.0
0.0
0.0
0.0
0.0
0.0
0.0
0.0
0.0
0.0
0.0
0.0
0.0
0.0
18.0
121.0
200.0
237.0
229.0
178.0
86.0
2.0
0.0
0.0
0.0
0.0
0.0
0.0
0.0
0.0
0.0
0.0
0.0
0.0
0.0
0.0
0.0
0.0
20.0
126.0
205.0
242.0
235.0
183.0
91.0
4.0
0.0
0.0
0.0
0.0
0.0
0.0
0.0
0.0
0.0
0.0
0.0
0.0
0.0
0.0
0.0
0.0
23.0
131.0
211.0
248.0
241.0
189.0
97.0
5.0
0.0
0.0
0.0
0.0
0.0
0.0
0.0
0.0
0.0
0.0
0.0
0.0
0.0
0.0
0.0
0.0
26.0
136.0
216.0
254.0
247.0
195.0
103.0
7.0
0.0
0.0
0.0
0.0
0.0
0.0
0.0
0.0
0.0
0.0
0.0
0.0
0.0
0.0
0.0
0.0
29.0
142.0
222.0
259.0
253.0
201.0
110.0
9.0
0.0
0.0
0.0
0.0
0.0
0.0
0.0
0.0
0.0
0.0
0.0
0.0
0.0
0.0
0.0
0.0
33.0
147.0
227.0
265.0
259.0
208.0
116.0
11.0
0.0
0.0
0.0
0.0
0.0
0.0
0.0
0.0
0.0
0.0
0.0
0.0
0.0
0.0
0.0
0.0
36.0
153.0
233.0
271.0
265.0
214.0
122.0
14.0
0.0
0.0
0.0
0.0
0.0
0.0
0.0
0.0
0.0
0.0
0.0
0.0
0.0
0.0
0.0
0.0
41.0
158.0
239.0
278.0
271.0
220.0
129.0
17.0
0.0
0.0
0.0
0.0
0.0
0.0
0.0
0.0
0.0
0.0
0.0
0.0
0.0
0.0
0.0
0.0
45.0
164.0
245.0
284.0
278.0
227.0
135.0
20.0
0.0
0.0
0.0
0.0
0.0
0.0
0.0
0.0
0.0
0.0
0.0
0.0
0.0
0.0
0.0
0.0
50.0
170.0
252.0
290.0
284.0
234.0
142.0
24.0
0.0
0.0
0.0
0.0
0.0
0.0
0.0
0.0
0.0
0.0
0.0
0.0
0.0
0.0
0.0
0.0
55.0
177.0
258.0
297.0
291.0
240.0
149.0
28.0
0.0
0.0
0.0
0.0
0.0
0.0
0.0
0.0
0.0
0.0
0.0
0.0
0.0
0.0
0.0
0.0
61.0
183.0
264.0
304.0
298.0
247.0
155.0
33.0
0.0
0.0
0.0
0.0
0.0
0.0
0.0
0.0
0.0
0.0
0.0
0.0
0.0
0.0
0.0
0.0
67.0
189.0
271.0
310.0
305.0
254.0
162.0
37.0
0.0
0.0
0.0
0.0
0.0
0.0
0.0
0.0
0.0
0.0
0.0
0.0
0.0
0.0
0.0
0.0
77.0
196.0
278.0
317.0
312.0
261.0
169.0
43.0
0.0
0.0
0.0
0.0
0.0
0.0
0.0
0.0
0.0
0.0
0.0
0.0
0.0
0.0
0.0
0.0
83.0
202.0
285.0
324.0
319.0
268.0
176.0
48.0
0.0
0.0
0.0
0.0
0.0
0.0
0.0
0.0
0.0
0.0
0.0
0.0
0.0
0.0
0.0
1.0
90.0
209.0
292.0
331.0
326.0
275.0
184.0
54.0
0.0
0.0
0.0
0.0
0.0
0.0
0.0
0.0
0.0
0.0
0.0
0.0
0.0
0.0
0.0
2.0
97.0
216.0
299.0
339.0
333.0
283.0
191.0
61.0
0.0
0.0
0.0
0.0
0.0
0.0
0.0
0.0
0.0
0.0
0.0
0.0
0.0
0.0
0.0
3.0
103.0
223.0
306.0
346.0
340.0
290.0
198.0
68.0
0.0
0.0
0.0
0.0
0.0
0.0
0.0
0.0
0.0
0.0
0.0
0.0
0.0
0.0
0.0
5.0
110.0
230.0
313.0
353.0
348.0
297.0
205.0
78.0
0.0
0.0
0.0
0.0
0.0
0.0
0.0
0.0
0.0
0.0
0.0
0.0
0.0
0.0
0.0
7.0
117.0
237.0
320.0
361.0
355.0
305.0
213.0
85.0
0.0
0.0
0.0
0.0
0.0
0.0
0.0
0.0
0.0
0.0
0.0
0.0
0.0
0.0
0.0
9.0
125.0
245.0
328.0
368.0
363.0
313.0
220.0
93.0
1.0
0.0
0.0
0.0
0.0
0.0
0.0
0.0
0.0
0.0
0.0
0.0
0.0
0.0
0.0
11.0
132.0
252.0
335.0
376.0
371.0
320.0
228.0
100.0
2.0
0.0
0.0
0.0
0.0
0.0
0.0
0.0
0.0
0.0
0.0
0.0
0.0
0.0
0.0
14.0
139.0
260.0
343.0
383.0
378.0
328.0
235.0
108.0
3.0
0.0
0.0
0.0
0.0
0.0
0.0
0.0
0.0
0.0
0.0
0.0
0.0
0.0
0.0
17.0
147.0
267.0
351.0
391.0
386.0
336.0
243.0
115.0
5.0
0.0
0.0
0.0
0.0
0.0
0.0
0.0
0.0
0.0
0.0
0.0
0.0
0.0
0.0
21.0
154.0
275.0
359.0
399.0
394.0
343.0
251.0
123.0
7.0
0.0
0.0
0.0
0.0
0.0
0.0
0.0
0.0
0.0
0.0
0.0
0.0
0.0
0.0
25.0
162.0
283.0
366.0
407.0
402.0
351.0
258.0
130.0
9.0
0.0
0.0
0.0
0.0
0.0
0.0
0.0
0.0
0.0
0.0
0.0
0.0
0.0
0.0
30.0
170.0
291.0
374.0
415.0
410.0
359.0
266.0
138.0
12.0
0.0
0.0
0.0
0.0
0.0
0.0
0.0
0.0
0.0
0.0
0.0
0.0
0.0
0.0
35.0
178.0
299.0
382.0
423.0
418.0
367.0
274.0
145.0
15.0
0.0
0.0
0.0
0.0
0.0
0.0
0.0
0.0
0.0
0.0
0.0
0.0
0.0
0.0
40.0
186.0
307.0
390.0
431.0
426.0
375.0
282.0
153.0
18.0
0.0
0.0
0.0
0.0
0.0
0.0
0.0
0.0
0.0
0.0
0.0
0.0
0.0
0.0
46.0
194.0
315.0
398.0
439.0
434.0
383.0
290.0
161.0
22.0
0.0
0.0
0.0
0.0
0.0
0.0
0.0
0.0
0.0
0.0
0.0
0.0
0.0
0.0
52.0
202.0
323.0
407.0
447.0
442.0
391.0
297.0
169.0
26.0
0.0
0.0
0.0
0.0
0.0
0.0
0.0
0.0
0.0
0.0
0.0
0.0
0.0
0.0
59.0
210.0
331.0
415.0
455.0
450.0
399.0
305.0
176.0
31.0
0.0
0.0
0.0
0.0
0.0
0.0
0.0
0.0
0.0
0.0
0.0
0.0
0.0
0.0
66.0
218.0
339.0
423.0
464.0
458.0
407.0
313.0
184.0
36.0
0.0
0.0
0.0
0.0
0.0
0.0
0.0
0.0
0.0
0.0
0.0
0.0
0.0
0.0
73.0
226.0
348.0
431.0
472.0
466.0
415.0
321.0
192.0
41.0
0.0
0.0
0.0
0.0
0.0
0.0
0.0
0.0
0.0
0.0
0.0
0.0
0.0
0.0
84.0
235.0
356.0
440.0
480.0
474.0
423.0
329.0
200.0
46.0
0.0
0.0
0.0
0.0
0.0
0.0
0.0
0.0
0.0
0.0
0.0
0.0
0.0
0.0
92.0
243.0
365.0
448.0
488.0
483.0
431.0
337.0
207.0
52.0
0.0
0.0
0.0
0.0
0.0
0.0
0.0
0.0
0.0
0.0
0.0
0.0
0.0
1.0
101.0
252.0
373.0
457.0
497.0
491.0
439.0
345.0
215.0
58.0
0.0
0.0
0.0
0.0
0.0
0.0
0.0
0.0
0.0
0.0
0.0
0.0
0.0
2.0
109.0
260.0
381.0
465.0
505.0
499.0
447.0
353.0
223.0
65.0
0.0
0.0
0.0
0.0
0.0
0.0
0.0
0.0
0.0
0.0
0.0
0.0
0.0
3.0
118.0
269.0
390.0
474.0
513.0
507.0
455.0
361.0
231.0
72.0
0.0
0.0
0.0
0.0
0.0
0.0
0.0
0.0
0.0
0.0
0.0
0.0
0.0
5.0
127.0
277.0
399.0
482.0
522.0
515.0
463.0
369.0
238.0
79.0
0.0
0.0
0.0
0.0
0.0
0.0
0.0
0.0
0.0
0.0
0.0
0.0
0.0
8.0
135.0
286.0
407.0
490.0
530.0
524.0
471.0
377.0
246.0
89.0
0.0
0.0
0.0
0.0
0.0
0.0
0.0
0.0
0.0
0.0
0.0
0.0
0.0
10.0
144.0
295.0
416.0
499.0
539.0
532.0
479.0
385.0
254.0
96.0
0.0
0.0
0.0
0.0
0.0
0.0
0.0
0.0
0.0
0.0
0.0
0.0
0.0
14.0
153.0
303.0
424.0
508.0
547.0
540.0
487.0
392.0
262.0
104.0
1.0
0.0
0.0
0.0
0.0
0.0
0.0
0.0
0.0
0.0
0.0
0.0
0.0
17.0
162.0
312.0
433.0
516.0
555.0
548.0
495.0
400.0
269.0
112.0
2.0
0.0
0.0
0.0
0.0
0.0
0.0
0.0
0.0
0.0
0.0
0.0
0.0
22.0
170.0
321.0
442.0
525.0
564.0
557.0
504.0
408.0
277.0
119.0
3.0
0.0
0.0
0.0
0.0
0.0
0.0
0.0
0.0
0.0
0.0
0.0
0.0
26.0
179.0
330.0
451.0
533.0
572.0
565.0
512.0
416.0
285.0
127.0
5.0
0.0
0.0
0.0
0.0
0.0
0.0
0.0
0.0
0.0
0.0
0.0
0.0
31.0
188.0
339.0
459.0
542.0
580.0
573.0
520.0
424.0
293.0
135.0
7.0
0.0
0.0
0.0
0.0
0.0
0.0
0.0
0.0
0.0
0.0
0.0
0.0
37.0
197.0
347.0
468.0
550.0
589.0
581.0
527.0
432.0
300.0
142.0
9.0
0.0
0.0
0.0
0.0
0.0
0.0
0.0
0.0
0.0
0.0
0.0
0.0
43.0
206.0
356.0
477.0
559.0
597.0
589.0
535.0
440.0
308.0
150.0
12.0
0.0
0.0
0.0
0.0
0.0
0.0
0.0
0.0
0.0
0.0
0.0
0.0
49.0
215.0
365.0
485.0
567.0
605.0
597.0
543.0
447.0
316.0
157.0
14.0
0.0
0.0
0.0
0.0
0.0
0.0
0.0
0.0
0.0
0.0
0.0
0.0
57.0
224.0
374.0
494.0
576.0
614.0
605.0
551.0
455.0
323.0
165.0
18.0
0.0
0.0
0.0
0.0
0.0
0.0
0.0
0.0
0.0
0.0
0.0
0.0
64.0
233.0
383.0
503.0
584.0
622.0
613.0
559.0
463.0
331.0
172.0
21.0
0.0
0.0
0.0
0.0
0.0
0.0
0.0
0.0
0.0
0.0
0.0
0.0
72.0
242.0
392.0
511.0
593.0
630.0
621.0
567.0
470.0
338.0
180.0
25.0
0.0
0.0
0.0
0.0
0.0
0.0
0.0
0.0
0.0
0.0
0.0
0.0
80.0
251.0
400.0
520.0
601.0
638.0
629.0
575.0
478.0
346.0
187.0
29.0
0.0
0.0
0.0
0.0
0.0
0.0
0.0
0.0
0.0
0.0
0.0
0.0
90.0
260.0
409.0
528.0
609.0
647.0
637.0
582.0
486.0
353.0
195.0
33.0
0.0
0.0
0.0
0.0
0.0
0.0
0.0
0.0
0.0
0.0
0.0
0.0
100.0
269.0
418.0
537.0
618.0
655.0
645.0
590.0
493.0
361.0
202.0
38.0
0.0
0.0
0.0
0.0
0.0
0.0
0.0
0.0
0.0
0.0
0.0
1.0
109.0
278.0
427.0
546.0
626.0
663.0
653.0
598.0
501.0
368.0
209.0
43.0
0.0
0.0
0.0
0.0
0.0
0.0
0.0
0.0
0.0
0.0
0.0
2.0
118.0
287.0
436.0
554.0
634.0
671.0
661.0
605.0
508.0
375.0
217.0
48.0
0.0
0.0
0.0
0.0
0.0
0.0
0.0
0.0
0.0
0.0
0.0
4.0
127.0
296.0
444.0
563.0
643.0
679.0
669.0
613.0
515.0
383.0
224.0
54.0
0.0
0.0
0.0
0.0
0.0
0.0
0.0
0.0
0.0
0.0
0.0
6.0
136.0
305.0
453.0
571.0
651.0
687.0
676.0
620.0
523.0
390.0
231.0
60.0
0.0
0.0
0.0
0.0
0.0
0.0
0.0
0.0
0.0
0.0
0.0
9.0
145.0
313.0
462.0
579.0
659.0
695.0
684.0
628.0
530.0
397.0
239.0
66.0
0.0
0.0
0.0
0.0
0.0
0.0
0.0
0.0
0.0
0.0
0.0
12.0
154.0
322.0
470.0
588.0
667.0
702.0
692.0
635.0
537.0
404.0
246.0
72.0
0.0
0.0
0.0
0.0
0.0
0.0
0.0
0.0
0.0
0.0
0.0
16.0
163.0
331.0
479.0
596.0
675.0
710.0
699.0
643.0
545.0
412.0
253.0
79.0
0.0
0.0
0.0
0.0
0.0
0.0
0.0
0.0
0.0
0.0
0.0
20.0
172.0
340.0
487.0
604.0
683.0
718.0
707.0
650.0
552.0
419.0
260.0
86.0
0.0
0.0
0.0
0.0
0.0
0.0
0.0
0.0
0.0
0.0
0.0
25.0
181.0
349.0
496.0
613.0
691.0
726.0
714.0
657.0
559.0
426.0
267.0
93.0
0.0
0.0
0.0
0.0
0.0
0.0
0.0
0.0
0.0
0.0
0.0
30.0
190.0
357.0
504.0
621.0
699.0
733.0
721.0
664.0
566.0
433.0
274.0
101.0
0.0
0.0
0.0
0.0
0.0
0.0
0.0
0.0
0.0
0.0
0.0
35.0
199.0
366.0
513.0
629.0
707.0
741.0
729.0
671.0
573.0
440.0
281.0
108.0
1.0
0.0
0.0
0.0
0.0
0.0
0.0
0.0
0.0
0.0
0.0
41.0
208.0
375.0
521.0
637.0
714.0
748.0
736.0
678.0
580.0
447.0
288.0
115.0
2.0
0.0
0.0
0.0
0.0
0.0
0.0
0.0
0.0
0.0
0.0
47.0
216.0
383.0
529.0
645.0
722.0
755.0
743.0
685.0
587.0
454.0
295.0
122.0
3.0
0.0
0.0
0.0
0.0
0.0
0.0
0.0
0.0
0.0
0.0
54.0
225.0
392.0
537.0
653.0
730.0
763.0
750.0
692.0
594.0
460.0
302.0
129.0
5.0
0.0
0.0
0.0
0.0
0.0
0.0
0.0
0.0
0.0
0.0
61.0
234.0
400.0
546.0
661.0
737.0
770.0
757.0
699.0
600.0
467.0
309.0
136.0
7.0
0.0
0.0
0.0
0.0
0.0
0.0
0.0
0.0
0.0
0.0
69.0
243.0
408.0
554.0
668.0
745.0
777.0
764.0
706.0
607.0
474.0
315.0
143.0
9.0
0.0
0.0
0.0
0.0
0.0
0.0
0.0
0.0
0.0
0.0
77.0
251.0
417.0
562.0
676.0
752.0
784.0
771.0
713.0
614.0
480.0
322.0
150.0
11.0
0.0
0.0
0.0
0.0
0.0
0.0
0.0
0.0
0.0
0.0
85.0
260.0
425.0
570.0
684.0
759.0
791.0
778.0
719.0
620.0
487.0
329.0
156.0
14.0
0.0
0.0
0.0
0.0
0.0
0.0
0.0
0.0
0.0
0.0
94.0
268.0
433.0
577.0
691.0
766.0
798.0
784.0
726.0
627.0
494.0
335.0
163.0
17.0
0.0
0.0
0.0
0.0
0.0
0.0
0.0
0.0
0.0
1.0
102.0
276.0
441.0
585.0
699.0
774.0
805.0
791.0
732.0
633.0
500.0
342.0
170.0
20.0
0.0
0.0
0.0
0.0
0.0
0.0
0.0
0.0
0.0
2.0
111.0
285.0
449.0
593.0
706.0
781.0
812.0
798.0
739.0
640.0
506.0
349.0
177.0
23.0
0.0
0.0
0.0
0.0
0.0
0.0
0.0
0.0
0.0
3.0
119.0
293.0
457.0
600.0
713.0
788.0
819.0
804.0
745.0
646.0
513.0
355.0
183.0
27.0
0.0
0.0
0.0
0.0
0.0
0.0
0.0
0.0
0.0
5.0
128.0
301.0
465.0
608.0
720.0
794.0
825.0
811.0
752.0
652.0
519.0
361.0
190.0
31.0
0.0
0.0
0.0
0.0
0.0
0.0
0.0
0.0
0.0
7.0
136.0
309.0
473.0
615.0
727.0
801.0
832.0
817.0
758.0
658.0
525.0
368.0
197.0
35.0
0.0
0.0
0.0
0.0
0.0
0.0
0.0
0.0
0.0
10.0
144.0
317.0
480.0
623.0
734.0
808.0
838.0
823.0
764.0
664.0
531.0
374.0
203.0
40.0
0.0
0.0
0.0
0.0
0.0
0.0
0.0
0.0
0.0
13.0
152.0
325.0
488.0
630.0
741.0
815.0
845.0
829.0
770.0
670.0
538.0
380.0
210.0
45.0
0.0
0.0
0.0
0.0
0.0
0.0
0.0
0.0
0.0
17.0
161.0
333.0
496.0
637.0
748.0
821.0
851.0
835.0
776.0
676.0
544.0
387.0
216.0
50.0
0.0
0.0
0.0
0.0
0.0
0.0
0.0
0.0
0.0
21.0
169.0
341.0
503.0
644.0
755.0
828.0
857.0
841.0
782.0
682.0
550.0
393.0
223.0
55.0
0.0
0.0
0.0
0.0
0.0
0.0
0.0
0.0
0.0
25.0
177.0
348.0
510.0
651.0
762.0
834.0
863.0
847.0
788.0
688.0
556.0
399.0
229.0
60.0
0.0
0.0
0.0
0.0
0.0
0.0
0.0
0.0
0.0
30.0
184.0
356.0
517.0
658.0
768.0
840.0
869.0
853.0
793.0
694.0
561.0
405.0
235.0
66.0
0.0
0.0
0.0
0.0
0.0
0.0
0.0
0.0
0.0
34.0
192.0
363.0
525.0
665.0
775.0
846.0
875.0
859.0
799.0
700.0
567.0
411.0
241.0
72.0
0.0
0.0
0.0
0.0
0.0
0.0
0.0
0.0
0.0
40.0
200.0
371.0
532.0
671.0
781.0
852.0
881.0
865.0
805.0
705.0
573.0
417.0
248.0
78.0
0.0
0.0
0.0
0.0
0.0
0.0
0.0
0.0
0.0
45.0
207.0
378.0
539.0
678.0
787.0
858.0
887.0
870.0
810.0
711.0
579.0
423.0
254.0
83.0
0.0
0.0
0.0
0.0
0.0
0.0
0.0
0.0
0.0
51.0
215.0
385.0
545.0
685.0
793.0
864.0
892.0
876.0
816.0
716.0
584.0
429.0
260.0
90.0
0.0
0.0
0.0
0.0
0.0
0.0
0.0
0.0
0.0
58.0
222.0
392.0
552.0
691.0
799.0
870.0
898.0
881.0
821.0
722.0
590.0
434.0
266.0
96.0
1.0
0.0
0.0
0.0
0.0
0.0
0.0
0.0
0.0
64.0
229.0
399.0
559.0
697.0
805.0
875.0
903.0
886.0
826.0
727.0
595.0
440.0
272.0
102.0
1.0
0.0
0.0
0.0
0.0
0.0
0.0
0.0
0.0
71.0
237.0
406.0
565.0
703.0
811.0
881.0
909.0
892.0
832.0
732.0
601.0
446.0
278.0
108.0
2.0
0.0
0.0
0.0
0.0
0.0
0.0
0.0
0.0
78.0
244.0
413.0
571.0
709.0
817.0
886.0
914.0
897.0
837.0
738.0
606.0
451.0
284.0
115.0
4.0
0.0
0.0
0.0
0.0
0.0
0.0
0.0
0.0
83.0
251.0
419.0
578.0
715.0
822.0
892.0
919.0
902.0
842.0
743.0
611.0
457.0
289.0
121.0
5.0
0.0
0.0
0.0
0.0
0.0
0.0
0.0
0.0
90.0
257.0
426.0
584.0
721.0
828.0
897.0
924.0
907.0
847.0
748.0
617.0
462.0
295.0
127.0
7.0
0.0
0.0
0.0
0.0
0.0
0.0
0.0
1.0
97.0
264.0
432.0
590.0
727.0
833.0
902.0
929.0
912.0
852.0
753.0
622.0
468.0
301.0
133.0
9.0
0.0
0.0
0.0
0.0
0.0
0.0
0.0
2.0
104.0
271.0
438.0
596.0
732.0
838.0
907.0
934.0
917.0
856.0
758.0
627.0
473.0
306.0
139.0
11.0
0.0
0.0
0.0
0.0
0.0
0.0
0.0
4.0
111.0
277.0
444.0
602.0
738.0
844.0
912.0
939.0
921.0
861.0
762.0
632.0
478.0
312.0
145.0
14.0
0.0
0.0
0.0
0.0
0.0
0.0
0.0
5.0
118.0
284.0
450.0
607.0
743.0
849.0
917.0
943.0
926.0
866.0
767.0
637.0
483.0
317.0
151.0
17.0
0.0
0.0
0.0
0.0
0.0
0.0
0.0
7.0
124.0
290.0
456.0
613.0
748.0
854.0
922.0
948.0
930.0
870.0
772.0
641.0
488.0
323.0
156.0
20.0
0.0
0.0
0.0
0.0
0.0
0.0
0.0
9.0
131.0
296.0
462.0
618.0
753.0
859.0
926.0
952.0
935.0
875.0
776.0
646.0
493.0
328.0
162.0
23.0
0.0
0.0
0.0
0.0
0.0
0.0
0.0
12.0
137.0
302.0
468.0
624.0
758.0
863.0
931.0
957.0
939.0
879.0
781.0
651.0
498.0
333.0
168.0
26.0
0.0
0.0
0.0
0.0
0.0
0.0
0.0
15.0
143.0
308.0
473.0
629.0
763.0
868.0
935.0
961.0
943.0
883.0
785.0
656.0
503.0
339.0
173.0
30.0
0.0
0.0
0.0
0.0
0.0
0.0
0.0
18.0
149.0
313.0
479.0
634.0
768.0
872.0
940.0
965.0
948.0
888.0
790.0
660.0
508.0
344.0
179.0
34.0
0.0
0.0
0.0
0.0
0.0
0.0
0.0
21.0
155.0
319.0
484.0
639.0
773.0
877.0
944.0
969.0
952.0
892.0
794.0
665.0
513.0
349.0
184.0
38.0
0.0
0.0
0.0
0.0
0.0
0.0
0.0
24.0
161.0
324.0
489.0
644.0
777.0
881.0
948.0
973.0
956.0
896.0
798.0
669.0
518.0
354.0
189.0
42.0
0.0
0.0
0.0
0.0
0.0
0.0
0.0
28.0
166.0
330.0
494.0
648.0
782.0
885.0
952.0
977.0
959.0
900.0
802.0
673.0
522.0
359.0
195.0
46.0
0.0
0.0
0.0
0.0
0.0
0.0
0.0
32.0
172.0
335.0
499.0
653.0
786.0
889.0
956.0
981.0
963.0
904.0
806.0
678.0
527.0
364.0
200.0
50.0
0.0
0.0
0.0
0.0
0.0
0.0
0.0
35.0
177.0
340.0
504.0
657.0
790.0
893.0
960.0
985.0
967.0
907.0
810.0
682.0
531.0
368.0
205.0
55.0
0.0
0.0
0.0
0.0
0.0
0.0
0.0
39.0
183.0
345.0
508.0
662.0
794.0
897.0
963.0
988.0
971.0
911.0
814.0
686.0
535.0
373.0
210.0
60.0
0.0
0.0
0.0
0.0
0.0
0.0
0.0
44.0
188.0
350.0
513.0
666.0
798.0
901.0
967.0
992.0
974.0
915.0
818.0
690.0
540.0
378.0
215.0
65.0
0.0
0.0
0.0
0.0
0.0
0.0
0.0
48.0
193.0
354.0
517.0
670.0
802.0
904.0
970.0
995.0
977.0
918.0
821.0
694.0
544.0
382.0
220.0
70.0
0.0
0.0
0.0
0.0
0.0
0.0
0.0
52.0
198.0
359.0
521.0
674.0
806.0
908.0
974.0
999.0
981.0
922.0
825.0
698.0
548.0
387.0
224.0
72.0
0.0
0.0
0.0
0.0
0.0
0.0
0.0
56.0
202.0
363.0
526.0
678.0
809.0
911.0
977.0
1002.0
984.0
925.0
829.0
701.0
552.0
391.0
229.0
77.0
0.0
0.0
0.0
0.0
0.0
0.0
0.0
61.0
207.0
368.0
530.0
681.0
813.0
914.0
980.0
1005.0
987.0
928.0
832.0
705.0
556.0
395.0
234.0
82.0
0.0
0.0
0.0
0.0
0.0
0.0
0.0
65.0
211.0
372.0
533.0
685.0
816.0
918.0
983.0
1008.0
990.0
931.0
835.0
709.0
560.0
400.0
238.0
87.0
1.0
0.0
0.0
0.0
0.0
0.0
0.0
67.0
216.0
376.0
537.0
688.0
819.0
921.0
986.0
1011.0
993.0
935.0
839.0
712.0
564.0
404.0
242.0
91.0
2.0
0.0
0.0
0.0
0.0
0.0
0.0
72.0
220.0
380.0
541.0
692.0
822.0
924.0
989.0
1014.0
996.0
938.0
842.0
716.0
568.0
408.0
247.0
96.0
3.0
0.0
0.0
0.0
0.0
0.0
0.0
76.0
224.0
383.0
544.0
695.0
825.0
926.0
992.0
1016.0
999.0
941.0
845.0
719.0
571.0
412.0
251.0
100.0
4.0
0.0
0.0
0.0
0.0
0.0
1.0
80.0
227.0
387.0
547.0
698.0
828.0
929.0
994.0
1019.0
1002.0
943.0
848.0
722.0
575.0
415.0
255.0
105.0
6.0
0.0
0.0
0.0
0.0
0.0
1.0
84.0
231.0
390.0
551.0
701.0
831.0
932.0
997.0
1022.0
1004.0
946.0
851.0
726.0
578.0
419.0
259.0
109.0
7.0
0.0
0.0
0.0
0.0
0.0
2.0
88.0
235.0
394.0
554.0
704.0
833.0
934.0
999.0
1024.0
1007.0
949.0
854.0
729.0
582.0
423.0
263.0
113.0
9.0
0.0
0.0
0.0
0.0
0.0
3.0
91.0
238.0
397.0
556.0
706.0
836.0
937.0
1002.0
1026.0
1009.0
951.0
857.0
732.0
585.0
426.0
267.0
117.0
10.0
0.0
0.0
0.0
0.0
0.0
4.0
95.0
241.0
400.0
559.0
709.0
838.0
939.0
1004.0
1029.0
1012.0
954.0
860.0
735.0
588.0
430.0
270.0
121.0
12.0
0.0
0.0
0.0
0.0
0.0
5.0
98.0
245.0
403.0
562.0
711.0
841.0
941.0
1006.0
1031.0
1014.0
956.0
862.0
738.0
591.0
433.0
274.0
125.0
14.0
0.0
0.0
0.0
0.0
0.0
6.0
102.0
248.0
405.0
564.0
714.0
843.0
943.0
1008.0
1033.0
1016.0
959.0
865.0
740.0
594.0
437.0
278.0
128.0
16.0
0.0
0.0
0.0
0.0
0.0
7.0
105.0
250.0
408.0
567.0
716.0
845.0
945.0
1010.0
1035.0
1018.0
961.0
867.0
743.0
597.0
440.0
281.0
132.0
18.0
0.0
0.0
0.0
0.0
0.0
8.0
108.0
253.0
411.0
569.0
718.0
847.0
947.0
1012.0
1037.0
1020.0
963.0
870.0
746.0
600.0
443.0
284.0
136.0
20.0
0.0
0.0
0.0
0.0
0.0
9.0
110.0
256.0
413.0
571.0
720.0
849.0
949.0
1014.0
1039.0
1022.0
965.0
872.0
748.0
603.0
446.0
287.0
139.0
22.0
0.0
0.0
0.0
0.0
0.0
11.0
113.0
258.0
415.0
573.0
722.0
850.0
950.0
1015.0
1040.0
1024.0
967.0
874.0
751.0
606.0
449.0
291.0
142.0
24.0
0.0
0.0
0.0
0.0
0.0
12.0
116.0
260.0
417.0
575.0
723.0
852.0
952.0
1017.0
1042.0
1026.0
969.0
876.0
753.0
608.0
451.0
294.0
145.0
26.0
0.0
0.0
0.0
0.0
0.0
13.0
118.0
263.0
419.0
577.0
725.0
853.0
953.0
1018.0
1043.0
1027.0
971.0
878.0
755.0
611.0
454.0
296.0
148.0
28.0
0.0
0.0
0.0
0.0
0.0
14.0
120.0
265.0
421.0
578.0
726.0
855.0
955.0
1020.0
1045.0
1029.0
973.0
880.0
757.0
613.0
457.0
299.0
151.0
31.0
0.0
0.0
0.0
0.0
0.0
15.0
122.0
266.0
422.0
580.0
728.0
856.0
956.0
1021.0
1046.0
1030.0
974.0
882.0
759.0
615.0
459.0
302.0
154.0
33.0
0.0
0.0
0.0
0.0
0.0
16.0
124.0
268.0
424.0
581.0
729.0
857.0
957.0
1022.0
1048.0
1032.0
976.0
884.0
761.0
617.0
461.0
304.0
157.0
35.0
0.0
0.0
0.0
0.0
0.0
18.0
126.0
270.0
425.0
582.0
730.0
858.0
958.0
1023.0
1049.0
1033.0
977.0
885.0
763.0
619.0
464.0
307.0
159.0
37.0
0.0
0.0
0.0
0.0
0.0
19.0
127.0
271.0
427.0
583.0
731.0
859.0
959.0
1024.0
1050.0
1034.0
979.0
887.0
765.0
621.0
466.0
309.0
161.0
39.0
0.0
0.0
0.0
0.0
0.0
20.0
129.0
272.0
428.0
584.0
732.0
860.0
960.0
1025.0
1051.0
1035.0
980.0
888.0
767.0
623.0
468.0
311.0
164.0
41.0
0.0
0.0
0.0
0.0
0.0
20.0
130.0
273.0
429.0
585.0
733.0
861.0
961.0
1026.0
1052.0
1036.0
981.0
890.0
768.0
625.0
470.0
313.0
166.0
42.0
0.0
0.0
0.0
0.0
0.0
21.0
131.0
274.0
430.0
586.0
733.0
861.0
961.0
1027.0
1052.0
1037.0
982.0
891.0
770.0
627.0
472.0
315.0
168.0
44.0
0.0
0.0
0.0
0.0
0.0
22.0
132.0
275.0
430.0
587.0
734.0
862.0
962.0
1027.0
1053.0
1038.0
983.0
892.0
771.0
628.0
473.0
317.0
170.0
46.0
0.0
0.0
0.0
0.0
0.0
23.0
133.0
276.0
431.0
587.0
734.0
862.0
962.0
1028.0
1054.0
1039.0
984.0
893.0
772.0
630.0
475.0
319.0
171.0
47.0
0.0
0.0
0.0
0.0
0.0
23.0
134.0
277.0
431.0
587.0
735.0
863.0
963.0
1028.0
1054.0
1040.0
985.0
894.0
774.0
631.0
476.0
320.0
173.0
49.0
0.0
0.0
0.0
0.0
0.0
24.0
135.0
277.0
432.0
588.0
735.0
863.0
963.0
1028.0
1055.0
1040.0
986.0
895.0
775.0
632.0
478.0
322.0
175.0
50.0
0.0
0.0
0.0
0.0
0.0
24.0
135.0
277.0
432.0
588.0
735.0
863.0
963.0
1029.0
1055.0
1041.0
987.0
896.0
776.0
633.0
479.0
323.0
176.0
52.0
0.0
0.0
0.0
0.0
0.0
24.0
135.0
277.0
432.0
588.0
735.0
863.0
963.0
1029.0
1056.0
1041.0
987.0
897.0
777.0
634.0
480.0
324.0
177.0
53.0
0.0
0.0
0.0
0.0
0.0
24.0
135.0
277.0
432.0
588.0
735.0
863.0
963.0
1029.0
1056.0
1042.0
988.0
898.0
777.0
635.0
481.0
325.0
178.0
54.0
0.0
0.0
0.0
0.0
0.0
25.0
135.0
277.0
432.0
587.0
734.0
863.0
963.0
1029.0
1056.0
1042.0
988.0
898.0
778.0
636.0
482.0
326.0
179.0
55.0
0.0
0.0
0.0
0.0
0.0
24.0
135.0
277.0
431.0
587.0
734.0
862.0
963.0
1029.0
1056.0
1042.0
988.0
899.0
779.0
637.0
483.0
327.0
180.0
55.0
0.0
0.0
0.0
0.0
0.0
24.0
135.0
277.0
431.0
587.0
734.0
862.0
962.0
1029.0
1056.0
1042.0
989.0
899.0
779.0
637.0
483.0
328.0
181.0
56.0
0.0
0.0
0.0
0.0
0.0
24.0
134.0
276.0
430.0
586.0
733.0
861.0
962.0
1028.0
1056.0
1042.0
989.0
899.0
780.0
638.0
484.0
328.0
181.0
56.0
0.0
0.0
0.0
0.0
0.0
24.0
134.0
276.0
429.0
585.0
732.0
861.0
962.0
1028.0
1055.0
1042.0
989.0
900.0
780.0
638.0
484.0
328.0
181.0
57.0
0.0
0.0
0.0
0.0
0.0
23.0
133.0
275.0
429.0
585.0
732.0
860.0
961.0
1027.0
1055.0
1042.0
989.0
900.0
780.0
639.0
485.0
329.0
182.0
57.0
0.0
0.0
0.0
0.0
0.0
23.0
132.0
274.0
428.0
584.0
731.0
859.0
960.0
1027.0
1055.0
1042.0
989.0
900.0
780.0
639.0
485.0
329.0
182.0
57.0
0.0
0.0
0.0
0.0
0.0
22.0
131.0
273.0
427.0
583.0
730.0
858.0
959.0
1026.0
1054.0
1041.0
989.0
899.0
780.0
639.0
485.0
329.0
182.0
57.0
0.0
0.0
0.0
0.0
0.0
22.0
130.0
272.0
425.0
581.0
729.0
857.0
959.0
1026.0
1054.0
1041.0
988.0
899.0
780.0
639.0
485.0
329.0
181.0
56.0
0.0
0.0
0.0
0.0
0.0
21.0
129.0
270.0
424.0
580.0
728.0
856.0
958.0
1025.0
1053.0
1040.0
988.0
899.0
780.0
638.0
484.0
329.0
181.0
56.0
0.0
0.0
0.0
0.0
0.0
20.0
127.0
269.0
423.0
579.0
726.0
855.0
957.0
1024.0
1052.0
1040.0
987.0
899.0
779.0
638.0
484.0
328.0
181.0
55.0
0.0
0.0
0.0
0.0
0.0
19.0
126.0
267.0
421.0
577.0
725.0
854.0
956.0
1023.0
1051.0
1039.0
987.0
898.0
779.0
638.0
484.0
328.0
180.0
54.0
0.0
0.0
0.0
0.0
0.0
18.0
124.0
266.0
420.0
576.0
723.0
853.0
954.0
1022.0
1051.0
1038.0
986.0
897.0
778.0
637.0
483.0
327.0
179.0
54.0
0.0
0.0
0.0
0.0
0.0
17.0
122.0
264.0
418.0
574.0
722.0
851.0
953.0
1021.0
1050.0
1037.0
985.0
897.0
778.0
636.0
482.0
326.0
178.0
53.0
0.0
0.0
0.0
0.0
0.0
16.0
120.0
262.0
416.0
572.0
720.0
850.0
952.0
1020.0
1048.0
1036.0
984.0
896.0
777.0
636.0
482.0
325.0
177.0
51.0
0.0
0.0
0.0
0.0
0.0
15.0
118.0
260.0
414.0
570.0
718.0
848.0
950.0
1018.0
1047.0
1035.0
984.0
895.0
776.0
635.0
481.0
324.0
176.0
50.0
0.0
0.0
0.0
0.0
0.0
14.0
116.0
258.0
412.0
568.0
717.0
846.0
949.0
1017.0
1046.0
1034.0
982.0
894.0
775.0
634.0
479.0
323.0
175.0
49.0
0.0
0.0
0.0
0.0
0.0
12.0
114.0
255.0
410.0
566.0
715.0
844.0
947.0
1015.0
1045.0
1033.0
981.0
893.0
774.0
632.0
478.0
322.0
173.0
47.0
0.0
0.0
0.0
0.0
0.0
11.0
111.0
253.0
407.0
564.0
713.0
843.0
945.0
1014.0
1043.0
1032.0
980.0
892.0
773.0
631.0
477.0
320.0
172.0
46.0
0.0
0.0
0.0
0.0
0.0
10.0
109.0
250.0
405.0
562.0
710.0
841.0
944.0
1012.0
1042.0
1030.0
979.0
890.0
771.0
630.0
475.0
318.0
170.0
44.0
0.0
0.0
0.0
0.0
0.0
9.0
106.0
248.0
402.0
559.0
708.0
839.0
942.0
1010.0
1040.0
1029.0
977.0
889.0
770.0
628.0
474.0
317.0
168.0
42.0
0.0
0.0
0.0
0.0
0.0
8.0
103.0
245.0
400.0
557.0
706.0
836.0
940.0
1009.0
1038.0
1027.0
976.0
887.0
768.0
627.0
472.0
315.0
166.0
40.0
0.0
0.0
0.0
0.0
0.0
7.0
100.0
242.0
397.0
554.0
704.0
834.0
938.0
1007.0
1037.0
1026.0
974.0
886.0
767.0
625.0
470.0
313.0
164.0
38.0
0.0
0.0
0.0
0.0
0.0
6.0
97.0
239.0
394.0
552.0
701.0
832.0
936.0
1005.0
1035.0
1024.0
972.0
884.0
765.0
623.0
468.0
310.0
161.0
36.0
0.0
0.0
0.0
0.0
0.0
5.0
94.0
236.0
391.0
549.0
698.0
830.0
933.0
1003.0
1033.0
1022.0
971.0
882.0
763.0
621.0
466.0
308.0
159.0
34.0
0.0
0.0
0.0
0.0
0.0
4.0
91.0
233.0
388.0
546.0
696.0
827.0
931.0
1001.0
1031.0
1020.0
969.0
880.0
761.0
619.0
464.0
306.0
156.0
32.0
0.0
0.0
0.0
0.0
0.0
3.0
87.0
230.0
385.0
543.0
693.0
825.0
929.0
998.0
1029.0
1018.0
967.0
878.0
759.0
617.0
461.0
303.0
153.0
30.0
0.0
0.0
0.0
0.0
0.0
2.0
84.0
226.0
382.0
540.0
690.0
822.0
926.0
996.0
1027.0
1016.0
965.0
876.0
757.0
614.0
459.0
300.0
150.0
28.0
0.0
0.0
0.0
0.0
0.0
1.0
80.0
223.0
379.0
537.0
687.0
819.0
924.0
994.0
1024.0
1014.0
962.0
874.0
754.0
612.0
456.0
297.0
147.0
26.0
0.0
0.0
0.0
0.0
0.0
0.0
76.0
219.0
375.0
534.0
684.0
816.0
921.0
991.0
1022.0
1011.0
960.0
872.0
752.0
609.0
453.0
294.0
144.0
24.0
0.0
0.0
0.0
0.0
0.0
0.0
73.0
215.0
372.0
531.0
681.0
814.0
918.0
989.0
1020.0
1009.0
958.0
869.0
749.0
606.0
450.0
291.0
141.0
21.0
0.0
0.0
0.0
0.0
0.0
0.0
69.0
212.0
368.0
527.0
678.0
811.0
916.0
986.0
1017.0
1006.0
955.0
866.0
747.0
603.0
447.0
288.0
137.0
19.0
0.0
0.0
0.0
0.0
0.0
0.0
65.0
208.0
364.0
524.0
675.0
808.0
913.0
983.0
1014.0
1004.0
953.0
864.0
744.0
600.0
444.0
285.0
133.0
17.0
0.0
0.0
0.0
0.0
0.0
0.0
63.0
204.0
361.0
520.0
672.0
804.0
910.0
981.0
1012.0
1001.0
950.0
861.0
741.0
597.0
441.0
281.0
130.0
15.0
0.0
0.0
0.0
0.0
0.0
0.0
59.0
200.0
357.0
517.0
668.0
801.0
907.0
978.0
1009.0
998.0
947.0
858.0
738.0
594.0
437.0
277.0
126.0
13.0
0.0
0.0
0.0
0.0
0.0
0.0
55.0
196.0
353.0
513.0
665.0
798.0
904.0
975.0
1006.0
996.0
944.0
855.0
735.0
591.0
433.0
273.0
122.0
11.0
0.0
0.0
0.0
0.0
0.0
0.0
51.0
191.0
349.0
509.0
661.0
795.0
901.0
972.0
1003.0
993.0
941.0
852.0
731.0
587.0
430.0
269.0
117.0
9.0
0.0
0.0
0.0
0.0
0.0
0.0
47.0
187.0
345.0
505.0
658.0
791.0
897.0
969.0
1000.0
990.0
938.0
849.0
728.0
584.0
426.0
265.0
113.0
8.0
0.0
0.0
0.0
0.0
0.0
0.0
44.0
183.0
340.0
501.0
654.0
788.0
894.0
965.0
997.0
986.0
935.0
845.0
724.0
580.0
422.0
261.0
109.0
6.0
0.0
0.0
0.0
0.0
0.0
0.0
40.0
178.0
336.0
497.0
650.0
784.0
891.0
962.0
994.0
983.0
931.0
842.0
721.0
576.0
418.0
257.0
104.0
5.0
0.0
0.0
0.0
0.0
0.0
0.0
36.0
173.0
332.0
493.0
646.0
781.0
887.0
959.0
990.0
980.0
928.0
838.0
717.0
572.0
413.0
252.0
99.0
3.0
0.0
0.0
0.0
0.0
0.0
0.0
33.0
169.0
327.0
489.0
642.0
777.0
884.0
955.0
987.0
976.0
925.0
835.0
713.0
568.0
409.0
248.0
94.0
2.0
0.0
0.0
0.0
0.0
0.0
0.0
29.0
164.0
323.0
485.0
638.0
773.0
880.0
952.0
984.0
973.0
921.0
831.0
709.0
564.0
405.0
243.0
89.0
1.0
0.0
0.0
0.0
0.0
0.0
0.0
26.0
159.0
318.0
480.0
634.0
769.0
876.0
948.0
980.0
969.0
917.0
827.0
705.0
559.0
400.0
238.0
84.0
1.0
0.0
0.0
0.0
0.0
0.0
0.0
23.0
154.0
314.0
476.0
630.0
765.0
873.0
945.0
976.0
966.0
913.0
823.0
701.0
555.0
395.0
233.0
79.0
0.0
0.0
0.0
0.0
0.0
0.0
0.0
20.0
149.0
309.0
472.0
626.0
761.0
869.0
941.0
973.0
962.0
909.0
819.0
696.0
550.0
390.0
228.0
73.0
0.0
0.0
0.0
0.0
0.0
0.0
0.0
17.0
144.0
304.0
467.0
622.0
757.0
865.0
937.0
969.0
958.0
905.0
815.0
692.0
545.0
385.0
222.0
70.0
0.0
0.0
0.0
0.0
0.0
0.0
0.0
15.0
139.0
299.0
463.0
617.0
753.0
861.0
933.0
965.0
954.0
901.0
810.0
687.0
540.0
380.0
217.0
65.0
0.0
0.0
0.0
0.0
0.0
0.0
0.0
12.0
134.0
294.0
458.0
613.0
749.0
857.0
929.0
961.0
950.0
897.0
806.0
682.0
535.0
375.0
211.0
59.0
0.0
0.0
0.0
0.0
0.0
0.0
0.0
10.0
128.0
289.0
453.0
609.0
745.0
853.0
925.0
957.0
946.0
893.0
801.0
678.0
530.0
369.0
206.0
54.0
0.0
0.0
0.0
0.0
0.0
0.0
0.0
8.0
123.0
284.0
448.0
604.0
740.0
849.0
921.0
953.0
941.0
888.0
797.0
673.0
525.0
364.0
200.0
49.0
0.0
0.0
0.0
0.0
0.0
0.0
0.0
6.0
118.0
279.0
444.0
599.0
736.0
844.0
917.0
948.0
937.0
884.0
792.0
668.0
520.0
358.0
194.0
44.0
0.0
0.0
0.0
0.0
0.0
0.0
0.0
5.0
112.0
274.0
439.0
595.0
732.0
840.0
912.0
944.0
933.0
879.0
787.0
662.0
514.0
352.0
188.0
39.0
0.0
0.0
0.0
0.0
0.0
0.0
0.0
3.0
107.0
269.0
434.0
590.0
727.0
836.0
908.0
940.0
928.0
874.0
782.0
657.0
509.0
346.0
182.0
35.0
0.0
0.0
0.0
0.0
0.0
0.0
0.0
2.0
101.0
264.0
429.0
585.0
723.0
831.0
904.0
935.0
923.0
869.0
777.0
652.0
503.0
340.0
175.0
31.0
0.0
0.0
0.0
0.0
0.0
0.0
0.0
1.0
95.0
258.0
424.0
580.0
718.0
827.0
899.0
930.0
919.0
865.0
772.0
646.0
497.0
334.0
169.0
27.0
0.0
0.0
0.0
0.0
0.0
0.0
0.0
0.0
90.0
253.0
419.0
576.0
713.0
822.0
894.0
926.0
914.0
859.0
766.0
641.0
491.0
328.0
162.0
23.0
0.0
0.0
0.0
0.0
0.0
0.0
0.0
0.0
84.0
247.0
413.0
571.0
708.0
817.0
890.0
921.0
909.0
854.0
761.0
635.0
485.0
322.0
156.0
19.0
0.0
0.0
0.0
0.0
0.0
0.0
0.0
0.0
78.0
242.0
408.0
566.0
703.0
812.0
885.0
916.0
904.0
849.0
755.0
629.0
479.0
315.0
149.0
16.0
0.0
0.0
0.0
0.0
0.0
0.0
0.0
0.0
74.0
236.0
403.0
561.0
699.0
808.0
880.0
911.0
899.0
844.0
750.0
623.0
473.0
309.0
142.0
13.0
0.0
0.0
0.0
0.0
0.0
0.0
0.0
0.0
68.0
231.0
398.0
555.0
694.0
803.0
875.0
906.0
894.0
838.0
744.0
617.0
466.0
302.0
135.0
10.0
0.0
0.0
0.0
0.0
0.0
0.0
0.0
0.0
63.0
225.0
392.0
550.0
689.0
798.0
870.0
901.0
888.0
833.0
738.0
611.0
460.0
295.0
128.0
7.0
0.0
0.0
0.0
0.0
0.0
0.0
0.0
0.0
58.0
219.0
387.0
545.0
683.0
793.0
865.0
896.0
883.0
827.0
732.0
605.0
453.0
288.0
121.0
5.0
0.0
0.0
0.0
0.0
0.0
0.0
0.0
0.0
53.0
214.0
381.0
540.0
678.0
788.0
860.0
891.0
877.0
821.0
726.0
598.0
446.0
281.0
113.0
4.0
0.0
0.0
0.0
0.0
0.0
0.0
0.0
0.0
48.0
208.0
376.0
534.0
673.0
782.0
855.0
885.0
872.0
816.0
720.0
592.0
440.0
274.0
106.0
2.0
0.0
0.0
0.0
0.0
0.0
0.0
0.0
0.0
43.0
202.0
370.0
529.0
668.0
777.0
849.0
880.0
866.0
810.0
714.0
585.0
433.0
267.0
99.0
1.0
0.0
0.0
0.0
0.0
0.0
0.0
0.0
0.0
39.0
196.0
364.0
523.0
662.0
772.0
844.0
874.0
861.0
804.0
707.0
579.0
426.0
259.0
91.0
0.0
0.0
0.0
0.0
0.0
0.0
0.0
0.0
0.0
35.0
190.0
359.0
518.0
657.0
766.0
839.0
869.0
855.0
797.0
701.0
572.0
419.0
252.0
83.0
0.0
0.0
0.0
0.0
0.0
0.0
0.0
0.0
0.0
31.0
184.0
353.0
512.0
652.0
761.0
833.0
863.0
849.0
791.0
694.0
565.0
411.0
245.0
77.0
0.0
0.0
0.0
0.0
0.0
0.0
0.0
0.0
0.0
27.0
178.0
347.0
507.0
646.0
755.0
827.0
857.0
843.0
785.0
688.0
558.0
404.0
237.0
70.0
0.0
0.0
0.0
0.0
0.0
0.0
0.0
0.0
0.0
23.0
172.0
341.0
501.0
640.0
750.0
822.0
851.0
837.0
779.0
681.0
551.0
397.0
229.0
62.0
0.0
0.0
0.0
0.0
0.0
0.0
0.0
0.0
0.0
20.0
166.0
335.0
495.0
635.0
744.0
816.0
845.0
830.0
772.0
674.0
544.0
389.0
221.0
56.0
0.0
0.0
0.0
0.0
0.0
0.0
0.0
0.0
0.0
17.0
159.0
329.0
490.0
629.0
738.0
810.0
839.0
824.0
766.0
667.0
536.0
382.0
214.0
49.0
0.0
0.0
0.0
0.0
0.0
0.0
0.0
0.0
0.0
14.0
153.0
323.0
484.0
623.0
733.0
804.0
833.0
818.0
759.0
660.0
529.0
374.0
206.0
43.0
0.0
0.0
0.0
0.0
0.0
0.0
0.0
0.0
0.0
12.0
147.0
317.0
478.0
618.0
727.0
798.0
827.0
811.0
752.0
653.0
522.0
366.0
198.0
38.0
0.0
0.0
0.0
0.0
0.0
0.0
0.0
0.0
0.0
9.0
141.0
311.0
472.0
612.0
721.0
792.0
821.0
805.0
745.0
646.0
514.0
358.0
189.0
32.0
0.0
0.0
0.0
0.0
0.0
0.0
0.0
0.0
0.0
7.0
134.0
305.0
466.0
606.0
715.0
786.0
815.0
798.0
738.0
639.0
507.0
350.0
181.0
27.0
0.0
0.0
0.0
0.0
0.0
0.0
0.0
0.0
0.0
5.0
128.0
299.0
460.0
600.0
709.0
780.0
808.0
792.0
731.0
632.0
499.0
343.0
173.0
23.0
0.0
0.0
0.0
0.0
0.0
0.0
0.0
0.0
0.0
4.0
122.0
293.0
454.0
594.0
703.0
774.0
802.0
785.0
724.0
624.0
491.0
334.0
165.0
18.0
0.0
0.0
0.0
0.0
0.0
0.0
0.0
0.0
0.0
3.0
115.0
287.0
448.0
588.0
697.0
767.0
795.0
778.0
717.0
617.0
483.0
326.0
156.0
15.0
0.0
0.0
0.0
0.0
0.0
0.0
0.0
0.0
0.0
2.0
109.0
280.0
442.0
581.0
690.0
761.0
789.0
771.0
710.0
609.0
475.0
318.0
148.0
11.0
0.0
0.0
0.0
0.0
0.0
0.0
0.0
0.0
0.0
1.0
102.0
274.0
435.0
575.0
684.0
755.0
782.0
764.0
703.0
601.0
467.0
310.0
139.0
8.0
0.0
0.0
0.0
0.0
0.0
0.0
0.0
0.0
0.0
0.0
96.0
268.0
429.0
569.0
678.0
748.0
775.0
757.0
695.0
594.0
459.0
301.0
131.0
6.0
0.0
0.0
0.0
0.0
0.0
0.0
0.0
0.0
0.0
0.0
89.0
261.0
423.0
563.0
671.0
742.0
768.0
750.0
688.0
586.0
451.0
293.0
122.0
4.0
0.0
0.0
0.0
0.0
0.0
0.0
0.0
0.0
0.0
0.0
83.0
255.0
416.0
556.0
665.0
735.0
762.0
743.0
680.0
578.0
443.0
285.0
113.0
2.0
0.0
0.0
0.0
0.0
0.0
0.0
0.0
0.0
0.0
0.0
76.0
248.0
410.0
550.0
658.0
728.0
755.0
736.0
673.0
570.0
435.0
276.0
105.0
1.0
0.0
0.0
0.0
0.0
0.0
0.0
0.0
0.0
0.0
0.0
70.0
242.0
404.0
543.0
652.0
721.0
748.0
728.0
665.0
562.0
427.0
268.0
96.0
0.0
0.0
0.0
0.0
0.0
0.0
0.0
0.0
0.0
0.0
0.0
64.0
235.0
397.0
537.0
645.0
715.0
741.0
721.0
657.0
554.0
418.0
259.0
87.0
0.0
0.0
0.0
0.0
0.0
0.0
0.0
0.0
0.0
0.0
0.0
59.0
229.0
391.0
530.0
639.0
708.0
733.0
714.0
650.0
546.0
410.0
250.0
78.0
0.0
0.0
0.0
0.0
0.0
0.0
0.0
0.0
0.0
0.0
0.0
53.0
222.0
384.0
524.0
632.0
701.0
726.0
706.0
642.0
538.0
401.0
242.0
70.0
0.0
0.0
0.0
0.0
0.0
0.0
0.0
0.0
0.0
0.0
0.0
48.0
215.0
377.0
517.0
625.0
694.0
719.0
698.0
634.0
530.0
393.0
233.0
62.0
0.0
0.0
0.0
0.0
0.0
0.0
0.0
0.0
0.0
0.0
0.0
43.0
209.0
371.0
510.0
618.0
687.0
712.0
691.0
626.0
521.0
384.0
224.0
55.0
0.0
0.0
0.0
0.0
0.0
0.0
0.0
0.0
0.0
0.0
0.0
39.0
202.0
364.0
504.0
611.0
680.0
704.0
683.0
618.0
513.0
376.0
215.0
48.0
0.0
0.0
0.0
0.0
0.0
0.0
0.0
0.0
0.0
0.0
0.0
34.0
195.0
357.0
497.0
604.0
672.0
697.0
675.0
610.0
505.0
367.0
206.0
42.0
0.0
0.0
0.0
0.0
0.0
0.0
0.0
0.0
0.0
0.0
0.0
30.0
188.0
350.0
490.0
597.0
665.0
689.0
668.0
602.0
496.0
358.0
197.0
36.0
0.0
0.0
0.0
0.0
0.0
0.0
0.0
0.0
0.0
0.0
0.0
26.0
182.0
344.0
483.0
590.0
658.0
682.0
660.0
594.0
488.0
350.0
189.0
30.0
0.0
0.0
0.0
0.0
0.0
0.0
0.0
0.0
0.0
0.0
0.0
22.0
175.0
337.0
476.0
583.0
651.0
674.0
652.0
586.0
480.0
341.0
180.0
25.0
0.0
0.0
0.0
0.0
0.0
0.0
0.0
0.0
0.0
0.0
0.0
19.0
168.0
330.0
469.0
576.0
643.0
667.0
644.0
577.0
471.0
332.0
171.0
20.0
0.0
0.0
0.0
0.0
0.0
0.0
0.0
0.0
0.0
0.0
0.0
16.0
161.0
323.0
462.0
569.0
636.0
659.0
636.0
569.0
463.0
324.0
162.0
16.0
0.0
0.0
0.0
0.0
0.0
0.0
0.0
0.0
0.0
0.0
0.0
13.0
154.0
316.0
455.0
562.0
628.0
651.0
628.0
561.0
454.0
315.0
153.0
13.0
0.0
0.0
0.0
0.0
0.0
0.0
0.0
0.0
0.0
0.0
0.0
11.0
147.0
309.0
448.0
554.0
621.0
643.0
620.0
553.0
445.0
306.0
144.0
9.0
0.0
0.0
0.0
0.0
0.0
0.0
0.0
0.0
0.0
0.0
0.0
8.0
140.0
302.0
441.0
547.0
613.0
636.0
612.0
544.0
437.0
297.0
135.0
7.0
0.0
0.0
0.0
0.0
0.0
0.0
0.0
0.0
0.0
0.0
0.0
6.0
133.0
295.0
434.0
540.0
606.0
628.0
604.0
536.0
428.0
288.0
126.0
4.0
0.0
0.0
0.0
0.0
0.0
0.0
0.0
0.0
0.0
0.0
0.0
5.0
126.0
288.0
426.0
532.0
598.0
620.0
596.0
527.0
420.0
280.0
117.0
3.0
0.0
0.0
0.0
0.0
0.0
0.0
0.0
0.0
0.0
0.0
0.0
3.0
119.0
281.0
419.0
525.0
591.0
612.0
588.0
519.0
411.0
271.0
108.0
1.0
0.0
0.0
0.0
0.0
0.0
0.0
0.0
0.0
0.0
0.0
0.0
2.0
112.0
274.0
412.0
517.0
583.0
604.0
579.0
511.0
402.0
262.0
99.0
0.0
0.0
0.0
0.0
0.0
0.0
0.0
0.0
0.0
0.0
0.0
0.0
1.0
105.0
266.0
405.0
510.0
575.0
596.0
571.0
502.0
394.0
253.0
90.0
0.0
0.0
0.0
0.0
0.0
0.0
0.0
0.0
0.0
0.0
0.0
0.0
0.0
98.0
259.0
397.0
502.0
568.0
588.0
563.0
494.0
385.0
244.0
80.0
0.0
0.0
0.0
0.0
0.0
0.0
0.0
0.0
0.0
0.0
0.0
0.0
0.0
91.0
252.0
390.0
495.0
560.0
580.0
555.0
485.0
376.0
235.0
71.0
0.0
0.0
0.0
0.0
0.0
0.0
0.0
0.0
0.0
0.0
0.0
0.0
0.0
82.0
245.0
382.0
487.0
552.0
572.0
547.0
477.0
368.0
227.0
63.0
0.0
0.0
0.0
0.0
0.0
0.0
0.0
0.0
0.0
0.0
0.0
0.0
0.0
75.0
237.0
375.0
480.0
544.0
564.0
538.0
468.0
359.0
218.0
56.0
0.0
0.0
0.0
0.0
0.0
0.0
0.0
0.0
0.0
0.0
0.0
0.0
0.0
68.0
230.0
368.0
472.0
536.0
556.0
530.0
460.0
350.0
209.0
49.0
0.0
0.0
0.0
0.0
0.0
0.0
0.0
0.0
0.0
0.0
0.0
0.0
0.0
62.0
223.0
360.0
464.0
529.0
548.0
522.0
451.0
342.0
200.0
43.0
0.0
0.0
0.0
0.0
0.0
0.0
0.0
0.0
0.0
0.0
0.0
0.0
0.0
56.0
216.0
353.0
457.0
521.0
540.0
514.0
443.0
333.0
192.0
37.0
0.0
0.0
0.0
0.0
0.0
0.0
0.0
0.0
0.0
0.0
0.0
0.0
0.0
50.0
208.0
345.0
449.0
513.0
532.0
505.0
435.0
325.0
183.0
31.0
0.0
0.0
0.0
0.0
0.0
0.0
0.0
0.0
0.0
0.0
0.0
0.0
0.0
45.0
201.0
338.0
441.0
505.0
524.0
497.0
426.0
316.0
174.0
26.0
0.0
0.0
0.0
0.0
0.0
0.0
0.0
0.0
0.0
0.0
0.0
0.0
0.0
40.0
194.0
330.0
434.0
497.0
516.0
489.0
418.0
308.0
166.0
22.0
0.0
0.0
0.0
0.0
0.0
0.0
0.0
0.0
0.0
0.0
0.0
0.0
0.0
35.0
186.0
323.0
426.0
489.0
508.0
481.0
409.0
299.0
157.0
18.0
0.0
0.0
0.0
0.0
0.0
0.0
0.0
0.0
0.0
0.0
0.0
0.0
0.0
30.0
179.0
315.0
418.0
481.0
500.0
472.0
401.0
291.0
149.0
14.0
0.0
0.0
0.0
0.0
0.0
0.0
0.0
0.0
0.0
0.0
0.0
0.0
0.0
26.0
171.0
308.0
411.0
473.0
492.0
464.0
393.0
282.0
141.0
11.0
0.0
0.0
0.0
0.0
0.0
0.0
0.0
0.0
0.0
0.0
0.0
0.0
0.0
22.0
164.0
300.0
403.0
466.0
484.0
456.0
385.0
274.0
132.0
8.0
0.0
0.0
0.0
0.0
0.0
0.0
0.0
0.0
0.0
0.0
0.0
0.0
0.0
19.0
157.0
293.0
395.0
458.0
476.0
448.0
376.0
266.0
124.0
6.0
0.0
0.0
0.0
0.0
0.0
0.0
0.0
0.0
0.0
0.0
0.0
0.0
0.0
15.0
149.0
285.0
388.0
450.0
468.0
440.0
368.0
258.0
116.0
4.0
0.0
0.0
0.0
0.0
0.0
0.0
0.0
0.0
0.0
0.0
0.0
0.0
0.0
12.0
142.0
278.0
380.0
442.0
460.0
432.0
360.0
249.0
107.0
2.0
0.0
0.0
0.0
0.0
0.0
0.0
0.0
0.0
0.0
0.0
0.0
0.0
0.0
10.0
135.0
270.0
372.0
434.0
452.0
424.0
352.0
241.0
99.0
1.0
0.0
0.0
0.0
0.0
0.0
0.0
0.0
0.0
0.0
0.0
0.0
0.0
0.0
7.0
127.0
263.0
365.0
426.0
444.0
416.0
344.0
233.0
91.0
0.0
0.0
0.0
0.0
0.0
0.0
0.0
0.0
0.0
0.0
0.0
0.0
0.0
0.0
5.0
120.0
255.0
357.0
419.0
436.0
408.0
336.0
225.0
83.0
0.0
0.0
0.0
0.0
0.0
0.0
0.0
0.0
0.0
0.0
0.0
0.0
0.0
0.0
4.0
113.0
248.0
349.0
411.0
428.0
400.0
328.0
217.0
73.0
0.0
0.0
0.0
0.0
0.0
0.0
0.0
0.0
0.0
0.0
0.0
0.0
0.0
0.0
2.0
105.0
240.0
342.0
403.0
420.0
392.0
320.0
209.0
65.0
0.0
0.0
0.0
0.0
0.0
0.0
0.0
0.0
0.0
0.0
0.0
0.0
0.0
0.0
1.0
98.0
233.0
334.0
396.0
413.0
384.0
312.0
202.0
59.0
0.0
0.0
0.0
0.0
0.0
0.0
0.0
0.0
0.0
0.0
0.0
0.0
0.0
0.0
1.0
91.0
225.0
327.0
388.0
405.0
377.0
305.0
194.0
52.0
0.0
0.0
0.0
0.0
0.0
0.0
0.0
0.0
0.0
0.0
0.0
0.0
0.0
0.0
0.0
84.0
218.0
319.0
380.0
397.0
369.0
297.0
186.0
46.0
0.0
0.0
0.0
0.0
0.0
0.0
0.0
0.0
0.0
0.0
0.0
0.0
0.0
0.0
0.0
73.0
211.0
312.0
373.0
390.0
361.0
289.0
179.0
40.0
0.0
0.0
0.0
0.0
0.0
0.0
0.0
0.0
0.0
0.0
0.0
0.0
0.0
0.0
0.0
66.0
203.0
304.0
365.0
382.0
354.0
282.0
171.0
35.0
0.0
0.0
0.0
0.0
0.0
0.0
0.0
0.0
0.0
0.0
0.0
0.0
0.0
0.0
0.0
60.0
196.0
297.0
358.0
375.0
346.0
274.0
164.0
31.0
0.0
0.0
0.0
0.0
0.0
0.0
0.0
0.0
0.0
0.0
0.0
0.0
0.0
0.0
0.0
54.0
189.0
290.0
351.0
367.0
339.0
267.0
157.0
26.0
0.0
0.0
0.0
0.0
0.0
0.0
0.0
0.0
0.0
0.0
0.0
0.0
0.0
0.0
0.0
48.0
182.0
283.0
343.0
360.0
332.0
260.0
150.0
22.0
0.0
0.0
0.0
0.0
0.0
0.0
0.0
0.0
0.0
0.0
0.0
0.0
0.0
0.0
0.0
42.0
175.0
275.0
336.0
353.0
324.0
253.0
143.0
19.0
0.0
0.0
0.0
0.0
0.0
0.0
0.0
0.0
0.0
0.0
0.0
0.0
0.0
0.0
0.0
37.0
168.0
268.0
329.0
346.0
317.0
246.0
136.0
15.0
0.0
0.0
0.0
0.0
0.0
0.0
0.0
0.0
0.0
0.0
0.0
0.0
0.0
0.0
0.0
32.0
161.0
261.0
322.0
339.0
310.0
239.0
129.0
13.0
0.0
0.0
0.0
0.0
0.0
0.0
0.0
0.0
0.0
0.0
0.0
0.0
0.0
0.0
0.0
28.0
154.0
254.0
315.0
331.0
303.0
232.0
122.0
10.0
0.0
0.0
0.0
0.0
0.0
0.0
0.0
0.0
0.0
0.0
0.0
0.0
0.0
0.0
0.0
24.0
147.0
247.0
308.0
325.0
296.0
225.0
116.0
8.0
0.0
0.0
0.0
0.0
0.0
0.0
0.0
0.0
0.0
0.0
0.0
0.0
0.0
0.0
0.0
20.0
140.0
240.0
301.0
318.0
290.0
219.0
109.0
6.0
0.0
0.0
0.0
0.0
0.0
0.0
0.0
0.0
0.0
0.0
0.0
0.0
0.0
0.0
0.0
17.0
133.0
233.0
294.0
311.0
283.0
212.0
103.0
4.0
0.0
0.0
0.0
0.0
0.0
0.0
0.0
0.0
0.0
0.0
0.0
0.0
0.0
0.0
0.0
14.0
127.0
227.0
287.0
304.0
276.0
206.0
97.0
3.0
0.0
0.0
0.0
0.0
0.0
0.0
0.0
0.0
0.0
0.0
0.0
0.0
0.0
0.0
0.0
11.0
120.0
220.0
281.0
298.0
270.0
199.0
91.0
2.0
0.0
0.0
0.0
0.0
0.0
0.0
0.0
0.0
0.0
0.0
0.0
0.0
0.0
0.0
0.0
9.0
113.0
214.0
274.0
291.0
264.0
193.0
85.0
1.0
0.0
0.0
0.0
0.0
0.0
0.0
0.0
0.0
0.0
0.0
0.0
0.0
0.0
0.0
0.0
7.0
107.0
207.0
268.0
285.0
258.0
187.0
79.0
0.0
0.0
0.0
0.0
0.0
0.0
0.0
0.0
0.0
0.0
0.0
0.0
0.0
0.0
0.0
0.0
5.0
101.0
201.0
261.0
279.0
251.0
181.0
73.0
0.0
0.0
0.0
0.0
0.0
0.0
0.0
0.0
0.0
0.0
0.0
0.0
0.0
0.0
0.0
0.0
3.0
94.0
194.0
255.0
273.0
246.0
176.0
68.0
0.0
0.0
0.0
0.0
0.0
0.0
0.0
0.0
0.0
0.0
0.0
0.0
0.0
0.0
0.0
0.0
2.0
88.0
188.0
249.0
267.0
240.0
170.0
59.0
0.0
0.0
0.0
0.0
0.0
0.0
0.0
0.0
0.0
0.0
0.0
0.0
0.0
0.0
0.0
0.0
1.0
82.0
182.0
243.0
261.0
234.0
165.0
54.0
0.0
0.0
0.0
0.0
0.0
0.0
0.0
0.0
0.0
0.0
0.0
0.0
0.0
0.0
0.0
0.0
0.0
76.0
176.0
237.0
255.0
228.0
159.0
49.0
0.0
0.0
0.0
0.0
0.0
0.0
0.0
0.0
0.0
0.0
0.0
0.0
0.0
0.0
0.0
0.0
0.0
70.0
170.0
232.0
249.0
223.0
154.0
45.0
0.0
0.0
0.0
0.0
0.0
0.0
0.0
0.0
0.0
0.0
0.0
0.0
0.0
0.0
0.0
0.0
0.0
64.0
165.0
226.0
244.0
218.0
149.0
41.0
0.0
0.0
0.0
0.0
0.0
0.0
0.0
0.0
0.0
0.0
0.0
0.0
0.0
0.0
0.0
0.0
0.0
55.0
159.0
220.0
239.0
213.0
144.0
37.0
0.0
0.0
0.0
0.0
0.0
0.0
0.0
0.0
0.0
0.0
0.0
0.0
0.0
0.0
0.0
0.0
0.0
49.0
153.0
215.0
233.0
208.0
139.0
33.0
0.0
0.0
0.0
0.0
0.0
0.0
0.0
0.0
0.0
0.0
0.0
0.0
0.0
0.0
0.0
0.0
0.0
45.0
148.0
210.0
228.0
203.0
135.0
30.0
0.0
0.0
0.0
0.0
0.0
0.0
0.0
0.0
0.0
0.0
0.0
0.0
0.0
0.0
0.0
0.0
0.0
40.0
143.0
205.0
223.0
198.0
130.0
27.0
0.0
0.0
0.0
0.0
0.0
0.0
0.0
0.0
0.0
0.0
0.0
0.0
0.0
0.0
0.0
0.0
0.0
36.0
138.0
200.0
219.0
194.0
126.0
25.0
0.0
0.0
0.0
0.0
0.0
0.0
0.0
0.0
0.0
0.0
0.0
0.0
0.0
0.0
0.0
0.0
0.0
32.0
133.0
195.0
214.0
189.0
122.0
22.0
0.0
0.0
0.0
0.0
0.0
0.0
0.0
0.0
0.0
0.0
0.0
0.0
0.0
0.0
0.0
0.0
0.0
28.0
128.0
190.0
209.0
185.0
118.0
20.0
0.0
0.0
0.0
0.0
0.0
0.0
0.0
0.0
0.0
0.0
0.0
0.0
0.0
0.0
0.0
0.0
0.0
25.0
123.0
185.0
205.0
181.0
114.0
18.0
0.0
0.0
0.0
0.0
0.0
0.0
0.0
0.0
0.0
0.0
0.0
0.0
0.0
0.0
0.0
0.0
0.0
22.0
118.0
181.0
201.0
177.0
110.0
16.0
0.0
0.0
0.0
0.0
0.0
0.0
0.0
0.0
0.0
0.0
0.0
0.0
0.0
0.0
0.0
0.0
0.0
20.0
114.0
177.0
197.0
173.0
107.0
15.0
0.0
0.0
0.0
0.0
0.0
0.0
0.0
0.0
0.0
0.0
0.0
0.0
0.0
0.0
0.0
0.0
0.0
17.0
110.0
173.0
193.0
170.0
104.0
13.0
0.0
0.0
0.0
0.0
0.0
0.0
0.0
0.0
0.0
0.0
0.0
0.0
0.0
0.0
0.0
0.0
0.0
15.0
105.0
169.0
189.0
166.0
101.0
12.0
0.0
0.0
0.0
0.0
0.0
0.0
0.0
0.0
0.0
0.0
0.0
0.0
0.0
0.0
0.0
0.0
0.0
13.0
101.0
165.0
186.0
163.0
98.0
11.0
0.0
0.0
0.0
0.0
0.0
0.0
0.0
0.0
0.0
0.0
0.0
0.0
0.0
0.0
0.0
0.0
0.0
11.0
98.0
161.0
182.0
160.0
95.0
10.0
0.0
0.0
0.0
0.0
0.0
0.0
0.0
0.0
0.0
0.0
0.0
0.0
0.0
0.0
0.0
0.0
0.0
9.0
94.0
158.0
179.0
157.0
92.0
9.0
0.0
0.0
0.0
0.0
0.0
0.0
0.0
0.0
0.0
0.0
0.0
0.0
0.0
0.0
0.0
0.0
0.0
8.0
90.0
154.0
176.0
154.0
90.0
8.0
0.0
0.0
0.0
0.0
0.0
0.0
0.0
0.0
0.0
0.0
0.0
0.0
0.0
0.0
0.0
0.0
0.0
7.0
87.0
151.0
173.0
151.0
87.0
7.0
0.0
0.0
0.0
0.0
0.0
0.0
0.0
0.0
0.0
0.0
0.0
0.0
0.0
0.0
0.0
0.0
0.0
6.0
84.0
148.0
171.0
149.0
85.0
6.0
0.0
0.0
0.0
0.0
0.0
0.0
0.0
0.0
0.0
0.0
0.0
0.0
0.0
0.0
0.0
0.0
0.0
5.0
81.0
145.0
168.0
147.0
84.0
6.0
0.0
0.0
0.0
0.0
0.0
0.0
0.0
0.0
0.0
0.0
0.0
0.0
0.0
0.0
0.0
0.0
0.0
4.0
78.0
143.0
166.0
145.0
82.0
5.0
0.0
0.0
0.0
0.0
0.0
0.0
0.0
0.0
0.0
0.0
0.0
0.0
0.0
0.0
0.0
0.0
0.0
3.0
75.0
140.0
163.0
143.0
80.0
5.0
0.0
0.0
0.0
0.0
0.0
0.0
0.0
0.0
0.0
0.0
0.0
0.0
0.0
0.0
0.0
0.0
0.0
3.0
72.0
138.0
161.0
141.0
79.0
5.0
0.0
0.0
0.0
0.0
0.0
0.0
0.0
0.0
0.0
0.0
0.0
0.0
0.0
0.0
0.0
0.0
0.0
2.0
70.0
136.0
160.0
140.0
78.0
4.0
0.0
0.0
0.0
0.0
0.0
0.0
0.0
0.0
0.0
0.0
0.0
0.0
0.0
0.0
0.0
0.0
0.0
2.0
68.0
134.0
158.0
138.0
77.0
4.0
0.0
0.0
0.0
0.0
0.0
0.0
0.0
0.0
0.0
0.0
0.0
0.0
0.0
0.0
0.0
0.0
0.0
1.0
66.0
132.0
157.0
137.0
76.0
4.0
0.0
0.0
0.0
0.0
0.0
0.0
0.0
0.0
0.0
0.0
0.0
0.0
0.0
0.0
0.0
0.0
0.0
1.0
64.0
130.0
155.0
136.0
75.0
4.0
0.0
0.0
0.0
0.0
0.0
0.0
0.0
0.0
0.0
0.0
0.0
0.0
0.0
0.0
0.0
0.0
0.0
1.0
62.0
129.0
154.0
136.0
75.0
4.0
0.0
0.0
0.0
0.0
0.0
0.0
0.0
0.0
0.0
0.0
0.0
0.0
0.0
0.0
0.0
0.0
0.0
0.0
61.0
128.0
153.0
135.0
75.0
4.0
0.0
0.0
0.0
0.0
0.0
0.0
0.0
0.0
0.0
0.0
0.0
0.0
0.0
0.0
0.0
0.0
0.0
0.0
59.0
127.0
152.0
135.0
75.0
4.0
0.0
0.0
0.0
0.0
0.0
0.0
0.0
0.0
0.0
0.0
0.0
0.0
0.0
0.0
0.0
0.0
0.0
0.0
58.0
126.0
152.0
135.0
75.0
4.0
0.0
0.0
0.0
0.0
0.0
0.0
0.0
0.0
0.0
0.0
0.0
0.0
0.0
0.0
0.0
0.0
0.0
0.0
57.0
125.0
152.0
134.0
75.0
4.0
0.0
0.0
0.0
0.0
0.0
0.0
0.0
0.0
0.0
0.0
0.0
0.0
0.0
0.0
0.0
0.0
0.0
0.0
56.0
125.0
151.0
135.0
75.0
4.0
0.0
0.0
0.0
0.0
0.0
0.0
0.0
0.0
0.0
0.0
0.0
0.0
0.0
0.0
0.0
0.0
0.0
0.0
55.0
124.0
151.0
135.0
76.0
4.0
0.0
0.0
0.0
0.0
0.0
0.0
0.0
0.0
0.0
0.0
0.0
0.0
0.0
0.0
0.0
0.0
0.0
0.0
55.0
124.0
152.0
136.0
77.0
5.0
0.0
0.0
0.0
0.0
0.0
0.0
0.0
0.0
0.0
0.0
0.0
0.0
0.0
0.0
0.0
0.0
0.0
0.0
55.0
124.0
152.0
136.0
78.0
5.0
0.0
0.0
0.0
0.0
0.0
0.0
0.0
0.0
0.0
0.0
0.0
0.0
0.0
0.0
0.0
0.0
0.0
0.0
55.0
124.0
153.0
137.0
79.0
6.0
0.0
0.0
0.0
0.0
0.0
0.0
0.0
0.0
0.0
0.0
0.0
0.0
0.0
0.0
0.0
0.0
0.0
0.0
55.0
125.0
153.0
138.0
81.0
6.0
0.0
0.0
0.0
0.0
0.0
0.0
0.0
0.0
0.0
0.0
0.0
0.0
0.0
0.0
0.0
0.0
0.0
0.0
55.0
125.0
154.0
140.0
82.0
7.0
0.0
0.0
0.0
0.0
0.0
0.0
0.0
0.0
0.0
0.0
0.0
0.0
0.0
0.0
0.0
0.0
0.0
0.0
55.0
126.0
155.0
141.0
84.0
7.0
0.0
0.0
0.0
0.0
0.0
0.0
0.0
0.0
0.0
0.0
0.0
0.0
0.0
0.0
0.0
0.0
0.0
0.0
56.0
127.0
157.0
143.0
86.0
8.0
0.0
0.0
0.0
0.0
0.0
0.0
0.0
0.0
0.0
0.0
0.0
0.0
0.0
0.0
0.0
0.0
0.0
0.0
57.0
128.0
158.0
145.0
88.0
9.0
0.0
0.0
0.0
0.0
0.0
0.0
0.0
0.0
