0.0
0.0
0.0
0.0
0.0
0.0
0.0
0.0
0.0
0.0
12.0
24.0
27.0
26.0
20.0
1.0
0.0
0.0
0.0
0.0
0.0
0.0
0.0
0.0
0.0
0.0
0.0
0.0
0.0
0.0
0.0
0.0
0.0
0.0
9.0
20.0
25.0
22.0
14.0
1.0
0.0
0.0
0.0
0.0
0.0
0.0
0.0
0.0
0.0
0.0
0.0
0.0
0.0
0.0
0.0
0.0
0.0
0.0
36.0
79.0
92.0
81.0
48.0
1.0
0.0
0.0
0.0
0.0
0.0
0.0
0.0
0.0
0.0
0.0
0.0
0.0
0.0
0.0
0.0
0.0
0.0
0.0
35.0
78.0
99.0
91.0
45.0
1.0
0.0
0.0
0.0
0.0
0.0
0.0
0.0
0.0
0.0
0.0
0.0
0.0
0.0
0.0
0.0
0.0
0.0
0.0
9.0
19.0
28.0
23.0
15.0
1.0
0.0
0.0
0.0
0.0
0.0
0.0
0.0
0.0
0.0
0.0
0.0
0.0
0.0
0.0
0.0
0.0
0.0
0.0
23.0
41.0
55.0
78.0
52.0
4.0
0.0
0.0
0.0
0.0
0.0
0.0
0.0
0.0
0.0
0.0
0.0
0.0
0.0
0.0
0.0
0.0
0.0
0.0
11.0
23.0
27.0
27.0
18.0
1.0
0.0
0.0
0.0
0.0
0.0
0.0
0.0
0.0
0.0
0.0
0.0
0.0
0.0
0.0
0.0
0.0
0.0
0.0
15.0
29.0
29.0
29.0
20.0
2.0
0.0
0.0
0.0
0.0
0.0
0.0
0.0
0.0
0.0
0.0
0.0
0.0
0.0
0.0
0.0
0.0
0.0
0.0
4.0
8.0
9.0
8.0
5.0
1.0
0.0
0.0
0.0
0.0
0.0
0.0
0.0
0.0
0.0
0.0
0.0
0.0
0.0
0.0
0.0
0.0
0.0
0.0
7.0
13.0
17.0
15.0
10.0
2.0
0.0
0.0
0.0
0.0
0.0
0.0
0.0
0.0
0.0
0.0
0.0
0.0
0.0
0.0
0.0
0.0
0.0
0.0
9.0
16.0
21.0
19.0
13.0
2.0
0.0
0.0
0.0
0.0
0.0
0.0
0.0
0.0
0.0
0.0
0.0
0.0
0.0
0.0
0.0
0.0
0.0
0.0
12.0
24.0
30.0
26.0
18.0
2.0
0.0
0.0
0.0
0.0
0.0
0.0
0.0
0.0
0.0
0.0
0.0
0.0
0.0
0.0
0.0
0.0
0.0
0.0
36.0
88.0
91.0
84.0
55.0
6.0
0.0
0.0
0.0
0.0
0.0
0.0
0.0
0.0
0.0
0.0
0.0
0.0
0.0
0.0
0.0
0.0
0.0
0.0
44.0
89.0
112.0
107.0
73.0
15.0
0.0
0.0
0.0
0.0
0.0
0.0
0.0
0.0
0.0
0.0
0.0
0.0
0.0
0.0
0.0
0.0
0.0
0.0
8.0
18.0
23.0
23.0
16.0
2.0
0.0
0.0
0.0
0.0
0.0
0.0
0.0
0.0
0.0
0.0
0.0
0.0
0.0
0.0
0.0
0.0
0.0
0.0
20.0
30.0
37.0
39.0
24.0
5.0
0.0
0.0
0.0
0.0
0.0
0.0
0.0
0.0
0.0
0.0
0.0
0.0
0.0
0.0
0.0
0.0
0.0
0.0
11.0
23.0
29.0
26.0
18.0
4.0
0.0
0.0
0.0
0.0
0.0
0.0
0.0
0.0
0.0
0.0
0.0
0.0
0.0
0.0
0.0
0.0
0.0
1.0
14.0
26.0
29.0
26.0
17.0
8.0
0.0
0.0
0.0
0.0
0.0
0.0
0.0
0.0
0.0
0.0
0.0
0.0
0.0
0.0
0.0
0.0
0.0
1.0
5.0
9.0
11.0
85.0
61.0
26.0
0.0
0.0
0.0
0.0
0.0
0.0
0.0
0.0
0.0
0.0
0.0
0.0
0.0
0.0
0.0
0.0
0.0
2.0
43.0
29.0
64.0
49.0
74.0
25.0
0.0
0.0
0.0
0.0
0.0
0.0
0.0
0.0
0.0
0.0
0.0
0.0
0.0
0.0
0.0
0.0
0.0
1.0
49.0
89.0
98.0
128.0
94.0
42.0
0.0
0.0
0.0
0.0
0.0
0.0
0.0
0.0
0.0
0.0
0.0
0.0
0.0
0.0
0.0
0.0
0.0
1.0
22.0
36.0
41.0
41.0
33.0
13.0
0.0
0.0
0.0
0.0
0.0
0.0
0.0
0.0
0.0
0.0
0.0
0.0
0.0
0.0
0.0
0.0
0.0
1.0
19.0
33.0
42.0
39.0
29.0
11.0
0.0
0.0
0.0
0.0
0.0
0.0
0.0
0.0
0.0
0.0
0.0
0.0
0.0
0.0
0.0
0.0
0.0
1.0
10.0
17.0
21.0
21.0
14.0
7.0
0.0
0.0
0.0
0.0
0.0
0.0
0.0
0.0
0.0
0.0
0.0
0.0
0.0
0.0
0.0
0.0
0.0
1.0
22.0
36.0
54.0
48.0
32.0
13.0
0.0
0.0
0.0
0.0
0.0
0.0
0.0
0.0
0.0
0.0
0.0
0.0
0.0
0.0
0.0
0.0
0.0
1.0
19.0
37.0
44.0
43.0
31.0
16.0
0.0
0.0
0.0
0.0
0.0
0.0
0.0
0.0
0.0
0.0
0.0
0.0
0.0
0.0
0.0
0.0
0.0
2.0
17.0
26.0
32.0
32.0
25.0
14.0
1.0
0.0
0.0
0.0
0.0
0.0
0.0
0.0
0.0
0.0
0.0
0.0
0.0
0.0
0.0
0.0
0.0
2.0
19.0
33.0
42.0
39.0
31.0
15.0
1.0
0.0
0.0
0.0
0.0
0.0
0.0
0.0
0.0
0.0
0.0
0.0
0.0
0.0
0.0
0.0
0.0
2.0
20.0
39.0
47.0
50.0
43.0
23.0
1.0
0.0
0.0
0.0
0.0
0.0
0.0
0.0
0.0
0.0
0.0
0.0
0.0
0.0
0.0
0.0
0.0
3.0
26.0
44.0
51.0
58.0
42.0
24.0
1.0
0.0
0.0
0.0
0.0
0.0
0.0
0.0
0.0
0.0
0.0
0.0
0.0
0.0
0.0
0.0
0.0
2.0
8.0
12.0
15.0
14.0
11.0
6.0
1.0
0.0
0.0
0.0
0.0
0.0
0.0
0.0
0.0
0.0
0.0
0.0
0.0
0.0
0.0
0.0
0.0
2.0
12.0
19.0
23.0
22.0
18.0
10.0
1.0
0.0
0.0
0.0
0.0
0.0
0.0
0.0
0.0
0.0
0.0
0.0
0.0
0.0
0.0
0.0
0.0
10.0
50.0
73.0
90.0
85.0
63.0
34.0
2.0
0.0
0.0
0.0
0.0
0.0
0.0
0.0
0.0
0.0
0.0
0.0
0.0
0.0
0.0
0.0
0.0
3.0
55.0
82.0
95.0
67.0
64.0
33.0
3.0
0.0
0.0
0.0
0.0
0.0
0.0
0.0
0.0
0.0
0.0
0.0
0.0
0.0
0.0
0.0
0.0
17.0
48.0
108.0
191.0
159.0
92.0
85.0
5.0
0.0
0.0
0.0
0.0
0.0
0.0
0.0
0.0
0.0
0.0
0.0
0.0
0.0
0.0
0.0
0.0
11.0
27.0
43.0
48.0
52.0
47.0
26.0
6.0
0.0
0.0
0.0
0.0
0.0
0.0
0.0
0.0
0.0
0.0
0.0
0.0
0.0
0.0
0.0
0.0
18.0
50.0
74.0
103.0
89.0
61.0
35.0
3.0
0.0
0.0
0.0
0.0
0.0
0.0
0.0
0.0
0.0
0.0
0.0
0.0
0.0
0.0
0.0
0.0
27.0
65.0
131.0
119.0
59.0
72.0
51.0
8.0
0.0
0.0
0.0
0.0
0.0
0.0
0.0
0.0
0.0
0.0
0.0
0.0
0.0
0.0
0.0
0.0
11.0
28.0
37.0
44.0
40.0
33.0
19.0
3.0
0.0
0.0
0.0
0.0
0.0
0.0
0.0
0.0
0.0
0.0
0.0
0.0
0.0
0.0
0.0
0.0
19.0
39.0
54.0
59.0
66.0
41.0
27.0
12.0
0.0
0.0
0.0
0.0
0.0
0.0
0.0
0.0
0.0
0.0
0.0
0.0
0.0
0.0
0.0
0.0
29.0
70.0
117.0
124.0
110.0
77.0
29.0
3.0
0.0
0.0
0.0
0.0
0.0
0.0
0.0
0.0
0.0
0.0
0.0
0.0
0.0
0.0
0.0
1.0
45.0
117.0
162.0
228.0
223.0
173.0
119.0
47.0
0.0
0.0
0.0
0.0
0.0
0.0
0.0
0.0
0.0
0.0
0.0
0.0
0.0
0.0
0.0
1.0
14.0
41.0
72.0
82.0
86.0
63.0
39.0
16.0
0.0
0.0
0.0
0.0
0.0
0.0
0.0
0.0
0.0
0.0
0.0
0.0
0.0
0.0
0.0
1.0
34.0
51.0
57.0
54.0
77.0
80.0
58.0
17.0
0.0
0.0
0.0
0.0
0.0
0.0
0.0
0.0
0.0
0.0
0.0
0.0
0.0
0.0
0.0
1.0
26.0
52.0
56.0
88.0
94.0
72.0
37.0
14.0
0.0
0.0
0.0
0.0
0.0
0.0
0.0
0.0
0.0
0.0
0.0
0.0
0.0
0.0
0.0
1.0
43.0
61.0
88.0
94.0
129.0
103.0
76.0
41.0
2.0
0.0
0.0
0.0
0.0
0.0
0.0
0.0
0.0
0.0
0.0
0.0
0.0
0.0
0.0
1.0
49.0
100.0
140.0
141.0
152.0
136.0
97.0
37.0
0.0
0.0
0.0
0.0
0.0
0.0
0.0
0.0
0.0
0.0
0.0
0.0
0.0
0.0
0.0
1.0
7.0
14.0
21.0
25.0
177.0
150.0
100.0
46.0
1.0
0.0
0.0
0.0
0.0
0.0
0.0
0.0
0.0
0.0
0.0
0.0
0.0
0.0
0.0
2.0
9.0
18.0
22.0
25.0
199.0
170.0
114.0
54.0
1.0
0.0
0.0
0.0
0.0
0.0
0.0
0.0
0.0
0.0
0.0
0.0
0.0
0.0
0.0
2.0
15.0
41.0
53.0
24.0
207.0
157.0
112.0
52.0
1.0
0.0
0.0
0.0
0.0
0.0
0.0
0.0
0.0
0.0
0.0
0.0
0.0
0.0
0.0
4.0
44.0
80.0
107.0
123.0
116.0
99.0
67.0
32.0
1.0
0.0
0.0
0.0
0.0
0.0
0.0
0.0
0.0
0.0
0.0
0.0
0.0
0.0
0.0
7.0
54.0
101.0
119.0
110.0
122.0
106.0
69.0
35.0
1.0
0.0
0.0
0.0
0.0
0.0
0.0
0.0
0.0
0.0
0.0
0.0
0.0
0.0
0.0
4.0
39.0
64.0
82.0
115.0
114.0
95.0
70.0
36.0
1.0
0.0
0.0
0.0
0.0
0.0
0.0
0.0
0.0
0.0
0.0
0.0
0.0
0.0
0.0
14.0
114.0
188.0
262.0
303.0
234.0
227.0
173.0
82.0
3.0
0.0
0.0
0.0
0.0
0.0
0.0
0.0
0.0
0.0
0.0
0.0
0.0
0.0
0.0
4.0
29.0
57.0
74.0
85.0
81.0
62.0
39.0
27.0
2.0
0.0
0.0
0.0
0.0
0.0
0.0
0.0
0.0
0.0
0.0
0.0
0.0
0.0
0.0
18.0
63.0
112.0
139.0
154.0
154.0
126.0
90.0
43.0
2.0
0.0
0.0
0.0
0.0
0.0
0.0
0.0
0.0
0.0
0.0
0.0
0.0
0.0
0.0
19.0
139.0
168.0
172.0
190.0
184.0
111.0
75.0
10.0
2.0
0.0
0.0
0.0
0.0
0.0
0.0
0.0
0.0
0.0
0.0
0.0
0.0
0.0
0.0
47.0
128.0
211.0
270.0
300.0
312.0
280.0
205.0
113.0
14.0
0.0
0.0
0.0
0.0
0.0
0.0
0.0
0.0
0.0
0.0
0.0
0.0
0.0
0.0
41.0
109.0
158.0
222.0
249.0
268.0
249.0
213.0
118.0
14.0
0.0
0.0
0.0
0.0
0.0
0.0
0.0
0.0
0.0
0.0
0.0
0.0
0.0
0.0
16.0
49.0
71.0
86.0
98.0
95.0
87.0
70.0
40.0
6.0
0.0
0.0
0.0
0.0
0.0
0.0
0.0
0.0
0.0
0.0
0.0
0.0
0.0
0.0
11.0
28.0
47.0
58.0
62.0
63.0
52.0
48.0
27.0
4.0
0.0
0.0
0.0
0.0
0.0
0.0
0.0
0.0
0.0
0.0
0.0
0.0
0.0
0.0
72.0
135.0
279.0
290.0
173.0
104.0
109.0
121.0
46.0
17.0
0.0
0.0
0.0
0.0
0.0
0.0
0.0
0.0
0.0
0.0
0.0
0.0
0.0
0.0
26.0
116.0
139.0
180.0
107.0
124.0
98.0
106.0
67.0
4.0
0.0
0.0
0.0
0.0
0.0
0.0
0.0
0.0
0.0
0.0
0.0
0.0
0.0
1.0
36.0
83.0
141.0
165.0
200.0
188.0
165.0
135.0
74.0
26.0
0.0
0.0
0.0
0.0
0.0
0.0
0.0
0.0
0.0
0.0
0.0
0.0
0.0
1.0
34.0
78.0
125.0
149.0
154.0
152.0
126.0
94.0
57.0
21.0
0.0
0.0
0.0
0.0
0.0
0.0
0.0
0.0
0.0
0.0
0.0
0.0
0.0
1.0
8.0
16.0
34.0
42.0
54.0
278.0
244.0
189.0
117.0
44.0
0.0
0.0
0.0
0.0
0.0
0.0
0.0
0.0
0.0
0.0
0.0
0.0
0.0
1.0
54.0
159.0
174.0
286.0
220.0
138.0
131.0
37.0
15.0
6.0
0.0
0.0
0.0
0.0
0.0
0.0
0.0
0.0
0.0
0.0
0.0
0.0
0.0
4.0
90.0
186.0
271.0
325.0
370.0
361.0
329.0
246.0
155.0
61.0
0.0
0.0
0.0
0.0
0.0
0.0
0.0
0.0
0.0
0.0
0.0
0.0
0.0
2.0
17.0
48.0
71.0
60.0
76.0
317.0
286.0
213.0
126.0
49.0
0.0
0.0
0.0
0.0
0.0
0.0
0.0
0.0
0.0
0.0
0.0
0.0
0.0
2.0
22.0
44.0
63.0
76.0
71.0
65.0
65.0
55.0
32.0
14.0
1.0
0.0
0.0
0.0
0.0
0.0
0.0
0.0
0.0
0.0
0.0
0.0
0.0
2.0
16.0
28.0
42.0
52.0
55.0
56.0
47.0
34.0
23.0
8.0
1.0
0.0
0.0
0.0
0.0
0.0
0.0
0.0
0.0
0.0
0.0
0.0
0.0
4.0
38.0
46.0
99.0
148.0
124.0
138.0
157.0
132.0
68.0
26.0
1.0
0.0
0.0
0.0
0.0
0.0
0.0
0.0
0.0
0.0
0.0
0.0
0.0
8.0
72.0
143.0
181.0
233.0
260.0
226.0
196.0
159.0
110.0
48.0
1.0
0.0
0.0
0.0
0.0
0.0
0.0
0.0
0.0
0.0
0.0
0.0
0.0
3.0
23.0
43.0
60.0
73.0
80.0
78.0
69.0
55.0
36.0
17.0
1.0
0.0
0.0
0.0
0.0
0.0
0.0
0.0
0.0
0.0
0.0
0.0
0.0
6.0
43.0
76.0
106.0
124.0
134.0
130.0
119.0
92.0
59.0
28.0
1.0
0.0
0.0
0.0
0.0
0.0
0.0
0.0
0.0
0.0
0.0
0.0
0.0
42.0
120.0
210.0
278.0
299.0
425.0
421.0
336.0
272.0
190.0
74.0
1.0
0.0
0.0
0.0
0.0
0.0
0.0
0.0
0.0
0.0
0.0
0.0
0.0
18.0
31.0
43.0
63.0
36.0
60.0
304.0
324.0
261.0
191.0
70.0
5.0
0.0
0.0
0.0
0.0
0.0
0.0
0.0
0.0
0.0
0.0
0.0
0.0
37.0
103.0
204.0
261.0
314.0
376.0
401.0
355.0
286.0
188.0
78.0
2.0
0.0
0.0
0.0
0.0
0.0
0.0
0.0
0.0
0.0
0.0
0.0
0.0
47.0
132.0
250.0
359.0
431.0
442.0
423.0
402.0
341.0
237.0
115.0
9.0
0.0
0.0
0.0
0.0
0.0
0.0
0.0
0.0
0.0
0.0
0.0
1.0
61.0
182.0
148.0
223.0
275.0
251.0
369.0
352.0
368.0
256.0
130.0
26.0
0.0
0.0
0.0
0.0
0.0
0.0
0.0
0.0
0.0
0.0
0.0
1.0
67.0
163.0
241.0
241.0
334.0
480.0
446.0
416.0
284.0
178.0
81.0
11.0
0.0
0.0
0.0
0.0
0.0
0.0
0.0
0.0
0.0
0.0
0.0
0.0
46.0
115.0
191.0
262.0
273.0
277.0
271.0
270.0
203.0
171.0
88.0
11.0
0.0
0.0
0.0
0.0
0.0
0.0
0.0
0.0
0.0
0.0
0.0
1.0
13.0
43.0
105.0
146.0
178.0
181.0
140.0
124.0
85.0
75.0
50.0
6.0
0.0
0.0
0.0
0.0
0.0
0.0
0.0
0.0
0.0
0.0
0.0
1.0
19.0
50.0
79.0
109.0
131.0
131.0
121.0
113.0
89.0
60.0
27.0
5.0
0.0
0.0
0.0
0.0
0.0
0.0
0.0
0.0
0.0
0.0
0.0
1.0
38.0
90.0
145.0
192.0
237.0
234.0
197.0
169.0
127.0
80.0
44.0
4.0
0.0
0.0
0.0
0.0
0.0
0.0
0.0
0.0
0.0
0.0
0.0
1.0
39.0
92.0
148.0
189.0
202.0
254.0
266.0
215.0
168.0
117.0
61.0
19.0
0.0
0.0
0.0
0.0
0.0
0.0
0.0
0.0
0.0
0.0
0.0
3.0
78.0
208.0
365.0
369.0
309.0
284.0
391.0
158.0
33.0
23.0
13.0
4.0
0.0
0.0
0.0
0.0
0.0
0.0
0.0
0.0
0.0
0.0
0.0
1.0
14.0
34.0
53.0
69.0
81.0
86.0
80.0
70.0
58.0
43.0
21.0
7.0
0.0
0.0
0.0
0.0
0.0
0.0
0.0
0.0
0.0
0.0
0.0
6.0
102.0
219.0
319.0
416.0
459.0
462.0
469.0
446.0
365.0
261.0
154.0
56.0
0.0
0.0
0.0
0.0
0.0
0.0
0.0
0.0
0.0
0.0
0.0
9.0
74.0
137.0
240.0
311.0
343.0
470.0
336.0
178.0
34.0
159.0
106.0
65.0
1.0
0.0
0.0
0.0
0.0
0.0
0.0
0.0
0.0
0.0
0.0
6.0
95.0
200.0
290.0
370.0
460.0
495.0
470.0
458.0
360.0
261.0
170.0
69.0
1.0
0.0
0.0
0.0
0.0
0.0
0.0
0.0
0.0
0.0
0.0
10.0
105.0
212.0
313.0
394.0
453.0
484.0
468.0
424.0
353.0
252.0
150.0
55.0
0.0
0.0
0.0
0.0
0.0
0.0
0.0
0.0
0.0
0.0
0.0
14.0
126.0
245.0
363.0
462.0
516.0
545.0
532.0
493.0
416.0
309.0
187.0
74.0
1.0
0.0
0.0
0.0
0.0
0.0
0.0
0.0
0.0
0.0
0.0
16.0
111.0
177.0
291.0
317.0
417.0
459.0
490.0
463.0
367.0
330.0
199.0
85.0
2.0
0.0
0.0
0.0
0.0
0.0
0.0
0.0
0.0
0.0
0.0
12.0
127.0
222.0
284.0
256.0
315.0
325.0
458.0
303.0
354.0
346.0
207.0
86.0
4.0
0.0
0.0
0.0
0.0
0.0
0.0
0.0
0.0
0.0
0.0
41.0
134.0
244.0
360.0
448.0
498.0
540.0
533.0
489.0
410.0
316.0
191.0
77.0
2.0
0.0
0.0
0.0
0.0
0.0
0.0
0.0
0.0
0.0
0.0
20.0
73.0
134.0
209.0
245.0
289.0
300.0
284.0
278.0
222.0
168.0
83.0
35.0
1.0
0.0
0.0
0.0
0.0
0.0
0.0
0.0
0.0
0.0
0.0
34.0
41.0
22.0
93.0
107.0
343.0
503.0
380.0
260.0
477.0
216.0
16.0
7.0
3.0
0.0
0.0
0.0
0.0
0.0
0.0
0.0
0.0
0.0
0.0
24.0
69.0
129.0
188.0
226.0
248.0
260.0
283.0
231.0
195.0
144.0
85.0
36.0
1.0
0.0
0.0
0.0
0.0
0.0
0.0
0.0
0.0
0.0
0.0
5.0
13.0
38.0
32.0
40.0
45.0
47.0
324.0
309.0
305.0
234.0
130.0
69.0
2.0
0.0
0.0
0.0
0.0
0.0
0.0
0.0
0.0
0.0
0.0
21.0
55.0
99.0
137.0
170.0
185.0
195.0
184.0
167.0
138.0
101.0
66.0
30.0
1.0
0.0
0.0
0.0
0.0
0.0
0.0
0.0
0.0
0.0
0.0
42.0
115.0
186.0
233.0
276.0
298.0
343.0
291.0
283.0
236.0
165.0
111.0
53.0
2.0
0.0
0.0
0.0
0.0
0.0
0.0
0.0
0.0
0.0
1.0
35.0
90.0
144.0
225.0
281.0
288.0
288.0
307.0
274.0
251.0
202.0
122.0
59.0
5.0
0.0
0.0
0.0
0.0
0.0
0.0
0.0
0.0
0.0
2.0
30.0
87.0
143.0
240.0
220.0
223.0
231.0
210.0
248.0
201.0
144.0
84.0
33.0
2.0
0.0
0.0
0.0
0.0
0.0
0.0
0.0
0.0
0.0
1.0
23.0
59.0
102.0
134.0
159.0
179.0
173.0
177.0
159.0
154.0
107.0
71.0
27.0
2.0
0.0
0.0
0.0
0.0
0.0
0.0
0.0
0.0
0.0
1.0
89.0
219.0
301.0
390.0
590.0
563.0
401.0
293.0
261.0
300.0
354.0
248.0
92.0
2.0
0.0
0.0
0.0
0.0
0.0
0.0
0.0
0.0
0.0
1.0
26.0
59.0
95.0
126.0
157.0
181.0
183.0
179.0
167.0
139.0
107.0
71.0
37.0
5.0
0.0
0.0
0.0
0.0
0.0
0.0
0.0
0.0
0.0
2.0
73.0
157.0
295.0
391.0
490.0
521.0
501.0
517.0
453.0
472.0
383.0
267.0
139.0
24.0
0.0
0.0
0.0
0.0
0.0
0.0
0.0
0.0
0.0
5.0
87.0
202.0
307.0
357.0
422.0
520.0
559.0
556.0
501.0
461.0
312.0
202.0
98.0
12.0
0.0
0.0
0.0
0.0
0.0
0.0
0.0
0.0
0.0
8.0
107.0
229.0
356.0
471.0
569.0
632.0
665.0
650.0
600.0
515.0
401.0
275.0
147.0
44.0
0.0
0.0
0.0
0.0
0.0
0.0
0.0
0.0
0.0
2.0
50.0
135.0
134.0
472.0
430.0
484.0
435.0
395.0
435.0
544.0
257.0
21.0
52.0
21.0
0.0
0.0
0.0
0.0
0.0
0.0
0.0
0.0
0.0
2.0
20.0
44.0
67.0
84.0
95.0
104.0
114.0
106.0
106.0
87.0
65.0
49.0
25.0
9.0
0.0
0.0
0.0
0.0
0.0
0.0
0.0
0.0
0.0
3.0
23.0
38.0
53.0
78.0
100.0
115.0
135.0
139.0
135.0
116.0
92.0
63.0
37.0
10.0
0.0
0.0
0.0
0.0
0.0
0.0
0.0
0.0
0.0
3.0
15.0
27.0
48.0
69.0
78.0
81.0
82.0
78.0
74.0
66.0
52.0
35.0
19.0
6.0
0.0
0.0
0.0
0.0
0.0
0.0
0.0
0.0
0.0
14.0
103.0
204.0
303.0
400.0
467.0
523.0
534.0
524.0
478.0
415.0
326.0
225.0
122.0
42.0
0.0
0.0
0.0
0.0
0.0
0.0
0.0
0.0
0.0
8.0
25.0
48.0
82.0
96.0
112.0
133.0
139.0
123.0
124.0
117.0
89.0
57.0
32.0
10.0
0.0
0.0
0.0
0.0
0.0
0.0
0.0
0.0
0.0
33.0
100.0
190.0
297.0
379.0
454.0
502.0
532.0
488.0
444.0
392.0
286.0
199.0
114.0
40.0
0.0
0.0
0.0
0.0
0.0
0.0
0.0
0.0
0.0
12.0
11.0
53.0
112.0
227.0
239.0
295.0
273.0
333.0
435.0
432.0
461.0
206.0
131.0
52.0
2.0
0.0
0.0
0.0
0.0
0.0
0.0
0.0
0.0
4.0
17.0
49.0
102.0
145.0
187.0
228.0
242.0
280.0
267.0
234.0
161.0
115.0
62.0
20.0
0.0
0.0
0.0
0.0
0.0
0.0
0.0
0.0
0.0
40.0
115.0
205.0
313.0
403.0
475.0
502.0
538.0
541.0
490.0
428.0
332.0
248.0
146.0
57.0
2.0
0.0
0.0
0.0
0.0
0.0
0.0
0.0
0.0
27.0
81.0
147.0
215.0
288.0
292.0
344.0
357.0
357.0
328.0
276.0
215.0
152.0
82.0
34.0
1.0
0.0
0.0
0.0
0.0
0.0
0.0
0.0
1.0
37.0
101.0
191.0
297.0
377.0
451.0
456.0
475.0
455.0
420.0
348.0
273.0
173.0
106.0
40.0
1.0
0.0
0.0
0.0
0.0
0.0
0.0
0.0
0.0
27.0
71.0
118.0
175.0
225.0
260.0
327.0
325.0
302.0
278.0
241.0
173.0
118.0
63.0
23.0
1.0
0.0
0.0
0.0
0.0
0.0
0.0
0.0
0.0
49.0
134.0
249.0
344.0
438.0
495.0
572.0
605.0
602.0
553.0
470.0
381.0
266.0
154.0
63.0
3.0
0.0
0.0
0.0
0.0
0.0
0.0
0.0
2.0
77.0
187.0
307.0
456.0
584.0
711.0
444.0
433.0
396.0
341.0
354.0
283.0
209.0
137.0
60.0
5.0
0.0
0.0
0.0
0.0
0.0
0.0
0.0
1.0
10.0
33.0
56.0
79.0
98.0
106.0
117.0
124.0
119.0
107.0
84.0
72.0
54.0
33.0
14.0
1.0
0.0
0.0
0.0
0.0
0.0
0.0
0.0
1.0
10.0
25.0
45.0
59.0
74.0
93.0
95.0
99.0
101.0
89.0
85.0
74.0
51.0
32.0
15.0
2.0
0.0
0.0
0.0
0.0
0.0
0.0
0.0
1.0
21.0
52.0
87.0
123.0
160.0
188.0
197.0
204.0
201.0
178.0
159.0
124.0
90.0
55.0
23.0
2.0
0.0
0.0
0.0
0.0
0.0
0.0
0.0
1.0
41.0
86.0
185.0
250.0
290.0
367.0
359.0
391.0
378.0
357.0
354.0
314.0
218.0
143.0
59.0
6.0
0.0
0.0
0.0
0.0
0.0
0.0
0.0
2.0
31.0
77.0
109.0
167.0
269.0
310.0
277.0
283.0
249.0
234.0
213.0
194.0
125.0
72.0
9.0
2.0
0.0
0.0
0.0
0.0
0.0
0.0
0.0
3.0
53.0
119.0
172.0
231.0
312.0
377.0
381.0
402.0
389.0
364.0
309.0
250.0
188.0
101.0
35.0
2.0
0.0
0.0
0.0
0.0
0.0
0.0
0.0
2.0
15.0
39.0
72.0
95.0
111.0
129.0
126.0
138.0
144.0
128.0
107.0
82.0
60.0
42.0
21.0
3.0
0.0
0.0
0.0
0.0
0.0
0.0
0.0
3.0
26.0
55.0
103.0
125.0
183.0
172.0
169.0
160.0
171.0
184.0
175.0
120.0
78.0
51.0
30.0
3.0
0.0
0.0
0.0
0.0
0.0
0.0
0.0
2.0
15.0
29.0
53.0
71.0
91.0
111.0
133.0
134.0
125.0
115.0
102.0
82.0
62.0
40.0
18.0
3.0
0.0
0.0
0.0
0.0
0.0
0.0
0.0
10.0
98.0
164.0
254.0
327.0
452.0
545.0
706.0
662.0
655.0
655.0
523.0
414.0
293.0
167.0
84.0
27.0
0.0
0.0
0.0
0.0
0.0
0.0
0.0
7.0
87.0
171.0
291.0
431.0
540.0
658.0
733.0
715.0
613.0
534.0
443.0
357.0
274.0
179.0
92.0
27.0
0.0
0.0
0.0
0.0
0.0
0.0
0.0
11.0
58.0
179.0
275.0
327.0
419.0
487.0
410.0
383.0
339.0
546.0
305.0
390.0
195.0
153.0
28.0
4.0
0.0
0.0
0.0
0.0
0.0
0.0
0.0
10.0
92.0
181.0
292.0
394.0
529.0
630.0
668.0
701.0
634.0
551.0
519.0
373.0
293.0
213.0
102.0
34.0
0.0
0.0
0.0
0.0
0.0
0.0
0.0
34.0
120.0
243.0
379.0
511.0
627.0
722.0
779.0
804.0
789.0
735.0
645.0
533.0
401.0
265.0
139.0
47.0
0.0
0.0
0.0
0.0
0.0
0.0
0.0
37.0
124.0
247.0
382.0
514.0
631.0
720.0
778.0
800.0
783.0
729.0
643.0
530.0
401.0
266.0
142.0
48.0
0.0
0.0
0.0
0.0
0.0
0.0
0.0
36.0
116.0
227.0
352.0
479.0
587.0
676.0
721.0
746.0
728.0
678.0
601.0
495.0
369.0
245.0
132.0
46.0
0.0
0.0
0.0
0.0
0.0
0.0
0.0
31.0
100.0
199.0
317.0
403.0
484.0
557.0
588.0
617.0
612.0
567.0
517.0
420.0
314.0
209.0
104.0
38.0
0.0
0.0
0.0
0.0
0.0
0.0
0.0
41.0
125.0
243.0
375.0
504.0
619.0
712.0
770.0
800.0
787.0
738.0
655.0
545.0
416.0
281.0
155.0
57.0
1.0
0.0
0.0
0.0
0.0
0.0
0.0
47.0
138.0
267.0
403.0
538.0
662.0
747.0
487.0
497.0
495.0
446.0
398.0
339.0
266.0
182.0
101.0
39.0
1.0
0.0
0.0
0.0
0.0
0.0
0.0
52.0
153.0
290.0
440.0
569.0
717.0
779.0
326.0
296.0
261.0
211.0
223.0
193.0
176.0
157.0
106.0
43.0
2.0
0.0
0.0
0.0
0.0
0.0
0.0
8.0
21.0
75.0
108.0
156.0
258.0
257.0
158.0
74.0
133.0
346.0
277.0
209.0
176.0
110.0
54.0
22.0
1.0
0.0
0.0
0.0
0.0
0.0
0.0
46.0
131.0
244.0
366.0
487.0
597.0
676.0
729.0
755.0
744.0
695.0
621.0
523.0
399.0
277.0
159.0
65.0
2.0
0.0
0.0
0.0
0.0
0.0
1.0
52.0
135.0
229.0
316.0
397.0
504.0
553.0
661.0
662.0
591.0
585.0
516.0
485.0
384.0
255.0
138.0
51.0
3.0
0.0
0.0
0.0
0.0
0.0
0.0
11.0
28.0
73.0
86.0
125.0
126.0
225.0
297.0
319.0
267.0
237.0
163.0
137.0
114.0
107.0
58.0
15.0
1.0
0.0
0.0
0.0
0.0
0.0
0.0
8.0
25.0
47.0
59.0
96.0
141.0
167.0
205.0
209.0
197.0
156.0
141.0
108.0
81.0
63.0
53.0
21.0
1.0
0.0
0.0
0.0
0.0
0.0
1.0
56.0
151.0
264.0
411.0
572.0
656.0
714.0
281.0
284.0
299.0
296.0
290.0
314.0
253.0
168.0
90.0
46.0
3.0
0.0
0.0
0.0
0.0
0.0
0.0
25.0
65.0
116.0
165.0
211.0
250.0
290.0
316.0
335.0
339.0
314.0
270.0
209.0
176.0
124.0
65.0
25.0
1.0
0.0
0.0
0.0
0.0
0.0
2.0
47.0
122.0
232.0
347.0
529.0
696.0
745.0
741.0
619.0
547.0
453.0
373.0
315.0
223.0
86.0
30.0
6.0
1.0
0.0
0.0
0.0
0.0
0.0
1.0
18.0
44.0
77.0
119.0
165.0
188.0
214.0
257.0
271.0
248.0
236.0
228.0
177.0
141.0
96.0
46.0
18.0
1.0
0.0
0.0
0.0
0.0
0.0
1.0
17.0
45.0
83.0
102.0
128.0
183.0
249.0
195.0
270.0
205.0
170.0
161.0
149.0
91.0
74.0
46.0
26.0
2.0
0.0
0.0
0.0
0.0
0.0
1.0
21.0
56.0
97.0
149.0
196.0
233.0
258.0
298.0
299.0
285.0
252.0
239.0
192.0
147.0
96.0
55.0
21.0
1.0
0.0
0.0
0.0
0.0
0.0
1.0
21.0
54.0
93.0
140.0
201.0
255.0
290.0
302.0
297.0
300.0
282.0
254.0
206.0
156.0
113.0
65.0
28.0
3.0
0.0
0.0
0.0
0.0
0.0
2.0
51.0
131.0
252.0
346.0
433.0
527.0
595.0
646.0
641.0
650.0
615.0
567.0
487.0
402.0
280.0
179.0
88.0
12.0
0.0
0.0
0.0
0.0
0.0
3.0
55.0
111.0
174.0
236.0
357.0
471.0
508.0
536.0
618.0
600.0
552.0
582.0
574.0
429.0
336.0
199.0
82.0
10.0
0.0
0.0
0.0
0.0
0.0
3.0
59.0
143.0
252.0
366.0
484.0
597.0
684.0
735.0
762.0
751.0
710.0
634.0
531.0
417.0
295.0
179.0
82.0
9.0
0.0
0.0
0.0
0.0
0.0
3.0
65.0
159.0
280.0
411.0
537.0
650.0
740.0
798.0
817.0
803.0
755.0
672.0
563.0
439.0
309.0
185.0
84.0
8.0
0.0
0.0
0.0
0.0
0.0
3.0
55.0
139.0
239.0
344.0
445.0
525.0
593.0
642.0
695.0
699.0
661.0
609.0
522.0
408.0
281.0
163.0
77.0
8.0
0.0
0.0
0.0
0.0
0.0
4.0
58.0
174.0
151.0
363.0
572.0
731.0
820.0
323.0
316.0
74.0
266.0
496.0
312.0
370.0
321.0
113.0
8.0
2.0
0.0
0.0
0.0
0.0
0.0
1.0
12.0
29.0
52.0
77.0
101.0
123.0
140.0
150.0
152.0
151.0
141.0
128.0
107.0
84.0
60.0
36.0
17.0
2.0
0.0
0.0
0.0
0.0
0.0
1.0
13.0
31.0
53.0
80.0
103.0
129.0
151.0
161.0
162.0
160.0
149.0
134.0
112.0
88.0
64.0
40.0
18.0
2.0
0.0
0.0
0.0
0.0
0.0
1.0
5.0
13.0
23.0
33.0
46.0
54.0
62.0
65.0
67.0
66.0
62.0
56.0
47.0
37.0
26.0
16.0
7.0
2.0
0.0
0.0
0.0
0.0
0.0
1.0
23.0
60.0
72.0
33.0
114.0
157.0
280.0
266.0
382.0
297.0
294.0
336.0
299.0
251.0
173.0
101.0
59.0
13.0
0.0
0.0
0.0
0.0
0.0
1.0
6.0
13.0
23.0
35.0
45.0
56.0
61.0
66.0
68.0
67.0
63.0
56.0
49.0
40.0
30.0
18.0
8.0
2.0
0.0
0.0
0.0
0.0
0.0
1.0
6.0
13.0
107.0
255.0
332.0
108.0
124.0
223.0
70.0
427.0
408.0
599.0
531.0
306.0
263.0
215.0
101.0
16.0
0.0
0.0
0.0
0.0
0.0
1.0
24.0
43.0
152.0
209.0
311.0
326.0
423.0
487.0
536.0
578.0
689.0
724.0
534.0
383.0
290.0
180.0
83.0
17.0
0.0
0.0
0.0
0.0
0.0
3.0
52.0
127.0
229.0
360.0
482.0
576.0
626.0
677.0
710.0
674.0
574.0
509.0
446.0
352.0
246.0
156.0
68.0
12.0
0.0
0.0
0.0
0.0
0.0
3.0
53.0
139.0
276.0
393.0
485.0
508.0
582.0
625.0
683.0
614.0
542.0
509.0
396.0
317.0
246.0
165.0
71.0
13.0
0.0
0.0
0.0
0.0
0.0
7.0
68.0
171.0
277.0
447.0
537.0
643.0
645.0
362.0
414.0
399.0
508.0
549.0
328.0
208.0
178.0
117.0
48.0
2.0
0.0
0.0
0.0
0.0
0.0
1.0
12.0
26.0
40.0
67.0
95.0
118.0
120.0
132.0
139.0
128.0
133.0
114.0
112.0
82.0
60.0
41.0
21.0
4.0
0.0
0.0
0.0
0.0
0.0
4.0
66.0
173.0
305.0
450.0
555.0
688.0
786.0
358.0
300.0
310.0
266.0
230.0
197.0
188.0
135.0
88.0
50.0
9.0
0.0
0.0
0.0
0.0
0.0
3.0
63.0
151.0
266.0
390.0
513.0
627.0
720.0
784.0
810.0
801.0
754.0
681.0
581.0
459.0
328.0
204.0
99.0
16.0
0.0
0.0
0.0
0.0
0.0
3.0
47.0
106.0
173.0
267.0
349.0
479.0
523.0
581.0
610.0
673.0
693.0
658.0
590.0
438.0
285.0
184.0
92.0
18.0
0.0
0.0
0.0
0.0
0.0
1.0
12.0
39.0
145.0
153.0
185.0
62.0
302.0
372.0
366.0
153.0
441.0
498.0
391.0
137.0
27.0
30.0
12.0
2.0
0.0
0.0
0.0
0.0
0.0
4.0
39.0
23.0
22.0
46.0
151.0
228.0
246.0
300.0
251.0
364.0
444.0
426.0
448.0
335.0
217.0
177.0
91.0
18.0
0.0
0.0
0.0
0.0
0.0
1.0
13.0
32.0
53.0
79.0
117.0
147.0
163.0
180.0
178.0
167.0
159.0
144.0
122.0
97.0
69.0
42.0
19.0
2.0
0.0
0.0
0.0
0.0
0.0
3.0
44.0
96.0
212.0
360.0
477.0
604.0
588.0
675.0
553.0
573.0
510.0
488.0
494.0
364.0
262.0
162.0
75.0
7.0
0.0
0.0
0.0
0.0
0.0
2.0
37.0
90.0
179.0
266.0
339.0
417.0
468.0
505.0
532.0
476.0
452.0
406.0
315.0
221.0
152.0
81.0
34.0
2.0
0.0
0.0
0.0
0.0
0.0
2.0
57.0
141.0
252.0
377.0
503.0
613.0
681.0
730.0
746.0
737.0
689.0
610.0
507.0
406.0
290.0
179.0
87.0
12.0
0.0
0.0
0.0
0.0
0.0
3.0
63.0
150.0
227.0
345.0
401.0
546.0
701.0
451.0
537.0
487.0
490.0
442.0
404.0
319.0
242.0
163.0
100.0
21.0
0.0
0.0
0.0
0.0
0.0
1.0
21.0
60.0
102.0
146.0
204.0
243.0
311.0
335.0
339.0
340.0
314.0
299.0
224.0
167.0
133.0
74.0
32.0
5.0
0.0
0.0
0.0
0.0
0.0
1.0
31.0
56.0
92.0
134.0
292.0
477.0
493.0
367.0
618.0
474.0
545.0
648.0
577.0
431.0
360.0
219.0
102.0
27.0
0.0
0.0
0.0
0.0
0.0
1.0
13.0
33.0
62.0
97.0
136.0
179.0
191.0
184.0
193.0
195.0
188.0
167.0
137.0
109.0
81.0
48.0
20.0
2.0
0.0
0.0
0.0
0.0
0.0
1.0
15.0
37.0
69.0
110.0
111.0
128.0
178.0
180.0
182.0
195.0
156.0
130.0
97.0
91.0
58.0
39.0
22.0
3.0
0.0
0.0
0.0
0.0
0.0
0.0
16.0
41.0
73.0
120.0
154.0
191.0
208.0
225.0
246.0
244.0
224.0
196.0
166.0
128.0
86.0
50.0
24.0
2.0
0.0
0.0
0.0
0.0
0.0
1.0
33.0
62.0
110.0
157.0
154.0
72.0
58.0
149.0
290.0
362.0
450.0
254.0
298.0
234.0
250.0
95.0
42.0
6.0
0.0
0.0
0.0
0.0
0.0
1.0
42.0
118.0
221.0
330.0
449.0
547.0
601.0
654.0
695.0
689.0
666.0
592.0
498.0
419.0
289.0
182.0
87.0
9.0
0.0
0.0
0.0
0.0
0.0
0.0
17.0
51.0
108.0
162.0
202.0
229.0
255.0
256.0
260.0
296.0
256.0
220.0
203.0
159.0
107.0
67.0
23.0
2.0
0.0
0.0
0.0
0.0
0.0
0.0
49.0
127.0
253.0
426.0
528.0
667.0
766.0
405.0
473.0
408.0
359.0
388.0
339.0
230.0
176.0
105.0
48.0
11.0
0.0
0.0
0.0
0.0
0.0
0.0
41.0
116.0
219.0
337.0
457.0
559.0
655.0
712.0
749.0
749.0
703.0
629.0
537.0
425.0
303.0
181.0
83.0
8.0
0.0
0.0
0.0
0.0
0.0
0.0
16.0
51.0
109.0
181.0
230.0
276.0
350.0
380.0
384.0
393.0
393.0
331.0
273.0
219.0
139.0
72.0
29.0
1.0
0.0
0.0
0.0
0.0
0.0
0.0
22.0
63.0
120.0
179.0
240.0
267.0
306.0
331.0
380.0
357.0
341.0
308.0
251.0
183.0
128.0
65.0
27.0
1.0
0.0
0.0
0.0
0.0
0.0
0.0
11.0
35.0
65.0
99.0
134.0
162.0
186.0
202.0
203.0
188.0
177.0
162.0
137.0
105.0
74.0
44.0
20.0
1.0
0.0
0.0
0.0
0.0
0.0
0.0
3.0
10.0
19.0
30.0
40.0
180.0
537.0
671.0
887.0
618.0
466.0
431.0
413.0
137.0
112.0
108.0
81.0
5.0
0.0
0.0
0.0
0.0
0.0
0.0
6.0
16.0
32.0
53.0
81.0
102.0
115.0
120.0
135.0
119.0
110.0
98.0
82.0
69.0
42.0
25.0
12.0
1.0
0.0
0.0
0.0
0.0
0.0
0.0
8.0
28.0
49.0
88.0
107.0
125.0
145.0
183.0
179.0
175.0
165.0
139.0
116.0
116.0
78.0
52.0
19.0
1.0
0.0
0.0
0.0
0.0
0.0
0.0
18.0
33.0
158.0
201.0
242.0
473.0
431.0
368.0
367.0
657.0
556.0
419.0
329.0
188.0
119.0
62.0
6.0
1.0
0.0
0.0
0.0
0.0
0.0
0.0
12.0
49.0
99.0
151.0
222.0
256.0
300.0
315.0
312.0
321.0
302.0
245.0
215.0
155.0
104.0
55.0
20.0
1.0
0.0
0.0
0.0
0.0
0.0
0.0
5.0
50.0
104.0
152.0
216.0
284.0
307.0
331.0
329.0
337.0
293.0
246.0
208.0
163.0
106.0
64.0
26.0
1.0
0.0
0.0
0.0
0.0
0.0
0.0
7.0
53.0
104.0
163.0
212.0
268.0
291.0
326.0
339.0
328.0
314.0
289.0
235.0
186.0
116.0
66.0
25.0
1.0
0.0
0.0
0.0
0.0
0.0
0.0
25.0
115.0
173.0
272.0
257.0
352.0
340.0
393.0
440.0
277.0
431.0
454.0
353.0
207.0
75.0
41.0
21.0
0.0
0.0
0.0
0.0
0.0
0.0
0.0
9.0
77.0
164.0
267.0
361.0
452.0
520.0
564.0
581.0
572.0
542.0
475.0
374.0
284.0
189.0
101.0
37.0
0.0
0.0
0.0
0.0
0.0
0.0
0.0
7.0
76.0
164.0
265.0
366.0
464.0
531.0
570.0
577.0
570.0
535.0
489.0
407.0
308.0
200.0
105.0
39.0
0.0
0.0
0.0
0.0
0.0
0.0
0.0
2.0
14.0
27.0
45.0
64.0
73.0
88.0
97.0
104.0
106.0
97.0
90.0
68.0
48.0
33.0
20.0
7.0
0.0
0.0
0.0
0.0
0.0
0.0
0.0
11.0
99.0
222.0
365.0
460.0
421.0
329.0
265.0
225.0
301.0
116.0
51.0
51.0
32.0
22.0
44.0
17.0
0.0
0.0
0.0
0.0
0.0
0.0
0.0
5.0
68.0
155.0
258.0
362.0
458.0
522.0
571.0
599.0
601.0
559.0
489.0
401.0
305.0
203.0
107.0
36.0
0.0
0.0
0.0
0.0
0.0
0.0
0.0
5.0
79.0
180.0
298.0
419.0
529.0
616.0
676.0
700.0
693.0
651.0
578.0
478.0
362.0
241.0
127.0
43.0
0.0
0.0
0.0
0.0
0.0
0.0
0.0
1.0
82.0
185.0
292.0
390.0
373.0
346.0
493.0
519.0
430.0
509.0
255.0
306.0
274.0
207.0
107.0
50.0
1.0
0.0
0.0
0.0
0.0
0.0
0.0
1.0
30.0
74.0
170.0
221.0
263.0
314.0
350.0
370.0
357.0
321.0
273.0
220.0
173.0
121.0
70.0
20.0
0.0
0.0
0.0
0.0
0.0
0.0
0.0
4.0
83.0
194.0
330.0
492.0
624.0
662.0
485.0
481.0
511.0
394.0
303.0
304.0
222.0
172.0
83.0
27.0
0.0
0.0
0.0
0.0
0.0
0.0
0.0
3.0
70.0
173.0
287.0
397.0
507.0
611.0
682.0
720.0
706.0
667.0
589.0
480.0
366.0
239.0
126.0
37.0
0.0
0.0
0.0
0.0
0.0
0.0
0.0
1.0
27.0
89.0
114.0
169.0
248.0
327.0
362.0
380.0
397.0
387.0
363.0
265.0
201.0
104.0
51.0
3.0
0.0
0.0
0.0
0.0
0.0
0.0
0.0
3.0
56.0
118.0
175.0
356.0
253.0
366.0
500.0
326.0
319.0
56.0
178.0
216.0
327.0
157.0
75.0
22.0
0.0
0.0
0.0
0.0
0.0
0.0
0.0
0.0
9.0
21.0
36.0
55.0
75.0
89.0
98.0
96.0
99.0
101.0
89.0
73.0
55.0
35.0
16.0
2.0
0.0
0.0
0.0
0.0
0.0
0.0
0.0
0.0
5.0
65.0
108.0
191.0
205.0
292.0
237.0
236.0
338.0
374.0
233.0
235.0
169.0
114.0
76.0
18.0
0.0
0.0
0.0
0.0
0.0
0.0
0.0
1.0
45.0
168.0
301.0
431.0
559.0
625.0
540.0
583.0
555.0
415.0
286.0
108.0
89.0
25.0
8.0
2.0
0.0
0.0
0.0
0.0
0.0
0.0
0.0
0.0
50.0
141.0
262.0
378.0
486.0
578.0
641.0
681.0
658.0
619.0
546.0
450.0
327.0
207.0
100.0
10.0
0.0
0.0
0.0
0.0
0.0
0.0
0.0
0.0
11.0
17.0
43.0
116.0
293.0
356.0
426.0
517.0
469.0
332.0
410.0
482.0
388.0
236.0
110.0
18.0
0.0
0.0
0.0
0.0
0.0
0.0
0.0
0.0
51.0
148.0
271.0
399.0
514.0
603.0
670.0
699.0
691.0
642.0
562.0
452.0
330.0
203.0
90.0
6.0
0.0
0.0
0.0
0.0
0.0
0.0
0.0
0.0
16.0
49.0
85.0
129.0
165.0
205.0
230.0
237.0
227.0
212.0
177.0
139.0
102.0
65.0
27.0
1.0
0.0
0.0
0.0
0.0
0.0
0.0
0.0
0.0
16.0
50.0
90.0
130.0
159.0
195.0
215.0
223.0
222.0
208.0
175.0
141.0
101.0
62.0
26.0
1.0
0.0
0.0
0.0
0.0
0.0
0.0
0.0
0.0
32.0
88.0
193.0
265.0
355.0
402.0
476.0
548.0
503.0
446.0
452.0
405.0
293.0
206.0
87.0
9.0
0.0
0.0
0.0
0.0
0.0
0.0
0.0
0.0
3.0
11.0
21.0
32.0
41.0
49.0
54.0
57.0
56.0
53.0
45.0
39.0
28.0
15.0
6.0
1.0
0.0
0.0
0.0
0.0
0.0
0.0
0.0
0.0
6.0
20.0
35.0
58.0
75.0
82.0
94.0
93.0
90.0
81.0
78.0
62.0
43.0
26.0
11.0
1.0
0.0
0.0
0.0
0.0
0.0
0.0
0.0
0.0
14.0
102.0
203.0
309.0
411.0
486.0
538.0
562.0
539.0
490.0
427.0
335.0
237.0
138.0
52.0
1.0
0.0
0.0
0.0
0.0
0.0
0.0
0.0
0.0
11.0
100.0
200.0
302.0
384.0
471.0
526.0
549.0
524.0
478.0
419.0
342.0
247.0
142.0
51.0
0.0
0.0
0.0
0.0
0.0
0.0
0.0
0.0
0.0
6.0
43.0
23.0
79.0
125.0
62.0
276.0
181.0
329.0
293.0
332.0
173.0
135.0
54.0
27.0
1.0
0.0
0.0
0.0
0.0
0.0
0.0
0.0
0.0
13.0
120.0
254.0
88.0
283.0
662.0
518.0
641.0
224.0
52.0
45.0
36.0
25.0
45.0
11.0
0.0
0.0
0.0
0.0
0.0
0.0
0.0
0.0
0.0
2.0
30.0
57.0
82.0
127.0
146.0
170.0
158.0
153.0
143.0
122.0
93.0
40.0
14.0
4.0
0.0
0.0
0.0
0.0
0.0
0.0
0.0
0.0
0.0
3.0
33.0
63.0
118.0
158.0
155.0
172.0
214.0
206.0
120.0
103.0
92.0
72.0
17.0
11.0
0.0
0.0
0.0
0.0
0.0
0.0
0.0
0.0
0.0
2.0
33.0
73.0
110.0
154.0
177.0
191.0
210.0
211.0
199.0
166.0
149.0
84.0
52.0
19.0
0.0
0.0
0.0
0.0
0.0
0.0
0.0
0.0
0.0
2.0
24.0
41.0
78.0
111.0
192.0
289.0
304.0
361.0
248.0
142.0
168.0
99.0
13.0
27.0
0.0
0.0
0.0
0.0
0.0
0.0
0.0
0.0
0.0
4.0
68.0
158.0
242.0
375.0
445.0
415.0
449.0
526.0
435.0
408.0
290.0
123.0
51.0
3.0
0.0
0.0
0.0
0.0
0.0
0.0
0.0
0.0
0.0
1.0
31.0
96.0
154.0
236.0
290.0
317.0
384.0
338.0
316.0
213.0
168.0
135.0
79.0
3.0
0.0
0.0
0.0
0.0
0.0
0.0
0.0
0.0
0.0
1.0
7.0
17.0
28.0
41.0
45.0
50.0
52.0
51.0
47.0
40.0
31.0
21.0
12.0
3.0
0.0
0.0
0.0
0.0
0.0
0.0
0.0
0.0
0.0
4.0
58.0
157.0
207.0
358.0
388.0
374.0
310.0
241.0
317.0
353.0
284.0
224.0
137.0
22.0
0.0
0.0
0.0
0.0
0.0
0.0
0.0
0.0
0.0
1.0
14.0
39.0
61.0
92.0
112.0
122.0
122.0
122.0
110.0
80.0
67.0
44.0
24.0
3.0
0.0
0.0
0.0
0.0
0.0
0.0
0.0
0.0
0.0
2.0
74.0
178.0
306.0
409.0
475.0
534.0
571.0
562.0
515.0
452.0
351.0
221.0
112.0
9.0
0.0
0.0
0.0
0.0
0.0
0.0
0.0
0.0
0.0
2.0
73.0
175.0
288.0
397.0
453.0
493.0
519.0
558.0
481.0
414.0
307.0
197.0
90.0
5.0
0.0
0.0
0.0
0.0
0.0
0.0
0.0
0.0
0.0
0.0
6.0
56.0
171.0
276.0
592.0
414.0
472.0
656.0
409.0
209.0
29.0
19.0
9.0
2.0
0.0
0.0
0.0
0.0
0.0
0.0
0.0
0.0
0.0
0.0
31.0
84.0
141.0
192.0
231.0
267.0
258.0
248.0
236.0
201.0
144.0
87.0
34.0
1.0
0.0
0.0
0.0
0.0
0.0
0.0
0.0
0.0
0.0
1.0
65.0
178.0
307.0
426.0
524.0
574.0
601.0
589.0
539.0
445.0
330.0
209.0
93.0
4.0
0.0
0.0
0.0
0.0
0.0
0.0
0.0
0.0
0.0
0.0
17.0
52.0
64.0
124.0
135.0
152.0
164.0
165.0
172.0
148.0
84.0
36.0
23.0
1.0
0.0
0.0
0.0
0.0
0.0
0.0
0.0
0.0
0.0
0.0
48.0
137.0
239.0
334.0
409.0
459.0
485.0
470.0
432.0
360.0
270.0
168.0
69.0
2.0
0.0
0.0
0.0
0.0
0.0
0.0
0.0
0.0
0.0
0.0
6.0
16.0
27.0
37.0
42.0
55.0
69.0
398.0
359.0
298.0
219.0
139.0
59.0
2.0
0.0
0.0
0.0
0.0
0.0
0.0
0.0
0.0
0.0
0.0
57.0
170.0
302.0
425.0
523.0
587.0
611.0
592.0
540.0
451.0
334.0
203.0
81.0
1.0
0.0
0.0
0.0
0.0
0.0
0.0
0.0
0.0
0.0
0.0
17.0
21.0
55.0
169.0
268.0
350.0
344.0
185.0
177.0
86.0
46.0
64.0
28.0
0.0
0.0
0.0
0.0
0.0
0.0
0.0
0.0
0.0
0.0
0.0
6.0
18.0
34.0
47.0
60.0
77.0
78.0
69.0
60.0
48.0
38.0
21.0
8.0
0.0
0.0
0.0
0.0
0.0
0.0
0.0
0.0
0.0
0.0
0.0
20.0
24.0
82.0
203.0
264.0
207.0
164.0
159.0
249.0
187.0
87.0
23.0
5.0
0.0
0.0
0.0
0.0
0.0
0.0
0.0
0.0
0.0
0.0
0.0
3.0
88.0
200.0
360.0
545.0
431.0
427.0
246.0
86.0
44.0
24.0
14.0
19.0
0.0
0.0
0.0
0.0
0.0
0.0
0.0
0.0
0.0
0.0
0.0
3.0
43.0
93.0
128.0
169.0
192.0
185.0
205.0
176.0
136.0
102.0
53.0
20.0
0.0
0.0
0.0
0.0
0.0
0.0
0.0
0.0
0.0
0.0
0.0
25.0
159.0
221.0
125.0
78.0
341.0
315.0
198.0
308.0
363.0
254.0
141.0
55.0
0.0
0.0
0.0
0.0
0.0
0.0
0.0
0.0
0.0
0.0
0.0
3.0
14.0
22.0
50.0
45.0
61.0
71.0
405.0
383.0
311.0
212.0
120.0
37.0
0.0
0.0
0.0
0.0
0.0
0.0
0.0
0.0
0.0
0.0
0.0
2.0
11.0
22.0
31.0
39.0
108.0
103.0
385.0
374.0
246.0
182.0
132.0
6.0
0.0
0.0
0.0
0.0
0.0
0.0
0.0
0.0
0.0
0.0
0.0
2.0
27.0
53.0
82.0
111.0
122.0
126.0
112.0
102.0
84.0
52.0
27.0
4.0
0.0
0.0
0.0
0.0
0.0
0.0
0.0
0.0
0.0
0.0
0.0
2.0
16.0
28.0
38.0
49.0
60.0
66.0
62.0
53.0
42.0
30.0
17.0
3.0
0.0
0.0
0.0
0.0
0.0
0.0
0.0
0.0
0.0
0.0
0.0
2.0
28.0
59.0
94.0
112.0
131.0
136.0
125.0
106.0
89.0
57.0
30.0
2.0
0.0
0.0
0.0
0.0
0.0
0.0
0.0
0.0
0.0
0.0
0.0
2.0
34.0
69.0
103.0
132.0
139.0
153.0
151.0
124.0
91.0
64.0
32.0
2.0
0.0
0.0
0.0
0.0
0.0
0.0
0.0
0.0
0.0
0.0
0.0
1.0
43.0
84.0
117.0
118.0
156.0
308.0
387.0
418.0
386.0
263.0
102.0
17.0
0.0
0.0
0.0
0.0
0.0
0.0
0.0
0.0
0.0
0.0
0.0
3.0
78.0
174.0
269.0
333.0
372.0
423.0
376.0
328.0
247.0
159.0
76.0
2.0
0.0
0.0
0.0
0.0
0.0
0.0
0.0
0.0
0.0
0.0
0.0
1.0
41.0
90.0
132.0
166.0
189.0
198.0
196.0
180.0
144.0
90.0
43.0
1.0
0.0
0.0
0.0
0.0
0.0
0.0
0.0
0.0
0.0
0.0
0.0
1.0
46.0
128.0
174.0
208.0
308.0
304.0
283.0
152.0
91.0
18.0
15.0
1.0
0.0
0.0
0.0
0.0
0.0
0.0
0.0
0.0
0.0
0.0
0.0
1.0
8.0
20.0
27.0
34.0
39.0
41.0
294.0
314.0
215.0
143.0
65.0
1.0
0.0
0.0
0.0
0.0
0.0
0.0
0.0
0.0
0.0
0.0
0.0
1.0
7.0
48.0
72.0
108.0
106.0
57.0
320.0
262.0
200.0
122.0
53.0
1.0
0.0
0.0
0.0
0.0
0.0
0.0
0.0
0.0
0.0
0.0
0.0
1.0
45.0
106.0
194.0
244.0
288.0
317.0
310.0
263.0
172.0
104.0
45.0
1.0
0.0
0.0
0.0
0.0
0.0
0.0
0.0
0.0
0.0
0.0
0.0
2.0
79.0
161.0
134.0
332.0
300.0
39.0
496.0
158.0
268.0
130.0
16.0
0.0
0.0
0.0
0.0
0.0
0.0
0.0
0.0
0.0
0.0
0.0
0.0
0.0
30.0
48.0
93.0
129.0
149.0
193.0
190.0
165.0
123.0
71.0
33.0
1.0
0.0
0.0
0.0
0.0
0.0
0.0
0.0
0.0
0.0
0.0
0.0
0.0
7.0
17.0
27.0
36.0
47.0
48.0
49.0
42.0
33.0
19.0
7.0
0.0
0.0
0.0
0.0
0.0
0.0
0.0
0.0
0.0
0.0
0.0
0.0
0.0
64.0
171.0
279.0
370.0
427.0
444.0
426.0
372.0
281.0
167.0
62.0
0.0
0.0
0.0
0.0
0.0
0.0
0.0
0.0
0.0
0.0
0.0
0.0
1.0
68.0
172.0
284.0
331.0
313.0
229.0
229.0
160.0
77.0
75.0
5.0
0.0
0.0
0.0
0.0
0.0
0.0
0.0
0.0
0.0
0.0
0.0
0.0
0.0
22.0
64.0
58.0
168.0
179.0
211.0
174.0
188.0
191.0
136.0
58.0
0.0
0.0
0.0
0.0
0.0
0.0
0.0
0.0
0.0
0.0
0.0
0.0
0.0
15.0
53.0
82.0
115.0
142.0
119.0
119.0
97.0
61.0
32.0
11.0
0.0
0.0
0.0
0.0
0.0
0.0
0.0
0.0
0.0
0.0
0.0
0.0
0.0
8.0
26.0
78.0
105.0
70.0
37.0
229.0
160.0
110.0
53.0
3.0
0.0
0.0
0.0
0.0
0.0
0.0
0.0
0.0
0.0
0.0
0.0
0.0
0.0
18.0
12.0
34.0
146.0
201.0
265.0
280.0
277.0
263.0
88.0
20.0
0.0
0.0
0.0
0.0
0.0
0.0
0.0
0.0
0.0
0.0
0.0
0.0
0.0
13.0
77.0
91.0
112.0
56.0
115.0
152.0
304.0
206.0
128.0
38.0
0.0
0.0
0.0
0.0
0.0
0.0
0.0
0.0
0.0
0.0
0.0
0.0
0.0
4.0
27.0
48.0
72.0
62.0
64.0
293.0
233.0
170.0
86.0
3.0
0.0
0.0
0.0
0.0
0.0
0.0
0.0
0.0
0.0
0.0
0.0
0.0
0.0
6.0
13.0
144.0
228.0
358.0
455.0
215.0
137.0
32.0
22.0
2.0
0.0
0.0
0.0
0.0
0.0
0.0
0.0
0.0
0.0
0.0
0.0
0.0
0.0
5.0
63.0
118.0
162.0
210.0
202.0
204.0
159.0
125.0
69.0
2.0
0.0
0.0
0.0
0.0
0.0
0.0
0.0
0.0
0.0
0.0
0.0
0.0
0.0
13.0
106.0
203.0
262.0
305.0
325.0
298.0
245.0
148.0
64.0
2.0
0.0
0.0
0.0
0.0
0.0
0.0
0.0
0.0
0.0
0.0
0.0
0.0
0.0
3.0
40.0
75.0
99.0
113.0
122.0
109.0
89.0
63.0
30.0
1.0
0.0
0.0
0.0
0.0
0.0
0.0
0.0
0.0
0.0
0.0
0.0
0.0
0.0
2.0
25.0
56.0
72.0
77.0
78.0
76.0
58.0
45.0
25.0
2.0
0.0
0.0
0.0
0.0
0.0
0.0
0.0
0.0
0.0
0.0
0.0
0.0
0.0
2.0
18.0
33.0
51.0
61.0
60.0
56.0
44.0
30.0
14.0
1.0
0.0
0.0
0.0
0.0
0.0
0.0
0.0
0.0
0.0
0.0
0.0
0.0
0.0
2.0
20.0
46.0
65.0
68.0
70.0
61.0
44.0
32.0
16.0
1.0
0.0
0.0
0.0
0.0
0.0
0.0
0.0
0.0
0.0
0.0
0.0
0.0
0.0
2.0
24.0
49.0
55.0
81.0
92.0
76.0
65.0
42.0
16.0
1.0
0.0
0.0
0.0
0.0
0.0
0.0
0.0
0.0
0.0
0.0
0.0
0.0
0.0
1.0
27.0
52.0
63.0
85.0
88.0
73.0
56.0
37.0
15.0
1.0
0.0
0.0
0.0
0.0
0.0
0.0
0.0
0.0
0.0
0.0
0.0
0.0
0.0
1.0
50.0
116.0
164.0
162.0
178.0
146.0
169.0
146.0
76.0
2.0
0.0
0.0
0.0
0.0
0.0
0.0
0.0
0.0
0.0
0.0
0.0
0.0
0.0
1.0
33.0
75.0
110.0
135.0
143.0
129.0
99.0
71.0
30.0
0.0
0.0
0.0
0.0
0.0
0.0
0.0
0.0
0.0
0.0
0.0
0.0
0.0
0.0
1.0
15.0
30.0
54.0
78.0
99.0
94.0
72.0
45.0
19.0
0.0
0.0
0.0
0.0
0.0
0.0
0.0
0.0
0.0
0.0
0.0
0.0
0.0
0.0
1.0
14.0
33.0
48.0
53.0
59.0
58.0
42.0
28.0
10.0
0.0
0.0
0.0
0.0
0.0
0.0
0.0
0.0
0.0
0.0
0.0
0.0
0.0
0.0
1.0
19.0
147.0
136.0
165.0
28.0
74.0
230.0
100.0
4.0
0.0
0.0
0.0
0.0
0.0
0.0
0.0
0.0
0.0
0.0
0.0
0.0
0.0
0.0
0.0
17.0
39.0
58.0
60.0
71.0
62.0
45.0
37.0
13.0
0.0
0.0
0.0
0.0
0.0
0.0
0.0
0.0
0.0
0.0
0.0
0.0
0.0
0.0
1.0
51.0
21.0
17.0
125.0
247.0
263.0
159.0
93.0
44.0
0.0
0.0
0.0
0.0
0.0
0.0
0.0
0.0
0.0
0.0
0.0
0.0
0.0
0.0
0.0
23.0
33.0
181.0
177.0
168.0
182.0
218.0
116.0
8.0
0.0
0.0
0.0
0.0
0.0
0.0
0.0
0.0
0.0
0.0
0.0
0.0
0.0
0.0
0.0
14.0
31.0
18.0
31.0
53.0
221.0
161.0
94.0
3.0
0.0
0.0
0.0
0.0
0.0
0.0
0.0
0.0
0.0
0.0
0.0
0.0
0.0
0.0
0.0
52.0
136.0
189.0
233.0
248.0
240.0
196.0
118.0
21.0
0.0
0.0
0.0
0.0
0.0
0.0
0.0
0.0
0.0
0.0
0.0
0.0
0.0
0.0
0.0
6.0
18.0
28.0
36.0
41.0
34.0
23.0
14.0
2.0
0.0
0.0
0.0
0.0
0.0
0.0
0.0
0.0
0.0
0.0
0.0
0.0
0.0
0.0
0.0
12.0
36.0
83.0
86.0
104.0
91.0
54.0
29.0
2.0
0.0
0.0
0.0
0.0
0.0
0.0
0.0
0.0
0.0
0.0
0.0
0.0
0.0
0.0
0.0
8.0
66.0
108.0
113.0
126.0
89.0
92.0
34.0
2.0
0.0
0.0
0.0
0.0
0.0
0.0
0.0
0.0
0.0
0.0
0.0
0.0
0.0
0.0
0.0
7.0
53.0
88.0
106.0
122.0
123.0
106.0
97.0
11.0
0.0
0.0
0.0
0.0
0.0
0.0
0.0
0.0
0.0
0.0
0.0
0.0
0.0
0.0
0.0
3.0
20.0
36.0
45.0
46.0
42.0
32.0
18.0
1.0
0.0
0.0
0.0
0.0
0.0
0.0
0.0
0.0
0.0
0.0
0.0
0.0
0.0
0.0
0.0
10.0
100.0
173.0
211.0
186.0
182.0
141.0
74.0
1.0
0.0
0.0
0.0
0.0
0.0
0.0
0.0
0.0
0.0
0.0
0.0
0.0
0.0
0.0
0.0
8.0
72.0
133.0
170.0
189.0
180.0
148.0
82.0
5.0
0.0
0.0
0.0
0.0
0.0
0.0
0.0
0.0
0.0
0.0
0.0
0.0
0.0
0.0
0.0
4.0
43.0
78.0
103.0
101.0
93.0
66.0
30.0
1.0
0.0
0.0
0.0
0.0
0.0
0.0
0.0
0.0
0.0
0.0
0.0
0.0
0.0
0.0
0.0
7.0
91.0
156.0
183.0
185.0
166.0
112.0
51.0
1.0
0.0
0.0
0.0
0.0
0.0
0.0
0.0
0.0
0.0
0.0
0.0
0.0
0.0
0.0
0.0
2.0
8.0
17.0
17.0
18.0
148.0
106.0
51.0
1.0
0.0
0.0
0.0
0.0
0.0
0.0
0.0
0.0
0.0
0.0
0.0
0.0
0.0
0.0
0.0
1.0
17.0
28.0
31.0
38.0
161.0
105.0
51.0
1.0
0.0
0.0
0.0
0.0
0.0
0.0
0.0
0.0
0.0
0.0
0.0
0.0
0.0
0.0
0.0
1.0
6.0
12.0
15.0
15.0
15.0
10.0
5.0
0.0
0.0
0.0
0.0
0.0
0.0
0.0
0.0
0.0
0.0
0.0
0.0
0.0
0.0
0.0
0.0
1.0
5.0
11.0
13.0
14.0
13.0
9.0
4.0
0.0
0.0
0.0
0.0
0.0
0.0
0.0
0.0
0.0
0.0
0.0
0.0
0.0
0.0
0.0
0.0
1.0
18.0
32.0
43.0
47.0
44.0
32.0
15.0
0.0
0.0
0.0
0.0
0.0
0.0
0.0
0.0
0.0
0.0
0.0
0.0
0.0
0.0
0.0
0.0
1.0
24.0
36.0
49.0
47.0
53.0
48.0
18.0
0.0
0.0
0.0
0.0
0.0
0.0
0.0
0.0
0.0
0.0
0.0
0.0
0.0
0.0
0.0
0.0
1.0
5.0
12.0
16.0
18.0
16.0
11.0
5.0
0.0
0.0
0.0
0.0
0.0
0.0
0.0
0.0
0.0
0.0
0.0
0.0
0.0
0.0
0.0
0.0
0.0
11.0
21.0
30.0
34.0
28.0
20.0
8.0
0.0
0.0
0.0
0.0
0.0
0.0
0.0
0.0
0.0
0.0
0.0
0.0
0.0
0.0
0.0
0.0
0.0
13.0
30.0
43.0
41.0
32.0
26.0
12.0
0.0
0.0
0.0
0.0
0.0
0.0
0.0
0.0
0.0
0.0
0.0
0.0
0.0
0.0
0.0
0.0
0.0
15.0
31.0
41.0
46.0
40.0
23.0
12.0
0.0
0.0
0.0
0.0
0.0
0.0
0.0
0.0
0.0
0.0
0.0
0.0
0.0
0.0
0.0
0.0
0.0
7.0
15.0
26.0
21.0
94.0
72.0
31.0
0.0
0.0
0.0
0.0
0.0
0.0
0.0
0.0
0.0
0.0
0.0
0.0
0.0
0.0
0.0
0.0
0.0
8.0
18.0
25.0
28.0
25.0
18.0
3.0
0.0
0.0
0.0
0.0
0.0
0.0
0.0
0.0
0.0
0.0
0.0
0.0
0.0
0.0
0.0
0.0
0.0
41.0
50.0
69.0
102.0
142.0
90.0
17.0
0.0
0.0
0.0
0.0
0.0
0.0
0.0
0.0
0.0
0.0
0.0
0.0
0.0
0.0
0.0
0.0
0.0
31.0
73.0
108.0
128.0
120.0
75.0
13.0
0.0
0.0
0.0
0.0
0.0
0.0
0.0
0.0
0.0
0.0
0.0
0.0
0.0
0.0
0.0
0.0
0.0
3.0
7.0
10.0
11.0
9.0
6.0
2.0
0.0
0.0
0.0
0.0
0.0
0.0
0.0
0.0
0.0
0.0
0.0
0.0
0.0
0.0
0.0
0.0
0.0
2.0
6.0
9.0
10.0
9.0
5.0
2.0
0.0
0.0
0.0
0.0
0.0
0.0
0.0
0.0
0.0
0.0
0.0
0.0
0.0
0.0
0.0
0.0
0.0
2.0
6.0
10.0
11.0
10.0
7.0
2.0
0.0
0.0
0.0
0.0
0.0
0.0
0.0
0.0
0.0
0.0
0.0
0.0
0.0
0.0
0.0
0.0
0.0
2.0
10.0
15.0
17.0
15.0
9.0
1.0
0.0
0.0
0.0
0.0
0.0
0.0
0.0
0.0
0.0
0.0
0.0
0.0
0.0
0.0
0.0
0.0
0.0
14.0
15.0
73.0
96.0
54.0
25.0
5.0
0.0
0.0
0.0
0.0
0.0
0.0
0.0
0.0
0.0
0.0
0.0
0.0
0.0
0.0
0.0
0.0
0.0
7.0
69.0
104.0
139.0
100.0
74.0
9.0
0.0
0.0
0.0
0.0
0.0
0.0
0.0
0.0
0.0
0.0
0.0
0.0
0.0
0.0
0.0
0.0
0.0
2.0
7.0
11.0
12.0
96.0
60.0
5.0
0.0
0.0
0.0
0.0
0.0
0.0
0.0
0.0
0.0
0.0
0.0
0.0
0.0
0.0
0.0
0.0
0.0
4.0
39.0
62.0
65.0
52.0
29.0
1.0
0.0
0.0
0.0
0.0
0.0
0.0
0.0
0.0
0.0
0.0
0.0
0.0
0.0
0.0
0.0
0.0
0.0
6.0
69.0
108.0
119.0
102.0
51.0
1.0
0.0
0.0
0.0
0.0
0.0
0.0
0.0
0.0
0.0
0.0
0.0
0.0
0.0
0.0
0.0
0.0
0.0
2.0
21.0
35.0
38.0
32.0
18.0
1.0
0.0
0.0
0.0
0.0
0.0
0.0
0.0
0.0
0.0
0.0
0.0
0.0
0.0
0.0
0.0
0.0
0.0
2.0
26.0
38.0
48.0
36.0
20.0
1.0
0.0
0.0
0.0
0.0
0.0
0.0
0.0
0.0
0.0
0.0
0.0
0.0
0.0
0.0
0.0
0.0
0.0
1.0
16.0
28.0
30.0
26.0
15.0
1.0
0.0
0.0
0.0
0.0
0.0
0.0
0.0
0.0
0.0
0.0
0.0
0.0
0.0
0.0
0.0
0.0
0.0
1.0
17.0
22.0
28.0
28.0
14.0
1.0
0.0
0.0
0.0
0.0
0.0
0.0
0.0
0.0
0.0
0.0
0.0
0.0
0.0
0.0
0.0
0.0
0.0
1.0
26.0
51.0
63.0
60.0
28.0
1.0
0.0
0.0
0.0
0.0
0.0
0.0
0.0
0.0
0.0
0.0
0.0
0.0
0.0
0.0
0.0
0.0
0.0
1.0
13.0
20.0
25.0
22.0
14.0
1.0
0.0
0.0
0.0
0.0
0.0
0.0
0.0
0.0
0.0
0.0
0.0
0.0
0.0
0.0
0.0
0.0
0.0
1.0
4.0
12.0
19.0
68.0
37.0
1.0
0.0
0.0
0.0
0.0
0.0
0.0
0.0
0.0
0.0
0.0
0.0
0.0
0.0
0.0
0.0
0.0
0.0
0.0
11.0
22.0
33.0
26.0
17.0
1.0
0.0
0.0
0.0
0.0
0.0
0.0
0.0
0.0
0.0
0.0
0.0
0.0
0.0
0.0
0.0
0.0
0.0
0.0
13.0
21.0
26.0
22.0
13.0
1.0
0.0
0.0
0.0
0.0
0.0
0.0
0.0
0.0
0.0
0.0
0.0
0.0
0.0
0.0
0.0
0.0
0.0
0.0
15.0
55.0
36.0
42.0
15.0
1.0
0.0
0.0
0.0
0.0
0.0
0.0
0.0
0.0
0.0
0.0
0.0
0.0
0.0
0.0
0.0
0.0
0.0
0.0
11.0
20.0
30.0
28.0
17.0
0.0
0.0
0.0
0.0
0.0
0.0
0.0
0.0
0.0
0.0
0.0
0.0
0.0
0.0
0.0
0.0
0.0
0.0
0.0
15.0
25.0
32.0
23.0
11.0
0.0
0.0
0.0
0.0
0.0
0.0
0.0
0.0
0.0
0.0
0.0
0.0
0.0
0.0
0.0
0.0
0.0
0.0
0.0
8.0
14.0
18.0
16.0
9.0
0.0
0.0
0.0
0.0
0.0
0.0
0.0
0.0
0.0
0.0
0.0
0.0
0.0
0.0
0.0
0.0
0.0
0.0
0.0
7.0
16.0
18.0
16.0
9.0
0.0
0.0
0.0
0.0
0.0
0.0
0.0
0.0
0.0
0.0
0.0
0.0
0.0
0.0
0.0
0.0
0.0
0.0
0.0
4.0
8.0
92.0
55.0
32.0
2.0
0.0
0.0
0.0
0.0
0.0
0.0
0.0
0.0
0.0
0.0
0.0
0.0
0.0
0.0
0.0
0.0
0.0
0.0
17.0
21.0
25.0
26.0
8.0
0.0
0.0
0.0
0.0
0.0
0.0
0.0
0.0
0.0
0.0
0.0
0.0
0.0
0.0
0.0
0.0
0.0
0.0
0.0
13.0
44.0
59.0
68.0
15.0
1.0
0.0
0.0
0.0
0.0
0.0
0.0
0.0
0.0
0.0
0.0
0.0
0.0
0.0
0.0
0.0
0.0
0.0
0.0
16.0
30.0
80.0
59.0
4.0
0.0
0.0
0.0
0.0
0.0
0.0
0.0
0.0
0.0
0.0
0.0
0.0
0.0
0.0
0.0
0.0
0.0
0.0
0.0
3.0
6.0
8.0
56.0
29.0
0.0
0.0
0.0
0.0
0.0
0.0
0.0
0.0
0.0
0.0
0.0
0.0
0.0
0.0
0.0
0.0
0.0
0.0
0.0
3.0
6.0
7.0
6.0
3.0
0.0
0.0
0.0
0.0
0.0
0.0
0.0
0.0
0.0
0.0
0.0
0.0
0.0
0.0
0.0
0.0
0.0
0.0
0.0
3.0
6.0
7.0
6.0
4.0
0.0
0.0
0.0
0.0
0.0
0.0
0.0
0.0
0.0
0.0
0.0
0.0
0.0
0.0
0.0
0.0
0.0
0.0
0.0
7.0
16.0
23.0
19.0
10.0
0.0
0.0
0.0
0.0
0.0
0.0
0.0
0.0
0.0
0.0
0.0
0.0
0.0
0.0
0.0
0.0
0.0
0.0
0.0
7.0
14.0
20.0
18.0
10.0
0.0
0.0
0.0
0.0
0.0
0.0
0.0
0.0
0.0
0.0
0.0
0.0
0.0
0.0
0.0
0.0
0.0
0.0
0.0
7.0
15.0
20.0
18.0
8.0
0.0
0.0
0.0
0.0
0.0
0.0
0.0
0.0
0.0
0.0
0.0
0.0
0.0
0.0
0.0
0.0
0.0
0.0
0.0
5.0
7.0
9.0
74.0
40.0
1.0
0.0
0.0
0.0
0.0
0.0
0.0
0.0
0.0
0.0
0.0
0.0
0.0
0.0
0.0
0.0
0.0
0.0
0.0
9.0
9.0
25.0
64.0
32.0
0.0
0.0
0.0
0.0
0.0
0.0
0.0
0.0
0.0
0.0
0.0
0.0
0.0
0.0
0.0
0.0
0.0
0.0
0.0
2.0
6.0
8.0
7.0
4.0
0.0
0.0
0.0
0.0
0.0
0.0
0.0
0.0
0.0
0.0
0.0
0.0
0.0
0.0
0.0
0.0
0.0
0.0
0.0
4.0
7.0
11.0
72.0
42.0
0.0
0.0
0.0
0.0
0.0
0.0
0.0
0.0
0.0
0.0
0.0
0.0
0.0
0.0
0.0
0.0
0.0
0.0
0.0
29.0
69.0
86.0
76.0
41.0
0.0
0.0
0.0
0.0
0.0
0.0
0.0
0.0
0.0
0.0
0.0
0.0
0.0
0.0
0.0
0.0
0.0
0.0
0.0
8.0
16.0
23.0
25.0
13.0
0.0
0.0
0.0
0.0
0.0
0.0
0.0
0.0
0.0
0.0
0.0
0.0
0.0
0.0
0.0
0.0
0.0
0.0
0.0
20.0
49.0
66.0
54.0
28.0
0.0
0.0
0.0
0.0
0.0
0.0
0.0
0.0
0.0
0.0
0.0
0.0
0.0
0.0
0.0
0.0
0.0
0.0
0.0
11.0
24.0
32.0
24.0
14.0
0.0
0.0
0.0
0.0
0.0
0.0
0.0
0.0
0.0
0.0
0.0
0.0
0.0
0.0
0.0
0.0
0.0
0.0
0.0
21.0
39.0
35.0
36.0
27.0
3.0
0.0
0.0
0.0
0.0
0.0
0.0
0.0
0.0
0.0
0.0
0.0
0.0
0.0
0.0
0.0
0.0
0.0
0.0
12.0
60.0
78.0
49.0
28.0
1.0
0.0
0.0
0.0
0.0
0.0
0.0
0.0
0.0
