0.0
0.0
0.0
0.0
0.0
0.0
0.0
0.0
0.0
5.0
11.0
15.0
18.0
14.0
8.0
1.0
0.0
0.0
0.0
0.0
0.0
0.0
0.0
0.0
0.0
0.0
0.0
0.0
0.0
0.0
0.0
0.0
0.0
13.0
32.0
45.0
50.0
37.0
19.0
1.0
0.0
0.0
0.0
0.0
0.0
0.0
0.0
0.0
0.0
0.0
0.0
0.0
0.0
0.0
0.0
0.0
0.0
49.0
107.0
156.0
167.0
133.0
59.0
2.0
0.0
0.0
0.0
0.0
0.0
0.0
0.0
0.0
0.0
0.0
0.0
0.0
0.0
0.0
0.0
0.0
0.0
35.0
67.0
101.0
97.0
75.0
28.0
1.0
0.0
0.0
0.0
0.0
0.0
0.0
0.0
0.0
0.0
0.0
0.0
0.0
0.0
0.0
0.0
0.0
0.0
23.0
45.0
62.0
64.0
54.0
31.0
2.0
0.0
0.0
0.0
0.0
0.0
0.0
0.0
0.0
0.0
0.0
0.0
0.0
0.0
0.0
0.0
0.0
0.0
8.0
16.0
21.0
23.0
19.0
11.0
2.0
0.0
0.0
0.0
0.0
0.0
0.0
0.0
0.0
0.0
0.0
0.0
0.0
0.0
0.0
0.0
0.0
0.0
45.0
56.0
59.0
134.0
61.0
88.0
20.0
0.0
0.0
0.0
0.0
0.0
0.0
0.0
0.0
0.0
0.0
0.0
0.0
0.0
0.0
0.0
0.0
0.0
11.0
20.0
31.0
35.0
31.0
20.0
2.0
0.0
0.0
0.0
0.0
0.0
0.0
0.0
0.0
0.0
0.0
0.0
0.0
0.0
0.0
0.0
0.0
0.0
8.0
16.0
22.0
25.0
20.0
13.0
2.0
0.0
0.0
0.0
0.0
0.0
0.0
0.0
0.0
0.0
0.0
0.0
0.0
0.0
0.0
0.0
0.0
0.0
10.0
21.0
28.0
30.0
26.0
17.0
2.0
0.0
0.0
0.0
0.0
0.0
0.0
0.0
0.0
0.0
0.0
0.0
0.0
0.0
0.0
0.0
0.0
0.0
60.0
127.0
139.0
108.0
126.0
80.0
3.0
0.0
0.0
0.0
0.0
0.0
0.0
0.0
0.0
0.0
0.0
0.0
0.0
0.0
0.0
0.0
0.0
0.0
14.0
55.0
74.0
80.0
76.0
45.0
17.0
0.0
0.0
0.0
0.0
0.0
0.0
0.0
0.0
0.0
0.0
0.0
0.0
0.0
0.0
0.0
0.0
1.0
42.0
97.0
97.0
91.0
144.0
56.0
11.0
0.0
0.0
0.0
0.0
0.0
0.0
0.0
0.0
0.0
0.0
0.0
0.0
0.0
0.0
0.0
0.0
0.0
15.0
35.0
42.0
49.0
40.0
28.0
6.0
0.0
0.0
0.0
0.0
0.0
0.0
0.0
0.0
0.0
0.0
0.0
0.0
0.0
0.0
0.0
0.0
1.0
21.0
41.0
57.0
59.0
43.0
33.0
5.0
0.0
0.0
0.0
0.0
0.0
0.0
0.0
0.0
0.0
0.0
0.0
0.0
0.0
0.0
0.0
0.0
1.0
44.0
82.0
125.0
147.0
176.0
68.0
4.0
0.0
0.0
0.0
0.0
0.0
0.0
0.0
0.0
0.0
0.0
0.0
0.0
0.0
0.0
0.0
0.0
1.0
16.0
32.0
43.0
50.0
43.0
26.0
10.0
0.0
0.0
0.0
0.0
0.0
0.0
0.0
0.0
0.0
0.0
0.0
0.0
0.0
0.0
0.0
0.0
1.0
48.0
90.0
125.0
176.0
159.0
125.0
47.0
0.0
0.0
0.0
0.0
0.0
0.0
0.0
0.0
0.0
0.0
0.0
0.0
0.0
0.0
0.0
0.0
3.0
48.0
149.0
143.0
151.0
181.0
92.0
12.0
0.0
0.0
0.0
0.0
0.0
0.0
0.0
0.0
0.0
0.0
0.0
0.0
0.0
0.0
0.0
0.0
5.0
24.0
50.0
48.0
160.0
121.0
106.0
54.0
1.0
0.0
0.0
0.0
0.0
0.0
0.0
0.0
0.0
0.0
0.0
0.0
0.0
0.0
0.0
0.0
3.0
54.0
71.0
30.0
78.0
97.0
102.0
50.0
1.0
0.0
0.0
0.0
0.0
0.0
0.0
0.0
0.0
0.0
0.0
0.0
0.0
0.0
0.0
0.0
1.0
9.0
16.0
23.0
25.0
22.0
16.0
7.0
0.0
0.0
0.0
0.0
0.0
0.0
0.0
0.0
0.0
0.0
0.0
0.0
0.0
0.0
0.0
0.0
2.0
68.0
133.0
176.0
174.0
162.0
117.0
53.0
0.0
0.0
0.0
0.0
0.0
0.0
0.0
0.0
0.0
0.0
0.0
0.0
0.0
0.0
0.0
0.0
4.0
79.0
130.0
191.0
212.0
197.0
153.0
70.0
0.0
0.0
0.0
0.0
0.0
0.0
0.0
0.0
0.0
0.0
0.0
0.0
0.0
0.0
0.0
0.0
5.0
87.0
161.0
212.0
226.0
195.0
136.0
61.0
0.0
0.0
0.0
0.0
0.0
0.0
0.0
0.0
0.0
0.0
0.0
0.0
0.0
0.0
0.0
0.0
1.0
79.0
145.0
213.0
218.0
215.0
152.0
48.0
1.0
0.0
0.0
0.0
0.0
0.0
0.0
0.0
0.0
0.0
0.0
0.0
0.0
0.0
0.0
0.0
2.0
18.0
33.0
43.0
53.0
44.0
32.0
15.0
1.0
0.0
0.0
0.0
0.0
0.0
0.0
0.0
0.0
0.0
0.0
0.0
0.0
0.0
0.0
0.0
3.0
25.0
21.0
25.0
22.0
204.0
145.0
80.0
4.0
0.0
0.0
0.0
0.0
0.0
0.0
0.0
0.0
0.0
0.0
0.0
0.0
0.0
0.0
0.0
2.0
39.0
50.0
98.0
202.0
186.0
164.0
78.0
1.0
0.0
0.0
0.0
0.0
0.0
0.0
0.0
0.0
0.0
0.0
0.0
0.0
0.0
0.0
0.0
2.0
11.0
20.0
24.0
26.0
23.0
18.0
9.0
1.0
0.0
0.0
0.0
0.0
0.0
0.0
0.0
0.0
0.0
0.0
0.0
0.0
0.0
0.0
0.0
2.0
24.0
43.0
59.0
64.0
53.0
36.0
19.0
1.0
0.0
0.0
0.0
0.0
0.0
0.0
0.0
0.0
0.0
0.0
0.0
0.0
0.0
0.0
0.0
2.0
38.0
73.0
89.0
71.0
68.0
55.0
32.0
2.0
0.0
0.0
0.0
0.0
0.0
0.0
0.0
0.0
0.0
0.0
0.0
0.0
0.0
0.0
0.0
5.0
36.0
63.0
85.0
91.0
84.0
59.0
29.0
1.0
0.0
0.0
0.0
0.0
0.0
0.0
0.0
0.0
0.0
0.0
0.0
0.0
0.0
0.0
0.0
6.0
51.0
84.0
98.0
99.0
86.0
66.0
34.0
2.0
0.0
0.0
0.0
0.0
0.0
0.0
0.0
0.0
0.0
0.0
0.0
0.0
0.0
0.0
0.0
6.0
58.0
104.0
89.0
125.0
150.0
138.0
105.0
15.0
0.0
0.0
0.0
0.0
0.0
0.0
0.0
0.0
0.0
0.0
0.0
0.0
0.0
0.0
0.0
3.0
11.0
18.0
23.0
25.0
189.0
142.0
78.0
6.0
0.0
0.0
0.0
0.0
0.0
0.0
0.0
0.0
0.0
0.0
0.0
0.0
0.0
0.0
0.0
16.0
107.0
174.0
220.0
264.0
257.0
201.0
111.0
12.0
0.0
0.0
0.0
0.0
0.0
0.0
0.0
0.0
0.0
0.0
0.0
0.0
0.0
0.0
0.0
31.0
95.0
156.0
188.0
195.0
196.0
143.0
80.0
2.0
0.0
0.0
0.0
0.0
0.0
0.0
0.0
0.0
0.0
0.0
0.0
0.0
0.0
0.0
0.0
25.0
87.0
145.0
149.0
249.0
168.0
82.0
10.0
3.0
0.0
0.0
0.0
0.0
0.0
0.0
0.0
0.0
0.0
0.0
0.0
0.0
0.0
0.0
0.0
7.0
12.0
21.0
37.0
26.0
191.0
152.0
75.0
7.0
0.0
0.0
0.0
0.0
0.0
0.0
0.0
0.0
0.0
0.0
0.0
0.0
0.0
0.0
0.0
44.0
112.0
164.0
175.0
180.0
180.0
146.0
53.0
3.0
0.0
0.0
0.0
0.0
0.0
0.0
0.0
0.0
0.0
0.0
0.0
0.0
0.0
0.0
0.0
22.0
116.0
139.0
179.0
94.0
104.0
69.0
63.0
11.0
0.0
0.0
0.0
0.0
0.0
0.0
0.0
0.0
0.0
0.0
0.0
0.0
0.0
0.0
0.0
37.0
102.0
152.0
173.0
211.0
169.0
117.0
71.0
4.0
0.0
0.0
0.0
0.0
0.0
0.0
0.0
0.0
0.0
0.0
0.0
0.0
0.0
0.0
1.0
62.0
177.0
235.0
199.0
211.0
116.0
67.0
47.0
13.0
0.0
0.0
0.0
0.0
0.0
0.0
0.0
0.0
0.0
0.0
0.0
0.0
0.0
0.0
0.0
61.0
157.0
246.0
305.0
323.0
289.0
225.0
139.0
46.0
0.0
0.0
0.0
0.0
0.0
0.0
0.0
0.0
0.0
0.0
0.0
0.0
0.0
0.0
0.0
14.0
32.0
43.0
55.0
57.0
58.0
44.0
29.0
11.0
0.0
0.0
0.0
0.0
0.0
0.0
0.0
0.0
0.0
0.0
0.0
0.0
0.0
0.0
0.0
7.0
15.0
23.0
29.0
31.0
28.0
22.0
14.0
5.0
0.0
0.0
0.0
0.0
0.0
0.0
0.0
0.0
0.0
0.0
0.0
0.0
0.0
0.0
1.0
7.0
15.0
23.0
27.0
29.0
226.0
190.0
120.0
42.0
0.0
0.0
0.0
0.0
0.0
0.0
0.0
0.0
0.0
0.0
0.0
0.0
0.0
0.0
5.0
47.0
154.0
166.0
388.0
264.0
72.0
39.0
61.0
25.0
1.0
0.0
0.0
0.0
0.0
0.0
0.0
0.0
0.0
0.0
0.0
0.0
0.0
0.0
2.0
63.0
139.0
221.0
231.0
52.0
188.0
250.0
85.0
49.0
2.0
0.0
0.0
0.0
0.0
0.0
0.0
0.0
0.0
0.0
0.0
0.0
0.0
0.0
1.0
46.0
119.0
170.0
212.0
221.0
207.0
164.0
108.0
41.0
0.0
0.0
0.0
0.0
0.0
0.0
0.0
0.0
0.0
0.0
0.0
0.0
0.0
0.0
2.0
70.0
163.0
266.0
326.0
350.0
314.0
237.0
151.0
62.0
0.0
0.0
0.0
0.0
0.0
0.0
0.0
0.0
0.0
0.0
0.0
0.0
0.0
0.0
6.0
107.0
225.0
276.0
251.0
223.0
233.0
164.0
94.0
34.0
1.0
0.0
0.0
0.0
0.0
0.0
0.0
0.0
0.0
0.0
0.0
0.0
0.0
0.0
1.0
34.0
72.0
104.0
120.0
135.0
131.0
106.0
72.0
31.0
1.0
0.0
0.0
0.0
0.0
0.0
0.0
0.0
0.0
0.0
0.0
0.0
0.0
0.0
3.0
50.0
101.0
142.0
167.0
175.0
168.0
127.0
88.0
40.0
1.0
0.0
0.0
0.0
0.0
0.0
0.0
0.0
0.0
0.0
0.0
0.0
0.0
0.0
7.0
113.0
234.0
327.0
369.0
375.0
365.0
291.0
200.0
96.0
4.0
0.0
0.0
0.0
0.0
0.0
0.0
0.0
0.0
0.0
0.0
0.0
0.0
0.0
2.0
13.0
19.0
52.0
77.0
80.0
339.0
269.0
177.0
89.0
4.0
0.0
0.0
0.0
0.0
0.0
0.0
0.0
0.0
0.0
0.0
0.0
0.0
0.0
15.0
119.0
174.0
344.0
342.0
232.0
328.0
163.0
107.0
18.0
1.0
0.0
0.0
0.0
0.0
0.0
0.0
0.0
0.0
0.0
0.0
0.0
0.0
0.0
3.0
12.0
21.0
37.0
49.0
59.0
318.0
250.0
167.0
78.0
3.0
0.0
0.0
0.0
0.0
0.0
0.0
0.0
0.0
0.0
0.0
0.0
0.0
0.0
8.0
73.0
129.0
160.0
201.0
238.0
217.0
182.0
115.0
53.0
2.0
0.0
0.0
0.0
0.0
0.0
0.0
0.0
0.0
0.0
0.0
0.0
0.0
0.0
18.0
106.0
221.0
286.0
350.0
396.0
340.0
285.0
164.0
65.0
2.0
0.0
0.0
0.0
0.0
0.0
0.0
0.0
0.0
0.0
0.0
0.0
0.0
0.0
3.0
42.0
85.0
148.0
180.0
194.0
177.0
126.0
87.0
38.0
3.0
0.0
0.0
0.0
0.0
0.0
0.0
0.0
0.0
0.0
0.0
0.0
0.0
0.0
21.0
52.0
211.0
407.0
380.0
103.0
251.0
131.0
123.0
139.0
26.0
0.0
0.0
0.0
0.0
0.0
0.0
0.0
0.0
0.0
0.0
0.0
0.0
0.0
38.0
129.0
215.0
279.0
321.0
344.0
303.0
223.0
165.0
80.0
2.0
0.0
0.0
0.0
0.0
0.0
0.0
0.0
0.0
0.0
0.0
0.0
0.0
0.0
14.0
41.0
74.0
101.0
117.0
123.0
115.0
92.0
62.0
32.0
3.0
0.0
0.0
0.0
0.0
0.0
0.0
0.0
0.0
0.0
0.0
0.0
0.0
0.0
14.0
85.0
216.0
279.0
311.0
367.0
409.0
387.0
277.0
104.0
13.0
0.0
0.0
0.0
0.0
0.0
0.0
0.0
0.0
0.0
0.0
0.0
0.0
0.0
58.0
154.0
248.0
350.0
406.0
412.0
442.0
317.0
181.0
65.0
10.0
0.0
0.0
0.0
0.0
0.0
0.0
0.0
0.0
0.0
0.0
0.0
0.0
0.0
42.0
107.0
187.0
238.0
286.0
323.0
311.0
269.0
176.0
76.0
4.0
0.0
0.0
0.0
0.0
0.0
0.0
0.0
0.0
0.0
0.0
0.0
0.0
0.0
42.0
124.0
200.0
249.0
271.0
260.0
239.0
231.0
165.0
85.0
4.0
0.0
0.0
0.0
0.0
0.0
0.0
0.0
0.0
0.0
0.0
0.0
0.0
0.0
38.0
93.0
161.0
162.0
124.0
209.0
278.0
264.0
258.0
175.0
29.0
0.0
0.0
0.0
0.0
0.0
0.0
0.0
0.0
0.0
0.0
0.0
0.0
1.0
59.0
155.0
270.0
348.0
397.0
384.0
330.0
285.0
184.0
118.0
4.0
0.0
0.0
0.0
0.0
0.0
0.0
0.0
0.0
0.0
0.0
0.0
0.0
1.0
84.0
213.0
335.0
429.0
481.0
496.0
470.0
411.0
308.0
177.0
55.0
0.0
0.0
0.0
0.0
0.0
0.0
0.0
0.0
0.0
0.0
0.0
0.0
1.0
77.0
186.0
297.0
384.0
414.0
407.0
395.0
333.0
265.0
161.0
50.0
0.0
0.0
0.0
0.0
0.0
0.0
0.0
0.0
0.0
0.0
0.0
0.0
3.0
87.0
188.0
343.0
385.0
440.0
428.0
428.0
363.0
251.0
145.0
37.0
0.0
0.0
0.0
0.0
0.0
0.0
0.0
0.0
0.0
0.0
0.0
0.0
1.0
62.0
113.0
235.0
239.0
274.0
406.0
248.0
384.0
336.0
197.0
46.0
0.0
0.0
0.0
0.0
0.0
0.0
0.0
0.0
0.0
0.0
0.0
0.0
1.0
20.0
23.0
30.0
95.0
97.0
46.0
389.0
356.0
282.0
179.0
67.0
1.0
0.0
0.0
0.0
0.0
0.0
0.0
0.0
0.0
0.0
0.0
0.0
1.0
18.0
21.0
32.0
38.0
67.0
61.0
383.0
344.0
259.0
149.0
56.0
0.0
0.0
0.0
0.0
0.0
0.0
0.0
0.0
0.0
0.0
0.0
0.0
6.0
118.0
251.0
384.0
483.0
547.0
557.0
527.0
445.0
333.0
199.0
72.0
0.0
0.0
0.0
0.0
0.0
0.0
0.0
0.0
0.0
0.0
0.0
0.0
6.0
104.0
217.0
332.0
422.0
471.0
474.0
443.0
376.0
290.0
169.0
64.0
0.0
0.0
0.0
0.0
0.0
0.0
0.0
0.0
0.0
0.0
0.0
0.0
2.0
18.0
46.0
68.0
81.0
96.0
97.0
432.0
357.0
273.0
165.0
63.0
0.0
0.0
0.0
0.0
0.0
0.0
0.0
0.0
0.0
0.0
0.0
0.0
2.0
41.0
110.0
205.0
217.0
240.0
300.0
344.0
325.0
240.0
135.0
61.0
4.0
0.0
0.0
0.0
0.0
0.0
0.0
0.0
0.0
0.0
0.0
0.0
3.0
95.0
217.0
233.0
289.0
305.0
352.0
314.0
267.0
278.0
222.0
103.0
3.0
0.0
0.0
0.0
0.0
0.0
0.0
0.0
0.0
0.0
0.0
0.0
12.0
134.0
261.0
386.0
494.0
553.0
554.0
514.0
439.0
333.0
203.0
81.0
1.0
0.0
0.0
0.0
0.0
0.0
0.0
0.0
0.0
0.0
0.0
0.0
16.0
150.0
276.0
395.0
491.0
536.0
547.0
515.0
458.0
363.0
228.0
94.0
2.0
0.0
0.0
0.0
0.0
0.0
0.0
0.0
0.0
0.0
0.0
0.0
11.0
84.0
172.0
235.0
317.0
341.0
351.0
300.0
270.0
201.0
116.0
45.0
1.0
0.0
0.0
0.0
0.0
0.0
0.0
0.0
0.0
0.0
0.0
0.0
4.0
14.0
28.0
42.0
51.0
53.0
48.0
367.0
318.0
245.0
156.0
68.0
2.0
0.0
0.0
0.0
0.0
0.0
0.0
0.0
0.0
0.0
0.0
0.0
38.0
139.0
241.0
358.0
419.0
469.0
464.0
449.0
385.0
293.0
173.0
74.0
1.0
0.0
0.0
0.0
0.0
0.0
0.0
0.0
0.0
0.0
0.0
0.0
29.0
81.0
152.0
222.0
259.0
364.0
394.0
394.0
353.0
391.0
254.0
119.0
17.0
0.0
0.0
0.0
0.0
0.0
0.0
0.0
0.0
0.0
0.0
0.0
45.0
161.0
283.0
403.0
468.0
521.0
524.0
492.0
465.0
343.0
221.0
108.0
6.0
0.0
0.0
0.0
0.0
0.0
0.0
0.0
0.0
0.0
0.0
0.0
53.0
183.0
317.0
411.0
504.0
497.0
492.0
485.0
392.0
297.0
212.0
92.0
4.0
0.0
0.0
0.0
0.0
0.0
0.0
0.0
0.0
0.0
0.0
0.0
69.0
197.0
341.0
472.0
562.0
618.0
631.0
593.0
518.0
401.0
265.0
126.0
7.0
0.0
0.0
0.0
0.0
0.0
0.0
0.0
0.0
0.0
0.0
0.0
77.0
180.0
293.0
375.0
444.0
483.0
489.0
470.0
399.0
328.0
176.0
81.0
2.0
0.0
0.0
0.0
0.0
0.0
0.0
0.0
0.0
0.0
0.0
0.0
29.0
78.0
136.0
180.0
203.0
237.0
245.0
232.0
196.0
146.0
98.0
39.0
2.0
0.0
0.0
0.0
0.0
0.0
0.0
0.0
0.0
0.0
0.0
0.0
8.0
32.0
76.0
143.0
187.0
226.0
258.0
252.0
268.0
222.0
156.0
67.0
7.0
0.0
0.0
0.0
0.0
0.0
0.0
0.0
0.0
0.0
0.0
2.0
83.0
191.0
326.0
473.0
608.0
579.0
543.0
434.0
312.0
332.0
221.0
122.0
6.0
0.0
0.0
0.0
0.0
0.0
0.0
0.0
0.0
0.0
0.0
2.0
88.0
214.0
365.0
485.0
583.0
630.0
632.0
588.0
513.0
409.0
282.0
147.0
16.0
0.0
0.0
0.0
0.0
0.0
0.0
0.0
0.0
0.0
0.0
2.0
93.0
226.0
371.0
492.0
585.0
642.0
659.0
628.0
556.0
445.0
302.0
155.0
18.0
0.0
0.0
0.0
0.0
0.0
0.0
0.0
0.0
0.0
0.0
2.0
89.0
211.0
344.0
466.0
551.0
620.0
619.0
589.0
519.0
401.0
268.0
141.0
15.0
0.0
0.0
0.0
0.0
0.0
0.0
0.0
0.0
0.0
0.0
3.0
94.0
201.0
360.0
450.0
586.0
587.0
580.0
559.0
445.0
320.0
224.0
106.0
3.0
0.0
0.0
0.0
0.0
0.0
0.0
0.0
0.0
0.0
0.0
4.0
105.0
241.0
386.0
490.0
578.0
642.0
651.0
607.0
540.0
422.0
291.0
157.0
20.0
0.0
0.0
0.0
0.0
0.0
0.0
0.0
0.0
0.0
0.0
5.0
112.0
248.0
385.0
505.0
595.0
651.0
656.0
621.0
543.0
433.0
296.0
160.0
21.0
0.0
0.0
0.0
0.0
0.0
0.0
0.0
0.0
0.0
0.0
7.0
119.0
256.0
398.0
529.0
612.0
656.0
653.0
624.0
550.0
430.0
295.0
161.0
46.0
0.0
0.0
0.0
0.0
0.0
0.0
0.0
0.0
0.0
0.0
5.0
38.0
108.0
239.0
163.0
188.0
270.0
281.0
207.0
89.0
111.0
107.0
67.0
28.0
0.0
0.0
0.0
0.0
0.0
0.0
0.0
0.0
0.0
0.0
9.0
114.0
227.0
354.0
462.0
574.0
549.0
551.0
550.0
524.0
417.0
303.0
148.0
47.0
0.0
0.0
0.0
0.0
0.0
0.0
0.0
0.0
0.0
0.0
2.0
11.0
23.0
35.0
360.0
192.0
236.0
59.0
412.0
540.0
526.0
351.0
142.0
55.0
0.0
0.0
0.0
0.0
0.0
0.0
0.0
0.0
0.0
0.0
12.0
133.0
278.0
419.0
542.0
626.0
675.0
674.0
645.0
575.0
460.0
324.0
179.0
59.0
0.0
0.0
0.0
0.0
0.0
0.0
0.0
0.0
0.0
0.0
14.0
137.0
280.0
412.0
540.0
628.0
680.0
692.0
654.0
576.0
470.0
338.0
193.0
67.0
0.0
0.0
0.0
0.0
0.0
0.0
0.0
0.0
0.0
0.0
17.0
145.0
287.0
420.0
543.0
631.0
669.0
679.0
659.0
575.0
457.0
330.0
190.0
68.0
0.0
0.0
0.0
0.0
0.0
0.0
0.0
0.0
0.0
0.0
3.0
43.0
23.0
117.0
117.0
303.0
302.0
226.0
422.0
410.0
289.0
190.0
95.0
10.0
0.0
0.0
0.0
0.0
0.0
0.0
0.0
0.0
0.0
0.0
3.0
79.0
233.0
351.0
557.0
700.0
607.0
293.0
146.0
46.0
38.0
36.0
24.0
11.0
0.0
0.0
0.0
0.0
0.0
0.0
0.0
0.0
0.0
0.0
39.0
140.0
247.0
372.0
465.0
567.0
611.0
612.0
552.0
482.0
401.0
293.0
161.0
64.0
0.0
0.0
0.0
0.0
0.0
0.0
0.0
0.0
0.0
0.0
39.0
133.0
243.0
354.0
451.0
526.0
535.0
531.0
506.0
425.0
339.0
250.0
144.0
56.0
1.0
0.0
0.0
0.0
0.0
0.0
0.0
0.0
0.0
0.0
4.0
13.0
36.0
60.0
120.0
131.0
167.0
189.0
265.0
270.0
232.0
245.0
154.0
59.0
2.0
0.0
0.0
0.0
0.0
0.0
0.0
0.0
0.0
0.0
39.0
109.0
210.0
324.0
392.0
459.0
488.0
530.0
471.0
454.0
371.0
254.0
139.0
59.0
1.0
0.0
0.0
0.0
0.0
0.0
0.0
0.0
0.0
0.0
39.0
102.0
199.0
294.0
389.0
465.0
505.0
492.0
461.0
408.0
328.0
238.0
137.0
52.0
1.0
0.0
0.0
0.0
0.0
0.0
0.0
0.0
0.0
0.0
16.0
39.0
27.0
39.0
223.0
313.0
577.0
618.0
562.0
299.0
253.0
117.0
49.0
38.0
12.0
0.0
0.0
0.0
0.0
0.0
0.0
0.0
0.0
0.0
56.0
164.0
303.0
425.0
529.0
608.0
629.0
637.0
605.0
532.0
425.0
307.0
171.0
68.0
1.0
0.0
0.0
0.0
0.0
0.0
0.0
0.0
0.0
1.0
56.0
141.0
260.0
363.0
459.0
536.0
544.0
524.0
500.0
458.0
376.0
258.0
148.0
52.0
1.0
0.0
0.0
0.0
0.0
0.0
0.0
0.0
0.0
0.0
27.0
97.0
210.0
345.0
419.0
405.0
505.0
524.0
537.0
517.0
419.0
205.0
109.0
8.0
1.0
0.0
0.0
0.0
0.0
0.0
0.0
0.0
0.0
1.0
43.0
113.0
188.0
250.0
297.0
328.0
356.0
363.0
357.0
330.0
267.0
189.0
105.0
52.0
3.0
0.0
0.0
0.0
0.0
0.0
0.0
0.0
0.0
1.0
75.0
195.0
321.0
452.0
583.0
648.0
701.0
701.0
630.0
552.0
465.0
345.0
208.0
85.0
2.0
0.0
0.0
0.0
0.0
0.0
0.0
0.0
0.0
1.0
40.0
117.0
149.0
224.0
264.0
290.0
328.0
311.0
279.0
245.0
237.0
104.0
40.0
9.0
2.0
0.0
0.0
0.0
0.0
0.0
0.0
0.0
0.0
1.0
60.0
123.0
194.0
256.0
354.0
375.0
515.0
528.0
564.0
483.0
459.0
360.0
255.0
130.0
18.0
0.0
0.0
0.0
0.0
0.0
0.0
0.0
0.0
3.0
50.0
98.0
177.0
198.0
117.0
64.0
313.0
363.0
446.0
401.0
423.0
351.0
198.0
116.0
12.0
0.0
0.0
0.0
0.0
0.0
0.0
0.0
0.0
2.0
36.0
83.0
132.0
172.0
221.0
264.0
273.0
265.0
253.0
222.0
178.0
135.0
80.0
32.0
2.0
0.0
0.0
0.0
0.0
0.0
0.0
0.0
0.0
1.0
33.0
79.0
132.0
169.0
200.0
243.0
247.0
239.0
254.0
251.0
211.0
162.0
106.0
47.0
2.0
0.0
0.0
0.0
0.0
0.0
0.0
0.0
0.0
5.0
87.0
210.0
375.0
468.0
538.0
614.0
646.0
656.0
594.0
554.0
464.0
366.0
244.0
130.0
15.0
0.0
0.0
0.0
0.0
0.0
0.0
0.0
0.0
2.0
44.0
120.0
164.0
231.0
248.0
290.0
320.0
368.0
337.0
308.0
270.0
191.0
110.0
54.0
3.0
0.0
0.0
0.0
0.0
0.0
0.0
0.0
0.0
2.0
35.0
77.0
144.0
202.0
255.0
285.0
273.0
271.0
260.0
254.0
201.0
153.0
98.0
48.0
6.0
0.0
0.0
0.0
0.0
0.0
0.0
0.0
0.0
7.0
110.0
244.0
390.0
530.0
648.0
734.0
782.0
786.0
747.0
667.0
543.0
412.0
265.0
130.0
14.0
0.0
0.0
0.0
0.0
0.0
0.0
0.0
0.0
9.0
120.0
257.0
407.0
545.0
663.0
746.0
786.0
790.0
750.0
669.0
554.0
419.0
271.0
131.0
13.0
0.0
0.0
0.0
0.0
0.0
0.0
0.0
0.0
10.0
112.0
250.0
443.0
511.0
574.0
646.0
599.0
490.0
470.0
431.0
379.0
315.0
218.0
132.0
20.0
0.0
0.0
0.0
0.0
0.0
0.0
0.0
0.0
6.0
21.0
95.0
189.0
334.0
372.0
485.0
559.0
323.0
152.0
125.0
139.0
36.0
43.0
35.0
8.0
0.0
0.0
0.0
0.0
0.0
0.0
0.0
0.0
16.0
118.0
275.0
396.0
481.0
581.0
632.0
685.0
699.0
616.0
474.0
435.0
336.0
251.0
125.0
43.0
0.0
0.0
0.0
0.0
0.0
0.0
0.0
0.0
12.0
116.0
248.0
390.0
526.0
637.0
716.0
769.0
778.0
750.0
655.0
554.0
423.0
284.0
148.0
47.0
0.0
0.0
0.0
0.0
0.0
0.0
0.0
0.0
9.0
73.0
155.0
307.0
402.0
503.0
588.0
489.0
532.0
604.0
523.0
522.0
462.0
296.0
165.0
52.0
0.0
0.0
0.0
0.0
0.0
0.0
0.0
0.0
16.0
126.0
258.0
401.0
539.0
655.0
734.0
779.0
787.0
748.0
669.0
567.0
431.0
283.0
151.0
48.0
0.0
0.0
0.0
0.0
0.0
0.0
0.0
0.0
12.0
147.0
254.0
322.0
414.0
454.0
482.0
597.0
510.0
472.0
240.0
147.0
71.0
24.0
13.0
4.0
0.0
0.0
0.0
0.0
0.0
0.0
0.0
0.0
13.0
63.0
193.0
268.0
309.0
435.0
608.0
676.0
766.0
647.0
587.0
484.0
290.0
264.0
146.0
42.0
0.0
0.0
0.0
0.0
0.0
0.0
0.0
0.0
39.0
171.0
323.0
420.0
370.0
453.0
499.0
625.0
479.0
367.0
395.0
248.0
209.0
194.0
140.0
35.0
1.0
0.0
0.0
0.0
0.0
0.0
0.0
0.0
41.0
141.0
274.0
417.0
551.0
664.0
745.0
786.0
791.0
754.0
679.0
568.0
439.0
297.0
161.0
55.0
0.0
0.0
0.0
0.0
0.0
0.0
0.0
0.0
41.0
133.0
258.0
399.0
540.0
645.0
736.0
789.0
773.0
731.0
648.0
546.0
428.0
289.0
158.0
55.0
0.0
0.0
0.0
0.0
0.0
0.0
0.0
0.0
25.0
85.0
157.0
244.0
320.0
365.0
417.0
420.0
435.0
405.0
362.0
282.0
239.0
150.0
70.0
23.0
0.0
0.0
0.0
0.0
0.0
0.0
0.0
0.0
28.0
82.0
150.0
237.0
299.0
312.0
420.0
387.0
429.0
389.0
355.0
285.0
245.0
176.0
92.0
34.0
0.0
0.0
0.0
0.0
0.0
0.0
0.0
0.0
26.0
45.0
147.0
126.0
185.0
278.0
317.0
422.0
460.0
293.0
598.0
600.0
393.0
327.0
188.0
78.0
6.0
0.0
0.0
0.0
0.0
0.0
0.0
0.0
54.0
165.0
310.0
464.0
605.0
722.0
804.0
848.0
851.0
814.0
736.0
628.0
490.0
345.0
199.0
75.0
1.0
0.0
0.0
0.0
0.0
0.0
0.0
0.0
57.0
172.0
319.0
472.0
616.0
736.0
820.0
865.0
863.0
821.0
738.0
624.0
484.0
334.0
188.0
70.0
1.0
0.0
0.0
0.0
0.0
0.0
0.0
0.0
51.0
152.0
283.0
420.0
550.0
649.0
729.0
780.0
787.0
749.0
687.0
578.0
456.0
313.0
184.0
73.0
2.0
0.0
0.0
0.0
0.0
0.0
0.0
0.0
47.0
139.0
258.0
374.0
492.0
584.0
651.0
691.0
709.0
679.0
618.0
534.0
418.0
289.0
169.0
66.0
2.0
0.0
0.0
0.0
0.0
0.0
0.0
0.0
10.0
24.0
70.0
107.0
169.0
163.0
214.0
261.0
270.0
243.0
168.0
113.0
103.0
73.0
38.0
17.0
1.0
0.0
0.0
0.0
0.0
0.0
0.0
0.0
14.0
44.0
25.0
57.0
197.0
261.0
318.0
327.0
438.0
549.0
149.0
261.0
247.0
289.0
160.0
89.0
11.0
0.0
0.0
0.0
0.0
0.0
0.0
0.0
37.0
103.0
113.0
187.0
429.0
383.0
393.0
129.0
475.0
519.0
450.0
152.0
395.0
366.0
208.0
32.0
1.0
0.0
0.0
0.0
0.0
0.0
0.0
0.0
34.0
101.0
180.0
245.0
277.0
350.0
374.0
411.0
425.0
405.0
369.0
335.0
283.0
196.0
115.0
40.0
1.0
0.0
0.0
0.0
0.0
0.0
0.0
0.0
33.0
109.0
188.0
266.0
346.0
409.0
468.0
528.0
485.0
410.0
388.0
369.0
308.0
196.0
103.0
34.0
1.0
0.0
0.0
0.0
0.0
0.0
0.0
1.0
57.0
160.0
291.0
428.0
541.0
642.0
712.0
778.0
753.0
715.0
637.0
559.0
419.0
291.0
146.0
61.0
1.0
0.0
0.0
0.0
0.0
0.0
0.0
0.0
35.0
60.0
131.0
166.0
238.0
584.0
654.0
950.0
602.0
607.0
492.0
313.0
102.0
135.0
59.0
26.0
1.0
0.0
0.0
0.0
0.0
0.0
0.0
1.0
47.0
127.0
215.0
328.0
398.0
474.0
535.0
594.0
622.0
601.0
530.0
432.0
349.0
223.0
126.0
51.0
1.0
0.0
0.0
0.0
0.0
0.0
0.0
0.0
10.0
43.0
70.0
106.0
144.0
170.0
207.0
227.0
187.0
150.0
135.0
134.0
95.0
86.0
35.0
12.0
1.0
0.0
0.0
0.0
0.0
0.0
0.0
0.0
21.0
67.0
106.0
132.0
234.0
309.0
280.0
303.0
265.0
224.0
127.0
140.0
126.0
75.0
32.0
36.0
4.0
0.0
0.0
0.0
0.0
0.0
0.0
0.0
5.0
14.0
27.0
37.0
48.0
57.0
65.0
72.0
70.0
69.0
61.0
52.0
42.0
30.0
18.0
8.0
1.0
0.0
0.0
0.0
0.0
0.0
0.0
1.0
66.0
172.0
308.0
453.0
583.0
689.0
771.0
817.0
824.0
792.0
723.0
617.0
487.0
348.0
210.0
91.0
5.0
0.0
0.0
0.0
0.0
0.0
0.0
1.0
26.0
68.0
128.0
185.0
220.0
258.0
290.0
320.0
329.0
314.0
289.0
243.0
200.0
148.0
90.0
42.0
3.0
0.0
0.0
0.0
0.0
0.0
0.0
8.0
77.0
202.0
358.0
447.0
281.0
705.0
906.0
689.0
72.0
69.0
537.0
98.0
43.0
31.0
18.0
8.0
2.0
0.0
0.0
0.0
0.0
0.0
0.0
1.0
61.0
154.0
286.0
410.0
524.0
639.0
709.0
776.0
776.0
736.0
697.0
583.0
462.0
318.0
185.0
87.0
6.0
0.0
0.0
0.0
0.0
0.0
0.0
1.0
15.0
127.0
240.0
350.0
441.0
594.0
876.0
909.0
262.0
65.0
59.0
51.0
41.0
29.0
18.0
8.0
2.0
0.0
0.0
0.0
0.0
0.0
0.0
1.0
38.0
106.0
178.0
242.0
316.0
363.0
416.0
413.0
431.0
430.0
360.0
271.0
216.0
130.0
82.0
34.0
2.0
0.0
0.0
0.0
0.0
0.0
0.0
1.0
26.0
51.0
83.0
129.0
208.0
281.0
239.0
263.0
195.0
244.0
272.0
221.0
154.0
89.0
71.0
37.0
2.0
0.0
0.0
0.0
0.0
0.0
0.0
1.0
5.0
28.0
79.0
169.0
307.0
366.0
475.0
531.0
465.0
471.0
474.0
394.0
316.0
189.0
71.0
34.0
2.0
0.0
0.0
0.0
0.0
0.0
0.0
2.0
48.0
115.0
174.0
237.0
297.0
443.0
586.0
582.0
473.0
605.0
470.0
457.0
444.0
334.0
200.0
112.0
18.0
0.0
0.0
0.0
0.0
0.0
0.0
1.0
28.0
112.0
206.0
342.0
451.0
477.0
533.0
595.0
660.0
745.0
810.0
654.0
412.0
306.0
201.0
100.0
12.0
0.0
0.0
0.0
0.0
0.0
0.0
1.0
44.0
127.0
238.0
336.0
413.0
509.0
625.0
667.0
710.0
634.0
605.0
518.0
387.0
298.0
209.0
94.0
13.0
0.0
0.0
0.0
0.0
0.0
0.0
2.0
67.0
174.0
310.0
460.0
597.0
715.0
799.0
849.0
855.0
823.0
750.0
644.0
516.0
373.0
227.0
103.0
9.0
0.0
0.0
0.0
0.0
0.0
0.0
2.0
65.0
165.0
299.0
441.0
570.0
677.0
759.0
806.0
811.0
777.0
712.0
617.0
498.0
360.0
223.0
103.0
11.0
0.0
0.0
0.0
0.0
0.0
0.0
2.0
63.0
164.0
297.0
437.0
574.0
688.0
776.0
825.0
835.0
805.0
733.0
632.0
504.0
362.0
221.0
99.0
9.0
0.0
0.0
0.0
0.0
0.0
0.0
2.0
64.0
168.0
302.0
443.0
576.0
690.0
767.0
814.0
831.0
805.0
735.0
641.0
514.0
366.0
224.0
105.0
10.0
0.0
0.0
0.0
0.0
0.0
0.0
2.0
62.0
166.0
293.0
429.0
550.0
657.0
727.0
773.0
778.0
760.0
693.0
598.0
472.0
345.0
217.0
99.0
10.0
0.0
0.0
0.0
0.0
0.0
0.0
1.0
27.0
32.0
24.0
35.0
45.0
218.0
383.0
629.0
310.0
504.0
462.0
673.0
298.0
198.0
125.0
109.0
18.0
0.0
0.0
0.0
0.0
0.0
0.0
1.0
57.0
149.0
276.0
403.0
533.0
646.0
681.0
746.0
777.0
690.0
640.0
603.0
469.0
345.0
214.0
102.0
11.0
0.0
0.0
0.0
0.0
0.0
0.0
1.0
67.0
180.0
322.0
472.0
615.0
734.0
823.0
878.0
889.0
861.0
787.0
683.0
551.0
403.0
248.0
114.0
12.0
0.0
0.0
0.0
0.0
0.0
0.0
1.0
63.0
168.0
301.0
445.0
583.0
699.0
782.0
823.0
842.0
805.0
733.0
624.0
499.0
357.0
217.0
99.0
8.0
0.0
0.0
0.0
0.0
0.0
0.0
1.0
59.0
160.0
282.0
421.0
551.0
657.0
744.0
789.0
783.0
754.0
698.0
602.0
487.0
349.0
214.0
103.0
10.0
0.0
0.0
0.0
0.0
0.0
0.0
0.0
26.0
82.0
138.0
199.0
277.0
332.0
361.0
393.0
355.0
348.0
339.0
311.0
249.0
174.0
108.0
45.0
5.0
0.0
0.0
0.0
0.0
0.0
0.0
0.0
24.0
61.0
140.0
259.0
278.0
306.0
303.0
366.0
484.0
590.0
411.0
452.0
444.0
417.0
256.0
105.0
24.0
0.0
0.0
0.0
0.0
0.0
0.0
2.0
5.0
13.0
91.0
60.0
113.0
56.0
96.0
304.0
295.0
556.0
814.0
615.0
444.0
313.0
152.0
68.0
2.0
0.0
0.0
0.0
0.0
0.0
0.0
1.0
52.0
153.0
274.0
408.0
535.0
635.0
698.0
745.0
729.0
704.0
626.0
549.0
434.0
330.0
199.0
89.0
7.0
0.0
0.0
0.0
0.0
0.0
0.0
1.0
57.0
156.0
276.0
390.0
502.0
597.0
626.0
605.0
660.0
665.0
633.0
522.0
452.0
318.0
180.0
80.0
2.0
0.0
0.0
0.0
0.0
0.0
0.0
0.0
24.0
72.0
113.0
174.0
245.0
323.0
343.0
362.0
365.0
356.0
321.0
282.0
206.0
159.0
101.0
43.0
2.0
0.0
0.0
0.0
0.0
0.0
0.0
0.0
47.0
136.0
274.0
360.0
474.0
626.0
710.0
694.0
719.0
665.0
564.0
503.0
392.0
285.0
167.0
80.0
4.0
0.0
0.0
0.0
0.0
0.0
0.0
0.0
45.0
129.0
242.0
351.0
462.0
549.0
600.0
651.0
690.0
667.0
618.0
515.0
434.0
326.0
214.0
101.0
11.0
0.0
0.0
0.0
0.0
0.0
0.0
0.0
53.0
155.0
291.0
434.0
566.0
682.0
767.0
815.0
820.0
796.0
725.0
623.0
501.0
358.0
216.0
95.0
7.0
0.0
0.0
0.0
0.0
0.0
0.0
0.0
51.0
153.0
285.0
425.0
558.0
667.0
754.0
805.0
822.0
796.0
732.0
630.0
505.0
364.0
220.0
99.0
7.0
0.0
0.0
0.0
0.0
0.0
0.0
0.0
27.0
77.0
151.0
232.0
306.0
361.0
350.0
401.0
443.0
410.0
372.0
303.0
248.0
160.0
99.0
42.0
2.0
0.0
0.0
0.0
0.0
0.0
0.0
0.0
43.0
124.0
238.0
356.0
464.0
562.0
638.0
676.0
687.0
663.0
600.0
510.0
410.0
284.0
164.0
65.0
2.0
0.0
0.0
0.0
0.0
0.0
0.0
0.0
45.0
141.0
263.0
373.0
471.0
578.0
647.0
716.0
736.0
670.0
601.0
518.0
380.0
267.0
153.0
64.0
1.0
0.0
0.0
0.0
0.0
0.0
0.0
0.0
47.0
146.0
278.0
420.0
559.0
677.0
764.0
814.0
824.0
793.0
723.0
615.0
483.0
338.0
198.0
80.0
3.0
0.0
0.0
0.0
0.0
0.0
0.0
0.0
45.0
141.0
275.0
418.0
553.0
666.0
752.0
803.0
814.0
794.0
720.0
616.0
488.0
348.0
204.0
86.0
4.0
0.0
0.0
0.0
0.0
0.0
0.0
0.0
41.0
136.0
259.0
394.0
534.0
645.0
732.0
779.0
797.0
769.0
697.0
607.0
479.0
341.0
206.0
86.0
4.0
0.0
0.0
0.0
0.0
0.0
0.0
0.0
8.0
34.0
24.0
88.0
203.0
340.0
348.0
315.0
485.0
577.0
578.0
327.0
289.0
273.0
187.0
97.0
11.0
0.0
0.0
0.0
0.0
0.0
0.0
0.0
28.0
94.0
171.0
272.0
343.0
441.0
548.0
548.0
560.0
528.0
473.0
402.0
279.0
197.0
127.0
54.0
1.0
0.0
0.0
0.0
0.0
0.0
0.0
0.0
31.0
112.0
221.0
322.0
439.0
537.0
615.0
686.0
704.0
644.0
588.0
465.0
345.0
243.0
138.0
55.0
1.0
0.0
0.0
0.0
0.0
0.0
0.0
0.0
8.0
68.0
143.0
235.0
274.0
326.0
387.0
414.0
414.0
401.0
348.0
322.0
221.0
155.0
85.0
36.0
1.0
0.0
0.0
0.0
0.0
0.0
0.0
0.0
3.0
59.0
133.0
171.0
242.0
295.0
353.0
461.0
427.0
400.0
386.0
343.0
183.0
160.0
116.0
55.0
3.0
0.0
0.0
0.0
0.0
0.0
0.0
0.0
6.0
53.0
112.0
168.0
228.0
283.0
298.0
324.0
334.0
346.0
322.0
253.0
185.0
136.0
83.0
32.0
1.0
0.0
0.0
0.0
0.0
0.0
0.0
0.0
15.0
131.0
270.0
420.0
562.0
686.0
777.0
829.0
838.0
803.0
728.0
620.0
485.0
335.0
190.0
72.0
1.0
0.0
0.0
0.0
0.0
0.0
0.0
0.0
2.0
67.0
188.0
327.0
401.0
457.0
503.0
521.0
652.0
620.0
561.0
554.0
464.0
364.0
214.0
82.0
4.0
0.0
0.0
0.0
0.0
0.0
0.0
0.0
5.0
66.0
144.0
232.0
299.0
369.0
383.0
433.0
432.0
412.0
398.0
360.0
266.0
196.0
95.0
37.0
1.0
0.0
0.0
0.0
0.0
0.0
0.0
0.0
7.0
64.0
131.0
194.0
265.0
294.0
313.0
343.0
375.0
346.0
296.0
270.0
210.0
151.0
76.0
27.0
0.0
0.0
0.0
0.0
0.0
0.0
0.0
0.0
2.0
27.0
68.0
96.0
126.0
140.0
150.0
201.0
291.0
261.0
267.0
240.0
183.0
139.0
91.0
38.0
2.0
0.0
0.0
0.0
0.0
0.0
0.0
0.0
2.0
54.0
118.0
150.0
256.0
266.0
319.0
309.0
358.0
417.0
331.0
255.0
269.0
228.0
132.0
65.0
2.0
0.0
0.0
0.0
0.0
0.0
0.0
0.0
10.0
104.0
215.0
325.0
433.0
532.0
614.0
624.0
626.0
556.0
552.0
450.0
425.0
314.0
160.0
57.0
1.0
0.0
0.0
0.0
0.0
0.0
0.0
0.0
6.0
94.0
204.0
331.0
454.0
569.0
634.0
673.0
698.0
672.0
605.0
516.0
404.0
276.0
151.0
51.0
0.0
0.0
0.0
0.0
0.0
0.0
0.0
0.0
1.0
9.0
19.0
31.0
43.0
53.0
60.0
65.0
66.0
63.0
57.0
48.0
38.0
26.0
15.0
5.0
0.0
0.0
0.0
0.0
0.0
0.0
0.0
0.0
5.0
99.0
226.0
369.0
507.0
626.0
713.0
764.0
776.0
745.0
676.0
572.0
443.0
301.0
163.0
54.0
0.0
0.0
0.0
0.0
0.0
0.0
0.0
0.0
5.0
95.0
220.0
351.0
476.0
594.0
692.0
752.0
756.0
695.0
618.0
536.0
414.0
267.0
143.0
46.0
0.0
0.0
0.0
0.0
0.0
0.0
0.0
0.0
4.0
94.0
223.0
367.0
510.0
631.0
718.0
782.0
806.0
778.0
700.0
593.0
460.0
314.0
168.0
54.0
0.0
0.0
0.0
0.0
0.0
0.0
0.0
0.0
4.0
95.0
226.0
375.0
522.0
647.0
738.0
791.0
805.0
777.0
704.0
591.0
455.0
307.0
162.0
50.0
0.0
0.0
0.0
0.0
0.0
0.0
0.0
0.0
2.0
82.0
197.0
342.0
451.0
566.0
631.0
690.0
703.0
669.0
600.0
513.0
381.0
248.0
130.0
38.0
0.0
0.0
0.0
0.0
0.0
0.0
0.0
0.0
3.0
59.0
120.0
182.0
240.0
311.0
361.0
288.0
279.0
319.0
258.0
269.0
311.0
253.0
148.0
48.0
0.0
0.0
0.0
0.0
0.0
0.0
0.0
0.0
1.0
24.0
66.0
117.0
116.0
198.0
259.0
294.0
322.0
330.0
348.0
315.0
353.0
302.0
142.0
36.0
0.0
0.0
0.0
0.0
0.0
0.0
0.0
0.0
1.0
66.0
195.0
279.0
402.0
491.0
539.0
582.0
594.0
538.0
457.0
361.0
258.0
165.0
66.0
3.0
0.0
0.0
0.0
0.0
0.0
0.0
0.0
0.0
1.0
65.0
188.0
323.0
465.0
594.0
686.0
422.0
421.0
424.0
401.0
308.0
235.0
155.0
102.0
12.0
0.0
0.0
0.0
0.0
0.0
0.0
0.0
0.0
1.0
38.0
92.0
160.0
212.0
256.0
294.0
308.0
317.0
327.0
286.0
257.0
208.0
125.0
62.0
7.0
0.0
0.0
0.0
0.0
0.0
0.0
0.0
0.0
0.0
6.0
24.0
28.0
62.0
92.0
166.0
61.0
279.0
457.0
443.0
422.0
457.0
260.0
132.0
33.0
0.0
0.0
0.0
0.0
0.0
0.0
0.0
0.0
0.0
61.0
179.0
315.0
471.0
601.0
698.0
464.0
467.0
450.0
405.0
341.0
267.0
170.0
89.0
10.0
0.0
0.0
0.0
0.0
0.0
0.0
0.0
0.0
0.0
19.0
56.0
100.0
138.0
175.0
205.0
223.0
227.0
221.0
206.0
179.0
131.0
79.0
35.0
2.0
0.0
0.0
0.0
0.0
0.0
0.0
0.0
0.0
0.0
56.0
159.0
298.0
430.0
538.0
659.0
682.0
696.0
615.0
555.0
489.0
382.0
213.0
88.0
3.0
0.0
0.0
0.0
0.0
0.0
0.0
0.0
0.0
0.0
45.0
127.0
231.0
319.0
430.0
476.0
492.0
472.0
473.0
435.0
370.0
247.0
162.0
67.0
2.0
0.0
0.0
0.0
0.0
0.0
0.0
0.0
0.0
0.0
13.0
57.0
25.0
36.0
46.0
339.0
532.0
725.0
767.0
548.0
489.0
402.0
215.0
118.0
20.0
0.0
0.0
0.0
0.0
0.0
0.0
0.0
0.0
0.0
24.0
78.0
140.0
196.0
239.0
275.0
303.0
325.0
298.0
277.0
218.0
174.0
104.0
43.0
1.0
0.0
0.0
0.0
0.0
0.0
0.0
0.0
0.0
0.0
9.0
15.0
28.0
139.0
377.0
768.0
419.0
65.0
474.0
336.0
558.0
280.0
21.0
13.0
1.0
0.0
0.0
0.0
0.0
0.0
0.0
0.0
0.0
0.0
49.0
187.0
348.0
358.0
367.0
335.0
439.0
675.0
433.0
169.0
166.0
45.0
20.0
8.0
1.0
0.0
0.0
0.0
0.0
0.0
0.0
0.0
0.0
0.0
31.0
107.0
190.0
277.0
332.0
401.0
728.0
768.0
600.0
470.0
336.0
289.0
159.0
68.0
1.0
0.0
0.0
0.0
0.0
0.0
0.0
0.0
0.0
0.0
25.0
84.0
162.0
248.0
319.0
321.0
317.0
343.0
328.0
311.0
266.0
163.0
105.0
40.0
1.0
0.0
0.0
0.0
0.0
0.0
0.0
0.0
0.0
0.0
7.0
103.0
202.0
304.0
358.0
429.0
426.0
422.0
449.0
399.0
370.0
285.0
202.0
93.0
4.0
0.0
0.0
0.0
0.0
0.0
0.0
0.0
0.0
0.0
15.0
116.0
228.0
344.0
432.0
501.0
532.0
530.0
503.0
443.0
363.0
267.0
151.0
56.0
1.0
0.0
0.0
0.0
0.0
0.0
0.0
0.0
0.0
0.0
16.0
136.0
266.0
390.0
496.0
581.0
621.0
625.0
593.0
518.0
422.0
295.0
172.0
65.0
0.0
0.0
0.0
0.0
0.0
0.0
0.0
0.0
0.0
0.0
3.0
37.0
74.0
99.0
143.0
175.0
197.0
204.0
187.0
157.0
125.0
96.0
55.0
20.0
0.0
0.0
0.0
0.0
0.0
0.0
0.0
0.0
0.0
0.0
17.0
104.0
190.0
305.0
421.0
293.0
473.0
546.0
298.0
53.0
76.0
46.0
31.0
13.0
0.0
0.0
0.0
0.0
0.0
0.0
0.0
0.0
0.0
0.0
5.0
11.0
113.0
75.0
224.0
308.0
313.0
325.0
157.0
261.0
184.0
112.0
35.0
5.0
0.0
0.0
0.0
0.0
0.0
0.0
0.0
0.0
0.0
0.0
2.0
38.0
90.0
153.0
186.0
201.0
262.0
267.0
230.0
196.0
157.0
113.0
69.0
27.0
0.0
0.0
0.0
0.0
0.0
0.0
0.0
0.0
0.0
0.0
8.0
86.0
193.0
279.0
331.0
417.0
401.0
454.0
421.0
442.0
366.0
271.0
179.0
64.0
0.0
0.0
0.0
0.0
0.0
0.0
0.0
0.0
0.0
0.0
2.0
78.0
154.0
236.0
328.0
370.0
377.0
356.0
339.0
321.0
294.0
187.0
104.0
33.0
0.0
0.0
0.0
0.0
0.0
0.0
0.0
0.0
0.0
0.0
8.0
114.0
247.0
374.0
500.0
596.0
626.0
604.0
573.0
511.0
421.0
308.0
175.0
53.0
0.0
0.0
0.0
0.0
0.0
0.0
0.0
0.0
0.0
0.0
2.0
32.0
68.0
106.0
138.0
164.0
180.0
183.0
179.0
153.0
120.0
84.0
44.0
13.0
0.0
0.0
0.0
0.0
0.0
0.0
0.0
0.0
0.0
0.0
2.0
24.0
53.0
80.0
102.0
119.0
131.0
136.0
126.0
110.0
87.0
60.0
31.0
4.0
0.0
0.0
0.0
0.0
0.0
0.0
0.0
0.0
0.0
0.0
1.0
21.0
46.0
73.0
97.0
114.0
123.0
122.0
115.0
101.0
82.0
56.0
29.0
3.0
0.0
0.0
0.0
0.0
0.0
0.0
0.0
0.0
0.0
0.0
1.0
40.0
94.0
151.0
184.0
225.0
256.0
257.0
266.0
229.0
182.0
125.0
73.0
11.0
0.0
0.0
0.0
0.0
0.0
0.0
0.0
0.0
0.0
0.0
1.0
48.0
95.0
69.0
108.0
163.0
253.0
424.0
467.0
448.0
370.0
312.0
151.0
28.0
0.0
0.0
0.0
0.0
0.0
0.0
0.0
0.0
0.0
0.0
2.0
93.0
230.0
276.0
381.0
471.0
476.0
544.0
558.0
449.0
300.0
235.0
99.0
6.0
0.0
0.0
0.0
0.0
0.0
0.0
0.0
0.0
0.0
0.0
2.0
83.0
198.0
327.0
443.0
544.0
534.0
537.0
536.0
485.0
366.0
240.0
122.0
12.0
0.0
0.0
0.0
0.0
0.0
0.0
0.0
0.0
0.0
0.0
1.0
70.0
185.0
287.0
366.0
440.0
512.0
536.0
524.0
459.0
376.0
256.0
135.0
12.0
0.0
0.0
0.0
0.0
0.0
0.0
0.0
0.0
0.0
0.0
1.0
66.0
166.0
257.0
356.0
401.0
437.0
383.0
386.0
335.0
247.0
158.0
70.0
2.0
0.0
0.0
0.0
0.0
0.0
0.0
0.0
0.0
0.0
0.0
1.0
44.0
70.0
137.0
222.0
279.0
335.0
392.0
279.0
336.0
391.0
288.0
132.0
17.0
0.0
0.0
0.0
0.0
0.0
0.0
0.0
0.0
0.0
0.0
1.0
36.0
88.0
150.0
203.0
240.0
252.0
275.0
251.0
200.0
143.0
98.0
45.0
1.0
0.0
0.0
0.0
0.0
0.0
0.0
0.0
0.0
0.0
0.0
1.0
52.0
140.0
203.0
277.0
364.0
395.0
414.0
386.0
308.0
237.0
148.0
67.0
2.0
0.0
0.0
0.0
0.0
0.0
0.0
0.0
0.0
0.0
0.0
0.0
58.0
157.0
263.0
357.0
430.0
473.0
482.0
448.0
379.0
286.0
183.0
80.0
3.0
0.0
0.0
0.0
0.0
0.0
0.0
0.0
0.0
0.0
0.0
0.0
72.0
192.0
322.0
438.0
514.0
569.0
585.0
538.0
470.0
356.0
221.0
89.0
2.0
0.0
0.0
0.0
0.0
0.0
0.0
0.0
0.0
0.0
0.0
0.0
72.0
182.0
288.0
393.0
473.0
506.0
470.0
458.0
391.0
287.0
170.0
66.0
1.0
0.0
0.0
0.0
0.0
0.0
0.0
0.0
0.0
0.0
0.0
0.0
68.0
192.0
326.0
445.0
536.0
574.0
576.0
537.0
459.0
347.0
216.0
84.0
1.0
0.0
0.0
0.0
0.0
0.0
0.0
0.0
0.0
0.0
0.0
0.0
10.0
31.0
46.0
70.0
73.0
68.0
66.0
413.0
350.0
263.0
164.0
63.0
0.0
0.0
0.0
0.0
0.0
0.0
0.0
0.0
0.0
0.0
0.0
0.0
22.0
23.0
52.0
36.0
202.0
279.0
309.0
456.0
503.0
343.0
209.0
84.0
2.0
0.0
0.0
0.0
0.0
0.0
0.0
0.0
0.0
0.0
0.0
0.0
57.0
175.0
310.0
429.0
517.0
550.0
549.0
505.0
422.0
313.0
183.0
66.0
0.0
0.0
0.0
0.0
0.0
0.0
0.0
0.0
0.0
0.0
0.0
0.0
38.0
90.0
213.0
311.0
360.0
408.0
355.0
365.0
278.0
276.0
187.0
74.0
1.0
0.0
0.0
0.0
0.0
0.0
0.0
0.0
0.0
0.0
0.0
0.0
47.0
141.0
256.0
381.0
502.0
539.0
501.0
444.0
365.0
271.0
161.0
52.0
0.0
0.0
0.0
0.0
0.0
0.0
0.0
0.0
0.0
0.0
0.0
0.0
47.0
157.0
290.0
411.0
481.0
526.0
537.0
492.0
430.0
311.0
181.0
56.0
0.0
0.0
0.0
0.0
0.0
0.0
0.0
0.0
0.0
0.0
0.0
0.0
24.0
171.0
312.0
433.0
523.0
573.0
577.0
534.0
448.0
329.0
188.0
59.0
0.0
0.0
0.0
0.0
0.0
0.0
0.0
0.0
0.0
0.0
0.0
0.0
20.0
155.0
286.0
404.0
471.0
513.0
525.0
483.0
397.0
290.0
164.0
24.0
0.0
0.0
0.0
0.0
0.0
0.0
0.0
0.0
0.0
0.0
0.0
0.0
4.0
80.0
74.0
201.0
92.0
149.0
280.0
226.0
302.0
333.0
183.0
51.0
0.0
0.0
0.0
0.0
0.0
0.0
0.0
0.0
0.0
0.0
0.0
0.0
10.0
102.0
145.0
184.0
257.0
266.0
309.0
366.0
274.0
223.0
179.0
34.0
0.0
0.0
0.0
0.0
0.0
0.0
0.0
0.0
0.0
0.0
0.0
0.0
11.0
99.0
214.0
285.0
373.0
418.0
462.0
466.0
424.0
300.0
159.0
25.0
0.0
0.0
0.0
0.0
0.0
0.0
0.0
0.0
0.0
0.0
0.0
0.0
13.0
138.0
259.0
375.0
429.0
480.0
466.0
432.0
341.0
250.0
126.0
14.0
0.0
0.0
0.0
0.0
0.0
0.0
0.0
0.0
0.0
0.0
0.0
0.0
13.0
136.0
261.0
382.0
454.0
494.0
491.0
450.0
359.0
253.0
131.0
14.0
0.0
0.0
0.0
0.0
0.0
0.0
0.0
0.0
0.0
0.0
0.0
0.0
12.0
148.0
242.0
338.0
420.0
435.0
435.0
355.0
333.0
224.0
116.0
6.0
0.0
0.0
0.0
0.0
0.0
0.0
0.0
0.0
0.0
0.0
0.0
0.0
2.0
10.0
53.0
94.0
134.0
238.0
263.0
243.0
203.0
128.0
85.0
7.0
0.0
0.0
0.0
0.0
0.0
0.0
0.0
0.0
0.0
0.0
0.0
0.0
5.0
69.0
136.0
192.0
223.0
247.0
228.0
233.0
186.0
112.0
52.0
2.0
0.0
0.0
0.0
0.0
0.0
0.0
0.0
0.0
0.0
0.0
0.0
0.0
2.0
29.0
63.0
99.0
126.0
76.0
75.0
369.0
281.0
185.0
84.0
1.0
0.0
0.0
0.0
0.0
0.0
0.0
0.0
0.0
0.0
0.0
0.0
0.0
5.0
102.0
211.0
325.0
397.0
432.0
443.0
418.0
344.0
240.0
115.0
7.0
0.0
0.0
0.0
0.0
0.0
0.0
0.0
0.0
0.0
0.0
0.0
0.0
1.0
12.0
24.0
39.0
44.0
40.0
40.0
336.0
266.0
175.0
78.0
3.0
0.0
0.0
0.0
0.0
0.0
0.0
0.0
0.0
0.0
0.0
0.0
0.0
4.0
97.0
204.0
305.0
362.0
387.0
378.0
331.0
266.0
166.0
74.0
1.0
0.0
0.0
0.0
0.0
0.0
0.0
0.0
0.0
0.0
0.0
0.0
0.0
1.0
23.0
82.0
207.0
283.0
361.0
386.0
386.0
387.0
172.0
92.0
5.0
0.0
0.0
0.0
0.0
0.0
0.0
0.0
0.0
0.0
0.0
0.0
0.0
1.0
21.0
40.0
64.0
76.0
86.0
83.0
69.0
55.0
36.0
18.0
1.0
0.0
0.0
0.0
0.0
0.0
0.0
0.0
0.0
0.0
0.0
0.0
0.0
1.0
38.0
84.0
129.0
175.0
200.0
195.0
177.0
141.0
90.0
35.0
1.0
0.0
0.0
0.0
0.0
0.0
0.0
0.0
0.0
0.0
0.0
0.0
0.0
1.0
36.0
84.0
132.0
162.0
171.0
171.0
148.0
128.0
85.0
37.0
1.0
0.0
0.0
0.0
0.0
0.0
0.0
0.0
0.0
0.0
0.0
0.0
0.0
3.0
56.0
225.0
234.0
449.0
336.0
255.0
141.0
130.0
87.0
30.0
1.0
0.0
0.0
0.0
0.0
0.0
0.0
0.0
0.0
0.0
0.0
0.0
0.0
1.0
54.0
122.0
204.0
267.0
246.0
248.0
235.0
198.0
115.0
48.0
0.0
0.0
0.0
0.0
0.0
0.0
0.0
0.0
0.0
0.0
0.0
0.0
0.0
1.0
76.0
186.0
289.0
366.0
404.0
401.0
354.0
271.0
166.0
61.0
0.0
0.0
0.0
0.0
0.0
0.0
0.0
0.0
0.0
0.0
0.0
0.0
0.0
0.0
10.0
74.0
82.0
178.0
86.0
188.0
210.0
202.0
184.0
54.0
1.0
0.0
0.0
0.0
0.0
0.0
0.0
0.0
0.0
0.0
0.0
0.0
0.0
0.0
10.0
22.0
28.0
32.0
53.0
47.0
320.0
247.0
150.0
51.0
0.0
0.0
0.0
0.0
0.0
0.0
0.0
0.0
0.0
0.0
0.0
0.0
0.0
0.0
18.0
45.0
64.0
77.0
92.0
82.0
71.0
56.0
30.0
11.0
0.0
0.0
0.0
0.0
0.0
0.0
0.0
0.0
0.0
0.0
0.0
0.0
0.0
0.0
39.0
116.0
182.0
194.0
226.0
200.0
243.0
236.0
166.0
44.0
0.0
0.0
0.0
0.0
0.0
0.0
0.0
0.0
0.0
0.0
0.0
0.0
0.0
0.0
60.0
154.0
230.0
322.0
352.0
379.0
354.0
269.0
147.0
24.0
0.0
0.0
0.0
0.0
0.0
0.0
0.0
0.0
0.0
0.0
0.0
0.0
0.0
0.0
41.0
138.0
208.0
268.0
263.0
273.0
288.0
201.0
94.0
3.0
0.0
0.0
0.0
0.0
0.0
0.0
0.0
0.0
0.0
0.0
0.0
0.0
0.0
0.0
53.0
150.0
270.0
348.0
361.0
359.0
294.0
199.0
100.0
4.0
0.0
0.0
0.0
0.0
0.0
0.0
0.0
0.0
0.0
0.0
0.0
0.0
0.0
0.0
21.0
12.0
241.0
230.0
187.0
316.0
335.0
171.0
135.0
32.0
0.0
0.0
0.0
0.0
0.0
0.0
0.0
0.0
0.0
0.0
0.0
0.0
0.0
0.0
48.0
157.0
261.0
338.0
378.0
369.0
321.0
240.0
129.0
14.0
0.0
0.0
0.0
0.0
0.0
0.0
0.0
0.0
0.0
0.0
0.0
0.0
0.0
0.0
19.0
137.0
212.0
295.0
362.0
229.0
279.0
196.0
99.0
4.0
0.0
0.0
0.0
0.0
0.0
0.0
0.0
0.0
0.0
0.0
0.0
0.0
0.0
0.0
14.0
103.0
170.0
206.0
229.0
150.0
163.0
137.0
75.0
2.0
0.0
0.0
0.0
0.0
0.0
0.0
0.0
0.0
0.0
0.0
0.0
0.0
0.0
0.0
14.0
92.0
179.0
213.0
240.0
268.0
209.0
187.0
123.0
15.0
0.0
0.0
0.0
0.0
0.0
0.0
0.0
0.0
0.0
0.0
0.0
0.0
0.0
0.0
15.0
123.0
190.0
273.0
332.0
308.0
269.0
186.0
83.0
2.0
0.0
0.0
0.0
0.0
0.0
0.0
0.0
0.0
0.0
0.0
0.0
0.0
0.0
0.0
17.0
130.0
156.0
167.0
160.0
168.0
297.0
157.0
35.0
1.0
0.0
0.0
0.0
0.0
0.0
0.0
0.0
0.0
0.0
0.0
0.0
0.0
0.0
0.0
8.0
69.0
170.0
188.0
198.0
227.0
186.0
119.0
108.0
8.0
0.0
0.0
0.0
0.0
0.0
0.0
0.0
0.0
0.0
0.0
0.0
0.0
0.0
0.0
2.0
18.0
30.0
43.0
46.0
45.0
40.0
26.0
13.0
1.0
0.0
0.0
0.0
0.0
0.0
0.0
0.0
0.0
0.0
0.0
0.0
0.0
0.0
0.0
8.0
102.0
189.0
256.0
297.0
289.0
250.0
182.0
92.0
4.0
0.0
0.0
0.0
0.0
0.0
0.0
0.0
0.0
0.0
0.0
0.0
0.0
0.0
0.0
2.0
99.0
194.0
238.0
259.0
276.0
230.0
156.0
75.0
3.0
0.0
0.0
0.0
0.0
0.0
0.0
0.0
0.0
0.0
0.0
0.0
0.0
0.0
0.0
5.0
85.0
156.0
210.0
263.0
271.0
206.0
131.0
59.0
1.0
0.0
0.0
0.0
0.0
0.0
0.0
0.0
0.0
0.0
0.0
0.0
0.0
0.0
0.0
3.0
52.0
98.0
122.0
142.0
132.0
115.0
82.0
34.0
1.0
0.0
0.0
0.0
0.0
0.0
0.0
0.0
0.0
0.0
0.0
0.0
0.0
0.0
0.0
1.0
11.0
16.0
27.0
33.0
33.0
224.0
152.0
67.0
1.0
0.0
0.0
0.0
0.0
0.0
0.0
0.0
0.0
0.0
0.0
0.0
0.0
0.0
0.0
4.0
93.0
183.0
257.0
283.0
269.0
238.0
152.0
65.0
1.0
0.0
0.0
0.0
0.0
0.0
0.0
0.0
0.0
0.0
0.0
0.0
0.0
0.0
0.0
3.0
78.0
159.0
240.0
281.0
284.0
245.0
168.0
73.0
1.0
0.0
0.0
0.0
0.0
0.0
0.0
0.0
0.0
0.0
0.0
0.0
0.0
0.0
0.0
1.0
14.0
28.0
39.0
44.0
45.0
38.0
25.0
10.0
0.0
0.0
0.0
0.0
0.0
0.0
0.0
0.0
0.0
0.0
0.0
0.0
0.0
0.0
0.0
1.0
21.0
48.0
64.0
77.0
77.0
61.0
44.0
18.0
0.0
0.0
0.0
0.0
0.0
0.0
0.0
0.0
0.0
0.0
0.0
0.0
0.0
0.0
0.0
1.0
6.0
13.0
18.0
21.0
20.0
17.0
11.0
4.0
0.0
0.0
0.0
0.0
0.0
0.0
0.0
0.0
0.0
0.0
0.0
0.0
0.0
0.0
0.0
0.0
14.0
33.0
47.0
56.0
55.0
49.0
28.0
9.0
0.0
0.0
0.0
0.0
0.0
0.0
0.0
0.0
0.0
0.0
0.0
0.0
0.0
0.0
0.0
1.0
40.0
72.0
79.0
119.0
78.0
63.0
58.0
20.0
0.0
0.0
0.0
0.0
0.0
0.0
0.0
0.0
0.0
0.0
0.0
0.0
0.0
0.0
0.0
1.0
56.0
154.0
216.0
258.0
259.0
182.0
101.0
39.0
0.0
0.0
0.0
0.0
0.0
0.0
0.0
0.0
0.0
0.0
0.0
0.0
0.0
0.0
0.0
0.0
40.0
96.0
146.0
174.0
165.0
144.0
84.0
29.0
0.0
0.0
0.0
0.0
0.0
0.0
0.0
0.0
0.0
0.0
0.0
0.0
0.0
0.0
0.0
0.0
8.0
12.0
33.0
48.0
47.0
180.0
99.0
33.0
0.0
0.0
0.0
0.0
0.0
0.0
0.0
0.0
0.0
0.0
0.0
0.0
0.0
0.0
0.0
0.0
33.0
93.0
83.0
103.0
124.0
116.0
92.0
45.0
0.0
0.0
0.0
0.0
0.0
0.0
0.0
0.0
0.0
0.0
0.0
0.0
0.0
0.0
0.0
0.0
10.0
25.0
38.0
47.0
43.0
37.0
21.0
3.0
0.0
0.0
0.0
0.0
0.0
0.0
0.0
0.0
0.0
0.0
0.0
0.0
0.0
0.0
0.0
0.0
4.0
10.0
15.0
57.0
65.0
199.0
117.0
13.0
0.0
0.0
0.0
0.0
0.0
0.0
0.0
0.0
0.0
0.0
0.0
0.0
0.0
0.0
0.0
0.0
10.0
25.0
36.0
46.0
45.0
35.0
22.0
3.0
0.0
0.0
0.0
0.0
0.0
0.0
0.0
0.0
0.0
0.0
0.0
0.0
0.0
0.0
0.0
0.0
33.0
91.0
153.0
204.0
197.0
162.0
111.0
19.0
0.0
0.0
0.0
0.0
0.0
0.0
0.0
0.0
0.0
0.0
0.0
0.0
0.0
0.0
0.0
0.0
9.0
25.0
39.0
41.0
42.0
37.0
21.0
3.0
0.0
0.0
0.0
0.0
0.0
0.0
0.0
0.0
0.0
0.0
0.0
0.0
0.0
0.0
0.0
0.0
10.0
55.0
75.0
93.0
87.0
64.0
37.0
2.0
0.0
0.0
0.0
0.0
0.0
0.0
0.0
0.0
0.0
0.0
0.0
0.0
0.0
0.0
0.0
0.0
6.0
37.0
61.0
71.0
69.0
52.0
26.0
2.0
0.0
0.0
0.0
0.0
0.0
0.0
0.0
0.0
0.0
0.0
0.0
0.0
0.0
0.0
0.0
0.0
10.0
69.0
109.0
154.0
138.0
114.0
49.0
2.0
0.0
0.0
0.0
0.0
0.0
0.0
0.0
0.0
0.0
0.0
0.0
0.0
0.0
0.0
0.0
0.0
3.0
56.0
166.0
177.0
204.0
140.0
71.0
17.0
0.0
0.0
0.0
0.0
0.0
0.0
0.0
0.0
0.0
0.0
0.0
0.0
0.0
0.0
0.0
0.0
2.0
19.0
30.0
36.0
38.0
31.0
18.0
2.0
0.0
0.0
0.0
0.0
0.0
0.0
0.0
0.0
0.0
0.0
0.0
0.0
0.0
0.0
0.0
0.0
2.0
17.0
30.0
30.0
36.0
148.0
78.0
4.0
0.0
0.0
0.0
0.0
0.0
0.0
0.0
0.0
0.0
0.0
0.0
0.0
0.0
0.0
0.0
0.0
2.0
7.0
68.0
128.0
169.0
112.0
95.0
13.0
0.0
0.0
0.0
0.0
0.0
0.0
0.0
0.0
0.0
0.0
0.0
0.0
0.0
0.0
0.0
0.0
3.0
25.0
111.0
132.0
168.0
167.0
80.0
6.0
0.0
0.0
0.0
0.0
0.0
0.0
0.0
0.0
0.0
0.0
0.0
0.0
0.0
0.0
0.0
0.0
2.0
31.0
64.0
87.0
130.0
58.0
57.0
14.0
0.0
0.0
0.0
0.0
0.0
0.0
0.0
0.0
0.0
0.0
0.0
0.0
0.0
0.0
0.0
0.0
2.0
20.0
33.0
42.0
42.0
31.0
18.0
1.0
0.0
0.0
0.0
0.0
0.0
0.0
0.0
0.0
0.0
0.0
0.0
0.0
0.0
0.0
0.0
0.0
1.0
15.0
24.0
32.0
31.0
26.0
15.0
1.0
0.0
0.0
0.0
0.0
0.0
0.0
0.0
0.0
0.0
0.0
0.0
0.0
0.0
0.0
0.0
0.0
1.0
15.0
29.0
42.0
38.0
27.0
14.0
1.0
0.0
0.0
0.0
0.0
0.0
0.0
0.0
0.0
0.0
0.0
0.0
0.0
0.0
0.0
0.0
0.0
3.0
39.0
64.0
79.0
77.0
61.0
34.0
1.0
0.0
0.0
0.0
0.0
0.0
0.0
0.0
0.0
0.0
0.0
0.0
0.0
0.0
0.0
0.0
0.0
1.0
6.0
14.0
16.0
20.0
124.0
67.0
4.0
0.0
0.0
0.0
0.0
0.0
0.0
0.0
0.0
0.0
0.0
0.0
0.0
0.0
0.0
0.0
0.0
1.0
10.0
20.0
23.0
14.0
118.0
60.0
3.0
0.0
0.0
0.0
0.0
0.0
0.0
0.0
0.0
0.0
0.0
0.0
0.0
0.0
0.0
0.0
0.0
1.0
9.0
12.0
19.0
24.0
130.0
72.0
3.0
0.0
0.0
0.0
0.0
0.0
0.0
0.0
0.0
0.0
0.0
0.0
0.0
0.0
0.0
0.0
0.0
2.0
33.0
57.0
15.0
31.0
122.0
68.0
3.0
0.0
0.0
0.0
0.0
0.0
0.0
0.0
0.0
0.0
0.0
0.0
0.0
0.0
0.0
0.0
0.0
1.0
28.0
59.0
75.0
82.0
66.0
38.0
2.0
0.0
0.0
0.0
0.0
0.0
0.0
0.0
0.0
0.0
0.0
0.0
0.0
0.0
0.0
0.0
0.0
1.0
38.0
66.0
110.0
116.0
82.0
51.0
3.0
0.0
0.0
0.0
0.0
0.0
0.0
0.0
0.0
0.0
0.0
0.0
0.0
0.0
0.0
0.0
0.0
1.0
16.0
33.0
39.0
44.0
37.0
22.0
1.0
0.0
0.0
0.0
0.0
0.0
0.0
0.0
0.0
0.0
0.0
0.0
0.0
0.0
0.0
0.0
0.0
1.0
27.0
54.0
70.0
73.0
61.0
34.0
1.0
0.0
0.0
0.0
0.0
0.0
0.0
0.0
0.0
0.0
0.0
0.0
0.0
0.0
0.0
0.0
0.0
2.0
55.0
112.0
147.0
133.0
107.0
57.0
2.0
0.0
0.0
0.0
0.0
0.0
0.0
0.0
0.0
0.0
0.0
0.0
0.0
0.0
0.0
0.0
0.0
1.0
49.0
99.0
133.0
141.0
110.0
58.0
2.0
0.0
0.0
0.0
0.0
0.0
0.0
0.0
0.0
0.0
0.0
0.0
0.0
0.0
0.0
0.0
0.0
0.0
26.0
49.0
70.0
66.0
45.0
31.0
1.0
0.0
0.0
0.0
0.0
0.0
0.0
0.0
0.0
0.0
0.0
0.0
0.0
0.0
0.0
0.0
0.0
0.0
6.0
15.0
18.0
18.0
87.0
49.0
2.0
0.0
0.0
0.0
0.0
0.0
0.0
0.0
0.0
0.0
0.0
0.0
0.0
0.0
0.0
0.0
0.0
0.0
9.0
19.0
13.0
13.0
101.0
56.0
2.0
0.0
0.0
0.0
0.0
0.0
0.0
0.0
0.0
0.0
0.0
0.0
0.0
0.0
0.0
0.0
0.0
0.0
30.0
65.0
89.0
99.0
79.0
41.0
1.0
0.0
0.0
0.0
0.0
0.0
0.0
0.0
0.0
0.0
0.0
0.0
0.0
0.0
0.0
0.0
0.0
0.0
5.0
12.0
15.0
17.0
12.0
7.0
1.0
0.0
0.0
0.0
0.0
0.0
0.0
0.0
0.0
0.0
0.0
0.0
0.0
0.0
0.0
0.0
0.0
0.0
5.0
10.0
14.0
15.0
11.0
6.0
1.0
0.0
0.0
0.0
0.0
0.0
0.0
0.0
0.0
0.0
0.0
0.0
0.0
0.0
0.0
0.0
0.0
0.0
9.0
18.0
24.0
25.0
21.0
11.0
1.0
0.0
0.0
0.0
0.0
0.0
0.0
0.0
0.0
0.0
0.0
0.0
0.0
0.0
0.0
0.0
0.0
0.0
19.0
33.0
40.0
41.0
29.0
15.0
1.0
0.0
0.0
0.0
0.0
0.0
0.0
0.0
0.0
0.0
0.0
0.0
0.0
0.0
0.0
0.0
0.0
0.0
11.0
24.0
32.0
33.0
29.0
17.0
1.0
0.0
0.0
0.0
0.0
0.0
0.0
0.0
0.0
0.0
0.0
0.0
0.0
0.0
0.0
0.0
0.0
0.0
7.0
16.0
20.0
22.0
17.0
10.0
1.0
0.0
0.0
0.0
0.0
0.0
0.0
0.0
0.0
0.0
0.0
0.0
0.0
0.0
0.0
0.0
0.0
1.0
50.0
103.0
134.0
130.0
96.0
57.0
3.0
0.0
0.0
0.0
0.0
0.0
0.0
0.0
0.0
0.0
0.0
0.0
0.0
0.0
0.0
0.0
0.0
0.0
44.0
102.0
134.0
135.0
105.0
54.0
2.0
0.0
0.0
0.0
0.0
0.0
0.0
0.0
0.0
0.0
0.0
0.0
0.0
0.0
0.0
0.0
0.0
0.0
25.0
52.0
78.0
73.0
57.0
32.0
1.0
0.0
0.0
0.0
0.0
0.0
0.0
0.0
0.0
0.0
0.0
0.0
0.0
0.0
0.0
0.0
0.0
0.0
36.0
80.0
102.0
110.0
80.0
46.0
1.0
0.0
0.0
0.0
0.0
0.0
0.0
0.0
0.0
0.0
0.0
0.0
0.0
0.0
0.0
0.0
0.0
0.0
28.0
55.0
66.0
78.0
65.0
38.0
1.0
0.0
0.0
0.0
0.0
0.0
0.0
0.0
0.0
0.0
0.0
0.0
0.0
0.0
0.0
0.0
0.0
0.0
9.0
19.0
26.0
29.0
23.0
12.0
1.0
0.0
0.0
0.0
0.0
0.0
0.0
0.0
0.0
0.0
0.0
0.0
0.0
0.0
0.0
0.0
0.0
0.0
12.0
39.0
70.0
84.0
74.0
39.0
2.0
0.0
0.0
0.0
0.0
0.0
0.0
0.0
0.0
0.0
0.0
0.0
0.0
0.0
0.0
0.0
0.0
0.0
30.0
66.0
88.0
86.0
67.0
36.0
1.0
0.0
0.0
0.0
0.0
0.0
0.0
0.0
0.0
0.0
0.0
0.0
0.0
0.0
0.0
0.0
0.0
0.0
23.0
56.0
70.0
67.0
53.0
32.0
1.0
0.0
0.0
0.0
0.0
0.0
0.0
0.0
0.0
