0.0
0.0
0.0
0.0
0.0
0.0
0.0
0.0
4.0
101.0
205.0
265.0
275.0
236.0
149.0
28.0
0.0
0.0
0.0
0.0
0.0
0.0
0.0
0.0
0.0
0.0
0.0
0.0
0.0
0.0
0.0
0.0
4.0
102.0
207.0
266.0
277.0
238.0
152.0
29.0
0.0
0.0
0.0
0.0
0.0
0.0
0.0
0.0
0.0
0.0
0.0
0.0
0.0
0.0
0.0
0.0
4.0
103.0
208.0
268.0
279.0
241.0
154.0
31.0
0.0
0.0
0.0
0.0
0.0
0.0
0.0
0.0
0.0
0.0
0.0
0.0
0.0
0.0
0.0
0.0
4.0
104.0
210.0
270.0
282.0
243.0
158.0
34.0
0.0
0.0
0.0
0.0
0.0
0.0
0.0
0.0
0.0
0.0
0.0
0.0
0.0
0.0
0.0
0.0
4.0
105.0
211.0
273.0
284.0
246.0
161.0
36.0
0.0
0.0
0.0
0.0
0.0
0.0
0.0
0.0
0.0
0.0
0.0
0.0
0.0
0.0
0.0
0.0
5.0
107.0
213.0
275.0
287.0
249.0
164.0
38.0
0.0
0.0
0.0
0.0
0.0
0.0
0.0
0.0
0.0
0.0
0.0
0.0
0.0
0.0
0.0
0.0
5.0
109.0
216.0
278.0
290.0
253.0
168.0
41.0
0.0
0.0
0.0
0.0
0.0
0.0
0.0
0.0
0.0
0.0
0.0
0.0
0.0
0.0
0.0
0.0
6.0
111.0
218.0
280.0
293.0
256.0
171.0
44.0
0.0
0.0
0.0
0.0
0.0
0.0
0.0
0.0
0.0
0.0
0.0
0.0
0.0
0.0
0.0
0.0
6.0
113.0
221.0
283.0
296.0
260.0
175.0
47.0
0.0
0.0
0.0
0.0
0.0
0.0
0.0
0.0
0.0
0.0
0.0
0.0
0.0
0.0
0.0
0.0
7.0
115.0
223.0
286.0
300.0
263.0
179.0
50.0
0.0
0.0
0.0
0.0
0.0
0.0
0.0
0.0
0.0
0.0
0.0
0.0
0.0
0.0
0.0
0.0
7.0
118.0
226.0
289.0
304.0
267.0
183.0
54.0
0.0
0.0
0.0
0.0
0.0
0.0
0.0
0.0
0.0
0.0
0.0
0.0
0.0
0.0
0.0
0.0
8.0
120.0
229.0
293.0
307.0
271.0
187.0
58.0
0.0
0.0
0.0
0.0
0.0
0.0
0.0
0.0
0.0
0.0
0.0
0.0
0.0
0.0
0.0
0.0
9.0
123.0
232.0
296.0
311.0
275.0
192.0
62.0
0.0
0.0
0.0
0.0
0.0
0.0
0.0
0.0
0.0
0.0
0.0
0.0
0.0
0.0
0.0
0.0
10.0
126.0
236.0
300.0
315.0
280.0
196.0
66.0
0.0
0.0
0.0
0.0
0.0
0.0
0.0
0.0
0.0
0.0
0.0
0.0
0.0
0.0
0.0
0.0
11.0
129.0
239.0
304.0
319.0
284.0
201.0
71.0
0.0
0.0
0.0
0.0
0.0
0.0
0.0
0.0
0.0
0.0
0.0
0.0
0.0
0.0
0.0
0.0
12.0
133.0
243.0
308.0
324.0
289.0
206.0
80.0
0.0
0.0
0.0
0.0
0.0
0.0
0.0
0.0
0.0
0.0
0.0
0.0
0.0
0.0
0.0
0.0
13.0
136.0
247.0
312.0
328.0
294.0
211.0
85.0
0.0
0.0
0.0
0.0
0.0
0.0
0.0
0.0
0.0
0.0
0.0
0.0
0.0
0.0
0.0
0.0
15.0
140.0
251.0
317.0
333.0
299.0
216.0
90.0
0.0
0.0
0.0
0.0
0.0
0.0
0.0
0.0
0.0
0.0
0.0
0.0
0.0
0.0
0.0
0.0
16.0
144.0
255.0
321.0
338.0
304.0
221.0
96.0
1.0
0.0
0.0
0.0
0.0
0.0
0.0
0.0
0.0
0.0
0.0
0.0
0.0
0.0
0.0
0.0
18.0
148.0
259.0
326.0
343.0
309.0
226.0
101.0
2.0
0.0
0.0
0.0
0.0
0.0
0.0
0.0
0.0
0.0
0.0
0.0
0.0
0.0
0.0
0.0
20.0
152.0
264.0
331.0
348.0
314.0
232.0
106.0
3.0
0.0
0.0
0.0
0.0
0.0
0.0
0.0
0.0
0.0
0.0
0.0
0.0
0.0
0.0
0.0
22.0
156.0
269.0
336.0
353.0
320.0
237.0
112.0
4.0
0.0
0.0
0.0
0.0
0.0
0.0
0.0
0.0
0.0
0.0
0.0
0.0
0.0
0.0
0.0
24.0
161.0
273.0
341.0
359.0
325.0
243.0
118.0
5.0
0.0
0.0
0.0
0.0
0.0
0.0
0.0
0.0
0.0
0.0
0.0
0.0
0.0
0.0
0.0
27.0
165.0
278.0
346.0
364.0
331.0
249.0
124.0
6.0
0.0
0.0
0.0
0.0
0.0
0.0
0.0
0.0
0.0
0.0
0.0
0.0
0.0
0.0
0.0
29.0
170.0
284.0
352.0
370.0
337.0
255.0
130.0
8.0
0.0
0.0
0.0
0.0
0.0
0.0
0.0
0.0
0.0
0.0
0.0
0.0
0.0
0.0
0.0
32.0
175.0
289.0
357.0
376.0
343.0
261.0
136.0
10.0
0.0
0.0
0.0
0.0
0.0
0.0
0.0
0.0
0.0
0.0
0.0
0.0
0.0
0.0
0.0
35.0
180.0
294.0
363.0
382.0
349.0
267.0
142.0
12.0
0.0
0.0
0.0
0.0
0.0
0.0
0.0
0.0
0.0
0.0
0.0
0.0
0.0
0.0
0.0
39.0
185.0
300.0
369.0
388.0
355.0
273.0
148.0
15.0
0.0
0.0
0.0
0.0
0.0
0.0
0.0
0.0
0.0
0.0
0.0
0.0
0.0
0.0
0.0
42.0
191.0
305.0
375.0
394.0
361.0
280.0
154.0
17.0
0.0
0.0
0.0
0.0
0.0
0.0
0.0
0.0
0.0
0.0
0.0
0.0
0.0
0.0
0.0
46.0
196.0
311.0
381.0
400.0
368.0
286.0
161.0
20.0
0.0
0.0
0.0
0.0
0.0
0.0
0.0
0.0
0.0
0.0
0.0
0.0
0.0
0.0
0.0
50.0
202.0
317.0
387.0
406.0
374.0
293.0
167.0
24.0
0.0
0.0
0.0
0.0
0.0
0.0
0.0
0.0
0.0
0.0
0.0
0.0
0.0
0.0
0.0
54.0
208.0
323.0
393.0
413.0
381.0
299.0
174.0
27.0
0.0
0.0
0.0
0.0
0.0
0.0
0.0
0.0
0.0
0.0
0.0
0.0
0.0
0.0
0.0
59.0
214.0
329.0
399.0
419.0
387.0
306.0
180.0
31.0
0.0
0.0
0.0
0.0
0.0
0.0
0.0
0.0
0.0
0.0
0.0
0.0
0.0
0.0
0.0
64.0
220.0
336.0
406.0
426.0
394.0
313.0
187.0
35.0
0.0
0.0
0.0
0.0
0.0
0.0
0.0
0.0
0.0
0.0
0.0
0.0
0.0
0.0
0.0
69.0
226.0
342.0
413.0
433.0
401.0
319.0
194.0
39.0
0.0
0.0
0.0
0.0
0.0
0.0
0.0
0.0
0.0
0.0
0.0
0.0
0.0
0.0
0.0
75.0
232.0
348.0
419.0
440.0
408.0
326.0
201.0
44.0
0.0
0.0
0.0
0.0
0.0
0.0
0.0
0.0
0.0
0.0
0.0
0.0
0.0
0.0
0.0
81.0
238.0
355.0
426.0
446.0
415.0
333.0
208.0
49.0
0.0
0.0
0.0
0.0
0.0
0.0
0.0
0.0
0.0
0.0
0.0
0.0
0.0
0.0
0.0
90.0
245.0
362.0
433.0
453.0
422.0
340.0
215.0
54.0
0.0
0.0
0.0
0.0
0.0
0.0
0.0
0.0
0.0
0.0
0.0
0.0
0.0
0.0
0.0
97.0
252.0
369.0
440.0
461.0
429.0
348.0
222.0
60.0
0.0
0.0
0.0
0.0
0.0
0.0
0.0
0.0
0.0
0.0
0.0
0.0
0.0
0.0
1.0
103.0
258.0
376.0
447.0
468.0
436.0
355.0
229.0
65.0
0.0
0.0
0.0
0.0
0.0
0.0
0.0
0.0
0.0
0.0
0.0
0.0
0.0
0.0
1.0
110.0
265.0
383.0
454.0
475.0
443.0
362.0
236.0
72.0
0.0
0.0
0.0
0.0
0.0
0.0
0.0
0.0
0.0
0.0
0.0
0.0
0.0
0.0
2.0
117.0
272.0
390.0
461.0
482.0
451.0
369.0
243.0
78.0
0.0
0.0
0.0
0.0
0.0
0.0
0.0
0.0
0.0
0.0
0.0
0.0
0.0
0.0
3.0
123.0
279.0
397.0
469.0
490.0
458.0
377.0
250.0
85.0
0.0
0.0
0.0
0.0
0.0
0.0
0.0
0.0
0.0
0.0
0.0
0.0
0.0
0.0
4.0
130.0
286.0
404.0
476.0
497.0
466.0
384.0
257.0
95.0
0.0
0.0
0.0
0.0
0.0
0.0
0.0
0.0
0.0
0.0
0.0
0.0
0.0
0.0
6.0
137.0
294.0
412.0
484.0
505.0
473.0
391.0
265.0
102.0
0.0
0.0
0.0
0.0
0.0
0.0
0.0
0.0
0.0
0.0
0.0
0.0
0.0
0.0
8.0
145.0
301.0
419.0
491.0
512.0
481.0
399.0
272.0
109.0
1.0
0.0
0.0
0.0
0.0
0.0
0.0
0.0
0.0
0.0
0.0
0.0
0.0
0.0
10.0
152.0
308.0
427.0
499.0
520.0
488.0
406.0
279.0
116.0
2.0
0.0
0.0
0.0
0.0
0.0
0.0
0.0
0.0
0.0
0.0
0.0
0.0
0.0
13.0
159.0
316.0
434.0
506.0
527.0
496.0
414.0
287.0
124.0
3.0
0.0
0.0
0.0
0.0
0.0
0.0
0.0
0.0
0.0
0.0
0.0
0.0
0.0
15.0
167.0
324.0
442.0
514.0
535.0
503.0
421.0
294.0
131.0
4.0
0.0
0.0
0.0
0.0
0.0
0.0
0.0
0.0
0.0
0.0
0.0
0.0
0.0
19.0
174.0
331.0
450.0
522.0
543.0
511.0
429.0
302.0
138.0
5.0
0.0
0.0
0.0
0.0
0.0
0.0
0.0
0.0
0.0
0.0
0.0
0.0
0.0
22.0
182.0
339.0
458.0
530.0
551.0
519.0
436.0
309.0
145.0
7.0
0.0
0.0
0.0
0.0
0.0
0.0
0.0
0.0
0.0
0.0
0.0
0.0
0.0
26.0
190.0
347.0
465.0
538.0
558.0
527.0
444.0
316.0
153.0
9.0
0.0
0.0
0.0
0.0
0.0
0.0
0.0
0.0
0.0
0.0
0.0
0.0
0.0
30.0
198.0
355.0
473.0
546.0
566.0
534.0
452.0
324.0
160.0
12.0
0.0
0.0
0.0
0.0
0.0
0.0
0.0
0.0
0.0
0.0
0.0
0.0
0.0
35.0
206.0
363.0
481.0
553.0
574.0
542.0
459.0
331.0
167.0
14.0
0.0
0.0
0.0
0.0
0.0
0.0
0.0
0.0
0.0
0.0
0.0
0.0
0.0
39.0
213.0
371.0
489.0
561.0
582.0
550.0
467.0
339.0
174.0
17.0
0.0
0.0
0.0
0.0
0.0
0.0
0.0
0.0
0.0
0.0
0.0
0.0
0.0
45.0
222.0
379.0
497.0
569.0
590.0
558.0
474.0
346.0
182.0
20.0
0.0
0.0
0.0
0.0
0.0
0.0
0.0
0.0
0.0
0.0
0.0
0.0
0.0
50.0
230.0
387.0
505.0
577.0
598.0
565.0
482.0
354.0
189.0
24.0
0.0
0.0
0.0
0.0
0.0
0.0
0.0
0.0
0.0
0.0
0.0
0.0
0.0
56.0
238.0
395.0
514.0
586.0
606.0
573.0
490.0
361.0
196.0
27.0
0.0
0.0
0.0
0.0
0.0
0.0
0.0
0.0
0.0
0.0
0.0
0.0
0.0
63.0
246.0
403.0
522.0
594.0
614.0
581.0
497.0
369.0
203.0
31.0
0.0
0.0
0.0
0.0
0.0
0.0
0.0
0.0
0.0
0.0
0.0
0.0
0.0
69.0
254.0
411.0
530.0
602.0
622.0
589.0
505.0
376.0
211.0
35.0
0.0
0.0
0.0
0.0
0.0
0.0
0.0
0.0
0.0
0.0
0.0
0.0
0.0
77.0
263.0
420.0
538.0
610.0
630.0
596.0
512.0
383.0
218.0
40.0
0.0
0.0
0.0
0.0
0.0
0.0
0.0
0.0
0.0
0.0
0.0
0.0
0.0
84.0
271.0
428.0
546.0
618.0
638.0
604.0
520.0
391.0
225.0
44.0
0.0
0.0
0.0
0.0
0.0
0.0
0.0
0.0
0.0
0.0
0.0
0.0
0.0
92.0
279.0
436.0
555.0
626.0
645.0
612.0
528.0
398.0
233.0
49.0
0.0
0.0
0.0
0.0
0.0
0.0
0.0
0.0
0.0
0.0
0.0
0.0
0.0
103.0
288.0
445.0
563.0
634.0
653.0
620.0
535.0
406.0
240.0
54.0
0.0
0.0
0.0
0.0
0.0
0.0
0.0
0.0
0.0
0.0
0.0
0.0
0.0
111.0
296.0
453.0
571.0
642.0
661.0
627.0
543.0
413.0
247.0
60.0
0.0
0.0
0.0
0.0
0.0
0.0
0.0
0.0
0.0
0.0
0.0
0.0
1.0
120.0
305.0
462.0
579.0
650.0
669.0
635.0
550.0
420.0
254.0
65.0
0.0
0.0
0.0
0.0
0.0
0.0
0.0
0.0
0.0
0.0
0.0
0.0
2.0
128.0
313.0
470.0
588.0
658.0
677.0
643.0
558.0
428.0
261.0
71.0
0.0
0.0
0.0
0.0
0.0
0.0
0.0
0.0
0.0
0.0
0.0
0.0
3.0
137.0
322.0
478.0
596.0
666.0
685.0
650.0
565.0
435.0
268.0
77.0
0.0
0.0
0.0
0.0
0.0
0.0
0.0
0.0
0.0
0.0
0.0
0.0
5.0
145.0
330.0
487.0
604.0
674.0
693.0
658.0
573.0
442.0
276.0
84.0
0.0
0.0
0.0
0.0
0.0
0.0
0.0
0.0
0.0
0.0
0.0
0.0
7.0
154.0
339.0
495.0
612.0
682.0
701.0
666.0
580.0
449.0
283.0
90.0
0.0
0.0
0.0
0.0
0.0
0.0
0.0
0.0
0.0
0.0
0.0
0.0
10.0
163.0
347.0
504.0
621.0
690.0
708.0
673.0
587.0
456.0
290.0
97.0
0.0
0.0
0.0
0.0
0.0
0.0
0.0
0.0
0.0
0.0
0.0
0.0
13.0
171.0
356.0
512.0
629.0
698.0
716.0
681.0
595.0
464.0
297.0
105.0
0.0
0.0
0.0
0.0
0.0
0.0
0.0
0.0
0.0
0.0
0.0
0.0
16.0
180.0
365.0
520.0
637.0
706.0
724.0
688.0
602.0
471.0
304.0
112.0
0.0
0.0
0.0
0.0
0.0
0.0
0.0
0.0
0.0
0.0
0.0
0.0
20.0
189.0
373.0
529.0
645.0
714.0
731.0
696.0
609.0
478.0
311.0
119.0
1.0
0.0
0.0
0.0
0.0
0.0
0.0
0.0
0.0
0.0
0.0
0.0
24.0
198.0
382.0
537.0
653.0
722.0
739.0
703.0
616.0
485.0
318.0
126.0
2.0
0.0
0.0
0.0
0.0
0.0
0.0
0.0
0.0
0.0
0.0
0.0
28.0
206.0
390.0
546.0
661.0
730.0
747.0
710.0
623.0
492.0
324.0
133.0
3.0
0.0
0.0
0.0
0.0
0.0
0.0
0.0
0.0
0.0
0.0
0.0
33.0
215.0
399.0
554.0
669.0
738.0
754.0
718.0
630.0
499.0
331.0
140.0
4.0
0.0
0.0
0.0
0.0
0.0
0.0
0.0
0.0
0.0
0.0
0.0
38.0
224.0
407.0
562.0
677.0
746.0
762.0
725.0
638.0
506.0
338.0
147.0
5.0
0.0
0.0
0.0
0.0
0.0
0.0
0.0
0.0
0.0
0.0
0.0
44.0
233.0
416.0
570.0
685.0
753.0
769.0
732.0
645.0
512.0
345.0
153.0
7.0
0.0
0.0
0.0
0.0
0.0
0.0
0.0
0.0
0.0
0.0
0.0
50.0
241.0
424.0
579.0
693.0
761.0
777.0
739.0
651.0
519.0
352.0
160.0
9.0
0.0
0.0
0.0
0.0
0.0
0.0
0.0
0.0
0.0
0.0
0.0
57.0
250.0
433.0
587.0
701.0
769.0
784.0
746.0
658.0
526.0
358.0
167.0
11.0
0.0
0.0
0.0
0.0
0.0
0.0
0.0
0.0
0.0
0.0
0.0
63.0
259.0
441.0
595.0
709.0
776.0
791.0
753.0
665.0
533.0
365.0
174.0
13.0
0.0
0.0
0.0
0.0
0.0
0.0
0.0
0.0
0.0
0.0
0.0
70.0
267.0
450.0
603.0
717.0
784.0
798.0
760.0
672.0
539.0
372.0
180.0
16.0
0.0
0.0
0.0
0.0
0.0
0.0
0.0
0.0
0.0
0.0
0.0
78.0
276.0
458.0
611.0
725.0
791.0
806.0
767.0
679.0
546.0
378.0
187.0
18.0
0.0
0.0
0.0
0.0
0.0
0.0
0.0
0.0
0.0
0.0
0.0
86.0
284.0
466.0
619.0
732.0
798.0
813.0
774.0
685.0
553.0
385.0
193.0
21.0
0.0
0.0
0.0
0.0
0.0
0.0
0.0
0.0
0.0
0.0
0.0
94.0
293.0
475.0
627.0
740.0
806.0
820.0
781.0
692.0
559.0
391.0
200.0
25.0
0.0
0.0
0.0
0.0
0.0
0.0
0.0
0.0
0.0
0.0
0.0
103.0
301.0
483.0
635.0
748.0
813.0
827.0
788.0
699.0
566.0
398.0
206.0
28.0
0.0
0.0
0.0
0.0
0.0
0.0
0.0
0.0
0.0
0.0
0.0
112.0
310.0
491.0
643.0
755.0
820.0
834.0
794.0
705.0
572.0
404.0
213.0
31.0
0.0
0.0
0.0
0.0
0.0
0.0
0.0
0.0
0.0
0.0
1.0
121.0
318.0
499.0
651.0
763.0
827.0
840.0
801.0
711.0
578.0
410.0
219.0
35.0
0.0
0.0
0.0
0.0
0.0
0.0
0.0
0.0
0.0
0.0
2.0
129.0
327.0
507.0
658.0
770.0
834.0
847.0
807.0
718.0
585.0
417.0
226.0
39.0
0.0
0.0
0.0
0.0
0.0
0.0
0.0
0.0
0.0
0.0
3.0
138.0
335.0
515.0
666.0
777.0
841.0
854.0
814.0
724.0
591.0
423.0
232.0
43.0
0.0
0.0
0.0
0.0
0.0
0.0
0.0
0.0
0.0
0.0
5.0
146.0
343.0
523.0
674.0
785.0
848.0
860.0
820.0
730.0
597.0
429.0
239.0
48.0
0.0
0.0
0.0
0.0
0.0
0.0
0.0
0.0
0.0
0.0
7.0
155.0
351.0
531.0
681.0
792.0
855.0
867.0
827.0
737.0
603.0
435.0
245.0
52.0
0.0
0.0
0.0
0.0
0.0
0.0
0.0
0.0
0.0
0.0
10.0
163.0
360.0
539.0
689.0
799.0
862.0
873.0
833.0
743.0
609.0
442.0
251.0
57.0
0.0
0.0
0.0
0.0
0.0
0.0
0.0
0.0
0.0
0.0
13.0
172.0
368.0
547.0
696.0
806.0
869.0
880.0
839.0
749.0
615.0
448.0
257.0
62.0
0.0
0.0
0.0
0.0
0.0
0.0
0.0
0.0
0.0
0.0
16.0
180.0
376.0
554.0
703.0
813.0
875.0
886.0
845.0
755.0
621.0
454.0
263.0
67.0
0.0
0.0
0.0
0.0
0.0
0.0
0.0
0.0
0.0
0.0
20.0
188.0
384.0
562.0
711.0
820.0
882.0
892.0
851.0
761.0
627.0
460.0
270.0
73.0
0.0
0.0
0.0
0.0
0.0
0.0
0.0
0.0
0.0
0.0
24.0
196.0
391.0
569.0
718.0
826.0
888.0
898.0
857.0
766.0
633.0
465.0
276.0
78.0
0.0
0.0
0.0
0.0
0.0
0.0
0.0
0.0
0.0
0.0
28.0
204.0
399.0
577.0
725.0
833.0
894.0
905.0
863.0
772.0
639.0
471.0
282.0
84.0
0.0
0.0
0.0
0.0
0.0
0.0
0.0
0.0
0.0
0.0
32.0
212.0
407.0
584.0
732.0
840.0
901.0
911.0
869.0
778.0
644.0
477.0
288.0
90.0
0.0
0.0
0.0
0.0
0.0
0.0
0.0
0.0
0.0
0.0
37.0
220.0
415.0
591.0
738.0
846.0
907.0
916.0
874.0
783.0
650.0
483.0
294.0
96.0
0.0
0.0
0.0
0.0
0.0
0.0
0.0
0.0
0.0
0.0
42.0
228.0
422.0
598.0
745.0
852.0
913.0
922.0
880.0
789.0
656.0
489.0
300.0
101.0
0.0
0.0
0.0
0.0
0.0
0.0
0.0
0.0
0.0
0.0
48.0
236.0
430.0
606.0
752.0
859.0
919.0
928.0
886.0
795.0
661.0
494.0
305.0
107.0
0.0
0.0
0.0
0.0
0.0
0.0
0.0
0.0
0.0
0.0
54.0
244.0
437.0
613.0
759.0
865.0
925.0
934.0
891.0
800.0
666.0
500.0
311.0
114.0
1.0
0.0
0.0
0.0
0.0
0.0
0.0
0.0
0.0
0.0
60.0
251.0
444.0
619.0
765.0
871.0
931.0
939.0
896.0
805.0
672.0
505.0
317.0
120.0
1.0
0.0
0.0
0.0
0.0
0.0
0.0
0.0
0.0
0.0
66.0
259.0
451.0
626.0
771.0
877.0
936.0
945.0
902.0
811.0
677.0
511.0
323.0
126.0
2.0
0.0
0.0
0.0
0.0
0.0
0.0
0.0
0.0
0.0
73.0
266.0
458.0
633.0
778.0
883.0
942.0
950.0
907.0
816.0
682.0
516.0
328.0
132.0
3.0
0.0
0.0
0.0
0.0
0.0
0.0
0.0
0.0
0.0
79.0
274.0
465.0
639.0
784.0
889.0
947.0
955.0
912.0
821.0
688.0
522.0
334.0
138.0
4.0
0.0
0.0
0.0
0.0
0.0
0.0
0.0
0.0
0.0
86.0
281.0
472.0
646.0
790.0
895.0
953.0
961.0
917.0
826.0
693.0
527.0
340.0
144.0
6.0
0.0
0.0
0.0
0.0
0.0
0.0
0.0
0.0
0.0
94.0
288.0
479.0
652.0
796.0
900.0
958.0
966.0
922.0
831.0
698.0
532.0
345.0
149.0
8.0
0.0
0.0
0.0
0.0
0.0
0.0
0.0
0.0
0.0
100.0
295.0
486.0
659.0
802.0
906.0
963.0
971.0
927.0
836.0
703.0
537.0
351.0
155.0
9.0
0.0
0.0
0.0
0.0
0.0
0.0
0.0
0.0
0.0
107.0
302.0
492.0
665.0
808.0
911.0
969.0
976.0
932.0
841.0
708.0
543.0
356.0
161.0
11.0
0.0
0.0
0.0
0.0
0.0
0.0
0.0
0.0
1.0
114.0
309.0
499.0
671.0
813.0
917.0
974.0
981.0
937.0
845.0
713.0
548.0
361.0
167.0
14.0
0.0
0.0
0.0
0.0
0.0
0.0
0.0
0.0
2.0
121.0
316.0
505.0
677.0
819.0
922.0
979.0
985.0
942.0
850.0
718.0
553.0
367.0
172.0
16.0
0.0
0.0
0.0
0.0
0.0
0.0
0.0
0.0
3.0
128.0
322.0
511.0
683.0
824.0
927.0
983.0
990.0
946.0
855.0
722.0
558.0
372.0
178.0
19.0
0.0
0.0
0.0
0.0
0.0
0.0
0.0
0.0
5.0
135.0
329.0
517.0
688.0
830.0
932.0
988.0
995.0
951.0
859.0
727.0
563.0
377.0
184.0
21.0
0.0
0.0
0.0
0.0
0.0
0.0
0.0
0.0
6.0
142.0
335.0
523.0
694.0
835.0
937.0
993.0
999.0
955.0
864.0
732.0
567.0
382.0
189.0
24.0
0.0
0.0
0.0
0.0
0.0
0.0
0.0
0.0
8.0
149.0
341.0
529.0
699.0
840.0
942.0
997.0
1004.0
959.0
868.0
736.0
572.0
387.0
195.0
27.0
0.0
0.0
0.0
0.0
0.0
0.0
0.0
0.0
11.0
155.0
348.0
535.0
705.0
845.0
946.0
1002.0
1008.0
964.0
873.0
741.0
577.0
392.0
200.0
30.0
0.0
0.0
0.0
0.0
0.0
0.0
0.0
0.0
13.0
162.0
354.0
541.0
710.0
850.0
951.0
1006.0
1012.0
968.0
877.0
745.0
582.0
397.0
205.0
34.0
0.0
0.0
0.0
0.0
0.0
0.0
0.0
0.0
16.0
168.0
360.0
546.0
715.0
855.0
956.0
1011.0
1016.0
972.0
881.0
749.0
586.0
402.0
211.0
37.0
0.0
0.0
0.0
0.0
0.0
0.0
0.0
0.0
19.0
174.0
365.0
552.0
720.0
859.0
960.0
1015.0
1020.0
976.0
885.0
754.0
591.0
407.0
216.0
41.0
0.0
0.0
0.0
0.0
0.0
0.0
0.0
0.0
22.0
180.0
371.0
557.0
725.0
864.0
964.0
1019.0
1024.0
980.0
889.0
758.0
595.0
412.0
221.0
45.0
0.0
0.0
0.0
0.0
0.0
0.0
0.0
0.0
25.0
186.0
377.0
562.0
730.0
869.0
968.0
1023.0
1028.0
984.0
893.0
762.0
600.0
417.0
226.0
49.0
0.0
0.0
0.0
0.0
0.0
0.0
0.0
0.0
28.0
192.0
382.0
567.0
735.0
873.0
973.0
1027.0
1032.0
988.0
897.0
766.0
604.0
422.0
231.0
53.0
0.0
0.0
0.0
0.0
0.0
0.0
0.0
0.0
32.0
197.0
387.0
572.0
739.0
877.0
976.0
1031.0
1036.0
991.0
901.0
770.0
608.0
426.0
236.0
57.0
0.0
0.0
0.0
0.0
0.0
0.0
0.0
0.0
35.0
203.0
393.0
577.0
744.0
881.0
980.0
1034.0
1039.0
995.0
905.0
774.0
613.0
431.0
241.0
62.0
0.0
0.0
0.0
0.0
0.0
0.0
0.0
0.0
39.0
208.0
398.0
582.0
748.0
885.0
984.0
1038.0
1043.0
999.0
908.0
778.0
617.0
435.0
246.0
66.0
0.0
0.0
0.0
0.0
0.0
0.0
0.0
0.0
43.0
214.0
403.0
586.0
752.0
889.0
988.0
1041.0
1046.0
1002.0
912.0
782.0
621.0
440.0
251.0
70.0
0.0
0.0
0.0
0.0
0.0
0.0
0.0
0.0
47.0
219.0
407.0
591.0
756.0
893.0
991.0
1045.0
1050.0
1006.0
915.0
786.0
625.0
444.0
256.0
75.0
0.0
0.0
0.0
0.0
0.0
0.0
0.0
0.0
51.0
224.0
412.0
595.0
760.0
897.0
995.0
1048.0
1053.0
1009.0
919.0
789.0
629.0
448.0
260.0
80.0
0.0
0.0
0.0
0.0
0.0
0.0
0.0
0.0
55.0
229.0
417.0
599.0
764.0
900.0
998.0
1051.0
1056.0
1012.0
922.0
793.0
633.0
453.0
265.0
85.0
0.0
0.0
0.0
0.0
0.0
0.0
0.0
0.0
59.0
234.0
421.0
603.0
768.0
904.0
1001.0
1054.0
1059.0
1015.0
926.0
796.0
637.0
457.0
269.0
87.0
0.0
0.0
0.0
0.0
0.0
0.0
0.0
0.0
63.0
238.0
425.0
607.0
771.0
907.0
1005.0
1057.0
1062.0
1018.0
929.0
800.0
640.0
461.0
274.0
92.0
0.0
0.0
0.0
0.0
0.0
0.0
0.0
0.0
67.0
243.0
429.0
611.0
775.0
910.0
1008.0
1060.0
1065.0
1021.0
932.0
803.0
644.0
465.0
278.0
97.0
0.0
0.0
0.0
0.0
0.0
0.0
0.0
0.0
71.0
247.0
433.0
615.0
778.0
913.0
1011.0
1063.0
1068.0
1024.0
935.0
807.0
648.0
469.0
283.0
101.0
1.0
0.0
0.0
0.0
0.0
0.0
0.0
0.0
76.0
251.0
437.0
618.0
782.0
916.0
1013.0
1066.0
1071.0
1027.0
938.0
810.0
651.0
473.0
287.0
106.0
2.0
0.0
0.0
0.0
0.0
0.0
0.0
0.0
80.0
255.0
441.0
622.0
785.0
919.0
1016.0
1069.0
1073.0
1030.0
941.0
813.0
655.0
477.0
291.0
110.0
2.0
0.0
0.0
0.0
0.0
0.0
0.0
0.0
84.0
259.0
445.0
625.0
788.0
922.0
1019.0
1071.0
1076.0
1033.0
944.0
816.0
658.0
480.0
295.0
115.0
3.0
0.0
0.0
0.0
0.0
0.0
0.0
0.0
86.0
263.0
448.0
628.0
791.0
925.0
1021.0
1074.0
1078.0
1035.0
947.0
819.0
661.0
484.0
299.0
119.0
4.0
0.0
0.0
0.0
0.0
0.0
0.0
0.0
90.0
267.0
451.0
631.0
793.0
927.0
1024.0
1076.0
1081.0
1038.0
949.0
822.0
665.0
488.0
303.0
123.0
5.0
0.0
0.0
0.0
0.0
0.0
0.0
0.0
94.0
270.0
455.0
634.0
796.0
930.0
1026.0
1078.0
1083.0
1040.0
952.0
825.0
668.0
491.0
307.0
128.0
6.0
0.0
0.0
0.0
0.0
0.0
0.0
1.0
97.0
274.0
458.0
637.0
799.0
932.0
1028.0
1081.0
1085.0
1043.0
955.0
828.0
671.0
495.0
311.0
132.0
8.0
0.0
0.0
0.0
0.0
0.0
0.0
1.0
101.0
277.0
461.0
639.0
801.0
934.0
1030.0
1083.0
1088.0
1045.0
957.0
831.0
674.0
498.0
314.0
136.0
9.0
0.0
0.0
0.0
0.0
0.0
0.0
2.0
104.0
280.0
464.0
642.0
803.0
936.0
1032.0
1085.0
1090.0
1047.0
960.0
833.0
677.0
501.0
318.0
139.0
10.0
0.0
0.0
0.0
0.0
0.0
0.0
2.0
108.0
283.0
466.0
644.0
805.0
939.0
1034.0
1087.0
1092.0
1049.0
962.0
836.0
680.0
504.0
321.0
143.0
12.0
0.0
0.0
0.0
0.0
0.0
0.0
3.0
111.0
286.0
469.0
647.0
808.0
940.0
1036.0
1089.0
1094.0
1051.0
964.0
839.0
683.0
507.0
325.0
147.0
14.0
0.0
0.0
0.0
0.0
0.0
0.0
4.0
114.0
289.0
471.0
649.0
810.0
942.0
1038.0
1090.0
1095.0
1053.0
966.0
841.0
686.0
511.0
328.0
150.0
15.0
0.0
0.0
0.0
0.0
0.0
0.0
5.0
117.0
291.0
473.0
651.0
811.0
944.0
1040.0
1092.0
1097.0
1055.0
969.0
843.0
688.0
513.0
331.0
154.0
17.0
0.0
0.0
0.0
0.0
0.0
0.0
5.0
119.0
294.0
476.0
653.0
813.0
946.0
1041.0
1094.0
1099.0
1057.0
971.0
846.0
691.0
516.0
334.0
157.0
19.0
0.0
0.0
0.0
0.0
0.0
0.0
6.0
122.0
296.0
478.0
655.0
815.0
947.0
1043.0
1095.0
1101.0
1059.0
973.0
848.0
693.0
519.0
337.0
160.0
20.0
0.0
0.0
0.0
0.0
0.0
0.0
7.0
124.0
298.0
480.0
656.0
816.0
949.0
1044.0
1096.0
1102.0
1060.0
974.0
850.0
696.0
522.0
340.0
163.0
22.0
0.0
0.0
0.0
0.0
0.0
0.0
8.0
126.0
300.0
481.0
658.0
818.0
950.0
1045.0
1098.0
1103.0
1062.0
976.0
852.0
698.0
524.0
343.0
166.0
24.0
0.0
0.0
0.0
0.0
0.0
0.0
8.0
129.0
302.0
483.0
659.0
819.0
951.0
1047.0
1099.0
1105.0
1064.0
978.0
854.0
700.0
527.0
346.0
169.0
26.0
0.0
0.0
0.0
0.0
0.0
0.0
9.0
131.0
304.0
485.0
661.0
820.0
952.0
1048.0
1100.0
1106.0
1065.0
980.0
856.0
702.0
529.0
348.0
172.0
27.0
0.0
0.0
0.0
0.0
0.0
0.0
10.0
132.0
305.0
486.0
662.0
821.0
953.0
1049.0
1101.0
1107.0
1066.0
981.0
858.0
704.0
532.0
351.0
175.0
29.0
0.0
0.0
0.0
0.0
0.0
0.0
11.0
134.0
307.0
487.0
663.0
822.0
954.0
1050.0
1102.0
1108.0
1068.0
983.0
860.0
706.0
534.0
353.0
177.0
31.0
0.0
0.0
0.0
0.0
0.0
0.0
11.0
136.0
308.0
488.0
664.0
823.0
955.0
1051.0
1103.0
1110.0
1069.0
984.0
861.0
708.0
536.0
356.0
180.0
32.0
0.0
0.0
0.0
0.0
0.0
0.0
12.0
137.0
309.0
489.0
665.0
824.0
956.0
1051.0
1104.0
1111.0
1070.0
986.0
863.0
710.0
538.0
358.0
182.0
34.0
0.0
0.0
0.0
0.0
0.0
0.0
12.0
138.0
310.0
490.0
666.0
825.0
956.0
1052.0
1105.0
1111.0
1071.0
987.0
864.0
712.0
540.0
360.0
185.0
36.0
0.0
0.0
0.0
0.0
0.0
0.0
13.0
139.0
311.0
491.0
666.0
825.0
957.0
1053.0
1106.0
1112.0
1072.0
988.0
866.0
713.0
542.0
362.0
187.0
37.0
0.0
0.0
0.0
0.0
0.0
0.0
14.0
140.0
312.0
492.0
667.0
826.0
957.0
1053.0
1106.0
1113.0
1073.0
989.0
867.0
715.0
543.0
364.0
189.0
39.0
0.0
0.0
0.0
0.0
0.0
0.0
14.0
141.0
313.0
492.0
667.0
826.0
958.0
1054.0
1107.0
1114.0
1074.0
990.0
868.0
716.0
545.0
366.0
190.0
40.0
0.0
0.0
0.0
0.0
0.0
0.0
14.0
142.0
313.0
492.0
667.0
826.0
958.0
1054.0
1107.0
1114.0
1075.0
991.0
870.0
718.0
547.0
367.0
192.0
41.0
0.0
0.0
0.0
0.0
0.0
0.0
15.0
142.0
314.0
493.0
668.0
826.0
958.0
1054.0
1108.0
1115.0
1075.0
992.0
871.0
719.0
548.0
369.0
194.0
43.0
0.0
0.0
0.0
0.0
0.0
0.0
15.0
143.0
314.0
493.0
668.0
827.0
958.0
1054.0
1108.0
1115.0
1076.0
993.0
872.0
720.0
549.0
370.0
195.0
44.0
0.0
0.0
0.0
0.0
0.0
0.0
15.0
143.0
314.0
493.0
668.0
826.0
958.0
1054.0
1108.0
1116.0
1077.0
994.0
873.0
721.0
551.0
372.0
197.0
45.0
0.0
0.0
0.0
0.0
0.0
0.0
15.0
143.0
314.0
493.0
668.0
826.0
958.0
1054.0
1108.0
1116.0
1077.0
994.0
873.0
722.0
552.0
373.0
198.0
46.0
0.0
0.0
0.0
0.0
0.0
0.0
15.0
143.0
314.0
493.0
667.0
826.0
958.0
1054.0
1108.0
1116.0
1077.0
995.0
874.0
723.0
553.0
374.0
199.0
47.0
0.0
0.0
0.0
0.0
0.0
0.0
15.0
143.0
314.0
492.0
667.0
826.0
958.0
1054.0
1108.0
1116.0
1078.0
995.0
875.0
724.0
554.0
375.0
200.0
48.0
0.0
0.0
0.0
0.0
0.0
0.0
15.0
143.0
313.0
492.0
667.0
825.0
958.0
1054.0
1108.0
1116.0
1078.0
996.0
875.0
725.0
554.0
376.0
201.0
48.0
0.0
0.0
0.0
0.0
0.0
0.0
15.0
142.0
313.0
491.0
666.0
825.0
957.0
1054.0
1108.0
1116.0
1078.0
996.0
876.0
725.0
555.0
376.0
202.0
49.0
0.0
0.0
0.0
0.0
0.0
0.0
15.0
142.0
312.0
491.0
665.0
824.0
957.0
1053.0
1108.0
1116.0
1078.0
996.0
876.0
726.0
556.0
377.0
202.0
49.0
0.0
0.0
0.0
0.0
0.0
0.0
14.0
141.0
311.0
490.0
665.0
824.0
956.0
1053.0
1107.0
1116.0
1078.0
997.0
877.0
726.0
556.0
378.0
203.0
50.0
0.0
0.0
0.0
0.0
0.0
0.0
14.0
140.0
310.0
489.0
664.0
823.0
955.0
1052.0
1107.0
1116.0
1078.0
997.0
877.0
727.0
556.0
378.0
203.0
50.0
0.0
0.0
0.0
0.0
0.0
0.0
14.0
139.0
310.0
488.0
663.0
822.0
955.0
1052.0
1107.0
1116.0
1078.0
997.0
877.0
727.0
557.0
378.0
203.0
50.0
0.0
0.0
0.0
0.0
0.0
0.0
13.0
138.0
308.0
487.0
662.0
821.0
954.0
1051.0
1106.0
1115.0
1078.0
997.0
877.0
727.0
557.0
378.0
204.0
50.0
0.0
0.0
0.0
0.0
0.0
0.0
13.0
137.0
307.0
486.0
661.0
820.0
953.0
1050.0
1105.0
1115.0
1078.0
996.0
877.0
727.0
557.0
378.0
203.0
50.0
0.0
0.0
0.0
0.0
0.0
0.0
12.0
136.0
306.0
484.0
659.0
819.0
952.0
1049.0
1105.0
1114.0
1077.0
996.0
877.0
727.0
557.0
378.0
203.0
50.0
0.0
0.0
0.0
0.0
0.0
0.0
12.0
134.0
304.0
483.0
658.0
818.0
951.0
1048.0
1104.0
1114.0
1077.0
996.0
876.0
727.0
557.0
378.0
203.0
49.0
0.0
0.0
0.0
0.0
0.0
0.0
11.0
133.0
303.0
481.0
657.0
816.0
950.0
1047.0
1103.0
1113.0
1076.0
995.0
876.0
726.0
556.0
378.0
202.0
49.0
0.0
0.0
0.0
0.0
0.0
0.0
10.0
131.0
301.0
480.0
655.0
815.0
948.0
1046.0
1102.0
1112.0
1076.0
995.0
876.0
726.0
556.0
377.0
202.0
48.0
0.0
0.0
0.0
0.0
0.0
0.0
10.0
129.0
299.0
478.0
653.0
813.0
947.0
1045.0
1101.0
1111.0
1075.0
994.0
875.0
725.0
555.0
376.0
201.0
47.0
0.0
0.0
0.0
0.0
0.0
0.0
9.0
127.0
297.0
476.0
652.0
812.0
946.0
1044.0
1100.0
1110.0
1074.0
994.0
874.0
725.0
555.0
376.0
200.0
47.0
0.0
0.0
0.0
0.0
0.0
0.0
8.0
125.0
295.0
474.0
650.0
810.0
944.0
1043.0
1099.0
1110.0
1073.0
993.0
874.0
724.0
554.0
375.0
199.0
46.0
0.0
0.0
0.0
0.0
0.0
0.0
7.0
123.0
293.0
472.0
648.0
808.0
943.0
1041.0
1098.0
1108.0
1072.0
992.0
873.0
723.0
553.0
374.0
198.0
45.0
0.0
0.0
0.0
0.0
0.0
0.0
7.0
121.0
291.0
470.0
646.0
807.0
941.0
1040.0
1097.0
1107.0
1071.0
991.0
872.0
722.0
552.0
373.0
197.0
44.0
0.0
0.0
0.0
0.0
0.0
0.0
6.0
118.0
289.0
468.0
644.0
805.0
939.0
1038.0
1095.0
1106.0
1070.0
990.0
871.0
721.0
551.0
371.0
195.0
42.0
0.0
0.0
0.0
0.0
0.0
0.0
5.0
116.0
286.0
466.0
642.0
803.0
937.0
1037.0
1094.0
1105.0
1069.0
989.0
870.0
720.0
549.0
370.0
194.0
41.0
0.0
0.0
0.0
0.0
0.0
0.0
4.0
113.0
284.0
463.0
640.0
801.0
936.0
1035.0
1092.0
1104.0
1068.0
988.0
869.0
719.0
548.0
368.0
192.0
40.0
0.0
0.0
0.0
0.0
0.0
0.0
4.0
110.0
281.0
461.0
637.0
799.0
934.0
1033.0
1091.0
1102.0
1066.0
986.0
867.0
717.0
547.0
367.0
190.0
38.0
0.0
0.0
0.0
0.0
0.0
0.0
3.0
107.0
278.0
458.0
635.0
796.0
932.0
1032.0
1089.0
1101.0
1065.0
985.0
866.0
716.0
545.0
365.0
188.0
37.0
0.0
0.0
0.0
0.0
0.0
0.0
3.0
104.0
275.0
455.0
632.0
794.0
930.0
1030.0
1087.0
1099.0
1064.0
983.0
864.0
714.0
543.0
363.0
186.0
35.0
0.0
0.0
0.0
0.0
0.0
0.0
2.0
101.0
272.0
453.0
630.0
792.0
928.0
1028.0
1086.0
1097.0
1062.0
982.0
863.0
712.0
541.0
361.0
184.0
34.0
0.0
0.0
0.0
0.0
0.0
0.0
1.0
98.0
269.0
450.0
627.0
789.0
925.0
1026.0
1084.0
1096.0
1060.0
980.0
861.0
711.0
539.0
359.0
182.0
32.0
0.0
0.0
0.0
0.0
0.0
0.0
1.0
95.0
266.0
447.0
625.0
787.0
923.0
1024.0
1082.0
1094.0
1058.0
978.0
859.0
709.0
537.0
357.0
179.0
30.0
0.0
0.0
0.0
0.0
0.0
0.0
0.0
91.0
263.0
444.0
622.0
784.0
921.0
1022.0
1080.0
1092.0
1057.0
977.0
857.0
707.0
535.0
354.0
176.0
28.0
0.0
0.0
0.0
0.0
0.0
0.0
0.0
88.0
260.0
441.0
619.0
782.0
918.0
1019.0
1078.0
1090.0
1055.0
975.0
855.0
704.0
533.0
351.0
173.0
26.0
0.0
0.0
0.0
0.0
0.0
0.0
0.0
84.0
256.0
438.0
616.0
779.0
916.0
1017.0
1076.0
1088.0
1053.0
973.0
853.0
702.0
530.0
349.0
170.0
25.0
0.0
0.0
0.0
0.0
0.0
0.0
0.0
81.0
253.0
434.0
613.0
776.0
913.0
1015.0
1073.0
1086.0
1051.0
970.0
851.0
700.0
527.0
346.0
167.0
23.0
0.0
0.0
0.0
0.0
0.0
0.0
0.0
80.0
249.0
431.0
610.0
773.0
911.0
1012.0
1071.0
1084.0
1048.0
968.0
848.0
697.0
525.0
343.0
164.0
21.0
0.0
0.0
0.0
0.0
0.0
0.0
0.0
76.0
246.0
428.0
607.0
770.0
908.0
1010.0
1069.0
1081.0
1046.0
966.0
846.0
694.0
522.0
340.0
161.0
19.0
0.0
0.0
0.0
0.0
0.0
0.0
0.0
72.0
242.0
424.0
603.0
768.0
905.0
1007.0
1066.0
1079.0
1044.0
963.0
843.0
692.0
519.0
337.0
157.0
17.0
0.0
0.0
0.0
0.0
0.0
0.0
0.0
68.0
238.0
421.0
600.0
764.0
902.0
1005.0
1064.0
1076.0
1041.0
961.0
841.0
689.0
516.0
333.0
154.0
16.0
0.0
0.0
0.0
0.0
0.0
0.0
0.0
65.0
234.0
417.0
597.0
761.0
900.0
1002.0
1061.0
1074.0
1039.0
958.0
838.0
686.0
512.0
330.0
150.0
14.0
0.0
0.0
0.0
0.0
0.0
0.0
0.0
61.0
230.0
413.0
593.0
758.0
897.0
999.0
1059.0
1071.0
1036.0
955.0
835.0
683.0
509.0
326.0
146.0
12.0
0.0
0.0
0.0
0.0
0.0
0.0
0.0
57.0
226.0
409.0
590.0
755.0
894.0
996.0
1056.0
1069.0
1033.0
953.0
832.0
679.0
506.0
322.0
142.0
10.0
0.0
0.0
0.0
0.0
0.0
0.0
0.0
54.0
222.0
406.0
586.0
752.0
890.0
993.0
1053.0
1066.0
1030.0
950.0
829.0
676.0
502.0
318.0
138.0
9.0
0.0
0.0
0.0
0.0
0.0
0.0
0.0
50.0
218.0
402.0
583.0
748.0
887.0
990.0
1050.0
1063.0
1028.0
947.0
825.0
673.0
498.0
314.0
133.0
7.0
0.0
0.0
0.0
0.0
0.0
0.0
0.0
47.0
213.0
398.0
579.0
745.0
884.0
987.0
1047.0
1060.0
1025.0
943.0
822.0
669.0
494.0
310.0
129.0
6.0
0.0
0.0
0.0
0.0
0.0
0.0
0.0
43.0
209.0
394.0
575.0
741.0
881.0
984.0
1044.0
1057.0
1021.0
940.0
819.0
665.0
490.0
306.0
124.0
5.0
0.0
0.0
0.0
0.0
0.0
0.0
0.0
40.0
205.0
390.0
571.0
738.0
878.0
981.0
1041.0
1054.0
1018.0
937.0
815.0
661.0
486.0
301.0
119.0
4.0
0.0
0.0
0.0
0.0
0.0
0.0
0.0
37.0
200.0
385.0
567.0
734.0
874.0
978.0
1038.0
1051.0
1015.0
933.0
811.0
657.0
482.0
297.0
115.0
3.0
0.0
0.0
0.0
0.0
0.0
0.0
0.0
34.0
196.0
381.0
564.0
731.0
871.0
974.0
1035.0
1047.0
1012.0
930.0
808.0
653.0
477.0
292.0
110.0
2.0
0.0
0.0
0.0
0.0
0.0
0.0
0.0
31.0
191.0
377.0
560.0
727.0
867.0
971.0
1031.0
1044.0
1008.0
926.0
804.0
649.0
473.0
287.0
104.0
1.0
0.0
0.0
0.0
0.0
0.0
0.0
0.0
28.0
186.0
372.0
555.0
723.0
864.0
968.0
1028.0
1041.0
1005.0
922.0
800.0
645.0
468.0
282.0
99.0
0.0
0.0
0.0
0.0
0.0
0.0
0.0
0.0
25.0
182.0
368.0
551.0
719.0
860.0
964.0
1024.0
1037.0
1001.0
919.0
796.0
640.0
464.0
277.0
94.0
0.0
0.0
0.0
0.0
0.0
0.0
0.0
0.0
22.0
177.0
364.0
547.0
715.0
856.0
960.0
1021.0
1033.0
997.0
915.0
791.0
636.0
459.0
272.0
88.0
0.0
0.0
0.0
0.0
0.0
0.0
0.0
0.0
20.0
172.0
359.0
543.0
711.0
852.0
957.0
1017.0
1030.0
993.0
911.0
787.0
631.0
454.0
267.0
85.0
0.0
0.0
0.0
0.0
0.0
0.0
0.0
0.0
17.0
167.0
354.0
539.0
707.0
849.0
953.0
1014.0
1026.0
989.0
906.0
783.0
626.0
449.0
261.0
79.0
0.0
0.0
0.0
0.0
0.0
0.0
0.0
0.0
15.0
162.0
350.0
534.0
703.0
845.0
949.0
1010.0
1022.0
985.0
902.0
778.0
622.0
443.0
256.0
74.0
0.0
0.0
0.0
0.0
0.0
0.0
0.0
0.0
13.0
157.0
345.0
530.0
699.0
841.0
945.0
1006.0
1018.0
981.0
898.0
773.0
617.0
438.0
250.0
68.0
0.0
0.0
0.0
0.0
0.0
0.0
0.0
0.0
11.0
152.0
340.0
526.0
695.0
837.0
941.0
1002.0
1014.0
977.0
893.0
769.0
611.0
432.0
244.0
63.0
0.0
0.0
0.0
0.0
0.0
0.0
0.0
0.0
9.0
147.0
336.0
521.0
691.0
833.0
937.0
998.0
1010.0
973.0
889.0
764.0
606.0
427.0
238.0
58.0
0.0
0.0
0.0
0.0
0.0
0.0
0.0
0.0
7.0
142.0
331.0
517.0
686.0
828.0
933.0
994.0
1006.0
968.0
884.0
759.0
601.0
421.0
232.0
53.0
0.0
0.0
0.0
0.0
0.0
0.0
0.0
0.0
6.0
136.0
326.0
512.0
682.0
824.0
929.0
990.0
1001.0
964.0
879.0
754.0
595.0
415.0
226.0
48.0
0.0
0.0
0.0
0.0
0.0
0.0
0.0
0.0
4.0
131.0
321.0
507.0
678.0
820.0
925.0
985.0
997.0
959.0
874.0
748.0
590.0
409.0
220.0
43.0
0.0
0.0
0.0
0.0
0.0
0.0
0.0
0.0
3.0
126.0
316.0
503.0
673.0
816.0
921.0
981.0
993.0
954.0
869.0
743.0
584.0
403.0
213.0
39.0
0.0
0.0
0.0
0.0
0.0
0.0
0.0
0.0
2.0
120.0
311.0
498.0
669.0
811.0
916.0
977.0
988.0
950.0
864.0
738.0
578.0
397.0
207.0
35.0
0.0
0.0
0.0
0.0
0.0
0.0
0.0
0.0
1.0
115.0
306.0
493.0
664.0
807.0
912.0
972.0
983.0
945.0
859.0
732.0
572.0
391.0
200.0
31.0
0.0
0.0
0.0
0.0
0.0
0.0
0.0
0.0
1.0
109.0
301.0
488.0
659.0
802.0
908.0
968.0
979.0
940.0
854.0
726.0
566.0
384.0
193.0
27.0
0.0
0.0
0.0
0.0
0.0
0.0
0.0
0.0
0.0
104.0
296.0
483.0
655.0
798.0
903.0
963.0
974.0
935.0
848.0
721.0
560.0
378.0
186.0
23.0
0.0
0.0
0.0
0.0
0.0
0.0
0.0
0.0
0.0
98.0
290.0
478.0
650.0
793.0
898.0
958.0
969.0
930.0
843.0
715.0
554.0
371.0
179.0
20.0
0.0
0.0
0.0
0.0
0.0
0.0
0.0
0.0
0.0
94.0
285.0
473.0
645.0
788.0
894.0
954.0
964.0
924.0
837.0
709.0
548.0
365.0
172.0
16.0
0.0
0.0
0.0
0.0
0.0
0.0
0.0
0.0
0.0
89.0
280.0
468.0
640.0
784.0
889.0
949.0
959.0
919.0
832.0
703.0
541.0
358.0
165.0
13.0
0.0
0.0
0.0
0.0
0.0
0.0
0.0
0.0
0.0
83.0
274.0
463.0
635.0
779.0
884.0
944.0
954.0
914.0
826.0
697.0
535.0
351.0
158.0
11.0
0.0
0.0
0.0
0.0
0.0
0.0
0.0
0.0
0.0
78.0
269.0
458.0
631.0
774.0
879.0
939.0
949.0
908.0
820.0
690.0
528.0
344.0
151.0
8.0
0.0
0.0
0.0
0.0
0.0
0.0
0.0
0.0
0.0
73.0
264.0
453.0
626.0
769.0
874.0
934.0
943.0
902.0
814.0
684.0
521.0
337.0
143.0
6.0
0.0
0.0
0.0
0.0
0.0
0.0
0.0
0.0
0.0
68.0
258.0
448.0
620.0
764.0
869.0
928.0
938.0
897.0
808.0
678.0
514.0
330.0
136.0
4.0
0.0
0.0
0.0
0.0
0.0
0.0
0.0
0.0
0.0
63.0
253.0
443.0
615.0
759.0
864.0
923.0
932.0
891.0
802.0
671.0
507.0
322.0
128.0
3.0
0.0
0.0
0.0
0.0
0.0
0.0
0.0
0.0
0.0
59.0
247.0
437.0
610.0
754.0
859.0
918.0
927.0
885.0
796.0
664.0
500.0
315.0
120.0
2.0
0.0
0.0
0.0
0.0
0.0
0.0
0.0
0.0
0.0
54.0
242.0
432.0
605.0
749.0
854.0
913.0
921.0
879.0
789.0
658.0
493.0
307.0
113.0
1.0
0.0
0.0
0.0
0.0
0.0
0.0
0.0
0.0
0.0
50.0
236.0
427.0
600.0
744.0
849.0
907.0
915.0
873.0
783.0
651.0
486.0
300.0
105.0
0.0
0.0
0.0
0.0
0.0
0.0
0.0
0.0
0.0
0.0
46.0
231.0
421.0
595.0
738.0
843.0
902.0
910.0
867.0
776.0
644.0
479.0
292.0
97.0
0.0
0.0
0.0
0.0
0.0
0.0
0.0
0.0
0.0
0.0
42.0
225.0
416.0
589.0
733.0
838.0
896.0
904.0
861.0
770.0
637.0
471.0
285.0
90.0
0.0
0.0
0.0
0.0
0.0
0.0
0.0
0.0
0.0
0.0
38.0
219.0
410.0
584.0
728.0
832.0
890.0
898.0
854.0
763.0
630.0
464.0
277.0
82.0
0.0
0.0
0.0
0.0
0.0
0.0
0.0
0.0
0.0
0.0
34.0
213.0
405.0
578.0
722.0
827.0
885.0
892.0
848.0
756.0
623.0
456.0
269.0
75.0
0.0
0.0
0.0
0.0
0.0
0.0
0.0
0.0
0.0
0.0
31.0
208.0
399.0
573.0
717.0
821.0
879.0
886.0
842.0
749.0
616.0
449.0
261.0
68.0
0.0
0.0
0.0
0.0
0.0
0.0
0.0
0.0
0.0
0.0
27.0
202.0
394.0
567.0
711.0
815.0
873.0
880.0
835.0
743.0
608.0
441.0
253.0
61.0
0.0
0.0
0.0
0.0
0.0
0.0
0.0
0.0
0.0
0.0
24.0
196.0
388.0
562.0
706.0
810.0
867.0
873.0
829.0
736.0
601.0
433.0
245.0
55.0
0.0
0.0
0.0
0.0
0.0
0.0
0.0
0.0
0.0
0.0
21.0
190.0
382.0
556.0
700.0
804.0
861.0
867.0
822.0
728.0
593.0
426.0
237.0
49.0
0.0
0.0
0.0
0.0
0.0
0.0
0.0
0.0
0.0
0.0
19.0
184.0
377.0
550.0
694.0
798.0
855.0
861.0
815.0
721.0
586.0
418.0
228.0
43.0
0.0
0.0
0.0
0.0
0.0
0.0
0.0
0.0
0.0
0.0
16.0
178.0
371.0
545.0
688.0
792.0
849.0
854.0
808.0
714.0
578.0
410.0
220.0
38.0
0.0
0.0
0.0
0.0
0.0
0.0
0.0
0.0
0.0
0.0
14.0
172.0
365.0
539.0
683.0
786.0
842.0
848.0
801.0
707.0
571.0
402.0
212.0
32.0
0.0
0.0
0.0
0.0
0.0
0.0
0.0
0.0
0.0
0.0
12.0
166.0
359.0
533.0
677.0
780.0
836.0
841.0
794.0
699.0
563.0
394.0
203.0
28.0
0.0
0.0
0.0
0.0
0.0
0.0
0.0
0.0
0.0
0.0
10.0
160.0
353.0
527.0
671.0
774.0
830.0
834.0
787.0
692.0
555.0
385.0
195.0
23.0
0.0
0.0
0.0
0.0
0.0
0.0
0.0
0.0
0.0
0.0
8.0
154.0
347.0
521.0
665.0
768.0
823.0
827.0
780.0
685.0
547.0
377.0
187.0
19.0
0.0
0.0
0.0
0.0
0.0
0.0
0.0
0.0
0.0
0.0
6.0
148.0
341.0
515.0
659.0
762.0
817.0
821.0
773.0
677.0
539.0
369.0
178.0
16.0
0.0
0.0
0.0
0.0
0.0
0.0
0.0
0.0
0.0
0.0
5.0
142.0
335.0
509.0
653.0
755.0
810.0
814.0
766.0
669.0
531.0
361.0
169.0
12.0
0.0
0.0
0.0
0.0
0.0
0.0
0.0
0.0
0.0
0.0
3.0
136.0
329.0
503.0
646.0
749.0
804.0
807.0
758.0
662.0
523.0
352.0
161.0
10.0
0.0
0.0
0.0
0.0
0.0
0.0
0.0
0.0
0.0
0.0
2.0
130.0
323.0
497.0
640.0
742.0
797.0
800.0
751.0
654.0
515.0
344.0
152.0
7.0
0.0
0.0
0.0
0.0
0.0
0.0
0.0
0.0
0.0
0.0
1.0
124.0
317.0
491.0
634.0
736.0
790.0
793.0
744.0
646.0
507.0
336.0
144.0
5.0
0.0
0.0
0.0
0.0
0.0
0.0
0.0
0.0
0.0
0.0
1.0
117.0
311.0
485.0
628.0
729.0
783.0
786.0
736.0
638.0
499.0
327.0
135.0
3.0
0.0
0.0
0.0
0.0
0.0
0.0
0.0
0.0
0.0
0.0
0.0
111.0
305.0
479.0
621.0
723.0
777.0
779.0
729.0
631.0
491.0
319.0
126.0
2.0
0.0
0.0
0.0
0.0
0.0
0.0
0.0
0.0
0.0
0.0
0.0
105.0
298.0
472.0
615.0
716.0
770.0
771.0
721.0
623.0
482.0
310.0
117.0
1.0
0.0
0.0
0.0
0.0
0.0
0.0
0.0
0.0
0.0
0.0
0.0
98.0
292.0
466.0
608.0
710.0
763.0
764.0
714.0
615.0
474.0
302.0
109.0
0.0
0.0
0.0
0.0
0.0
0.0
0.0
0.0
0.0
0.0
0.0
0.0
92.0
286.0
460.0
602.0
703.0
756.0
757.0
706.0
607.0
466.0
293.0
99.0
0.0
0.0
0.0
0.0
0.0
0.0
0.0
0.0
0.0
0.0
0.0
0.0
86.0
279.0
453.0
595.0
696.0
749.0
749.0
698.0
599.0
458.0
284.0
91.0
0.0
0.0
0.0
0.0
0.0
0.0
0.0
0.0
0.0
0.0
0.0
0.0
80.0
273.0
447.0
589.0
689.0
741.0
742.0
690.0
591.0
449.0
276.0
82.0
0.0
0.0
0.0
0.0
0.0
0.0
0.0
0.0
0.0
0.0
0.0
0.0
74.0
267.0
440.0
582.0
682.0
734.0
734.0
683.0
582.0
441.0
267.0
75.0
0.0
0.0
0.0
0.0
0.0
0.0
0.0
0.0
0.0
0.0
0.0
0.0
69.0
260.0
434.0
575.0
675.0
727.0
727.0
675.0
574.0
432.0
259.0
67.0
0.0
0.0
0.0
0.0
0.0
0.0
0.0
0.0
0.0
0.0
0.0
0.0
63.0
254.0
427.0
569.0
669.0
720.0
719.0
667.0
566.0
424.0
250.0
60.0
0.0
0.0
0.0
0.0
0.0
0.0
0.0
0.0
0.0
0.0
0.0
0.0
58.0
247.0
421.0
562.0
662.0
713.0
712.0
659.0
558.0
416.0
241.0
54.0
0.0
0.0
0.0
0.0
0.0
0.0
0.0
0.0
0.0
0.0
0.0
0.0
53.0
241.0
414.0
555.0
654.0
705.0
704.0
651.0
550.0
407.0
233.0
47.0
0.0
0.0
0.0
0.0
0.0
0.0
0.0
0.0
0.0
0.0
0.0
0.0
49.0
234.0
407.0
548.0
647.0
698.0
697.0
643.0
542.0
399.0
224.0
42.0
0.0
0.0
0.0
0.0
0.0
0.0
0.0
0.0
0.0
0.0
0.0
0.0
44.0
228.0
401.0
541.0
640.0
691.0
689.0
635.0
533.0
390.0
216.0
36.0
0.0
0.0
0.0
0.0
0.0
0.0
0.0
0.0
0.0
0.0
0.0
0.0
40.0
221.0
394.0
534.0
633.0
683.0
681.0
627.0
525.0
382.0
207.0
31.0
0.0
0.0
0.0
0.0
0.0
0.0
0.0
0.0
0.0
0.0
0.0
0.0
36.0
214.0
387.0
527.0
626.0
676.0
674.0
619.0
517.0
373.0
198.0
27.0
0.0
0.0
0.0
0.0
0.0
0.0
0.0
0.0
0.0
0.0
0.0
0.0
32.0
208.0
380.0
521.0
619.0
668.0
666.0
611.0
509.0
365.0
190.0
22.0
0.0
0.0
0.0
0.0
0.0
0.0
0.0
0.0
0.0
0.0
0.0
0.0
28.0
201.0
373.0
513.0
611.0
661.0
658.0
603.0
501.0
357.0
181.0
18.0
0.0
0.0
0.0
0.0
0.0
0.0
0.0
0.0
0.0
0.0
0.0
0.0
25.0
194.0
367.0
506.0
604.0
653.0
650.0
595.0
492.0
348.0
173.0
15.0
0.0
0.0
0.0
0.0
0.0
0.0
0.0
0.0
0.0
0.0
0.0
0.0
22.0
188.0
360.0
499.0
597.0
646.0
642.0
587.0
484.0
340.0
164.0
12.0
0.0
0.0
0.0
0.0
0.0
0.0
0.0
0.0
0.0
0.0
0.0
0.0
19.0
181.0
353.0
492.0
590.0
638.0
635.0
579.0
476.0
332.0
156.0
9.0
0.0
0.0
0.0
0.0
0.0
0.0
0.0
0.0
0.0
0.0
0.0
0.0
16.0
174.0
346.0
485.0
582.0
631.0
627.0
571.0
468.0
323.0
148.0
7.0
0.0
0.0
0.0
0.0
0.0
0.0
0.0
0.0
0.0
0.0
0.0
0.0
13.0
167.0
339.0
478.0
575.0
623.0
619.0
563.0
460.0
315.0
139.0
5.0
0.0
0.0
0.0
0.0
0.0
0.0
0.0
0.0
0.0
0.0
0.0
0.0
11.0
160.0
332.0
471.0
568.0
615.0
611.0
555.0
452.0
307.0
131.0
3.0
0.0
0.0
0.0
0.0
0.0
0.0
0.0
0.0
0.0
0.0
0.0
0.0
9.0
154.0
325.0
464.0
560.0
608.0
604.0
547.0
443.0
299.0
123.0
2.0
0.0
0.0
0.0
0.0
0.0
0.0
0.0
0.0
0.0
0.0
0.0
0.0
7.0
147.0
318.0
457.0
553.0
600.0
596.0
539.0
435.0
290.0
115.0
1.0
0.0
0.0
0.0
0.0
0.0
0.0
0.0
0.0
0.0
0.0
0.0
0.0
5.0
140.0
311.0
449.0
545.0
593.0
588.0
532.0
427.0
282.0
106.0
0.0
0.0
0.0
0.0
0.0
0.0
0.0
0.0
0.0
0.0
0.0
0.0
0.0
4.0
133.0
304.0
442.0
538.0
585.0
580.0
524.0
419.0
274.0
98.0
0.0
0.0
0.0
0.0
0.0
0.0
0.0
0.0
0.0
0.0
0.0
0.0
0.0
3.0
126.0
297.0
435.0
531.0
578.0
572.0
516.0
411.0
266.0
88.0
0.0
0.0
0.0
0.0
0.0
0.0
0.0
0.0
0.0
0.0
0.0
0.0
0.0
2.0
119.0
290.0
428.0
523.0
570.0
565.0
508.0
403.0
258.0
81.0
0.0
0.0
0.0
0.0
0.0
0.0
0.0
0.0
0.0
0.0
0.0
0.0
0.0
1.0
113.0
283.0
421.0
516.0
562.0
557.0
500.0
396.0
250.0
73.0
0.0
0.0
0.0
0.0
0.0
0.0
0.0
0.0
0.0
0.0
0.0
0.0
0.0
0.0
106.0
276.0
413.0
508.0
555.0
549.0
492.0
388.0
243.0
67.0
0.0
0.0
0.0
0.0
0.0
0.0
0.0
0.0
0.0
0.0
0.0
0.0
0.0
0.0
99.0
269.0
406.0
501.0
547.0
542.0
485.0
380.0
235.0
60.0
0.0
0.0
0.0
0.0
0.0
0.0
0.0
0.0
0.0
0.0
0.0
0.0
0.0
0.0
89.0
262.0
399.0
494.0
540.0
534.0
477.0
372.0
227.0
54.0
0.0
0.0
0.0
0.0
0.0
0.0
0.0
0.0
0.0
0.0
0.0
0.0
0.0
0.0
83.0
255.0
392.0
486.0
532.0
527.0
469.0
365.0
220.0
49.0
0.0
0.0
0.0
0.0
0.0
0.0
0.0
0.0
0.0
0.0
0.0
0.0
0.0
0.0
76.0
248.0
385.0
479.0
525.0
519.0
462.0
357.0
212.0
44.0
0.0
0.0
0.0
0.0
0.0
0.0
0.0
0.0
0.0
0.0
0.0
0.0
0.0
0.0
70.0
241.0
377.0
472.0
518.0
512.0
454.0
350.0
205.0
39.0
0.0
0.0
0.0
0.0
0.0
0.0
0.0
0.0
0.0
0.0
0.0
0.0
0.0
0.0
64.0
234.0
370.0
465.0
510.0
504.0
447.0
342.0
197.0
34.0
0.0
0.0
0.0
0.0
0.0
0.0
0.0
0.0
0.0
0.0
0.0
0.0
0.0
0.0
59.0
227.0
363.0
457.0
503.0
497.0
439.0
335.0
190.0
30.0
0.0
0.0
0.0
0.0
0.0
0.0
0.0
0.0
0.0
0.0
0.0
0.0
0.0
0.0
53.0
220.0
356.0
450.0
496.0
489.0
432.0
328.0
183.0
26.0
0.0
0.0
0.0
0.0
0.0
0.0
0.0
0.0
0.0
0.0
0.0
0.0
0.0
0.0
48.0
213.0
349.0
443.0
488.0
482.0
425.0
320.0
176.0
22.0
0.0
0.0
0.0
0.0
0.0
0.0
0.0
0.0
0.0
0.0
0.0
0.0
0.0
0.0
43.0
206.0
342.0
436.0
481.0
475.0
418.0
313.0
169.0
19.0
0.0
0.0
0.0
0.0
0.0
0.0
0.0
0.0
0.0
0.0
0.0
0.0
0.0
0.0
39.0
199.0
335.0
429.0
474.0
468.0
411.0
306.0
162.0
16.0
0.0
0.0
0.0
0.0
0.0
0.0
0.0
0.0
0.0
0.0
0.0
0.0
0.0
0.0
35.0
193.0
328.0
422.0
467.0
461.0
404.0
299.0
155.0
14.0
0.0
0.0
0.0
0.0
0.0
0.0
0.0
0.0
0.0
0.0
0.0
0.0
0.0
0.0
31.0
186.0
321.0
415.0
460.0
454.0
397.0
292.0
148.0
11.0
0.0
0.0
0.0
0.0
0.0
0.0
0.0
0.0
0.0
0.0
0.0
0.0
0.0
0.0
27.0
179.0
314.0
408.0
453.0
447.0
390.0
286.0
142.0
9.0
0.0
0.0
0.0
0.0
0.0
0.0
0.0
0.0
0.0
0.0
0.0
0.0
0.0
0.0
23.0
172.0
308.0
401.0
446.0
440.0
383.0
279.0
135.0
7.0
0.0
0.0
0.0
0.0
0.0
0.0
0.0
0.0
0.0
0.0
0.0
0.0
0.0
0.0
20.0
166.0
301.0
394.0
439.0
433.0
376.0
273.0
129.0
6.0
0.0
0.0
0.0
0.0
0.0
0.0
0.0
0.0
0.0
0.0
0.0
0.0
0.0
0.0
17.0
159.0
294.0
387.0
433.0
427.0
370.0
266.0
123.0
4.0
0.0
0.0
0.0
0.0
0.0
0.0
0.0
0.0
0.0
0.0
0.0
0.0
0.0
0.0
15.0
152.0
287.0
381.0
426.0
420.0
363.0
260.0
117.0
3.0
0.0
0.0
0.0
0.0
0.0
0.0
0.0
0.0
0.0
0.0
0.0
0.0
0.0
0.0
12.0
146.0
281.0
374.0
419.0
414.0
357.0
254.0
111.0
2.0
0.0
0.0
0.0
0.0
0.0
0.0
0.0
0.0
0.0
0.0
0.0
0.0
0.0
0.0
10.0
140.0
274.0
368.0
413.0
407.0
351.0
248.0
105.0
1.0
0.0
0.0
0.0
0.0
0.0
0.0
0.0
0.0
0.0
0.0
0.0
0.0
0.0
0.0
8.0
133.0
268.0
361.0
406.0
401.0
345.0
242.0
99.0
1.0
0.0
0.0
0.0
0.0
0.0
0.0
0.0
0.0
0.0
0.0
0.0
0.0
0.0
0.0
6.0
127.0
262.0
355.0
400.0
395.0
339.0
236.0
94.0
0.0
0.0
0.0
0.0
0.0
0.0
0.0
0.0
0.0
0.0
0.0
0.0
0.0
0.0
0.0
5.0
121.0
255.0
348.0
394.0
389.0
333.0
230.0
88.0
0.0
0.0
0.0
0.0
0.0
0.0
0.0
0.0
0.0
0.0
0.0
0.0
0.0
0.0
0.0
3.0
114.0
249.0
342.0
388.0
383.0
327.0
225.0
83.0
0.0
0.0
0.0
0.0
0.0
0.0
0.0
0.0
0.0
0.0
0.0
0.0
0.0
0.0
0.0
2.0
108.0
243.0
336.0
382.0
377.0
321.0
219.0
74.0
0.0
0.0
0.0
0.0
0.0
0.0
0.0
0.0
0.0
0.0
0.0
0.0
0.0
0.0
0.0
1.0
102.0
237.0
330.0
376.0
371.0
316.0
214.0
69.0
0.0
0.0
0.0
0.0
0.0
0.0
0.0
0.0
0.0
0.0
0.0
0.0
0.0
0.0
0.0
1.0
96.0
231.0
324.0
370.0
365.0
310.0
209.0
65.0
0.0
0.0
0.0
0.0
0.0
0.0
0.0
0.0
0.0
0.0
0.0
0.0
0.0
0.0
0.0
0.0
91.0
225.0
318.0
364.0
360.0
305.0
204.0
61.0
0.0
0.0
0.0
0.0
0.0
0.0
0.0
0.0
0.0
0.0
0.0
0.0
0.0
0.0
0.0
0.0
85.0
219.0
313.0
359.0
355.0
300.0
199.0
57.0
0.0
0.0
0.0
0.0
0.0
0.0
0.0
0.0
0.0
0.0
0.0
0.0
0.0
0.0
0.0
0.0
75.0
214.0
307.0
353.0
349.0
295.0
194.0
53.0
0.0
0.0
0.0
0.0
0.0
0.0
0.0
0.0
0.0
0.0
0.0
0.0
0.0
0.0
0.0
0.0
70.0
208.0
302.0
348.0
344.0
290.0
190.0
49.0
0.0
0.0
0.0
0.0
0.0
0.0
0.0
0.0
0.0
0.0
0.0
0.0
0.0
0.0
0.0
0.0
65.0
203.0
296.0
343.0
339.0
286.0
186.0
46.0
0.0
0.0
0.0
0.0
0.0
0.0
0.0
0.0
0.0
0.0
0.0
0.0
0.0
0.0
0.0
0.0
60.0
197.0
291.0
338.0
334.0
281.0
181.0
43.0
0.0
0.0
0.0
0.0
0.0
0.0
0.0
0.0
0.0
0.0
0.0
0.0
0.0
0.0
0.0
0.0
55.0
192.0
286.0
333.0
330.0
277.0
177.0
40.0
0.0
0.0
0.0
0.0
0.0
0.0
0.0
0.0
0.0
0.0
0.0
0.0
0.0
0.0
0.0
0.0
51.0
187.0
281.0
328.0
325.0
272.0
173.0
38.0
0.0
0.0
0.0
0.0
0.0
0.0
0.0
0.0
0.0
0.0
0.0
0.0
0.0
0.0
0.0
0.0
47.0
182.0
276.0
324.0
321.0
268.0
169.0
35.0
0.0
0.0
0.0
0.0
0.0
0.0
0.0
0.0
0.0
0.0
0.0
0.0
0.0
0.0
0.0
0.0
43.0
177.0
271.0
319.0
317.0
264.0
166.0
33.0
0.0
0.0
0.0
0.0
0.0
0.0
0.0
0.0
0.0
0.0
0.0
0.0
0.0
0.0
0.0
0.0
39.0
172.0
267.0
315.0
313.0
261.0
162.0
31.0
0.0
0.0
0.0
0.0
0.0
0.0
0.0
0.0
0.0
0.0
0.0
0.0
0.0
0.0
0.0
0.0
36.0
168.0
262.0
310.0
309.0
257.0
159.0
29.0
0.0
0.0
0.0
0.0
0.0
0.0
0.0
0.0
0.0
0.0
0.0
0.0
0.0
0.0
0.0
0.0
33.0
163.0
258.0
306.0
305.0
254.0
156.0
27.0
0.0
0.0
0.0
0.0
0.0
0.0
0.0
0.0
0.0
0.0
0.0
0.0
0.0
0.0
0.0
0.0
30.0
159.0
254.0
302.0
301.0
250.0
153.0
26.0
0.0
0.0
0.0
0.0
0.0
0.0
0.0
0.0
0.0
0.0
0.0
0.0
0.0
0.0
0.0
0.0
27.0
154.0
250.0
299.0
298.0
247.0
150.0
24.0
0.0
0.0
0.0
0.0
0.0
0.0
0.0
0.0
0.0
0.0
0.0
0.0
0.0
0.0
0.0
0.0
25.0
150.0
246.0
295.0
294.0
244.0
148.0
23.0
0.0
0.0
0.0
0.0
0.0
0.0
0.0
0.0
0.0
0.0
0.0
0.0
0.0
0.0
0.0
0.0
23.0
146.0
242.0
291.0
291.0
241.0
145.0
22.0
0.0
0.0
0.0
0.0
0.0
0.0
0.0
0.0
0.0
0.0
0.0
0.0
0.0
0.0
0.0
0.0
21.0
143.0
238.0
288.0
288.0
239.0
143.0
21.0
0.0
0.0
0.0
0.0
0.0
0.0
0.0
0.0
0.0
0.0
0.0
0.0
0.0
0.0
0.0
0.0
19.0
139.0
235.0
285.0
285.0
236.0
141.0
20.0
0.0
0.0
0.0
0.0
0.0
0.0
0.0
0.0
0.0
0.0
0.0
0.0
0.0
0.0
0.0
0.0
17.0
135.0
232.0
282.0
283.0
234.0
139.0
19.0
0.0
0.0
0.0
0.0
0.0
0.0
0.0
0.0
0.0
0.0
0.0
0.0
0.0
0.0
0.0
0.0
15.0
132.0
229.0
279.0
280.0
232.0
137.0
18.0
0.0
0.0
0.0
0.0
0.0
0.0
0.0
0.0
0.0
0.0
0.0
0.0
0.0
0.0
0.0
0.0
14.0
129.0
226.0
277.0
278.0
230.0
136.0
18.0
0.0
0.0
0.0
0.0
0.0
0.0
0.0
0.0
0.0
0.0
0.0
0.0
0.0
0.0
0.0
0.0
13.0
126.0
223.0
274.0
276.0
228.0
134.0
17.0
0.0
0.0
0.0
0.0
0.0
0.0
0.0
0.0
0.0
0.0
0.0
0.0
0.0
0.0
0.0
0.0
11.0
123.0
220.0
272.0
274.0
227.0
133.0
17.0
0.0
0.0
0.0
0.0
0.0
0.0
0.0
0.0
0.0
0.0
0.0
0.0
0.0
0.0
0.0
0.0
10.0
120.0
218.0
270.0
272.0
225.0
132.0
16.0
0.0
0.0
0.0
0.0
0.0
0.0
0.0
0.0
0.0
0.0
0.0
0.0
0.0
0.0
0.0
0.0
9.0
117.0
215.0
268.0
271.0
224.0
131.0
16.0
0.0
0.0
0.0
0.0
0.0
0.0
0.0
0.0
0.0
0.0
0.0
0.0
0.0
0.0
0.0
0.0
8.0
115.0
213.0
266.0
269.0
223.0
130.0
16.0
0.0
0.0
0.0
0.0
0.0
0.0
0.0
0.0
0.0
0.0
0.0
0.0
0.0
0.0
0.0
0.0
8.0
113.0
211.0
264.0
268.0
222.0
130.0
16.0
0.0
0.0
0.0
0.0
0.0
0.0
0.0
0.0
0.0
0.0
0.0
0.0
0.0
0.0
0.0
0.0
7.0
111.0
210.0
263.0
267.0
221.0
129.0
15.0
0.0
0.0
0.0
0.0
0.0
0.0
0.0
0.0
0.0
0.0
0.0
0.0
0.0
0.0
0.0
0.0
6.0
109.0
208.0
262.0
266.0
221.0
129.0
16.0
0.0
0.0
0.0
0.0
0.0
0.0
0.0
0.0
0.0
0.0
0.0
0.0
0.0
0.0
0.0
0.0
6.0
107.0
207.0
260.0
265.0
221.0
129.0
16.0
0.0
0.0
0.0
0.0
0.0
0.0
0.0
0.0
0.0
0.0
0.0
0.0
0.0
0.0
0.0
0.0
5.0
105.0
205.0
260.0
265.0
220.0
130.0
16.0
0.0
0.0
0.0
0.0
0.0
0.0
0.0
0.0
0.0
0.0
0.0
0.0
0.0
0.0
0.0
0.0
5.0
104.0
204.0
259.0
264.0
220.0
130.0
16.0
0.0
0.0
0.0
0.0
0.0
0.0
0.0
0.0
0.0
0.0
0.0
0.0
0.0
0.0
0.0
0.0
5.0
103.0
203.0
258.0
264.0
221.0
130.0
16.0
0.0
0.0
0.0
0.0
0.0
0.0
0.0
0.0
0.0
0.0
0.0
0.0
0.0
0.0
0.0
0.0
4.0
102.0
202.0
258.0
264.0
221.0
131.0
17.0
0.0
0.0
0.0
0.0
0.0
0.0
0.0
0.0
0.0
0.0
0.0
0.0
0.0
0.0
0.0
0.0
4.0
101.0
202.0
258.0
265.0
222.0
132.0
17.0
0.0
0.0
0.0
0.0
0.0
0.0
0.0
0.0
0.0
0.0
0.0
0.0
0.0
0.0
0.0
0.0
4.0
100.0
202.0
258.0
265.0
222.0
133.0
18.0
0.0
0.0
0.0
0.0
0.0
0.0
0.0
0.0
0.0
0.0
0.0
0.0
0.0
0.0
0.0
0.0
4.0
99.0
201.0
258.0
265.0
223.0
135.0
19.0
0.0
0.0
0.0
0.0
0.0
0.0
0.0
0.0
0.0
0.0
0.0
0.0
0.0
0.0
0.0
0.0
4.0
99.0
201.0
258.0
266.0
225.0
136.0
20.0
0.0
0.0
0.0
0.0
0.0
0.0
0.0
0.0
0.0
0.0
0.0
0.0
0.0
0.0
0.0
0.0
3.0
99.0
201.0
259.0
267.0
226.0
138.0
21.0
0.0
0.0
0.0
0.0
0.0
0.0
0.0
0.0
0.0
0.0
0.0
0.0
0.0
0.0
0.0
0.0
3.0
99.0
202.0
260.0
268.0
227.0
139.0
22.0
0.0
0.0
0.0
0.0
0.0
0.0
0.0
0.0
0.0
0.0
0.0
0.0
0.0
0.0
0.0
0.0
3.0
99.0
202.0
261.0
270.0
229.0
141.0
23.0
0.0
0.0
0.0
0.0
0.0
0.0
0.0
0.0
0.0
0.0
0.0
0.0
0.0
0.0
0.0
0.0
3.0
99.0
203.0
262.0
271.0
231.0
144.0
24.0
0.0
0.0
0.0
0.0
0.0
0.0
0.0
0.0
0.0
0.0
0.0
0.0
0.0
0.0
0.0
0.0
3.0
100.0
204.0
263.0
273.0
233.0
146.0
26.0
0.0
0.0
0.0
0.0
0.0
0.0
0.0
0.0
