0.0
0.0
0.0
0.0
0.0
0.0
0.0
0.0
0.0
1.0
26.0
30.0
56.0
44.0
31.0
0.0
0.0
0.0
0.0
0.0
0.0
0.0
0.0
0.0
0.0
0.0
0.0
0.0
0.0
0.0
0.0
0.0
0.0
2.0
39.0
70.0
71.0
59.0
39.0
1.0
0.0
0.0
0.0
0.0
0.0
0.0
0.0
0.0
0.0
0.0
0.0
0.0
0.0
0.0
0.0
0.0
0.0
1.0
44.0
83.0
96.0
75.0
43.0
1.0
0.0
0.0
0.0
0.0
0.0
0.0
0.0
0.0
0.0
0.0
0.0
0.0
0.0
0.0
0.0
0.0
0.0
2.0
39.0
61.0
66.0
47.0
25.0
0.0
0.0
0.0
0.0
0.0
0.0
0.0
0.0
0.0
0.0
0.0
0.0
0.0
0.0
0.0
0.0
0.0
0.0
1.0
11.0
22.0
26.0
20.0
11.0
0.0
0.0
0.0
0.0
0.0
0.0
0.0
0.0
0.0
0.0
0.0
0.0
0.0
0.0
0.0
0.0
0.0
0.0
5.0
60.0
97.0
77.0
56.0
26.0
0.0
0.0
0.0
0.0
0.0
0.0
0.0
0.0
0.0
0.0
0.0
0.0
0.0
0.0
0.0
0.0
0.0
0.0
1.0
8.0
16.0
17.0
14.0
7.0
0.0
0.0
0.0
0.0
0.0
0.0
0.0
0.0
0.0
0.0
0.0
0.0
0.0
0.0
0.0
0.0
0.0
0.0
2.0
32.0
50.0
56.0
44.0
26.0
1.0
0.0
0.0
0.0
0.0
0.0
0.0
0.0
0.0
0.0
0.0
0.0
0.0
0.0
0.0
0.0
0.0
0.0
7.0
40.0
50.0
109.0
54.0
57.0
6.0
0.0
0.0
0.0
0.0
0.0
0.0
0.0
0.0
0.0
0.0
0.0
0.0
0.0
0.0
0.0
0.0
0.0
5.0
51.0
16.0
68.0
95.0
59.0
9.0
0.0
0.0
0.0
0.0
0.0
0.0
0.0
0.0
0.0
0.0
0.0
0.0
0.0
0.0
0.0
0.0
0.0
3.0
39.0
65.0
65.0
54.0
32.0
1.0
0.0
0.0
0.0
0.0
0.0
0.0
0.0
0.0
0.0
0.0
0.0
0.0
0.0
0.0
0.0
0.0
0.0
9.0
69.0
109.0
80.0
67.0
14.0
1.0
0.0
0.0
0.0
0.0
0.0
0.0
0.0
0.0
0.0
0.0
0.0
0.0
0.0
0.0
0.0
0.0
0.0
3.0
52.0
94.0
108.0
51.0
40.0
1.0
0.0
0.0
0.0
0.0
0.0
0.0
0.0
0.0
0.0
0.0
0.0
0.0
0.0
0.0
0.0
0.0
0.0
2.0
12.0
18.0
19.0
17.0
10.0
1.0
0.0
0.0
0.0
0.0
0.0
0.0
0.0
0.0
0.0
0.0
0.0
0.0
0.0
0.0
0.0
0.0
0.0
2.0
28.0
62.0
46.0
54.0
38.0
4.0
0.0
0.0
0.0
0.0
0.0
0.0
0.0
0.0
0.0
0.0
0.0
0.0
0.0
0.0
0.0
0.0
0.0
7.0
61.0
93.0
104.0
75.0
41.0
2.0
0.0
0.0
0.0
0.0
0.0
0.0
0.0
0.0
0.0
0.0
0.0
0.0
0.0
0.0
0.0
0.0
0.0
8.0
64.0
95.0
136.0
110.0
62.0
4.0
0.0
0.0
0.0
0.0
0.0
0.0
0.0
0.0
0.0
0.0
0.0
0.0
0.0
0.0
0.0
0.0
0.0
11.0
49.0
65.0
149.0
75.0
54.0
8.0
0.0
0.0
0.0
0.0
0.0
0.0
0.0
0.0
0.0
0.0
0.0
0.0
0.0
0.0
0.0
0.0
0.0
11.0
85.0
129.0
145.0
126.0
68.0
10.0
0.0
0.0
0.0
0.0
0.0
0.0
0.0
0.0
0.0
0.0
0.0
0.0
0.0
0.0
0.0
0.0
0.0
4.0
56.0
31.0
138.0
118.0
76.0
2.0
0.0
0.0
0.0
0.0
0.0
0.0
0.0
0.0
0.0
0.0
0.0
0.0
0.0
0.0
0.0
0.0
0.0
13.0
65.0
102.0
121.0
130.0
63.0
2.0
0.0
0.0
0.0
0.0
0.0
0.0
0.0
0.0
0.0
0.0
0.0
0.0
0.0
0.0
0.0
0.0
0.0
16.0
92.0
138.0
155.0
136.0
89.0
17.0
0.0
0.0
0.0
0.0
0.0
0.0
0.0
0.0
0.0
0.0
0.0
0.0
0.0
0.0
0.0
0.0
0.0
23.0
99.0
81.0
103.0
62.0
42.0
27.0
0.0
0.0
0.0
0.0
0.0
0.0
0.0
0.0
0.0
0.0
0.0
0.0
0.0
0.0
0.0
0.0
0.0
8.0
21.0
29.0
34.0
28.0
18.0
7.0
0.0
0.0
0.0
0.0
0.0
0.0
0.0
0.0
0.0
0.0
0.0
0.0
0.0
0.0
0.0
0.0
0.0
9.0
22.0
34.0
42.0
34.0
22.0
9.0
0.0
0.0
0.0
0.0
0.0
0.0
0.0
0.0
0.0
0.0
0.0
0.0
0.0
0.0
0.0
0.0
0.0
5.0
13.0
19.0
21.0
19.0
14.0
5.0
0.0
0.0
0.0
0.0
0.0
0.0
0.0
0.0
0.0
0.0
0.0
0.0
0.0
0.0
0.0
0.0
0.0
43.0
104.0
143.0
144.0
115.0
77.0
32.0
0.0
0.0
0.0
0.0
0.0
0.0
0.0
0.0
0.0
0.0
0.0
0.0
0.0
0.0
0.0
0.0
0.0
5.0
9.0
14.0
14.0
127.0
78.0
29.0
0.0
0.0
0.0
0.0
0.0
0.0
0.0
0.0
0.0
0.0
0.0
0.0
0.0
0.0
0.0
0.0
0.0
4.0
42.0
134.0
91.0
97.0
83.0
37.0
0.0
0.0
0.0
0.0
0.0
0.0
0.0
0.0
0.0
0.0
0.0
0.0
0.0
0.0
0.0
0.0
1.0
57.0
68.0
95.0
84.0
54.0
85.0
24.0
0.0
0.0
0.0
0.0
0.0
0.0
0.0
0.0
0.0
0.0
0.0
0.0
0.0
0.0
0.0
0.0
0.0
32.0
85.0
100.0
67.0
51.0
48.0
19.0
0.0
0.0
0.0
0.0
0.0
0.0
0.0
0.0
0.0
0.0
0.0
0.0
0.0
0.0
0.0
0.0
0.0
47.0
98.0
157.0
169.0
160.0
124.0
64.0
2.0
0.0
0.0
0.0
0.0
0.0
0.0
0.0
0.0
0.0
0.0
0.0
0.0
0.0
0.0
0.0
1.0
11.0
35.0
51.0
69.0
57.0
54.0
26.0
1.0
0.0
0.0
0.0
0.0
0.0
0.0
0.0
0.0
0.0
0.0
0.0
0.0
0.0
0.0
0.0
2.0
56.0
105.0
155.0
178.0
173.0
129.0
67.0
3.0
0.0
0.0
0.0
0.0
0.0
0.0
0.0
0.0
0.0
0.0
0.0
0.0
0.0
0.0
0.0
1.0
41.0
90.0
131.0
159.0
174.0
142.0
69.0
4.0
0.0
0.0
0.0
0.0
0.0
0.0
0.0
0.0
0.0
0.0
0.0
0.0
0.0
0.0
0.0
1.0
11.0
17.0
34.0
23.0
140.0
96.0
41.0
1.0
0.0
0.0
0.0
0.0
0.0
0.0
0.0
0.0
0.0
0.0
0.0
0.0
0.0
0.0
0.0
5.0
45.0
11.0
42.0
128.0
104.0
120.0
77.0
10.0
0.0
0.0
0.0
0.0
0.0
0.0
0.0
0.0
0.0
0.0
0.0
0.0
0.0
0.0
0.0
1.0
14.0
25.0
15.0
30.0
159.0
124.0
57.0
3.0
0.0
0.0
0.0
0.0
0.0
0.0
0.0
0.0
0.0
0.0
0.0
0.0
0.0
0.0
0.0
1.0
7.0
15.0
22.0
26.0
158.0
120.0
63.0
4.0
0.0
0.0
0.0
0.0
0.0
0.0
0.0
0.0
0.0
0.0
0.0
0.0
0.0
0.0
0.0
2.0
8.0
14.0
19.0
20.0
160.0
122.0
67.0
5.0
0.0
0.0
0.0
0.0
0.0
0.0
0.0
0.0
0.0
0.0
0.0
0.0
0.0
0.0
0.0
2.0
48.0
161.0
215.0
220.0
218.0
176.0
79.0
5.0
0.0
0.0
0.0
0.0
0.0
0.0
0.0
0.0
0.0
0.0
0.0
0.0
0.0
0.0
0.0
7.0
89.0
163.0
203.0
251.0
233.0
180.0
103.0
15.0
0.0
0.0
0.0
0.0
0.0
0.0
0.0
0.0
0.0
0.0
0.0
0.0
0.0
0.0
0.0
2.0
40.0
131.0
201.0
181.0
160.0
133.0
58.0
3.0
0.0
0.0
0.0
0.0
0.0
0.0
0.0
0.0
0.0
0.0
0.0
0.0
0.0
0.0
0.0
5.0
62.0
115.0
155.0
143.0
126.0
103.0
58.0
3.0
0.0
0.0
0.0
0.0
0.0
0.0
0.0
0.0
0.0
0.0
0.0
0.0
0.0
0.0
0.0
13.0
109.0
171.0
233.0
269.0
262.0
206.0
123.0
29.0
0.0
0.0
0.0
0.0
0.0
0.0
0.0
0.0
0.0
0.0
0.0
0.0
0.0
0.0
0.0
14.0
121.0
200.0
252.0
290.0
263.0
214.0
130.0
23.0
0.0
0.0
0.0
0.0
0.0
0.0
0.0
0.0
0.0
0.0
0.0
0.0
0.0
0.0
0.0
3.0
19.0
23.0
53.0
50.0
229.0
183.0
125.0
48.0
0.0
0.0
0.0
0.0
0.0
0.0
0.0
0.0
0.0
0.0
0.0
0.0
0.0
0.0
0.0
17.0
78.0
98.0
33.0
89.0
151.0
179.0
113.0
24.0
0.0
0.0
0.0
0.0
0.0
0.0
0.0
0.0
0.0
0.0
0.0
0.0
0.0
0.0
0.0
5.0
15.0
23.0
25.0
27.0
217.0
172.0
106.0
41.0
0.0
0.0
0.0
0.0
0.0
0.0
0.0
0.0
0.0
0.0
0.0
0.0
0.0
0.0
0.0
54.0
108.0
149.0
195.0
202.0
217.0
215.0
147.0
60.0
0.0
0.0
0.0
0.0
0.0
0.0
0.0
0.0
0.0
0.0
0.0
0.0
0.0
0.0
0.0
13.0
34.0
50.0
59.0
64.0
55.0
58.0
37.0
13.0
0.0
0.0
0.0
0.0
0.0
0.0
0.0
0.0
0.0
0.0
0.0
0.0
0.0
0.0
2.0
58.0
155.0
230.0
125.0
60.0
80.0
118.0
45.0
23.0
0.0
0.0
0.0
0.0
0.0
0.0
0.0
0.0
0.0
0.0
0.0
0.0
0.0
0.0
0.0
14.0
108.0
88.0
162.0
155.0
166.0
87.0
55.0
24.0
1.0
0.0
0.0
0.0
0.0
0.0
0.0
0.0
0.0
0.0
0.0
0.0
0.0
0.0
0.0
48.0
130.0
197.0
237.0
243.0
210.0
167.0
114.0
50.0
1.0
0.0
0.0
0.0
0.0
0.0
0.0
0.0
0.0
0.0
0.0
0.0
0.0
0.0
1.0
37.0
81.0
122.0
136.0
147.0
136.0
117.0
79.0
30.0
1.0
0.0
0.0
0.0
0.0
0.0
0.0
0.0
0.0
0.0
0.0
0.0
0.0
0.0
1.0
58.0
129.0
209.0
265.0
292.0
295.0
222.0
150.0
67.0
2.0
0.0
0.0
0.0
0.0
0.0
0.0
0.0
0.0
0.0
0.0
0.0
0.0
0.0
2.0
68.0
164.0
258.0
322.0
287.0
276.0
215.0
178.0
67.0
4.0
0.0
0.0
0.0
0.0
0.0
0.0
0.0
0.0
0.0
0.0
0.0
0.0
0.0
2.0
77.0
162.0
235.0
302.0
320.0
296.0
245.0
158.0
72.0
1.0
0.0
0.0
0.0
0.0
0.0
0.0
0.0
0.0
0.0
0.0
0.0
0.0
0.0
1.0
62.0
125.0
194.0
284.0
305.0
333.0
279.0
175.0
88.0
3.0
0.0
0.0
0.0
0.0
0.0
0.0
0.0
0.0
0.0
0.0
0.0
0.0
0.0
1.0
12.0
21.0
58.0
65.0
43.0
208.0
141.0
95.0
50.0
2.0
0.0
0.0
0.0
0.0
0.0
0.0
0.0
0.0
0.0
0.0
0.0
0.0
0.0
2.0
52.0
80.0
157.0
209.0
195.0
186.0
132.0
100.0
39.0
1.0
0.0
0.0
0.0
0.0
0.0
0.0
0.0
0.0
0.0
0.0
0.0
0.0
0.0
7.0
87.0
177.0
258.0
323.0
303.0
283.0
216.0
136.0
71.0
2.0
0.0
0.0
0.0
0.0
0.0
0.0
0.0
0.0
0.0
0.0
0.0
0.0
0.0
14.0
125.0
238.0
342.0
319.0
275.0
233.0
106.0
94.0
50.0
4.0
0.0
0.0
0.0
0.0
0.0
0.0
0.0
0.0
0.0
0.0
0.0
0.0
0.0
5.0
70.0
117.0
182.0
140.0
147.0
255.0
210.0
246.0
129.0
11.0
0.0
0.0
0.0
0.0
0.0
0.0
0.0
0.0
0.0
0.0
0.0
0.0
0.0
9.0
76.0
143.0
168.0
225.0
239.0
209.0
159.0
110.0
52.0
3.0
0.0
0.0
0.0
0.0
0.0
0.0
0.0
0.0
0.0
0.0
0.0
0.0
0.0
3.0
10.0
242.0
335.0
237.0
270.0
304.0
96.0
26.0
73.0
26.0
0.0
0.0
0.0
0.0
0.0
0.0
0.0
0.0
0.0
0.0
0.0
0.0
0.0
13.0
106.0
215.0
273.0
324.0
380.0
393.0
331.0
243.0
131.0
11.0
0.0
0.0
0.0
0.0
0.0
0.0
0.0
0.0
0.0
0.0
0.0
0.0
0.0
14.0
75.0
132.0
180.0
238.0
215.0
175.0
179.0
108.0
51.0
4.0
0.0
0.0
0.0
0.0
0.0
0.0
0.0
0.0
0.0
0.0
0.0
0.0
0.0
24.0
17.0
242.0
404.0
290.0
223.0
184.0
99.0
97.0
98.0
7.0
0.0
0.0
0.0
0.0
0.0
0.0
0.0
0.0
0.0
0.0
0.0
0.0
0.0
31.0
127.0
292.0
268.0
312.0
216.0
291.0
260.0
264.0
167.0
52.0
0.0
0.0
0.0
0.0
0.0
0.0
0.0
0.0
0.0
0.0
0.0
0.0
0.0
62.0
138.0
263.0
341.0
364.0
348.0
287.0
235.0
227.0
129.0
37.0
0.0
0.0
0.0
0.0
0.0
0.0
0.0
0.0
0.0
0.0
0.0
0.0
0.0
28.0
44.0
145.0
287.0
339.0
320.0
241.0
204.0
169.0
165.0
64.0
0.0
0.0
0.0
0.0
0.0
0.0
0.0
0.0
0.0
0.0
0.0
0.0
0.0
58.0
159.0
260.0
346.0
409.0
435.0
420.0
374.0
246.0
147.0
55.0
0.0
0.0
0.0
0.0
0.0
0.0
0.0
0.0
0.0
0.0
0.0
0.0
0.0
65.0
167.0
274.0
361.0
403.0
409.0
396.0
339.0
266.0
164.0
58.0
0.0
0.0
0.0
0.0
0.0
0.0
0.0
0.0
0.0
0.0
0.0
0.0
3.0
68.0
99.0
120.0
338.0
320.0
331.0
436.0
385.0
242.0
181.0
60.0
1.0
0.0
0.0
0.0
0.0
0.0
0.0
0.0
0.0
0.0
0.0
0.0
1.0
82.0
202.0
315.0
408.0
465.0
486.0
462.0
397.0
301.0
181.0
70.0
0.0
0.0
0.0
0.0
0.0
0.0
0.0
0.0
0.0
0.0
0.0
0.0
2.0
59.0
137.0
275.0
344.0
327.0
366.0
383.0
358.0
295.0
196.0
80.0
2.0
0.0
0.0
0.0
0.0
0.0
0.0
0.0
0.0
0.0
0.0
0.0
1.0
7.0
90.0
327.0
434.0
315.0
194.0
141.0
104.0
24.0
15.0
6.0
0.0
0.0
0.0
0.0
0.0
0.0
0.0
0.0
0.0
0.0
0.0
0.0
4.0
44.0
95.0
164.0
172.0
187.0
191.0
242.0
264.0
181.0
91.0
7.0
1.0
0.0
0.0
0.0
0.0
0.0
0.0
0.0
0.0
0.0
0.0
0.0
3.0
97.0
231.0
278.0
281.0
451.0
443.0
370.0
330.0
124.0
128.0
65.0
1.0
0.0
0.0
0.0
0.0
0.0
0.0
0.0
0.0
0.0
0.0
0.0
4.0
88.0
182.0
285.0
356.0
404.0
403.0
390.0
336.0
253.0
158.0
66.0
1.0
0.0
0.0
0.0
0.0
0.0
0.0
0.0
0.0
0.0
0.0
0.0
7.0
110.0
226.0
333.0
427.0
466.0
480.0
455.0
401.0
314.0
217.0
101.0
4.0
0.0
0.0
0.0
0.0
0.0
0.0
0.0
0.0
0.0
0.0
0.0
9.0
98.0
215.0
297.0
378.0
407.0
436.0
412.0
354.0
248.0
159.0
70.0
1.0
0.0
0.0
0.0
0.0
0.0
0.0
0.0
0.0
0.0
0.0
0.0
2.0
88.0
223.0
320.0
357.0
411.0
340.0
305.0
291.0
194.0
118.0
67.0
1.0
0.0
0.0
0.0
0.0
0.0
0.0
0.0
0.0
0.0
0.0
0.0
16.0
103.0
210.0
306.0
406.0
423.0
398.0
486.0
413.0
246.0
185.0
90.0
2.0
0.0
0.0
0.0
0.0
0.0
0.0
0.0
0.0
0.0
0.0
0.0
13.0
124.0
255.0
346.0
438.0
489.0
507.0
477.0
423.0
321.0
227.0
109.0
8.0
0.0
0.0
0.0
0.0
0.0
0.0
0.0
0.0
0.0
0.0
0.0
3.0
19.0
36.0
52.0
63.0
67.0
73.0
68.0
62.0
50.0
33.0
16.0
2.0
0.0
0.0
0.0
0.0
0.0
0.0
0.0
0.0
0.0
0.0
0.0
3.0
12.0
22.0
32.0
39.0
44.0
45.0
334.0
292.0
232.0
150.0
73.0
5.0
0.0
0.0
0.0
0.0
0.0
0.0
0.0
0.0
0.0
0.0
0.0
28.0
26.0
24.0
103.0
42.0
84.0
164.0
408.0
322.0
417.0
282.0
141.0
16.0
0.0
0.0
0.0
0.0
0.0
0.0
0.0
0.0
0.0
0.0
0.0
49.0
142.0
256.0
366.0
460.0
516.0
536.0
519.0
458.0
376.0
259.0
133.0
12.0
0.0
0.0
0.0
0.0
0.0
0.0
0.0
0.0
0.0
0.0
0.0
53.0
155.0
269.0
382.0
474.0
529.0
545.0
515.0
461.0
363.0
246.0
126.0
12.0
0.0
0.0
0.0
0.0
0.0
0.0
0.0
0.0
0.0
0.0
0.0
57.0
162.0
272.0
382.0
477.0
545.0
532.0
494.0
413.0
310.0
234.0
121.0
14.0
0.0
0.0
0.0
0.0
0.0
0.0
0.0
0.0
0.0
0.0
0.0
13.0
40.0
57.0
96.0
104.0
116.0
108.0
95.0
76.0
63.0
48.0
29.0
5.0
0.0
0.0
0.0
0.0
0.0
0.0
0.0
0.0
0.0
0.0
0.0
11.0
30.0
47.0
71.0
79.0
89.0
95.0
99.0
90.0
77.0
56.0
28.0
4.0
0.0
0.0
0.0
0.0
0.0
0.0
0.0
0.0
0.0
0.0
1.0
24.0
48.0
84.0
103.0
99.0
143.0
148.0
142.0
95.0
103.0
86.0
41.0
13.0
0.0
0.0
0.0
0.0
0.0
0.0
0.0
0.0
0.0
0.0
1.0
46.0
153.0
200.0
396.0
407.0
594.0
481.0
423.0
395.0
221.0
87.0
49.0
4.0
0.0
0.0
0.0
0.0
0.0
0.0
0.0
0.0
0.0
0.0
1.0
63.0
152.0
250.0
324.0
405.0
446.0
426.0
435.0
407.0
363.0
278.0
159.0
57.0
0.0
0.0
0.0
0.0
0.0
0.0
0.0
0.0
0.0
0.0
3.0
50.0
157.0
367.0
274.0
321.0
454.0
481.0
368.0
175.0
197.0
185.0
117.0
54.0
0.0
0.0
0.0
0.0
0.0
0.0
0.0
0.0
0.0
0.0
3.0
81.0
191.0
305.0
424.0
460.0
501.0
532.0
539.0
476.0
396.0
260.0
149.0
50.0
0.0
0.0
0.0
0.0
0.0
0.0
0.0
0.0
0.0
0.0
1.0
26.0
48.0
120.0
77.0
144.0
140.0
217.0
375.0
401.0
311.0
186.0
91.0
26.0
0.0
0.0
0.0
0.0
0.0
0.0
0.0
0.0
0.0
0.0
5.0
91.0
199.0
313.0
413.0
490.0
535.0
545.0
521.0
465.0
375.0
267.0
155.0
56.0
0.0
0.0
0.0
0.0
0.0
0.0
0.0
0.0
0.0
0.0
5.0
80.0
188.0
278.0
369.0
446.0
461.0
487.0
474.0
401.0
324.0
235.0
140.0
54.0
0.0
0.0
0.0
0.0
0.0
0.0
0.0
0.0
0.0
0.0
7.0
107.0
230.0
360.0
464.0
547.0
589.0
613.0
592.0
533.0
436.0
314.0
188.0
71.0
1.0
0.0
0.0
0.0
0.0
0.0
0.0
0.0
0.0
0.0
7.0
110.0
219.0
334.0
409.0
478.0
490.0
539.0
556.0
490.0
410.0
295.0
178.0
74.0
2.0
0.0
0.0
0.0
0.0
0.0
0.0
0.0
0.0
0.0
2.0
11.0
20.0
32.0
40.0
47.0
52.0
51.0
49.0
45.0
39.0
28.0
17.0
6.0
1.0
0.0
0.0
0.0
0.0
0.0
0.0
0.0
0.0
0.0
3.0
26.0
47.0
78.0
102.0
105.0
124.0
152.0
131.0
103.0
98.0
75.0
52.0
17.0
1.0
0.0
0.0
0.0
0.0
0.0
0.0
0.0
0.0
0.0
3.0
28.0
68.0
100.0
160.0
153.0
182.0
166.0
203.0
165.0
147.0
117.0
69.0
29.0
1.0
0.0
0.0
0.0
0.0
0.0
0.0
0.0
0.0
0.0
7.0
49.0
98.0
144.0
182.0
230.0
236.0
235.0
225.0
211.0
178.0
130.0
74.0
33.0
1.0
0.0
0.0
0.0
0.0
0.0
0.0
0.0
0.0
0.0
33.0
132.0
254.0
315.0
236.0
212.0
270.0
215.0
99.0
105.0
199.0
258.0
203.0
104.0
15.0
0.0
0.0
0.0
0.0
0.0
0.0
0.0
0.0
0.0
46.0
152.0
285.0
418.0
534.0
619.0
666.0
678.0
647.0
579.0
480.0
359.0
224.0
99.0
5.0
0.0
0.0
0.0
0.0
0.0
0.0
0.0
0.0
0.0
43.0
129.0
246.0
359.0
461.0
558.0
621.0
620.0
600.0
520.0
430.0
309.0
207.0
90.0
6.0
0.0
0.0
0.0
0.0
0.0
0.0
0.0
0.0
0.0
5.0
17.0
35.0
54.0
69.0
78.0
78.0
76.0
76.0
69.0
61.0
46.0
30.0
13.0
2.0
0.0
0.0
0.0
0.0
0.0
0.0
0.0
0.0
0.0
55.0
163.0
293.0
424.0
537.0
626.0
678.0
686.0
656.0
585.0
482.0
361.0
231.0
109.0
9.0
0.0
0.0
0.0
0.0
0.0
0.0
0.0
0.0
0.0
56.0
147.0
276.0
398.0
521.0
560.0
622.0
628.0
593.0
548.0
439.0
326.0
200.0
88.0
6.0
0.0
0.0
0.0
0.0
0.0
0.0
0.0
0.0
1.0
50.0
109.0
182.0
313.0
399.0
420.0
459.0
483.0
456.0
363.0
310.0
223.0
135.0
77.0
2.0
0.0
0.0
0.0
0.0
0.0
0.0
0.0
0.0
1.0
65.0
177.0
309.0
436.0
550.0
625.0
676.0
678.0
640.0
577.0
484.0
367.0
237.0
115.0
11.0
0.0
0.0
0.0
0.0
0.0
0.0
0.0
0.0
1.0
67.0
175.0
299.0
430.0
541.0
615.0
671.0
677.0
648.0
582.0
487.0
373.0
243.0
120.0
14.0
0.0
0.0
0.0
0.0
0.0
0.0
0.0
0.0
1.0
36.0
105.0
182.0
275.0
314.0
347.0
365.0
395.0
364.0
324.0
288.0
237.0
134.0
70.0
9.0
0.0
0.0
0.0
0.0
0.0
0.0
0.0
0.0
1.0
24.0
61.0
101.0
135.0
178.0
198.0
211.0
219.0
205.0
181.0
140.0
101.0
61.0
32.0
3.0
0.0
0.0
0.0
0.0
0.0
0.0
0.0
0.0
2.0
51.0
221.0
349.0
368.0
625.0
735.0
532.0
337.0
367.0
210.0
152.0
144.0
176.0
87.0
3.0
0.0
0.0
0.0
0.0
0.0
0.0
0.0
0.0
4.0
87.0
204.0
340.0
472.0
578.0
654.0
703.0
715.0
671.0
601.0
499.0
383.0
253.0
133.0
39.0
0.0
0.0
0.0
0.0
0.0
0.0
0.0
0.0
2.0
92.0
220.0
341.0
503.0
389.0
247.0
469.0
103.0
221.0
442.0
219.0
206.0
109.0
151.0
21.0
0.0
0.0
0.0
0.0
0.0
0.0
0.0
0.0
7.0
86.0
193.0
248.0
311.0
375.0
389.0
408.0
339.0
251.0
55.0
66.0
90.0
126.0
82.0
30.0
0.0
0.0
0.0
0.0
0.0
0.0
0.0
0.0
8.0
60.0
58.0
166.0
483.0
403.0
752.0
381.0
304.0
660.0
631.0
538.0
452.0
174.0
12.0
4.0
0.0
0.0
0.0
0.0
0.0
0.0
0.0
0.0
8.0
104.0
227.0
364.0
494.0
606.0
690.0
738.0
747.0
718.0
646.0
546.0
424.0
288.0
156.0
53.0
0.0
0.0
0.0
0.0
0.0
0.0
0.0
0.0
2.0
61.0
104.0
70.0
136.0
188.0
316.0
423.0
661.0
514.0
338.0
397.0
486.0
286.0
146.0
52.0
0.0
0.0
0.0
0.0
0.0
0.0
0.0
0.0
10.0
107.0
225.0
355.0
481.0
580.0
658.0
705.0
711.0
682.0
617.0
523.0
407.0
276.0
151.0
54.0
0.0
0.0
0.0
0.0
0.0
0.0
0.0
0.0
11.0
100.0
207.0
322.0
426.0
530.0
600.0
641.0
641.0
604.0
550.0
467.0
369.0
251.0
137.0
50.0
0.0
0.0
0.0
0.0
0.0
0.0
0.0
0.0
13.0
116.0
238.0
371.0
496.0
602.0
689.0
736.0
733.0
708.0
639.0
543.0
425.0
289.0
159.0
59.0
1.0
0.0
0.0
0.0
0.0
0.0
0.0
0.0
11.0
97.0
187.0
309.0
420.0
517.0
613.0
680.0
680.0
663.0
603.0
531.0
425.0
288.0
171.0
66.0
2.0
0.0
0.0
0.0
0.0
0.0
0.0
0.0
16.0
113.0
227.0
350.0
477.0
590.0
661.0
702.0
702.0
685.0
610.0
527.0
420.0
295.0
173.0
70.0
2.0
0.0
0.0
0.0
0.0
0.0
0.0
0.0
38.0
131.0
259.0
396.0
529.0
645.0
725.0
772.0
779.0
748.0
675.0
575.0
450.0
313.0
180.0
71.0
2.0
0.0
0.0
0.0
0.0
0.0
0.0
0.0
42.0
139.0
266.0
401.0
529.0
644.0
730.0
478.0
492.0
469.0
420.0
344.0
284.0
203.0
112.0
43.0
1.0
0.0
0.0
0.0
0.0
0.0
0.0
0.0
40.0
129.0
249.0
375.0
499.0
604.0
684.0
725.0
737.0
706.0
642.0
540.0
431.0
303.0
177.0
73.0
3.0
0.0
0.0
0.0
0.0
0.0
0.0
0.0
43.0
132.0
252.0
383.0
509.0
617.0
703.0
756.0
763.0
732.0
662.0
564.0
445.0
314.0
187.0
79.0
4.0
0.0
0.0
0.0
0.0
0.0
0.0
0.0
36.0
105.0
211.0
307.0
394.0
520.0
613.0
642.0
662.0
647.0
559.0
468.0
393.0
306.0
160.0
81.0
5.0
0.0
0.0
0.0
0.0
0.0
0.0
0.0
19.0
60.0
109.0
171.0
225.0
264.0
287.0
333.0
326.0
302.0
256.0
236.0
177.0
124.0
66.0
28.0
1.0
0.0
0.0
0.0
0.0
0.0
0.0
0.0
9.0
26.0
55.0
90.0
110.0
129.0
146.0
163.0
179.0
186.0
169.0
136.0
118.0
81.0
53.0
16.0
1.0
0.0
0.0
0.0
0.0
0.0
0.0
1.0
42.0
106.0
204.0
276.0
283.0
297.0
498.0
563.0
644.0
622.0
645.0
586.0
434.0
346.0
199.0
108.0
16.0
0.0
0.0
0.0
0.0
0.0
0.0
0.0
5.0
14.0
56.0
161.0
162.0
175.0
350.0
355.0
328.0
562.0
758.0
581.0
558.0
390.0
187.0
86.0
13.0
0.0
0.0
0.0
0.0
0.0
0.0
1.0
35.0
96.0
170.0
248.0
323.0
357.0
409.0
458.0
436.0
420.0
381.0
328.0
269.0
194.0
120.0
53.0
2.0
0.0
0.0
0.0
0.0
0.0
0.0
1.0
58.0
156.0
282.0
416.0
545.0
642.0
710.0
743.0
747.0
714.0
644.0
556.0
444.0
320.0
196.0
92.0
8.0
0.0
0.0
0.0
0.0
0.0
0.0
1.0
60.0
162.0
295.0
429.0
550.0
656.0
713.0
367.0
402.0
373.0
361.0
321.0
238.0
155.0
91.0
41.0
2.0
0.0
0.0
0.0
0.0
0.0
0.0
1.0
63.0
83.0
295.0
415.0
469.0
681.0
835.0
390.0
159.0
283.0
58.0
50.0
40.0
29.0
19.0
9.0
2.0
0.0
0.0
0.0
0.0
0.0
0.0
1.0
6.0
14.0
45.0
35.0
62.0
55.0
187.0
278.0
463.0
432.0
381.0
433.0
556.0
370.0
233.0
116.0
20.0
0.0
0.0
0.0
0.0
0.0
0.0
1.0
27.0
72.0
129.0
187.0
236.0
265.0
291.0
345.0
322.0
307.0
266.0
223.0
196.0
159.0
95.0
50.0
7.0
0.0
0.0
0.0
0.0
0.0
0.0
1.0
34.0
80.0
132.0
201.0
281.0
340.0
399.0
403.0
408.0
390.0
329.0
315.0
257.0
182.0
108.0
47.0
6.0
0.0
0.0
0.0
0.0
0.0
0.0
1.0
6.0
29.0
43.0
115.0
141.0
190.0
189.0
229.0
248.0
255.0
254.0
275.0
257.0
162.0
93.0
50.0
15.0
0.0
0.0
0.0
0.0
0.0
0.0
3.0
68.0
165.0
284.0
411.0
533.0
642.0
723.0
766.0
769.0
743.0
685.0
591.0
469.0
345.0
222.0
112.0
34.0
0.0
0.0
0.0
0.0
0.0
0.0
1.0
10.0
26.0
42.0
65.0
80.0
91.0
98.0
116.0
122.0
116.0
101.0
79.0
67.0
49.0
32.0
17.0
5.0
0.0
0.0
0.0
0.0
0.0
0.0
5.0
66.0
128.0
167.0
223.0
416.0
423.0
258.0
423.0
553.0
617.0
404.0
366.0
322.0
169.0
165.0
73.0
46.0
0.0
0.0
0.0
0.0
0.0
0.0
1.0
25.0
49.0
80.0
206.0
161.0
125.0
258.0
300.0
310.0
385.0
457.0
414.0
491.0
371.0
267.0
113.0
34.0
0.0
0.0
0.0
0.0
0.0
0.0
4.0
68.0
151.0
258.0
376.0
471.0
550.0
618.0
659.0
686.0
688.0
608.0
556.0
443.0
333.0
209.0
111.0
34.0
0.0
0.0
0.0
0.0
0.0
0.0
8.0
88.0
182.0
238.0
294.0
344.0
570.0
527.0
540.0
505.0
529.0
401.0
276.0
255.0
69.0
20.0
11.0
10.0
0.0
0.0
0.0
0.0
0.0
0.0
6.0
77.0
176.0
294.0
417.0
530.0
635.0
711.0
762.0
765.0
746.0
695.0
610.0
499.0
369.0
241.0
128.0
45.0
0.0
0.0
0.0
0.0
0.0
0.0
9.0
81.0
191.0
206.0
274.0
397.0
397.0
594.0
585.0
633.0
747.0
620.0
490.0
446.0
263.0
172.0
68.0
29.0
1.0
0.0
0.0
0.0
0.0
0.0
7.0
79.0
177.0
299.0
428.0
549.0
662.0
744.0
794.0
810.0
785.0
725.0
636.0
518.0
392.0
259.0
139.0
50.0
1.0
0.0
0.0
0.0
0.0
0.0
2.0
7.0
16.0
27.0
63.0
137.0
179.0
203.0
244.0
304.0
430.0
402.0
427.0
445.0
363.0
251.0
152.0
55.0
2.0
0.0
0.0
0.0
0.0
0.0
7.0
86.0
212.0
242.0
242.0
157.0
55.0
250.0
282.0
413.0
463.0
442.0
279.0
212.0
134.0
156.0
34.0
6.0
0.0
0.0
0.0
0.0
0.0
0.0
5.0
53.0
111.0
197.0
275.0
348.0
431.0
448.0
506.0
489.0
485.0
416.0
326.0
237.0
185.0
106.0
58.0
20.0
0.0
0.0
0.0
0.0
0.0
0.0
8.0
80.0
177.0
288.0
408.0
521.0
611.0
681.0
715.0
717.0
691.0
629.0
558.0
455.0
335.0
223.0
116.0
42.0
0.0
0.0
0.0
0.0
0.0
0.0
8.0
86.0
197.0
341.0
472.0
575.0
682.0
756.0
322.0
361.0
340.0
321.0
279.0
206.0
153.0
87.0
55.0
17.0
0.0
0.0
0.0
0.0
0.0
0.0
4.0
37.0
80.0
128.0
177.0
237.0
279.0
323.0
340.0
315.0
340.0
304.0
269.0
225.0
170.0
120.0
69.0
23.0
0.0
0.0
0.0
0.0
0.0
0.0
9.0
90.0
195.0
325.0
454.0
575.0
679.0
758.0
802.0
816.0
784.0
714.0
617.0
507.0
378.0
250.0
135.0
50.0
1.0
0.0
0.0
0.0
0.0
0.0
10.0
92.0
199.0
330.0
466.0
591.0
699.0
781.0
832.0
842.0
815.0
754.0
663.0
549.0
417.0
283.0
157.0
61.0
2.0
0.0
0.0
0.0
0.0
0.0
2.0
37.0
79.0
113.0
142.0
146.0
218.0
138.0
126.0
306.0
374.0
320.0
322.0
220.0
111.0
77.0
44.0
17.0
1.0
0.0
0.0
0.0
0.0
0.0
8.0
71.0
154.0
247.0
360.0
464.0
538.0
574.0
611.0
643.0
604.0
555.0
484.0
396.0
299.0
198.0
108.0
41.0
1.0
0.0
0.0
0.0
0.0
0.0
8.0
63.0
146.0
233.0
318.0
395.0
459.0
506.0
545.0
576.0
552.0
506.0
433.0
349.0
250.0
171.0
88.0
35.0
1.0
0.0
0.0
0.0
0.0
0.0
3.0
44.0
97.0
201.0
354.0
508.0
474.0
537.0
682.0
688.0
620.0
563.0
499.0
450.0
303.0
208.0
128.0
52.0
3.0
0.0
0.0
0.0
0.0
0.0
9.0
81.0
177.0
294.0
412.0
540.0
623.0
711.0
761.0
766.0
729.0
671.0
579.0
456.0
344.0
234.0
129.0
50.0
1.0
0.0
0.0
0.0
0.0
0.0
4.0
32.0
69.0
123.0
184.0
218.0
256.0
305.0
324.0
320.0
312.0
285.0
249.0
208.0
144.0
97.0
54.0
19.0
1.0
0.0
0.0
0.0
0.0
0.0
11.0
89.0
159.0
188.0
226.0
375.0
473.0
767.0
829.0
523.0
517.0
197.0
135.0
39.0
73.0
20.0
11.0
4.0
1.0
0.0
0.0
0.0
0.0
0.0
5.0
23.0
80.0
190.0
246.0
203.0
230.0
341.0
308.0
311.0
378.0
506.0
426.0
391.0
306.0
226.0
153.0
61.0
5.0
0.0
0.0
0.0
0.0
0.0
10.0
89.0
200.0
333.0
475.0
598.0
705.0
803.0
433.0
415.0
392.0
392.0
348.0
281.0
200.0
129.0
72.0
26.0
1.0
0.0
0.0
0.0
0.0
0.0
5.0
78.0
158.0
251.0
487.0
482.0
553.0
733.0
471.0
400.0
279.0
316.0
446.0
382.0
365.0
182.0
131.0
54.0
2.0
0.0
0.0
0.0
0.0
0.0
4.0
36.0
74.0
133.0
193.0
241.0
295.0
326.0
339.0
335.0
308.0
282.0
251.0
232.0
161.0
100.0
53.0
17.0
1.0
0.0
0.0
0.0
0.0
0.0
4.0
33.0
82.0
150.0
201.0
251.0
277.0
323.0
361.0
372.0
354.0
296.0
297.0
226.0
162.0
94.0
53.0
19.0
1.0
0.0
0.0
0.0
0.0
0.0
4.0
51.0
99.0
178.0
275.0
340.0
446.0
502.0
567.0
560.0
551.0
502.0
426.0
310.0
233.0
163.0
80.0
29.0
1.0
0.0
0.0
0.0
0.0
0.0
6.0
56.0
123.0
194.0
251.0
435.0
440.0
626.0
690.0
784.0
687.0
495.0
566.0
411.0
283.0
220.0
142.0
56.0
3.0
0.0
0.0
0.0
0.0
0.0
9.0
89.0
197.0
329.0
469.0
598.0
709.0
795.0
845.0
853.0
820.0
753.0
656.0
532.0
397.0
261.0
140.0
53.0
1.0
0.0
0.0
0.0
0.0
0.0
3.0
34.0
76.0
128.0
188.0
253.0
290.0
353.0
374.0
375.0
351.0
318.0
270.0
198.0
146.0
91.0
37.0
9.0
1.0
0.0
0.0
0.0
0.0
0.0
7.0
62.0
123.0
213.0
290.0
348.0
428.0
469.0
504.0
499.0
507.0
449.0
416.0
309.0
216.0
154.0
77.0
30.0
1.0
0.0
0.0
0.0
0.0
0.0
4.0
24.0
60.0
75.0
35.0
151.0
135.0
218.0
493.0
398.0
482.0
592.0
531.0
426.0
329.0
268.0
163.0
57.0
2.0
0.0
0.0
0.0
0.0
0.0
7.0
82.0
178.0
328.0
424.0
578.0
708.0
817.0
465.0
428.0
416.0
376.0
346.0
267.0
225.0
139.0
83.0
38.0
2.0
0.0
0.0
0.0
0.0
0.0
4.0
43.0
97.0
171.0
233.0
304.0
352.0
387.0
401.0
404.0
402.0
350.0
250.0
198.0
139.0
80.0
40.0
15.0
1.0
0.0
0.0
0.0
0.0
0.0
5.0
67.0
173.0
269.0
408.0
452.0
550.0
638.0
593.0
574.0
653.0
590.0
537.0
432.0
353.0
241.0
123.0
56.0
2.0
0.0
0.0
0.0
0.0
0.0
3.0
15.0
16.0
65.0
220.0
214.0
197.0
281.0
342.0
249.0
196.0
292.0
253.0
179.0
123.0
126.0
93.0
36.0
1.0
0.0
0.0
0.0
0.0
0.0
5.0
52.0
78.0
173.0
221.0
333.0
255.0
197.0
350.0
337.0
448.0
367.0
336.0
304.0
351.0
283.0
174.0
66.0
4.0
0.0
0.0
0.0
0.0
0.0
1.0
22.0
62.0
88.0
131.0
253.0
323.0
275.0
308.0
261.0
234.0
262.0
167.0
140.0
126.0
99.0
56.0
21.0
1.0
0.0
0.0
0.0
0.0
0.0
3.0
59.0
134.0
245.0
326.0
420.0
585.0
628.0
661.0
695.0
676.0
613.0
520.0
438.0
302.0
200.0
107.0
44.0
1.0
0.0
0.0
0.0
0.0
0.0
4.0
81.0
192.0
321.0
453.0
623.0
677.0
782.0
497.0
445.0
431.0
325.0
325.0
289.0
269.0
163.0
88.0
37.0
1.0
0.0
0.0
0.0
0.0
0.0
3.0
67.0
162.0
283.0
413.0
537.0
642.0
718.0
768.0
790.0
770.0
715.0
630.0
520.0
390.0
261.0
142.0
51.0
1.0
0.0
0.0
0.0
0.0
0.0
1.0
54.0
145.0
227.0
346.0
463.0
513.0
587.0
626.0
650.0
691.0
613.0
530.0
447.0
343.0
189.0
112.0
46.0
1.0
0.0
0.0
0.0
0.0
0.0
2.0
60.0
167.0
283.0
439.0
608.0
676.0
609.0
467.0
448.0
502.0
401.0
413.0
259.0
185.0
177.0
117.0
29.0
1.0
0.0
0.0
0.0
0.0
0.0
1.0
60.0
159.0
323.0
378.0
507.0
564.0
640.0
595.0
662.0
380.0
232.0
141.0
68.0
70.0
36.0
51.0
4.0
0.0
0.0
0.0
0.0
0.0
0.0
2.0
58.0
149.0
264.0
390.0
513.0
616.0
685.0
728.0
744.0
721.0
670.0
595.0
497.0
370.0
247.0
130.0
44.0
0.0
0.0
0.0
0.0
0.0
0.0
2.0
59.0
152.0
268.0
396.0
514.0
618.0
693.0
738.0
747.0
726.0
677.0
582.0
482.0
361.0
236.0
124.0
43.0
0.0
0.0
0.0
0.0
0.0
0.0
1.0
40.0
94.0
74.0
162.0
243.0
306.0
445.0
465.0
620.0
517.0
537.0
633.0
577.0
362.0
251.0
119.0
41.0
0.0
0.0
0.0
0.0
0.0
0.0
2.0
60.0
45.0
102.0
169.0
79.0
560.0
546.0
864.0
447.0
443.0
744.0
365.0
41.0
31.0
20.0
10.0
3.0
0.0
0.0
0.0
0.0
0.0
0.0
1.0
44.0
150.0
298.0
446.0
589.0
712.0
662.0
493.0
304.0
295.0
431.0
360.0
275.0
231.0
128.0
66.0
27.0
0.0
0.0
0.0
0.0
0.0
0.0
1.0
51.0
141.0
259.0
385.0
511.0
615.0
701.0
751.0
761.0
744.0
684.0
597.0
485.0
361.0
235.0
119.0
37.0
0.0
0.0
0.0
0.0
0.0
0.0
1.0
49.0
136.0
252.0
370.0
487.0
588.0
674.0
710.0
719.0
710.0
658.0
572.0
469.0
352.0
229.0
117.0
35.0
0.0
0.0
0.0
0.0
0.0
0.0
0.0
53.0
154.0
286.0
427.0
562.0
676.0
762.0
816.0
829.0
804.0
743.0
646.0
525.0
389.0
251.0
126.0
36.0
0.0
0.0
0.0
0.0
0.0
0.0
0.0
50.0
147.0
276.0
407.0
542.0
657.0
734.0
470.0
468.0
470.0
433.0
386.0
305.0
227.0
143.0
72.0
10.0
0.0
0.0
0.0
0.0
0.0
0.0
0.0
27.0
73.0
129.0
205.0
243.0
277.0
340.0
338.0
326.0
368.0
371.0
290.0
234.0
177.0
101.0
43.0
3.0
0.0
0.0
0.0
0.0
0.0
0.0
0.0
17.0
82.0
177.0
223.0
209.0
368.0
781.0
786.0
692.0
672.0
144.0
97.0
39.0
29.0
18.0
9.0
2.0
0.0
0.0
0.0
0.0
0.0
0.0
0.0
28.0
95.0
176.0
160.0
48.0
306.0
260.0
328.0
419.0
191.0
212.0
318.0
470.0
279.0
248.0
118.0
24.0
0.0
0.0
0.0
0.0
0.0
0.0
0.0
15.0
45.0
91.0
139.0
185.0
216.0
236.0
264.0
281.0
256.0
242.0
202.0
170.0
123.0
77.0
34.0
2.0
0.0
0.0
0.0
0.0
0.0
0.0
0.0
3.0
17.0
96.0
168.0
275.0
312.0
357.0
371.0
375.0
416.0
327.0
254.0
187.0
107.0
83.0
41.0
2.0
0.0
0.0
0.0
0.0
0.0
0.0
0.0
11.0
62.0
111.0
148.0
226.0
293.0
343.0
386.0
404.0
347.0
327.0
295.0
224.0
151.0
97.0
31.0
2.0
0.0
0.0
0.0
0.0
0.0
0.0
0.0
3.0
55.0
119.0
180.0
333.0
456.0
297.0
308.0
203.0
65.0
274.0
281.0
296.0
324.0
195.0
107.0
17.0
0.0
0.0
0.0
0.0
0.0
0.0
0.0
11.0
95.0
191.0
323.0
432.0
493.0
538.0
544.0
559.0
539.0
538.0
514.0
415.0
328.0
179.0
68.0
6.0
0.0
0.0
0.0
0.0
0.0
0.0
0.0
6.0
51.0
106.0
163.0
217.0
288.0
316.0
346.0
336.0
355.0
307.0
250.0
182.0
141.0
89.0
41.0
1.0
0.0
0.0
0.0
0.0
0.0
0.0
0.0
9.0
74.0
167.0
267.0
381.0
479.0
561.0
600.0
638.0
600.0
607.0
518.0
436.0
332.0
198.0
90.0
5.0
0.0
0.0
0.0
0.0
0.0
0.0
0.0
3.0
27.0
55.0
79.0
102.0
139.0
151.0
181.0
171.0
140.0
133.0
127.0
103.0
73.0
49.0
22.0
1.0
0.0
0.0
0.0
0.0
0.0
0.0
0.0
8.0
78.0
180.0
299.0
389.0
470.0
544.0
520.0
504.0
498.0
543.0
420.0
345.0
234.0
137.0
53.0
1.0
0.0
0.0
0.0
0.0
0.0
0.0
0.0
6.0
83.0
173.0
280.0
395.0
472.0
526.0
548.0
558.0
537.0
487.0
418.0
329.0
230.0
132.0
49.0
1.0
0.0
0.0
0.0
0.0
0.0
0.0
0.0
1.0
29.0
68.0
272.0
250.0
518.0
548.0
750.0
839.0
393.0
55.0
47.0
37.0
26.0
15.0
7.0
1.0
0.0
0.0
0.0
0.0
0.0
0.0
0.0
4.0
71.0
156.0
258.0
370.0
438.0
502.0
553.0
544.0
526.0
463.0
390.0
301.0
207.0
116.0
44.0
1.0
0.0
0.0
0.0
0.0
0.0
0.0
0.0
2.0
50.0
115.0
219.0
287.0
406.0
426.0
395.0
437.0
434.0
489.0
418.0
373.0
348.0
197.0
77.0
5.0
0.0
0.0
0.0
0.0
0.0
0.0
0.0
3.0
62.0
134.0
217.0
299.0
379.0
435.0
473.0
499.0
485.0
397.0
314.0
258.0
178.0
105.0
41.0
0.0
0.0
0.0
0.0
0.0
0.0
0.0
0.0
2.0
57.0
136.0
216.0
308.0
358.0
425.0
488.0
504.0
465.0
413.0
352.0
296.0
203.0
108.0
37.0
0.0
0.0
0.0
0.0
0.0
0.0
0.0
0.0
3.0
78.0
182.0
298.0
420.0
531.0
604.0
635.0
640.0
633.0
567.0
491.0
382.0
266.0
148.0
53.0
0.0
0.0
0.0
0.0
0.0
0.0
0.0
0.0
1.0
34.0
95.0
162.0
228.0
301.0
345.0
364.0
379.0
348.0
321.0
291.0
205.0
136.0
78.0
28.0
0.0
0.0
0.0
0.0
0.0
0.0
0.0
0.0
5.0
78.0
108.0
221.0
295.0
592.0
694.0
693.0
584.0
322.0
49.0
42.0
120.0
203.0
113.0
13.0
0.0
0.0
0.0
0.0
0.0
0.0
0.0
0.0
1.0
37.0
105.0
157.0
266.0
365.0
346.0
260.0
283.0
318.0
366.0
415.0
389.0
268.0
164.0
54.0
0.0
0.0
0.0
0.0
0.0
0.0
0.0
0.0
0.0
10.0
25.0
43.0
66.0
90.0
96.0
106.0
103.0
96.0
91.0
76.0
57.0
36.0
21.0
6.0
0.0
0.0
0.0
0.0
0.0
0.0
0.0
0.0
0.0
17.0
33.0
47.0
96.0
110.0
144.0
148.0
152.0
189.0
177.0
173.0
164.0
103.0
56.0
15.0
0.0
0.0
0.0
0.0
0.0
0.0
0.0
0.0
0.0
39.0
119.0
196.0
269.0
366.0
415.0
448.0
474.0
414.0
366.0
320.0
250.0
181.0
96.0
14.0
0.0
0.0
0.0
0.0
0.0
0.0
0.0
0.0
0.0
55.0
144.0
234.0
360.0
426.0
488.0
492.0
510.0
519.0
490.0
351.0
265.0
158.0
73.0
3.0
0.0
0.0
0.0
0.0
0.0
0.0
0.0
0.0
0.0
49.0
73.0
173.0
310.0
347.0
281.0
252.0
382.0
544.0
568.0
542.0
391.0
233.0
79.0
10.0
0.0
0.0
0.0
0.0
0.0
0.0
0.0
0.0
0.0
49.0
147.0
267.0
388.0
492.0
584.0
621.0
635.0
620.0
558.0
471.0
362.0
239.0
118.0
12.0
0.0
0.0
0.0
0.0
0.0
0.0
0.0
0.0
0.0
42.0
132.0
179.0
306.0
368.0
524.0
466.0
672.0
462.0
386.0
412.0
302.0
184.0
103.0
11.0
0.0
0.0
0.0
0.0
0.0
0.0
0.0
0.0
0.0
47.0
149.0
278.0
407.0
525.0
611.0
661.0
672.0
648.0
585.0
486.0
366.0
232.0
111.0
8.0
0.0
0.0
0.0
0.0
0.0
0.0
0.0
0.0
0.0
34.0
129.0
292.0
305.0
437.0
415.0
549.0
612.0
335.0
290.0
210.0
58.0
78.0
56.0
6.0
0.0
0.0
0.0
0.0
0.0
0.0
0.0
0.0
0.0
40.0
135.0
259.0
385.0
495.0
582.0
628.0
645.0
614.0
547.0
453.0
330.0
206.0
93.0
5.0
0.0
0.0
0.0
0.0
0.0
0.0
0.0
0.0
0.0
22.0
81.0
219.0
202.0
380.0
488.0
620.0
491.0
462.0
369.0
316.0
228.0
214.0
86.0
7.0
0.0
0.0
0.0
0.0
0.0
0.0
0.0
0.0
0.0
8.0
66.0
144.0
145.0
155.0
229.0
228.0
293.0
404.0
315.0
309.0
357.0
222.0
97.0
10.0
0.0
0.0
0.0
0.0
0.0
0.0
0.0
0.0
0.0
5.0
30.0
57.0
106.0
125.0
135.0
141.0
150.0
152.0
142.0
118.0
101.0
58.0
26.0
1.0
0.0
0.0
0.0
0.0
0.0
0.0
0.0
0.0
0.0
13.0
122.0
243.0
365.0
479.0
567.0
618.0
636.0
609.0
554.0
458.0
341.0
212.0
89.0
3.0
0.0
0.0
0.0
0.0
0.0
0.0
0.0
0.0
0.0
10.0
113.0
234.0
355.0
466.0
542.0
601.0
620.0
597.0
536.0
443.0
330.0
202.0
83.0
2.0
0.0
0.0
0.0
0.0
0.0
0.0
0.0
0.0
0.0
9.0
113.0
231.0
347.0
441.0
525.0
555.0
579.0
563.0
494.0
409.0
300.0
174.0
69.0
1.0
0.0
0.0
0.0
0.0
0.0
0.0
0.0
0.0
0.0
8.0
100.0
119.0
215.0
251.0
192.0
158.0
192.0
292.0
302.0
452.0
358.0
154.0
36.0
0.0
0.0
0.0
0.0
0.0
0.0
0.0
0.0
0.0
0.0
7.0
104.0
219.0
338.0
439.0
517.0
558.0
575.0
537.0
477.0
391.0
280.0
165.0
61.0
0.0
0.0
0.0
0.0
0.0
0.0
0.0
0.0
0.0
0.0
6.0
106.0
228.0
347.0
455.0
538.0
583.0
592.0
563.0
496.0
401.0
286.0
166.0
59.0
0.0
0.0
0.0
0.0
0.0
0.0
0.0
0.0
0.0
0.0
5.0
102.0
225.0
350.0
465.0
553.0
601.0
610.0
586.0
521.0
419.0
297.0
168.0
57.0
0.0
0.0
0.0
0.0
0.0
0.0
0.0
0.0
0.0
0.0
5.0
102.0
229.0
361.0
474.0
557.0
610.0
619.0
589.0
517.0
411.0
287.0
157.0
51.0
0.0
0.0
0.0
0.0
0.0
0.0
0.0
0.0
0.0
0.0
3.0
75.0
183.0
297.0
396.0
456.0
508.0
511.0
512.0
454.0
357.0
245.0
138.0
43.0
0.0
0.0
0.0
0.0
0.0
0.0
0.0
0.0
0.0
0.0
1.0
40.0
88.0
150.0
181.0
227.0
240.0
283.0
271.0
238.0
199.0
123.0
67.0
21.0
0.0
0.0
0.0
0.0
0.0
0.0
0.0
0.0
0.0
0.0
1.0
12.0
27.0
36.0
46.0
47.0
51.0
52.0
383.0
344.0
277.0
194.0
108.0
14.0
0.0
0.0
0.0
0.0
0.0
0.0
0.0
0.0
0.0
0.0
4.0
85.0
157.0
265.0
297.0
357.0
436.0
334.0
443.0
424.0
368.0
276.0
156.0
36.0
0.0
0.0
0.0
0.0
0.0
0.0
0.0
0.0
0.0
0.0
2.0
83.0
205.0
337.0
453.0
546.0
598.0
603.0
570.0
503.0
401.0
275.0
142.0
17.0
0.0
0.0
0.0
0.0
0.0
0.0
0.0
0.0
0.0
0.0
2.0
91.0
207.0
375.0
385.0
439.0
516.0
468.0
410.0
141.0
32.0
22.0
11.0
3.0
0.0
0.0
0.0
0.0
0.0
0.0
0.0
0.0
0.0
0.0
0.0
28.0
70.0
117.0
160.0
193.0
211.0
215.0
221.0
190.0
149.0
99.0
43.0
2.0
0.0
0.0
0.0
0.0
0.0
0.0
0.0
0.0
0.0
0.0
0.0
31.0
81.0
128.0
187.0
213.0
233.0
221.0
215.0
208.0
157.0
96.0
42.0
2.0
0.0
0.0
0.0
0.0
0.0
0.0
0.0
0.0
0.0
0.0
0.0
33.0
53.0
95.0
229.0
161.0
369.0
524.0
418.0
239.0
328.0
162.0
85.0
19.0
0.0
0.0
0.0
0.0
0.0
0.0
0.0
0.0
0.0
0.0
0.0
7.0
21.0
37.0
50.0
60.0
64.0
71.0
62.0
52.0
42.0
30.0
14.0
1.0
0.0
0.0
0.0
0.0
0.0
0.0
0.0
0.0
0.0
0.0
0.0
33.0
87.0
140.0
199.0
231.0
240.0
256.0
254.0
215.0
171.0
101.0
45.0
1.0
0.0
0.0
0.0
0.0
0.0
0.0
0.0
0.0
0.0
0.0
0.0
5.0
18.0
26.0
69.0
73.0
76.0
85.0
467.0
395.0
288.0
184.0
78.0
2.0
0.0
0.0
0.0
0.0
0.0
0.0
0.0
0.0
0.0
0.0
0.0
7.0
26.0
54.0
65.0
80.0
80.0
64.0
416.0
349.0
259.0
160.0
70.0
1.0
0.0
0.0
0.0
0.0
0.0
0.0
0.0
0.0
0.0
0.0
0.0
19.0
66.0
113.0
146.0
183.0
209.0
214.0
210.0
183.0
138.0
83.0
32.0
1.0
0.0
0.0
0.0
0.0
0.0
0.0
0.0
0.0
0.0
0.0
0.0
39.0
124.0
218.0
301.0
366.0
427.0
420.0
377.0
316.0
241.0
146.0
57.0
1.0
0.0
0.0
0.0
0.0
0.0
0.0
0.0
0.0
0.0
0.0
0.0
4.0
18.0
33.0
42.0
53.0
58.0
59.0
56.0
46.0
34.0
24.0
8.0
0.0
0.0
0.0
0.0
0.0
0.0
0.0
0.0
0.0
0.0
0.0
0.0
13.0
110.0
204.0
268.0
328.0
365.0
390.0
365.0
300.0
219.0
144.0
56.0
0.0
0.0
0.0
0.0
0.0
0.0
0.0
0.0
0.0
0.0
0.0
0.0
15.0
128.0
238.0
332.0
406.0
444.0
449.0
421.0
360.0
269.0
162.0
60.0
0.0
0.0
0.0
0.0
0.0
0.0
0.0
0.0
0.0
0.0
0.0
0.0
3.0
38.0
107.0
172.0
165.0
220.0
224.0
195.0
220.0
235.0
130.0
59.0
1.0
0.0
0.0
0.0
0.0
0.0
0.0
0.0
0.0
0.0
0.0
0.0
11.0
122.0
231.0
335.0
411.0
465.0
474.0
437.0
377.0
274.0
161.0
55.0
0.0
0.0
0.0
0.0
0.0
0.0
0.0
0.0
0.0
0.0
0.0
0.0
2.0
35.0
76.0
107.0
119.0
143.0
163.0
152.0
120.0
93.0
55.0
16.0
0.0
0.0
0.0
0.0
0.0
0.0
0.0
0.0
0.0
0.0
0.0
0.0
2.0
80.0
193.0
272.0
347.0
330.0
333.0
352.0
263.0
209.0
98.0
24.0
0.0
0.0
0.0
0.0
0.0
0.0
0.0
0.0
0.0
0.0
0.0
0.0
12.0
114.0
229.0
333.0
393.0
305.0
238.0
286.0
199.0
146.0
97.0
4.0
0.0
0.0
0.0
0.0
0.0
0.0
0.0
0.0
0.0
0.0
0.0
0.0
2.0
43.0
110.0
156.0
176.0
237.0
245.0
266.0
184.0
127.0
99.0
14.0
0.0
0.0
0.0
0.0
0.0
0.0
0.0
0.0
0.0
0.0
0.0
0.0
2.0
38.0
79.0
114.0
145.0
163.0
157.0
134.0
122.0
90.0
52.0
6.0
0.0
0.0
0.0
0.0
0.0
0.0
0.0
0.0
0.0
0.0
0.0
0.0
1.0
42.0
94.0
138.0
187.0
209.0
196.0
179.0
157.0
123.0
68.0
8.0
0.0
0.0
0.0
0.0
0.0
0.0
0.0
0.0
0.0
0.0
0.0
0.0
1.0
52.0
94.0
206.0
273.0
263.0
312.0
280.0
204.0
132.0
70.0
2.0
0.0
0.0
0.0
0.0
0.0
0.0
0.0
0.0
0.0
0.0
0.0
0.0
2.0
57.0
155.0
270.0
215.0
228.0
309.0
314.0
346.0
252.0
115.0
3.0
0.0
0.0
0.0
0.0
0.0
0.0
0.0
0.0
0.0
0.0
0.0
0.0
3.0
44.0
64.0
72.0
57.0
38.0
68.0
370.0
267.0
153.0
93.0
2.0
0.0
0.0
0.0
0.0
0.0
0.0
0.0
0.0
0.0
0.0
0.0
0.0
1.0
22.0
38.0
67.0
101.0
106.0
89.0
112.0
75.0
63.0
21.0
2.0
0.0
0.0
0.0
0.0
0.0
0.0
0.0
0.0
0.0
0.0
0.0
0.0
1.0
8.0
22.0
28.0
40.0
36.0
42.0
307.0
258.0
175.0
80.0
3.0
0.0
0.0
0.0
0.0
0.0
0.0
0.0
0.0
0.0
0.0
0.0
0.0
1.0
8.0
18.0
24.0
31.0
34.0
35.0
272.0
223.0
150.0
69.0
2.0
0.0
0.0
0.0
0.0
0.0
0.0
0.0
0.0
0.0
0.0
0.0
0.0
1.0
28.0
82.0
170.0
122.0
107.0
33.0
235.0
228.0
180.0
84.0
2.0
0.0
0.0
0.0
0.0
0.0
0.0
0.0
0.0
0.0
0.0
0.0
0.0
1.0
75.0
181.0
281.0
349.0
367.0
369.0
347.0
265.0
165.0
75.0
1.0
0.0
0.0
0.0
0.0
0.0
0.0
0.0
0.0
0.0
0.0
0.0
0.0
0.0
66.0
172.0
274.0
355.0
398.0
401.0
362.0
283.0
187.0
81.0
1.0
0.0
0.0
0.0
0.0
0.0
0.0
0.0
0.0
0.0
0.0
0.0
0.0
0.0
7.0
13.0
130.0
192.0
182.0
143.0
116.0
83.0
67.0
48.0
1.0
0.0
0.0
0.0
0.0
0.0
0.0
0.0
0.0
0.0
0.0
0.0
0.0
0.0
55.0
151.0
244.0
313.0
352.0
357.0
319.0
258.0
162.0
63.0
0.0
0.0
0.0
0.0
0.0
0.0
0.0
0.0
0.0
0.0
0.0
0.0
0.0
0.0
9.0
24.0
39.0
50.0
67.0
76.0
69.0
52.0
33.0
12.0
0.0
0.0
0.0
0.0
0.0
0.0
0.0
0.0
0.0
0.0
0.0
0.0
0.0
0.0
55.0
41.0
35.0
259.0
268.0
90.0
78.0
175.0
128.0
67.0
1.0
0.0
0.0
0.0
0.0
0.0
0.0
0.0
0.0
0.0
0.0
0.0
0.0
0.0
18.0
54.0
78.0
88.0
94.0
113.0
91.0
81.0
42.0
13.0
0.0
0.0
0.0
0.0
0.0
0.0
0.0
0.0
0.0
0.0
0.0
0.0
0.0
0.0
12.0
35.0
51.0
76.0
111.0
93.0
83.0
61.0
33.0
12.0
0.0
0.0
0.0
0.0
0.0
0.0
0.0
0.0
0.0
0.0
0.0
0.0
0.0
0.0
3.0
13.0
19.0
38.0
45.0
57.0
276.0
209.0
127.0
44.0
0.0
0.0
0.0
0.0
0.0
0.0
0.0
0.0
0.0
0.0
0.0
0.0
0.0
0.0
3.0
26.0
44.0
62.0
73.0
72.0
63.0
51.0
29.0
5.0
0.0
0.0
0.0
0.0
0.0
0.0
0.0
0.0
0.0
0.0
0.0
0.0
0.0
0.0
14.0
117.0
211.0
278.0
315.0
334.0
299.0
222.0
136.0
23.0
0.0
0.0
0.0
0.0
0.0
0.0
0.0
0.0
0.0
0.0
0.0
0.0
0.0
0.0
9.0
96.0
180.0
227.0
272.0
280.0
252.0
182.0
86.0
3.0
0.0
0.0
0.0
0.0
0.0
0.0
0.0
0.0
0.0
0.0
0.0
0.0
0.0
0.0
4.0
34.0
56.0
74.0
77.0
83.0
58.0
46.0
31.0
5.0
0.0
0.0
0.0
0.0
0.0
0.0
0.0
0.0
0.0
0.0
0.0
0.0
0.0
0.0
3.0
29.0
51.0
69.0
76.0
76.0
67.0
48.0
27.0
2.0
0.0
0.0
0.0
0.0
0.0
0.0
0.0
0.0
0.0
0.0
0.0
0.0
0.0
0.0
5.0
59.0
91.0
123.0
142.0
140.0
112.0
76.0
36.0
2.0
0.0
0.0
0.0
0.0
0.0
0.0
0.0
0.0
0.0
0.0
0.0
0.0
0.0
0.0
2.0
62.0
118.0
169.0
224.0
218.0
183.0
138.0
68.0
2.0
0.0
0.0
0.0
0.0
0.0
0.0
0.0
0.0
0.0
0.0
0.0
0.0
0.0
0.0
1.0
62.0
138.0
192.0
240.0
206.0
168.0
154.0
103.0
7.0
0.0
0.0
0.0
0.0
0.0
0.0
0.0
0.0
0.0
0.0
0.0
0.0
0.0
0.0
1.0
63.0
91.0
128.0
167.0
186.0
192.0
125.0
77.0
5.0
0.0
0.0
0.0
0.0
0.0
0.0
0.0
0.0
0.0
0.0
0.0
0.0
0.0
0.0
1.0
16.0
32.0
69.0
81.0
88.0
83.0
57.0
26.0
1.0
0.0
0.0
0.0
0.0
0.0
0.0
0.0
0.0
0.0
0.0
0.0
0.0
0.0
0.0
2.0
56.0
117.0
174.0
202.0
197.0
158.0
103.0
46.0
1.0
0.0
0.0
0.0
0.0
0.0
0.0
0.0
0.0
0.0
0.0
0.0
0.0
0.0
0.0
1.0
10.0
21.0
35.0
40.0
35.0
32.0
21.0
10.0
1.0
0.0
0.0
0.0
0.0
0.0
0.0
0.0
0.0
0.0
0.0
0.0
0.0
0.0
0.0
1.0
43.0
98.0
146.0
188.0
196.0
187.0
136.0
76.0
3.0
0.0
0.0
0.0
0.0
0.0
0.0
0.0
0.0
0.0
0.0
0.0
0.0
0.0
0.0
0.0
44.0
50.0
47.0
70.0
86.0
186.0
152.0
67.0
4.0
0.0
0.0
0.0
0.0
0.0
0.0
0.0
0.0
0.0
0.0
0.0
0.0
0.0
0.0
0.0
12.0
26.0
39.0
48.0
48.0
41.0
30.0
13.0
0.0
0.0
0.0
0.0
0.0
0.0
0.0
0.0
0.0
0.0
0.0
0.0
0.0
0.0
0.0
0.0
9.0
21.0
32.0
36.0
37.0
30.0
20.0
9.0
0.0
0.0
0.0
0.0
0.0
0.0
0.0
0.0
0.0
0.0
0.0
0.0
0.0
0.0
0.0
1.0
59.0
92.0
142.0
138.0
163.0
111.0
65.0
27.0
0.0
0.0
0.0
0.0
0.0
0.0
0.0
0.0
0.0
0.0
0.0
0.0
0.0
0.0
0.0
0.0
6.0
13.0
16.0
21.0
34.0
174.0
119.0
48.0
0.0
0.0
0.0
0.0
0.0
0.0
0.0
0.0
0.0
0.0
0.0
0.0
0.0
0.0
0.0
0.0
27.0
65.0
94.0
134.0
118.0
92.0
104.0
56.0
1.0
0.0
0.0
0.0
0.0
0.0
0.0
0.0
0.0
0.0
0.0
0.0
0.0
0.0
0.0
0.0
13.0
24.0
38.0
18.0
18.0
153.0
100.0
37.0
0.0
0.0
0.0
0.0
0.0
0.0
0.0
0.0
0.0
0.0
0.0
0.0
0.0
0.0
0.0
0.0
11.0
31.0
54.0
54.0
51.0
42.0
33.0
14.0
0.0
0.0
0.0
0.0
0.0
0.0
0.0
0.0
0.0
0.0
0.0
0.0
0.0
0.0
0.0
0.0
17.0
61.0
67.0
100.0
64.0
47.0
57.0
17.0
0.0
0.0
0.0
0.0
0.0
0.0
0.0
0.0
0.0
0.0
0.0
0.0
0.0
0.0
0.0
0.0
28.0
106.0
170.0
74.0
121.0
143.0
109.0
22.0
0.0
0.0
0.0
0.0
0.0
0.0
0.0
0.0
0.0
0.0
0.0
0.0
0.0
0.0
0.0
0.0
7.0
57.0
84.0
93.0
95.0
75.0
42.0
3.0
0.0
0.0
0.0
0.0
0.0
0.0
0.0
0.0
0.0
0.0
0.0
0.0
0.0
0.0
0.0
0.0
3.0
25.0
44.0
58.0
56.0
45.0
30.0
6.0
0.0
0.0
0.0
0.0
0.0
0.0
0.0
0.0
0.0
0.0
0.0
0.0
0.0
0.0
0.0
0.0
2.0
8.0
13.0
15.0
15.0
12.0
7.0
2.0
0.0
0.0
0.0
0.0
0.0
0.0
0.0
0.0
0.0
0.0
0.0
0.0
0.0
0.0
0.0
0.0
2.0
17.0
27.0
34.0
36.0
28.0
17.0
2.0
0.0
0.0
0.0
0.0
0.0
0.0
0.0
0.0
0.0
0.0
0.0
0.0
0.0
0.0
0.0
0.0
3.0
24.0
42.0
52.0
44.0
40.0
25.0
3.0
0.0
0.0
0.0
0.0
0.0
0.0
0.0
0.0
0.0
0.0
0.0
0.0
0.0
0.0
0.0
0.0
2.0
15.0
27.0
32.0
33.0
28.0
16.0
2.0
0.0
0.0
0.0
0.0
0.0
0.0
0.0
0.0
0.0
0.0
0.0
0.0
0.0
0.0
0.0
0.0
1.0
35.0
75.0
140.0
181.0
146.0
86.0
13.0
0.0
0.0
0.0
0.0
0.0
0.0
0.0
0.0
0.0
0.0
0.0
0.0
0.0
0.0
0.0
0.0
5.0
76.0
126.0
145.0
154.0
120.0
82.0
8.0
0.0
0.0
0.0
0.0
0.0
0.0
0.0
0.0
0.0
0.0
0.0
0.0
0.0
0.0
0.0
0.0
3.0
63.0
114.0
139.0
140.0
122.0
75.0
7.0
0.0
0.0
0.0
0.0
0.0
0.0
0.0
0.0
0.0
0.0
0.0
0.0
0.0
0.0
0.0
0.0
2.0
43.0
81.0
122.0
112.0
63.0
35.0
1.0
0.0
0.0
0.0
0.0
0.0
0.0
0.0
0.0
0.0
0.0
0.0
0.0
0.0
0.0
0.0
0.0
1.0
20.0
39.0
49.0
59.0
48.0
23.0
2.0
0.0
0.0
0.0
0.0
0.0
0.0
0.0
0.0
0.0
0.0
0.0
0.0
0.0
0.0
0.0
0.0
1.0
24.0
43.0
52.0
53.0
40.0
23.0
1.0
0.0
0.0
0.0
0.0
0.0
0.0
0.0
0.0
0.0
0.0
0.0
0.0
0.0
0.0
0.0
0.0
1.0
34.0
66.0
87.0
82.0
68.0
38.0
2.0
0.0
0.0
0.0
0.0
0.0
0.0
0.0
0.0
0.0
0.0
0.0
0.0
0.0
0.0
0.0
0.0
0.0
53.0
99.0
111.0
113.0
95.0
48.0
2.0
0.0
0.0
0.0
0.0
0.0
0.0
0.0
0.0
0.0
0.0
0.0
0.0
0.0
0.0
0.0
0.0
0.0
20.0
59.0
87.0
77.0
64.0
31.0
1.0
0.0
0.0
0.0
0.0
0.0
0.0
0.0
0.0
0.0
0.0
0.0
0.0
0.0
0.0
0.0
0.0
0.0
6.0
12.0
19.0
17.0
13.0
8.0
1.0
0.0
0.0
0.0
0.0
0.0
0.0
0.0
0.0
0.0
0.0
0.0
0.0
0.0
0.0
0.0
0.0
0.0
37.0
73.0
102.0
99.0
89.0
45.0
1.0
0.0
0.0
0.0
0.0
0.0
0.0
0.0
0.0
0.0
0.0
0.0
0.0
0.0
0.0
0.0
0.0
0.0
12.0
30.0
40.0
38.0
26.0
12.0
0.0
0.0
0.0
0.0
0.0
0.0
0.0
0.0
0.0
0.0
0.0
0.0
0.0
0.0
0.0
0.0
0.0
0.0
25.0
66.0
106.0
128.0
86.0
27.0
0.0
0.0
0.0
0.0
0.0
0.0
0.0
0.0
0.0
0.0
0.0
0.0
0.0
0.0
0.0
0.0
0.0
0.0
11.0
23.0
30.0
32.0
26.0
14.0
0.0
0.0
0.0
0.0
0.0
0.0
0.0
0.0
0.0
0.0
0.0
0.0
0.0
0.0
0.0
0.0
0.0
0.0
38.0
85.0
114.0
113.0
85.0
45.0
0.0
0.0
0.0
0.0
0.0
0.0
0.0
0.0
0.0
0.0
0.0
0.0
0.0
0.0
0.0
0.0
0.0
0.0
20.0
51.0
54.0
72.0
38.0
5.0
0.0
0.0
0.0
0.0
0.0
0.0
0.0
0.0
0.0
0.0
0.0
0.0
0.0
0.0
0.0
0.0
0.0
0.0
6.0
15.0
20.0
20.0
16.0
7.0
0.0
0.0
0.0
0.0
0.0
0.0
0.0
0.0
0.0
0.0
0.0
0.0
0.0
0.0
0.0
0.0
0.0
0.0
24.0
62.0
84.0
87.0
64.0
30.0
0.0
0.0
0.0
0.0
0.0
0.0
0.0
0.0
0.0
0.0
0.0
0.0
0.0
0.0
0.0
0.0
0.0
0.0
11.0
55.0
93.0
94.0
68.0
33.0
0.0
0.0
0.0
0.0
0.0
0.0
0.0
0.0
0.0
0.0
0.0
0.0
0.0
0.0
0.0
0.0
0.0
0.0
11.0
57.0
73.0
84.0
68.0
32.0
0.0
0.0
0.0
0.0
0.0
0.0
0.0
0.0
0.0
0.0
0.0
0.0
0.0
0.0
0.0
0.0
0.0
0.0
2.0
17.0
27.0
27.0
28.0
14.0
0.0
0.0
0.0
0.0
0.0
0.0
0.0
0.0
0.0
0.0
0.0
0.0
0.0
0.0
0.0
0.0
0.0
0.0
2.0
8.0
10.0
13.0
86.0
42.0
0.0
0.0
0.0
0.0
0.0
0.0
0.0
0.0
0.0
0.0
0.0
0.0
0.0
0.0
0.0
0.0
0.0
0.0
9.0
30.0
44.0
48.0
64.0
38.0
0.0
0.0
0.0
0.0
0.0
0.0
0.0
0.0
0.0
0.0
0.0
0.0
0.0
0.0
0.0
0.0
0.0
0.0
2.0
17.0
30.0
37.0
29.0
13.0
0.0
0.0
0.0
0.0
0.0
0.0
0.0
0.0
0.0
0.0
0.0
0.0
0.0
0.0
0.0
0.0
0.0
0.0
10.0
42.0
40.0
44.0
10.0
4.0
0.0
0.0
0.0
0.0
0.0
0.0
0.0
0.0
0.0
0.0
0.0
0.0
0.0
0.0
0.0
0.0
0.0
0.0
1.0
4.0
7.0
7.0
5.0
3.0
0.0
0.0
0.0
0.0
0.0
0.0
0.0
0.0
0.0
0.0
0.0
0.0
0.0
0.0
0.0
0.0
0.0
0.0
1.0
8.0
12.0
13.0
10.0
5.0
0.0
0.0
0.0
0.0
0.0
0.0
0.0
0.0
0.0
0.0
0.0
0.0
0.0
0.0
0.0
0.0
0.0
0.0
2.0
32.0
66.0
45.0
38.0
3.0
0.0
0.0
0.0
0.0
0.0
0.0
0.0
0.0
0.0
0.0
0.0
0.0
0.0
0.0
0.0
0.0
0.0
0.0
1.0
15.0
21.0
23.0
19.0
8.0
0.0
0.0
0.0
0.0
0.0
0.0
0.0
0.0
0.0
0.0
0.0
0.0
0.0
0.0
0.0
0.0
0.0
0.0
1.0
32.0
46.0
50.0
38.0
19.0
0.0
0.0
0.0
0.0
0.0
0.0
0.0
0.0
0.0
0.0
0.0
0.0
0.0
0.0
0.0
0.0
0.0
0.0
1.0
9.0
14.0
13.0
48.0
22.0
0.0
0.0
0.0
0.0
0.0
0.0
0.0
0.0
0.0
0.0
0.0
0.0
0.0
0.0
0.0
0.0
0.0
0.0
2.0
40.0
57.0
46.0
57.0
32.0
0.0
0.0
0.0
0.0
0.0
0.0
0.0
0.0
0.0
0.0
0.0
0.0
0.0
0.0
0.0
0.0
0.0
0.0
1.0
25.0
34.0
54.0
33.0
10.0
0.0
0.0
0.0
0.0
0.0
0.0
0.0
0.0
0.0
0.0
0.0
0.0
0.0
0.0
0.0
0.0
0.0
0.0
1.0
32.0
60.0
59.0
28.0
15.0
0.0
0.0
0.0
0.0
0.0
0.0
0.0
0.0
0.0
0.0
0.0
0.0
0.0
0.0
0.0
0.0
0.0
0.0
3.0
5.0
37.0
96.0
56.0
18.0
0.0
0.0
0.0
0.0
0.0
0.0
0.0
0.0
0.0
0.0
0.0
0.0
0.0
0.0
0.0
0.0
0.0
0.0
4.0
48.0
67.0
66.0
55.0
29.0
0.0
0.0
0.0
0.0
0.0
0.0
0.0
0.0
0.0
0.0
0.0
0.0
0.0
0.0
0.0
0.0
0.0
0.0
2.0
52.0
56.0
89.0
50.0
5.0
0.0
0.0
0.0
0.0
0.0
0.0
0.0
0.0
0.0
0.0
0.0
0.0
0.0
0.0
0.0
0.0
0.0
0.0
1.0
6.0
7.0
7.0
61.0
29.0
0.0
0.0
0.0
0.0
0.0
0.0
0.0
0.0
0.0
0.0
0.0
0.0
0.0
0.0
0.0
0.0
0.0
0.0
1.0
45.0
74.0
77.0
60.0
33.0
0.0
0.0
0.0
0.0
0.0
0.0
0.0
0.0
0.0
0.0
0.0
0.0
0.0
0.0
0.0
0.0
0.0
0.0
1.0
38.0
60.0
77.0
46.0
16.0
0.0
0.0
0.0
0.0
0.0
0.0
0.0
0.0
0.0
0.0
0.0
0.0
0.0
0.0
0.0
0.0
0.0
0.0
2.0
52.0
83.0
48.0
65.0
34.0
0.0
0.0
0.0
0.0
0.0
0.0
0.0
0.0
0.0
0.0
0.0
0.0
0.0
0.0
0.0
0.0
0.0
0.0
1.0
18.0
55.0
54.0
51.0
35.0
0.0
0.0
0.0
0.0
0.0
0.0
0.0
0.0
0.0
0.0
0.0
0.0
0.0
0.0
0.0
0.0
0.0
0.0
1.0
17.0
26.0
41.0
36.0
19.0
0.0
0.0
0.0
0.0
0.0
0.0
0.0
0.0
0.0
0.0
0.0
0.0
0.0
0.0
0.0
0.0
0.0
0.0
1.0
49.0
56.0
40.0
70.0
32.0
0.0
0.0
0.0
0.0
0.0
0.0
0.0
0.0
0.0
0.0
0.0
0.0
0.0
0.0
0.0
0.0
0.0
0.0
2.0
45.0
69.0
79.0
66.0
34.0
0.0
0.0
0.0
0.0
0.0
0.0
0.0
0.0
0.0
0.0
0.0
0.0
0.0
0.0
0.0
0.0
0.0
0.0
2.0
39.0
61.0
78.0
66.0
36.0
0.0
0.0
0.0
0.0
0.0
0.0
0.0
0.0
0.0
0.0
0.0
0.0
0.0
0.0
0.0
0.0
0.0
0.0
1.0
9.0
15.0
17.0
14.0
7.0
0.0
0.0
0.0
0.0
0.0
0.0
0.0
0.0
0.0
