0.0
0.0
0.0
0.0
0.0
0.0
0.0
0.0
0.0
16.0
105.0
163.0
178.0
148.0
76.0
2.0
0.0
0.0
0.0
0.0
0.0
0.0
0.0
0.0
0.0
0.0
0.0
0.0
0.0
0.0
0.0
0.0
0.0
16.0
106.0
165.0
180.0
151.0
79.0
3.0
0.0
0.0
0.0
0.0
0.0
0.0
0.0
0.0
0.0
0.0
0.0
0.0
0.0
0.0
0.0
0.0
0.0
17.0
108.0
167.0
183.0
153.0
81.0
4.0
0.0
0.0
0.0
0.0
0.0
0.0
0.0
0.0
0.0
0.0
0.0
0.0
0.0
0.0
0.0
0.0
0.0
18.0
110.0
169.0
185.0
156.0
84.0
5.0
0.0
0.0
0.0
0.0
0.0
0.0
0.0
0.0
0.0
0.0
0.0
0.0
0.0
0.0
0.0
0.0
0.0
19.0
111.0
171.0
187.0
159.0
87.0
5.0
0.0
0.0
0.0
0.0
0.0
0.0
0.0
0.0
0.0
0.0
0.0
0.0
0.0
0.0
0.0
0.0
0.0
20.0
113.0
174.0
190.0
162.0
91.0
6.0
0.0
0.0
0.0
0.0
0.0
0.0
0.0
0.0
0.0
0.0
0.0
0.0
0.0
0.0
0.0
0.0
0.0
21.0
116.0
176.0
193.0
165.0
94.0
8.0
0.0
0.0
0.0
0.0
0.0
0.0
0.0
0.0
0.0
0.0
0.0
0.0
0.0
0.0
0.0
0.0
0.0
22.0
118.0
179.0
196.0
168.0
98.0
9.0
0.0
0.0
0.0
0.0
0.0
0.0
0.0
0.0
0.0
0.0
0.0
0.0
0.0
0.0
0.0
0.0
0.0
24.0
121.0
182.0
200.0
172.0
101.0
11.0
0.0
0.0
0.0
0.0
0.0
0.0
0.0
0.0
0.0
0.0
0.0
0.0
0.0
0.0
0.0
0.0
0.0
25.0
124.0
185.0
203.0
176.0
105.0
12.0
0.0
0.0
0.0
0.0
0.0
0.0
0.0
0.0
0.0
0.0
0.0
0.0
0.0
0.0
0.0
0.0
0.0
27.0
126.0
188.0
207.0
180.0
109.0
14.0
0.0
0.0
0.0
0.0
0.0
0.0
0.0
0.0
0.0
0.0
0.0
0.0
0.0
0.0
0.0
0.0
0.0
29.0
130.0
192.0
210.0
184.0
114.0
16.0
0.0
0.0
0.0
0.0
0.0
0.0
0.0
0.0
0.0
0.0
0.0
0.0
0.0
0.0
0.0
0.0
0.0
31.0
133.0
196.0
214.0
188.0
118.0
19.0
0.0
0.0
0.0
0.0
0.0
0.0
0.0
0.0
0.0
0.0
0.0
0.0
0.0
0.0
0.0
0.0
0.0
34.0
136.0
199.0
218.0
192.0
123.0
21.0
0.0
0.0
0.0
0.0
0.0
0.0
0.0
0.0
0.0
0.0
0.0
0.0
0.0
0.0
0.0
0.0
0.0
36.0
140.0
203.0
223.0
197.0
127.0
24.0
0.0
0.0
0.0
0.0
0.0
0.0
0.0
0.0
0.0
0.0
0.0
0.0
0.0
0.0
0.0
0.0
0.0
39.0
144.0
207.0
227.0
201.0
132.0
27.0
0.0
0.0
0.0
0.0
0.0
0.0
0.0
0.0
0.0
0.0
0.0
0.0
0.0
0.0
0.0
0.0
0.0
42.0
148.0
212.0
232.0
206.0
137.0
31.0
0.0
0.0
0.0
0.0
0.0
0.0
0.0
0.0
0.0
0.0
0.0
0.0
0.0
0.0
0.0
0.0
0.0
45.0
152.0
216.0
236.0
211.0
142.0
34.0
0.0
0.0
0.0
0.0
0.0
0.0
0.0
0.0
0.0
0.0
0.0
0.0
0.0
0.0
0.0
0.0
0.0
49.0
156.0
221.0
241.0
216.0
147.0
39.0
0.0
0.0
0.0
0.0
0.0
0.0
0.0
0.0
0.0
0.0
0.0
0.0
0.0
0.0
0.0
0.0
0.0
52.0
161.0
226.0
246.0
221.0
153.0
43.0
0.0
0.0
0.0
0.0
0.0
0.0
0.0
0.0
0.0
0.0
0.0
0.0
0.0
0.0
0.0
0.0
0.0
57.0
165.0
230.0
251.0
227.0
158.0
48.0
0.0
0.0
0.0
0.0
0.0
0.0
0.0
0.0
0.0
0.0
0.0
0.0
0.0
0.0
0.0
0.0
0.0
61.0
170.0
236.0
257.0
232.0
164.0
53.0
0.0
0.0
0.0
0.0
0.0
0.0
0.0
0.0
0.0
0.0
0.0
0.0
0.0
0.0
0.0
0.0
0.0
70.0
175.0
241.0
262.0
238.0
170.0
58.0
0.0
0.0
0.0
0.0
0.0
0.0
0.0
0.0
0.0
0.0
0.0
0.0
0.0
0.0
0.0
0.0
0.0
74.0
180.0
246.0
268.0
244.0
176.0
68.0
0.0
0.0
0.0
0.0
0.0
0.0
0.0
0.0
0.0
0.0
0.0
0.0
0.0
0.0
0.0
0.0
0.0
79.0
185.0
252.0
274.0
250.0
182.0
74.0
0.0
0.0
0.0
0.0
0.0
0.0
0.0
0.0
0.0
0.0
0.0
0.0
0.0
0.0
0.0
0.0
1.0
84.0
191.0
257.0
279.0
256.0
188.0
80.0
0.0
0.0
0.0
0.0
0.0
0.0
0.0
0.0
0.0
0.0
0.0
0.0
0.0
0.0
0.0
0.0
2.0
90.0
196.0
263.0
285.0
262.0
194.0
86.0
1.0
0.0
0.0
0.0
0.0
0.0
0.0
0.0
0.0
0.0
0.0
0.0
0.0
0.0
0.0
0.0
3.0
95.0
202.0
269.0
292.0
268.0
200.0
93.0
2.0
0.0
0.0
0.0
0.0
0.0
0.0
0.0
0.0
0.0
0.0
0.0
0.0
0.0
0.0
0.0
4.0
101.0
208.0
275.0
298.0
275.0
207.0
99.0
3.0
0.0
0.0
0.0
0.0
0.0
0.0
0.0
0.0
0.0
0.0
0.0
0.0
0.0
0.0
0.0
5.0
106.0
214.0
281.0
304.0
281.0
213.0
106.0
5.0
0.0
0.0
0.0
0.0
0.0
0.0
0.0
0.0
0.0
0.0
0.0
0.0
0.0
0.0
0.0
7.0
112.0
220.0
288.0
311.0
288.0
220.0
112.0
7.0
0.0
0.0
0.0
0.0
0.0
0.0
0.0
0.0
0.0
0.0
0.0
0.0
0.0
0.0
0.0
9.0
118.0
226.0
294.0
317.0
294.0
227.0
119.0
9.0
0.0
0.0
0.0
0.0
0.0
0.0
0.0
0.0
0.0
0.0
0.0
0.0
0.0
0.0
0.0
11.0
124.0
232.0
300.0
324.0
301.0
233.0
126.0
11.0
0.0
0.0
0.0
0.0
0.0
0.0
0.0
0.0
0.0
0.0
0.0
0.0
0.0
0.0
0.0
13.0
130.0
239.0
307.0
331.0
308.0
240.0
133.0
14.0
0.0
0.0
0.0
0.0
0.0
0.0
0.0
0.0
0.0
0.0
0.0
0.0
0.0
0.0
0.0
16.0
137.0
245.0
314.0
338.0
315.0
247.0
140.0
17.0
0.0
0.0
0.0
0.0
0.0
0.0
0.0
0.0
0.0
0.0
0.0
0.0
0.0
0.0
0.0
19.0
143.0
252.0
321.0
345.0
322.0
254.0
147.0
21.0
0.0
0.0
0.0
0.0
0.0
0.0
0.0
0.0
0.0
0.0
0.0
0.0
0.0
0.0
0.0
22.0
150.0
259.0
328.0
352.0
329.0
262.0
154.0
25.0
0.0
0.0
0.0
0.0
0.0
0.0
0.0
0.0
0.0
0.0
0.0
0.0
0.0
0.0
0.0
26.0
157.0
266.0
335.0
359.0
336.0
269.0
161.0
29.0
0.0
0.0
0.0
0.0
0.0
0.0
0.0
0.0
0.0
0.0
0.0
0.0
0.0
0.0
0.0
30.0
163.0
273.0
342.0
366.0
344.0
276.0
168.0
33.0
0.0
0.0
0.0
0.0
0.0
0.0
0.0
0.0
0.0
0.0
0.0
0.0
0.0
0.0
0.0
34.0
170.0
280.0
349.0
374.0
351.0
284.0
175.0
38.0
0.0
0.0
0.0
0.0
0.0
0.0
0.0
0.0
0.0
0.0
0.0
0.0
0.0
0.0
0.0
39.0
178.0
287.0
357.0
381.0
359.0
291.0
183.0
43.0
0.0
0.0
0.0
0.0
0.0
0.0
0.0
0.0
0.0
0.0
0.0
0.0
0.0
0.0
0.0
44.0
185.0
295.0
364.0
388.0
366.0
298.0
190.0
49.0
0.0
0.0
0.0
0.0
0.0
0.0
0.0
0.0
0.0
0.0
0.0
0.0
0.0
0.0
0.0
49.0
192.0
302.0
372.0
396.0
374.0
306.0
198.0
55.0
0.0
0.0
0.0
0.0
0.0
0.0
0.0
0.0
0.0
0.0
0.0
0.0
0.0
0.0
0.0
55.0
199.0
310.0
379.0
404.0
381.0
314.0
205.0
61.0
0.0
0.0
0.0
0.0
0.0
0.0
0.0
0.0
0.0
0.0
0.0
0.0
0.0
0.0
0.0
62.0
207.0
317.0
387.0
411.0
389.0
321.0
213.0
68.0
0.0
0.0
0.0
0.0
0.0
0.0
0.0
0.0
0.0
0.0
0.0
0.0
0.0
0.0
0.0
68.0
214.0
325.0
395.0
419.0
397.0
329.0
220.0
75.0
0.0
0.0
0.0
0.0
0.0
0.0
0.0
0.0
0.0
0.0
0.0
0.0
0.0
0.0
0.0
76.0
222.0
333.0
403.0
427.0
405.0
337.0
228.0
86.0
0.0
0.0
0.0
0.0
0.0
0.0
0.0
0.0
0.0
0.0
0.0
0.0
0.0
0.0
0.0
86.0
230.0
340.0
410.0
435.0
413.0
344.0
236.0
93.0
0.0
0.0
0.0
0.0
0.0
0.0
0.0
0.0
0.0
0.0
0.0
0.0
0.0
0.0
0.0
94.0
238.0
348.0
418.0
443.0
420.0
352.0
243.0
101.0
1.0
0.0
0.0
0.0
0.0
0.0
0.0
0.0
0.0
0.0
0.0
0.0
0.0
0.0
1.0
102.0
246.0
356.0
426.0
451.0
428.0
360.0
251.0
108.0
2.0
0.0
0.0
0.0
0.0
0.0
0.0
0.0
0.0
0.0
0.0
0.0
0.0
0.0
2.0
110.0
254.0
364.0
434.0
459.0
436.0
368.0
259.0
116.0
3.0
0.0
0.0
0.0
0.0
0.0
0.0
0.0
0.0
0.0
0.0
0.0
0.0
0.0
4.0
118.0
262.0
373.0
443.0
467.0
444.0
376.0
266.0
123.0
5.0
0.0
0.0
0.0
0.0
0.0
0.0
0.0
0.0
0.0
0.0
0.0
0.0
0.0
6.0
126.0
270.0
381.0
451.0
475.0
452.0
384.0
274.0
131.0
7.0
0.0
0.0
0.0
0.0
0.0
0.0
0.0
0.0
0.0
0.0
0.0
0.0
0.0
8.0
134.0
278.0
389.0
459.0
483.0
460.0
392.0
282.0
139.0
9.0
0.0
0.0
0.0
0.0
0.0
0.0
0.0
0.0
0.0
0.0
0.0
0.0
0.0
10.0
142.0
286.0
397.0
467.0
492.0
468.0
400.0
290.0
146.0
12.0
0.0
0.0
0.0
0.0
0.0
0.0
0.0
0.0
0.0
0.0
0.0
0.0
0.0
13.0
150.0
295.0
406.0
476.0
500.0
477.0
408.0
298.0
154.0
15.0
0.0
0.0
0.0
0.0
0.0
0.0
0.0
0.0
0.0
0.0
0.0
0.0
0.0
17.0
159.0
303.0
414.0
484.0
508.0
485.0
416.0
305.0
162.0
18.0
0.0
0.0
0.0
0.0
0.0
0.0
0.0
0.0
0.0
0.0
0.0
0.0
0.0
21.0
167.0
312.0
422.0
492.0
516.0
493.0
424.0
313.0
169.0
22.0
0.0
0.0
0.0
0.0
0.0
0.0
0.0
0.0
0.0
0.0
0.0
0.0
0.0
25.0
176.0
320.0
431.0
501.0
524.0
501.0
432.0
321.0
177.0
26.0
0.0
0.0
0.0
0.0
0.0
0.0
0.0
0.0
0.0
0.0
0.0
0.0
0.0
30.0
184.0
329.0
439.0
509.0
533.0
509.0
439.0
329.0
185.0
30.0
0.0
0.0
0.0
0.0
0.0
0.0
0.0
0.0
0.0
0.0
0.0
0.0
0.0
35.0
193.0
337.0
448.0
517.0
541.0
517.0
447.0
337.0
192.0
35.0
0.0
0.0
0.0
0.0
0.0
0.0
0.0
0.0
0.0
0.0
0.0
0.0
0.0
41.0
201.0
346.0
456.0
526.0
549.0
525.0
455.0
344.0
200.0
40.0
0.0
0.0
0.0
0.0
0.0
0.0
0.0
0.0
0.0
0.0
0.0
0.0
0.0
47.0
210.0
354.0
465.0
534.0
558.0
533.0
463.0
352.0
208.0
45.0
0.0
0.0
0.0
0.0
0.0
0.0
0.0
0.0
0.0
0.0
0.0
0.0
0.0
54.0
219.0
363.0
473.0
543.0
566.0
542.0
471.0
360.0
215.0
50.0
0.0
0.0
0.0
0.0
0.0
0.0
0.0
0.0
0.0
0.0
0.0
0.0
0.0
61.0
228.0
372.0
482.0
551.0
574.0
550.0
479.0
368.0
223.0
56.0
0.0
0.0
0.0
0.0
0.0
0.0
0.0
0.0
0.0
0.0
0.0
0.0
0.0
68.0
236.0
380.0
491.0
559.0
582.0
558.0
487.0
376.0
230.0
63.0
0.0
0.0
0.0
0.0
0.0
0.0
0.0
0.0
0.0
0.0
0.0
0.0
0.0
76.0
245.0
389.0
499.0
568.0
591.0
566.0
495.0
383.0
238.0
69.0
0.0
0.0
0.0
0.0
0.0
0.0
0.0
0.0
0.0
0.0
0.0
0.0
0.0
85.0
254.0
398.0
508.0
576.0
599.0
574.0
503.0
391.0
246.0
76.0
0.0
0.0
0.0
0.0
0.0
0.0
0.0
0.0
0.0
0.0
0.0
0.0
0.0
95.0
263.0
407.0
516.0
585.0
607.0
582.0
511.0
399.0
253.0
83.0
0.0
0.0
0.0
0.0
0.0
0.0
0.0
0.0
0.0
0.0
0.0
0.0
1.0
104.0
272.0
415.0
525.0
593.0
615.0
590.0
519.0
406.0
261.0
92.0
0.0
0.0
0.0
0.0
0.0
0.0
0.0
0.0
0.0
0.0
0.0
0.0
2.0
113.0
281.0
424.0
533.0
601.0
623.0
598.0
526.0
414.0
268.0
99.0
0.0
0.0
0.0
0.0
0.0
0.0
0.0
0.0
0.0
0.0
0.0
0.0
3.0
122.0
290.0
433.0
542.0
610.0
632.0
606.0
534.0
422.0
276.0
107.0
1.0
0.0
0.0
0.0
0.0
0.0
0.0
0.0
0.0
0.0
0.0
0.0
5.0
131.0
298.0
442.0
551.0
618.0
640.0
614.0
542.0
429.0
283.0
114.0
2.0
0.0
0.0
0.0
0.0
0.0
0.0
0.0
0.0
0.0
0.0
0.0
7.0
140.0
307.0
450.0
559.0
626.0
648.0
621.0
549.0
437.0
291.0
121.0
3.0
0.0
0.0
0.0
0.0
0.0
0.0
0.0
0.0
0.0
0.0
0.0
10.0
149.0
316.0
459.0
568.0
635.0
656.0
629.0
557.0
444.0
298.0
129.0
4.0
0.0
0.0
0.0
0.0
0.0
0.0
0.0
0.0
0.0
0.0
0.0
13.0
158.0
325.0
468.0
576.0
643.0
664.0
637.0
565.0
452.0
305.0
136.0
6.0
0.0
0.0
0.0
0.0
0.0
0.0
0.0
0.0
0.0
0.0
0.0
17.0
167.0
334.0
476.0
585.0
651.0
672.0
645.0
572.0
459.0
313.0
143.0
8.0
0.0
0.0
0.0
0.0
0.0
0.0
0.0
0.0
0.0
0.0
0.0
21.0
176.0
343.0
485.0
593.0
659.0
680.0
653.0
580.0
466.0
320.0
151.0
10.0
0.0
0.0
0.0
0.0
0.0
0.0
0.0
0.0
0.0
0.0
0.0
25.0
185.0
352.0
494.0
601.0
667.0
688.0
660.0
587.0
474.0
327.0
158.0
13.0
0.0
0.0
0.0
0.0
0.0
0.0
0.0
0.0
0.0
0.0
0.0
30.0
194.0
360.0
502.0
610.0
676.0
695.0
668.0
595.0
481.0
335.0
165.0
16.0
0.0
0.0
0.0
0.0
0.0
0.0
0.0
0.0
0.0
0.0
0.0
36.0
203.0
369.0
511.0
618.0
684.0
703.0
675.0
602.0
488.0
342.0
172.0
19.0
0.0
0.0
0.0
0.0
0.0
0.0
0.0
0.0
0.0
0.0
0.0
42.0
212.0
378.0
519.0
626.0
692.0
711.0
683.0
609.0
495.0
349.0
180.0
22.0
0.0
0.0
0.0
0.0
0.0
0.0
0.0
0.0
0.0
0.0
0.0
48.0
221.0
387.0
528.0
634.0
699.0
719.0
690.0
617.0
503.0
356.0
187.0
26.0
0.0
0.0
0.0
0.0
0.0
0.0
0.0
0.0
0.0
0.0
0.0
55.0
230.0
395.0
536.0
643.0
707.0
726.0
698.0
624.0
510.0
363.0
194.0
30.0
0.0
0.0
0.0
0.0
0.0
0.0
0.0
0.0
0.0
0.0
0.0
62.0
239.0
404.0
544.0
651.0
715.0
734.0
705.0
631.0
517.0
370.0
201.0
34.0
0.0
0.0
0.0
0.0
0.0
0.0
0.0
0.0
0.0
0.0
0.0
70.0
248.0
413.0
553.0
659.0
723.0
741.0
712.0
638.0
524.0
377.0
208.0
39.0
0.0
0.0
0.0
0.0
0.0
0.0
0.0
0.0
0.0
0.0
0.0
78.0
256.0
421.0
561.0
667.0
731.0
749.0
719.0
645.0
531.0
384.0
215.0
44.0
0.0
0.0
0.0
0.0
0.0
0.0
0.0
0.0
0.0
0.0
0.0
87.0
265.0
430.0
569.0
675.0
738.0
756.0
727.0
652.0
538.0
391.0
222.0
49.0
0.0
0.0
0.0
0.0
0.0
0.0
0.0
0.0
0.0
0.0
0.0
96.0
274.0
438.0
577.0
682.0
746.0
763.0
734.0
659.0
544.0
398.0
229.0
54.0
0.0
0.0
0.0
0.0
0.0
0.0
0.0
0.0
0.0
0.0
1.0
105.0
283.0
447.0
586.0
690.0
753.0
770.0
741.0
666.0
551.0
404.0
236.0
60.0
0.0
0.0
0.0
0.0
0.0
0.0
0.0
0.0
0.0
0.0
2.0
114.0
291.0
455.0
594.0
698.0
761.0
778.0
748.0
673.0
558.0
411.0
242.0
65.0
0.0
0.0
0.0
0.0
0.0
0.0
0.0
0.0
0.0
0.0
3.0
122.0
300.0
463.0
602.0
706.0
768.0
785.0
755.0
679.0
565.0
418.0
249.0
71.0
0.0
0.0
0.0
0.0
0.0
0.0
0.0
0.0
0.0
0.0
5.0
131.0
308.0
471.0
609.0
713.0
775.0
792.0
761.0
686.0
571.0
425.0
256.0
78.0
0.0
0.0
0.0
0.0
0.0
0.0
0.0
0.0
0.0
0.0
7.0
140.0
317.0
479.0
617.0
721.0
783.0
799.0
768.0
693.0
578.0
431.0
263.0
84.0
0.0
0.0
0.0
0.0
0.0
0.0
0.0
0.0
0.0
0.0
10.0
148.0
325.0
488.0
625.0
728.0
790.0
806.0
775.0
699.0
584.0
438.0
269.0
91.0
0.0
0.0
0.0
0.0
0.0
0.0
0.0
0.0
0.0
0.0
13.0
157.0
333.0
496.0
633.0
735.0
797.0
812.0
781.0
706.0
591.0
444.0
276.0
98.0
0.0
0.0
0.0
0.0
0.0
0.0
0.0
0.0
0.0
0.0
17.0
166.0
342.0
503.0
640.0
743.0
804.0
819.0
788.0
712.0
597.0
451.0
282.0
104.0
1.0
0.0
0.0
0.0
0.0
0.0
0.0
0.0
0.0
0.0
21.0
174.0
350.0
511.0
648.0
750.0
811.0
826.0
794.0
718.0
603.0
457.0
289.0
111.0
1.0
0.0
0.0
0.0
0.0
0.0
0.0
0.0
0.0
0.0
25.0
182.0
358.0
519.0
655.0
757.0
817.0
832.0
801.0
725.0
610.0
463.0
295.0
118.0
2.0
0.0
0.0
0.0
0.0
0.0
0.0
0.0
0.0
0.0
30.0
191.0
366.0
527.0
663.0
764.0
824.0
839.0
807.0
731.0
616.0
469.0
302.0
124.0
4.0
0.0
0.0
0.0
0.0
0.0
0.0
0.0
0.0
0.0
35.0
199.0
374.0
534.0
670.0
771.0
831.0
845.0
813.0
737.0
622.0
476.0
308.0
131.0
5.0
0.0
0.0
0.0
0.0
0.0
0.0
0.0
0.0
0.0
40.0
207.0
382.0
542.0
677.0
778.0
837.0
851.0
819.0
743.0
628.0
482.0
315.0
138.0
7.0
0.0
0.0
0.0
0.0
0.0
0.0
0.0
0.0
0.0
46.0
215.0
389.0
549.0
684.0
784.0
844.0
858.0
825.0
749.0
634.0
488.0
321.0
144.0
9.0
0.0
0.0
0.0
0.0
0.0
0.0
0.0
0.0
0.0
52.0
223.0
397.0
557.0
691.0
791.0
850.0
864.0
831.0
755.0
640.0
494.0
327.0
151.0
12.0
0.0
0.0
0.0
0.0
0.0
0.0
0.0
0.0
0.0
59.0
231.0
405.0
564.0
698.0
798.0
856.0
870.0
837.0
761.0
646.0
500.0
333.0
157.0
14.0
0.0
0.0
0.0
0.0
0.0
0.0
0.0
0.0
0.0
66.0
239.0
412.0
571.0
705.0
804.0
862.0
876.0
843.0
766.0
651.0
506.0
339.0
163.0
17.0
0.0
0.0
0.0
0.0
0.0
0.0
0.0
0.0
0.0
73.0
247.0
419.0
578.0
711.0
810.0
868.0
881.0
849.0
772.0
657.0
512.0
345.0
170.0
20.0
0.0
0.0
0.0
0.0
0.0
0.0
0.0
0.0
0.0
80.0
254.0
427.0
585.0
718.0
817.0
874.0
887.0
854.0
778.0
663.0
517.0
351.0
176.0
24.0
0.0
0.0
0.0
0.0
0.0
0.0
0.0
0.0
0.0
87.0
262.0
434.0
592.0
724.0
823.0
880.0
893.0
860.0
783.0
668.0
523.0
357.0
182.0
27.0
0.0
0.0
0.0
0.0
0.0
0.0
0.0
0.0
0.0
94.0
269.0
441.0
599.0
731.0
829.0
886.0
899.0
865.0
789.0
674.0
529.0
363.0
189.0
31.0
0.0
0.0
0.0
0.0
0.0
0.0
0.0
0.0
1.0
102.0
276.0
448.0
605.0
737.0
835.0
892.0
904.0
871.0
794.0
679.0
534.0
369.0
195.0
35.0
0.0
0.0
0.0
0.0
0.0
0.0
0.0
0.0
2.0
109.0
284.0
455.0
612.0
743.0
841.0
897.0
909.0
876.0
799.0
685.0
540.0
375.0
201.0
39.0
0.0
0.0
0.0
0.0
0.0
0.0
0.0
0.0
3.0
117.0
291.0
462.0
618.0
749.0
847.0
903.0
915.0
881.0
805.0
690.0
545.0
381.0
207.0
44.0
0.0
0.0
0.0
0.0
0.0
0.0
0.0
0.0
5.0
124.0
298.0
468.0
624.0
755.0
852.0
908.0
920.0
886.0
810.0
695.0
551.0
386.0
213.0
48.0
0.0
0.0
0.0
0.0
0.0
0.0
0.0
0.0
7.0
131.0
305.0
475.0
631.0
761.0
858.0
914.0
925.0
891.0
815.0
700.0
556.0
392.0
219.0
53.0
0.0
0.0
0.0
0.0
0.0
0.0
0.0
0.0
10.0
139.0
311.0
481.0
637.0
767.0
863.0
919.0
930.0
896.0
820.0
705.0
561.0
397.0
225.0
58.0
0.0
0.0
0.0
0.0
0.0
0.0
0.0
0.0
12.0
145.0
318.0
488.0
643.0
773.0
868.0
924.0
935.0
901.0
825.0
711.0
567.0
403.0
230.0
64.0
0.0
0.0
0.0
0.0
0.0
0.0
0.0
0.0
15.0
152.0
325.0
494.0
648.0
778.0
874.0
929.0
940.0
906.0
829.0
715.0
572.0
408.0
236.0
69.0
0.0
0.0
0.0
0.0
0.0
0.0
0.0
0.0
19.0
159.0
331.0
500.0
654.0
783.0
879.0
934.0
945.0
911.0
834.0
720.0
577.0
414.0
242.0
75.0
0.0
0.0
0.0
0.0
0.0
0.0
0.0
0.0
22.0
166.0
337.0
506.0
660.0
789.0
884.0
939.0
949.0
915.0
839.0
725.0
582.0
419.0
247.0
81.0
0.0
0.0
0.0
0.0
0.0
0.0
0.0
0.0
26.0
172.0
344.0
512.0
665.0
794.0
889.0
943.0
954.0
920.0
843.0
730.0
587.0
424.0
253.0
85.0
0.0
0.0
0.0
0.0
0.0
0.0
0.0
0.0
30.0
179.0
350.0
517.0
671.0
799.0
894.0
948.0
958.0
924.0
848.0
735.0
592.0
429.0
258.0
91.0
0.0
0.0
0.0
0.0
0.0
0.0
0.0
0.0
34.0
185.0
356.0
523.0
676.0
804.0
898.0
952.0
963.0
929.0
852.0
739.0
597.0
434.0
264.0
96.0
1.0
0.0
0.0
0.0
0.0
0.0
0.0
0.0
38.0
191.0
361.0
529.0
681.0
809.0
903.0
957.0
967.0
933.0
857.0
744.0
601.0
439.0
269.0
102.0
2.0
0.0
0.0
0.0
0.0
0.0
0.0
0.0
43.0
197.0
367.0
534.0
686.0
814.0
907.0
961.0
971.0
937.0
861.0
748.0
606.0
444.0
274.0
108.0
3.0
0.0
0.0
0.0
0.0
0.0
0.0
0.0
48.0
203.0
373.0
539.0
691.0
818.0
912.0
965.0
975.0
941.0
865.0
752.0
611.0
449.0
280.0
113.0
4.0
0.0
0.0
0.0
0.0
0.0
0.0
0.0
52.0
209.0
378.0
544.0
696.0
823.0
916.0
969.0
979.0
945.0
869.0
757.0
615.0
454.0
285.0
119.0
6.0
0.0
0.0
0.0
0.0
0.0
0.0
0.0
58.0
214.0
383.0
549.0
700.0
827.0
920.0
973.0
983.0
949.0
873.0
761.0
619.0
459.0
290.0
124.0
8.0
0.0
0.0
0.0
0.0
0.0
0.0
0.0
63.0
220.0
389.0
554.0
705.0
831.0
924.0
977.0
987.0
953.0
877.0
765.0
624.0
464.0
295.0
129.0
9.0
0.0
0.0
0.0
0.0
0.0
0.0
0.0
68.0
225.0
394.0
559.0
709.0
835.0
928.0
981.0
991.0
957.0
881.0
769.0
628.0
468.0
300.0
135.0
12.0
0.0
0.0
0.0
0.0
0.0
0.0
0.0
73.0
231.0
399.0
563.0
714.0
839.0
932.0
985.0
994.0
960.0
885.0
773.0
632.0
473.0
305.0
140.0
14.0
0.0
0.0
0.0
0.0
0.0
0.0
0.0
76.0
236.0
403.0
568.0
718.0
843.0
936.0
988.0
998.0
964.0
889.0
777.0
637.0
477.0
309.0
145.0
16.0
0.0
0.0
0.0
0.0
0.0
0.0
0.0
81.0
241.0
408.0
572.0
722.0
847.0
939.0
992.0
1001.0
968.0
892.0
781.0
641.0
481.0
314.0
150.0
19.0
0.0
0.0
0.0
0.0
0.0
0.0
1.0
87.0
245.0
413.0
576.0
726.0
851.0
943.0
995.0
1005.0
971.0
896.0
784.0
645.0
486.0
319.0
155.0
22.0
0.0
0.0
0.0
0.0
0.0
0.0
1.0
92.0
250.0
417.0
580.0
730.0
854.0
946.0
998.0
1008.0
974.0
899.0
788.0
649.0
490.0
323.0
160.0
25.0
0.0
0.0
0.0
0.0
0.0
0.0
2.0
96.0
255.0
421.0
584.0
733.0
858.0
949.0
1002.0
1011.0
977.0
903.0
792.0
652.0
494.0
328.0
164.0
28.0
0.0
0.0
0.0
0.0
0.0
0.0
3.0
101.0
259.0
425.0
588.0
737.0
861.0
952.0
1005.0
1014.0
981.0
906.0
795.0
656.0
498.0
332.0
169.0
31.0
0.0
0.0
0.0
0.0
0.0
0.0
4.0
106.0
263.0
429.0
592.0
740.0
864.0
956.0
1008.0
1017.0
984.0
909.0
799.0
660.0
502.0
336.0
174.0
34.0
0.0
0.0
0.0
0.0
0.0
0.0
6.0
110.0
268.0
433.0
595.0
744.0
867.0
958.0
1011.0
1020.0
987.0
912.0
802.0
663.0
506.0
341.0
178.0
38.0
0.0
0.0
0.0
0.0
0.0
0.0
7.0
115.0
272.0
437.0
599.0
747.0
870.0
961.0
1013.0
1023.0
990.0
915.0
805.0
667.0
510.0
345.0
183.0
41.0
0.0
0.0
0.0
0.0
0.0
0.0
9.0
119.0
276.0
440.0
602.0
750.0
873.0
964.0
1016.0
1026.0
992.0
918.0
808.0
670.0
514.0
349.0
187.0
45.0
0.0
0.0
0.0
0.0
0.0
0.0
10.0
123.0
279.0
444.0
605.0
753.0
876.0
967.0
1019.0
1028.0
995.0
921.0
811.0
674.0
517.0
353.0
191.0
48.0
0.0
0.0
0.0
0.0
0.0
0.0
12.0
127.0
283.0
447.0
608.0
756.0
879.0
969.0
1021.0
1031.0
998.0
924.0
814.0
677.0
521.0
356.0
195.0
52.0
0.0
0.0
0.0
0.0
0.0
0.0
14.0
130.0
286.0
450.0
611.0
758.0
881.0
972.0
1024.0
1033.0
1000.0
927.0
817.0
680.0
524.0
360.0
199.0
56.0
0.0
0.0
0.0
0.0
0.0
0.0
16.0
134.0
290.0
453.0
614.0
761.0
884.0
974.0
1026.0
1036.0
1003.0
929.0
820.0
683.0
528.0
364.0
203.0
60.0
0.0
0.0
0.0
0.0
0.0
0.0
18.0
137.0
293.0
456.0
617.0
763.0
886.0
976.0
1028.0
1038.0
1005.0
932.0
823.0
686.0
531.0
367.0
207.0
63.0
0.0
0.0
0.0
0.0
0.0
0.0
19.0
141.0
296.0
459.0
619.0
766.0
888.0
978.0
1030.0
1040.0
1007.0
934.0
826.0
689.0
534.0
371.0
210.0
67.0
0.0
0.0
0.0
0.0
0.0
0.0
21.0
144.0
299.0
462.0
622.0
768.0
890.0
980.0
1032.0
1042.0
1009.0
937.0
828.0
692.0
537.0
374.0
214.0
68.0
0.0
0.0
0.0
0.0
0.0
0.0
23.0
147.0
301.0
464.0
624.0
770.0
892.0
982.0
1034.0
1044.0
1012.0
939.0
831.0
695.0
540.0
377.0
218.0
72.0
0.0
0.0
0.0
0.0
0.0
0.0
25.0
150.0
304.0
467.0
626.0
772.0
894.0
984.0
1036.0
1046.0
1014.0
941.0
833.0
697.0
543.0
381.0
221.0
75.0
0.0
0.0
0.0
0.0
0.0
0.0
27.0
152.0
306.0
469.0
628.0
774.0
896.0
986.0
1038.0
1048.0
1016.0
943.0
836.0
700.0
546.0
384.0
224.0
79.0
1.0
0.0
0.0
0.0
0.0
0.0
29.0
155.0
309.0
471.0
630.0
776.0
897.0
987.0
1039.0
1049.0
1017.0
945.0
838.0
703.0
549.0
387.0
227.0
82.0
1.0
0.0
0.0
0.0
0.0
0.0
31.0
157.0
311.0
473.0
632.0
777.0
899.0
989.0
1041.0
1051.0
1019.0
947.0
840.0
705.0
551.0
389.0
230.0
85.0
2.0
0.0
0.0
0.0
0.0
0.0
33.0
159.0
313.0
475.0
633.0
779.0
900.0
990.0
1042.0
1053.0
1021.0
949.0
842.0
707.0
554.0
392.0
233.0
88.0
3.0
0.0
0.0
0.0
0.0
0.0
34.0
162.0
315.0
476.0
635.0
780.0
902.0
992.0
1044.0
1054.0
1022.0
951.0
844.0
709.0
556.0
395.0
236.0
91.0
3.0
0.0
0.0
0.0
0.0
0.0
36.0
164.0
317.0
478.0
636.0
781.0
903.0
993.0
1045.0
1055.0
1024.0
952.0
846.0
712.0
559.0
397.0
239.0
94.0
4.0
0.0
0.0
0.0
0.0
0.0
37.0
165.0
318.0
479.0
638.0
783.0
904.0
994.0
1046.0
1057.0
1025.0
954.0
848.0
714.0
561.0
400.0
241.0
96.0
5.0
0.0
0.0
0.0
0.0
0.0
39.0
167.0
320.0
481.0
639.0
784.0
905.0
995.0
1047.0
1058.0
1027.0
956.0
849.0
716.0
563.0
402.0
244.0
99.0
6.0
0.0
0.0
0.0
0.0
0.0
40.0
169.0
321.0
482.0
640.0
785.0
906.0
996.0
1048.0
1059.0
1028.0
957.0
851.0
717.0
565.0
404.0
246.0
101.0
6.0
0.0
0.0
0.0
0.0
0.0
42.0
170.0
322.0
483.0
641.0
785.0
907.0
997.0
1049.0
1060.0
1029.0
958.0
853.0
719.0
567.0
406.0
248.0
104.0
7.0
0.0
0.0
0.0
0.0
0.0
43.0
171.0
323.0
484.0
642.0
786.0
907.0
997.0
1050.0
1061.0
1030.0
960.0
854.0
721.0
569.0
408.0
250.0
106.0
8.0
0.0
0.0
0.0
0.0
0.0
44.0
172.0
324.0
484.0
642.0
787.0
908.0
998.0
1050.0
1062.0
1031.0
961.0
855.0
722.0
570.0
410.0
252.0
108.0
9.0
0.0
0.0
0.0
0.0
0.0
45.0
173.0
325.0
485.0
643.0
787.0
909.0
999.0
1051.0
1063.0
1032.0
962.0
857.0
724.0
572.0
412.0
254.0
110.0
10.0
0.0
0.0
0.0
0.0
0.0
46.0
174.0
326.0
486.0
643.0
788.0
909.0
999.0
1052.0
1063.0
1033.0
963.0
858.0
725.0
574.0
413.0
256.0
112.0
11.0
0.0
0.0
0.0
0.0
0.0
46.0
175.0
326.0
486.0
644.0
788.0
909.0
999.0
1052.0
1064.0
1034.0
964.0
859.0
726.0
575.0
415.0
257.0
113.0
11.0
0.0
0.0
0.0
0.0
0.0
47.0
175.0
326.0
486.0
644.0
788.0
909.0
1000.0
1052.0
1064.0
1034.0
965.0
860.0
728.0
576.0
416.0
259.0
115.0
12.0
0.0
0.0
0.0
0.0
0.0
47.0
175.0
327.0
486.0
644.0
788.0
910.0
1000.0
1053.0
1065.0
1035.0
965.0
861.0
729.0
577.0
418.0
260.0
116.0
13.0
0.0
0.0
0.0
0.0
0.0
48.0
176.0
327.0
486.0
644.0
788.0
910.0
1000.0
1053.0
1065.0
1035.0
966.0
862.0
730.0
578.0
419.0
261.0
117.0
13.0
0.0
0.0
0.0
0.0
0.0
48.0
176.0
327.0
486.0
644.0
788.0
909.0
1000.0
1053.0
1065.0
1036.0
967.0
862.0
730.0
579.0
420.0
263.0
118.0
14.0
0.0
0.0
0.0
0.0
0.0
48.0
176.0
327.0
486.0
643.0
788.0
909.0
1000.0
1053.0
1065.0
1036.0
967.0
863.0
731.0
580.0
421.0
264.0
119.0
14.0
0.0
0.0
0.0
0.0
0.0
48.0
176.0
326.0
486.0
643.0
787.0
909.0
1000.0
1053.0
1065.0
1036.0
967.0
864.0
732.0
581.0
422.0
264.0
120.0
15.0
0.0
0.0
0.0
0.0
0.0
48.0
175.0
326.0
485.0
643.0
787.0
909.0
999.0
1053.0
1065.0
1036.0
968.0
864.0
732.0
582.0
422.0
265.0
121.0
15.0
0.0
0.0
0.0
0.0
0.0
47.0
175.0
325.0
485.0
642.0
786.0
908.0
999.0
1053.0
1065.0
1037.0
968.0
864.0
733.0
582.0
423.0
266.0
121.0
15.0
0.0
0.0
0.0
0.0
0.0
47.0
174.0
325.0
484.0
641.0
786.0
908.0
998.0
1052.0
1065.0
1037.0
968.0
865.0
733.0
583.0
423.0
266.0
121.0
15.0
0.0
0.0
0.0
0.0
0.0
46.0
173.0
324.0
483.0
640.0
785.0
907.0
998.0
1052.0
1065.0
1036.0
968.0
865.0
733.0
583.0
424.0
266.0
122.0
15.0
0.0
0.0
0.0
0.0
0.0
45.0
172.0
323.0
482.0
639.0
784.0
906.0
997.0
1051.0
1065.0
1036.0
968.0
865.0
733.0
583.0
424.0
266.0
122.0
15.0
0.0
0.0
0.0
0.0
0.0
45.0
171.0
322.0
481.0
638.0
783.0
905.0
997.0
1051.0
1064.0
1036.0
968.0
865.0
733.0
583.0
424.0
266.0
122.0
15.0
0.0
0.0
0.0
0.0
0.0
44.0
170.0
321.0
480.0
637.0
782.0
904.0
996.0
1050.0
1064.0
1036.0
968.0
865.0
733.0
583.0
424.0
266.0
121.0
15.0
0.0
0.0
0.0
0.0
0.0
43.0
169.0
319.0
479.0
636.0
781.0
903.0
995.0
1049.0
1063.0
1035.0
967.0
864.0
733.0
583.0
423.0
266.0
121.0
15.0
0.0
0.0
0.0
0.0
0.0
41.0
167.0
318.0
477.0
635.0
780.0
902.0
994.0
1049.0
1062.0
1035.0
967.0
864.0
733.0
582.0
423.0
266.0
121.0
15.0
0.0
0.0
0.0
0.0
0.0
40.0
166.0
316.0
476.0
633.0
778.0
901.0
993.0
1048.0
1062.0
1034.0
966.0
863.0
732.0
582.0
423.0
265.0
120.0
14.0
0.0
0.0
0.0
0.0
0.0
39.0
164.0
315.0
474.0
632.0
777.0
900.0
992.0
1047.0
1061.0
1033.0
966.0
863.0
732.0
582.0
422.0
264.0
119.0
14.0
0.0
0.0
0.0
0.0
0.0
37.0
162.0
313.0
472.0
630.0
775.0
898.0
990.0
1046.0
1060.0
1032.0
965.0
862.0
731.0
581.0
421.0
264.0
118.0
13.0
0.0
0.0
0.0
0.0
0.0
36.0
160.0
311.0
471.0
628.0
774.0
897.0
989.0
1044.0
1059.0
1031.0
964.0
862.0
731.0
580.0
420.0
263.0
117.0
13.0
0.0
0.0
0.0
0.0
0.0
34.0
158.0
309.0
469.0
627.0
772.0
895.0
988.0
1043.0
1058.0
1030.0
963.0
861.0
730.0
579.0
419.0
261.0
116.0
12.0
0.0
0.0
0.0
0.0
0.0
33.0
156.0
307.0
467.0
625.0
770.0
894.0
986.0
1042.0
1057.0
1029.0
962.0
860.0
729.0
578.0
418.0
260.0
115.0
11.0
0.0
0.0
0.0
0.0
0.0
31.0
154.0
304.0
464.0
623.0
768.0
892.0
985.0
1040.0
1055.0
1028.0
961.0
859.0
728.0
577.0
417.0
259.0
113.0
11.0
0.0
0.0
0.0
0.0
0.0
29.0
151.0
302.0
462.0
620.0
766.0
890.0
983.0
1039.0
1054.0
1027.0
960.0
857.0
726.0
576.0
416.0
257.0
111.0
10.0
0.0
0.0
0.0
0.0
0.0
27.0
149.0
300.0
460.0
618.0
764.0
888.0
981.0
1037.0
1053.0
1026.0
959.0
856.0
725.0
574.0
414.0
256.0
109.0
9.0
0.0
0.0
0.0
0.0
0.0
26.0
146.0
297.0
457.0
616.0
762.0
886.0
980.0
1036.0
1051.0
1024.0
957.0
855.0
724.0
573.0
413.0
254.0
108.0
8.0
0.0
0.0
0.0
0.0
0.0
24.0
143.0
294.0
455.0
614.0
760.0
884.0
978.0
1034.0
1049.0
1023.0
956.0
853.0
722.0
571.0
411.0
252.0
105.0
7.0
0.0
0.0
0.0
0.0
0.0
22.0
140.0
292.0
452.0
611.0
758.0
882.0
976.0
1032.0
1048.0
1021.0
954.0
852.0
720.0
569.0
409.0
250.0
103.0
6.0
0.0
0.0
0.0
0.0
0.0
20.0
137.0
289.0
449.0
608.0
755.0
880.0
974.0
1030.0
1046.0
1019.0
953.0
850.0
719.0
567.0
407.0
248.0
101.0
6.0
0.0
0.0
0.0
0.0
0.0
18.0
134.0
286.0
446.0
606.0
753.0
878.0
972.0
1028.0
1044.0
1018.0
951.0
848.0
717.0
565.0
405.0
245.0
98.0
5.0
0.0
0.0
0.0
0.0
0.0
16.0
131.0
282.0
443.0
603.0
750.0
875.0
969.0
1026.0
1042.0
1016.0
949.0
846.0
715.0
563.0
402.0
243.0
95.0
4.0
0.0
0.0
0.0
0.0
0.0
15.0
128.0
279.0
440.0
600.0
748.0
873.0
967.0
1024.0
1040.0
1014.0
947.0
844.0
713.0
561.0
400.0
240.0
93.0
3.0
0.0
0.0
0.0
0.0
0.0
13.0
124.0
276.0
437.0
597.0
745.0
870.0
965.0
1022.0
1038.0
1012.0
945.0
842.0
710.0
559.0
397.0
237.0
90.0
2.0
0.0
0.0
0.0
0.0
0.0
11.0
121.0
273.0
434.0
594.0
742.0
868.0
962.0
1020.0
1036.0
1009.0
943.0
840.0
708.0
556.0
395.0
234.0
86.0
2.0
0.0
0.0
0.0
0.0
0.0
10.0
117.0
269.0
431.0
591.0
739.0
865.0
960.0
1017.0
1033.0
1007.0
940.0
837.0
705.0
553.0
392.0
231.0
83.0
1.0
0.0
0.0
0.0
0.0
0.0
8.0
113.0
265.0
427.0
588.0
736.0
862.0
957.0
1015.0
1031.0
1005.0
938.0
835.0
703.0
551.0
389.0
228.0
80.0
1.0
0.0
0.0
0.0
0.0
0.0
7.0
109.0
262.0
424.0
585.0
733.0
859.0
955.0
1012.0
1029.0
1002.0
935.0
832.0
700.0
548.0
386.0
225.0
76.0
0.0
0.0
0.0
0.0
0.0
0.0
5.0
105.0
258.0
420.0
581.0
730.0
856.0
952.0
1010.0
1026.0
1000.0
933.0
830.0
697.0
545.0
382.0
221.0
72.0
0.0
0.0
0.0
0.0
0.0
0.0
4.0
101.0
254.0
417.0
578.0
727.0
853.0
949.0
1007.0
1023.0
997.0
930.0
827.0
694.0
541.0
379.0
218.0
69.0
0.0
0.0
0.0
0.0
0.0
0.0
3.0
97.0
250.0
413.0
574.0
724.0
850.0
946.0
1004.0
1021.0
994.0
927.0
824.0
691.0
538.0
375.0
214.0
67.0
0.0
0.0
0.0
0.0
0.0
0.0
2.0
93.0
246.0
409.0
571.0
720.0
847.0
943.0
1001.0
1018.0
992.0
924.0
821.0
688.0
535.0
372.0
210.0
63.0
0.0
0.0
0.0
0.0
0.0
0.0
1.0
88.0
242.0
405.0
567.0
717.0
844.0
940.0
998.0
1015.0
989.0
921.0
818.0
685.0
531.0
368.0
206.0
59.0
0.0
0.0
0.0
0.0
0.0
0.0
1.0
84.0
238.0
401.0
563.0
713.0
841.0
937.0
995.0
1012.0
986.0
918.0
815.0
681.0
528.0
364.0
202.0
55.0
0.0
0.0
0.0
0.0
0.0
0.0
0.0
79.0
233.0
397.0
560.0
710.0
837.0
934.0
992.0
1009.0
983.0
915.0
811.0
678.0
524.0
360.0
197.0
51.0
0.0
0.0
0.0
0.0
0.0
0.0
0.0
75.0
229.0
393.0
556.0
706.0
834.0
930.0
989.0
1006.0
979.0
912.0
808.0
674.0
520.0
356.0
193.0
48.0
0.0
0.0
0.0
0.0
0.0
0.0
0.0
72.0
224.0
389.0
552.0
702.0
830.0
927.0
986.0
1003.0
976.0
908.0
804.0
670.0
516.0
351.0
188.0
44.0
0.0
0.0
0.0
0.0
0.0
0.0
0.0
68.0
220.0
384.0
548.0
699.0
827.0
924.0
982.0
999.0
973.0
905.0
800.0
666.0
512.0
347.0
184.0
40.0
0.0
0.0
0.0
0.0
0.0
0.0
0.0
63.0
215.0
380.0
544.0
695.0
823.0
920.0
979.0
996.0
969.0
901.0
797.0
662.0
507.0
342.0
179.0
36.0
0.0
0.0
0.0
0.0
0.0
0.0
0.0
59.0
210.0
376.0
539.0
691.0
819.0
917.0
975.0
992.0
966.0
898.0
793.0
658.0
503.0
338.0
174.0
33.0
0.0
0.0
0.0
0.0
0.0
0.0
0.0
54.0
206.0
371.0
535.0
687.0
816.0
913.0
972.0
989.0
962.0
894.0
789.0
654.0
498.0
333.0
169.0
29.0
0.0
0.0
0.0
0.0
0.0
0.0
0.0
50.0
201.0
367.0
531.0
683.0
812.0
909.0
968.0
985.0
958.0
890.0
784.0
649.0
494.0
328.0
163.0
26.0
0.0
0.0
0.0
0.0
0.0
0.0
0.0
46.0
196.0
362.0
527.0
679.0
808.0
905.0
964.0
981.0
954.0
886.0
780.0
645.0
489.0
323.0
158.0
22.0
0.0
0.0
0.0
0.0
0.0
0.0
0.0
42.0
191.0
357.0
522.0
674.0
804.0
901.0
961.0
977.0
950.0
882.0
776.0
640.0
484.0
317.0
152.0
19.0
0.0
0.0
0.0
0.0
0.0
0.0
0.0
38.0
186.0
352.0
518.0
670.0
800.0
898.0
957.0
973.0
946.0
877.0
771.0
635.0
479.0
312.0
147.0
16.0
0.0
0.0
0.0
0.0
0.0
0.0
0.0
34.0
181.0
348.0
513.0
666.0
796.0
893.0
953.0
969.0
942.0
873.0
767.0
630.0
474.0
307.0
141.0
14.0
0.0
0.0
0.0
0.0
0.0
0.0
0.0
30.0
175.0
343.0
508.0
662.0
791.0
889.0
949.0
965.0
938.0
869.0
762.0
625.0
468.0
301.0
135.0
11.0
0.0
0.0
0.0
0.0
0.0
0.0
0.0
27.0
170.0
338.0
504.0
657.0
787.0
885.0
944.0
961.0
933.0
864.0
757.0
620.0
463.0
295.0
129.0
9.0
0.0
0.0
0.0
0.0
0.0
0.0
0.0
24.0
165.0
333.0
499.0
653.0
783.0
881.0
940.0
957.0
929.0
859.0
752.0
615.0
457.0
289.0
123.0
7.0
0.0
0.0
0.0
0.0
0.0
0.0
0.0
21.0
159.0
328.0
494.0
648.0
778.0
877.0
936.0
952.0
924.0
855.0
747.0
610.0
452.0
283.0
117.0
5.0
0.0
0.0
0.0
0.0
0.0
0.0
0.0
18.0
154.0
322.0
489.0
643.0
774.0
872.0
932.0
948.0
920.0
850.0
742.0
604.0
446.0
277.0
110.0
3.0
0.0
0.0
0.0
0.0
0.0
0.0
0.0
15.0
149.0
317.0
484.0
639.0
769.0
868.0
927.0
943.0
915.0
845.0
737.0
599.0
440.0
271.0
104.0
2.0
0.0
0.0
0.0
0.0
0.0
0.0
0.0
13.0
143.0
312.0
479.0
634.0
765.0
863.0
922.0
939.0
910.0
840.0
731.0
593.0
434.0
265.0
97.0
1.0
0.0
0.0
0.0
0.0
0.0
0.0
0.0
10.0
137.0
307.0
474.0
629.0
760.0
859.0
918.0
934.0
905.0
834.0
726.0
587.0
428.0
258.0
91.0
0.0
0.0
0.0
0.0
0.0
0.0
0.0
0.0
8.0
132.0
301.0
469.0
624.0
755.0
854.0
913.0
929.0
900.0
829.0
720.0
581.0
422.0
252.0
84.0
0.0
0.0
0.0
0.0
0.0
0.0
0.0
0.0
6.0
126.0
296.0
464.0
619.0
751.0
849.0
908.0
924.0
895.0
824.0
715.0
575.0
415.0
245.0
79.0
0.0
0.0
0.0
0.0
0.0
0.0
0.0
0.0
5.0
120.0
291.0
459.0
614.0
746.0
844.0
903.0
919.0
890.0
818.0
709.0
569.0
409.0
238.0
72.0
0.0
0.0
0.0
0.0
0.0
0.0
0.0
0.0
3.0
114.0
285.0
454.0
609.0
741.0
839.0
898.0
914.0
885.0
813.0
703.0
563.0
402.0
232.0
65.0
0.0
0.0
0.0
0.0
0.0
0.0
0.0
0.0
2.0
109.0
279.0
448.0
604.0
736.0
834.0
893.0
909.0
879.0
807.0
697.0
557.0
395.0
225.0
59.0
0.0
0.0
0.0
0.0
0.0
0.0
0.0
0.0
1.0
103.0
274.0
443.0
599.0
731.0
829.0
888.0
903.0
874.0
801.0
691.0
550.0
389.0
217.0
53.0
0.0
0.0
0.0
0.0
0.0
0.0
0.0
0.0
1.0
97.0
268.0
438.0
594.0
726.0
824.0
883.0
898.0
868.0
795.0
685.0
544.0
382.0
210.0
47.0
0.0
0.0
0.0
0.0
0.0
0.0
0.0
0.0
0.0
91.0
262.0
432.0
588.0
720.0
819.0
878.0
893.0
862.0
789.0
678.0
537.0
375.0
203.0
42.0
0.0
0.0
0.0
0.0
0.0
0.0
0.0
0.0
0.0
85.0
257.0
427.0
583.0
715.0
814.0
873.0
887.0
857.0
783.0
672.0
530.0
368.0
196.0
36.0
0.0
0.0
0.0
0.0
0.0
0.0
0.0
0.0
0.0
80.0
251.0
421.0
578.0
710.0
809.0
867.0
882.0
851.0
777.0
665.0
523.0
360.0
188.0
32.0
0.0
0.0
0.0
0.0
0.0
0.0
0.0
0.0
0.0
74.0
245.0
416.0
572.0
704.0
803.0
862.0
876.0
845.0
771.0
659.0
516.0
353.0
180.0
27.0
0.0
0.0
0.0
0.0
0.0
0.0
0.0
0.0
0.0
68.0
239.0
410.0
567.0
699.0
798.0
856.0
870.0
839.0
764.0
652.0
509.0
346.0
173.0
23.0
0.0
0.0
0.0
0.0
0.0
0.0
0.0
0.0
0.0
63.0
233.0
404.0
561.0
694.0
792.0
850.0
864.0
833.0
758.0
645.0
502.0
338.0
165.0
19.0
0.0
0.0
0.0
0.0
0.0
0.0
0.0
0.0
0.0
58.0
227.0
399.0
556.0
688.0
787.0
845.0
858.0
826.0
752.0
638.0
495.0
331.0
157.0
15.0
0.0
0.0
0.0
0.0
0.0
0.0
0.0
0.0
0.0
53.0
221.0
393.0
550.0
682.0
781.0
839.0
852.0
820.0
745.0
631.0
488.0
323.0
149.0
12.0
0.0
0.0
0.0
0.0
0.0
0.0
0.0
0.0
0.0
48.0
215.0
387.0
544.0
677.0
775.0
833.0
846.0
814.0
738.0
624.0
480.0
315.0
141.0
9.0
0.0
0.0
0.0
0.0
0.0
0.0
0.0
0.0
0.0
43.0
209.0
381.0
538.0
671.0
769.0
827.0
840.0
807.0
731.0
617.0
473.0
308.0
133.0
6.0
0.0
0.0
0.0
0.0
0.0
0.0
0.0
0.0
0.0
39.0
203.0
375.0
533.0
665.0
764.0
821.0
834.0
801.0
724.0
610.0
465.0
300.0
125.0
4.0
0.0
0.0
0.0
0.0
0.0
0.0
0.0
0.0
0.0
35.0
197.0
369.0
527.0
659.0
758.0
815.0
827.0
794.0
718.0
603.0
457.0
292.0
117.0
3.0
0.0
0.0
0.0
0.0
0.0
0.0
0.0
0.0
0.0
31.0
191.0
363.0
521.0
653.0
752.0
809.0
821.0
787.0
710.0
595.0
450.0
284.0
108.0
1.0
0.0
0.0
0.0
0.0
0.0
0.0
0.0
0.0
0.0
27.0
184.0
357.0
515.0
647.0
746.0
803.0
814.0
781.0
703.0
588.0
442.0
275.0
100.0
0.0
0.0
0.0
0.0
0.0
0.0
0.0
0.0
0.0
0.0
23.0
178.0
351.0
509.0
641.0
739.0
796.0
808.0
774.0
696.0
580.0
434.0
267.0
92.0
0.0
0.0
0.0
0.0
0.0
0.0
0.0
0.0
0.0
0.0
20.0
172.0
345.0
503.0
635.0
733.0
790.0
801.0
767.0
689.0
573.0
426.0
259.0
84.0
0.0
0.0
0.0
0.0
0.0
0.0
0.0
0.0
0.0
0.0
17.0
166.0
339.0
497.0
629.0
727.0
783.0
795.0
760.0
681.0
565.0
418.0
251.0
75.0
0.0
0.0
0.0
0.0
0.0
0.0
0.0
0.0
0.0
0.0
14.0
159.0
332.0
491.0
623.0
721.0
777.0
788.0
753.0
674.0
557.0
410.0
242.0
68.0
0.0
0.0
0.0
0.0
0.0
0.0
0.0
0.0
0.0
0.0
12.0
153.0
326.0
484.0
617.0
714.0
770.0
781.0
746.0
667.0
549.0
402.0
234.0
60.0
0.0
0.0
0.0
0.0
0.0
0.0
0.0
0.0
0.0
0.0
10.0
146.0
320.0
478.0
610.0
708.0
764.0
774.0
738.0
659.0
541.0
393.0
225.0
53.0
0.0
0.0
0.0
0.0
0.0
0.0
0.0
0.0
0.0
0.0
7.0
140.0
313.0
472.0
604.0
701.0
757.0
767.0
731.0
651.0
533.0
385.0
217.0
47.0
0.0
0.0
0.0
0.0
0.0
0.0
0.0
0.0
0.0
0.0
6.0
133.0
307.0
465.0
598.0
695.0
750.0
760.0
724.0
644.0
525.0
377.0
208.0
41.0
0.0
0.0
0.0
0.0
0.0
0.0
0.0
0.0
0.0
0.0
4.0
127.0
301.0
459.0
591.0
688.0
743.0
753.0
716.0
636.0
517.0
368.0
199.0
35.0
0.0
0.0
0.0
0.0
0.0
0.0
0.0
0.0
0.0
0.0
3.0
120.0
294.0
453.0
585.0
681.0
736.0
746.0
709.0
628.0
509.0
360.0
191.0
29.0
0.0
0.0
0.0
0.0
0.0
0.0
0.0
0.0
0.0
0.0
2.0
114.0
288.0
446.0
578.0
675.0
729.0
738.0
701.0
620.0
501.0
351.0
182.0
25.0
0.0
0.0
0.0
0.0
0.0
0.0
0.0
0.0
0.0
0.0
1.0
107.0
281.0
439.0
571.0
668.0
722.0
731.0
694.0
612.0
492.0
343.0
173.0
20.0
0.0
0.0
0.0
0.0
0.0
0.0
0.0
0.0
0.0
0.0
0.0
100.0
274.0
433.0
565.0
661.0
715.0
724.0
686.0
604.0
484.0
334.0
164.0
16.0
0.0
0.0
0.0
0.0
0.0
0.0
0.0
0.0
0.0
0.0
0.0
94.0
268.0
426.0
558.0
654.0
708.0
716.0
678.0
596.0
476.0
326.0
155.0
12.0
0.0
0.0
0.0
0.0
0.0
0.0
0.0
0.0
0.0
0.0
0.0
86.0
261.0
420.0
551.0
647.0
701.0
709.0
670.0
588.0
467.0
317.0
147.0
9.0
0.0
0.0
0.0
0.0
0.0
0.0
0.0
0.0
0.0
0.0
0.0
80.0
254.0
413.0
544.0
640.0
694.0
701.0
663.0
580.0
459.0
308.0
138.0
7.0
0.0
0.0
0.0
0.0
0.0
0.0
0.0
0.0
0.0
0.0
0.0
74.0
248.0
406.0
538.0
633.0
687.0
694.0
655.0
572.0
450.0
299.0
129.0
4.0
0.0
0.0
0.0
0.0
0.0
0.0
0.0
0.0
0.0
0.0
0.0
67.0
241.0
399.0
531.0
626.0
679.0
686.0
647.0
563.0
442.0
291.0
120.0
3.0
0.0
0.0
0.0
0.0
0.0
0.0
0.0
0.0
0.0
0.0
0.0
62.0
234.0
392.0
524.0
619.0
672.0
679.0
639.0
555.0
433.0
282.0
111.0
1.0
0.0
0.0
0.0
0.0
0.0
0.0
0.0
0.0
0.0
0.0
0.0
56.0
227.0
386.0
517.0
612.0
664.0
671.0
631.0
547.0
425.0
273.0
102.0
0.0
0.0
0.0
0.0
0.0
0.0
0.0
0.0
0.0
0.0
0.0
0.0
51.0
221.0
379.0
510.0
605.0
657.0
663.0
623.0
539.0
416.0
264.0
93.0
0.0
0.0
0.0
0.0
0.0
0.0
0.0
0.0
0.0
0.0
0.0
0.0
46.0
214.0
372.0
503.0
597.0
649.0
655.0
615.0
530.0
408.0
255.0
83.0
0.0
0.0
0.0
0.0
0.0
0.0
0.0
0.0
0.0
0.0
0.0
0.0
41.0
207.0
365.0
496.0
590.0
642.0
647.0
607.0
522.0
399.0
247.0
75.0
0.0
0.0
0.0
0.0
0.0
0.0
0.0
0.0
0.0
0.0
0.0
0.0
36.0
200.0
358.0
488.0
583.0
634.0
640.0
598.0
513.0
390.0
238.0
67.0
0.0
0.0
0.0
0.0
0.0
0.0
0.0
0.0
0.0
0.0
0.0
0.0
32.0
193.0
351.0
481.0
575.0
627.0
632.0
590.0
505.0
382.0
229.0
59.0
0.0
0.0
0.0
0.0
0.0
0.0
0.0
0.0
0.0
0.0
0.0
0.0
28.0
186.0
344.0
474.0
568.0
619.0
624.0
582.0
496.0
373.0
220.0
52.0
0.0
0.0
0.0
0.0
0.0
0.0
0.0
0.0
0.0
0.0
0.0
0.0
24.0
179.0
337.0
467.0
560.0
611.0
616.0
574.0
488.0
364.0
211.0
45.0
0.0
0.0
0.0
0.0
0.0
0.0
0.0
0.0
0.0
0.0
0.0
0.0
21.0
172.0
329.0
459.0
553.0
604.0
608.0
566.0
480.0
356.0
202.0
39.0
0.0
0.0
0.0
0.0
0.0
0.0
0.0
0.0
0.0
0.0
0.0
0.0
17.0
165.0
322.0
452.0
545.0
596.0
600.0
557.0
471.0
347.0
194.0
33.0
0.0
0.0
0.0
0.0
0.0
0.0
0.0
0.0
0.0
0.0
0.0
0.0
14.0
158.0
315.0
445.0
538.0
588.0
592.0
549.0
463.0
338.0
185.0
28.0
0.0
0.0
0.0
0.0
0.0
0.0
0.0
0.0
0.0
0.0
0.0
0.0
12.0
151.0
308.0
437.0
530.0
580.0
584.0
541.0
454.0
330.0
176.0
24.0
0.0
0.0
0.0
0.0
0.0
0.0
0.0
0.0
0.0
0.0
0.0
0.0
9.0
143.0
301.0
430.0
523.0
572.0
576.0
533.0
446.0
321.0
167.0
19.0
0.0
0.0
0.0
0.0
0.0
0.0
0.0
0.0
0.0
0.0
0.0
0.0
7.0
136.0
293.0
423.0
515.0
565.0
568.0
524.0
437.0
312.0
158.0
15.0
0.0
0.0
0.0
0.0
0.0
0.0
0.0
0.0
0.0
0.0
0.0
0.0
5.0
129.0
286.0
415.0
507.0
557.0
560.0
516.0
429.0
304.0
150.0
12.0
0.0
0.0
0.0
0.0
0.0
0.0
0.0
0.0
0.0
0.0
0.0
0.0
4.0
122.0
279.0
408.0
500.0
549.0
552.0
508.0
420.0
295.0
141.0
9.0
0.0
0.0
0.0
0.0
0.0
0.0
0.0
0.0
0.0
0.0
0.0
0.0
2.0
115.0
271.0
400.0
492.0
541.0
543.0
499.0
412.0
287.0
132.0
6.0
0.0
0.0
0.0
0.0
0.0
0.0
0.0
0.0
0.0
0.0
0.0
0.0
1.0
108.0
264.0
393.0
484.0
533.0
535.0
491.0
403.0
278.0
124.0
4.0
0.0
0.0
0.0
0.0
0.0
0.0
0.0
0.0
0.0
0.0
0.0
0.0
1.0
100.0
257.0
385.0
477.0
525.0
527.0
483.0
395.0
270.0
115.0
3.0
0.0
0.0
0.0
0.0
0.0
0.0
0.0
0.0
0.0
0.0
0.0
0.0
0.0
93.0
249.0
378.0
469.0
517.0
519.0
475.0
387.0
261.0
107.0
1.0
0.0
0.0
0.0
0.0
0.0
0.0
0.0
0.0
0.0
0.0
0.0
0.0
0.0
86.0
242.0
370.0
461.0
509.0
511.0
466.0
378.0
253.0
98.0
0.0
0.0
0.0
0.0
0.0
0.0
0.0
0.0
0.0
0.0
0.0
0.0
0.0
0.0
77.0
235.0
363.0
454.0
502.0
503.0
458.0
370.0
244.0
90.0
0.0
0.0
0.0
0.0
0.0
0.0
0.0
0.0
0.0
0.0
0.0
0.0
0.0
0.0
70.0
227.0
355.0
446.0
494.0
495.0
450.0
362.0
236.0
79.0
0.0
0.0
0.0
0.0
0.0
0.0
0.0
0.0
0.0
0.0
0.0
0.0
0.0
0.0
63.0
220.0
348.0
438.0
486.0
487.0
442.0
354.0
228.0
72.0
0.0
0.0
0.0
0.0
0.0
0.0
0.0
0.0
0.0
0.0
0.0
0.0
0.0
0.0
57.0
213.0
340.0
431.0
478.0
479.0
434.0
345.0
220.0
64.0
0.0
0.0
0.0
0.0
0.0
0.0
0.0
0.0
0.0
0.0
0.0
0.0
0.0
0.0
51.0
205.0
333.0
423.0
470.0
471.0
426.0
337.0
212.0
57.0
0.0
0.0
0.0
0.0
0.0
0.0
0.0
0.0
0.0
0.0
0.0
0.0
0.0
0.0
46.0
198.0
325.0
415.0
462.0
463.0
418.0
329.0
203.0
51.0
0.0
0.0
0.0
0.0
0.0
0.0
0.0
0.0
0.0
0.0
0.0
0.0
0.0
0.0
41.0
191.0
318.0
408.0
455.0
455.0
410.0
321.0
195.0
45.0
0.0
0.0
0.0
0.0
0.0
0.0
0.0
0.0
0.0
0.0
0.0
0.0
0.0
0.0
36.0
183.0
310.0
400.0
447.0
447.0
402.0
313.0
188.0
39.0
0.0
0.0
0.0
0.0
0.0
0.0
0.0
0.0
0.0
0.0
0.0
0.0
0.0
0.0
31.0
176.0
303.0
392.0
439.0
440.0
394.0
305.0
180.0
34.0
0.0
0.0
0.0
0.0
0.0
0.0
0.0
0.0
0.0
0.0
0.0
0.0
0.0
0.0
27.0
169.0
295.0
385.0
431.0
432.0
386.0
298.0
172.0
29.0
0.0
0.0
0.0
0.0
0.0
0.0
0.0
0.0
0.0
0.0
0.0
0.0
0.0
0.0
23.0
161.0
288.0
377.0
424.0
424.0
378.0
290.0
164.0
25.0
0.0
0.0
0.0
0.0
0.0
0.0
0.0
0.0
0.0
0.0
0.0
0.0
0.0
0.0
19.0
154.0
280.0
370.0
416.0
416.0
371.0
282.0
157.0
21.0
0.0
0.0
0.0
0.0
0.0
0.0
0.0
0.0
0.0
0.0
0.0
0.0
0.0
0.0
16.0
147.0
273.0
362.0
409.0
409.0
363.0
275.0
149.0
17.0
0.0
0.0
0.0
0.0
0.0
0.0
0.0
0.0
0.0
0.0
0.0
0.0
0.0
0.0
13.0
140.0
266.0
355.0
401.0
401.0
356.0
267.0
142.0
14.0
0.0
0.0
0.0
0.0
0.0
0.0
0.0
0.0
0.0
0.0
0.0
0.0
0.0
0.0
10.0
133.0
258.0
347.0
394.0
394.0
348.0
260.0
134.0
11.0
0.0
0.0
0.0
0.0
0.0
0.0
0.0
0.0
0.0
0.0
0.0
0.0
0.0
0.0
8.0
125.0
251.0
340.0
386.0
386.0
341.0
252.0
127.0
9.0
0.0
0.0
0.0
0.0
0.0
0.0
0.0
0.0
0.0
0.0
0.0
0.0
0.0
0.0
6.0
118.0
244.0
333.0
379.0
379.0
333.0
245.0
120.0
6.0
0.0
0.0
0.0
0.0
0.0
0.0
0.0
0.0
0.0
0.0
0.0
0.0
0.0
0.0
4.0
111.0
237.0
325.0
371.0
372.0
326.0
238.0
113.0
5.0
0.0
0.0
0.0
0.0
0.0
0.0
0.0
0.0
0.0
0.0
0.0
0.0
0.0
0.0
3.0
104.0
230.0
318.0
364.0
365.0
319.0
231.0
106.0
3.0
0.0
0.0
0.0
0.0
0.0
0.0
0.0
0.0
0.0
0.0
0.0
0.0
0.0
0.0
2.0
97.0
223.0
311.0
357.0
357.0
312.0
224.0
99.0
2.0
0.0
0.0
0.0
0.0
0.0
0.0
0.0
0.0
0.0
0.0
0.0
0.0
0.0
0.0
1.0
90.0
216.0
304.0
350.0
350.0
305.0
217.0
92.0
1.0
0.0
0.0
0.0
0.0
0.0
0.0
0.0
0.0
0.0
0.0
0.0
0.0
0.0
0.0
0.0
84.0
209.0
297.0
343.0
343.0
298.0
210.0
86.0
0.0
0.0
0.0
0.0
0.0
0.0
0.0
0.0
0.0
0.0
0.0
0.0
0.0
0.0
0.0
0.0
77.0
202.0
290.0
336.0
336.0
291.0
204.0
79.0
0.0
0.0
0.0
0.0
0.0
0.0
0.0
0.0
0.0
0.0
0.0
0.0
0.0
0.0
0.0
0.0
67.0
195.0
283.0
329.0
330.0
285.0
197.0
69.0
0.0
0.0
0.0
0.0
0.0
0.0
0.0
0.0
0.0
0.0
0.0
0.0
0.0
0.0
0.0
0.0
60.0
188.0
276.0
323.0
323.0
278.0
191.0
63.0
0.0
0.0
0.0
0.0
0.0
0.0
0.0
0.0
0.0
0.0
0.0
0.0
0.0
0.0
0.0
0.0
54.0
181.0
270.0
316.0
316.0
272.0
184.0
58.0
0.0
0.0
0.0
0.0
0.0
0.0
0.0
0.0
0.0
0.0
0.0
0.0
0.0
0.0
0.0
0.0
49.0
175.0
263.0
309.0
310.0
265.0
178.0
52.0
0.0
0.0
0.0
0.0
0.0
0.0
0.0
0.0
0.0
0.0
0.0
0.0
0.0
0.0
0.0
0.0
43.0
168.0
257.0
303.0
304.0
259.0
172.0
47.0
0.0
0.0
0.0
0.0
0.0
0.0
0.0
0.0
0.0
0.0
0.0
0.0
0.0
0.0
0.0
0.0
39.0
162.0
250.0
296.0
297.0
253.0
166.0
43.0
0.0
0.0
0.0
0.0
0.0
0.0
0.0
0.0
0.0
0.0
0.0
0.0
0.0
0.0
0.0
0.0
34.0
156.0
244.0
290.0
291.0
247.0
160.0
38.0
0.0
0.0
0.0
0.0
0.0
0.0
0.0
0.0
0.0
0.0
0.0
0.0
0.0
0.0
0.0
0.0
30.0
149.0
238.0
284.0
285.0
241.0
155.0
34.0
0.0
0.0
0.0
0.0
0.0
0.0
0.0
0.0
0.0
0.0
0.0
0.0
0.0
0.0
0.0
0.0
26.0
143.0
231.0
278.0
279.0
235.0
149.0
31.0
0.0
0.0
0.0
0.0
0.0
0.0
0.0
0.0
0.0
0.0
0.0
0.0
0.0
0.0
0.0
0.0
22.0
137.0
225.0
272.0
273.0
230.0
144.0
27.0
0.0
0.0
0.0
0.0
0.0
0.0
0.0
0.0
0.0
0.0
0.0
0.0
0.0
0.0
0.0
0.0
19.0
131.0
220.0
266.0
268.0
224.0
139.0
24.0
0.0
0.0
0.0
0.0
0.0
0.0
0.0
0.0
0.0
0.0
0.0
0.0
0.0
0.0
0.0
0.0
16.0
125.0
214.0
260.0
262.0
219.0
134.0
22.0
0.0
0.0
0.0
0.0
0.0
0.0
0.0
0.0
0.0
0.0
0.0
0.0
0.0
0.0
0.0
0.0
13.0
119.0
208.0
255.0
257.0
214.0
129.0
19.0
0.0
0.0
0.0
0.0
0.0
0.0
0.0
0.0
0.0
0.0
0.0
0.0
0.0
0.0
0.0
0.0
11.0
114.0
202.0
249.0
252.0
209.0
124.0
17.0
0.0
0.0
0.0
0.0
0.0
0.0
0.0
0.0
0.0
0.0
0.0
0.0
0.0
0.0
0.0
0.0
9.0
108.0
197.0
244.0
247.0
204.0
119.0
15.0
0.0
0.0
0.0
0.0
0.0
0.0
0.0
0.0
0.0
0.0
0.0
0.0
0.0
0.0
0.0
0.0
7.0
103.0
192.0
239.0
242.0
199.0
115.0
13.0
0.0
0.0
0.0
0.0
0.0
0.0
0.0
0.0
0.0
0.0
0.0
0.0
0.0
0.0
0.0
0.0
6.0
97.0
186.0
234.0
237.0
195.0
110.0
11.0
0.0
0.0
0.0
0.0
0.0
0.0
0.0
0.0
0.0
0.0
0.0
0.0
0.0
0.0
0.0
0.0
4.0
92.0
181.0
229.0
232.0
190.0
106.0
9.0
0.0
0.0
0.0
0.0
0.0
0.0
0.0
0.0
0.0
0.0
0.0
0.0
0.0
0.0
0.0
0.0
3.0
87.0
176.0
224.0
227.0
186.0
102.0
8.0
0.0
0.0
0.0
0.0
0.0
0.0
0.0
0.0
0.0
0.0
0.0
0.0
0.0
0.0
0.0
0.0
2.0
82.0
172.0
220.0
223.0
182.0
98.0
7.0
0.0
0.0
0.0
0.0
0.0
0.0
0.0
0.0
0.0
0.0
0.0
0.0
0.0
0.0
0.0
0.0
1.0
77.0
167.0
215.0
219.0
178.0
95.0
6.0
0.0
0.0
0.0
0.0
0.0
0.0
0.0
0.0
0.0
0.0
0.0
0.0
0.0
0.0
0.0
0.0
1.0
73.0
162.0
211.0
215.0
174.0
91.0
5.0
0.0
0.0
0.0
0.0
0.0
0.0
0.0
0.0
0.0
0.0
0.0
0.0
0.0
0.0
0.0
0.0
0.0
68.0
158.0
207.0
211.0
170.0
88.0
4.0
0.0
0.0
0.0
0.0
0.0
0.0
0.0
0.0
0.0
0.0
0.0
0.0
0.0
0.0
0.0
0.0
0.0
64.0
154.0
203.0
207.0
167.0
85.0
3.0
0.0
0.0
0.0
0.0
0.0
0.0
0.0
0.0
0.0
0.0
0.0
0.0
0.0
0.0
0.0
0.0
0.0
60.0
150.0
199.0
203.0
164.0
82.0
3.0
0.0
0.0
0.0
0.0
0.0
0.0
0.0
0.0
0.0
0.0
0.0
0.0
0.0
0.0
0.0
0.0
0.0
51.0
146.0
195.0
200.0
160.0
79.0
2.0
0.0
0.0
0.0
0.0
0.0
0.0
0.0
0.0
0.0
0.0
0.0
0.0
0.0
0.0
0.0
0.0
0.0
47.0
142.0
191.0
197.0
157.0
76.0
2.0
0.0
0.0
0.0
0.0
0.0
0.0
0.0
0.0
0.0
0.0
0.0
0.0
0.0
0.0
0.0
0.0
0.0
44.0
138.0
188.0
194.0
155.0
74.0
1.0
0.0
0.0
0.0
0.0
0.0
0.0
0.0
0.0
0.0
0.0
0.0
0.0
0.0
0.0
0.0
0.0
0.0
41.0
135.0
185.0
191.0
152.0
72.0
1.0
0.0
0.0
0.0
0.0
0.0
0.0
0.0
0.0
0.0
0.0
0.0
0.0
0.0
0.0
0.0
0.0
0.0
38.0
131.0
182.0
188.0
150.0
69.0
1.0
0.0
0.0
0.0
0.0
0.0
0.0
0.0
0.0
0.0
0.0
0.0
0.0
0.0
0.0
0.0
0.0
0.0
35.0
128.0
179.0
185.0
147.0
68.0
0.0
0.0
0.0
0.0
0.0
0.0
0.0
0.0
0.0
0.0
0.0
0.0
0.0
0.0
0.0
0.0
0.0
0.0
32.0
125.0
176.0
183.0
145.0
66.0
0.0
0.0
0.0
0.0
0.0
0.0
0.0
0.0
0.0
0.0
0.0
0.0
0.0
0.0
0.0
0.0
0.0
0.0
30.0
122.0
174.0
181.0
143.0
64.0
0.0
0.0
0.0
0.0
0.0
0.0
0.0
0.0
0.0
0.0
0.0
0.0
0.0
0.0
0.0
0.0
0.0
0.0
28.0
120.0
171.0
179.0
142.0
63.0
0.0
0.0
0.0
0.0
0.0
0.0
0.0
0.0
0.0
0.0
0.0
0.0
0.0
0.0
0.0
0.0
0.0
0.0
26.0
117.0
169.0
177.0
140.0
62.0
0.0
0.0
0.0
0.0
0.0
0.0
0.0
0.0
0.0
0.0
0.0
0.0
0.0
0.0
0.0
0.0
0.0
0.0
24.0
115.0
167.0
175.0
139.0
60.0
0.0
0.0
0.0
0.0
0.0
0.0
0.0
0.0
0.0
0.0
0.0
0.0
0.0
0.0
0.0
0.0
0.0
0.0
23.0
113.0
165.0
174.0
138.0
60.0
0.0
0.0
0.0
0.0
0.0
0.0
0.0
0.0
0.0
0.0
0.0
0.0
0.0
0.0
0.0
0.0
0.0
0.0
22.0
111.0
163.0
172.0
137.0
59.0
0.0
0.0
0.0
0.0
0.0
0.0
0.0
0.0
0.0
0.0
0.0
0.0
0.0
0.0
0.0
0.0
0.0
0.0
20.0
109.0
162.0
171.0
136.0
58.0
0.0
0.0
0.0
0.0
0.0
0.0
0.0
0.0
0.0
0.0
0.0
0.0
0.0
0.0
0.0
0.0
0.0
0.0
19.0
107.0
161.0
170.0
135.0
58.0
0.0
0.0
0.0
0.0
0.0
0.0
0.0
0.0
0.0
0.0
0.0
0.0
0.0
0.0
0.0
0.0
0.0
0.0
18.0
106.0
159.0
169.0
135.0
58.0
0.0
0.0
0.0
0.0
0.0
0.0
0.0
0.0
0.0
0.0
0.0
0.0
0.0
0.0
0.0
0.0
0.0
0.0
17.0
105.0
159.0
169.0
134.0
58.0
0.0
0.0
0.0
0.0
0.0
0.0
0.0
0.0
0.0
0.0
0.0
0.0
0.0
0.0
0.0
0.0
0.0
0.0
17.0
104.0
158.0
168.0
134.0
58.0
0.0
0.0
0.0
0.0
0.0
0.0
0.0
0.0
0.0
0.0
0.0
0.0
0.0
0.0
0.0
0.0
0.0
0.0
16.0
103.0
157.0
168.0
134.0
59.0
0.0
0.0
0.0
0.0
0.0
0.0
0.0
0.0
0.0
0.0
0.0
0.0
0.0
0.0
0.0
0.0
0.0
0.0
16.0
102.0
157.0
168.0
135.0
59.0
0.0
0.0
0.0
0.0
0.0
0.0
0.0
0.0
0.0
0.0
0.0
0.0
0.0
0.0
0.0
0.0
0.0
0.0
15.0
101.0
157.0
168.0
135.0
60.0
0.0
0.0
0.0
0.0
0.0
0.0
0.0
0.0
0.0
0.0
0.0
0.0
0.0
0.0
0.0
0.0
0.0
0.0
15.0
101.0
157.0
168.0
136.0
61.0
0.0
0.0
0.0
0.0
0.0
0.0
0.0
0.0
0.0
0.0
0.0
0.0
0.0
0.0
0.0
0.0
0.0
0.0
15.0
101.0
157.0
169.0
137.0
62.0
0.0
0.0
0.0
0.0
0.0
0.0
0.0
0.0
0.0
0.0
0.0
0.0
0.0
0.0
0.0
0.0
0.0
0.0
14.0
101.0
157.0
170.0
138.0
64.0
0.0
0.0
0.0
0.0
0.0
0.0
0.0
0.0
0.0
0.0
0.0
0.0
0.0
0.0
0.0
0.0
0.0
0.0
14.0
101.0
158.0
171.0
139.0
65.0
0.0
0.0
0.0
0.0
0.0
0.0
0.0
0.0
0.0
0.0
0.0
0.0
0.0
0.0
0.0
0.0
0.0
0.0
15.0
101.0
158.0
172.0
140.0
67.0
1.0
0.0
0.0
0.0
0.0
0.0
0.0
0.0
0.0
0.0
0.0
0.0
0.0
0.0
0.0
0.0
0.0
0.0
15.0
102.0
159.0
173.0
142.0
69.0
1.0
0.0
0.0
0.0
0.0
0.0
0.0
0.0
0.0
0.0
0.0
0.0
0.0
0.0
0.0
0.0
0.0
0.0
15.0
103.0
160.0
174.0
144.0
71.0
2.0
0.0
0.0
0.0
0.0
0.0
0.0
0.0
0.0
0.0
0.0
0.0
0.0
0.0
0.0
0.0
0.0
0.0
15.0
104.0
162.0
176.0
146.0
73.0
2.0
0.0
0.0
0.0
0.0
0.0
0.0
0.0
0.0
