0.0
0.0
0.0
0.0
0.0
0.0
0.0
0.0
0.0
5.0
12.0
15.0
15.0
11.0
2.0
0.0
0.0
0.0
0.0
0.0
0.0
0.0
0.0
0.0
0.0
0.0
0.0
0.0
0.0
0.0
0.0
0.0
0.0
15.0
32.0
39.0
34.0
28.0
2.0
0.0
0.0
0.0
0.0
0.0
0.0
0.0
0.0
0.0
0.0
0.0
0.0
0.0
0.0
0.0
0.0
0.0
0.0
36.0
85.0
113.0
109.0
49.0
2.0
0.0
0.0
0.0
0.0
0.0
0.0
0.0
0.0
0.0
0.0
0.0
0.0
0.0
0.0
0.0
0.0
0.0
0.0
25.0
48.0
66.0
89.0
65.0
10.0
0.0
0.0
0.0
0.0
0.0
0.0
0.0
0.0
0.0
0.0
0.0
0.0
0.0
0.0
0.0
0.0
0.0
0.0
21.0
50.0
62.0
57.0
29.0
2.0
0.0
0.0
0.0
0.0
0.0
0.0
0.0
0.0
0.0
0.0
0.0
0.0
0.0
0.0
0.0
0.0
0.0
0.0
7.0
15.0
25.0
25.0
17.0
3.0
0.0
0.0
0.0
0.0
0.0
0.0
0.0
0.0
0.0
0.0
0.0
0.0
0.0
0.0
0.0
0.0
0.0
0.0
34.0
88.0
102.0
60.0
35.0
2.0
0.0
0.0
0.0
0.0
0.0
0.0
0.0
0.0
0.0
0.0
0.0
0.0
0.0
0.0
0.0
0.0
0.0
0.0
11.0
20.0
36.0
35.0
24.0
4.0
0.0
0.0
0.0
0.0
0.0
0.0
0.0
0.0
0.0
0.0
0.0
0.0
0.0
0.0
0.0
0.0
0.0
0.0
9.0
19.0
24.0
24.0
16.0
7.0
0.0
0.0
0.0
0.0
0.0
0.0
0.0
0.0
0.0
0.0
0.0
0.0
0.0
0.0
0.0
0.0
0.0
0.0
10.0
22.0
29.0
33.0
20.0
8.0
0.0
0.0
0.0
0.0
0.0
0.0
0.0
0.0
0.0
0.0
0.0
0.0
0.0
0.0
0.0
0.0
0.0
0.0
38.0
75.0
97.0
101.0
70.0
33.0
0.0
0.0
0.0
0.0
0.0
0.0
0.0
0.0
0.0
0.0
0.0
0.0
0.0
0.0
0.0
0.0
0.0
1.0
24.0
61.0
110.0
34.0
14.0
15.0
0.0
0.0
0.0
0.0
0.0
0.0
0.0
0.0
0.0
0.0
0.0
0.0
0.0
0.0
0.0
0.0
0.0
1.0
25.0
80.0
89.0
80.0
52.0
29.0
0.0
0.0
0.0
0.0
0.0
0.0
0.0
0.0
0.0
0.0
0.0
0.0
0.0
0.0
0.0
0.0
0.0
0.0
12.0
32.0
39.0
54.0
34.0
14.0
0.0
0.0
0.0
0.0
0.0
0.0
0.0
0.0
0.0
0.0
0.0
0.0
0.0
0.0
0.0
0.0
0.0
1.0
21.0
34.0
49.0
61.0
33.0
20.0
0.0
0.0
0.0
0.0
0.0
0.0
0.0
0.0
0.0
0.0
0.0
0.0
0.0
0.0
0.0
0.0
0.0
1.0
40.0
83.0
106.0
105.0
67.0
29.0
0.0
0.0
0.0
0.0
0.0
0.0
0.0
0.0
0.0
0.0
0.0
0.0
0.0
0.0
0.0
0.0
0.0
0.0
8.0
17.0
22.0
15.0
86.0
42.0
1.0
0.0
0.0
0.0
0.0
0.0
0.0
0.0
0.0
0.0
0.0
0.0
0.0
0.0
0.0
0.0
0.0
1.0
43.0
105.0
126.0
115.0
72.0
36.0
0.0
0.0
0.0
0.0
0.0
0.0
0.0
0.0
0.0
0.0
0.0
0.0
0.0
0.0
0.0
0.0
0.0
2.0
43.0
83.0
111.0
115.0
103.0
47.0
2.0
0.0
0.0
0.0
0.0
0.0
0.0
0.0
0.0
0.0
0.0
0.0
0.0
0.0
0.0
0.0
0.0
1.0
39.0
63.0
94.0
107.0
77.0
59.0
3.0
0.0
0.0
0.0
0.0
0.0
0.0
0.0
0.0
0.0
0.0
0.0
0.0
0.0
0.0
0.0
0.0
1.0
35.0
70.0
88.0
98.0
69.0
32.0
1.0
0.0
0.0
0.0
0.0
0.0
0.0
0.0
0.0
0.0
0.0
0.0
0.0
0.0
0.0
0.0
0.0
1.0
9.0
17.0
24.0
23.0
17.0
9.0
1.0
0.0
0.0
0.0
0.0
0.0
0.0
0.0
0.0
0.0
0.0
0.0
0.0
0.0
0.0
0.0
0.0
3.0
57.0
118.0
136.0
136.0
117.0
59.0
1.0
0.0
0.0
0.0
0.0
0.0
0.0
0.0
0.0
0.0
0.0
0.0
0.0
0.0
0.0
0.0
0.0
3.0
65.0
119.0
146.0
158.0
134.0
72.0
5.0
0.0
0.0
0.0
0.0
0.0
0.0
0.0
0.0
0.0
0.0
0.0
0.0
0.0
0.0
0.0
0.0
4.0
67.0
120.0
160.0
162.0
132.0
74.0
5.0
0.0
0.0
0.0
0.0
0.0
0.0
0.0
0.0
0.0
0.0
0.0
0.0
0.0
0.0
0.0
0.0
4.0
70.0
123.0
156.0
164.0
125.0
68.0
5.0
0.0
0.0
0.0
0.0
0.0
0.0
0.0
0.0
0.0
0.0
0.0
0.0
0.0
0.0
0.0
0.0
1.0
9.0
17.0
19.0
18.0
96.0
60.0
6.0
0.0
0.0
0.0
0.0
0.0
0.0
0.0
0.0
0.0
0.0
0.0
0.0
0.0
0.0
0.0
0.0
4.0
47.0
75.0
94.0
102.0
82.0
41.0
2.0
0.0
0.0
0.0
0.0
0.0
0.0
0.0
0.0
0.0
0.0
0.0
0.0
0.0
0.0
0.0
0.0
6.0
61.0
105.0
95.0
135.0
117.0
80.0
11.0
0.0
0.0
0.0
0.0
0.0
0.0
0.0
0.0
0.0
0.0
0.0
0.0
0.0
0.0
0.0
0.0
2.0
13.0
21.0
25.0
26.0
20.0
12.0
2.0
0.0
0.0
0.0
0.0
0.0
0.0
0.0
0.0
0.0
0.0
0.0
0.0
0.0
0.0
0.0
0.0
3.0
26.0
42.0
53.0
52.0
41.0
31.0
5.0
0.0
0.0
0.0
0.0
0.0
0.0
0.0
0.0
0.0
0.0
0.0
0.0
0.0
0.0
0.0
0.0
11.0
86.0
144.0
187.0
188.0
152.0
96.0
16.0
0.0
0.0
0.0
0.0
0.0
0.0
0.0
0.0
0.0
0.0
0.0
0.0
0.0
0.0
0.0
0.0
4.0
45.0
76.0
81.0
146.0
139.0
104.0
37.0
0.0
0.0
0.0
0.0
0.0
0.0
0.0
0.0
0.0
0.0
0.0
0.0
0.0
0.0
0.0
0.0
5.0
61.0
136.0
181.0
120.0
56.0
9.0
3.0
0.0
0.0
0.0
0.0
0.0
0.0
0.0
0.0
0.0
0.0
0.0
0.0
0.0
0.0
0.0
0.0
28.0
104.0
128.0
155.0
127.0
76.0
104.0
25.0
0.0
0.0
0.0
0.0
0.0
0.0
0.0
0.0
0.0
0.0
0.0
0.0
0.0
0.0
0.0
0.0
16.0
40.0
84.0
82.0
91.0
101.0
34.0
31.0
0.0
0.0
0.0
0.0
0.0
0.0
0.0
0.0
0.0
0.0
0.0
0.0
0.0
0.0
0.0
0.0
34.0
74.0
166.0
90.0
88.0
52.0
97.0
34.0
0.0
0.0
0.0
0.0
0.0
0.0
0.0
0.0
0.0
0.0
0.0
0.0
0.0
0.0
0.0
0.0
45.0
105.0
182.0
129.0
17.0
59.0
43.0
5.0
0.0
0.0
0.0
0.0
0.0
0.0
0.0
0.0
0.0
0.0
0.0
0.0
0.0
0.0
0.0
0.0
36.0
117.0
106.0
153.0
173.0
23.0
54.0
33.0
0.0
0.0
0.0
0.0
0.0
0.0
0.0
0.0
0.0
0.0
0.0
0.0
0.0
0.0
0.0
0.0
46.0
114.0
179.0
214.0
218.0
185.0
122.0
52.0
0.0
0.0
0.0
0.0
0.0
0.0
0.0
0.0
0.0
0.0
0.0
0.0
0.0
0.0
0.0
0.0
43.0
104.0
158.0
207.0
216.0
175.0
105.0
49.0
0.0
0.0
0.0
0.0
0.0
0.0
0.0
0.0
0.0
0.0
0.0
0.0
0.0
0.0
0.0
0.0
49.0
119.0
182.0
221.0
229.0
201.0
135.0
62.0
1.0
0.0
0.0
0.0
0.0
0.0
0.0
0.0
0.0
0.0
0.0
0.0
0.0
0.0
0.0
0.0
34.0
92.0
99.0
83.0
113.0
166.0
126.0
76.0
4.0
0.0
0.0
0.0
0.0
0.0
0.0
0.0
0.0
0.0
0.0
0.0
0.0
0.0
0.0
1.0
47.0
118.0
180.0
204.0
203.0
178.0
118.0
54.0
1.0
0.0
0.0
0.0
0.0
0.0
0.0
0.0
0.0
0.0
0.0
0.0
0.0
0.0
0.0
1.0
28.0
63.0
93.0
107.0
106.0
93.0
63.0
28.0
1.0
0.0
0.0
0.0
0.0
0.0
0.0
0.0
0.0
0.0
0.0
0.0
0.0
0.0
0.0
1.0
21.0
63.0
74.0
47.0
20.0
179.0
145.0
82.0
5.0
0.0
0.0
0.0
0.0
0.0
0.0
0.0
0.0
0.0
0.0
0.0
0.0
0.0
0.0
1.0
70.0
166.0
246.0
171.0
209.0
128.0
142.0
87.0
7.0
0.0
0.0
0.0
0.0
0.0
0.0
0.0
0.0
0.0
0.0
0.0
0.0
0.0
0.0
1.0
15.0
25.0
50.0
54.0
66.0
220.0
169.0
95.0
7.0
0.0
0.0
0.0
0.0
0.0
0.0
0.0
0.0
0.0
0.0
0.0
0.0
0.0
0.0
3.0
50.0
88.0
134.0
169.0
185.0
162.0
107.0
51.0
2.0
0.0
0.0
0.0
0.0
0.0
0.0
0.0
0.0
0.0
0.0
0.0
0.0
0.0
0.0
1.0
54.0
123.0
182.0
228.0
233.0
197.0
146.0
77.0
5.0
0.0
0.0
0.0
0.0
0.0
0.0
0.0
0.0
0.0
0.0
0.0
0.0
0.0
0.0
5.0
98.0
188.0
268.0
305.0
311.0
274.0
197.0
101.0
8.0
0.0
0.0
0.0
0.0
0.0
0.0
0.0
0.0
0.0
0.0
0.0
0.0
0.0
0.0
5.0
38.0
104.0
112.0
114.0
118.0
101.0
83.0
56.0
8.0
0.0
0.0
0.0
0.0
0.0
0.0
0.0
0.0
0.0
0.0
0.0
0.0
0.0
0.0
4.0
47.0
84.0
112.0
138.0
140.0
113.0
105.0
49.0
2.0
0.0
0.0
0.0
0.0
0.0
0.0
0.0
0.0
0.0
0.0
0.0
0.0
0.0
0.0
13.0
104.0
177.0
260.0
208.0
269.0
215.0
149.0
75.0
3.0
0.0
0.0
0.0
0.0
0.0
0.0
0.0
0.0
0.0
0.0
0.0
0.0
0.0
0.0
9.0
62.0
130.0
177.0
199.0
177.0
140.0
97.0
43.0
3.0
0.0
0.0
0.0
0.0
0.0
0.0
0.0
0.0
0.0
0.0
0.0
0.0
0.0
0.0
3.0
15.0
80.0
72.0
86.0
26.0
226.0
163.0
110.0
17.0
0.0
0.0
0.0
0.0
0.0
0.0
0.0
0.0
0.0
0.0
0.0
0.0
0.0
0.0
17.0
95.0
208.0
212.0
145.0
147.0
53.0
19.0
19.0
4.0
0.0
0.0
0.0
0.0
0.0
0.0
0.0
0.0
0.0
0.0
0.0
0.0
0.0
0.0
3.0
55.0
122.0
182.0
218.0
222.0
161.0
111.0
71.0
19.0
0.0
0.0
0.0
0.0
0.0
0.0
0.0
0.0
0.0
0.0
0.0
0.0
0.0
0.0
3.0
20.0
41.0
62.0
55.0
54.0
275.0
206.0
129.0
47.0
0.0
0.0
0.0
0.0
0.0
0.0
0.0
0.0
0.0
0.0
0.0
0.0
0.0
0.0
36.0
114.0
175.0
232.0
282.0
276.0
257.0
207.0
144.0
55.0
0.0
0.0
0.0
0.0
0.0
0.0
0.0
0.0
0.0
0.0
0.0
0.0
0.0
0.0
46.0
146.0
203.0
265.0
336.0
353.0
313.0
256.0
146.0
45.0
0.0
0.0
0.0
0.0
0.0
0.0
0.0
0.0
0.0
0.0
0.0
0.0
0.0
0.0
54.0
145.0
235.0
304.0
342.0
341.0
307.0
237.0
147.0
56.0
0.0
0.0
0.0
0.0
0.0
0.0
0.0
0.0
0.0
0.0
0.0
0.0
0.0
0.0
50.0
133.0
217.0
275.0
304.0
293.0
259.0
194.0
128.0
46.0
0.0
0.0
0.0
0.0
0.0
0.0
0.0
0.0
0.0
0.0
0.0
0.0
0.0
0.0
17.0
51.0
92.0
140.0
153.0
89.0
107.0
96.0
75.0
23.0
0.0
0.0
0.0
0.0
0.0
0.0
0.0
0.0
0.0
0.0
0.0
0.0
0.0
0.0
13.0
42.0
64.0
73.0
83.0
85.0
67.0
52.0
38.0
18.0
0.0
0.0
0.0
0.0
0.0
0.0
0.0
0.0
0.0
0.0
0.0
0.0
0.0
1.0
7.0
16.0
24.0
31.0
34.0
34.0
273.0
219.0
143.0
60.0
1.0
0.0
0.0
0.0
0.0
0.0
0.0
0.0
0.0
0.0
0.0
0.0
0.0
1.0
71.0
178.0
285.0
341.0
361.0
367.0
366.0
284.0
202.0
84.0
2.0
0.0
0.0
0.0
0.0
0.0
0.0
0.0
0.0
0.0
0.0
0.0
0.0
2.0
71.0
172.0
240.0
349.0
389.0
413.0
311.0
270.0
163.0
80.0
2.0
0.0
0.0
0.0
0.0
0.0
0.0
0.0
0.0
0.0
0.0
0.0
0.0
3.0
69.0
139.0
226.0
259.0
287.0
270.0
247.0
197.0
116.0
48.0
1.0
0.0
0.0
0.0
0.0
0.0
0.0
0.0
0.0
0.0
0.0
0.0
0.0
2.0
48.0
105.0
169.0
194.0
199.0
218.0
181.0
137.0
93.0
46.0
1.0
0.0
0.0
0.0
0.0
0.0
0.0
0.0
0.0
0.0
0.0
0.0
0.0
3.0
33.0
72.0
79.0
110.0
99.0
110.0
135.0
113.0
76.0
25.0
1.0
0.0
0.0
0.0
0.0
0.0
0.0
0.0
0.0
0.0
0.0
0.0
0.0
2.0
92.0
205.0
289.0
340.0
383.0
405.0
320.0
215.0
117.0
85.0
5.0
0.0
0.0
0.0
0.0
0.0
0.0
0.0
0.0
0.0
0.0
0.0
0.0
9.0
106.0
199.0
308.0
368.0
407.0
359.0
321.0
244.0
224.0
94.0
7.0
0.0
0.0
0.0
0.0
0.0
0.0
0.0
0.0
0.0
0.0
0.0
0.0
5.0
90.0
120.0
99.0
36.0
212.0
238.0
324.0
296.0
155.0
92.0
11.0
0.0
0.0
0.0
0.0
0.0
0.0
0.0
0.0
0.0
0.0
0.0
0.0
2.0
110.0
173.0
141.0
254.0
514.0
259.0
203.0
191.0
19.0
10.0
2.0
0.0
0.0
0.0
0.0
0.0
0.0
0.0
0.0
0.0
0.0
0.0
0.0
19.0
114.0
140.0
215.0
326.0
367.0
255.0
248.0
106.0
98.0
29.0
2.0
0.0
0.0
0.0
0.0
0.0
0.0
0.0
0.0
0.0
0.0
0.0
0.0
5.0
71.0
227.0
327.0
490.0
380.0
194.0
221.0
154.0
241.0
86.0
3.0
0.0
0.0
0.0
0.0
0.0
0.0
0.0
0.0
0.0
0.0
0.0
0.0
7.0
75.0
192.0
259.0
246.0
296.0
332.0
333.0
299.0
227.0
151.0
21.0
0.0
0.0
0.0
0.0
0.0
0.0
0.0
0.0
0.0
0.0
0.0
0.0
11.0
48.0
154.0
359.0
253.0
350.0
351.0
461.0
234.0
129.0
64.0
3.0
0.0
0.0
0.0
0.0
0.0
0.0
0.0
0.0
0.0
0.0
0.0
0.0
19.0
54.0
87.0
109.0
118.0
139.0
153.0
128.0
105.0
83.0
52.0
9.0
0.0
0.0
0.0
0.0
0.0
0.0
0.0
0.0
0.0
0.0
0.0
0.0
7.0
36.0
84.0
175.0
142.0
122.0
125.0
160.0
159.0
140.0
72.0
11.0
0.0
0.0
0.0
0.0
0.0
0.0
0.0
0.0
0.0
0.0
0.0
0.0
59.0
133.0
59.0
57.0
245.0
329.0
360.0
297.0
367.0
119.0
49.0
6.0
0.0
0.0
0.0
0.0
0.0
0.0
0.0
0.0
0.0
0.0
0.0
0.0
50.0
136.0
228.0
317.0
374.0
413.0
417.0
384.0
313.0
215.0
115.0
36.0
0.0
0.0
0.0
0.0
0.0
0.0
0.0
0.0
0.0
0.0
0.0
0.0
62.0
91.0
265.0
184.0
406.0
249.0
289.0
136.0
197.0
124.0
52.0
5.0
0.0
0.0
0.0
0.0
0.0
0.0
0.0
0.0
0.0
0.0
0.0
0.0
26.0
71.0
124.0
160.0
231.0
262.0
274.0
258.0
292.0
212.0
136.0
64.0
0.0
0.0
0.0
0.0
0.0
0.0
0.0
0.0
0.0
0.0
0.0
1.0
78.0
196.0
322.0
426.0
503.0
541.0
537.0
501.0
415.0
304.0
180.0
64.0
0.0
0.0
0.0
0.0
0.0
0.0
0.0
0.0
0.0
0.0
0.0
2.0
83.0
201.0
318.0
423.0
481.0
512.0
515.0
464.0
386.0
290.0
169.0
62.0
0.0
0.0
0.0
0.0
0.0
0.0
0.0
0.0
0.0
0.0
0.0
2.0
83.0
196.0
314.0
413.0
485.0
522.0
513.0
473.0
395.0
290.0
169.0
62.0
0.0
0.0
0.0
0.0
0.0
0.0
0.0
0.0
0.0
0.0
0.0
1.0
61.0
172.0
326.0
408.0
440.0
452.0
432.0
364.0
230.0
207.0
128.0
56.0
0.0
0.0
0.0
0.0
0.0
0.0
0.0
0.0
0.0
0.0
0.0
1.0
35.0
90.0
159.0
199.0
242.0
294.0
279.0
244.0
222.0
170.0
94.0
35.0
0.0
0.0
0.0
0.0
0.0
0.0
0.0
0.0
0.0
0.0
0.0
4.0
39.0
46.0
162.0
54.0
202.0
277.0
477.0
408.0
495.0
370.0
226.0
78.0
1.0
0.0
0.0
0.0
0.0
0.0
0.0
0.0
0.0
0.0
0.0
4.0
73.0
164.0
263.0
343.0
399.0
418.0
428.0
386.0
320.0
239.0
147.0
59.0
1.0
0.0
0.0
0.0
0.0
0.0
0.0
0.0
0.0
0.0
0.0
4.0
77.0
177.0
293.0
366.0
499.0
488.0
498.0
476.0
359.0
245.0
174.0
73.0
2.0
0.0
0.0
0.0
0.0
0.0
0.0
0.0
0.0
0.0
0.0
6.0
81.0
157.0
236.0
299.0
364.0
373.0
374.0
338.0
289.0
206.0
143.0
59.0
1.0
0.0
0.0
0.0
0.0
0.0
0.0
0.0
0.0
0.0
0.0
8.0
101.0
211.0
311.0
384.0
446.0
458.0
462.0
421.0
354.0
262.0
161.0
68.0
1.0
0.0
0.0
0.0
0.0
0.0
0.0
0.0
0.0
0.0
0.0
13.0
133.0
256.0
345.0
401.0
441.0
500.0
550.0
507.0
394.0
311.0
191.0
77.0
2.0
0.0
0.0
0.0
0.0
0.0
0.0
0.0
0.0
0.0
0.0
11.0
76.0
158.0
234.0
343.0
286.0
298.0
341.0
382.0
317.0
260.0
125.0
58.0
1.0
0.0
0.0
0.0
0.0
0.0
0.0
0.0
0.0
0.0
0.0
9.0
70.0
139.0
184.0
226.0
260.0
266.0
267.0
231.0
183.0
143.0
89.0
38.0
2.0
0.0
0.0
0.0
0.0
0.0
0.0
0.0
0.0
0.0
0.0
21.0
151.0
284.0
413.0
514.0
593.0
627.0
623.0
579.0
495.0
382.0
249.0
119.0
8.0
0.0
0.0
0.0
0.0
0.0
0.0
0.0
0.0
0.0
0.0
5.0
18.0
27.0
42.0
46.0
47.0
56.0
80.0
439.0
380.0
295.0
195.0
95.0
8.0
0.0
0.0
0.0
0.0
0.0
0.0
0.0
0.0
0.0
0.0
15.0
13.0
44.0
109.0
210.0
190.0
207.0
155.0
229.0
228.0
194.0
121.0
50.0
6.0
0.0
0.0
0.0
0.0
0.0
0.0
0.0
0.0
0.0
0.0
35.0
98.0
211.0
244.0
292.0
372.0
324.0
416.0
494.0
402.0
351.0
269.0
148.0
14.0
0.0
0.0
0.0
0.0
0.0
0.0
0.0
0.0
0.0
0.0
16.0
48.0
82.0
117.0
146.0
161.0
174.0
166.0
154.0
131.0
103.0
68.0
35.0
3.0
0.0
0.0
0.0
0.0
0.0
0.0
0.0
0.0
0.0
0.0
34.0
110.0
187.0
277.0
337.0
382.0
366.0
366.0
363.0
269.0
195.0
129.0
55.0
3.0
0.0
0.0
0.0
0.0
0.0
0.0
0.0
0.0
0.0
0.0
48.0
136.0
230.0
330.0
405.0
471.0
495.0
484.0
462.0
400.0
309.0
207.0
105.0
11.0
0.0
0.0
0.0
0.0
0.0
0.0
0.0
0.0
0.0
1.0
47.0
114.0
188.0
197.0
299.0
341.0
400.0
384.0
336.0
310.0
201.0
133.0
69.0
3.0
0.0
0.0
0.0
0.0
0.0
0.0
0.0
0.0
0.0
1.0
38.0
103.0
170.0
287.0
343.0
354.0
418.0
420.0
336.0
252.0
202.0
120.0
58.0
4.0
0.0
0.0
0.0
0.0
0.0
0.0
0.0
0.0
0.0
4.0
88.0
217.0
381.0
463.0
574.0
617.0
568.0
428.0
265.0
157.0
162.0
179.0
118.0
47.0
0.0
0.0
0.0
0.0
0.0
0.0
0.0
0.0
0.0
2.0
84.0
204.0
340.0
466.0
569.0
643.0
678.0
675.0
624.0
542.0
424.0
291.0
157.0
50.0
0.0
0.0
0.0
0.0
0.0
0.0
0.0
0.0
0.0
3.0
45.0
188.0
216.0
222.0
285.0
352.0
398.0
467.0
548.0
572.0
479.0
317.0
156.0
58.0
0.0
0.0
0.0
0.0
0.0
0.0
0.0
0.0
0.0
7.0
102.0
224.0
374.0
384.0
359.0
518.0
328.0
398.0
517.0
352.0
303.0
191.0
174.0
37.0
1.0
0.0
0.0
0.0
0.0
0.0
0.0
0.0
0.0
2.0
62.0
121.0
195.0
284.0
371.0
419.0
528.0
417.0
428.0
465.0
358.0
261.0
158.0
63.0
1.0
0.0
0.0
0.0
0.0
0.0
0.0
0.0
0.0
4.0
77.0
168.0
270.0
362.0
429.0
486.0
511.0
471.0
440.0
378.0
313.0
218.0
121.0
39.0
0.0
0.0
0.0
0.0
0.0
0.0
0.0
0.0
0.0
8.0
79.0
171.0
296.0
433.0
487.0
487.0
595.0
569.0
478.0
393.0
359.0
247.0
145.0
64.0
1.0
0.0
0.0
0.0
0.0
0.0
0.0
0.0
0.0
8.0
107.0
231.0
370.0
491.0
589.0
658.0
687.0
676.0
629.0
542.0
433.0
309.0
178.0
66.0
1.0
0.0
0.0
0.0
0.0
0.0
0.0
0.0
0.0
10.0
114.0
238.0
370.0
495.0
596.0
662.0
695.0
690.0
636.0
556.0
445.0
320.0
184.0
71.0
1.0
0.0
0.0
0.0
0.0
0.0
0.0
0.0
0.0
9.0
95.0
194.0
308.0
409.0
491.0
542.0
558.0
554.0
517.0
456.0
361.0
252.0
145.0
54.0
1.0
0.0
0.0
0.0
0.0
0.0
0.0
0.0
0.0
7.0
69.0
140.0
208.0
284.0
332.0
371.0
362.0
373.0
376.0
296.0
228.0
154.0
88.0
25.0
1.0
0.0
0.0
0.0
0.0
0.0
0.0
0.0
0.0
7.0
58.0
122.0
198.0
248.0
297.0
365.0
391.0
364.0
344.0
324.0
245.0
180.0
104.0
35.0
1.0
0.0
0.0
0.0
0.0
0.0
0.0
0.0
0.0
18.0
131.0
254.0
376.0
481.0
577.0
638.0
678.0
659.0
615.0
545.0
447.0
317.0
184.0
73.0
2.0
0.0
0.0
0.0
0.0
0.0
0.0
0.0
0.0
27.0
97.0
241.0
447.0
363.0
316.0
475.0
322.0
245.0
169.0
227.0
126.0
235.0
154.0
95.0
7.0
0.0
0.0
0.0
0.0
0.0
0.0
0.0
0.0
43.0
107.0
20.0
30.0
172.0
251.0
710.0
656.0
656.0
546.0
346.0
69.0
25.0
15.0
7.0
1.0
0.0
0.0
0.0
0.0
0.0
0.0
0.0
0.0
38.0
122.0
233.0
344.0
449.0
540.0
592.0
610.0
609.0
558.0
484.0
390.0
277.0
164.0
68.0
1.0
0.0
0.0
0.0
0.0
0.0
0.0
0.0
0.0
26.0
87.0
167.0
231.0
302.0
359.0
411.0
451.0
416.0
364.0
332.0
278.0
227.0
124.0
52.0
1.0
0.0
0.0
0.0
0.0
0.0
0.0
0.0
0.0
35.0
147.0
192.0
213.0
283.0
319.0
367.0
305.0
367.0
357.0
373.0
339.0
317.0
193.0
112.0
21.0
0.0
0.0
0.0
0.0
0.0
0.0
0.0
0.0
42.0
121.0
214.0
313.0
408.0
497.0
540.0
555.0
532.0
504.0
461.0
382.0
278.0
177.0
81.0
7.0
0.0
0.0
0.0
0.0
0.0
0.0
0.0
0.0
47.0
115.0
200.0
305.0
430.0
480.0
524.0
576.0
566.0
478.0
431.0
345.0
234.0
152.0
71.0
2.0
0.0
0.0
0.0
0.0
0.0
0.0
0.0
0.0
5.0
130.0
227.0
272.0
433.0
194.0
420.0
558.0
641.0
547.0
399.0
314.0
106.0
133.0
118.0
11.0
0.0
0.0
0.0
0.0
0.0
0.0
0.0
1.0
60.0
159.0
283.0
419.0
545.0
620.0
671.0
677.0
664.0
625.0
556.0
441.0
337.0
211.0
101.0
8.0
0.0
0.0
0.0
0.0
0.0
0.0
0.0
2.0
43.0
86.0
175.0
39.0
98.0
170.0
114.0
177.0
130.0
230.0
372.0
403.0
370.0
262.0
126.0
32.0
0.0
0.0
0.0
0.0
0.0
0.0
0.0
1.0
25.0
68.0
114.0
161.0
200.0
268.0
259.0
266.0
256.0
219.0
225.0
180.0
125.0
82.0
43.0
3.0
0.0
0.0
0.0
0.0
0.0
0.0
0.0
1.0
23.0
67.0
99.0
176.0
235.0
252.0
222.0
193.0
167.0
198.0
193.0
147.0
132.0
108.0
34.0
3.0
0.0
0.0
0.0
0.0
0.0
0.0
0.0
3.0
78.0
192.0
326.0
468.0
593.0
692.0
758.0
789.0
782.0
730.0
640.0
523.0
387.0
248.0
123.0
16.0
0.0
0.0
0.0
0.0
0.0
0.0
0.0
3.0
74.0
179.0
298.0
435.0
542.0
636.0
705.0
718.0
717.0
654.0
568.0
465.0
342.0
225.0
113.0
34.0
0.0
0.0
0.0
0.0
0.0
0.0
0.0
4.0
78.0
187.0
315.0
441.0
559.0
655.0
720.0
753.0
742.0
694.0
621.0
509.0
382.0
245.0
123.0
38.0
0.0
0.0
0.0
0.0
0.0
0.0
0.0
4.0
76.0
175.0
296.0
411.0
517.0
607.0
710.0
726.0
736.0
659.0
583.0
487.0
361.0
234.0
115.0
37.0
0.0
0.0
0.0
0.0
0.0
0.0
0.0
1.0
29.0
73.0
112.0
192.0
244.0
314.0
347.0
337.0
343.0
343.0
299.0
232.0
178.0
118.0
66.0
21.0
0.0
0.0
0.0
0.0
0.0
0.0
0.0
5.0
67.0
185.0
379.0
505.0
567.0
488.0
541.0
554.0
622.0
475.0
358.0
336.0
203.0
141.0
95.0
41.0
0.0
0.0
0.0
0.0
0.0
0.0
0.0
6.0
75.0
168.0
272.0
375.0
473.0
550.0
602.0
612.0
609.0
572.0
504.0
408.0
310.0
203.0
108.0
36.0
0.0
0.0
0.0
0.0
0.0
0.0
0.0
2.0
38.0
90.0
166.0
226.0
337.0
392.0
427.0
428.0
440.0
445.0
429.0
386.0
345.0
248.0
144.0
57.0
1.0
0.0
0.0
0.0
0.0
0.0
0.0
5.0
55.0
119.0
216.0
278.0
361.0
431.0
491.0
484.0
515.0
459.0
400.0
346.0
259.0
168.0
96.0
30.0
0.0
0.0
0.0
0.0
0.0
0.0
0.0
9.0
93.0
203.0
330.0
453.0
563.0
647.0
708.0
724.0
719.0
669.0
591.0
487.0
372.0
249.0
135.0
48.0
0.0
0.0
0.0
0.0
0.0
0.0
0.0
9.0
79.0
165.0
270.0
379.0
495.0
609.0
626.0
700.0
673.0
643.0
546.0
472.0
327.0
242.0
116.0
44.0
1.0
0.0
0.0
0.0
0.0
0.0
0.0
8.0
11.0
124.0
88.0
191.0
166.0
240.0
572.0
894.0
836.0
524.0
339.0
214.0
411.0
179.0
89.0
22.0
0.0
0.0
0.0
0.0
0.0
0.0
0.0
12.0
101.0
212.0
334.0
443.0
536.0
627.0
685.0
704.0
704.0
681.0
625.0
520.0
402.0
280.0
162.0
65.0
2.0
0.0
0.0
0.0
0.0
0.0
0.0
9.0
63.0
114.0
140.0
131.0
191.0
208.0
376.0
329.0
361.0
362.0
463.0
495.0
445.0
353.0
185.0
59.0
4.0
0.0
0.0
0.0
0.0
0.0
0.0
11.0
73.0
149.0
235.0
329.0
412.0
460.0
516.0
501.0
480.0
479.0
403.0
353.0
275.0
184.0
99.0
40.0
1.0
0.0
0.0
0.0
0.0
0.0
0.0
14.0
100.0
207.0
332.0
435.0
550.0
640.0
715.0
739.0
743.0
709.0
637.0
543.0
427.0
300.0
172.0
69.0
3.0
0.0
0.0
0.0
0.0
0.0
0.0
34.0
116.0
235.0
372.0
509.0
635.0
738.0
799.0
829.0
820.0
772.0
689.0
578.0
447.0
307.0
176.0
72.0
3.0
0.0
0.0
0.0
0.0
0.0
0.0
31.0
95.0
207.0
330.0
450.0
533.0
659.0
737.0
760.0
710.0
648.0
585.0
490.0
386.0
264.0
146.0
55.0
2.0
0.0
0.0
0.0
0.0
0.0
0.0
12.0
41.0
83.0
129.0
176.0
225.0
267.0
288.0
296.0
277.0
250.0
233.0
199.0
146.0
102.0
58.0
23.0
1.0
0.0
0.0
0.0
0.0
0.0
0.0
8.0
10.0
20.0
31.0
42.0
53.0
61.0
66.0
82.0
209.0
767.0
747.0
627.0
415.0
336.0
122.0
6.0
1.0
0.0
0.0
0.0
0.0
0.0
0.0
39.0
125.0
245.0
412.0
533.0
698.0
805.0
826.0
422.0
316.0
273.0
165.0
115.0
94.0
41.0
32.0
22.0
1.0
0.0
0.0
0.0
0.0
0.0
0.0
34.0
114.0
237.0
356.0
462.0
632.0
763.0
779.0
412.0
377.0
330.0
227.0
212.0
175.0
109.0
52.0
40.0
4.0
0.0
0.0
0.0
0.0
0.0
0.0
3.0
18.0
75.0
93.0
83.0
151.0
227.0
290.0
370.0
430.0
387.0
322.0
326.0
293.0
215.0
152.0
60.0
10.0
0.0
0.0
0.0
0.0
0.0
0.0
28.0
69.0
154.0
211.0
282.0
340.0
367.0
412.0
456.0
442.0
466.0
401.0
340.0
256.0
156.0
90.0
37.0
1.0
0.0
0.0
0.0
0.0
0.0
0.0
18.0
21.0
52.0
28.0
107.0
228.0
295.0
418.0
373.0
414.0
395.0
402.0
339.0
292.0
232.0
192.0
85.0
15.0
0.0
0.0
0.0
0.0
0.0
0.0
35.0
109.0
212.0
317.0
424.0
520.0
595.0
655.0
699.0
694.0
643.0
582.0
481.0
384.0
276.0
166.0
76.0
8.0
0.0
0.0
0.0
0.0
0.0
0.0
30.0
95.0
179.0
277.0
383.0
465.0
524.0
563.0
584.0
596.0
554.0
489.0
422.0
320.0
234.0
148.0
69.0
8.0
0.0
0.0
0.0
0.0
0.0
0.0
18.0
51.0
116.0
170.0
237.0
272.0
312.0
369.0
387.0
368.0
334.0
301.0
245.0
176.0
111.0
70.0
29.0
2.0
0.0
0.0
0.0
0.0
0.0
0.0
44.0
128.0
243.0
368.0
493.0
615.0
709.0
770.0
791.0
780.0
740.0
658.0
557.0
434.0
303.0
184.0
82.0
7.0
0.0
0.0
0.0
0.0
0.0
0.0
40.0
117.0
220.0
322.0
444.0
561.0
666.0
732.0
761.0
762.0
712.0
625.0
525.0
425.0
310.0
191.0
90.0
11.0
0.0
0.0
0.0
0.0
0.0
0.0
44.0
120.0
228.0
357.0
479.0
577.0
659.0
717.0
751.0
754.0
718.0
640.0
544.0
422.0
302.0
182.0
83.0
10.0
0.0
0.0
0.0
0.0
0.0
0.0
35.0
104.0
202.0
303.0
398.0
497.0
598.0
653.0
695.0
666.0
643.0
577.0
475.0
387.0
293.0
177.0
88.0
12.0
0.0
0.0
0.0
0.0
0.0
0.0
47.0
133.0
253.0
385.0
518.0
635.0
731.0
794.0
824.0
815.0
770.0
696.0
593.0
466.0
331.0
202.0
93.0
10.0
0.0
0.0
0.0
0.0
0.0
0.0
43.0
65.0
110.0
254.0
303.0
451.0
599.0
237.0
470.0
684.0
116.0
196.0
633.0
386.0
337.0
218.0
102.0
23.0
0.0
0.0
0.0
0.0
0.0
0.0
4.0
27.0
44.0
129.0
168.0
54.0
68.0
232.0
265.0
396.0
326.0
278.0
511.0
304.0
300.0
231.0
93.0
29.0
0.0
0.0
0.0
0.0
0.0
1.0
55.0
92.0
288.0
410.0
371.0
313.0
832.0
668.0
251.0
428.0
392.0
60.0
51.0
40.0
29.0
18.0
8.0
2.0
0.0
0.0
0.0
0.0
0.0
0.0
18.0
39.0
121.0
250.0
373.0
412.0
521.0
568.0
568.0
625.0
644.0
514.0
390.0
323.0
192.0
157.0
105.0
29.0
0.0
0.0
0.0
0.0
0.0
1.0
48.0
132.0
252.0
388.0
523.0
644.0
743.0
806.0
838.0
831.0
784.0
696.0
588.0
459.0
326.0
198.0
92.0
11.0
0.0
0.0
0.0
0.0
0.0
1.0
46.0
126.0
239.0
365.0
496.0
612.0
707.0
776.0
806.0
802.0
760.0
687.0
590.0
470.0
340.0
211.0
103.0
15.0
0.0
0.0
0.0
0.0
0.0
1.0
45.0
123.0
236.0
362.0
491.0
611.0
702.0
768.0
797.0
789.0
750.0
680.0
580.0
464.0
336.0
208.0
99.0
15.0
0.0
0.0
0.0
0.0
0.0
0.0
45.0
124.0
238.0
364.0
498.0
623.0
721.0
792.0
818.0
809.0
767.0
693.0
583.0
460.0
330.0
205.0
97.0
14.0
0.0
0.0
0.0
0.0
0.0
0.0
41.0
121.0
237.0
379.0
503.0
690.0
745.0
745.0
377.0
403.0
421.0
349.0
272.0
235.0
138.0
81.0
37.0
2.0
0.0
0.0
0.0
0.0
0.0
0.0
25.0
12.0
25.0
34.0
239.0
565.0
464.0
357.0
250.0
405.0
595.0
579.0
568.0
234.0
249.0
229.0
109.0
17.0
0.0
0.0
0.0
0.0
0.0
0.0
33.0
88.0
176.0
264.0
341.0
431.0
483.0
542.0
590.0
597.0
540.0
514.0
420.0
342.0
245.0
147.0
77.0
9.0
0.0
0.0
0.0
0.0
0.0
0.0
36.0
86.0
149.0
258.0
283.0
311.0
413.0
503.0
542.0
510.0
478.0
402.0
302.0
260.0
160.0
103.0
60.0
2.0
0.0
0.0
0.0
0.0
0.0
0.0
41.0
117.0
223.0
340.0
461.0
569.0
659.0
721.0
763.0
751.0
718.0
645.0
550.0
440.0
306.0
190.0
89.0
12.0
0.0
0.0
0.0
0.0
0.0
0.0
7.0
26.0
56.0
74.0
95.0
145.0
166.0
171.0
174.0
202.0
210.0
184.0
143.0
108.0
75.0
42.0
16.0
2.0
0.0
0.0
0.0
0.0
0.0
0.0
11.0
26.0
50.0
78.0
119.0
149.0
164.0
176.0
176.0
164.0
159.0
147.0
116.0
97.0
72.0
45.0
22.0
2.0
0.0
0.0
0.0
0.0
0.0
0.0
23.0
95.0
167.0
143.0
40.0
50.0
58.0
63.0
420.0
484.0
665.0
613.0
468.0
244.0
48.0
106.0
103.0
14.0
0.0
0.0
0.0
0.0
0.0
0.0
40.0
118.0
227.0
350.0
477.0
600.0
687.0
747.0
776.0
774.0
738.0
670.0
570.0
453.0
325.0
202.0
96.0
13.0
0.0
0.0
0.0
0.0
0.0
0.0
13.0
32.0
55.0
84.0
135.0
194.0
272.0
235.0
218.0
247.0
258.0
220.0
189.0
184.0
133.0
50.0
34.0
3.0
0.0
0.0
0.0
0.0
0.0
0.0
34.0
98.0
201.0
312.0
436.0
535.0
622.0
685.0
743.0
753.0
721.0
648.0
555.0
442.0
317.0
200.0
96.0
14.0
0.0
0.0
0.0
0.0
0.0
0.0
25.0
96.0
178.0
295.0
425.0
663.0
746.0
785.0
679.0
657.0
514.0
432.0
385.0
224.0
159.0
92.0
41.0
2.0
0.0
0.0
0.0
0.0
0.0
0.0
36.0
108.0
214.0
330.0
456.0
576.0
668.0
735.0
764.0
764.0
728.0
655.0
556.0
437.0
312.0
191.0
90.0
10.0
0.0
0.0
0.0
0.0
0.0
0.0
7.0
10.0
20.0
31.0
42.0
271.0
669.0
290.0
69.0
172.0
428.0
806.0
574.0
445.0
391.0
241.0
90.0
28.0
0.0
0.0
0.0
0.0
0.0
0.0
31.0
103.0
204.0
314.0
427.0
517.0
618.0
640.0
669.0
656.0
635.0
579.0
451.0
359.0
246.0
154.0
65.0
2.0
0.0
0.0
0.0
0.0
0.0
0.0
23.0
72.0
163.0
217.0
299.0
398.0
492.0
540.0
566.0
582.0
566.0
531.0
421.0
337.0
215.0
133.0
58.0
2.0
0.0
0.0
0.0
0.0
0.0
0.0
23.0
53.0
120.0
211.0
234.0
291.0
241.0
330.0
388.0
512.0
424.0
375.0
364.0
309.0
233.0
98.0
34.0
2.0
0.0
0.0
0.0
0.0
0.0
0.0
29.0
100.0
205.0
318.0
437.0
543.0
633.0
709.0
731.0
725.0
692.0
627.0
513.0
412.0
300.0
186.0
85.0
8.0
0.0
0.0
0.0
0.0
0.0
0.0
4.0
9.0
18.0
97.0
92.0
144.0
77.0
62.0
350.0
575.0
561.0
547.0
502.0
509.0
361.0
218.0
99.0
22.0
0.0
0.0
0.0
0.0
0.0
0.0
14.0
112.0
198.0
310.0
381.0
449.0
478.0
682.0
380.0
443.0
441.0
453.0
377.0
255.0
213.0
171.0
99.0
22.0
0.0
0.0
0.0
0.0
0.0
0.0
2.0
11.0
25.0
39.0
54.0
67.0
81.0
95.0
99.0
98.0
86.0
79.0
67.0
51.0
41.0
24.0
11.0
2.0
0.0
0.0
0.0
0.0
0.0
0.0
10.0
97.0
209.0
374.0
537.0
674.0
785.0
862.0
402.0
280.0
161.0
143.0
191.0
142.0
91.0
61.0
21.0
1.0
0.0
0.0
0.0
0.0
0.0
0.0
16.0
104.0
185.0
263.0
438.0
342.0
277.0
396.0
356.0
858.0
339.0
211.0
341.0
264.0
258.0
202.0
93.0
7.0
0.0
0.0
0.0
0.0
0.0
0.0
5.0
59.0
100.0
194.0
264.0
290.0
366.0
552.0
521.0
547.0
607.0
529.0
491.0
429.0
316.0
206.0
89.0
10.0
0.0
0.0
0.0
0.0
0.0
0.0
7.0
59.0
133.0
209.0
299.0
381.0
440.0
474.0
507.0
538.0
506.0
448.0
379.0
269.0
186.0
103.0
36.0
1.0
0.0
0.0
0.0
0.0
0.0
0.0
5.0
52.0
109.0
167.0
222.0
281.0
348.0
371.0
388.0
347.0
321.0
281.0
239.0
191.0
145.0
79.0
27.0
1.0
0.0
0.0
0.0
0.0
0.0
0.0
4.0
37.0
82.0
138.0
195.0
227.0
269.0
302.0
305.0
294.0
285.0
228.0
184.0
137.0
94.0
60.0
24.0
1.0
0.0
0.0
0.0
0.0
0.0
0.0
8.0
79.0
178.0
299.0
449.0
588.0
707.0
751.0
368.0
287.0
292.0
273.0
204.0
164.0
100.0
64.0
27.0
1.0
0.0
0.0
0.0
0.0
0.0
0.0
3.0
46.0
116.0
192.0
284.0
362.0
420.0
492.0
492.0
493.0
429.0
388.0
348.0
282.0
171.0
88.0
31.0
1.0
0.0
0.0
0.0
0.0
0.0
0.0
5.0
100.0
187.0
305.0
375.0
405.0
359.0
329.0
409.0
314.0
561.0
470.0
363.0
185.0
155.0
61.0
30.0
1.0
0.0
0.0
0.0
0.0
0.0
0.0
1.0
48.0
93.0
242.0
410.0
664.0
734.0
858.0
463.0
467.0
343.0
250.0
472.0
261.0
226.0
63.0
78.0
1.0
0.0
0.0
0.0
0.0
0.0
0.0
1.0
38.0
70.0
88.0
72.0
46.0
168.0
301.0
330.0
407.0
457.0
374.0
267.0
188.0
175.0
91.0
51.0
4.0
0.0
0.0
0.0
0.0
0.0
0.0
3.0
63.0
156.0
265.0
340.0
449.0
529.0
606.0
647.0
659.0
621.0
579.0
474.0
404.0
276.0
167.0
70.0
2.0
0.0
0.0
0.0
0.0
0.0
0.0
2.0
54.0
127.0
226.0
329.0
414.0
485.0
539.0
540.0
528.0
503.0
481.0
386.0
301.0
200.0
110.0
40.0
0.0
0.0
0.0
0.0
0.0
0.0
0.0
2.0
70.0
174.0
304.0
433.0
550.0
656.0
725.0
766.0
760.0
713.0
640.0
533.0
412.0
280.0
153.0
57.0
1.0
0.0
0.0
0.0
0.0
0.0
0.0
2.0
67.0
167.0
294.0
424.0
545.0
639.0
708.0
742.0
745.0
713.0
636.0
529.0
405.0
277.0
154.0
57.0
1.0
0.0
0.0
0.0
0.0
0.0
0.0
2.0
66.0
171.0
299.0
431.0
551.0
650.0
719.0
752.0
748.0
706.0
629.0
524.0
397.0
267.0
143.0
51.0
0.0
0.0
0.0
0.0
0.0
0.0
0.0
1.0
62.0
160.0
283.0
411.0
527.0
622.0
692.0
724.0
718.0
681.0
605.0
504.0
385.0
257.0
137.0
47.0
0.0
0.0
0.0
0.0
0.0
0.0
0.0
1.0
62.0
164.0
295.0
426.0
549.0
651.0
724.0
758.0
757.0
721.0
645.0
543.0
417.0
279.0
151.0
51.0
0.0
0.0
0.0
0.0
0.0
0.0
0.0
1.0
60.0
164.0
294.0
429.0
553.0
656.0
727.0
762.0
758.0
716.0
639.0
533.0
406.0
271.0
144.0
48.0
0.0
0.0
0.0
0.0
0.0
0.0
0.0
1.0
52.0
152.0
261.0
383.0
465.0
587.0
657.0
705.0
686.0
634.0
533.0
413.0
287.0
190.0
104.0
28.0
0.0
0.0
0.0
0.0
0.0
0.0
0.0
0.0
52.0
147.0
264.0
392.0
583.0
699.0
730.0
442.0
418.0
419.0
360.0
302.0
219.0
148.0
72.0
26.0
0.0
0.0
0.0
0.0
0.0
0.0
0.0
0.0
40.0
120.0
216.0
325.0
409.0
490.0
546.0
569.0
582.0
531.0
474.0
397.0
298.0
195.0
98.0
30.0
0.0
0.0
0.0
0.0
0.0
0.0
0.0
0.0
22.0
29.0
137.0
334.0
418.0
424.0
796.0
622.0
604.0
96.0
51.0
42.0
32.0
25.0
22.0
3.0
0.0
0.0
0.0
0.0
0.0
0.0
0.0
0.0
4.0
43.0
71.0
58.0
177.0
319.0
339.0
339.0
389.0
302.0
272.0
135.0
200.0
102.0
79.0
3.0
0.0
0.0
0.0
0.0
0.0
0.0
0.0
0.0
38.0
113.0
217.0
363.0
443.0
602.0
603.0
593.0
570.0
547.0
455.0
403.0
301.0
182.0
93.0
7.0
0.0
0.0
0.0
0.0
0.0
0.0
0.0
0.0
33.0
114.0
202.0
281.0
390.0
463.0
455.0
443.0
474.0
477.0
445.0
384.0
256.0
182.0
74.0
2.0
0.0
0.0
0.0
0.0
0.0
0.0
0.0
0.0
26.0
97.0
185.0
268.0
364.0
403.0
458.0
529.0
458.0
418.0
395.0
339.0
299.0
249.0
119.0
22.0
0.0
0.0
0.0
0.0
0.0
0.0
0.0
0.0
8.0
88.0
158.0
168.0
246.0
285.0
444.0
473.0
444.0
363.0
220.0
38.0
58.0
62.0
54.0
6.0
0.0
0.0
0.0
0.0
0.0
0.0
0.0
0.0
3.0
60.0
78.0
183.0
268.0
310.0
353.0
265.0
358.0
313.0
258.0
171.0
31.0
40.0
28.0
4.0
0.0
0.0
0.0
0.0
0.0
0.0
0.0
0.0
13.0
102.0
196.0
294.0
424.0
506.0
606.0
585.0
600.0
568.0
519.0
439.0
352.0
234.0
106.0
12.0
0.0
0.0
0.0
0.0
0.0
0.0
0.0
0.0
12.0
114.0
229.0
355.0
477.0
573.0
635.0
662.0
669.0
631.0
553.0
452.0
334.0
209.0
91.0
5.0
0.0
0.0
0.0
0.0
0.0
0.0
0.0
0.0
11.0
109.0
228.0
354.0
459.0
550.0
612.0
650.0
652.0
615.0
535.0
430.0
317.0
196.0
84.0
4.0
0.0
0.0
0.0
0.0
0.0
0.0
0.0
0.0
11.0
114.0
240.0
373.0
497.0
602.0
670.0
705.0
693.0
645.0
569.0
463.0
332.0
199.0
85.0
3.0
0.0
0.0
0.0
0.0
0.0
0.0
0.0
0.0
8.0
100.0
213.0
339.0
453.0
550.0
633.0
674.0
671.0
626.0
560.0
457.0
338.0
204.0
87.0
4.0
0.0
0.0
0.0
0.0
0.0
0.0
0.0
0.0
2.0
41.0
87.0
156.0
228.0
265.0
277.0
290.0
303.0
304.0
257.0
198.0
162.0
99.0
38.0
1.0
0.0
0.0
0.0
0.0
0.0
0.0
0.0
0.0
10.0
77.0
177.0
209.0
368.0
328.0
201.0
60.0
91.0
190.0
258.0
224.0
249.0
113.0
75.0
6.0
0.0
0.0
0.0
0.0
0.0
0.0
0.0
0.0
6.0
96.0
218.0
347.0
468.0
575.0
648.0
675.0
673.0
638.0
565.0
455.0
326.0
193.0
78.0
2.0
0.0
0.0
0.0
0.0
0.0
0.0
0.0
0.0
1.0
29.0
71.0
115.0
152.0
171.0
194.0
207.0
206.0
182.0
163.0
135.0
96.0
61.0
23.0
0.0
0.0
0.0
0.0
0.0
0.0
0.0
0.0
0.0
1.0
34.0
89.0
140.0
206.0
248.0
282.0
282.0
310.0
306.0
256.0
207.0
157.0
88.0
33.0
0.0
0.0
0.0
0.0
0.0
0.0
0.0
0.0
0.0
3.0
75.0
180.0
277.0
410.0
510.0
547.0
583.0
577.0
575.0
514.0
414.0
288.0
155.0
60.0
1.0
0.0
0.0
0.0
0.0
0.0
0.0
0.0
0.0
1.0
38.0
79.0
142.0
189.0
219.0
236.0
270.0
296.0
254.0
227.0
190.0
142.0
80.0
28.0
0.0
0.0
0.0
0.0
0.0
0.0
0.0
0.0
0.0
1.0
33.0
78.0
128.0
171.0
214.0
237.0
252.0
267.0
252.0
218.0
178.0
125.0
67.0
23.0
0.0
0.0
0.0
0.0
0.0
0.0
0.0
0.0
0.0
4.0
88.0
190.0
367.0
507.0
419.0
285.0
338.0
336.0
105.0
161.0
97.0
96.0
137.0
44.0
0.0
0.0
0.0
0.0
0.0
0.0
0.0
0.0
0.0
2.0
31.0
107.0
186.0
382.0
222.0
163.0
149.0
266.0
185.0
213.0
126.0
76.0
89.0
39.0
0.0
0.0
0.0
0.0
0.0
0.0
0.0
0.0
0.0
1.0
48.0
76.0
125.0
143.0
189.0
206.0
359.0
302.0
289.0
84.0
128.0
177.0
75.0
4.0
0.0
0.0
0.0
0.0
0.0
0.0
0.0
0.0
0.0
0.0
38.0
108.0
245.0
292.0
391.0
242.0
323.0
222.0
253.0
126.0
191.0
95.0
115.0
43.0
0.0
0.0
0.0
0.0
0.0
0.0
0.0
0.0
0.0
0.0
30.0
101.0
193.0
245.0
270.0
335.0
369.0
348.0
344.0
290.0
214.0
119.0
55.0
3.0
0.0
0.0
0.0
0.0
0.0
0.0
0.0
0.0
0.0
0.0
51.0
148.0
264.0
381.0
475.0
535.0
556.0
555.0
498.0
424.0
324.0
216.0
109.0
11.0
0.0
0.0
0.0
0.0
0.0
0.0
0.0
0.0
0.0
0.0
60.0
167.0
295.0
420.0
516.0
593.0
619.0
594.0
531.0
445.0
331.0
215.0
100.0
8.0
0.0
0.0
0.0
0.0
0.0
0.0
0.0
0.0
0.0
0.0
40.0
125.0
235.0
342.0
428.0
541.0
551.0
554.0
448.0
409.0
275.0
173.0
77.0
8.0
0.0
0.0
0.0
0.0
0.0
0.0
0.0
0.0
0.0
0.0
46.0
146.0
267.0
372.0
468.0
537.0
552.0
554.0
511.0
450.0
363.0
235.0
117.0
13.0
0.0
0.0
0.0
0.0
0.0
0.0
0.0
0.0
0.0
0.0
48.0
152.0
285.0
381.0
470.0
537.0
556.0
549.0
488.0
434.0
330.0
216.0
100.0
7.0
0.0
0.0
0.0
0.0
0.0
0.0
0.0
0.0
0.0
0.0
53.0
128.0
308.0
318.0
315.0
161.0
322.0
377.0
364.0
216.0
208.0
113.0
96.0
9.0
0.0
0.0
0.0
0.0
0.0
0.0
0.0
0.0
0.0
0.0
29.0
81.0
157.0
186.0
165.0
245.0
244.0
341.0
269.0
239.0
226.0
165.0
105.0
16.0
0.0
0.0
0.0
0.0
0.0
0.0
0.0
0.0
0.0
0.0
9.0
101.0
204.0
260.0
275.0
270.0
265.0
324.0
350.0
358.0
295.0
194.0
102.0
9.0
0.0
0.0
0.0
0.0
0.0
0.0
0.0
0.0
0.0
0.0
18.0
143.0
270.0
390.0
491.0
562.0
598.0
590.0
540.0
454.0
342.0
212.0
90.0
2.0
0.0
0.0
0.0
0.0
0.0
0.0
0.0
0.0
0.0
0.0
3.0
24.0
44.0
71.0
109.0
128.0
137.0
123.0
124.0
101.0
72.0
55.0
24.0
1.0
0.0
0.0
0.0
0.0
0.0
0.0
0.0
0.0
0.0
0.0
9.0
82.0
135.0
223.0
279.0
315.0
324.0
322.0
325.0
249.0
168.0
95.0
33.0
1.0
0.0
0.0
0.0
0.0
0.0
0.0
0.0
0.0
0.0
0.0
14.0
148.0
206.0
145.0
249.0
290.0
223.0
220.0
382.0
236.0
232.0
136.0
28.0
0.0
0.0
0.0
0.0
0.0
0.0
0.0
0.0
0.0
0.0
0.0
19.0
142.0
267.0
423.0
501.0
347.0
50.0
49.0
44.0
37.0
27.0
16.0
6.0
0.0
0.0
0.0
0.0
0.0
0.0
0.0
0.0
0.0
0.0
0.0
3.0
49.0
66.0
32.0
39.0
162.0
363.0
345.0
313.0
314.0
240.0
148.0
56.0
2.0
0.0
0.0
0.0
0.0
0.0
0.0
0.0
0.0
0.0
0.0
10.0
41.0
21.0
32.0
41.0
76.0
227.0
146.0
456.0
314.0
167.0
92.0
23.0
0.0
0.0
0.0
0.0
0.0
0.0
0.0
0.0
0.0
0.0
0.0
2.0
11.0
20.0
31.0
39.0
61.0
96.0
121.0
487.0
446.0
285.0
197.0
66.0
0.0
0.0
0.0
0.0
0.0
0.0
0.0
0.0
0.0
0.0
0.0
2.0
42.0
118.0
196.0
215.0
279.0
296.0
277.0
304.0
326.0
219.0
148.0
57.0
0.0
0.0
0.0
0.0
0.0
0.0
0.0
0.0
0.0
0.0
0.0
1.0
69.0
74.0
162.0
163.0
245.0
266.0
346.0
341.0
412.0
209.0
84.0
35.0
0.0
0.0
0.0
0.0
0.0
0.0
0.0
0.0
0.0
0.0
0.0
4.0
98.0
217.0
325.0
419.0
493.0
512.0
507.0
447.0
359.0
252.0
141.0
19.0
0.0
0.0
0.0
0.0
0.0
0.0
0.0
0.0
0.0
0.0
0.0
2.0
29.0
51.0
74.0
107.0
101.0
113.0
167.0
141.0
119.0
103.0
51.0
11.0
0.0
0.0
0.0
0.0
0.0
0.0
0.0
0.0
0.0
0.0
0.0
1.0
40.0
105.0
162.0
229.0
270.0
298.0
280.0
235.0
200.0
113.0
48.0
3.0
0.0
0.0
0.0
0.0
0.0
0.0
0.0
0.0
0.0
0.0
0.0
1.0
45.0
109.0
157.0
227.0
271.0
294.0
291.0
241.0
205.0
141.0
73.0
6.0
0.0
0.0
0.0
0.0
0.0
0.0
0.0
0.0
0.0
0.0
0.0
2.0
82.0
194.0
311.0
407.0
477.0
498.0
484.0
446.0
359.0
253.0
129.0
12.0
0.0
0.0
0.0
0.0
0.0
0.0
0.0
0.0
0.0
0.0
0.0
2.0
61.0
135.0
156.0
154.0
278.0
365.0
425.0
335.0
341.0
244.0
142.0
13.0
0.0
0.0
0.0
0.0
0.0
0.0
0.0
0.0
0.0
0.0
0.0
1.0
59.0
151.0
241.0
323.0
358.0
374.0
369.0
322.0
271.0
193.0
97.0
6.0
0.0
0.0
0.0
0.0
0.0
0.0
0.0
0.0
0.0
0.0
0.0
1.0
75.0
187.0
301.0
405.0
472.0
500.0
465.0
418.0
329.0
221.0
108.0
6.0
0.0
0.0
0.0
0.0
0.0
0.0
0.0
0.0
0.0
0.0
0.0
0.0
62.0
176.0
292.0
371.0
431.0
435.0
412.0
352.0
281.0
183.0
76.0
1.0
0.0
0.0
0.0
0.0
0.0
0.0
0.0
0.0
0.0
0.0
0.0
0.0
34.0
78.0
136.0
198.0
223.0
213.0
243.0
196.0
171.0
94.0
48.0
1.0
0.0
0.0
0.0
0.0
0.0
0.0
0.0
0.0
0.0
0.0
0.0
0.0
51.0
146.0
250.0
337.0
390.0
406.0
411.0
335.0
261.0
163.0
67.0
1.0
0.0
0.0
0.0
0.0
0.0
0.0
0.0
0.0
0.0
0.0
0.0
0.0
21.0
84.0
162.0
173.0
152.0
157.0
100.0
124.0
91.0
132.0
48.0
1.0
0.0
0.0
0.0
0.0
0.0
0.0
0.0
0.0
0.0
0.0
0.0
0.0
30.0
95.0
142.0
107.0
216.0
279.0
371.0
257.0
206.0
147.0
90.0
3.0
0.0
0.0
0.0
0.0
0.0
0.0
0.0
0.0
0.0
0.0
0.0
0.0
49.0
138.0
103.0
312.0
456.0
128.0
143.0
224.0
256.0
110.0
14.0
0.0
0.0
0.0
0.0
0.0
0.0
0.0
0.0
0.0
0.0
0.0
0.0
0.0
31.0
29.0
89.0
92.0
210.0
172.0
210.0
164.0
179.0
107.0
59.0
3.0
0.0
0.0
0.0
0.0
0.0
0.0
0.0
0.0
0.0
0.0
0.0
0.0
46.0
157.0
270.0
372.0
423.0
438.0
420.0
370.0
289.0
176.0
67.0
0.0
0.0
0.0
0.0
0.0
0.0
0.0
0.0
0.0
0.0
0.0
0.0
0.0
13.0
117.0
240.0
264.0
221.0
278.0
185.0
259.0
224.0
186.0
69.0
1.0
0.0
0.0
0.0
0.0
0.0
0.0
0.0
0.0
0.0
0.0
0.0
0.0
19.0
136.0
200.0
317.0
399.0
440.0
383.0
203.0
51.0
76.0
26.0
0.0
0.0
0.0
0.0
0.0
0.0
0.0
0.0
0.0
0.0
0.0
0.0
0.0
3.0
12.0
23.0
27.0
34.0
41.0
44.0
293.0
218.0
132.0
47.0
0.0
0.0
0.0
0.0
0.0
0.0
0.0
0.0
0.0
0.0
0.0
0.0
0.0
3.0
22.0
20.0
168.0
210.0
278.0
325.0
271.0
182.0
94.0
36.0
0.0
0.0
0.0
0.0
0.0
0.0
0.0
0.0
0.0
0.0
0.0
0.0
0.0
3.0
32.0
63.0
87.0
100.0
100.0
91.0
77.0
56.0
32.0
9.0
0.0
0.0
0.0
0.0
0.0
0.0
0.0
0.0
0.0
0.0
0.0
0.0
0.0
2.0
36.0
46.0
30.0
46.0
218.0
182.0
203.0
119.0
48.0
6.0
0.0
0.0
0.0
0.0
0.0
0.0
0.0
0.0
0.0
0.0
0.0
0.0
0.0
4.0
48.0
89.0
133.0
139.0
130.0
118.0
109.0
94.0
50.0
3.0
0.0
0.0
0.0
0.0
0.0
0.0
0.0
0.0
0.0
0.0
0.0
0.0
0.0
2.0
26.0
53.0
75.0
90.0
97.0
95.0
82.0
60.0
34.0
4.0
0.0
0.0
0.0
0.0
0.0
0.0
0.0
0.0
0.0
0.0
0.0
0.0
0.0
7.0
14.0
27.0
115.0
30.0
117.0
417.0
320.0
256.0
138.0
21.0
0.0
0.0
0.0
0.0
0.0
0.0
0.0
0.0
0.0
0.0
0.0
0.0
0.0
4.0
64.0
142.0
182.0
214.0
265.0
240.0
186.0
140.0
63.0
2.0
0.0
0.0
0.0
0.0
0.0
0.0
0.0
0.0
0.0
0.0
0.0
0.0
0.0
1.0
28.0
61.0
86.0
101.0
109.0
102.0
84.0
58.0
30.0
2.0
0.0
0.0
0.0
0.0
0.0
0.0
0.0
0.0
0.0
0.0
0.0
0.0
0.0
1.0
21.0
48.0
78.0
105.0
112.0
106.0
119.0
75.0
37.0
4.0
0.0
0.0
0.0
0.0
0.0
0.0
0.0
0.0
0.0
0.0
0.0
0.0
0.0
2.0
78.0
185.0
258.0
330.0
332.0
300.0
256.0
196.0
109.0
8.0
0.0
0.0
0.0
0.0
0.0
0.0
0.0
0.0
0.0
0.0
0.0
0.0
0.0
1.0
38.0
96.0
163.0
279.0
263.0
312.0
297.0
205.0
99.0
6.0
0.0
0.0
0.0
0.0
0.0
0.0
0.0
0.0
0.0
0.0
0.0
0.0
0.0
1.0
37.0
83.0
127.0
155.0
177.0
170.0
135.0
98.0
48.0
2.0
0.0
0.0
0.0
0.0
0.0
0.0
0.0
0.0
0.0
0.0
0.0
0.0
0.0
1.0
23.0
49.0
65.0
108.0
104.0
81.0
68.0
51.0
21.0
1.0
0.0
0.0
0.0
0.0
0.0
0.0
0.0
0.0
0.0
0.0
0.0
0.0
0.0
0.0
17.0
67.0
114.0
114.0
127.0
104.0
62.0
38.0
15.0
1.0
0.0
0.0
0.0
0.0
0.0
0.0
0.0
0.0
0.0
0.0
0.0
0.0
0.0
1.0
46.0
105.0
143.0
140.0
114.0
81.0
19.0
25.0
32.0
1.0
0.0
0.0
0.0
0.0
0.0
0.0
0.0
0.0
0.0
0.0
0.0
0.0
0.0
0.0
57.0
137.0
221.0
272.0
288.0
267.0
215.0
140.0
57.0
0.0
0.0
0.0
0.0
0.0
0.0
0.0
0.0
0.0
0.0
0.0
0.0
0.0
0.0
0.0
8.0
21.0
33.0
40.0
43.0
41.0
33.0
22.0
9.0
0.0
0.0
0.0
0.0
0.0
0.0
0.0
0.0
0.0
0.0
0.0
0.0
0.0
0.0
0.0
38.0
95.0
158.0
162.0
229.0
206.0
159.0
132.0
68.0
1.0
0.0
0.0
0.0
0.0
0.0
0.0
0.0
0.0
0.0
0.0
0.0
0.0
0.0
0.0
55.0
156.0
251.0
204.0
145.0
26.0
21.0
14.0
5.0
0.0
0.0
0.0
0.0
0.0
0.0
0.0
0.0
0.0
0.0
0.0
0.0
0.0
0.0
0.0
9.0
14.0
45.0
24.0
33.0
32.0
230.0
137.0
51.0
0.0
0.0
0.0
0.0
0.0
0.0
0.0
0.0
0.0
0.0
0.0
0.0
0.0
0.0
0.0
4.0
34.0
171.0
137.0
283.0
128.0
181.0
89.0
10.0
0.0
0.0
0.0
0.0
0.0
0.0
0.0
0.0
0.0
0.0
0.0
0.0
0.0
0.0
0.0
8.0
91.0
91.0
132.0
221.0
207.0
204.0
146.0
51.0
0.0
0.0
0.0
0.0
0.0
0.0
0.0
0.0
0.0
0.0
0.0
0.0
0.0
0.0
0.0
5.0
41.0
66.0
125.0
90.0
79.0
72.0
38.0
14.0
0.0
0.0
0.0
0.0
0.0
0.0
0.0
0.0
0.0
0.0
0.0
0.0
0.0
0.0
0.0
3.0
124.0
156.0
185.0
204.0
158.0
38.0
10.0
3.0
0.0
0.0
0.0
0.0
0.0
0.0
0.0
0.0
0.0
0.0
0.0
0.0
0.0
0.0
0.0
12.0
101.0
171.0
220.0
254.0
237.0
196.0
116.0
19.0
0.0
0.0
0.0
0.0
0.0
0.0
0.0
0.0
0.0
0.0
0.0
0.0
0.0
0.0
0.0
12.0
108.0
179.0
229.0
238.0
239.0
196.0
115.0
18.0
0.0
0.0
0.0
0.0
0.0
0.0
0.0
0.0
0.0
0.0
0.0
0.0
0.0
0.0
0.0
10.0
93.0
167.0
239.0
253.0
226.0
164.0
78.0
7.0
0.0
0.0
0.0
0.0
0.0
0.0
0.0
0.0
0.0
0.0
0.0
0.0
0.0
0.0
0.0
2.0
35.0
74.0
92.0
82.0
60.0
168.0
101.0
2.0
0.0
0.0
0.0
0.0
0.0
0.0
0.0
0.0
0.0
0.0
0.0
0.0
0.0
0.0
0.0
2.0
14.0
31.0
42.0
44.0
45.0
186.0
108.0
10.0
0.0
0.0
0.0
0.0
0.0
0.0
0.0
0.0
0.0
0.0
0.0
0.0
0.0
0.0
0.0
1.0
22.0
41.0
65.0
63.0
58.0
50.0
30.0
3.0
0.0
0.0
0.0
0.0
0.0
0.0
0.0
0.0
0.0
0.0
0.0
0.0
0.0
0.0
0.0
1.0
9.0
15.0
22.0
24.0
22.0
18.0
10.0
1.0
0.0
0.0
0.0
0.0
0.0
0.0
0.0
0.0
0.0
0.0
0.0
0.0
0.0
0.0
0.0
1.0
14.0
27.0
33.0
40.0
37.0
26.0
15.0
1.0
0.0
0.0
0.0
0.0
0.0
0.0
0.0
0.0
0.0
0.0
0.0
0.0
0.0
0.0
0.0
1.0
51.0
116.0
134.0
131.0
132.0
107.0
64.0
4.0
0.0
0.0
0.0
0.0
0.0
0.0
0.0
0.0
0.0
0.0
0.0
0.0
0.0
0.0
0.0
1.0
27.0
60.0
81.0
84.0
78.0
57.0
30.0
1.0
0.0
0.0
0.0
0.0
0.0
0.0
0.0
0.0
0.0
0.0
0.0
0.0
0.0
0.0
0.0
1.0
17.0
40.0
61.0
59.0
53.0
46.0
21.0
1.0
0.0
0.0
0.0
0.0
0.0
0.0
0.0
0.0
0.0
0.0
0.0
0.0
0.0
0.0
0.0
1.0
18.0
43.0
60.0
55.0
39.0
38.0
17.0
1.0
0.0
0.0
0.0
0.0
0.0
0.0
0.0
0.0
0.0
0.0
0.0
0.0
0.0
0.0
0.0
0.0
10.0
22.0
32.0
33.0
35.0
25.0
12.0
1.0
0.0
0.0
0.0
0.0
0.0
0.0
0.0
0.0
0.0
0.0
0.0
0.0
0.0
0.0
0.0
2.0
27.0
33.0
99.0
85.0
84.0
97.0
33.0
2.0
0.0
0.0
0.0
0.0
0.0
0.0
0.0
0.0
0.0
0.0
0.0
0.0
0.0
0.0
0.0
0.0
13.0
29.0
43.0
50.0
41.0
35.0
16.0
0.0
0.0
0.0
0.0
0.0
0.0
0.0
0.0
0.0
0.0
0.0
0.0
0.0
0.0
0.0
0.0
1.0
57.0
61.0
85.0
119.0
82.0
12.0
6.0
0.0
0.0
0.0
0.0
0.0
0.0
0.0
0.0
0.0
0.0
0.0
0.0
0.0
0.0
0.0
0.0
0.0
14.0
29.0
44.0
45.0
44.0
30.0
11.0
0.0
0.0
0.0
0.0
0.0
0.0
0.0
0.0
0.0
0.0
0.0
0.0
0.0
0.0
0.0
0.0
0.0
46.0
11.0
112.0
147.0
75.0
41.0
5.0
0.0
0.0
0.0
0.0
0.0
0.0
0.0
0.0
0.0
0.0
0.0
0.0
0.0
0.0
0.0
0.0
0.0
41.0
98.0
145.0
159.0
141.0
93.0
40.0
0.0
0.0
0.0
0.0
0.0
0.0
0.0
0.0
0.0
0.0
0.0
0.0
0.0
0.0
0.0
0.0
0.0
37.0
39.0
163.0
67.0
33.0
94.0
49.0
0.0
0.0
0.0
0.0
0.0
0.0
0.0
0.0
0.0
0.0
0.0
0.0
0.0
0.0
0.0
0.0
0.0
12.0
29.0
41.0
55.0
47.0
31.0
9.0
0.0
0.0
0.0
0.0
0.0
0.0
0.0
0.0
0.0
0.0
0.0
0.0
0.0
0.0
0.0
0.0
0.0
3.0
91.0
110.0
146.0
144.0
99.0
42.0
0.0
0.0
0.0
0.0
0.0
0.0
0.0
0.0
0.0
0.0
0.0
0.0
0.0
0.0
0.0
0.0
0.0
12.0
88.0
136.0
146.0
130.0
86.0
34.0
0.0
0.0
0.0
0.0
0.0
0.0
0.0
0.0
0.0
0.0
0.0
0.0
0.0
0.0
0.0
0.0
0.0
5.0
88.0
66.0
109.0
120.0
94.0
37.0
0.0
0.0
0.0
0.0
0.0
0.0
0.0
0.0
0.0
0.0
0.0
0.0
0.0
0.0
0.0
0.0
0.0
2.0
25.0
23.0
40.0
39.0
100.0
38.0
0.0
0.0
0.0
0.0
0.0
0.0
0.0
0.0
0.0
0.0
0.0
0.0
0.0
0.0
0.0
0.0
0.0
2.0
30.0
53.0
83.0
89.0
54.0
10.0
0.0
0.0
0.0
0.0
0.0
0.0
0.0
0.0
0.0
0.0
0.0
0.0
0.0
0.0
0.0
0.0
0.0
7.0
74.0
114.0
154.0
132.0
101.0
20.0
0.0
0.0
0.0
0.0
0.0
0.0
0.0
0.0
0.0
0.0
0.0
0.0
0.0
0.0
0.0
0.0
0.0
2.0
22.0
35.0
42.0
38.0
24.0
3.0
0.0
0.0
0.0
0.0
0.0
0.0
0.0
0.0
0.0
0.0
0.0
0.0
0.0
0.0
0.0
0.0
0.0
1.0
21.0
35.0
43.0
38.0
26.0
4.0
0.0
0.0
0.0
0.0
0.0
0.0
0.0
0.0
0.0
0.0
0.0
0.0
0.0
0.0
0.0
0.0
0.0
1.0
9.0
13.0
16.0
15.0
10.0
2.0
0.0
0.0
0.0
0.0
0.0
0.0
0.0
0.0
0.0
0.0
0.0
0.0
0.0
0.0
0.0
0.0
0.0
2.0
30.0
45.0
43.0
52.0
35.0
4.0
0.0
0.0
0.0
0.0
0.0
0.0
0.0
0.0
0.0
0.0
0.0
0.0
0.0
0.0
0.0
0.0
0.0
1.0
21.0
32.0
47.0
38.0
23.0
2.0
0.0
0.0
0.0
0.0
0.0
0.0
0.0
0.0
0.0
0.0
0.0
0.0
0.0
0.0
0.0
0.0
0.0
2.0
42.0
97.0
119.0
123.0
55.0
8.0
0.0
0.0
0.0
0.0
0.0
0.0
0.0
0.0
0.0
0.0
0.0
0.0
0.0
0.0
0.0
0.0
0.0
1.0
8.0
25.0
54.0
72.0
62.0
19.0
0.0
0.0
0.0
0.0
0.0
0.0
0.0
0.0
0.0
0.0
0.0
0.0
0.0
0.0
0.0
0.0
0.0
3.0
55.0
62.0
60.0
54.0
44.0
2.0
0.0
0.0
0.0
0.0
0.0
0.0
0.0
0.0
0.0
0.0
0.0
0.0
0.0
0.0
0.0
0.0
0.0
1.0
17.0
27.0
26.0
33.0
20.0
2.0
0.0
0.0
0.0
0.0
0.0
0.0
0.0
0.0
0.0
0.0
0.0
0.0
0.0
0.0
0.0
0.0
0.0
1.0
9.0
18.0
20.0
18.0
12.0
2.0
0.0
0.0
0.0
0.0
0.0
0.0
0.0
0.0
0.0
0.0
0.0
0.0
0.0
0.0
0.0
0.0
0.0
1.0
4.0
31.0
102.0
63.0
41.0
3.0
0.0
0.0
0.0
0.0
0.0
0.0
0.0
0.0
0.0
0.0
0.0
0.0
0.0
0.0
0.0
0.0
0.0
0.0
16.0
27.0
34.0
33.0
20.0
1.0
0.0
0.0
0.0
0.0
0.0
0.0
0.0
0.0
0.0
0.0
0.0
0.0
0.0
0.0
0.0
0.0
0.0
0.0
50.0
92.0
115.0
103.0
70.0
5.0
0.0
0.0
0.0
0.0
0.0
0.0
0.0
0.0
0.0
0.0
0.0
0.0
0.0
0.0
0.0
0.0
0.0
0.0
38.0
78.0
103.0
93.0
56.0
5.0
0.0
0.0
0.0
0.0
0.0
0.0
0.0
0.0
0.0
0.0
0.0
0.0
0.0
0.0
0.0
0.0
0.0
0.0
31.0
62.0
77.0
76.0
47.0
4.0
0.0
0.0
0.0
0.0
0.0
0.0
0.0
0.0
0.0
0.0
0.0
0.0
0.0
0.0
0.0
0.0
0.0
0.0
20.0
47.0
49.0
44.0
26.0
1.0
0.0
0.0
0.0
0.0
0.0
0.0
0.0
0.0
0.0
0.0
0.0
0.0
0.0
0.0
0.0
0.0
0.0
0.0
28.0
52.0
68.0
66.0
45.0
1.0
0.0
0.0
0.0
0.0
0.0
0.0
0.0
0.0
0.0
0.0
0.0
0.0
0.0
0.0
0.0
0.0
0.0
0.0
39.0
40.0
57.0
32.0
19.0
2.0
0.0
0.0
0.0
0.0
0.0
0.0
0.0
0.0
0.0
0.0
0.0
0.0
0.0
0.0
0.0
0.0
0.0
0.0
5.0
12.0
14.0
15.0
71.0
4.0
0.0
0.0
0.0
0.0
0.0
0.0
0.0
0.0
0.0
0.0
0.0
0.0
0.0
0.0
0.0
0.0
0.0
0.0
3.0
7.0
8.0
7.0
5.0
1.0
0.0
0.0
0.0
0.0
0.0
0.0
0.0
0.0
0.0
0.0
0.0
0.0
0.0
0.0
0.0
0.0
0.0
0.0
6.0
14.0
17.0
16.0
10.0
1.0
0.0
0.0
0.0
0.0
0.0
0.0
0.0
0.0
0.0
0.0
0.0
0.0
0.0
0.0
0.0
0.0
0.0
0.0
3.0
7.0
8.0
8.0
5.0
1.0
0.0
0.0
0.0
0.0
0.0
0.0
0.0
0.0
0.0
0.0
0.0
0.0
0.0
0.0
0.0
0.0
0.0
0.0
7.0
16.0
23.0
20.0
14.0
1.0
0.0
0.0
0.0
0.0
0.0
0.0
0.0
0.0
0.0
0.0
0.0
0.0
0.0
0.0
0.0
0.0
0.0
0.0
22.0
45.0
54.0
53.0
34.0
1.0
0.0
0.0
0.0
0.0
0.0
0.0
0.0
0.0
0.0
0.0
0.0
0.0
0.0
0.0
0.0
0.0
0.0
0.0
30.0
63.0
75.0
76.0
42.0
1.0
0.0
0.0
0.0
0.0
0.0
0.0
0.0
0.0
0.0
0.0
0.0
0.0
0.0
0.0
0.0
0.0
0.0
0.0
13.0
32.0
58.0
81.0
54.0
11.0
0.0
0.0
0.0
0.0
0.0
0.0
0.0
0.0
0.0
0.0
0.0
0.0
0.0
0.0
0.0
0.0
0.0
0.0
19.0
54.0
61.0
50.0
31.0
1.0
0.0
0.0
0.0
0.0
0.0
0.0
0.0
0.0
0.0
0.0
0.0
0.0
0.0
0.0
0.0
0.0
0.0
0.0
5.0
11.0
24.0
12.0
74.0
5.0
0.0
0.0
0.0
0.0
0.0
0.0
0.0
0.0
0.0
0.0
0.0
0.0
0.0
0.0
0.0
0.0
0.0
0.0
31.0
71.0
104.0
89.0
65.0
3.0
0.0
0.0
0.0
0.0
0.0
0.0
0.0
0.0
0.0
0.0
0.0
0.0
0.0
0.0
0.0
0.0
0.0
0.0
23.0
49.0
63.0
64.0
38.0
1.0
0.0
0.0
0.0
0.0
0.0
0.0
0.0
0.0
0.0
0.0
0.0
0.0
0.0
0.0
0.0
0.0
0.0
0.0
19.0
44.0
52.0
42.0
27.0
1.0
0.0
0.0
0.0
0.0
0.0
0.0
0.0
0.0
0.0
0.0
0.0
0.0
0.0
0.0
0.0
0.0
0.0
0.0
17.0
44.0
47.0
63.0
35.0
1.0
0.0
0.0
0.0
0.0
0.0
0.0
0.0
0.0
0.0
0.0
0.0
0.0
0.0
0.0
0.0
0.0
0.0
0.0
8.0
19.0
26.0
24.0
16.0
1.0
0.0
0.0
0.0
0.0
0.0
0.0
0.0
0.0
0.0
0.0
0.0
0.0
0.0
0.0
0.0
0.0
0.0
0.0
15.0
36.0
45.0
43.0
26.0
2.0
0.0
0.0
0.0
0.0
0.0
0.0
0.0
0.0
0.0
0.0
0.0
0.0
0.0
0.0
0.0
0.0
0.0
0.0
5.0
12.0
15.0
14.0
9.0
1.0
0.0
0.0
0.0
0.0
0.0
0.0
0.0
0.0
0.0
0.0
0.0
0.0
0.0
0.0
0.0
0.0
0.0
0.0
21.0
50.0
56.0
54.0
41.0
2.0
0.0
0.0
0.0
0.0
0.0
0.0
0.0
0.0
0.0
