0.0
0.0
0.0
0.0
0.0
0.0
0.0
0.0
0.0
65.0
145.0
184.0
177.0
126.0
32.0
0.0
0.0
0.0
0.0
0.0
0.0
0.0
0.0
0.0
0.0
0.0
0.0
0.0
0.0
0.0
0.0
0.0
0.0
66.0
147.0
185.0
179.0
128.0
34.0
0.0
0.0
0.0
0.0
0.0
0.0
0.0
0.0
0.0
0.0
0.0
0.0
0.0
0.0
0.0
0.0
0.0
0.0
67.0
149.0
188.0
182.0
131.0
37.0
0.0
0.0
0.0
0.0
0.0
0.0
0.0
0.0
0.0
0.0
0.0
0.0
0.0
0.0
0.0
0.0
0.0
0.0
69.0
150.0
190.0
184.0
134.0
39.0
0.0
0.0
0.0
0.0
0.0
0.0
0.0
0.0
0.0
0.0
0.0
0.0
0.0
0.0
0.0
0.0
0.0
1.0
70.0
152.0
192.0
187.0
137.0
42.0
0.0
0.0
0.0
0.0
0.0
0.0
0.0
0.0
0.0
0.0
0.0
0.0
0.0
0.0
0.0
0.0
0.0
1.0
72.0
155.0
195.0
190.0
140.0
45.0
0.0
0.0
0.0
0.0
0.0
0.0
0.0
0.0
0.0
0.0
0.0
0.0
0.0
0.0
0.0
0.0
0.0
1.0
74.0
157.0
197.0
193.0
143.0
48.0
0.0
0.0
0.0
0.0
0.0
0.0
0.0
0.0
0.0
0.0
0.0
0.0
0.0
0.0
0.0
0.0
0.0
2.0
77.0
160.0
200.0
196.0
147.0
52.0
0.0
0.0
0.0
0.0
0.0
0.0
0.0
0.0
0.0
0.0
0.0
0.0
0.0
0.0
0.0
0.0
0.0
2.0
79.0
162.0
203.0
199.0
150.0
60.0
0.0
0.0
0.0
0.0
0.0
0.0
0.0
0.0
0.0
0.0
0.0
0.0
0.0
0.0
0.0
0.0
0.0
2.0
82.0
165.0
207.0
203.0
154.0
64.0
0.0
0.0
0.0
0.0
0.0
0.0
0.0
0.0
0.0
0.0
0.0
0.0
0.0
0.0
0.0
0.0
0.0
3.0
84.0
168.0
210.0
207.0
158.0
68.0
0.0
0.0
0.0
0.0
0.0
0.0
0.0
0.0
0.0
0.0
0.0
0.0
0.0
0.0
0.0
0.0
0.0
3.0
87.0
172.0
214.0
211.0
162.0
72.0
0.0
0.0
0.0
0.0
0.0
0.0
0.0
0.0
0.0
0.0
0.0
0.0
0.0
0.0
0.0
0.0
0.0
4.0
90.0
175.0
218.0
215.0
167.0
77.0
1.0
0.0
0.0
0.0
0.0
0.0
0.0
0.0
0.0
0.0
0.0
0.0
0.0
0.0
0.0
0.0
0.0
5.0
94.0
179.0
221.0
219.0
171.0
81.0
2.0
0.0
0.0
0.0
0.0
0.0
0.0
0.0
0.0
0.0
0.0
0.0
0.0
0.0
0.0
0.0
0.0
6.0
97.0
183.0
226.0
223.0
176.0
86.0
3.0
0.0
0.0
0.0
0.0
0.0
0.0
0.0
0.0
0.0
0.0
0.0
0.0
0.0
0.0
0.0
0.0
7.0
101.0
187.0
230.0
228.0
180.0
91.0
4.0
0.0
0.0
0.0
0.0
0.0
0.0
0.0
0.0
0.0
0.0
0.0
0.0
0.0
0.0
0.0
0.0
8.0
105.0
191.0
234.0
232.0
185.0
96.0
5.0
0.0
0.0
0.0
0.0
0.0
0.0
0.0
0.0
0.0
0.0
0.0
0.0
0.0
0.0
0.0
0.0
9.0
108.0
195.0
239.0
237.0
190.0
101.0
6.0
0.0
0.0
0.0
0.0
0.0
0.0
0.0
0.0
0.0
0.0
0.0
0.0
0.0
0.0
0.0
0.0
11.0
113.0
199.0
244.0
242.0
196.0
107.0
8.0
0.0
0.0
0.0
0.0
0.0
0.0
0.0
0.0
0.0
0.0
0.0
0.0
0.0
0.0
0.0
0.0
13.0
117.0
204.0
248.0
247.0
201.0
112.0
10.0
0.0
0.0
0.0
0.0
0.0
0.0
0.0
0.0
0.0
0.0
0.0
0.0
0.0
0.0
0.0
0.0
14.0
121.0
209.0
254.0
253.0
206.0
117.0
12.0
0.0
0.0
0.0
0.0
0.0
0.0
0.0
0.0
0.0
0.0
0.0
0.0
0.0
0.0
0.0
0.0
16.0
126.0
214.0
259.0
258.0
212.0
123.0
15.0
0.0
0.0
0.0
0.0
0.0
0.0
0.0
0.0
0.0
0.0
0.0
0.0
0.0
0.0
0.0
0.0
19.0
131.0
219.0
264.0
264.0
218.0
129.0
18.0
0.0
0.0
0.0
0.0
0.0
0.0
0.0
0.0
0.0
0.0
0.0
0.0
0.0
0.0
0.0
0.0
21.0
136.0
224.0
270.0
269.0
223.0
135.0
21.0
0.0
0.0
0.0
0.0
0.0
0.0
0.0
0.0
0.0
0.0
0.0
0.0
0.0
0.0
0.0
0.0
24.0
141.0
229.0
275.0
275.0
229.0
141.0
24.0
0.0
0.0
0.0
0.0
0.0
0.0
0.0
0.0
0.0
0.0
0.0
0.0
0.0
0.0
0.0
0.0
27.0
146.0
235.0
281.0
281.0
235.0
147.0
28.0
0.0
0.0
0.0
0.0
0.0
0.0
0.0
0.0
0.0
0.0
0.0
0.0
0.0
0.0
0.0
0.0
30.0
151.0
240.0
287.0
287.0
242.0
153.0
32.0
0.0
0.0
0.0
0.0
0.0
0.0
0.0
0.0
0.0
0.0
0.0
0.0
0.0
0.0
0.0
0.0
34.0
157.0
246.0
293.0
293.0
248.0
160.0
36.0
0.0
0.0
0.0
0.0
0.0
0.0
0.0
0.0
0.0
0.0
0.0
0.0
0.0
0.0
0.0
0.0
38.0
162.0
252.0
299.0
300.0
254.0
166.0
41.0
0.0
0.0
0.0
0.0
0.0
0.0
0.0
0.0
0.0
0.0
0.0
0.0
0.0
0.0
0.0
0.0
42.0
168.0
258.0
305.0
306.0
261.0
173.0
46.0
0.0
0.0
0.0
0.0
0.0
0.0
0.0
0.0
0.0
0.0
0.0
0.0
0.0
0.0
0.0
0.0
46.0
174.0
264.0
312.0
313.0
267.0
179.0
52.0
0.0
0.0
0.0
0.0
0.0
0.0
0.0
0.0
0.0
0.0
0.0
0.0
0.0
0.0
0.0
0.0
51.0
180.0
271.0
318.0
319.0
274.0
186.0
57.0
0.0
0.0
0.0
0.0
0.0
0.0
0.0
0.0
0.0
0.0
0.0
0.0
0.0
0.0
0.0
0.0
56.0
186.0
277.0
325.0
326.0
281.0
193.0
64.0
0.0
0.0
0.0
0.0
0.0
0.0
0.0
0.0
0.0
0.0
0.0
0.0
0.0
0.0
0.0
0.0
62.0
193.0
284.0
331.0
333.0
288.0
200.0
70.0
0.0
0.0
0.0
0.0
0.0
0.0
0.0
0.0
0.0
0.0
0.0
0.0
0.0
0.0
0.0
0.0
68.0
199.0
290.0
338.0
340.0
295.0
207.0
81.0
0.0
0.0
0.0
0.0
0.0
0.0
0.0
0.0
0.0
0.0
0.0
0.0
0.0
0.0
0.0
0.0
78.0
206.0
297.0
345.0
347.0
302.0
214.0
88.0
0.0
0.0
0.0
0.0
0.0
0.0
0.0
0.0
0.0
0.0
0.0
0.0
0.0
0.0
0.0
0.0
84.0
212.0
304.0
352.0
354.0
309.0
221.0
95.0
1.0
0.0
0.0
0.0
0.0
0.0
0.0
0.0
0.0
0.0
0.0
0.0
0.0
0.0
0.0
1.0
91.0
219.0
311.0
359.0
361.0
316.0
228.0
102.0
2.0
0.0
0.0
0.0
0.0
0.0
0.0
0.0
0.0
0.0
0.0
0.0
0.0
0.0
0.0
1.0
97.0
226.0
318.0
366.0
368.0
324.0
235.0
109.0
4.0
0.0
0.0
0.0
0.0
0.0
0.0
0.0
0.0
0.0
0.0
0.0
0.0
0.0
0.0
2.0
104.0
233.0
325.0
374.0
376.0
331.0
242.0
116.0
5.0
0.0
0.0
0.0
0.0
0.0
0.0
0.0
0.0
0.0
0.0
0.0
0.0
0.0
0.0
4.0
111.0
240.0
332.0
381.0
383.0
338.0
250.0
124.0
7.0
0.0
0.0
0.0
0.0
0.0
0.0
0.0
0.0
0.0
0.0
0.0
0.0
0.0
0.0
5.0
118.0
248.0
340.0
389.0
391.0
346.0
257.0
131.0
9.0
0.0
0.0
0.0
0.0
0.0
0.0
0.0
0.0
0.0
0.0
0.0
0.0
0.0
0.0
7.0
125.0
255.0
347.0
396.0
398.0
353.0
265.0
138.0
12.0
0.0
0.0
0.0
0.0
0.0
0.0
0.0
0.0
0.0
0.0
0.0
0.0
0.0
0.0
10.0
133.0
262.0
355.0
404.0
406.0
361.0
272.0
146.0
15.0
0.0
0.0
0.0
0.0
0.0
0.0
0.0
0.0
0.0
0.0
0.0
0.0
0.0
0.0
12.0
140.0
270.0
363.0
412.0
414.0
369.0
280.0
153.0
18.0
0.0
0.0
0.0
0.0
0.0
0.0
0.0
0.0
0.0
0.0
0.0
0.0
0.0
0.0
15.0
148.0
278.0
370.0
419.0
421.0
376.0
288.0
161.0
22.0
0.0
0.0
0.0
0.0
0.0
0.0
0.0
0.0
0.0
0.0
0.0
0.0
0.0
0.0
18.0
155.0
285.0
378.0
427.0
429.0
384.0
295.0
168.0
26.0
0.0
0.0
0.0
0.0
0.0
0.0
0.0
0.0
0.0
0.0
0.0
0.0
0.0
0.0
22.0
163.0
293.0
386.0
435.0
437.0
392.0
303.0
176.0
30.0
0.0
0.0
0.0
0.0
0.0
0.0
0.0
0.0
0.0
0.0
0.0
0.0
0.0
0.0
26.0
171.0
301.0
394.0
443.0
445.0
400.0
311.0
183.0
35.0
0.0
0.0
0.0
0.0
0.0
0.0
0.0
0.0
0.0
0.0
0.0
0.0
0.0
0.0
31.0
179.0
309.0
402.0
451.0
453.0
408.0
318.0
191.0
40.0
0.0
0.0
0.0
0.0
0.0
0.0
0.0
0.0
0.0
0.0
0.0
0.0
0.0
0.0
36.0
186.0
317.0
410.0
459.0
461.0
416.0
326.0
199.0
45.0
0.0
0.0
0.0
0.0
0.0
0.0
0.0
0.0
0.0
0.0
0.0
0.0
0.0
0.0
41.0
195.0
325.0
418.0
467.0
469.0
424.0
334.0
206.0
51.0
0.0
0.0
0.0
0.0
0.0
0.0
0.0
0.0
0.0
0.0
0.0
0.0
0.0
0.0
47.0
203.0
333.0
426.0
475.0
477.0
432.0
342.0
214.0
57.0
0.0
0.0
0.0
0.0
0.0
0.0
0.0
0.0
0.0
0.0
0.0
0.0
0.0
0.0
53.0
211.0
341.0
434.0
483.0
485.0
440.0
350.0
222.0
63.0
0.0
0.0
0.0
0.0
0.0
0.0
0.0
0.0
0.0
0.0
0.0
0.0
0.0
0.0
60.0
219.0
350.0
443.0
492.0
493.0
448.0
357.0
229.0
70.0
0.0
0.0
0.0
0.0
0.0
0.0
0.0
0.0
0.0
0.0
0.0
0.0
0.0
0.0
67.0
227.0
358.0
451.0
500.0
501.0
456.0
365.0
237.0
77.0
0.0
0.0
0.0
0.0
0.0
0.0
0.0
0.0
0.0
0.0
0.0
0.0
0.0
0.0
74.0
236.0
366.0
459.0
508.0
510.0
464.0
373.0
245.0
87.0
0.0
0.0
0.0
0.0
0.0
0.0
0.0
0.0
0.0
0.0
0.0
0.0
0.0
0.0
82.0
244.0
375.0
468.0
516.0
518.0
472.0
381.0
252.0
94.0
0.0
0.0
0.0
0.0
0.0
0.0
0.0
0.0
0.0
0.0
0.0
0.0
0.0
0.0
93.0
253.0
383.0
476.0
525.0
526.0
480.0
389.0
260.0
102.0
1.0
0.0
0.0
0.0
0.0
0.0
0.0
0.0
0.0
0.0
0.0
0.0
0.0
1.0
102.0
261.0
392.0
484.0
533.0
534.0
488.0
397.0
268.0
109.0
1.0
0.0
0.0
0.0
0.0
0.0
0.0
0.0
0.0
0.0
0.0
0.0
0.0
1.0
110.0
270.0
400.0
493.0
541.0
542.0
496.0
405.0
276.0
117.0
2.0
0.0
0.0
0.0
0.0
0.0
0.0
0.0
0.0
0.0
0.0
0.0
0.0
3.0
119.0
278.0
409.0
501.0
550.0
550.0
504.0
413.0
283.0
125.0
4.0
0.0
0.0
0.0
0.0
0.0
0.0
0.0
0.0
0.0
0.0
0.0
0.0
4.0
127.0
287.0
417.0
510.0
558.0
559.0
512.0
420.0
291.0
132.0
6.0
0.0
0.0
0.0
0.0
0.0
0.0
0.0
0.0
0.0
0.0
0.0
0.0
7.0
136.0
296.0
426.0
518.0
566.0
567.0
520.0
428.0
299.0
140.0
8.0
0.0
0.0
0.0
0.0
0.0
0.0
0.0
0.0
0.0
0.0
0.0
0.0
9.0
145.0
304.0
434.0
527.0
575.0
575.0
528.0
436.0
306.0
147.0
10.0
0.0
0.0
0.0
0.0
0.0
0.0
0.0
0.0
0.0
0.0
0.0
0.0
12.0
154.0
313.0
443.0
535.0
583.0
583.0
536.0
444.0
314.0
155.0
13.0
0.0
0.0
0.0
0.0
0.0
0.0
0.0
0.0
0.0
0.0
0.0
0.0
16.0
162.0
322.0
452.0
544.0
591.0
591.0
544.0
452.0
322.0
162.0
15.0
0.0
0.0
0.0
0.0
0.0
0.0
0.0
0.0
0.0
0.0
0.0
0.0
19.0
171.0
330.0
460.0
552.0
600.0
599.0
552.0
459.0
329.0
170.0
19.0
0.0
0.0
0.0
0.0
0.0
0.0
0.0
0.0
0.0
0.0
0.0
0.0
24.0
180.0
339.0
469.0
561.0
608.0
607.0
559.0
467.0
337.0
177.0
22.0
0.0
0.0
0.0
0.0
0.0
0.0
0.0
0.0
0.0
0.0
0.0
0.0
29.0
189.0
348.0
478.0
569.0
616.0
615.0
567.0
475.0
344.0
185.0
26.0
0.0
0.0
0.0
0.0
0.0
0.0
0.0
0.0
0.0
0.0
0.0
0.0
34.0
198.0
357.0
486.0
578.0
624.0
624.0
575.0
483.0
352.0
192.0
30.0
0.0
0.0
0.0
0.0
0.0
0.0
0.0
0.0
0.0
0.0
0.0
0.0
39.0
207.0
366.0
495.0
586.0
633.0
632.0
583.0
490.0
359.0
200.0
35.0
0.0
0.0
0.0
0.0
0.0
0.0
0.0
0.0
0.0
0.0
0.0
0.0
46.0
216.0
374.0
504.0
594.0
641.0
640.0
591.0
498.0
367.0
207.0
39.0
0.0
0.0
0.0
0.0
0.0
0.0
0.0
0.0
0.0
0.0
0.0
0.0
52.0
225.0
383.0
512.0
603.0
649.0
647.0
598.0
505.0
374.0
214.0
44.0
0.0
0.0
0.0
0.0
0.0
0.0
0.0
0.0
0.0
0.0
0.0
0.0
59.0
234.0
392.0
521.0
611.0
657.0
655.0
606.0
513.0
382.0
222.0
49.0
0.0
0.0
0.0
0.0
0.0
0.0
0.0
0.0
0.0
0.0
0.0
0.0
67.0
243.0
401.0
529.0
619.0
665.0
663.0
614.0
520.0
389.0
229.0
55.0
0.0
0.0
0.0
0.0
0.0
0.0
0.0
0.0
0.0
0.0
0.0
0.0
75.0
252.0
410.0
538.0
628.0
673.0
671.0
621.0
528.0
396.0
236.0
61.0
0.0
0.0
0.0
0.0
0.0
0.0
0.0
0.0
0.0
0.0
0.0
0.0
83.0
261.0
418.0
546.0
636.0
681.0
679.0
629.0
535.0
404.0
244.0
67.0
0.0
0.0
0.0
0.0
0.0
0.0
0.0
0.0
0.0
0.0
0.0
0.0
93.0
269.0
427.0
555.0
644.0
689.0
687.0
637.0
543.0
411.0
251.0
73.0
0.0
0.0
0.0
0.0
0.0
0.0
0.0
0.0
0.0
0.0
0.0
0.0
102.0
278.0
436.0
563.0
652.0
697.0
694.0
644.0
550.0
418.0
258.0
80.0
0.0
0.0
0.0
0.0
0.0
0.0
0.0
0.0
0.0
0.0
0.0
1.0
111.0
287.0
444.0
572.0
661.0
705.0
702.0
651.0
557.0
425.0
265.0
87.0
0.0
0.0
0.0
0.0
0.0
0.0
0.0
0.0
0.0
0.0
0.0
2.0
120.0
296.0
453.0
580.0
669.0
713.0
709.0
659.0
564.0
433.0
272.0
95.0
0.0
0.0
0.0
0.0
0.0
0.0
0.0
0.0
0.0
0.0
0.0
4.0
129.0
305.0
462.0
588.0
677.0
721.0
717.0
666.0
572.0
440.0
279.0
102.0
0.0
0.0
0.0
0.0
0.0
0.0
0.0
0.0
0.0
0.0
0.0
6.0
138.0
314.0
470.0
597.0
685.0
728.0
724.0
673.0
579.0
447.0
286.0
109.0
1.0
0.0
0.0
0.0
0.0
0.0
0.0
0.0
0.0
0.0
0.0
9.0
147.0
322.0
479.0
605.0
693.0
736.0
732.0
681.0
586.0
454.0
293.0
116.0
2.0
0.0
0.0
0.0
0.0
0.0
0.0
0.0
0.0
0.0
0.0
12.0
156.0
331.0
487.0
613.0
701.0
744.0
739.0
688.0
593.0
461.0
300.0
123.0
3.0
0.0
0.0
0.0
0.0
0.0
0.0
0.0
0.0
0.0
0.0
15.0
165.0
340.0
495.0
621.0
708.0
751.0
747.0
695.0
600.0
467.0
307.0
130.0
4.0
0.0
0.0
0.0
0.0
0.0
0.0
0.0
0.0
0.0
0.0
19.0
174.0
348.0
504.0
629.0
716.0
759.0
754.0
702.0
607.0
474.0
314.0
137.0
6.0
0.0
0.0
0.0
0.0
0.0
0.0
0.0
0.0
0.0
0.0
23.0
183.0
357.0
512.0
637.0
724.0
766.0
761.0
709.0
613.0
481.0
321.0
144.0
8.0
0.0
0.0
0.0
0.0
0.0
0.0
0.0
0.0
0.0
0.0
28.0
191.0
366.0
520.0
645.0
731.0
773.0
768.0
716.0
620.0
488.0
328.0
151.0
10.0
0.0
0.0
0.0
0.0
0.0
0.0
0.0
0.0
0.0
0.0
33.0
200.0
374.0
529.0
653.0
739.0
781.0
775.0
723.0
627.0
495.0
334.0
158.0
12.0
0.0
0.0
0.0
0.0
0.0
0.0
0.0
0.0
0.0
0.0
39.0
209.0
382.0
537.0
661.0
746.0
788.0
782.0
729.0
634.0
501.0
341.0
164.0
15.0
0.0
0.0
0.0
0.0
0.0
0.0
0.0
0.0
0.0
0.0
45.0
217.0
391.0
545.0
668.0
754.0
795.0
789.0
736.0
640.0
508.0
348.0
171.0
18.0
0.0
0.0
0.0
0.0
0.0
0.0
0.0
0.0
0.0
0.0
51.0
226.0
399.0
553.0
676.0
761.0
802.0
796.0
743.0
647.0
514.0
354.0
178.0
21.0
0.0
0.0
0.0
0.0
0.0
0.0
0.0
0.0
0.0
0.0
58.0
234.0
407.0
561.0
684.0
768.0
809.0
802.0
749.0
653.0
521.0
361.0
185.0
25.0
0.0
0.0
0.0
0.0
0.0
0.0
0.0
0.0
0.0
0.0
65.0
243.0
415.0
568.0
691.0
776.0
816.0
809.0
756.0
660.0
527.0
367.0
191.0
29.0
0.0
0.0
0.0
0.0
0.0
0.0
0.0
0.0
0.0
0.0
72.0
251.0
423.0
576.0
699.0
783.0
823.0
816.0
762.0
666.0
533.0
374.0
198.0
33.0
0.0
0.0
0.0
0.0
0.0
0.0
0.0
0.0
0.0
0.0
80.0
259.0
431.0
584.0
706.0
790.0
829.0
822.0
768.0
672.0
540.0
380.0
204.0
37.0
0.0
0.0
0.0
0.0
0.0
0.0
0.0
0.0
0.0
0.0
88.0
268.0
439.0
591.0
713.0
797.0
836.0
828.0
775.0
678.0
546.0
387.0
211.0
41.0
0.0
0.0
0.0
0.0
0.0
0.0
0.0
0.0
0.0
0.0
96.0
276.0
447.0
599.0
720.0
803.0
842.0
835.0
781.0
684.0
552.0
393.0
218.0
46.0
0.0
0.0
0.0
0.0
0.0
0.0
0.0
0.0
0.0
1.0
105.0
284.0
455.0
606.0
727.0
810.0
849.0
841.0
787.0
691.0
558.0
399.0
224.0
51.0
0.0
0.0
0.0
0.0
0.0
0.0
0.0
0.0
0.0
2.0
113.0
292.0
463.0
614.0
734.0
817.0
855.0
847.0
793.0
697.0
564.0
405.0
230.0
56.0
0.0
0.0
0.0
0.0
0.0
0.0
0.0
0.0
0.0
3.0
121.0
300.0
470.0
621.0
741.0
823.0
862.0
853.0
799.0
702.0
570.0
411.0
237.0
61.0
0.0
0.0
0.0
0.0
0.0
0.0
0.0
0.0
0.0
5.0
129.0
308.0
478.0
628.0
748.0
830.0
868.0
859.0
805.0
708.0
576.0
417.0
243.0
67.0
0.0
0.0
0.0
0.0
0.0
0.0
0.0
0.0
0.0
7.0
137.0
315.0
485.0
635.0
755.0
836.0
874.0
865.0
811.0
714.0
582.0
424.0
249.0
73.0
0.0
0.0
0.0
0.0
0.0
0.0
0.0
0.0
0.0
10.0
145.0
323.0
492.0
642.0
761.0
843.0
880.0
871.0
816.0
720.0
588.0
429.0
255.0
79.0
0.0
0.0
0.0
0.0
0.0
0.0
0.0
0.0
0.0
13.0
153.0
331.0
500.0
649.0
768.0
849.0
886.0
877.0
822.0
726.0
594.0
435.0
262.0
85.0
0.0
0.0
0.0
0.0
0.0
0.0
0.0
0.0
0.0
16.0
161.0
338.0
507.0
656.0
774.0
855.0
892.0
882.0
828.0
731.0
599.0
441.0
268.0
91.0
0.0
0.0
0.0
0.0
0.0
0.0
0.0
0.0
0.0
20.0
169.0
345.0
514.0
662.0
781.0
861.0
897.0
888.0
833.0
737.0
605.0
447.0
274.0
97.0
0.0
0.0
0.0
0.0
0.0
0.0
0.0
0.0
0.0
23.0
176.0
353.0
521.0
669.0
787.0
867.0
903.0
894.0
839.0
742.0
610.0
453.0
280.0
103.0
1.0
0.0
0.0
0.0
0.0
0.0
0.0
0.0
0.0
28.0
184.0
360.0
527.0
675.0
793.0
872.0
909.0
899.0
844.0
747.0
616.0
458.0
286.0
110.0
2.0
0.0
0.0
0.0
0.0
0.0
0.0
0.0
0.0
32.0
191.0
367.0
534.0
681.0
799.0
878.0
914.0
904.0
849.0
753.0
621.0
464.0
292.0
116.0
3.0
0.0
0.0
0.0
0.0
0.0
0.0
0.0
0.0
37.0
198.0
374.0
541.0
688.0
805.0
884.0
920.0
909.0
854.0
758.0
627.0
470.0
297.0
122.0
4.0
0.0
0.0
0.0
0.0
0.0
0.0
0.0
0.0
42.0
205.0
381.0
547.0
694.0
810.0
889.0
925.0
915.0
859.0
763.0
632.0
475.0
303.0
128.0
6.0
0.0
0.0
0.0
0.0
0.0
0.0
0.0
0.0
48.0
212.0
387.0
554.0
700.0
816.0
895.0
930.0
920.0
864.0
768.0
637.0
481.0
309.0
134.0
8.0
0.0
0.0
0.0
0.0
0.0
0.0
0.0
0.0
53.0
219.0
394.0
560.0
706.0
822.0
900.0
935.0
925.0
869.0
773.0
642.0
486.0
315.0
140.0
10.0
0.0
0.0
0.0
0.0
0.0
0.0
0.0
0.0
59.0
226.0
400.0
566.0
711.0
827.0
905.0
940.0
929.0
874.0
778.0
647.0
491.0
320.0
146.0
12.0
0.0
0.0
0.0
0.0
0.0
0.0
0.0
0.0
65.0
233.0
407.0
572.0
717.0
833.0
910.0
945.0
934.0
879.0
783.0
652.0
496.0
326.0
152.0
15.0
0.0
0.0
0.0
0.0
0.0
0.0
0.0
0.0
71.0
239.0
413.0
578.0
723.0
838.0
915.0
950.0
939.0
884.0
788.0
657.0
502.0
331.0
158.0
17.0
0.0
0.0
0.0
0.0
0.0
0.0
0.0
0.0
78.0
246.0
419.0
584.0
728.0
843.0
920.0
954.0
944.0
888.0
792.0
662.0
507.0
337.0
164.0
20.0
0.0
0.0
0.0
0.0
0.0
0.0
0.0
0.0
82.0
252.0
425.0
589.0
733.0
848.0
925.0
959.0
948.0
893.0
797.0
667.0
512.0
342.0
169.0
23.0
0.0
0.0
0.0
0.0
0.0
0.0
0.0
0.0
89.0
259.0
431.0
595.0
739.0
853.0
930.0
964.0
953.0
897.0
801.0
672.0
517.0
347.0
175.0
27.0
0.0
0.0
0.0
0.0
0.0
0.0
0.0
1.0
95.0
265.0
437.0
600.0
744.0
858.0
934.0
968.0
957.0
902.0
806.0
676.0
522.0
353.0
180.0
30.0
0.0
0.0
0.0
0.0
0.0
0.0
0.0
2.0
102.0
271.0
442.0
605.0
749.0
862.0
939.0
972.0
961.0
906.0
810.0
681.0
527.0
358.0
186.0
34.0
0.0
0.0
0.0
0.0
0.0
0.0
0.0
3.0
108.0
276.0
448.0
611.0
754.0
867.0
943.0
976.0
965.0
910.0
815.0
685.0
531.0
363.0
191.0
38.0
0.0
0.0
0.0
0.0
0.0
0.0
0.0
4.0
114.0
282.0
453.0
616.0
758.0
871.0
947.0
981.0
969.0
914.0
819.0
690.0
536.0
368.0
197.0
42.0
0.0
0.0
0.0
0.0
0.0
0.0
0.0
6.0
120.0
288.0
459.0
621.0
763.0
876.0
951.0
985.0
973.0
918.0
823.0
694.0
541.0
373.0
202.0
46.0
0.0
0.0
0.0
0.0
0.0
0.0
0.0
8.0
126.0
293.0
464.0
625.0
767.0
880.0
955.0
988.0
977.0
922.0
827.0
699.0
545.0
378.0
207.0
51.0
0.0
0.0
0.0
0.0
0.0
0.0
0.0
10.0
131.0
299.0
469.0
630.0
772.0
884.0
959.0
992.0
981.0
926.0
831.0
703.0
550.0
382.0
212.0
55.0
0.0
0.0
0.0
0.0
0.0
0.0
0.0
12.0
137.0
304.0
474.0
635.0
776.0
888.0
963.0
996.0
985.0
930.0
835.0
707.0
554.0
387.0
217.0
60.0
0.0
0.0
0.0
0.0
0.0
0.0
0.0
14.0
142.0
309.0
478.0
639.0
780.0
892.0
967.0
1000.0
988.0
933.0
839.0
711.0
558.0
392.0
222.0
65.0
0.0
0.0
0.0
0.0
0.0
0.0
0.0
17.0
148.0
314.0
483.0
643.0
784.0
896.0
970.0
1003.0
992.0
937.0
843.0
715.0
563.0
396.0
227.0
70.0
0.0
0.0
0.0
0.0
0.0
0.0
0.0
20.0
153.0
319.0
487.0
648.0
788.0
899.0
974.0
1007.0
995.0
941.0
846.0
719.0
567.0
401.0
232.0
75.0
0.0
0.0
0.0
0.0
0.0
0.0
0.0
22.0
158.0
323.0
492.0
652.0
792.0
903.0
977.0
1010.0
999.0
944.0
850.0
723.0
571.0
405.0
237.0
77.0
0.0
0.0
0.0
0.0
0.0
0.0
0.0
25.0
163.0
328.0
496.0
656.0
796.0
906.0
981.0
1013.0
1002.0
947.0
853.0
726.0
575.0
410.0
242.0
82.0
0.0
0.0
0.0
0.0
0.0
0.0
0.0
28.0
167.0
332.0
500.0
659.0
799.0
910.0
984.0
1016.0
1005.0
951.0
857.0
730.0
579.0
414.0
246.0
87.0
1.0
0.0
0.0
0.0
0.0
0.0
0.0
32.0
172.0
337.0
504.0
663.0
802.0
913.0
987.0
1019.0
1008.0
954.0
860.0
734.0
583.0
418.0
251.0
92.0
1.0
0.0
0.0
0.0
0.0
0.0
0.0
35.0
176.0
341.0
508.0
667.0
806.0
916.0
990.0
1022.0
1011.0
957.0
863.0
737.0
587.0
422.0
255.0
96.0
2.0
0.0
0.0
0.0
0.0
0.0
0.0
38.0
181.0
345.0
512.0
670.0
809.0
919.0
993.0
1025.0
1014.0
960.0
867.0
741.0
590.0
426.0
259.0
101.0
3.0
0.0
0.0
0.0
0.0
0.0
0.0
41.0
185.0
349.0
515.0
673.0
812.0
922.0
996.0
1028.0
1017.0
963.0
870.0
744.0
594.0
430.0
264.0
106.0
4.0
0.0
0.0
0.0
0.0
0.0
0.0
45.0
189.0
352.0
519.0
676.0
815.0
925.0
998.0
1031.0
1019.0
966.0
873.0
747.0
598.0
434.0
268.0
110.0
6.0
0.0
0.0
0.0
0.0
0.0
0.0
48.0
193.0
356.0
522.0
679.0
818.0
927.0
1001.0
1033.0
1022.0
968.0
876.0
751.0
601.0
438.0
272.0
114.0
7.0
0.0
0.0
0.0
0.0
0.0
0.0
52.0
196.0
359.0
525.0
682.0
820.0
930.0
1003.0
1036.0
1025.0
971.0
879.0
754.0
605.0
442.0
276.0
118.0
9.0
0.0
0.0
0.0
0.0
0.0
0.0
55.0
200.0
363.0
528.0
685.0
823.0
932.0
1006.0
1038.0
1027.0
974.0
881.0
757.0
608.0
445.0
280.0
123.0
10.0
0.0
0.0
0.0
0.0
0.0
0.0
58.0
203.0
366.0
531.0
688.0
826.0
935.0
1008.0
1040.0
1029.0
976.0
884.0
760.0
611.0
449.0
283.0
127.0
12.0
0.0
0.0
0.0
0.0
0.0
0.0
62.0
207.0
369.0
534.0
690.0
828.0
937.0
1010.0
1042.0
1032.0
979.0
887.0
762.0
614.0
452.0
287.0
130.0
14.0
0.0
0.0
0.0
0.0
0.0
0.0
65.0
210.0
372.0
536.0
693.0
830.0
939.0
1012.0
1045.0
1034.0
981.0
889.0
765.0
617.0
455.0
291.0
134.0
16.0
0.0
0.0
0.0
0.0
0.0
0.0
68.0
213.0
374.0
539.0
695.0
832.0
941.0
1014.0
1047.0
1036.0
983.0
892.0
768.0
620.0
459.0
294.0
138.0
18.0
0.0
0.0
0.0
0.0
0.0
0.0
68.0
216.0
377.0
541.0
697.0
834.0
943.0
1016.0
1049.0
1038.0
985.0
894.0
771.0
623.0
462.0
297.0
141.0
20.0
0.0
0.0
0.0
0.0
0.0
0.0
71.0
218.0
380.0
544.0
699.0
836.0
945.0
1018.0
1050.0
1040.0
987.0
896.0
773.0
626.0
465.0
301.0
145.0
22.0
0.0
0.0
0.0
0.0
0.0
0.0
74.0
221.0
382.0
546.0
701.0
838.0
947.0
1020.0
1052.0
1042.0
989.0
899.0
776.0
629.0
468.0
304.0
148.0
24.0
0.0
0.0
0.0
0.0
0.0
0.0
77.0
223.0
384.0
548.0
703.0
840.0
948.0
1021.0
1054.0
1044.0
991.0
901.0
778.0
631.0
470.0
307.0
151.0
26.0
0.0
0.0
0.0
0.0
0.0
1.0
79.0
226.0
386.0
550.0
705.0
841.0
950.0
1023.0
1055.0
1045.0
993.0
903.0
780.0
634.0
473.0
310.0
155.0
28.0
0.0
0.0
0.0
0.0
0.0
1.0
82.0
228.0
388.0
551.0
706.0
843.0
951.0
1024.0
1057.0
1047.0
995.0
905.0
782.0
636.0
476.0
313.0
158.0
30.0
0.0
0.0
0.0
0.0
0.0
2.0
84.0
230.0
390.0
553.0
708.0
844.0
952.0
1025.0
1058.0
1048.0
997.0
907.0
784.0
638.0
478.0
315.0
160.0
32.0
0.0
0.0
0.0
0.0
0.0
2.0
86.0
232.0
391.0
554.0
709.0
845.0
954.0
1027.0
1059.0
1050.0
998.0
908.0
786.0
641.0
481.0
318.0
163.0
34.0
0.0
0.0
0.0
0.0
0.0
3.0
88.0
233.0
393.0
556.0
710.0
846.0
955.0
1028.0
1061.0
1051.0
1000.0
910.0
788.0
643.0
483.0
320.0
166.0
36.0
0.0
0.0
0.0
0.0
0.0
3.0
90.0
235.0
394.0
557.0
711.0
847.0
956.0
1029.0
1062.0
1052.0
1001.0
912.0
790.0
645.0
485.0
323.0
168.0
38.0
0.0
0.0
0.0
0.0
0.0
3.0
91.0
236.0
396.0
558.0
712.0
848.0
957.0
1030.0
1063.0
1053.0
1003.0
913.0
792.0
647.0
487.0
325.0
171.0
40.0
0.0
0.0
0.0
0.0
0.0
4.0
93.0
238.0
397.0
559.0
713.0
849.0
957.0
1031.0
1064.0
1055.0
1004.0
915.0
794.0
649.0
489.0
327.0
173.0
42.0
0.0
0.0
0.0
0.0
0.0
4.0
94.0
239.0
398.0
560.0
714.0
850.0
958.0
1031.0
1065.0
1056.0
1005.0
916.0
795.0
650.0
491.0
329.0
175.0
44.0
0.0
0.0
0.0
0.0
0.0
5.0
95.0
240.0
398.0
560.0
715.0
850.0
959.0
1032.0
1065.0
1056.0
1006.0
917.0
797.0
652.0
493.0
331.0
177.0
46.0
0.0
0.0
0.0
0.0
0.0
5.0
96.0
241.0
399.0
561.0
715.0
851.0
959.0
1033.0
1066.0
1057.0
1007.0
919.0
798.0
653.0
495.0
333.0
179.0
48.0
0.0
0.0
0.0
0.0
0.0
5.0
97.0
241.0
400.0
561.0
715.0
851.0
960.0
1033.0
1067.0
1058.0
1008.0
920.0
799.0
655.0
496.0
335.0
181.0
49.0
0.0
0.0
0.0
0.0
0.0
6.0
98.0
242.0
400.0
562.0
716.0
852.0
960.0
1033.0
1067.0
1059.0
1009.0
921.0
800.0
656.0
498.0
336.0
182.0
51.0
0.0
0.0
0.0
0.0
0.0
6.0
98.0
242.0
401.0
562.0
716.0
852.0
960.0
1034.0
1068.0
1059.0
1009.0
922.0
801.0
657.0
499.0
338.0
184.0
52.0
0.0
0.0
0.0
0.0
0.0
6.0
99.0
243.0
401.0
562.0
716.0
852.0
960.0
1034.0
1068.0
1060.0
1010.0
922.0
802.0
659.0
500.0
339.0
185.0
53.0
0.0
0.0
0.0
0.0
0.0
6.0
99.0
243.0
401.0
562.0
716.0
852.0
960.0
1034.0
1068.0
1060.0
1011.0
923.0
803.0
660.0
502.0
340.0
186.0
54.0
0.0
0.0
0.0
0.0
0.0
6.0
99.0
243.0
401.0
562.0
716.0
852.0
960.0
1034.0
1068.0
1060.0
1011.0
924.0
804.0
660.0
503.0
341.0
187.0
55.0
0.0
0.0
0.0
0.0
0.0
6.0
99.0
243.0
400.0
562.0
716.0
851.0
960.0
1034.0
1068.0
1061.0
1012.0
924.0
805.0
661.0
504.0
342.0
188.0
56.0
0.0
0.0
0.0
0.0
0.0
6.0
99.0
242.0
400.0
561.0
715.0
851.0
960.0
1034.0
1068.0
1061.0
1012.0
925.0
805.0
662.0
504.0
343.0
189.0
57.0
0.0
0.0
0.0
0.0
0.0
6.0
99.0
242.0
400.0
561.0
715.0
851.0
959.0
1034.0
1068.0
1061.0
1012.0
925.0
806.0
663.0
505.0
344.0
190.0
57.0
0.0
0.0
0.0
0.0
0.0
6.0
98.0
242.0
399.0
560.0
714.0
850.0
959.0
1033.0
1068.0
1061.0
1012.0
925.0
806.0
663.0
505.0
344.0
190.0
58.0
0.0
0.0
0.0
0.0
0.0
6.0
98.0
241.0
398.0
560.0
713.0
850.0
958.0
1033.0
1068.0
1061.0
1012.0
926.0
807.0
663.0
506.0
345.0
191.0
58.0
0.0
0.0
0.0
0.0
0.0
6.0
97.0
240.0
398.0
559.0
713.0
849.0
958.0
1032.0
1068.0
1061.0
1012.0
926.0
807.0
664.0
506.0
345.0
191.0
58.0
0.0
0.0
0.0
0.0
0.0
5.0
96.0
239.0
397.0
558.0
712.0
848.0
957.0
1032.0
1067.0
1060.0
1012.0
926.0
807.0
664.0
506.0
345.0
191.0
58.0
0.0
0.0
0.0
0.0
0.0
5.0
95.0
238.0
396.0
557.0
711.0
847.0
956.0
1031.0
1067.0
1060.0
1012.0
926.0
807.0
664.0
506.0
345.0
191.0
58.0
0.0
0.0
0.0
0.0
0.0
5.0
94.0
237.0
394.0
556.0
710.0
846.0
956.0
1031.0
1066.0
1060.0
1012.0
925.0
807.0
664.0
506.0
345.0
191.0
58.0
0.0
0.0
0.0
0.0
0.0
4.0
93.0
236.0
393.0
554.0
708.0
845.0
955.0
1030.0
1065.0
1059.0
1011.0
925.0
806.0
664.0
506.0
345.0
191.0
58.0
0.0
0.0
0.0
0.0
0.0
4.0
91.0
234.0
392.0
553.0
707.0
844.0
954.0
1029.0
1065.0
1058.0
1011.0
925.0
806.0
663.0
506.0
345.0
190.0
57.0
0.0
0.0
0.0
0.0
0.0
4.0
90.0
233.0
390.0
551.0
706.0
843.0
952.0
1028.0
1064.0
1058.0
1010.0
924.0
806.0
663.0
505.0
344.0
190.0
57.0
0.0
0.0
0.0
0.0
0.0
3.0
88.0
231.0
388.0
550.0
704.0
841.0
951.0
1027.0
1063.0
1057.0
1009.0
924.0
805.0
662.0
505.0
343.0
189.0
56.0
0.0
0.0
0.0
0.0
0.0
3.0
86.0
229.0
387.0
548.0
703.0
840.0
950.0
1026.0
1062.0
1056.0
1009.0
923.0
805.0
662.0
504.0
343.0
188.0
55.0
0.0
0.0
0.0
0.0
0.0
2.0
84.0
227.0
385.0
546.0
701.0
838.0
949.0
1024.0
1061.0
1055.0
1008.0
922.0
804.0
661.0
503.0
342.0
187.0
54.0
0.0
0.0
0.0
0.0
0.0
2.0
82.0
225.0
383.0
545.0
699.0
837.0
947.0
1023.0
1060.0
1054.0
1007.0
921.0
803.0
660.0
503.0
341.0
186.0
52.0
0.0
0.0
0.0
0.0
0.0
1.0
80.0
223.0
381.0
543.0
697.0
835.0
945.0
1022.0
1058.0
1053.0
1006.0
920.0
802.0
659.0
501.0
340.0
185.0
51.0
0.0
0.0
0.0
0.0
0.0
1.0
78.0
221.0
378.0
540.0
695.0
833.0
944.0
1020.0
1057.0
1052.0
1005.0
919.0
801.0
658.0
500.0
338.0
183.0
50.0
0.0
0.0
0.0
0.0
0.0
0.0
75.0
218.0
376.0
538.0
693.0
831.0
942.0
1019.0
1056.0
1050.0
1004.0
918.0
800.0
657.0
499.0
337.0
182.0
48.0
0.0
0.0
0.0
0.0
0.0
0.0
73.0
216.0
374.0
536.0
691.0
829.0
940.0
1017.0
1054.0
1049.0
1002.0
917.0
798.0
655.0
498.0
335.0
180.0
47.0
0.0
0.0
0.0
0.0
0.0
0.0
70.0
213.0
371.0
534.0
689.0
827.0
938.0
1015.0
1053.0
1048.0
1001.0
915.0
797.0
654.0
496.0
334.0
178.0
45.0
0.0
0.0
0.0
0.0
0.0
0.0
67.0
210.0
369.0
531.0
687.0
825.0
937.0
1014.0
1051.0
1046.0
999.0
914.0
796.0
652.0
494.0
332.0
176.0
43.0
0.0
0.0
0.0
0.0
0.0
0.0
64.0
207.0
366.0
528.0
684.0
823.0
934.0
1012.0
1049.0
1044.0
998.0
912.0
794.0
651.0
492.0
330.0
174.0
41.0
0.0
0.0
0.0
0.0
0.0
0.0
64.0
204.0
363.0
526.0
682.0
821.0
932.0
1010.0
1047.0
1043.0
996.0
911.0
792.0
649.0
490.0
328.0
172.0
39.0
0.0
0.0
0.0
0.0
0.0
0.0
61.0
201.0
360.0
523.0
679.0
818.0
930.0
1008.0
1045.0
1041.0
994.0
909.0
790.0
647.0
488.0
325.0
169.0
37.0
0.0
0.0
0.0
0.0
0.0
0.0
58.0
198.0
357.0
520.0
677.0
816.0
928.0
1006.0
1044.0
1039.0
992.0
907.0
788.0
645.0
486.0
323.0
167.0
35.0
0.0
0.0
0.0
0.0
0.0
0.0
55.0
195.0
354.0
517.0
674.0
813.0
926.0
1003.0
1041.0
1037.0
991.0
905.0
786.0
643.0
484.0
320.0
164.0
33.0
0.0
0.0
0.0
0.0
0.0
0.0
52.0
192.0
351.0
514.0
671.0
811.0
923.0
1001.0
1039.0
1035.0
988.0
903.0
784.0
640.0
481.0
318.0
161.0
31.0
0.0
0.0
0.0
0.0
0.0
0.0
49.0
188.0
347.0
511.0
668.0
808.0
921.0
999.0
1037.0
1033.0
986.0
901.0
782.0
638.0
479.0
315.0
158.0
29.0
0.0
0.0
0.0
0.0
0.0
0.0
45.0
184.0
344.0
508.0
665.0
805.0
918.0
996.0
1035.0
1031.0
984.0
898.0
780.0
635.0
476.0
312.0
155.0
26.0
0.0
0.0
0.0
0.0
0.0
0.0
42.0
181.0
340.0
505.0
662.0
802.0
915.0
994.0
1032.0
1028.0
982.0
896.0
777.0
633.0
473.0
309.0
151.0
24.0
0.0
0.0
0.0
0.0
0.0
0.0
39.0
177.0
337.0
501.0
659.0
799.0
913.0
991.0
1030.0
1026.0
979.0
894.0
774.0
630.0
470.0
306.0
148.0
22.0
0.0
0.0
0.0
0.0
0.0
0.0
36.0
173.0
333.0
498.0
656.0
796.0
910.0
989.0
1027.0
1023.0
977.0
891.0
772.0
627.0
467.0
302.0
144.0
20.0
0.0
0.0
0.0
0.0
0.0
0.0
33.0
169.0
329.0
494.0
652.0
793.0
907.0
986.0
1025.0
1021.0
974.0
888.0
769.0
624.0
464.0
299.0
141.0
18.0
0.0
0.0
0.0
0.0
0.0
0.0
30.0
165.0
325.0
491.0
649.0
790.0
904.0
983.0
1022.0
1018.0
971.0
885.0
766.0
621.0
460.0
295.0
137.0
16.0
0.0
0.0
0.0
0.0
0.0
0.0
27.0
161.0
322.0
487.0
646.0
787.0
901.0
980.0
1019.0
1015.0
969.0
882.0
763.0
618.0
457.0
291.0
133.0
14.0
0.0
0.0
0.0
0.0
0.0
0.0
25.0
157.0
317.0
483.0
642.0
783.0
898.0
977.0
1016.0
1012.0
966.0
879.0
760.0
614.0
453.0
288.0
129.0
12.0
0.0
0.0
0.0
0.0
0.0
0.0
22.0
152.0
313.0
479.0
638.0
780.0
895.0
974.0
1013.0
1009.0
963.0
876.0
756.0
611.0
449.0
284.0
124.0
10.0
0.0
0.0
0.0
0.0
0.0
0.0
19.0
148.0
309.0
475.0
635.0
777.0
891.0
971.0
1010.0
1006.0
960.0
873.0
753.0
607.0
445.0
279.0
120.0
8.0
0.0
0.0
0.0
0.0
0.0
0.0
17.0
143.0
305.0
471.0
631.0
773.0
888.0
968.0
1007.0
1003.0
956.0
870.0
749.0
603.0
441.0
275.0
115.0
7.0
0.0
0.0
0.0
0.0
0.0
0.0
15.0
139.0
301.0
467.0
627.0
770.0
885.0
965.0
1004.0
1000.0
953.0
866.0
746.0
599.0
437.0
271.0
111.0
5.0
0.0
0.0
0.0
0.0
0.0
0.0
12.0
134.0
296.0
463.0
623.0
766.0
881.0
961.0
1001.0
997.0
950.0
863.0
742.0
595.0
433.0
266.0
106.0
4.0
0.0
0.0
0.0
0.0
0.0
0.0
10.0
129.0
292.0
459.0
619.0
762.0
878.0
958.0
997.0
993.0
946.0
859.0
738.0
591.0
429.0
261.0
101.0
3.0
0.0
0.0
0.0
0.0
0.0
0.0
9.0
124.0
287.0
455.0
615.0
758.0
874.0
954.0
994.0
990.0
942.0
855.0
734.0
587.0
424.0
256.0
96.0
2.0
0.0
0.0
0.0
0.0
0.0
0.0
7.0
119.0
282.0
450.0
611.0
755.0
870.0
951.0
990.0
986.0
939.0
851.0
730.0
582.0
419.0
252.0
91.0
1.0
0.0
0.0
0.0
0.0
0.0
0.0
5.0
114.0
278.0
446.0
607.0
751.0
866.0
947.0
986.0
982.0
935.0
847.0
725.0
578.0
414.0
246.0
85.0
0.0
0.0
0.0
0.0
0.0
0.0
0.0
4.0
109.0
273.0
441.0
603.0
747.0
863.0
943.0
983.0
979.0
931.0
843.0
721.0
573.0
410.0
241.0
80.0
0.0
0.0
0.0
0.0
0.0
0.0
0.0
3.0
104.0
268.0
437.0
599.0
743.0
859.0
939.0
979.0
975.0
927.0
839.0
717.0
568.0
404.0
236.0
76.0
0.0
0.0
0.0
0.0
0.0
0.0
0.0
2.0
99.0
263.0
432.0
594.0
738.0
855.0
935.0
975.0
971.0
923.0
835.0
712.0
564.0
399.0
230.0
71.0
0.0
0.0
0.0
0.0
0.0
0.0
0.0
1.0
94.0
258.0
428.0
590.0
734.0
851.0
932.0
971.0
967.0
919.0
830.0
707.0
559.0
394.0
225.0
65.0
0.0
0.0
0.0
0.0
0.0
0.0
0.0
0.0
88.0
253.0
423.0
585.0
730.0
847.0
927.0
967.0
962.0
914.0
826.0
703.0
553.0
389.0
219.0
60.0
0.0
0.0
0.0
0.0
0.0
0.0
0.0
0.0
83.0
248.0
418.0
581.0
726.0
842.0
923.0
963.0
958.0
910.0
821.0
698.0
548.0
383.0
213.0
55.0
0.0
0.0
0.0
0.0
0.0
0.0
0.0
0.0
79.0
243.0
413.0
576.0
721.0
838.0
919.0
959.0
954.0
905.0
816.0
693.0
543.0
377.0
207.0
50.0
0.0
0.0
0.0
0.0
0.0
0.0
0.0
0.0
74.0
238.0
408.0
572.0
717.0
834.0
915.0
954.0
949.0
901.0
811.0
687.0
537.0
372.0
201.0
45.0
0.0
0.0
0.0
0.0
0.0
0.0
0.0
0.0
69.0
233.0
403.0
567.0
712.0
829.0
910.0
950.0
945.0
896.0
806.0
682.0
532.0
366.0
195.0
40.0
0.0
0.0
0.0
0.0
0.0
0.0
0.0
0.0
64.0
227.0
398.0
562.0
708.0
825.0
906.0
945.0
940.0
891.0
801.0
677.0
526.0
360.0
189.0
35.0
0.0
0.0
0.0
0.0
0.0
0.0
0.0
0.0
59.0
222.0
393.0
557.0
703.0
820.0
902.0
941.0
936.0
886.0
796.0
671.0
520.0
353.0
182.0
31.0
0.0
0.0
0.0
0.0
0.0
0.0
0.0
0.0
54.0
216.0
388.0
552.0
698.0
816.0
897.0
936.0
931.0
881.0
791.0
666.0
514.0
347.0
176.0
27.0
0.0
0.0
0.0
0.0
0.0
0.0
0.0
0.0
49.0
211.0
383.0
547.0
694.0
811.0
892.0
931.0
926.0
876.0
785.0
660.0
508.0
341.0
169.0
23.0
0.0
0.0
0.0
0.0
0.0
0.0
0.0
0.0
45.0
205.0
378.0
542.0
689.0
806.0
888.0
927.0
921.0
871.0
780.0
654.0
502.0
334.0
162.0
19.0
0.0
0.0
0.0
0.0
0.0
0.0
0.0
0.0
41.0
200.0
372.0
537.0
684.0
802.0
883.0
922.0
916.0
866.0
774.0
648.0
496.0
328.0
155.0
16.0
0.0
0.0
0.0
0.0
0.0
0.0
0.0
0.0
36.0
194.0
367.0
532.0
679.0
797.0
878.0
917.0
911.0
860.0
769.0
642.0
489.0
321.0
148.0
13.0
0.0
0.0
0.0
0.0
0.0
0.0
0.0
0.0
33.0
188.0
362.0
527.0
674.0
792.0
873.0
912.0
905.0
855.0
763.0
636.0
483.0
314.0
141.0
10.0
0.0
0.0
0.0
0.0
0.0
0.0
0.0
0.0
29.0
183.0
356.0
522.0
669.0
787.0
868.0
907.0
900.0
849.0
757.0
630.0
476.0
307.0
134.0
8.0
0.0
0.0
0.0
0.0
0.0
0.0
0.0
0.0
25.0
177.0
351.0
517.0
664.0
782.0
863.0
901.0
895.0
843.0
751.0
623.0
470.0
300.0
127.0
6.0
0.0
0.0
0.0
0.0
0.0
0.0
0.0
0.0
22.0
171.0
345.0
511.0
658.0
777.0
858.0
896.0
889.0
838.0
745.0
617.0
463.0
293.0
119.0
4.0
0.0
0.0
0.0
0.0
0.0
0.0
0.0
0.0
19.0
165.0
339.0
506.0
653.0
771.0
852.0
891.0
884.0
832.0
738.0
610.0
456.0
286.0
112.0
2.0
0.0
0.0
0.0
0.0
0.0
0.0
0.0
0.0
16.0
159.0
334.0
500.0
648.0
766.0
847.0
885.0
878.0
826.0
732.0
604.0
449.0
279.0
104.0
1.0
0.0
0.0
0.0
0.0
0.0
0.0
0.0
0.0
14.0
153.0
328.0
495.0
643.0
761.0
842.0
880.0
872.0
820.0
726.0
597.0
442.0
271.0
96.0
0.0
0.0
0.0
0.0
0.0
0.0
0.0
0.0
0.0
11.0
147.0
322.0
489.0
637.0
755.0
836.0
874.0
866.0
813.0
719.0
590.0
435.0
264.0
89.0
0.0
0.0
0.0
0.0
0.0
0.0
0.0
0.0
0.0
9.0
141.0
317.0
484.0
632.0
750.0
831.0
868.0
860.0
807.0
713.0
583.0
427.0
256.0
82.0
0.0
0.0
0.0
0.0
0.0
0.0
0.0
0.0
0.0
7.0
135.0
311.0
478.0
626.0
744.0
825.0
862.0
854.0
801.0
706.0
576.0
420.0
248.0
74.0
0.0
0.0
0.0
0.0
0.0
0.0
0.0
0.0
0.0
5.0
129.0
305.0
472.0
620.0
739.0
819.0
857.0
848.0
794.0
699.0
569.0
413.0
241.0
67.0
0.0
0.0
0.0
0.0
0.0
0.0
0.0
0.0
0.0
4.0
123.0
299.0
467.0
615.0
733.0
814.0
851.0
842.0
788.0
692.0
562.0
405.0
233.0
60.0
0.0
0.0
0.0
0.0
0.0
0.0
0.0
0.0
0.0
3.0
117.0
293.0
461.0
609.0
727.0
808.0
845.0
836.0
781.0
685.0
554.0
397.0
225.0
54.0
0.0
0.0
0.0
0.0
0.0
0.0
0.0
0.0
0.0
2.0
111.0
287.0
455.0
603.0
722.0
802.0
839.0
829.0
775.0
678.0
547.0
390.0
217.0
47.0
0.0
0.0
0.0
0.0
0.0
0.0
0.0
0.0
0.0
1.0
104.0
281.0
449.0
598.0
716.0
796.0
832.0
823.0
768.0
671.0
540.0
382.0
209.0
41.0
0.0
0.0
0.0
0.0
0.0
0.0
0.0
0.0
0.0
0.0
98.0
275.0
443.0
592.0
710.0
790.0
826.0
816.0
761.0
664.0
532.0
374.0
200.0
36.0
0.0
0.0
0.0
0.0
0.0
0.0
0.0
0.0
0.0
0.0
92.0
269.0
437.0
586.0
704.0
784.0
820.0
810.0
754.0
657.0
524.0
366.0
192.0
31.0
0.0
0.0
0.0
0.0
0.0
0.0
0.0
0.0
0.0
0.0
86.0
263.0
431.0
580.0
698.0
778.0
813.0
803.0
747.0
649.0
517.0
358.0
184.0
26.0
0.0
0.0
0.0
0.0
0.0
0.0
0.0
0.0
0.0
0.0
80.0
257.0
425.0
574.0
692.0
771.0
807.0
796.0
740.0
642.0
509.0
350.0
175.0
21.0
0.0
0.0
0.0
0.0
0.0
0.0
0.0
0.0
0.0
0.0
74.0
250.0
419.0
568.0
686.0
765.0
800.0
790.0
733.0
635.0
501.0
342.0
167.0
17.0
0.0
0.0
0.0
0.0
0.0
0.0
0.0
0.0
0.0
0.0
68.0
244.0
413.0
562.0
679.0
759.0
794.0
783.0
726.0
627.0
493.0
333.0
159.0
14.0
0.0
0.0
0.0
0.0
0.0
0.0
0.0
0.0
0.0
0.0
62.0
238.0
407.0
555.0
673.0
752.0
787.0
776.0
718.0
619.0
485.0
325.0
150.0
10.0
0.0
0.0
0.0
0.0
0.0
0.0
0.0
0.0
0.0
0.0
57.0
231.0
401.0
549.0
667.0
746.0
780.0
769.0
711.0
612.0
477.0
317.0
141.0
8.0
0.0
0.0
0.0
0.0
0.0
0.0
0.0
0.0
0.0
0.0
52.0
225.0
394.0
543.0
660.0
739.0
774.0
762.0
704.0
604.0
469.0
308.0
133.0
5.0
0.0
0.0
0.0
0.0
0.0
0.0
0.0
0.0
0.0
0.0
47.0
219.0
388.0
537.0
654.0
733.0
767.0
754.0
696.0
596.0
461.0
300.0
124.0
3.0
0.0
0.0
0.0
0.0
0.0
0.0
0.0
0.0
0.0
0.0
42.0
212.0
382.0
530.0
648.0
726.0
760.0
747.0
689.0
588.0
453.0
291.0
115.0
2.0
0.0
0.0
0.0
0.0
0.0
0.0
0.0
0.0
0.0
0.0
38.0
206.0
375.0
524.0
641.0
719.0
753.0
740.0
681.0
580.0
444.0
283.0
106.0
1.0
0.0
0.0
0.0
0.0
0.0
0.0
0.0
0.0
0.0
0.0
34.0
199.0
369.0
517.0
634.0
712.0
746.0
732.0
673.0
572.0
436.0
274.0
98.0
0.0
0.0
0.0
0.0
0.0
0.0
0.0
0.0
0.0
0.0
0.0
30.0
193.0
362.0
511.0
628.0
706.0
739.0
725.0
665.0
564.0
428.0
265.0
88.0
0.0
0.0
0.0
0.0
0.0
0.0
0.0
0.0
0.0
0.0
0.0
26.0
186.0
356.0
504.0
621.0
699.0
732.0
718.0
658.0
556.0
419.0
257.0
80.0
0.0
0.0
0.0
0.0
0.0
0.0
0.0
0.0
0.0
0.0
0.0
23.0
179.0
349.0
497.0
614.0
692.0
724.0
710.0
650.0
548.0
411.0
248.0
72.0
0.0
0.0
0.0
0.0
0.0
0.0
0.0
0.0
0.0
0.0
0.0
19.0
173.0
343.0
491.0
607.0
685.0
717.0
702.0
642.0
539.0
402.0
239.0
64.0
0.0
0.0
0.0
0.0
0.0
0.0
0.0
0.0
0.0
0.0
0.0
16.0
166.0
336.0
484.0
601.0
678.0
710.0
695.0
634.0
531.0
394.0
230.0
57.0
0.0
0.0
0.0
0.0
0.0
0.0
0.0
0.0
0.0
0.0
0.0
14.0
159.0
329.0
477.0
594.0
670.0
702.0
687.0
626.0
523.0
385.0
222.0
50.0
0.0
0.0
0.0
0.0
0.0
0.0
0.0
0.0
0.0
0.0
0.0
11.0
153.0
322.0
470.0
587.0
663.0
695.0
679.0
618.0
515.0
376.0
213.0
43.0
0.0
0.0
0.0
0.0
0.0
0.0
0.0
0.0
0.0
0.0
0.0
9.0
146.0
316.0
464.0
580.0
656.0
687.0
672.0
610.0
506.0
368.0
204.0
37.0
0.0
0.0
0.0
0.0
0.0
0.0
0.0
0.0
0.0
0.0
0.0
7.0
139.0
309.0
457.0
573.0
649.0
680.0
664.0
602.0
498.0
359.0
195.0
32.0
0.0
0.0
0.0
0.0
0.0
0.0
0.0
0.0
0.0
0.0
0.0
5.0
132.0
302.0
450.0
566.0
641.0
672.0
656.0
594.0
489.0
350.0
186.0
27.0
0.0
0.0
0.0
0.0
0.0
0.0
0.0
0.0
0.0
0.0
0.0
4.0
125.0
295.0
443.0
558.0
634.0
665.0
648.0
585.0
481.0
342.0
177.0
22.0
0.0
0.0
0.0
0.0
0.0
0.0
0.0
0.0
0.0
0.0
0.0
2.0
119.0
288.0
436.0
551.0
627.0
657.0
640.0
577.0
472.0
333.0
168.0
18.0
0.0
0.0
0.0
0.0
0.0
0.0
0.0
0.0
0.0
0.0
0.0
1.0
112.0
281.0
429.0
544.0
619.0
649.0
632.0
569.0
464.0
324.0
159.0
14.0
0.0
0.0
0.0
0.0
0.0
0.0
0.0
0.0
0.0
0.0
0.0
1.0
105.0
274.0
422.0
537.0
612.0
642.0
624.0
561.0
455.0
315.0
151.0
11.0
0.0
0.0
0.0
0.0
0.0
0.0
0.0
0.0
0.0
0.0
0.0
0.0
98.0
267.0
415.0
530.0
604.0
634.0
616.0
552.0
447.0
307.0
142.0
8.0
0.0
0.0
0.0
0.0
0.0
0.0
0.0
0.0
0.0
0.0
0.0
0.0
91.0
260.0
407.0
522.0
597.0
626.0
608.0
544.0
438.0
298.0
133.0
5.0
0.0
0.0
0.0
0.0
0.0
0.0
0.0
0.0
0.0
0.0
0.0
0.0
83.0
253.0
400.0
515.0
589.0
618.0
600.0
536.0
430.0
289.0
124.0
3.0
0.0
0.0
0.0
0.0
0.0
0.0
0.0
0.0
0.0
0.0
0.0
0.0
76.0
246.0
393.0
508.0
582.0
610.0
592.0
527.0
421.0
281.0
115.0
2.0
0.0
0.0
0.0
0.0
0.0
0.0
0.0
0.0
0.0
0.0
0.0
0.0
70.0
239.0
386.0
500.0
574.0
603.0
584.0
519.0
413.0
272.0
106.0
1.0
0.0
0.0
0.0
0.0
0.0
0.0
0.0
0.0
0.0
0.0
0.0
0.0
63.0
232.0
379.0
493.0
566.0
595.0
576.0
511.0
404.0
263.0
97.0
0.0
0.0
0.0
0.0
0.0
0.0
0.0
0.0
0.0
0.0
0.0
0.0
0.0
58.0
225.0
371.0
485.0
559.0
587.0
567.0
502.0
395.0
254.0
89.0
0.0
0.0
0.0
0.0
0.0
0.0
0.0
0.0
0.0
0.0
0.0
0.0
0.0
52.0
218.0
364.0
478.0
551.0
579.0
559.0
494.0
387.0
246.0
78.0
0.0
0.0
0.0
0.0
0.0
0.0
0.0
0.0
0.0
0.0
0.0
0.0
0.0
47.0
211.0
357.0
470.0
543.0
571.0
551.0
486.0
378.0
237.0
70.0
0.0
0.0
0.0
0.0
0.0
0.0
0.0
0.0
0.0
0.0
0.0
0.0
0.0
42.0
203.0
349.0
463.0
536.0
563.0
543.0
477.0
370.0
228.0
63.0
0.0
0.0
0.0
0.0
0.0
0.0
0.0
0.0
0.0
0.0
0.0
0.0
0.0
37.0
196.0
342.0
455.0
528.0
555.0
535.0
469.0
361.0
220.0
56.0
0.0
0.0
0.0
0.0
0.0
0.0
0.0
0.0
0.0
0.0
0.0
0.0
0.0
32.0
189.0
335.0
448.0
520.0
547.0
527.0
461.0
353.0
211.0
49.0
0.0
0.0
0.0
0.0
0.0
0.0
0.0
0.0
0.0
0.0
0.0
0.0
0.0
28.0
182.0
327.0
440.0
512.0
539.0
519.0
452.0
345.0
203.0
43.0
0.0
0.0
0.0
0.0
0.0
0.0
0.0
0.0
0.0
0.0
0.0
0.0
0.0
24.0
174.0
320.0
432.0
504.0
531.0
510.0
444.0
336.0
194.0
37.0
0.0
0.0
0.0
0.0
0.0
0.0
0.0
0.0
0.0
0.0
0.0
0.0
0.0
21.0
167.0
312.0
425.0
497.0
523.0
502.0
436.0
328.0
186.0
32.0
0.0
0.0
0.0
0.0
0.0
0.0
0.0
0.0
0.0
0.0
0.0
0.0
0.0
17.0
160.0
305.0
417.0
489.0
515.0
494.0
427.0
320.0
178.0
27.0
0.0
0.0
0.0
0.0
0.0
0.0
0.0
0.0
0.0
0.0
0.0
0.0
0.0
14.0
153.0
298.0
410.0
481.0
507.0
486.0
419.0
311.0
169.0
23.0
0.0
0.0
0.0
0.0
0.0
0.0
0.0
0.0
0.0
0.0
0.0
0.0
0.0
12.0
145.0
290.0
402.0
473.0
499.0
478.0
411.0
303.0
161.0
19.0
0.0
0.0
0.0
0.0
0.0
0.0
0.0
0.0
0.0
0.0
0.0
0.0
0.0
9.0
138.0
283.0
395.0
466.0
491.0
470.0
403.0
295.0
153.0
15.0
0.0
0.0
0.0
0.0
0.0
0.0
0.0
0.0
0.0
0.0
0.0
0.0
0.0
7.0
131.0
275.0
387.0
458.0
484.0
462.0
395.0
287.0
145.0
12.0
0.0
0.0
0.0
0.0
0.0
0.0
0.0
0.0
0.0
0.0
0.0
0.0
0.0
5.0
124.0
268.0
379.0
450.0
476.0
454.0
387.0
279.0
137.0
9.0
0.0
0.0
0.0
0.0
0.0
0.0
0.0
0.0
0.0
0.0
0.0
0.0
0.0
4.0
116.0
261.0
372.0
443.0
468.0
446.0
379.0
271.0
129.0
7.0
0.0
0.0
0.0
0.0
0.0
0.0
0.0
0.0
0.0
0.0
0.0
0.0
0.0
2.0
109.0
253.0
364.0
435.0
460.0
438.0
371.0
263.0
121.0
5.0
0.0
0.0
0.0
0.0
0.0
0.0
0.0
0.0
0.0
0.0
0.0
0.0
0.0
1.0
102.0
246.0
357.0
427.0
452.0
431.0
363.0
255.0
113.0
3.0
0.0
0.0
0.0
0.0
0.0
0.0
0.0
0.0
0.0
0.0
0.0
0.0
0.0
0.0
95.0
239.0
349.0
420.0
445.0
423.0
355.0
247.0
105.0
2.0
0.0
0.0
0.0
0.0
0.0
0.0
0.0
0.0
0.0
0.0
0.0
0.0
0.0
0.0
88.0
231.0
342.0
412.0
437.0
415.0
348.0
239.0
98.0
1.0
0.0
0.0
0.0
0.0
0.0
0.0
0.0
0.0
0.0
0.0
0.0
0.0
0.0
0.0
78.0
224.0
334.0
405.0
429.0
407.0
340.0
232.0
90.0
0.0
0.0
0.0
0.0
0.0
0.0
0.0
0.0
0.0
0.0
0.0
0.0
0.0
0.0
0.0
71.0
217.0
327.0
397.0
422.0
400.0
332.0
224.0
83.0
0.0
0.0
0.0
0.0
0.0
0.0
0.0
0.0
0.0
0.0
0.0
0.0
0.0
0.0
0.0
64.0
209.0
320.0
390.0
414.0
392.0
325.0
217.0
72.0
0.0
0.0
0.0
0.0
0.0
0.0
0.0
0.0
0.0
0.0
0.0
0.0
0.0
0.0
0.0
58.0
202.0
312.0
382.0
407.0
385.0
317.0
209.0
65.0
0.0
0.0
0.0
0.0
0.0
0.0
0.0
0.0
0.0
0.0
0.0
0.0
0.0
0.0
0.0
52.0
195.0
305.0
375.0
399.0
377.0
310.0
202.0
59.0
0.0
0.0
0.0
0.0
0.0
0.0
0.0
0.0
0.0
0.0
0.0
0.0
0.0
0.0
0.0
46.0
188.0
298.0
367.0
392.0
370.0
303.0
195.0
53.0
0.0
0.0
0.0
0.0
0.0
0.0
0.0
0.0
0.0
0.0
0.0
0.0
0.0
0.0
0.0
41.0
181.0
291.0
360.0
385.0
363.0
295.0
188.0
47.0
0.0
0.0
0.0
0.0
0.0
0.0
0.0
0.0
0.0
0.0
0.0
0.0
0.0
0.0
0.0
36.0
174.0
283.0
353.0
378.0
356.0
288.0
181.0
42.0
0.0
0.0
0.0
0.0
0.0
0.0
0.0
0.0
0.0
0.0
0.0
0.0
0.0
0.0
0.0
32.0
167.0
276.0
346.0
370.0
348.0
281.0
174.0
37.0
0.0
0.0
0.0
0.0
0.0
0.0
0.0
0.0
0.0
0.0
0.0
0.0
0.0
0.0
0.0
27.0
160.0
269.0
339.0
363.0
341.0
274.0
167.0
33.0
0.0
0.0
0.0
0.0
0.0
0.0
0.0
0.0
0.0
0.0
0.0
0.0
0.0
0.0
0.0
24.0
153.0
262.0
332.0
356.0
335.0
268.0
160.0
29.0
0.0
0.0
0.0
0.0
0.0
0.0
0.0
0.0
0.0
0.0
0.0
0.0
0.0
0.0
0.0
20.0
146.0
255.0
325.0
349.0
328.0
261.0
154.0
25.0
0.0
0.0
0.0
0.0
0.0
0.0
0.0
0.0
0.0
0.0
0.0
0.0
0.0
0.0
0.0
17.0
139.0
249.0
318.0
343.0
321.0
254.0
147.0
21.0
0.0
0.0
0.0
0.0
0.0
0.0
0.0
0.0
0.0
0.0
0.0
0.0
0.0
0.0
0.0
14.0
133.0
242.0
311.0
336.0
314.0
248.0
141.0
18.0
0.0
0.0
0.0
0.0
0.0
0.0
0.0
0.0
0.0
0.0
0.0
0.0
0.0
0.0
0.0
11.0
126.0
235.0
305.0
329.0
308.0
242.0
135.0
15.0
0.0
0.0
0.0
0.0
0.0
0.0
0.0
0.0
0.0
0.0
0.0
0.0
0.0
0.0
0.0
9.0
119.0
229.0
298.0
323.0
301.0
235.0
129.0
13.0
0.0
0.0
0.0
0.0
0.0
0.0
0.0
0.0
0.0
0.0
0.0
0.0
0.0
0.0
0.0
7.0
113.0
222.0
291.0
316.0
295.0
229.0
123.0
11.0
0.0
0.0
0.0
0.0
0.0
0.0
0.0
0.0
0.0
0.0
0.0
0.0
0.0
0.0
0.0
5.0
107.0
216.0
285.0
310.0
289.0
223.0
117.0
9.0
0.0
0.0
0.0
0.0
0.0
0.0
0.0
0.0
0.0
0.0
0.0
0.0
0.0
0.0
0.0
4.0
100.0
209.0
279.0
304.0
283.0
217.0
111.0
7.0
0.0
0.0
0.0
0.0
0.0
0.0
0.0
0.0
0.0
0.0
0.0
0.0
0.0
0.0
0.0
2.0
94.0
203.0
273.0
298.0
277.0
212.0
106.0
5.0
0.0
0.0
0.0
0.0
0.0
0.0
0.0
0.0
0.0
0.0
0.0
0.0
0.0
0.0
0.0
1.0
88.0
197.0
266.0
292.0
271.0
206.0
101.0
4.0
0.0
0.0
0.0
0.0
0.0
0.0
0.0
0.0
0.0
0.0
0.0
0.0
0.0
0.0
0.0
1.0
82.0
191.0
260.0
286.0
265.0
200.0
95.0
3.0
0.0
0.0
0.0
0.0
0.0
0.0
0.0
0.0
0.0
0.0
0.0
0.0
0.0
0.0
0.0
0.0
76.0
185.0
255.0
280.0
260.0
195.0
90.0
2.0
0.0
0.0
0.0
0.0
0.0
0.0
0.0
0.0
0.0
0.0
0.0
0.0
0.0
0.0
0.0
0.0
70.0
179.0
249.0
275.0
254.0
190.0
85.0
1.0
0.0
0.0
0.0
0.0
0.0
0.0
0.0
0.0
0.0
0.0
0.0
0.0
0.0
0.0
0.0
0.0
60.0
173.0
243.0
269.0
249.0
185.0
81.0
1.0
0.0
0.0
0.0
0.0
0.0
0.0
0.0
0.0
0.0
0.0
0.0
0.0
0.0
0.0
0.0
0.0
55.0
168.0
238.0
264.0
244.0
180.0
76.0
0.0
0.0
0.0
0.0
0.0
0.0
0.0
0.0
0.0
0.0
0.0
0.0
0.0
0.0
0.0
0.0
0.0
50.0
162.0
232.0
258.0
239.0
175.0
71.0
0.0
0.0
0.0
0.0
0.0
0.0
0.0
0.0
0.0
0.0
0.0
0.0
0.0
0.0
0.0
0.0
0.0
45.0
157.0
227.0
253.0
234.0
171.0
67.0
0.0
0.0
0.0
0.0
0.0
0.0
0.0
0.0
0.0
0.0
0.0
0.0
0.0
0.0
0.0
0.0
0.0
41.0
151.0
222.0
248.0
229.0
166.0
59.0
0.0
0.0
0.0
0.0
0.0
0.0
0.0
0.0
0.0
0.0
0.0
0.0
0.0
0.0
0.0
0.0
0.0
37.0
146.0
217.0
244.0
225.0
162.0
55.0
0.0
0.0
0.0
0.0
0.0
0.0
0.0
0.0
0.0
0.0
0.0
0.0
0.0
0.0
0.0
0.0
0.0
33.0
141.0
212.0
239.0
220.0
158.0
51.0
0.0
0.0
0.0
0.0
0.0
0.0
0.0
0.0
0.0
0.0
0.0
0.0
0.0
0.0
0.0
0.0
0.0
29.0
136.0
207.0
234.0
216.0
154.0
48.0
0.0
0.0
0.0
0.0
0.0
0.0
0.0
0.0
0.0
0.0
0.0
0.0
0.0
0.0
0.0
0.0
0.0
26.0
132.0
203.0
230.0
212.0
150.0
45.0
0.0
0.0
0.0
0.0
0.0
0.0
0.0
0.0
0.0
0.0
0.0
0.0
0.0
0.0
0.0
0.0
0.0
23.0
127.0
198.0
226.0
208.0
146.0
42.0
0.0
0.0
0.0
0.0
0.0
0.0
0.0
0.0
0.0
0.0
0.0
0.0
0.0
0.0
0.0
0.0
0.0
20.0
123.0
194.0
222.0
204.0
143.0
39.0
0.0
0.0
0.0
0.0
0.0
0.0
0.0
0.0
0.0
0.0
0.0
0.0
0.0
0.0
0.0
0.0
0.0
18.0
118.0
190.0
218.0
201.0
139.0
37.0
0.0
0.0
0.0
0.0
0.0
0.0
0.0
0.0
0.0
0.0
0.0
0.0
0.0
0.0
0.0
0.0
0.0
16.0
114.0
186.0
214.0
197.0
136.0
35.0
0.0
0.0
0.0
0.0
0.0
0.0
0.0
0.0
0.0
0.0
0.0
0.0
0.0
0.0
0.0
0.0
0.0
14.0
110.0
182.0
211.0
194.0
133.0
33.0
0.0
0.0
0.0
0.0
0.0
0.0
0.0
0.0
0.0
0.0
0.0
0.0
0.0
0.0
0.0
0.0
0.0
12.0
106.0
178.0
207.0
191.0
131.0
31.0
0.0
0.0
0.0
0.0
0.0
0.0
0.0
0.0
0.0
0.0
0.0
0.0
0.0
0.0
0.0
0.0
0.0
10.0
102.0
175.0
204.0
188.0
128.0
29.0
0.0
0.0
0.0
0.0
0.0
0.0
0.0
0.0
0.0
0.0
0.0
0.0
0.0
0.0
0.0
0.0
0.0
9.0
99.0
171.0
201.0
185.0
125.0
27.0
0.0
0.0
0.0
0.0
0.0
0.0
0.0
0.0
0.0
0.0
0.0
0.0
0.0
0.0
0.0
0.0
0.0
8.0
95.0
168.0
198.0
183.0
123.0
26.0
0.0
0.0
0.0
0.0
0.0
0.0
0.0
0.0
0.0
0.0
0.0
0.0
0.0
0.0
0.0
0.0
0.0
7.0
92.0
165.0
195.0
180.0
121.0
25.0
0.0
0.0
0.0
0.0
0.0
0.0
0.0
0.0
0.0
0.0
0.0
0.0
0.0
0.0
0.0
0.0
0.0
6.0
89.0
162.0
193.0
178.0
119.0
24.0
0.0
0.0
0.0
0.0
0.0
0.0
0.0
0.0
0.0
0.0
0.0
0.0
0.0
0.0
0.0
0.0
0.0
5.0
86.0
159.0
190.0
176.0
117.0
23.0
0.0
0.0
0.0
0.0
0.0
0.0
0.0
0.0
0.0
0.0
0.0
0.0
0.0
0.0
0.0
0.0
0.0
4.0
83.0
157.0
188.0
174.0
116.0
22.0
0.0
0.0
0.0
0.0
0.0
0.0
0.0
0.0
0.0
0.0
0.0
0.0
0.0
0.0
0.0
0.0
0.0
3.0
80.0
155.0
186.0
172.0
114.0
21.0
0.0
0.0
0.0
0.0
0.0
0.0
0.0
0.0
0.0
0.0
0.0
0.0
0.0
0.0
0.0
0.0
0.0
3.0
78.0
152.0
184.0
171.0
113.0
21.0
0.0
0.0
0.0
0.0
0.0
0.0
0.0
0.0
0.0
0.0
0.0
0.0
0.0
0.0
0.0
0.0
0.0
2.0
76.0
150.0
182.0
169.0
112.0
20.0
0.0
0.0
0.0
0.0
0.0
0.0
0.0
0.0
0.0
0.0
0.0
0.0
0.0
0.0
0.0
0.0
0.0
2.0
74.0
149.0
181.0
168.0
111.0
20.0
0.0
0.0
0.0
0.0
0.0
0.0
0.0
0.0
0.0
0.0
0.0
0.0
0.0
0.0
0.0
0.0
0.0
1.0
72.0
147.0
179.0
167.0
111.0
20.0
0.0
0.0
0.0
0.0
0.0
0.0
0.0
0.0
0.0
0.0
0.0
0.0
0.0
0.0
0.0
0.0
0.0
1.0
70.0
145.0
178.0
166.0
110.0
20.0
0.0
0.0
0.0
0.0
0.0
0.0
0.0
0.0
0.0
0.0
0.0
0.0
0.0
0.0
0.0
0.0
0.0
1.0
68.0
144.0
177.0
166.0
110.0
20.0
0.0
0.0
0.0
0.0
0.0
0.0
0.0
0.0
0.0
0.0
0.0
0.0
0.0
0.0
0.0
0.0
0.0
1.0
67.0
143.0
177.0
165.0
110.0
20.0
0.0
0.0
0.0
0.0
0.0
0.0
0.0
0.0
0.0
0.0
0.0
0.0
0.0
0.0
0.0
0.0
0.0
0.0
66.0
142.0
176.0
165.0
110.0
20.0
0.0
0.0
0.0
0.0
0.0
0.0
0.0
0.0
0.0
0.0
0.0
0.0
0.0
0.0
0.0
0.0
0.0
0.0
64.0
141.0
176.0
165.0
110.0
20.0
0.0
0.0
0.0
0.0
0.0
0.0
0.0
0.0
0.0
0.0
0.0
0.0
0.0
0.0
0.0
0.0
0.0
0.0
64.0
141.0
175.0
165.0
111.0
21.0
0.0
0.0
0.0
0.0
0.0
0.0
0.0
0.0
0.0
0.0
0.0
0.0
0.0
0.0
0.0
0.0
0.0
0.0
63.0
140.0
175.0
165.0
111.0
21.0
0.0
0.0
0.0
0.0
0.0
0.0
0.0
0.0
0.0
0.0
0.0
0.0
0.0
0.0
0.0
0.0
0.0
0.0
62.0
140.0
175.0
166.0
112.0
22.0
0.0
0.0
0.0
0.0
0.0
0.0
0.0
0.0
0.0
0.0
0.0
0.0
0.0
0.0
0.0
0.0
0.0
0.0
62.0
140.0
176.0
167.0
113.0
22.0
0.0
0.0
0.0
0.0
0.0
0.0
0.0
0.0
0.0
0.0
0.0
0.0
0.0
0.0
0.0
0.0
0.0
0.0
62.0
140.0
176.0
167.0
114.0
23.0
0.0
0.0
0.0
0.0
0.0
0.0
0.0
0.0
0.0
0.0
0.0
0.0
0.0
0.0
0.0
0.0
0.0
0.0
62.0
141.0
177.0
168.0
116.0
24.0
0.0
0.0
0.0
0.0
0.0
0.0
0.0
0.0
0.0
0.0
0.0
0.0
0.0
0.0
0.0
0.0
0.0
0.0
62.0
141.0
178.0
170.0
117.0
26.0
0.0
0.0
0.0
0.0
0.0
0.0
0.0
0.0
0.0
0.0
0.0
0.0
0.0
0.0
0.0
0.0
0.0
0.0
62.0
142.0
179.0
171.0
119.0
27.0
0.0
0.0
0.0
0.0
0.0
0.0
0.0
0.0
0.0
0.0
0.0
0.0
0.0
0.0
0.0
0.0
0.0
0.0
63.0
143.0
180.0
173.0
121.0
28.0
0.0
0.0
0.0
0.0
0.0
0.0
0.0
0.0
0.0
0.0
0.0
0.0
0.0
0.0
0.0
0.0
0.0
0.0
64.0
144.0
182.0
175.0
123.0
30.0
0.0
0.0
0.0
0.0
0.0
0.0
0.0
0.0
0.0
