Consumption in Scandinavia in 2017
33648.0
33348.0
32696.0
32183.0
31938.0
32199.0
32863.0
33412.0
34099.0
34907.0
36153.0
37058.0
37472.0
37546.0
37961.0
39103.0
40353.0
40930.0
40638.0
39920.0
39008.0
38016.0
36737.0
35625.0
34528.0
33942.0
33887.0
34002.0
34589.0
35735.0
37928.0
40841.0
42589.0
43516.0
44591.0
44679.0
44609.0
44539.0
44744.0
45500.0
46781.0
47274.0
46532.0
45528.0
44323.0
43070.0
41530.0
39884.0
38498.0
37410.0
36991.0
36913.0
37329.0
38046.0
40410.0
43192.0
44671.0
44997.0
45589.0
45764.0
45477.0
45561.0
45840.0
46627.0
47761.0
48296.0
47541.0
46501.0
45431.0
44022.0
42143.0
40412.0
39191.0
38208.0
37926.0
38098.0
38506.0
40167.0
43910.0
47857.0
49307.0
49380.0
49597.0
49521.0
49162.0
49242.0
49473.0
49972.0
51016.0
51458.0
50456.0
49525.0
48268.0
46684.0
44858.0
42735.0
41256.0
40543.0
40373.0
40465.0
41061.0
42525.0
46042.0
50166.0
51631.0
51808.0
52028.0
51662.0
51003.0
50699.0
50876.0
51700.0
53153.0
53628.0
52876.0
51653.0
50345.0
48790.0
47113.0
45102.0
43767.0
42964.0
42399.0
42447.0
42854.0
43769.0
46401.0
49678.0
51082.0
51076.0
51268.0
51056.0
50519.0
50157.0
50004.0
50634.0
51737.0
52150.0
51287.0
50406.0
48714.0
47143.0
45241.0
43698.0
42424.0
41448.0
41042.0
40930.0
41107.0
41950.0
44179.0
46622.0
48488.0
49210.0
49876.0
49848.0
49455.0
49002.0
48692.0
49229.0
50242.0
50766.0
49980.0
48680.0
47250.0
45543.0
43818.0
42175.0
40902.0
40239.0
39749.0
39513.0
39690.0
40496.0
42497.0
44746.0
46032.0
46888.0
47635.0
47708.0
47496.0
47113.0
46973.0
47419.0
48233.0
48506.0
47657.0
46414.0
44871.0
43581.0
41848.0
40141.0
38910.0
38194.0
37724.0
37721.0
38093.0
39213.0
41887.0
44996.0
46366.0
46698.0
47327.0
47140.0
46893.0
47006.0
46802.0
47194.0
48102.0
48180.0
47394.0
46122.0
44834.0
43586.0
41708.0
40080.0
38649.0
37688.0
37169.0
37124.0
37562.0
38317.0
40840.0
43563.0
44811.0
45040.0
45249.0
45526.0
45621.0
45801.0
45728.0
46083.0
47071.0
47476.0
46642.0
45631.0
44207.0
42733.0
40689.0
38623.0
37088.0
36219.0
35842.0
36179.0
36699.0
38202.0
42200.0
46288.0
47250.0
47233.0
47554.0
47171.0
46873.0
46925.0
46706.0
47001.0
47531.0
47808.0
46996.0
46023.0
44530.0
43277.0
41172.0
38787.0
37429.0
36706.0
36378.0
36439.0
36983.0
38472.0
42325.0
46714.0
47702.0
47373.0
47578.0
47278.0
46946.0
46800.0
46986.0
47306.0
48594.0
49059.0
48240.0
47273.0
45971.0
44230.0
42261.0
40129.0
38467.0
37773.0
37573.0
37784.0
38529.0
40338.0
44737.0
49168.0
50530.0
50230.0
50062.0
49815.0
49002.0
48495.0
48362.0
48946.0
49981.0
50590.0
50026.0
49196.0
47753.0
46311.0
44310.0
42472.0
41096.0
40367.0
40054.0
40031.0
40471.0
41699.0
44545.0
47022.0
48380.0
49221.0
49871.0
49439.0
48612.0
48362.0
48400.0
49228.0
50532.0
51497.0
50792.0
49853.0
48510.0
47030.0
45434.0
43790.0
42475.0
41875.0
41602.0
41603.0
42202.0
43322.0
45702.0
48099.0
49228.0
50020.0
50473.0
50005.0
49093.0
48340.0
48306.0
48819.0
50336.0
51381.0
50818.0
49756.0
48637.0
47599.0
46130.0
44588.0
43082.0
42342.0
42024.0
42050.0
42483.0
43532.0
46580.0
49726.0
51238.0
51353.0
51331.0
50880.0
50295.0
49669.0
49357.0
49765.0
51129.0
52150.0
51504.0
50447.0
49420.0
48275.0
46480.0
44463.0
42706.0
41919.0
41548.0
41474.0
41832.0
42860.0
45263.0
48307.0
49587.0
49954.0
50011.0
49582.0
48852.0
48583.0
48520.0
48928.0
50418.0
51185.0
50496.0
49421.0
48169.0
46622.0
44531.0
42483.0
41189.0
40272.0
39977.0
40002.0
40616.0
42264.0
46555.0
50672.0
51606.0
51054.0
50782.0
50190.0
49561.0
49297.0
49093.0
49245.0
50106.0
50676.0
49697.0
48629.0
47236.0
45829.0
43474.0
41339.0
39782.0
39200.0
38924.0
38911.0
39310.0
40897.0
44959.0
49218.0
49903.0
49779.0
49675.0
49252.0
48726.0
48331.0
48087.0
48378.0
49287.0
50260.0
49367.0
48153.0
46825.0
45299.0
43216.0
41067.0
39750.0
39054.0
38670.0
38880.0
39424.0
40880.0
44989.0
49411.0
50071.0
49713.0
49666.0
49025.0
48144.0
47731.0
47487.0
47787.0
48829.0
49885.0
49140.0
48086.0
46595.0
44991.0
43158.0
41289.0
39978.0
39260.0
39055.0
39052.0
39614.0
40840.0
43398.0
45921.0
47308.0
48087.0
48615.0
48037.0
47223.0
46498.0
46209.0
46812.0
47976.0
49395.0
48946.0
47878.0
46617.0
45036.0
43350.0
41624.0
40446.0
39719.0
39300.0
39340.0
39739.0
40771.0
43123.0
45420.0
46332.0
46986.0
47584.0
47637.0
47101.0
46629.0
46333.0
46600.0
47609.0
48382.0
47720.0
46525.0
45088.0
43656.0
42123.0
40359.0
38908.0
38124.0
37581.0
37600.0
37949.0
39042.0
41626.0
44934.0
46385.0
46804.0
47027.0
46612.0
46394.0
46109.0
45674.0
45854.0
47120.0
48241.0
47272.0
46037.0
44788.0
43375.0
41430.0
39640.0
37948.0
37256.0
36902.0
36809.0
37015.0
37980.0
40733.0
43776.0
44818.0
45117.0
45688.0
45532.0
45367.0
45254.0
45021.0
45231.0
46463.0
47158.0
46324.0
45409.0
44164.0
42650.0
40548.0
38606.0
37343.0
36465.0
35998.0
36150.0
36766.0
38264.0
42529.0
46784.0
47588.0
47204.0
47226.0
46919.0
46414.0
46246.0
46179.0
46353.0
47205.0
47975.0
46911.0
45682.0
44131.0
42337.0
40005.0
37846.0
36253.0
35232.0
34756.0
34780.0
35234.0
36834.0
40636.0
44603.0
45512.0
45328.0
45510.0
44929.0
44444.0
44158.0
44140.0
44414.0
45432.0
46653.0
45968.0
44792.0
43379.0
41963.0
39902.0
37822.0
36497.0
35709.0
35250.0
35277.0
35662.0
37165.0
41243.0
45396.0
46112.0
45822.0
45889.0
45398.0
44724.0
44193.0
44034.0
44069.0
44881.0
45981.0
45390.0
44173.0
42545.0
40826.0
38800.0
36852.0
35499.0
34922.0
34651.0
34708.0
35080.0
36087.0
38465.0
41085.0
42286.0
43241.0
43855.0
43691.0
43344.0
43074.0
42807.0
43014.0
44085.0
45596.0
45146.0
44010.0
42577.0
41065.0
39185.0
37483.0
36241.0
35393.0
34939.0
34834.0
35120.0
36057.0
38384.0
40713.0
41694.0
42469.0
43246.0
43413.0
43082.0
42977.0
42666.0
42711.0
43502.0
44266.0
43410.0
42242.0
40797.0
39372.0
37892.0
36375.0
35089.0
34089.0
33809.0
33912.0
34275.0
35468.0
38224.0
41358.0
42368.0
42827.0
43086.0
43011.0
42602.0
42297.0
42120.0
42393.0
43669.0
44931.0
44442.0
43572.0
42380.0
41071.0
39332.0
37671.0
36206.0
35475.0
35191.0
35199.0
35503.0
36458.0
38900.0
41968.0
43153.0
43489.0
43864.0
43884.0
43543.0
43360.0
43092.0
43280.0
44628.0
46196.0
45816.0
44891.0
43638.0
42285.0
40483.0
38499.0
36976.0
36527.0
36253.0
36502.0
37112.0
38890.0
43228.0
47620.0
48359.0
47968.0
47945.0
47712.0
47498.0
47384.0
47380.0
47480.0
47800.0
48677.0
47745.0
46402.0
44872.0
43267.0
41000.0
38709.0
37129.0
36323.0
36019.0
36056.0
36517.0
37999.0
42032.0
46070.0
46661.0
46339.0
46642.0
46377.0
46072.0
45897.0
45783.0
45926.0
46501.0
47446.0
46491.0
45365.0
44004.0
42537.0
40688.0
38387.0
36774.0
35910.0
35449.0
35595.0
36082.0
37653.0
41917.0
46068.0
46724.0
46591.0
46750.0
46369.0
45840.0
45299.0
44922.0
44875.0
45660.0
47219.0
46694.0
45384.0
43757.0
42285.0
40368.0
38558.0
37151.0
36446.0
36075.0
36026.0
36364.0
37496.0
40190.0
42930.0
43927.0
44703.0
45121.0
44813.0
44161.0
43587.0
43340.0
43737.0
44562.0
46279.0
46105.0
45040.0
43829.0
42331.0
40628.0
38716.0
37442.0
36744.0
36476.0
36274.0
36623.0
37686.0
40212.0
42539.0
43510.0
44224.0
44651.0
44366.0
43714.0
43175.0
43084.0
43262.0
44337.0
45864.0
45488.0
44375.0
42990.0
41489.0
39744.0
38114.0
36865.0
36019.0
35473.0
35516.0
35758.0
36760.0
39320.0
42364.0
43473.0
44125.0
44593.0
44277.0
43881.0
43384.0
43272.0
43291.0
44018.0
45389.0
44804.0
43657.0
42122.0
40810.0
39238.0
37884.0
36289.0
35469.0
35171.0
35310.0
35652.0
36918.0
39544.0
42605.0
43599.0
44041.0
44319.0
44162.0
43894.0
43577.0
43608.0
43888.0
44964.0
46515.0
46254.0
45461.0
44358.0
43007.0
41268.0
39331.0
37842.0
37257.0
37017.0
37146.0
37710.0
39381.0
43668.0
47788.0
48425.0
48306.0
48343.0
48038.0
47393.0
47172.0
46919.0
46976.0
47410.0
48853.0
48474.0
47390.0
45979.0
44284.0
42143.0
39996.0
38481.0
37803.0
37452.0
37462.0
37997.0
39570.0
43683.0
47956.0
48505.0
48158.0
48166.0
47848.0
47303.0
46891.0
46644.0
46828.0
47212.0
48719.0
48353.0
47447.0
45773.0
44139.0
41972.0
39839.0
38253.0
37560.0
37331.0
37428.0
37777.0
39254.0
43501.0
47790.0
48621.0
48524.0
48722.0
48462.0
47898.0
47411.0
47249.0
46971.0
47329.0
48514.0
48214.0
46914.0
45433.0
43766.0
41639.0
39635.0
38036.0
37278.0
36866.0
36841.0
37289.0
38390.0
41119.0
43917.0
45078.0
45895.0
45983.0
45615.0
45107.0
44663.0
44406.0
44420.0
45154.0
47189.0
47413.0
46176.0
44850.0
43399.0
41693.0
39964.0
38615.0
37952.0
37546.0
37671.0
38136.0
39294.0
41912.0
44236.0
45204.0
45812.0
46006.0
45641.0
45072.0
44287.0
43746.0
43791.0
44437.0
46241.0
46409.0
45396.0
44077.0
42924.0
41410.0
39747.0
38481.0
37862.0
37432.0
37428.0
37792.0
38827.0
41603.0
44748.0
46053.0
46509.0
46159.0
45574.0
44693.0
44198.0
43657.0
43446.0
44228.0
46283.0
46413.0
45479.0
44116.0
42788.0
41210.0
39517.0
38094.0
37438.0
37227.0
37364.0
37781.0
38871.0
41662.0
44165.0
45315.0
45725.0
45599.0
44858.0
44176.0
43842.0
43432.0
43313.0
43992.0
45975.0
46644.0
45962.0
44964.0
43734.0
41844.0
40118.0
38733.0
38284.0
38202.0
38478.0
39004.0
40607.0
45121.0
48932.0
49929.0
49749.0
49415.0
48774.0
47977.0
47273.0
46933.0
46832.0
47087.0
49051.0
49221.0
48168.0
46976.0
45483.0
43536.0
41294.0
39929.0
39326.0
39005.0
39170.0
39780.0
41580.0
45606.0
49251.0
49607.0
49082.0
48822.0
47540.0
46834.0
46459.0
46085.0
45810.0
46208.0
47846.0
47915.0
46838.0
45541.0
43949.0
41847.0
39587.0
38005.0
37234.0
37005.0
37099.0
37757.0
39306.0
43315.0
46914.0
47899.0
47747.0
47171.0
46185.0
45501.0
44619.0
44004.0
43813.0
44423.0
46465.0
46866.0
45636.0
44210.0
42679.0
40841.0
39140.0
37903.0
37216.0
36769.0
36850.0
37151.0
38349.0
40956.0
43066.0
44303.0
45148.0
45606.0
45289.0
44610.0
44538.0
44402.0
44158.0
44560.0
46179.0
45975.0
44697.0
43262.0
41687.0
39613.0
37955.0
36734.0
35978.0
35743.0
35529.0
35771.0
36925.0
39278.0
41152.0
42067.0
42896.0
43115.0
42940.0
42466.0
41561.0
41224.0
41301.0
41876.0
43719.0
43890.0
42865.0
41465.0
40038.0
38434.0
36692.0
35635.0
34983.0
34846.0
34851.0
35138.0
36306.0
38680.0
41122.0
42308.0
43012.0
43598.0
43497.0
43355.0
42956.0
42493.0
42103.0
42526.0
43992.0
44065.0
43065.0
41641.0
40241.0
38451.0
36946.0
35546.0
34847.0
34268.0
33875.0
34292.0
35593.0
37640.0
39818.0
40811.0
41344.0
41431.0
41180.0
40787.0
40524.0
40207.0
40119.0
40834.0
42809.0
43632.0
42840.0
41725.0
40253.0
38544.0
36750.0
35687.0
35065.0
34963.0
35233.0
35820.0
37494.0
41331.0
44680.0
45271.0
44972.0
44722.0
44291.0
43869.0
43355.0
43347.0
43467.0
43561.0
45113.0
45611.0
44910.0
43561.0
42052.0
40030.0
37927.0
36795.0
36163.0
36143.0
35956.0
36535.0
38157.0
42058.0
45614.0
46388.0
46257.0
45743.0
45189.0
44435.0
44041.0
43859.0
44056.0
44252.0
46018.0
46826.0
45966.0
44691.0
43389.0
41326.0
39193.0
37972.0
37314.0
37321.0
37541.0
38090.0
39890.0
43910.0
47519.0
48321.0
47620.0
46765.0
45478.0
44491.0
43625.0
43006.0
42607.0
42914.0
44929.0
46056.0
45378.0
43910.0
42577.0
40957.0
39055.0
37430.0
37034.0
36820.0
36848.0
37419.0
38543.0
41349.0
43407.0
44721.0
45304.0
44986.0
44494.0
43776.0
43263.0
42953.0
43228.0
43563.0
45130.0
45945.0
44971.0
43462.0
41885.0
40163.0
38289.0
37099.0
36578.0
36080.0
36165.0
36732.0
37637.0
40001.0
41818.0
42976.0
43402.0
43328.0
42654.0
41878.0
41081.0
40719.0
40523.0
40944.0
42916.0
44098.0
43272.0
42086.0
40843.0
39310.0
37782.0
36714.0
36147.0
35898.0
35951.0
36270.0
37314.0
39992.0
42844.0
43903.0
43844.0
43902.0
42842.0
42116.0
41553.0
41025.0
40795.0
41331.0
43145.0
44075.0
43167.0
41929.0
40467.0
38959.0
37145.0
35990.0
35168.0
34914.0
35132.0
35361.0
36366.0
38747.0
41170.0
42096.0
42469.0
42566.0
42141.0
41815.0
41470.0
41199.0
41024.0
41428.0
43207.0
44578.0
43981.0
42990.0
41743.0
40252.0
38381.0
37144.0
36664.0
36571.0
36878.0
37556.0
39108.0
43553.0
46831.0
47282.0
46838.0
46302.0
45498.0
44659.0
43822.0
43445.0
43173.0
43369.0
45071.0
46315.0
45786.0
44686.0
43086.0
41058.0
38993.0
37796.0
37210.0
37012.0
37239.0
37875.0
39661.0
43766.0
47149.0
48028.0
47318.0
46779.0
46031.0
45167.0
44779.0
44450.0
44457.0
44692.0
46196.0
46792.0
45984.0
44816.0
43070.0
41008.0
38823.0
37472.0
36830.0
36577.0
36698.0
37028.0
38660.0
42606.0
45887.0
46773.0
46617.0
46404.0
46159.0
45544.0
45048.0
44862.0
44823.0
44697.0
46002.0
46477.0
45331.0
43756.0
42227.0
40529.0
38643.0
37224.0
36327.0
36005.0
35999.0
36207.0
37348.0
39739.0
41728.0
43293.0
43923.0
44223.0
43812.0
43213.0
42661.0
42256.0
42377.0
42570.0
43736.0
44637.0
43893.0
42531.0
41155.0
39478.0
37840.0
36544.0
35878.0
35526.0
35492.0
35953.0
37166.0
39566.0
41209.0
42653.0
43433.0
43959.0
43777.0
43413.0
43042.0
42461.0
42134.0
42395.0
43589.0
44682.0
43832.0
42466.0
41219.0
39595.0
37851.0
36554.0
36014.0
35775.0
35810.0
36171.0
37217.0
39972.0
42743.0
44210.0
44761.0
44793.0
44364.0
43832.0
43533.0
43142.0
42874.0
43298.0
44751.0
45477.0
44849.0
43458.0
42050.0
40532.0
38696.0
37309.0
36533.0
36308.0
36298.0
36738.0
37985.0
40480.0
43120.0
44318.0
44674.0
44766.0
44223.0
43983.0
43506.0
43235.0
43155.0
43450.0
44633.0
45846.0
45479.0
44432.0
43006.0
41104.0
39239.0
37832.0
37125.0
36958.0
36987.0
37420.0
39284.0
43411.0
46891.0
47733.0
47400.0
47074.0
46481.0
45648.0
45368.0
45114.0
45153.0
45221.0
46328.0
47019.0
46437.0
45173.0
43478.0
41156.0
38793.0
37442.0
36597.0
36344.0
36386.0
36675.0
38210.0
42028.0
45343.0
46037.0
45653.0
45342.0
44918.0
44325.0
44064.0
43784.0
43579.0
43543.0
44463.0
45271.0
44706.0
43493.0
42023.0
39819.0
37732.0
36415.0
35687.0
35505.0
35583.0
36184.0
38022.0
41583.0
44970.0
45673.0
44713.0
44250.0
43483.0
42518.0
41736.0
41128.0
40971.0
41006.0
42225.0
43828.0
43586.0
42304.0
40771.0
39095.0
37372.0
35915.0
35225.0
35042.0
35126.0
35654.0
36923.0
39374.0
41794.0
42883.0
42854.0
42301.0
41142.0
40475.0
39895.0
39536.0
39499.0
39780.0
41408.0
43024.0
42609.0
41259.0
39866.0
38034.0
36503.0
35595.0
34895.0
34488.0
34280.0
34836.0
36099.0
38369.0
40547.0
41011.0
41391.0
41321.0
40714.0
40034.0
39363.0
38853.0
38681.0
38868.0
39947.0
41480.0
41304.0
40237.0
39015.0
37544.0
35946.0
34689.0
34303.0
34196.0
34309.0
34665.0
35802.0
38510.0
40950.0
42238.0
42560.0
42307.0
42015.0
41475.0
41047.0
40675.0
40356.0
40615.0
41739.0
42751.0
42136.0
40760.0
39486.0
37825.0
36146.0
34976.0
34310.0
33917.0
33931.0
34111.0
35085.0
37022.0
39547.0
40658.0
40958.0
41135.0
40938.0
40425.0
40072.0
39677.0
39360.0
39517.0
40647.0
41918.0
41986.0
40931.0
39438.0
37454.0
35443.0
34627.0
33894.0
33619.0
33714.0
34136.0
35544.0
39334.0
42825.0
43274.0
42898.0
42524.0
41901.0
41299.0
40722.0
40505.0
40335.0
40147.0
41025.0
42082.0
42031.0
40804.0
39417.0
37425.0
35301.0
33801.0
33179.0
33033.0
33108.0
33610.0
35030.0
38718.0
42385.0
42986.0
42490.0
42257.0
41377.0
40664.0
40379.0
39858.0
39802.0
39823.0
40594.0
41495.0
41571.0
40603.0
39169.0
37132.0
35158.0
33933.0
33191.0
33150.0
33408.0
33991.0
35920.0
39661.0
43072.0
43390.0
42626.0
41911.0
40743.0
39945.0
39537.0
39224.0
38845.0
38796.0
39628.0
40757.0
41013.0
39824.0
38442.0
36812.0
35177.0
33852.0
33111.0
32952.0
33065.0
33576.0
34721.0
36886.0
39280.0
40044.0
40282.0
40497.0
40185.0
39294.0
38592.0
37899.0
37790.0
38086.0
39279.0
40511.0
40758.0
39864.0
38659.0
36975.0
35510.0
34283.0
33663.0
33576.0
33673.0
33966.0
35198.0
37041.0
39195.0
40302.0
40554.0
40550.0
40224.0
39609.0
39088.0
38765.0
38709.0
38899.0
39993.0
41088.0
41320.0
40132.0
38873.0
37389.0
35821.0
34463.0
33825.0
33557.0
33692.0
33976.0
35036.0
37183.0
39906.0
40971.0
40993.0
40688.0
40069.0
39517.0
39206.0
38900.0
38708.0
38945.0
39925.0
40616.0
40697.0
39564.0
38243.0
36836.0
34997.0
33782.0
33299.0
33002.0
32998.0
33167.0
34301.0
36313.0
38307.0
39225.0
39274.0
39268.0
39063.0
38705.0
38340.0
38043.0
38010.0
38356.0
39436.0
40559.0
40870.0
40018.0
38544.0
36752.0
34942.0
33920.0
33393.0
33221.0
33560.0
34231.0
35886.0
39235.0
42684.0
43041.0
42299.0
41655.0
40957.0
40328.0
40324.0
40220.0
39881.0
39929.0
40622.0
41694.0
42453.0
41451.0
39938.0
37998.0
36028.0
34859.0
34341.0
34259.0
34344.0
35045.0
36758.0
40331.0
43866.0
44191.0
43426.0
42965.0
42197.0
41644.0
41288.0
40734.0
40620.0
40454.0
41329.0
42203.0
42870.0
41804.0
40238.0
38169.0
35967.0
34549.0
33962.0
33667.0
33781.0
34196.0
35823.0
39409.0
43085.0
43697.0
43028.0
42724.0
42014.0
41244.0
40821.0
40323.0
40241.0
40302.0
40889.0
41942.0
42252.0
40926.0
39402.0
37674.0
36033.0
34763.0
34117.0
33818.0
33901.0
34248.0
35105.0
37166.0
39242.0
40156.0
40186.0
39760.0
38968.0
38057.0
37480.0
36813.0
36677.0
36811.0
37819.0
38932.0
39001.0
37522.0
36081.0
34535.0
32991.0
31705.0
31398.0
31165.0
30780.0
30873.0
31245.0
31778.0
32885.0
34260.0
35290.0
35606.0
35571.0
35202.0
34716.0
34256.0
34134.0
34277.0
35015.0
35831.0
36198.0
35615.0
34403.0
32783.0
31352.0
30224.0
29886.0
29822.0
30293.0
30870.0
32673.0
35178.0
36494.0
37169.0
37054.0
36698.0
36070.0
35598.0
35043.0
34778.0
34274.0
34414.0
34806.0
35457.0
36114.0
35703.0
34428.0
32826.0
31697.0
30773.0
30292.0
30235.0
30510.0
31173.0
33208.0
35370.0
36475.0
36644.0
36431.0
36244.0
35898.0
35552.0
35237.0
34981.0
34844.0
35057.0
35417.0
36087.0
36665.0
36072.0
34592.0
32809.0
31484.0
30685.0
30324.0
30402.0
30763.0
31531.0
33711.0
36241.0
37582.0
38108.0
38021.0
37736.0
37094.0
36635.0
36223.0
35905.0
35717.0
35872.0
36193.0
36900.0
37528.0
36854.0
35370.0
33554.0
32298.0
31414.0
31116.0
31077.0
31477.0
32862.0
36164.0
39795.0
41400.0
41386.0
41365.0
41412.0
41144.0
40521.0
40275.0
39822.0
39228.0
39415.0
39403.0
39456.0
39779.0
38780.0
36784.0
34734.0
33041.0
32266.0
31952.0
31901.0
32266.0
33673.0
36980.0
40457.0
41705.0
41591.0
41375.0
41161.0
40700.0
40080.0
39667.0
39108.0
38587.0
38718.0
38815.0
38935.0
38832.0
37758.0
36106.0
34302.0
32573.0
31731.0
31302.0
31186.0
31370.0
32439.0
34408.0
36365.0
37971.0
38682.0
38769.0
38367.0
37548.0
36908.0
36176.0
35840.0
35482.0
36030.0
36254.0
36580.0
37286.0
36386.0
34830.0
33136.0
31960.0
31310.0
31204.0
31244.0
31430.0
32425.0
34323.0
36136.0
37532.0
38002.0
37972.0
37208.0
36246.0
35460.0
34830.0
34388.0
34105.0
34683.0
35042.0
35282.0
36212.0
35352.0
33982.0
32417.0
31317.0
30626.0
30636.0
30706.0
31050.0
31959.0
34047.0
36560.0
37829.0
38199.0
38052.0
37236.0
36533.0
36157.0
35729.0
35303.0
35112.0
35508.0
35649.0
35785.0
36192.0
35390.0
33906.0
32186.0
30821.0
30020.0
29768.0
29866.0
30177.0
31018.0
32849.0
35166.0
36119.0
36412.0
36590.0
36249.0
35990.0
35737.0
35341.0
35071.0
35017.0
35607.0
35796.0
36232.0
36856.0
35982.0
34126.0
32191.0
31088.0
30408.0
30172.0
30255.0
30666.0
32308.0
35965.0
39684.0
40802.0
40258.0
39940.0
39284.0
38776.0
38596.0
38178.0
37666.0
37551.0
38026.0
37758.0
37582.0
37892.0
37184.0
35175.0
33137.0
31622.0
30905.0
30558.0
30653.0
31251.0
32789.0
36405.0
39870.0
40751.0
40419.0
40290.0
40050.0
39434.0
38782.0
38508.0
38298.0
37932.0
38043.0
37581.0
37723.0
38097.0
37051.0
35113.0
33068.0
31510.0
30720.0
30334.0
30549.0
30961.0
32353.0
35682.0
39087.0
40066.0
39916.0
39768.0
39224.0
38567.0
38044.0
37614.0
37225.0
36815.0
36815.0
36666.0
36619.0
36703.0
35702.0
33971.0
32247.0
30842.0
30115.0
29773.0
29683.0
29808.0
30822.0
32851.0
35202.0
36458.0
37015.0
37256.0
37026.0
36375.0
35922.0
35458.0
35089.0
35200.0
35749.0
35879.0
35855.0
36235.0
35446.0
33783.0
32111.0
30931.0
30281.0
30056.0
30002.0
30275.0
31105.0
32952.0
34990.0
36101.0
36358.0
36526.0
36235.0
35745.0
35006.0
34439.0
34158.0
34034.0
34457.0
34603.0
34584.0
34861.0
34311.0
33196.0
31981.0
30660.0
30032.0
29690.0
29677.0
29874.0
30675.0
32077.0
34278.0
35960.0
36281.0
36399.0
36212.0
35862.0
35461.0
34983.0
34650.0
34463.0
34649.0
34590.0
34601.0
35216.0
35110.0
33965.0
32809.0
31946.0
31402.0
31161.0
31218.0
31548.0
32220.0
33527.0
35375.0
36068.0
36286.0
36315.0
35948.0
35465.0
35078.0
34783.0
34395.0
34427.0
34804.0
35140.0
35520.0
36109.0
35654.0
34254.0
32691.0
31664.0
31250.0
31154.0
31375.0
31943.0
33111.0
35988.0
38739.0
39330.0
39187.0
38854.0
38146.0
37296.0
36762.0
36382.0
35928.0
35519.0
35523.0
35297.0
35370.0
35812.0
35490.0
33832.0
32281.0
30944.0
30328.0
30139.0
30262.0
30750.0
31993.0
34215.0
36368.0
36992.0
37194.0
37100.0
36645.0
36089.0
35666.0
35333.0
34986.0
35082.0
35119.0
34942.0
34778.0
35409.0
35152.0
33733.0
32366.0
31241.0
30668.0
30576.0
30783.0
31192.0
32233.0
34146.0
36248.0
36985.0
37161.0
37153.0
36678.0
36154.0
35709.0
35416.0
35182.0
34831.0
35150.0
35354.0
35403.0
35850.0
35464.0
34146.0
32724.0
31438.0
30860.0
30718.0
30971.0
31463.0
32223.0
34087.0
36301.0
37309.0
37777.0
37757.0
37364.0
36962.0
36721.0
36370.0
36354.0
36108.0
36466.0
36420.0
36331.0
36559.0
36250.0
34763.0
33319.0
32214.0
31632.0
31360.0
31386.0
31774.0
32570.0
34171.0
35983.0
36882.0
37302.0
37320.0
36613.0
36019.0
35539.0
34843.0
34415.0
34245.0
34646.0
34866.0
34745.0
34895.0
34651.0
33459.0
32117.0
30976.0
30401.0
30157.0
30150.0
30437.0
30699.0
31263.0
32452.0
33861.0
35098.0
35460.0
35550.0
35171.0
34730.0
34320.0
33976.0
34139.0
34542.0
34645.0
34502.0
34819.0
34873.0
33625.0
32278.0
31181.0
30690.0
30626.0
30681.0
31119.0
32010.0
33756.0
36241.0
37236.0
37358.0
37487.0
37369.0
36969.0
36535.0
36183.0
35802.0
35570.0
35873.0
35731.0
35781.0
36093.0
36351.0
35061.0
33231.0
31963.0
31449.0
31339.0
31635.0
32147.0
33494.0
36740.0
40137.0
40714.0
40049.0
39784.0
39291.0
38737.0
38657.0
38318.0
38080.0
37737.0
37971.0
37601.0
37397.0
37496.0
37054.0
35303.0
33262.0
31901.0
31159.0
30987.0
31057.0
31472.0
32547.0
35668.0
39265.0
40279.0
40049.0
39873.0
39245.0
38544.0
38271.0
38195.0
37728.0
37450.0
37377.0
36789.0
36507.0
36641.0
36516.0
35044.0
33129.0
31897.0
31258.0
31036.0
31056.0
31473.0
32663.0
35906.0
39107.0
39573.0
39155.0
38929.0
38324.0
37804.0
37467.0
36963.0
36654.0
36326.0
36497.0
36200.0
35738.0
36218.0
36420.0
35164.0
33536.0
32154.0
31466.0
31240.0
31261.0
31613.0
32268.0
34170.0
36139.0
36881.0
37316.0
37641.0
36999.0
36399.0
35778.0
35210.0
35058.0
35115.0
35512.0
35408.0
35281.0
35266.0
35222.0
33994.0
32587.0
31454.0
31047.0
30874.0
30825.0
31165.0
31561.0
33345.0
35191.0
35942.0
36341.0
36623.0
36406.0
35902.0
35294.0
34906.0
34680.0
34464.0
34702.0
34624.0
34548.0
34645.0
35026.0
33915.0
32488.0
31227.0
30626.0
30564.0
30477.0
30816.0
31646.0
33796.0
36597.0
37924.0
38015.0
38012.0
37800.0
37467.0
37128.0
36857.0
36074.0
36093.0
36332.0
36145.0
35870.0
35972.0
36550.0
35544.0
33944.0
32539.0
31891.0
31753.0
31811.0
32080.0
32394.0
34331.0
36692.0
37555.0
37709.0
37678.0
37205.0
36755.0
36502.0
36481.0
36359.0
36213.0
36384.0
36194.0
36069.0
36413.0
36762.0
35691.0
34044.0
32701.0
32334.0
32283.0
32559.0
33128.0
34349.0
37944.0
40995.0
41500.0
40793.0
40494.0
40165.0
39393.0
38875.0
38452.0
38071.0
37537.0
37725.0
37373.0
37211.0
37053.0
37469.0
36104.0
34321.0
32994.0
32512.0
32350.0
32385.0
32806.0
33798.0
37213.0
40549.0
41120.0
40503.0
40193.0
39482.0
38929.0
38437.0
38018.0
37787.0
37720.0
37919.0
37243.0
37167.0
37215.0
37480.0
36096.0
34143.0
32601.0
32115.0
31915.0
32025.0
32463.0
33511.0
36852.0
40461.0
41467.0
41112.0
40753.0
40225.0
39526.0
38819.0
38419.0
38191.0
37858.0
38014.0
37742.0
37172.0
36847.0
36780.0
35305.0
33595.0
32336.0
31408.0
31185.0
31204.0
31230.0
31699.0
33833.0
36206.0
37441.0
38004.0
38269.0
37942.0
37218.0
36625.0
36203.0
35920.0
35705.0
36186.0
36160.0
35969.0
35733.0
35601.0
34240.0
32763.0
31459.0
30916.0
30737.0
30772.0
30879.0
31367.0
33299.0
35236.0
35855.0
36032.0
35868.0
35590.0
35108.0
34222.0
33653.0
33287.0
33077.0
33385.0
33333.0
33007.0
32862.0
33117.0
32474.0
31259.0
30128.0
29475.0
29239.0
29334.0
29551.0
29588.0
30637.0
31989.0
33147.0
34048.0
34370.0
33864.0
33334.0
32759.0
32396.0
31889.0
31873.0
31904.0
31834.0
31501.0
31510.0
32015.0
31511.0
30350.0
29364.0
28725.0
28467.0
28448.0
28716.0
29084.0
30980.0
32919.0
33704.0
33685.0
33495.0
33494.0
33260.0
32758.0
32166.0
31687.0
31642.0
31947.0
31678.0
31606.0
31931.0
32349.0
31617.0
29936.0
28607.0
28144.0
28048.0
28316.0
28744.0
29631.0
33041.0
36321.0
36684.0
36073.0
35779.0
35366.0
34943.0
34703.0
34242.0
33814.0
33575.0
33646.0
32905.0
32659.0
32615.0
32886.0
31572.0
29666.0
28421.0
28062.0
27723.0
27918.0
28304.0
29125.0
32394.0
35413.0
36080.0
35646.0
35361.0
34869.0
34586.0
34394.0
34118.0
33695.0
33369.0
33653.0
33131.0
32744.0
32495.0
32476.0
31528.0
29721.0
28497.0
27921.0
27726.0
27831.0
28116.0
28861.0
32420.0
35608.0
36225.0
35839.0
35393.0
35022.0
34222.0
33705.0
33080.0
32543.0
32204.0
32211.0
31854.0
31310.0
30929.0
31138.0
30332.0
28997.0
27539.0
26619.0
26349.0
26437.0
26309.0
26238.0
26897.0
28111.0
29524.0
30495.0
30869.0
30586.0
30011.0
29497.0
28915.0
28648.0
28452.0
28740.0
28894.0
28984.0
28871.0
28990.0
28727.0
27411.0
26399.0
25753.0
25499.0
25548.0
25824.0
25880.0
27193.0
28370.0
29661.0
30884.0
31308.0
31171.0
30834.0
30421.0
29824.0
29518.0
29380.0
29784.0
29818.0
29724.0
29510.0
29899.0
29324.0
28087.0
27154.0
26726.0
26553.0
26659.0
26801.0
26920.0
28991.0
31192.0
32578.0
33025.0
33074.0
32965.0
32606.0
32238.0
31737.0
31577.0
31224.0
31633.0
31247.0
30918.0
30671.0
30958.0
30324.0
28782.0
27974.0
27237.0
26970.0
26932.0
27055.0
27442.0
28970.0
31239.0
32291.0
32509.0
32692.0
32388.0
32314.0
31955.0
31986.0
31779.0
31796.0
32047.0
31950.0
31942.0
31711.0
31826.0
31177.0
29340.0
27982.0
27227.0
27008.0
27378.0
27573.0
28462.0
31962.0
35548.0
36621.0
36721.0
36520.0
36270.0
36170.0
35648.0
35519.0
35333.0
34957.0
35196.0
34496.0
34139.0
33783.0
33546.0
32287.0
30125.0
28644.0
27880.0
27660.0
27523.0
27804.0
28671.0
31896.0
35563.0
36541.0
36304.0
36313.0
35884.0
35560.0
35284.0
35089.0
34699.0
34193.0
34066.0
33846.0
33335.0
32842.0
32482.0
31338.0
29976.0
28313.0
27477.0
27299.0
27304.0
27226.0
27903.0
30898.0
33893.0
35022.0
34701.0
34783.0
34452.0
33965.0
33602.0
32951.0
32612.0
32124.0
32117.0
31663.0
31262.0
30759.0
30619.0
30068.0
28652.0
27637.0
27131.0
26845.0
26850.0
26712.0
27039.0
28815.0
30903.0
32049.0
32705.0
32918.0
32723.0
32411.0
31985.0
31616.0
31526.0
31291.0
31662.0
31598.0
31286.0
30793.0
30491.0
29909.0
28616.0
27266.0
26414.0
25989.0
25914.0
25807.0
26115.0
27978.0
30032.0
31196.0
31909.0
32589.0
32559.0
32163.0
31708.0
31268.0
30825.0
30552.0
30852.0
30799.0
30605.0
30053.0
29824.0
29219.0
27841.0
26570.0
25842.0
25561.0
25234.0
25146.0
25408.0
27767.0
30483.0
32038.0
32685.0
32879.0
32801.0
32655.0
32259.0
31786.0
31440.0
31540.0
31835.0
31751.0
31388.0
30997.0
30668.0
30054.0
28482.0
27234.0
26367.0
25835.0
25739.0
25815.0
26118.0
28140.0
30494.0
31881.0
32687.0
33260.0
33466.0
33433.0
33202.0
32913.0
32575.0
32412.0
32813.0
32672.0
32369.0
31947.0
31388.0
30275.0
28444.0
27156.0
26491.0
26070.0
26090.0
25986.0
26839.0
29827.0
32946.0
34544.0
34969.0
34704.0
34057.0
33712.0
33477.0
33041.0
32644.0
32195.0
32468.0
32167.0
31793.0
31515.0
31255.0
30261.0
28540.0
27252.0
26576.0
26388.0
26487.0
26386.0
27132.0
30184.0
33720.0
34759.0
34834.0
34754.0
34680.0
34176.0
33856.0
33548.0
33266.0
32974.0
33096.0
32607.0
32178.0
31783.0
31434.0
30545.0
28601.0
27279.0
26303.0
25975.0
25850.0
25917.0
26870.0
30382.0
34024.0
34773.0
34840.0
34913.0
34510.0
34099.0
33607.0
33073.0
32685.0
32251.0
32170.0
31854.0
31485.0
30730.0
30036.0
29253.0
27771.0
26614.0
25726.0
25452.0
25276.0
25118.0
25486.0
27322.0
29506.0
31259.0
31838.0
32242.0
32128.0
31799.0
31406.0
31062.0
30914.0
30748.0
30888.0
30804.0
30570.0
30087.0
29566.0
28994.0
27557.0
26176.0
25422.0
25049.0
24878.0
24646.0
24899.0
26808.0
29083.0
30306.0
31077.0
31474.0
31545.0
31107.0
30789.0
30484.0
30139.0
30044.0
30373.0
30629.0
30282.0
29484.0
29007.0
28626.0
27417.0
26214.0
25415.0
25093.0
24991.0
24946.0
25191.0
27299.0
29911.0
31209.0
31651.0
31870.0
31713.0
31540.0
31377.0
31001.0
30696.0
30553.0
30596.0
30296.0
30104.0
29768.0
29417.0
29047.0
27713.0
26393.0
25648.0
25232.0
25222.0
25013.0
25361.0
27217.0
29262.0
30380.0
30968.0
31323.0
31233.0
31156.0
31058.0
30590.0
30261.0
30309.0
30829.0
30764.0
30508.0
30197.0
29695.0
29167.0
27433.0
25729.0
25046.0
24771.0
24760.0
24516.0
25705.0
29136.0
33083.0
34084.0
34028.0
33989.0
33902.0
33542.0
33354.0
33005.0
32447.0
31947.0
32056.0
31365.0
30814.0
30228.0
29632.0
28970.0
27385.0
25995.0
25204.0
24765.0
24636.0
24266.0
24734.0
26898.0
29210.0
30657.0
31276.0
31902.0
32092.0
31882.0
31531.0
31181.0
30921.0
30529.0
30675.0
30383.0
30062.0
29554.0
29178.0
28667.0
27186.0
25871.0
25059.0
24703.0
24550.0
24361.0
25176.0
27987.0
31052.0
32319.0
32857.0
33293.0
33095.0
32668.0
32482.0
32357.0
31922.0
31597.0
31589.0
31209.0
30651.0
30067.0
29343.0
28870.0
27635.0
26361.0
25555.0
25155.0
25020.0
24779.0
25221.0
27101.0
29443.0
30667.0
31452.0
31777.0
31698.0
31511.0
31043.0
30610.0
30422.0
30374.0
30666.0
30399.0
30088.0
29535.0
29010.0
28399.0
27166.0
25826.0
25025.0
24572.0
24380.0
24141.0
24512.0
26451.0
28715.0
29982.0
30595.0
31170.0
31280.0
30996.0
30611.0
30254.0
29942.0
29840.0
30202.0
29815.0
29256.0
28879.0
28431.0
28047.0
26967.0
25572.0
24796.0
24397.0
24240.0
23997.0
24352.0
26336.0
29006.0
30642.0
31145.0
31499.0
31292.0
30948.0
30823.0
30610.0
30147.0
30134.0
30357.0
30278.0
29903.0
29373.0
29052.0
28528.0
27248.0
25867.0
25017.0
24561.0
24530.0
24295.0
24564.0
26319.0
28693.0
30290.0
31005.0
31503.0
31358.0
31437.0
31310.0
30959.0
30483.0
30504.0
30580.0
30437.0
30260.0
30013.0
29579.0
28962.0
27524.0
26015.0
25332.0
25229.0
25207.0
24976.0
25787.0
29184.0
32719.0
33894.0
34086.0
34122.0
33843.0
33777.0
33702.0
33290.0
32857.0
32454.0
32356.0
31942.0
31505.0
30965.0
30318.0
29529.0
27932.0
26390.0
25659.0
25301.0
25102.0
24834.0
25689.0
29170.0
32602.0
33443.0
33479.0
33576.0
33635.0
33440.0
33347.0
32885.0
32647.0
32207.0
32085.0
31469.0
31297.0
30737.0
30000.0
29489.0
27817.0
26159.0
25326.0
24872.0
24693.0
24592.0
25548.0
28655.0
32223.0
33755.0
33786.0
34024.0
33781.0
33516.0
33258.0
32621.0
32240.0
31876.0
31827.0
31442.0
30918.0
30207.0
29278.0
28736.0
27420.0
25935.0
25164.0
24737.0
24364.0
24102.0
24402.0
26246.0
28637.0
30221.0
31301.0
32044.0
31925.0
31576.0
31328.0
31130.0
30894.0
30489.0
30556.0
30257.0
29850.0
29106.0
28365.0
27888.0
26763.0
25331.0
24606.0
24103.0
23680.0
23213.0
23623.0
25504.0
27763.0
29231.0
30179.0
30991.0
31232.0
30905.0
30428.0
30029.0
29644.0
29398.0
29496.0
29362.0
28813.0
28207.0
27505.0
27318.0
26339.0
25043.0
24143.0
23652.0
23245.0
22728.0
22607.0
23496.0
24812.0
26457.0
27957.0
28503.0
28636.0
28261.0
28116.0
27797.0
27666.0
27595.0
28222.0
28248.0
28089.0
27797.0
27273.0
27168.0
26304.0
24665.0
23955.0
23715.0
23435.0
23170.0
23626.0
25419.0
27998.0
29252.0
29904.0
30255.0
30242.0
30095.0
29925.0
29718.0
29399.0
29136.0
29285.0
29148.0
28827.0
28374.0
27895.0
27432.0
26419.0
24894.0
24129.0
23808.0
23493.0
23268.0
23751.0
25648.0
28077.0
29343.0
29901.0
30522.0
30642.0
30341.0
30443.0
30203.0
30180.0
30091.0
30399.0
29894.0
29532.0
29051.0
28357.0
27812.0
26391.0
25358.0
24730.0
24416.0
24060.0
23840.0
24792.0
28174.0
31853.0
32904.0
32828.0
33198.0
33096.0
32860.0
32758.0
32407.0
32377.0
32005.0
31993.0
31510.0
31043.0
30578.0
29700.0
28684.0
27155.0
25869.0
25023.0
24577.0
24193.0
24037.0
24931.0
28043.0
31587.0
32997.0
33167.0
33587.0
33475.0
33158.0
32719.0
32159.0
31936.0
31506.0
31439.0
30980.0
30393.0
29763.0
29055.0
28377.0
27225.0
25958.0
25172.0
24591.0
24473.0
24245.0
24696.0
26533.0
29054.0
30290.0
30917.0
31390.0
31293.0
31055.0
30769.0
30380.0
30217.0
29989.0
30130.0
29952.0
29648.0
28945.0
28300.0
27814.0
26781.0
25726.0
25005.0
24409.0
24069.0
23678.0
24092.0
25886.0
28030.0
29396.0
30160.0
30809.0
30905.0
30844.0
30513.0
30292.0
30032.0
29772.0
30087.0
29898.0
29679.0
29118.0
28515.0
28091.0
27297.0
25777.0
24962.0
24591.0
24217.0
23907.0
24475.0
26483.0
28786.0
30109.0
30935.0
31231.0
31386.0
31063.0
30823.0
30648.0
30196.0
30102.0
30195.0
29894.0
29343.0
28908.0
28395.0
27894.0
27062.0
25849.0
24974.0
24519.0
24300.0
23919.0
24290.0
26087.0
28176.0
29447.0
29917.0
30231.0
30339.0
30271.0
30245.0
29993.0
29594.0
29567.0
29797.0
29558.0
29155.0
28840.0
28270.0
27734.0
26669.0
25486.0
24902.0
24732.0
24552.0
24390.0
25225.0
28219.0
31475.0
32593.0
32765.0
33056.0
33255.0
33110.0
32886.0
32501.0
32196.0
31742.0
31635.0
30864.0
30248.0
29825.0
29189.0
28354.0
27085.0
25544.0
24836.0
24581.0
24255.0
23992.0
24771.0
27655.0
30787.0
31878.0
32151.0
32410.0
32133.0
32068.0
32160.0
31577.0
31167.0
31122.0
31070.0
30532.0
29996.0
29499.0
28847.0
28099.0
26795.0
25312.0
24407.0
23933.0
23766.0
23581.0
24383.0
27335.0
30819.0
32024.0
32242.0
32476.0
32479.0
32487.0
32273.0
32034.0
31576.0
31028.0
30918.0
30441.0
29676.0
29044.0
28060.0
27219.0
26278.0
25013.0
24193.0
23684.0
23404.0
23060.0
23597.0
25479.0
27679.0
29157.0
30099.0
30878.0
30988.0
30735.0
30415.0
30205.0
30136.0
29926.0
30394.0
30146.0
29392.0
28652.0
27877.0
27111.0
26099.0
24949.0
24019.0
23502.0
23379.0
23100.0
23615.0
25366.0
27443.0
28593.0
29567.0
30186.0
30408.0
30355.0
29863.0
29347.0
28976.0
28654.0
28829.0
28627.0
28332.0
27822.0
27259.0
26649.0
25840.0
24664.0
23903.0
23343.0
23166.0
22955.0
23382.0
25349.0
27998.0
29349.0
30024.0
30497.0
30708.0
30703.0
30618.0
30560.0
30138.0
30132.0
30257.0
29849.0
29297.0
28919.0
28218.0
27643.0
26488.0
25357.0
24574.0
24016.0
23756.0
23377.0
23868.0
25667.0
27763.0
29005.0
29641.0
30161.0
30477.0
30398.0
30433.0
29965.0
29575.0
29658.0
29959.0
29565.0
29332.0
28969.0
28551.0
27940.0
26867.0
25548.0
24624.0
24472.0
24158.0
23967.0
25175.0
28203.0
31477.0
32768.0
32928.0
33068.0
33106.0
32900.0
32842.0
32584.0
32016.0
31707.0
31679.0
31103.0
30885.0
30326.0
29608.0
28689.0
27520.0
26009.0
25192.0
24804.0
24591.0
24250.0
25039.0
27879.0
31103.0
32441.0
32615.0
33182.0
33161.0
32966.0
32664.0
32248.0
31861.0
31570.0
31658.0
31008.0
30453.0
29905.0
29186.0
28411.0
27187.0
25818.0
24873.0
24400.0
24055.0
23985.0
24895.0
27843.0
30955.0
32261.0
32699.0
33064.0
33098.0
33006.0
32647.0
31978.0
31511.0
30947.0
31079.0
30650.0
29767.0
28988.0
28154.0
27467.0
26562.0
25129.0
24220.0
23743.0
23356.0
22889.0
23282.0
25132.0
27257.0
28848.0
29829.0
30475.0
30490.0
30157.0
29677.0
29129.0
28606.0
28458.0
28797.0
28582.0
28036.0
27522.0
26837.0
26236.0
25285.0
24209.0
23226.0
22445.0
22131.0
21734.0
21740.0
22572.0
23901.0
25476.0
26569.0
27352.0
27521.0
27353.0
27071.0
26380.0
26220.0
26369.0
26518.0
26419.0
26089.0
25751.0
25423.0
25250.0
24543.0
23701.0
22837.0
22364.0
22054.0
21741.0
22185.0
23851.0
25910.0
27507.0
28352.0
28916.0
28993.0
28737.0
28586.0
28315.0
28044.0
27865.0
28210.0
27915.0
27592.0
27148.0
26537.0
25983.0
25271.0
24208.0
23472.0
22917.0
22546.0
22223.0
22757.0
24347.0
26371.0
27761.0
28564.0
29279.0
29599.0
29563.0
29367.0
29276.0
29015.0
28752.0
28930.0
28768.0
28452.0
28074.0
27440.0
26821.0
26053.0
24699.0
24061.0
23809.0
23659.0
23427.0
24167.0
26858.0
30070.0
31388.0
31905.0
32353.0
32219.0
32253.0
32273.0
32060.0
31722.0
31327.0
31313.0
30808.0
30168.0
29600.0
28691.0
27920.0
26867.0
25265.0
24493.0
24174.0
23817.0
23516.0
24409.0
27250.0
30203.0
31502.0
32041.0
32363.0
32312.0
32263.0
32133.0
31785.0
31434.0
31052.0
31005.0
30384.0
29917.0
29294.0
28461.0
27797.0
26726.0
25452.0
24660.0
24201.0
23844.0
23649.0
24470.0
27109.0
30008.0
31522.0
31989.0
32340.0
32295.0
32092.0
31808.0
31352.0
30985.0
30541.0
30419.0
29987.0
29317.0
28436.0
27582.0
26922.0
26029.0
24815.0
23859.0
23417.0
23158.0
22760.0
23136.0
25077.0
27108.0
28514.0
29470.0
30100.0
30264.0
30154.0
29913.0
29501.0
29289.0
29018.0
29189.0
28875.0
28433.0
27830.0
27043.0
26443.0
25623.0
24542.0
23455.0
23189.0
22942.0
22412.0
22671.0
24443.0
26633.0
27811.0
29046.0
29559.0
29804.0
29708.0
29493.0
29033.0
28634.0
28211.0
28511.0
28610.0
28201.0
27434.0
26657.0
26169.0
25410.0
24263.0
23560.0
23286.0
23140.0
22584.0
22772.0
24674.0
26912.0
28439.0
29606.0
30389.0
30504.0
30323.0
30376.0
29848.0
29423.0
29234.0
29320.0
29063.0
28513.0
27904.0
27244.0
26806.0
26151.0
25208.0
24404.0
23984.0
23693.0
23300.0
23586.0
25109.0
27002.0
28479.0
29350.0
30240.0
30178.0
30191.0
29996.0
29765.0
29375.0
29294.0
29416.0
29239.0
28982.0
28441.0
27966.0
27472.0
26628.0
25494.0
24615.0
24306.0
24241.0
24012.0
24643.0
27146.0
29921.0
31560.0
31917.0
32288.0
32398.0
32272.0
32181.0
31722.0
31374.0
30745.0
30808.0
30341.0
30009.0
29259.0
28622.0
28006.0
27090.0
25821.0
25050.0
24600.0
24402.0
24191.0
24949.0
27331.0
30133.0
31675.0
31956.0
32116.0
32467.0
32182.0
32131.0
31923.0
31599.0
31217.0
31094.0
30765.0
30096.0
29278.0
28619.0
28028.0
26882.0
25734.0
24913.0
24453.0
24205.0
24110.0
24779.0
26979.0
29594.0
31177.0
31913.0
32476.0
32344.0
32119.0
31872.0
31527.0
31115.0
30552.0
30472.0
29963.0
29461.0
28686.0
27995.0
27454.0
26518.0
25220.0
24441.0
23931.0
23668.0
23402.0
23649.0
25183.0
27059.0
28532.0
29684.0
30143.0
30008.0
29995.0
29772.0
29367.0
29139.0
28906.0
28968.0
28774.0
28243.0
27684.0
26960.0
26557.0
25807.0
24828.0
24001.0
23594.0
23394.0
22909.0
23133.0
24507.0
26360.0
27784.0
28801.0
29393.0
29559.0
29268.0
29012.0
28445.0
28197.0
28237.0
28221.0
27790.0
27370.0
26785.0
26225.0
25926.0
25212.0
24217.0
23369.0
22877.0
22686.0
22447.0
22693.0
24065.0
25840.0
27454.0
28494.0
29241.0
29260.0
29107.0
28879.0
28789.0
28454.0
28206.0
28308.0
28178.0
27770.0
27197.0
26636.0
26114.0
25338.0
24541.0
23918.0
23367.0
23108.0
22820.0
22834.0
24015.0
25761.0
27295.0
28332.0
29039.0
29450.0
29332.0
29077.0
28778.0
28519.0
28481.0
28712.0
28259.0
27986.0
27564.0
26793.0
26262.0
25445.0
24352.0
23517.0
23148.0
22878.0
22729.0
23297.0
25544.0
28077.0
29664.0
30645.0
31117.0
31257.0
31112.0
31082.0
30662.0
30256.0
29866.0
29601.0
29287.0
28961.0
28159.0
27466.0
26939.0
25947.0
24620.0
23940.0
23548.0
23239.0
23040.0
23521.0
25523.0
28017.0
29607.0
30312.0
30999.0
30970.0
30678.0
30567.0
30390.0
30059.0
29646.0
29742.0
29295.0
28745.0
28117.0
27424.0
26991.0
25827.0
24632.0
23766.0
23530.0
23398.0
23028.0
23439.0
25412.0
27894.0
29476.0
30544.0
31101.0
30984.0
30850.0
30467.0
30006.0
29637.0
29213.0
29120.0
28726.0
28236.0
27597.0
27022.0
26625.0
25662.0
24429.0
23701.0
23326.0
23058.0
22696.0
22819.0
24105.0
25657.0
27252.0
28326.0
28943.0
28941.0
28874.0
28618.0
28250.0
28115.0
27913.0
28102.0
27866.0
27259.0
26591.0
26089.0
25688.0
24857.0
23659.0
22923.0
22625.0
22407.0
22056.0
22160.0
23324.0
24754.0
26117.0
27207.0
28013.0
28180.0
28054.0
27815.0
27524.0
27342.0
27164.0
27331.0
27086.0
26515.0
25960.0
25531.0
25342.0
24526.0
23506.0
22875.0
22472.0
22211.0
21973.0
22022.0
23282.0
25120.0
26593.0
27606.0
28319.0
28498.0
28364.0
28195.0
27938.0
27567.0
27373.0
27674.0
27381.0
26998.0
26531.0
25955.0
25725.0
24768.0
23688.0
22941.0
22541.0
22412.0
22121.0
22239.0
23223.0
24548.0
25809.0
26878.0
27719.0
27884.0
27856.0
27701.0
27541.0
27352.0
27156.0
27393.0
27217.0
26897.0
26480.0
26135.0
25867.0
24926.0
23705.0
22960.0
22624.0
22524.0
22270.0
22626.0
24193.0
26279.0
27831.0
28792.0
29349.0
29432.0
29181.0
28948.0
28657.0
28296.0
28160.0
28245.0
27950.0
27529.0
26782.0
26284.0
25946.0
24920.0
23619.0
22847.0
22526.0
22280.0
22045.0
22395.0
24029.0
26229.0
27934.0
28742.0
29078.0
29064.0
28761.0
28523.0
28315.0
27990.0
27773.0
27913.0
27581.0
27101.0
26623.0
26088.0
25561.0
24476.0
23379.0
22609.0
22204.0
21958.0
21651.0
22137.0
23778.0
26239.0
27998.0
29001.0
29600.0
29579.0
29210.0
29076.0
28733.0
28472.0
28225.0
28243.0
27975.0
27271.0
26420.0
25789.0
25526.0
24529.0
23425.0
22659.0
22251.0
22032.0
21738.0
21678.0
22755.0
24279.0
25726.0
26822.0
27615.0
27684.0
27535.0
27380.0
27190.0
27057.0
27034.0
27354.0
27106.0
26544.0
25913.0
25438.0
25235.0
24230.0
22985.0
22180.0
21748.0
21528.0
21256.0
21254.0
22305.0
23894.0
25424.0
26327.0
26886.0
26994.0
26733.0
26556.0
26442.0
26417.0
26440.0
26817.0
26766.0
26211.0
25599.0
24872.0
24787.0
23870.0
22779.0
22096.0
21783.0
21552.0
21353.0
21432.0
22462.0
24015.0
25793.0
27025.0
27720.0
27911.0
27585.0
27446.0
27137.0
26798.0
26645.0
26728.0
26722.0
26414.0
25853.0
25354.0
25100.0
23974.0
22993.0
22208.0
21746.0
21615.0
21220.0
21220.0
22360.0
23785.0
25201.0
26383.0
27198.0
27293.0
27394.0
27265.0
27170.0
26948.0
26913.0
27074.0
26940.0
26635.0
26278.0
25882.0
25694.0
24414.0
23105.0
22233.0
21859.0
21679.0
21446.0
21762.0
23579.0
25900.0
27657.0
28662.0
29217.0
29275.0
29151.0
28973.0
28732.0
28612.0
28294.0
28344.0
27978.0
27443.0
26713.0
26251.0
25869.0
24520.0
23161.0
22339.0
21983.0
21844.0
21687.0
21769.0
23318.0
25538.0
27314.0
28661.0
29305.0
29466.0
29340.0
29047.0
28738.0
28401.0
27928.0
27989.0
27610.0
27188.0
26540.0
26058.0
25687.0
24491.0
23543.0
22729.0
22307.0
22014.0
21806.0
22065.0
23526.0
25706.0
27276.0
28451.0
29109.0
29112.0
28898.0
28642.0
28374.0
27998.0
27721.0
27891.0
27753.0
27135.0
26429.0
25861.0
25662.0
24529.0
23283.0
22442.0
22185.0
22014.0
21784.0
21726.0
22688.0
24277.0
25901.0
27151.0
28024.0
28091.0
27912.0
27820.0
27581.0
27395.0
27074.0
27343.0
27218.0
26640.0
26141.0
25809.0
25684.0
24491.0
23201.0
22533.0
22275.0
22072.0
21826.0
21731.0
22484.0
23930.0
25308.0
26572.0
27272.0
27592.0
27482.0
27285.0
27052.0
26918.0
26846.0
27209.0
27231.0
26742.0
26104.0
25850.0
25489.0
24364.0
23401.0
22408.0
22140.0
21993.0
21792.0
21648.0
23011.0
24860.0
26377.0
27479.0
28102.0
28159.0
27861.0
27756.0
27704.0
27354.0
27179.0
27347.0
27133.0
26756.0
26212.0
25905.0
25750.0
24485.0
23302.0
22532.0
22095.0
22087.0
21915.0
21918.0
23053.0
24850.0
26176.0
27057.0
27750.0
28001.0
27904.0
27764.0
27553.0
27091.0
27063.0
27376.0
27340.0
26923.0
26433.0
26225.0
25882.0
24592.0
23196.0
22680.0
22340.0
22143.0
22287.0
23363.0
25510.0
27715.0
28869.0
29272.0
29524.0
29620.0
29558.0
29276.0
29111.0
28660.0
28645.0
28515.0
28055.0
27579.0
27229.0
26659.0
25607.0
24326.0
23350.0
22737.0
22513.0
22470.0
22483.0
23471.0
25821.0
27944.0
29337.0
30234.0
30544.0
30520.0
30337.0
30064.0
29845.0
29385.0
29156.0
29048.0
28677.0
28162.0
27784.0
27342.0
26203.0
24772.0
23723.0
23089.0
22859.0
22729.0
22889.0
23907.0
25867.0
27889.0
29369.0
30189.0
30255.0
30261.0
30065.0
29807.0
29497.0
29055.0
28847.0
28845.0
28495.0
27739.0
27189.0
26446.0
25569.0
24365.0
23580.0
23033.0
22779.0
22447.0
22466.0
23174.0
24468.0
25898.0
27163.0
28132.0
28714.0
28862.0
28646.0
28217.0
28001.0
27872.0
27846.0
28108.0
28004.0
27218.0
26866.0
26168.0
25246.0
24232.0
23340.0
22779.0
22451.0
22282.0
22286.0
23031.0
24286.0
25809.0
26952.0
27785.0
28289.0
28583.0
28517.0
28122.0
27742.0
27326.0
27338.0
27351.0
27218.0
26799.0
26539.0
26290.0
25621.0
24326.0
23431.0
22884.0
22552.0
22211.0
22124.0
22773.0
24312.0
26659.0
27975.0
28660.0
29071.0
29271.0
29349.0
29283.0
29056.0
28734.0
28629.0
28691.0
28401.0
27973.0
27717.0
27306.0
26368.0
25037.0
24107.0
23516.0
23102.0
22912.0
22732.0
23168.0
24755.0
26830.0
28091.0
28767.0
29199.0
29178.0
29058.0
28963.0
29015.0
28889.0
28853.0
29082.0
28778.0
28508.0
28277.0
27659.0
26495.0
25068.0
24098.0
23554.0
23219.0
23280.0
23761.0
25003.0
27605.0
29928.0
31270.0
31807.0
32200.0
32129.0
32367.0
32256.0
32002.0
31437.0
31197.0
30801.0
30292.0
29769.0
29503.0
28681.0
27505.0
25906.0
24896.0
24120.0
23967.0
23815.0
23943.0
25254.0
27845.0
30056.0
30637.0
31532.0
31808.0
31727.0
31441.0
31414.0
31214.0
30697.0
30560.0
30410.0
30018.0
29393.0
29009.0
28416.0
27419.0
25877.0
24881.0
24227.0
24106.0
24064.0
24461.0
25966.0
28383.0
30689.0
31746.0
32360.0
32670.0
32580.0
32226.0
31953.0
31422.0
30832.0
30791.0
30639.0
30173.0
29631.0
29189.0
28468.0
27240.0
26037.0
25010.0
24294.0
24095.0
23851.0
23940.0
25467.0
27081.0
28425.0
29439.0
30333.0
30821.0
30709.0
30374.0
30137.0
29737.0
29193.0
29124.0
29036.0
28912.0
28548.0
28407.0
27782.0
26779.0
25770.0
24971.0
24479.0
24354.0
24427.0
24643.0
25611.0
26920.0
27964.0
28955.0
29933.0
30290.0
30304.0
30030.0
29546.0
29185.0
28946.0
29020.0
29057.0
28946.0
28591.0
28438.0
27980.0
26983.0
25801.0
24780.0
24161.0
23890.0
23861.0
23898.0
24488.0
26519.0
29053.0
30153.0
30540.0
30844.0
30713.0
30520.0
30391.0
30027.0
29754.0
29743.0
29805.0
29421.0
29094.0
29007.0
28542.0
27237.0
25889.0
24969.0
24236.0
23955.0
23855.0
23762.0
24155.0
25900.0
28249.0
29783.0
30445.0
30833.0
30711.0
30442.0
30339.0
30290.0
30219.0
30279.0
30406.0
30269.0
30075.0
30175.0
29328.0
28034.0
26403.0
25236.0
24638.0
24471.0
24495.0
24995.0
26787.0
29448.0
31725.0
32592.0
32893.0
33161.0
33232.0
32872.0
32653.0
32273.0
31433.0
31456.0
31366.0
30901.0
30581.0
30455.0
29803.0
28202.0
26561.0
25298.0
24653.0
24570.0
24623.0
25035.0
26612.0
29523.0
31750.0
32598.0
32938.0
33211.0
33072.0
32962.0
32906.0
32627.0
32241.0
32123.0
31943.0
31396.0
30920.0
30908.0
29812.0
28240.0
26721.0
25635.0
25043.0
24953.0
24841.0
25169.0
26852.0
29588.0
32055.0
32915.0
33351.0
33555.0
33283.0
33025.0
32761.0
32403.0
31762.0
31625.0
31548.0
30896.0
30577.0
30194.0
29067.0
27561.0
26283.0
25262.0
24680.0
24443.0
24331.0
24510.0
26043.0
27703.0
28978.0
30081.0
31115.0
31532.0
31628.0
31495.0
31181.0
30847.0
30542.0
30458.0
30321.0
30119.0
29839.0
29548.0
28295.0
26885.0
25558.0
24768.0
24252.0
23990.0
23976.0
24361.0
25810.0
27410.0
28591.0
29736.0
30506.0
31073.0
31009.0
30732.0
30409.0
30146.0
29649.0
29657.0
29651.0
29224.0
29064.0
28855.0
28242.0
26993.0
25464.0
24336.0
23812.0
23486.0
23501.0
23682.0
24174.0
26328.0
28925.0
30235.0
30817.0
31059.0
30923.0
30482.0
30469.0
30286.0
29986.0
30014.0
30026.0
29508.0
29462.0
29134.0
28525.0
27303.0
25838.0
24964.0
24311.0
24110.0
24188.0
24256.0
24683.0
26401.0
28889.0
30111.0
30800.0
31122.0
31071.0
31008.0
30838.0
30472.0
30330.0
30505.0
30539.0
30263.0
30242.0
29969.0
29258.0
27762.0
26351.0
25195.0
24589.0
24548.0
24702.0
25330.0
27258.0
30370.0
32781.0
33442.0
33548.0
33576.0
33440.0
33096.0
32901.0
32803.0
32368.0
32258.0
31975.0
31613.0
31274.0
30986.0
29993.0
28265.0
26567.0
25290.0
24791.0
24396.0
24493.0
25096.0
27207.0
30112.0
32623.0
33213.0
33258.0
33401.0
33201.0
33142.0
32997.0
32876.0
32602.0
32499.0
32270.0
31893.0
31925.0
31499.0
30222.0
28329.0
26622.0
25577.0
25008.0
24720.0
24890.0
25429.0
27366.0
30365.0
32675.0
33423.0
33467.0
33507.0
33287.0
32997.0
32619.0
32351.0
31747.0
31625.0
31451.0
31119.0
30974.0
30344.0
29324.0
27704.0
26347.0
25489.0
24844.0
24574.0
24495.0
24866.0
26423.0
28012.0
29369.0
30567.0
31554.0
31968.0
31809.0
31555.0
31186.0
30918.0
30650.0
30761.0
30606.0
30585.0
30625.0
29821.0
28614.0
27114.0
25906.0
25063.0
24549.0
24233.0
24267.0
24786.0
26271.0
27941.0
29175.0
29876.0
30786.0
31104.0
30807.0
30269.0
30030.0
29691.0
29463.0
29677.0
29586.0
29383.0
29296.0
29276.0
28536.0
27146.0
25709.0
24594.0
24076.0
23779.0
23766.0
23840.0
24611.0
26697.0
29459.0
30729.0
31166.0
31045.0
30940.0
30665.0
30474.0
30365.0
30243.0
30356.0
30513.0
30050.0
30087.0
29674.0
28756.0
27382.0
25739.0
24657.0
24088.0
23806.0
23705.0
23710.0
24379.0
26329.0
28797.0
30012.0
30604.0
30859.0
31029.0
30627.0
30543.0
30428.0
30775.0
30810.0
31065.0
31050.0
31068.0
30563.0
29443.0
27806.0
26055.0
24902.0
24349.0
24241.0
24344.0
25068.0
27463.0
30588.0
33068.0
33797.0
34038.0
34138.0
33952.0
33588.0
33441.0
33306.0
32960.0
32988.0
32714.0
32460.0
32355.0
31769.0
30370.0
28518.0
26889.0
25847.0
25152.0
24947.0
25047.0
25750.0
27920.0
30985.0
33150.0
33759.0
33633.0
33549.0
33461.0
33126.0
32992.0
32765.0
32355.0
32225.0
32226.0
31967.0
31904.0
31677.0
30293.0
28293.0
26505.0
25354.0
24783.0
24634.0
24894.0
25558.0
27735.0
30679.0
32999.0
33843.0
33720.0
33698.0
33380.0
33112.0
32744.0
32293.0
31719.0
31774.0
31567.0
31441.0
31436.0
30835.0
29515.0
27771.0
26416.0
25334.0
24734.0
24453.0
24484.0
25068.0
26589.0
28378.0
29546.0
30552.0
31203.0
31621.0
31469.0
31120.0
30781.0
30494.0
29998.0
30116.0
30278.0
30170.0
30448.0
29834.0
28737.0
27054.0
25795.0
24903.0
24269.0
24105.0
24160.0
24820.0
26374.0
28050.0
28957.0
29881.0
30566.0
30753.0
30452.0
30018.0
29581.0
29352.0
29153.0
29262.0
29462.0
29348.0
29357.0
29094.0
28168.0
26768.0
25195.0
24317.0
23730.0
23540.0
23570.0
23762.0
24404.0
26586.0
29201.0
30506.0
30971.0
31092.0
30787.0
30495.0
30208.0
30174.0
30350.0
30427.0
30615.0
30480.0
30384.0
30123.0
28902.0
27428.0
25717.0
24838.0
24189.0
23956.0
23921.0
24184.0
24579.0
26570.0
29039.0
30181.0
30606.0
30959.0
30808.0
30653.0
30626.0
30455.0
30557.0
30786.0
31067.0
31140.0
31385.0
30768.0
29331.0
27793.0
25881.0
25015.0
24675.0
24681.0
24893.0
25713.0
27915.0
31226.0
33121.0
33737.0
33856.0
33909.0
33612.0
33466.0
33363.0
33253.0
32883.0
32835.0
32595.0
32474.0
32801.0
32143.0
30560.0
28708.0
27093.0
26080.0
25547.0
25507.0
25665.0
26341.0
28295.0
31571.0
33695.0
33929.0
33986.0
33810.0
33382.0
33047.0
33180.0
33036.0
32795.0
32903.0
32767.0
32519.0
32593.0
32063.0
30393.0
28495.0
26791.0
25717.0
25248.0
25011.0
25082.0
25886.0
27891.0
31151.0
33499.0
34104.0
34207.0
34364.0
34109.0
33812.0
33457.0
33197.0
32824.0
32928.0
32730.0
32488.0
32612.0
31887.0
29949.0
27987.0
26543.0
25839.0
25073.0
24649.0
24736.0
25303.0
27026.0
28869.0
29867.0
30838.0
31709.0
32096.0
31865.0
31482.0
31353.0
31212.0
30776.0
30976.0
31056.0
31242.0
31306.0
30620.0
29050.0
27449.0
26254.0
25425.0
24736.0
24473.0
24509.0
25170.0
26923.0
28724.0
29483.0
30419.0
31235.0
31409.0
31281.0
31134.0
30663.0
30516.0
30517.0
30693.0
30530.0
30411.0
30690.0
29999.0
28726.0
27319.0
25953.0
24800.0
24198.0
23989.0
23964.0
24523.0
25251.0
27519.0
30086.0
31261.0
31623.0
31569.0
31252.0
30945.0
30833.0
30557.0
30516.0
30572.0
30890.0
30899.0
30872.0
30325.0
29130.0
27628.0
26103.0
25212.0
24582.0
24271.0
24282.0
24543.0
24935.0
26954.0
29315.0
30729.0
31071.0
31446.0
31303.0
31171.0
30993.0
30805.0
30752.0
31118.0
31357.0
31467.0
31576.0
31228.0
29761.0
28102.0
26383.0
25350.0
24893.0
24799.0
25048.0
25979.0
28109.0
31399.0
33476.0
34128.0
34290.0
34260.0
33882.0
33584.0
33644.0
33548.0
33192.0
33140.0
32900.0
33059.0
33215.0
32387.0
30667.0
28823.0
27202.0
26098.0
25649.0
25483.0
25613.0
26357.0
28539.0
31796.0
34079.0
34662.0
34786.0
34436.0
34144.0
33621.0
33362.0
33374.0
32964.0
33034.0
32704.0
32779.0
32905.0
32192.0
30218.0
28538.0
26961.0
25973.0
25476.0
25442.0
25590.0
26334.0
28576.0
31817.0
34043.0
34594.0
34587.0
34432.0
34050.0
33600.0
33326.0
32969.0
32476.0
32383.0
32106.0
32229.0
32218.0
31418.0
29609.0
27942.0
26724.0
25755.0
25242.0
24908.0
24963.0
25626.0
27265.0
29337.0
30410.0
31331.0
32119.0
32380.0
32138.0
31896.0
31513.0
31286.0
31018.0
31037.0
31041.0
31451.0
31558.0
30569.0
28879.0
27422.0
26280.0
25465.0
24987.0
24826.0
24859.0
25366.0
27227.0
29011.0
29751.0
30508.0
31313.0
31673.0
31551.0
31103.0
30706.0
30351.0
29993.0
30142.0
30445.0
30798.0
30820.0
30267.0
29010.0
27685.0
26240.0
25314.0
24916.0
24744.0
24683.0
24951.0
25820.0
28269.0
30820.0
32035.0
32316.0
32149.0
31970.0
31696.0
31245.0
30866.0
30571.0
30722.0
31030.0
31308.0
31389.0
30804.0
29555.0
28028.0
26445.0
25487.0
24865.0
24654.0
24682.0
24900.0
25819.0
27824.0
30152.0
31394.0
31874.0
32170.0
31912.0
31513.0
31602.0
31181.0
31143.0
31313.0
31809.0
32308.0
32625.0
31837.0
30278.0
28626.0
26995.0
25989.0
25643.0
25421.0
25635.0
26548.0
29070.0
32401.0
34383.0
34821.0
34810.0
34853.0
34551.0
34071.0
33967.0
33734.0
33256.0
33219.0
33270.0
33541.0
33535.0
32707.0
30983.0
29029.0
27285.0
26168.0
25693.0
25576.0
25711.0
26585.0
29039.0
32142.0
34148.0
34723.0
34792.0
34947.0
34599.0
34120.0
33870.0
33705.0
33532.0
33603.0
33658.0
33888.0
33902.0
32987.0
31149.0
29108.0
27351.0
26460.0
25886.0
25659.0
25784.0
26613.0
29078.0
32258.0
34360.0
34728.0
34668.0
34724.0
34467.0
34015.0
33515.0
33156.0
32784.0
32988.0
33047.0
33603.0
33438.0
32031.0
30337.0
28521.0
27105.0
26249.0
25872.0
25548.0
25667.0
26362.0
28314.0
30061.0
30978.0
32028.0
32603.0
32871.0
32617.0
32213.0
31849.0
31737.0
31477.0
31663.0
31988.0
32484.0
32240.0
31067.0
29393.0
27807.0
26576.0
25797.0
25367.0
25160.0
25139.0
25882.0
27926.0
29695.0
30482.0
31137.0
31877.0
32005.0
31900.0
31515.0
31047.0
30732.0
30638.0
30829.0
31256.0
31621.0
31370.0
30334.0
28960.0
27418.0
26082.0
25321.0
24846.0
24650.0
24717.0
25049.0
26002.0
28268.0
30932.0
32018.0
31950.0
31930.0
31586.0
31280.0
31116.0
30923.0
30873.0
31284.0
31606.0
31851.0
31640.0
30807.0
29615.0
28060.0
26560.0
25505.0
24888.0
24698.0
24758.0
25097.0
25857.0
27782.0
30108.0
31300.0
31383.0
31519.0
31289.0
31216.0
31174.0
30898.0
30767.0
31023.0
31498.0
32100.0
32332.0
31419.0
29656.0
28031.0
26576.0
25677.0
25107.0
25008.0
25228.0
26215.0
28659.0
31833.0
33987.0
34604.0
34576.0
34571.0
34480.0
33974.0
33880.0
33610.0
33366.0
33605.0
33700.0
33945.0
33608.0
32528.0
30887.0
29019.0
27330.0
26278.0
25809.0
25744.0
25943.0
26797.0
29484.0
32310.0
34360.0
34750.0
35082.0
34772.0
34603.0
34075.0
33902.0
33732.0
33491.0
33682.0
33856.0
34233.0
34081.0
32933.0
31162.0
29399.0
27573.0
26590.0
26023.0
25914.0
26130.0
26970.0
29316.0
32308.0
34551.0
35039.0
35087.0
35165.0
34779.0
34356.0
34101.0
33741.0
33176.0
33175.0
33810.0
34153.0
33910.0
32557.0
30596.0
28947.0
27879.0
27038.0
26244.0
26103.0
26224.0
26911.0
28658.0
30573.0
31359.0
32252.0
33120.0
33501.0
33317.0
33111.0
32977.0
32797.0
32325.0
32493.0
32871.0
33341.0
32896.0
31567.0
29780.0
28160.0
27313.0
26510.0
26068.0
25988.0
26016.0
26614.0
28475.0
30207.0
31008.0
31753.0
32428.0
32674.0
32413.0
32150.0
31847.0
31562.0
31373.0
31671.0
32299.0
32881.0
32684.0
31811.0
30478.0
28908.0
27488.0
26581.0
26143.0
25964.0
25990.0
26349.0
27347.0
29546.0
31929.0
32862.0
33275.0
33327.0
33076.0
32682.0
32413.0
32188.0
31977.0
32189.0
32798.0
33441.0
33203.0
32119.0
30861.0
29508.0
28041.0
26984.0
26537.0
26356.0
26522.0
26845.0
27735.0
29782.0
32097.0
33130.0
33426.0
33603.0
33321.0
32976.0
32659.0
32401.0
32260.0
32802.0
33577.0
34333.0
34186.0
32903.0
31305.0
29802.0
28258.0
27269.0
26926.0
26784.0
27011.0
28075.0
30668.0
34062.0
36598.0
37102.0
36988.0
36797.0
36262.0
36031.0
35629.0
35467.0
35187.0
35422.0
36243.0
36893.0
36491.0
35258.0
33468.0
31550.0
29753.0
28984.0
28566.0
28346.0
28549.0
29558.0
32100.0
35384.0
37629.0
37859.0
37654.0
37249.0
36580.0
36259.0
35946.0
35624.0
35079.0
35565.0
36317.0
36846.0
36749.0
35185.0
33553.0
31638.0
30118.0
29076.0
28733.0
28558.0
28909.0
29874.0
32483.0
35604.0
37609.0
37815.0
37538.0
37132.0
36420.0
35875.0
35245.0
34660.0
34244.0
34670.0
35425.0
35936.0
35654.0
34030.0
32428.0
30788.0
29494.0
28606.0
28208.0
28149.0
28225.0
28917.0
31151.0
33055.0
33898.0
34500.0
35366.0
35500.0
35109.0
34684.0
34177.0
33857.0
33465.0
33924.0
34835.0
35600.0
35169.0
33706.0
32140.0
30645.0
29491.0
28500.0
27997.0
27993.0
28135.0
29031.0
31119.0
32861.0
33533.0
34117.0
34512.0
34556.0
33986.0
33246.0
32628.0
32168.0
32082.0
32793.0
33680.0
34198.0
34142.0
33087.0
31877.0
30362.0
28887.0
27850.0
27563.0
27341.0
27551.0
28001.0
29320.0
31870.0
34793.0
35943.0
36024.0
35919.0
35374.0
34785.0
34472.0
34325.0
34221.0
34587.0
35255.0
35490.0
35230.0
34175.0
32954.0
31395.0
29958.0
28985.0
28459.0
28432.0
28443.0
28660.0
29752.0
32167.0
34590.0
35542.0
35968.0
36096.0
35778.0
35324.0
35253.0
35274.0
35640.0
36262.0
37003.0
37059.0
36471.0
35241.0
33461.0
31427.0
29757.0
28735.0
28232.0
28167.0
28345.0
29286.0
32045.0
35491.0
37837.0
38615.0
38479.0
38504.0
38051.0
38068.0
37619.0
37583.0
37199.0
37613.0
38409.0
38306.0
37677.0
36145.0
34289.0
32163.0
30461.0
29611.0
28988.0
28788.0
28814.0
29570.0
32255.0
35425.0
37598.0
38343.0
38188.0
38111.0
37848.0
37649.0
37421.0
37208.0
36874.0
37336.0
37889.0
37991.0
37591.0
36164.0
34179.0
32476.0
31013.0
30031.0
29370.0
29432.0
29545.0
30516.0
33588.0
36976.0
39151.0
39592.0
39579.0
39306.0
38847.0
38396.0
38213.0
37743.0
37206.0
37623.0
38379.0
38611.0
37491.0
35748.0
33711.0
31908.0
30401.0
29557.0
28906.0
28693.0
28694.0
29573.0
31749.0
33725.0
34620.0
35212.0
36072.0
36218.0
36046.0
35646.0
35249.0
35175.0
35098.0
35583.0
36460.0
36943.0
36024.0
34633.0
32960.0
31241.0
29973.0
29459.0
28880.0
28465.0
28571.0
29349.0
31599.0
33471.0
34086.0
34712.0
35388.0
35610.0
35567.0
35325.0
35005.0
34729.0
34665.0
35161.0
35857.0
35822.0
34799.0
33694.0
32638.0
31017.0
29305.0
28400.0
27767.0
27602.0
27324.0
27760.0
29019.0
31650.0
34086.0
35335.0
35628.0
35471.0
35404.0
35075.0
34829.0
34595.0
34949.0
35485.0
36291.0
36244.0
35438.0
33829.0
32605.0
31229.0
29627.0
28881.0
28242.0
27920.0
27838.0
28178.0
28946.0
31235.0
33747.0
34957.0
35458.0
35739.0
35657.0
35607.0
35514.0
35411.0
35381.0
36077.0
36828.0
36845.0
36048.0
34673.0
33139.0
31350.0
29824.0
28855.0
28370.0
28316.0
28519.0
29508.0
32238.0
35748.0
38264.0
38678.0
38828.0
38674.0
38209.0
37651.0
37361.0
37211.0
37073.0
37499.0
38151.0
38242.0
37358.0
36039.0
34516.0
32630.0
30816.0
29733.0
29332.0
29154.0
29265.0
30189.0
32767.0
36584.0
38936.0
39550.0
39500.0
39392.0
38793.0
38260.0
37896.0
37755.0
37520.0
38083.0
38690.0
38760.0
37757.0
36471.0
34714.0
32753.0
30947.0
29737.0
29045.0
28846.0
29182.0
30119.0
32656.0
36074.0
38296.0
38813.0
39070.0
39130.0
38833.0
38512.0
37965.0
37829.0
37795.0
38011.0
38591.0
38466.0
37196.0
35676.0
33859.0
32134.0
30672.0
29655.0
28909.0
28747.0
28795.0
29370.0
31558.0
33642.0
34746.0
35557.0
36527.0
36954.0
36642.0
36677.0
36429.0
36185.0
36005.0
36876.0
37929.0
37899.0
36729.0
35022.0
33353.0
31705.0
30462.0
29644.0
28964.0
28837.0
28916.0
29619.0
31712.0
33849.0
34795.0
35567.0
36193.0
36590.0
36624.0
36299.0
35993.0
35901.0
35919.0
36584.0
37234.0
37352.0
36373.0
35055.0
33609.0
32145.0
30768.0
29641.0
29070.0
28964.0
29182.0
29679.0
31158.0
33869.0
36874.0
38344.0
38911.0
38926.0
38740.0
38329.0
38265.0
38195.0
38251.0
38783.0
39479.0
39332.0
38015.0
36762.0
35428.0
33963.0
32329.0
31171.0
30629.0
30388.0
30407.0
30651.0
31769.0
34272.0
36811.0
38177.0
38532.0
38595.0
38564.0
38286.0
38160.0
38112.0
38143.0
38808.0
39715.0
39792.0
38980.0
37118.0
35629.0
33695.0
31861.0
30728.0
30154.0
30067.0
30140.0
30994.0
33840.0
37543.0
40076.0
40537.0
40478.0
40522.0
40196.0
40135.0
39668.0
39555.0
39164.0
39952.0
40527.0
40395.0
39482.0
37720.0
35768.0
33816.0
32169.0
30859.0
30349.0
30213.0
30341.0
31207.0
34110.0
38012.0
40738.0
41153.0
40805.0
40225.0
39810.0
39368.0
39206.0
39248.0
38975.0
39709.0
40358.0
40362.0
39493.0
38117.0
36334.0
34301.0
32625.0
31387.0
30991.0
30885.0
31164.0
32056.0
35087.0
38837.0
41352.0
41726.0
41476.0
40915.0
40591.0
39694.0
39121.0
38731.0
38693.0
39648.0
40291.0
39930.0
38476.0
36707.0
35051.0
33205.0
31577.0
30835.0
30295.0
30026.0
29980.0
30697.0
32762.0
35193.0
36302.0
36935.0
37716.0
38072.0
37358.0
36799.0
36298.0
36300.0
36394.0
37404.0
38292.0
38215.0
36938.0
35407.0
33788.0
32372.0
31077.0
30423.0
29778.0
29220.0
29334.0
30358.0
32403.0
34127.0
35057.0
35702.0
36535.0
36646.0
36504.0
36236.0
35755.0
35487.0
35565.0
36419.0
37233.0
37802.0
37122.0
36188.0
34936.0
33693.0
32402.0
31398.0
30754.0
30337.0
30360.0
30792.0
31594.0
33271.0
36055.0
38492.0
39119.0
38908.0
38285.0
37763.0
37467.0
37642.0
37813.0
38756.0
39595.0
40066.0
39246.0
38128.0
36973.0
35777.0
34073.0
32447.0
31679.0
31286.0
30867.0
30955.0
31458.0
32859.0
35258.0
37837.0
38357.0
38181.0
37960.0
37423.0
36941.0
36507.0
36933.0
38234.0
39653.0
40123.0
39002.0
38087.0
37105.0
35706.0
33883.0
32339.0
28408.0
28296.0
28371.0
28804.0
30063.0
33050.0
35163.0
36150.0
36611.0
36910.0
36686.0
36486.0
36359.0
36398.0
36524.0
37300.0
38057.0
37637.0
37156.0
36193.0
34692.0
32815.0
30874.0
30424.0
29338.0
28699.0
28575.0
28584.0
29221.0
31461.0
34925.0
37030.0
37660.0
37883.0
38077.0
38030.0
37848.0
37613.0
37340.0
37436.0
37903.0
38891.0
38585.0
37619.0
36327.0
34756.0
32672.0
30761.0
29724.0
29414.0
29406.0
29707.0
30597.0
32746.0
36359.0
38645.0
39300.0
39589.0
39589.0
39340.0
38936.0
38518.0
38295.0
38539.0
39176.0
40166.0
39868.0
38713.0
37251.0
35751.0
33684.0
31934.0
30708.0
30265.0
30085.0
30492.0
30989.0
33107.0
36614.0
38710.0
39283.0
39258.0
39017.0
38713.0
38337.0
38313.0
38249.0
38646.0
39560.0
40544.0
40326.0
39364.0
38043.0
36271.0
34122.0
32613.0
31523.0
31018.0
30929.0
31131.0
31785.0
33867.0
37086.0
39046.0
40115.0
39967.0
39729.0
39411.0
39081.0
38641.0
38134.0
38328.0
39276.0
40196.0
39816.0
38560.0
37149.0
35415.0
33641.0
32036.0
31063.0
30441.0
30315.0
30312.0
30975.0
32663.0
35067.0
36659.0
37123.0
37641.0
37678.0
37637.0
37273.0
36900.0
36633.0
36986.0
37968.0
38876.0
38657.0
37326.0
36108.0
34748.0
33378.0
32034.0
31146.0
30664.0
30458.0
30529.0
30826.0
31710.0
33388.0
34698.0
36182.0
37184.0
37643.0
37714.0
37431.0
37245.0
37316.0
37340.0
38531.0
39885.0
39817.0
38805.0
37601.0
36166.0
34661.0
33286.0
32367.0
32087.0
31915.0
32207.0
32666.0
34157.0
37116.0
39730.0
40648.0
40970.0
40846.0
40453.0
39988.0
39658.0
39557.0
39995.0
40957.0
42254.0
42253.0
41482.0
40320.0
38605.0
36507.0
34559.0
33645.0
32993.0
33020.0
33181.0
33977.0
36431.0
40925.0
43320.0
43414.0
43152.0
42639.0
42305.0
41754.0
41783.0
41704.0
41808.0
42530.0
43673.0
43209.0
42355.0
40955.0
39145.0
36993.0
35171.0
34011.0
33699.0
33467.0
33546.0
34366.0
36910.0
40781.0
42988.0
43225.0
42994.0
42875.0
42576.0
42241.0
42272.0
42283.0
42477.0
43119.0
43541.0
43169.0
42051.0
40670.0
38786.0
36662.0
34781.0
33444.0
33110.0
32959.0
32874.0
33469.0
35664.0
39441.0
41510.0
41631.0
41843.0
41719.0
41512.0
41094.0
40802.0
40613.0
41046.0
41885.0
42560.0
41967.0
40680.0
39610.0
37935.0
35926.0
34366.0
33019.0
32452.0
32142.0
32112.0
32869.0
34816.0
38368.0
40598.0
40763.0
41049.0
41100.0
40692.0
40251.0
39702.0
39452.0
39734.0
40852.0
41852.0
41615.0
40436.0
38883.0
37241.0
35684.0
34287.0
33244.0
32771.0
32660.0
32861.0
33536.0
35694.0
38265.0
39795.0
40495.0
40877.0
40568.0
40222.0
39732.0
39080.0
38614.0
39094.0
40510.0
41627.0
40790.0
39356.0
37966.0
36492.0
34732.0
33411.0
32450.0
31909.0
31610.0
31646.0
32025.0
32630.0
34384.0
35779.0
36905.0
37923.0
38044.0
37900.0
37332.0
37224.0
37059.0
37348.0
38629.0
39943.0
39510.0
38416.0
37229.0
35632.0
34097.0
32606.0
31577.0
31041.0
30991.0
31152.0
31741.0
33048.0
35862.0
38601.0
39424.0
39788.0
40181.0
39932.0
39601.0
39620.0
39611.0
40008.0
40509.0
41305.0
40351.0
39200.0
37867.0
35968.0
33771.0
31924.0
30786.0
30226.0
29861.0
30063.0
30879.0
33557.0
37545.0
40169.0
40276.0
39929.0
40198.0
40127.0
39818.0
39524.0
39532.0
39969.0
40677.0
41541.0
40752.0
39391.0
38013.0
36332.0
34093.0
32589.0
31571.0
31088.0
30878.0
31162.0
31935.0
34339.0
38284.0
40851.0
40941.0
40672.0
40555.0
40307.0
40009.0
39876.0
39722.0
40309.0
40868.0
41358.0
40599.0
39307.0
37731.0
35850.0
33854.0
32105.0
31050.0
30599.0
30434.0
30617.0
31392.0
33534.0
37182.0
39278.0
39731.0
39597.0
39292.0
38744.0
38327.0
38212.0
38366.0
38823.0
39878.0
40722.0
40177.0
39209.0
38275.0
36911.0
34604.0
33093.0
32119.0
31607.0
31453.0
31634.0
32191.0
34533.0
38004.0
40202.0
40598.0
40601.0
40134.0
39845.0
39287.0
39145.0
38999.0
39429.0
40142.0
40884.0
40148.0
39048.0
37809.0
36194.0
34448.0
32950.0
31706.0
31231.0
31242.0
31296.0
31740.0
33429.0
36103.0
37657.0
38345.0
38837.0
39086.0
38984.0
38533.0
38310.0
38301.0
38604.0
39879.0
40491.0
39644.0
38427.0
37025.0
35541.0
34013.0
32622.0
31590.0
31009.0
30708.0
30558.0
30827.0
31592.0
33121.0
34987.0
36155.0
37139.0
37497.0
37496.0
37281.0
37169.0
37195.0
37859.0
39285.0
40039.0
39299.0
38071.0
36727.0
35334.0
33796.0
32399.0
31618.0
31118.0
30952.0
30790.0
31244.0
32375.0
34998.0
37734.0
38551.0
38876.0
39228.0
38976.0
38975.0
38933.0
39179.0
39470.0
40079.0
40781.0
40106.0
39145.0
37953.0
36345.0
34300.0
32389.0
31271.0
30855.0
30747.0
31074.0
32042.0
34464.0
38486.0
41362.0
41797.0
41247.0
41461.0
41147.0
41091.0
40961.0
40828.0
41151.0
41821.0
42431.0
41342.0
40200.0
38917.0
37234.0
34912.0
33201.0
32130.0
31469.0
31258.0
31308.0
32096.0
34395.0
38545.0
41454.0
41456.0
41177.0
41261.0
41075.0
40711.0
40508.0
40310.0
40908.0
41758.0
42282.0
41962.0
40560.0
39072.0
37298.0
35201.0
33272.0
32274.0
31815.0
31541.0
31694.0
32545.0
34787.0
38507.0
40945.0
41136.0
41027.0
40981.0
40878.0
40438.0
40268.0
40387.0
41095.0
42153.0
42763.0
42356.0
41131.0
39667.0
37913.0
36167.0
34307.0
33299.0
32978.0
32860.0
33086.0
33706.0
35919.0
39526.0
41856.0
42059.0
41628.0
41438.0
41044.0
40542.0
40365.0
40150.0
40365.0
40984.0
41540.0
40747.0
39561.0
38096.0
36296.0
34372.0
32790.0
31921.0
31300.0
31126.0
31033.0
31651.0
33458.0
36309.0
37906.0
38540.0
39137.0
39365.0
38841.0
38587.0
38181.0
38295.0
38979.0
39977.0
40317.0
39311.0
38160.0
36933.0
35395.0
33819.0
32665.0
31906.0
31300.0
31014.0
31047.0
31359.0
32163.0
34022.0
35902.0
37126.0
38186.0
38554.0
38606.0
38209.0
38235.0
38319.0
39117.0
40638.0
41430.0
40810.0
39789.0
38600.0
37487.0
35908.0
34653.0
33741.0
32996.0
32889.0
33323.0
33932.0
35330.0
38647.0
41565.0
42646.0
42735.0
42678.0
42325.0
41663.0
41617.0
41900.0
42622.0
43773.0
44675.0
44061.0
43120.0
41688.0
39931.0
38016.0
36145.0
34817.0
34166.0
33901.0
34041.0
34512.0
36375.0
40768.0
44655.0
45265.0
44936.0
44485.0
43991.0
43627.0
43611.0
43459.0
44186.0
45254.0
45850.0
44984.0
43900.0
42515.0
40918.0
38461.0
36056.0
37807.0
36520.0
36138.0
36225.0
36838.0
38492.0
42635.0
46864.0
47863.0
47473.0
47467.0
46997.0
46543.0
46065.0
46082.0
46973.0
48019.0
48177.0
47334.0
46273.0
44787.0
43156.0
41184.0
39237.0
37880.0
37078.0
36642.0
36515.0
36657.0
37628.0
40189.0
42821.0
44055.0
44601.0
45179.0
44989.0
44566.0
44288.0
44531.0
45087.0
45647.0
45938.0
44992.0
43693.0
42459.0
40909.0
39153.0
37609.0
36316.0
35797.0
35471.0
35392.0
35903.0
36825.0
39454.0
41785.0
43002.0
43691.0
44279.0
44022.0
43460.0
43219.0
43274.0
44001.0
45216.0
45766.0
45111.0
44185.0
43114.0
41893.0
40493.0
38903.0
37586.0
37027.0
36742.0
36961.0
37426.0
38207.0
40978.0
44270.0
45778.0
46300.0
46242.0
45558.0
45228.0
45149.0
45390.0
46346.0
47400.0
47693.0
47045.0
46010.0
44730.0
43540.0
41584.0
39785.0
38622.0
37633.0
37242.0
37268.0
37285.0
38162.0
40405.0
43038.0
44258.0
44429.0
44763.0
44830.0
44671.0
44392.0
44462.0
44929.0
46197.0
46009.0
45101.0
44091.0
42945.0
41187.0
39377.0
37175.0
35722.0
35161.0
34813.0
34678.0
35187.0
36889.0
41090.0
44985.0
46079.0
45722.0
45834.0
45650.0
45368.0
45457.0
45561.0
46448.0
47179.0
47182.0
46224.0
45029.0
43723.0
42253.0
39910.0
37918.0
36415.0
35678.0
35282.0
35379.0
36010.0
37698.0
41925.0
45800.0
46782.0
46536.0
46452.0
46054.0
45675.0
45634.0
45629.0
46661.0
47778.0
48098.0
47275.0
46048.0
44834.0
43355.0
41319.0
39401.0
38042.0
37159.0
36534.0
36248.0
36422.0
37866.0
41791.0
45957.0
46988.0
46608.0
46486.0
46046.0
45739.0
45581.0
45664.0
46556.0
46772.0
46567.0
45683.0
44388.0
43090.0
41237.0
38955.0
36944.0
35422.0
34569.0
34118.0
34070.0
34364.0
35384.0
37592.0
39991.0
41405.0
42099.0
42641.0
42552.0
42143.0
42034.0
42236.0
43214.0
44285.0
44766.0
43975.0
42998.0
41874.0
40270.0
38419.0
36877.0
35793.0
35038.0
34741.0
34708.0
34876.0
35792.0
38164.0
40579.0
41936.0
42753.0
43308.0
42956.0
42761.0
42665.0
42886.0
43818.0
44854.0
45061.0
44214.0
43250.0
41953.0
40606.0
39125.0
37545.0
36128.0
35326.0
35007.0
35005.0
35332.0
36471.0
39171.0
42312.0
43973.0
44435.0
45210.0
45091.0
44845.0
44891.0
45069.0
45744.0
46559.0
46674.0
45890.0
44796.0
43726.0
42381.0
40624.0
38643.0
37236.0
36461.0
36167.0
36164.0
36551.0
37516.0
40211.0
43115.0
44505.0
45049.0
45544.0
45691.0
45365.0
45272.0
45383.0
46192.0
47261.0
47893.0
47090.0
46335.0
45436.0
44342.0
42209.0
40616.0
39243.0
38690.0
38536.0
38637.0
39321.0
41135.0
45639.0
49833.0
50741.0
50526.0
50458.0
50197.0
49750.0
49739.0
50072.0
50804.0
51287.0
51519.0
50186.0
48929.0
47333.0
45623.0
43083.0
40765.0
39306.0
38445.0
38006.0
37959.0
38695.0
40384.0
44639.0
48844.0
49705.0
49229.0
49144.0
48918.0
48333.0
48166.0
48232.0
49107.0
49546.0
49352.0
48284.0
47147.0
45892.0
44385.0
42069.0
39780.0
38374.0
37562.0
37126.0
37329.0
37972.0
39797.0
44164.0
48666.0
49772.0
49685.0
49333.0
48810.0
48118.0
47865.0
48012.0
48982.0
49898.0
50013.0
49149.0
48161.0
46836.0
45356.0
43198.0
41347.0
39991.0
39209.0
38955.0
38919.0
39518.0
40764.0
43656.0
46260.0
47698.0
48533.0
49117.0
48711.0
48003.0
47560.0
47552.0
48419.0
49196.0
49474.0
48689.0
47525.0
46295.0
44699.0
42743.0
40826.0
39515.0
38573.0
38012.0
37783.0
38072.0
39482.0
42014.0
44687.0
46059.0
46765.0
47491.0
47615.0
47292.0
47187.0
47171.0
47768.0
48471.0
48474.0
47515.0
46438.0
44976.0
43426.0
41655.0
40075.0
38438.0
37580.0
37318.0
37203.0
37213.0
38596.0
41134.0
44204.0
45954.0
46460.0
46675.0
46673.0
46280.0
46177.0
46156.0
46706.0
47343.0
47170.0
46163.0
45123.0
43969.0
42566.0
40817.0
38868.0
37427.0
36292.0
35837.0
35900.0
36320.0
37259.0
39851.0
42814.0
44127.0
44440.0
44978.0
45071.0
44834.0
44948.0
45006.0
45709.0
46547.0
46527.0
45786.0
44773.0
43681.0
42033.0
40140.0
38153.0
36629.0
35760.0
35230.0
35267.0
35698.0
37027.0
41121.0
45112.0
46582.0
46190.0
46076.0
45907.0
45469.0
45365.0
45431.0
46083.0
46554.0
46583.0
45849.0
44721.0
43344.0
41654.0
39400.0
37211.0
35920.0
34957.0
34526.0
34493.0
34987.0
36491.0
40258.0
44323.0
45803.0
45587.0
45693.0
45494.0
45326.0
45421.0
45432.0
46254.0
46860.0
46684.0
45801.0
45078.0
44045.0
42506.0
40207.0
38341.0
36939.0
35990.0
35527.0
35651.0
36006.0
37463.0
41127.0
45193.0
46889.0
46766.0
46957.0
46802.0
46401.0
46254.0
46183.0
46598.0
46872.0
46709.0
45726.0
44418.0
42855.0
41306.0
39428.0
37257.0
35619.0
34619.0
34273.0
34006.0
34159.0
35050.0
37433.0
40040.0
41662.0
42564.0
43130.0
43354.0
42951.0
42821.0
42932.0
43631.0
44116.0
44097.0
43358.0
42359.0
41176.0
39586.0
37970.0
36096.0
35019.0
33923.0
33320.0
33142.0
33302.0
34130.0
35932.0
38122.0
39957.0
41358.0
42030.0
42135.0
41752.0
41684.0
42279.0
43318.0
44167.0
43375.0
41488.0
40180.0
38739.0
37642.0
36642.0
35772.0
34796.0
33943.0
33193.0
32959.0
32933.0
33232.0
34089.0
35241.0
36526.0
37695.0
38824.0
39310.0
39213.0
38846.0
38765.0
39095.0
39242.0
38855.0
38336.0
37746.0
37222.0
36477.0
35704.0
35020.0
34176.0
33377.0
33110.0
33246.0
33478.0
33945.0
34726.0
35620.0
36662.0
37766.0
38587.0
39152.0
39740.0
39537.0
39535.0
39987.0
40410.0
39992.0
39410.0
38744.0
38028.0
37101.0
35950.0
34733.0
33763.0
32940.0
32620.0
32583.0
32847.0
33747.0
35187.0
37199.0
38603.0
39936.0
40992.0
41397.0
41383.0
41200.0
41595.0
42621.0
43383.0
43449.0
42771.0
41918.0
40698.0
39379.0
37949.0
36498.0
35245.0
34398.0
34050.0
34215.0
34796.0
35910.0
38171.0
40854.0
42614.0
43478.0
44180.0
44296.0
44089.0
43918.0
43938.0
44817.0
45638.0
45869.0
45044.0
43796.0
42816.0
41469.0
39762.0
38165.0
36992.0
36219.0
35916.0
35864.0
36034.0
37267.0
39705.0
42382.0
44229.0
44956.0
45529.0
45714.0
45192.0
45013.0
45059.0
45821.0
46779.0
46966.0
45983.0
44603.0
43235.0
41660.0
39955.0
38139.0
36850.0
35867.0
35278.0
35354.0
35422.0
36059.0
37787.0
39858.0
41564.0
42484.0
43344.0
43547.0
43440.0
43324.0
43319.0
43788.0
44501.0
44923.0
44183.0
43155.0
41805.0
40309.0
38772.0
37398.0
35881.0
34720.0
34307.0
34189.0
34303.0
34937.0
36663.0
38447.0
39842.0
41045.0
41999.0
42352.0
42474.0
42512.0
42571.0
43205.0
44052.0
44015.0
42766.0
40944.0
39119.0
37822.0
36427.0
35200.0
