_pv_national_current load factor in Switzerland in 2016
0.0
0.0
0.0
0.0
0.0
0.0
0.0
0.0173
0.127
0.256
0.386
0.432
0.3989
0.2837
0.1221
0.0085
0.0
0.0
0.0
0.0
0.0
0.0
0.0
0.0
0.0
0.0
0.0
0.0
0.0
0.0
0.0
0.0016
0.0203
0.0428
0.063
0.0768
0.0712
0.0486
0.0218
0.0006
0.0
0.0
0.0
0.0
0.0
0.0
0.0
0.0
0.0
0.0
0.0
0.0
0.0
0.0
0.0
0.0155
0.1122
0.2213
0.3469
0.3938
0.3314
0.1976
0.065
0.0022
0.0
0.0
0.0
0.0
0.0
0.0
0.0
0.0
0.0
0.0
0.0
0.0
0.0
0.0
0.0
0.0062
0.0471
0.0954
0.1324
0.1683
0.1883
0.167
0.1
0.0102
0.0
0.0
0.0
0.0
0.0
0.0
0.0
0.0
0.0
0.0
0.0
0.0
0.0
0.0
0.0
0.0155
0.1289
0.2427
0.3276
0.3835
0.39
0.3243
0.1674
0.0197
0.0
0.0
0.0
0.0
0.0
0.0
0.0
0.0
0.0
0.0
0.0
0.0
0.0
0.0
0.0
0.0242
0.1406
0.2581
0.3251
0.3407
0.2912
0.1853
0.0795
0.0074
0.0
0.0
0.0
0.0
0.0
0.0
0.0
0.0
0.0
0.0
0.0
0.0
0.0
0.0
0.0
0.0027
0.0277
0.066
0.0753
0.0839
0.0594
0.0391
0.0241
0.002
0.0
0.0
0.0
0.0
0.0
0.0
0.0
0.0
0.0
0.0
0.0
0.0
0.0
0.0
0.0
0.0225
0.1364
0.2584
0.33
0.3135
0.2197
0.1308
0.0469
0.0018
0.0
0.0
0.0
0.0
0.0
0.0
0.0
0.0
0.0
0.0
0.0
0.0
0.0
0.0
0.0
0.0095
0.0601
0.1009
0.1146
0.0992
0.0778
0.0504
0.0224
0.0012
0.0
0.0
0.0
0.0
0.0
0.0
0.0
0.0
0.0
0.0
0.0
0.0
0.0
0.0
0.0
0.0071
0.0665
0.1627
0.173
0.1663
0.1571
0.0972
0.0378
0.0029
0.0
0.0
0.0
0.0
0.0
0.0
0.0
0.0
0.0
0.0
0.0
0.0
0.0
0.0
0.0
0.0089
0.0379
0.068
0.0957
0.1182
0.1401
0.1209
0.057
0.0037
0.0
0.0
0.0
0.0
0.0
0.0
0.0
0.0
0.0
0.0
0.0
0.0
0.0
0.0
0.0
0.0043
0.0409
0.0878
0.123
0.1539
0.1772
0.1491
0.0732
0.0062
0.0
0.0
0.0
0.0
0.0
0.0
0.0
0.0
0.0
0.0
0.0
0.0
0.0
0.0
0.0
0.0189
0.0948
0.1722
0.2566
0.3002
0.2949
0.2378
0.1239
0.0145
0.0
0.0
0.0
0.0
0.0
0.0
0.0
0.0
0.0
0.0
0.0
0.0
0.0
0.0
0.0
0.0191
0.0842
0.1667
0.2713
0.3247
0.2998
0.2098
0.0971
0.0108
0.0
0.0
0.0
0.0
0.0
0.0
0.0
0.0
0.0
0.0
0.0
0.0
0.0
0.0
0.0
0.0612
0.2212
0.3485
0.4153
0.4283
0.3575
0.2312
0.0926
0.0112
0.0
0.0
0.0
0.0
0.0
0.0
0.0
0.0
0.0
0.0
0.0
0.0
0.0
0.0
0.0
0.0279
0.124
0.2181
0.2944
0.3295
0.2818
0.2142
0.1101
0.0139
0.0
0.0
0.0
0.0
0.0
0.0
0.0
0.0
0.0
0.0
0.0
0.0
0.0
0.0
0.0
0.011
0.0638
0.1272
0.1786
0.2082
0.241
0.1804
0.0872
0.0109
0.0
0.0
0.0
0.0
0.0
0.0
0.0
0.0
0.0
0.0
0.0
0.0
0.0
0.0
0.0
0.1233
0.309
0.4101
0.4448
0.4238
0.3515
0.2368
0.1075
0.0147
0.0
0.0
0.0
0.0
0.0
0.0
0.0
0.0
0.0
0.0
0.0
0.0
0.0
0.0
0.0
0.054
0.1764
0.2843
0.3599
0.3825
0.3383
0.2382
0.1205
0.0205
0.0
0.0
0.0
0.0
0.0
0.0
0.0
0.0
0.0
0.0
0.0
0.0
0.0
0.0
0.0
0.0431
0.1629
0.2817
0.3747
0.3989
0.366
0.28
0.1598
0.0318
0.0
0.0
0.0
0.0
0.0
0.0
0.0
0.0
0.0
0.0
0.0
0.0
0.0
0.0
0.0
0.148
0.3522
0.4994
0.5847
0.6063
0.5696
0.472
0.3091
0.0893
0.0
0.0
0.0
0.0
0.0
0.0
0.0
0.0
0.0
0.0
0.0
0.0
0.0
0.0
0.0
0.1518
0.3623
0.5012
0.575
0.5813
0.5289
0.4238
0.2542
0.0509
0.0
0.0
0.0
0.0
0.0
0.0
0.0
0.0
0.0
0.0
0.0
0.0
0.0
0.0
0.0
0.0354
0.1179
0.2233
0.3497
0.4674
0.4689
0.387
0.2534
0.073
0.0
0.0
0.0
0.0
0.0
0.0
0.0
0.0
0.0
0.0
0.0
0.0
0.0
0.0
0.0
0.0305
0.1509
0.2745
0.3318
0.3717
0.3557
0.288
0.1754
0.0465
0.0
0.0
0.0
0.0
0.0
0.0
0.0
0.0
0.0
0.0
0.0
0.0
0.0
0.0
0.0
0.1271
0.3088
0.4514
0.5363
0.5588
0.524
0.4333
0.2826
0.0798
0.0
0.0
0.0
0.0
0.0
0.0
0.0
0.0
0.0
0.0
0.0
0.0
0.0
0.0
0.0
0.0496
0.1383
0.2479
0.3927
0.4849
0.4716
0.3832
0.2418
0.066
0.0
0.0
0.0
0.0
0.0
0.0
0.0
0.0
0.0
0.0
0.0
0.0
0.0
0.0
0.0
0.0765
0.1925
0.3
0.3934
0.4458
0.4183
0.3248
0.1834
0.0417
0.0
0.0
0.0
0.0
0.0
0.0
0.0
0.0
0.0
0.0
0.0
0.0
0.0
0.0
0.0001
0.0567
0.1261
0.1744
0.1963
0.1919
0.1668
0.1241
0.0701
0.0163
0.0
0.0
0.0
0.0
0.0
0.0
0.0
0.0
0.0
0.0
0.0
0.0
0.0
0.0
0.0
0.0432
0.1461
0.2828
0.3975
0.4423
0.4026
0.3346
0.2132
0.0605
0.0
0.0
0.0
0.0
0.0
0.0
0.0
0.0
0.0
0.0
0.0
0.0
0.0
0.0
0.0001
0.119
0.2769
0.4149
0.4935
0.5255
0.4923
0.3627
0.178
0.0251
0.0
0.0
0.0
0.0
0.0
0.0
0.0
0.0
0.0
0.0
0.0
0.0
0.0
0.0
0.0
0.014
0.0586
0.1175
0.1765
0.1796
0.1606
0.1201
0.0667
0.0121
0.0
0.0
0.0
0.0
0.0
0.0
0.0
0.0
0.0
0.0
0.0
0.0
0.0
0.0
0.0003
0.0606
0.1835
0.3281
0.4028
0.4184
0.3532
0.23
0.1261
0.0384
0.0
0.0
0.0
0.0
0.0
0.0
0.0
0.0
0.0
0.0
0.0
0.0
0.0
0.0
0.0
0.0337
0.1491
0.2686
0.4138
0.4989
0.5089
0.447
0.2923
0.0797
0.0
0.0
0.0
0.0
0.0
0.0
0.0
0.0
0.0
0.0
0.0
0.0
0.0
0.0
0.0
0.0079
0.0362
0.0751
0.114
0.1461
0.1372
0.1059
0.059
0.0145
0.0
0.0
0.0
0.0
0.0
0.0
0.0
0.0
0.0
0.0
0.0
0.0
0.0
0.0
0.0005
0.0555
0.1457
0.3213
0.4368
0.4432
0.3573
0.2307
0.1212
0.0311
0.0
0.0
0.0
0.0
0.0
0.0
0.0
0.0
0.0
0.0
0.0
0.0
0.0
0.0
0.0011
0.0641
0.1574
0.2589
0.3727
0.4703
0.4818
0.4317
0.3054
0.1187
0.0004
0.0
0.0
0.0
0.0
0.0
0.0
0.0
0.0
0.0
0.0
0.0
0.0
0.0
0.0025
0.1797
0.352
0.4739
0.5366
0.5507
0.5212
0.4392
0.3046
0.1118
0.0004
0.0
0.0
0.0
0.0
0.0
0.0
0.0
0.0
0.0
0.0
0.0
0.0
0.0
0.0006
0.0413
0.0791
0.1184
0.1601
0.1733
0.1482
0.111
0.0665
0.0204
0.0
0.0
0.0
0.0
0.0
0.0
0.0
0.0
0.0
0.0
0.0
0.0
0.0
0.0
0.0033
0.1337
0.2301
0.3644
0.5043
0.4854
0.4144
0.2618
0.1169
0.0319
0.0
0.0
0.0
0.0
0.0
0.0
0.0
0.0
0.0
0.0
0.0
0.0
0.0
0.0
0.0009
0.0663
0.2155
0.3208
0.2965
0.1871
0.1705
0.1768
0.1188
0.0337
0.0
0.0
0.0
0.0
0.0
0.0
0.0
0.0
0.0
0.0
0.0
0.0
0.0
0.0
0.0016
0.0581
0.1546
0.2621
0.357
0.3811
0.3568
0.2924
0.1968
0.0718
0.0005
0.0
0.0
0.0
0.0
0.0
0.0
0.0
0.0
0.0
0.0
0.0
0.0
0.0
0.0094
0.1949
0.3708
0.5168
0.603
0.6302
0.6008
0.4968
0.3039
0.0905
0.001
0.0
0.0
0.0
0.0
0.0
0.0
0.0
0.0
0.0
0.0
0.0
0.0
0.0
0.0039
0.1447
0.3056
0.416
0.4646
0.4183
0.3032
0.1712
0.0618
0.0164
0.0
0.0
0.0
0.0
0.0
0.0
0.0
0.0
0.0
0.0
0.0
0.0
0.0
0.0
0.0066
0.1242
0.2077
0.238
0.2701
0.2792
0.282
0.2765
0.1708
0.0568
0.0002
0.0
0.0
0.0
0.0
0.0
0.0
0.0
0.0
0.0
0.0
0.0
0.0
0.0
0.0053
0.0638
0.1195
0.1439
0.1679
0.1764
0.1624
0.1361
0.0883
0.0344
0.0005
0.0
0.0
0.0
0.0
0.0
0.0
0.0
0.0
0.0
0.0
0.0
0.0
0.0
0.0093
0.1023
0.2129
0.3247
0.4123
0.4448
0.4011
0.2914
0.1606
0.0524
0.001
0.0
0.0
0.0
0.0
0.0
0.0
0.0
0.0
0.0
0.0
0.0
0.0
0.0
0.005
0.1097
0.2517
0.3842
0.4704
0.4964
0.4549
0.3681
0.2369
0.0992
0.0044
0.0
0.0
0.0
0.0
0.0
0.0
0.0
0.0
0.0
0.0
0.0
0.0
0.0
0.006
0.1073
0.2237
0.3376
0.411
0.4098
0.3531
0.2607
0.1751
0.0805
0.0053
0.0
0.0
0.0
0.0
0.0
0.0
0.0
0.0
0.0
0.0
0.0
0.0
0.0
0.0208
0.1808
0.347
0.4809
0.5575
0.5466
0.481
0.3576
0.2052
0.0771
0.004
0.0
0.0
0.0
0.0
0.0
0.0
0.0
0.0
0.0
0.0
0.0
0.0
0.0
0.0037
0.0656
0.1642
0.2676
0.3678
0.4305
0.4194
0.3624
0.2599
0.1117
0.0084
0.0
0.0
0.0
0.0
0.0
0.0
0.0
0.0
0.0
0.0
0.0
0.0
0.0
0.0081
0.0705
0.1139
0.1342
0.1796
0.2049
0.1965
0.1564
0.1008
0.0395
0.0021
0.0
0.0
0.0
0.0
0.0
0.0
0.0
0.0
0.0
0.0
0.0
0.0
0.0
0.0127
0.0927
0.2045
0.3251
0.4361
0.5065
0.5166
0.4633
0.356
0.1895
0.0231
0.0
0.0
0.0
0.0
0.0
0.0
0.0
0.0
0.0
0.0
0.0
0.0
0.0
0.0147
0.1025
0.1778
0.2877
0.448
0.5694
0.3954
0.1919
0.1224
0.0796
0.0056
0.0
0.0
0.0
0.0
0.0
0.0
0.0
0.0
0.0
0.0
0.0
0.0
0.0
0.0154
0.0951
0.1686
0.2431
0.2913
0.3176
0.3016
0.2365
0.1444
0.0569
0.0035
0.0
0.0
0.0
0.0
0.0
0.0
0.0
0.0
0.0
0.0
0.0
0.0
0.0
0.0443
0.2366
0.4284
0.5736
0.6383
0.6302
0.5476
0.3604
0.1635
0.0542
0.003
0.0
0.0
0.0
0.0
0.0
0.0
0.0
0.0
0.0
0.0
0.0
0.0
0.0
0.0061
0.0563
0.133
0.2252
0.3072
0.3385
0.3226
0.2713
0.2043
0.1045
0.0115
0.0
0.0
0.0
0.0
0.0
0.0
0.0
0.0
0.0
0.0
0.0
0.0
0.0
0.0657
0.277
0.4477
0.5657
0.6328
0.6542
0.6061
0.478
0.2916
0.1168
0.0142
0.0
0.0
0.0
0.0
0.0
0.0
0.0
0.0
0.0
0.0
0.0
0.0
0.0
0.0285
0.1896
0.3844
0.5395
0.6284
0.6465
0.5995
0.501
0.3595
0.1869
0.0329
0.0
0.0
0.0
0.0
0.0
0.0
0.0
0.0
0.0
0.0
0.0
0.0
0.0
0.0114
0.0775
0.1841
0.3131
0.37
0.4025
0.3299
0.2328
0.1295
0.0539
0.0067
0.0
0.0
0.0
0.0
0.0
0.0
0.0
0.0
0.0
0.0
0.0
0.0
0.0
0.0087
0.0655
0.1316
0.1741
0.2009
0.2003
0.1836
0.15
0.1036
0.054
0.0061
0.0
0.0
0.0
0.0
0.0
0.0
0.0
0.0
0.0
0.0
0.0
0.0
0.0
0.0409
0.173
0.34
0.4991
0.5733
0.6072
0.6205
0.5549
0.4295
0.2299
0.0293
0.0
0.0
0.0
0.0
0.0
0.0
0.0
0.0
0.0
0.0
0.0
0.0
0.0
0.0342
0.1371
0.2582
0.3368
0.3704
0.3617
0.3135
0.2327
0.119
0.0398
0.0039
0.0
0.0
0.0
0.0
0.0
0.0
0.0
0.0
0.0
0.0
0.0
0.0
0.0
0.0407
0.1815
0.3313
0.4001
0.376
0.3236
0.2573
0.1943
0.1333
0.0741
0.015
0.0
0.0
0.0
0.0
0.0
0.0
0.0
0.0
0.0
0.0
0.0
0.0
0.0
0.0671
0.1958
0.2936
0.3611
0.4097
0.4107
0.3473
0.2572
0.1657
0.0844
0.0138
0.0
0.0
0.0
0.0
0.0
0.0
0.0
0.0
0.0
0.0
0.0
0.0
0.0
0.0157
0.0563
0.0959
0.1308
0.1644
0.1925
0.2123
0.2089
0.1726
0.0991
0.0247
0.0
0.0
0.0
0.0
0.0
0.0
0.0
0.0
0.0
0.0
0.0
0.0
0.0
0.05
0.1882
0.3555
0.4851
0.539
0.5313
0.4683
0.3745
0.2652
0.1362
0.0267
0.0
0.0
0.0
0.0
0.0
0.0
0.0
0.0
0.0
0.0
0.0
0.0
0.0
0.0739
0.2474
0.4237
0.5325
0.586
0.5687
0.4972
0.3801
0.2429
0.1102
0.0208
0.0
0.0
0.0
0.0
0.0
0.0
0.0
0.0
0.0
0.0
0.0
0.0
0.0
0.0336
0.1404
0.2865
0.4167
0.4986
0.5018
0.4549
0.3714
0.2629
0.1378
0.0313
0.0
0.0
0.0
0.0
0.0
0.0
0.0
0.0
0.0
0.0
0.0
0.0
0.0003
0.1397
0.3504
0.5243
0.6489
0.7198
0.7368
0.7007
0.6071
0.4552
0.2563
0.0663
0.0
0.0
0.0
0.0
0.0
0.0
0.0
0.0
0.0
0.0
0.0
0.0
0.0004
0.137
0.344
0.5255
0.6517
0.7242
0.7443
0.7113
0.6219
0.4801
0.2938
0.0908
0.0
0.0
0.0
0.0
0.0
0.0
0.0
0.0
0.0
0.0
0.0
0.0
0.0002
0.0998
0.2973
0.4809
0.6039
0.6613
0.6845
0.6555
0.5646
0.4024
0.2079
0.057
0.0
0.0
0.0
0.0
0.0
0.0
0.0
0.0
0.0
0.0
0.0
0.0
0.0005
0.1028
0.282
0.4534
0.5863
0.6317
0.6125
0.5768
0.5009
0.3684
0.2041
0.0586
0.0
0.0
0.0
0.0
0.0
0.0
0.0
0.0
0.0
0.0
0.0
0.0
0.0005
0.0876
0.2564
0.4464
0.5901
0.6713
0.6854
0.6231
0.5301
0.3903
0.2194
0.0647
0.0
0.0
0.0
0.0
0.0
0.0
0.0
0.0
0.0
0.0
0.0
0.0
0.0019
0.1248
0.3177
0.497
0.6273
0.6983
0.7121
0.6743
0.5844
0.4276
0.2552
0.0788
0.0002
0.0
0.0
0.0
0.0
0.0
0.0
0.0
0.0
0.0
0.0
0.0
0.0014
0.109
0.2897
0.4468
0.5385
0.5594
0.5201
0.4093
0.2498
0.1236
0.0565
0.0164
0.0
0.0
0.0
0.0
0.0
0.0
0.0
0.0
0.0
0.0
0.0
0.0
0.0003
0.0449
0.1311
0.2234
0.2942
0.3546
0.4035
0.4203
0.3828
0.2963
0.174
0.0531
0.0
0.0
0.0
0.0
0.0
0.0
0.0
0.0
0.0
0.0
0.0
0.0
0.0029
0.1346
0.3276
0.5063
0.6419
0.7122
0.7303
0.6906
0.6059
0.4778
0.307
0.1134
0.0014
0.0
0.0
0.0
0.0
0.0
0.0
0.0
0.0
0.0
0.0
0.0
0.0068
0.1743
0.3722
0.5419
0.6617
0.7308
0.7502
0.7205
0.641
0.5106
0.3321
0.127
0.0022
0.0
0.0
0.0
0.0
0.0
0.0
0.0
0.0
0.0
0.0
0.0
0.0084
0.1782
0.3803
0.5485
0.6671
0.7354
0.754
0.723
0.6434
0.513
0.3351
0.13
0.0029
0.0
0.0
0.0
0.0
0.0
0.0
0.0
0.0
0.0
0.0
0.0
0.007
0.1536
0.3441
0.5038
0.6261
0.7021
0.7378
0.7149
0.6331
0.5025
0.322
0.1216
0.0027
0.0
0.0
0.0
0.0
0.0
0.0
0.0
0.0
0.0
0.0
0.0
0.0042
0.1035
0.2638
0.4405
0.5951
0.673
0.709
0.6875
0.6067
0.4804
0.3038
0.1085
0.003
0.0
0.0
0.0
0.0
0.0
0.0
0.0
0.0
0.0
0.0
0.0
0.011
0.1709
0.3671
0.5451
0.6609
0.7256
0.753
0.726
0.6505
0.5226
0.3457
0.1333
0.0051
0.0
0.0
0.0
0.0
0.0
0.0
0.0
0.0
0.0
0.0
0.0
0.0097
0.1364
0.3112
0.4526
0.5657
0.6078
0.5935
0.5592
0.496
0.3912
0.248
0.0939
0.0025
0.0
0.0
0.0
0.0
0.0
0.0
0.0
0.0
0.0
0.0
0.0
0.0103
0.1341
0.3201
0.5016
0.6308
0.717
0.7339
0.7114
0.6069
0.4345
0.2325
0.0748
0.003
0.0
0.0
0.0
0.0
0.0
0.0
0.0
0.0
0.0
0.0
0.0
0.002
0.0431
0.1262
0.2503
0.3477
0.3866
0.3342
0.2605
0.2012
0.1757
0.1438
0.0655
0.002
0.0
0.0
0.0
0.0
0.0
0.0
0.0
0.0
0.0
0.0
0.0
0.0104
0.1262
0.3252
0.5289
0.6674
0.7443
0.7653
0.7369
0.6611
0.537
0.3661
0.1648
0.0134
0.0
0.0
0.0
0.0
0.0
0.0
0.0
0.0
0.0
0.0
0.0
0.0188
0.1289
0.2471
0.3556
0.4522
0.5094
0.5041
0.4611
0.3724
0.2607
0.1398
0.0443
0.0025
0.0
0.0
0.0
0.0
0.0
0.0
0.0
0.0
0.0
0.0
0.0
0.0055
0.0731
0.2341
0.3784
0.3711
0.3313
0.369
0.433
0.405
0.3412
0.2498
0.1083
0.0077
0.0
0.0
0.0
0.0
0.0
0.0
0.0
0.0
0.0
0.0
0.0
0.0237
0.1758
0.3402
0.4881
0.5798
0.6384
0.647
0.5885
0.497
0.3594
0.1689
0.0467
0.002
0.0
0.0
0.0
0.0
0.0
0.0
0.0
0.0
0.0
0.0
0.0
0.0064
0.0832
0.2187
0.3673
0.4987
0.6117
0.6497
0.6315
0.5582
0.4385
0.2923
0.1262
0.0102
0.0
0.0
0.0
0.0
0.0
0.0
0.0
0.0
0.0
0.0
0.0
0.0217
0.1582
0.3225
0.4733
0.5599
0.6129
0.6336
0.5609
0.455
0.3339
0.2066
0.0967
0.0101
0.0
0.0
0.0
0.0
0.0
0.0
0.0
0.0
0.0
0.0
0.0
0.015
0.1037
0.1924
0.2358
0.2614
0.3573
0.4339
0.4471
0.3702
0.2691
0.1699
0.0688
0.0058
0.0
0.0
0.0
0.0
0.0
0.0
0.0
0.0
0.0
0.0
0.0
0.0161
0.1183
0.2647
0.4027
0.5007
0.5418
0.5702
0.5841
0.5149
0.389
0.2435
0.0983
0.0094
0.0
0.0
0.0
0.0
0.0
0.0
0.0
0.0
0.0
0.0
0.0
0.0092
0.0891
0.2235
0.3679
0.4679
0.5144
0.502
0.4708
0.3963
0.28
0.152
0.0572
0.0053
0.0
0.0
0.0
0.0
0.0
0.0
0.0
0.0
0.0
0.0
0.0
0.0187
0.1359
0.2895
0.4207
0.5265
0.5983
0.62
0.5778
0.4811
0.3679
0.2377
0.0993
0.0105
0.0
0.0
0.0
0.0
0.0
0.0
0.0
0.0
0.0
0.0
0.0
0.0077
0.0587
0.1354
0.2373
0.3448
0.4139
0.4421
0.4434
0.3878
0.2928
0.1648
0.0584
0.0042
0.0
0.0
0.0
0.0
0.0
0.0
0.0
0.0
0.0
0.0
0.0
0.0082
0.0713
0.1908
0.3471
0.4535
0.5608
0.583
0.5946
0.5552
0.4545
0.3245
0.1675
0.029
0.0
0.0
0.0
0.0
0.0
0.0
0.0
0.0
0.0
0.0
0.0
0.0205
0.1023
0.2193
0.3721
0.4783
0.5527
0.5858
0.5563
0.4864
0.3806
0.2551
0.1158
0.0176
0.0
0.0
0.0
0.0
0.0
0.0
0.0
0.0
0.0
0.0
0.0
0.0163
0.0921
0.1918
0.295
0.3768
0.4331
0.4473
0.4102
0.3429
0.247
0.1452
0.0606
0.0082
0.0
0.0
0.0
0.0
0.0
0.0
0.0
0.0
0.0
0.0
0.0
0.0167
0.0936
0.2146
0.3411
0.4768
0.5441
0.5695
0.5583
0.5046
0.4126
0.2801
0.1319
0.0215
0.0
0.0
0.0
0.0
0.0
0.0
0.0
0.0
0.0
0.0
0.0
0.0472
0.2215
0.4117
0.5685
0.6817
0.7465
0.7639
0.7372
0.6655
0.5493
0.3896
0.2008
0.0403
0.0
0.0
0.0
0.0
0.0
0.0
0.0
0.0
0.0
0.0
0.0
0.0499
0.1946
0.3697
0.526
0.6213
0.6611
0.6521
0.584
0.4966
0.3858
0.2795
0.1401
0.0263
0.0
0.0
0.0
0.0
0.0
0.0
0.0
0.0
0.0
0.0
0.0
0.046
0.1896
0.3583
0.5097
0.6108
0.6854
0.7091
0.6827
0.6
0.4553
0.2882
0.1429
0.0266
0.0
0.0
0.0
0.0
0.0
0.0
0.0
0.0
0.0
0.0
0.0
0.0458
0.1894
0.3499
0.4719
0.5417
0.546
0.4948
0.3867
0.2765
0.193
0.1318
0.0651
0.0137
0.0
0.0
0.0
0.0
0.0
0.0
0.0
0.0
0.0
0.0
0.0
0.0236
0.1148
0.2436
0.3729
0.49
0.5899
0.629
0.6075
0.5543
0.4695
0.3374
0.1626
0.0301
0.0
0.0
0.0
0.0
0.0
0.0
0.0
0.0
0.0
0.0
0.0
0.0214
0.1217
0.2961
0.4491
0.5155
0.4673
0.4042
0.336
0.2828
0.2329
0.1731
0.0967
0.0228
0.0
0.0
0.0
0.0
0.0
0.0
0.0
0.0
0.0
0.0
0.0
0.0524
0.134
0.2045
0.2468
0.3444
0.4588
0.5344
0.5576
0.5228
0.4157
0.2754
0.1192
0.0187
0.0
0.0
0.0
0.0
0.0
0.0
0.0
0.0
0.0
0.0
0.0
0.0267
0.0961
0.1837
0.2623
0.3102
0.318
0.3006
0.2821
0.244
0.1882
0.1302
0.0673
0.0151
0.0
0.0
0.0
0.0
0.0
0.0
0.0
0.0
0.0
0.0
0.0
0.0449
0.156
0.2826
0.3839
0.4371
0.4257
0.4199
0.3737
0.3134
0.226
0.1309
0.0536
0.0105
0.0
0.0
0.0
0.0
0.0
0.0
0.0
0.0
0.0
0.0
0.0002
0.055
0.2054
0.4248
0.5982
0.7202
0.7824
0.7984
0.7699
0.6975
0.5808
0.4217
0.2313
0.0619
0.0001
0.0
0.0
0.0
0.0
0.0
0.0
0.0
0.0
0.0
0.001
0.089
0.2741
0.4524
0.6005
0.7054
0.765
0.7799
0.7513
0.682
0.568
0.4113
0.2205
0.0566
0.0002
0.0
0.0
0.0
0.0
0.0
0.0
0.0
0.0
0.0
0.0006
0.0676
0.2185
0.3868
0.5322
0.6327
0.6862
0.6839
0.6499
0.5859
0.4917
0.34
0.1691
0.0423
0.0001
0.0
0.0
0.0
0.0
0.0
0.0
0.0
0.0
0.0
0.0003
0.0326
0.0984
0.1924
0.2945
0.3846
0.4974
0.5646
0.5368
0.4482
0.3209
0.2069
0.0969
0.0209
0.0
0.0
0.0
0.0
0.0
0.0
0.0
0.0
0.0
0.0
0.0001
0.0226
0.0692
0.1341
0.185
0.2234
0.2539
0.2646
0.239
0.2012
0.1481
0.0942
0.048
0.0126
0.0
0.0
0.0
0.0
0.0
0.0
0.0
0.0
0.0
0.0
0.0004
0.0506
0.1925
0.3513
0.5108
0.6103
0.6729
0.6676
0.594
0.4911
0.3668
0.2394
0.1205
0.0349
0.0
0.0
0.0
0.0
0.0
0.0
0.0
0.0
0.0
0.0
0.0005
0.0517
0.1857
0.3412
0.4665
0.5423
0.6232
0.6475
0.6016
0.493
0.3437
0.2039
0.096
0.0271
0.0001
0.0
0.0
0.0
0.0
0.0
0.0
0.0
0.0
0.0
0.0015
0.0707
0.1959
0.3253
0.4263
0.5125
0.5622
0.558
0.5117
0.4379
0.3728
0.2576
0.1433
0.0435
0.0001
0.0
0.0
0.0
0.0
0.0
0.0
0.0
0.0
0.0
0.0008
0.0615
0.2086
0.372
0.4832
0.5818
0.6329
0.6376
0.5938
0.5297
0.4443
0.3267
0.1941
0.0672
0.0013
0.0
0.0
0.0
0.0
0.0
0.0
0.0
0.0
0.0
0.004
0.0953
0.2562
0.4272
0.5552
0.6395
0.7096
0.738
0.7263
0.6616
0.5557
0.4113
0.233
0.0741
0.002
0.0
0.0
0.0
0.0
0.0
0.0
0.0
0.0
0.0
0.0039
0.0928
0.2599
0.4283
0.5684
0.6701
0.718
0.7179
0.6889
0.6158
0.5101
0.3811
0.2321
0.0812
0.0027
0.0
0.0
0.0
0.0
0.0
0.0
0.0
0.0
0.0
0.0044
0.0935
0.259
0.4264
0.5478
0.5856
0.5564
0.4836
0.4003
0.2815
0.1655
0.0954
0.047
0.0127
0.0
0.0
0.0
0.0
0.0
0.0
0.0
0.0
0.0
0.0
0.0001
0.0203
0.0634
0.1244
0.2041
0.2763
0.3145
0.3175
0.2887
0.2447
0.1857
0.1123
0.0494
0.0141
0.0
0.0
0.0
0.0
0.0
0.0
0.0
0.0
0.0
0.0
0.0006
0.0331
0.1028
0.2162
0.3385
0.4567
0.5588
0.6331
0.6661
0.6149
0.5203
0.3857
0.2235
0.0697
0.0028
0.0
0.0
0.0
0.0
0.0
0.0
0.0
0.0
0.0
0.0053
0.0903
0.2388
0.4152
0.5562
0.6175
0.5981
0.5405
0.4409
0.3609
0.2865
0.2467
0.1693
0.0691
0.0029
0.0
0.0
0.0
0.0
0.0
0.0
0.0
0.0
0.0
0.0071
0.107
0.2971
0.4739
0.6143
0.7131
0.7741
0.7894
0.7623
0.6982
0.5904
0.4396
0.256
0.085
0.0055
0.0
0.0
0.0
0.0
0.0
0.0
0.0
0.0
0.0
0.0085
0.1177
0.2938
0.467
0.605
0.7028
0.7578
0.773
0.7412
0.6757
0.5679
0.4242
0.2521
0.0873
0.006
0.0
0.0
0.0
0.0
0.0
0.0
0.0
0.0
0.0
0.009
0.1141
0.2879
0.4609
0.6012
0.7002
0.7556
0.7693
0.7402
0.6722
0.5633
0.417
0.2458
0.086
0.006
0.0
0.0
0.0
0.0
0.0
0.0
0.0
0.0
0.0
0.0087
0.1051
0.2618
0.4308
0.5677
0.6605
0.7074
0.7176
0.6734
0.6016
0.4901
0.3592
0.2085
0.0758
0.0043
0.0
0.0
0.0
0.0
0.0
0.0
0.0
0.0
0.0
0.0105
0.1152
0.2712
0.4322
0.5662
0.6524
0.6964
0.6978
0.6636
0.5896
0.4856
0.3485
0.2054
0.0751
0.0043
0.0
0.0
0.0
0.0
0.0
0.0
0.0
0.0
0.0
0.0031
0.0386
0.107
0.2095
0.3393
0.4764
0.5838
0.6206
0.6028
0.5425
0.4395
0.2957
0.1525
0.0496
0.0021
0.0
0.0
0.0
0.0
0.0
0.0
0.0
0.0
0.0
0.0008
0.0229
0.0712
0.1608
0.27
0.4162
0.5678
0.6296
0.6488
0.5896
0.4694
0.3222
0.1728
0.0591
0.0042
0.0
0.0
0.0
0.0
0.0
0.0
0.0
0.0
0.0
0.0019
0.0293
0.0769
0.1456
0.2726
0.394
0.4354
0.3916
0.3561
0.3374
0.3109
0.2333
0.1391
0.0514
0.0033
0.0
0.0
0.0
0.0
0.0
0.0
0.0
0.0
0.0
0.0014
0.0255
0.0721
0.1391
0.1873
0.2125
0.2367
0.2561
0.2517
0.2234
0.1716
0.1158
0.0609
0.0204
0.0003
0.0
0.0
0.0
0.0
0.0
0.0
0.0
0.0
0.0
0.0018
0.031
0.0888
0.167
0.2198
0.2808
0.3139
0.3308
0.3026
0.2767
0.2143
0.1583
0.1004
0.0418
0.004
0.0
0.0
0.0
0.0
0.0
0.0
0.0
0.0
0.0
0.0049
0.0505
0.1244
0.2327
0.3303
0.3741
0.3943
0.4094
0.3865
0.3326
0.273
0.1959
0.1134
0.0469
0.0038
0.0
0.0
0.0
0.0
0.0
0.0
0.0
0.0
0.0
0.0109
0.1002
0.248
0.4268
0.5574
0.6637
0.7318
0.7585
0.7434
0.6882
0.5809
0.4306
0.2605
0.1032
0.0112
0.0
0.0
0.0
0.0
0.0
0.0
0.0
0.0
0.0
0.0122
0.0957
0.2377
0.4002
0.5378
0.6185
0.6437
0.6111
0.5426
0.4458
0.3379
0.24
0.1547
0.0711
0.0061
0.0
0.0
0.0
0.0
0.0
0.0
0.0
0.0
0.0
0.0098
0.0838
0.2218
0.4002
0.53
0.635
0.6909
0.7161
0.6995
0.6478
0.5529
0.4173
0.258
0.0968
0.01
0.0
0.0
0.0
0.0
0.0
0.0
0.0
0.0
0.0
0.0193
0.1275
0.2829
0.4477
0.5648
0.6257
0.6243
0.5895
0.5274
0.4417
0.3458
0.2324
0.1273
0.0446
0.0029
0.0
0.0
0.0
0.0
0.0
0.0
0.0
0.0
0.0
0.0058
0.0491
0.1154
0.1862
0.2488
0.311
0.3622
0.3452
0.3342
0.3015
0.279
0.2163
0.1452
0.0658
0.0111
0.0
0.0
0.0
0.0
0.0
0.0
0.0
0.0
0.0
0.0143
0.1124
0.2768
0.4399
0.5698
0.6863
0.742
0.7645
0.7406
0.6675
0.5589
0.4155
0.2488
0.0999
0.0122
0.0
0.0
0.0
0.0
0.0
0.0
0.0
0.0
0.0
0.02
0.1121
0.2536
0.4319
0.5728
0.6712
0.7306
0.7466
0.7192
0.6534
0.553
0.4172
0.2604
0.1081
0.0159
0.0
0.0
0.0
0.0
0.0
0.0
0.0
0.0
0.0
0.0235
0.1405
0.2999
0.4499
0.5452
0.599
0.6041
0.592
0.5802
0.5302
0.4467
0.2898
0.1491
0.0509
0.0031
0.0
0.0
0.0
0.0
0.0
0.0
0.0
0.0
0.0
0.0092
0.0475
0.1032
0.1675
0.2163
0.2517
0.2864
0.3062
0.3025
0.2863
0.2469
0.1628
0.0818
0.0302
0.0033
0.0
0.0
0.0
0.0
0.0
0.0
0.0
0.0
0.0
0.0127
0.0776
0.18
0.3164
0.4542
0.5559
0.6412
0.6818
0.6762
0.6265
0.5356
0.4007
0.2373
0.0915
0.0131
0.0
0.0
0.0
0.0
0.0
0.0
0.0
0.0
0.0
0.0225
0.1248
0.2689
0.4169
0.5325
0.6126
0.6231
0.5821
0.5222
0.4506
0.3715
0.2875
0.2014
0.1005
0.0177
0.0
0.0
0.0
0.0
0.0
0.0
0.0
0.0
0.0
0.0215
0.1085
0.2467
0.3747
0.4658
0.5352
0.5539
0.5675
0.6049
0.5925
0.4913
0.3294
0.1761
0.0729
0.0118
0.0
0.0
0.0
0.0
0.0
0.0
0.0
0.0
0.0
0.0217
0.1094
0.2415
0.381
0.4926
0.5867
0.6253
0.6273
0.6119
0.5686
0.4866
0.356
0.207
0.0797
0.012
0.0
0.0
0.0
0.0
0.0
0.0
0.0
0.0
0.0
0.0149
0.0682
0.1507
0.2513
0.3673
0.49
0.55
0.5665
0.5494
0.5103
0.4282
0.3181
0.1805
0.0715
0.0102
0.0
0.0
0.0
0.0
0.0
0.0
0.0
0.0
0.0
0.0098
0.037
0.088
0.1754
0.2844
0.3348
0.3164
0.2873
0.2502
0.2094
0.1684
0.1216
0.0733
0.0278
0.0029
0.0
0.0
0.0
0.0
0.0
0.0
0.0
0.0
0.0
0.0094
0.0473
0.1071
0.1872
0.2948
0.3944
0.4544
0.4377
0.3967
0.345
0.2842
0.2013
0.1326
0.0718
0.0143
0.0
0.0
0.0
0.0
0.0
0.0
0.0
0.0
0.0
0.0222
0.093
0.1932
0.3024
0.3847
0.4408
0.4616
0.4608
0.4361
0.3764
0.2973
0.2163
0.1243
0.0598
0.0117
0.0
0.0
0.0
0.0
0.0
0.0
0.0
0.0
0.0
0.0153
0.0757
0.1751
0.3176
0.4447
0.5466
0.6065
0.6276
0.6043
0.5304
0.4305
0.3003
0.1767
0.0687
0.011
0.0
0.0
0.0
0.0
0.0
0.0
0.0
0.0
0.0
0.0055
0.0316
0.0769
0.1363
0.2324
0.3113
0.4211
0.5026
0.509
0.4455
0.3393
0.2358
0.1289
0.0493
0.0091
0.0
0.0
0.0
0.0
0.0
0.0
0.0
0.0
0.0
0.0104
0.0509
0.1128
0.1972
0.2848
0.3685
0.4172
0.4271
0.4026
0.3817
0.3087
0.2342
0.147
0.0721
0.0161
0.0
0.0
0.0
0.0
0.0
0.0
0.0
0.0
0.0
0.0123
0.0545
0.1297
0.2458
0.3351
0.3982
0.4329
0.4279
0.3817
0.3255
0.2624
0.183
0.1096
0.0578
0.0144
0.0
0.0
0.0
0.0
0.0
0.0
0.0
0.0
0.0
0.0194
0.0827
0.1849
0.2825
0.3438
0.3866
0.4113
0.3975
0.3711
0.3274
0.2698
0.2054
0.1258
0.0672
0.0174
0.0
0.0
0.0
0.0
0.0
0.0
0.0
0.0
0.0
0.0251
0.111
0.2607
0.4191
0.5429
0.5946
0.6353
0.6353
0.5936
0.5167
0.425
0.311
0.1912
0.09
0.0185
0.0
0.0
0.0
0.0
0.0
0.0
0.0
0.0
0.0
0.0201
0.0817
0.1651
0.2369
0.3213
0.3957
0.4297
0.4472
0.4301
0.3814
0.31
0.2244
0.1374
0.0575
0.0106
0.0
0.0
0.0
0.0
0.0
0.0
0.0
0.0
0.0
0.0147
0.0631
0.1332
0.1965
0.2654
0.3193
0.3584
0.3585
0.3408
0.2909
0.2335
0.1614
0.0925
0.0382
0.0061
0.0
0.0
0.0
0.0
0.0
0.0
0.0
0.0
0.0
0.0129
0.0602
0.1255
0.1813
0.2532
0.3314
0.3893
0.4241
0.4422
0.4669
0.4678
0.3942
0.2724
0.1312
0.0261
0.0
0.0
0.0
0.0
0.0
0.0
0.0
0.0
0.0
0.031
0.1597
0.3231
0.4761
0.6021
0.6899
0.7363
0.7445
0.712
0.6421
0.5333
0.3835
0.218
0.0829
0.0139
0.0
0.0
0.0
0.0
0.0
0.0
0.0
0.0
0.0
0.0154
0.0691
0.143
0.237
0.3191
0.3989
0.4943
0.5285
0.5145
0.4879
0.4338
0.3415
0.2288
0.1072
0.025
0.0
0.0
0.0
0.0
0.0
0.0
0.0
0.0
0.0
0.0258
0.0938
0.191
0.2724
0.3283
0.3616
0.3578
0.3426
0.3084
0.2626
0.2192
0.1588
0.1102
0.062
0.0166
0.0
0.0
0.0
0.0
0.0
0.0
0.0
0.0
0.0
0.0179
0.0773
0.1803
0.3171
0.4083
0.4617
0.4871
0.4607
0.4246
0.3483
0.2719
0.187
0.1021
0.048
0.0127
0.0
0.0
0.0
0.0
0.0
0.0
0.0
0.0
0.0
0.0235
0.0743
0.132
0.1931
0.2431
0.3066
0.3693
0.4307
0.4712
0.4157
0.297
0.1893
0.1009
0.0492
0.0137
0.0
0.0
0.0
0.0
0.0
0.0
0.0
0.0
0.0
0.0297
0.0937
0.1569
0.2764
0.4311
0.5845
0.6211
0.6266
0.5991
0.5299
0.4365
0.3192
0.1761
0.0702
0.0126
0.0
0.0
0.0
0.0
0.0
0.0
0.0
0.0
0.0
0.0259
0.0917
0.1926
0.2986
0.3804
0.4006
0.3662
0.3301
0.3088
0.2489
0.21
0.1377
0.075
0.0388
0.0104
0.0
0.0
0.0
0.0
0.0
0.0
0.0
0.0
0.0
0.0151
0.0804
0.2059
0.3591
0.4884
0.5538
0.5753
0.5914
0.5665
0.4966
0.4082
0.307
0.1989
0.1007
0.0245
0.0
0.0
0.0
0.0
0.0
0.0
0.0
0.0
0.0
0.0325
0.1262
0.2609
0.3856
0.4656
0.4863
0.4883
0.4668
0.4118
0.3206
0.228
0.1589
0.1013
0.0475
0.0119
0.0
0.0
0.0
0.0
0.0
0.0
0.0
0.0
0.0
0.0182
0.0724
0.155
0.2496
0.3107
0.3546
0.3885
0.4327
0.4359
0.4287
0.3937
0.3237
0.2137
0.0986
0.025
0.0
0.0
0.0
0.0
0.0
0.0
0.0
0.0
0.0
0.0288
0.1233
0.3017
0.4714
0.5991
0.6886
0.7386
0.7556
0.7306
0.6603
0.5306
0.3601
0.1798
0.0597
0.0093
0.0
0.0
0.0
0.0
0.0
0.0
0.0
0.0
0.0
0.0108
0.0553
0.1462
0.2308
0.2847
0.3277
0.3915
0.4678
0.5051
0.5011
0.4628
0.368
0.2416
0.1204
0.0286
0.0
0.0
0.0
0.0
0.0
0.0
0.0
0.0
0.0
0.0285
0.144
0.3029
0.4564
0.5779
0.6653
0.7148
0.722
0.6937
0.63
0.5302
0.4031
0.2559
0.1173
0.0244
0.0
0.0
0.0
0.0
0.0
0.0
0.0
0.0
0.0
0.0314
0.1479
0.3036
0.4478
0.566
0.6468
0.6925
0.7052
0.6848
0.6309
0.5398
0.4183
0.2708
0.1234
0.0259
0.0
0.0
0.0
0.0
0.0
0.0
0.0
0.0
0.0
0.0315
0.1303
0.2679
0.3855
0.4996
0.5871
0.6483
0.6504
0.6168
0.5347
0.4488
0.3409
0.2203
0.1037
0.0226
0.0
0.0
0.0
0.0
0.0
0.0
0.0
0.0
0.0
0.025
0.0983
0.1937
0.271
0.3842
0.457
0.4765
0.4469
0.4163
0.3409
0.2792
0.2025
0.1401
0.0759
0.0186
0.0
0.0
0.0
0.0
0.0
0.0
0.0
0.0
0.0
0.0235
0.0932
0.1905
0.2935
0.4084
0.4893
0.5439
0.5568
0.5361
0.4648
0.3836
0.2814
0.1828
0.0886
0.0227
0.0
0.0
0.0
0.0
0.0
0.0
0.0
0.0
0.0
0.0272
0.1287
0.2887
0.4507
0.5919
0.6874
0.7396
0.7577
0.7372
0.6794
0.5794
0.4358
0.2654
0.1197
0.0252
0.0
0.0
0.0
0.0
0.0
0.0
0.0
0.0
0.0
0.0278
0.1415
0.2777
0.4247
0.5506
0.6242
0.6678
0.6737
0.6205
0.582
0.5396
0.4239
0.2652
0.1234
0.0284
0.0
0.0
0.0
0.0
0.0
0.0
0.0
0.0
0.0
0.0295
0.1248
0.2628
0.4112
0.5332
0.6285
0.6845
0.7032
0.6852
0.6335
0.5311
0.4051
0.2534
0.118
0.0272
0.0
0.0
0.0
0.0
0.0
0.0
0.0
0.0
0.0
0.0145
0.074
0.1696
0.2363
0.2952
0.3363
0.3711
0.4073
0.3855
0.3431
0.3034
0.2383
0.1603
0.0874
0.0244
0.0
0.0
0.0
0.0
0.0
0.0
0.0
0.0
0.0
0.0287
0.1422
0.3008
0.4503
0.5694
0.6512
0.6987
0.7145
0.6909
0.6265
0.5222
0.4058
0.2608
0.1219
0.0272
0.0
0.0
0.0
0.0
0.0
0.0
0.0
0.0
0.0
0.0272
0.0986
0.1762
0.2425
0.2985
0.3471
0.4093
0.4479
0.3984
0.3396
0.2707
0.2015
0.1124
0.0511
0.014
0.0
0.0
0.0
0.0
0.0
0.0
0.0
0.0
0.0
0.0206
0.1045
0.2502
0.4111
0.5646
0.6727
0.721
0.7446
0.7168
0.6562
0.5527
0.4251
0.2729
0.1254
0.026
0.0
0.0
0.0
0.0
0.0
0.0
0.0
0.0
0.0
0.0255
0.1384
0.3
0.4513
0.5806
0.6679
0.7173
0.7297
0.7048
0.6491
0.5504
0.4121
0.2627
0.1212
0.0254
0.0
0.0
0.0
0.0
0.0
0.0
0.0
0.0
0.0
0.0267
0.1268
0.2568
0.376
0.4398
0.4639
0.4919
0.4857
0.4609
0.4105
0.3675
0.2862
0.1946
0.1071
0.0243
0.0
0.0
0.0
0.0
0.0
0.0
0.0
0.0
0.0
0.0235
0.1044
0.2395
0.3861
0.5185
0.6099
0.6723
0.7014
0.6921
0.635
0.5237
0.4063
0.276
0.1288
0.0271
0.0
0.0
0.0
0.0
0.0
0.0
0.0
0.0
0.0
0.0266
0.1448
0.3091
0.4635
0.5926
0.6832
0.7348
0.7481
0.7219
0.6638
0.5675
0.4331
0.266
0.111
0.0225
0.0
0.0
0.0
0.0
0.0
0.0
0.0
0.0
0.0
0.0236
0.1144
0.2438
0.3985
0.5451
0.6453
0.6899
0.6771
0.6374
0.575
0.4964
0.3797
0.25
0.1182
0.0245
0.0
0.0
0.0
0.0
0.0
0.0
0.0
0.0
0.0
0.0219
0.1138
0.2618
0.418
0.5563
0.6473
0.6957
0.7118
0.6913
0.6364
0.5434
0.4194
0.2678
0.1227
0.0238
0.0
0.0
0.0
0.0
0.0
0.0
0.0
0.0
0.0
0.0237
0.1283
0.272
0.4252
0.5451
0.6234
0.6586
0.6515
0.6271
0.5658
0.473
0.3553
0.1972
0.0786
0.0142
0.0
0.0
0.0
0.0
0.0
0.0
0.0
0.0
0.0
0.0213
0.1037
0.2268
0.3514
0.442
0.4768
0.405
0.322
0.2698
0.2342
0.2
0.1509
0.0833
0.0379
0.007
0.0
0.0
0.0
0.0
0.0
0.0
0.0
0.0
0.0
0.0156
0.0491
0.0955
0.1762
0.2857
0.3913
0.4162
0.4073
0.3246
0.2438
0.1934
0.1464
0.0913
0.0515
0.0108
0.0
0.0
0.0
0.0
0.0
0.0
0.0
0.0
0.0
0.026
0.112
0.2343
0.3416
0.3991
0.4466
0.4771
0.4602
0.4403
0.3944
0.3194
0.2428
0.1333
0.0548
0.0115
0.0
0.0
0.0
0.0
0.0
0.0
0.0
0.0
0.0
0.0156
0.0867
0.1904
0.2881
0.3672
0.4522
0.533
0.5431
0.4959
0.4256
0.3343
0.2504
0.1541
0.0733
0.0157
0.0
0.0
0.0
0.0
0.0
0.0
0.0
0.0
0.0
0.0142
0.0905
0.2294
0.3818
0.5206
0.627
0.6791
0.6894
0.6708
0.6085
0.5271
0.4023
0.2383
0.091
0.0164
0.0
0.0
0.0
0.0
0.0
0.0
0.0
0.0
0.0
0.0203
0.1385
0.3096
0.4709
0.6039
0.6962
0.7536
0.7677
0.7431
0.6804
0.5794
0.4415
0.2752
0.1206
0.019
0.0
0.0
0.0
0.0
0.0
0.0
0.0
0.0
0.0
0.0195
0.1313
0.2979
0.4528
0.5826
0.6744
0.727
0.742
0.7198
0.6605
0.5639
0.4322
0.2738
0.1176
0.0182
0.0
0.0
0.0
0.0
0.0
0.0
0.0
0.0
0.0
0.0201
0.1334
0.2925
0.4426
0.5693
0.6586
0.7081
0.7168
0.6902
0.6284
0.5308
0.3897
0.2217
0.1044
0.0197
0.0
0.0
0.0
0.0
0.0
0.0
0.0
0.0
0.0
0.0195
0.1299
0.2907
0.4426
0.5691
0.6589
0.7112
0.7261
0.7055
0.6478
0.5538
0.4247
0.2689
0.1146
0.0175
0.0
0.0
0.0
0.0
0.0
0.0
0.0
0.0
0.0
0.0188
0.1305
0.2929
0.4451
0.5712
0.6612
0.7125
0.7267
0.7038
0.645
0.5493
0.4173
0.2579
0.1047
0.0132
0.0
0.0
0.0
0.0
0.0
0.0
0.0
0.0
0.0
0.0079
0.0609
0.1551
0.2524
0.332
0.4369
0.52
0.5425
0.5325
0.4757
0.3873
0.2876
0.1877
0.0781
0.01
0.0
0.0
0.0
0.0
0.0
0.0
0.0
0.0
0.0
0.0086
0.054
0.1135
0.1669
0.2091
0.2688
0.3014
0.2915
0.2531
0.2136
0.1879
0.1481
0.0988
0.0462
0.006
0.0
0.0
0.0
0.0
0.0
0.0
0.0
0.0
0.0
0.0111
0.069
0.1377
0.2149
0.2768
0.3447
0.389
0.364
0.3189
0.2755
0.2301
0.1756
0.1013
0.0392
0.0046
0.0
0.0
0.0
0.0
0.0
0.0
0.0
0.0
0.0
0.0117
0.0774
0.1895
0.3335
0.4451
0.527
0.5602
0.5619
0.5342
0.4473
0.3703
0.2788
0.1614
0.0722
0.0098
0.0
0.0
0.0
0.0
0.0
0.0
0.0
0.0
0.0
0.0098
0.0757
0.1875
0.3349
0.449
0.5233
0.5811
0.5822
0.5431
0.4606
0.3798
0.2803
0.18
0.0807
0.011
0.0
0.0
0.0
0.0
0.0
0.0
0.0
0.0
0.0
0.0054
0.0513
0.1455
0.252
0.3688
0.4549
0.5326
0.5329
0.5203
0.4672
0.3935
0.2912
0.1739
0.0735
0.0088
0.0
0.0
0.0
0.0
0.0
0.0
0.0
0.0
0.0
0.0108
0.0782
0.1718
0.2596
0.3483
0.442
0.51
0.5233
0.497
0.4161
0.3344
0.2286
0.1328
0.0603
0.0093
0.0
0.0
0.0
0.0
0.0
0.0
0.0
0.0
0.0
0.014
0.0968
0.2112
0.3426
0.486
0.5961
0.6539
0.6707
0.6427
0.5723
0.4713
0.3388
0.2081
0.0906
0.0096
0.0
0.0
0.0
0.0
0.0
0.0
0.0
0.0
0.0
0.0099
0.0942
0.249
0.4259
0.5562
0.6503
0.7042
0.7188
0.6919
0.6349
0.5379
0.4073
0.247
0.0998
0.0099
0.0
0.0
0.0
0.0
0.0
0.0
0.0
0.0
0.0
0.0115
0.1067
0.2604
0.4262
0.5571
0.6495
0.7006
0.7106
0.679
0.5802
0.4387
0.2783
0.1423
0.0551
0.0055
0.0
0.0
0.0
0.0
0.0
0.0
0.0
0.0
0.0
0.0073
0.0694
0.1597
0.2482
0.3463
0.4015
0.3982
0.3797
0.3393
0.2522
0.1875
0.1414
0.1047
0.0556
0.0065
0.0
0.0
0.0
0.0
0.0
0.0
0.0
0.0
0.0
0.0077
0.0683
0.1857
0.3569
0.5068
0.6067
0.652
0.6765
0.6642
0.6115
0.5051
0.3768
0.217
0.0729
0.0049
0.0
0.0
0.0
0.0
0.0
0.0
0.0
0.0
0.0
0.0052
0.0809
0.2096
0.3383
0.46
0.5405
0.592
0.6031
0.5815
0.4987
0.365
0.2283
0.1238
0.0475
0.0026
0.0
0.0
0.0
0.0
0.0
0.0
0.0
0.0
0.0
0.0092
0.099
0.2484
0.4029
0.5233
0.6121
0.6647
0.6808
0.6538
0.5887
0.5039
0.3775
0.2347
0.0958
0.0083
0.0
0.0
0.0
0.0
0.0
0.0
0.0
0.0
0.0
0.0074
0.0977
0.2531
0.4204
0.5493
0.6403
0.6922
0.7055
0.6625
0.584
0.452
0.2976
0.1375
0.0316
0.0002
0.0
0.0
0.0
0.0
0.0
0.0
0.0
0.0
0.0
0.0007
0.0292
0.094
0.1852
0.2851
0.4024
0.3704
0.3481
0.341
0.3314
0.298
0.2498
0.169
0.0702
0.0045
0.0
0.0
0.0
0.0
0.0
0.0
0.0
0.0
0.0
0.0045
0.0724
0.2129
0.3843
0.5298
0.6087
0.6699
0.6967
0.6557
0.6043
0.5126
0.3751
0.2208
0.0788
0.0042
0.0
0.0
0.0
0.0
0.0
0.0
0.0
0.0
0.0
0.0067
0.0972
0.2641
0.4352
0.5724
0.6696
0.7248
0.7401
0.7164
0.6539
0.5524
0.4138
0.2476
0.0891
0.0061
0.0
0.0
0.0
0.0
0.0
0.0
0.0
0.0
0.0
0.007
0.1064
0.2722
0.4282
0.5604
0.6543
0.708
0.7221
0.7012
0.6337
0.5232
0.3792
0.1966
0.0569
0.0015
0.0
0.0
0.0
0.0
0.0
0.0
0.0
0.0
0.0
0.0008
0.0284
0.0933
0.1903
0.276
0.3078
0.3105
0.2758
0.238
0.222
0.1994
0.1264
0.0662
0.0208
0.0007
0.0
0.0
0.0
0.0
0.0
0.0
0.0
0.0
0.0
0.004
0.0698
0.2178
0.3764
0.5101
0.5984
0.6189
0.6355
0.6164
0.5732
0.4915
0.3587
0.2076
0.0642
0.0014
0.0
0.0
0.0
0.0
0.0
0.0
0.0
0.0
0.0
0.0024
0.0653
0.2194
0.4078
0.5586
0.6596
0.7179
0.7275
0.69
0.5771
0.413
0.2938
0.1931
0.0702
0.0022
0.0
0.0
0.0
0.0
0.0
0.0
0.0
0.0
0.0
0.0024
0.0622
0.1687
0.2929
0.4108
0.512
0.6236
0.6597
0.6666
0.6089
0.5128
0.382
0.2239
0.0761
0.0026
0.0
0.0
0.0
0.0
0.0
0.0
0.0
0.0
0.0
0.0045
0.0946
0.2618
0.4251
0.5587
0.6537
0.7084
0.7233
0.699
0.6336
0.5278
0.3817
0.2202
0.074
0.0023
0.0
0.0
0.0
0.0
0.0
0.0
0.0
0.0
0.0
0.0037
0.0903
0.2506
0.4103
0.5438
0.6376
0.6849
0.687
0.6499
0.5755
0.4716
0.3502
0.2025
0.0719
0.0016
0.0
0.0
0.0
0.0
0.0
0.0
0.0
0.0
0.0
0.0017
0.061
0.1758
0.2971
0.3874
0.4461
0.4575
0.445
0.4003
0.3301
0.2685
0.2011
0.1117
0.0429
0.0006
0.0
0.0
0.0
0.0
0.0
0.0
0.0
0.0
0.0
0.0016
0.0612
0.1679
0.2844
0.3693
0.4432
0.4767
0.4758
0.4422
0.3801
0.3107
0.2293
0.1363
0.0465
0.0003
0.0
0.0
0.0
0.0
0.0
0.0
0.0
0.0
0.0
0.0009
0.0517
0.1603
0.2939
0.4043
0.4963
0.5343
0.5097
0.4332
0.3664
0.2963
0.226
0.1426
0.0505
0.0004
0.0
0.0
0.0
0.0
0.0
0.0
0.0
0.0
0.0
0.0018
0.0652
0.1549
0.2491
0.3581
0.4366
0.4728
0.4644
0.4319
0.3543
0.2882
0.1965
0.1021
0.0325
0.0001
0.0
0.0
0.0
0.0
0.0
0.0
0.0
0.0
0.0
0.0006
0.0568
0.1915
0.3589
0.4991
0.5822
0.6115
0.6271
0.6295
0.5651
0.4565
0.2784
0.1201
0.0403
0.0001
0.0
0.0
0.0
0.0
0.0
0.0
0.0
0.0
0.0
0.0007
0.061
0.1968
0.284
0.2751
0.2291
0.2187
0.2145
0.1922
0.1435
0.1058
0.0762
0.0481
0.0187
0.0
0.0
0.0
0.0
0.0
0.0
0.0
0.0
0.0
0.0
0.0005
0.0532
0.193
0.3938
0.5339
0.6405
0.6978
0.7258
0.7022
0.6437
0.5353
0.3836
0.1977
0.053
0.0002
0.0
0.0
0.0
0.0
0.0
0.0
0.0
0.0
0.0
0.0005
0.0616
0.2355
0.4184
0.5671
0.6694
0.7257
0.7392
0.7115
0.6435
0.5362
0.3899
0.2159
0.0591
0.0002
0.0
0.0
0.0
0.0
0.0
0.0
0.0
0.0
0.0
0.0006
0.0759
0.2442
0.4063
0.542
0.6394
0.6958
0.7121
0.6889
0.6259
0.5225
0.3805
0.2108
0.0574
0.0001
0.0
0.0
0.0
0.0
0.0
0.0
0.0
0.0
0.0
0.0006
0.0721
0.2263
0.4022
0.5364
0.6319
0.6878
0.7033
0.6794
0.616
0.5127
0.3712
0.2028
0.0531
0.0
0.0
0.0
0.0
0.0
0.0
0.0
0.0
0.0
0.0
0.0003
0.0659
0.218
0.3916
0.5284
0.6247
0.6798
0.6949
0.6683
0.5981
0.4926
0.3496
0.187
0.049
0.0
0.0
0.0
0.0
0.0
0.0
0.0
0.0
0.0
0.0
0.0001
0.0609
0.2092
0.3784
0.5171
0.6199
0.6769
0.6929
0.6685
0.6022
0.4935
0.35
0.1883
0.0472
0.0
0.0
0.0
0.0
0.0
0.0
0.0
0.0
0.0
0.0
0.0001
0.0614
0.2089
0.3769
0.509
0.5965
0.64
0.6331
0.5899
0.5022
0.4
0.267
0.1355
0.0306
0.0
0.0
0.0
0.0
0.0
0.0
0.0
0.0
0.0
0.0
0.0
0.0453
0.1892
0.36
0.4971
0.6036
0.664
0.6798
0.6509
0.5785
0.4768
0.3391
0.1761
0.0393
0.0
0.0
0.0
0.0
0.0
0.0
0.0
0.0
0.0
0.0
0.0
0.0349
0.1287
0.2365
0.3241
0.4061
0.4475
0.46
0.4252
0.3448
0.2359
0.1438
0.065
0.0131
0.0
0.0
0.0
0.0
0.0
0.0
0.0
0.0
0.0
0.0
0.0
0.0185
0.0707
0.1565
0.2742
0.409
0.5094
0.5265
0.5004
0.4435
0.3665
0.2747
0.1523
0.0369
0.0
0.0
0.0
0.0
0.0
0.0
0.0
0.0
0.0
0.0
0.0
0.0382
0.1598
0.3087
0.471
0.5644
0.5934
0.5862
0.5344
0.4432
0.3353
0.2204
0.1129
0.0236
0.0
0.0
0.0
0.0
0.0
0.0
0.0
0.0
0.0
0.0
0.0
0.0366
0.1583
0.3126
0.4457
0.5664
0.6322
0.639
0.6147
0.5532
0.4355
0.2895
0.1392
0.029
0.0
0.0
0.0
0.0
0.0
0.0
0.0
0.0
0.0
0.0
0.0
0.0417
0.1808
0.351
0.507
0.6195
0.6801
0.6957
0.6698
0.6028
0.4902
0.3412
0.1638
0.0288
0.0
0.0
0.0
0.0
0.0
0.0
0.0
0.0
0.0
0.0
0.0
0.0279
0.1256
0.243
0.3347
0.3855
0.4224
0.4401
0.4374
0.398
0.3229
0.2186
0.1058
0.0216
0.0
0.0
0.0
0.0
0.0
0.0
0.0
0.0
0.0
0.0
0.0
0.0371
0.141
0.2226
0.3095
0.3678
0.3752
0.3318
0.2844
0.2022
0.114
0.062
0.0263
0.0029
0.0
0.0
0.0
0.0
0.0
0.0
0.0
0.0
0.0
0.0
0.0
0.0153
0.0677
0.1248
0.2255
0.3329
0.4159
0.4511
0.4481
0.4143
0.3361
0.2267
0.0884
0.0127
0.0
0.0
0.0
0.0
0.0
0.0
0.0
0.0
0.0
0.0
0.0
0.0325
0.1677
0.3563
0.5127
0.6274
0.6937
0.7109
0.6855
0.6153
0.5079
0.3531
0.1773
0.0297
0.0
0.0
0.0
0.0
0.0
0.0
0.0
0.0
0.0
0.0
0.0
0.042
0.1945
0.3765
0.5302
0.6308
0.6878
0.7008
0.6729
0.6051
0.4925
0.3418
0.1688
0.0263
0.0
0.0
0.0
0.0
0.0
0.0
0.0
0.0
0.0
0.0
0.0
0.0325
0.1793
0.363
0.5084
0.6136
0.673
0.688
0.6624
0.5877
0.4768
0.3271
0.158
0.0239
0.0
0.0
0.0
0.0
0.0
0.0
0.0
0.0
0.0
0.0
0.0
0.0246
0.1566
0.3386
0.5092
0.6114
0.6694
0.6822
0.6549
0.5782
0.4643
0.3214
0.1521
0.0187
0.0
0.0
0.0
0.0
0.0
0.0
0.0
0.0
0.0
0.0
0.0
0.0218
0.1386
0.3027
0.4519
0.5664
0.608
0.6086
0.561
0.4685
0.3634
0.2394
0.1048
0.0135
0.0
0.0
0.0
0.0
0.0
0.0
0.0
0.0
0.0
0.0
0.0
0.0148
0.1138
0.2621
0.3901
0.5
0.5527
0.5616
0.5223
0.451
0.3429
0.2167
0.1027
0.0111
0.0
0.0
0.0
0.0
0.0
0.0
0.0
0.0
0.0
0.0
0.0
0.0139
0.1007
0.2184
0.3261
0.405
0.4419
0.4347
0.3841
0.2971
0.1959
0.1101
0.0411
0.0019
0.0
0.0
0.0
0.0
0.0
0.0
0.0
0.0
0.0
0.0
0.0
0.0164
0.1332
0.2988
0.4542
0.5636
0.6112
0.6145
0.5804
0.5081
0.3948
0.2602
0.116
0.0103
0.0
0.0
0.0
0.0
0.0
0.0
0.0
0.0
0.0
0.0
0.0
0.0206
0.151
0.3201
0.4745
0.5688
0.6139
0.6125
0.5889
0.5182
0.4101
0.2684
0.107
0.0068
0.0
0.0
0.0
0.0
0.0
0.0
0.0
0.0
0.0
0.0
0.0
0.0105
0.0757
0.1317
0.1667
0.1946
0.2362
0.2851
0.3422
0.3431
0.2677
0.161
0.0568
0.0019
0.0
0.0
0.0
0.0
0.0
0.0
0.0
0.0
0.0
0.0
0.0
0.0081
0.1036
0.2798
0.4153
0.4875
0.528
0.4488
0.3316
0.2327
0.154
0.079
0.0252
0.0007
0.0
0.0
0.0
0.0
0.0
0.0
0.0
0.0
0.0
0.0
0.0
0.0037
0.0594
0.1685
0.3451
0.4483
0.4837
0.488
0.4447
0.347
0.2439
0.1251
0.0399
0.0008
0.0
0.0
0.0
0.0
0.0
0.0
0.0
0.0
0.0
0.0
0.0
0.0002
0.0155
0.0501
0.0992
0.1636
0.2241
0.2473
0.2263
0.1765
0.121
0.0755
0.0306
0.0006
0.0
0.0
0.0
0.0
0.0
0.0
0.0
0.0
0.0
0.0
0.0
0.0027
0.0584
0.1802
0.3589
0.496
0.5435
0.5255
0.4804
0.434
0.3549
0.218
0.0774
0.0016
0.0
0.0
0.0
0.0
0.0
0.0
0.0
0.0
0.0
0.0
0.0
0.0026
0.0644
0.1928
0.3334
0.4507
0.5275
0.5475
0.4917
0.3916
0.2547
0.1504
0.0523
0.001
0.0
0.0
0.0
0.0
0.0
0.0
0.0
0.0
0.0
0.0
0.0
0.0026
0.0575
0.1778
0.3293
0.4368
0.4895
0.4911
0.4662
0.4144
0.3152
0.2022
0.0785
0.002
0.0
0.0
0.0
0.0
0.0
0.0
0.0
0.0
0.0
0.0
0.0
0.0057
0.1063
0.2811
0.451
0.5987
0.6696
0.6938
0.6646
0.591
0.4709
0.3063
0.1173
0.0028
0.0
0.0
0.0
0.0
0.0
0.0
0.0
0.0
0.0
0.0
0.0
0.0022
0.0658
0.1824
0.3453
0.4474
0.4962
0.4903
0.439
0.3711
0.273
0.1517
0.0579
0.0011
0.0
0.0
0.0
0.0
0.0
0.0
0.0
0.0
0.0
0.0
0.0
0.0032
0.0932
0.2356
0.3921
0.5574
0.6383
0.6639
0.635
0.5634
0.4476
0.2891
0.1142
0.0019
0.0
0.0
0.0
0.0
0.0
0.0
0.0
0.0
0.0
0.0
0.0
0.0037
0.1261
0.3288
0.4878
0.5958
0.6579
0.6738
0.6464
0.5709
0.4416
0.269
0.0949
0.0011
0.0
0.0
0.0
0.0
0.0
0.0
0.0
0.0
0.0
0.0
0.0
0.0019
0.0779
0.218
0.3736
0.4949
0.5889
0.612
0.571
0.4769
0.3425
0.179
0.0473
0.0
0.0
0.0
0.0
0.0
0.0
0.0
0.0
0.0
0.0
0.0
0.0
0.0
0.0233
0.0943
0.2016
0.3146
0.3884
0.4249
0.4067
0.3536
0.2846
0.1836
0.0645
0.0002
0.0
0.0
0.0
0.0
0.0
0.0
0.0
0.0
0.0
0.0
0.0
0.0017
0.105
0.2753
0.4594
0.5799
0.6366
0.6548
0.6303
0.5431
0.4312
0.2812
0.0934
0.0002
0.0
0.0
0.0
0.0
0.0
0.0
0.0
0.0
0.0
0.0
0.0
0.002
0.1047
0.266
0.4015
0.5069
0.5831
0.6164
0.5991
0.5368
0.4301
0.2809
0.1049
0.0002
0.0
0.0
0.0
0.0
0.0
0.0
0.0
0.0
0.0
0.0
0.0
0.0016
0.1122
0.2867
0.4469
0.5806
0.6481
0.6648
0.6374
0.5653
0.4453
0.2789
0.0929
0.0
0.0
0.0
0.0
0.0
0.0
0.0
0.0
0.0
0.0
0.0
0.0
0.0
0.0315
0.1156
0.235
0.2993
0.3075
0.2792
0.2335
0.1778
0.1118
0.0542
0.0156
0.0
0.0
0.0
0.0
0.0
0.0
0.0
0.0
0.0
0.0
0.0
0.0
0.0
0.0318
0.1387
0.3082
0.4434
0.4865
0.4818
0.4564
0.4038
0.3136
0.1896
0.0603
0.0
0.0
0.0
0.0
0.0
0.0
0.0
0.0
0.0
0.0
0.0
0.0
0.0004
0.082
0.2436
0.4428
0.5862
0.6606
0.6832
0.6617
0.5892
0.4671
0.2971
0.1066
0.0
0.0
0.0
0.0
0.0
0.0
0.0
0.0
0.0
0.0
0.0
0.0
0.0002
0.0749
0.238
0.4157
0.5613
0.6605
0.6774
0.6449
0.5635
0.4322
0.2581
0.0822
0.0
0.0
0.0
0.0
0.0
0.0
0.0
0.0
0.0
0.0
0.0
0.0
0.0004
0.1003
0.2944
0.48
0.6069
0.6773
0.6983
0.6719
0.5964
0.4709
0.2974
0.1037
0.0
0.0
0.0
0.0
0.0
0.0
0.0
0.0
0.0
0.0
0.0
0.0
0.0002
0.0861
0.2658
0.439
0.5508
0.6235
0.648
0.6202
0.5405
0.4169
0.2324
0.0539
0.0
0.0
0.0
0.0
0.0
0.0
0.0
0.0
0.0
0.0
0.0
0.0
0.0
0.0613
0.2115
0.3719
0.5215
0.6113
0.6268
0.5961
0.5249
0.3857
0.2101
0.0483
0.0
0.0
0.0
0.0
0.0
0.0
0.0
0.0
0.0
0.0
0.0
0.0
0.0
0.032
0.1341
0.3022
0.4256
0.4829
0.5162
0.4807
0.4152
0.3074
0.1681
0.0342
0.0
0.0
0.0
0.0
0.0
0.0
0.0
0.0
0.0
0.0
0.0
0.0
0.0
0.0407
0.1681
0.3205
0.4198
0.4498
0.4326
0.3937
0.3155
0.2168
0.1071
0.0199
0.0
0.0
0.0
0.0
0.0
0.0
0.0
0.0
0.0
0.0
0.0
0.0
0.0
0.0436
0.1808
0.3497
0.4581
0.5173
0.5786
0.5613
0.4608
0.3092
0.1585
0.0329
0.0
0.0
0.0
0.0
0.0
0.0
0.0
0.0
0.0
0.0
0.0
0.0
0.0
0.0144
0.0923
0.2137
0.3246
0.4047
0.451
0.4036
0.3362
0.2467
0.1412
0.0278
0.0
0.0
0.0
0.0
0.0
0.0
0.0
0.0
0.0
0.0
0.0
0.0
0.0
0.0558
0.2239
0.3979
0.5719
0.6432
0.6568
0.623
0.5407
0.404
0.2363
0.0447
0.0
0.0
0.0
0.0
0.0
0.0
0.0
0.0
0.0
0.0
0.0
0.0
0.0
0.0155
0.07
0.1399
0.2154
0.2608
0.2705
0.2319
0.1684
0.1052
0.0414
0.0043
0.0
0.0
0.0
0.0
0.0
0.0
0.0
0.0
0.0
0.0
0.0
0.0
0.0
0.0138
0.0768
0.1779
0.279
0.2436
0.196
0.195
0.1907
0.0893
0.0311
0.007
0.0
0.0
0.0
0.0
0.0
0.0
0.0
0.0
0.0
0.0
0.0
0.0
0.0
0.0155
0.0951
0.2103
0.3408
0.4475
0.5025
0.5195
0.4593
0.3426
0.187
0.0331
0.0
0.0
0.0
0.0
0.0
0.0
0.0
0.0
0.0
0.0
0.0
0.0
0.0
0.0508
0.245
0.4182
0.5376
0.6119
0.643
0.605
0.4885
0.3047
0.1135
0.0079
0.0
0.0
0.0
0.0
0.0
0.0
0.0
0.0
0.0
0.0
0.0
0.0
0.0
0.0033
0.0359
0.0894
0.1466
0.1937
0.2119
0.1916
0.1427
0.0795
0.0307
0.0022
0.0
0.0
0.0
0.0
0.0
0.0
0.0
0.0
0.0
0.0
0.0
0.0
0.0
0.0073
0.0561
0.1207
0.2201
0.307
0.3489
0.3791
0.3311
0.2564
0.1139
0.0092
0.0
0.0
0.0
0.0
0.0
0.0
0.0
0.0
0.0
0.0
0.0
0.0
0.0
0.0071
0.0545
0.1221
0.1963
0.2887
0.4003
0.4249
0.3636
0.2459
0.111
0.0078
0.0
0.0
0.0
0.0
0.0
0.0
0.0
0.0
0.0
0.0
0.0
0.0
0.0
0.0202
0.1257
0.2743
0.4404
0.5719
0.5923
0.5722
0.4959
0.3647
0.1977
0.0177
0.0
0.0
0.0
0.0
0.0
0.0
0.0
0.0
0.0
0.0
0.0
0.0
0.0
0.0269
0.1297
0.2152
0.2697
0.3354
0.3741
0.3957
0.3498
0.28
0.136
0.0091
0.0
0.0
0.0
0.0
0.0
0.0
0.0
0.0
0.0
0.0
0.0
0.0
0.0
0.038
0.2001
0.3793
0.5155
0.5809
0.6072
0.5858
0.5044
0.3875
0.222
0.0204
0.0
0.0
0.0
0.0
0.0
0.0
0.0
0.0
0.0
0.0
0.0
0.0
0.0
0.0072
0.0713
0.1771
0.2675
0.3274
0.3485
0.3202
0.2602
0.1603
0.0642
0.0029
0.0
0.0
0.0
0.0
0.0
0.0
0.0
0.0
0.0
0.0
0.0
0.0
0.0
0.011
0.0895
0.1791
0.2923
0.3807
0.4096
0.3835
0.3058
0.1892
0.0836
0.0039
0.0
0.0
0.0
0.0
0.0
0.0
0.0
0.0
0.0
0.0
0.0
0.0
0.0
0.0008
0.0286
0.0761
0.0959
0.0918
0.0965
0.086
0.0603
0.0303
0.0096
0.0
0.0
0.0
0.0
0.0
0.0
0.0
0.0
0.0
0.0
0.0
0.0
0.0
0.0
0.0006
0.0311
0.0884
0.1534
0.2174
0.2506
0.2405
0.2009
0.1285
0.036
0.0004
0.0
0.0
0.0
0.0
0.0
0.0
0.0
0.0
0.0
0.0
0.0
0.0
0.0
0.0171
0.149
0.3108
0.4289
0.5213
0.5709
0.5663
0.4963
0.3734
0.2028
0.0092
0.0
0.0
0.0
0.0
0.0
0.0
0.0
0.0
0.0
0.0
0.0
0.0
0.0
0.0222
0.162
0.3019
0.437
0.5384
0.5945
0.5724
0.4929
0.3641
0.1882
0.0074
0.0
0.0
0.0
0.0
0.0
0.0
0.0
0.0
0.0
0.0
0.0
0.0
0.0
0.0103
0.1459
0.345
0.4694
0.5677
0.5945
0.5667
0.4899
0.3629
0.1902
0.0059
0.0
0.0
0.0
0.0
0.0
0.0
0.0
0.0
0.0
0.0
0.0
0.0
0.0
0.0181
0.182
0.3521
0.4956
0.5772
0.6054
0.5776
0.4998
0.3707
0.1976
0.0052
0.0
0.0
0.0
0.0
0.0
0.0
0.0
0.0
0.0
0.0
0.0
0.0
0.0
0.0098
0.1077
0.2235
0.358
0.4299
0.4547
0.437
0.3877
0.2959
0.154
0.0028
0.0
0.0
0.0
0.0
0.0
0.0
0.0
0.0
0.0
0.0
0.0
0.0
0.0
0.0122
0.177
0.36
0.4887
0.5619
0.5844
0.5583
0.481
0.3536
0.1815
0.0028
0.0
0.0
0.0
0.0
0.0
0.0
0.0
0.0
0.0
0.0
0.0
0.0
0.0
0.0022
0.0449
0.1161
0.2092
0.3047
0.3463
0.3291
0.2659
0.1561
0.05
0.0001
0.0
0.0
0.0
0.0
0.0
0.0
0.0
0.0
0.0
0.0
0.0
0.0
0.0
0.0062
0.139
0.3387
0.5114
0.5904
0.6107
0.5747
0.474
0.2969
0.1094
0.0009
0.0
0.0
0.0
0.0
0.0
0.0
0.0
0.0
0.0
0.0
0.0
0.0
0.0
0.0013
0.0873
0.2457
0.3994
0.4685
0.498
0.4893
0.3721
0.2128
0.0735
0.0001
0.0
0.0
0.0
0.0
0.0
0.0
0.0
0.0
0.0
0.0
0.0
0.0
0.0
0.0
0.0347
0.1248
0.226
0.2751
0.2649
0.1911
0.1027
0.0427
0.0083
0.0
0.0
0.0
0.0
0.0
0.0
0.0
0.0
0.0
0.0
0.0
0.0
0.0
0.0
0.0001
0.0167
0.0493
0.1054
0.1823
0.2335
0.2548
0.1982
0.1335
0.0527
0.0
0.0
0.0
0.0
0.0
0.0
0.0
0.0
0.0
0.0
0.0
0.0
0.0
0.0
0.0006
0.0408
0.1305
0.2527
0.3163
0.3527
0.3255
0.2638
0.1772
0.0754
0.0
0.0
0.0
0.0
0.0
0.0
0.0
0.0
0.0
0.0
0.0
0.0
0.0
0.0
0.0012
0.1254
0.3076
0.4385
0.4986
0.4685
0.397
0.2917
0.1609
0.0438
0.0
0.0
0.0
0.0
0.0
0.0
0.0
0.0
0.0
0.0
0.0
0.0
0.0
0.0
0.001
0.0535
0.1067
0.1229
0.1437
0.1555
0.1453
0.1011
0.0487
0.0113
0.0
0.0
0.0
0.0
0.0
0.0
0.0
0.0
0.0
0.0
0.0
0.0
0.0
0.0
0.0
0.0122
0.0494
0.0753
0.1082
0.1318
0.1198
0.0871
0.0493
0.0154
0.0
0.0
0.0
0.0
0.0
0.0
0.0
0.0
0.0
0.0
0.0
0.0
0.0
0.0
0.0
0.0131
0.0577
0.1186
0.1823
0.1995
0.1806
0.1505
0.0909
0.0305
0.0
0.0
0.0
0.0
0.0
0.0
0.0
0.0
0.0
0.0
0.0
0.0
0.0
0.0
0.0005
0.1003
0.2964
0.4821
0.576
0.6036
0.5724
0.4846
0.3443
0.1448
0.0
0.0
0.0
0.0
0.0
0.0
0.0
0.0
0.0
0.0
0.0
0.0
0.0
0.0
0.0
0.0284
0.1223
0.2301
0.3256
0.3643
0.3426
0.2669
0.1527
0.0397
0.0
0.0
0.0
0.0
0.0
0.0
0.0
0.0
0.0
0.0
0.0
0.0
0.0
0.0
0.0001
0.0888
0.2716
0.4253
0.5285
0.577
0.5464
0.4558
0.2984
0.1032
0.0
0.0
0.0
0.0
0.0
0.0
0.0
0.0
0.0
0.0
0.0
0.0
0.0
0.0
0.0001
0.0931
0.2882
0.4268
0.5073
0.5434
0.4992
0.393
0.2491
0.0818
0.0
0.0
0.0
0.0
0.0
0.0
0.0
0.0
0.0
0.0
0.0
0.0
0.0
0.0
0.0
0.0255
0.1002
0.1847
0.2475
0.2331
0.1748
0.1135
0.0521
0.012
0.0
0.0
0.0
0.0
0.0
0.0
0.0
0.0
0.0
0.0
0.0
0.0
0.0
0.0
0.0
0.0275
0.1115
0.2222
0.2696
0.2888
0.2619
0.1977
0.1213
0.0354
0.0
0.0
0.0
0.0
0.0
0.0
0.0
0.0
0.0
0.0
0.0
0.0
0.0
0.0
0.0
0.0417
0.1489
0.2198
0.2554
0.2433
0.2001
0.1389
0.0647
0.0095
0.0
0.0
0.0
0.0
0.0
0.0
0.0
0.0
0.0
0.0
0.0
0.0
0.0
0.0
0.0
0.0072
0.0459
0.0961
0.1375
0.1938
0.2322
0.2398
0.1945
0.065
0.0
0.0
0.0
0.0
0.0
0.0
0.0
0.0
0.0
0.0
0.0
0.0
0.0
0.0
0.0
0.044
0.2177
0.3768
0.4856
0.5192
0.4872
0.402
0.2631
0.0758
0.0
0.0
0.0
0.0
0.0
0.0
0.0
0.0
0.0
0.0
0.0
0.0
0.0
0.0
0.0
0.0196
0.0767
0.1169
0.1456
0.1633
0.1655
0.1323
0.0715
0.0136
0.0
0.0
0.0
0.0
0.0
0.0
0.0
0.0
0.0
0.0
0.0
0.0
0.0
0.0
0.0
0.0117
0.0687
0.1432
0.1947
0.2075
0.1957
0.1458
0.0845
0.0191
0.0
0.0
0.0
0.0
0.0
0.0
0.0
0.0
0.0
0.0
0.0
0.0
0.0
0.0
0.0
0.0061
0.0362
0.0736
0.1047
0.1156
0.1043
0.0688
0.0312
0.0039
0.0
0.0
0.0
0.0
0.0
0.0
0.0
0.0
0.0
0.0
0.0
0.0
0.0
0.0
0.0
0.0115
0.0687
0.1473
0.1613
0.1384
0.1098
0.0989
0.0641
0.0086
0.0
0.0
0.0
0.0
0.0
0.0
0.0
0.0
0.0
0.0
0.0
0.0
0.0
0.0
0.0
0.0143
0.0647
0.1061
0.1221
0.1166
0.0889
0.0572
0.0234
0.0015
0.0
0.0
0.0
0.0
0.0
0.0
0.0
0.0
0.0
0.0
0.0
0.0
0.0
0.0
0.0
0.0101
0.0642
0.1541
0.2572
0.3057
0.3066
0.2508
0.1487
0.0274
0.0
0.0
0.0
0.0
0.0
0.0
0.0
0.0
0.0
0.0
0.0
0.0
0.0
0.0
0.0
0.0252
0.1509
0.2866
0.3617
0.3753
0.3151
0.2101
0.0972
0.0136
0.0
0.0
0.0
0.0
0.0
0.0
0.0
0.0
0.0
0.0
0.0
0.0
0.0
0.0
0.0
0.0612
0.2401
0.4299
0.5379
0.5687
0.5402
0.4542
0.3087
0.0706
0.0
0.0
0.0
0.0
0.0
0.0
0.0
0.0
0.0
0.0
0.0
0.0
0.0
0.0
0.0
0.0815
0.2896
0.4507
0.5384
0.5645
0.5335
0.4454
0.2974
0.0638
0.0
0.0
0.0
0.0
0.0
0.0
0.0
0.0
0.0
0.0
0.0
0.0
0.0
0.0
0.0
0.0922
0.2984
0.447
0.5303
0.5544
0.5237
0.437
0.2919
0.0612
0.0
0.0
0.0
0.0
0.0
0.0
0.0
0.0
0.0
0.0
0.0
0.0
0.0
0.0
0.0
0.0791
0.2794
0.4305
0.511
0.5314
0.4972
0.4088
0.267
0.052
0.0
0.0
0.0
0.0
0.0
0.0
0.0
0.0
0.0
0.0
0.0
0.0
0.0
0.0
0.0
0.084
0.2879
0.4379
0.5222
0.5476
0.5168
0.4292
0.2808
0.0538
0.0
0.0
0.0
0.0
0.0
0.0
0.0
0.0
0.0
0.0
0.0
0.0
0.0
0.0
0.0
0.0473
0.213
0.3861
0.4809
0.52
0.4943
0.4044
0.2404
0.0342
0.0
0.0
0.0
0.0
0.0
0.0
0.0
0.0
0.0
0.0
0.0
0.0
0.0
0.0
0.0
0.0561
0.235
0.385
0.4828
0.5175
0.4939
0.41
0.2613
0.0423
0.0
0.0
0.0
0.0
0.0
0.0
0.0
0.0
0.0
0.0
0.0
0.0
0.0
0.0
0.0
0.0618
0.2502
0.4072
0.5026
0.5335
0.5014
0.4118
0.2613
0.0414
0.0
0.0
0.0
0.0
0.0
0.0
0.0
0.0
0.0
0.0
0.0
0.0
0.0
0.0
0.0
0.0609
0.2571
0.419
0.5028
0.52
0.4951
0.4196
0.2736
0.0449
0.0
0.0
0.0
0.0
0.0
0.0
0.0
0.0
0.0
0.0
0.0
0.0
0.0
0.0
0.0
0.0547
0.1916
0.3651
0.4915
0.5188
0.5016
0.4206
0.2713
0.0398
0.0
0.0
0.0
0.0
0.0
0.0
0.0
0.0
0.0
0.0
0.0
0.0
0.0
0.0
0.0
0.0337
0.1807
0.3514
0.4638
0.5103
0.4891
0.4053
0.2603
0.0396
0.0
0.0
0.0
0.0
0.0
0.0
0.0
0.0
0.0
0.0
0.0
0.0
0.0
0.0
0.0
0.0681
0.252
0.3755
0.4221
0.392
0.2918
0.1831
0.0874
0.0109
0.0
0.0
0.0
0.0
0.0
0.0
0.0
0.0
0.0
0.0
0.0
0.0
0.0
0.0
0.0
0.0638
0.2602
0.4087
0.4916
0.5172
0.4872
0.3993
0.2485
0.0342
0.0
0.0
0.0
0.0
0.0
0.0
0.0
0.0
0.0
0.0
0.0
0.0
0.0
0.0
0.0
0.0281
0.1284
0.2495
0.3311
0.3641
0.3224
0.2255
0.1102
0.0092
0.0
0.0
0.0
0.0
0.0
0.0
0.0
0.0
0.0
0.0
0.0
0.0
0.0
0.0
0.0
0.0357
0.1834
0.3322
0.4406
0.4946
0.4794
0.3934
0.2382
0.0226
0.0
0.0
0.0
0.0
0.0
0.0
0.0
0.0
0.0
0.0
0.0
0.0
0.0
0.0
0.0
0.0609
0.2533
0.3999
0.4814
0.5018
0.4571
0.3449
0.1715
0.0137
0.0
0.0
0.0
0.0
0.0
0.0
0.0
0.0
0.0
0.0
0.0
0.0
0.0
0.0
0.0
0.0525
0.2453
0.3963
0.4823
0.5076
0.4769
0.3883
0.237
0.0287
0.0
0.0
0.0
0.0
0.0
0.0
0.0
0.0
0.0
0.0
0.0
0.0
0.0
0.0
0.0
0.0574
0.256
0.4069
0.4927
0.518
0.4855
0.3952
0.2401
0.0276
0.0
0.0
0.0
0.0
0.0
0.0
0.0
0.0
0.0
0.0
0.0
0.0
0.0
0.0
0.0
0.0357
0.2154
0.3825
0.4842
0.5162
0.4836
0.3926
0.2362
0.0265
0.0
0.0
0.0
0.0
0.0
0.0
0.0
0.0
0.0
0.0
0.0
0.0
0.0
0.0
0.0
0.0527
0.2524
0.3969
0.4609
0.4541
0.3917
0.2885
0.1582
0.0188
0.0
0.0
0.0
0.0
0.0
0.0
0.0
0.0
0.0
0.0
0.0
0.0
0.0
0.0
0.0
0.0462
0.2252
0.3541
0.4218
0.435
0.3758
0.2577
0.1041
0.0066
0.0
0.0
0.0
0.0
0.0
0.0
0.0
0.0
0.0
0.0
0.0
0.0
0.0
0.0
0.0
0.0057
0.07
0.1632
0.2547
0.3154
0.3009
0.2232
0.1042
0.0055
0.0
0.0
0.0
0.0
0.0
0.0
0.0
0.0
0.0
0.0
0.0
0.0
0.0
0.0
0.0
0.0121
0.1014
0.1873
0.2529
0.2676
0.2277
0.1566
0.0705
0.0043
0.0
0.0
0.0
0.0
0.0
0.0
0.0
0.0
0.0
0.0
0.0
0.0
0.0
0.0
0.0
0.0275
0.1899
0.3383
0.4295
0.4706
0.4413
0.351
0.1942
0.0176
0.0
0.0
0.0
0.0
0.0
0.0
0.0
0.0
0.0
0.0
0.0
0.0
0.0
0.0
0.0
0.0351
0.2149
0.3674
0.4571
0.4826
0.4477
0.3528
0.1942
0.0177
0.0
0.0
0.0
0.0
0.0
0.0
0.0
0.0
0.0
0.0
0.0
0.0
0.0
0.0
0.0
0.0234
0.1264
0.2441
0.3642
0.4363
0.3811
0.2724
0.1398
0.0137
0.0
0.0
0.0
0.0
0.0
0.0
0.0
0.0
0.0
0.0
0.0
0.0
0.0
0.0
0.0
0.0106
0.0718
0.1113
0.1336
0.2448
0.2738
0.1658
0.0595
0.0034
0.0
0.0
0.0
0.0
0.0
0.0
0.0
0.0
0.0
0.0
0.0
0.0
0.0
0.0
0.0
0.0202
0.113
0.2008
0.2838
0.3143
0.3115
0.2613
0.1522
0.0142
0.0
0.0
0.0
0.0
0.0
0.0
0.0
0.0
0.0
0.0
0.0
0.0
0.0
0.0
0.0
0.0279
0.1765
0.2856
0.3425
0.3605
0.3239
0.2331
0.1043
0.0074
0.0
0.0
0.0
0.0
0.0
0.0
0.0
0.0
0.0
0.0
0.0
0.0
0.0
0.0
0.0
0.0455
0.2102
0.381
0.4814
0.5137
0.4908
0.3967
0.2365
0.0304
0.0
0.0
0.0
0.0
0.0
0.0
0.0
0.0
0.0
0.0
0.0
0.0
0.0
0.0
0.0
0.0599
0.2703
0.4223
0.5123
0.5404
0.508
0.4153
0.2569
0.0387
0.0
0.0
0.0
0.0
0.0
0.0
0.0
0.0
0.0
0.0
0.0
0.0
0.0
0.0
0.0
0.0658
0.2898
0.4377
0.5183
0.5393
0.5031
0.4084
0.2479
0.0355
0.0
0.0
0.0
0.0
0.0
0.0
0.0
0.0
0.0
0.0
0.0
0.0
0.0
0.0
0.0
0.0612
0.2748
0.4227
0.5067
0.5312
0.4964
0.4026
0.2425
0.0343
0.0
0.0
0.0
0.0
0.0
0.0
0.0
0.0
