_pv_national_current load factor in Spain in 2016
0.0
0.0
0.0
0.0
0.0
0.0
0.0
0.0005
0.0326
0.1101
0.1994
0.2542
0.2662
0.2352
0.1734
0.0891
0.0148
0.0
0.0
0.0
0.0
0.0
0.0
0.0
0.0
0.0
0.0
0.0
0.0
0.0
0.0
0.0013
0.0481
0.1583
0.3116
0.4195
0.454
0.4121
0.315
0.1701
0.0267
0.0
0.0
0.0
0.0
0.0
0.0
0.0
0.0
0.0
0.0
0.0
0.0
0.0
0.0
0.001
0.0339
0.0855
0.1224
0.1531
0.1712
0.1587
0.112
0.0528
0.0075
0.0
0.0
0.0
0.0
0.0
0.0
0.0
0.0
0.0
0.0
0.0
0.0
0.0
0.0
0.0009
0.0318
0.087
0.1672
0.2141
0.219
0.1885
0.1287
0.062
0.0073
0.0
0.0
0.0
0.0
0.0
0.0
0.0
0.0
0.0
0.0
0.0
0.0
0.0
0.0
0.0021
0.0894
0.2301
0.3232
0.349
0.3277
0.2778
0.2041
0.1098
0.018
0.0
0.0
0.0
0.0
0.0
0.0
0.0
0.0
0.0
0.0
0.0
0.0
0.0
0.0
0.0039
0.0521
0.1172
0.1857
0.192
0.1897
0.1888
0.149
0.0704
0.0086
0.0
0.0
0.0
0.0
0.0
0.0
0.0
0.0
0.0
0.0
0.0
0.0
0.0
0.0
0.0022
0.0446
0.1204
0.1986
0.2554
0.2731
0.2592
0.2024
0.1053
0.0154
0.0
0.0
0.0
0.0
0.0
0.0
0.0
0.0
0.0
0.0
0.0
0.0
0.0
0.0
0.0036
0.056
0.147
0.2326
0.2864
0.2811
0.241
0.1672
0.0798
0.012
0.0
0.0
0.0
0.0
0.0
0.0
0.0
0.0
0.0
0.0
0.0
0.0
0.0
0.0
0.0005
0.0524
0.1761
0.2982
0.3749
0.396
0.347
0.2553
0.1331
0.0231
0.0
0.0
0.0
0.0
0.0
0.0
0.0
0.0
0.0
0.0
0.0
0.0
0.0
0.0
0.0016
0.0393
0.1097
0.2117
0.2808
0.2732
0.2405
0.1748
0.0837
0.0122
0.0
0.0
0.0
0.0
0.0
0.0
0.0
0.0
0.0
0.0
0.0
0.0
0.0
0.0
0.0034
0.0819
0.227
0.3406
0.3841
0.391
0.3588
0.292
0.1778
0.0349
0.0
0.0
0.0
0.0
0.0
0.0
0.0
0.0
0.0
0.0
0.0
0.0
0.0
0.0
0.0065
0.101
0.2374
0.355
0.4336
0.4463
0.398
0.3136
0.1915
0.0449
0.0
0.0
0.0
0.0
0.0
0.0
0.0
0.0
0.0
0.0
0.0
0.0
0.0
0.0
0.0079
0.1012
0.2009
0.2919
0.3477
0.3556
0.3107
0.2276
0.1189
0.024
0.0
0.0
0.0
0.0
0.0
0.0
0.0
0.0
0.0
0.0
0.0
0.0
0.0
0.0
0.0036
0.0538
0.1331
0.2137
0.2707
0.2935
0.2711
0.2058
0.112
0.0199
0.0
0.0
0.0
0.0
0.0
0.0
0.0
0.0
0.0
0.0
0.0
0.0
0.0
0.0
0.0013
0.067
0.1927
0.3278
0.4236
0.4535
0.4323
0.3563
0.2273
0.0605
0.0
0.0
0.0
0.0
0.0
0.0
0.0
0.0
0.0
0.0
0.0
0.0
0.0
0.0
0.0141
0.198
0.3781
0.504
0.5727
0.5819
0.5378
0.4388
0.2821
0.082
0.0
0.0
0.0
0.0
0.0
0.0
0.0
0.0
0.0
0.0
0.0
0.0
0.0
0.0
0.0124
0.1162
0.2241
0.3156
0.3672
0.3655
0.3232
0.2413
0.1261
0.021
0.0
0.0
0.0
0.0
0.0
0.0
0.0
0.0
0.0
0.0
0.0
0.0
0.0
0.0
0.0105
0.116
0.2191
0.2973
0.3613
0.3979
0.3733
0.3004
0.1802
0.0373
0.0
0.0
0.0
0.0
0.0
0.0
0.0
0.0
0.0
0.0
0.0
0.0
0.0
0.0
0.0087
0.0836
0.1874
0.2819
0.3294
0.3239
0.2681
0.1828
0.0893
0.0162
0.0
0.0
0.0
0.0
0.0
0.0
0.0
0.0
0.0
0.0
0.0
0.0
0.0
0.0
0.0055
0.0788
0.1966
0.2992
0.3487
0.3517
0.31
0.23
0.1217
0.0235
0.0
0.0
0.0
0.0
0.0
0.0
0.0
0.0
0.0
0.0
0.0
0.0
0.0
0.0
0.0093
0.0702
0.1536
0.245
0.3265
0.3475
0.313
0.2364
0.1319
0.0292
0.0
0.0
0.0
0.0
0.0
0.0
0.0
0.0
0.0
0.0
0.0
0.0
0.0
0.0
0.008
0.0672
0.1431
0.2183
0.2706
0.2797
0.2408
0.1715
0.0978
0.027
0.0
0.0
0.0
0.0
0.0
0.0
0.0
0.0
0.0
0.0
0.0
0.0
0.0
0.0
0.0043
0.0528
0.136
0.2392
0.3277
0.3612
0.3428
0.2781
0.1722
0.045
0.0
0.0
0.0
0.0
0.0
0.0
0.0
0.0
0.0
0.0
0.0
0.0
0.0
0.0
0.0155
0.1622
0.332
0.4585
0.5221
0.5309
0.4854
0.3888
0.2439
0.0721
0.0
0.0
0.0
0.0
0.0
0.0
0.0
0.0
0.0
0.0
0.0
0.0
0.0
0.0
0.0152
0.1123
0.2251
0.3136
0.3644
0.3761
0.3435
0.2637
0.1474
0.0363
0.0
0.0
0.0
0.0
0.0
0.0
0.0
0.0
0.0
0.0
0.0
0.0
0.0
0.0
0.0106
0.1071
0.2363
0.3668
0.4503
0.4622
0.4215
0.3371
0.2053
0.0529
0.0
0.0
0.0
0.0
0.0
0.0
0.0
0.0
0.0
0.0
0.0
0.0
0.0
0.0
0.014
0.1019
0.2237
0.35
0.4501
0.487
0.458
0.3673
0.2195
0.059
0.0001
0.0
0.0
0.0
0.0
0.0
0.0
0.0
0.0
0.0
0.0
0.0
0.0
0.0
0.0123
0.0824
0.1571
0.2183
0.2527
0.2487
0.2154
0.1575
0.084
0.0201
0.0
0.0
0.0
0.0
0.0
0.0
0.0
0.0
0.0
0.0
0.0
0.0
0.0
0.0
0.0077
0.1022
0.2456
0.3844
0.4532
0.4505
0.3897
0.2955
0.1738
0.05
0.0001
0.0
0.0
0.0
0.0
0.0
0.0
0.0
0.0
0.0
0.0
0.0
0.0
0.0
0.0195
0.1447
0.2873
0.3843
0.4457
0.4363
0.3718
0.2743
0.1633
0.0521
0.0003
0.0
0.0
0.0
0.0
0.0
0.0
0.0
0.0
0.0
0.0
0.0
0.0
0.0
0.0146
0.0984
0.2116
0.3137
0.3788
0.3994
0.3765
0.3085
0.1987
0.0669
0.0004
0.0
0.0
0.0
0.0
0.0
0.0
0.0
0.0
0.0
0.0
0.0
0.0
0.0
0.0264
0.1452
0.2969
0.4135
0.4762
0.4712
0.4175
0.3286
0.21
0.0743
0.0007
0.0
0.0
0.0
0.0
0.0
0.0
0.0
0.0
0.0
0.0
0.0
0.0
0.0
0.032
0.1534
0.2788
0.3935
0.4711
0.4843
0.439
0.3482
0.2211
0.0773
0.0007
0.0
0.0
0.0
0.0
0.0
0.0
0.0
0.0
0.0
0.0
0.0
0.0
0.0
0.0212
0.1419
0.3398
0.4907
0.5642
0.5675
0.5208
0.425
0.2788
0.1022
0.0011
0.0
0.0
0.0
0.0
0.0
0.0
0.0
0.0
0.0
0.0
0.0
0.0
0.0
0.0419
0.2337
0.4131
0.5244
0.5791
0.5842
0.5412
0.447
0.3025
0.1184
0.0016
0.0
0.0
0.0
0.0
0.0
0.0
0.0
0.0
0.0
0.0
0.0
0.0
0.0
0.0378
0.1862
0.326
0.4324
0.4909
0.4966
0.4489
0.3548
0.2248
0.0809
0.0014
0.0
0.0
0.0
0.0
0.0
0.0
0.0
0.0
0.0
0.0
0.0
0.0
0.0
0.0329
0.1541
0.2706
0.3632
0.4155
0.4277
0.3863
0.302
0.1832
0.0524
0.0003
0.0
0.0
0.0
0.0
0.0
0.0
0.0
0.0
0.0
0.0
0.0
0.0
0.0
0.0289
0.1528
0.3159
0.4309
0.4825
0.4913
0.4497
0.3607
0.2299
0.0813
0.001
0.0
0.0
0.0
0.0
0.0
0.0
0.0
0.0
0.0
0.0
0.0
0.0
0.0
0.0299
0.1316
0.2474
0.3521
0.4315
0.4501
0.4116
0.3268
0.2
0.0606
0.0006
0.0
0.0
0.0
0.0
0.0
0.0
0.0
0.0
0.0
0.0
0.0
0.0
0.0
0.0147
0.0632
0.1322
0.1885
0.2284
0.2473
0.2227
0.1705
0.1061
0.0397
0.0004
0.0
0.0
0.0
0.0
0.0
0.0
0.0
0.0
0.0
0.0
0.0
0.0
0.0
0.0216
0.085
0.1529
0.204
0.2249
0.2386
0.2483
0.2243
0.1474
0.0519
0.0007
0.0
0.0
0.0
0.0
0.0
0.0
0.0
0.0
0.0
0.0
0.0
0.0
0.0
0.0141
0.0741
0.1672
0.2566
0.3286
0.3918
0.4018
0.3442
0.2406
0.0944
0.0019
0.0
0.0
0.0
0.0
0.0
0.0
0.0
0.0
0.0
0.0
0.0
0.0
0.0
0.0142
0.0601
0.104
0.1379
0.1815
0.2198
0.2143
0.1742
0.1158
0.0422
0.0007
0.0
0.0
0.0
0.0
0.0
0.0
0.0
0.0
0.0
0.0
0.0
0.0
0.0
0.0229
0.0921
0.169
0.2467
0.3153
0.35
0.3402
0.2816
0.1768
0.0572
0.0005
0.0
0.0
0.0
0.0
0.0
0.0
0.0
0.0
0.0
0.0
0.0
0.0
0.0
0.0518
0.174
0.296
0.3597
0.3621
0.3448
0.3056
0.23
0.1346
0.051
0.0016
0.0
0.0
0.0
0.0
0.0
0.0
0.0
0.0
0.0
0.0
0.0
0.0
0.0
0.0432
0.1674
0.3105
0.4102
0.4668
0.4726
0.445
0.3788
0.2679
0.1227
0.0071
0.0
0.0
0.0
0.0
0.0
0.0
0.0
0.0
0.0
0.0
0.0
0.0
0.0001
0.0996
0.3082
0.4835
0.6011
0.6619
0.6695
0.6247
0.5302
0.381
0.1844
0.0145
0.0
0.0
0.0
0.0
0.0
0.0
0.0
0.0
0.0
0.0
0.0
0.0
0.0002
0.1227
0.3025
0.4463
0.5456
0.5902
0.5847
0.528
0.4196
0.2641
0.102
0.0047
0.0
0.0
0.0
0.0
0.0
0.0
0.0
0.0
0.0
0.0
0.0
0.0
0.0
0.0251
0.1246
0.2562
0.3662
0.4203
0.424
0.3736
0.2941
0.1923
0.0805
0.005
0.0
0.0
0.0
0.0
0.0
0.0
0.0
0.0
0.0
0.0
0.0
0.0
0.0002
0.0762
0.249
0.4099
0.5177
0.5731
0.5846
0.5583
0.4868
0.3542
0.173
0.0162
0.0
0.0
0.0
0.0
0.0
0.0
0.0
0.0
0.0
0.0
0.0
0.0
0.0005
0.1054
0.28
0.4277
0.5285
0.5852
0.5996
0.5698
0.4958
0.3653
0.1811
0.0175
0.0
0.0
0.0
0.0
0.0
0.0
0.0
0.0
0.0
0.0
0.0
0.0
0.0005
0.0952
0.2759
0.4438
0.5593
0.6194
0.6287
0.5837
0.4883
0.3359
0.1503
0.0115
0.0
0.0
0.0
0.0
0.0
0.0
0.0
0.0
0.0
0.0
0.0
0.0
0.0
0.0716
0.2426
0.3912
0.4939
0.5591
0.5808
0.5503
0.4609
0.3161
0.1399
0.0118
0.0
0.0
0.0
0.0
0.0
0.0
0.0
0.0
0.0
0.0
0.0
0.0
0.0004
0.0698
0.1945
0.3432
0.5035
0.6026
0.6182
0.5759
0.4816
0.3387
0.1619
0.0168
0.0
0.0
0.0
0.0
0.0
0.0
0.0
0.0
0.0
0.0
0.0
0.0
0.0004
0.0386
0.125
0.2359
0.3462
0.4399
0.4776
0.4543
0.3805
0.2572
0.1125
0.0091
0.0
0.0
0.0
0.0
0.0
0.0
0.0
0.0
0.0
0.0
0.0
0.0
0.0004
0.0463
0.159
0.3273
0.4761
0.5636
0.5895
0.5544
0.4674
0.3337
0.1635
0.0186
0.0
0.0
0.0
0.0
0.0
0.0
0.0
0.0
0.0
0.0
0.0
0.0
0.0007
0.0348
0.1007
0.1857
0.2495
0.2721
0.2683
0.2353
0.1704
0.098
0.0364
0.002
0.0
0.0
0.0
0.0
0.0
0.0
0.0
0.0
0.0
0.0
0.0
0.0
0.0003
0.0292
0.1096
0.2201
0.305
0.3376
0.3332
0.3044
0.2505
0.1722
0.0801
0.0093
0.0
0.0
0.0
0.0
0.0
0.0
0.0
0.0
0.0
0.0
0.0
0.0
0.0006
0.0623
0.2003
0.3548
0.4732
0.5279
0.527
0.4696
0.375
0.2558
0.1198
0.0146
0.0
0.0
0.0
0.0
0.0
0.0
0.0
0.0
0.0
0.0
0.0
0.0
0.0009
0.1036
0.2827
0.4514
0.569
0.6347
0.6548
0.6239
0.5397
0.4016
0.2168
0.038
0.0
0.0
0.0
0.0
0.0
0.0
0.0
0.0
0.0
0.0
0.0
0.0
0.0038
0.1691
0.3653
0.5157
0.6202
0.6715
0.6719
0.6256
0.5316
0.3913
0.2112
0.0403
0.0
0.0
0.0
0.0
0.0
0.0
0.0
0.0
0.0
0.0
0.0
0.0
0.0027
0.0951
0.2208
0.3462
0.4554
0.5366
0.5702
0.5439
0.4685
0.3424
0.1822
0.0317
0.0
0.0
0.0
0.0
0.0
0.0
0.0
0.0
0.0
0.0
0.0
0.0
0.0032
0.0978
0.2821
0.449
0.5634
0.621
0.6284
0.5875
0.5012
0.3668
0.2021
0.0394
0.0
0.0
0.0
0.0
0.0
0.0
0.0
0.0
0.0
0.0
0.0
0.0
0.0046
0.102
0.2359
0.3749
0.4708
0.5216
0.5339
0.5068
0.4282
0.3034
0.1527
0.0248
0.0
0.0
0.0
0.0
0.0
0.0
0.0
0.0
0.0
0.0
0.0
0.0
0.0041
0.0958
0.2582
0.4018
0.4964
0.5289
0.5117
0.4494
0.3567
0.2439
0.124
0.021
0.0
0.0
0.0
0.0
0.0
0.0
0.0
0.0
0.0
0.0
0.0
0.0
0.0029
0.0822
0.2454
0.3878
0.4788
0.5243
0.526
0.4954
0.4325
0.3253
0.1759
0.0342
0.0
0.0
0.0
0.0
0.0
0.0
0.0
0.0
0.0
0.0
0.0
0.0
0.0021
0.0424
0.1246
0.2164
0.3
0.3605
0.3929
0.3976
0.3616
0.2791
0.1555
0.0314
0.0
0.0
0.0
0.0
0.0
0.0
0.0
0.0
0.0
0.0
0.0
0.0
0.0071
0.1442
0.325
0.4792
0.5794
0.6373
0.6482
0.6083
0.5161
0.3808
0.2116
0.0451
0.0
0.0
0.0
0.0
0.0
0.0
0.0
0.0
0.0
0.0
0.0
0.0
0.0044
0.0617
0.1246
0.1913
0.2619
0.3283
0.3908
0.4033
0.3774
0.2974
0.1626
0.0348
0.0
0.0
0.0
0.0
0.0
0.0
0.0
0.0
0.0
0.0
0.0
0.0
0.0064
0.112
0.2697
0.4026
0.4816
0.5244
0.5369
0.5203
0.4625
0.3579
0.2105
0.0508
0.0
0.0
0.0
0.0
0.0
0.0
0.0
0.0
0.0
0.0
0.0
0.0
0.01
0.1479
0.3476
0.5302
0.6456
0.7057
0.7151
0.6733
0.584
0.4448
0.2634
0.0722
0.0
0.0
0.0
0.0
0.0
0.0
0.0
0.0
0.0
0.0
0.0
0.0
0.0136
0.1795
0.3885
0.5531
0.6613
0.7172
0.7234
0.6812
0.5914
0.4515
0.269
0.076
0.0
0.0
0.0
0.0
0.0
0.0
0.0
0.0
0.0
0.0
0.0
0.0
0.0145
0.1829
0.3882
0.5473
0.6544
0.7081
0.7129
0.6695
0.5769
0.4346
0.2504
0.0668
0.0
0.0
0.0
0.0
0.0
0.0
0.0
0.0
0.0
0.0
0.0
0.0
0.0089
0.1437
0.3235
0.4697
0.5657
0.6115
0.6123
0.5715
0.4886
0.3666
0.2112
0.0566
0.0
0.0
0.0
0.0
0.0
0.0
0.0
0.0
0.0
0.0
0.0
0.0
0.008
0.0993
0.2437
0.3921
0.4984
0.558
0.572
0.5405
0.4632
0.3456
0.1974
0.0539
0.0
0.0
0.0
0.0
0.0
0.0
0.0
0.0
0.0
0.0
0.0
0.0
0.0127
0.1403
0.3177
0.4792
0.5855
0.6397
0.6409
0.6007
0.5173
0.394
0.2364
0.071
0.0001
0.0
0.0
0.0
0.0
0.0
0.0
0.0
0.0
0.0
0.0
0.0
0.0158
0.1497
0.3416
0.5105
0.6106
0.6573
0.651
0.6024
0.5067
0.3743
0.2099
0.0592
0.0001
0.0
0.0
0.0
0.0
0.0
0.0
0.0
0.0
0.0
0.0
0.0
0.0139
0.1112
0.2531
0.3795
0.458
0.4896
0.4662
0.4065
0.3219
0.2249
0.127
0.0352
0.0
0.0
0.0
0.0
0.0
0.0
0.0
0.0
0.0
0.0
0.0
0.0
0.006
0.0654
0.1661
0.2949
0.3734
0.3952
0.4054
0.3847
0.3163
0.2174
0.1098
0.028
0.0
0.0
0.0
0.0
0.0
0.0
0.0
0.0
0.0
0.0
0.0
0.0
0.0111
0.0921
0.2261
0.3833
0.4851
0.5237
0.5113
0.461
0.3798
0.2735
0.1508
0.042
0.0
0.0
0.0
0.0
0.0
0.0
0.0
0.0
0.0
0.0
0.0
0.0
0.0147
0.1025
0.2257
0.3473
0.4134
0.4259
0.4119
0.3689
0.2916
0.2009
0.1068
0.0291
0.0001
0.0
0.0
0.0
0.0
0.0
0.0
0.0
0.0
0.0
0.0
0.0
0.0095
0.0884
0.2316
0.3907
0.4847
0.5222
0.5145
0.4707
0.3967
0.2932
0.1734
0.0541
0.0003
0.0
0.0
0.0
0.0
0.0
0.0
0.0
0.0
0.0
0.0
0.0
0.0204
0.145
0.3254
0.4906
0.6104
0.6703
0.6785
0.644
0.5631
0.4366
0.2719
0.0936
0.0011
0.0
0.0
0.0
0.0
0.0
0.0
0.0
0.0
0.0
0.0
0.0
0.0355
0.2089
0.4159
0.5729
0.6756
0.7279
0.7295
0.684
0.5964
0.462
0.2888
0.1045
0.0015
0.0
0.0
0.0
0.0
0.0
0.0
0.0
0.0
0.0
0.0
0.0
0.0332
0.1589
0.2926
0.4
0.4616
0.4871
0.4745
0.4242
0.3366
0.24
0.1452
0.0525
0.0006
0.0
0.0
0.0
0.0
0.0
0.0
0.0
0.0
0.0
0.0
0.0
0.0341
0.1465
0.2808
0.4118
0.5019
0.5471
0.5563
0.5193
0.4361
0.3238
0.1933
0.0659
0.0007
0.0
0.0
0.0
0.0
0.0
0.0
0.0
0.0
0.0
0.0
0.0
0.0225
0.1408
0.3295
0.5157
0.6371
0.696
0.7063
0.6694
0.5819
0.4511
0.28
0.1
0.0015
0.0
0.0
0.0
0.0
0.0
0.0
0.0
0.0
0.0
0.0
0.0
0.0247
0.1154
0.2233
0.3159
0.37
0.4118
0.4299
0.4224
0.3902
0.3236
0.2033
0.0696
0.001
0.0
0.0
0.0
0.0
0.0
0.0
0.0
0.0
0.0
0.0
0.0
0.0228
0.1122
0.2456
0.3931
0.5009
0.5708
0.5926
0.569
0.5036
0.3945
0.2492
0.0893
0.0018
0.0
0.0
0.0
0.0
0.0
0.0
0.0
0.0
0.0
0.0
0.0
0.0443
0.1823
0.34
0.4804
0.5828
0.6243
0.6182
0.5822
0.5084
0.3925
0.2375
0.0857
0.002
0.0
0.0
0.0
0.0
0.0
0.0
0.0
0.0
0.0
0.0
0.0
0.0268
0.1533
0.3247
0.4695
0.5617
0.6136
0.6244
0.5936
0.5202
0.4018
0.2547
0.0995
0.0039
0.0
0.0
0.0
0.0
0.0
0.0
0.0
0.0
0.0
0.0
0.0
0.0511
0.2246
0.4193
0.5643
0.663
0.7146
0.7208
0.6826
0.5953
0.4636
0.2967
0.1211
0.0065
0.0
0.0
0.0
0.0
0.0
0.0
0.0
0.0
0.0
0.0
0.0
0.0621
0.2299
0.3907
0.5099
0.5861
0.6297
0.6451
0.6131
0.5339
0.4131
0.2596
0.1019
0.0048
0.0
0.0
0.0
0.0
0.0
0.0
0.0
0.0
0.0
0.0
0.0001
0.0346
0.1386
0.2814
0.4181
0.5214
0.5744
0.5839
0.5425
0.4606
0.343
0.2035
0.0741
0.0031
0.0
0.0
0.0
0.0
0.0
0.0
0.0
0.0
0.0
0.0
0.0
0.0215
0.0895
0.1654
0.2226
0.2653
0.2729
0.2559
0.238
0.2141
0.1719
0.1069
0.0432
0.0031
0.0
0.0
0.0
0.0
0.0
0.0
0.0
0.0
0.0
0.0
0.0
0.0227
0.1186
0.2705
0.4167
0.5294
0.5882
0.6089
0.5831
0.5115
0.4037
0.2591
0.1124
0.0088
0.0
0.0
0.0
0.0
0.0
0.0
0.0
0.0
0.0
0.0
0.0001
0.0503
0.2115
0.3968
0.5454
0.6446
0.6948
0.6977
0.659
0.5728
0.4476
0.2877
0.1201
0.0094
0.0
0.0
0.0
0.0
0.0
0.0
0.0
0.0
0.0
0.0
0.0002
0.0479
0.191
0.3844
0.5458
0.6496
0.6974
0.7001
0.6594
0.5836
0.4575
0.2968
0.1265
0.0097
0.0
0.0
0.0
0.0
0.0
0.0
0.0
0.0
0.0
0.0
0.0002
0.0564
0.2113
0.3879
0.5212
0.6183
0.6766
0.684
0.635
0.5383
0.4096
0.2614
0.1104
0.0082
0.0
0.0
0.0
0.0
0.0
0.0
0.0
0.0
0.0
0.0
0.0004
0.0692
0.2201
0.3776
0.5054
0.6023
0.6595
0.6769
0.6406
0.557
0.4319
0.2764
0.1163
0.0087
0.0
0.0
0.0
0.0
0.0
0.0
0.0
0.0
0.0
0.0
0.0005
0.0497
0.1709
0.3216
0.4686
0.5558
0.5966
0.6011
0.5613
0.4747
0.3497
0.2179
0.0913
0.0075
0.0
0.0
0.0
0.0
0.0
0.0
0.0
0.0
0.0
0.0
0.0003
0.0428
0.1649
0.3416
0.4798
0.5426
0.5805
0.5734
0.5303
0.4508
0.3452
0.2202
0.0961
0.0086
0.0
0.0
0.0
0.0
0.0
0.0
0.0
0.0
0.0
0.0
0.0004
0.041
0.1427
0.2844
0.4224
0.4876
0.5336
0.5363
0.5093
0.4471
0.3493
0.2261
0.0978
0.0083
0.0
0.0
0.0
0.0
0.0
0.0
0.0
0.0
0.0
0.0
0.0008
0.0485
0.1688
0.3553
0.5313
0.6406
0.6831
0.6735
0.6273
0.539
0.415
0.2683
0.1137
0.0096
0.0
0.0
0.0
0.0
0.0
0.0
0.0
0.0
0.0
0.0
0.0011
0.0568
0.1865
0.3515
0.4923
0.5855
0.6329
0.6348
0.601
0.5263
0.4185
0.2777
0.1248
0.0138
0.0
0.0
0.0
0.0
0.0
0.0
0.0
0.0
0.0
0.0
0.0015
0.0584
0.1828
0.3456
0.4936
0.5887
0.6287
0.6067
0.5493
0.4679
0.3577
0.2358
0.1061
0.0117
0.0
0.0
0.0
0.0
0.0
0.0
0.0
0.0
0.0
0.0
0.0014
0.0576
0.1775
0.328
0.4385
0.4865
0.5019
0.4965
0.4463
0.3618
0.2638
0.1688
0.0798
0.0103
0.0
0.0
0.0
0.0
0.0
0.0
0.0
0.0
0.0
0.0
0.0012
0.0488
0.167
0.3353
0.4833
0.5693
0.6095
0.6082
0.5687
0.4912
0.3763
0.2341
0.1
0.0122
0.0
0.0
0.0
0.0
0.0
0.0
0.0
0.0
0.0
0.0
0.0018
0.0774
0.236
0.4106
0.5534
0.6461
0.6868
0.688
0.645
0.5548
0.4238
0.2673
0.1163
0.0163
0.0
0.0
0.0
0.0
0.0
0.0
0.0
0.0
0.0
0.0
0.0015
0.0518
0.1567
0.2721
0.3655
0.4288
0.4352
0.4157
0.3852
0.3244
0.2428
0.1542
0.0687
0.0086
0.0
0.0
0.0
0.0
0.0
0.0
0.0
0.0
0.0
0.0
0.0004
0.032
0.1134
0.2252
0.3373
0.4107
0.4499
0.4616
0.4324
0.3713
0.274
0.1652
0.0682
0.009
0.0
0.0
0.0
0.0
0.0
0.0
0.0
0.0
0.0
0.0
0.001
0.0493
0.1622
0.3347
0.5066
0.604
0.6528
0.6524
0.6139
0.5338
0.3979
0.2407
0.0995
0.0126
0.0
0.0
0.0
0.0
0.0
0.0
0.0
0.0
0.0
0.0
0.0009
0.0412
0.1389
0.2648
0.3755
0.4477
0.4905
0.508
0.4885
0.4269
0.3316
0.2182
0.1011
0.0168
0.0
0.0
0.0
0.0
0.0
0.0
0.0
0.0
0.0
0.0
0.003
0.0765
0.2093
0.3499
0.463
0.5172
0.535
0.5307
0.4899
0.4293
0.3432
0.2319
0.1125
0.0208
0.0
0.0
0.0
0.0
0.0
0.0
0.0
0.0
0.0
0.0
0.0035
0.0882
0.2614
0.4378
0.5732
0.6685
0.7219
0.735
0.7039
0.6268
0.5062
0.3472
0.1738
0.0356
0.0
0.0
0.0
0.0
0.0
0.0
0.0
0.0
0.0
0.0
0.0052
0.1114
0.2938
0.4692
0.6056
0.6962
0.7423
0.7466
0.7095
0.6315
0.5113
0.3524
0.1776
0.0402
0.0
0.0
0.0
0.0
0.0
0.0
0.0
0.0
0.0
0.0
0.0064
0.0984
0.2588
0.4316
0.5749
0.6708
0.7129
0.7073
0.6596
0.5747
0.4542
0.3068
0.1525
0.0318
0.0
0.0
0.0
0.0
0.0
0.0
0.0
0.0
0.0
0.0
0.0033
0.0527
0.1481
0.2609
0.3696
0.456
0.4934
0.4864
0.4512
0.3826
0.2939
0.1902
0.0899
0.0183
0.0
0.0
0.0
0.0
0.0
0.0
0.0
0.0
0.0
0.0
0.0025
0.0721
0.2203
0.3862
0.5222
0.6105
0.6559
0.6604
0.6243
0.547
0.4286
0.2886
0.1417
0.0298
0.0
0.0
0.0
0.0
0.0
0.0
0.0
0.0
0.0
0.0
0.0047
0.0764
0.2012
0.3301
0.4282
0.4946
0.5278
0.5237
0.4874
0.4107
0.3092
0.1978
0.0965
0.0211
0.0001
0.0
0.0
0.0
0.0
0.0
0.0
0.0
0.0
0.0
0.0028
0.0776
0.2407
0.4125
0.557
0.6615
0.7179
0.7302
0.6973
0.6233
0.5067
0.3528
0.1835
0.0464
0.0001
0.0
0.0
0.0
0.0
0.0
0.0
0.0
0.0
0.0
0.0088
0.1223
0.3028
0.4777
0.6142
0.7085
0.7572
0.7629
0.7255
0.6461
0.5246
0.3656
0.1904
0.0497
0.0001
0.0
0.0
0.0
0.0
0.0
0.0
0.0
0.0
0.0
0.0112
0.1326
0.3149
0.4839
0.615
0.7035
0.7481
0.7507
0.7121
0.6333
0.5131
0.3568
0.1859
0.0487
0.0001
0.0
0.0
0.0
0.0
0.0
0.0
0.0
0.0
0.0
0.012
0.1317
0.3102
0.4755
0.6038
0.6903
0.7342
0.7376
0.7007
0.6231
0.5049
0.352
0.1836
0.0491
0.0001
0.0
0.0
0.0
0.0
0.0
0.0
0.0
0.0
0.0
0.0108
0.1108
0.2689
0.4229
0.5449
0.6267
0.6664
0.663
0.6231
0.5465
0.4332
0.2922
0.1448
0.0362
0.0001
0.0
0.0
0.0
0.0
0.0
0.0
0.0
0.0
0.0
0.0086
0.0738
0.1681
0.2645
0.3482
0.4164
0.4542
0.4633
0.4405
0.3765
0.289
0.1838
0.0912
0.021
0.0
0.0
0.0
0.0
0.0
0.0
0.0
0.0
0.0
0.0
0.0065
0.0704
0.1768
0.2832
0.3623
0.4148
0.4361
0.4374
0.409
0.3445
0.2551
0.1676
0.0841
0.0196
0.0
0.0
0.0
0.0
0.0
0.0
0.0
0.0
0.0
0.0
0.0047
0.0646
0.1876
0.3317
0.4485
0.5197
0.5391
0.5107
0.4352
0.3378
0.235
0.1461
0.0695
0.015
0.0
0.0
0.0
0.0
0.0
0.0
0.0
0.0
0.0
0.0
0.0027
0.0401
0.1154
0.2096
0.3002
0.3603
0.3945
0.4086
0.3933
0.3504
0.278
0.1911
0.1016
0.0257
0.0001
0.0
0.0
0.0
0.0
0.0
0.0
0.0
0.0
0.0
0.0047
0.0635
0.172
0.2996
0.3953
0.4599
0.4954
0.4868
0.4501
0.3792
0.2769
0.1821
0.1
0.0277
0.0001
0.0
0.0
0.0
0.0
0.0
0.0
0.0
0.0
0.0
0.0074
0.0643
0.1539
0.2401
0.3158
0.3678
0.3931
0.3896
0.3549
0.3005
0.2357
0.1627
0.0871
0.0236
0.0001
0.0
0.0
0.0
0.0
0.0
0.0
0.0
0.0
0.0
0.0071
0.0767
0.2198
0.4038
0.531
0.5984
0.617
0.5854
0.5139
0.4233
0.314
0.2042
0.1059
0.0278
0.0001
0.0
0.0
0.0
0.0
0.0
0.0
0.0
0.0
0.0
0.0104
0.0768
0.189
0.3158
0.4071
0.4563
0.4618
0.4527
0.4172
0.3584
0.2827
0.1906
0.0977
0.0252
0.0001
0.0
0.0
0.0
0.0
0.0
0.0
0.0
0.0
0.0
0.0084
0.0715
0.187
0.3548
0.4852
0.557
0.5882
0.5805
0.5364
0.4632
0.3667
0.2527
0.1361
0.0373
0.0003
0.0
0.0
0.0
0.0
0.0
0.0
0.0
0.0
0.0
0.0112
0.0874
0.2194
0.3915
0.5427
0.6292
0.6666
0.663
0.6241
0.5492
0.4367
0.2994
0.1533
0.0415
0.0003
0.0
0.0
0.0
0.0
0.0
0.0
0.0
0.0
0.0
0.0131
0.1047
0.2543
0.4125
0.5456
0.631
0.679
0.6838
0.6495
0.5789
0.4723
0.3307
0.1766
0.0517
0.0009
0.0
0.0
0.0
0.0
0.0
0.0
0.0
0.0
0.0
0.018
0.1306
0.302
0.4636
0.5899
0.6744
0.718
0.721
0.6841
0.6054
0.487
0.3395
0.1817
0.0534
0.0009
0.0
0.0
0.0
0.0
0.0
0.0
0.0
0.0
0.0
0.014
0.0919
0.2142
0.3462
0.4605
0.5469
0.5883
0.5933
0.5584
0.493
0.3949
0.2752
0.1495
0.0461
0.001
0.0
0.0
0.0
0.0
0.0
0.0
0.0
0.0
0.0
0.0187
0.1279
0.2842
0.4263
0.5396
0.618
0.658
0.6561
0.6201
0.545
0.4408
0.3083
0.1719
0.053
0.001
0.0
0.0
0.0
0.0
0.0
0.0
0.0
0.0
0.0
0.015
0.1073
0.2496
0.4035
0.5379
0.6266
0.6784
0.692
0.6647
0.5974
0.4922
0.3505
0.1944
0.0617
0.0015
0.0
0.0
0.0
0.0
0.0
0.0
0.0
0.0
0.0
0.0214
0.1385
0.3028
0.4608
0.5839
0.6667
0.7093
0.713
0.6788
0.6061
0.4959
0.3507
0.1905
0.0614
0.0017
0.0
0.0
0.0
0.0
0.0
0.0
0.0
0.0
0.0
0.0236
0.1384
0.2923
0.4334
0.5403
0.6072
0.6349
0.6223
0.5688
0.4883
0.3899
0.2668
0.1358
0.0391
0.0007
0.0
0.0
0.0
0.0
0.0
0.0
0.0
0.0
0.0
0.0173
0.1108
0.2492
0.3955
0.5212
0.6167
0.66
0.671
0.6439
0.5833
0.4823
0.3462
0.1958
0.0642
0.0021
0.0
0.0
0.0
0.0
0.0
0.0
0.0
0.0
0.0
0.0189
0.1162
0.2535
0.3938
0.5147
0.6095
0.6662
0.6702
0.629
0.5453
0.4272
0.2856
0.1489
0.0464
0.0008
0.0
0.0
0.0
0.0
0.0
0.0
0.0
0.0
0.0
0.015
0.0906
0.2193
0.3619
0.4784
0.5571
0.5904
0.5968
0.5643
0.4982
0.4093
0.2904
0.1515
0.0434
0.0009
0.0
0.0
0.0
0.0
0.0
0.0
0.0
0.0
0.0
0.0129
0.0845
0.2083
0.3473
0.4613
0.5433
0.5859
0.5847
0.5498
0.4879
0.4008
0.2884
0.161
0.051
0.0012
0.0
0.0
0.0
0.0
0.0
0.0
0.0
0.0
0.0
0.0202
0.1172
0.2566
0.3955
0.5121
0.6016
0.6489
0.6587
0.6233
0.5604
0.4578
0.3202
0.1736
0.0536
0.0015
0.0
0.0
0.0
0.0
0.0
0.0
0.0
0.0
0.0
0.0252
0.1429
0.3035
0.4563
0.5781
0.661
0.7023
0.7033
0.6606
0.58
0.47
0.3358
0.1876
0.0624
0.0021
0.0
0.0
0.0
0.0
0.0
0.0
0.0
0.0
0.0
0.0261
0.1332
0.2848
0.4245
0.5247
0.5642
0.5573
0.5448
0.5119
0.4402
0.347
0.2375
0.1325
0.045
0.0016
0.0
0.0
0.0
0.0
0.0
0.0
0.0
0.0
0.0
0.0212
0.1216
0.2773
0.4378
0.5538
0.6321
0.6671
0.6623
0.622
0.5472
0.4377
0.3071
0.1707
0.0561
0.0022
0.0
0.0
0.0
0.0
0.0
0.0
0.0
0.0
0.0001
0.0224
0.1213
0.2783
0.4379
0.5623
0.643
0.6817
0.6813
0.6456
0.5744
0.4657
0.3286
0.1827
0.0595
0.0023
0.0
0.0
0.0
0.0
0.0
0.0
0.0
0.0
0.0
0.0252
0.1342
0.2898
0.4438
0.566
0.6466
0.6873
0.6937
0.6622
0.5916
0.4847
0.348
0.1973
0.0697
0.0044
0.0
0.0
0.0
0.0
0.0
0.0
0.0
0.0
0.0001
0.0349
0.1637
0.33
0.4828
0.6036
0.6862
0.7283
0.7318
0.6967
0.6241
0.5131
0.3691
0.2096
0.0748
0.0049
0.0
0.0
0.0
0.0
0.0
0.0
0.0
0.0
0.0
0.0298
0.1446
0.2947
0.4396
0.5573
0.6404
0.6828
0.6856
0.6419
0.5629
0.4482
0.308
0.1664
0.0561
0.0026
0.0
0.0
0.0
0.0
0.0
0.0
0.0
0.0
0.0001
0.0209
0.1068
0.24
0.3812
0.4973
0.5832
0.625
0.6236
0.5814
0.5083
0.4074
0.2897
0.1664
0.0605
0.003
0.0
0.0
0.0
0.0
0.0
0.0
0.0
0.0
0.0
0.0255
0.1269
0.2648
0.3977
0.4966
0.5536
0.5784
0.58
0.5499
0.492
0.4068
0.297
0.1729
0.0625
0.0035
0.0
0.0
0.0
0.0
0.0
0.0
0.0
0.0
0.0001
0.0285
0.1396
0.2855
0.4229
0.5299
0.5972
0.6258
0.6191
0.5784
0.5024
0.4005
0.2841
0.1642
0.0605
0.0036
0.0
0.0
0.0
0.0
0.0
0.0
0.0
0.0
0.0001
0.0237
0.1157
0.2438
0.3712
0.4798
0.5461
0.5833
0.5889
0.566
0.5063
0.413
0.3025
0.179
0.0631
0.0033
0.0
0.0
0.0
0.0
0.0
0.0
0.0
0.0
0.0001
0.0308
0.1424
0.2942
0.44
0.5555
0.6336
0.6722
0.6732
0.638
0.5675
0.4641
0.3367
0.1951
0.071
0.0051
0.0
0.0
0.0
0.0
0.0
0.0
0.0
0.0
0.0001
0.0332
0.1541
0.31
0.4536
0.5669
0.6437
0.6828
0.6842
0.6483
0.5768
0.4716
0.3395
0.1945
0.0701
0.0045
0.0
0.0
0.0
0.0
0.0
0.0
0.0
0.0
0.0002
0.0298
0.1364
0.2788
0.4167
0.5267
0.5995
0.6352
0.6289
0.5899
0.5196
0.4161
0.2931
0.1617
0.0527
0.002
0.0
0.0
0.0
0.0
0.0
0.0
0.0
0.0
0.0001
0.0262
0.1269
0.2597
0.3986
0.5157
0.5908
0.6216
0.6078
0.5662
0.4827
0.3764
0.2583
0.1437
0.0513
0.0032
0.0
0.0
0.0
0.0
0.0
0.0
0.0
0.0
0.0
0.0205
0.1123
0.2498
0.3889
0.5046
0.5898
0.636
0.6524
0.6281
0.566
0.4721
0.3453
0.2007
0.0746
0.0056
0.0
0.0
0.0
0.0
0.0
0.0
0.0
0.0
0.0
0.0247
0.1193
0.2554
0.386
0.4872
0.5496
0.5891
0.5858
0.5439
0.4701
0.3821
0.2774
0.1661
0.0612
0.0039
0.0
0.0
0.0
0.0
0.0
0.0
0.0
0.0
0.0001
0.0311
0.1434
0.2877
0.4298
0.5469
0.6254
0.6589
0.6575
0.6209
0.5585
0.4604
0.3318
0.1943
0.0724
0.0047
0.0
0.0
0.0
0.0
0.0
0.0
0.0
0.0
0.0001
0.0329
0.1481
0.299
0.4372
0.545
0.6125
0.6453
0.6431
0.6156
0.5521
0.45
0.3259
0.1911
0.0687
0.0046
0.0
0.0
0.0
0.0
0.0
0.0
0.0
0.0
0.0002
0.0289
0.1402
0.2834
0.4066
0.4971
0.5553
0.5851
0.5878
0.5601
0.4985
0.4059
0.2898
0.1694
0.0628
0.0038
0.0
0.0
0.0
0.0
0.0
0.0
0.0
0.0
0.0002
0.0255
0.1219
0.2705
0.4105
0.5132
0.5872
0.6254
0.6271
0.5876
0.509
0.4029
0.2869
0.1686
0.0618
0.0038
0.0
0.0
0.0
0.0
0.0
0.0
0.0
0.0
0.0002
0.0325
0.1439
0.2906
0.429
0.5304
0.5994
0.6358
0.6335
0.5973
0.529
0.4292
0.3072
0.1758
0.0621
0.0038
0.0
0.0
0.0
0.0
0.0
0.0
0.0
0.0
0.0
0.0301
0.1409
0.2907
0.4363
0.5516
0.6336
0.6812
0.6865
0.6566
0.5915
0.4907
0.3605
0.211
0.0789
0.0063
0.0
0.0
0.0
0.0
0.0
0.0
0.0
0.0
0.0001
0.034
0.1546
0.314
0.4642
0.5854
0.6669
0.7061
0.7012
0.658
0.5813
0.474
0.3406
0.198
0.0739
0.0059
0.0
0.0
0.0
0.0
0.0
0.0
0.0
0.0
0.0001
0.036
0.1579
0.3124
0.457
0.5723
0.6498
0.6904
0.6935
0.6594
0.5862
0.4808
0.3461
0.1966
0.0707
0.0055
0.0
0.0
0.0
0.0
0.0
0.0
0.0
0.0
0.0001
0.0347
0.1507
0.2999
0.4411
0.5545
0.6332
0.6747
0.6793
0.6487
0.5828
0.4819
0.3492
0.202
0.0732
0.0056
0.0
0.0
0.0
0.0
0.0
0.0
0.0
0.0
0.0002
0.0381
0.1592
0.3127
0.4553
0.5683
0.6454
0.6853
0.6887
0.6568
0.588
0.4829
0.3495
0.2039
0.0762
0.0059
0.0
0.0
0.0
0.0
0.0
0.0
0.0
0.0
0.0002
0.0361
0.1539
0.3075
0.4505
0.5621
0.6411
0.6792
0.6804
0.6467
0.578
0.4763
0.3444
0.2007
0.075
0.0056
0.0
0.0
0.0
0.0
0.0
0.0
0.0
0.0
0.0002
0.0316
0.1411
0.2844
0.4228
0.5328
0.606
0.6431
0.6453
0.6104
0.5391
0.4394
0.3188
0.1876
0.0688
0.0045
0.0
0.0
0.0
0.0
0.0
0.0
0.0
0.0
0.0001
0.0273
0.1323
0.2755
0.4118
0.523
0.6021
0.6492
0.6546
0.6244
0.5581
0.4568
0.3341
0.1927
0.0684
0.0047
0.0
0.0
0.0
0.0
0.0
0.0
0.0
0.0
0.0001
0.0305
0.1447
0.2974
0.4434
0.5604
0.6397
0.6782
0.679
0.6414
0.5659
0.4612
0.3317
0.1923
0.0693
0.0053
0.0
0.0
0.0
0.0
0.0
0.0
0.0
0.0
0.0001
0.0309
0.1486
0.3009
0.4459
0.5616
0.6404
0.6812
0.6856
0.6522
0.5835
0.4769
0.3419
0.1972
0.073
0.0062
0.0
0.0
0.0
0.0
0.0
0.0
0.0
0.0
0.0002
0.0308
0.1374
0.2763
0.4104
0.5204
0.6004
0.6422
0.645
0.6075
0.5254
0.4147
0.2879
0.1638
0.0602
0.0044
0.0
0.0
0.0
0.0
0.0
0.0
0.0
0.0
0.0001
0.0257
0.1284
0.271
0.4102
0.5208
0.5973
0.6322
0.6319
0.5892
0.5048
0.4015
0.2828
0.1645
0.0591
0.004
0.0
0.0
0.0
0.0
0.0
0.0
0.0
0.0
0.0001
0.0317
0.1487
0.2997
0.4413
0.5542
0.6302
0.6685
0.6645
0.6261
0.5534
0.4501
0.3242
0.1894
0.0712
0.0054
0.0
0.0
0.0
0.0
0.0
0.0
0.0
0.0
0.0001
0.0321
0.1464
0.3003
0.4418
0.5535
0.6331
0.6726
0.6745
0.6409
0.5742
0.4697
0.3386
0.1949
0.0726
0.0052
0.0
0.0
0.0
0.0
0.0
0.0
0.0
0.0
0.0001
0.0302
0.1428
0.2884
0.4248
0.5345
0.6162
0.6624
0.6698
0.6424
0.5779
0.479
0.3487
0.2032
0.0744
0.0055
0.0
0.0
0.0
0.0
0.0
0.0
0.0
0.0
0.0001
0.0315
0.1499
0.3028
0.4447
0.5567
0.6333
0.6724
0.6791
0.6481
0.5817
0.4769
0.3452
0.1992
0.0727
0.0051
0.0
0.0
0.0
0.0
0.0
0.0
0.0
0.0
0.0001
0.0287
0.1382
0.2836
0.4209
0.5225
0.588
0.6145
0.6129
0.5718
0.4973
0.3959
0.2767
0.1569
0.0539
0.0024
0.0
0.0
0.0
0.0
0.0
0.0
0.0
0.0
0.0001
0.0268
0.1339
0.2788
0.4199
0.5329
0.6112
0.6446
0.6425
0.5992
0.5261
0.4229
0.2992
0.1687
0.0596
0.0029
0.0
0.0
0.0
0.0
0.0
0.0
0.0
0.0
0.0001
0.0275
0.1355
0.2801
0.4123
0.5154
0.5863
0.6162
0.6027
0.5429
0.4656
0.3723
0.2632
0.1504
0.053
0.0023
0.0
0.0
0.0
0.0
0.0
0.0
0.0
0.0
0.0001
0.0244
0.1128
0.2235
0.3194
0.3944
0.4455
0.4769
0.4628
0.4195
0.3584
0.2871
0.2077
0.1181
0.0444
0.0028
0.0
0.0
0.0
0.0
0.0
0.0
0.0
0.0
0.0
0.0224
0.1227
0.2648
0.4042
0.5185
0.6012
0.6418
0.6512
0.6155
0.545
0.4413
0.3164
0.1826
0.0666
0.0044
0.0
0.0
0.0
0.0
0.0
0.0
0.0
0.0
0.0001
0.029
0.1449
0.2953
0.4368
0.5477
0.6244
0.6645
0.6672
0.6338
0.5646
0.4636
0.3317
0.1889
0.0666
0.0042
0.0
0.0
0.0
0.0
0.0
0.0
0.0
0.0
0.0001
0.029
0.1437
0.2931
0.4343
0.5458
0.6214
0.6593
0.6601
0.6225
0.5473
0.4426
0.3125
0.178
0.0629
0.0033
0.0
0.0
0.0
0.0
0.0
0.0
0.0
0.0
0.0001
0.0244
0.1247
0.2601
0.3936
0.5043
0.5922
0.6306
0.6322
0.6051
0.5421
0.4464
0.325
0.1863
0.0651
0.0034
0.0
0.0
0.0
0.0
0.0
0.0
0.0
0.0
0.0
0.0264
0.136
0.2845
0.4209
0.5329
0.6154
0.658
0.6674
0.6384
0.5735
0.4742
0.3422
0.1931
0.0663
0.0036
0.0
0.0
0.0
0.0
0.0
0.0
0.0
0.0
0.0
0.0261
0.1405
0.293
0.4431
0.5637
0.6482
0.693
0.696
0.6628
0.5942
0.4922
0.3552
0.2016
0.0692
0.0038
0.0
0.0
0.0
0.0
0.0
0.0
0.0
0.0
0.0
0.0263
0.1413
0.2996
0.4497
0.5666
0.6468
0.6906
0.6967
0.6651
0.5961
0.4921
0.356
0.2044
0.0723
0.004
0.0
0.0
0.0
0.0
0.0
0.0
0.0
0.0
0.0
0.0294
0.1507
0.3103
0.46
0.5775
0.6579
0.6985
0.7023
0.6696
0.6009
0.4962
0.3602
0.2066
0.0731
0.0041
0.0
0.0
0.0
0.0
0.0
0.0
0.0
0.0
0.0001
0.0296
0.1495
0.3072
0.4544
0.5701
0.6486
0.689
0.6915
0.6592
0.5911
0.4883
0.3532
0.2019
0.0703
0.0036
0.0
0.0
0.0
0.0
0.0
0.0
0.0
0.0
0.0
0.0295
0.1469
0.3017
0.4468
0.5605
0.6377
0.6776
0.6818
0.6504
0.5835
0.4805
0.3469
0.197
0.0669
0.0031
0.0
0.0
0.0
0.0
0.0
0.0
0.0
0.0
0.0
0.0274
0.1427
0.2964
0.4407
0.5525
0.6298
0.6696
0.6755
0.6439
0.5761
0.4743
0.3411
0.1932
0.0653
0.0025
0.0
0.0
0.0
0.0
0.0
0.0
0.0
0.0
0.0
0.0244
0.1335
0.2836
0.4273
0.5407
0.6174
0.6556
0.6635
0.6286
0.5571
0.4506
0.3185
0.176
0.0569
0.0019
0.0
0.0
0.0
0.0
0.0
0.0
0.0
0.0
0.0
0.016
0.1011
0.2211
0.3432
0.4399
0.5134
0.5578
0.5829
0.5575
0.4955
0.395
0.2766
0.1582
0.0527
0.0022
0.0
0.0
0.0
0.0
0.0
0.0
0.0
0.0
0.0
0.0184
0.121
0.2615
0.3904
0.4913
0.5585
0.5876
0.5836
0.5429
0.4747
0.3781
0.2655
0.1515
0.0516
0.0017
0.0
0.0
0.0
0.0
0.0
0.0
0.0
0.0
0.0
0.0213
0.1323
0.2856
0.4343
0.549
0.6254
0.664
0.6616
0.624
0.5552
0.4538
0.3225
0.1803
0.0573
0.0018
0.0
0.0
0.0
0.0
0.0
0.0
0.0
0.0
0.0
0.0188
0.1266
0.28
0.4326
0.554
0.6374
0.6792
0.681
0.6475
0.5783
0.4732
0.3405
0.1922
0.0626
0.0021
0.0
0.0
0.0
0.0
0.0
0.0
0.0
0.0
0.0
0.0203
0.1344
0.2923
0.441
0.5573
0.637
0.6775
0.6807
0.6488
0.5791
0.4745
0.3379
0.1879
0.0608
0.0021
0.0
0.0
0.0
0.0
0.0
0.0
0.0
0.0
0.0
0.0209
0.1365
0.2932
0.4414
0.5566
0.6359
0.6767
0.6808
0.647
0.5776
0.473
0.3378
0.1884
0.0595
0.0015
0.0
0.0
0.0
0.0
0.0
0.0
0.0
0.0
0.0
0.0194
0.1319
0.2863
0.4335
0.5501
0.628
0.6671
0.6692
0.6363
0.5692
0.4631
0.3286
0.1799
0.0545
0.0012
0.0
0.0
0.0
0.0
0.0
0.0
0.0
0.0
0.0
0.0174
0.1219
0.2659
0.4128
0.5285
0.6103
0.6544
0.659
0.628
0.5581
0.4539
0.3195
0.1758
0.0535
0.0013
0.0
0.0
0.0
0.0
0.0
0.0
0.0
0.0
0.0
0.0166
0.1272
0.283
0.4313
0.548
0.6275
0.668
0.6723
0.6403
0.5717
0.4637
0.3277
0.1783
0.053
0.0011
0.0
0.0
0.0
0.0
0.0
0.0
0.0
0.0
0.0
0.0152
0.1193
0.2695
0.4159
0.5303
0.6087
0.6454
0.6468
0.6138
0.5443
0.4415
0.3128
0.171
0.0501
0.0008
0.0
0.0
0.0
0.0
0.0
0.0
0.0
0.0
0.0
0.0144
0.1188
0.2732
0.4232
0.5423
0.6221
0.6621
0.6652
0.6297
0.5565
0.4507
0.3159
0.1717
0.0504
0.0006
0.0
0.0
0.0
0.0
0.0
0.0
0.0
0.0
0.0
0.0125
0.1081
0.2503
0.3853
0.5019
0.5903
0.6378
0.6454
0.6192
0.5545
0.4537
0.3214
0.1738
0.0489
0.0005
0.0
0.0
0.0
0.0
0.0
0.0
0.0
0.0
0.0
0.0137
0.1247
0.2855
0.4401
0.559
0.6407
0.6826
0.6858
0.6511
0.5812
0.4761
0.3387
0.1852
0.0539
0.0008
0.0
0.0
0.0
0.0
0.0
0.0
0.0
0.0
0.0
0.0143
0.1269
0.2878
0.4378
0.555
0.6349
0.6757
0.68
0.6473
0.5768
0.4704
0.333
0.1801
0.0519
0.0006
0.0
0.0
0.0
0.0
0.0
0.0
0.0
0.0
0.0
0.0145
0.1243
0.2818
0.4306
0.5458
0.6256
0.6673
0.6727
0.6403
0.5707
0.4629
0.322
0.1695
0.0457
0.0003
0.0
0.0
0.0
0.0
0.0
0.0
0.0
0.0
0.0
0.0114
0.1105
0.2544
0.3887
0.504
0.5745
0.6134
0.6107
0.5745
0.506
0.3992
0.278
0.1489
0.0386
0.0002
0.0
0.0
0.0
0.0
0.0
0.0
0.0
0.0
0.0
0.0089
0.102
0.2498
0.4051
0.5332
0.6221
0.6679
0.6727
0.642
0.575
0.4691
0.3329
0.1803
0.0508
0.0005
0.0
0.0
0.0
0.0
0.0
0.0
0.0
0.0
0.0
0.0116
0.1231
0.2867
0.4394
0.5591
0.6403
0.6812
0.6857
0.6529
0.5835
0.4763
0.3364
0.1807
0.0502
0.0004
0.0
0.0
0.0
0.0
0.0
0.0
0.0
0.0
0.0
0.0126
0.1252
0.2878
0.4401
0.5592
0.6399
0.6811
0.6846
0.6515
0.5817
0.475
0.3353
0.1793
0.049
0.0003
0.0
0.0
0.0
0.0
0.0
0.0
0.0
0.0
0.0
0.012
0.1226
0.282
0.4334
0.5527
0.634
0.6759
0.6806
0.6477
0.5773
0.4698
0.3296
0.1744
0.0446
0.0001
0.0
0.0
0.0
0.0
0.0
0.0
0.0
0.0
0.0
0.0077
0.1016
0.2517
0.3971
0.514
0.5932
0.6308
0.6399
0.6016
0.5232
0.4129
0.2803
0.1444
0.0346
0.0001
0.0
0.0
0.0
0.0
0.0
0.0
0.0
0.0
0.0
0.0064
0.0902
0.2295
0.3764
0.497
0.5854
0.6279
0.6299
0.5943
0.5181
0.4201
0.2911
0.152
0.0389
0.0001
0.0
0.0
0.0
0.0
0.0
0.0
0.0
0.0
0.0
0.0082
0.1112
0.2752
0.4353
0.5611
0.6448
0.6883
0.6924
0.6582
0.5863
0.4745
0.3308
0.1727
0.0426
0.0001
0.0
0.0
0.0
0.0
0.0
0.0
0.0
0.0
0.0
0.008
0.1133
0.2781
0.434
0.5561
0.6392
0.6817
0.6864
0.6524
0.5801
0.4682
0.3255
0.1684
0.0401
0.0
0.0
0.0
0.0
0.0
0.0
0.0
0.0
0.0
0.0
0.0081
0.1113
0.2707
0.4243
0.5462
0.6297
0.673
0.6788
0.6449
0.5735
0.4634
0.3218
0.1656
0.0373
0.0
0.0
0.0
0.0
0.0
0.0
0.0
0.0
0.0
0.0
0.0068
0.1053
0.2648
0.4175
0.5388
0.6217
0.6642
0.6701
0.6358
0.5629
0.4515
0.3076
0.1552
0.033
0.0
0.0
0.0
0.0
0.0
0.0
0.0
0.0
0.0
0.0
0.0057
0.0934
0.2427
0.3929
0.5118
0.5925
0.6302
0.631
0.5926
0.518
0.405
0.2672
0.1292
0.0256
0.0
0.0
0.0
0.0
0.0
0.0
0.0
0.0
0.0
0.0
0.0037
0.0774
0.2119
0.3503
0.4654
0.5385
0.5699
0.564
0.5265
0.4623
0.3687
0.2499
0.1248
0.0234
0.0
0.0
0.0
0.0
0.0
0.0
0.0
0.0
0.0
0.0
0.0032
0.0693
0.1885
0.3118
0.4198
0.4931
0.5306
0.5413
0.5211
0.4622
0.3648
0.2488
0.1233
0.023
0.0
0.0
0.0
0.0
0.0
0.0
0.0
0.0
0.0
0.0
0.0028
0.0846
0.2405
0.3989
0.5238
0.6097
0.6549
0.6633
0.6296
0.5581
0.4486
0.3094
0.1548
0.0308
0.0
0.0
0.0
0.0
0.0
0.0
0.0
0.0
0.0
0.0
0.0034
0.0903
0.2391
0.3837
0.4985
0.5763
0.6166
0.6202
0.5851
0.5104
0.402
0.268
0.1286
0.0226
0.0
0.0
0.0
0.0
0.0
0.0
0.0
0.0
0.0
0.0
0.0022
0.0833
0.2358
0.3878
0.5099
0.5926
0.6413
0.6517
0.6237
0.5539
0.4441
0.3036
0.1513
0.0292
0.0
0.0
0.0
0.0
0.0
0.0
0.0
0.0
0.0
0.0
0.0024
0.0958
0.2646
0.4241
0.549
0.6355
0.678
0.6812
0.6463
0.5719
0.4595
0.3143
0.1547
0.0296
0.0
0.0
0.0
0.0
0.0
0.0
0.0
0.0
0.0
0.0
0.0034
0.0976
0.2632
0.4197
0.5418
0.6246
0.6672
0.6709
0.6368
0.5648
0.4543
0.3102
0.152
0.0278
0.0
0.0
0.0
0.0
0.0
0.0
0.0
0.0
0.0
0.0
0.0032
0.0967
0.2582
0.4136
0.5361
0.6196
0.6626
0.6672
0.6332
0.561
0.4495
0.3052
0.1468
0.0241
0.0
0.0
0.0
0.0
0.0
0.0
0.0
0.0
0.0
0.0
0.0029
0.0891
0.2428
0.3979
0.5242
0.6104
0.6462
0.6409
0.6041
0.5373
0.433
0.2944
0.1426
0.0223
0.0
0.0
0.0
0.0
0.0
0.0
0.0
0.0
0.0
0.0
0.0028
0.0903
0.2484
0.4045
0.5276
0.612
0.6547
0.6594
0.623
0.5472
0.4313
0.2827
0.1285
0.0172
0.0
0.0
0.0
0.0
0.0
0.0
0.0
0.0
0.0
0.0
0.002
0.0756
0.2195
0.3643
0.4805
0.5652
0.6175
0.6364
0.6069
0.5324
0.4223
0.2782
0.128
0.0176
0.0
0.0
0.0
0.0
0.0
0.0
0.0
0.0
0.0
0.0
0.0014
0.0711
0.2183
0.3703
0.4922
0.5744
0.6216
0.6315
0.5951
0.5241
0.4161
0.2774
0.1268
0.0168
0.0
0.0
0.0
0.0
0.0
0.0
0.0
0.0
0.0
0.0
0.001
0.0712
0.2261
0.3862
0.51
0.599
0.6457
0.6543
0.6173
0.5446
0.432
0.2861
0.1309
0.0169
0.0
0.0
0.0
0.0
0.0
0.0
0.0
0.0
0.0
0.0
0.0006
0.0708
0.2268
0.381
0.5072
0.5933
0.6408
0.6467
0.6098
0.5349
0.4207
0.2825
0.1302
0.0173
0.0
0.0
0.0
0.0
0.0
0.0
0.0
0.0
0.0
0.0
0.0004
0.0671
0.226
0.3916
0.526
0.6168
0.6636
0.6695
0.6314
0.5549
0.44
0.2937
0.135
0.0172
0.0
0.0
0.0
0.0
0.0
0.0
0.0
0.0
0.0
0.0
0.0005
0.0645
0.2177
0.3863
0.5169
0.6053
0.6505
0.6525
0.6122
0.5282
0.4055
0.2621
0.1144
0.0117
0.0
0.0
0.0
0.0
0.0
0.0
0.0
0.0
0.0
0.0
0.0005
0.0653
0.2244
0.3849
0.509
0.591
0.6285
0.6264
0.5827
0.5014
0.3869
0.2524
0.1107
0.0112
0.0
0.0
0.0
0.0
0.0
0.0
0.0
0.0
0.0
0.0
0.0005
0.0679
0.2284
0.3892
0.5153
0.6011
0.6458
0.644
0.6017
0.5222
0.404
0.2557
0.1073
0.0085
0.0
0.0
0.0
0.0
0.0
0.0
0.0
0.0
0.0
0.0
0.0003
0.0596
0.2033
0.3509
0.4713
0.5607
0.6094
0.6112
0.5769
0.4998
0.3811
0.2428
0.1011
0.0072
0.0
0.0
0.0
0.0
0.0
0.0
0.0
0.0
0.0
0.0
0.0003
0.0554
0.2015
0.3569
0.4782
0.5587
0.6003
0.6006
0.5677
0.4958
0.3852
0.242
0.0981
0.007
0.0
0.0
0.0
0.0
0.0
0.0
0.0
0.0
0.0
0.0
0.0001
0.0573
0.2145
0.3726
0.4975
0.5831
0.6276
0.6382
0.6022
0.5259
0.4103
0.2655
0.1114
0.0081
0.0
0.0
0.0
0.0
0.0
0.0
0.0
0.0
0.0
0.0
0.0003
0.0602
0.2174
0.3764
0.5
0.5858
0.6303
0.6403
0.6049
0.5301
0.4158
0.2689
0.1133
0.0068
0.0
0.0
0.0
0.0
0.0
0.0
0.0
0.0
0.0
0.0
0.0002
0.0571
0.2119
0.372
0.4988
0.5847
0.6293
0.6439
0.6086
0.5326
0.4163
0.2673
0.1099
0.0062
0.0
0.0
0.0
0.0
0.0
0.0
0.0
0.0
0.0
0.0
0.0001
0.049
0.1981
0.3581
0.4849
0.575
0.6245
0.6358
0.6036
0.524
0.4065
0.2583
0.1046
0.006
0.0
0.0
0.0
0.0
0.0
0.0
0.0
0.0
0.0
0.0
0.0
0.0477
0.2035
0.3666
0.4896
0.572
0.6149
0.618
0.5747
0.4967
0.385
0.2427
0.0983
0.0048
0.0
0.0
0.0
0.0
0.0
0.0
0.0
0.0
0.0
0.0
0.0
0.0484
0.2041
0.366
0.4905
0.5761
0.6183
0.6185
0.5769
0.4984
0.384
0.244
0.0982
0.0039
0.0
0.0
0.0
0.0
0.0
0.0
0.0
0.0
0.0
0.0
0.0
0.0471
0.2016
0.3655
0.4954
0.585
0.6301
0.6322
0.5941
0.5132
0.3941
0.2473
0.0973
0.0037
0.0
0.0
0.0
0.0
0.0
0.0
0.0
0.0
0.0
0.0
0.0
0.0478
0.2079
0.3714
0.4997
0.5866
0.6291
0.6329
0.5922
0.5121
0.3905
0.2426
0.0929
0.003
0.0
0.0
0.0
0.0
0.0
0.0
0.0
0.0
0.0
0.0
0.0
0.0238
0.1246
0.2559
0.3748
0.4636
0.5015
0.5114
0.4886
0.4205
0.3174
0.1949
0.0724
0.0024
0.0
0.0
0.0
0.0
0.0
0.0
0.0
0.0
0.0
0.0
0.0
0.0366
0.1734
0.3149
0.4243
0.4975
0.5326
0.5334
0.4964
0.4212
0.3126
0.1888
0.0674
0.0011
0.0
0.0
0.0
0.0
0.0
0.0
0.0
0.0
0.0
0.0
0.0
0.0322
0.1643
0.3224
0.445
0.5347
0.5864
0.5915
0.5466
0.4607
0.3486
0.21
0.0729
0.0011
0.0
0.0
0.0
0.0
0.0
0.0
0.0
0.0
0.0
0.0
0.0
0.037
0.1828
0.3557
0.5021
0.6013
0.6562
0.6613
0.6231
0.5402
0.4162
0.2593
0.0947
0.0017
0.0
0.0
0.0
0.0
0.0
0.0
0.0
0.0
0.0
0.0
0.0
0.0284
0.1488
0.2733
0.3862
0.4809
0.534
0.5368
0.496
0.4198
0.3172
0.1932
0.0689
0.001
0.0
0.0
0.0
0.0
0.0
0.0
0.0
0.0
0.0
0.0
0.0
0.0287
0.1747
0.3627
0.5179
0.6199
0.6705
0.6744
0.6374
0.5595
0.4373
0.2759
0.1054
0.0016
0.0
0.0
0.0
0.0
0.0
0.0
0.0
0.0
0.0
0.0
0.0
0.0328
0.1846
0.3631
0.5052
0.5964
0.642
0.6365
0.5837
0.4904
0.363
0.2145
0.072
0.0007
0.0
0.0
0.0
0.0
0.0
0.0
0.0
0.0
0.0
0.0
0.0
0.0113
0.1067
0.2548
0.3947
0.4921
0.5481
0.5648
0.5437
0.4792
0.3721
0.2291
0.0832
0.0009
0.0
0.0
0.0
0.0
0.0
0.0
0.0
0.0
0.0
0.0
0.0
0.031
0.1882
0.368
0.5118
0.6067
0.6548
0.6591
0.6217
0.5418
0.4171
0.256
0.092
0.0006
0.0
0.0
0.0
0.0
0.0
0.0
0.0
0.0
0.0
0.0
0.0
0.027
0.1617
0.3174
0.4491
0.5408
0.5873
0.5865
0.5379
0.4451
0.3175
0.1732
0.0496
0.0001
0.0
0.0
0.0
0.0
0.0
0.0
0.0
0.0
0.0
0.0
0.0
0.0157
0.138
0.2961
0.4325
0.5313
0.576
0.5717
0.5297
0.4549
0.3442
0.2092
0.0743
0.0004
0.0
0.0
0.0
0.0
0.0
0.0
0.0
0.0
0.0
0.0
0.0
0.0183
0.1502
0.3209
0.4499
0.5378
0.5797
0.5787
0.533
0.4492
0.3246
0.1813
0.0507
0.0
0.0
0.0
0.0
0.0
0.0
0.0
0.0
0.0
0.0
0.0
0.0
0.0147
0.1374
0.303
0.438
0.5244
0.5641
0.5531
0.5039
0.4107
0.2949
0.1555
0.0365
0.0
0.0
0.0
0.0
0.0
0.0
0.0
0.0
0.0
0.0
0.0
0.0
0.005
0.0637
0.172
0.3006
0.402
0.4539
0.468
0.4319
0.3523
0.2527
0.1446
0.0422
0.0
0.0
0.0
0.0
0.0
0.0
0.0
0.0
0.0
0.0
0.0
0.0
0.0168
0.1588
0.3375
0.4804
0.5774
0.6247
0.6273
0.5854
0.503
0.3805
0.2237
0.0687
0.0
0.0
0.0
0.0
0.0
0.0
0.0
0.0
0.0
0.0
0.0
0.0
0.0141
0.1466
0.3319
0.4837
0.576
0.629
0.6407
0.6065
0.5266
0.4013
0.2413
0.076
0.0
0.0
0.0
0.0
0.0
0.0
0.0
0.0
0.0
0.0
0.0
0.0
0.0187
0.1714
0.3607
0.5046
0.6009
0.6506
0.6554
0.6175
0.5348
0.4081
0.2457
0.0771
0.0
0.0
0.0
0.0
0.0
0.0
0.0
0.0
0.0
0.0
0.0
0.0
0.0148
0.1556
0.336
0.4627
0.5439
0.581
0.5783
0.529
0.4389
0.3098
0.1634
0.0359
0.0
0.0
0.0
0.0
0.0
0.0
0.0
0.0
0.0
0.0
0.0
0.0
0.0077
0.1275
0.3055
0.4511
0.5477
0.5923
0.5999
0.5639
0.474
0.3388
0.1794
0.0407
0.0
0.0
0.0
0.0
0.0
0.0
0.0
0.0
0.0
0.0
0.0
0.0
0.006
0.1085
0.2833
0.4451
0.5615
0.6208
0.6314
0.596
0.5142
0.3897
0.2306
0.0688
0.0
0.0
0.0
0.0
0.0
0.0
0.0
0.0
0.0
0.0
0.0
0.0
0.0098
0.1351
0.3092
0.4604
0.5589
0.6112
0.6198
0.5814
0.4958
0.365
0.2049
0.0485
0.0
0.0
0.0
0.0
0.0
0.0
0.0
0.0
0.0
0.0
0.0
0.0
0.0079
0.1303
0.3118
0.4607
0.5577
0.6045
0.6059
0.5629
0.4784
0.3551
0.1989
0.0464
0.0
0.0
0.0
0.0
0.0
0.0
0.0
0.0
0.0
0.0
0.0
0.0
0.0042
0.1017
0.2709
0.4077
0.5005
0.5426
0.5396
0.4932
0.413
0.2943
0.1552
0.0287
0.0
0.0
0.0
0.0
0.0
0.0
0.0
0.0
0.0
0.0
0.0
0.0
0.0015
0.0712
0.2046
0.3464
0.468
0.5448
0.57
0.5449
0.4725
0.3554
0.2024
0.0461
0.0
0.0
0.0
0.0
0.0
0.0
0.0
0.0
0.0
0.0
0.0
0.0
0.0051
0.1076
0.2787
0.4349
0.5429
0.6002
0.6085
0.5688
0.4808
0.3463
0.1866
0.037
0.0
0.0
0.0
0.0
0.0
0.0
0.0
0.0
0.0
0.0
0.0
0.0
0.0048
0.1134
0.2938
0.448
0.55
0.6001
0.6001
0.5535
0.4661
0.3386
0.1863
0.0373
0.0
0.0
0.0
0.0
0.0
0.0
0.0
0.0
0.0
0.0
0.0
0.0
0.0029
0.113
0.2996
0.4567
0.5618
0.6164
0.6183
0.577
0.4952
0.3689
0.2076
0.0413
0.0
0.0
0.0
0.0
0.0
0.0
0.0
0.0
0.0
0.0
0.0
0.0
0.0039
0.1204
0.3045
0.4654
0.5731
0.6254
0.6304
0.5892
0.5046
0.3767
0.2118
0.0385
0.0
0.0
0.0
0.0
0.0
0.0
0.0
0.0
0.0
0.0
0.0
0.0
0.0048
0.1358
0.3178
0.4607
0.5527
0.5943
0.5893
0.5434
0.4605
0.3385
0.1882
0.0308
0.0
0.0
0.0
0.0
0.0
0.0
0.0
0.0
0.0
0.0
0.0
0.0
0.001
0.0309
0.0871
0.144
0.1833
0.2003
0.1866
0.1495
0.11
0.0705
0.0321
0.0039
0.0
0.0
0.0
0.0
0.0
0.0
0.0
0.0
0.0
0.0
0.0
0.0
0.0
0.0307
0.1198
0.2446
0.3255
0.3503
0.3519
0.3278
0.2774
0.1923
0.09
0.0104
0.0
0.0
0.0
0.0
0.0
0.0
0.0
0.0
0.0
0.0
0.0
0.0
0.0008
0.0581
0.1985
0.3751
0.4934
0.5579
0.5742
0.5496
0.4782
0.3538
0.1936
0.0287
0.0
0.0
0.0
0.0
0.0
0.0
0.0
0.0
0.0
0.0
0.0
0.0
0.002
0.1148
0.2909
0.4361
0.5428
0.6043
0.6142
0.5806
0.4991
0.3659
0.1925
0.0213
0.0
0.0
0.0
0.0
0.0
0.0
0.0
0.0
0.0
0.0
0.0
0.0
0.0007
0.056
0.182
0.309
0.407
0.4577
0.4661
0.4272
0.3375
0.22
0.0982
0.0088
0.0
0.0
0.0
0.0
0.0
0.0
0.0
0.0
0.0
0.0
0.0
0.0
0.0003
0.0438
0.1597
0.2846
0.37
0.4154
0.422
0.3802
0.2953
0.1823
0.0767
0.0061
0.0
0.0
0.0
0.0
0.0
0.0
0.0
0.0
0.0
0.0
0.0
0.0
0.0001
0.0339
0.1227
0.2313
0.3155
0.363
0.3626
0.3242
0.2556
0.1613
0.0697
0.0051
0.0
0.0
0.0
0.0
0.0
0.0
0.0
0.0
0.0
0.0
0.0
0.0
0.0002
0.036
0.1414
0.2662
0.359
0.3978
0.3815
0.3313
0.2594
0.1673
0.0748
0.0039
0.0
0.0
0.0
0.0
0.0
0.0
0.0
0.0
0.0
0.0
0.0
0.0
0.0001
0.0301
0.1248
0.239
0.3375
0.3948
0.4074
0.3859
0.3342
0.2391
0.1208
0.009
0.0
0.0
0.0
0.0
0.0
0.0
0.0
0.0
0.0
0.0
0.0
0.0
0.0002
0.064
0.2251
0.381
0.4913
0.545
0.5388
0.4781
0.3776
0.2446
0.1001
0.0047
0.0
0.0
0.0
0.0
0.0
0.0
0.0
0.0
0.0
0.0
0.0
0.0
0.0
0.0308
0.1266
0.2361
0.3051
0.3418
0.3481
0.3241
0.2662
0.1781
0.0821
0.0049
0.0
0.0
0.0
0.0
0.0
0.0
0.0
0.0
0.0
0.0
0.0
0.0
0.0001
0.035
0.1411
0.279
0.3841
0.4348
0.4342
0.3918
0.3068
0.1933
0.0775
0.0027
0.0
0.0
0.0
0.0
0.0
0.0
0.0
0.0
0.0
0.0
0.0
0.0
0.0001
0.025
0.1056
0.1923
0.2642
0.307
0.3071
0.2783
0.2219
0.1508
0.0679
0.0039
0.0
0.0
0.0
0.0
0.0
0.0
0.0
0.0
0.0
0.0
0.0
0.0
0.0
0.0142
0.0797
0.1866
0.2878
0.3427
0.3553
0.3241
0.2577
0.1678
0.0649
0.0025
0.0
0.0
0.0
0.0
0.0
0.0
0.0
0.0
0.0
0.0
0.0
0.0
0.0
0.0411
0.1822
0.3236
0.4196
0.4737
0.4829
0.4388
0.3637
0.2487
0.1183
0.0054
0.0
0.0
0.0
0.0
0.0
0.0
0.0
0.0
0.0
0.0
0.0
0.0
0.0001
0.0472
0.1968
0.3488
0.4543
0.5125
0.5312
0.4923
0.4041
0.2801
0.1376
0.0046
0.0
0.0
0.0
0.0
0.0
0.0
0.0
0.0
0.0
0.0
0.0
0.0
0.0001
0.0583
0.225
0.3924
0.5018
0.5578
0.5693
0.5309
0.4482
0.3209
0.1622
0.005
0.0
0.0
0.0
0.0
0.0
0.0
0.0
0.0
0.0
0.0
0.0
0.0
0.0001
0.0717
0.2589
0.4278
0.5367
0.5914
0.5979
0.5586
0.4735
0.3438
0.184
0.0067
0.0
0.0
0.0
0.0
0.0
0.0
0.0
0.0
0.0
0.0
0.0
0.0
0.0001
0.0843
0.2831
0.4467
0.5535
0.6073
0.614
0.5747
0.4887
0.3563
0.1919
0.0069
0.0
0.0
0.0
0.0
0.0
0.0
0.0
0.0
0.0
0.0
0.0
0.0
0.0
0.0701
0.2576
0.4246
0.5361
0.5942
0.6027
0.563
0.4756
0.3419
0.1755
0.0047
0.0
0.0
0.0
0.0
0.0
0.0
0.0
0.0
0.0
0.0
0.0
0.0
0.0
0.0353
0.1629
0.3135
0.4326
0.4946
0.5024
0.4578
0.3703
0.2465
0.1034
0.0017
0.0
0.0
0.0
0.0
0.0
0.0
0.0
0.0
0.0
0.0
0.0
0.0
0.0
0.0443
0.2081
0.3671
0.4801
0.5422
0.5528
0.5099
0.4172
0.283
0.1194
0.0015
0.0
0.0
0.0
0.0
0.0
0.0
0.0
0.0
0.0
0.0
0.0
0.0
0.0
0.0392
0.183
0.3269
0.4295
0.4814
0.4818
0.4365
0.3493
0.2258
0.0883
0.0006
0.0
0.0
0.0
0.0
0.0
0.0
0.0
0.0
0.0
0.0
0.0
0.0
0.0
0.0082
0.0455
0.0837
0.1177
0.1366
0.1399
0.1284
0.1011
0.0593
0.0175
0.0001
0.0
0.0
0.0
0.0
0.0
0.0
0.0
0.0
0.0
0.0
0.0
0.0
0.0
0.0076
0.0692
0.1752
0.2723
0.3183
0.3083
0.2613
0.1948
0.1212
0.041
0.0005
0.0
0.0
0.0
0.0
0.0
0.0
0.0
0.0
0.0
0.0
0.0
0.0
0.0
0.0281
0.1541
0.3178
0.4291
0.4919
0.5031
0.457
0.3672
0.2456
0.1019
0.0012
0.0
0.0
0.0
0.0
0.0
0.0
0.0
0.0
0.0
0.0
0.0
0.0
0.0
0.0327
0.1681
0.3279
0.416
0.444
0.4272
0.3725
0.2924
0.1892
0.0753
0.001
0.0
0.0
0.0
0.0
0.0
0.0
0.0
0.0
0.0
0.0
0.0
0.0
0.0
0.0295
0.1579
0.3146
0.4348
0.4997
0.5115
0.4729
0.3886
0.2621
0.1081
0.0008
0.0
0.0
0.0
0.0
0.0
0.0
0.0
0.0
0.0
0.0
0.0
0.0
0.0
0.0144
0.1097
0.2419
0.3307
0.3801
0.3824
0.3462
0.2688
0.1662
0.0556
0.0001
0.0
0.0
0.0
0.0
0.0
0.0
0.0
0.0
0.0
0.0
0.0
0.0
0.0
0.0243
0.137
0.2948
0.4264
0.4991
0.5266
0.4969
0.4188
0.293
0.1251
0.0007
0.0
0.0
0.0
0.0
0.0
0.0
0.0
0.0
0.0
0.0
0.0
0.0
0.0
0.032
0.1667
0.3114
0.4269
0.4914
0.4893
0.4414
0.346
0.2139
0.0742
0.0001
0.0
0.0
0.0
0.0
0.0
0.0
0.0
0.0
0.0
0.0
0.0
0.0
0.0
0.026
0.1446
0.2626
0.3421
0.3675
0.3541
0.298
0.208
0.1089
0.0281
0.0
0.0
0.0
0.0
0.0
0.0
0.0
0.0
0.0
0.0
0.0
0.0
0.0
0.0
0.006
0.0726
0.1943
0.3424
0.4488
0.481
0.4535
0.3759
0.252
0.0973
0.0003
0.0
0.0
0.0
0.0
0.0
0.0
0.0
0.0
0.0
0.0
0.0
0.0
0.0
0.0241
0.1688
0.3419
0.4656
0.5425
0.5611
0.5241
0.4289
0.2917
0.1204
0.0003
0.0
0.0
0.0
0.0
0.0
0.0
0.0
0.0
0.0
0.0
0.0
0.0
0.0
0.0273
0.1976
0.3887
0.5109
0.5717
0.5797
0.5383
0.4478
0.3098
0.128
0.0003
0.0
0.0
0.0
0.0
0.0
0.0
0.0
0.0
0.0
0.0
0.0
0.0
0.0
0.0252
0.1845
0.3643
0.4955
0.5605
0.5704
0.5289
0.4362
0.2954
0.1175
0.0002
0.0
0.0
0.0
0.0
0.0
0.0
0.0
0.0
0.0
0.0
0.0
0.0
0.0
0.0242
0.1754
0.3364
0.4614
0.5289
0.5425
0.5056
0.4186
0.2819
0.1032
0.0001
0.0
0.0
0.0
0.0
0.0
0.0
0.0
0.0
0.0
0.0
0.0
0.0
0.0
0.0193
0.1261
0.234
0.312
0.3628
0.3627
0.314
0.2279
0.1223
0.029
0.0
0.0
0.0
0.0
0.0
0.0
0.0
0.0
0.0
0.0
0.0
0.0
0.0
0.0
0.0096
0.0986
0.2451
0.3807
0.4631
0.4854
0.4424
0.3469
0.219
0.0708
0.0001
0.0
0.0
0.0
0.0
0.0
0.0
0.0
0.0
0.0
0.0
0.0
0.0
0.0
0.0029
0.0378
0.0963
0.1456
0.1747
0.1815
0.1559
0.1146
0.0633
0.014
0.0
0.0
0.0
0.0
0.0
0.0
0.0
0.0
0.0
0.0
0.0
0.0
0.0
0.0
0.0014
0.0522
0.1479
0.2482
0.3114
0.3273
0.3021
0.2421
0.1451
0.0343
0.0
0.0
0.0
0.0
0.0
0.0
0.0
0.0
0.0
0.0
0.0
0.0
0.0
0.0
0.0021
0.0361
0.0951
0.1584
0.2053
0.2211
0.2053
0.1594
0.0845
0.0223
0.0
0.0
0.0
0.0
0.0
0.0
0.0
0.0
0.0
0.0
0.0
0.0
0.0
0.0
0.0019
0.0523
0.1417
0.2243
0.2649
0.2691
0.2409
0.187
0.1101
0.0311
0.0
0.0
0.0
0.0
0.0
0.0
0.0
0.0
0.0
0.0
0.0
0.0
0.0
0.0
0.0055
0.0725
0.1825
0.2936
0.3636
0.3799
0.3445
0.2633
0.1495
0.0315
0.0
0.0
0.0
0.0
0.0
0.0
0.0
0.0
0.0
0.0
0.0
0.0
0.0
0.0
0.0082
0.0872
0.2141
0.3125
0.3616
0.3588
0.3069
0.224
0.1182
0.0222
0.0
0.0
0.0
0.0
0.0
0.0
0.0
0.0
0.0
0.0
0.0
0.0
0.0
0.0
0.0015
0.0327
0.088
0.1381
0.169
0.171
0.1461
0.1063
0.0566
0.0113
0.0
0.0
0.0
0.0
0.0
0.0
0.0
0.0
0.0
0.0
0.0
0.0
0.0
0.0
0.0011
0.039
0.112
0.1864
0.2324
0.2443
0.216
0.1537
0.0744
0.0134
0.0
0.0
0.0
0.0
0.0
0.0
0.0
0.0
0.0
0.0
0.0
0.0
0.0
0.0
0.0025
0.0582
0.1667
0.2824
0.386
0.4265
0.3913
0.2971
0.1719
0.0384
0.0
0.0
0.0
0.0
0.0
0.0
0.0
0.0
0.0
0.0
0.0
0.0
0.0
0.0
0.0036
0.0732
0.1998
0.3347
0.4313
0.4465
0.397
0.3017
0.1667
0.0379
0.0
0.0
0.0
0.0
0.0
0.0
0.0
0.0
0.0
0.0
0.0
0.0
0.0
0.0
0.0036
0.0698
0.1905
0.3102
0.3841
0.4029
0.3664
0.2782
0.1434
0.0215
0.0
0.0
0.0
0.0
0.0
0.0
0.0
0.0
0.0
0.0
0.0
0.0
0.0
0.0
0.0039
0.0507
0.128
0.2068
0.2595
0.2706
0.2337
0.169
0.0899
0.0136
0.0
0.0
0.0
0.0
0.0
0.0
0.0
0.0
0.0
0.0
0.0
0.0
0.0
0.0
0.0031
0.0732
0.2031
0.3499
0.4537
0.4727
0.4256
0.3371
0.1925
0.0311
0.0
0.0
0.0
0.0
0.0
0.0
0.0
0.0
0.0
0.0
0.0
0.0
0.0
0.0
0.0065
0.0906
0.2283
0.3487
0.4193
0.4279
0.3841
0.2812
0.1522
0.0228
0.0
0.0
0.0
0.0
0.0
0.0
0.0
0.0
0.0
0.0
0.0
0.0
0.0
0.0
0.0006
0.0289
0.0916
0.1673
0.2365
0.2569
0.235
0.1757
0.0879
0.0151
0.0
0.0
0.0
0.0
0.0
0.0
0.0
0.0
0.0
0.0
0.0
0.0
0.0
0.0
0.0008
0.0545
0.1661
0.2748
0.3423
0.3634
0.3278
0.2516
0.136
0.0297
0.0
0.0
0.0
0.0
0.0
0.0
0.0
0.0
0.0
0.0
0.0
0.0
0.0
0.0
0.0035
0.0937
0.2585
0.4033
0.487
0.5137
0.475
0.382
0.2353
0.051
0.0
0.0
0.0
0.0
0.0
0.0
0.0
0.0
0.0
0.0
0.0
0.0
0.0
0.0
0.0062
0.1206
0.2766
0.412
0.4819
0.4954
0.4568
0.3619
0.2124
0.0425
0.0
0.0
0.0
0.0
0.0
0.0
0.0
0.0
0.0
0.0
0.0
0.0
0.0
0.0
0.0049
0.0989
0.2449
0.3895
0.4816
0.5008
0.4627
0.3711
0.2265
0.0491
0.0
0.0
0.0
0.0
0.0
0.0
0.0
0.0
0.0
0.0
0.0
0.0
0.0
0.0
0.004
0.0855
0.2307
0.3717
0.4665
0.4966
0.4651
0.3736
0.2283
0.0483
0.0
0.0
0.0
0.0
0.0
0.0
0.0
0.0
0.0
0.0
0.0
0.0
0.0
0.0
0.0028
0.0685
0.1889
0.3295
0.4346
0.4624
0.4286
0.337
0.1975
0.04
0.0
0.0
0.0
0.0
0.0
0.0
0.0
0.0
0.0
0.0
0.0
0.0
0.0
0.0
0.0037
0.1007
0.2541
0.4052
0.4878
0.5088
0.4723
0.3795
0.232
0.0498
0.0
0.0
0.0
0.0
0.0
0.0
0.0
0.0
0.0
0.0
0.0
0.0
0.0
0.0
0.0047
0.1223
0.2883
0.4251
0.5076
0.5203
0.4777
0.3813
0.2294
0.0487
0.0
0.0
0.0
0.0
0.0
0.0
0.0
0.0
0.0
0.0
0.0
0.0
0.0
0.0
0.0052
0.1227
0.2711
0.3938
0.4727
0.4895
0.4507
0.3588
0.2136
0.0351
0.0
0.0
0.0
0.0
0.0
0.0
0.0
0.0
0.0
0.0
0.0
0.0
0.0
0.0
0.0019
0.0509
0.1443
0.2363
0.2972
0.3084
0.2752
0.2058
0.1075
0.0127
0.0
0.0
0.0
0.0
0.0
0.0
0.0
0.0
0.0
0.0
0.0
0.0
0.0
0.0
0.0009
0.0533
0.1501
0.2548
0.3328
0.3483
0.3002
0.2128
0.1063
0.013
0.0
0.0
0.0
0.0
0.0
0.0
0.0
0.0
0.0
0.0
0.0
0.0
0.0
0.0
0.0002
0.0154
0.0552
0.0993
0.1342
0.1432
0.1283
0.0946
0.0492
0.0072
0.0
0.0
0.0
0.0
0.0
0.0
0.0
0.0
0.0
0.0
0.0
0.0
0.0
0.0
0.0006
0.042
0.1298
0.2301
0.3137
0.3458
0.3167
0.2413
0.1315
0.0205
0.0
0.0
0.0
0.0
0.0
0.0
0.0
0.0
0.0
0.0
0.0
0.0
0.0
0.0
0.0015
0.0697
0.1932
0.3069
0.3768
0.3989
0.3659
0.2851
0.1654
0.0312
0.0
0.0
0.0
0.0
0.0
0.0
0.0
0.0
0.0
0.0
0.0
0.0
0.0
0.0
0.0011
0.0641
0.1839
0.2814
0.3403
0.3562
0.3278
0.2555
0.145
0.0286
0.0
0.0
0.0
0.0
0.0
0.0
0.0
0.0
0.0
0.0
0.0
0.0
0.0
0.0
0.0021
0.0747
0.1755
0.2639
0.3177
0.326
0.299
0.2342
0.1299
0.0255
0.0
0.0
0.0
0.0
0.0
0.0
0.0
0.0
0.0
0.0
0.0
0.0
0.0
0.0
0.0026
0.0925
0.2214
0.3301
0.3961
0.3988
0.3493
0.2638
0.1478
0.0277
0.0
0.0
0.0
0.0
0.0
0.0
0.0
0.0
0.0
0.0
0.0
0.0
0.0
0.0
0.0032
0.0932
0.2047
0.2985
0.3601
0.377
0.3453
0.2702
0.1569
0.0338
0.0
0.0
0.0
0.0
0.0
0.0
0.0
0.0
0.0
0.0
0.0
0.0
0.0
0.0
0.0032
0.0902
0.2192
0.3547
0.4542
0.4787
0.4453
0.355
0.2082
0.0423
0.0
0.0
0.0
0.0
0.0
0.0
0.0
0.0
0.0
0.0
0.0
0.0
0.0
0.0
0.0035
0.0919
0.238
0.3793
0.4587
0.4754
0.4325
0.3381
0.2007
0.0442
0.0
0.0
0.0
0.0
0.0
0.0
0.0
0.0
0.0
0.0
0.0
0.0
0.0
0.0
0.0044
0.1131
0.2828
0.4285
0.5038
0.5179
0.4817
0.39
0.2407
0.0538
0.0
0.0
0.0
0.0
0.0
0.0
0.0
0.0
0.0
0.0
0.0
0.0
0.0
0.0
0.0048
0.1402
0.2955
0.4203
0.5005
0.5218
0.4817
0.3842
0.2328
0.053
0.0
0.0
0.0
0.0
0.0
0.0
0.0
0.0
0.0
0.0
0.0
0.0
0.0
0.0
0.0026
0.1132
0.2806
0.4204
0.5004
0.5131
0.4668
0.3652
0.2131
0.0469
0.0
0.0
0.0
0.0
0.0
0.0
0.0
0.0
0.0
0.0
0.0
0.0
0.0
0.0
0.0029
0.1242
0.2905
0.4222
0.4973
0.5121
0.4729
0.3812
0.2338
0.0509
0.0
0.0
0.0
0.0
0.0
0.0
0.0
0.0
0.0
0.0
0.0
0.0
0.0
0.0
0.0062
0.1498
0.3168
0.4474
0.5339
0.5563
0.5166
0.4187
0.2639
0.0622
0.0
0.0
0.0
0.0
0.0
0.0
0.0
0.0
0.0
0.0
0.0
0.0
0.0
0.0
0.0062
0.1832
0.3591
0.487
0.55
0.5566
0.5119
0.4146
0.2613
0.0667
0.0
0.0
0.0
0.0
0.0
0.0
0.0
