Consumption in United Kingdom in 2017
37254.0
35395.0
34536.0
32099.0
29885.0
28382.0
27821.0
28191.0
28857.0
30660.0
33947.0
37645.0
40508.0
42484.0
42778.0
43011.0
44014.0
47224.0
48664.0
47466.0
45090.0
43177.0
40225.0
37395.0
34031.0
33391.0
32843.0
31612.0
30504.0
29792.0
30345.0
32808.0
34950.0
37842.0
40949.0
42360.0
42500.0
42754.0
43182.0
44374.0
47080.0
52693.0
57008.0
56157.0
53778.0
50570.0
46294.0
41620.0
36865.0
35725.0
34644.0
33250.0
32257.0
31629.0
33052.0
39146.0
46242.0
50252.0
52230.0
52372.0
52322.0
52635.0
52673.0
53124.0
54453.0
57859.0
59760.0
58774.0
56784.0
52813.0
47495.0
41815.0
36705.0
35555.0
34925.0
33919.0
33292.0
32742.0
34412.0
40687.0
48732.0
52362.0
54061.0
54019.0
54018.0
53905.0
53705.0
54073.0
55582.0
59500.0
61552.0
61352.0
59889.0
56297.0
51191.0
45450.0
40192.0
38972.0
38551.0
37618.0
36888.0
36490.0
38348.0
45341.0
53740.0
56500.0
57356.0
56522.0
55470.0
55005.0
54986.0
55512.0
57220.0
61436.0
62934.0
62465.0
60856.0
57001.0
51668.0
45579.0
40282.0
38958.0
38150.0
36928.0
35892.0
35247.0
36627.0
43242.0
51619.0
55072.0
56213.0
56374.0
56589.0
56791.0
56428.0
56330.0
56930.0
59937.0
61218.0
59804.0
57358.0
53690.0
48812.0
43966.0
39755.0
38537.0
37452.0
36082.0
34750.0
33619.0
33761.0
36230.0
39659.0
43980.0
47797.0
49369.0
50252.0
50585.0
50138.0
49636.0
49980.0
53667.0
56059.0
55044.0
52220.0
48607.0
44668.0
41183.0
37666.0
36525.0
35349.0
33736.0
32413.0
31233.0
31152.0
32847.0
34851.0
38189.0
42646.0
45704.0
47069.0
48247.0
48375.0
48453.0
49734.0
53972.0
55996.0
54622.0
51704.0
48283.0
43673.0
39080.0
34805.0
33533.0
32789.0
31178.0
29824.0
29045.0
30773.0
37952.0
47020.0
50209.0
51723.0
51938.0
52754.0
53028.0
53194.0
53304.0
54092.0
57850.0
60215.0
58627.0
56139.0
52356.0
47118.0
41372.0
36179.0
34918.0
34055.0
33046.0
32089.0
31498.0
33199.0
40568.0
49458.0
52035.0
52599.0
52747.0
52834.0
53157.0
52898.0
53357.0
54160.0
58322.0
60718.0
59615.0
57218.0
53369.0
47806.0
41655.0
36190.0
34793.0
34213.0
32907.0
31614.0
30614.0
32353.0
39433.0
47997.0
50028.0
50036.0
48917.0
48426.0
48492.0
48525.0
49081.0
50902.0
55570.0
59151.0
58306.0
55880.0
52350.0
47031.0
41347.0
36373.0
35144.0
34738.0
33661.0
33046.0
32537.0
34381.0
42054.0
50934.0
54021.0
55017.0
55372.0
56449.0
57151.0
57213.0
57412.0
57962.0
61149.0
61928.0
61187.0
59557.0
55393.0
49945.0
44164.0
39120.0
37287.0
36438.0
35060.0
34160.0
33442.0
34989.0
42197.0
51038.0
54138.0
55277.0
54888.0
53898.0
52972.0
52464.0
53056.0
54007.0
57504.0
60859.0
59700.0
57378.0
53687.0
49133.0
44636.0
40024.0
38216.0
37300.0
35915.0
34577.0
33467.0
33660.0
36513.0
40386.0
45236.0
49051.0
49972.0
49639.0
49036.0
48207.0
48250.0
49642.0
53471.0
57930.0
56999.0
53830.0
50278.0
46440.0
42724.0
39122.0
37967.0
36614.0
34692.0
32939.0
31456.0
31150.0
32325.0
34389.0
37860.0
43196.0
46689.0
49297.0
50492.0
50460.0
50425.0
51160.0
54717.0
57410.0
56308.0
53692.0
50404.0
45916.0
41340.0
37042.0
36151.0
35714.0
34702.0
33807.0
33150.0
35185.0
42764.0
51824.0
54988.0
56551.0
56769.0
57174.0
57244.0
57302.0
56939.0
57119.0
60141.0
61749.0
61233.0
59319.0
55675.0
50372.0
44582.0
39465.0
38557.0
37960.0
36868.0
35989.0
35287.0
36948.0
44295.0
52890.0
55205.0
55861.0
55923.0
55818.0
55653.0
55440.0
55584.0
56304.0
59554.0
61624.0
61441.0
59928.0
56576.0
51215.0
45160.0
39906.0
38744.0
37970.0
36972.0
36127.0
35551.0
37324.0
44858.0
53717.0
56299.0
56871.0
56097.0
55498.0
55102.0
54791.0
55142.0
56515.0
59864.0
62083.0
61706.0
60685.0
57028.0
51608.0
45730.0
40519.0
39128.0
38603.0
37506.0
36615.0
36141.0
37827.0
45281.0
54408.0
56884.0
57359.0
56432.0
55571.0
55022.0
54709.0
55268.0
56677.0
59827.0
61794.0
61509.0
60736.0
57217.0
51915.0
46020.0
41009.0
39813.0
39202.0
38108.0
37412.0
36717.0
38539.0
45772.0
54572.0
56980.0
56753.0
55289.0
53655.0
52666.0
52003.0
52396.0
54052.0
57396.0
61071.0
60793.0
58476.0
54527.0
49667.0
44905.0
40443.0
39194.0
38233.0
36863.0
35731.0
34759.0
35120.0
37911.0
42082.0
46687.0
49916.0
50379.0
50448.0
50376.0
49852.0
49661.0
50605.0
54105.0
58751.0
57986.0
54999.0
51811.0
47957.0
44259.0
40726.0
39575.0
38480.0
37016.0
35975.0
34769.0
34648.0
36239.0
38668.0
42295.0
46409.0
48619.0
49560.0
50221.0
50154.0
50385.0
51819.0
55740.0
59902.0
58809.0
56355.0
53010.0
48893.0
44063.0
39256.0
38453.0
38257.0
37418.0
36739.0
36263.0
38307.0
45961.0
55247.0
58243.0
59496.0
59021.0
58324.0
58104.0
57434.0
57512.0
58317.0
60971.0
63369.0
62866.0
61240.0
57324.0
51673.0
45396.0
39830.0
38619.0
37985.0
37084.0
36249.0
35640.0
37486.0
45010.0
54107.0
56332.0
56969.0
55840.0
55102.0
54240.0
53537.0
53872.0
54979.0
57826.0
61306.0
61348.0
59677.0
55910.0
50392.0
44189.0
38776.0
37808.0
37335.0
36425.0
35574.0
34763.0
36732.0
44034.0
53054.0
55479.0
55672.0
54880.0
53983.0
53525.0
53423.0
54036.0
55671.0
59337.0
62228.0
61380.0
59910.0
55948.0
50536.0
44725.0
39555.0
38532.0
37926.0
36720.0
35837.0
35284.0
37028.0
44619.0
53608.0
56530.0
58482.0
58815.0
59241.0
59583.0
59464.0
58836.0
58953.0
61281.0
63626.0
63260.0
62139.0
58621.0
53338.0
47200.0
41878.0
40625.0
40200.0
39178.0
38303.0
37616.0
39293.0
46422.0
55257.0
57750.0
58791.0
58589.0
58051.0
57744.0
57092.0
57252.0
57311.0
59667.0
62490.0
61267.0
58822.0
55215.0
50166.0
45321.0
41019.0
39587.0
38739.0
37265.0
35970.0
34625.0
34918.0
37485.0
41226.0
45425.0
49040.0
49059.0
47998.0
47402.0
46853.0
46685.0
47570.0
50510.0
55929.0
55719.0
52726.0
49367.0
45707.0
42130.0
38912.0
37762.0
36786.0
35372.0
34115.0
33068.0
33165.0
34727.0
36856.0
40561.0
44585.0
47245.0
48820.0
50211.0
50537.0
50785.0
51649.0
54697.0
58302.0
57098.0
54196.0
50910.0
46780.0
42163.0
37759.0
37009.0
36936.0
35880.0
34878.0
34378.0
36260.0
43575.0
52414.0
55376.0
56721.0
56470.0
56203.0
56123.0
55909.0
55749.0
55965.0
58724.0
61775.0
60435.0
57677.0
53876.0
48529.0
42589.0
37572.0
36494.0
35806.0
34464.0
33479.0
32697.0
34178.0
41669.0
50271.0
53175.0
54645.0
55181.0
55477.0
55825.0
55828.0
55839.0
56379.0
58786.0
61518.0
61052.0
58984.0
55450.0
50475.0
44761.0
39773.0
38321.0
37721.0
36383.0
35310.0
34543.0
36140.0
43101.0
51455.0
53504.0
54461.0
54186.0
53735.0
52887.0
52205.0
51816.0
51991.0
54725.0
58722.0
58045.0
55359.0
51490.0
46205.0
40868.0
36202.0
35077.0
34311.0
32980.0
31610.0
30855.0
32418.0
39104.0
47404.0
49538.0
50249.0
50039.0
50501.0
50793.0
50138.0
49792.0
50148.0
52335.0
56345.0
55839.0
53546.0
49937.0
44927.0
39772.0
35088.0
33846.0
33160.0
31939.0
31090.0
30708.0
32715.0
40026.0
48651.0
50657.0
50498.0
49879.0
49835.0
49528.0
48932.0
49631.0
50349.0
52774.0
56346.0
55320.0
52690.0
49263.0
45155.0
40653.0
37051.0
36143.0
35046.0
33914.0
32686.0
31716.0
32312.0
35323.0
39000.0
43121.0
45877.0
45603.0
44434.0
43083.0
42442.0
42700.0
44095.0
47745.0
53488.0
54027.0
51716.0
48268.0
44887.0
41314.0
37874.0
36902.0
36052.0
34732.0
33575.0
32759.0
32776.0
34455.0
36642.0
40234.0
44233.0
46756.0
47787.0
48485.0
48081.0
47788.0
48672.0
51596.0
56351.0
56339.0
53999.0
50825.0
46716.0
42226.0
37914.0
37210.0
36900.0
36135.0
35391.0
34892.0
36843.0
44392.0
52798.0
55098.0
55919.0
55250.0
54465.0
54255.0
54243.0
54582.0
55503.0
58057.0
61193.0
60537.0
58213.0
54265.0
49018.0
43243.0
38021.0
36859.0
36244.0
35204.0
34615.0
34086.0
36072.0
43714.0
52413.0
54096.0
54620.0
53363.0
52343.0
52084.0
51938.0
52181.0
53372.0
56305.0
60532.0
61032.0
59326.0
55813.0
50475.0
44716.0
39633.0
38385.0
37845.0
36693.0
35810.0
35299.0
37046.0
44428.0
52820.0
54918.0
55826.0
55666.0
55824.0
56127.0
56082.0
56106.0
56633.0
58881.0
61847.0
61775.0
60508.0
56737.0
51320.0
45492.0
40386.0
39102.0
38689.0
37568.0
36832.0
36128.0
37979.0
45186.0
53903.0
56456.0
57574.0
57542.0
57668.0
58128.0
58148.0
58460.0
58530.0
60343.0
62258.0
62088.0
61241.0
57455.0
52294.0
46504.0
41260.0
40080.0
39484.0
38506.0
37698.0
37099.0
38909.0
45938.0
54599.0
57675.0
59209.0
59185.0
58882.0
58913.0
58072.0
57576.0
57218.0
58446.0
60649.0
61209.0
59378.0
55451.0
50530.0
45295.0
40711.0
39354.0
38209.0
36670.0
35513.0
34406.0
34653.0
37618.0
41423.0
46339.0
50928.0
52796.0
53715.0
53647.0
52577.0
51931.0
51633.0
53051.0
56385.0
55961.0
53315.0
49491.0
45713.0
41843.0
38287.0
37066.0
36023.0
34501.0
33311.0
31993.0
31747.0
33167.0
35115.0
38828.0
44221.0
47885.0
49713.0
50866.0
50811.0
50704.0
51168.0
52691.0
55807.0
55076.0
51994.0
48794.0
45032.0
40227.0
35695.0
34795.0
34436.0
33570.0
32805.0
32237.0
34026.0
40979.0
48167.0
51936.0
52620.0
51079.0
49644.0
48570.0
47695.0
48118.0
49706.0
52708.0
57914.0
59406.0
57432.0
53834.0
48923.0
43140.0
38023.0
36953.0
36328.0
35423.0
34557.0
34033.0
35730.0
42688.0
49295.0
52721.0
54322.0
53993.0
53504.0
52973.0
52701.0
53147.0
54201.0
56573.0
60122.0
60740.0
58779.0
54821.0
49448.0
44194.0
39343.0
38319.0
37678.0
36455.0
35567.0
34664.0
36335.0
42861.0
49141.0
52248.0
53518.0
53235.0
53066.0
52966.0
52697.0
52682.0
53013.0
54605.0
57903.0
58866.0
56669.0
52731.0
47457.0
41969.0
37206.0
35881.0
35182.0
33871.0
32781.0
32283.0
34001.0
40465.0
46952.0
49113.0
49462.0
48283.0
47353.0
47052.0
47125.0
47665.0
49007.0
51413.0
55788.0
57627.0
55736.0
52280.0
47722.0
42568.0
38290.0
37064.0
36528.0
35454.0
34652.0
34242.0
35908.0
42320.0
48637.0
51962.0
52956.0
51915.0
50823.0
49728.0
48375.0
48383.0
48843.0
50548.0
54613.0
56164.0
53941.0
50172.0
45565.0
41013.0
37003.0
35836.0
34670.0
32859.0
31384.0
30395.0
30731.0
33534.0
36759.0
40948.0
44102.0
44461.0
43495.0
42230.0
40515.0
39369.0
39725.0
42555.0
48363.0
50718.0
48210.0
44734.0
41046.0
37264.0
34029.0
33195.0
32199.0
30556.0
29191.0
28399.0
28612.0
30623.0
32546.0
35918.0
39346.0
40858.0
41839.0
42600.0
42796.0
42840.0
43926.0
46456.0
50288.0
51127.0
48758.0
45239.0
41213.0
36900.0
32646.0
31725.0
31081.0
29691.0
28629.0
28080.0
30086.0
36950.0
43801.0
46431.0
46889.0
45957.0
45385.0
45235.0
44900.0
44927.0
45695.0
47997.0
52474.0
54639.0
52597.0
49042.0
44461.0
39276.0
34771.0
33693.0
32965.0
31844.0
30796.0
30603.0
32692.0
39502.0
46320.0
48833.0
49218.0
48367.0
48300.0
48485.0
48279.0
47942.0
48037.0
49682.0
52891.0
53864.0
51392.0
47412.0
42657.0
37396.0
32739.0
31328.0
30496.0
29368.0
28286.0
27944.0
29911.0
36705.0
43567.0
46209.0
47388.0
46606.0
46612.0
46769.0
46441.0
46637.0
47519.0
50109.0
54249.0
56178.0
54550.0
51446.0
46717.0
41482.0
36798.0
35421.0
34026.0
32114.0
30530.0
29345.0
31165.0
37921.0
44310.0
46943.0
48001.0
47842.0
48451.0
48340.0
47766.0
47715.0
48276.0
50454.0
53902.0
56629.0
55130.0
51627.0
47306.0
41947.0
37379.0
36245.0
35693.0
34653.0
33740.0
33215.0
35145.0
41847.0
48342.0
49960.0
49237.0
47875.0
47963.0
47717.0
46951.0
46542.0
47022.0
49663.0
53543.0
56034.0
53981.0
50014.0
45423.0
40216.0
35942.0
34309.0
32758.0
30716.0
29248.0
28277.0
28394.0
30986.0
34219.0
38717.0
41960.0
43144.0
43775.0
43864.0
43511.0
43185.0
43113.0
44882.0
48781.0
50593.0
48267.0
44938.0
41471.0
38141.0
35028.0
33934.0
32860.0
31077.0
29563.0
28262.0
28065.0
29517.0
31118.0
33626.0
36579.0
38545.0
39904.0
41179.0
41511.0
41445.0
41795.0
43893.0
47157.0
48781.0
47324.0
44154.0
40585.0
36502.0
32801.0
32012.0
31879.0
30986.0
30349.0
30020.0
32280.0
39612.0
47548.0
50016.0
51355.0
51308.0
51320.0
51494.0
51251.0
51011.0
51504.0
53880.0
56803.0
59198.0
57343.0
53989.0
48862.0
42873.0
37823.0
36739.0
36305.0
35226.0
34324.0
33740.0
35732.0
43074.0
49940.0
50555.0
50038.0
49123.0
49271.0
49871.0
50057.0
50278.0
51409.0
54044.0
56786.0
59056.0
57355.0
53991.0
48637.0
42947.0
38590.0
36417.0
35896.0
34786.0
34186.0
33773.0
35624.0
43052.0
49606.0
51323.0
51555.0
50526.0
50288.0
50363.0
50114.0
50159.0
50988.0
53905.0
57166.0
59955.0
57578.0
54034.0
48760.0
42644.0
37313.0
35892.0
35009.0
33655.0
32453.0
31968.0
33966.0
40828.0
47493.0
48392.0
47411.0
45347.0
44290.0
43783.0
43260.0
43356.0
45228.0
49602.0
53797.0
57587.0
55737.0
52681.0
47778.0
41800.0
37077.0
36049.0
35571.0
34653.0
33808.0
33339.0
35255.0
42021.0
49562.0
52283.0
53472.0
53542.0
53206.0
53313.0
52404.0
51623.0
50997.0
53064.0
55231.0
56777.0
54335.0
50405.0
46172.0
41256.0
37373.0
36070.0
34921.0
33369.0
32003.0
31004.0
31496.0
34284.0
37340.0
40907.0
42430.0
42137.0
41770.0
41308.0
40549.0
39967.0
41035.0
43716.0
48292.0
50914.0
48929.0
45742.0
42126.0
38663.0
35465.0
34600.0
33528.0
31953.0
30591.0
29439.0
29552.0
30964.0
32808.0
36280.0
39921.0
41656.0
42125.0
42950.0
42538.0
42657.0
43724.0
46550.0
49859.0
52193.0
51086.0
47929.0
44014.0
39133.0
34830.0
34230.0
34321.0
33567.0
32997.0
32655.0
34843.0
42015.0
48743.0
50105.0
49522.0
48401.0
48444.0
48281.0
47534.0
47381.0
48292.0
51981.0
55493.0
58224.0
56647.0
53049.0
47809.0
42320.0
37405.0
36457.0
35987.0
35039.0
34188.0
33606.0
35644.0
42654.0
49296.0
50307.0
49714.0
48552.0
47592.0
46985.0
46948.0
47088.0
48242.0
51922.0
55435.0
58601.0
56354.0
52119.0
46425.0
40442.0
35496.0
34173.0
33410.0
32238.0
31175.0
30863.0
32821.0
39663.0
46820.0
48782.0
49239.0
48267.0
47159.0
46453.0
46009.0
46105.0
46461.0
49227.0
52504.0
55938.0
54523.0
51239.0
46351.0
40852.0
36032.0
34773.0
33879.0
32386.0
31038.0
30339.0
31900.0
38370.0
44563.0
44685.0
43777.0
41711.0
40412.0
40046.0
39676.0
40623.0
43176.0
47636.0
51741.0
55619.0
54692.0
51784.0
47183.0
41889.0
37312.0
36047.0
35085.0
33591.0
32544.0
31850.0
33560.0
40012.0
46850.0
48893.0
49097.0
48383.0
48367.0
48332.0
47854.0
47733.0
47717.0
49843.0
51847.0
53920.0
52160.0
48829.0
44597.0
39850.0
35586.0
34201.0
32968.0
31367.0
30190.0
29452.0
30075.0
32699.0
36136.0
40197.0
42221.0
42245.0
41992.0
41672.0
41203.0
40876.0
41242.0
43193.0
46276.0
49173.0
48092.0
45061.0
41293.0
37866.0
34693.0
33608.0
32462.0
30825.0
29456.0
28597.0
28965.0
30469.0
32598.0
36023.0
39206.0
40523.0
40693.0
40738.0
40261.0
40160.0
41010.0
43540.0
46180.0
49052.0
48505.0
45400.0
41481.0
37075.0
33136.0
32224.0
31726.0
30625.0
29628.0
29484.0
31886.0
38507.0
44708.0
45253.0
44369.0
42696.0
41882.0
41771.0
41798.0
42590.0
44198.0
47893.0
51197.0
54924.0
53977.0
50111.0
44975.0
39089.0
34170.0
32800.0
31730.0
30288.0
29155.0
28742.0
30520.0
36920.0
43571.0
45103.0
45255.0
43849.0
43304.0
43165.0
42658.0
42455.0
43136.0
46117.0
49659.0
53324.0
53006.0
49996.0
45190.0
39750.0
35147.0
33878.0
33000.0
31867.0
31137.0
30949.0
33293.0
39767.0
45902.0
46885.0
45890.0
43858.0
42077.0
40956.0
40383.0
40469.0
41856.0
45360.0
49114.0
53119.0
52917.0
49949.0
44998.0
39440.0
34621.0
33372.0
32456.0
30981.0
29941.0
29469.0
31316.0
37455.0
43948.0
45450.0
45544.0
44851.0
44922.0
44727.0
44170.0
43929.0
44380.0
47318.0
50048.0
53113.0
52571.0
49326.0
44570.0
39198.0
34578.0
33364.0
32335.0
30742.0
29732.0
29164.0
31277.0
37213.0
43370.0
44601.0
44527.0
43918.0
43957.0
44210.0
43910.0
44108.0
44625.0
46773.0
49126.0
51099.0
49198.0
45528.0
41137.0
36498.0
32376.0
31098.0
30159.0
28592.0
27453.0
26948.0
27955.0
30683.0
34225.0
38058.0
40231.0
40441.0
40416.0
40271.0
39906.0
39517.0
39951.0
41670.0
44794.0
47233.0
46601.0
43449.0
39441.0
35600.0
31760.0
30162.0
28549.0
26627.0
25323.0
24322.0
24523.0
25752.0
28060.0
31488.0
34719.0
36332.0
36683.0
37267.0
36782.0
36595.0
37741.0
40485.0
43106.0
45821.0
46157.0
44072.0
40325.0
36164.0
32117.0
31090.0
30313.0
28806.0
27559.0
26959.0
28686.0
34937.0
41989.0
44727.0
45624.0
45308.0
45481.0
46622.0
45972.0
44492.0
43703.0
45948.0
49172.0
52752.0
52850.0
49162.0
44419.0
38646.0
33842.0
32337.0
31415.0
30129.0
29568.0
29273.0
31207.0
37385.0
42744.0
42497.0
41136.0
40071.0
40199.0
40464.0
40359.0
41344.0
43577.0
47719.0
51621.0
55070.0
55007.0
52046.0
47274.0
41598.0
36807.0
35559.0
34627.0
33495.0
32527.0
31766.0
33536.0
39808.0
46833.0
49051.0
49718.0
49648.0
49714.0
49290.0
48435.0
47696.0
47782.0
50357.0
52917.0
55677.0
55893.0
52725.0
47758.0
42127.0
37249.0
35742.0
34968.0
33737.0
32742.0
32064.0
33752.0
39801.0
46566.0
48332.0
48097.0
46149.0
45296.0
44884.0
44137.0
43602.0
43860.0
46530.0
49526.0
52975.0
53868.0
51003.0
46242.0
40917.0
36564.0
35238.0
34400.0
33082.0
32095.0
31637.0
33562.0
39623.0
46249.0
48057.0
47852.0
46330.0
45276.0
44065.0
42561.0
41478.0
41420.0
44382.0
47421.0
50417.0
51454.0
48986.0
45169.0
40637.0
36702.0
35320.0
34102.0
32583.0
31428.0
30803.0
31430.0
33418.0
35680.0
37403.0
37393.0
35598.0
33875.0
32689.0
31668.0
31465.0
32515.0
36024.0
40863.0
45087.0
46618.0
44186.0
41015.0
37773.0
34168.0
33043.0
32227.0
30790.0
29778.0
29332.0
30265.0
31753.0
33259.0
34208.0
34262.0
33266.0
32366.0
31136.0
30735.0
31403.0
33631.0
36616.0
39257.0
42876.0
44305.0
41557.0
37681.0
33070.0
30346.0
31039.0
31244.0
30709.0
30560.0
32352.0
38872.0
46167.0
48587.0
49013.0
47983.0
46517.0
45408.0
43639.0
42263.0
41755.0
43913.0
46520.0
48282.0
49995.0
50300.0
46380.0
40959.0
35451.0
32255.0
32608.0
32888.0
32212.0
31863.0
33595.0
39876.0
47236.0
49031.0
48780.0
47642.0
46200.0
45096.0
43588.0
43388.0
44231.0
46865.0
48646.0
49269.0
49876.0
49798.0
45429.0
40045.0
34704.0
31385.0
31557.0
31584.0
30880.0
30442.0
31991.0
38364.0
45955.0
48167.0
48468.0
47700.0
47088.0
46683.0
45930.0
45539.0
45650.0
47521.0
48900.0
48793.0
49065.0
48260.0
43744.0
38364.0
33259.0
29909.0
29911.0
29737.0
28762.0
28491.0
30146.0
36346.0
43362.0
44971.0
44596.0
43501.0
41940.0
40522.0
38888.0
38689.0
39433.0
42264.0
45140.0
46238.0
47118.0
46988.0
43234.0
38221.0
33305.0
30045.0
29921.0
29475.0
28443.0
28113.0
29659.0
35656.0
42867.0
44441.0
43850.0
42295.0
40672.0
39120.0
37040.0
35865.0
36150.0
38273.0
40866.0
42253.0
43637.0
44639.0
41713.0
37915.0
33535.0
30350.0
30038.0
29586.0
28918.0
28598.0
29146.0
31533.0
34683.0
37798.0
39192.0
39053.0
38333.0
37208.0
35613.0
34501.0
34093.0
35579.0
38406.0
40339.0
41558.0
42393.0
39765.0
36665.0
33006.0
30082.0
29854.0
29475.0
28460.0
27682.0
27798.0
29180.0
31468.0
33853.0
35147.0
35074.0
34555.0
34346.0
33247.0
32485.0
32890.0
34908.0
37891.0
40252.0
42077.0
43906.0
41198.0
37042.0
32458.0
29548.0
29547.0
29530.0
28736.0
28528.0
30316.0
36291.0
42668.0
44470.0
43361.0
40870.0
39000.0
38308.0
37618.0
37424.0
38273.0
40848.0
43661.0
44815.0
45774.0
46521.0
42778.0
37831.0
33236.0
30364.0
30234.0
30142.0
29424.0
29282.0
30816.0
36479.0
42931.0
45578.0
45521.0
44773.0
44604.0
44202.0
42801.0
42129.0
41806.0
43205.0
45175.0
46134.0
47080.0
47492.0
44033.0
38983.0
33721.0
30304.0
30251.0
29957.0
29179.0
29088.0
30940.0
36777.0
42856.0
44036.0
42662.0
41143.0
40521.0
40123.0
39004.0
38425.0
38931.0
41362.0
44179.0
45581.0
46890.0
48188.0
44941.0
40261.0
35399.0
32200.0
32007.0
31856.0
30999.0
30814.0
32433.0
37970.0
43903.0
45030.0
43549.0
41553.0
40622.0
40373.0
39226.0
38190.0
37902.0
39900.0
42407.0
44415.0
45820.0
47410.0
44238.0
39506.0
34504.0
31235.0
30905.0
30703.0
29867.0
29657.0
31466.0
36875.0
43107.0
44977.0
44349.0
43227.0
42515.0
41520.0
39501.0
38124.0
37468.0
38867.0
41490.0
43519.0
44545.0
45842.0
43394.0
39068.0
34685.0
31523.0
30957.0
30396.0
29457.0
28969.0
29631.0
31789.0
35028.0
36860.0
36690.0
34627.0
32677.0
30991.0
29294.0
28520.0
28766.0
30959.0
34325.0
37349.0
38598.0
40227.0
38478.0
35361.0
31652.0
28590.0
28033.0
27404.0
26723.0
26326.0
26584.0
27303.0
29505.0
31179.0
31662.0
31003.0
29964.0
29101.0
27426.0
26438.0
27111.0
29678.0
33187.0
35527.0
36862.0
38555.0
36631.0
33384.0
29788.0
27119.0
26647.0
26341.0
25638.0
25536.0
27477.0
32547.0
38288.0
40672.0
40256.0
39822.0
40211.0
40209.0
39497.0
38868.0
38642.0
40426.0
43048.0
44659.0
45500.0
46493.0
43554.0
38798.0
33809.0
30493.0
29955.0
29546.0
28700.0
28556.0
30024.0
34885.0
40025.0
41901.0
41216.0
39339.0
38474.0
37761.0
36378.0
35643.0
35887.0
37663.0
40185.0
41960.0
42978.0
44052.0
41266.0
36880.0
31687.0
28416.0
27942.0
27688.0
26936.0
26699.0
28247.0
33120.0
39074.0
42175.0
42810.0
42137.0
40986.0
39797.0
38191.0
37061.0
37460.0
39264.0
40981.0
42260.0
43282.0
44370.0
42074.0
37741.0
33161.0
29967.0
29664.0
29364.0
28751.0
28640.0
30230.0
34736.0
40474.0
42898.0
42846.0
42384.0
42438.0
41992.0
41075.0
40686.0
40602.0
41974.0
43630.0
44475.0
44695.0
45470.0
43145.0
38676.0
33802.0
30505.0
30123.0
29639.0
28925.0
28360.0
28984.0
30908.0
34291.0
37158.0
38587.0
38263.0
37666.0
37403.0
36101.0
35829.0
35852.0
37525.0
40433.0
41180.0
41439.0
41227.0
39134.0
35316.0
31331.0
28273.0
27747.0
27285.0
26311.0
25643.0
25868.0
27442.0
30469.0
32807.0
33960.0
33429.0
32399.0
30574.0
28494.0
27488.0
27516.0
29650.0
33123.0
35483.0
37011.0
38660.0
37614.0
34982.0
31457.0
28320.0
27986.0
27517.0
26589.0
26048.0
26174.0
26845.0
28762.0
30239.0
31374.0
33059.0
34139.0
35293.0
34918.0
34641.0
34584.0
35670.0
36911.0
37475.0
37844.0
39323.0
37940.0
34956.0
31204.0
28615.0
28556.0
28470.0
27599.0
27137.0
27706.0
29314.0
32089.0
34393.0
36211.0
37052.0
36753.0
36572.0
35653.0
35125.0
35353.0
37314.0
40063.0
41288.0
41909.0
42667.0
40780.0
36769.0
31955.0
28940.0
29010.0
29054.0
28441.0
28211.0
29819.0
34964.0
41114.0
42456.0
41181.0
39760.0
38988.0
38805.0
38372.0
38307.0
38793.0
41224.0
43633.0
45133.0
45832.0
46611.0
44640.0
39495.0
34464.0
31344.0
31192.0
31077.0
30429.0
30223.0
31771.0
36780.0
42293.0
43510.0
42950.0
41758.0
41081.0
40389.0
39424.0
39142.0
39601.0
41868.0
44336.0
45536.0
46035.0
46625.0
44252.0
39520.0
34149.0
30906.0
30773.0
30435.0
29735.0
29511.0
30839.0
35814.0
42359.0
44467.0
44278.0
43846.0
43392.0
42934.0
42038.0
41456.0
41506.0
43544.0
44891.0
45591.0
46024.0
46224.0
43887.0
38975.0
33971.0
30682.0
30279.0
29848.0
28966.0
28558.0
29915.0
34779.0
41077.0
43273.0
43144.0
42675.0
41630.0
41195.0
40423.0
40113.0
40216.0
41746.0
43406.0
43920.0
43613.0
43780.0
42131.0
38009.0
34040.0
30919.0
30284.0
29816.0
28820.0
28234.0
28359.0
30359.0
33770.0
36499.0
37263.0
36705.0
35801.0
34670.0
32700.0
31074.0
30630.0
32271.0
35608.0
37916.0
39397.0
40184.0
39717.0
37067.0
33406.0
30453.0
29986.0
29417.0
28361.0
27739.0
27554.0
28305.0
30206.0
32178.0
33246.0
33215.0
33049.0
33135.0
32424.0
31721.0
31686.0
33339.0
35928.0
37356.0
38346.0
39396.0
38734.0
34628.0
29907.0
27057.0
27133.0
27112.0
26481.0
26752.0
28731.0
34639.0
41632.0
43437.0
43466.0
42681.0
42760.0
42783.0
42057.0
41400.0
41697.0
43401.0
44302.0
44868.0
44663.0
44818.0
42960.0
38298.0
33262.0
30009.0
29894.0
30284.0
29933.0
29781.0
31209.0
36748.0
43015.0
42765.0
41353.0
40032.0
40151.0
40251.0
39632.0
39156.0
39635.0
42173.0
44216.0
45530.0
46113.0
46651.0
44966.0
39811.0
34466.0
31260.0
31429.0
31474.0
30861.0
30689.0
32141.0
38032.0
44748.0
45277.0
44518.0
43604.0
42667.0
43051.0
42584.0
42159.0
42485.0
44892.0
46661.0
47688.0
48104.0
48361.0
46510.0
42033.0
36484.0
32961.0
32753.0
32844.0
31900.0
31594.0
32760.0
38285.0
44846.0
45547.0
44683.0
43711.0
43950.0
44184.0
43858.0
43934.0
44481.0
46622.0
47731.0
48068.0
48139.0
48021.0
46195.0
41134.0
35679.0
32403.0
32289.0
32246.0
31624.0
31438.0
32659.0
38122.0
44846.0
46004.0
45286.0
44785.0
44789.0
44571.0
43593.0
42823.0
42560.0
43921.0
44829.0
45433.0
45285.0
44976.0
43680.0
39573.0
35076.0
31604.0
31228.0
30797.0
29702.0
29227.0
29239.0
31123.0
34610.0
37209.0
38061.0
37570.0
36773.0
36107.0
34609.0
33433.0
33025.0
34491.0
36915.0
38479.0
38984.0
39244.0
38423.0
34749.0
30874.0
27998.0
27293.0
26667.0
25553.0
24924.0
24275.0
24874.0
26598.0
28652.0
30232.0
30629.0
30613.0
31161.0
30755.0
30678.0
31815.0
34045.0
36101.0
37154.0
37643.0
38156.0
37600.0
34582.0
30815.0
28220.0
28218.0
28113.0
27098.0
26678.0
26879.0
28415.0
31195.0
33825.0
35853.0
36616.0
36189.0
35691.0
34465.0
33730.0
33777.0
36014.0
38977.0
40265.0
40781.0
41041.0
40394.0
37100.0
32693.0
29746.0
29564.0
29410.0
29046.0
28818.0
30042.0
35812.0
42325.0
42969.0
41985.0
40583.0
40461.0
40756.0
40597.0
40853.0
41470.0
43678.0
45017.0
45406.0
45241.0
44857.0
43374.0
38352.0
33466.0
30285.0
29950.0
29672.0
28584.0
28286.0
29422.0
35147.0
41525.0
42808.0
42195.0
41285.0
41225.0
40959.0
40336.0
40014.0
40512.0
42848.0
44896.0
45168.0
45215.0
44606.0
43083.0
38375.0
33282.0
30348.0
30024.0
29615.0
28776.0
28476.0
29515.0
34787.0
41253.0
42511.0
41582.0
39369.0
37831.0
37036.0
36160.0
36054.0
36367.0
38832.0
40977.0
42240.0
42927.0
43175.0
42103.0
37645.0
32793.0
29582.0
29121.0
28873.0
27807.0
27502.0
28341.0
33699.0
39608.0
40127.0
39071.0
37689.0
36875.0
36800.0
35199.0
34097.0
33795.0
35886.0
38614.0
40180.0
40848.0
40694.0
40104.0
36888.0
32497.0
29202.0
28628.0
27985.0
26908.0
26208.0
26153.0
28323.0
31856.0
35001.0
36549.0
36514.0
36400.0
35663.0
34584.0
34349.0
34835.0
36223.0
38366.0
39688.0
39790.0
39442.0
39359.0
36775.0
33008.0
29816.0
29290.0
28622.0
27770.0
27157.0
26484.0
27433.0
29425.0
32054.0
33988.0
34628.0
34030.0
33361.0
31908.0
30993.0
30733.0
32392.0
35096.0
36983.0
38039.0
38263.0
38603.0
35191.0
30477.0
27596.0
27180.0
26841.0
26133.0
26074.0
27109.0
33267.0
40360.0
42237.0
42216.0
41265.0
40987.0
40563.0
39773.0
39328.0
39434.0
41729.0
43466.0
44489.0
44598.0
44000.0
43269.0
39041.0
33835.0
30914.0
30659.0
30520.0
29809.0
29673.0
30756.0
36509.0
43354.0
44838.0
44954.0
44286.0
43535.0
43086.0
41509.0
40326.0
39921.0
41759.0
43670.0
44573.0
44909.0
44503.0
43868.0
39989.0
34602.0
31420.0
30957.0
30652.0
29940.0
29933.0
30908.0
36412.0
42302.0
42566.0
41267.0
39199.0
38019.0
37366.0
36288.0
35839.0
36358.0
38875.0
41485.0
42928.0
43503.0
43376.0
43186.0
39224.0
34032.0
30789.0
30178.0
29753.0
29045.0
28889.0
29622.0
34968.0
40984.0
42095.0
41105.0
39911.0
39371.0
38930.0
38525.0
38020.0
38649.0
40917.0
42341.0
42970.0
42839.0
42698.0
42039.0
37995.0
33464.0
30336.0
29738.0
29303.0
28590.0
28350.0
29242.0
34542.0
41556.0
43630.0
44197.0
43858.0
43577.0
43140.0
42108.0
41111.0
40538.0
41609.0
42600.0
43133.0
42859.0
41840.0
41214.0
37670.0
33068.0
29598.0
28448.0
27471.0
26480.0
25861.0
25282.0
27169.0
30424.0
33729.0
35225.0
35307.0
35143.0
33985.0
32208.0
30972.0
30566.0
31872.0
34516.0
36211.0
36630.0
36239.0
36278.0
33807.0
30065.0
27046.0
26236.0
25615.0
24662.0
24307.0
23890.0
24897.0
26756.0
28819.0
30306.0
30654.0
30571.0
30141.0
29106.0
28412.0
29265.0
31188.0
33657.0
35781.0
37086.0
37282.0
37910.0
35521.0
30766.0
27538.0
26796.0
26030.0
25342.0
24865.0
25554.0
31108.0
38622.0
41974.0
42883.0
43231.0
43188.0
42805.0
42101.0
41976.0
41936.0
43860.0
44898.0
44803.0
43707.0
42513.0
41002.0
36282.0
31066.0
28153.0
27277.0
26726.0
25833.0
25630.0
26496.0
31962.0
38980.0
40746.0
41052.0
40816.0
40631.0
40211.0
39752.0
39789.0
40534.0
43041.0
44419.0
44332.0
43902.0
43140.0
42218.0
38701.0
34103.0
30772.0
29901.0
29372.0
28709.0
28609.0
29595.0
35127.0
42404.0
44826.0
45573.0
45351.0
45767.0
45556.0
45116.0
44688.0
44744.0
46500.0
47185.0
46987.0
45958.0
44459.0
42894.0
38930.0
33812.0
30608.0
29748.0
29184.0
28433.0
28334.0
29398.0
34743.0
40720.0
41367.0
40539.0
39581.0
39455.0
39378.0
39264.0
39677.0
40873.0
43496.0
45093.0
45476.0
45024.0
44174.0
42767.0
39160.0
34024.0
30676.0
29586.0
28818.0
28017.0
27919.0
28788.0
34077.0
40965.0
43038.0
43350.0
42866.0
42712.0
42022.0
40709.0
39810.0
39333.0
40800.0
42260.0
42838.0
42528.0
41639.0
41123.0
38160.0
33879.0
30527.0
29392.0
28455.0
27537.0
26887.0
26458.0
28579.0
31396.0
33749.0
34877.0
35191.0
34868.0
34309.0
33416.0
32181.0
31865.0
33381.0
35499.0
36730.0
36862.0
35924.0
36043.0
34454.0
30781.0
28030.0
27075.0
26252.0
25491.0
24878.0
24154.0
25017.0
26797.0
28849.0
30533.0
31191.0
31675.0
31789.0
30830.0
30143.0
30241.0
31817.0
34184.0
35717.0
36707.0
36845.0
37049.0
34705.0
30114.0
27212.0
26408.0
25791.0
25454.0
25468.0
26567.0
32206.0
38435.0
40018.0
39740.0
39093.0
38338.0
37344.0
36376.0
35965.0
36535.0
39052.0
41053.0
41799.0
41949.0
40917.0
40337.0
36781.0
32019.0
29363.0
28517.0
27886.0
27270.0
27259.0
28237.0
33555.0
39749.0
41766.0
41953.0
41597.0
41527.0
41668.0
40538.0
39476.0
39361.0
41175.0
42700.0
43125.0
43213.0
42114.0
41370.0
37664.0
32668.0
29458.0
28294.0
27288.0
26800.0
26716.0
27725.0
33326.0
39637.0
41067.0
40692.0
39508.0
39067.0
38851.0
38193.0
38069.0
38433.0
40103.0
41967.0
42849.0
43040.0
42045.0
41394.0
38839.0
33816.0
30397.0
29004.0
28129.0
27597.0
27349.0
28144.0
33156.0
38750.0
40035.0
39580.0
38413.0
38043.0
37815.0
37301.0
37081.0
37346.0
39234.0
40763.0
41445.0
41871.0
40976.0
40790.0
38427.0
33469.0
29856.0
28549.0
27702.0
27059.0
26478.0
27010.0
32099.0
37472.0
38777.0
38120.0
36552.0
35514.0
34626.0
33635.0
33116.0
33193.0
34757.0
36713.0
37802.0
38136.0
37486.0
37588.0
36073.0
32136.0
28900.0
27445.0
26370.0
25444.0
24640.0
24389.0
26449.0
29680.0
32919.0
34786.0
34919.0
33750.0
32801.0
31435.0
29845.0
29418.0
30809.0
32988.0
34120.0
34551.0
34352.0
33886.0
32424.0
29187.0
26471.0
24887.0
23780.0
23143.0
22701.0
22042.0
22994.0
24372.0
26544.0
28681.0
29602.0
29953.0
30559.0
30136.0
29946.0
30788.0
33080.0
35050.0
36049.0
36079.0
35567.0
35419.0
33885.0
30331.0
27466.0
26313.0
25357.0
24720.0
24303.0
24118.0
25929.0
28835.0
32189.0
34581.0
35495.0
36169.0
37008.0
36891.0
37086.0
37286.0
38642.0
40474.0
40666.0
40222.0
39119.0
38441.0
35906.0
31297.0
28461.0
27172.0
26429.0
25676.0
25383.0
26090.0
30550.0
36136.0
39644.0
40482.0
40043.0
39692.0
39371.0
38346.0
37663.0
37810.0
38206.0
39329.0
39836.0
40103.0
39535.0
38956.0
36721.0
32336.0
29116.0
27933.0
27047.0
26639.0
26247.0
27034.0
31537.0
36767.0
39748.0
40511.0
39364.0
38834.0
38539.0
38287.0
37931.0
37831.0
38869.0
40522.0
41653.0
41890.0
40929.0
40230.0
37514.0
32641.0
29119.0
27696.0
26780.0
26003.0
25724.0
26367.0
30441.0
35179.0
37547.0
37374.0
36281.0
35837.0
35740.0
35443.0
35251.0
35804.0
37361.0
39387.0
40665.0
40999.0
39969.0
39444.0
37391.0
32711.0
29290.0
28073.0
27102.0
26346.0
26132.0
26822.0
30976.0
36317.0
39687.0
40798.0
40808.0
40963.0
41086.0
40676.0
40068.0
39944.0
40341.0
41440.0
41710.0
41006.0
39742.0
38716.0
36976.0
33063.0
29841.0
28221.0
27005.0
26096.0
25247.0
24967.0
26525.0
28918.0
31292.0
32331.0
32009.0
31097.0
30420.0
29329.0
28584.0
28483.0
29790.0
31972.0
33196.0
34105.0
33642.0
33883.0
33409.0
30490.0
27630.0
25874.0
24675.0
23855.0
22935.0
22437.0
23351.0
24508.0
26292.0
28076.0
29572.0
30694.0
31191.0
30523.0
30188.0
30336.0
32083.0
34175.0
35286.0
35956.0
35603.0
35242.0
33963.0
29770.0
26523.0
25439.0
24682.0
24038.0
23553.0
24383.0
29523.0
35641.0
38244.0
39690.0
40327.0
40525.0
40185.0
39370.0
39458.0
40243.0
42665.0
44475.0
44333.0
43082.0
41340.0
39686.0
35726.0
30998.0
27700.0
26478.0
25711.0
25199.0
24997.0
25938.0
31277.0
37992.0
40656.0
41589.0
41066.0
40609.0
40421.0
39495.0
38356.0
37594.0
39028.0
40409.0
40583.0
40275.0
38741.0
37279.0
34318.0
29207.0
25644.0
24486.0
23688.0
23178.0
22902.0
23792.0
29077.0
34806.0
36329.0
36138.0
35423.0
34794.0
34128.0
33536.0
33606.0
34688.0
38062.0
40982.0
42358.0
42417.0
41743.0
40400.0
37317.0
32406.0
28887.0
27607.0
26767.0
26289.0
26027.0
26865.0
31955.0
38578.0
40890.0
41915.0
41732.0
41375.0
40795.0
39820.0
38631.0
38315.0
39737.0
40500.0
40479.0
40189.0
39434.0
38741.0
36591.0
32373.0
29110.0
27840.0
26897.0
26170.0
25633.0
26491.0
31569.0
37122.0
38625.0
38649.0
38298.0
37841.0
37102.0
35865.0
34889.0
34756.0
36547.0
38372.0
39235.0
39176.0
38417.0
37773.0
35744.0
31811.0
28597.0
27316.0
26182.0
25294.0
24304.0
23837.0
25572.0
28580.0
31548.0
32644.0
32312.0
31923.0
31310.0
30596.0
29852.0
29880.0
31481.0
33578.0
34232.0
34240.0
33385.0
32978.0
32194.0
28937.0
26124.0
24775.0
23986.0
23191.0
22124.0
21296.0
22245.0
23534.0
25638.0
27440.0
28230.0
28281.0
28584.0
28091.0
27344.0
26993.0
28610.0
30802.0
32205.0
33002.0
32956.0
32455.0
31170.0
27066.0
24178.0
23188.0
22542.0
22006.0
21696.0
22878.0
28535.0
34893.0
36733.0
37125.0
37125.0
37301.0
37169.0
36130.0
35307.0
35763.0
38326.0
40043.0
40577.0
40768.0
39984.0
39103.0
36729.0
32005.0
29014.0
28094.0
27184.0
26433.0
26084.0
27020.0
32369.0
38351.0
40203.0
39925.0
39072.0
38920.0
39042.0
38526.0
38360.0
38824.0
40687.0
41979.0
42364.0
42349.0
41270.0
40363.0
38071.0
33230.0
29962.0
28584.0
27604.0
26842.0
26431.0
27284.0
32123.0
37820.0
39124.0
38723.0
37564.0
37206.0
37174.0
36804.0
36734.0
37145.0
39241.0
40717.0
41229.0
41300.0
40459.0
39373.0
37302.0
32594.0
29144.0
27651.0
26739.0
26116.0
25621.0
26325.0
31447.0
37104.0
38357.0
38231.0
37316.0
36535.0
35364.0
33920.0
33272.0
33522.0
35567.0
37285.0
38045.0
38428.0
38129.0
37184.0
35457.0
31119.0
27970.0
26280.0
25588.0
25004.0
24619.0
25611.0
30403.0
35511.0
37388.0
37778.0
37454.0
37394.0
36877.0
35931.0
35318.0
35285.0
37134.0
38677.0
38979.0
38857.0
38206.0
37429.0
35904.0
32133.0
28816.0
26960.0
25797.0
24966.0
24321.0
24308.0
26409.0
29021.0
31384.0
32286.0
31667.0
30856.0
30060.0
28878.0
28169.0
28386.0
30005.0
32676.0
34338.0
35148.0
34943.0
34710.0
34499.0
31689.0
28793.0
27236.0
25946.0
25076.0
24073.0
23602.0
24565.0
25983.0
28084.0
29650.0
30133.0
29866.0
29689.0
29229.0
28884.0
29294.0
30927.0
32865.0
34643.0
36137.0
36415.0
36243.0
35796.0
32244.0
29271.0
27993.0
27147.0
26637.0
26149.0
27121.0
32213.0
38116.0
40101.0
40205.0
39562.0
39483.0
39098.0
38912.0
38776.0
39191.0
40884.0
42163.0
42624.0
42623.0
41800.0
40962.0
39401.0
35049.0
31690.0
29924.0
28968.0
28388.0
27683.0
28514.0
33244.0
38884.0
40957.0
41247.0
40410.0
40003.0
39514.0
38899.0
38775.0
39204.0
40742.0
41874.0
42279.0
42144.0
41206.0
39989.0
38333.0
34090.0
30394.0
28738.0
27841.0
27347.0
26997.0
27648.0
32533.0
37918.0
39797.0
39924.0
39824.0
39552.0
39255.0
38979.0
38890.0
39962.0
42233.0
43440.0
43960.0
43779.0
42470.0
41087.0
39361.0
34953.0
31183.0
29449.0
28324.0
27398.0
26850.0
27604.0
32618.0
38649.0
41521.0
42477.0
42367.0
42625.0
42135.0
41138.0
40205.0
39847.0
40984.0
41607.0
41388.0
40934.0
40070.0
39130.0
37095.0
32538.0
28990.0
27159.0
25887.0
25072.0
24267.0
24747.0
29231.0
34857.0
37485.0
37969.0
37713.0
37405.0
37062.0
36909.0
36483.0
36618.0
38022.0
38768.0
38513.0
37935.0
36833.0
35856.0
34269.0
30599.0
27643.0
25669.0
24386.0
23576.0
23133.0
23295.0
25332.0
28272.0
31255.0
33034.0
33374.0
33254.0
32342.0
30777.0
29706.0
29638.0
30667.0
32650.0
33350.0
33319.0
32797.0
32463.0
31830.0
29024.0
26431.0
24752.0
23575.0
22933.0
22111.0
21809.0
22786.0
24215.0
26856.0
29528.0
30721.0
30982.0
30887.0
30542.0
30306.0
30543.0
31997.0
33600.0
34233.0
34643.0
34629.0
34430.0
33612.0
30035.0
27154.0
25947.0
25314.0
25085.0
24846.0
26027.0
31327.0
36893.0
38644.0
38274.0
38195.0
38418.0
38400.0
37904.0
37884.0
38655.0
40850.0
42375.0
42506.0
41903.0
40572.0
39195.0
36885.0
31956.0
28965.0
27511.0
26609.0
26134.0
25998.0
26751.0
31889.0
38041.0
40658.0
41781.0
41610.0
41615.0
41243.0
41034.0
41141.0
41637.0
43903.0
45093.0
44969.0
43725.0
42016.0
40326.0
37165.0
32631.0
29346.0
27915.0
26831.0
26193.0
25948.0
26845.0
32052.0
38769.0
41839.0
42906.0
43010.0
43012.0
42960.0
42407.0
41730.0
41735.0
43092.0
43815.0
43001.0
41758.0
40119.0
38609.0
35380.0
30863.0
27626.0
26471.0
25454.0
24959.0
24570.0
25511.0
30818.0
37478.0
40353.0
41367.0
41419.0
41814.0
42305.0
42051.0
41865.0
42136.0
43780.0
44607.0
44216.0
43232.0
41672.0
40119.0
37036.0
32536.0
29415.0
27951.0
27082.0
26354.0
26107.0
26902.0
31808.0
37903.0
40616.0
41594.0
41674.0
41667.0
41500.0
40654.0
40210.0
39850.0
41106.0
41906.0
41316.0
40310.0
38687.0
37560.0
35564.0
31558.0
28115.0
26939.0
26049.0
25240.0
24662.0
24654.0
26759.0
30029.0
33175.0
34375.0
33790.0
32764.0
31055.0
29108.0
27659.0
27353.0
28839.0
31385.0
33154.0
33768.0
33273.0
33085.0
32148.0
29143.0
26371.0
24640.0
23432.0
22740.0
22016.0
21511.0
22501.0
23806.0
25794.0
27427.0
28092.0
28381.0
28339.0
27166.0
26318.0
26697.0
28891.0
31720.0
33895.0
35490.0
35651.0
35287.0
34013.0
29420.0
26349.0
25039.0
24028.0
23744.0
23617.0
24803.0
30258.0
36681.0
39249.0
39601.0
38964.0
38943.0
38703.0
37518.0
36908.0
36782.0
38791.0
40441.0
41317.0
41352.0
40582.0
39439.0
37337.0
32747.0
29449.0
28198.0
27325.0
26802.0
26624.0
27534.0
32477.0
38799.0
41430.0
41827.0
41589.0
41722.0
41621.0
40766.0
40048.0
40186.0
42014.0
42913.0
42723.0
42145.0
41123.0
39862.0
37716.0
33063.0
29711.0
28258.0
27441.0
26985.0
26783.0
27678.0
32684.0
38489.0
40243.0
39920.0
39219.0
39125.0
38768.0
37763.0
37511.0
38504.0
40489.0
41800.0
41938.0
41913.0
41154.0
40216.0
38455.0
33756.0
30225.0
28792.0
27779.0
27301.0
27009.0
27751.0
32718.0
38674.0
40799.0
40999.0
40556.0
40360.0
39795.0
38939.0
38914.0
39809.0
41820.0
43111.0
43368.0
42834.0
41803.0
40841.0
38954.0
34472.0
30862.0
29160.0
28087.0
27404.0
27093.0
27790.0
32664.0
38492.0
40399.0
40267.0
39825.0
39732.0
39615.0
38915.0
38806.0
39161.0
40515.0
41654.0
41485.0
40645.0
39104.0
38176.0
36912.0
33079.0
29755.0
27971.0
26759.0
26009.0
25430.0
25151.0
27061.0
30127.0
32826.0
33902.0
32958.0
32171.0
31159.0
29857.0
29129.0
29356.0
31021.0
33522.0
34918.0
35371.0
34658.0
34206.0
33412.0
30700.0
27811.0
26273.0
25233.0
24617.0
24120.0
23664.0
24627.0
26296.0
28658.0
30321.0
31437.0
32151.0
32230.0
31379.0
30870.0
31273.0
33045.0
34914.0
36037.0
36756.0
36387.0
35991.0
34866.0
31258.0
28181.0
26966.0
26277.0
25889.0
25900.0
26832.0
32066.0
38224.0
40765.0
41503.0
41102.0
41096.0
41080.0
40298.0
40019.0
40167.0
41863.0
43016.0
42590.0
41558.0
40694.0
39838.0
37266.0
32680.0
29424.0
28110.0
27309.0
26895.0
26800.0
27789.0
32971.0
39327.0
42384.0
43294.0
43541.0
43764.0
43684.0
43276.0
43272.0
43353.0
44708.0
45134.0
44541.0
43421.0
41919.0
40184.0
37286.0
32616.0
29129.0
27409.0
26276.0
25590.0
25380.0
26406.0
31621.0
37838.0
40045.0
39778.0
38664.0
38206.0
38061.0
37641.0
37282.0
37410.0
39600.0
41003.0
41203.0
41202.0
40458.0
39465.0
37264.0
32617.0
29233.0
27838.0
26984.0
26504.0
26320.0
27004.0
31830.0
37458.0
39391.0
39287.0
38288.0
38319.0
38094.0
37304.0
36987.0
37346.0
39052.0
40432.0
40765.0
40563.0
39880.0
38924.0
36398.0
31571.0
28027.0
26497.0
25598.0
24928.0
24775.0
25578.0
30399.0
36266.0
38617.0
38557.0
38146.0
37809.0
37444.0
36135.0
35172.0
35189.0
36631.0
38211.0
38808.0
38701.0
38084.0
37627.0
35531.0
31398.0
28058.0
26313.0
25094.0
24169.0
23988.0
23910.0
25974.0
29385.0
32852.0
35020.0
35745.0
35326.0
35138.0
32956.0
31885.0
31894.0
33142.0
34876.0
34998.0
34599.0
33429.0
33238.0
32311.0
29164.0
26545.0
25017.0
23978.0
23545.0
23354.0
22902.0
24011.0
25935.0
28895.0
31445.0
32944.0
33378.0
33468.0
32711.0
31546.0
31185.0
32713.0
34344.0
35013.0
35428.0
35107.0
34985.0
33941.0
29719.0
26655.0
25360.0
24560.0
24126.0
24190.0
25026.0
30369.0
36053.0
37976.0
37859.0
36752.0
35879.0
35076.0
34879.0
35041.0
36021.0
38548.0
40322.0
41010.0
41172.0
40496.0
39723.0
37558.0
32892.0
29581.0
28260.0
27260.0
26885.0
26742.0
27254.0
32070.0
38001.0
40114.0
39767.0
38474.0
37379.0
36745.0
36008.0
36057.0
37000.0
39652.0
41100.0
40979.0
40552.0
39735.0
38815.0
36209.0
31702.0
28364.0
26839.0
25980.0
25631.0
25493.0
26197.0
31097.0
37322.0
40395.0
41881.0
41942.0
42025.0
42242.0
41890.0
41354.0
41580.0
42903.0
43901.0
43206.0
42443.0
41228.0
40584.0
37522.0
32591.0
29465.0
28053.0
26930.0
26466.0
26555.0
27370.0
32307.0
38474.0
41201.0
41255.0
40184.0
39386.0
38835.0
37542.0
36575.0
35974.0
37491.0
39090.0
39715.0
39903.0
39214.0
38705.0
36383.0
31628.0
28336.0
26787.0
25460.0
24685.0
24691.0
25407.0
30022.0
35472.0
38088.0
38804.0
38765.0
38553.0
38553.0
37927.0
37617.0
37687.0
38306.0
38984.0
39208.0
39066.0
37918.0
37188.0
34829.0
30645.0
27596.0
26095.0
24998.0
24598.0
24310.0
24397.0
26433.0
29274.0
32244.0
33881.0
33698.0
33030.0
32823.0
32545.0
32712.0
32972.0
34216.0
35828.0
36087.0
35787.0
35152.0
35195.0
33920.0
30445.0
27709.0
26204.0
25177.0
24489.0
24150.0
23549.0
24411.0
26052.0
28801.0
31161.0
32531.0
33527.0
33885.0
33100.0
32256.0
32430.0
33768.0
35339.0
36087.0
35923.0
35502.0
35251.0
33164.0
28781.0
25832.0
24740.0
23858.0
23501.0
23606.0
24679.0
29359.0
34991.0
38575.0
39250.0
38892.0
38616.0
38722.0
38042.0
37740.0
37855.0
38923.0
40496.0
40800.0
40384.0
39619.0
38865.0
36371.0
31590.0
28270.0
27077.0
26357.0
25935.0
26017.0
26840.0
31298.0
36825.0
39922.0
40342.0
39690.0
39391.0
39184.0
38444.0
37842.0
37773.0
39347.0
41076.0
41601.0
41371.0
40463.0
40099.0
37928.0
32506.0
29220.0
27498.0
26399.0
25753.0
25700.0
26217.0
30568.0
35964.0
39559.0
40935.0
40707.0
40259.0
40016.0
38693.0
37710.0
37312.0
38178.0
39809.0
39951.0
39265.0
38233.0
37643.0
34750.0
29761.0
26719.0
25332.0
24584.0
24372.0
24774.0
25573.0
29857.0
35164.0
38396.0
39204.0
38648.0
37719.0
37116.0
36062.0
35754.0
36005.0
37058.0
38563.0
39326.0
39471.0
38663.0
38178.0
35038.0
30387.0
26837.0
25170.0
24191.0
23622.0
23693.0
24333.0
28464.0
33469.0
36496.0
36745.0
36373.0
36683.0
36768.0
36843.0
36989.0
37567.0
38432.0
39741.0
39927.0
39221.0
37692.0
36491.0
33514.0
29503.0
26398.0
24868.0
23813.0
23283.0
23020.0
22728.0
24737.0
27595.0
30186.0
32025.0
32678.0
32547.0
32322.0
31494.0
31044.0
31626.0
33438.0
35878.0
36868.0
36670.0
36081.0
35872.0
33777.0
30221.0
27679.0
26318.0
25243.0
24308.0
23919.0
23252.0
23742.0
25479.0
27437.0
28805.0
29566.0
30053.0
30514.0
29438.0
28477.0
28812.0
30629.0
32618.0
33847.0
34288.0
34563.0
34789.0
32761.0
28631.0
25639.0
24455.0
23846.0
23549.0
23749.0
24614.0
28971.0
33864.0
36320.0
36309.0
35652.0
35886.0
36064.0
35570.0
35094.0
35402.0
37361.0
39447.0
40206.0
40044.0
39218.0
38824.0
35832.0
31140.0
27913.0
26519.0
25694.0
25338.0
25372.0
26110.0
30429.0
35196.0
37533.0
37616.0
36849.0
36363.0
36469.0
36048.0
35717.0
36120.0
37758.0
39894.0
40528.0
39785.0
39002.0
38623.0
35616.0
31095.0
27744.0
26414.0
25562.0
25013.0
25078.0
26057.0
30128.0
35513.0
39209.0
40488.0
40370.0
40667.0
40652.0
39896.0
39487.0
39430.0
40591.0
41892.0
41965.0
40531.0
39256.0
38180.0
34722.0
30299.0
26988.0
25513.0
24631.0
24038.0
23901.0
24847.0
28845.0
33931.0
36895.0
37556.0
37291.0
37234.0
36938.0
35953.0
35655.0
35662.0
36869.0
38386.0
38872.0
38248.0
37631.0
37360.0
34348.0
29803.0
26541.0
25062.0
23953.0
23304.0
23287.0
24195.0
28112.0
32844.0
35589.0
35822.0
35216.0
35275.0
35387.0
34874.0
34106.0
34063.0
35167.0
36548.0
37573.0
37868.0
37564.0
37725.0
34958.0
31173.0
27954.0
26387.0
25301.0
24644.0
24407.0
24523.0
26183.0
28922.0
31363.0
32489.0
32215.0
31917.0
31544.0
30677.0
29489.0
28294.0
29354.0
31716.0
33491.0
34345.0
34436.0
35004.0
33009.0
29536.0
26772.0
25192.0
24137.0
23549.0
23367.0
22951.0
23665.0
25191.0
26795.0
28309.0
29171.0
29679.0
29868.0
29068.0
28757.0
29747.0
31375.0
33754.0
34558.0
34792.0
34881.0
35017.0
32422.0
28393.0
25314.0
24186.0
23613.0
23298.0
23587.0
24912.0
29561.0
34636.0
38376.0
39735.0
39757.0
39655.0
39279.0
38373.0
37906.0
38277.0
39968.0
41843.0
42557.0
42032.0
41020.0
40263.0
36444.0
31778.0
28699.0
27365.0
26522.0
26087.0
26241.0
27481.0
31594.0
36951.0
40567.0
41722.0
41509.0
41136.0
41049.0
40886.0
40292.0
40135.0
41348.0
42666.0
42682.0
41783.0
40790.0
39512.0
35700.0
31042.0
27474.0
26040.0
24870.0
24175.0
24218.0
25191.0
29752.0
35319.0
39045.0
40511.0
40478.0
40445.0
40540.0
39630.0
38906.0
38947.0
39783.0
41147.0
41604.0
41109.0
40255.0
39752.0
35987.0
31335.0
28142.0
26791.0
25940.0
25528.0
25647.0
26787.0
30972.0
36001.0
38322.0
38351.0
37415.0
37287.0
37025.0
36386.0
36019.0
35923.0
37422.0
39296.0
39933.0
39879.0
39534.0
39212.0
36108.0
31610.0
28068.0
26544.0
25435.0
24927.0
24648.0
25467.0
29357.0
34138.0
36789.0
36795.0
36684.0
36910.0
36549.0
35892.0
36103.0
36841.0
38139.0
39649.0
39648.0
38982.0
38184.0
37217.0
34028.0
30274.0
27414.0
25634.0
24659.0
24162.0
24094.0
24653.0
26391.0
29295.0
32433.0
33915.0
34021.0
33488.0
32303.0
30998.0
29873.0
29602.0
31034.0
33710.0
35215.0
35661.0
35673.0
36117.0
33710.0
30342.0
27333.0
25774.0
24690.0
23972.0
23758.0
23682.0
24402.0
25870.0
27421.0
28611.0
29263.0
29656.0
30493.0
30169.0
29714.0
30090.0
32166.0
34493.0
35942.0
36310.0
36674.0
36746.0
33758.0
29460.0
26562.0
25416.0
24674.0
24402.0
24620.0
25857.0
30029.0
35270.0
38788.0
39854.0
38887.0
38051.0
37838.0
37585.0
37788.0
38896.0
40497.0
42444.0
43153.0
42517.0
41813.0
40683.0
36260.0
31698.0
28551.0
27152.0
26193.0
25838.0
25924.0
27225.0
31276.0
36401.0
38862.0
39098.0
37867.0
36937.0
36501.0
35584.0
34815.0
35065.0
36671.0
38757.0
40198.0
40775.0
40647.0
40212.0
36538.0
32025.0
28900.0
27535.0
26754.0
26210.0
26404.0
27611.0
31392.0
36538.0
39036.0
39039.0
37769.0
36416.0
36264.0
35574.0
34994.0
35212.0
36756.0
38879.0
39845.0
39805.0
39772.0
38367.0
34597.0
30172.0
27296.0
26196.0
25538.0
25517.0
25715.0
27324.0
31766.0
37332.0
40084.0
40373.0
39474.0
38296.0
36920.0
35683.0
35271.0
35283.0
37002.0
39361.0
40605.0
40694.0
40248.0
39409.0
35942.0
31297.0
28020.0
26544.0
25318.0
24659.0
24537.0
25894.0
29731.0
34380.0
36752.0
36758.0
35506.0
35245.0
35052.0
34274.0
34085.0
34439.0
35539.0
37173.0
38161.0
38448.0
38189.0
37148.0
33497.0
29379.0
26096.0
24526.0
23440.0
22718.0
22417.0
22902.0
24632.0
27213.0
29434.0
30166.0
29771.0
29510.0
29161.0
27776.0
26735.0
26659.0
28485.0
31361.0
32840.0
33213.0
34135.0
33856.0
31411.0
28158.0
25488.0
24232.0
23287.0
22773.0
22747.0
23087.0
23786.0
25757.0
27886.0
29295.0
30491.0
31410.0
31798.0
31833.0
32085.0
33326.0
35960.0
38139.0
38766.0
38648.0
38667.0
37408.0
34167.0
30048.0
27244.0
26262.0
25723.0
25239.0
25443.0
27220.0
31647.0
37139.0
40727.0
42076.0
42048.0
41937.0
41759.0
41145.0
40761.0
41246.0
42787.0
44470.0
44799.0
44267.0
43931.0
41743.0
37254.0
32580.0
29318.0
28036.0
27189.0
26735.0
26859.0
28387.0
32589.0
37998.0
41414.0
41953.0
41822.0
41859.0
41682.0
41041.0
40536.0
40875.0
42408.0
43730.0
44095.0
43581.0
43188.0
40728.0
36300.0
31486.0
28369.0
26780.0
25921.0
25441.0
25591.0
27324.0
31766.0
37472.0
41196.0
42213.0
42115.0
42186.0
41555.0
40289.0
39392.0
39336.0
40442.0
41855.0
42357.0
42247.0
42820.0
40894.0
36781.0
32320.0
28756.0
27241.0
26321.0
25960.0
26132.0
27709.0
31663.0
36754.0
39580.0
39930.0
38954.0
39078.0
38718.0
38206.0
37773.0
38147.0
39579.0
41319.0
41869.0
41880.0
42399.0
40774.0
36586.0
31710.0
28564.0
27294.0
26284.0
26063.0
26244.0
27817.0
31828.0
36762.0
39271.0
39264.0
38198.0
37687.0
37147.0
36102.0
35757.0
36129.0
37758.0
39957.0
40906.0
40955.0
41388.0
39471.0
35858.0
31932.0
28908.0
27324.0
26241.0
25558.0
25385.0
25901.0
27446.0
30318.0
33257.0
34341.0
33739.0
32941.0
32012.0
30492.0
29868.0
30025.0
31926.0
34740.0
35890.0
36289.0
37212.0
36320.0
33807.0
30264.0
27621.0
26327.0
25280.0
24704.0
24504.0
24739.0
25108.0
26689.0
28584.0
29705.0
29747.0
29206.0
28939.0
28165.0
27758.0
28396.0
30355.0
32788.0
34397.0
35150.0
36229.0
35403.0
32897.0
29186.0
26290.0
24803.0
23684.0
23171.0
22914.0
23529.0
25091.0
27665.0
30241.0
31108.0
30535.0
29574.0
28933.0
27944.0
27959.0
28647.0
31579.0
35116.0
36851.0
37272.0
38447.0
37462.0
34233.0
30302.0
27521.0
26352.0
25424.0
24965.0
25214.0
26902.0
31337.0
36715.0
40094.0
40952.0
40354.0
40280.0
40229.0
39771.0
40081.0
40593.0
42216.0
43650.0
43830.0
43353.0
43242.0
40857.0
36720.0
31921.0
28468.0
26986.0
26124.0
25603.0
25757.0
27435.0
32111.0
37701.0
41687.0
43068.0
42686.0
42427.0
41814.0
40831.0
40110.0
40294.0
41731.0
43480.0
43609.0
43373.0
43877.0
41629.0
37180.0
32501.0
29227.0
27859.0
26981.0
26531.0
26748.0
28361.0
32725.0
37980.0
40326.0
40178.0
39037.0
38848.0
38951.0
38382.0
38333.0
39020.0
40427.0
42396.0
43114.0
43346.0
44155.0
41881.0
37604.0
32874.0
29621.0
28133.0
27194.0
26680.0
26773.0
28340.0
32668.0
37730.0
39891.0
39363.0
37875.0
37254.0
37182.0
36626.0
36042.0
36125.0
37330.0
39544.0
40686.0
40892.0
41459.0
39078.0
35654.0
31684.0
28652.0
27055.0
26117.0
25440.0
25326.0
26044.0
27806.0
30650.0
32990.0
33597.0
32602.0
31768.0
31347.0
30387.0
29651.0
30177.0
32065.0
35101.0
36776.0
37356.0
37657.0
35821.0
32699.0
29153.0
26225.0
24690.0
23585.0
22768.0
22418.0
22618.0
23195.0
25200.0
28115.0
30500.0
31931.0
32757.0
33825.0
33876.0
33723.0
34718.0
36744.0
38827.0
39111.0
39071.0
39493.0
36957.0
33370.0
29203.0
26434.0
25565.0
25049.0
24839.0
25084.0
27011.0
32332.0
38468.0
42024.0
42852.0
42994.0
42988.0
42896.0
42165.0
41804.0
42074.0
43514.0
45196.0
45482.0
45306.0
44682.0
41444.0
36657.0
31673.0
28479.0
27353.0
26481.0
26049.0
26205.0
27864.0
33215.0
40061.0
42911.0
43443.0
43567.0
43333.0
42858.0
42109.0
41521.0
41236.0
42652.0
44385.0
44869.0
44803.0
44780.0
40828.0
35992.0
30642.0
27224.0
25756.0
25147.0
24698.0
24831.0
26736.0
32332.0
38921.0
40719.0
40172.0
38677.0
38572.0
38756.0
38394.0
37929.0
38046.0
40481.0
42782.0
43647.0
44617.0
44917.0
41539.0
36822.0
31890.0
28672.0
27443.0
26798.0
26375.0
26542.0
28341.0
33685.0
39904.0
41453.0
41480.0
40579.0
40601.0
40635.0
40235.0
40139.0
40592.0
42979.0
44245.0
44650.0
44475.0
43299.0
39291.0
34433.0
29828.0
26766.0
25333.0
24595.0
24358.0
24499.0
26300.0
32088.0
39240.0
41958.0
42645.0
41803.0
41282.0
40689.0
39466.0
37993.0
37300.0
39395.0
41169.0
42037.0
42496.0
42522.0
39430.0
35205.0
31009.0
27876.0
26336.0
25349.0
24550.0
24350.0
25102.0
27218.0
30589.0
33639.0
34449.0
34318.0
34316.0
34135.0
32948.0
32038.0
32573.0
34448.0
37336.0
38911.0
39594.0
39945.0
37363.0
34183.0
30497.0
27559.0
26250.0
25233.0
24326.0
23966.0
24216.0
25164.0
26892.0
29602.0
31958.0
33092.0
33609.0
33782.0
33465.0
33037.0
33415.0
35145.0
37139.0
37824.0
38703.0
38644.0
35837.0
31208.0
27068.0
23989.0
23067.0
22654.0
22170.0
22188.0
24243.0
30482.0
37580.0
40014.0
40007.0
39365.0
38504.0
37608.0
36377.0
35736.0
36261.0
38995.0
41618.0
42607.0
43462.0
42864.0
39444.0
34432.0
29251.0
26056.0
24931.0
24312.0
23885.0
24025.0
26109.0
32170.0
38876.0
39767.0
38493.0
37339.0
37048.0
37715.0
37618.0
38105.0
38902.0
42119.0
44542.0
45502.0
46110.0
44958.0
40626.0
35301.0
29929.0
26700.0
25778.0
25147.0
24231.0
24051.0
25822.0
31678.0
38263.0
39393.0
38557.0
37689.0
37461.0
37412.0
36756.0
36465.0
36775.0
39924.0
42743.0
45624.0
45592.0
45651.0
41909.0
37053.0
31771.0
28557.0
27333.0
26597.0
25963.0
25845.0
27623.0
33611.0
40249.0
41677.0
40798.0
38972.0
38386.0
38286.0
37354.0
37130.0
37409.0
40409.0
43011.0
44582.0
45915.0
45435.0
41591.0
36737.0
31808.0
28556.0
27608.0
27088.0
26601.0
26727.0
28570.0
34595.0
41234.0
42797.0
41954.0
40918.0
40495.0
40275.0
39847.0
39181.0
39069.0
41203.0
43132.0
44367.0
45244.0
44060.0
40662.0
36635.0
32134.0
28926.0
27674.0
26860.0
26150.0
25889.0
26605.0
29120.0
32265.0
35666.0
37089.0
36992.0
36859.0
36253.0
35596.0
34901.0
35398.0
37330.0
40062.0
41416.0
42420.0
41456.0
38957.0
35639.0
31743.0
28781.0
27550.0
26661.0
25963.0
25501.0
25797.0
27109.0
29139.0
32400.0
34955.0
35686.0
35775.0
35720.0
35178.0
34611.0
35227.0
37275.0
39822.0
41523.0
43525.0
42685.0
39381.0
35120.0
30771.0
27709.0
27059.0
26610.0
26177.0
26302.0
28289.0
34806.0
42169.0
43740.0
43694.0
42689.0
41874.0
41431.0
41175.0
41373.0
42341.0
45347.0
47648.0
48442.0
49366.0
47701.0
43832.0
38397.0
33330.0
30052.0
29263.0
28774.0
28223.0
28395.0
30338.0
36840.0
43519.0
44630.0
43474.0
41853.0
40789.0
40451.0
39918.0
39830.0
40377.0
43119.0
45572.0
47289.0
49228.0
47736.0
43291.0
37809.0
32416.0
29238.0
28503.0
27770.0
27193.0
27183.0
29120.0
35506.0
42439.0
43875.0
43597.0
42588.0
42024.0
41997.0
41636.0
41640.0
42281.0
44942.0
46951.0
47436.0
48238.0
45810.0
41212.0
36160.0
31334.0
28331.0
27406.0
26965.0
26457.0
26450.0
28322.0
34669.0
41454.0
43167.0
43800.0
43426.0
43364.0
43444.0
42645.0
42152.0
42067.0
44178.0
46038.0
47131.0
48542.0
47236.0
43240.0
38051.0
33022.0
29798.0
29060.0
28671.0
27915.0
27831.0
29605.0
35712.0
42499.0
43367.0
41714.0
39600.0
38590.0
38068.0
37453.0
37440.0
38040.0
40862.0
42975.0
44104.0
45251.0
43326.0
39799.0
35662.0
31532.0
28466.0
27369.0
26529.0
25700.0
25328.0
26070.0
28861.0
32435.0
36376.0
37724.0
37043.0
35717.0
34201.0
32779.0
32255.0
32767.0
34977.0
38490.0
40301.0
41427.0
39340.0
36326.0
33116.0
29979.0
27084.0
26183.0
25441.0
24444.0
23952.0
24308.0
26054.0
28194.0
31104.0
33228.0
33859.0
33694.0
33888.0
33615.0
34006.0
35345.0
38080.0
40937.0
42471.0
43725.0
41824.0
38512.0
34695.0
30441.0
27768.0
27202.0
26790.0
26392.0
26525.0
28472.0
35213.0
42780.0
45385.0
45601.0
45237.0
44772.0
44668.0
44057.0
43638.0
44048.0
46305.0
48072.0
48918.0
49615.0
47531.0
43361.0
38081.0
33077.0
29973.0
29157.0
28554.0
27897.0
27873.0
29587.0
36062.0
43142.0
45265.0
45265.0
43939.0
43070.0
42348.0
41740.0
41425.0
41818.0
44462.0
46669.0
47984.0
49693.0
46907.0
42311.0
37275.0
32074.0
29002.0
28270.0
27618.0
26875.0
26781.0
28334.0
34800.0
41452.0
43172.0
43227.0
42092.0
41307.0
40540.0
40323.0
40861.0
41997.0
44802.0
46982.0
48108.0
48287.0
45372.0
41158.0
36501.0
31587.0
28432.0
27453.0
26921.0
26647.0
26716.0
28904.0
35558.0
42973.0
44338.0
43867.0
42401.0
41448.0
40606.0
39481.0
39048.0
39971.0
43062.0
45492.0
47117.0
48959.0
46185.0
41810.0
36805.0
31786.0
28249.0
27163.0
26764.0
26044.0
26130.0
27909.0
34217.0
41554.0
44230.0
44690.0
43947.0
43260.0
42180.0
40511.0
39392.0
39311.0
41490.0
43504.0
44948.0
46141.0
43273.0
39799.0
35597.0
31430.0
28590.0
27299.0
26355.0
25726.0
25567.0
26475.0
29202.0
33029.0
37296.0
38801.0
38353.0
36763.0
35543.0
34799.0
35042.0
36218.0
38440.0
41393.0
43517.0
43688.0
41426.0
38611.0
35359.0
31462.0
28454.0
27258.0
26191.0
24952.0
24161.0
24182.0
26178.0
28599.0
32218.0
35319.0
36329.0
36899.0
37083.0
36179.0
35604.0
36135.0
38375.0
40322.0
41285.0
41555.0
38814.0
35266.0
30993.0
26678.0
23677.0
22877.0
22568.0
22115.0
22237.0
24378.0
31420.0
38938.0
40079.0
39128.0
38107.0
37963.0
38278.0
38254.0
38737.0
39677.0
42577.0
45338.0
46879.0
47538.0
44285.0
39792.0
34607.0
29200.0
26248.0
25684.0
25100.0
24597.0
24678.0
26881.0
33888.0
40834.0
41669.0
40134.0
38248.0
38176.0
38849.0
38788.0
39295.0
40447.0
43659.0
46787.0
49110.0
49674.0
46834.0
42126.0
36542.0
31136.0
27460.0
26482.0
25863.0
25234.0
25090.0
27244.0
34106.0
41654.0
43162.0
42959.0
42254.0
42254.0
42042.0
41633.0
41799.0
42373.0
45216.0
47858.0
49881.0
49834.0
46372.0
41789.0
36299.0
30647.0
26916.0
26006.0
25593.0
24927.0
24753.0
26776.0
33634.0
41318.0
42738.0
41360.0
38854.0
37333.0
37026.0
36361.0
36274.0
37400.0
40827.0
44526.0
47218.0
49110.0
46231.0
41984.0
36752.0
31854.0
28669.0
28386.0
28065.0
27431.0
27586.0
29652.0
36706.0
44107.0
44929.0
43054.0
40947.0
40525.0
40500.0
39973.0
40213.0
41127.0
44269.0
46842.0
48826.0
48535.0
44676.0
40760.0
35846.0
31172.0
27806.0
26559.0
25549.0
24208.0
23618.0
24169.0
27118.0
31436.0
35632.0
37998.0
38220.0
37878.0
37555.0
36838.0
36287.0
36815.0
38972.0
41922.0
43901.0
43569.0
40835.0
37895.0
34521.0
30950.0
28332.0
27597.0
27167.0
26311.0
25759.0
26296.0
28207.0
30837.0
34191.0
36455.0
37248.0
37178.0
37420.0
36897.0
37041.0
38225.0
41005.0
43818.0
46032.0
46334.0
43491.0
39986.0
35633.0
31149.0
28269.0
28026.0
27749.0
26916.0
26894.0
28958.0
35945.0
44027.0
45364.0
45750.0
44972.0
44377.0
44315.0
44134.0
44238.0
44856.0
47453.0
49922.0
51633.0
50861.0
47177.0
42427.0
36686.0
31314.0
27879.0
26902.0
26160.0
25265.0
25315.0
27262.0
34414.0
42412.0
44547.0
44260.0
43406.0
43026.0
42495.0
41912.0
41668.0
42218.0
44497.0
46893.0
49267.0
48804.0
44707.0
40068.0
34627.0
29368.0
26104.0
25437.0
24887.0
23910.0
23644.0
25692.0
32363.0
40466.0
42663.0
43151.0
42992.0
42906.0
42740.0
42243.0
42278.0
42803.0
45538.0
47738.0
49172.0
48222.0
44569.0
40171.0
35023.0
30301.0
27447.0
27018.0
26562.0
25955.0
26082.0
28199.0
35211.0
43213.0
44011.0
43007.0
41238.0
39570.0
39166.0
38947.0
39024.0
39951.0
43454.0
46403.0
49317.0
49308.0
45736.0
40986.0
35867.0
30646.0
27187.0
26293.0
25622.0
24887.0
24606.0
26438.0
32908.0
40995.0
43232.0
43342.0
42829.0
42009.0
41527.0
40584.0
40065.0
39934.0
42265.0
44794.0
46743.0
45840.0
42301.0
38524.0
34285.0
30086.0
26970.0
26146.0
25480.0
24617.0
24310.0
25348.0
28448.0
32779.0
36576.0
38391.0
38110.0
37286.0
37079.0
36385.0
35818.0
36209.0
38287.0
41920.0
44361.0
43288.0
40455.0
37074.0
33758.0
29815.0
26723.0
25377.0
24478.0
23565.0
22949.0
23360.0
25217.0
27869.0
31443.0
34471.0
35603.0
35327.0
34987.0
33719.0
32700.0
33777.0
37292.0
41345.0
44533.0
44031.0
41837.0
39113.0
35246.0
30971.0
28138.0
27735.0
27435.0
26830.0
26681.0
28609.0
35191.0
42724.0
44592.0
44701.0
44165.0
43077.0
42362.0
41358.0
40722.0
40982.0
43668.0
46052.0
48086.0
46903.0
43053.0
38428.0
33577.0
28894.0
25597.0
24999.0
24688.0
24165.0
24244.0
26270.0
33116.0
40929.0
42196.0
41734.0
40548.0
40211.0
40580.0
40737.0
40850.0
42416.0
46250.0
49493.0
51910.0
50963.0
47766.0
43893.0
38729.0
33722.0
30586.0
29899.0
29480.0
28606.0
28563.0
30349.0
37085.0
45017.0
47109.0
47645.0
47680.0
47045.0
46947.0
46254.0
46256.0
47152.0
49590.0
51976.0
53758.0
51944.0
48252.0
43618.0
38420.0
33348.0
30214.0
29762.0
29206.0
28217.0
28241.0
30041.0
36488.0
44560.0
46394.0
46821.0
46853.0
46678.0
46779.0
46749.0
46554.0
46719.0
49208.0
51018.0
52373.0
50139.0
46467.0
42330.0
37068.0
32148.0
29028.0
28613.0
28342.0
27613.0
27513.0
29336.0
35469.0
43604.0
46054.0
46241.0
45030.0
44165.0
43453.0
42251.0
41954.0
42474.0
44921.0
47497.0
50025.0
48115.0
44335.0
40288.0
35782.0
31033.0
27252.0
26130.0
25303.0
24073.0
23408.0
24298.0
27356.0
31425.0
34929.0
36099.0
35619.0
35343.0
35297.0
34722.0
34722.0
35667.0
38618.0
42506.0
45133.0
43033.0
39797.0
36374.0
32781.0
28898.0
25804.0
25048.0
24584.0
23553.0
22838.0
22788.0
24535.0
27586.0
30865.0
33390.0
34576.0
34705.0
35064.0
34911.0
34823.0
35386.0
38474.0
42086.0
45247.0
43673.0
41132.0
38289.0
34925.0
30607.0
28000.0
27975.0
27823.0
27321.0
27207.0
29025.0
35238.0
42616.0
46348.0
46946.0
46674.0
46592.0
46630.0
46300.0
46268.0
46736.0
48457.0
51400.0
53423.0
51351.0
47654.0
43006.0
37848.0
32939.0
29866.0
29427.0
29137.0
28096.0
27427.0
28787.0
34204.0
41515.0
44796.0
45707.0
45137.0
44657.0
43987.0
43191.0
43082.0
43873.0
46340.0
49705.0
52122.0
49903.0
46131.0
41790.0
36543.0
31171.0
27934.0
27442.0
27035.0
26101.0
26283.0
28212.0
34282.0
41644.0
44595.0
44135.0
42752.0
41390.0
40196.0
38903.0
38872.0
40338.0
43673.0
48559.0
51702.0
50153.0
46554.0
42333.0
37624.0
32520.0
29156.0
28907.0
28513.0
27639.0
27550.0
29446.0
35278.0
42495.0
46306.0
47439.0
46913.0
46649.0
46646.0
46487.0
46563.0
46778.0
48380.0
50628.0
53163.0
51404.0
47918.0
43647.0
38689.0
33684.0
30311.0
29916.0
29556.0
28733.0
28570.0
30310.0
36335.0
43745.0
46617.0
46047.0
43838.0
42081.0
41121.0
39935.0
39774.0
40833.0
43958.0
47535.0
50603.0
48158.0
44721.0
41004.0
36520.0
31983.0
28603.0
27930.0
27309.0
25977.0
25103.0
25435.0
28253.0
32668.0
36295.0
38168.0
38076.0
37138.0
36213.0
35028.0
34815.0
35397.0
37876.0
41798.0
44084.0
41270.0
38325.0
35241.0
31927.0
28319.0
25360.0
25360.0
24983.0
24983.0
24835.0
23796.0
23293.0
23053.0
24329.0
27169.0
30180.0
33774.0
35915.0
36295.0
36104.0
36412.0
36524.0
37201.0
40112.0
44966.0
49952.0
48794.0
46253.0
43413.0
39913.0
36016.0
32134.0
31232.0
30351.0
29383.0
29069.0
29332.0
32128.0
39410.0
46229.0
47843.0
47621.0
46345.0
45754.0
45735.0
45493.0
46282.0
48453.0
53653.0
57609.0
56703.0
53695.0
49697.0
44624.0
38657.0
33669.0
32174.0
31251.0
29990.0
29205.0
29107.0
31398.0
38355.0
45133.0
46848.0
46700.0
46353.0
46525.0
46346.0
45966.0
46400.0
47765.0
51807.0
54688.0
52878.0
50592.0
47414.0
42763.0
31008.0
29967.0
28946.0
28499.0
28554.0
30793.0
37762.0
44156.0
45319.0
45405.0
44768.0
45115.0
45098.0
44924.0
45524.0
47002.0
50922.0
56025.0
54640.0
52198.0
48858.0
44079.0
39167.0
34486.0
32976.0
31989.0
30724.0
30094.0
30089.0
32388.0
39385.0
46321.0
48192.0
48559.0
48037.0
47574.0
47511.0
47693.0
48426.0
49760.0
53666.0
57667.0
56449.0
54402.0
50679.0
45914.0
40448.0
35741.0
34079.0
32768.0
31363.0
30562.0
30227.0
32112.0
38880.0
45828.0
48190.0
48606.0
47666.0
47074.0
46969.0
46398.0
46732.0
47650.0
50997.0
54759.0
52877.0
50090.0
46591.0
42688.0
38316.0
34381.0
32630.0
31375.0
29836.0
28492.0
27622.0
28381.0
31481.0
35186.0
39350.0
41673.0
41605.0
40716.0
40193.0
39206.0
38806.0
40461.0
45039.0
49782.0
47678.0
44275.0
41977.0
39199.0
35862.0
32486.0
31285.0
29845.0
28314.0
27196.0
26389.0
26792.0
28552.0
30531.0
33458.0
35484.0
35974.0
36412.0
37944.0
38474.0
39659.0
42441.0
47743.0
51890.0
50336.0
47727.0
45317.0
42152.0
38012.0
34126.0
32970.0
32315.0
31523.0
31008.0
31081.0
33474.0
41094.0
48733.0
49444.0
48714.0
47185.0
46009.0
46026.0
46247.0
47306.0
49199.0
53772.0
57124.0
55234.0
52880.0
48866.0
43576.0
37630.0
32480.0
30934.0
29816.0
28639.0
27865.0
27626.0
29989.0
37431.0
45211.0
47643.0
48542.0
49154.0
49766.0
50313.0
50674.0
51010.0
52210.0
56067.0
58838.0
57271.0
55582.0
52151.0
47257.0
41560.0
36703.0
35224.0
34082.0
32748.0
32023.0
31759.0
33997.0
41505.0
49202.0
50313.0
49628.0
48159.0
47545.0
47395.0
47437.0
48347.0
50607.0
55174.0
57811.0
56752.0
54869.0
51110.0
45574.0
39789.0
34807.0
33126.0
32153.0
30990.0
30061.0
29659.0
31773.0
39154.0
46750.0
48539.0
49109.0
48787.0
48255.0
47895.0
47589.0
47873.0
49149.0
53620.0
56847.0
55967.0
53752.0
50460.0
45330.0
39757.0
34190.0
32171.0
30541.0
29026.0
27847.0
27266.0
29222.0
36105.0
43657.0
45288.0
44374.0
42856.0
42248.0
42475.0
42674.0
44315.0
46356.0
51099.0
54705.0
53563.0
51485.0
48252.0
43933.0
39711.0
35939.0
34365.0
33215.0
31824.0
30775.0
30047.0
30743.0
33437.0
37312.0
41683.0
44526.0
44701.0
44106.0
43749.0
43417.0
43932.0
45183.0
49295.0
52643.0
51301.0
48260.0
45514.0
42069.0
38706.0
35200.0
33597.0
32048.0
30145.0
28766.0
27612.0
27277.0
28900.0
30868.0
34073.0
36021.0
36782.0
37016.0
37859.0
38184.0
39537.0
42539.0
48317.0
52104.0
50674.0
48061.0
45050.0
41778.0
37374.0
33371.0
32830.0
32505.0
31740.0
31261.0
31308.0
33988.0
42084.0
50278.0
52087.0
52896.0
52779.0
52934.0
53242.0
53126.0
53449.0
54826.0
58559.0
60369.0
58816.0
56635.0
52300.0
47001.0
40863.0
35748.0
34024.0
33058.0
31836.0
31335.0
31362.0
33914.0
41288.0
49291.0
51454.0
52532.0
52367.0
52211.0
52205.0
51978.0
52312.0
53337.0
57447.0
59041.0
58139.0
56310.0
52622.0
47374.0
41616.0
36683.0
35391.0
34655.0
33536.0
32709.0
32593.0
34788.0
42060.0
49976.0
51489.0
51895.0
51322.0
51281.0
51553.0
51581.0
51644.0
52583.0
56513.0
58551.0
57075.0
54686.0
51074.0
45871.0
40216.0
35198.0
33315.0
32181.0
30529.0
29365.0
28943.0
30919.0
38184.0
45674.0
47140.0
46915.0
45680.0
45996.0
46753.0
47159.0
48117.0
50053.0
54738.0
56948.0
55874.0
54496.0
51404.0
46929.0
41442.0
36752.0
35382.0
34246.0
33160.0
32326.0
31961.0
34191.0
41116.0
48715.0
50385.0
49553.0
48205.0
47152.0
46927.0
47039.0
47903.0
49505.0
53818.0
56205.0
54300.0
52137.0
48554.0
44020.0
39256.0
34935.0
33342.0
31982.0
30143.0
28971.0
28338.0
29252.0
32809.0
37010.0
41039.0
43407.0
44242.0
44708.0
45009.0
44812.0
45109.0
46358.0
49580.0
52045.0
50438.0
47461.0
45107.0
41804.0
38477.0
35117.0
34116.0
32997.0
31644.0
30566.0
29814.0
30185.0
32390.0
34945.0
38658.0
41917.0
43046.0
43234.0
43487.0
44179.0
45434.0
48137.0
53640.0
55973.0
54382.0
51415.0
48231.0
44159.0
39504.0
34823.0
33450.0
32583.0
31191.0
30094.0
29608.0
31612.0
39034.0
47331.0
49817.0
50754.0
50651.0
50927.0
51181.0
50852.0
50751.0
51986.0
56158.0
58118.0
56739.0
54442.0
51244.0
46076.0
40575.0
35785.0
34467.0
33455.0
31928.0
30882.0
30383.0
32293.0
39503.0
47531.0
49264.0
49905.0
49568.0
49306.0
49273.0
49042.0
48750.0
49894.0
54102.0
55148.0
53267.0
51052.0
47654.0
42349.0
36933.0
32117.0
30922.0
30172.0
29005.0
28312.0
28118.0
29831.0
37066.0
45278.0
47175.0
47644.0
47355.0
47388.0
47611.0
47432.0
47954.0
49141.0
53098.0
54903.0
53521.0
51656.0
48459.0
43408.0
38536.0
34098.0
32486.0
31375.0
29903.0
28622.0
28001.0
30114.0
37410.0
45422.0
46949.0
46374.0
44769.0
44079.0
44582.0
45482.0
46793.0
49073.0
54458.0
57005.0
55746.0
53999.0
51216.0
46659.0
41500.0
36737.0
35626.0
34411.0
33275.0
32447.0
32081.0
34165.0
41444.0
49844.0
51376.0
51009.0
49721.0
49019.0
48562.0
48233.0
49135.0
50845.0
55638.0
57712.0
56292.0
54740.0
51326.0
46771.0
42297.0
38319.0
36843.0
35507.0
33891.0
32441.0
31387.0
32036.0
35252.0
39344.0
43452.0
45335.0
44525.0
43242.0
42823.0
42731.0
43473.0
45483.0
50388.0
53193.0
51989.0
49111.0
46033.0
42427.0
38658.0
35143.0
33860.0
32820.0
31399.0
30189.0
29390.0
29614.0
31548.0
34168.0
37823.0
40963.0
42409.0
43083.0
44289.0
45228.0
46466.0
48847.0
53972.0
55664.0
54444.0
51412.0
47605.0
43328.0
37878.0
33260.0
32093.0
31275.0
29830.0
28844.0
28589.0
31227.0
38954.0
47598.0
50418.0
51290.0
50876.0
50786.0
50872.0
51051.0
51696.0
53267.0
57626.0
59152.0
57788.0
56029.0
52427.0
47164.0
41521.0
36545.0
35443.0
35199.0
33820.0
33064.0
32744.0
34969.0
42211.0
50293.0
52037.0
51885.0
51013.0
50037.0
49956.0
50636.0
51866.0
54181.0
58807.0
59819.0
58598.0
57292.0
53715.0
48364.0
42321.0
37011.0
35799.0
34968.0
33873.0
32760.0
32314.0
34527.0
42083.0
51132.0
53234.0
53590.0
52567.0
52056.0
52400.0
52769.0
53508.0
55607.0
58749.0
59660.0
59434.0
58054.0
55143.0
49868.0
43801.0
38706.0
37174.0
36518.0
35289.0
34087.0
33417.0
35400.0
42852.0
51911.0
53786.0
53665.0
52496.0
51804.0
52030.0
52294.0
53286.0
55395.0
58930.0
59219.0
58964.0
58193.0
54819.0
49663.0
44034.0
38794.0
37496.0
36709.0
35415.0
34657.0
34329.0
36651.0
44269.0
52870.0
55584.0
55501.0
54137.0
53306.0
52808.0
52923.0
53860.0
55597.0
58549.0
59568.0
58767.0
56685.0
53578.0
49193.0
44210.0
40008.0
38710.0
37596.0
36114.0
34831.0
33697.0
34337.0
37349.0
41666.0
46152.0
49324.0
49987.0
49594.0
49060.0
48472.0
48622.0
49267.0
53245.0
55529.0
53949.0
50763.0
47872.0
44200.0
40358.0
36718.0
35822.0
34678.0
32901.0
31378.0
30382.0
30458.0
32275.0
34992.0
38434.0
43067.0
45480.0
45935.0
46864.0
46838.0
47194.0
49184.0
54189.0
55634.0
54363.0
51657.0
48602.0
44874.0
40279.0
35755.0
34833.0
34564.0
33291.0
32268.0
31859.0
34004.0
41916.0
50541.0
52848.0
53930.0
53283.0
52677.0
52578.0
52591.0
53227.0
54885.0
58336.0
59052.0
58129.0
56699.0
53080.0
48127.0
42426.0
37023.0
35602.0
34979.0
33255.0
32010.0
31407.0
33617.0
40873.0
49546.0
51978.0
52926.0
52931.0
52957.0
53181.0
52796.0
52978.0
54006.0
57551.0
58511.0
57102.0
55316.0
51619.0
46523.0
41132.0
35901.0
34458.0
33673.0
32417.0
31151.0
30518.0
32563.0
40105.0
48512.0
50238.0
50693.0
50266.0
50058.0
49738.0
49853.0
49981.0
51335.0
55372.0
55825.0
54060.0
52543.0
49140.0
43937.0
38187.0
33294.0
31770.0
30870.0
29420.0
28439.0
27951.0
30076.0
37631.0
46001.0
48009.0
48691.0
48633.0
48503.0
48325.0
48502.0
48928.0
50860.0
55410.0
57014.0
55996.0
54574.0
51446.0
47019.0
41691.0
36490.0
35133.0
34341.0
33028.0
32170.0
31955.0
33818.0
40831.0
49067.0
51920.0
52242.0
51198.0
50106.0
49707.0
49900.0
50932.0
53063.0
57713.0
59122.0
57289.0
55223.0
52287.0
48090.0
43572.0
39329.0
37691.0
36816.0
35515.0
34787.0
34134.0
34796.0
37979.0
42351.0
46762.0
49424.0
49856.0
49965.0
50272.0
50415.0
50741.0
52516.0
56697.0
58667.0
57085.0
54320.0
51575.0
48081.0
44193.0
40601.0
39458.0
38243.0
36433.0
35005.0
33906.0
33534.0
34917.0
37462.0
41841.0
47148.0
50597.0
52306.0
53485.0
53452.0
53424.0
54544.0
58270.0
59537.0
57902.0
55744.0
52975.0
48771.0
44098.0
39609.0
38246.0
37809.0
36690.0
35653.0
34525.0
36056.0
43474.0
52470.0
56679.0
59285.0
59309.0
59211.0
59188.0
58584.0
58549.0
59722.0
62501.0
62884.0
62150.0
60991.0
57818.0
53287.0
47238.0
41988.0
40647.0
40056.0
39185.0
38617.0
38382.0
40478.0
47920.0
56083.0
58820.0
60035.0
59090.0
58342.0
58500.0
58152.0
58391.0
59672.0
62294.0
61930.0
60980.0
60329.0
56789.0
51342.0
45107.0
39522.0
38273.0
37951.0
36889.0
36025.0
35371.0
37178.0
44030.0
51951.0
54756.0
55905.0
55771.0
55549.0
55381.0
55282.0
55366.0
56930.0
60552.0
60924.0
60138.0
58676.0
55801.0
50802.0
45233.0
39078.0
37737.0
36982.0
35780.0
34872.0
34375.0
36438.0
43710.0
52361.0
54898.0
55820.0
55014.0
54454.0
54150.0
54229.0
55166.0
57148.0
61229.0
61703.0
61079.0
59694.0
56606.0
51641.0
45579.0
40298.0
38794.0
38025.0
36720.0
35536.0
34615.0
36144.0
43393.0
52201.0
54942.0
54810.0
53664.0
52962.0
52520.0
52257.0
52968.0
54572.0
58772.0
60002.0
58184.0
56268.0
53265.0
49136.0
44590.0
40370.0
38752.0
37515.0
36475.0
35585.0
34741.0
35310.0
38364.0
42681.0
47281.0
50423.0
50821.0
50066.0
49824.0
50299.0
51143.0
52609.0
56436.0
58487.0
57230.0
54238.0
51438.0
48204.0
44499.0
40941.0
39784.0
38350.0
36910.0
35762.0
34624.0
34288.0
35670.0
37866.0
41429.0
45835.0
48607.0
49938.0
50735.0
50061.0
49594.0
50817.0
54777.0
55957.0
54065.0
51924.0
49403.0
45679.0
41420.0
37255.0
36236.0
35908.0
35225.0
34561.0
34518.0
36751.0
44020.0
52204.0
55545.0
56309.0
55205.0
54275.0
53764.0
53792.0
54565.0
56429.0
60707.0
61857.0
61082.0
59131.0
56159.0
51267.0
45398.0
40087.0
38757.0
38195.0
36955.0
36052.0
35629.0
37511.0
44675.0
53027.0
56319.0
56630.0
55448.0
54957.0
54848.0
54672.0
54945.0
56459.0
59905.0
60966.0
59570.0
57646.0
54104.0
48950.0
43267.0
38095.0
36735.0
35971.0
34775.0
33795.0
33402.0
35347.0
41933.0
49878.0
52512.0
53992.0
53756.0
53260.0
52997.0
52941.0
53266.0
54579.0
58011.0
59041.0
57546.0
55486.0
52661.0
48128.0
43299.0
38479.0
37088.0
36176.0
34667.0
33566.0
32783.0
34404.0
40500.0
47793.0
51640.0
52847.0
52753.0
52657.0
52531.0
52119.0
52147.0
53256.0
56495.0
57771.0
56391.0
54599.0
51432.0
47142.0
42495.0
37991.0
36455.0
35484.0
33923.0
32692.0
31956.0
33560.0
39008.0
45293.0
48901.0
50116.0
49444.0
48920.0
48453.0
47544.0
47093.0
47817.0
51226.0
53267.0
52009.0
49887.0
46804.0
42885.0
38875.0
34746.0
33246.0
31768.0
29869.0
28259.0
27264.0
27667.0
30060.0
33541.0
37056.0
40302.0
41420.0
41840.0
41742.0
41365.0
41288.0
42559.0
46530.0
48738.0
47513.0
45743.0
43122.0
39880.0
36267.0
32673.0
31136.0
29866.0
27699.0
26295.0
25076.0
24889.0
26765.0
29637.0
33659.0
38012.0
40118.0
40561.0
41051.0
40872.0
40659.0
41716.0
45218.0
46272.0
44633.0
42227.0
39730.0
36620.0
33481.0
30333.0
28956.0
27606.0
25572.0
24282.0
23602.0
23999.0
26144.0
29542.0
34145.0
38371.0
40300.0
41755.0
43500.0
43722.0
41574.0
39390.0
38831.0
37892.0
36744.0
36248.0
35472.0
34009.0
32447.0
30293.0
29527.0
28621.0
27167.0
26007.0
25399.0
25771.0
27703.0
29919.0
32647.0
35983.0
37724.0
38197.0
39330.0
40239.0
40979.0
42969.0
45443.0
46302.0
45245.0
43644.0
41886.0
39039.0
35797.0
32206.0
31402.0
30414.0
29062.0
28125.0
27388.0
28480.0
32076.0
36032.0
40266.0
44153.0
45429.0
46233.0
46823.0
46667.0
46373.0
47592.0
51489.0
53930.0
52674.0
50557.0
47973.0
44170.0
39850.0
35721.0
34458.0
33605.0
32385.0
31434.0
30762.0
31786.0
35344.0
39231.0
43235.0
45996.0
46326.0
45745.0
45397.0
45480.0
46650.0
48913.0
53262.0
55860.0
54845.0
53112.0
50369.0
46662.0
42347.0
38248.0
36917.0
35834.0
34571.0
33378.0
31988.0
32338.0
35390.0
38761.0
42906.0
47215.0
48796.0
48820.0
48336.0
47809.0
48009.0
48855.0
52568.0
54524.0
52820.0
50280.0
47221.0
43897.0
39960.0
36346.0
35392.0
34614.0
32848.0
31370.0
30140.0
30266.0
32153.0
34523.0
37549.0
40657.0
41472.0
41900.0
42007.0
41538.0
41098.0
42347.0
46846.0
49897.0
49104.0
46616.0
44293.0
41150.0
37596.0
33854.0
32489.0
31047.0
28607.0
26605.0
25085.0
24811.0
25996.0
28018.0
31447.0
35851.0
38947.0
39948.0
40584.0
40539.0
41278.0
42881.0
46772.0
48324.0
46876.0
43693.0
40492.0
37264.0
34750.0
