Consumption in Luxembourg in 2017
470.0
450.0
442.0
427.0
419.0
418.0
368.0
377.0
382.0
386.0
405.0
430.0
446.0
437.0
427.0
418.0
434.0
479.0
491.0
486.0
473.0
455.0
511.0
499.0
469.0
439.0
428.0
427.0
435.0
462.0
462.0
522.0
587.0
619.0
623.0
712.0
762.0
728.0
721.0
687.0
743.0
797.0
781.0
798.0
740.0
711.0
761.0
717.0
698.0
688.0
645.0
661.0
654.0
654.0
647.0
732.0
805.0
806.0
801.0
841.0
820.0
781.0
757.0
743.0
788.0
831.0
814.0
787.0
776.0
710.0
751.0
709.0
695.0
655.0
662.0
638.0
579.0
626.0
612.0
692.0
745.0
737.0
754.0
751.0
752.0
629.0
638.0
588.0
634.0
709.0
742.0
705.0
689.0
647.0
680.0
648.0
629.0
604.0
603.0
597.0
603.0
635.0
601.0
689.0
732.0
745.0
761.0
804.0
793.0
736.0
806.0
811.0
826.0
842.0
850.0
828.0
811.0
745.0
818.0
791.0
770.0
731.0
709.0
714.0
708.0
741.0
765.0
826.0
860.0
856.0
867.0
879.0
853.0
825.0
760.0
812.0
823.0
802.0
798.0
785.0
828.0
760.0
791.0
797.0
782.0
741.0
700.0
710.0
641.0
704.0
659.0
683.0
694.0
714.0
708.0
675.0
689.0
679.0
681.0
678.0
687.0
808.0
748.0
757.0
699.0
742.0
791.0
764.0
738.0
700.0
686.0
665.0
666.0
673.0
633.0
662.0
655.0
679.0
688.0
711.0
737.0
724.0
714.0
686.0
723.0
728.0
753.0
769.0
751.0
682.0
750.0
710.0
703.0
658.0
635.0
666.0
689.0
707.0
755.0
847.0
877.0
840.0
865.0
853.0
815.0
806.0
821.0
827.0
818.0
873.0
838.0
835.0
808.0
773.0
802.0
754.0
753.0
712.0
686.0
685.0
667.0
740.0
753.0
841.0
878.0
866.0
887.0
858.0
858.0
857.0
810.0
829.0
773.0
884.0
877.0
880.0
837.0
782.0
767.0
762.0
754.0
686.0
657.0
624.0
606.0
648.0
615.0
677.0
754.0
737.0
760.0
761.0
743.0
744.0
745.0
729.0
696.0
744.0
757.0
704.0
681.0
632.0
658.0
605.0
586.0
553.0
532.0
479.0
482.0
507.0
524.0
608.0
641.0
654.0
685.0
716.0
738.0
748.0
723.0
699.0
697.0
720.0
733.0
700.0
654.0
583.0
623.0
630.0
568.0
475.0
466.0
410.0
433.0
452.0
564.0
655.0
679.0
707.0
804.0
865.0
819.0
751.0
751.0
712.0
742.0
761.0
786.0
802.0
772.0
686.0
740.0
704.0
670.0
656.0
574.0
588.0
550.0
637.0
609.0
644.0
681.0
676.0
727.0
709.0
704.0
691.0
663.0
691.0
709.0
721.0
752.0
753.0
695.0
679.0
736.0
713.0
688.0
648.0
654.0
590.0
576.0
570.0
508.0
484.0
465.0
496.0
604.0
627.0
625.0
648.0
646.0
670.0
666.0
679.0
730.0
675.0
718.0
662.0
736.0
707.0
686.0
690.0
668.0
626.0
674.0
718.0
744.0
824.0
868.0
866.0
834.0
862.0
865.0
775.0
739.0
791.0
822.0
794.0
777.0
867.0
805.0
745.0
778.0
784.0
734.0
706.0
697.0
685.0
710.0
690.0
692.0
818.0
824.0
813.0
881.0
882.0
849.0
826.0
822.0
839.0
806.0
863.0
868.0
852.0
717.0
676.0
712.0
681.0
680.0
664.0
679.0
621.0
589.0
619.0
638.0
722.0
788.0
790.0
779.0
773.0
761.0
741.0
751.0
727.0
726.0
762.0
776.0
756.0
691.0
638.0
701.0
669.0
638.0
612.0
596.0
593.0
582.0
618.0
621.0
711.0
762.0
703.0
694.0
757.0
741.0
705.0
796.0
804.0
832.0
858.0
872.0
838.0
804.0
742.0
798.0
756.0
702.0
672.0
663.0
686.0
681.0
704.0
690.0
774.0
798.0
828.0
825.0
828.0
800.0
728.0
729.0
791.0
762.0
823.0
846.0
798.0
707.0
664.0
680.0
673.0
641.0
673.0
612.0
587.0
586.0
595.0
505.0
593.0
625.0
647.0
659.0
658.0
646.0
640.0
622.0
628.0
642.0
679.0
731.0
720.0
741.0
727.0
802.0
750.0
758.0
725.0
699.0
708.0
712.0
702.0
656.0
639.0
583.0
657.0
670.0
705.0
630.0
655.0
665.0
657.0
668.0
692.0
706.0
691.0
742.0
725.0
791.0
776.0
750.0
711.0
641.0
670.0
668.0
692.0
736.0
808.0
838.0
769.0
837.0
848.0
727.0
805.0
806.0
831.0
816.0
840.0
833.0
827.0
752.0
721.0
762.0
695.0
665.0
656.0
640.0
706.0
662.0
704.0
763.0
803.0
860.0
843.0
927.0
848.0
903.0
915.0
895.0
844.0
862.0
892.0
841.0
840.0
810.0
763.0
808.0
781.0
759.0
740.0
689.0
641.0
664.0
690.0
710.0
785.0
800.0
779.0
788.0
761.0
740.0
711.0
691.0
712.0
701.0
702.0
782.0
695.0
699.0
601.0
694.0
642.0
641.0
576.0
543.0
534.0
545.0
565.0
582.0
670.0
707.0
755.0
778.0
811.0
745.0
766.0
747.0
751.0
748.0
774.0
760.0
763.0
746.0
752.0
711.0
680.0
578.0
546.0
669.0
688.0
677.0
695.0
718.0
799.0
822.0
818.0
796.0
717.0
661.0
825.0
840.0
811.0
772.0
847.0
836.0
764.0
773.0
650.0
707.0
696.0
718.0
744.0
716.0
711.0
624.0
638.0
621.0
662.0
706.0
735.0
743.0
750.0
752.0
741.0
726.0
685.0
660.0
661.0
650.0
675.0
592.0
557.0
671.0
691.0
724.0
694.0
641.0
690.0
673.0
646.0
593.0
621.0
627.0
664.0
720.0
723.0
701.0
709.0
676.0
665.0
672.0
708.0
758.0
747.0
742.0
701.0
708.0
677.0
652.0
644.0
629.0
608.0
604.0
645.0
686.0
764.0
805.0
833.0
836.0
729.0
772.0
780.0
799.0
743.0
716.0
747.0
802.0
767.0
774.0
760.0
797.0
752.0
718.0
706.0
693.0
643.0
693.0
737.0
762.0
821.0
865.0
794.0
783.0
833.0
785.0
852.0
829.0
814.0
833.0
819.0
874.0
885.0
845.0
777.0
801.0
753.0
723.0
677.0
600.0
550.0
526.0
548.0
569.0
652.0
668.0
674.0
680.0
692.0
674.0
668.0
660.0
657.0
654.0
657.0
670.0
644.0
608.0
558.0
583.0
547.0
505.0
487.0
496.0
499.0
501.0
519.0
535.0
614.0
641.0
689.0
741.0
731.0
659.0
718.0
713.0
704.0
689.0
711.0
727.0
715.0
669.0
620.0
647.0
606.0
565.0
560.0
540.0
566.0
571.0
604.0
670.0
778.0
824.0
822.0
852.0
864.0
847.0
823.0
813.0
805.0
795.0
795.0
812.0
760.0
745.0
677.0
688.0
649.0
641.0
592.0
617.0
647.0
658.0
662.0
623.0
664.0
665.0
685.0
696.0
727.0
728.0
722.0
698.0
705.0
717.0
768.0
796.0
772.0
722.0
655.0
705.0
671.0
644.0
665.0
615.0
585.0
588.0
563.0
549.0
545.0
537.0
568.0
586.0
657.0
701.0
688.0
621.0
651.0
630.0
651.0
736.0
738.0
660.0
601.0
650.0
699.0
689.0
654.0
650.0
594.0
658.0
700.0
752.0
811.0
850.0
852.0
857.0
852.0
826.0
753.0
720.0
720.0
704.0
738.0
813.0
878.0
846.0
773.0
706.0
710.0
675.0
690.0
667.0
673.0
648.0
605.0
692.0
817.0
797.0
801.0
775.0
804.0
741.0
718.0
800.0
794.0
810.0
794.0
858.0
847.0
830.0
767.0
795.0
754.0
708.0
669.0
597.0
519.0
514.0
534.0
562.0
641.0
673.0
677.0
689.0
702.0
683.0
669.0
671.0
653.0
662.0
687.0
706.0
673.0
632.0
584.0
625.0
649.0
602.0
601.0
607.0
609.0
618.0
640.0
638.0
736.0
750.0
774.0
775.0
793.0
769.0
740.0
744.0
721.0
734.0
756.0
787.0
722.0
723.0
689.0
720.0
665.0
636.0
592.0
611.0
581.0
593.0
621.0
662.0
735.0
758.0
777.0
736.0
857.0
837.0
801.0
812.0
797.0
768.0
799.0
834.0
869.0
832.0
765.0
816.0
744.0
753.0
725.0
728.0
698.0
700.0
714.0
657.0
719.0
662.0
703.0
768.0
732.0
782.0
680.0
730.0
756.0
722.0
742.0
745.0
739.0
688.0
645.0
687.0
747.0
649.0
664.0
671.0
668.0
648.0
655.0
613.0
613.0
580.0
596.0
663.0
658.0
671.0
595.0
559.0
555.0
556.0
565.0
683.0
670.0
636.0
621.0
683.0
658.0
648.0
612.0
618.0
594.0
600.0
654.0
662.0
742.0
795.0
712.0
785.0
811.0
735.0
674.0
721.0
670.0
652.0
686.0
823.0
806.0
759.0
723.0
730.0
698.0
642.0
629.0
614.0
652.0
649.0
677.0
730.0
812.0
829.0
817.0
799.0
821.0
819.0
760.0
801.0
803.0
808.0
808.0
828.0
783.0
750.0
708.0
691.0
617.0
655.0
606.0
615.0
620.0
609.0
613.0
629.0
728.0
745.0
689.0
738.0
741.0
731.0
680.0
699.0
695.0
715.0
715.0
785.0
776.0
715.0
662.0
692.0
639.0
562.0
532.0
536.0
549.0
519.0
544.0
573.0
653.0
677.0
682.0
710.0
723.0
691.0
760.0
746.0
735.0
746.0
742.0
761.0
759.0
705.0
715.0
751.0
654.0
611.0
640.0
607.0
613.0
685.0
715.0
675.0
806.0
835.0
854.0
835.0
832.0
750.0
772.0
823.0
785.0
801.0
815.0
782.0
762.0
721.0
682.0
685.0
685.0
642.0
657.0
688.0
647.0
592.0
677.0
653.0
695.0
695.0
690.0
717.0
738.0
732.0
703.0
633.0
695.0
673.0
644.0
693.0
693.0
711.0
697.0
680.0
725.0
677.0
674.0
646.0
661.0
643.0
655.0
601.0
614.0
621.0
619.0
614.0
582.0
608.0
592.0
619.0
593.0
622.0
621.0
621.0
683.0
639.0
637.0
713.0
665.0
611.0
638.0
641.0
627.0
614.0
671.0
682.0
750.0
768.0
780.0
775.0
755.0
816.0
828.0
787.0
727.0
758.0
765.0
703.0
706.0
713.0
634.0
642.0
654.0
639.0
633.0
579.0
596.0
585.0
646.0
616.0
728.0
769.0
782.0
731.0
738.0
710.0
691.0
770.0
776.0
793.0
764.0
802.0
794.0
760.0
703.0
690.0
645.0
642.0
581.0
540.0
518.0
532.0
547.0
561.0
624.0
676.0
700.0
706.0
708.0
690.0
689.0
673.0
648.0
640.0
658.0
692.0
684.0
647.0
587.0
604.0
572.0
529.0
523.0
472.0
417.0
428.0
449.0
463.0
529.0
562.0
578.0
635.0
657.0
667.0
644.0
651.0
588.0
610.0
619.0
660.0
644.0
609.0
535.0
590.0
518.0
485.0
475.0
507.0
510.0
513.0
552.0
563.0
628.0
647.0
675.0
673.0
726.0
705.0
664.0
674.0
668.0
684.0
719.0
814.0
804.0
755.0
764.0
758.0
763.0
729.0
720.0
633.0
595.0
599.0
583.0
500.0
473.0
488.0
515.0
578.0
621.0
594.0
592.0
581.0
550.0
572.0
622.0
711.0
729.0
682.0
632.0
661.0
679.0
602.0
582.0
604.0
609.0
572.0
564.0
551.0
521.0
559.0
591.0
569.0
624.0
588.0
585.0
602.0
554.0
602.0
617.0
673.0
686.0
631.0
639.0
636.0
627.0
580.0
606.0
592.0
554.0
561.0
583.0
620.0
680.0
745.0
750.0
739.0
770.0
766.0
736.0
729.0
714.0
656.0
649.0
750.0
743.0
682.0
647.0
683.0
660.0
609.0
597.0
557.0
571.0
562.0
542.0
571.0
644.0
651.0
659.0
698.0
724.0
737.0
763.0
763.0
792.0
759.0
772.0
829.0
834.0
787.0
727.0
734.0
698.0
655.0
642.0
643.0
577.0
560.0
583.0
605.0
675.0
694.0
706.0
727.0
743.0
702.0
697.0
707.0
662.0
715.0
712.0
708.0
701.0
641.0
605.0
637.0
586.0
534.0
495.0
518.0
507.0
462.0
460.0
487.0
549.0
576.0
620.0
653.0
715.0
657.0
723.0
696.0
694.0
706.0
748.0
818.0
825.0
773.0
738.0
783.0
674.0
607.0
555.0
568.0
614.0
661.0
643.0
675.0
759.0
794.0
817.0
793.0
791.0
823.0
820.0
822.0
767.0
755.0
774.0
802.0
804.0
758.0
738.0
723.0
669.0
670.0
603.0
551.0
538.0
554.0
608.0
602.0
606.0
568.0
599.0
694.0
660.0
671.0
678.0
613.0
645.0
604.0
695.0
745.0
693.0
687.0
634.0
650.0
636.0
608.0
584.0
578.0
542.0
497.0
494.0
535.0
509.0
556.0
595.0
568.0
529.0
528.0
593.0
570.0
555.0
575.0
613.0
604.0
553.0
506.0
580.0
612.0
598.0
558.0
530.0
571.0
539.0
548.0
602.0
659.0
717.0
705.0
715.0
789.0
810.0
801.0
808.0
791.0
803.0
751.0
735.0
771.0
814.0
780.0
737.0
694.0
718.0
685.0
629.0
674.0
676.0
674.0
664.0
718.0
768.0
798.0
820.0
830.0
820.0
816.0
787.0
773.0
739.0
777.0
789.0
818.0
850.0
721.0
709.0
731.0
713.0
645.0
670.0
571.0
469.0
470.0
487.0
521.0
567.0
609.0
619.0
616.0
630.0
632.0
622.0
610.0
591.0
588.0
576.0
594.0
669.0
648.0
619.0
638.0
594.0
572.0
568.0
560.0
567.0
582.0
591.0
624.0
705.0
701.0
730.0
753.0
742.0
711.0
660.0
640.0
670.0
671.0
685.0
692.0
722.0
676.0
627.0
653.0
633.0
600.0
579.0
591.0
593.0
598.0
644.0
668.0
714.0
736.0
740.0
731.0
783.0
773.0
776.0
693.0
679.0
611.0
771.0
740.0
824.0
787.0
751.0
785.0
752.0
692.0
640.0
643.0
638.0
659.0
598.0
651.0
635.0
630.0
651.0
642.0
680.0
702.0
633.0
583.0
575.0
555.0
621.0
665.0
649.0
608.0
575.0
563.0
591.0
611.0
576.0
567.0
587.0
632.0
608.0
533.0
558.0
529.0
565.0
617.0
636.0
643.0
644.0
548.0
594.0
606.0
578.0
668.0
623.0
692.0
613.0
641.0
638.0
609.0
629.0
616.0
568.0
632.0
680.0
725.0
760.0
799.0
780.0
755.0
750.0
748.0
725.0
737.0
698.0
650.0
661.0
684.0
649.0
585.0
534.0
568.0
578.0
579.0
617.0
599.0
649.0
630.0
713.0
745.0
784.0
810.0
787.0
763.0
795.0
767.0
773.0
749.0
769.0
780.0
751.0
817.0
845.0
697.0
661.0
756.0
637.0
586.0
680.0
663.0
583.0
551.0
527.0
558.0
612.0
711.0
715.0
720.0
748.0
725.0
711.0
681.0
684.0
685.0
711.0
733.0
750.0
673.0
653.0
673.0
622.0
591.0
543.0
541.0
496.0
500.0
521.0
545.0
588.0
606.0
598.0
612.0
675.0
664.0
656.0
667.0
648.0
677.0
707.0
749.0
795.0
748.0
686.0
725.0
666.0
629.0
611.0
612.0
639.0
635.0
653.0
685.0
729.0
774.0
793.0
798.0
795.0
787.0
704.0
748.0
732.0
746.0
761.0
779.0
784.0
745.0
654.0
683.0
644.0
595.0
588.0
565.0
556.0
559.0
566.0
550.0
520.0
584.0
624.0
668.0
600.0
655.0
651.0
631.0
599.0
629.0
627.0
641.0
652.0
630.0
646.0
668.0
644.0
596.0
577.0
576.0
571.0
572.0
559.0
518.0
463.0
473.0
487.0
448.0
568.0
601.0
585.0
506.0
566.0
559.0
570.0
629.0
637.0
646.0
601.0
660.0
626.0
566.0
581.0
589.0
576.0
576.0
635.0
686.0
714.0
758.0
796.0
773.0
727.0
765.0
771.0
757.0
731.0
716.0
753.0
777.0
737.0
687.0
682.0
681.0
655.0
620.0
517.0
614.0
622.0
640.0
627.0
663.0
666.0
695.0
725.0
728.0
755.0
752.0
738.0
744.0
758.0
786.0
794.0
859.0
854.0
775.0
770.0
779.0
738.0
716.0
698.0
619.0
533.0
508.0
530.0
555.0
603.0
638.0
648.0
651.0
673.0
664.0
648.0
644.0
630.0
624.0
627.0
649.0
666.0
632.0
614.0
628.0
578.0
518.0
546.0
478.0
564.0
559.0
594.0
631.0
666.0
699.0
730.0
792.0
802.0
724.0
762.0
783.0
765.0
712.0
698.0
712.0
764.0
680.0
616.0
639.0
670.0
688.0
649.0
603.0
612.0
625.0
651.0
648.0
700.0
784.0
823.0
834.0
811.0
793.0
781.0
783.0
765.0
741.0
760.0
747.0
773.0
746.0
607.0
622.0
578.0
533.0
574.0
538.0
597.0
569.0
614.0
576.0
583.0
588.0
611.0
596.0
616.0
537.0
438.0
404.0
456.0
442.0
517.0
581.0
630.0
651.0
616.0
517.0
488.0
506.0
506.0
507.0
487.0
503.0
466.0
448.0
456.0
488.0
511.0
583.0
539.0
537.0
574.0
519.0
562.0
605.0
608.0
602.0
650.0
623.0
663.0
646.0
578.0
599.0
588.0
609.0
632.0
643.0
614.0
664.0
691.0
756.0
762.0
650.0
612.0
652.0
735.0
710.0
747.0
743.0
756.0
738.0
715.0
730.0
703.0
702.0
651.0
653.0
636.0
637.0
622.0
686.0
722.0
750.0
783.0
753.0
707.0
726.0
686.0
732.0
724.0
709.0
718.0
743.0
749.0
762.0
747.0
683.0
718.0
653.0
616.0
570.0
505.0
454.0
457.0
489.0
532.0
593.0
609.0
607.0
599.0
594.0
569.0
578.0
574.0
562.0
572.0
591.0
608.0
615.0
634.0
633.0
654.0
596.0
586.0
581.0
578.0
568.0
576.0
600.0
642.0
690.0
695.0
702.0
730.0
778.0
727.0
768.0
764.0
725.0
725.0
750.0
796.0
794.0
788.0
766.0
713.0
676.0
627.0
574.0
584.0
624.0
598.0
668.0
665.0
752.0
776.0
790.0
810.0
709.0
766.0
763.0
602.0
544.0
531.0
544.0
559.0
577.0
575.0
550.0
564.0
528.0
702.666666667
668.0
658.666666667
649.333333333
653.333333333
662.666666667
677.333333333
708.0
757.333333333
793.333333333
809.333333333
832.0
821.333333333
794.666666667
768.0
750.666666667
744.0
745.333333333
766.666666667
772.0
774.666666667
745.333333333
737.333333333
698.666666667
661.333333333
630.666666667
622.666666667
614.666666667
614.666666667
621.333333333
630.666666667
634.666666667
670.666666667
710.666666667
741.333333333
766.666666667
769.333333333
732.0
717.333333333
693.333333333
684.0
696.0
712.0
729.333333333
754.666666667
738.666666667
729.333333333
682.666666667
638.666666667
613.333333333
612.0
618.666666667
640.0
688.0
789.333333333
873.333333333
928.0
946.666666667
954.666666667
973.333333333
958.666666667
948.0
929.333333333
909.333333333
889.333333333
880.0
886.666666667
878.666666667
873.333333333
829.333333333
793.333333333
744.0
693.333333333
668.0
661.333333333
664.0
673.333333333
714.666666667
812.0
894.666666667
948.0
953.333333333
956.0
982.666666667
976.0
954.666666667
944.0
924.0
909.333333333
908.0
913.333333333
908.0
890.666666667
840.0
800.0
744.0
696.0
661.333333333
665.333333333
669.333333333
676.0
725.333333333
814.666666667
889.333333333
942.666666667
952.0
965.333333333
981.333333333
970.666666667
948.0
933.333333333
906.666666667
901.333333333
900.0
908.0
902.666666667
892.0
844.0
802.666666667
746.666666667
682.666666667
657.333333333
654.666666667
654.666666667
674.666666667
714.666666667
805.333333333
882.666666667
933.333333333
964.0
990.666666667
1017.33333333
1002.66666667
988.0
964.0
928.0
908.0
909.333333333
910.666666667
901.333333333
890.666666667
856.0
818.666666667
765.333333333
708.0
692.0
685.333333333
685.333333333
694.666666667
724.0
816.0
888.0
944.0
960.0
977.333333333
996.0
970.666666667
954.666666667
937.333333333
901.333333333
877.333333333
862.666666667
868.0
865.333333333
864.0
836.0
802.666666667
752.0
693.333333333
665.333333333
656.0
645.333333333
656.0
673.333333333
685.333333333
710.666666667
745.333333333
780.0
794.666666667
808.0
806.666666667
780.0
748.0
729.333333333
720.0
724.0
734.666666667
734.666666667
740.0
730.666666667
720.0
684.0
642.666666667
612.0
606.666666667
601.333333333
598.666666667
608.0
612.0
622.666666667
654.666666667
686.666666667
714.666666667
728.0
729.333333333
694.666666667
673.333333333
658.666666667
649.333333333
661.333333333
681.333333333
697.333333333
716.0
710.666666667
700.0
657.333333333
618.666666667
597.333333333
593.333333333
593.333333333
609.333333333
648.0
730.666666667
804.0
868.0
892.0
908.0
940.0
921.333333333
904.0
894.666666667
880.0
865.333333333
870.666666667
868.0
857.333333333
849.333333333
817.333333333
784.0
730.666666667
676.0
657.333333333
660.0
661.333333333
682.666666667
714.666666667
782.666666667
849.333333333
913.333333333
929.333333333
938.666666667
957.333333333
941.333333333
921.333333333
924.0
897.333333333
874.666666667
861.333333333
868.0
864.0
856.0
837.333333333
801.333333333
749.333333333
694.666666667
670.666666667
657.333333333
662.666666667
684.0
725.333333333
790.666666667
853.333333333
910.666666667
932.0
940.0
954.666666667
936.0
932.0
924.0
906.666666667
882.666666667
882.666666667
885.333333333
872.0
854.666666667
836.0
805.333333333
742.666666667
696.0
660.0
654.666666667
658.666666667
658.666666667
694.666666667
773.333333333
844.0
904.0
930.666666667
949.333333333
973.333333333
952.0
930.666666667
921.333333333
889.333333333
872.0
868.0
874.666666667
868.0
854.666666667
826.666666667
793.333333333
740.0
698.666666667
668.0
664.0
661.333333333
674.666666667
709.333333333
772.0
834.666666667
885.333333333
902.666666667
918.666666667
936.0
916.0
904.0
893.333333333
876.0
854.666666667
856.0
860.0
852.0
833.333333333
814.666666667
785.333333333
744.0
704.0
673.333333333
660.0
649.333333333
649.333333333
662.666666667
674.666666667
698.666666667
736.0
776.0
805.333333333
830.666666667
833.333333333
801.333333333
776.0
761.333333333
754.666666667
762.666666667
772.0
773.333333333
765.333333333
748.0
729.333333333
689.333333333
649.333333333
624.0
616.0
610.666666667
602.666666667
608.0
606.666666667
617.333333333
654.666666667
693.333333333
732.0
752.0
736.0
698.666666667
669.333333333
657.333333333
658.666666667
669.333333333
681.333333333
693.333333333
702.666666667
697.333333333
698.666666667
665.333333333
632.0
601.333333333
598.666666667
594.666666667
592.0
608.0
613.333333333
618.666666667
650.666666667
685.333333333
721.333333333
753.333333333
752.0
726.666666667
706.666666667
694.666666667
681.333333333
682.666666667
697.333333333
710.666666667
712.0
713.333333333
712.0
670.666666667
633.333333333
609.333333333
596.0
601.333333333
616.0
657.333333333
738.666666667
821.333333333
882.666666667
910.666666667
941.333333333
976.0
956.0
937.333333333
925.333333333
902.666666667
882.666666667
880.0
885.333333333
876.0
854.666666667
834.666666667
801.333333333
748.0
702.666666667
676.0
670.666666667
670.666666667
676.0
713.333333333
780.0
849.333333333
914.666666667
933.333333333
949.333333333
969.333333333
953.333333333
941.333333333
924.0
908.0
893.333333333
892.0
898.666666667
888.0
866.666666667
848.0
816.0
770.666666667
726.666666667
696.0
680.0
684.0
701.333333333
736.0
796.0
872.0
922.666666667
941.333333333
960.0
988.0
973.333333333
953.333333333
936.0
917.333333333
896.0
892.0
901.333333333
890.666666667
858.666666667
845.333333333
824.0
772.0
724.0
702.666666667
693.333333333
697.333333333
712.0
749.333333333
801.333333333
877.333333333
929.333333333
944.0
949.333333333
972.0
969.333333333
968.0
936.0
906.666666667
889.333333333
890.666666667
892.0
884.0
865.333333333
834.666666667
809.333333333
757.333333333
712.0
682.666666667
672.0
669.333333333
666.666666667
680.0
693.333333333
720.0
757.333333333
797.333333333
825.333333333
849.333333333
846.666666667
822.666666667
794.666666667
776.0
765.333333333
770.666666667
772.0
774.666666667
765.333333333
762.666666667
757.333333333
725.333333333
685.333333333
653.333333333
648.0
645.333333333
633.333333333
634.666666667
621.333333333
641.333333333
677.333333333
710.666666667
742.666666667
773.333333333
778.666666667
732.0
705.333333333
686.666666667
681.333333333
689.333333333
714.666666667
728.0
725.333333333
738.666666667
734.666666667
692.0
654.666666667
634.666666667
630.666666667
644.0
656.0
698.666666667
784.0
869.333333333
929.333333333
944.0
950.666666667
969.333333333
952.0
934.666666667
920.0
904.0
886.666666667
881.333333333
894.666666667
885.333333333
858.666666667
833.333333333
801.333333333
753.333333333
705.333333333
681.333333333
678.666666667
672.0
685.333333333
729.333333333
802.666666667
896.0
964.0
990.666666667
1004.0
1028.0
1008.0
986.666666667
970.666666667
949.333333333
925.333333333
917.333333333
921.333333333
910.666666667
881.333333333
865.333333333
832.0
773.333333333
725.333333333
700.0
696.0
692.0
702.666666667
736.0
814.666666667
897.333333333
954.666666667
968.0
986.666666667
992.0
973.333333333
953.333333333
941.333333333
928.0
916.0
917.333333333
928.0
916.0
872.0
857.333333333
820.0
768.0
713.333333333
688.0
680.0
688.0
696.0
724.0
801.333333333
888.0
936.0
956.0
977.333333333
998.666666667
985.333333333
970.666666667
957.333333333
932.0
905.333333333
900.0
914.666666667
897.333333333
873.333333333
857.333333333
828.0
777.333333333
724.0
697.333333333
692.0
693.333333333
701.333333333
733.333333333
798.666666667
889.333333333
938.666666667
958.666666667
976.0
997.333333333
989.333333333
968.0
954.666666667
929.333333333
910.666666667
910.666666667
914.666666667
898.666666667
869.333333333
844.0
830.666666667
786.666666667
737.333333333
709.333333333
690.666666667
697.333333333
688.0
697.333333333
701.333333333
737.333333333
773.333333333
810.666666667
824.0
840.0
837.333333333
804.0
777.333333333
757.333333333
741.333333333
757.333333333
768.0
766.666666667
744.0
754.666666667
756.0
713.333333333
678.666666667
645.333333333
630.666666667
628.0
629.333333333
642.666666667
617.333333333
642.666666667
673.333333333
704.0
730.666666667
754.666666667
752.0
716.0
686.666666667
672.0
664.0
670.666666667
692.0
701.333333333
698.666666667
706.666666667
710.666666667
677.333333333
632.0
601.333333333
588.0
596.0
600.0
605.333333333
592.0
606.666666667
640.0
680.0
720.0
752.0
762.666666667
738.666666667
713.333333333
696.0
693.333333333
702.666666667
722.666666667
714.666666667
704.0
720.0
714.666666667
666.666666667
622.666666667
596.0
596.0
598.666666667
602.666666667
648.0
744.0
830.666666667
892.0
913.333333333
925.333333333
950.666666667
957.333333333
941.333333333
924.0
912.0
886.666666667
896.0
910.666666667
908.0
862.666666667
833.333333333
792.0
738.666666667
693.333333333
658.666666667
660.0
665.333333333
666.666666667
702.666666667
782.666666667
861.333333333
928.0
949.333333333
966.666666667
989.333333333
974.666666667
961.333333333
946.666666667
925.333333333
925.333333333
916.0
916.0
912.0
878.666666667
848.0
818.666666667
761.333333333
704.0
672.0
665.333333333
669.333333333
668.0
710.666666667
797.333333333
886.666666667
949.333333333
977.333333333
993.333333333
1008.0
993.333333333
972.0
960.0
936.0
922.666666667
920.0
925.333333333
900.0
858.666666667
848.0
812.0
753.333333333
708.0
682.666666667
669.333333333
678.666666667
694.666666667
736.0
810.666666667
904.0
964.0
986.666666667
998.666666667
1021.33333333
1001.33333333
985.333333333
962.666666667
924.0
905.333333333
904.0
902.666666667
890.666666667
854.666666667
834.666666667
820.0
770.666666667
717.333333333
681.333333333
668.0
673.333333333
670.666666667
676.0
664.0
702.666666667
749.333333333
790.666666667
817.333333333
849.333333333
845.333333333
817.333333333
782.666666667
764.0
762.666666667
780.0
797.333333333
794.666666667
774.666666667
768.0
748.0
709.333333333
668.0
632.0
613.333333333
616.0
612.0
608.0
597.333333333
624.0
662.666666667
702.666666667
740.0
776.0
782.666666667
741.333333333
714.666666667
697.333333333
689.333333333
689.333333333
706.666666667
716.0
712.0
714.666666667
721.333333333
677.333333333
634.666666667
609.333333333
608.0
614.666666667
632.0
676.0
748.0
852.0
920.0
950.666666667
965.333333333
984.0
974.666666667
958.666666667
936.0
920.0
910.666666667
908.0
921.333333333
913.333333333
870.666666667
832.0
802.666666667
745.333333333
700.0
676.0
670.666666667
677.333333333
690.666666667
721.333333333
790.666666667
882.666666667
928.0
942.666666667
961.333333333
989.333333333
973.333333333
957.333333333
933.333333333
912.0
889.333333333
881.333333333
896.0
884.0
842.666666667
828.0
814.666666667
754.666666667
705.333333333
680.0
680.0
681.333333333
694.666666667
718.666666667
789.333333333
884.0
936.0
953.333333333
962.666666667
966.666666667
956.0
953.333333333
926.666666667
913.333333333
896.0
896.0
904.0
885.333333333
836.0
821.333333333
785.333333333
726.666666667
685.333333333
654.666666667
642.666666667
652.0
657.333333333
693.333333333
772.0
860.0
914.666666667
934.666666667
954.666666667
977.333333333
961.333333333
950.666666667
946.666666667
926.666666667
921.333333333
917.333333333
922.666666667
900.0
854.666666667
824.0
789.333333333
733.333333333
677.333333333
648.0
640.0
657.333333333
668.0
705.333333333
777.333333333
870.666666667
932.0
960.0
980.0
988.0
972.0
966.666666667
945.333333333
925.333333333
913.333333333
905.333333333
894.666666667
872.0
828.0
813.333333333
801.333333333
753.333333333
696.0
669.333333333
662.666666667
662.666666667
656.0
668.0
666.666666667
708.0
753.333333333
790.666666667
804.0
834.666666667
834.666666667
802.666666667
776.0
766.666666667
750.666666667
768.0
773.333333333
768.0
737.333333333
738.666666667
734.666666667
690.666666667
642.666666667
613.333333333
604.0
604.0
604.0
600.0
590.666666667
618.666666667
657.333333333
693.333333333
730.666666667
769.333333333
770.666666667
733.333333333
709.333333333
690.666666667
686.666666667
692.0
717.333333333
718.666666667
708.0
705.333333333
705.333333333
658.666666667
620.0
600.0
593.333333333
601.333333333
620.0
656.0
741.333333333
841.333333333
904.0
930.666666667
948.0
965.333333333
949.333333333
948.0
929.333333333
913.333333333
892.0
889.333333333
896.0
877.333333333
834.666666667
809.333333333
785.333333333
725.333333333
678.666666667
653.333333333
642.666666667
652.0
656.0
674.666666667
741.333333333
830.666666667
896.0
926.666666667
950.666666667
964.0
957.333333333
936.0
933.333333333
913.333333333
894.666666667
892.0
896.0
881.333333333
838.666666667
814.666666667
782.666666667
722.666666667
676.0
653.333333333
641.333333333
642.666666667
646.666666667
681.333333333
758.666666667
850.666666667
910.666666667
934.666666667
954.666666667
985.333333333
973.333333333
952.0
930.666666667
922.666666667
908.0
897.333333333
900.0
873.333333333
818.666666667
802.666666667
785.333333333
729.333333333
688.0
668.0
654.666666667
658.666666667
661.333333333
693.333333333
769.333333333
868.0
933.333333333
958.666666667
976.0
998.666666667
992.0
980.0
966.666666667
945.333333333
918.666666667
905.333333333
910.666666667
888.0
850.666666667
824.0
801.333333333
745.333333333
693.333333333
660.0
654.666666667
657.333333333
666.666666667
693.333333333
769.333333333
864.0
940.0
969.333333333
996.0
1004.0
990.666666667
973.333333333
956.0
925.333333333
909.333333333
904.0
892.0
865.333333333
816.0
797.333333333
784.0
744.0
692.0
661.333333333
644.0
640.0
640.0
640.0
646.666666667
689.333333333
733.333333333
773.333333333
797.333333333
822.666666667
818.666666667
794.666666667
760.0
746.666666667
740.0
746.666666667
757.333333333
752.0
728.0
720.0
729.333333333
692.0
657.333333333
629.333333333
608.0
600.0
604.0
593.333333333
597.333333333
620.0
656.0
685.333333333
728.0
756.0
760.0
726.666666667
701.333333333
682.666666667
678.666666667
677.333333333
700.0
710.666666667
700.0
701.333333333
709.333333333
662.666666667
624.0
594.666666667
589.333333333
602.666666667
612.0
644.0
724.0
818.666666667
886.666666667
920.0
938.666666667
964.0
949.333333333
937.333333333
924.0
913.333333333
905.333333333
894.666666667
893.333333333
869.333333333
826.666666667
804.0
774.666666667
718.666666667
666.666666667
648.0
637.333333333
634.666666667
649.333333333
676.0
758.666666667
848.0
909.333333333
941.333333333
957.333333333
981.333333333
969.333333333
973.333333333
948.0
933.333333333
925.333333333
918.666666667
909.333333333
882.666666667
841.333333333
816.0
789.333333333
736.0
686.666666667
668.0
645.333333333
646.666666667
668.0
693.333333333
768.0
842.666666667
908.0
934.666666667
958.666666667
989.333333333
978.666666667
956.0
937.333333333
910.666666667
894.666666667
889.333333333
884.0
856.0
800.0
777.333333333
766.666666667
728.0
684.0
654.666666667
634.666666667
629.333333333
629.333333333
610.666666667
594.666666667
621.333333333
654.666666667
688.0
717.333333333
744.0
746.666666667
717.333333333
701.333333333
688.0
692.0
701.333333333
718.666666667
720.0
701.333333333
690.666666667
705.333333333
670.666666667
624.0
600.0
586.666666667
592.0
605.333333333
629.333333333
696.0
786.666666667
848.0
876.0
893.333333333
925.333333333
920.0
902.666666667
889.333333333
869.333333333
858.666666667
864.0
856.0
828.0
793.333333333
762.666666667
769.333333333
724.0
674.666666667
650.666666667
633.333333333
622.666666667
633.333333333
633.333333333
645.333333333
681.333333333
730.666666667
782.666666667
800.0
814.666666667
818.666666667
797.333333333
782.666666667
772.0
768.0
770.666666667
772.0
762.666666667
737.333333333
732.0
736.0
698.666666667
665.333333333
637.333333333
617.333333333
614.666666667
606.666666667
592.0
597.333333333
628.0
662.666666667
701.333333333
734.666666667
760.0
764.0
738.666666667
720.0
712.0
705.333333333
712.0
728.0
733.333333333
720.0
714.666666667
724.0
677.333333333
634.666666667
612.0
602.666666667
605.333333333
616.0
642.666666667
734.666666667
844.0
922.666666667
952.0
981.333333333
1004.0
997.333333333
993.333333333
986.666666667
973.333333333
961.333333333
952.0
942.666666667
921.333333333
862.666666667
834.666666667
810.666666667
756.0
701.333333333
673.333333333
666.666666667
662.666666667
669.333333333
692.0
778.666666667
872.0
942.666666667
968.0
985.333333333
1013.33333333
1008.0
992.0
980.0
965.333333333
942.666666667
940.0
938.666666667
908.0
854.666666667
818.666666667
798.666666667
740.0
696.0
680.0
662.666666667
660.0
674.666666667
690.666666667
773.333333333
860.0
917.333333333
945.333333333
972.0
1002.66666667
978.666666667
965.333333333
950.666666667
941.333333333
934.666666667
933.333333333
930.666666667
900.0
852.0
814.666666667
796.0
744.0
688.0
668.0
657.333333333
658.666666667
664.0
677.333333333
754.666666667
846.666666667
909.333333333
945.333333333
974.666666667
1004.0
1000.0
990.666666667
969.333333333
949.333333333
936.0
933.333333333
926.666666667
906.666666667
853.333333333
820.0
796.0
753.333333333
706.666666667
677.333333333
670.666666667
672.0
681.333333333
700.0
780.0
874.666666667
932.0
973.333333333
990.666666667
1018.66666667
1000.0
989.333333333
980.0
956.0
938.666666667
934.666666667
930.666666667
901.333333333
864.0
837.333333333
794.666666667
752.0
705.333333333
678.666666667
654.666666667
650.666666667
645.333333333
649.333333333
660.0
697.333333333
742.666666667
788.0
812.0
837.333333333
836.0
812.0
790.666666667
770.666666667
769.333333333
768.0
777.333333333
765.333333333
736.0
722.666666667
714.666666667
685.333333333
650.666666667
622.666666667
616.0
609.333333333
600.0
592.0
581.333333333
602.666666667
629.333333333
669.333333333
700.0
728.0
730.666666667
700.0
676.0
670.666666667
654.666666667
664.0
677.333333333
680.0
664.0
653.333333333
665.333333333
641.333333333
612.0
589.333333333
580.0
584.0
585.333333333
578.666666667
580.0
606.666666667
636.0
674.666666667
692.0
725.333333333
734.666666667
710.666666667
688.0
678.666666667
669.333333333
676.0
690.666666667
690.666666667
668.0
660.0
664.0
624.0
592.0
573.333333333
569.333333333
573.333333333
586.666666667
613.333333333
705.333333333
797.333333333
872.0
916.0
941.333333333
957.333333333
941.333333333
922.666666667
909.333333333
896.0
884.0
860.0
872.0
849.333333333
808.0
761.333333333
756.0
706.666666667
666.666666667
653.333333333
625.333333333
624.0
646.666666667
658.666666667
728.0
820.0
882.666666667
916.0
941.333333333
962.666666667
945.333333333
938.666666667
924.0
905.333333333
894.666666667
885.333333333
885.333333333
860.0
816.0
778.666666667
768.0
714.666666667
670.666666667
649.333333333
637.333333333
633.333333333
650.666666667
668.0
741.333333333
821.333333333
886.666666667
914.666666667
929.333333333
950.666666667
945.333333333
942.666666667
926.666666667
913.333333333
902.666666667
893.333333333
886.666666667
869.333333333
821.333333333
786.666666667
769.333333333
724.0
684.0
648.0
637.333333333
641.333333333
652.0
668.0
742.666666667
832.0
894.666666667
937.333333333
962.666666667
985.333333333
965.333333333
950.666666667
934.666666667
912.0
894.666666667
890.666666667
886.666666667
858.666666667
825.333333333
780.0
773.333333333
728.0
678.666666667
649.333333333
634.666666667
641.333333333
641.333333333
632.0
648.0
678.666666667
721.333333333
766.666666667
793.333333333
814.666666667
812.0
792.0
770.666666667
756.0
754.666666667
757.333333333
765.333333333
754.666666667
726.666666667
709.333333333
721.333333333
684.0
652.0
625.333333333
610.666666667
606.666666667
601.333333333
586.666666667
596.0
620.0
657.333333333
689.333333333
729.333333333
753.333333333
756.0
729.333333333
709.333333333
696.0
690.666666667
694.666666667
713.333333333
718.666666667
714.666666667
702.666666667
713.333333333
678.666666667
645.333333333
618.666666667
614.666666667
617.333333333
629.333333333
653.333333333
757.333333333
850.666666667
917.333333333
944.0
960.0
986.666666667
972.0
957.333333333
946.666666667
933.333333333
920.0
905.333333333
902.666666667
889.333333333
833.333333333
793.333333333
774.666666667
729.333333333
681.333333333
658.666666667
642.666666667
641.333333333
648.0
669.333333333
746.666666667
842.666666667
896.0
928.0
949.333333333
977.333333333
973.333333333
957.333333333
944.0
928.0
922.666666667
922.666666667
925.333333333
900.0
849.333333333
805.333333333
789.333333333
738.666666667
689.333333333
661.333333333
653.333333333
652.0
664.0
677.333333333
768.0
853.333333333
916.0
937.333333333
964.0
994.666666667
984.0
976.0
966.666666667
948.0
933.333333333
926.666666667
932.0
909.333333333
849.333333333
810.666666667
794.666666667
746.666666667
706.666666667
670.666666667
658.666666667
658.666666667
668.0
685.333333333
769.333333333
866.666666667
925.333333333
956.0
984.0
1005.33333333
996.0
993.333333333
977.333333333
961.333333333
958.666666667
946.666666667
936.0
921.333333333
870.666666667
830.666666667
805.333333333
748.0
706.666666667
670.666666667
658.666666667
657.333333333
665.333333333
676.0
761.333333333
844.0
906.666666667
940.0
962.666666667
990.666666667
972.0
950.666666667
933.333333333
922.666666667
904.0
898.666666667
896.0
866.666666667
832.0
786.666666667
772.0
726.666666667
685.333333333
662.666666667
656.0
653.333333333
653.333333333
644.0
665.333333333
690.666666667
736.0
788.0
818.666666667
834.666666667
840.0
824.0
802.666666667
788.0
777.333333333
776.0
788.0
772.0
741.333333333
717.333333333
716.0
688.0
660.0
630.666666667
616.0
614.666666667
614.666666667
596.0
600.0
626.666666667
668.0
706.666666667
728.0
754.666666667
762.666666667
732.0
709.333333333
702.666666667
698.666666667
700.0
716.0
722.666666667
710.666666667
701.333333333
706.666666667
661.333333333
628.0
602.666666667
602.666666667
606.666666667
618.666666667
641.333333333
742.666666667
844.0
917.333333333
948.0
968.0
998.666666667
985.333333333
973.333333333
966.666666667
946.666666667
937.333333333
930.666666667
928.0
908.0
862.666666667
821.333333333
801.333333333
752.0
702.666666667
677.333333333
662.666666667
654.666666667
656.0
666.666666667
750.666666667
849.333333333
917.333333333
954.666666667
977.333333333
1020.0
1008.0
1000.0
970.666666667
957.333333333
956.0
961.333333333
940.0
916.0
869.333333333
825.333333333
808.0
757.333333333
717.333333333
689.333333333
676.0
670.666666667
678.666666667
696.0
776.0
865.333333333
932.0
970.666666667
986.666666667
1008.0
1004.0
992.0
989.333333333
977.333333333
961.333333333
945.333333333
934.666666667
914.666666667
861.333333333
821.333333333
805.333333333
757.333333333
708.0
684.0
670.666666667
673.333333333
681.333333333
693.333333333
777.333333333
880.0
942.666666667
974.666666667
1004.0
1044.0
1025.33333333
1016.0
1005.33333333
990.666666667
972.0
956.0
928.0
886.666666667
840.0
800.0
781.333333333
744.0
705.333333333
681.333333333
664.0
652.0
650.666666667
632.0
633.333333333
662.666666667
692.0
712.0
734.666666667
760.0
764.0
754.666666667
734.666666667
729.333333333
728.0
736.0
746.666666667
742.666666667
722.666666667
700.0
705.333333333
680.0
648.0
621.333333333
608.0
594.666666667
592.0
596.0
617.333333333
656.0
697.333333333
734.666666667
762.666666667
790.666666667
793.333333333
776.0
762.666666667
749.333333333
740.0
749.333333333
754.666666667
744.0
714.666666667
694.666666667
700.0
670.666666667
638.666666667
610.666666667
596.0
588.0
586.666666667
577.333333333
588.0
613.333333333
641.333333333
676.0
712.0
737.333333333
753.333333333
732.0
717.333333333
702.666666667
692.0
696.0
712.0
712.0
702.666666667
688.0
698.666666667
665.333333333
629.333333333
608.0
601.333333333
601.333333333
620.0
645.333333333
734.666666667
826.666666667
893.333333333
928.0
948.0
981.333333333
972.0
976.0
968.0
952.0
942.666666667
937.333333333
932.0
902.666666667
854.666666667
814.666666667
792.0
738.666666667
698.666666667
674.666666667
650.666666667
649.333333333
660.0
685.333333333
769.333333333
862.666666667
924.0
953.333333333
986.666666667
1001.33333333
996.0
986.666666667
981.333333333
966.666666667
945.333333333
936.0
936.0
912.0
850.666666667
802.666666667
792.0
740.0
670.666666667
656.0
644.0
650.666666667
660.0
692.0
777.333333333
876.0
934.666666667
956.0
984.0
1001.33333333
980.0
970.666666667
954.666666667
932.0
938.666666667
914.666666667
902.666666667
884.0
838.666666667
793.333333333
777.333333333
729.333333333
685.333333333
661.333333333
642.666666667
638.666666667
652.0
670.666666667
750.666666667
836.0
893.333333333
926.666666667
953.333333333
980.0
974.666666667
956.0
949.333333333
929.333333333
920.0
909.333333333
908.0
885.333333333
836.0
800.0
789.333333333
742.666666667
696.0
669.333333333
658.666666667
660.0
670.666666667
700.0
774.666666667
864.0
916.0
937.333333333
968.0
986.666666667
960.0
944.0
937.333333333
921.333333333
898.666666667
902.666666667
900.0
873.333333333
828.0
788.0
774.666666667
730.666666667
689.333333333
666.666666667
650.666666667
652.0
646.666666667
649.333333333
665.333333333
704.0
737.333333333
785.333333333
814.666666667
830.666666667
836.0
812.0
790.666666667
774.666666667
762.666666667
764.0
777.333333333
768.0
741.333333333
726.666666667
713.333333333
678.666666667
641.333333333
620.0
604.0
606.666666667
605.333333333
598.666666667
596.0
622.666666667
657.333333333
689.333333333
724.0
753.333333333
761.333333333
725.333333333
709.333333333
693.333333333
692.0
700.0
717.333333333
722.666666667
706.666666667
693.333333333
712.0
680.0
642.666666667
622.666666667
614.666666667
624.0
641.333333333
669.333333333
752.0
841.333333333
906.666666667
934.666666667
950.666666667
973.333333333
960.0
957.333333333
941.333333333
921.333333333
906.666666667
908.0
908.0
890.666666667
841.333333333
801.333333333
792.0
736.0
686.666666667
656.0
648.0
652.0
658.666666667
680.0
757.333333333
852.0
910.666666667
934.666666667
958.666666667
992.0
980.0
969.333333333
960.0
952.0
928.0
920.0
924.0
905.333333333
846.666666667
810.666666667
800.0
749.333333333
696.0
668.0
654.666666667
653.333333333
661.333333333
684.0
760.0
849.333333333
901.333333333
945.333333333
966.666666667
988.0
970.666666667
960.0
953.333333333
940.0
924.0
928.0
916.0
897.333333333
848.0
808.0
797.333333333
746.666666667
700.0
677.333333333
665.333333333
662.666666667
673.333333333
693.333333333
770.666666667
862.666666667
928.0
970.666666667
998.666666667
1026.66666667
1016.0
1017.33333333
996.0
976.0
968.0
962.666666667
949.333333333
937.333333333
880.0
838.666666667
804.0
749.333333333
702.666666667
662.666666667
642.666666667
645.333333333
668.0
697.333333333
769.333333333
856.0
924.0
968.0
992.0
1014.66666667
1010.66666667
992.0
978.666666667
956.0
953.333333333
941.333333333
924.0
902.666666667
857.333333333
805.333333333
796.0
750.666666667
705.333333333
686.666666667
661.333333333
648.0
641.333333333
644.0
653.333333333
698.666666667
742.666666667
789.333333333
812.0
840.0
845.333333333
818.666666667
792.0
774.666666667
777.333333333
785.333333333
784.0
769.333333333
737.333333333
713.333333333
721.333333333
693.333333333
656.0
633.333333333
618.666666667
612.0
606.666666667
592.0
593.333333333
621.333333333
658.666666667
694.666666667
725.333333333
756.0
762.666666667
744.0
722.666666667
712.0
704.0
705.333333333
720.0
722.666666667
720.0
713.333333333
714.666666667
678.666666667
641.333333333
622.666666667
614.666666667
620.0
629.333333333
669.333333333
754.666666667
854.666666667
928.0
960.0
970.666666667
996.0
986.666666667
978.666666667
952.0
926.666666667
910.666666667
906.666666667
906.666666667
885.333333333
834.666666667
798.666666667
777.333333333
729.333333333
690.666666667
668.0
656.0
656.0
660.0
685.333333333
761.333333333
848.0
917.333333333
942.666666667
961.333333333
976.0
970.666666667
958.666666667
950.666666667
928.0
908.0
909.333333333
906.666666667
882.666666667
836.0
804.0
786.666666667
732.0
688.0
666.666666667
649.333333333
652.0
654.666666667
689.333333333
758.666666667
849.333333333
904.0
941.333333333
962.666666667
993.333333333
981.333333333
969.333333333
958.666666667
938.666666667
914.666666667
906.666666667
897.333333333
876.0
826.666666667
784.0
765.333333333
718.666666667
674.666666667
650.666666667
640.0
644.0
649.333333333
670.666666667
744.0
833.333333333
893.333333333
922.666666667
938.666666667
960.0
949.333333333
945.333333333
929.333333333
910.666666667
898.666666667
890.666666667
892.0
868.0
826.666666667
794.666666667
782.666666667
730.666666667
680.0
654.666666667
636.0
644.0
658.666666667
681.333333333
752.0
842.666666667
906.666666667
930.666666667
949.333333333
977.333333333
962.666666667
957.333333333
936.0
912.0
892.0
892.0
882.666666667
860.0
818.666666667
774.666666667
762.666666667
717.333333333
680.0
650.666666667
633.333333333
633.333333333
630.666666667
628.0
646.666666667
685.333333333
726.666666667
768.0
794.666666667
817.333333333
816.0
790.666666667
770.666666667
749.333333333
745.333333333
750.666666667
762.666666667
744.0
720.0
706.666666667
700.0
665.333333333
632.0
616.0
600.0
597.333333333
589.333333333
577.333333333
584.0
612.0
641.333333333
680.0
712.0
741.333333333
746.666666667
724.0
700.0
685.333333333
685.333333333
692.0
706.666666667
714.666666667
706.666666667
700.0
720.0
686.666666667
650.666666667
629.333333333
616.0
624.0
636.0
672.0
740.0
820.0
890.666666667
934.666666667
953.333333333
992.0
980.0
962.666666667
961.333333333
942.666666667
926.666666667
920.0
918.666666667
905.333333333
857.333333333
809.333333333
793.333333333
746.666666667
700.0
674.666666667
660.0
653.333333333
666.666666667
684.0
752.0
844.0
905.333333333
944.0
974.666666667
1001.33333333
996.0
993.333333333
973.333333333
958.666666667
952.0
941.333333333
942.666666667
920.0
864.0
828.0
810.666666667
762.666666667
712.0
689.333333333
678.666666667
666.666666667
677.333333333
709.333333333
772.0
861.333333333
925.333333333
964.0
984.0
1012.0
1004.0
1005.33333333
992.0
980.0
964.0
954.666666667
946.666666667
913.333333333
862.666666667
812.0
794.666666667
746.666666667
706.666666667
685.333333333
666.666666667
672.0
681.333333333
712.0
768.0
860.0
925.333333333
956.0
977.333333333
1005.33333333
982.666666667
968.0
956.0
941.333333333
934.666666667
930.666666667
925.333333333
893.333333333
849.333333333
813.333333333
794.666666667
745.333333333
698.666666667
672.0
661.333333333
661.333333333
668.0
692.0
753.333333333
826.666666667
888.0
917.333333333
938.666666667
976.0
972.0
957.333333333
941.333333333
930.666666667
912.0
909.333333333
896.0
866.666666667
822.666666667
789.333333333
777.333333333
732.0
692.0
669.333333333
652.0
645.333333333
640.0
645.333333333
654.666666667
689.333333333
726.666666667
769.333333333
798.666666667
821.333333333
816.0
798.666666667
782.666666667
769.333333333
760.0
764.0
773.333333333
758.666666667
733.333333333
716.0
706.666666667
666.666666667
638.666666667
628.0
610.666666667
609.333333333
598.666666667
598.666666667
592.0
618.666666667
638.666666667
670.666666667
702.666666667
730.666666667
740.0
717.333333333
693.333333333
672.0
665.333333333
673.333333333
684.0
690.666666667
684.0
681.333333333
700.0
664.0
634.666666667
613.333333333
613.333333333
617.333333333
634.666666667
665.333333333
733.333333333
814.666666667
882.666666667
910.666666667
934.666666667
952.0
940.0
936.0
918.666666667
897.333333333
885.333333333
873.333333333
869.333333333
853.333333333
805.333333333
776.0
758.666666667
706.666666667
669.333333333
650.666666667
634.666666667
629.333333333
636.0
664.0
733.333333333
808.0
865.333333333
901.333333333
918.666666667
945.333333333
937.333333333
928.0
904.0
894.666666667
874.666666667
870.666666667
873.333333333
854.666666667
806.666666667
781.333333333
756.0
708.0
668.0
644.0
628.0
632.0
646.666666667
678.666666667
734.666666667
804.0
870.666666667
897.333333333
921.333333333
934.666666667
924.0
918.666666667
909.333333333
890.666666667
880.0
872.0
868.0
845.333333333
800.0
780.0
750.666666667
701.333333333
658.666666667
632.0
628.0
634.666666667
642.666666667
673.333333333
740.0
821.333333333
880.0
912.0
938.666666667
969.333333333
953.333333333
938.666666667
924.0
902.666666667
892.0
885.333333333
886.666666667
856.0
806.666666667
778.666666667
760.0
714.666666667
666.666666667
645.333333333
638.666666667
642.666666667
656.0
682.666666667
740.0
812.0
878.666666667
912.0
924.0
948.0
941.333333333
929.333333333
902.666666667
880.0
866.666666667
865.333333333
850.666666667
829.333333333
794.666666667
768.0
742.666666667
702.666666667
666.666666667
640.0
628.0
610.666666667
606.666666667
624.0
630.666666667
662.666666667
701.333333333
741.333333333
761.333333333
788.0
784.0
777.333333333
758.666666667
749.333333333
744.0
754.666666667
754.666666667
741.333333333
704.0
706.666666667
702.666666667
669.333333333
644.0
617.333333333
604.0
596.0
596.0
605.333333333
590.666666667
614.666666667
642.666666667
673.333333333
702.666666667
728.0
734.666666667
710.666666667
686.666666667
672.0
668.0
677.333333333
689.333333333
685.333333333
673.333333333
677.333333333
682.666666667
646.666666667
609.333333333
586.666666667
580.0
578.666666667
592.0
622.666666667
678.666666667
752.0
812.0
848.0
864.0
894.666666667
889.333333333
876.0
860.0
846.666666667
838.666666667
833.333333333
828.0
812.0
776.0
757.333333333
717.333333333
660.0
621.333333333
601.333333333
602.666666667
601.333333333
605.333333333
637.333333333
694.666666667
777.333333333
848.0
880.0
892.0
918.666666667
914.666666667
897.333333333
882.666666667
865.333333333
852.0
845.333333333
842.666666667
816.0
770.666666667
754.666666667
729.333333333
682.666666667
640.0
620.0
608.0
608.0
609.333333333
646.666666667
698.666666667
772.0
826.666666667
866.666666667
892.0
910.666666667
904.0
892.0
877.333333333
861.333333333
845.333333333
844.0
840.0
816.0
772.0
757.333333333
725.333333333
677.333333333
638.666666667
616.0
605.333333333
605.333333333
610.666666667
644.0
704.0
777.333333333
838.666666667
872.0
886.666666667
906.666666667
901.333333333
889.333333333
876.0
856.0
846.666666667
838.666666667
833.333333333
810.666666667
768.0
750.666666667
718.666666667
672.0
634.666666667
614.666666667
598.666666667
600.0
617.333333333
654.666666667
697.333333333
768.0
818.666666667
844.0
865.333333333
889.333333333
884.0
877.333333333
862.666666667
849.333333333
830.666666667
818.666666667
810.666666667
789.333333333
750.666666667
733.333333333
716.0
676.0
641.333333333
617.333333333
604.0
601.333333333
602.666666667
610.666666667
612.0
641.333333333
676.0
709.333333333
733.333333333
750.666666667
749.333333333
725.333333333
712.0
701.333333333
700.0
701.333333333
709.333333333
700.0
669.333333333
670.666666667
664.0
626.666666667
600.0
578.666666667
565.333333333
560.0
561.333333333
569.333333333
561.333333333
580.0
606.666666667
638.666666667
664.0
685.333333333
686.666666667
668.0
652.0
641.333333333
637.333333333
644.0
654.666666667
657.333333333
645.333333333
653.333333333
653.333333333
618.666666667
586.666666667
566.666666667
558.666666667
558.666666667
570.666666667
598.666666667
645.333333333
712.0
766.666666667
798.666666667
818.666666667
846.666666667
849.333333333
845.333333333
832.0
816.0
806.666666667
801.333333333
794.666666667
774.666666667
733.333333333
724.0
693.333333333
642.666666667
610.666666667
585.333333333
577.333333333
584.0
586.666666667
621.333333333
673.333333333
737.333333333
801.333333333
829.333333333
853.333333333
878.666666667
866.666666667
858.666666667
842.666666667
825.333333333
809.333333333
797.333333333
789.333333333
765.333333333
725.333333333
710.666666667
685.333333333
641.333333333
609.333333333
585.333333333
580.0
581.333333333
589.333333333
625.333333333
665.333333333
730.666666667
784.0
808.0
833.333333333
860.0
854.666666667
841.333333333
829.333333333
809.333333333
801.333333333
796.0
790.666666667
768.0
730.666666667
718.666666667
694.666666667
640.0
604.0
582.666666667
573.333333333
570.666666667
580.0
612.0
672.0
733.333333333
782.666666667
810.666666667
836.0
861.333333333
856.0
842.666666667
829.333333333
816.0
808.0
802.666666667
793.333333333
773.333333333
738.666666667
729.333333333
698.666666667
653.333333333
620.0
602.666666667
590.666666667
589.333333333
598.666666667
628.0
680.0
737.333333333
788.0
822.666666667
836.0
857.333333333
856.0
848.0
837.333333333
818.666666667
804.0
798.666666667
794.666666667
776.0
740.0
720.0
688.0
645.333333333
612.0
593.333333333
585.333333333
582.666666667
584.0
596.0
601.333333333
621.333333333
661.333333333
694.666666667
718.666666667
740.0
738.666666667
712.0
698.666666667
688.0
678.666666667
681.333333333
690.666666667
684.0
666.666666667
673.333333333
649.333333333
614.666666667
585.333333333
562.666666667
552.0
549.333333333
550.666666667
561.333333333
561.333333333
576.0
605.333333333
624.0
645.333333333
677.333333333
686.666666667
668.0
648.0
638.666666667
632.0
640.0
657.333333333
657.333333333
644.0
656.0
645.333333333
605.333333333
573.333333333
553.333333333
552.0
558.666666667
565.333333333
598.666666667
637.333333333
688.0
740.0
769.333333333
789.333333333
816.0
826.666666667
818.666666667
802.666666667
792.0
781.333333333
792.0
786.666666667
753.333333333
722.666666667
713.333333333
672.0
630.666666667
602.666666667
580.0
568.0
561.333333333
558.666666667
566.666666667
568.0
578.666666667
609.333333333
636.0
669.333333333
700.0
706.666666667
693.333333333
680.0
676.0
674.666666667
674.666666667
682.666666667
673.333333333
668.0
664.0
640.0
606.666666667
574.666666667
556.0
548.0
546.666666667
562.666666667
598.666666667
672.0
738.666666667
800.0
834.666666667
856.0
876.0
868.0
878.666666667
864.0
849.333333333
838.666666667
829.333333333
822.666666667
809.333333333
768.0
764.0
728.0
681.333333333
646.666666667
617.333333333
605.333333333
608.0
616.0
645.333333333
694.666666667
754.666666667
817.333333333
856.0
873.333333333
900.0
900.0
885.333333333
873.333333333
858.666666667
848.0
841.333333333
840.0
826.666666667
796.0
789.333333333
741.333333333
694.666666667
660.0
650.666666667
645.333333333
638.666666667
652.0
686.666666667
729.333333333
788.0
858.666666667
890.666666667
912.0
938.666666667
929.333333333
913.333333333
896.0
882.666666667
865.333333333
854.666666667
838.666666667
812.0
786.666666667
778.666666667
737.333333333
697.333333333
654.666666667
636.0
630.666666667
624.0
621.333333333
632.0
632.0
641.333333333
682.666666667
716.0
744.0
761.333333333
768.0
754.666666667
741.333333333
726.666666667
716.0
722.666666667
720.0
709.333333333
685.333333333
694.666666667
673.333333333
641.333333333
614.666666667
590.666666667
577.333333333
576.0
574.666666667
577.333333333
573.333333333
585.333333333
613.333333333
640.0
662.666666667
693.333333333
697.333333333
669.333333333
657.333333333
638.666666667
633.333333333
636.0
650.666666667
658.666666667
653.333333333
669.333333333
657.333333333
622.666666667
597.333333333
576.0
566.666666667
570.666666667
577.333333333
617.333333333
690.666666667
757.333333333
816.0
844.0
865.333333333
890.666666667
897.333333333
894.666666667
878.666666667
864.0
848.0
826.666666667
820.0
814.666666667
786.666666667
774.666666667
726.666666667
681.333333333
641.333333333
624.0
613.333333333
613.333333333
629.333333333
656.0
726.666666667
794.666666667
841.333333333
861.333333333
885.333333333
910.666666667
902.666666667
894.666666667
886.666666667
869.333333333
856.0
849.333333333
848.0
817.333333333
793.333333333
781.333333333
730.666666667
689.333333333
654.666666667
630.666666667
622.666666667
629.333333333
638.666666667
676.0
726.666666667
784.0
838.666666667
861.333333333
886.666666667
917.333333333
910.666666667
910.666666667
902.666666667
889.333333333
884.0
872.0
865.333333333
852.0
816.0
804.0
754.666666667
713.333333333
677.333333333
645.333333333
638.666666667
634.666666667
646.666666667
676.0
744.0
808.0
857.333333333
880.0
905.333333333
930.666666667
925.333333333
910.666666667
906.666666667
890.666666667
878.666666667
869.333333333
860.0
836.0
822.666666667
804.0
753.333333333
712.0
674.666666667
653.333333333
632.0
640.0
645.333333333
682.666666667
752.0
810.666666667
862.666666667
890.666666667
916.0
942.666666667
942.666666667
944.0
926.666666667
905.333333333
888.0
877.333333333
862.666666667
844.0
824.0
801.333333333
756.0
718.666666667
680.0
653.333333333
621.333333333
620.0
621.333333333
637.333333333
654.666666667
673.333333333
704.0
741.333333333
762.666666667
784.0
777.333333333
764.0
749.333333333
732.0
733.333333333
738.666666667
740.0
728.0
709.333333333
710.666666667
689.333333333
657.333333333
626.666666667
600.0
585.333333333
584.0
580.0
580.0
582.666666667
593.333333333
621.333333333
650.666666667
682.666666667
714.666666667
720.0
694.666666667
676.0
661.333333333
650.666666667
661.333333333
672.0
680.0
684.0
697.333333333
681.333333333
644.0
610.666666667
593.333333333
589.333333333
593.333333333
608.0
644.0
722.666666667
778.666666667
846.666666667
880.0
908.0
941.333333333
938.666666667
921.333333333
910.666666667
900.0
885.333333333
888.0
880.0
856.0
845.333333333
820.0
761.333333333
712.0
680.0
664.0
648.0
641.333333333
653.333333333
682.666666667
756.0
816.0
870.666666667
905.333333333
940.0
968.0
961.333333333
952.0
940.0
924.0
906.666666667
892.0
884.0
861.333333333
842.666666667
820.0
757.333333333
710.666666667
680.0
656.0
652.0
650.666666667
660.0
693.333333333
758.666666667
832.0
886.666666667
913.333333333
950.666666667
976.0
969.333333333
962.666666667
949.333333333
925.333333333
908.0
896.0
886.666666667
861.333333333
846.666666667
820.0
766.666666667
724.0
682.666666667
660.0
649.333333333
645.333333333
657.333333333
685.333333333
768.0
825.333333333
886.666666667
910.666666667
925.333333333
945.333333333
936.0
924.0
898.666666667
886.666666667
881.333333333
873.333333333
864.0
846.666666667
836.0
814.666666667
758.666666667
714.666666667
677.333333333
653.333333333
645.333333333
642.666666667
649.333333333
676.0
748.0
814.666666667
870.666666667
902.666666667
918.666666667
944.0
936.0
930.666666667
910.666666667
890.666666667
870.666666667
854.666666667
849.333333333
833.333333333
822.666666667
793.333333333
748.0
706.666666667
670.666666667
656.0
644.0
638.666666667
636.0
653.333333333
666.666666667
678.666666667
710.666666667
745.333333333
770.666666667
800.0
796.0
782.666666667
764.0
752.0
746.666666667
748.0
762.666666667
753.333333333
746.666666667
730.666666667
700.0
660.0
622.666666667
610.666666667
594.666666667
596.0
589.333333333
593.333333333
597.333333333
601.333333333
632.0
669.333333333
694.666666667
718.666666667
722.666666667
692.0
677.333333333
664.0
656.0
660.0
672.0
682.666666667
704.0
696.0
676.0
637.333333333
612.0
590.666666667
582.666666667
588.0
602.666666667
637.333333333
724.0
797.333333333
857.333333333
881.333333333
898.666666667
926.666666667
922.666666667
912.0
893.333333333
877.333333333
861.333333333
862.666666667
869.333333333
858.666666667
853.333333333
808.0
760.0
710.666666667
677.333333333
648.0
640.0
633.333333333
638.666666667
677.333333333
752.0
812.0
861.333333333
897.333333333
912.0
936.0
940.0
933.333333333
920.0
905.333333333
882.666666667
868.0
862.666666667
852.0
846.666666667
812.0
753.333333333
710.666666667
670.666666667
653.333333333
637.333333333
637.333333333
637.333333333
678.666666667
757.333333333
830.666666667
877.333333333
912.0
937.333333333
954.666666667
937.333333333
925.333333333
914.666666667
893.333333333
878.666666667
866.666666667
865.333333333
860.0
849.333333333
808.0
752.0
712.0
676.0
654.666666667
645.333333333
636.0
644.0
681.333333333
760.0
818.666666667
885.333333333
914.666666667
933.333333333
952.0
944.0
930.666666667
916.0
894.666666667
881.333333333
884.0
892.0
882.666666667
862.666666667
816.0
760.0
714.666666667
672.0
646.666666667
638.666666667
646.666666667
658.666666667
694.666666667
770.666666667
834.666666667
898.666666667
929.333333333
949.333333333
970.666666667
964.0
952.0
925.333333333
905.333333333
884.0
877.333333333
878.666666667
874.666666667
868.0
812.0
764.0
722.666666667
685.333333333
665.333333333
654.666666667
637.333333333
634.666666667
650.666666667
677.333333333
698.666666667
729.333333333
772.0
792.0
814.666666667
798.666666667
782.666666667
766.666666667
758.666666667
754.666666667
756.0
769.333333333
765.333333333
765.333333333
736.0
716.0
676.0
640.0
609.333333333
598.666666667
592.0
590.666666667
592.0
604.0
608.0
640.0
676.0
713.333333333
741.333333333
748.0
714.666666667
690.666666667
674.666666667
666.666666667
673.333333333
693.333333333
701.333333333
725.333333333
702.666666667
688.0
658.666666667
624.0
602.666666667
605.333333333
612.0
625.333333333
661.333333333
744.0
818.666666667
874.666666667
874.666666667
892.0
914.666666667
908.0
892.0
872.0
854.666666667
840.0
834.666666667
841.333333333
840.0
832.0
778.666666667
722.666666667
674.666666667
636.0
613.333333333
606.666666667
605.333333333
613.333333333
648.0
734.666666667
806.666666667
857.333333333
889.333333333
908.0
936.0
929.333333333
906.666666667
888.0
865.333333333
849.333333333
845.333333333
856.0
852.0
841.333333333
785.333333333
734.666666667
678.666666667
634.666666667
610.666666667
601.333333333
601.333333333
614.666666667
650.666666667
737.333333333
817.333333333
874.666666667
908.0
932.0
957.333333333
934.666666667
918.666666667
904.0
877.333333333
862.666666667
866.666666667
874.666666667
877.333333333
862.666666667
800.0
750.666666667
701.333333333
650.666666667
625.333333333
618.666666667
620.0
624.0
662.666666667
749.333333333
832.0
888.0
918.666666667
938.666666667
958.666666667
949.333333333
929.333333333
910.666666667
881.333333333
864.0
862.666666667
873.333333333
876.0
865.333333333
802.666666667
756.0
696.0
660.0
630.666666667
628.0
626.666666667
633.333333333
668.0
757.333333333
838.666666667
884.0
902.666666667
928.0
948.0
930.666666667
902.666666667
878.666666667
866.666666667
848.0
844.0
849.333333333
842.666666667
838.666666667
790.666666667
754.666666667
701.333333333
658.666666667
633.333333333
621.333333333
614.666666667
613.333333333
625.333333333
650.666666667
664.0
698.666666667
740.0
766.666666667
778.666666667
778.666666667
757.333333333
732.0
721.333333333
713.333333333
730.666666667
745.333333333
757.333333333
752.0
712.0
688.0
650.666666667
612.0
588.0
578.666666667
573.333333333
565.333333333
574.666666667
584.0
592.0
613.333333333
654.666666667
692.0
721.333333333
730.666666667
697.333333333
669.333333333
648.0
648.0
652.0
684.0
713.333333333
732.0
692.0
670.666666667
634.666666667
601.333333333
581.333333333
581.333333333
589.333333333
604.0
644.0
740.0
829.333333333
880.0
906.666666667
924.0
952.0
940.0
922.666666667
905.333333333
882.666666667
854.666666667
857.333333333
865.333333333
885.333333333
860.0
797.333333333
752.0
694.666666667
648.0
625.333333333
620.0
621.333333333
622.666666667
657.333333333
757.333333333
846.666666667
888.0
905.333333333
930.666666667
949.333333333
929.333333333
917.333333333
902.666666667
876.0
854.666666667
857.333333333
872.0
873.333333333
869.333333333
806.666666667
756.0
693.333333333
646.666666667
618.666666667
616.0
616.0
629.333333333
670.666666667
766.666666667
848.0
898.666666667
920.0
934.666666667
952.0
924.0
905.333333333
893.333333333
866.666666667
857.333333333
865.333333333
869.333333333
869.333333333
862.666666667
798.666666667
753.333333333
693.333333333
644.0
622.666666667
618.666666667
617.333333333
632.0
674.666666667
773.333333333
854.666666667
898.666666667
914.666666667
934.666666667
956.0
934.666666667
921.333333333
900.0
874.666666667
850.666666667
852.0
866.666666667
878.666666667
866.666666667
798.666666667
745.333333333
688.0
646.666666667
624.0
618.666666667
622.666666667
633.333333333
677.333333333
766.666666667
849.333333333
892.0
906.666666667
920.0
945.333333333
926.666666667
905.333333333
885.333333333
869.333333333
854.666666667
852.0
853.333333333
861.333333333
849.333333333
785.333333333
752.0
694.666666667
654.666666667
622.666666667
610.666666667
608.0
608.0
618.666666667
650.666666667
669.333333333
706.666666667
742.666666667
765.333333333
784.0
785.333333333
764.0
742.666666667
720.0
714.666666667
725.333333333
736.0
754.666666667
750.666666667
712.0
689.333333333
652.0
614.666666667
585.333333333
576.0
570.666666667
570.666666667
577.333333333
594.666666667
608.0
636.0
670.666666667
705.333333333
733.333333333
730.666666667
701.333333333
672.0
654.666666667
646.666666667
653.333333333
676.0
717.333333333
732.0
689.333333333
670.666666667
632.0
597.333333333
580.0
578.666666667
582.666666667
597.333333333
641.333333333
745.333333333
841.333333333
886.666666667
898.666666667
914.666666667
934.666666667
914.666666667
896.0
882.666666667
862.666666667
849.333333333
852.0
862.666666667
880.0
860.0
793.333333333
741.333333333
689.333333333
644.0
624.0
617.333333333
616.0
618.666666667
664.0
762.666666667
850.666666667
888.0
906.666666667
917.333333333
941.333333333
921.333333333
913.333333333
904.0
880.0
870.666666667
860.0
869.333333333
886.666666667
866.666666667
800.0
746.666666667
689.333333333
641.333333333
617.333333333
618.666666667
614.666666667
633.333333333
669.333333333
773.333333333
866.666666667
926.666666667
917.333333333
934.666666667
945.333333333
929.333333333
920.0
897.333333333
878.666666667
865.333333333
870.666666667
886.666666667
902.666666667
870.666666667
806.666666667
753.333333333
690.666666667
642.666666667
618.666666667
616.0
618.666666667
632.0
670.666666667
770.666666667
868.0
910.666666667
960.0
970.666666667
992.0
966.666666667
960.0
948.0
926.666666667
909.333333333
914.666666667
933.333333333
954.666666667
912.0
849.333333333
793.333333333
736.0
690.666666667
666.666666667
656.0
652.0
664.0
708.0
816.0
908.0
940.0
950.666666667
954.666666667
990.666666667
977.333333333
965.333333333
950.666666667
930.666666667
909.333333333
902.666666667
901.333333333
918.666666667
900.0
826.666666667
776.0
728.0
676.0
645.333333333
634.666666667
628.0
634.666666667
652.0
680.0
696.0
713.333333333
768.0
806.666666667
841.333333333
842.666666667
812.0
785.333333333
768.0
762.666666667
770.666666667
778.666666667
802.666666667
788.0
741.333333333
728.0
690.666666667
650.666666667
624.0
609.333333333
600.0
598.666666667
601.333333333
606.666666667
622.666666667
650.666666667
689.333333333
718.666666667
748.0
748.0
716.0
693.333333333
681.333333333
669.333333333
684.0
708.0
756.0
757.333333333
716.0
693.333333333
654.666666667
616.0
601.333333333
596.0
598.666666667
610.666666667
657.333333333
764.0
870.666666667
922.666666667
952.0
969.333333333
993.333333333
980.0
968.0
949.333333333
930.666666667
913.333333333
917.333333333
920.0
938.666666667
892.0
832.0
781.333333333
722.666666667
681.333333333
657.333333333
654.666666667
654.666666667
669.333333333
698.666666667
802.666666667
897.333333333
938.666666667
944.0
966.666666667
978.666666667
964.0
948.0
930.666666667
917.333333333
900.0
889.333333333
904.0
936.0
896.0
826.666666667
784.0
726.666666667
676.0
654.666666667
653.333333333
648.0
661.333333333
702.666666667
805.333333333
905.333333333
936.0
948.0
958.666666667
976.0
957.333333333
946.666666667
928.0
910.666666667
898.666666667
893.333333333
914.666666667
933.333333333
896.0
833.333333333
781.333333333
728.0
680.0
657.333333333
653.333333333
650.666666667
660.0
700.0
786.666666667
884.0
924.0
937.333333333
961.333333333
993.333333333
980.0
972.0
964.0
949.333333333
929.333333333
913.333333333
914.666666667
946.666666667
914.666666667
842.666666667
794.666666667
740.0
696.0
669.333333333
666.666666667
660.0
677.333333333
716.0
813.333333333
913.333333333
960.0
976.0
985.333333333
1012.0
986.666666667
966.666666667
946.666666667
918.666666667
897.333333333
897.333333333
904.0
934.666666667
898.666666667
829.333333333
802.666666667
741.333333333
692.0
664.0
662.666666667
657.333333333
656.0
660.0
682.666666667
720.0
744.0
780.0
806.666666667
822.666666667
830.666666667
802.666666667
780.0
765.333333333
757.333333333
780.0
809.333333333
837.333333333
794.666666667
752.0
736.0
694.666666667
645.333333333
621.333333333
613.333333333
608.0
601.333333333
606.666666667
620.0
648.0
672.0
706.666666667
744.0
769.333333333
769.333333333
738.666666667
712.0
696.0
688.0
700.0
728.0
773.333333333
756.0
716.0
704.0
658.666666667
618.666666667
596.0
596.0
606.666666667
621.333333333
660.0
770.666666667
889.333333333
932.0
958.666666667
973.333333333
996.0
962.666666667
944.0
928.0
916.0
893.333333333
894.666666667
917.333333333
941.333333333
877.333333333
813.333333333
785.333333333
734.666666667
685.333333333
653.333333333
645.333333333
652.0
664.0
696.0
796.0
906.666666667
936.0
956.0
974.666666667
1006.66666667
988.0
974.666666667
954.666666667
930.666666667
910.666666667
900.0
917.333333333
952.0
898.666666667
830.666666667
782.666666667
721.333333333
670.666666667
641.333333333
645.333333333
646.666666667
656.0
697.333333333
802.666666667
909.333333333
941.333333333
956.0
976.0
1004.0
976.0
960.0
944.0
916.0
900.0
896.0
912.0
948.0
900.0
828.0
788.0
725.333333333
678.666666667
657.333333333
654.666666667
650.666666667
665.333333333
705.333333333
806.666666667
914.666666667
948.0
957.333333333
980.0
1001.33333333
981.333333333
952.0
942.666666667
916.0
906.666666667
905.333333333
933.333333333
960.0
910.666666667
841.333333333
796.0
730.666666667
678.666666667
652.0
648.0
652.0
661.333333333
698.666666667
804.0
918.666666667
954.666666667
973.333333333
994.666666667
1020.0
996.0
976.0
954.666666667
933.333333333
914.666666667
913.333333333
925.333333333
954.666666667
894.666666667
833.333333333
800.0
756.0
706.666666667
676.0
662.666666667
653.333333333
658.666666667
670.666666667
700.0
737.333333333
765.333333333
805.333333333
825.333333333
846.666666667
849.333333333
818.666666667
785.333333333
761.333333333
754.666666667
764.0
790.666666667
837.333333333
804.0
761.333333333
742.666666667
705.333333333
661.333333333
626.666666667
614.666666667
610.666666667
612.0
614.666666667
628.0
657.333333333
673.333333333
704.0
733.333333333
753.333333333
754.666666667
728.0
704.0
685.333333333
678.666666667
686.666666667
726.666666667
789.333333333
757.333333333
720.0
700.0
658.666666667
622.666666667
598.666666667
601.333333333
601.333333333
618.666666667
664.0
777.333333333
896.0
940.0
946.666666667
965.333333333
976.0
964.0
941.333333333
944.0
925.333333333
900.0
898.666666667
924.0
976.0
905.333333333
829.333333333
778.666666667
710.666666667
666.666666667
636.0
636.0
637.333333333
640.0
689.333333333
796.0
904.0
936.0
948.0
960.0
980.0
958.666666667
944.0
928.0
910.666666667
905.333333333
912.0
932.0
966.666666667
904.0
830.666666667
784.0
716.0
670.666666667
650.666666667
640.0
644.0
658.666666667
697.333333333
796.0
909.333333333
941.333333333
946.666666667
960.0
970.666666667
953.333333333
941.333333333
926.666666667
917.333333333
906.666666667
902.666666667
934.666666667
961.333333333
897.333333333
824.0
773.333333333
720.0
674.666666667
648.0
650.666666667
654.666666667
668.0
689.333333333
788.0
900.0
932.0
953.333333333
965.333333333
982.666666667
962.666666667
942.666666667
922.666666667
916.0
908.0
908.0
941.333333333
969.333333333
902.666666667
829.333333333
785.333333333
729.333333333
685.333333333
658.666666667
654.666666667
644.0
661.333333333
700.0
797.333333333
912.0
954.666666667
982.666666667
993.333333333
1004.0
977.333333333
954.666666667
926.666666667
912.0
894.666666667
889.333333333
906.666666667
940.0
890.666666667
830.666666667
802.666666667
742.666666667
689.333333333
660.0
652.0
648.0
646.666666667
652.0
676.0
721.333333333
742.666666667
778.666666667
813.333333333
853.333333333
850.666666667
816.0
788.0
774.666666667
772.0
784.0
816.0
841.333333333
796.0
748.0
726.666666667
689.333333333
642.666666667
616.0
613.333333333
604.0
600.0
602.666666667
614.666666667
649.333333333
666.666666667
710.666666667
748.0
790.666666667
802.666666667
770.666666667
738.666666667
721.333333333
717.333333333
738.666666667
778.666666667
808.0
778.666666667
732.0
724.0
677.333333333
634.666666667
612.0
612.0
617.333333333
628.0
670.666666667
785.333333333
910.666666667
949.333333333
968.0
984.0
1009.33333333
988.0
981.333333333
965.333333333
940.0
930.666666667
932.0
970.666666667
976.0
908.0
840.0
788.0
736.0
688.0
660.0
661.333333333
654.666666667
672.0
709.333333333
809.333333333
922.666666667
960.0
970.666666667
984.0
1010.66666667
989.333333333
968.0
960.0
952.0
937.333333333
940.0
988.0
982.666666667
920.0
838.666666667
786.666666667
737.333333333
685.333333333
661.333333333
657.333333333
652.0
664.0
706.666666667
808.0
929.333333333
977.333333333
980.0
981.333333333
1000.0
972.0
965.333333333
950.666666667
929.333333333
921.333333333
928.0
960.0
972.0
914.666666667
841.333333333
796.0
741.333333333
684.0
654.666666667
649.333333333
648.0
650.666666667
688.0
793.333333333
914.666666667
965.333333333
978.666666667
988.0
1004.0
990.666666667
970.666666667
957.333333333
924.0
906.666666667
908.0
965.333333333
973.333333333
917.333333333
853.333333333
798.666666667
749.333333333
689.333333333
666.666666667
660.0
657.333333333
668.0
701.333333333
806.666666667
918.666666667
961.333333333
968.0
978.666666667
996.0
970.666666667
952.0
936.0
904.0
890.666666667
894.666666667
933.333333333
954.666666667
901.333333333
830.666666667
804.0
753.333333333
704.0
670.666666667
666.666666667
660.0
654.666666667
672.0
697.333333333
750.666666667
778.666666667
804.0
828.0
853.333333333
852.0
817.333333333
789.333333333
772.0
764.0
781.333333333
828.0
836.0
790.666666667
749.333333333
738.666666667
708.0
665.333333333
626.666666667
609.333333333
617.333333333
605.333333333
604.0
608.0
624.0
648.0
670.666666667
710.666666667
734.666666667
776.0
765.333333333
716.0
688.0
674.666666667
684.0
732.0
781.333333333
773.333333333
745.333333333
709.333333333
706.666666667
670.666666667
633.333333333
612.0
617.333333333
624.0
641.333333333
682.666666667
770.666666667
856.0
912.0
930.666666667
945.333333333
969.333333333
952.0
938.666666667
916.0
901.333333333
890.666666667
933.333333333
974.666666667
953.333333333
900.0
833.333333333
793.333333333
748.0
708.0
692.0
684.0
681.333333333
688.0
717.333333333
793.333333333
860.0
913.333333333
929.333333333
941.333333333
958.666666667
949.333333333
930.666666667
920.0
904.0
902.666666667
942.666666667
966.666666667
938.666666667
872.0
800.0
776.0
734.666666667
686.666666667
666.666666667
654.666666667
646.666666667
646.666666667
645.333333333
644.0
660.0
680.0
705.333333333
728.0
753.333333333
757.333333333
729.333333333
705.333333333
689.333333333
696.0
761.333333333
798.666666667
786.666666667
757.333333333
721.333333333
718.666666667
681.333333333
636.0
622.666666667
614.666666667
616.0
634.666666667
682.666666667
774.666666667
862.666666667
910.666666667
933.333333333
949.333333333
977.333333333
961.333333333
949.333333333
917.333333333
908.0
909.333333333
957.333333333
972.0
941.333333333
886.666666667
825.333333333
788.0
729.333333333
680.0
662.666666667
652.0
654.666666667
666.666666667
709.333333333
777.333333333
854.666666667
910.666666667
941.333333333
953.333333333
969.333333333
961.333333333
949.333333333
928.0
908.0
892.0
940.0
961.333333333
933.333333333
878.666666667
817.333333333
793.333333333
748.0
701.333333333
686.666666667
670.666666667
657.333333333
668.0
680.0
702.666666667
725.333333333
765.333333333
801.333333333
829.333333333
846.666666667
846.666666667
817.333333333
786.666666667
765.333333333
776.0
844.0
865.333333333
846.666666667
801.333333333
756.0
750.666666667
717.333333333
669.333333333
644.0
628.0
628.0
625.333333333
621.333333333
632.0
656.0
674.666666667
712.0
741.333333333
770.666666667
780.0
741.333333333
722.666666667
721.333333333
726.666666667
777.333333333
814.666666667
804.0
776.0
737.333333333
733.333333333
697.333333333
656.0
641.333333333
638.666666667
637.333333333
641.333333333
690.666666667
806.666666667
912.0
958.666666667
968.0
981.333333333
1017.33333333
1005.33333333
989.333333333
977.333333333
953.333333333
936.0
986.666666667
1009.33333333
985.333333333
917.333333333
846.666666667
820.0
762.666666667
709.333333333
692.0
688.0
686.666666667
694.666666667
738.666666667
837.333333333
936.0
985.333333333
1005.33333333
1017.33333333
1036.0
1018.66666667
1005.33333333
990.666666667
982.666666667
978.666666667
1021.33333333
1029.33333333
1001.33333333
937.333333333
868.0
821.333333333
769.333333333
721.333333333
698.666666667
689.333333333
682.666666667
678.666666667
722.666666667
814.666666667
932.0
980.0
1013.33333333
1028.0
1053.33333333
1032.0
1012.0
996.0
980.0
986.666666667
1026.66666667
1040.0
1002.66666667
938.666666667
872.0
840.0
778.666666667
724.0
702.666666667
693.333333333
690.666666667
693.333333333
725.333333333
837.333333333
938.666666667
978.666666667
1001.33333333
1022.66666667
1042.66666667
1029.33333333
1010.66666667
996.0
977.333333333
978.666666667
1026.66666667
1044.0
1013.33333333
952.0
880.0
836.0
781.333333333
728.0
708.0
702.666666667
696.0
706.666666667
749.333333333
845.333333333
954.666666667
997.333333333
1024.0
1038.66666667
1065.33333333
1046.66666667
1021.33333333
1000.0
978.666666667
980.0
1016.0
1018.66666667
992.0
934.666666667
870.666666667
848.0
792.0
752.0
726.666666667
710.666666667
702.666666667
697.333333333
705.333333333
724.0
770.666666667
805.333333333
842.666666667
876.0
898.666666667
892.0
869.333333333
846.666666667
830.666666667
836.0
884.0
889.333333333
868.0
829.333333333
790.666666667
788.0
750.666666667
709.333333333
684.0
665.333333333
656.0
652.0
650.666666667
658.666666667
690.666666667
709.333333333
758.666666667
812.0
850.666666667
849.333333333
805.333333333
766.666666667
762.666666667
769.333333333
826.666666667
858.666666667
844.0
816.0
769.333333333
769.333333333
732.0
684.0
666.666666667
658.666666667
660.0
673.333333333
717.333333333
818.666666667
928.0
970.666666667
993.333333333
1001.33333333
1022.66666667
996.0
993.333333333
980.0
960.0
958.666666667
1014.66666667
1037.33333333
1006.66666667
945.333333333
874.666666667
846.666666667
793.333333333
749.333333333
728.0
702.666666667
709.333333333
721.333333333
749.333333333
840.0
944.0
992.0
1014.66666667
1028.0
1045.33333333
1018.66666667
998.666666667
980.0
964.0
973.333333333
1030.66666667
1050.66666667
1018.66666667
946.666666667
873.333333333
844.0
793.333333333
741.333333333
720.0
706.666666667
701.333333333
710.666666667
753.333333333
853.333333333
954.666666667
996.0
1013.33333333
1024.0
1050.66666667
1018.66666667
1004.0
990.666666667
968.0
965.333333333
1022.66666667
1040.0
1000.0
938.666666667
869.333333333
838.666666667
789.333333333
737.333333333
714.666666667
698.666666667
702.666666667
716.0
757.333333333
852.0
957.333333333
1002.66666667
1026.66666667
1042.66666667
1061.33333333
1045.33333333
1028.0
1009.33333333
994.666666667
1001.33333333
1048.0
1062.66666667
1030.66666667
962.666666667
890.666666667
848.0
800.0
753.333333333
732.0
717.333333333
716.0
724.0
764.0
858.666666667
964.0
1002.66666667
1029.33333333
1048.0
1056.0
1033.33333333
1024.0
1000.0
977.333333333
978.666666667
1034.66666667
1042.66666667
1010.66666667
953.333333333
876.0
853.333333333
800.0
746.666666667
726.666666667
712.0
705.333333333
710.666666667
728.0
741.333333333
790.666666667
816.0
858.666666667
888.0
910.666666667
912.0
888.0
850.666666667
836.0
845.333333333
904.0
921.333333333
901.333333333
846.666666667
800.0
801.333333333
765.333333333
724.0
696.0
678.666666667
673.333333333
665.333333333
666.666666667
672.0
701.333333333
714.666666667
746.666666667
780.0
813.333333333
821.333333333
781.333333333
753.333333333
746.666666667
761.333333333
822.666666667
854.666666667
841.333333333
814.666666667
772.0
764.0
726.666666667
692.0
676.0
665.333333333
665.333333333
682.666666667
721.333333333
822.666666667
940.0
993.333333333
1013.33333333
1032.0
1054.66666667
1034.66666667
1020.0
1005.33333333
996.0
1005.33333333
1033.33333333
1037.33333333
1009.33333333
948.0
870.666666667
848.0
782.666666667
730.666666667
709.333333333
694.666666667
697.333333333
705.333333333
745.333333333
840.0
962.666666667
1001.33333333
1021.33333333
1033.33333333
1061.33333333
1052.0
1028.0
1006.66666667
1002.66666667
1008.0
1044.0
1057.33333333
1020.0
956.0
880.0
833.333333333
778.666666667
728.0
701.333333333
698.666666667
685.333333333
694.666666667
742.666666667
837.333333333
957.333333333
1000.0
1016.0
1025.33333333
1037.33333333
1004.0
982.666666667
960.0
941.333333333
952.0
1025.33333333
1041.33333333
1006.66666667
944.0
877.333333333
844.0
789.333333333
736.0
716.0
701.333333333
701.333333333
702.666666667
746.666666667
842.666666667
946.666666667
985.333333333
1001.33333333
1018.66666667
1037.33333333
1022.66666667
1016.0
998.666666667
980.0
988.0
1029.33333333
1037.33333333
1014.66666667
945.333333333
873.333333333
837.333333333
774.666666667
728.0
705.333333333
697.333333333
688.0
693.333333333
736.0
838.666666667
953.333333333
986.666666667
1020.0
1042.66666667
1058.66666667
1030.66666667
1021.33333333
1006.66666667
982.666666667
982.666666667
1020.0
1022.66666667
982.666666667
920.0
858.666666667
837.333333333
789.333333333
740.0
705.333333333
692.0
681.333333333
680.0
690.666666667
714.666666667
766.666666667
808.0
842.666666667
861.333333333
892.0
894.666666667
869.333333333
830.666666667
805.333333333
833.333333333
893.333333333
906.666666667
878.666666667
833.333333333
793.333333333
797.333333333
760.0
724.0
696.0
677.333333333
665.333333333
649.333333333
653.333333333
653.333333333
684.0
705.333333333
745.333333333
788.0
824.0
830.666666667
800.0
780.0
768.0
780.0
833.333333333
854.666666667
844.0
813.333333333
769.333333333
773.333333333
736.0
690.666666667
674.666666667
665.333333333
664.0
678.666666667
722.666666667
830.666666667
950.666666667
1000.0
1032.0
1048.0
1073.33333333
1057.33333333
1044.0
1033.33333333
1016.0
1026.66666667
1057.33333333
1061.33333333
1032.0
961.333333333
888.0
857.333333333
802.666666667
744.0
726.666666667
717.333333333
716.0
722.666666667
764.0
854.666666667
973.333333333
1020.0
1040.0
1045.33333333
1062.66666667
1040.0
1020.0
1000.0
980.0
996.0
1060.0
1074.66666667
1040.0
980.0
902.666666667
866.666666667
805.333333333
750.666666667
729.333333333
716.0
712.0
725.333333333
761.333333333
860.0
978.666666667
1014.66666667
1028.0
1030.66666667
1060.0
1045.33333333
1036.0
1022.66666667
1002.66666667
1018.66666667
1058.66666667
1062.66666667
1026.66666667
957.333333333
886.666666667
861.333333333
809.333333333
753.333333333
721.333333333
701.333333333
702.666666667
717.333333333
766.666666667
864.0
974.666666667
1017.33333333
1030.66666667
1052.0
1070.66666667
1061.33333333
1046.66666667
1029.33333333
1010.66666667
1013.33333333
1061.33333333
1074.66666667
1046.66666667
978.666666667
910.666666667
878.666666667
822.666666667
784.0
754.666666667
738.666666667
734.666666667
744.0
766.666666667
860.0
977.333333333
1024.0
1044.0
1052.0
1068.0
1052.0
1036.0
1014.66666667
997.333333333
1002.66666667
1054.66666667
1056.0
1020.0
961.333333333
890.666666667
869.333333333
820.0
785.333333333
749.333333333
736.0
724.0
722.666666667
729.333333333
756.0
808.0
836.0
874.666666667
904.0
916.0
908.0
878.666666667
850.666666667
844.0
868.0
936.0
948.0
921.333333333
873.333333333
837.333333333
844.0
808.0
773.333333333
738.666666667
716.0
709.333333333
697.333333333
696.0
698.666666667
734.666666667
749.333333333
792.0
845.333333333
885.333333333
893.333333333
870.666666667
849.333333333
833.333333333
849.333333333
898.666666667
908.0
889.333333333
853.333333333
810.666666667
817.333333333
776.0
745.333333333
713.333333333
697.333333333
698.666666667
714.666666667
754.666666667
860.0
976.0
1025.33333333
1048.0
1064.0
1092.0
1085.33333333
1062.66666667
1045.33333333
1021.33333333
1025.33333333
1066.66666667
1070.66666667
1037.33333333
978.666666667
908.0
873.333333333
818.666666667
774.666666667
745.333333333
720.0
724.0
737.333333333
774.666666667
869.333333333
980.0
1022.66666667
1046.66666667
1061.33333333
1080.0
1066.66666667
1056.0
1030.66666667
1022.66666667
1034.66666667
1064.0
1072.0
1029.33333333
966.666666667
909.333333333
876.0
820.0
766.666666667
737.333333333
726.666666667
721.333333333
730.666666667
777.333333333
869.333333333
973.333333333
1032.0
1038.66666667
1060.0
1085.33333333
1057.33333333
1046.66666667
1026.66666667
1006.66666667
1016.0
1058.66666667
1060.0
1029.33333333
972.0
900.0
868.0
806.666666667
764.0
744.0
736.0
733.333333333
738.666666667
777.333333333
878.666666667
993.333333333
1052.0
1064.0
1085.33333333
1104.0
1084.0
1069.33333333
1054.66666667
1037.33333333
1049.33333333
1077.33333333
1078.66666667
1046.66666667
986.666666667
908.0
881.333333333
826.666666667
777.333333333
752.0
741.333333333
746.666666667
748.0
794.666666667
876.0
988.0
1032.0
1057.33333333
1064.0
1078.66666667
1058.66666667
1041.33333333
1025.33333333
1008.0
1013.33333333
1058.66666667
1065.33333333
1032.0
970.666666667
914.666666667
898.666666667
852.0
812.0
776.0
758.666666667
746.666666667
740.0
744.0
766.666666667
820.0
857.333333333
896.0
913.333333333
938.666666667
940.0
910.666666667
884.0
869.333333333
885.333333333
942.666666667
958.666666667
926.666666667
876.0
842.666666667
845.333333333
804.0
776.0
736.0
717.333333333
709.333333333
697.333333333
705.333333333
710.666666667
741.333333333
769.333333333
818.666666667
861.333333333
902.666666667
910.666666667
872.0
829.333333333
812.0
830.666666667
881.333333333
894.666666667
880.0
850.666666667
806.666666667
805.333333333
764.0
721.333333333
696.0
680.0
681.333333333
701.333333333
745.333333333
845.333333333
966.666666667
1032.0
1050.66666667
1069.33333333
1077.33333333
1048.0
1040.0
1028.0
1017.33333333
1026.66666667
1053.33333333
1065.33333333
1033.33333333
969.333333333
906.666666667
877.333333333
828.0
789.333333333
766.666666667
764.0
754.666666667
752.0
780.0
865.333333333
980.0
1032.0
1045.33333333
1060.0
1082.66666667
1072.0
1058.66666667
1044.0
1022.66666667
1017.33333333
1060.0
1078.66666667
1045.33333333
981.333333333
913.333333333
882.666666667
829.333333333
789.333333333
756.0
732.0
736.0
754.666666667
800.0
877.333333333
984.0
1038.66666667
1048.0
1080.0
1120.0
1104.0
1084.0
1065.33333333
1049.33333333
1053.33333333
1085.33333333
1081.33333333
1048.0
981.333333333
916.0
888.0
829.333333333
785.333333333
756.0
741.333333333
745.333333333
761.333333333
802.666666667
889.333333333
1001.33333333
1053.33333333
1064.0
1082.66666667
1098.66666667
1094.66666667
1077.33333333
1052.0
1028.0
1044.0
1081.33333333
1084.0
1052.0
992.0
929.333333333
906.666666667
848.0
790.666666667
770.666666667
754.666666667
748.0
754.666666667
788.0
878.666666667
993.333333333
1056.0
1062.66666667
1086.66666667
1104.0
1072.0
1053.33333333
1036.0
1020.0
1036.0
1066.66666667
1056.0
1013.33333333
958.666666667
908.0
893.333333333
844.0
793.333333333
769.333333333
746.666666667
733.333333333
732.0
744.0
749.333333333
802.666666667
836.0
856.0
877.333333333
894.666666667
905.333333333
882.666666667
866.666666667
853.333333333
866.666666667
921.333333333
928.0
906.666666667
870.666666667
834.666666667
842.666666667
796.0
758.666666667
729.333333333
710.666666667
702.666666667
697.333333333
696.0
704.0
736.0
756.0
788.0
830.666666667
872.0
880.0
852.0
830.666666667
813.333333333
829.333333333
873.333333333
878.666666667
870.666666667
840.0
808.0
817.333333333
780.0
749.333333333
726.666666667
713.333333333
708.0
718.666666667
750.666666667
817.333333333
928.0
990.666666667
1008.0
1021.33333333
1036.0
1022.66666667
998.666666667
981.333333333
973.333333333
982.666666667
1024.0
1028.0
990.666666667
932.0
873.333333333
844.0
792.0
745.333333333
721.333333333
696.0
689.333333333
701.333333333
740.0
813.333333333
920.0
978.666666667
996.0
1012.0
1029.33333333
1021.33333333
1002.66666667
977.333333333
953.333333333
961.333333333
1006.66666667
1006.66666667
982.666666667
917.333333333
860.0
850.666666667
802.666666667
754.666666667
724.0
710.666666667
705.333333333
701.333333333
738.666666667
806.666666667
914.666666667
976.0
992.0
1013.33333333
1030.66666667
1014.66666667
992.0
976.0
962.666666667
964.0
997.333333333
1001.33333333
960.0
901.333333333
848.0
834.666666667
785.333333333
729.333333333
702.666666667
684.0
678.666666667
688.0
724.0
789.333333333
890.666666667
957.333333333
972.0
989.333333333
1001.33333333
993.333333333
974.666666667
953.333333333
936.0
944.0
978.666666667
972.0
938.666666667
881.333333333
822.666666667
816.0
765.333333333
714.666666667
685.333333333
668.0
656.0
665.333333333
694.666666667
756.0
844.0
901.333333333
913.333333333
926.666666667
938.666666667
922.666666667
902.666666667
880.0
864.0
870.666666667
901.333333333
898.666666667
869.333333333
820.0
770.666666667
753.333333333
705.333333333
662.666666667
636.0
614.666666667
604.0
606.666666667
617.333333333
626.666666667
672.0
709.333333333
733.333333333
760.0
777.333333333
782.666666667
766.666666667
745.333333333
734.666666667
749.333333333
789.333333333
801.333333333
782.666666667
745.333333333
708.0
714.666666667
670.666666667
628.0
601.333333333
581.333333333
570.666666667
570.666666667
578.666666667
584.0
614.666666667
638.666666667
672.0
706.666666667
732.0
738.666666667
716.0
704.0
698.666666667
704.0
737.333333333
744.0
729.333333333
686.666666667
648.0
660.0
638.666666667
606.666666667
581.333333333
560.0
552.0
549.333333333
558.666666667
565.333333333
590.666666667
605.333333333
630.666666667
666.666666667
697.333333333
700.0
680.0
658.666666667
652.0
666.666666667
704.0
714.666666667
708.0
685.333333333
658.666666667
672.0
646.666666667
613.333333333
592.0
577.333333333
569.333333333
564.0
573.333333333
584.0
604.0
625.333333333
645.333333333
677.333333333
708.0
716.0
697.333333333
681.333333333
669.333333333
684.0
729.333333333
740.0
725.333333333
697.333333333
670.666666667
681.333333333
648.0
609.333333333
584.0
566.666666667
562.666666667
574.666666667
606.666666667
657.333333333
728.0
790.666666667
808.0
838.666666667
860.0
850.666666667
825.333333333
804.0
778.666666667
790.666666667
840.0
848.0
821.333333333
773.333333333
725.333333333
718.666666667
673.333333333
634.666666667
612.0
598.666666667
592.0
601.333333333
630.666666667
673.333333333
744.0
789.333333333
810.666666667
832.0
846.666666667
844.0
820.0
802.666666667
797.333333333
813.333333333
866.666666667
880.0
848.0
792.0
745.333333333
741.333333333
696.0
654.666666667
628.0
605.333333333
594.666666667
606.666666667
641.333333333
685.333333333
756.0
808.0
829.333333333
849.333333333
873.333333333
880.0
866.666666667
857.333333333
853.333333333
860.0
889.333333333
886.666666667
860.0
813.333333333
764.0
757.333333333
713.333333333
676.0
641.333333333
617.333333333
612.0
610.666666667
620.0
630.666666667
669.333333333
700.0
724.0
748.0
772.0
766.666666667
746.666666667
728.0
717.333333333
733.333333333
781.333333333
797.333333333
781.333333333
744.0
709.333333333
714.666666667
673.333333333
630.666666667
602.666666667
581.333333333
573.333333333
565.333333333
570.666666667
580.0
610.666666667
633.333333333
661.333333333
694.666666667
728.0
741.333333333
721.333333333
705.333333333
690.666666667
693.333333333
740.0
753.333333333
733.333333333
701.333333333
673.333333333
686.666666667
661.333333333
