Consumption in Italy in 2017
26426.0
25352.0
23866.0
21966.0
20948.0
20991.0
21828.0
22121.0
22432.0
23917.0
25454.0
26674.0
27404.0
25764.0
24274.0
24582.0
26255.0
30543.0
32184.0
33034.0
32661.0
31283.0
29127.0
26316.0
23654.0
21763.0
20856.0
20422.0
20727.0
22420.0
26540.0
30982.0
35221.0
38226.0
39003.0
38763.0
37966.0
37167.0
36742.0
37209.0
39041.0
42674.0
42859.0
42234.0
39501.0
36865.0
33098.0
29694.0
26714.0
24756.0
23614.0
23066.0
23176.0
25026.0
28958.0
33787.0
38401.0
41302.0
41911.0
42412.0
41289.0
40121.0
40000.0
40094.0
41278.0
44714.0
44854.0
44017.0
41003.0
37909.0
34094.0
30618.0
27422.0
25461.0
24458.0
23753.0
24044.0
25790.0
29816.0
34881.0
39298.0
42127.0
42362.0
42308.0
40808.0
39733.0
39373.0
39602.0
40978.0
44498.0
44660.0
43881.0
41205.0
38042.0
34041.0
30216.0
26947.0
24946.0
24000.0
23576.0
23571.0
24874.0
28917.0
34125.0
38705.0
41624.0
42505.0
42757.0
41602.0
39947.0
39409.0
39573.0
40856.0
44646.0
44681.0
43506.0
40780.0
37368.0
33734.0
30409.0
27380.0
25295.0
24105.0
23459.0
23399.0
23775.0
25190.0
27261.0
29379.0
32482.0
34834.0
36144.0
35745.0
33060.0
31530.0
31344.0
32176.0
36373.0
37968.0
38269.0
37056.0
34838.0
32179.0
29275.0
26798.0
24918.0
23651.0
22907.0
22990.0
24048.0
26265.0
29012.0
31351.0
34647.0
36648.0
36990.0
36617.0
35478.0
34856.0
34218.0
34889.0
39439.0
41076.0
41223.0
38985.0
36088.0
33290.0
30210.0
27480.0
25323.0
23940.0
23066.0
22683.0
23262.0
24607.0
26265.0
28251.0
31859.0
34466.0
34795.0
34711.0
33441.0
32589.0
31936.0
32727.0
37217.0
38843.0
39561.0
38268.0
36278.0
33339.0
29724.0
26994.0
24807.0
23962.0
23594.0
23953.0
26338.0
32689.0
40628.0
46265.0
49611.0
50576.0
50513.0
47988.0
47697.0
48091.0
47968.0
49052.0
51766.0
51174.0
49679.0
46718.0
43767.0
39113.0
34557.0
31183.0
28989.0
27810.0
27513.0
27782.0
29917.0
35940.0
43766.0
49693.0
52441.0
53067.0
53149.0
51024.0
50276.0
51266.0
51531.0
52478.0
54231.0
53055.0
51145.0
47975.0
44441.0
39379.0
35104.0
32024.0
29880.0
28670.0
28110.0
28597.0
30635.0
36761.0
44608.0
50227.0
53700.0
54558.0
54569.0
51648.0
50539.0
50924.0
50872.0
51347.0
53835.0
53210.0
51800.0
48586.0
44879.0
39981.0
35588.0
31874.0
29578.0
28321.0
28144.0
28403.0
30284.0
36265.0
44293.0
49856.0
52117.0
52049.0
51774.0
48943.0
48722.0
49918.0
50318.0
51596.0
53324.0
52210.0
50696.0
47666.0
43956.0
39111.0
34668.0
30965.0
28750.0
27720.0
27478.0
27976.0
29836.0
35434.0
42996.0
48225.0
50836.0
51501.0
51615.0
48536.0
47478.0
48434.0
48536.0
49007.0
50950.0
50531.0
48960.0
45283.0
41632.0
37172.0
33396.0
30749.0
28743.0
27436.0
26679.0
26637.0
27277.0
30216.0
34237.0
38030.0
41035.0
41852.0
40746.0
38645.0
36638.0
35751.0
35499.0
36512.0
41134.0
42961.0
43069.0
40609.0
37692.0
34777.0
31911.0
29317.0
27112.0
25552.0
24837.0
24421.0
24761.0
25973.0
27615.0
29946.0
32931.0
35073.0
35699.0
35539.0
33597.0
32774.0
32625.0
33173.0
37082.0
39084.0
39867.0
38825.0
36513.0
33620.0
30363.0
27021.0
25323.0
24541.0
24350.0
24837.0
27051.0
34018.0
42586.0
48069.0
50588.0
51075.0
50920.0
48615.0
48097.0
48692.0
48903.0
49739.0
52088.0
51608.0
50145.0
47010.0
43175.0
38328.0
34375.0
31057.0
29260.0
28205.0
27681.0
28131.0
30222.0
36433.0
44329.0
49697.0
52149.0
53007.0
52685.0
49916.0
49148.0
49699.0
49791.0
50728.0
52838.0
52468.0
50662.0
47574.0
43803.0
39033.0
34953.0
31119.0
29361.0
28488.0
28085.0
28392.0
30537.0
36358.0
44836.0
49950.0
52142.0
52769.0
51934.0
49193.0
48743.0
49380.0
49268.0
49925.0
52417.0
52336.0
51074.0
47864.0
43771.0
38985.0
35244.0
31365.0
29073.0
28146.0
27665.0
28000.0
30052.0
36015.0
43930.0
49404.0
51973.0
52119.0
51329.0
48378.0
47978.0
48358.0
48319.0
48766.0
51440.0
51708.0
50536.0
47598.0
43921.0
39204.0
35084.0
31527.0
29613.0
28357.0
27749.0
28236.0
30492.0
36644.0
44536.0
49876.0
52066.0
52094.0
51564.0
48418.0
47314.0
47902.0
47373.0
47871.0
50530.0
51133.0
49754.0
46694.0
43018.0
38247.0
34399.0
30996.0
28949.0
27880.0
27349.0
27301.0
28085.0
31334.0
35630.0
39208.0
42249.0
42921.0
41389.0
39906.0
38096.0
37250.0
36325.0
36643.0
40698.0
42910.0
42972.0
40433.0
37280.0
34242.0
31380.0
28795.0
26775.0
25411.0
24670.0
24630.0
25103.0
26474.0
27867.0
30007.0
33200.0
35233.0
35671.0
35265.0
32893.0
31716.0
31278.0
32073.0
35702.0
38021.0
38763.0
37691.0
35592.0
32658.0
29746.0
27229.0
25703.0
24915.0
24846.0
25352.0
27465.0
34127.0
42423.0
47647.0
49910.0
49992.0
49809.0
46904.0
46329.0
47329.0
47744.0
48618.0
50689.0
50753.0
49308.0
46249.0
42943.0
38095.0
34102.0
30846.0
29100.0
27991.0
27596.0
28095.0
30031.0
36405.0
44452.0
49491.0
51398.0
51017.0
50783.0
48175.0
47440.0
47779.0
47546.0
48267.0
50191.0
50745.0
49585.0
46635.0
42833.0
38438.0
34472.0
31126.0
29544.0
28421.0
27819.0
28249.0
30449.0
36543.0
44370.0
49653.0
51501.0
51301.0
50726.0
48034.0
47047.0
47848.0
47740.0
48307.0
50706.0
51896.0
50218.0
47555.0
43752.0
39338.0
35056.0
31647.0
30068.0
29064.0
28437.0
28677.0
30746.0
37024.0
44675.0
49728.0
51471.0
51056.0
49962.0
47286.0
46891.0
47738.0
48140.0
48609.0
50941.0
51737.0
50602.0
47678.0
44205.0
39436.0
35422.0
31611.0
29924.0
28960.0
28592.0
28762.0
30893.0
37076.0
44540.0
49168.0
51096.0
50897.0
50266.0
47533.0
46863.0
47505.0
47779.0
47985.0
49993.0
50970.0
49738.0
46706.0
43121.0
38657.0
34581.0
31368.0
29331.0
28002.0
27230.0
27335.0
28084.0
31161.0
35170.0
38220.0
40460.0
41000.0
39894.0
38203.0
36165.0
35521.0
35248.0
36137.0
39718.0
42131.0
42096.0
39546.0
36720.0
34234.0
31448.0
28612.0
26456.0
25138.0
24240.0
23850.0
24217.0
25641.0
26832.0
29735.0
32937.0
34132.0
34241.0
33789.0
31804.0
31129.0
30677.0
30895.0
34440.0
37613.0
38320.0
37586.0
35468.0
32868.0
29773.0
26462.0
24914.0
24017.0
23850.0
24457.0
26850.0
34172.0
41474.0
47143.0
49384.0
49144.0
48565.0
45796.0
45389.0
46586.0
47219.0
47835.0
49621.0
50215.0
48472.0
45848.0
42542.0
38009.0
34193.0
30981.0
29117.0
27962.0
27619.0
27964.0
30240.0
36463.0
43751.0
48807.0
50478.0
50476.0
49947.0
47550.0
47330.0
48464.0
49142.0
49136.0
50284.0
50745.0
49337.0
46535.0
42724.0
38269.0
34272.0
31202.0
29433.0
28015.0
27546.0
28087.0
30243.0
36846.0
44047.0
49366.0
51079.0
50607.0
50310.0
47371.0
47039.0
48446.0
48904.0
49120.0
50650.0
51216.0
49846.0
46710.0
43424.0
38969.0
34774.0
30935.0
28911.0
27858.0
27394.0
27631.0
29771.0
36283.0
43516.0
48329.0
50155.0
50237.0
49825.0
47193.0
46692.0
47762.0
48386.0
49155.0
50359.0
50550.0
48960.0
46229.0
42523.0
37788.0
33844.0
30518.0
28619.0
27505.0
27231.0
27499.0
29748.0
35655.0
42746.0
47837.0
49840.0
49730.0
49786.0
46419.0
45194.0
46454.0
46257.0
46449.0
48361.0
49198.0
47904.0
44564.0
40757.0
36467.0
32810.0
29626.0
27567.0
26535.0
26041.0
25869.0
26698.0
29669.0
33072.0
36115.0
38461.0
39118.0
38684.0
36658.0
34897.0
34370.0
34164.0
35031.0
37710.0
40383.0
40171.0
37436.0
34166.0
31439.0
28819.0
26510.0
24484.0
23244.0
22765.0
22679.0
23206.0
24544.0
25819.0
27872.0
30789.0
32759.0
33623.0
33640.0
31515.0
30269.0
30218.0
30931.0
33613.0
36294.0
36866.0
35778.0
33422.0
30884.0
27983.0
24967.0
23745.0
23220.0
23042.0
23751.0
26190.0
33041.0
40990.0
46346.0
49025.0
49166.0
49081.0
46079.0
46021.0
46930.0
47123.0
47374.0
48321.0
49249.0
48141.0
45271.0
41833.0
37169.0
33478.0
30229.0
28134.0
27105.0
26831.0
27310.0
29299.0
35713.0
42722.0
47907.0
49673.0
49283.0
49140.0
46229.0
45980.0
46797.0
46930.0
46939.0
48200.0
50430.0
49602.0
46644.0
42728.0
38133.0
33993.0
31057.0
28857.0
27610.0
27249.0
27614.0
29783.0
36165.0
43571.0
48150.0
50177.0
50130.0
49927.0
47544.0
46596.0
47800.0
48149.0
48464.0
49831.0
50982.0
49736.0
46673.0
43233.0
38524.0
34595.0
30813.0
28631.0
27629.0
27321.0
27782.0
29762.0
36302.0
43236.0
47800.0
49824.0
50222.0
49854.0
47036.0
46462.0
47259.0
47657.0
48182.0
49383.0
50742.0
49477.0
46539.0
42828.0
37995.0
34418.0
31100.0
28947.0
27999.0
27454.0
27761.0
30071.0
36457.0
43671.0
48919.0
51275.0
51349.0
51257.0
48316.0
47187.0
48002.0
47998.0
48157.0
48658.0
50239.0
49183.0
46237.0
42809.0
38238.0
34799.0
31500.0
29604.0
28084.0
26935.0
26653.0
27433.0
30434.0
33533.0
37715.0
40332.0
40654.0
39683.0
37892.0
36139.0
35041.0
34813.0
35398.0
37607.0
41133.0
41138.0
38779.0
35762.0
33110.0
30504.0
27341.0
25723.0
24051.0
23252.0
23004.0
23487.0
24657.0
25455.0
27811.0
30658.0
32311.0
32854.0
33017.0
30888.0
29488.0
29569.0
29832.0
32245.0
36179.0
36817.0
35697.0
33887.0
30876.0
27721.0
25020.0
23516.0
22882.0
22648.0
23264.0
26047.0
33072.0
40499.0
46034.0
48232.0
47873.0
48038.0
45151.0
44883.0
45923.0
46478.0
47019.0
47509.0
48786.0
47761.0
45096.0
41545.0
36842.0
32889.0
29875.0
27694.0
26834.0
26367.0
26867.0
29049.0
35384.0
42375.0
47777.0
49474.0
49057.0
48709.0
45198.0
44537.0
45403.0
45830.0
46356.0
46990.0
49962.0
49420.0
46217.0
42102.0
37741.0
33630.0
30342.0
28490.0
27594.0
27046.0
27549.0
29777.0
36337.0
42756.0
47506.0
48600.0
48277.0
47399.0
44415.0
43429.0
44469.0
44796.0
45041.0
45871.0
49317.0
48959.0
45711.0
42021.0
37290.0
33359.0
30059.0
28057.0
27247.0
26848.0
27217.0
29512.0
35848.0
42187.0
46630.0
47805.0
47422.0
46912.0
44266.0
43572.0
44360.0
44545.0
44967.0
45624.0
49066.0
48367.0
45785.0
42457.0
37903.0
33939.0
30415.0
28406.0
27258.0
26993.0
27322.0
29347.0
35770.0
41938.0
46382.0
47803.0
47335.0
47206.0
44765.0
44120.0
44464.0
44733.0
44824.0
45349.0
48217.0
47730.0
44809.0
40474.0
36647.0
33040.0
29675.0
27600.0
26288.0
25752.0
25856.0
26460.0
29175.0
32374.0
35838.0
38479.0
38611.0
38177.0
36482.0
34195.0
32803.0
32582.0
33066.0
34935.0
39848.0
40575.0
37930.0
34724.0
32140.0
29830.0
26739.0
24493.0
23254.0
22733.0
22698.0
23146.0
24399.0
25142.0
27992.0
30400.0
31245.0
31257.0
31313.0
30067.0
28923.0
28780.0
28969.0
30746.0
35614.0
36754.0
35748.0
33635.0
31496.0
28138.0
25042.0
23536.0
23145.0
22720.0
23381.0
26473.0
33598.0
40353.0
45625.0
46747.0
46078.0
45581.0
42728.0
42518.0
43554.0
44919.0
45240.0
45560.0
48409.0
47956.0
45353.0
41852.0
37355.0
33472.0
30409.0
28235.0
27261.0
26867.0
27257.0
29654.0
35753.0
42308.0
47243.0
49149.0
49115.0
48351.0
45666.0
45060.0
46133.0
46183.0
45959.0
45835.0
49039.0
48557.0
45489.0
42054.0
37495.0
33197.0
29667.0
28161.0
26752.0
26690.0
27041.0
29341.0
35160.0
42103.0
46587.0
47703.0
46926.0
47054.0
44264.0
43327.0
44194.0
44543.0
45113.0
45590.0
48422.0
47922.0
44826.0
41041.0
37060.0
33069.0
29847.0
27876.0
26945.0
26463.0
26694.0
28723.0
34719.0
40820.0
45563.0
46889.0
46532.0
46060.0
43194.0
43027.0
44434.0
44706.0
44782.0
45295.0
47683.0
47116.0
44294.0
41101.0
36653.0
32761.0
29772.0
27763.0
27027.0
26398.0
26706.0
28825.0
34274.0
40713.0
45998.0
47738.0
47427.0
47415.0
45031.0
43695.0
44113.0
44456.0
44595.0
44778.0
46775.0
46288.0
43338.0
39608.0
35973.0
32558.0
29524.0
27711.0
26405.0
25773.0
25356.0
26265.0
29019.0
31859.0
36053.0
38203.0
38274.0
37302.0
35554.0
33629.0
32660.0
32322.0
32184.0
33504.0
38236.0
39231.0
36771.0
33709.0
31141.0
28597.0
25799.0
23675.0
22511.0
22332.0
22096.0
22628.0
23544.0
24389.0
27555.0
30074.0
31292.0
31826.0
31348.0
29383.0
28437.0
28287.0
28297.0
29547.0
34184.0
35757.0
34604.0
32428.0
29730.0
26690.0
24236.0
22740.0
22063.0
21925.0
22621.0
25411.0
31913.0
37861.0
43400.0
45064.0
44813.0
44646.0
42372.0
42384.0
43594.0
43561.0
43833.0
43757.0
46198.0
45976.0
43415.0
39814.0
35325.0
31668.0
28553.0
26565.0
25655.0
25321.0
25739.0
27746.0
33285.0
39225.0
44731.0
46378.0
47018.0
46578.0
44072.0
42976.0
43548.0
44197.0
44668.0
44382.0
46258.0
45512.0
42838.0
39377.0
35192.0
31438.0
29657.0
27461.0
26569.0
26470.0
26817.0
28760.0
35218.0
41337.0
46854.0
48316.0
47424.0
46836.0
44089.0
43575.0
44189.0
44042.0
44751.0
44651.0
47975.0
48345.0
45533.0
41888.0
37341.0
33187.0
30057.0
28151.0
27046.0
26842.0
27154.0
29456.0
35084.0
41609.0
46636.0
47380.0
46659.0
45810.0
43124.0
42213.0
42851.0
43971.0
44913.0
44830.0
47994.0
48632.0
45938.0
42096.0
38013.0
34529.0
30473.0
28291.0
27395.0
27202.0
27552.0
29774.0
35272.0
41386.0
46293.0
47490.0
47119.0
46355.0
43629.0
43389.0
44970.0
45351.0
45058.0
44835.0
47694.0
47962.0
44885.0
40956.0
36430.0
32949.0
29699.0
27590.0
26321.0
26041.0
25909.0
26642.0
28637.0
31750.0
34994.0
37708.0
38277.0
37186.0
35461.0
33035.0
32673.0
32393.0
33236.0
34079.0
38018.0
38693.0
36319.0
33138.0
30221.0
27815.0
25581.0
23598.0
22169.0
21962.0
22454.0
23493.0
24237.0
24868.0
27593.0
29854.0
31105.0
31724.0
31718.0
29489.0
28607.0
28931.0
28696.0
29773.0
34101.0
35668.0
34284.0
32210.0
29525.0
26271.0
23998.0
22584.0
21987.0
22173.0
22904.0
25334.0
31427.0
38021.0
43768.0
44780.0
44330.0
44671.0
41914.0
41625.0
43905.0
44271.0
44614.0
44235.0
46216.0
46345.0
43829.0
40015.0
35348.0
31671.0
28561.0
27080.0
26296.0
26207.0
26940.0
28472.0
34134.0
40833.0
46000.0
48339.0
48475.0
48186.0
45309.0
44379.0
45227.0
45338.0
45441.0
44851.0
47207.0
48349.0
45331.0
41451.0
36692.0
32717.0
29096.0
27186.0
26321.0
26244.0
26792.0
28897.0
34309.0
40330.0
45219.0
46566.0
46434.0
45684.0
42951.0
42455.0
43237.0
43795.0
43969.0
43460.0
46595.0
47528.0
44490.0
40504.0
36089.0
32760.0
29482.0
27358.0
26330.0
26022.0
26445.0
28538.0
33969.0
39935.0
44621.0
45305.0
45125.0
44923.0
41988.0
41572.0
42543.0
42864.0
42948.0
42582.0
45696.0
46862.0
44087.0
40826.0
36407.0
32609.0
28777.0
26995.0
26039.0
25685.0
26089.0
27950.0
33188.0
39029.0
43495.0
44506.0
43983.0
42946.0
40898.0
40398.0
41334.0
41908.0
41714.0
41514.0
44558.0
45971.0
42794.0
39109.0
35145.0
31590.0
27938.0
26219.0
25427.0
25014.0
25170.0
25894.0
27424.0
30542.0
33863.0
35473.0
36150.0
35147.0
33171.0
31623.0
31140.0
30905.0
31084.0
31878.0
36044.0
38412.0
36377.0
33305.0
30243.0
27931.0
25432.0
23385.0
22512.0
22050.0
22170.0
23031.0
23370.0
24456.0
26789.0
28590.0
29638.0
29753.0
29626.0
27710.0
27261.0
27369.0
27931.0
28876.0
33284.0
36069.0
34664.0
32690.0
29868.0
26823.0
24558.0
22996.0
22235.0
22140.0
22773.0
25134.0
31112.0
37471.0
42471.0
43172.0
43065.0
43322.0
40487.0
40555.0
41772.0
42203.0
42416.0
41957.0
45119.0
47073.0
44271.0
40605.0
35667.0
31843.0
28994.0
27010.0
25812.0
25628.0
26237.0
28458.0
33590.0
39823.0
44751.0
45781.0
44962.0
44277.0
41540.0
41257.0
42162.0
43013.0
43105.0
42996.0
45891.0
47784.0
45144.0
41415.0
36798.0
33093.0
29845.0
27634.0
26581.0
26092.0
26695.0
28886.0
33687.0
39660.0
44684.0
45864.0
45804.0
45733.0
43010.0
42416.0
42829.0
43695.0
43623.0
43081.0
45944.0
47962.0
44882.0
41097.0
36593.0
32558.0
29428.0
27427.0
26337.0
26008.0
26153.0
28265.0
32962.0
38960.0
43542.0
44239.0
43788.0
43183.0
40758.0
40518.0
41382.0
42050.0
42254.0
42227.0
45359.0
47389.0
44915.0
41159.0
36905.0
32964.0
29813.0
27629.0
26579.0
26354.0
26662.0
28790.0
33302.0
39429.0
43914.0
44678.0
44175.0
43905.0
41257.0
40800.0
41896.0
41958.0
42149.0
41604.0
44406.0
46594.0
43864.0
39957.0
35647.0
31887.0
28656.0
26676.0
25649.0
25244.0
25334.0
25828.0
26922.0
30376.0
33987.0
35884.0
36064.0
35193.0
33372.0
31200.0
30785.0
31170.0
31685.0
32129.0
35884.0
37929.0
35655.0
32627.0
29829.0
27538.0
25222.0
23300.0
22250.0
21860.0
21829.0
22869.0
22719.0
23802.0
26153.0
28477.0
29367.0
30061.0
29596.0
27650.0
26709.0
26886.0
27249.0
28065.0
32127.0
35289.0
33740.0
31645.0
29005.0
26308.0
24250.0
22897.0
22224.0
22276.0
23118.0
25212.0
30549.0
37062.0
42227.0
43392.0
42953.0
42459.0
40645.0
41126.0
41972.0
42368.0
42409.0
42444.0
44026.0
46351.0
43798.0
40188.0
35797.0
32414.0
29535.0
27688.0
26781.0
26528.0
26950.0
28853.0
33321.0
39677.0
44756.0
46159.0
45979.0
45954.0
42862.0
42319.0
43552.0
44239.0
44409.0
43681.0
45657.0
47307.0
44667.0
41182.0
36807.0
33027.0
30008.0
27957.0
26789.0
26489.0
26896.0
28889.0
33197.0
39715.0
45060.0
46376.0
46259.0
46287.0
43530.0
43215.0
44676.0
45034.0
45146.0
44300.0
46045.0
47621.0
44957.0
41043.0
36377.0
32910.0
29277.0
27358.0
26215.0
25946.0
26275.0
28236.0
32381.0
38720.0
43757.0
44651.0
44962.0
44880.0
41797.0
41512.0
43388.0
43535.0
43648.0
43706.0
45607.0
47559.0
44348.0
40522.0
36129.0
32308.0
29343.0
27442.0
26558.0
26201.0
26709.0
28530.0
32990.0
39269.0
43609.0
45000.0
45198.0
44984.0
41941.0
41290.0
42416.0
42903.0
42628.0
42038.0
43914.0
46188.0
43100.0
39643.0
35487.0
32083.0
28731.0
26926.0
25859.0
25560.0
25444.0
25945.0
26682.0
30415.0
33707.0
35358.0
35618.0
34568.0
33329.0
31818.0
31344.0
31288.0
31950.0
32215.0
35430.0
38411.0
35837.0
32611.0
29970.0
27548.0
25469.0
23523.0
22609.0
22170.0
22753.0
23495.0
23758.0
25960.0
28533.0
30635.0
31022.0
30787.0
28978.0
28199.0
28127.0
27467.0
27264.0
28244.0
31821.0
34048.0
32170.0
29779.0
27028.0
24377.0
22850.0
22110.0
21897.0
22221.0
24473.0
31044.0
36922.0
42328.0
43915.0
43384.0
42744.0
40089.0
39537.0
40374.0
40433.0
39970.0
39028.0
38569.0
41121.0
43192.0
40301.0
35728.0
31939.0
28540.0
26313.0
25536.0
25275.0
25644.0
27573.0
34149.0
39512.0
44337.0
45408.0
45087.0
44273.0
41542.0
40705.0
41501.0
41856.0
41710.0
40380.0
39769.0
42201.0
44296.0
41584.0
36816.0
32654.0
29521.0
27452.0
26325.0
25774.0
26103.0
28062.0
33968.0
39409.0
44104.0
44613.0
43863.0
43744.0
41244.0
40475.0
41196.0
41121.0
40587.0
39606.0
39341.0
42172.0
43983.0
40665.0
36083.0
32267.0
28779.0
26932.0
26009.0
25725.0
25944.0
27765.0
33158.0
38516.0
43014.0
43765.0
42938.0
42693.0
40029.0
39479.0
40379.0
40866.0
40377.0
39500.0
39022.0
41221.0
43282.0
40263.0
35778.0
32048.0
28811.0
26959.0
25986.0
25631.0
25946.0
27810.0
33589.0
38539.0
43206.0
44025.0
43621.0
43098.0
40321.0
39537.0
40531.0
40624.0
40269.0
39212.0
38962.0
41426.0
43093.0
39881.0
35782.0
32384.0
28871.0
26661.0
25373.0
25048.0
24968.0
25663.0
28085.0
30921.0
33999.0
36141.0
36286.0
34760.0
32891.0
31548.0
30977.0
30970.0
30899.0
30936.0
31947.0
34632.0
35824.0
32637.0
30330.0
28048.0
25730.0
23475.0
22202.0
21871.0
21775.0
22728.0
23418.0
23892.0
26194.0
28283.0
29606.0
29936.0
29729.0
27977.0
28101.0
28040.0
27175.0
27763.0
28634.0
31733.0
33608.0
31457.0
28783.0
26247.0
23882.0
22203.0
21637.0
21539.0
22196.0
24319.0
30567.0
36512.0
42157.0
43183.0
43338.0
43197.0
40585.0
40148.0
41274.0
41446.0
41263.0
40045.0
39694.0
41836.0
43639.0
40571.0
36324.0
32596.0
29323.0
27574.0
26699.0
26234.0
26428.0
28579.0
34626.0
40117.0
44606.0
45785.0
45359.0
44849.0
41990.0
41750.0
43158.0
43728.0
43681.0
42227.0
41203.0
42977.0
44517.0
41272.0
37151.0
33144.0
30107.0
28582.0
27568.0
27120.0
27465.0
29558.0
34447.0
39965.0
45062.0
46001.0
45928.0
45522.0
42686.0
42097.0
42602.0
42591.0
42877.0
41860.0
40888.0
42706.0
44812.0
41518.0
37307.0
33769.0
30212.0
28219.0
27304.0
27056.0
27378.0
29028.0
34200.0
39808.0
43959.0
44922.0
44263.0
44141.0
42230.0
41949.0
43791.0
43721.0
42935.0
41371.0
40678.0
42539.0
44134.0
41510.0
37099.0
33619.0
30067.0
28140.0
27167.0
26872.0
26998.0
28631.0
33485.0
38987.0
43870.0
45167.0
44375.0
44115.0
41392.0
41060.0
41701.0
41801.0
41604.0
39937.0
39349.0
41532.0
43476.0
40423.0
36312.0
32886.0
29506.0
27654.0
26342.0
25581.0
25551.0
26321.0
28635.0
31583.0
34965.0
36326.0
36274.0
35260.0
33331.0
31658.0
30964.0
30743.0
30647.0
30901.0
31781.0
34179.0
36274.0
33608.0
31123.0
28893.0
26537.0
24754.0
23515.0
22801.0
22824.0
23718.0
24076.0
24475.0
26783.0
28348.0
29145.0
29450.0
29264.0
27857.0
27059.0
26715.0
26416.0
26688.0
27860.0
30565.0
33835.0
32417.0
29946.0
27389.0
25160.0
23420.0
22879.0
22698.0
23342.0
25345.0
31040.0
36472.0
41053.0
42095.0
41875.0
41558.0
39399.0
39593.0
40579.0
40854.0
41352.0
40356.0
39295.0
40646.0
43217.0
40240.0
35696.0
31846.0
29060.0
27177.0
26209.0
25762.0
26162.0
27936.0
32810.0
38283.0
43125.0
43699.0
43709.0
43200.0
41327.0
40996.0
42175.0
42758.0
42589.0
40733.0
40159.0
41690.0
43763.0
40495.0
36550.0
33305.0
30113.0
28292.0
27211.0
27031.0
27260.0
28862.0
33272.0
38708.0
43403.0
44567.0
44120.0
43810.0
41374.0
41351.0
42625.0
42913.0
42637.0
41104.0
40380.0
41649.0
43681.0
40691.0
36574.0
33464.0
30151.0
27863.0
26532.0
25969.0
26542.0
28348.0
32548.0
37597.0
42688.0
44362.0
44001.0
43821.0
41688.0
41063.0
42596.0
42358.0
42005.0
40332.0
39147.0
40491.0
42422.0
39603.0
35807.0
32436.0
29661.0
27467.0
26514.0
25900.0
26028.0
27520.0
30795.0
35245.0
40055.0
41616.0
41314.0
41164.0
39277.0
37636.0
38319.0
38222.0
37915.0
36923.0
36343.0
37535.0
39330.0
36721.0
33494.0
30555.0
27302.0
25013.0
24068.0
23583.0
23141.0
23608.0
24338.0
26543.0
29888.0
32134.0
32018.0
31454.0
30266.0
28977.0
28519.0
28918.0
29268.0
29766.0
30847.0
32706.0
34347.0
31986.0
29268.0
26689.0
24163.0
22050.0
20926.0
20092.0
19779.0
20039.0
19871.0
20859.0
22966.0
25182.0
26194.0
26237.0
26068.0
23769.0
22225.0
22615.0
23049.0
23173.0
23797.0
25084.0
28603.0
28493.0
26716.0
24298.0
22255.0
20643.0
19702.0
19293.0
19246.0
19741.0
19822.0
20616.0
23280.0
24405.0
25289.0
25722.0
25630.0
24275.0
23295.0
23062.0
23049.0
23342.0
24537.0
26720.0
30409.0
30146.0
28022.0
25411.0
22944.0
21362.0
20631.0
20483.0
21108.0
23129.0
27789.0
32942.0
38951.0
41287.0
42178.0
42118.0
39933.0
40491.0
41748.0
42318.0
41839.0
40571.0
38955.0
39572.0
41045.0
38319.0
34445.0
30825.0
27656.0
25963.0
25093.0
24813.0
25131.0
26940.0
31373.0
37237.0
42558.0
44045.0
44356.0
43857.0
41570.0
41694.0
42412.0
41676.0
41458.0
40302.0
39647.0
40966.0
42937.0
40330.0
35781.0
31742.0
28631.0
26498.0
25738.0
25619.0
25822.0
27794.0
32514.0
38538.0
43373.0
44421.0
44715.0
44545.0
42346.0
41426.0
41892.0
41170.0
40831.0
39746.0
39530.0
41144.0
43406.0
41454.0
37633.0
34001.0
30194.0
27669.0
26654.0
26471.0
26804.0
28448.0
32439.0
38413.0
43324.0
45127.0
45387.0
45005.0
42216.0
41558.0
42146.0
41332.0
40347.0
39308.0
39143.0
41017.0
42893.0
40686.0
36312.0
32947.0
29401.0
27170.0
25848.0
25523.0
25409.0
26155.0
27461.0
30978.0
34213.0
35840.0
35935.0
35032.0
32901.0
31214.0
30799.0
30825.0
30519.0
30921.0
31763.0
33552.0
35854.0
33782.0
30796.0
28452.0
26151.0
23713.0
22231.0
21851.0
21710.0
22573.0
22124.0
23349.0
25730.0
27438.0
28076.0
28781.0
29647.0
27239.0
26321.0
26456.0
26486.0
26386.0
27137.0
29296.0
32408.0
31863.0
29508.0
26876.0
24470.0
22634.0
21826.0
21641.0
22153.0
24088.0
26838.0
31198.0
35319.0
36951.0
37171.0
37182.0
35317.0
34838.0
35348.0
35283.0
35160.0
34402.0
33904.0
35079.0
37447.0
35712.0
32408.0
28769.0
26313.0
24040.0
23118.0
22428.0
22291.0
23246.0
23138.0
25362.0
28060.0
29987.0
30613.0
30184.0
29401.0
28022.0
27677.0
27580.0
27144.0
27313.0
28508.0
30151.0
32781.0
32071.0
29647.0
26455.0
23797.0
22297.0
21555.0
21510.0
22256.0
24029.0
29634.0
36313.0
41898.0
44002.0
43952.0
44314.0
42249.0
41964.0
42874.0
43435.0
43362.0
41870.0
40755.0
41376.0
42485.0
39636.0
35489.0
32095.0
28307.0
26276.0
25621.0
25276.0
25471.0
26980.0
31475.0
37579.0
42896.0
44866.0
44807.0
44695.0
41377.0
41539.0
43223.0
43199.0
43185.0
42197.0
41124.0
41421.0
42343.0
39605.0
35563.0
31995.0
28671.0
26888.0
26077.0
25629.0
25831.0
27208.0
31543.0
37390.0
42426.0
44478.0
43740.0
43010.0
40887.0
39888.0
39751.0
39838.0
39373.0
38533.0
38250.0
39393.0
40773.0
39317.0
35548.0
32024.0
28314.0
26240.0
25221.0
24378.0
24499.0
25152.0
25929.0
29271.0
33086.0
35224.0
34977.0
34378.0
32583.0
31688.0
30737.0
30433.0
29962.0
29995.0
30799.0
32549.0
34672.0
33623.0
31132.0
28491.0
26106.0
24009.0
22869.0
22250.0
22097.0
22217.0
21364.0
22694.0
24806.0
26453.0
27297.0
27595.0
27694.0
25874.0
25588.0
25023.0
24698.0
25621.0
26720.0
28737.0
31728.0
31516.0
29198.0
26291.0
23625.0
21851.0
20696.0
20182.0
20078.0
20340.0
19789.0
21061.0
23238.0
25349.0
26712.0
27343.0
27447.0
25569.0
24144.0
23811.0
24096.0
25059.0
26066.0
27977.0
30545.0
30368.0
27942.0
25008.0
22503.0
20969.0
20551.0
20562.0
21430.0
23560.0
28349.0
35025.0
39800.0
41178.0
41286.0
41596.0
40212.0
40239.0
41626.0
41826.0
41431.0
40670.0
39726.0
40675.0
42108.0
40259.0
35654.0
32318.0
29025.0
27537.0
26655.0
26399.0
26862.0
28162.0
32061.0
38766.0
44187.0
45854.0
46467.0
45604.0
42354.0
42104.0
42273.0
42588.0
42479.0
40766.0
40252.0
41161.0
42476.0
40633.0
36426.0
32562.0
29235.0
27276.0
26068.0
25931.0
26503.0
28014.0
31849.0
38716.0
43914.0
45484.0
46069.0
45711.0
42756.0
42031.0
43185.0
43153.0
43358.0
41734.0
40692.0
41314.0
42757.0
40905.0
36417.0
32801.0
29344.0
27524.0
26506.0
26444.0
26605.0
28250.0
32001.0
38225.0
42597.0
44035.0
43387.0
42892.0
40474.0
40227.0
40638.0
40697.0
39896.0
38889.0
38628.0
39293.0
40775.0
39855.0
35748.0
32424.0
29287.0
27255.0
26176.0
25615.0
25641.0
25772.0
26481.0
30578.0
34135.0
36300.0
36759.0
36543.0
35593.0
33994.0
33650.0
33129.0
33136.0
33395.0
33260.0
33706.0
34383.0
32637.0
30276.0
27599.0
25196.0
23243.0
22299.0
21615.0
21552.0
21772.0
21166.0
22706.0
25041.0
26789.0
28379.0
29308.0
30185.0
28123.0
27170.0
27141.0
26770.0
26439.0
26902.0
28111.0
30513.0
31013.0
28911.0
26461.0
24344.0
22884.0
22129.0
22062.0
22572.0
23690.0
28027.0
35055.0
40905.0
42731.0
42761.0
42578.0
39971.0
40242.0
41240.0
41395.0
41085.0
39912.0
38643.0
39065.0
40208.0
39048.0
34579.0
31310.0
28208.0
26450.0
25478.0
25523.0
25552.0
26988.0
30929.0
37179.0
42283.0
43012.0
42678.0
43328.0
41286.0
41508.0
43017.0
42385.0
41784.0
40010.0
38909.0
39791.0
40997.0
40110.0
35896.0
32269.0
29290.0
27598.0
26567.0
26446.0
26680.0
27940.0
31496.0
37721.0
42375.0
43366.0
42950.0
42430.0
39578.0
39366.0
41053.0
41511.0
41474.0
40352.0
39294.0
40142.0
41630.0
40374.0
35934.0
32268.0
29031.0
27180.0
26146.0
25927.0
26139.0
27278.0
31120.0
37263.0
41887.0
43618.0
43819.0
43694.0
41070.0
41451.0
42763.0
42639.0
43147.0
41919.0
40863.0
41456.0
41664.0
39912.0
35893.0
32151.0
29216.0
27304.0
26161.0
26067.0
26342.0
27417.0
31173.0
37466.0
42426.0
43716.0
43637.0
44150.0
42048.0
40620.0
41091.0
41722.0
41120.0
40509.0
39953.0
40499.0
41026.0
39441.0
35453.0
31956.0
29190.0
26877.0
25433.0
24919.0
25014.0
25140.0
25863.0
29571.0
32948.0
35292.0
35518.0
34569.0
32649.0
30870.0
30621.0
30351.0
30384.0
30882.0
31301.0
32122.0
33287.0
32954.0
30565.0
28278.0
25672.0
23380.0
22406.0
21883.0
21510.0
21434.0
20837.0
22530.0
25179.0
26981.0
27885.0
28238.0
28557.0
27319.0
26903.0
26773.0
26452.0
26580.0
27042.0
28330.0
30363.0
30932.0
29138.0
26536.0
24406.0
23019.0
22296.0
21960.0
22452.0
23807.0
27829.0
34789.0
39986.0
41807.0
41715.0
41705.0
38952.0
39254.0
40587.0
41760.0
41859.0
40514.0
39315.0
39256.0
40112.0
39297.0
35456.0
31819.0
28642.0
26599.0
25594.0
24990.0
25267.0
26302.0
29967.0
36356.0
41152.0
42865.0
43203.0
43527.0
41259.0
41113.0
41761.0
41961.0
42084.0
40212.0
38760.0
39430.0
40237.0
39794.0
35844.0
32103.0
28743.0
26721.0
25866.0
25476.0
25636.0
26540.0
30021.0
36489.0
41282.0
42676.0
43127.0
43366.0
40868.0
40763.0
41689.0
42492.0
42374.0
40997.0
39720.0
39883.0
40709.0
40253.0
36261.0
32857.0
29506.0
27667.0
26705.0
26308.0
26702.0
27717.0
31285.0
37659.0
42592.0
44539.0
44854.0
44404.0
42010.0
41929.0
43194.0
43413.0
43477.0
42003.0
41243.0
41230.0
41801.0
41121.0
37094.0
33415.0
30587.0
28580.0
27346.0
27115.0
27261.0
27930.0
31408.0
37676.0
42801.0
44556.0
44335.0
44990.0
42840.0
41998.0
42767.0
42235.0
42389.0
41005.0
39702.0
39629.0
39602.0
39112.0
35318.0
32298.0
29184.0
27079.0
25556.0
25182.0
25066.0
24864.0
25930.0
29759.0
33260.0
35044.0
35257.0
34616.0
33508.0
31909.0
31778.0
31712.0
31288.0
31075.0
31152.0
31600.0
31904.0
31960.0
29877.0
27380.0
25147.0
23165.0
21981.0
21402.0
21472.0
21236.0
20622.0
22538.0
25239.0
27592.0
28808.0
29494.0
29180.0
27380.0
26921.0
26622.0
26112.0
26218.0
26500.0
27321.0
29232.0
30476.0
28544.0
25822.0
23561.0
22062.0
21657.0
21635.0
22090.0
23424.0
27909.0
34683.0
39830.0
41338.0
41781.0
42235.0
39873.0
40108.0
41645.0
42199.0
42301.0
40997.0
39902.0
40165.0
40697.0
40460.0
36431.0
32725.0
29485.0
27755.0
26934.0
26636.0
26907.0
27529.0
31284.0
38030.0
42953.0
44612.0
44537.0
44396.0
42021.0
42200.0
44038.0
44695.0
44818.0
43892.0
42130.0
41463.0
41547.0
41221.0
37468.0
33936.0
31087.0
29222.0
28162.0
27843.0
28064.0
28898.0
32671.0
38903.0
44061.0
45873.0
45380.0
45406.0
43847.0
43965.0
45126.0
45696.0
45785.0
44500.0
43120.0
42243.0
42274.0
42108.0
38152.0
34620.0
31304.0
29463.0
28235.0
27563.0
27359.0
28248.0
32278.0
38821.0
44178.0
46021.0
45981.0
45937.0
43116.0
42683.0
43858.0
44382.0
44290.0
42473.0
41243.0
41011.0
40968.0
40952.0
37387.0
33973.0
30593.0
28346.0
27325.0
26795.0
27014.0
27896.0
31628.0
38507.0
43414.0
44924.0
44802.0
44528.0
42319.0
42150.0
43503.0
43330.0
43223.0
41554.0
40637.0
40433.0
40559.0
40183.0
36669.0
33617.0
29985.0
27753.0
26407.0
25810.0
25640.0
25070.0
26336.0
30379.0
34236.0
36251.0
36410.0
35797.0
34486.0
32981.0
32451.0
32280.0
32310.0
32426.0
32739.0
33249.0
33237.0
33399.0
31136.0
28484.0
26173.0
23989.0
22764.0
22217.0
22256.0
21835.0
21350.0
23374.0
25872.0
27859.0
28961.0
29223.0
29333.0
28337.0
27816.0
27639.0
27666.0
28285.0
28948.0
30495.0
31494.0
32914.0
31133.0
28211.0
25566.0
23800.0
23423.0
23051.0
23397.0
24453.0
29055.0
36137.0
41494.0
43405.0
44173.0
44623.0
42539.0
42745.0
43927.0
44671.0
44977.0
43712.0
42560.0
42112.0
41769.0
41806.0
38133.0
34135.0
31039.0
29401.0
28269.0
27888.0
28243.0
28868.0
32952.0
39472.0
44489.0
46616.0
47326.0
47876.0
45905.0
45404.0
47005.0
47212.0
47115.0
45976.0
44171.0
43328.0
42924.0
42675.0
39425.0
35393.0
32194.0
29791.0
28631.0
28113.0
28299.0
29055.0
32808.0
39724.0
45205.0
47644.0
48168.0
48102.0
46127.0
45735.0
47060.0
47405.0
47668.0
46173.0
44732.0
44176.0
43156.0
43061.0
39529.0
35977.0
31540.0
29409.0
28291.0
27800.0
27738.0
28224.0
31900.0
38099.0
43053.0
44847.0
45223.0
45457.0
43924.0
44011.0
45594.0
45793.0
45608.0
44019.0
42334.0
41711.0
40838.0
40432.0
36993.0
33820.0
30745.0
28680.0
27179.0
26409.0
25699.0
24509.0
23961.0
26613.0
28955.0
30549.0
31404.0
31963.0
32099.0
30923.0
29422.0
29520.0
30448.0
31227.0
31433.0
32362.0
32825.0
33381.0
31410.0
28992.0
26347.0
24558.0
23601.0
23137.0
23217.0
23405.0
24626.0
27109.0
30111.0
32329.0
33202.0
33646.0
33394.0
32559.0
32060.0
32075.0
33160.0
33387.0
33690.0
34458.0
34388.0
34293.0
31992.0
29574.0
27026.0
25204.0
24061.0
23431.0
23185.0
22476.0
22307.0
24108.0
26373.0
28080.0
29707.0
30350.0
30511.0
28914.0
27835.0
27938.0
27995.0
28604.0
29464.0
30906.0
31933.0
33107.0
31594.0
28626.0
25947.0
24434.0
23698.0
23562.0
23972.0
25077.0
29876.0
36476.0
42518.0
44753.0
45606.0
46033.0
44023.0
43614.0
44831.0
44532.0
45614.0
44569.0
43023.0
42472.0
41987.0
41286.0
37753.0
34240.0
31234.0
29374.0
28221.0
27849.0
28136.0
29019.0
32680.0
39328.0
44671.0
47096.0
47762.0
48369.0
45732.0
45271.0
46499.0
46536.0
46365.0
44536.0
42565.0
41418.0
40891.0
40405.0
37158.0
33781.0
30554.0
28965.0
27851.0
27437.0
27594.0
28115.0
31989.0
37657.0
42760.0
44480.0
45145.0
45573.0
43707.0
43299.0
44382.0
44628.0
44725.0
43635.0
41794.0
41499.0
40943.0
40919.0
37770.0
34202.0
30907.0
28942.0
27915.0
27426.0
27693.0
27895.0
31548.0
37657.0
42717.0
44420.0
44622.0
45147.0
42882.0
42805.0
43602.0
44362.0
44244.0
42998.0
41611.0
41458.0
41231.0
41449.0
38212.0
35027.0
31902.0
29722.0
28771.0
28274.0
28524.0
28902.0
32257.0
38330.0
43377.0
45202.0
45821.0
46022.0
43879.0
43707.0
44805.0
44713.0
44615.0
43845.0
42553.0
42391.0
41616.0
41346.0
38360.0
35315.0
32093.0
29675.0
28521.0
27700.0
27432.0
26894.0
27984.0
31489.0
34847.0
36939.0
37691.0
37253.0
35666.0
33893.0
33270.0
33094.0
33798.0
34068.0
34953.0
35350.0
35146.0
35139.0
33265.0
30692.0
28095.0
25845.0
24423.0
23862.0
23734.0
22774.0
22743.0
24458.0
26495.0
28568.0
30077.0
30311.0
30646.0
29787.0
29080.0
28843.0
28877.0
29395.0
30281.0
31646.0
32654.0
33762.0
32643.0
29892.0
27129.0
25324.0
24653.0
24522.0
25006.0
25947.0
30827.0
36909.0
42819.0
45575.0
46482.0
46973.0
45642.0
45487.0
46816.0
47601.0
47847.0
46734.0
45331.0
44810.0
43934.0
43845.0
40727.0
36763.0
33475.0
31448.0
30378.0
29920.0
29914.0
30357.0
34182.0
40240.0
45771.0
48397.0
49457.0
50016.0
48216.0
48232.0
49284.0
49838.0
50231.0
48989.0
47499.0
46775.0
45692.0
45202.0
41819.0
38083.0
34704.0
32465.0
31333.0
30856.0
30852.0
31482.0
35214.0
41610.0
47594.0
50284.0
51442.0
52343.0
50328.0
50333.0
51002.0
52102.0
52470.0
51183.0
49098.0
47732.0
46292.0
45317.0
41863.0
37990.0
34915.0
32972.0
31725.0
31237.0
31272.0
31620.0
35181.0
41476.0
47493.0
50224.0
51115.0
51430.0
49471.0
49380.0
50831.0
51131.0
51745.0
50540.0
48681.0
47502.0
46029.0
45748.0
42719.0
39259.0
36223.0
33818.0
32485.0
31803.0
31750.0
32086.0
35658.0
42117.0
47984.0
50850.0
52136.0
52759.0
50442.0
50188.0
51497.0
51916.0
51735.0
50706.0
49201.0
48342.0
46966.0
46198.0
43190.0
39775.0
36577.0
33914.0
32456.0
31562.0
31122.0
30315.0
31112.0
34964.0
38585.0
41313.0
42239.0
42292.0
41021.0
39716.0
38295.0
38272.0
38687.0
39121.0
39507.0
39663.0
38705.0
38683.0
36718.0
33990.0
31003.0
28799.0
27259.0
26232.0
25957.0
25064.0
24622.0
26303.0
28235.0
29699.0
31116.0
31747.0
31714.0
30430.0
30067.0
29961.0
30152.0
30851.0
31534.0
32396.0
32897.0
34216.0
33267.0
30558.0
28079.0
26334.0
25378.0
25016.0
25472.0
26527.0
31003.0
37574.0
43665.0
46377.0
46913.0
47294.0
45883.0
46192.0
47713.0
48377.0
48576.0
47608.0
45984.0
45335.0
44398.0
44166.0
41559.0
37942.0
34742.0
32508.0
31308.0
30692.0
30896.0
31172.0
34804.0
41110.0
47062.0
49782.0
50829.0
51627.0
49985.0
49773.0
51023.0
51474.0
51920.0
50587.0
48951.0
47688.0
46065.0
45631.0
42951.0
39531.0
35489.0
33126.0
31782.0
31054.0
31061.0
31442.0
35508.0
42005.0
47787.0
50766.0
52039.0
53077.0
51451.0
51389.0
52835.0
53519.0
53645.0
52684.0
51244.0
49679.0
48026.0
47613.0
44475.0
40588.0
36973.0
34441.0
33316.0
32571.0
32613.0
32927.0
36371.0
42536.0
48427.0
51287.0
52465.0
53588.0
52301.0
52342.0
53546.0
54242.0
54740.0
53347.0
51579.0
50354.0
48856.0
48408.0
45078.0
41675.0
38185.0
35863.0
34402.0
33684.0
33449.0
33789.0
37341.0
43328.0
49498.0
52597.0
54018.0
55069.0
53683.0
53638.0
54590.0
54772.0
54947.0
53788.0
51727.0
50359.0
48493.0
47903.0
44959.0
41803.0
38070.0
35610.0
34052.0
33047.0
32693.0
31814.0
32474.0
36040.0
39578.0
42377.0
43539.0
43829.0
43035.0
41941.0
41433.0
41157.0
41883.0
42753.0
42954.0
43069.0
42039.0
41814.0
39827.0
36905.0
33917.0
31702.0
30191.0
29316.0
29219.0
28457.0
28025.0
29557.0
31536.0
33495.0
34433.0
35095.0
35098.0
34125.0
33476.0
33807.0
34285.0
34622.0
35334.0
35836.0
35604.0
36632.0
35638.0
32942.0
30559.0
28594.0
27486.0
27049.0
27300.0
28268.0
32971.0
39643.0
45857.0
49169.0
50459.0
51663.0
50561.0
50764.0
52106.0
53050.0
53759.0
51875.0
49653.0
48056.0
46167.0
45729.0
42574.0
39287.0
35988.0
33612.0
32145.0
31482.0
31375.0
31925.0
35797.0
42150.0
48216.0
51480.0
52804.0
54485.0
52429.0
51850.0
53126.0
53714.0
53046.0
51339.0
49707.0
48146.0
46508.0
46160.0
43181.0
39737.0
36051.0
33843.0
32544.0
31836.0
31832.0
32284.0
35953.0
41682.0
48320.0
52056.0
52685.0
53804.0
52743.0
53385.0
55474.0
53894.0
53510.0
51773.0
48982.0
47038.0
44711.0
43692.0
40359.0
36883.0
33609.0
31760.0
30477.0
30041.0
30034.0
30373.0
33374.0
39637.0
45251.0
47646.0
48388.0
48746.0
47096.0
46933.0
47655.0
47904.0
48515.0
47030.0
45556.0
44553.0
43105.0
42899.0
39983.0
36898.0
33832.0
31696.0
30410.0
29956.0
30061.0
30407.0
33600.0
39620.0
44894.0
47191.0
48561.0
49184.0
46924.0
46672.0
48092.0
48148.0
47864.0
46474.0
45120.0
44038.0
42466.0
41790.0
38781.0
35788.0
32812.0
30749.0
29324.0
28800.0
28457.0
27804.0
28526.0
31653.0
34971.0
37028.0
37650.0
37554.0
36786.0
35449.0
34514.0
33517.0
34072.0
34324.0
34979.0
35348.0
34871.0
35019.0
33450.0
30878.0
27980.0
25986.0
24701.0
24116.0
23764.0
22933.0
22626.0
24226.0
26106.0
28066.0
29673.0
30030.0
30462.0
29679.0
28881.0
28570.0
28374.0
28964.0
29632.0
30747.0
31309.0
32645.0
31992.0
29535.0
26944.0
25204.0
24274.0
23940.0
24319.0
25516.0
30096.0
36359.0
42099.0
45075.0
46063.0
46710.0
45073.0
45325.0
46606.0
46967.0
46967.0
45931.0
44274.0
43760.0
42889.0
42853.0
39953.0
36815.0
33051.0
30832.0
29643.0
29138.0
29379.0
29894.0
33389.0
39384.0
45285.0
47998.0
48625.0
49465.0
47835.0
47676.0
48455.0
48715.0
49134.0
48022.0
46560.0
45610.0
44594.0
44357.0
41475.0
38127.0
34643.0
32390.0
30977.0
30703.0
30648.0
31209.0
34958.0
40798.0
46605.0
49278.0
50641.0
51471.0
49963.0
49616.0
50516.0
51054.0
51250.0
50148.0
48545.0
47729.0
46404.0
46124.0
43440.0
39554.0
35612.0
33477.0
31915.0
31249.0
31232.0
31698.0
34986.0
41026.0
46676.0
49769.0
51204.0
52351.0
51178.0
51289.0
52391.0
52818.0
53077.0
51852.0
50445.0
49655.0
47990.0
47438.0
44791.0
41402.0
37383.0
34684.0
33091.0
32318.0
32319.0
32733.0
35962.0
42302.0
48168.0
51323.0
52941.0
53803.0
52645.0
52621.0
53719.0
53764.0
53890.0
52669.0
51216.0
50135.0
48496.0
47818.0
44863.0
41241.0
37608.0
35044.0
33456.0
32461.0
32024.0
31412.0
32000.0
35259.0
38647.0
41136.0
42504.0
43038.0
42383.0
41333.0
40683.0
40598.0
41051.0
41544.0
42193.0
42444.0
41690.0
41770.0
39705.0
37023.0
34020.0
31545.0
29998.0
28974.0
28537.0
27650.0
26896.0
28719.0
30824.0
32795.0
34138.0
35117.0
35963.0
35563.0
35166.0
35121.0
35131.0
35964.0
36709.0
37482.0
38189.0
39810.0
38516.0
35568.0
32622.0
30718.0
29116.0
28379.0
28627.0
29700.0
33915.0
40738.0
47377.0
51013.0
52576.0
53513.0
52207.0
52594.0
54112.0
54303.0
54942.0
53113.0
51242.0
49795.0
48653.0
48117.0
44671.0
40946.0
37273.0
34634.0
33038.0
32179.0
32307.0
32913.0
35993.0
42414.0
48850.0
51999.0
53496.0
54467.0
53505.0
53544.0
54881.0
55676.0
55866.0
53801.0
51522.0
49424.0
47609.0
47125.0
44173.0
40916.0
37514.0
35244.0
33759.0
33074.0
32910.0
33475.0
36438.0
42692.0
48947.0
52389.0
53670.0
54639.0
53306.0
53587.0
54625.0
54880.0
54926.0
53945.0
51985.0
50370.0
48754.0
48543.0
45609.0
42113.0
38494.0
36060.0
34413.0
33540.0
33489.0
33978.0
37256.0
43606.0
49563.0
52792.0
54037.0
54958.0
53426.0
53751.0
55448.0
56263.0
56207.0
54422.0
52506.0
51132.0
49677.0
49251.0
46247.0
42906.0
39512.0
36760.0
35015.0
34159.0
33837.0
34498.0
37600.0
44077.0
50198.0
52928.0
53833.0
53797.0
51807.0
51835.0
52642.0
52036.0
51741.0
50582.0
48794.0
47321.0
45580.0
45164.0
42488.0
39625.0
36656.0
34032.0
32371.0
31929.0
31465.0
31386.0
31760.0
34952.0
38479.0
40707.0
41158.0
40828.0
39457.0
38322.0
37961.0
37903.0
37873.0
37818.0
38519.0
38509.0
37843.0
37811.0
35594.0
33057.0
30536.0
28346.0
27144.0
26168.0
25773.0
25167.0
24242.0
25839.0
28059.0
29697.0
30862.0
31470.0
31439.0
30834.0
30303.0
29750.0
29514.0
30214.0
30961.0
31743.0
32342.0
33704.0
32378.0
29926.0
27367.0
25734.0
25001.0
24758.0
25162.0
26538.0
30958.0
37784.0
43668.0
46242.0
47044.0
47407.0
45333.0
45552.0
47248.0
47764.0
47833.0
47139.0
45363.0
44506.0
43689.0
43671.0
40406.0
37075.0
33835.0
31567.0
30764.0
29963.0
30067.0
30931.0
34059.0
40640.0
46524.0
49234.0
50342.0
50981.0
49196.0
49368.0
50298.0
50382.0
50739.0
49907.0
48680.0
47573.0
46363.0
46123.0
42750.0
39416.0
35649.0
33353.0
31919.0
31287.0
31226.0
32323.0
35506.0
42022.0
47346.0
50482.0
51682.0
52573.0
50260.0
50397.0
51738.0
51988.0
52280.0
51102.0
49456.0
48393.0
47026.0
46523.0
43214.0
39784.0
36260.0
33919.0
32469.0
31927.0
31787.0
32648.0
35640.0
42061.0
47858.0
51020.0
51778.0
52571.0
50526.0
50870.0
51874.0
51891.0
52573.0
51696.0
50097.0
49018.0
47570.0
47112.0
43806.0
40529.0
37033.0
34554.0
33157.0
32293.0
32378.0
33451.0
36813.0
42820.0
48592.0
51826.0
52979.0
53319.0
51812.0
52072.0
53205.0
53194.0
53418.0
52140.0
50287.0
48994.0
47535.0
46608.0
42908.0
39595.0
36311.0
33595.0
32074.0
31105.0
30641.0
30472.0
31213.0
34755.0
38154.0
40579.0
41790.0
42065.0
41027.0
40046.0
39633.0
39322.0
39823.0
40518.0
41010.0
41380.0
40974.0
40985.0
38557.0
36116.0
33478.0
31259.0
29593.0
28578.0
28169.0
27735.0
27041.0
29087.0
31187.0
33374.0
34683.0
35655.0
36237.0
35682.0
35493.0
35735.0
35844.0
36706.0
37732.0
38599.0
39337.0
40651.0
39091.0
36228.0
33274.0
30954.0
29822.0
29207.0
29153.0
31089.0
35318.0
41841.0
48241.0
51224.0
52284.0
52588.0
51981.0
52455.0
54158.0
53373.0
52908.0
50416.0
47793.0
45897.0
44890.0
44510.0
41061.0
37789.0
34737.0
32345.0
31000.0
30418.0
30439.0
31413.0
34128.0
40406.0
46020.0
48910.0
49695.0
50121.0
48981.0
48927.0
50289.0
50581.0
50638.0
48967.0
46729.0
45312.0
44428.0
43777.0
40109.0
36809.0
33695.0
31551.0
30562.0
30042.0
30143.0
31248.0
34349.0
39995.0
45631.0
48291.0
48738.0
49066.0
47636.0
47727.0
48552.0
49822.0
49083.0
46992.0
45442.0
44733.0
43776.0
43276.0
39971.0
36730.0
33693.0
31545.0
30349.0
29618.0
29678.0
30953.0
33914.0
40044.0
45482.0
47744.0
48645.0
48976.0
47407.0
47107.0
48732.0
49355.0
49298.0
48097.0
46117.0
45293.0
44499.0
44322.0
40795.0
37561.0
34192.0
32108.0
30740.0
30107.0
30231.0
31230.0
34654.0
40618.0
46296.0
48839.0
49764.0
50149.0
48536.0
48281.0
49164.0
49659.0
49456.0
48290.0
46935.0
46160.0
45097.0
44320.0
41061.0
38038.0
35088.0
33072.0
31761.0
30884.0
30627.0
30733.0
31152.0
34446.0
38195.0
40691.0
41340.0
41314.0
40166.0
38865.0
38297.0
38431.0
38950.0
39714.0
40394.0
40540.0
40015.0
39511.0
36962.0
34270.0
31827.0
30097.0
28525.0
27412.0
27022.0
26886.0
26059.0
27506.0
29758.0
31627.0
32969.0
33570.0
33493.0
33251.0
33161.0
33108.0
33447.0
34355.0
35454.0
36367.0
37338.0
38075.0
35960.0
33206.0
30223.0
28407.0
27189.0
26934.0
27212.0
28774.0
32380.0
38405.0
44725.0
48092.0
49621.0
50628.0
49789.0
50244.0
51744.0
52030.0
52273.0
51242.0
49478.0
48501.0
47986.0
47572.0
43947.0
40469.0
36910.0
34259.0
32585.0
31765.0
31730.0
32856.0
35369.0
40817.0
46769.0
50517.0
52451.0
53643.0
53248.0
53671.0
54945.0
54901.0
55052.0
53983.0
52395.0
51244.0
50769.0
50066.0
46213.0
42630.0
38843.0
36101.0
34634.0
33696.0
33442.0
34555.0
36722.0
42338.0
48250.0
52130.0
53831.0
55202.0
54698.0
55305.0
56140.0
56231.0
56109.0
54861.0
53556.0
52233.0
51593.0
50887.0
47374.0
43585.0
39862.0
37227.0
35487.0
34584.0
34048.0
34840.0
37106.0
42336.0
48145.0
51998.0
53897.0
55189.0
54958.0
55402.0
56406.0
56454.0
56584.0
55625.0
53928.0
52924.0
52322.0
51985.0
48369.0
44368.0
40267.0
37659.0
36172.0
35250.0
34646.0
35491.0
37417.0
42251.0
47601.0
51474.0
53029.0
54413.0
54066.0
54170.0
54769.0
54562.0
54315.0
53597.0
52357.0
51183.0
50565.0
49842.0
46192.0
42466.0
38782.0
36214.0
34393.0
33231.0
32455.0
32349.0
31887.0
34089.0
37689.0
40761.0
42472.0
43611.0
44022.0
43737.0
43482.0
43418.0
43738.0
43850.0
44161.0
44141.0
44270.0
43740.0
40934.0
37956.0
35542.0
33274.0
31622.0
30506.0
29848.0
29820.0
28526.0
29732.0
32143.0
34753.0
36121.0
37503.0
38498.0
38235.0
37629.0
37314.0
36720.0
36916.0
36670.0
37117.0
38332.0
38878.0
36928.0
34460.0
32135.0
30046.0
28769.0
28088.0
27794.0
28480.0
30274.0
34547.0
39554.0
42415.0
43264.0
43993.0
43805.0
44325.0
45299.0
45725.0
45977.0
45207.0
43925.0
43079.0
43318.0
42927.0
40102.0
37084.0
34177.0
31742.0
30267.0
29333.0
29092.0
29824.0
31050.0
34723.0
39102.0
42270.0
43888.0
44675.0
44734.0
44883.0
45604.0
45579.0
45799.0
45568.0
44500.0
43639.0
43446.0
42582.0
39709.0
36374.0
33501.0
31342.0
29815.0
29034.0
28631.0
29441.0
30888.0
34723.0
39120.0
42561.0
44098.0
45357.0
45632.0
45667.0
46270.0
46467.0
46619.0
45955.0
44921.0
44180.0
44359.0
43321.0
40349.0
37028.0
33877.0
31744.0
30208.0
29074.0
28628.0
29231.0
30303.0
33645.0
37866.0
41059.0
42478.0
43575.0
43592.0
43316.0
44950.0
44869.0
43488.0
42186.0
41298.0
40892.0
41053.0
39861.0
36761.0
33993.0
31380.0
29219.0
27866.0
27077.0
26878.0
27538.0
28538.0
31497.0
35499.0
37791.0
38252.0
38787.0
37904.0
37157.0
37280.0
36644.0
36899.0
36726.0
35922.0
35615.0
35768.0
34777.0
31896.0
29180.0
26797.0
25042.0
23999.0
23368.0
23152.0
23660.0
23613.0
25130.0
27601.0
29340.0
29836.0
30461.0
31052.0
30335.0
30303.0
29682.0
30113.0
30034.0
30780.0
31286.0
32081.0
31476.0
28893.0
26426.0
24157.0
22521.0
21354.0
20819.0
20646.0
21102.0
20305.0
21433.0
23623.0
25624.0
27074.0
27545.0
27407.0
26384.0
26185.0
26002.0
26541.0
26584.0
27417.0
28838.0
30959.0
30868.0
28687.0
26290.0
24139.0
22540.0
21464.0
20964.0
21043.0
22240.0
22584.0
24650.0
27444.0
29216.0
30152.0
30451.0
30840.0
30488.0
30165.0
30349.0
30612.0
30960.0
31528.0
32128.0
33223.0
32447.0
29825.0
27534.0
25167.0
23424.0
22347.0
21742.0
21540.0
21979.0
21373.0
22579.0
24646.0
26312.0
27286.0
27519.0
27503.0
26726.0
26456.0
26513.0
26889.0
27454.0
27889.0
28843.0
31137.0
31234.0
29374.0
27227.0
25059.0
23472.0
22408.0
21768.0
21765.0
22829.0
23729.0
26094.0
29525.0
31586.0
33102.0
33266.0
33506.0
34148.0
34380.0
34575.0
34679.0
34854.0
34876.0
35366.0
36688.0
35366.0
32666.0
29906.0
27222.0
25269.0
24081.0
23294.0
23220.0
24059.0
24825.0
27142.0
30538.0
32910.0
34209.0
34941.0
35497.0
35501.0
35688.0
35792.0
36432.0
36387.0
36599.0
36965.0
38435.0
37020.0
33894.0
31003.0
28298.0
26460.0
25182.0
24455.0
24336.0
25120.0
25919.0
28113.0
31574.0
34219.0
35706.0
36439.0
37112.0
37186.0
37225.0
37209.0
37673.0
37870.0
38104.0
38407.0
39518.0
37971.0
34866.0
31939.0
29223.0
27066.0
25809.0
25191.0
24801.0
25280.0
25507.0
27054.0
29301.0
31339.0
32504.0
33270.0
33435.0
33302.0
33288.0
32907.0
33346.0
33884.0
34589.0
35549.0
36744.0
35056.0
32303.0
29701.0
27232.0
25293.0
24098.0
23310.0
22855.0
22880.0
22361.0
23243.0
25423.0
27606.0
28745.0
29410.0
29839.0
29133.0
29013.0
28776.0
29010.0
29102.0
29686.0
31137.0
33353.0
32456.0
30234.0
27638.0
25328.0
23814.0
22847.0
22383.0
22396.0
23847.0
25923.0
28900.0
33280.0
36018.0
36777.0
36924.0
36677.0
36495.0
36955.0
37179.0
37314.0
37220.0
36687.0
36723.0
38144.0
36412.0
33283.0
30553.0
27824.0
26133.0
25134.0
24818.0
24852.0
26097.0
28272.0
31376.0
35447.0
37686.0
38061.0
38123.0
37490.0
36143.0
37300.0
37563.0
38145.0
38057.0
37701.0
38052.0
39287.0
37199.0
34061.0
31173.0
28517.0
26826.0
25899.0
25379.0
25356.0
26697.0
28747.0
31697.0
35732.0
38317.0
38916.0
39296.0
38834.0
38503.0
38737.0
39032.0
39482.0
39197.0
38989.0
39095.0
40479.0
38204.0
35027.0
32278.0
29343.0
27741.0
26399.0
25959.0
26031.0
27262.0
29312.0
32276.0
36607.0
39216.0
40057.0
40621.0
40079.0
39854.0
40430.0
41148.0
41481.0
40916.0
40190.0
40494.0
41775.0
39101.0
35740.0
32997.0
30182.0
28332.0
27296.0
26683.0
26822.0
27876.0
30323.0
33691.0
38190.0
40820.0
41552.0
42380.0
41980.0
41774.0
41848.0
41968.0
42506.0
42166.0
41984.0
42103.0
43130.0
40461.0
36973.0
34089.0
31309.0
29593.0
28129.0
27363.0
26947.0
27267.0
27911.0
29671.0
32739.0
34999.0
36305.0
36541.0
36537.0
35539.0
35557.0
35437.0
36415.0
37124.0
37865.0
38362.0
40082.0
37423.0
34698.0
32326.0
29974.0
27899.0
26429.0
25755.0
25270.0
25349.0
25053.0
25841.0
28201.0
30425.0
31839.0
32841.0
33650.0
33433.0
33451.0
33343.0
33869.0
34502.0
35331.0
36534.0
39305.0
38050.0
35725.0
33025.0
30178.0
28417.0
27387.0
26926.0
27247.0
29068.0
32859.0
37345.0
43487.0
46946.0
48474.0
49769.0
48098.0
48514.0
49183.0
50082.0
50940.0
49990.0
47998.0
47218.0
47977.0
45239.0
41411.0
37934.0
34966.0
33022.0
31724.0
31220.0
31221.0
32283.0
35412.0
39661.0
45512.0
48750.0
49499.0
50163.0
48368.0
48887.0
50381.0
50943.0
51031.0
49835.0
48062.0
47777.0
48764.0
45674.0
41541.0
38019.0
35075.0
33004.0
31784.0
31095.0
30987.0
32287.0
35685.0
39952.0
45877.0
48756.0
49966.0
50686.0
49125.0
49239.0
50582.0
51246.0
51691.0
50529.0
48890.0
48618.0
49406.0
46131.0
42174.0
38639.0
35669.0
33716.0
32350.0
31684.0
31659.0
32898.0
36349.0
41048.0
46745.0
49911.0
51392.0
52418.0
50722.0
50370.0
51350.0
51878.0
52234.0
50517.0
48680.0
48696.0
49485.0
46111.0
42151.0
38706.0
36256.0
33968.0
32868.0
32155.0
32084.0
33384.0
37415.0
41777.0
47035.0
50428.0
51492.0
52983.0
50303.0
49197.0
49712.0
49197.0
49263.0
48656.0
45904.0
45558.0
46201.0
42837.0
39017.0
36067.0
33376.0
31257.0
29821.0
28945.0
28779.0
29115.0
30170.0
32452.0
35508.0
37938.0
38827.0
38347.0
37200.0
35630.0
35661.0
34488.0
35022.0
35010.0
34785.0
35886.0
37048.0
34264.0
31807.0
29257.0
26846.0
25068.0
24113.0
23739.0
23456.0
23765.0
23625.0
23864.0
26007.0
28639.0
30063.0
30524.0
30414.0
29420.0
28357.0
28418.0
28689.0
28901.0
29623.0
31797.0
34634.0
33081.0
31201.0
28586.0
25837.0
24466.0
23773.0
23691.0
24135.0
26467.0
31335.0
36210.0
42276.0
44067.0
44390.0
44428.0
42556.0
42018.0
43781.0
44563.0
44902.0
43976.0
42598.0
43330.0
44700.0
41566.0
37650.0
34435.0
31975.0
30164.0
29185.0
28680.0
28899.0
30492.0
34663.0
39184.0
44913.0
46896.0
47552.0
47764.0
45419.0
45528.0
46824.0
47515.0
47721.0
46626.0
44827.0
45470.0
46600.0
42999.0
39116.0
35588.0
32716.0
30837.0
29845.0
29386.0
29510.0
31169.0
35295.0
40084.0
45299.0
47349.0
48299.0
48771.0
46728.0
46614.0
47886.0
47729.0
48250.0
47049.0
45605.0
46458.0
47114.0
43155.0
39062.0
35953.0
32900.0
30965.0
29996.0
29763.0
29977.0
31356.0
35759.0
40494.0
45842.0
47531.0
48390.0
48837.0
46637.0
46444.0
47897.0
49514.0
49794.0
47900.0
45752.0
46555.0
46768.0
42729.0
38603.0
35380.0
32575.0
30802.0
29672.0
29220.0
29314.0
31040.0
35498.0
39825.0
45410.0
46962.0
47409.0
47088.0
44670.0
44172.0
45530.0
46311.0
46538.0
44973.0
43382.0
44511.0
44723.0
40880.0
37074.0
34108.0
31481.0
29464.0
28195.0
27699.0
27405.0
27944.0
29704.0
31709.0
34767.0
36593.0
36889.0
36567.0
34821.0
33249.0
32590.0
32374.0
32720.0
33329.0
34632.0
36859.0
36907.0
33864.0
31287.0
28981.0
26805.0
25298.0
24084.0
23523.0
23407.0
23693.0
24040.0
24538.0
26783.0
29620.0
31394.0
31908.0
31541.0
30065.0
28960.0
28638.0
28826.0
28727.0
29493.0
32330.0
33827.0
31524.0
29402.0
27064.0
24966.0
23553.0
22938.0
22769.0
23444.0
25578.0
30955.0
36139.0
41630.0
43899.0
44599.0
44507.0
42407.0
42616.0
43414.0
43783.0
42793.0
42262.0
40886.0
42263.0
42653.0
39409.0
35375.0
32248.0
29616.0
27971.0
27240.0
26997.0
27269.0
28523.0
33196.0
38406.0
44344.0
46745.0
46864.0
46612.0
43012.0
42810.0
43591.0
44719.0
44400.0
42723.0
41651.0
43553.0
43883.0
40372.0
36321.0
33081.0
30024.0
28438.0
27555.0
27439.0
27652.0
29154.0
33983.0
39104.0
44065.0
45638.0
45441.0
45546.0
42954.0
42874.0
44317.0
44681.0
45018.0
43544.0
42485.0
44423.0
44746.0
41066.0
36974.0
33786.0
30855.0
28959.0
28041.0
27754.0
28047.0
29682.0
34224.0
38965.0
44155.0
46158.0
46455.0
46044.0
43775.0
44541.0
45993.0
45602.0
45339.0
44047.0
42737.0
44526.0
44543.0
40934.0
36808.0
33236.0
30508.0
28901.0
27878.0
27570.0
27886.0
29625.0
34056.0
39148.0
43662.0
45111.0
45454.0
46036.0
43832.0
43359.0
44473.0
44987.0
44992.0
44045.0
43558.0
45543.0
44629.0
40923.0
36740.0
33533.0
30731.0
28917.0
27690.0
27069.0
26804.0
27400.0
29500.0
31845.0
34947.0
36544.0
36623.0
36687.0
34306.0
32321.0
31619.0
31614.0
31798.0
32909.0
34528.0
37940.0
37296.0
34123.0
31816.0
29331.0
26464.0
24390.0
23331.0
23021.0
22821.0
22966.0
23645.0
23792.0
26320.0
28369.0
29548.0
30502.0
30853.0
29457.0
27966.0
27972.0
27948.0
28253.0
29155.0
33087.0
34183.0
32009.0
29571.0
26886.0
24399.0
23000.0
22517.0
22281.0
22905.0
25170.0
31446.0
37106.0
42347.0
44307.0
44440.0
44262.0
42024.0
41630.0
43323.0
44332.0
44281.0
42831.0
41829.0
44098.0
43306.0
40015.0
35759.0
32200.0
29563.0
28010.0
27203.0
26657.0
26688.0
28344.0
33498.0
38948.0
44024.0
45827.0
46463.0
46371.0
44152.0
43664.0
44217.0
44203.0
44333.0
42863.0
41994.0
44872.0
44163.0
40390.0
36070.0
32380.0
29179.0
27538.0
26629.0
26501.0
26801.0
28509.0
33735.0
38923.0
43948.0
45674.0
45693.0
45591.0
42952.0
42108.0
42547.0
43204.0
43369.0
42131.0
40991.0
44210.0
43482.0
40186.0
36042.0
32529.0
29443.0
28002.0
27192.0
26732.0
26928.0
28409.0
33753.0
38713.0
43325.0
44151.0
44264.0
43913.0
40989.0
40848.0
42455.0
43037.0
43275.0
41945.0
41679.0
44576.0
44059.0
40359.0
36470.0
33092.0
30291.0
28760.0
27904.0
27671.0
27767.0
29365.0
34392.0
39053.0
43772.0
44931.0
44820.0
44384.0
41863.0
41433.0
42794.0
42731.0
42913.0
42005.0
41445.0
44642.0
43733.0
39975.0
36014.0
32905.0
30341.0
28515.0
27421.0
26547.0
26329.0
26645.0
29087.0
31362.0
34694.0
36241.0
35888.0
34986.0
33534.0
32019.0
31298.0
31775.0
31996.0
32497.0
33319.0
37162.0
36465.0
33412.0
30859.0
28369.0
26120.0
24359.0
23382.0
22788.0
22602.0
23110.0
23761.0
24088.0
26541.0
29096.0
31235.0
31923.0
30601.0
28471.0
27270.0
28341.0
28660.0
28922.0
29838.0
33993.0
34126.0
31789.0
29617.0
26905.0
24756.0
23307.0
22732.0
22773.0
23169.0
25588.0
31592.0
37232.0
42247.0
44193.0
44304.0
44391.0
42260.0
42550.0
43467.0
43517.0
43326.0
42263.0
41395.0
44592.0
43264.0
39951.0
36000.0
32656.0
30058.0
28350.0
27351.0
26890.0
27098.0
28690.0
34276.0
39210.0
44200.0
46122.0
46021.0
45549.0
42632.0
42163.0
43726.0
44095.0
44134.0
42836.0
42300.0
45697.0
44101.0
40767.0
36541.0
32648.0
29773.0
28412.0
27510.0
27286.0
27376.0
29013.0
34482.0
39690.0
44216.0
45707.0
45987.0
45491.0
42950.0
42492.0
43825.0
43835.0
43853.0
42744.0
42345.0
45769.0
44154.0
40646.0
36519.0
32947.0
30114.0
28430.0
27286.0
27077.0
27229.0
28935.0
34159.0
39360.0
43579.0
44883.0
44966.0
44735.0
42755.0
42626.0
43994.0
44045.0
44082.0
42842.0
42309.0
45744.0
43848.0
40525.0
36320.0
33004.0
30093.0
28066.0
27098.0
26799.0
26949.0
28667.0
34213.0
39215.0
43371.0
44783.0
44913.0
45059.0
42953.0
42142.0
43146.0
43303.0
43277.0
41787.0
41841.0
45223.0
43077.0
39317.0
35274.0
32134.0
29531.0
27748.0
26463.0
26094.0
25944.0
26643.0
28940.0
31456.0
34669.0
36324.0
36311.0
35573.0
34277.0
32716.0
32479.0
32105.0
32206.0
32644.0
34133.0
38173.0
36169.0
33384.0
31008.0
28563.0
26046.0
24331.0
23093.0
22490.0
22389.0
22828.0
23680.0
24190.0
25934.0
28330.0
29453.0
29912.0
29805.0
27950.0
27476.0
27445.0
27673.0
28011.0
29937.0
34296.0
33715.0
31778.0
29557.0
26835.0
24497.0
23573.0
22857.0
22652.0
23010.0
25392.0
31558.0
37291.0
42240.0
43708.0
43979.0
43874.0
41424.0
41403.0
42869.0
43276.0
43177.0
41806.0
41521.0
44886.0
42965.0
39469.0
35576.0
32319.0
29245.0
27521.0
26517.0
26127.0
26529.0
28519.0
33891.0
39474.0
43600.0
45023.0
45244.0
45503.0
43121.0
42823.0
44605.0
44299.0
43840.0
42719.0
42743.0
45716.0
43496.0
39812.0
35989.0
32442.0
29745.0
28066.0
26971.0
26837.0
27067.0
28730.0
34219.0
39593.0
43853.0
45489.0
45586.0
45199.0
43142.0
42868.0
43772.0
43884.0
43981.0
42862.0
42799.0
46185.0
43823.0
40357.0
36786.0
33159.0
30030.0
28435.0
27282.0
26887.0
27118.0
28877.0
34345.0
39476.0
43558.0
44944.0
44709.0
44900.0
42403.0
41773.0
43002.0
43715.0
43721.0
42360.0
42310.0
45477.0
43123.0
39798.0
36144.0
32615.0
29631.0
27720.0
26639.0
26369.0
26743.0
28437.0
33706.0
38982.0
43070.0
44253.0
43569.0
43885.0
41757.0
41521.0
42093.0
42308.0
42851.0
41678.0
41967.0
44601.0
42167.0
38640.0
34910.0
31557.0
28812.0
26919.0
25779.0
25262.0
24952.0
25369.0
27988.0
30442.0
33422.0
35480.0
35676.0
34629.0
32710.0
31044.0
30014.0
29853.0
30252.0
30681.0
32373.0
36705.0
35088.0
32202.0
30153.0
27996.0
25422.0
23309.0
22187.0
21496.0
21435.0
21879.0
23046.0
23614.0
25624.0
28101.0
28819.0
29244.0
29831.0
28217.0
26879.0
27145.0
27148.0
27064.0
29299.0
33611.0
33004.0
30994.0
28724.0
26218.0
23655.0
22400.0
21922.0
21815.0
22228.0
24672.0
31308.0
37294.0
41448.0
42965.0
42824.0
42644.0
40850.0
40876.0
41794.0
42097.0
42044.0
41188.0
41390.0
44672.0
42557.0
39467.0
35597.0
32563.0
29490.0
27666.0
26747.0
26458.0
26882.0
28951.0
34171.0
39554.0
43465.0
44709.0
45062.0
44648.0
42952.0
42886.0
43930.0
43556.0
43542.0
42093.0
42794.0
45920.0
43581.0
40255.0
36403.0
33018.0
29819.0
28149.0
26836.0
26725.0
26969.0
28812.0
34125.0
39631.0
43850.0
45593.0
45296.0
45183.0
42784.0
42749.0
43542.0
43955.0
43636.0
42524.0
43028.0
45683.0
43344.0
40160.0
36416.0
32817.0
29976.0
28189.0
27333.0
27141.0
27269.0
28935.0
34471.0
39844.0
43677.0
45378.0
45176.0
45021.0
42824.0
42701.0
43740.0
43900.0
43562.0
42302.0
43104.0
46222.0
43816.0
40496.0
36457.0
33143.0
30166.0
28541.0
27509.0
27277.0
27427.0
29001.0
34374.0
40023.0
43481.0
44873.0
44649.0
44361.0
42217.0
41434.0
42241.0
42613.0
42541.0
41432.0
42529.0
45494.0
43120.0
39386.0
35968.0
32677.0
29896.0
28123.0
26585.0
26043.0
25933.0
26664.0
29038.0
32120.0
34354.0
35894.0
35865.0
35370.0
33779.0
32773.0
31475.0
30986.0
31458.0
32170.0
34908.0
38312.0
36064.0
33114.0
30674.0
28356.0
25592.0
23929.0
22617.0
22259.0
22166.0
22672.0
23846.0
24534.0
26414.0
28378.0
29495.0
29906.0
29848.0
28534.0
27398.0
27553.0
27789.0
28223.0
31085.0
35101.0
34269.0
31917.0
29421.0
27163.0
24608.0
23032.0
22477.0
22415.0
22913.0
25369.0
31845.0
38002.0
42240.0
43514.0
43390.0
43234.0
40856.0
41061.0
42305.0
42881.0
42999.0
41831.0
43072.0
45854.0
43283.0
39839.0
35855.0
32448.0
30012.0
28167.0
27139.0
26766.0
27119.0
28887.0
34551.0
40753.0
44138.0
45191.0
45334.0
45312.0
43195.0
42721.0
43964.0
44377.0
44203.0
43290.0
44732.0
46943.0
44320.0
40722.0
36592.0
33281.0
30070.0
28132.0
27195.0
26897.0
27133.0
29081.0
34832.0
40973.0
44302.0
44925.0
44418.0
44281.0
42173.0
41924.0
43019.0
43779.0
43700.0
42799.0
44472.0
46912.0
43854.0
40591.0
36854.0
33222.0
30449.0
28360.0
27234.0
27106.0
27157.0
28809.0
34483.0
40467.0
44158.0
45376.0
45081.0
44312.0
41725.0
41625.0
43161.0
43419.0
43401.0
42702.0
44678.0
46923.0
44020.0
40607.0
36704.0
33610.0
30315.0
28249.0
27368.0
27215.0
27488.0
29259.0
34853.0
40989.0
45053.0
46378.0
45902.0
45688.0
43180.0
42409.0
43280.0
43629.0
43397.0
42753.0
44547.0
46289.0
43152.0
39663.0
36116.0
33040.0
29877.0
27979.0
26776.0
26417.0
26013.0
26754.0
29588.0
33185.0
35819.0
37536.0
37201.0
36289.0
34201.0
32701.0
31819.0
31902.0
32231.0
32886.0
36491.0
39116.0
36595.0
33576.0
31051.0
28589.0
26031.0
24296.0
23309.0
22683.0
22573.0
22954.0
23994.0
24974.0
26369.0
28797.0
30396.0
31275.0
31291.0
29684.0
28949.0
28884.0
28604.0
28888.0
32010.0
34730.0
33879.0
31799.0
29471.0
27193.0
24505.0
22904.0
22324.0
22034.0
22648.0
24880.0
31557.0
38343.0
42750.0
44339.0
44208.0
43499.0
41877.0
41125.0
41678.0
41952.0
41812.0
40700.0
42604.0
44469.0
42378.0
39007.0
35099.0
31778.0
29155.0
27519.0
26314.0
25924.0
26184.0
27866.0
33487.0
40228.0
43969.0
46139.0
45486.0
45169.0
43040.0
42672.0
43471.0
43576.0
43314.0
41952.0
44119.0
45928.0
43341.0
40072.0
36338.0
32782.0
29794.0
27593.0
26734.0
26779.0
27005.0
28669.0
34122.0
40786.0
44245.0
45581.0
45570.0
45380.0
43084.0
42483.0
43144.0
42742.0
42668.0
41635.0
44496.0
45786.0
43261.0
40009.0
36207.0
32956.0
29972.0
27622.0
26614.0
26537.0
26967.0
28658.0
34385.0
40947.0
44042.0
45447.0
45138.0
44939.0
42653.0
42102.0
42930.0
43583.0
43102.0
42124.0
45127.0
46635.0
44130.0
40656.0
36751.0
33526.0
30439.0
28156.0
27172.0
26886.0
26984.0
28793.0
34376.0
41098.0
44600.0
45558.0
45103.0
44702.0
42179.0
42239.0
42872.0
42965.0
42021.0
41507.0
44367.0
45361.0
42824.0
39363.0
35736.0
32560.0
29765.0
27846.0
26636.0
26255.0
26084.0
26644.0
29320.0
32590.0
34687.0
36700.0
36267.0
35401.0
33704.0
32303.0
31415.0
31235.0
31542.0
32795.0
37025.0
38777.0
36201.0
33698.0
31302.0
28861.0
26660.0
24740.0
22832.0
23565.0
22554.0
22407.0
23346.0
24186.0
25543.0
28096.0
29804.0
30278.0
30989.0
30794.0
29142.0
28231.0
28205.0
28909.0
32574.0
34813.0
35306.0
34056.0
31890.0
29475.0
26885.0
24269.0
23043.0
22544.0
22623.0
23473.0
25797.0
31620.0
37684.0
42187.0
43458.0
43014.0
43363.0
41332.0
41591.0
43037.0
43178.0
43340.0
46205.0
46392.0
45083.0
42461.0
39237.0
35119.0
31731.0
28771.0
26953.0
25996.0
25560.0
26008.0
27896.0
33333.0
38818.0
43280.0
44231.0
43950.0
44187.0
41934.0
42209.0
43710.0
44137.0
44267.0
46662.0
46493.0
44954.0
42017.0
38543.0
34509.0
31489.0
28302.0
26612.0
25356.0
24695.0
24436.0
24638.0
24785.0
25460.0
28004.0
29508.0
30275.0
30479.0
30504.0
29479.0
28967.0
28442.0
28947.0
33075.0
35015.0
35229.0
34056.0
31928.0
29740.0
27195.0
24723.0
23299.0
22926.0
22819.0
23381.0
25539.0
31325.0
36678.0
41409.0
43332.0
43519.0
43379.0
41759.0
41385.0
42395.0
42400.0
43325.0
46232.0
46094.0
45074.0
42199.0
39191.0
35281.0
31586.0
28651.0
26928.0
25782.0
25563.0
26027.0
27819.0
33244.0
38235.0
42520.0
43972.0
43784.0
43450.0
41715.0
41517.0
42051.0
42596.0
43342.0
46274.0
46033.0
44718.0
41748.0
38337.0
34635.0
31596.0
28593.0
26748.0
25670.0
25176.0
25210.0
26032.0
28176.0
31077.0
34137.0
35812.0
35916.0
35296.0
33527.0
31880.0
31651.0
32123.0
33014.0
36906.0
37884.0
37520.0
35284.0
32663.0
30149.0
27737.0
25657.0
24044.0
22914.0
22267.0
22192.0
22861.0
23430.0
24312.0
26846.0
29033.0
31054.0
31003.0
30320.0
28937.0
28431.0
28852.0
29863.0
32987.0
34068.0
34444.0
33192.0
31193.0
28814.0
25981.0
23882.0
22200.0
21650.0
21649.0
22261.0
24852.0
31208.0
37156.0
42148.0
44605.0
44628.0
44856.0
42816.0
42431.0
43996.0
44581.0
45646.0
47849.0
47107.0
45867.0
42754.0
39074.0
35191.0
32134.0
29651.0
27871.0
26833.0
26544.0
26519.0
28625.0
33668.0
39953.0
45081.0
46745.0
46774.0
46637.0
44034.0
44095.0
46010.0
46508.0
46975.0
49025.0
48298.0
46820.0
43747.0
40479.0
36391.0
33032.0
30263.0
28270.0
27470.0
27058.0
27381.0
29354.0
34745.0
41018.0
45646.0
47363.0
46404.0
45984.0
43227.0
43319.0
44542.0
45151.0
46515.0
49672.0
49097.0
47512.0
44540.0
40910.0
36812.0
33684.0
30594.0
28903.0
27624.0
27139.0
27486.0
29319.0
35076.0
40770.0
45278.0
46778.0
47340.0
46554.0
44087.0
43727.0
44847.0
45852.0
47015.0
49440.0
48864.0
47529.0
44008.0
40658.0
36791.0
33610.0
30833.0
29027.0
28000.0
27406.0
27826.0
29542.0
34737.0
40672.0
45409.0
46184.0
45232.0
45152.0
42925.0
42405.0
43862.0
44683.0
45742.0
48273.0
47918.0
46618.0
43571.0
40401.0
36527.0
32953.0
29624.0
27940.0
27011.0
26355.0
26267.0
27029.0
29561.0
32161.0
35438.0
37339.0
36895.0
35906.0
34403.0
32919.0
32341.0
32512.0
33519.0
37892.0
38805.0
38631.0
36204.0
33173.0
30660.0
28399.0
26268.0
24319.0
23019.0
22472.0
22264.0
22919.0
23831.0
24544.0
26890.0
29225.0
29945.0
29811.0
29970.0
28612.0
28154.0
28741.0
29899.0
33228.0
34210.0
34413.0
33131.0
31659.0
29185.0
26671.0
23982.0
22482.0
21992.0
21776.0
22719.0
25215.0
31378.0
38010.0
42562.0
44683.0
45411.0
45852.0
44478.0
44392.0
45527.0
46035.0
47292.0
48981.0
47740.0
46465.0
43718.0
40371.0
36281.0
33170.0
30001.0
28379.0
27333.0
26996.0
27454.0
29250.0
34857.0
41400.0
46228.0
48007.0
47586.0
47676.0
45017.0
45096.0
46048.0
46005.0
47095.0
49956.0
49574.0
48032.0
45079.0
41627.0
37535.0
33903.0
30839.0
29040.0
28198.0
27544.0
27940.0
30072.0
35542.0
41734.0
46313.0
47360.0
46719.0
46841.0
44275.0
43645.0
44673.0
45325.0
47156.0
50152.0
49475.0
47828.0
44586.0
41104.0
37486.0
33845.0
30605.0
28613.0
27742.0
27346.0
27533.0
29418.0
34966.0
40909.0
45481.0
47514.0
46678.0
46748.0
45018.0
43804.0
44692.0
45107.0
46708.0
49688.0
49262.0
47729.0
44644.0
41463.0
37398.0
33795.0
30795.0
28862.0
28070.0
27645.0
27875.0
29760.0
35204.0
41267.0
45903.0
48164.0
47832.0
47399.0
44586.0
43526.0
44080.0
44272.0
45192.0
48120.0
47554.0
46464.0
43779.0
40551.0
36649.0
33375.0
30211.0
28384.0
27399.0
26680.0
26575.0
27686.0
30512.0
33482.0
36801.0
39035.0
39121.0
37714.0
35658.0
34444.0
33793.0
33558.0
34481.0
39068.0
40337.0
40208.0
37379.0
34687.0
32507.0
30294.0
27714.0
25685.0
24774.0
24192.0
23858.0
24594.0
25901.0
26599.0
29032.0
31325.0
32116.0
32132.0
31956.0
30725.0
29990.0
29766.0
30917.0
34737.0
36404.0
36772.0
36005.0
33926.0
31458.0
28696.0
26293.0
24823.0
24184.0
24128.0
24554.0
26796.0
33229.0
39646.0
44340.0
45839.0
45469.0
45373.0
43102.0
43171.0
44627.0
45143.0
47017.0
50109.0
48784.0
47302.0
44834.0
41538.0
37430.0
33809.0
30741.0
28677.0
27679.0
27131.0
27604.0
29778.0
35587.0
42003.0
45892.0
47095.0
46845.0
46230.0
43763.0
43186.0
44597.0
45556.0
47836.0
50815.0
49661.0
48185.0
45237.0
41488.0
37241.0
33644.0
30731.0
29114.0
28195.0
27772.0
28199.0
30168.0
35900.0
42247.0
46374.0
47484.0
47429.0
47165.0
43883.0
43587.0
45196.0
46464.0
48293.0
50761.0
49529.0
48010.0
45321.0
41652.0
37481.0
33825.0
30539.0
28718.0
27645.0
27530.0
27904.0
29966.0
35614.0
41971.0
46137.0
46827.0
46736.0
45965.0
43886.0
43601.0
44778.0
45605.0
47641.0
50302.0
48906.0
47590.0
44956.0
41799.0
37543.0
33959.0
30720.0
28870.0
27743.0
27280.0
27632.0
29856.0
35712.0
42064.0
46347.0
47349.0
46658.0
46265.0
43609.0
43502.0
44992.0
45541.0
47288.0
49375.0
48081.0
46929.0
44077.0
40813.0
37084.0
33649.0
30045.0
28181.0
26964.0
26254.0
26129.0
27095.0
29931.0
33441.0
36617.0
38787.0
38922.0
38193.0
36669.0
34822.0
34333.0
34402.0
35855.0
38842.0
39205.0
39327.0
36884.0
34339.0
31977.0
29508.0
26714.0
24793.0
23999.0
23071.0
22683.0
23317.0
24849.0
26090.0
28196.0
30723.0
32205.0
33135.0
33095.0
31336.0
29942.0
30075.0
31238.0
34843.0
36028.0
36466.0
35472.0
33579.0
31120.0
28163.0
25560.0
23756.0
23195.0
22915.0
23762.0
26629.0
33478.0
40346.0
44866.0
46686.0
46827.0
46639.0
44362.0
44170.0
45188.0
45587.0
47454.0
50200.0
48964.0
47492.0
44969.0
41759.0
37572.0
34160.0
30915.0
29064.0
28062.0
27963.0
28347.0
30386.0
36244.0
43001.0
47943.0
49945.0
49959.0
49215.0
46168.0
45984.0
47951.0
48785.0
50793.0
52692.0
50929.0
49156.0
46431.0
42922.0
38474.0
34593.0
31297.0
29254.0
28167.0
27841.0
28275.0
30342.0
36324.0
43386.0
48246.0
49897.0
50145.0
49858.0
47482.0
47066.0
48465.0
49102.0
51219.0
52368.0
50438.0
48649.0
45807.0
42438.0
38192.0
34552.0
31108.0
28975.0
28056.0
27882.0
28190.0
30197.0
35782.0
42656.0
47234.0
49167.0
49764.0
49438.0
47227.0
45640.0
46448.0
47161.0
48800.0
51076.0
50119.0
48703.0
45989.0
42823.0
38499.0
34651.0
31606.0
29682.0
28740.0
28563.0
28899.0
30950.0
36889.0
43799.0
48395.0
50138.0
50314.0
49871.0
47175.0
46784.0
48280.0
48884.0
50511.0
52254.0
50933.0
49297.0
45921.0
42353.0
38036.0
34716.0
30593.0
28611.0
27536.0
27052.0
27033.0
27867.0
31232.0
34940.0
38086.0
40510.0
40714.0
40374.0
38360.0
36615.0
35768.0
36093.0
37907.0
41092.0
41658.0
41552.0
38881.0
36326.0
34079.0
31594.0
28548.0
26609.0
25477.0
24684.0
24248.0
24776.0
26575.0
28102.0
30476.0
33527.0
35427.0
35475.0
35728.0
34119.0
32784.0
32573.0
34107.0
37916.0
39263.0
39805.0
38583.0
36164.0
33462.0
30674.0
27748.0
25941.0
25169.0
24887.0
25418.0
27980.0
35260.0
42839.0
48064.0
49919.0
50121.0
49961.0
47799.0
47723.0
48666.0
49154.0
50770.0
53378.0
52084.0
50283.0
47650.0
44051.0
39863.0
36037.0
32563.0
30157.0
28882.0
28517.0
28940.0
31172.0
37733.0
45394.0
50157.0
51725.0
51019.0
50949.0
47938.0
48038.0
48859.0
49307.0
51387.0
54009.0
52780.0
51125.0
48265.0
44865.0
40260.0
36056.0
32523.0
30628.0
29731.0
29222.0
29507.0
31820.0
38138.0
45774.0
50257.0
51636.0
51141.0
50487.0
47696.0
47098.0
48038.0
48903.0
50976.0
53695.0
52516.0
50686.0
47755.0
44769.0
39929.0
35456.0
31607.0
29400.0
28430.0
28145.0
28338.0
30358.0
36678.0
43717.0
48263.0
49560.0
48906.0
47917.0
45827.0
45530.0
47176.0
48033.0
49973.0
52054.0
50717.0
49042.0
46061.0
42205.0
37637.0
33913.0
30760.0
28702.0
27026.0
26478.0
26212.0
26314.0
27604.0
29739.0
31982.0
33964.0
35322.0
35668.0
35702.0
33884.0
32889.0
32977.0
34923.0
37760.0
38571.0
38892.0
37097.0
34904.0
32719.0
29972.0
27119.0
25096.0
24190.0
23838.0
24040.0
25153.0
28149.0
30837.0
33951.0
37082.0
37285.0
37609.0
36440.0
35021.0
34593.0
34598.0
36013.0
40122.0
41152.0
41154.0
38994.0
36070.0
33359.0
30823.0
28306.0
26187.0
25110.0
24159.0
24034.0
24897.0
26462.0
27788.0
29753.0
32624.0
34328.0
34486.0
34889.0
33199.0
32776.0
33211.0
35249.0
38066.0
38990.0
39170.0
38031.0
36085.0
33295.0
29884.0
26773.0
24833.0
24039.0
24006.0
24459.0
27246.0
33770.0
41642.0
47217.0
49649.0
50266.0
50286.0
47981.0
47530.0
48925.0
49652.0
51348.0
52311.0
50484.0
48802.0
46050.0
42383.0
37641.0
33989.0
30845.0
28897.0
27865.0
27683.0
28107.0
30199.0
36113.0
43615.0
48755.0
50170.0
49878.0
49445.0
46579.0
46392.0
47833.0
48703.0
50858.0
52730.0
51170.0
49640.0
46977.0
43468.0
38823.0
34681.0
30114.0
28169.0
27241.0
27088.0
27374.0
29407.0
35796.0
43540.0
48161.0
49985.0
50102.0
49633.0
46808.0
46373.0
47022.0
47776.0
49603.0
51918.0
50581.0
48683.0
45760.0
42405.0
37735.0
33696.0
30508.0
28506.0
27615.0
27341.0
27811.0
29852.0
36087.0
43272.0
48230.0
50175.0
50008.0
49172.0
46717.0
46047.0
47062.0
47749.0
49405.0
51598.0
50240.0
48791.0
46188.0
42602.0
38049.0
34177.0
30996.0
28903.0
27818.0
27462.0
27909.0
29814.0
35938.0
43402.0
47710.0
49506.0
49474.0
48894.0
46922.0
46143.0
46776.0
47600.0
49100.0
51038.0
49997.0
48546.0
45555.0
41853.0
38002.0
34353.0
30870.0
28863.0
27510.0
27049.0
27215.0
28238.0
31114.0
35394.0
38606.0
41142.0
41148.0
39993.0
38800.0
37229.0
36643.0
36038.0
37464.0
40978.0
42018.0
41492.0
39179.0
36683.0
33871.0
31323.0
28270.0
25829.0
24224.0
23656.0
23774.0
24353.0
25796.0
27323.0
29666.0
32433.0
34305.0
34782.0
34358.0
32711.0
31190.0
31114.0
32562.0
36844.0
38279.0
38996.0
37314.0
35576.0
33238.0
29665.0
26568.0
24962.0
24121.0
23961.0
24597.0
27267.0
34361.0
42471.0
47822.0
50280.0
50600.0
49672.0
47093.0
46513.0
47352.0
48467.0
50504.0
53164.0
51676.0
50443.0
47657.0
44272.0
39558.0
35391.0
31233.0
29360.0
28606.0
28236.0
28728.0
30718.0
37327.0
45244.0
49788.0
51553.0
51163.0
51186.0
48836.0
47989.0
48903.0
49569.0
51300.0
54045.0
52916.0
51317.0
48344.0
44471.0
40103.0
35624.0
31709.0
29593.0
28531.0
28234.0
28694.0
30819.0
37054.0
45133.0
49827.0
51427.0
50399.0
49648.0
47213.0
46903.0
48313.0
49257.0
50936.0
53367.0
51942.0
50243.0
47219.0
43803.0
39154.0
34814.0
31230.0
29024.0
27932.0
27751.0
28167.0
30196.0
36398.0
43916.0
49017.0
51424.0
50645.0
49714.0
46859.0
46106.0
46828.0
47518.0
49296.0
51887.0
50528.0
48861.0
46062.0
42454.0
37861.0
33943.0
30355.0
27898.0
26982.0
26469.0
26780.0
28849.0
34484.0
41297.0
45935.0
47869.0
47237.0
46583.0
43817.0
42433.0
42698.0
42722.0
43745.0
46622.0
45936.0
44332.0
41521.0
38416.0
34727.0
30810.0
27835.0
25567.0
24436.0
23794.0
23657.0
24744.0
27528.0
30411.0
33309.0
35373.0
34899.0
34126.0
33738.0
32325.0
31787.0
32173.0
33668.0
38062.0
39117.0
39012.0
37143.0
34581.0
31769.0
28484.0
25765.0
23546.0
22332.0
21613.0
21369.0
22125.0
23563.0
25727.0
27924.0
30257.0
31006.0
30400.0
29952.0
28997.0
28945.0
29684.0
31635.0
35944.0
36778.0
35168.0
32089.0
29589.0
28047.0
26478.0
24266.0
22471.0
20870.0
20012.0
19803.0
20368.0
21619.0
22749.0
24103.0
26747.0
28223.0
28883.0
28060.0
25051.0
23156.0
24128.0
26309.0
29788.0
30137.0
30205.0
29604.0
28418.0
26701.0
24594.0
22120.0
20498.0
19491.0
19045.0
19087.0
19854.0
21430.0
22658.0
23990.0
26423.0
28022.0
29437.0
29963.0
27720.0
26614.0
27116.0
28710.0
31633.0
32047.0
32175.0
31329.0
29669.0
27510.0
24764.0
22250.0
20480.0
19672.0
19411.0
19721.0
21226.0
24797.0
29315.0
34157.0
37539.0
38619.0
38984.0
38102.0
37467.0
37312.0
37682.0
39464.0
41298.0
40925.0
39785.0
37073.0
34059.0
30530.0
27111.0
24102.0
22295.0
21386.0
21025.0
21356.0
22729.0
26130.0
30720.0
34900.0
38108.0
38993.0
39011.0
37959.0
36742.0
36868.0
36836.0
38484.0
41623.0
41647.0
41214.0
38372.0
35656.0
32132.0
28556.0
25295.0
23167.0
22049.0
21592.0
21878.0
23301.0
26942.0
31381.0
35578.0
38680.0
39539.0
39471.0
37945.0
36012.0
35669.0
35706.0
37132.0
40642.0
40851.0
40156.0
37331.0
34411.0
31284.0
27758.0
24526.0
22482.0
21390.0
21003.0
21044.0
22123.0
24468.0
27061.0
29560.0
31788.0
32804.0
32606.0
32138.0
31078.0
30088.0
30593.0
32426.0
36462.0
37053.0
37087.0
35258.0
32693.0
29889.0
26792.0
24082.0
22040.0
20738.0
20188.0
20096.0
20582.0
22202.0
24009.0
25529.0
27473.0
28485.0
28257.0
27678.0
27047.0
27756.0
28831.0
30655.0
34889.0
35220.0
34247.0
31298.0
28288.0
26535.0
25038.0
