0.0
0.0
0.0
0.0
0.0
0.0
0.0
0.0
3.0
76.0
169.0
338.0
516.0
443.0
124.0
25.0
14.0
3.0
0.0
0.0
0.0
0.0
0.0
0.0
0.0
0.0
0.0
0.0
0.0
0.0
0.0
0.0
1.0
11.0
187.0
262.0
303.0
198.0
216.0
133.0
75.0
3.0
0.0
0.0
0.0
0.0
0.0
0.0
0.0
0.0
0.0
0.0
0.0
0.0
0.0
0.0
2.0
83.0
166.0
255.0
285.0
289.0
171.0
93.0
15.0
3.0
0.0
0.0
0.0
0.0
0.0
0.0
0.0
0.0
0.0
0.0
0.0
0.0
0.0
0.0
2.0
97.0
188.0
273.0
310.0
320.0
290.0
236.0
113.0
3.0
0.0
0.0
0.0
0.0
0.0
0.0
0.0
0.0
0.0
0.0
0.0
0.0
0.0
0.0
1.0
131.0
273.0
385.0
454.0
462.0
408.0
306.0
171.0
18.0
0.0
0.0
0.0
0.0
0.0
0.0
0.0
0.0
0.0
0.0
0.0
0.0
0.0
0.0
1.0
128.0
238.0
318.0
400.0
386.0
310.0
218.0
117.0
3.0
0.0
0.0
0.0
0.0
0.0
0.0
0.0
0.0
0.0
0.0
0.0
0.0
0.0
0.0
1.0
87.0
191.0
258.0
264.0
295.0
251.0
234.0
109.0
3.0
0.0
0.0
0.0
0.0
0.0
0.0
0.0
0.0
0.0
0.0
0.0
0.0
0.0
0.0
1.0
87.0
24.0
170.0
365.0
319.0
388.0
295.0
163.0
35.0
0.0
0.0
0.0
0.0
0.0
0.0
0.0
0.0
0.0
0.0
0.0
0.0
0.0
0.0
2.0
96.0
193.0
282.0
313.0
276.0
246.0
212.0
117.0
4.0
0.0
0.0
0.0
0.0
0.0
0.0
0.0
0.0
0.0
0.0
0.0
0.0
0.0
0.0
2.0
145.0
329.0
306.0
207.0
88.0
219.0
265.0
193.0
20.0
0.0
0.0
0.0
0.0
0.0
0.0
0.0
0.0
0.0
0.0
0.0
0.0
0.0
0.0
1.0
124.0
262.0
352.0
410.0
413.0
390.0
295.0
172.0
46.0
0.0
0.0
0.0
0.0
0.0
0.0
0.0
0.0
0.0
0.0
0.0
0.0
0.0
0.0
1.0
112.0
203.0
313.0
378.0
404.0
398.0
314.0
151.0
36.0
0.0
0.0
0.0
0.0
0.0
0.0
0.0
0.0
0.0
0.0
0.0
0.0
0.0
0.0
1.0
129.0
265.0
387.0
452.0
432.0
401.0
291.0
168.0
43.0
0.0
0.0
0.0
0.0
0.0
0.0
0.0
0.0
0.0
0.0
0.0
0.0
0.0
0.0
2.0
156.0
303.0
472.0
368.0
76.0
205.0
170.0
37.0
5.0
0.0
0.0
0.0
0.0
0.0
0.0
0.0
0.0
0.0
0.0
0.0
0.0
0.0
0.0
3.0
80.0
232.0
184.0
254.0
291.0
50.0
116.0
97.0
16.0
0.0
0.0
0.0
0.0
0.0
0.0
0.0
0.0
0.0
0.0
0.0
0.0
0.0
0.0
2.0
73.0
176.0
171.0
123.0
185.0
328.0
280.0
229.0
65.0
0.0
0.0
0.0
0.0
0.0
0.0
0.0
0.0
0.0
0.0
0.0
0.0
0.0
0.0
2.0
75.0
228.0
366.0
365.0
358.0
343.0
214.0
112.0
5.0
0.0
0.0
0.0
0.0
0.0
0.0
0.0
0.0
0.0
0.0
0.0
0.0
0.0
0.0
1.0
117.0
274.0
409.0
239.0
324.0
169.0
255.0
198.0
73.0
0.0
0.0
0.0
0.0
0.0
0.0
0.0
0.0
0.0
0.0
0.0
0.0
0.0
0.0
2.0
111.0
226.0
318.0
364.0
369.0
341.0
267.0
161.0
48.0
0.0
0.0
0.0
0.0
0.0
0.0
0.0
0.0
0.0
0.0
0.0
0.0
0.0
0.0
2.0
139.0
287.0
396.0
468.0
481.0
438.0
342.0
212.0
64.0
0.0
0.0
0.0
0.0
0.0
0.0
0.0
0.0
0.0
0.0
0.0
0.0
0.0
0.0
2.0
139.0
282.0
405.0
472.0
480.0
445.0
345.0
210.0
67.0
0.0
0.0
0.0
0.0
0.0
0.0
0.0
0.0
0.0
0.0
0.0
0.0
0.0
0.0
3.0
115.0
224.0
313.0
367.0
381.0
347.0
272.0
165.0
50.0
0.0
0.0
0.0
0.0
0.0
0.0
0.0
0.0
0.0
0.0
0.0
0.0
0.0
0.0
2.0
16.0
28.0
38.0
44.0
45.0
41.0
33.0
20.0
7.0
0.0
0.0
0.0
0.0
0.0
0.0
0.0
0.0
0.0
0.0
0.0
0.0
0.0
0.0
2.0
70.0
151.0
193.0
235.0
238.0
222.0
166.0
104.0
36.0
0.0
0.0
0.0
0.0
0.0
0.0
0.0
0.0
0.0
0.0
0.0
0.0
0.0
0.0
3.0
148.0
290.0
399.0
479.0
502.0
452.0
356.0
221.0
76.0
0.0
0.0
0.0
0.0
0.0
0.0
0.0
0.0
0.0
0.0
0.0
0.0
0.0
0.0
4.0
155.0
303.0
415.0
482.0
493.0
446.0
360.0
226.0
79.0
0.0
0.0
0.0
0.0
0.0
0.0
0.0
0.0
0.0
0.0
0.0
0.0
0.0
0.0
4.0
163.0
319.0
443.0
520.0
536.0
496.0
389.0
247.0
88.0
1.0
0.0
0.0
0.0
0.0
0.0
0.0
0.0
0.0
0.0
0.0
0.0
0.0
0.0
5.0
128.0
242.0
337.0
387.0
406.0
367.0
296.0
173.0
55.0
0.0
0.0
0.0
0.0
0.0
0.0
0.0
0.0
0.0
0.0
0.0
0.0
0.0
0.0
5.0
157.0
309.0
434.0
504.0
522.0
476.0
385.0
242.0
89.0
1.0
0.0
0.0
0.0
0.0
0.0
0.0
0.0
0.0
0.0
0.0
0.0
0.0
0.0
5.0
156.0
301.0
417.0
486.0
499.0
454.0
360.0
230.0
85.0
0.0
0.0
0.0
0.0
0.0
0.0
0.0
0.0
0.0
0.0
0.0
0.0
0.0
0.0
6.0
173.0
327.0
448.0
512.0
531.0
484.0
391.0
249.0
94.0
0.0
0.0
0.0
0.0
0.0
0.0
0.0
0.0
0.0
0.0
0.0
0.0
0.0
0.0
6.0
189.0
353.0
485.0
558.0
578.0
530.0
417.0
268.0
102.0
0.0
0.0
0.0
0.0
0.0
0.0
0.0
0.0
0.0
0.0
0.0
0.0
0.0
0.0
7.0
185.0
349.0
480.0
562.0
582.0
538.0
432.0
282.0
114.0
2.0
0.0
0.0
0.0
0.0
0.0
0.0
0.0
0.0
0.0
0.0
0.0
0.0
0.0
8.0
183.0
351.0
482.0
558.0
571.0
518.0
413.0
268.0
106.0
1.0
0.0
0.0
0.0
0.0
0.0
0.0
0.0
0.0
0.0
0.0
0.0
0.0
0.0
8.0
182.0
344.0
476.0
560.0
577.0
530.0
427.0
281.0
114.0
2.0
0.0
0.0
0.0
0.0
0.0
0.0
0.0
0.0
0.0
0.0
0.0
0.0
0.0
8.0
109.0
206.0
298.0
336.0
359.0
294.0
225.0
153.0
51.0
1.0
0.0
0.0
0.0
0.0
0.0
0.0
0.0
0.0
0.0
0.0
0.0
0.0
0.0
8.0
160.0
312.0
444.0
510.0
520.0
430.0
254.0
181.0
97.0
5.0
0.0
0.0
0.0
0.0
0.0
0.0
0.0
0.0
0.0
0.0
0.0
0.0
0.0
12.0
190.0
340.0
459.0
536.0
543.0
508.0
409.0
265.0
105.0
1.0
0.0
0.0
0.0
0.0
0.0
0.0
0.0
0.0
0.0
0.0
0.0
0.0
0.0
4.0
16.0
31.0
40.0
47.0
359.0
340.0
285.0
199.0
85.0
3.0
0.0
0.0
0.0
0.0
0.0
0.0
0.0
0.0
0.0
0.0
0.0
0.0
0.0
4.0
86.0
139.0
199.0
309.0
323.0
376.0
312.0
182.0
88.0
2.0
0.0
0.0
0.0
0.0
0.0
0.0
0.0
0.0
0.0
0.0
0.0
0.0
0.0
14.0
189.0
336.0
499.0
580.0
568.0
490.0
350.0
224.0
98.0
1.0
0.0
0.0
0.0
0.0
0.0
0.0
0.0
0.0
0.0
0.0
0.0
0.0
0.0
10.0
134.0
211.0
329.0
402.0
386.0
360.0
269.0
189.0
73.0
1.0
0.0
0.0
0.0
0.0
0.0
0.0
0.0
0.0
0.0
0.0
0.0
0.0
0.0
18.0
214.0
381.0
509.0
584.0
591.0
549.0
452.0
306.0
139.0
4.0
0.0
0.0
0.0
0.0
0.0
0.0
0.0
0.0
0.0
0.0
0.0
0.0
0.0
19.0
225.0
397.0
532.0
613.0
632.0
594.0
492.0
336.0
156.0
8.0
0.0
0.0
0.0
0.0
0.0
0.0
0.0
0.0
0.0
0.0
0.0
0.0
0.0
31.0
252.0
415.0
583.0
487.0
371.0
286.0
41.0
62.0
26.0
2.0
0.0
0.0
0.0
0.0
0.0
0.0
0.0
0.0
0.0
0.0
0.0
0.0
0.0
22.0
224.0
389.0
519.0
596.0
625.0
578.0
485.0
339.0
164.0
10.0
0.0
0.0
0.0
0.0
0.0
0.0
0.0
0.0
0.0
0.0
0.0
0.0
0.0
25.0
235.0
397.0
522.0
601.0
618.0
579.0
478.0
334.0
165.0
10.0
0.0
0.0
0.0
0.0
0.0
0.0
0.0
0.0
0.0
0.0
0.0
0.0
0.0
23.0
186.0
298.0
414.0
445.0
431.0
404.0
311.0
206.0
99.0
2.0
0.0
0.0
0.0
0.0
0.0
0.0
0.0
0.0
0.0
0.0
0.0
0.0
0.0
12.0
165.0
318.0
358.0
440.0
532.0
524.0
377.0
243.0
107.0
2.0
0.0
0.0
0.0
0.0
0.0
0.0
0.0
0.0
0.0
0.0
0.0
0.0
0.0
27.0
220.0
382.0
514.0
535.0
562.0
489.0
389.0
308.0
151.0
13.0
0.0
0.0
0.0
0.0
0.0
0.0
0.0
0.0
0.0
0.0
0.0
0.0
0.0
34.0
261.0
432.0
565.0
642.0
659.0
616.0
512.0
362.0
181.0
12.0
0.0
0.0
0.0
0.0
0.0
0.0
0.0
0.0
0.0
0.0
0.0
0.0
0.0
37.0
257.0
430.0
569.0
656.0
680.0
638.0
531.0
373.0
185.0
17.0
0.0
0.0
0.0
0.0
0.0
0.0
0.0
0.0
0.0
0.0
0.0
0.0
0.0
40.0
248.0
417.0
545.0
616.0
630.0
579.0
460.0
323.0
162.0
12.0
0.0
0.0
0.0
0.0
0.0
0.0
0.0
0.0
0.0
0.0
0.0
0.0
0.0
23.0
132.0
219.0
248.0
312.0
324.0
280.0
211.0
143.0
62.0
3.0
0.0
0.0
0.0
0.0
0.0
0.0
0.0
0.0
0.0
0.0
0.0
0.0
0.0
10.0
24.0
333.0
442.0
313.0
347.0
383.0
119.0
28.0
84.0
33.0
0.0
0.0
0.0
0.0
0.0
0.0
0.0
0.0
0.0
0.0
0.0
0.0
0.0
8.0
23.0
42.0
48.0
55.0
445.0
429.0
356.0
253.0
129.0
10.0
0.0
0.0
0.0
0.0
0.0
0.0
0.0
0.0
0.0
0.0
0.0
0.0
0.0
101.0
274.0
437.0
562.0
646.0
670.0
625.0
514.0
360.0
187.0
17.0
0.0
0.0
0.0
0.0
0.0
0.0
0.0
0.0
0.0
0.0
0.0
0.0
0.0
105.0
279.0
447.0
591.0
665.0
670.0
617.0
512.0
359.0
182.0
16.0
0.0
0.0
0.0
0.0
0.0
0.0
0.0
0.0
0.0
0.0
0.0
0.0
0.0
95.0
253.0
397.0
511.0
587.0
647.0
609.0
498.0
346.0
192.0
25.0
0.0
0.0
0.0
0.0
0.0
0.0
0.0
0.0
0.0
0.0
0.0
0.0
0.0
101.0
296.0
480.0
489.0
494.0
479.0
543.0
409.0
183.0
28.0
12.0
0.0
0.0
0.0
0.0
0.0
0.0
0.0
0.0
0.0
0.0
0.0
0.0
1.0
50.0
191.0
351.0
433.0
454.0
487.0
502.0
325.0
146.0
19.0
22.0
0.0
0.0
0.0
0.0
0.0
0.0
0.0
0.0
0.0
0.0
0.0
0.0
1.0
99.0
259.0
399.0
539.0
618.0
604.0
560.0
478.0
330.0
190.0
50.0
0.0
0.0
0.0
0.0
0.0
0.0
0.0
0.0
0.0
0.0
0.0
0.0
0.0
126.0
307.0
475.0
605.0
685.0
701.0
657.0
556.0
405.0
222.0
53.0
0.0
0.0
0.0
0.0
0.0
0.0
0.0
0.0
0.0
0.0
0.0
0.0
1.0
78.0
283.0
264.0
107.0
63.0
309.0
356.0
573.0
465.0
192.0
62.0
0.0
0.0
0.0
0.0
0.0
0.0
0.0
0.0
0.0
0.0
0.0
0.0
1.0
126.0
298.0
465.0
591.0
661.0
684.0
634.0
534.0
393.0
226.0
60.0
0.0
0.0
0.0
0.0
0.0
0.0
0.0
0.0
0.0
0.0
0.0
0.0
1.0
141.0
329.0
502.0
630.0
707.0
727.0
673.0
565.0
411.0
222.0
56.0
0.0
0.0
0.0
0.0
0.0
0.0
0.0
0.0
0.0
0.0
0.0
0.0
1.0
143.0
325.0
491.0
618.0
693.0
711.0
659.0
558.0
407.0
231.0
62.0
0.0
0.0
0.0
0.0
0.0
0.0
0.0
0.0
0.0
0.0
0.0
0.0
1.0
146.0
325.0
485.0
592.0
663.0
670.0
640.0
542.0
395.0
232.0
65.0
0.0
0.0
0.0
0.0
0.0
0.0
0.0
0.0
0.0
0.0
0.0
0.0
2.0
157.0
346.0
518.0
651.0
727.0
738.0
689.0
588.0
430.0
246.0
71.0
0.0
0.0
0.0
0.0
0.0
0.0
0.0
0.0
0.0
0.0
0.0
0.0
2.0
140.0
323.0
471.0
582.0
632.0
646.0
614.0
546.0
403.0
228.0
70.0
0.0
0.0
0.0
0.0
0.0
0.0
0.0
0.0
0.0
0.0
0.0
0.0
3.0
151.0
326.0
474.0
568.0
649.0
639.0
620.0
534.0
407.0
240.0
71.0
0.0
0.0
0.0
0.0
0.0
0.0
0.0
0.0
0.0
0.0
0.0
0.0
1.0
59.0
120.0
142.0
184.0
231.0
238.0
178.0
158.0
85.0
57.0
12.0
0.0
0.0
0.0
0.0
0.0
0.0
0.0
0.0
0.0
0.0
0.0
0.0
5.0
83.0
178.0
252.0
231.0
246.0
192.0
258.0
204.0
92.0
108.0
43.0
0.0
0.0
0.0
0.0
0.0
0.0
0.0
0.0
0.0
0.0
0.0
0.0
4.0
83.0
185.0
326.0
142.0
186.0
313.0
249.0
118.0
161.0
92.0
34.0
0.0
0.0
0.0
0.0
0.0
0.0
0.0
0.0
0.0
0.0
0.0
0.0
6.0
191.0
389.0
567.0
703.0
780.0
792.0
739.0
631.0
466.0
269.0
83.0
0.0
0.0
0.0
0.0
0.0
0.0
0.0
0.0
0.0
0.0
0.0
0.0
5.0
140.0
321.0
469.0
534.0
637.0
617.0
609.0
519.0
368.0
252.0
73.0
0.0
0.0
0.0
0.0
0.0
0.0
0.0
0.0
0.0
0.0
0.0
0.0
8.0
185.0
367.0
528.0
649.0
715.0
727.0
678.0
577.0
429.0
253.0
81.0
0.0
0.0
0.0
0.0
0.0
0.0
0.0
0.0
0.0
0.0
0.0
0.0
10.0
176.0
360.0
524.0
644.0
687.0
710.0
665.0
566.0
434.0
251.0
88.0
1.0
0.0
0.0
0.0
0.0
0.0
0.0
0.0
0.0
0.0
0.0
0.0
7.0
115.0
216.0
324.0
434.0
459.0
421.0
409.0
347.0
244.0
166.0
59.0
0.0
0.0
0.0
0.0
0.0
0.0
0.0
0.0
0.0
0.0
0.0
0.0
13.0
214.0
409.0
583.0
714.0
784.0
796.0
748.0
642.0
480.0
289.0
100.0
1.0
0.0
0.0
0.0
0.0
0.0
0.0
0.0
0.0
0.0
0.0
0.0
15.0
208.0
393.0
555.0
680.0
747.0
756.0
705.0
599.0
449.0
269.0
92.0
0.0
0.0
0.0
0.0
0.0
0.0
0.0
0.0
0.0
0.0
0.0
0.0
16.0
206.0
386.0
542.0
653.0
723.0
753.0
680.0
582.0
447.0
261.0
92.0
1.0
0.0
0.0
0.0
0.0
0.0
0.0
0.0
0.0
0.0
0.0
0.0
18.0
210.0
388.0
545.0
667.0
736.0
745.0
700.0
611.0
464.0
287.0
105.0
1.0
0.0
0.0
0.0
0.0
0.0
0.0
0.0
0.0
0.0
0.0
0.0
18.0
205.0
371.0
509.0
602.0
655.0
674.0
632.0
538.0
411.0
248.0
87.0
0.0
0.0
0.0
0.0
0.0
0.0
0.0
0.0
0.0
0.0
0.0
0.0
24.0
256.0
467.0
647.0
783.0
859.0
870.0
818.0
697.0
526.0
321.0
118.0
1.0
0.0
0.0
0.0
0.0
0.0
0.0
0.0
0.0
0.0
0.0
0.0
20.0
193.0
350.0
483.0
586.0
649.0
641.0
589.0
513.0
390.0
232.0
84.0
0.0
0.0
0.0
0.0
0.0
0.0
0.0
0.0
0.0
0.0
0.0
0.0
11.0
105.0
214.0
308.0
322.0
308.0
544.0
536.0
488.0
407.0
266.0
122.0
6.0
0.0
0.0
0.0
0.0
0.0
0.0
0.0
0.0
0.0
0.0
0.0
14.0
94.0
169.0
245.0
295.0
292.0
306.0
295.0
240.0
175.0
111.0
42.0
1.0
0.0
0.0
0.0
0.0
0.0
0.0
0.0
0.0
0.0
0.0
0.0
38.0
220.0
345.0
480.0
374.0
546.0
614.0
582.0
449.0
372.0
122.0
10.0
1.0
0.0
0.0
0.0
0.0
0.0
0.0
0.0
0.0
0.0
0.0
0.0
33.0
242.0
419.0
583.0
696.0
737.0
737.0
687.0
582.0
445.0
272.0
105.0
1.0
0.0
0.0
0.0
0.0
0.0
0.0
0.0
0.0
0.0
0.0
0.0
43.0
295.0
509.0
692.0
822.0
890.0
894.0
828.0
713.0
538.0
330.0
125.0
1.0
0.0
0.0
0.0
0.0
0.0
0.0
0.0
0.0
0.0
0.0
0.0
15.0
146.0
233.0
355.0
447.0
744.0
868.0
650.0
463.0
438.0
294.0
151.0
11.0
0.0
0.0
0.0
0.0
0.0
0.0
0.0
0.0
0.0
0.0
0.0
15.0
109.0
129.0
111.0
213.0
306.0
287.0
221.0
171.0
104.0
67.0
33.0
1.0
0.0
0.0
0.0
0.0
0.0
0.0
0.0
0.0
0.0
0.0
0.0
13.0
37.0
57.0
86.0
100.0
108.0
113.0
100.0
91.0
65.0
45.0
17.0
1.0
0.0
0.0
0.0
0.0
0.0
0.0
0.0
0.0
0.0
0.0
0.0
55.0
121.0
205.0
300.0
328.0
405.0
371.0
387.0
415.0
322.0
208.0
107.0
14.0
0.0
0.0
0.0
0.0
0.0
0.0
0.0
0.0
0.0
0.0
0.0
63.0
167.0
293.0
386.0
468.0
509.0
490.0
457.0
375.0
277.0
159.0
68.0
1.0
0.0
0.0
0.0
0.0
0.0
0.0
0.0
0.0
0.0
0.0
0.0
109.0
292.0
491.0
660.0
782.0
840.0
833.0
778.0
640.0
491.0
312.0
128.0
1.0
0.0
0.0
0.0
0.0
0.0
0.0
0.0
0.0
0.0
0.0
1.0
117.0
317.0
520.0
677.0
787.0
849.0
843.0
766.0
662.0
508.0
312.0
128.0
1.0
0.0
0.0
0.0
0.0
0.0
0.0
0.0
0.0
0.0
0.0
1.0
94.0
233.0
392.0
528.0
654.0
702.0
742.0
696.0
599.0
449.0
273.0
102.0
1.0
0.0
0.0
0.0
0.0
0.0
0.0
0.0
0.0
0.0
0.0
1.0
67.0
172.0
299.0
380.0
452.0
477.0
483.0
421.0
402.0
295.0
167.0
78.0
1.0
0.0
0.0
0.0
0.0
0.0
0.0
0.0
0.0
0.0
0.0
0.0
128.0
320.0
509.0
676.0
778.0
831.0
841.0
786.0
685.0
527.0
339.0
144.0
4.0
0.0
0.0
0.0
0.0
0.0
0.0
0.0
0.0
0.0
0.0
1.0
159.0
380.0
590.0
750.0
552.0
605.0
567.0
520.0
478.0
367.0
268.0
133.0
10.0
0.0
0.0
0.0
0.0
0.0
0.0
0.0
0.0
0.0
0.0
1.0
156.0
377.0
595.0
767.0
911.0
982.0
986.0
905.0
739.0
542.0
332.0
139.0
2.0
0.0
0.0
0.0
0.0
0.0
0.0
0.0
0.0
0.0
0.0
1.0
82.0
203.0
314.0
412.0
484.0
518.0
502.0
479.0
403.0
305.0
144.0
41.0
2.0
0.0
0.0
0.0
0.0
0.0
0.0
0.0
0.0
0.0
0.0
1.0
58.0
136.0
220.0
307.0
368.0
393.0
384.0
352.0
299.0
223.0
144.0
60.0
2.0
0.0
0.0
0.0
0.0
0.0
0.0
0.0
0.0
0.0
0.0
1.0
61.0
165.0
277.0
485.0
618.0
622.0
587.0
577.0
298.0
265.0
172.0
15.0
2.0
0.0
0.0
0.0
0.0
0.0
0.0
0.0
0.0
0.0
0.0
2.0
95.0
205.0
338.0
433.0
536.0
571.0
558.0
562.0
494.0
377.0
244.0
110.0
5.0
0.0
0.0
0.0
0.0
0.0
0.0
0.0
0.0
0.0
0.0
3.0
160.0
359.0
557.0
722.0
830.0
894.0
894.0
833.0
718.0
553.0
358.0
162.0
7.0
0.0
0.0
0.0
0.0
0.0
0.0
0.0
0.0
0.0
0.0
4.0
159.0
357.0
549.0
708.0
827.0
886.0
894.0
827.0
715.0
550.0
364.0
165.0
10.0
0.0
0.0
0.0
0.0
0.0
0.0
0.0
0.0
0.0
0.0
4.0
180.0
395.0
607.0
782.0
910.0
977.0
979.0
914.0
787.0
610.0
401.0
185.0
11.0
0.0
0.0
0.0
0.0
0.0
0.0
0.0
0.0
0.0
0.0
5.0
161.0
356.0
551.0
711.0
828.0
893.0
899.0
846.0
732.0
572.0
379.0
180.0
16.0
0.0
0.0
0.0
0.0
0.0
0.0
0.0
0.0
0.0
0.0
5.0
147.0
328.0
510.0
665.0
743.0
793.0
818.0
789.0
677.0
533.0
347.0
164.0
13.0
0.0
0.0
0.0
0.0
0.0
0.0
0.0
0.0
0.0
0.0
8.0
196.0
408.0
627.0
787.0
478.0
486.0
495.0
443.0
424.0
325.0
206.0
104.0
7.0
0.0
0.0
0.0
0.0
0.0
0.0
0.0
0.0
0.0
0.0
8.0
190.0
403.0
611.0
785.0
910.0
975.0
975.0
912.0
782.0
607.0
398.0
187.0
11.0
0.0
0.0
0.0
0.0
0.0
0.0
0.0
0.0
0.0
0.0
9.0
188.0
390.0
588.0
749.0
864.0
921.0
919.0
862.0
752.0
590.0
392.0
190.0
17.0
0.0
0.0
0.0
0.0
0.0
0.0
0.0
0.0
0.0
0.0
8.0
172.0
319.0
415.0
576.0
716.0
745.0
779.0
745.0
617.0
495.0
303.0
151.0
22.0
0.0
0.0
0.0
0.0
0.0
0.0
0.0
0.0
0.0
0.0
10.0
185.0
381.0
569.0
727.0
840.0
902.0
896.0
835.0
707.0
558.0
370.0
180.0
33.0
0.0
0.0
0.0
0.0
0.0
0.0
0.0
0.0
0.0
0.0
5.0
160.0
335.0
458.0
558.0
703.0
898.0
779.0
670.0
428.0
389.0
310.0
157.0
42.0
0.0
0.0
0.0
0.0
0.0
0.0
0.0
0.0
0.0
0.0
11.0
179.0
348.0
480.0
682.0
741.0
779.0
819.0
734.0
614.0
398.0
223.0
65.0
3.0
0.0
0.0
0.0
0.0
0.0
0.0
0.0
0.0
0.0
0.0
13.0
192.0
388.0
574.0
730.0
842.0
896.0
896.0
842.0
733.0
572.0
388.0
197.0
42.0
0.0
0.0
0.0
0.0
0.0
0.0
0.0
0.0
0.0
0.0
16.0
210.0
416.0
612.0
778.0
894.0
956.0
954.0
889.0
770.0
608.0
410.0
205.0
43.0
0.0
0.0
0.0
0.0
0.0
0.0
0.0
0.0
0.0
0.0
17.0
213.0
421.0
616.0
780.0
900.0
960.0
952.0
887.0
770.0
605.0
404.0
200.0
42.0
0.0
0.0
0.0
0.0
0.0
0.0
0.0
0.0
0.0
0.0
15.0
190.0
377.0
544.0
678.0
763.0
804.0
820.0
771.0
688.0
561.0
388.0
206.0
48.0
0.0
0.0
0.0
0.0
0.0
0.0
0.0
0.0
0.0
0.0
18.0
207.0
395.0
583.0
737.0
853.0
904.0
901.0
851.0
741.0
593.0
406.0
211.0
50.0
0.0
0.0
0.0
0.0
0.0
0.0
0.0
0.0
0.0
0.0
20.0
208.0
397.0
585.0
743.0
848.0
904.0
902.0
839.0
730.0
576.0
397.0
209.0
52.0
0.0
0.0
0.0
0.0
0.0
0.0
0.0
0.0
0.0
0.0
24.0
243.0
461.0
667.0
839.0
960.0
1022.0
1021.0
953.0
827.0
648.0
440.0
223.0
50.0
0.0
0.0
0.0
0.0
0.0
0.0
0.0
0.0
0.0
0.0
20.0
195.0
378.0
545.0
692.0
793.0
857.0
852.0
801.0
727.0
589.0
407.0
215.0
59.0
0.0
0.0
0.0
0.0
0.0
0.0
0.0
0.0
0.0
0.0
23.0
218.0
413.0
601.0
756.0
868.0
931.0
931.0
881.0
770.0
615.0
424.0
224.0
57.0
0.0
0.0
0.0
0.0
0.0
0.0
0.0
0.0
0.0
0.0
24.0
214.0
395.0
569.0
720.0
825.0
862.0
853.0
821.0
687.0
536.0
375.0
196.0
50.0
0.0
0.0
0.0
0.0
0.0
0.0
0.0
0.0
0.0
0.0
26.0
218.0
415.0
589.0
733.0
832.0
889.0
898.0
850.0
732.0
575.0
396.0
211.0
55.0
0.0
0.0
0.0
0.0
0.0
0.0
0.0
0.0
0.0
0.0
6.0
65.0
115.0
184.0
217.0
252.0
288.0
265.0
257.0
187.0
155.0
94.0
17.0
6.0
0.0
0.0
0.0
0.0
0.0
0.0
0.0
0.0
0.0
0.0
10.0
91.0
185.0
137.0
241.0
164.0
357.0
313.0
311.0
337.0
196.0
144.0
68.0
5.0
0.0
0.0
0.0
0.0
0.0
0.0
0.0
0.0
0.0
0.0
25.0
160.0
267.0
413.0
556.0
646.0
619.0
608.0
604.0
517.0
345.0
250.0
107.0
6.0
0.0
0.0
0.0
0.0
0.0
0.0
0.0
0.0
0.0
0.0
31.0
213.0
399.0
549.0
681.0
786.0
832.0
853.0
762.0
701.0
554.0
358.0
201.0
58.0
0.0
0.0
0.0
0.0
0.0
0.0
0.0
0.0
0.0
0.0
34.0
236.0
434.0
612.0
762.0
863.0
913.0
914.0
856.0
746.0
585.0
401.0
212.0
56.0
0.0
0.0
0.0
0.0
0.0
0.0
0.0
0.0
0.0
0.0
29.0
196.0
357.0
510.0
639.0
729.0
770.0
758.0
691.0
622.0
487.0
344.0
186.0
55.0
0.0
0.0
0.0
0.0
0.0
0.0
0.0
0.0
0.0
0.0
37.0
243.0
438.0
622.0
776.0
881.0
934.0
937.0
886.0
775.0
619.0
433.0
236.0
71.0
0.0
0.0
0.0
0.0
0.0
0.0
0.0
0.0
0.0
0.0
28.0
186.0
339.0
472.0
577.0
659.0
691.0
703.0
659.0
572.0
459.0
321.0
171.0
49.0
0.0
0.0
0.0
0.0
0.0
0.0
0.0
0.0
0.0
0.0
44.0
218.0
425.0
552.0
708.0
726.0
752.0
696.0
699.0
585.0
479.0
330.0
211.0
73.0
1.0
0.0
0.0
0.0
0.0
0.0
0.0
0.0
0.0
0.0
41.0
151.0
244.0
357.0
348.0
504.0
653.0
477.0
545.0
527.0
563.0
375.0
271.0
85.0
1.0
0.0
0.0
0.0
0.0
0.0
0.0
0.0
0.0
0.0
33.0
152.0
330.0
474.0
267.0
235.0
388.0
437.0
256.0
178.0
101.0
259.0
41.0
6.0
0.0
0.0
0.0
0.0
0.0
0.0
0.0
0.0
0.0
0.0
89.0
272.0
500.0
695.0
855.0
605.0
620.0
644.0
602.0
550.0
431.0
308.0
181.0
61.0
2.0
0.0
0.0
0.0
0.0
0.0
0.0
0.0
0.0
0.0
18.0
97.0
144.0
180.0
359.0
413.0
430.0
442.0
282.0
96.0
122.0
42.0
21.0
7.0
0.0
0.0
0.0
0.0
0.0
0.0
0.0
0.0
0.0
0.0
39.0
121.0
221.0
297.0
345.0
425.0
443.0
419.0
384.0
363.0
290.0
210.0
132.0
43.0
0.0
0.0
0.0
0.0
0.0
0.0
0.0
0.0
0.0
0.0
79.0
245.0
422.0
586.0
729.0
823.0
868.0
870.0
802.0
706.0
588.0
425.0
246.0
84.0
2.0
0.0
0.0
0.0
0.0
0.0
0.0
0.0
0.0
0.0
71.0
197.0
365.0
513.0
605.0
708.0
795.0
703.0
701.0
639.0
608.0
400.0
261.0
107.0
4.0
0.0
0.0
0.0
0.0
0.0
0.0
0.0
0.0
0.0
13.0
22.0
42.0
101.0
168.0
422.0
663.0
594.0
649.0
577.0
616.0
528.0
268.0
104.0
4.0
0.0
0.0
0.0
0.0
0.0
0.0
0.0
0.0
0.0
45.0
136.0
188.0
236.0
450.0
338.0
211.0
627.0
814.0
643.0
600.0
490.0
184.0
44.0
4.0
0.0
0.0
0.0
0.0
0.0
0.0
0.0
0.0
0.0
26.0
24.0
41.0
181.0
406.0
240.0
341.0
490.0
461.0
182.0
271.0
142.0
131.0
63.0
3.0
0.0
0.0
0.0
0.0
0.0
0.0
0.0
0.0
0.0
74.0
209.0
369.0
511.0
631.0
698.0
740.0
749.0
690.0
615.0
491.0
338.0
190.0
65.0
0.0
0.0
0.0
0.0
0.0
0.0
0.0
0.0
0.0
0.0
90.0
256.0
441.0
613.0
751.0
856.0
904.0
903.0
845.0
743.0
596.0
424.0
243.0
84.0
0.0
0.0
0.0
0.0
0.0
0.0
0.0
0.0
0.0
0.0
11.0
34.0
69.0
96.0
121.0
141.0
150.0
151.0
143.0
120.0
99.0
74.0
45.0
14.0
1.0
0.0
0.0
0.0
0.0
0.0
0.0
0.0
0.0
0.0
93.0
259.0
450.0
628.0
780.0
883.0
937.0
935.0
879.0
770.0
619.0
441.0
253.0
88.0
0.0
0.0
0.0
0.0
0.0
0.0
0.0
0.0
0.0
0.0
41.0
119.0
197.0
301.0
375.0
423.0
428.0
391.0
395.0
383.0
297.0
199.0
118.0
40.0
0.0
0.0
0.0
0.0
0.0
0.0
0.0
0.0
0.0
0.0
83.0
228.0
392.0
549.0
674.0
760.0
810.0
804.0
756.0
666.0
537.0
382.0
220.0
76.0
1.0
0.0
0.0
0.0
0.0
0.0
0.0
0.0
0.0
1.0
77.0
216.0
360.0
503.0
622.0
718.0
782.0
755.0
689.0
621.0
513.0
393.0
216.0
76.0
1.0
0.0
0.0
0.0
0.0
0.0
0.0
0.0
0.0
1.0
70.0
197.0
352.0
486.0
594.0
657.0
693.0
705.0
635.0
572.0
469.0
321.0
179.0
60.0
1.0
0.0
0.0
0.0
0.0
0.0
0.0
0.0
0.0
0.0
101.0
278.0
483.0
674.0
833.0
962.0
1024.0
1025.0
967.0
854.0
694.0
500.0
294.0
109.0
8.0
0.0
0.0
0.0
0.0
0.0
0.0
0.0
0.0
1.0
83.0
228.0
380.0
530.0
657.0
739.0
783.0
789.0
740.0
648.0
524.0
375.0
219.0
80.0
1.0
0.0
0.0
0.0
0.0
0.0
0.0
0.0
0.0
1.0
87.0
239.0
411.0
572.0
700.0
786.0
841.0
835.0
777.0
675.0
539.0
391.0
229.0
84.0
1.0
0.0
0.0
0.0
0.0
0.0
0.0
0.0
0.0
1.0
109.0
300.0
523.0
717.0
882.0
605.0
641.0
618.0
589.0
518.0
411.0
301.0
179.0
61.0
1.0
0.0
0.0
0.0
0.0
0.0
0.0
0.0
0.0
1.0
97.0
262.0
450.0
628.0
774.0
876.0
928.0
923.0
867.0
766.0
620.0
442.0
258.0
95.0
1.0
0.0
0.0
0.0
0.0
0.0
0.0
0.0
0.0
1.0
31.0
147.0
323.0
389.0
358.0
385.0
83.0
367.0
756.0
493.0
624.0
540.0
191.0
9.0
1.0
0.0
0.0
0.0
0.0
0.0
0.0
0.0
0.0
1.0
115.0
298.0
533.0
740.0
906.0
578.0
628.0
545.0
477.0
442.0
290.0
196.0
103.0
22.0
1.0
0.0
0.0
0.0
0.0
0.0
0.0
0.0
0.0
1.0
49.0
133.0
270.0
377.0
433.0
426.0
450.0
488.0
423.0
385.0
415.0
314.0
219.0
97.0
12.0
0.0
0.0
0.0
0.0
0.0
0.0
0.0
0.0
1.0
77.0
156.0
179.0
310.0
406.0
456.0
434.0
307.0
430.0
719.0
730.0
531.0
318.0
124.0
11.0
0.0
0.0
0.0
0.0
0.0
0.0
0.0
0.0
1.0
47.0
129.0
219.0
317.0
399.0
430.0
457.0
475.0
439.0
372.0
331.0
228.0
114.0
48.0
1.0
0.0
0.0
0.0
0.0
0.0
0.0
0.0
0.0
2.0
115.0
269.0
436.0
525.0
592.0
853.0
707.0
676.0
180.0
75.0
62.0
45.0
27.0
11.0
1.0
0.0
0.0
0.0
0.0
0.0
0.0
0.0
0.0
1.0
77.0
216.0
371.0
493.0
590.0
658.0
712.0
691.0
676.0
585.0
475.0
353.0
204.0
75.0
1.0
0.0
0.0
0.0
0.0
0.0
0.0
0.0
0.0
0.0
98.0
268.0
463.0
652.0
808.0
922.0
978.0
986.0
927.0
822.0
673.0
493.0
296.0
118.0
5.0
0.0
0.0
0.0
0.0
0.0
0.0
0.0
0.0
1.0
104.0
285.0
488.0
678.0
841.0
948.0
1005.0
1002.0
948.0
835.0
677.0
485.0
287.0
108.0
1.0
0.0
0.0
0.0
0.0
0.0
0.0
0.0
0.0
0.0
99.0
274.0
473.0
657.0
814.0
918.0
975.0
978.0
927.0
823.0
672.0
487.0
290.0
113.0
3.0
0.0
0.0
0.0
0.0
0.0
0.0
0.0
0.0
1.0
89.0
252.0
429.0
607.0
754.0
824.0
880.0
853.0
814.0
716.0
579.0
414.0
241.0
93.0
1.0
0.0
0.0
0.0
0.0
0.0
0.0
0.0
0.0
0.0
93.0
256.0
458.0
648.0
798.0
885.0
950.0
935.0
865.0
759.0
622.0
442.0
257.0
99.0
1.0
0.0
0.0
0.0
0.0
0.0
0.0
0.0
0.0
0.0
93.0
254.0
437.0
613.0
767.0
882.0
941.0
928.0
880.0
785.0
635.0
477.0
289.0
120.0
7.0
0.0
0.0
0.0
0.0
0.0
0.0
0.0
0.0
0.0
86.0
246.0
421.0
573.0
715.0
814.0
884.0
873.0
826.0
734.0
581.0
425.0
260.0
101.0
1.0
0.0
0.0
0.0
0.0
0.0
0.0
0.0
0.0
0.0
94.0
259.0
448.0
629.0
774.0
878.0
935.0
937.0
877.0
772.0
630.0
455.0
268.0
102.0
1.0
0.0
0.0
0.0
0.0
0.0
0.0
0.0
0.0
0.0
88.0
230.0
420.0
602.0
704.0
842.0
898.0
928.0
844.0
726.0
541.0
397.0
223.0
94.0
1.0
0.0
0.0
0.0
0.0
0.0
0.0
0.0
0.0
0.0
88.0
247.0
428.0
601.0
748.0
861.0
927.0
927.0
877.0
784.0
646.0
474.0
291.0
120.0
6.0
0.0
0.0
0.0
0.0
0.0
0.0
0.0
0.0
0.0
97.0
275.0
479.0
674.0
835.0
945.0
1000.0
1003.0
947.0
841.0
684.0
494.0
294.0
112.0
1.0
0.0
0.0
0.0
0.0
0.0
0.0
0.0
0.0
0.0
90.0
258.0
450.0
633.0
781.0
885.0
941.0
947.0
900.0
795.0
650.0
476.0
289.0
114.0
4.0
0.0
0.0
0.0
0.0
0.0
0.0
0.0
0.0
0.0
94.0
269.0
468.0
658.0
819.0
929.0
987.0
987.0
932.0
818.0
664.0
484.0
286.0
109.0
1.0
0.0
0.0
0.0
0.0
0.0
0.0
0.0
0.0
0.0
92.0
263.0
460.0
647.0
804.0
912.0
972.0
977.0
924.0
824.0
676.0
494.0
297.0
118.0
4.0
0.0
0.0
0.0
0.0
0.0
0.0
0.0
0.0
0.0
90.0
262.0
458.0
647.0
807.0
926.0
993.0
999.0
951.0
845.0
691.0
508.0
307.0
124.0
5.0
0.0
0.0
0.0
0.0
0.0
0.0
0.0
0.0
0.0
73.0
218.0
394.0
566.0
680.0
749.0
805.0
867.0
844.0
733.0
607.0
411.0
246.0
99.0
3.0
0.0
0.0
0.0
0.0
0.0
0.0
0.0
0.0
0.0
74.0
218.0
376.0
535.0
655.0
756.0
800.0
802.0
741.0
678.0
540.0
376.0
222.0
84.0
1.0
0.0
0.0
0.0
0.0
0.0
0.0
0.0
0.0
0.0
80.0
231.0
414.0
569.0
704.0
781.0
837.0
850.0
803.0
743.0
630.0
437.0
256.0
103.0
2.0
0.0
0.0
0.0
0.0
0.0
0.0
0.0
0.0
0.0
91.0
267.0
469.0
658.0
812.0
928.0
991.0
998.0
943.0
839.0
690.0
504.0
306.0
121.0
3.0
0.0
0.0
0.0
0.0
0.0
0.0
0.0
0.0
0.0
72.0
213.0
366.0
508.0
630.0
716.0
770.0
774.0
742.0
649.0
526.0
381.0
230.0
90.0
1.0
0.0
0.0
0.0
0.0
0.0
0.0
0.0
0.0
0.0
42.0
84.0
153.0
263.0
247.0
221.0
261.0
289.0
382.0
482.0
273.0
322.0
171.0
85.0
3.0
0.0
0.0
0.0
0.0
0.0
0.0
0.0
0.0
0.0
84.0
256.0
456.0
643.0
802.0
918.0
981.0
989.0
941.0
834.0
692.0
510.0
307.0
123.0
5.0
0.0
0.0
0.0
0.0
0.0
0.0
0.0
0.0
0.0
74.0
224.0
415.0
598.0
720.0
800.0
855.0
850.0
824.0
763.0
632.0
454.0
266.0
99.0
1.0
0.0
0.0
0.0
0.0
0.0
0.0
0.0
0.0
0.0
85.0
261.0
482.0
683.0
848.0
564.0
598.0
601.0
571.0
504.0
395.0
276.0
164.0
59.0
1.0
0.0
0.0
0.0
0.0
0.0
0.0
0.0
0.0
0.0
43.0
270.0
483.0
685.0
868.0
603.0
644.0
645.0
616.0
541.0
438.0
321.0
184.0
68.0
1.0
0.0
0.0
0.0
0.0
0.0
0.0
0.0
0.0
0.0
26.0
156.0
280.0
402.0
516.0
599.0
622.0
644.0
573.0
494.0
428.0
291.0
181.0
69.0
1.0
0.0
0.0
0.0
0.0
0.0
0.0
0.0
0.0
0.0
35.0
233.0
423.0
598.0
755.0
861.0
913.0
921.0
878.0
786.0
640.0
458.0
267.0
98.0
1.0
0.0
0.0
0.0
0.0
0.0
0.0
0.0
0.0
0.0
33.0
223.0
403.0
579.0
733.0
842.0
903.0
910.0
869.0
780.0
623.0
458.0
274.0
108.0
3.0
0.0
0.0
0.0
0.0
0.0
0.0
0.0
0.0
0.0
31.0
214.0
394.0
573.0
729.0
846.0
897.0
890.0
830.0
738.0
590.0
421.0
254.0
97.0
4.0
0.0
0.0
0.0
0.0
0.0
0.0
0.0
0.0
0.0
32.0
220.0
405.0
585.0
735.0
843.0
907.0
915.0
862.0
767.0
635.0
458.0
271.0
100.0
2.0
0.0
0.0
0.0
0.0
0.0
0.0
0.0
0.0
0.0
28.0
204.0
369.0
558.0
716.0
821.0
850.0
840.0
803.0
712.0
587.0
422.0
241.0
83.0
1.0
0.0
0.0
0.0
0.0
0.0
0.0
0.0
0.0
0.0
31.0
232.0
430.0
646.0
822.0
556.0
574.0
574.0
541.0
459.0
375.0
255.0
138.0
48.0
1.0
0.0
0.0
0.0
0.0
0.0
0.0
0.0
0.0
0.0
31.0
256.0
464.0
657.0
826.0
436.0
477.0
514.0
443.0
343.0
293.0
241.0
155.0
50.0
1.0
0.0
0.0
0.0
0.0
0.0
0.0
0.0
0.0
0.0
30.0
244.0
463.0
669.0
853.0
636.0
684.0
675.0
638.0
563.0
475.0
330.0
192.0
66.0
1.0
0.0
0.0
0.0
0.0
0.0
0.0
0.0
0.0
0.0
28.0
227.0
420.0
608.0
765.0
877.0
937.0
944.0
898.0
795.0
647.0
466.0
271.0
96.0
1.0
0.0
0.0
0.0
0.0
0.0
0.0
0.0
0.0
0.0
17.0
122.0
216.0
330.0
399.0
463.0
487.0
493.0
522.0
463.0
414.0
263.0
154.0
52.0
1.0
0.0
0.0
0.0
0.0
0.0
0.0
0.0
0.0
0.0
15.0
115.0
226.0
313.0
366.0
424.0
458.0
462.0
447.0
398.0
322.0
219.0
113.0
42.0
0.0
0.0
0.0
0.0
0.0
0.0
0.0
0.0
0.0
0.0
5.0
17.0
216.0
209.0
168.0
448.0
408.0
800.0
661.0
475.0
714.0
349.0
184.0
8.0
0.0
0.0
0.0
0.0
0.0
0.0
0.0
0.0
0.0
0.0
22.0
204.0
393.0
571.0
727.0
842.0
898.0
902.0
862.0
758.0
615.0
448.0
260.0
92.0
2.0
0.0
0.0
0.0
0.0
0.0
0.0
0.0
0.0
0.0
20.0
196.0
376.0
556.0
702.0
810.0
873.0
883.0
849.0
766.0
615.0
440.0
251.0
88.0
2.0
0.0
0.0
0.0
0.0
0.0
0.0
0.0
0.0
0.0
16.0
171.0
336.0
485.0
629.0
715.0
783.0
831.0
775.0
684.0
580.0
452.0
273.0
97.0
4.0
0.0
0.0
0.0
0.0
0.0
0.0
0.0
0.0
0.0
17.0
182.0
351.0
518.0
652.0
767.0
841.0
849.0
824.0
733.0
602.0
443.0
250.0
91.0
2.0
0.0
0.0
0.0
0.0
0.0
0.0
0.0
0.0
0.0
9.0
103.0
201.0
301.0
365.0
438.0
483.0
522.0
478.0
395.0
322.0
219.0
127.0
34.0
0.0
0.0
0.0
0.0
0.0
0.0
0.0
0.0
0.0
0.0
20.0
225.0
432.0
640.0
797.0
503.0
540.0
549.0
552.0
492.0
414.0
283.0
159.0
47.0
0.0
0.0
0.0
0.0
0.0
0.0
0.0
0.0
0.0
0.0
11.0
124.0
231.0
349.0
462.0
527.0
567.0
537.0
455.0
410.0
324.0
179.0
107.0
28.0
0.0
0.0
0.0
0.0
0.0
0.0
0.0
0.0
0.0
0.0
25.0
224.0
409.0
496.0
588.0
646.0
587.0
1058.0
116.0
81.0
52.0
37.0
25.0
7.0
0.0
0.0
0.0
0.0
0.0
0.0
0.0
0.0
0.0
0.0
13.0
176.0
347.0
512.0
644.0
747.0
816.0
844.0
809.0
703.0
541.0
402.0
225.0
70.0
1.0
0.0
0.0
0.0
0.0
0.0
0.0
0.0
0.0
0.0
12.0
169.0
340.0
503.0
646.0
738.0
795.0
800.0
757.0
667.0
542.0
382.0
212.0
65.0
0.0
0.0
0.0
0.0
0.0
0.0
0.0
0.0
0.0
0.0
13.0
194.0
392.0
587.0
751.0
871.0
938.0
946.0
894.0
788.0
634.0
445.0
245.0
74.0
0.0
0.0
0.0
0.0
0.0
0.0
0.0
0.0
0.0
0.0
12.0
187.0
382.0
575.0
740.0
859.0
925.0
933.0
882.0
776.0
622.0
434.0
236.0
70.0
0.0
0.0
0.0
0.0
0.0
0.0
0.0
0.0
0.0
0.0
7.0
124.0
285.0
420.0
594.0
686.0
720.0
692.0
744.0
640.0
535.0
418.0
226.0
65.0
0.0
0.0
0.0
0.0
0.0
0.0
0.0
0.0
0.0
0.0
12.0
187.0
408.0
544.0
660.0
384.0
506.0
551.0
572.0
450.0
300.0
219.0
130.0
51.0
0.0
0.0
0.0
0.0
0.0
0.0
0.0
0.0
0.0
0.0
11.0
191.0
395.0
597.0
770.0
894.0
962.0
972.0
924.0
813.0
652.0
454.0
244.0
68.0
0.0
0.0
0.0
0.0
0.0
0.0
0.0
0.0
0.0
0.0
10.0
111.0
281.0
351.0
378.0
163.0
228.0
509.0
477.0
431.0
541.0
451.0
199.0
65.0
0.0
0.0
0.0
0.0
0.0
0.0
0.0
0.0
0.0
0.0
3.0
52.0
120.0
181.0
239.0
273.0
299.0
297.0
283.0
245.0
196.0
141.0
78.0
20.0
0.0
0.0
0.0
0.0
0.0
0.0
0.0
0.0
0.0
0.0
3.0
73.0
153.0
230.0
289.0
388.0
392.0
415.0
389.0
366.0
308.0
180.0
90.0
23.0
0.0
0.0
0.0
0.0
0.0
0.0
0.0
0.0
0.0
0.0
8.0
173.0
374.0
578.0
755.0
880.0
949.0
956.0
902.0
790.0
628.0
430.0
224.0
56.0
0.0
0.0
0.0
0.0
0.0
0.0
0.0
0.0
0.0
0.0
5.0
100.0
226.0
366.0
493.0
624.0
643.0
624.0
553.0
544.0
454.0
320.0
181.0
55.0
0.0
0.0
0.0
0.0
0.0
0.0
0.0
0.0
0.0
0.0
5.0
133.0
305.0
348.0
532.0
710.0
518.0
570.0
805.0
630.0
542.0
384.0
226.0
55.0
0.0
0.0
0.0
0.0
0.0
0.0
0.0
0.0
0.0
0.0
6.0
173.0
375.0
580.0
749.0
871.0
933.0
940.0
882.0
767.0
606.0
409.0
205.0
45.0
0.0
0.0
0.0
0.0
0.0
0.0
0.0
0.0
0.0
0.0
5.0
161.0
352.0
541.0
699.0
817.0
879.0
877.0
826.0
726.0
575.0
394.0
200.0
44.0
0.0
0.0
0.0
0.0
0.0
0.0
0.0
0.0
0.0
0.0
5.0
179.0
400.0
581.0
722.0
313.0
393.0
368.0
457.0
430.0
305.0
294.0
174.0
48.0
0.0
0.0
0.0
0.0
0.0
0.0
0.0
0.0
0.0
0.0
4.0
157.0
350.0
534.0
698.0
814.0
874.0
879.0
831.0
730.0
582.0
391.0
196.0
40.0
0.0
0.0
0.0
0.0
0.0
0.0
0.0
0.0
0.0
0.0
3.0
152.0
333.0
486.0
677.0
505.0
663.0
649.0
755.0
533.0
426.0
237.0
116.0
22.0
0.0
0.0
0.0
0.0
0.0
0.0
0.0
0.0
0.0
0.0
4.0
146.0
332.0
515.0
668.0
780.0
834.0
836.0
800.0
688.0
536.0
362.0
176.0
17.0
0.0
0.0
0.0
0.0
0.0
0.0
0.0
0.0
0.0
0.0
3.0
116.0
272.0
446.0
609.0
714.0
755.0
766.0
692.0
648.0
526.0
344.0
163.0
13.0
0.0
0.0
0.0
0.0
0.0
0.0
0.0
0.0
0.0
0.0
3.0
107.0
225.0
394.0
459.0
508.0
639.0
661.0
552.0
511.0
398.0
267.0
194.0
32.0
0.0
0.0
0.0
0.0
0.0
0.0
0.0
0.0
0.0
0.0
2.0
136.0
316.0
512.0
702.0
812.0
937.0
942.0
883.0
765.0
597.0
394.0
185.0
31.0
0.0
0.0
0.0
0.0
0.0
0.0
0.0
0.0
0.0
0.0
1.0
73.0
189.0
297.0
380.0
460.0
526.0
498.0
458.0
407.0
289.0
168.0
70.0
2.0
0.0
0.0
0.0
0.0
0.0
0.0
0.0
0.0
0.0
0.0
2.0
94.0
270.0
415.0
571.0
606.0
718.0
727.0
696.0
521.0
357.0
247.0
134.0
21.0
0.0
0.0
0.0
0.0
0.0
0.0
0.0
0.0
0.0
0.0
1.0
93.0
215.0
352.0
484.0
539.0
568.0
553.0
531.0
492.0
414.0
243.0
123.0
12.0
0.0
0.0
0.0
0.0
0.0
0.0
0.0
0.0
0.0
0.0
1.0
128.0
308.0
484.0
643.0
753.0
800.0
801.0
752.0
647.0
497.0
300.0
122.0
2.0
0.0
0.0
0.0
0.0
0.0
0.0
0.0
0.0
0.0
0.0
1.0
115.0
273.0
437.0
560.0
668.0
740.0
742.0
721.0
652.0
498.0
321.0
145.0
10.0
0.0
0.0
0.0
0.0
0.0
0.0
0.0
0.0
0.0
0.0
1.0
92.0
224.0
359.0
498.0
571.0
620.0
625.0
574.0
478.0
368.0
219.0
92.0
2.0
0.0
0.0
0.0
0.0
0.0
0.0
0.0
0.0
0.0
0.0
1.0
142.0
361.0
574.0
755.0
583.0
613.0
618.0
578.0
467.0
310.0
189.0
79.0
1.0
0.0
0.0
0.0
0.0
0.0
0.0
0.0
0.0
0.0
0.0
1.0
110.0
276.0
454.0
590.0
681.0
757.0
755.0
741.0
642.0
508.0
328.0
143.0
9.0
0.0
0.0
0.0
0.0
0.0
0.0
0.0
0.0
0.0
0.0
1.0
34.0
84.0
134.0
184.0
212.0
222.0
226.0
211.0
174.0
134.0
83.0
34.0
1.0
0.0
0.0
0.0
0.0
0.0
0.0
0.0
0.0
0.0
0.0
0.0
127.0
322.0
519.0
690.0
813.0
877.0
879.0
817.0
698.0
531.0
331.0
134.0
4.0
0.0
0.0
0.0
0.0
0.0
0.0
0.0
0.0
0.0
0.0
0.0
121.0
308.0
504.0
667.0
781.0
843.0
835.0
786.0
670.0
512.0
318.0
126.0
3.0
0.0
0.0
0.0
0.0
0.0
0.0
0.0
0.0
0.0
0.0
1.0
122.0
316.0
517.0
676.0
790.0
862.0
840.0
770.0
644.0
490.0
295.0
112.0
1.0
0.0
0.0
0.0
0.0
0.0
0.0
0.0
0.0
0.0
0.0
1.0
39.0
109.0
194.0
265.0
301.0
336.0
316.0
264.0
224.0
170.0
106.0
41.0
1.0
0.0
0.0
0.0
0.0
0.0
0.0
0.0
0.0
0.0
0.0
1.0
69.0
184.0
297.0
402.0
437.0
499.0
513.0
454.0
355.0
226.0
117.0
24.0
1.0
0.0
0.0
0.0
0.0
0.0
0.0
0.0
0.0
0.0
0.0
1.0
76.0
203.0
351.0
438.0
519.0
593.0
597.0
525.0
452.0
329.0
188.0
70.0
1.0
0.0
0.0
0.0
0.0
0.0
0.0
0.0
0.0
0.0
0.0
0.0
38.0
86.0
179.0
196.0
202.0
214.0
289.0
242.0
201.0
152.0
79.0
27.0
4.0
0.0
0.0
0.0
0.0
0.0
0.0
0.0
0.0
0.0
0.0
0.0
42.0
112.0
196.0
251.0
286.0
307.0
334.0
303.0
249.0
184.0
106.0
37.0
0.0
0.0
0.0
0.0
0.0
0.0
0.0
0.0
0.0
0.0
0.0
0.0
42.0
114.0
197.0
264.0
306.0
345.0
363.0
300.0
254.0
181.0
111.0
36.0
0.0
0.0
0.0
0.0
0.0
0.0
0.0
0.0
0.0
0.0
0.0
0.0
95.0
273.0
453.0
585.0
662.0
703.0
718.0
661.0
550.0
426.0
246.0
92.0
2.0
0.0
0.0
0.0
0.0
0.0
0.0
0.0
0.0
0.0
0.0
0.0
92.0
253.0
416.0
557.0
653.0
712.0
709.0
662.0
562.0
414.0
247.0
81.0
0.0
0.0
0.0
0.0
0.0
0.0
0.0
0.0
0.0
0.0
0.0
0.0
88.0
249.0
415.0
554.0
650.0
703.0
701.0
646.0
541.0
398.0
231.0
74.0
0.0
0.0
0.0
0.0
0.0
0.0
0.0
0.0
0.0
0.0
0.0
0.0
44.0
128.0
182.0
275.0
387.0
343.0
394.0
175.0
158.0
101.0
54.0
56.0
1.0
0.0
0.0
0.0
0.0
0.0
0.0
0.0
0.0
0.0
0.0
0.0
44.0
259.0
434.0
580.0
693.0
736.0
724.0
671.0
570.0
423.0
254.0
79.0
0.0
0.0
0.0
0.0
0.0
0.0
0.0
0.0
0.0
0.0
0.0
0.0
35.0
161.0
133.0
61.0
360.0
477.0
765.0
560.0
657.0
403.0
194.0
85.0
0.0
0.0
0.0
0.0
0.0
0.0
0.0
0.0
0.0
0.0
0.0
0.0
50.0
305.0
515.0
691.0
816.0
878.0
874.0
794.0
653.0
465.0
254.0
66.0
0.0
0.0
0.0
0.0
0.0
0.0
0.0
0.0
0.0
0.0
0.0
0.0
44.0
282.0
477.0
640.0
753.0
807.0
802.0
737.0
611.0
442.0
248.0
70.0
0.0
0.0
0.0
0.0
0.0
0.0
0.0
0.0
0.0
0.0
0.0
0.0
36.0
235.0
396.0
531.0
637.0
699.0
710.0
667.0
549.0
390.0
224.0
62.0
0.0
0.0
0.0
0.0
0.0
0.0
0.0
0.0
0.0
0.0
0.0
0.0
18.0
76.0
113.0
52.0
135.0
291.0
316.0
299.0
264.0
271.0
183.0
47.0
0.0
0.0
0.0
0.0
0.0
0.0
0.0
0.0
0.0
0.0
0.0
0.0
7.0
129.0
170.0
262.0
261.0
316.0
312.0
380.0
359.0
294.0
162.0
33.0
0.0
0.0
0.0
0.0
0.0
0.0
0.0
0.0
0.0
0.0
0.0
0.0
21.0
169.0
307.0
434.0
500.0
548.0
541.0
515.0
385.0
275.0
152.0
59.0
0.0
0.0
0.0
0.0
0.0
0.0
0.0
0.0
0.0
0.0
0.0
0.0
35.0
270.0
469.0
638.0
757.0
815.0
809.0
737.0
607.0
429.0
228.0
52.0
0.0
0.0
0.0
0.0
0.0
0.0
0.0
0.0
0.0
0.0
0.0
0.0
33.0
263.0
455.0
619.0
736.0
795.0
788.0
720.0
592.0
420.0
222.0
49.0
0.0
0.0
0.0
0.0
0.0
0.0
0.0
0.0
0.0
0.0
0.0
0.0
29.0
237.0
413.0
568.0
678.0
728.0
726.0
665.0
541.0
383.0
195.0
41.0
0.0
0.0
0.0
0.0
0.0
0.0
0.0
0.0
0.0
0.0
0.0
0.0
29.0
246.0
435.0
596.0
711.0
767.0
758.0
695.0
572.0
403.0
208.0
23.0
0.0
0.0
0.0
0.0
0.0
0.0
0.0
0.0
0.0
0.0
0.0
0.0
23.0
241.0
431.0
597.0
752.0
810.0
802.0
727.0
578.0
411.0
206.0
27.0
0.0
0.0
0.0
0.0
0.0
0.0
0.0
0.0
0.0
0.0
0.0
0.0
26.0
247.0
438.0
595.0
702.0
760.0
747.0
679.0
552.0
379.0
188.0
15.0
0.0
0.0
0.0
0.0
0.0
0.0
0.0
0.0
0.0
0.0
0.0
0.0
11.0
110.0
182.0
252.0
446.0
632.0
454.0
289.0
295.0
267.0
206.0
31.0
0.0
0.0
0.0
0.0
0.0
0.0
0.0
0.0
0.0
0.0
0.0
0.0
23.0
242.0
434.0
596.0
713.0
770.0
761.0
689.0
562.0
388.0
190.0
15.0
0.0
0.0
0.0
0.0
0.0
0.0
0.0
0.0
0.0
0.0
0.0
0.0
20.0
218.0
398.0
542.0
644.0
695.0
683.0
618.0
501.0
344.0
160.0
9.0
0.0
0.0
0.0
0.0
0.0
0.0
0.0
0.0
0.0
0.0
0.0
0.0
19.0
199.0
360.0
499.0
581.0
651.0
601.0
544.0
428.0
297.0
142.0
2.0
0.0
0.0
0.0
0.0
0.0
0.0
0.0
0.0
0.0
0.0
0.0
0.0
12.0
167.0
334.0
455.0
532.0
552.0
627.0
522.0
467.0
326.0
169.0
22.0
0.0
0.0
0.0
0.0
0.0
0.0
0.0
0.0
0.0
0.0
0.0
0.0
18.0
226.0
410.0
573.0
687.0
730.0
716.0
643.0
515.0
346.0
161.0
7.0
0.0
0.0
0.0
0.0
0.0
0.0
0.0
0.0
0.0
0.0
0.0
0.0
12.0
188.0
292.0
406.0
520.0
602.0
596.0
540.0
454.0
320.0
162.0
9.0
0.0
0.0
0.0
0.0
0.0
0.0
0.0
0.0
0.0
0.0
0.0
0.0
15.0
233.0
431.0
597.0
710.0
760.0
745.0
667.0
534.0
355.0
157.0
5.0
0.0
0.0
0.0
0.0
0.0
0.0
0.0
0.0
0.0
0.0
0.0
0.0
25.0
178.0
231.0
458.0
345.0
442.0
577.0
292.0
232.0
234.0
169.0
12.0
0.0
0.0
0.0
0.0
0.0
0.0
0.0
0.0
0.0
0.0
0.0
0.0
12.0
220.0
414.0
578.0
692.0
749.0
736.0
659.0
525.0
346.0
151.0
5.0
0.0
0.0
0.0
0.0
0.0
0.0
0.0
0.0
0.0
0.0
0.0
0.0
11.0
184.0
349.0
488.0
597.0
642.0
634.0
574.0
456.0
297.0
127.0
4.0
0.0
0.0
0.0
0.0
0.0
0.0
0.0
0.0
0.0
0.0
0.0
0.0
10.0
194.0
374.0
523.0
628.0
669.0
660.0
591.0
472.0
302.0
125.0
3.0
0.0
0.0
0.0
0.0
0.0
0.0
0.0
0.0
0.0
0.0
0.0
0.0
10.0
185.0
346.0
483.0
582.0
638.0
633.0
565.0
435.0
283.0
123.0
4.0
0.0
0.0
0.0
0.0
0.0
0.0
0.0
0.0
0.0
0.0
0.0
0.0
9.0
176.0
351.0
472.0
599.0
654.0
600.0
506.0
361.0
248.0
109.0
1.0
0.0
0.0
0.0
0.0
0.0
0.0
0.0
0.0
0.0
0.0
0.0
0.0
7.0
141.0
262.0
377.0
462.0
489.0
488.0
422.0
326.0
203.0
78.0
1.0
0.0
0.0
0.0
0.0
0.0
0.0
0.0
0.0
0.0
0.0
0.0
0.0
3.0
18.0
45.0
67.0
86.0
93.0
449.0
388.0
291.0
185.0
71.0
1.0
0.0
0.0
0.0
0.0
0.0
0.0
0.0
0.0
0.0
0.0
0.0
0.0
6.0
153.0
312.0
441.0
543.0
601.0
574.0
470.0
403.0
251.0
102.0
1.0
0.0
0.0
0.0
0.0
0.0
0.0
0.0
0.0
0.0
0.0
0.0
0.0
6.0
169.0
340.0
494.0
603.0
642.0
634.0
562.0
438.0
279.0
108.0
2.0
0.0
0.0
0.0
0.0
0.0
0.0
0.0
0.0
0.0
0.0
0.0
0.0
5.0
175.0
355.0
510.0
620.0
671.0
661.0
586.0
456.0
288.0
109.0
2.0
0.0
0.0
0.0
0.0
0.0
0.0
0.0
0.0
0.0
0.0
0.0
0.0
2.0
73.0
154.0
218.0
305.0
320.0
295.0
270.0
203.0
120.0
37.0
0.0
0.0
0.0
0.0
0.0
0.0
0.0
0.0
0.0
0.0
0.0
0.0
0.0
3.0
84.0
251.0
288.0
200.0
200.0
261.0
238.0
403.0
299.0
106.0
3.0
0.0
0.0
0.0
0.0
0.0
0.0
0.0
0.0
0.0
0.0
0.0
0.0
3.0
127.0
262.0
384.0
470.0
508.0
494.0
428.0
324.0
196.0
65.0
0.0
0.0
0.0
0.0
0.0
0.0
0.0
0.0
0.0
0.0
0.0
0.0
0.0
8.0
179.0
376.0
548.0
273.0
333.0
450.0
410.0
36.0
21.0
7.0
0.0
0.0
0.0
0.0
0.0
0.0
0.0
0.0
0.0
0.0
0.0
0.0
0.0
2.0
121.0
274.0
388.0
477.0
496.0
463.0
469.0
392.0
243.0
88.0
1.0
0.0
0.0
0.0
0.0
0.0
0.0
0.0
0.0
0.0
0.0
0.0
0.0
2.0
78.0
166.0
221.0
225.0
337.0
310.0
239.0
184.0
236.0
93.0
1.0
0.0
0.0
0.0
0.0
0.0
0.0
0.0
0.0
0.0
0.0
0.0
0.0
2.0
22.0
56.0
80.0
77.0
108.0
487.0
416.0
303.0
188.0
60.0
0.0
0.0
0.0
0.0
0.0
0.0
0.0
0.0
0.0
0.0
0.0
0.0
0.0
1.0
124.0
240.0
368.0
465.0
558.0
519.0
452.0
350.0
153.0
22.0
0.0
0.0
0.0
0.0
0.0
0.0
0.0
0.0
0.0
0.0
0.0
0.0
0.0
1.0
111.0
300.0
409.0
525.0
402.0
332.0
419.0
226.0
102.0
56.0
0.0
0.0
0.0
0.0
0.0
0.0
0.0
0.0
0.0
0.0
0.0
0.0
0.0
1.0
41.0
63.0
222.0
515.0
522.0
234.0
160.0
347.0
253.0
77.0
0.0
0.0
0.0
0.0
0.0
0.0
0.0
0.0
0.0
0.0
0.0
0.0
0.0
1.0
101.0
177.0
298.0
342.0
400.0
401.0
316.0
192.0
113.0
6.0
0.0
0.0
0.0
0.0
0.0
0.0
0.0
0.0
0.0
0.0
0.0
0.0
0.0
1.0
70.0
165.0
279.0
339.0
394.0
303.0
266.0
227.0
146.0
67.0
0.0
0.0
0.0
0.0
0.0
0.0
0.0
0.0
0.0
0.0
0.0
0.0
0.0
1.0
109.0
267.0
372.0
457.0
502.0
491.0
418.0
223.0
84.0
5.0
0.0
0.0
0.0
0.0
0.0
0.0
0.0
0.0
0.0
0.0
0.0
0.0
0.0
1.0
117.0
241.0
305.0
427.0
495.0
498.0
460.0
357.0
167.0
44.0
0.0
0.0
0.0
0.0
0.0
0.0
0.0
0.0
0.0
0.0
0.0
0.0
0.0
1.0
116.0
282.0
227.0
244.0
380.0
328.0
334.0
230.0
90.0
5.0
0.0
0.0
0.0
0.0
0.0
0.0
0.0
0.0
0.0
0.0
0.0
0.0
0.0
1.0
110.0
229.0
496.0
448.0
428.0
226.0
208.0
166.0
28.0
4.0
0.0
0.0
0.0
0.0
0.0
0.0
0.0
0.0
0.0
0.0
0.0
0.0
0.0
1.0
82.0
184.0
203.0
418.0
474.0
412.0
333.0
303.0
108.0
4.0
0.0
0.0
0.0
0.0
0.0
0.0
0.0
0.0
0.0
0.0
0.0
0.0
0.0
1.0
73.0
164.0
301.0
219.0
373.0
293.0
390.0
290.0
232.0
56.0
0.0
0.0
0.0
0.0
0.0
0.0
0.0
0.0
0.0
0.0
0.0
0.0
0.0
1.0
59.0
143.0
211.0
270.0
362.0
335.0
292.0
175.0
72.0
4.0
0.0
0.0
0.0
0.0
0.0
0.0
0.0
0.0
0.0
0.0
0.0
0.0
0.0
0.0
71.0
204.0
336.0
358.0
366.0
316.0
325.0
268.0
192.0
47.0
0.0
0.0
0.0
0.0
0.0
0.0
0.0
0.0
0.0
0.0
0.0
0.0
0.0
0.0
29.0
92.0
189.0
128.0
300.0
410.0
414.0
241.0
218.0
46.0
0.0
0.0
0.0
0.0
0.0
0.0
0.0
0.0
0.0
0.0
0.0
0.0
0.0
0.0
43.0
43.0
34.0
155.0
343.0
358.0
418.0
399.0
209.0
29.0
0.0
0.0
0.0
0.0
0.0
0.0
0.0
0.0
0.0
0.0
0.0
0.0
0.0
0.0
8.0
29.0
44.0
59.0
64.0
61.0
51.0
38.0
20.0
3.0
0.0
0.0
0.0
0.0
0.0
0.0
0.0
0.0
0.0
0.0
0.0
0.0
0.0
0.0
9.0
46.0
75.0
94.0
104.0
99.0
89.0
61.0
39.0
4.0
0.0
0.0
0.0
0.0
0.0
0.0
0.0
0.0
0.0
0.0
0.0
0.0
0.0
0.0
24.0
120.0
206.0
239.0
278.0
282.0
234.0
167.0
91.0
3.0
0.0
0.0
0.0
0.0
0.0
0.0
0.0
0.0
0.0
0.0
0.0
0.0
0.0
0.0
39.0
235.0
381.0
472.0
519.0
504.0
435.0
316.0
167.0
14.0
0.0
0.0
0.0
0.0
0.0
0.0
0.0
0.0
0.0
0.0
0.0
0.0
0.0
0.0
37.0
245.0
394.0
494.0
537.0
530.0
458.0
338.0
179.0
16.0
0.0
0.0
0.0
0.0
0.0
0.0
0.0
0.0
0.0
0.0
0.0
0.0
0.0
0.0
34.0
253.0
406.0
512.0
560.0
547.0
472.0
346.0
183.0
15.0
0.0
0.0
0.0
0.0
0.0
0.0
0.0
0.0
0.0
0.0
0.0
0.0
0.0
0.0
32.0
235.0
380.0
479.0
526.0
513.0
445.0
328.0
170.0
14.0
0.0
0.0
0.0
0.0
0.0
0.0
0.0
0.0
0.0
0.0
0.0
0.0
0.0
0.0
16.0
159.0
268.0
313.0
469.0
391.0
337.0
270.0
154.0
12.0
0.0
0.0
0.0
0.0
0.0
0.0
0.0
0.0
0.0
0.0
0.0
0.0
0.0
0.0
28.0
231.0
377.0
484.0
533.0
518.0
448.0
322.0
165.0
13.0
0.0
0.0
0.0
0.0
0.0
0.0
0.0
0.0
0.0
0.0
0.0
0.0
0.0
0.0
21.0
149.0
266.0
361.0
392.0
399.0
324.0
224.0
103.0
2.0
0.0
0.0
0.0
0.0
0.0
0.0
0.0
0.0
0.0
0.0
0.0
0.0
0.0
0.0
23.0
197.0
335.0
430.0
477.0
452.0
398.0
302.0
151.0
11.0
0.0
0.0
0.0
0.0
0.0
0.0
0.0
0.0
0.0
0.0
0.0
0.0
0.0
0.0
18.0
175.0
290.0
410.0
428.0
446.0
397.0
254.0
147.0
11.0
0.0
0.0
0.0
0.0
0.0
0.0
0.0
0.0
0.0
0.0
0.0
0.0
0.0
0.0
20.0
194.0
328.0
434.0
484.0
458.0
379.0
281.0
131.0
6.0
0.0
0.0
0.0
0.0
0.0
0.0
0.0
0.0
0.0
0.0
0.0
0.0
0.0
0.0
19.0
222.0
370.0
478.0
529.0
520.0
449.0
324.0
165.0
11.0
0.0
0.0
0.0
0.0
0.0
0.0
0.0
0.0
0.0
0.0
0.0
0.0
0.0
0.0
17.0
217.0
364.0
468.0
514.0
506.0
436.0
315.0
160.0
9.0
0.0
0.0
0.0
0.0
0.0
0.0
0.0
0.0
0.0
0.0
0.0
0.0
0.0
0.0
15.0
185.0
305.0
406.0
448.0
448.0
393.0
268.0
124.0
5.0
0.0
0.0
0.0
0.0
0.0
0.0
0.0
0.0
0.0
0.0
0.0
0.0
0.0
0.0
14.0
186.0
323.0
427.0
463.0
452.0
385.0
273.0
130.0
6.0
0.0
0.0
0.0
0.0
0.0
0.0
0.0
0.0
0.0
0.0
0.0
0.0
0.0
0.0
5.0
67.0
194.0
202.0
360.0
254.0
81.0
104.0
59.0
25.0
0.0
0.0
0.0
0.0
0.0
0.0
0.0
0.0
0.0
0.0
0.0
0.0
0.0
0.0
11.0
142.0
219.0
299.0
344.0
324.0
291.0
200.0
106.0
2.0
0.0
0.0
0.0
0.0
0.0
0.0
0.0
0.0
0.0
0.0
0.0
0.0
0.0
0.0
6.0
87.0
157.0
211.0
242.0
247.0
200.0
142.0
64.0
2.0
0.0
0.0
0.0
0.0
0.0
0.0
0.0
0.0
0.0
0.0
0.0
0.0
0.0
0.0
5.0
67.0
118.0
158.0
169.0
162.0
133.0
99.0
48.0
2.0
0.0
0.0
0.0
0.0
0.0
0.0
0.0
0.0
0.0
0.0
0.0
0.0
0.0
0.0
4.0
16.0
28.0
37.0
41.0
322.0
275.0
199.0
99.0
5.0
0.0
0.0
0.0
0.0
0.0
0.0
0.0
0.0
0.0
0.0
0.0
0.0
0.0
0.0
4.0
17.0
28.0
38.0
40.0
303.0
266.0
190.0
93.0
6.0
0.0
0.0
0.0
0.0
0.0
0.0
0.0
0.0
0.0
0.0
0.0
0.0
0.0
0.0
3.0
15.0
27.0
36.0
41.0
285.0
251.0
179.0
88.0
3.0
0.0
0.0
0.0
0.0
0.0
0.0
0.0
0.0
0.0
0.0
0.0
0.0
0.0
0.0
7.0
184.0
331.0
438.0
492.0
483.0
415.0
292.0
142.0
6.0
0.0
0.0
0.0
0.0
0.0
0.0
0.0
0.0
0.0
0.0
0.0
0.0
0.0
0.0
5.0
157.0
289.0
391.0
444.0
430.0
360.0
253.0
129.0
6.0
0.0
0.0
0.0
0.0
0.0
0.0
0.0
0.0
0.0
0.0
0.0
0.0
0.0
0.0
6.0
159.0
294.0
391.0
439.0
437.0
374.0
269.0
130.0
8.0
0.0
0.0
0.0
0.0
0.0
0.0
0.0
0.0
0.0
0.0
0.0
0.0
0.0
0.0
6.0
174.0
317.0
425.0
475.0
469.0
407.0
293.0
144.0
7.0
0.0
0.0
0.0
0.0
0.0
0.0
0.0
0.0
0.0
0.0
0.0
0.0
0.0
0.0
5.0
141.0
256.0
343.0
416.0
392.0
376.0
247.0
113.0
4.0
0.0
0.0
0.0
0.0
0.0
0.0
0.0
0.0
0.0
0.0
0.0
0.0
0.0
0.0
5.0
165.0
310.0
419.0
472.0
468.0
402.0
288.0
140.0
7.0
0.0
0.0
0.0
0.0
0.0
0.0
0.0
0.0
0.0
0.0
0.0
0.0
0.0
0.0
5.0
142.0
257.0
344.0
396.0
400.0
337.0
231.0
106.0
2.0
0.0
0.0
0.0
0.0
0.0
0.0
0.0
0.0
0.0
0.0
0.0
0.0
0.0
0.0
2.0
13.0
25.0
34.0
39.0
273.0
219.0
161.0
77.0
2.0
0.0
0.0
0.0
0.0
0.0
0.0
0.0
0.0
0.0
0.0
0.0
0.0
0.0
0.0
3.0
158.0
299.0
408.0
464.0
462.0
398.0
286.0
140.0
7.0
0.0
0.0
0.0
0.0
0.0
0.0
0.0
0.0
0.0
0.0
0.0
0.0
0.0
0.0
3.0
140.0
275.0
376.0
441.0
429.0
371.0
261.0
129.0
7.0
0.0
0.0
0.0
0.0
0.0
0.0
0.0
0.0
0.0
0.0
0.0
0.0
0.0
0.0
3.0
139.0
274.0
374.0
423.0
415.0
373.0
268.0
136.0
9.0
0.0
0.0
0.0
0.0
0.0
0.0
0.0
0.0
0.0
0.0
0.0
0.0
0.0
0.0
2.0
131.0
255.0
370.0
424.0
418.0
353.0
237.0
99.0
2.0
0.0
0.0
0.0
0.0
0.0
0.0
0.0
0.0
0.0
0.0
0.0
0.0
0.0
0.0
10.0
166.0
211.0
169.0
65.0
137.0
308.0
246.0
156.0
23.0
0.0
0.0
0.0
0.0
0.0
0.0
0.0
0.0
0.0
0.0
0.0
0.0
0.0
0.0
2.0
103.0
201.0
275.0
308.0
310.0
290.0
220.0
116.0
10.0
0.0
0.0
0.0
0.0
0.0
0.0
0.0
0.0
0.0
0.0
0.0
0.0
0.0
0.0
2.0
111.0
247.0
367.0
361.0
391.0
358.0
249.0
126.0
2.0
0.0
0.0
0.0
0.0
0.0
0.0
0.0
0.0
0.0
0.0
0.0
0.0
0.0
0.0
2.0
105.0
202.0
294.0
354.0
357.0
326.0
244.0
114.0
2.0
0.0
0.0
0.0
0.0
0.0
0.0
0.0
0.0
0.0
0.0
0.0
0.0
0.0
0.0
2.0
92.0
175.0
257.0
295.0
301.0
256.0
183.0
86.0
5.0
0.0
0.0
0.0
0.0
0.0
0.0
0.0
0.0
0.0
0.0
0.0
0.0
0.0
0.0
2.0
13.0
25.0
35.0
40.0
285.0
248.0
177.0
91.0
4.0
0.0
0.0
0.0
0.0
0.0
0.0
0.0
0.0
0.0
0.0
0.0
0.0
0.0
0.0
1.0
136.0
299.0
343.0
341.0
335.0
300.0
183.0
95.0
10.0
0.0
0.0
0.0
0.0
0.0
0.0
0.0
0.0
0.0
0.0
0.0
0.0
0.0
0.0
2.0
122.0
253.0
319.0
363.0
392.0
337.0
224.0
101.0
10.0
0.0
0.0
0.0
0.0
0.0
0.0
0.0
0.0
0.0
0.0
0.0
0.0
0.0
0.0
2.0
104.0
206.0
312.0
333.0
330.0
275.0
192.0
97.0
2.0
0.0
0.0
0.0
0.0
0.0
0.0
0.0
0.0
0.0
0.0
0.0
0.0
0.0
0.0
2.0
90.0
188.0
253.0
311.0
296.0
241.0
166.0
81.0
2.0
0.0
0.0
0.0
0.0
0.0
0.0
0.0
0.0
0.0
0.0
0.0
0.0
0.0
0.0
1.0
45.0
100.0
176.0
276.0
391.0
427.0
313.0
162.0
28.0
0.0
0.0
0.0
0.0
0.0
0.0
0.0
0.0
0.0
0.0
0.0
0.0
0.0
0.0
1.0
83.0
173.0
256.0
327.0
400.0
381.0
298.0
163.0
27.0
0.0
0.0
0.0
0.0
0.0
0.0
0.0
0.0
0.0
0.0
0.0
0.0
0.0
0.0
1.0
106.0
270.0
151.0
210.0
256.0
155.0
207.0
155.0
16.0
0.0
0.0
0.0
0.0
0.0
0.0
0.0
0.0
0.0
0.0
0.0
0.0
0.0
0.0
1.0
75.0
102.0
201.0
245.0
281.0
315.0
321.0
137.0
15.0
0.0
0.0
0.0
0.0
0.0
0.0
0.0
0.0
0.0
0.0
0.0
0.0
0.0
0.0
1.0
122.0
259.0
359.0
401.0
412.0
347.0
265.0
140.0
12.0
0.0
0.0
0.0
0.0
0.0
0.0
