0.0
0.0
0.0
0.0
0.0
0.0
0.0
0.0
9.0
180.0
376.0
522.0
608.0
628.0
581.0
470.0
302.0
87.0
0.0
0.0
0.0
0.0
0.0
0.0
0.0
0.0
0.0
0.0
0.0
0.0
0.0
0.0
9.0
180.0
377.0
523.0
610.0
630.0
584.0
473.0
305.0
90.0
0.0
0.0
0.0
0.0
0.0
0.0
0.0
0.0
0.0
0.0
0.0
0.0
0.0
0.0
9.0
180.0
377.0
524.0
611.0
632.0
586.0
476.0
308.0
93.0
0.0
0.0
0.0
0.0
0.0
0.0
0.0
0.0
0.0
0.0
0.0
0.0
0.0
0.0
9.0
180.0
378.0
525.0
613.0
635.0
589.0
479.0
312.0
96.0
0.0
0.0
0.0
0.0
0.0
0.0
0.0
0.0
0.0
0.0
0.0
0.0
0.0
0.0
9.0
181.0
379.0
527.0
615.0
637.0
592.0
482.0
315.0
100.0
0.0
0.0
0.0
0.0
0.0
0.0
0.0
0.0
0.0
0.0
0.0
0.0
0.0
0.0
9.0
181.0
380.0
528.0
617.0
639.0
594.0
485.0
319.0
103.0
0.0
0.0
0.0
0.0
0.0
0.0
0.0
0.0
0.0
0.0
0.0
0.0
0.0
0.0
9.0
182.0
381.0
530.0
619.0
642.0
598.0
489.0
322.0
107.0
0.0
0.0
0.0
0.0
0.0
0.0
0.0
0.0
0.0
0.0
0.0
0.0
0.0
0.0
9.0
183.0
382.0
532.0
621.0
645.0
601.0
492.0
326.0
110.0
0.0
0.0
0.0
0.0
0.0
0.0
0.0
0.0
0.0
0.0
0.0
0.0
0.0
0.0
10.0
184.0
383.0
534.0
624.0
648.0
604.0
496.0
330.0
114.0
0.0
0.0
0.0
0.0
0.0
0.0
0.0
0.0
0.0
0.0
0.0
0.0
0.0
0.0
10.0
185.0
385.0
536.0
626.0
651.0
608.0
500.0
334.0
122.0
0.0
0.0
0.0
0.0
0.0
0.0
0.0
0.0
0.0
0.0
0.0
0.0
0.0
0.0
10.0
186.0
387.0
538.0
629.0
654.0
611.0
504.0
338.0
127.0
0.0
0.0
0.0
0.0
0.0
0.0
0.0
0.0
0.0
0.0
0.0
0.0
0.0
0.0
11.0
187.0
389.0
540.0
632.0
658.0
615.0
508.0
342.0
131.0
0.0
0.0
0.0
0.0
0.0
0.0
0.0
0.0
0.0
0.0
0.0
0.0
0.0
0.0
11.0
189.0
391.0
543.0
635.0
661.0
619.0
512.0
347.0
135.0
1.0
0.0
0.0
0.0
0.0
0.0
0.0
0.0
0.0
0.0
0.0
0.0
0.0
0.0
11.0
191.0
393.0
546.0
638.0
665.0
623.0
516.0
351.0
140.0
1.0
0.0
0.0
0.0
0.0
0.0
0.0
0.0
0.0
0.0
0.0
0.0
0.0
0.0
12.0
193.0
395.0
548.0
642.0
669.0
627.0
521.0
356.0
144.0
1.0
0.0
0.0
0.0
0.0
0.0
0.0
0.0
0.0
0.0
0.0
0.0
0.0
0.0
12.0
195.0
398.0
551.0
645.0
672.0
631.0
525.0
360.0
149.0
2.0
0.0
0.0
0.0
0.0
0.0
0.0
0.0
0.0
0.0
0.0
0.0
0.0
0.0
13.0
197.0
400.0
555.0
649.0
676.0
636.0
530.0
365.0
154.0
2.0
0.0
0.0
0.0
0.0
0.0
0.0
0.0
0.0
0.0
0.0
0.0
0.0
0.0
14.0
199.0
403.0
558.0
653.0
681.0
640.0
534.0
370.0
158.0
3.0
0.0
0.0
0.0
0.0
0.0
0.0
0.0
0.0
0.0
0.0
0.0
0.0
0.0
14.0
202.0
406.0
561.0
656.0
685.0
645.0
539.0
375.0
163.0
4.0
0.0
0.0
0.0
0.0
0.0
0.0
0.0
0.0
0.0
0.0
0.0
0.0
0.0
15.0
204.0
409.0
565.0
660.0
689.0
650.0
544.0
380.0
168.0
5.0
0.0
0.0
0.0
0.0
0.0
0.0
0.0
0.0
0.0
0.0
0.0
0.0
0.0
16.0
207.0
412.0
569.0
665.0
694.0
655.0
549.0
385.0
173.0
6.0
0.0
0.0
0.0
0.0
0.0
0.0
0.0
0.0
0.0
0.0
0.0
0.0
0.0
17.0
210.0
416.0
572.0
669.0
699.0
659.0
554.0
390.0
179.0
7.0
0.0
0.0
0.0
0.0
0.0
0.0
0.0
0.0
0.0
0.0
0.0
0.0
0.0
18.0
213.0
419.0
576.0
673.0
703.0
665.0
560.0
396.0
184.0
8.0
0.0
0.0
0.0
0.0
0.0
0.0
0.0
0.0
0.0
0.0
0.0
0.0
0.0
19.0
216.0
423.0
580.0
678.0
708.0
670.0
565.0
401.0
189.0
9.0
0.0
0.0
0.0
0.0
0.0
0.0
0.0
0.0
0.0
0.0
0.0
0.0
0.0
20.0
219.0
427.0
585.0
682.0
713.0
675.0
570.0
406.0
194.0
11.0
0.0
0.0
0.0
0.0
0.0
0.0
0.0
0.0
0.0
0.0
0.0
0.0
0.0
22.0
223.0
431.0
589.0
687.0
718.0
680.0
576.0
412.0
200.0
12.0
0.0
0.0
0.0
0.0
0.0
0.0
0.0
0.0
0.0
0.0
0.0
0.0
0.0
23.0
226.0
435.0
594.0
692.0
723.0
686.0
581.0
417.0
205.0
14.0
0.0
0.0
0.0
0.0
0.0
0.0
0.0
0.0
0.0
0.0
0.0
0.0
0.0
24.0
230.0
439.0
598.0
697.0
729.0
691.0
587.0
423.0
210.0
16.0
0.0
0.0
0.0
0.0
0.0
0.0
0.0
0.0
0.0
0.0
0.0
0.0
0.0
26.0
234.0
443.0
603.0
702.0
734.0
697.0
592.0
428.0
216.0
18.0
0.0
0.0
0.0
0.0
0.0
0.0
0.0
0.0
0.0
0.0
0.0
0.0
0.0
28.0
238.0
448.0
608.0
707.0
739.0
702.0
598.0
434.0
222.0
20.0
0.0
0.0
0.0
0.0
0.0
0.0
0.0
0.0
0.0
0.0
0.0
0.0
0.0
29.0
242.0
452.0
613.0
712.0
745.0
708.0
604.0
440.0
227.0
22.0
0.0
0.0
0.0
0.0
0.0
0.0
0.0
0.0
0.0
0.0
0.0
0.0
0.0
31.0
247.0
457.0
618.0
718.0
751.0
714.0
610.0
446.0
233.0
24.0
0.0
0.0
0.0
0.0
0.0
0.0
0.0
0.0
0.0
0.0
0.0
0.0
0.0
34.0
251.0
462.0
623.0
723.0
756.0
720.0
616.0
452.0
238.0
27.0
0.0
0.0
0.0
0.0
0.0
0.0
0.0
0.0
0.0
0.0
0.0
0.0
0.0
36.0
256.0
467.0
628.0
729.0
762.0
725.0
622.0
457.0
244.0
30.0
0.0
0.0
0.0
0.0
0.0
0.0
0.0
0.0
0.0
0.0
0.0
0.0
0.0
38.0
260.0
472.0
633.0
734.0
768.0
731.0
628.0
463.0
250.0
32.0
0.0
0.0
0.0
0.0
0.0
0.0
0.0
0.0
0.0
0.0
0.0
0.0
0.0
41.0
265.0
477.0
639.0
740.0
774.0
737.0
634.0
469.0
256.0
35.0
0.0
0.0
0.0
0.0
0.0
0.0
0.0
0.0
0.0
0.0
0.0
0.0
0.0
43.0
270.0
482.0
644.0
746.0
780.0
743.0
640.0
475.0
261.0
38.0
0.0
0.0
0.0
0.0
0.0
0.0
0.0
0.0
0.0
0.0
0.0
0.0
0.0
46.0
275.0
487.0
650.0
752.0
786.0
750.0
646.0
481.0
267.0
41.0
0.0
0.0
0.0
0.0
0.0
0.0
0.0
0.0
0.0
0.0
0.0
0.0
0.0
49.0
280.0
493.0
656.0
758.0
792.0
756.0
652.0
487.0
273.0
44.0
0.0
0.0
0.0
0.0
0.0
0.0
0.0
0.0
0.0
0.0
0.0
0.0
0.0
52.0
285.0
498.0
662.0
764.0
798.0
762.0
658.0
493.0
279.0
48.0
0.0
0.0
0.0
0.0
0.0
0.0
0.0
0.0
0.0
0.0
0.0
0.0
0.0
55.0
291.0
504.0
668.0
770.0
804.0
768.0
664.0
499.0
285.0
51.0
0.0
0.0
0.0
0.0
0.0
0.0
0.0
0.0
0.0
0.0
0.0
0.0
0.0
59.0
296.0
510.0
673.0
776.0
810.0
774.0
670.0
505.0
291.0
55.0
0.0
0.0
0.0
0.0
0.0
0.0
0.0
0.0
0.0
0.0
0.0
0.0
0.0
62.0
302.0
516.0
680.0
782.0
817.0
781.0
676.0
511.0
296.0
58.0
0.0
0.0
0.0
0.0
0.0
0.0
0.0
0.0
0.0
0.0
0.0
0.0
0.0
66.0
307.0
522.0
686.0
788.0
823.0
787.0
683.0
517.0
302.0
62.0
0.0
0.0
0.0
0.0
0.0
0.0
0.0
0.0
0.0
0.0
0.0
0.0
0.0
70.0
313.0
528.0
692.0
795.0
829.0
793.0
689.0
523.0
308.0
66.0
0.0
0.0
0.0
0.0
0.0
0.0
0.0
0.0
0.0
0.0
0.0
0.0
0.0
74.0
319.0
534.0
698.0
801.0
836.0
800.0
695.0
530.0
314.0
70.0
0.0
0.0
0.0
0.0
0.0
0.0
0.0
0.0
0.0
0.0
0.0
0.0
0.0
79.0
325.0
540.0
704.0
808.0
842.0
806.0
701.0
536.0
320.0
74.0
0.0
0.0
0.0
0.0
0.0
0.0
0.0
0.0
0.0
0.0
0.0
0.0
0.0
83.0
331.0
546.0
711.0
814.0
849.0
812.0
708.0
542.0
326.0
79.0
0.0
0.0
0.0
0.0
0.0
0.0
0.0
0.0
0.0
0.0
0.0
0.0
0.0
88.0
337.0
552.0
717.0
820.0
855.0
819.0
714.0
548.0
331.0
83.0
0.0
0.0
0.0
0.0
0.0
0.0
0.0
0.0
0.0
0.0
0.0
0.0
0.0
93.0
343.0
559.0
724.0
827.0
862.0
825.0
720.0
554.0
337.0
88.0
0.0
0.0
0.0
0.0
0.0
0.0
0.0
0.0
0.0
0.0
0.0
0.0
0.0
98.0
350.0
565.0
730.0
833.0
868.0
831.0
726.0
560.0
343.0
92.0
0.0
0.0
0.0
0.0
0.0
0.0
0.0
0.0
0.0
0.0
0.0
0.0
0.0
104.0
356.0
572.0
737.0
840.0
875.0
838.0
733.0
566.0
349.0
97.0
0.0
0.0
0.0
0.0
0.0
0.0
0.0
0.0
0.0
0.0
0.0
0.0
0.0
110.0
363.0
578.0
743.0
847.0
881.0
844.0
739.0
572.0
355.0
102.0
0.0
0.0
0.0
0.0
0.0
0.0
0.0
0.0
0.0
0.0
0.0
0.0
0.0
115.0
369.0
585.0
750.0
853.0
888.0
851.0
745.0
578.0
360.0
107.0
0.0
0.0
0.0
0.0
0.0
0.0
0.0
0.0
0.0
0.0
0.0
0.0
0.0
122.0
376.0
591.0
757.0
860.0
894.0
857.0
751.0
584.0
366.0
112.0
0.0
0.0
0.0
0.0
0.0
0.0
0.0
0.0
0.0
0.0
0.0
0.0
0.0
128.0
382.0
598.0
763.0
866.0
901.0
863.0
757.0
589.0
372.0
117.0
0.0
0.0
0.0
0.0
0.0
0.0
0.0
0.0
0.0
0.0
0.0
0.0
0.0
137.0
389.0
605.0
770.0
873.0
907.0
870.0
763.0
595.0
377.0
122.0
0.0
0.0
0.0
0.0
0.0
0.0
0.0
0.0
0.0
0.0
0.0
0.0
0.0
144.0
396.0
612.0
777.0
880.0
914.0
876.0
769.0
601.0
383.0
127.0
0.0
0.0
0.0
0.0
0.0
0.0
0.0
0.0
0.0
0.0
0.0
0.0
0.0
150.0
403.0
619.0
784.0
886.0
920.0
882.0
775.0
607.0
389.0
132.0
0.0
0.0
0.0
0.0
0.0
0.0
0.0
0.0
0.0
0.0
0.0
0.0
1.0
157.0
409.0
625.0
790.0
893.0
926.0
888.0
781.0
613.0
394.0
140.0
0.0
0.0
0.0
0.0
0.0
0.0
0.0
0.0
0.0
0.0
0.0
0.0
2.0
164.0
416.0
632.0
797.0
900.0
933.0
895.0
787.0
619.0
400.0
145.0
0.0
0.0
0.0
0.0
0.0
0.0
0.0
0.0
0.0
0.0
0.0
0.0
2.0
171.0
423.0
639.0
804.0
906.0
939.0
901.0
793.0
624.0
405.0
151.0
0.0
0.0
0.0
0.0
0.0
0.0
0.0
0.0
0.0
0.0
0.0
0.0
3.0
178.0
430.0
646.0
811.0
913.0
946.0
907.0
799.0
630.0
411.0
156.0
1.0
0.0
0.0
0.0
0.0
0.0
0.0
0.0
0.0
0.0
0.0
0.0
5.0
185.0
437.0
653.0
817.0
919.0
952.0
913.0
805.0
636.0
416.0
161.0
1.0
0.0
0.0
0.0
0.0
0.0
0.0
0.0
0.0
0.0
0.0
0.0
6.0
192.0
444.0
660.0
824.0
926.0
958.0
919.0
811.0
641.0
421.0
166.0
2.0
0.0
0.0
0.0
0.0
0.0
0.0
0.0
0.0
0.0
0.0
0.0
8.0
199.0
451.0
667.0
831.0
933.0
965.0
925.0
817.0
647.0
427.0
172.0
2.0
0.0
0.0
0.0
0.0
0.0
0.0
0.0
0.0
0.0
0.0
0.0
9.0
207.0
459.0
674.0
838.0
939.0
971.0
931.0
822.0
652.0
432.0
177.0
3.0
0.0
0.0
0.0
0.0
0.0
0.0
0.0
0.0
0.0
0.0
0.0
11.0
214.0
466.0
681.0
845.0
946.0
977.0
937.0
828.0
658.0
437.0
182.0
4.0
0.0
0.0
0.0
0.0
0.0
0.0
0.0
0.0
0.0
0.0
0.0
14.0
221.0
473.0
688.0
851.0
952.0
983.0
943.0
834.0
663.0
442.0
187.0
5.0
0.0
0.0
0.0
0.0
0.0
0.0
0.0
0.0
0.0
0.0
0.0
16.0
228.0
480.0
695.0
858.0
958.0
989.0
949.0
839.0
668.0
448.0
192.0
6.0
0.0
0.0
0.0
0.0
0.0
0.0
0.0
0.0
0.0
0.0
0.0
19.0
236.0
487.0
702.0
865.0
965.0
996.0
955.0
845.0
674.0
453.0
197.0
7.0
0.0
0.0
0.0
0.0
0.0
0.0
0.0
0.0
0.0
0.0
0.0
21.0
243.0
494.0
709.0
871.0
971.0
1002.0
960.0
850.0
679.0
458.0
202.0
8.0
0.0
0.0
0.0
0.0
0.0
0.0
0.0
0.0
0.0
0.0
0.0
25.0
250.0
501.0
716.0
878.0
978.0
1008.0
966.0
856.0
684.0
463.0
207.0
9.0
0.0
0.0
0.0
0.0
0.0
0.0
0.0
0.0
0.0
0.0
0.0
28.0
258.0
509.0
722.0
885.0
984.0
1014.0
972.0
861.0
689.0
468.0
212.0
11.0
0.0
0.0
0.0
0.0
0.0
0.0
0.0
0.0
0.0
0.0
0.0
31.0
265.0
516.0
729.0
891.0
990.0
1019.0
977.0
866.0
694.0
473.0
217.0
12.0
0.0
0.0
0.0
0.0
0.0
0.0
0.0
0.0
0.0
0.0
0.0
35.0
272.0
523.0
736.0
898.0
996.0
1025.0
983.0
871.0
699.0
477.0
222.0
14.0
0.0
0.0
0.0
0.0
0.0
0.0
0.0
0.0
0.0
0.0
0.0
39.0
280.0
530.0
743.0
904.0
1002.0
1031.0
988.0
877.0
704.0
482.0
226.0
15.0
0.0
0.0
0.0
0.0
0.0
0.0
0.0
0.0
0.0
0.0
0.0
43.0
287.0
537.0
750.0
911.0
1008.0
1037.0
993.0
882.0
709.0
487.0
231.0
17.0
0.0
0.0
0.0
0.0
0.0
0.0
0.0
0.0
0.0
0.0
0.0
47.0
294.0
544.0
757.0
917.0
1014.0
1042.0
999.0
887.0
714.0
492.0
236.0
18.0
0.0
0.0
0.0
0.0
0.0
0.0
0.0
0.0
0.0
0.0
0.0
52.0
302.0
551.0
763.0
923.0
1020.0
1048.0
1004.0
892.0
719.0
497.0
241.0
20.0
0.0
0.0
0.0
0.0
0.0
0.0
0.0
0.0
0.0
0.0
0.0
56.0
309.0
558.0
770.0
930.0
1026.0
1053.0
1009.0
897.0
723.0
501.0
245.0
22.0
0.0
0.0
0.0
0.0
0.0
0.0
0.0
0.0
0.0
0.0
0.0
61.0
316.0
565.0
777.0
936.0
1032.0
1059.0
1014.0
901.0
728.0
506.0
250.0
24.0
0.0
0.0
0.0
0.0
0.0
0.0
0.0
0.0
0.0
0.0
0.0
66.0
324.0
572.0
783.0
942.0
1038.0
1064.0
1019.0
906.0
733.0
510.0
254.0
26.0
0.0
0.0
0.0
0.0
0.0
0.0
0.0
0.0
0.0
0.0
0.0
72.0
331.0
579.0
790.0
948.0
1044.0
1070.0
1024.0
911.0
737.0
515.0
259.0
28.0
0.0
0.0
0.0
0.0
0.0
0.0
0.0
0.0
0.0
0.0
0.0
77.0
338.0
586.0
796.0
954.0
1049.0
1075.0
1029.0
916.0
742.0
519.0
264.0
30.0
0.0
0.0
0.0
0.0
0.0
0.0
0.0
0.0
0.0
0.0
0.0
83.0
345.0
593.0
803.0
960.0
1055.0
1080.0
1034.0
920.0
746.0
524.0
268.0
33.0
0.0
0.0
0.0
0.0
0.0
0.0
0.0
0.0
0.0
0.0
0.0
89.0
353.0
600.0
809.0
966.0
1060.0
1085.0
1039.0
925.0
750.0
528.0
272.0
35.0
0.0
0.0
0.0
0.0
0.0
0.0
0.0
0.0
0.0
0.0
0.0
95.0
360.0
607.0
815.0
972.0
1066.0
1090.0
1043.0
929.0
755.0
532.0
277.0
37.0
0.0
0.0
0.0
0.0
0.0
0.0
0.0
0.0
0.0
0.0
0.0
101.0
367.0
613.0
822.0
978.0
1071.0
1095.0
1048.0
933.0
759.0
537.0
281.0
40.0
0.0
0.0
0.0
0.0
0.0
0.0
0.0
0.0
0.0
0.0
0.0
108.0
374.0
620.0
828.0
983.0
1076.0
1100.0
1053.0
938.0
763.0
541.0
286.0
42.0
0.0
0.0
0.0
0.0
0.0
0.0
0.0
0.0
0.0
0.0
0.0
114.0
381.0
626.0
834.0
989.0
1081.0
1105.0
1057.0
942.0
767.0
545.0
290.0
45.0
0.0
0.0
0.0
0.0
0.0
0.0
0.0
0.0
0.0
0.0
0.0
121.0
388.0
633.0
840.0
995.0
1087.0
1109.0
1062.0
946.0
771.0
549.0
294.0
47.0
0.0
0.0
0.0
0.0
0.0
0.0
0.0
0.0
0.0
0.0
0.0
128.0
395.0
639.0
846.0
1000.0
1092.0
1114.0
1066.0
950.0
775.0
553.0
298.0
50.0
0.0
0.0
0.0
0.0
0.0
0.0
0.0
0.0
0.0
0.0
0.0
136.0
401.0
646.0
852.0
1006.0
1097.0
1119.0
1070.0
954.0
779.0
557.0
303.0
53.0
0.0
0.0
0.0
0.0
0.0
0.0
0.0
0.0
0.0
0.0
0.0
143.0
408.0
652.0
858.0
1011.0
1101.0
1123.0
1074.0
958.0
783.0
561.0
307.0
55.0
0.0
0.0
0.0
0.0
0.0
0.0
0.0
0.0
0.0
0.0
0.0
150.0
415.0
658.0
863.0
1016.0
1106.0
1127.0
1078.0
962.0
787.0
565.0
311.0
58.0
0.0
0.0
0.0
0.0
0.0
0.0
0.0
0.0
0.0
0.0
1.0
157.0
422.0
664.0
869.0
1021.0
1111.0
1132.0
1082.0
966.0
791.0
569.0
315.0
61.0
0.0
0.0
0.0
0.0
0.0
0.0
0.0
0.0
0.0
0.0
2.0
164.0
428.0
671.0
875.0
1026.0
1116.0
1136.0
1086.0
970.0
795.0
573.0
319.0
64.0
0.0
0.0
0.0
0.0
0.0
0.0
0.0
0.0
0.0
0.0
2.0
171.0
435.0
677.0
880.0
1031.0
1120.0
1140.0
1090.0
974.0
799.0
577.0
323.0
67.0
0.0
0.0
0.0
0.0
0.0
0.0
0.0
0.0
0.0
0.0
4.0
178.0
441.0
682.0
885.0
1036.0
1124.0
1144.0
1094.0
977.0
802.0
580.0
327.0
70.0
0.0
0.0
0.0
0.0
0.0
0.0
0.0
0.0
0.0
0.0
5.0
184.0
447.0
688.0
891.0
1041.0
1129.0
1148.0
1098.0
981.0
806.0
584.0
331.0
74.0
0.0
0.0
0.0
0.0
0.0
0.0
0.0
0.0
0.0
0.0
6.0
191.0
454.0
694.0
896.0
1046.0
1133.0
1152.0
1101.0
985.0
809.0
588.0
335.0
77.0
0.0
0.0
0.0
0.0
0.0
0.0
0.0
0.0
0.0
0.0
8.0
198.0
460.0
700.0
901.0
1050.0
1137.0
1156.0
1105.0
988.0
813.0
592.0
339.0
80.0
0.0
0.0
0.0
0.0
0.0
0.0
0.0
0.0
0.0
0.0
10.0
204.0
466.0
705.0
906.0
1055.0
1141.0
1160.0
1109.0
991.0
816.0
595.0
343.0
84.0
0.0
0.0
0.0
0.0
0.0
0.0
0.0
0.0
0.0
0.0
11.0
211.0
472.0
711.0
911.0
1059.0
1145.0
1163.0
1112.0
995.0
820.0
599.0
347.0
87.0
0.0
0.0
0.0
0.0
0.0
0.0
0.0
0.0
0.0
0.0
14.0
217.0
478.0
716.0
916.0
1064.0
1149.0
1167.0
1115.0
998.0
823.0
602.0
351.0
90.0
0.0
0.0
0.0
0.0
0.0
0.0
0.0
0.0
0.0
0.0
16.0
223.0
483.0
721.0
921.0
1068.0
1153.0
1170.0
1119.0
1001.0
826.0
606.0
355.0
94.0
0.0
0.0
0.0
0.0
0.0
0.0
0.0
0.0
0.0
0.0
18.0
230.0
489.0
726.0
925.0
1072.0
1157.0
1174.0
1122.0
1005.0
830.0
609.0
359.0
98.0
0.0
0.0
0.0
0.0
0.0
0.0
0.0
0.0
0.0
0.0
21.0
236.0
495.0
732.0
930.0
1076.0
1161.0
1177.0
1125.0
1008.0
833.0
613.0
362.0
101.0
0.0
0.0
0.0
0.0
0.0
0.0
0.0
0.0
0.0
0.0
23.0
242.0
500.0
737.0
934.0
1080.0
1164.0
1181.0
1128.0
1011.0
836.0
616.0
366.0
105.0
0.0
0.0
0.0
0.0
0.0
0.0
0.0
0.0
0.0
0.0
26.0
248.0
506.0
741.0
939.0
1084.0
1168.0
1184.0
1131.0
1014.0
839.0
620.0
370.0
109.0
0.0
0.0
0.0
0.0
0.0
0.0
0.0
0.0
0.0
0.0
29.0
253.0
511.0
746.0
943.0
1088.0
1171.0
1187.0
1134.0
1017.0
842.0
623.0
374.0
112.0
0.0
0.0
0.0
0.0
0.0
0.0
0.0
0.0
0.0
0.0
32.0
259.0
516.0
751.0
947.0
1092.0
1174.0
1190.0
1137.0
1020.0
845.0
626.0
377.0
116.0
0.0
0.0
0.0
0.0
0.0
0.0
0.0
0.0
0.0
0.0
35.0
265.0
521.0
755.0
951.0
1095.0
1178.0
1193.0
1140.0
1022.0
848.0
629.0
381.0
120.0
0.0
0.0
0.0
0.0
0.0
0.0
0.0
0.0
0.0
0.0
38.0
270.0
526.0
760.0
955.0
1099.0
1181.0
1196.0
1143.0
1025.0
851.0
633.0
384.0
124.0
0.0
0.0
0.0
0.0
0.0
0.0
0.0
0.0
0.0
0.0
41.0
276.0
531.0
764.0
959.0
1102.0
1184.0
1199.0
1145.0
1028.0
854.0
636.0
388.0
128.0
0.0
0.0
0.0
0.0
0.0
0.0
0.0
0.0
0.0
0.0
44.0
281.0
536.0
769.0
963.0
1105.0
1187.0
1201.0
1148.0
1031.0
857.0
639.0
392.0
132.0
0.0
0.0
0.0
0.0
0.0
0.0
0.0
0.0
0.0
0.0
48.0
286.0
541.0
773.0
966.0
1109.0
1190.0
1204.0
1151.0
1033.0
860.0
642.0
395.0
136.0
0.0
0.0
0.0
0.0
0.0
0.0
0.0
0.0
0.0
0.0
51.0
291.0
545.0
777.0
970.0
1112.0
1192.0
1207.0
1153.0
1036.0
863.0
645.0
399.0
140.0
0.0
0.0
0.0
0.0
0.0
0.0
0.0
0.0
0.0
0.0
55.0
296.0
550.0
781.0
973.0
1115.0
1195.0
1209.0
1156.0
1038.0
865.0
648.0
402.0
144.0
0.0
0.0
0.0
0.0
0.0
0.0
0.0
0.0
0.0
0.0
58.0
301.0
554.0
785.0
977.0
1118.0
1198.0
1212.0
1158.0
1041.0
868.0
651.0
406.0
147.0
1.0
0.0
0.0
0.0
0.0
0.0
0.0
0.0
0.0
0.0
62.0
306.0
558.0
788.0
980.0
1121.0
1200.0
1214.0
1160.0
1043.0
871.0
654.0
409.0
151.0
1.0
0.0
0.0
0.0
0.0
0.0
0.0
0.0
0.0
0.0
65.0
311.0
563.0
792.0
983.0
1123.0
1203.0
1216.0
1163.0
1046.0
873.0
657.0
412.0
155.0
2.0
0.0
0.0
0.0
0.0
0.0
0.0
0.0
0.0
0.0
69.0
315.0
567.0
795.0
986.0
1126.0
1205.0
1218.0
1165.0
1048.0
876.0
660.0
416.0
159.0
2.0
0.0
0.0
0.0
0.0
0.0
0.0
0.0
0.0
0.0
72.0
320.0
570.0
799.0
989.0
1129.0
1208.0
1221.0
1167.0
1050.0
878.0
663.0
419.0
163.0
3.0
0.0
0.0
0.0
0.0
0.0
0.0
0.0
0.0
0.0
76.0
324.0
574.0
802.0
992.0
1131.0
1210.0
1223.0
1169.0
1053.0
881.0
666.0
422.0
167.0
3.0
0.0
0.0
0.0
0.0
0.0
0.0
0.0
0.0
0.0
80.0
328.0
578.0
805.0
995.0
1133.0
1212.0
1225.0
1171.0
1055.0
883.0
669.0
426.0
171.0
4.0
0.0
0.0
0.0
0.0
0.0
0.0
0.0
0.0
0.0
83.0
332.0
581.0
808.0
997.0
1136.0
1214.0
1227.0
1173.0
1057.0
886.0
672.0
429.0
174.0
5.0
0.0
0.0
0.0
0.0
0.0
0.0
0.0
0.0
0.0
87.0
336.0
585.0
811.0
1000.0
1138.0
1216.0
1229.0
1175.0
1059.0
888.0
674.0
432.0
178.0
6.0
0.0
0.0
0.0
0.0
0.0
0.0
0.0
0.0
0.0
91.0
340.0
588.0
814.0
1002.0
1140.0
1218.0
1230.0
1177.0
1061.0
891.0
677.0
435.0
182.0
6.0
0.0
0.0
0.0
0.0
0.0
0.0
0.0
0.0
0.0
94.0
344.0
591.0
817.0
1005.0
1142.0
1220.0
1232.0
1179.0
1063.0
893.0
680.0
438.0
185.0
7.0
0.0
0.0
0.0
0.0
0.0
0.0
0.0
0.0
0.0
98.0
347.0
595.0
820.0
1007.0
1144.0
1222.0
1234.0
1181.0
1065.0
895.0
682.0
442.0
189.0
8.0
0.0
0.0
0.0
0.0
0.0
0.0
0.0
0.0
0.0
101.0
351.0
598.0
822.0
1009.0
1146.0
1223.0
1236.0
1182.0
1067.0
897.0
685.0
445.0
192.0
10.0
0.0
0.0
0.0
0.0
0.0
0.0
0.0
0.0
0.0
105.0
354.0
600.0
825.0
1011.0
1148.0
1225.0
1237.0
1184.0
1069.0
899.0
688.0
448.0
196.0
11.0
0.0
0.0
0.0
0.0
0.0
0.0
0.0
0.0
0.0
108.0
357.0
603.0
827.0
1013.0
1150.0
1226.0
1239.0
1186.0
1071.0
902.0
690.0
451.0
199.0
12.0
0.0
0.0
0.0
0.0
0.0
0.0
0.0
0.0
0.0
111.0
360.0
606.0
829.0
1015.0
1151.0
1228.0
1240.0
1187.0
1072.0
904.0
693.0
454.0
203.0
13.0
0.0
0.0
0.0
0.0
0.0
0.0
0.0
0.0
0.0
115.0
363.0
608.0
831.0
1017.0
1153.0
1229.0
1242.0
1189.0
1074.0
906.0
695.0
457.0
206.0
14.0
0.0
0.0
0.0
0.0
0.0
0.0
0.0
0.0
0.0
118.0
366.0
611.0
833.0
1019.0
1154.0
1231.0
1243.0
1190.0
1076.0
908.0
698.0
459.0
210.0
16.0
0.0
0.0
0.0
0.0
0.0
0.0
0.0
0.0
0.0
121.0
369.0
613.0
835.0
1020.0
1156.0
1232.0
1244.0
1192.0
1078.0
910.0
700.0
462.0
213.0
17.0
0.0
0.0
0.0
0.0
0.0
0.0
0.0
0.0
0.0
123.0
372.0
615.0
837.0
1022.0
1157.0
1233.0
1246.0
1193.0
1079.0
912.0
702.0
465.0
216.0
18.0
0.0
0.0
0.0
0.0
0.0
0.0
0.0
0.0
0.0
126.0
374.0
617.0
839.0
1023.0
1158.0
1235.0
1247.0
1194.0
1081.0
914.0
705.0
468.0
219.0
20.0
0.0
0.0
0.0
0.0
0.0
0.0
0.0
0.0
0.0
128.0
377.0
619.0
840.0
1025.0
1159.0
1236.0
1248.0
1196.0
1082.0
916.0
707.0
471.0
222.0
21.0
0.0
0.0
0.0
0.0
0.0
0.0
0.0
0.0
0.0
131.0
379.0
621.0
842.0
1026.0
1161.0
1237.0
1249.0
1197.0
1084.0
918.0
709.0
473.0
225.0
22.0
0.0
0.0
0.0
0.0
0.0
0.0
0.0
0.0
0.0
134.0
381.0
623.0
843.0
1027.0
1162.0
1238.0
1250.0
1198.0
1085.0
919.0
711.0
476.0
229.0
24.0
0.0
0.0
0.0
0.0
0.0
0.0
0.0
0.0
1.0
136.0
383.0
625.0
845.0
1028.0
1163.0
1239.0
1251.0
1199.0
1087.0
921.0
714.0
478.0
231.0
25.0
0.0
0.0
0.0
0.0
0.0
0.0
0.0
0.0
1.0
138.0
385.0
626.0
846.0
1029.0
1163.0
1239.0
1252.0
1201.0
1088.0
923.0
716.0
481.0
234.0
27.0
0.0
0.0
0.0
0.0
0.0
0.0
0.0
0.0
1.0
141.0
387.0
628.0
847.0
1030.0
1164.0
1240.0
1253.0
1202.0
1090.0
925.0
718.0
483.0
237.0
29.0
0.0
0.0
0.0
0.0
0.0
0.0
0.0
0.0
1.0
143.0
388.0
629.0
848.0
1031.0
1165.0
1241.0
1254.0
1203.0
1091.0
926.0
720.0
486.0
240.0
30.0
0.0
0.0
0.0
0.0
0.0
0.0
0.0
0.0
1.0
145.0
390.0
630.0
849.0
1032.0
1166.0
1242.0
1255.0
1204.0
1092.0
928.0
722.0
488.0
243.0
32.0
0.0
0.0
0.0
0.0
0.0
0.0
0.0
0.0
2.0
146.0
391.0
631.0
850.0
1033.0
1166.0
1242.0
1255.0
1205.0
1093.0
929.0
724.0
490.0
245.0
33.0
0.0
0.0
0.0
0.0
0.0
0.0
0.0
0.0
2.0
148.0
393.0
633.0
851.0
1033.0
1167.0
1243.0
1256.0
1206.0
1095.0
931.0
726.0
493.0
248.0
35.0
0.0
0.0
0.0
0.0
0.0
0.0
0.0
0.0
2.0
150.0
394.0
633.0
852.0
1034.0
1168.0
1244.0
1257.0
1206.0
1096.0
932.0
728.0
495.0
251.0
36.0
0.0
0.0
0.0
0.0
0.0
0.0
0.0
0.0
2.0
151.0
395.0
634.0
852.0
1034.0
1168.0
1244.0
1258.0
1207.0
1097.0
934.0
729.0
497.0
253.0
38.0
0.0
0.0
0.0
0.0
0.0
0.0
0.0
0.0
3.0
152.0
396.0
635.0
853.0
1035.0
1168.0
1245.0
1258.0
1208.0
1098.0
935.0
731.0
499.0
256.0
39.0
0.0
0.0
0.0
0.0
0.0
0.0
0.0
0.0
3.0
154.0
397.0
636.0
853.0
1035.0
1169.0
1245.0
1259.0
1209.0
1099.0
937.0
733.0
501.0
258.0
41.0
0.0
0.0
0.0
0.0
0.0
0.0
0.0
0.0
3.0
155.0
398.0
636.0
854.0
1035.0
1169.0
1245.0
1259.0
1210.0
1100.0
938.0
734.0
503.0
260.0
42.0
0.0
0.0
0.0
0.0
0.0
0.0
0.0
0.0
3.0
156.0
399.0
637.0
854.0
1036.0
1169.0
1246.0
1260.0
1210.0
1101.0
939.0
736.0
505.0
262.0
44.0
0.0
0.0
0.0
0.0
0.0
0.0
0.0
0.0
3.0
157.0
399.0
637.0
854.0
1036.0
1169.0
1246.0
1260.0
1211.0
1102.0
941.0
738.0
507.0
264.0
45.0
0.0
0.0
0.0
0.0
0.0
0.0
0.0
0.0
4.0
157.0
400.0
637.0
854.0
1036.0
1169.0
1246.0
1260.0
1212.0
1103.0
942.0
739.0
509.0
267.0
46.0
0.0
0.0
0.0
0.0
0.0
0.0
0.0
0.0
4.0
158.0
400.0
638.0
854.0
1036.0
1170.0
1246.0
1261.0
1212.0
1104.0
943.0
741.0
511.0
268.0
48.0
0.0
0.0
0.0
0.0
0.0
0.0
0.0
0.0
4.0
158.0
400.0
638.0
854.0
1036.0
1170.0
1246.0
1261.0
1213.0
1105.0
944.0
742.0
512.0
270.0
49.0
0.0
0.0
0.0
0.0
0.0
0.0
0.0
0.0
4.0
159.0
400.0
638.0
854.0
1036.0
1170.0
1246.0
1261.0
1213.0
1105.0
945.0
743.0
514.0
272.0
50.0
0.0
0.0
0.0
0.0
0.0
0.0
0.0
0.0
4.0
159.0
400.0
638.0
854.0
1036.0
1169.0
1247.0
1262.0
1214.0
1106.0
946.0
745.0
515.0
274.0
52.0
0.0
0.0
0.0
0.0
0.0
0.0
0.0
0.0
4.0
159.0
400.0
637.0
854.0
1035.0
1169.0
1247.0
1262.0
1214.0
1107.0
947.0
746.0
517.0
276.0
53.0
0.0
0.0
0.0
0.0
0.0
0.0
0.0
0.0
4.0
159.0
400.0
637.0
854.0
1035.0
1169.0
1247.0
1262.0
1215.0
1108.0
948.0
747.0
518.0
277.0
54.0
0.0
0.0
0.0
0.0
0.0
0.0
0.0
0.0
4.0
159.0
400.0
637.0
853.0
1035.0
1169.0
1246.0
1262.0
1215.0
1108.0
949.0
748.0
520.0
279.0
55.0
0.0
0.0
0.0
0.0
0.0
0.0
0.0
0.0
4.0
159.0
400.0
636.0
853.0
1034.0
1169.0
1246.0
1262.0
1215.0
1109.0
950.0
749.0
521.0
280.0
56.0
0.0
0.0
0.0
0.0
0.0
0.0
0.0
0.0
4.0
159.0
399.0
636.0
852.0
1034.0
1168.0
1246.0
1262.0
1216.0
1109.0
951.0
750.0
522.0
281.0
57.0
0.0
0.0
0.0
0.0
0.0
0.0
0.0
0.0
4.0
158.0
399.0
635.0
852.0
1033.0
1168.0
1246.0
1262.0
1216.0
1110.0
951.0
751.0
523.0
283.0
58.0
0.0
0.0
0.0
0.0
0.0
0.0
0.0
0.0
4.0
158.0
398.0
635.0
851.0
1033.0
1168.0
1246.0
1262.0
1216.0
1110.0
952.0
752.0
524.0
284.0
59.0
0.0
0.0
0.0
0.0
0.0
0.0
0.0
0.0
4.0
157.0
397.0
634.0
851.0
1032.0
1167.0
1246.0
1262.0
1216.0
1111.0
953.0
753.0
525.0
285.0
59.0
0.0
0.0
0.0
0.0
0.0
0.0
0.0
0.0
4.0
156.0
397.0
633.0
850.0
1032.0
1167.0
1245.0
1262.0
1216.0
1111.0
953.0
754.0
526.0
286.0
60.0
0.0
0.0
0.0
0.0
0.0
0.0
0.0
0.0
4.0
155.0
396.0
632.0
849.0
1031.0
1166.0
1245.0
1262.0
1217.0
1111.0
954.0
754.0
527.0
286.0
61.0
0.0
0.0
0.0
0.0
0.0
0.0
0.0
0.0
3.0
155.0
395.0
631.0
848.0
1030.0
1165.0
1245.0
1262.0
1217.0
1112.0
954.0
755.0
527.0
287.0
61.0
0.0
0.0
0.0
0.0
0.0
0.0
0.0
0.0
3.0
154.0
394.0
630.0
847.0
1029.0
1165.0
1244.0
1262.0
1217.0
1112.0
955.0
755.0
528.0
288.0
62.0
0.0
0.0
0.0
0.0
0.0
0.0
0.0
0.0
3.0
152.0
393.0
629.0
846.0
1029.0
1164.0
1244.0
1262.0
1217.0
1112.0
955.0
756.0
529.0
288.0
62.0
0.0
0.0
0.0
0.0
0.0
0.0
0.0
0.0
3.0
151.0
391.0
628.0
845.0
1028.0
1164.0
1243.0
1261.0
1217.0
1112.0
955.0
756.0
529.0
289.0
62.0
0.0
0.0
0.0
0.0
0.0
0.0
0.0
0.0
3.0
150.0
390.0
627.0
844.0
1027.0
1163.0
1243.0
1261.0
1217.0
1112.0
955.0
757.0
529.0
289.0
63.0
0.0
0.0
0.0
0.0
0.0
0.0
0.0
0.0
2.0
148.0
389.0
626.0
843.0
1026.0
1162.0
1242.0
1261.0
1216.0
1112.0
956.0
757.0
530.0
289.0
63.0
0.0
0.0
0.0
0.0
0.0
0.0
0.0
0.0
2.0
147.0
387.0
624.0
842.0
1025.0
1161.0
1242.0
1260.0
1216.0
1112.0
956.0
757.0
530.0
290.0
63.0
0.0
0.0
0.0
0.0
0.0
0.0
0.0
0.0
2.0
145.0
386.0
623.0
840.0
1024.0
1160.0
1241.0
1260.0
1216.0
1112.0
956.0
757.0
530.0
290.0
63.0
0.0
0.0
0.0
0.0
0.0
0.0
0.0
0.0
2.0
144.0
384.0
621.0
839.0
1023.0
1160.0
1240.0
1260.0
1216.0
1112.0
956.0
757.0
530.0
290.0
63.0
0.0
0.0
0.0
0.0
0.0
0.0
0.0
0.0
2.0
142.0
382.0
620.0
838.0
1022.0
1159.0
1240.0
1259.0
1216.0
1112.0
956.0
757.0
530.0
289.0
62.0
0.0
0.0
0.0
0.0
0.0
0.0
0.0
0.0
1.0
140.0
381.0
618.0
836.0
1020.0
1158.0
1239.0
1259.0
1215.0
1112.0
956.0
757.0
530.0
289.0
62.0
0.0
0.0
0.0
0.0
0.0
0.0
0.0
0.0
1.0
138.0
379.0
616.0
835.0
1019.0
1157.0
1238.0
1258.0
1215.0
1112.0
955.0
757.0
529.0
289.0
62.0
0.0
0.0
0.0
0.0
0.0
0.0
0.0
0.0
1.0
136.0
377.0
615.0
833.0
1018.0
1156.0
1237.0
1257.0
1214.0
1111.0
955.0
757.0
529.0
288.0
61.0
0.0
0.0
0.0
0.0
0.0
0.0
0.0
0.0
1.0
134.0
375.0
613.0
832.0
1017.0
1155.0
1237.0
1257.0
1214.0
1111.0
955.0
756.0
529.0
288.0
61.0
0.0
0.0
0.0
0.0
0.0
0.0
0.0
0.0
1.0
132.0
373.0
611.0
830.0
1015.0
1154.0
1236.0
1256.0
1213.0
1111.0
954.0
756.0
528.0
287.0
60.0
0.0
0.0
0.0
0.0
0.0
0.0
0.0
0.0
0.0
129.0
371.0
609.0
829.0
1014.0
1152.0
1235.0
1255.0
1213.0
1110.0
954.0
755.0
527.0
286.0
59.0
0.0
0.0
0.0
0.0
0.0
0.0
0.0
0.0
0.0
127.0
369.0
607.0
827.0
1012.0
1151.0
1234.0
1255.0
1212.0
1110.0
953.0
755.0
527.0
285.0
58.0
0.0
0.0
0.0
0.0
0.0
0.0
0.0
0.0
0.0
125.0
366.0
605.0
825.0
1011.0
1150.0
1233.0
1254.0
1212.0
1109.0
953.0
754.0
526.0
284.0
58.0
0.0
0.0
0.0
0.0
0.0
0.0
0.0
0.0
0.0
122.0
364.0
603.0
824.0
1010.0
1149.0
1232.0
1253.0
1211.0
1108.0
952.0
753.0
525.0
283.0
57.0
0.0
0.0
0.0
0.0
0.0
0.0
0.0
0.0
0.0
120.0
362.0
601.0
822.0
1008.0
1148.0
1231.0
1252.0
1210.0
1108.0
951.0
752.0
524.0
282.0
56.0
0.0
0.0
0.0
0.0
0.0
0.0
0.0
0.0
0.0
119.0
359.0
599.0
820.0
1007.0
1146.0
1230.0
1251.0
1209.0
1107.0
950.0
751.0
523.0
280.0
54.0
0.0
0.0
0.0
0.0
0.0
0.0
0.0
0.0
0.0
116.0
357.0
597.0
818.0
1005.0
1145.0
1229.0
1250.0
1208.0
1106.0
950.0
750.0
521.0
279.0
53.0
0.0
0.0
0.0
0.0
0.0
0.0
0.0
0.0
0.0
113.0
354.0
595.0
816.0
1003.0
1144.0
1228.0
1249.0
1208.0
1105.0
949.0
749.0
520.0
277.0
52.0
0.0
0.0
0.0
0.0
0.0
0.0
0.0
0.0
0.0
111.0
352.0
593.0
814.0
1002.0
1142.0
1226.0
1248.0
1207.0
1104.0
948.0
748.0
519.0
275.0
51.0
0.0
0.0
0.0
0.0
0.0
0.0
0.0
0.0
0.0
108.0
349.0
590.0
812.0
1000.0
1141.0
1225.0
1247.0
1206.0
1103.0
946.0
746.0
517.0
273.0
49.0
0.0
0.0
0.0
0.0
0.0
0.0
0.0
0.0
0.0
105.0
347.0
588.0
810.0
998.0
1139.0
1224.0
1246.0
1205.0
1102.0
945.0
745.0
515.0
271.0
48.0
0.0
0.0
0.0
0.0
0.0
0.0
0.0
0.0
0.0
102.0
344.0
586.0
808.0
997.0
1138.0
1223.0
1245.0
1203.0
1101.0
944.0
744.0
513.0
269.0
46.0
0.0
0.0
0.0
0.0
0.0
0.0
0.0
0.0
0.0
99.0
341.0
583.0
806.0
995.0
1136.0
1221.0
1244.0
1202.0
1099.0
942.0
742.0
512.0
267.0
45.0
0.0
0.0
0.0
0.0
0.0
0.0
0.0
0.0
0.0
97.0
338.0
581.0
804.0
993.0
1135.0
1220.0
1243.0
1201.0
1098.0
941.0
740.0
510.0
265.0
43.0
0.0
0.0
0.0
0.0
0.0
0.0
0.0
0.0
0.0
94.0
335.0
578.0
802.0
991.0
1133.0
1219.0
1241.0
1200.0
1097.0
939.0
738.0
507.0
262.0
41.0
0.0
0.0
0.0
0.0
0.0
0.0
0.0
0.0
0.0
91.0
333.0
576.0
800.0
989.0
1132.0
1217.0
1240.0
1198.0
1095.0
938.0
736.0
505.0
260.0
40.0
0.0
0.0
0.0
0.0
0.0
0.0
0.0
0.0
0.0
88.0
330.0
573.0
797.0
987.0
1130.0
1216.0
1238.0
1197.0
1094.0
936.0
734.0
503.0
257.0
38.0
0.0
0.0
0.0
0.0
0.0
0.0
0.0
0.0
0.0
85.0
327.0
570.0
795.0
985.0
1128.0
1214.0
1237.0
1195.0
1092.0
934.0
732.0
500.0
254.0
36.0
0.0
0.0
0.0
0.0
0.0
0.0
0.0
0.0
0.0
83.0
324.0
568.0
793.0
983.0
1127.0
1213.0
1235.0
1194.0
1090.0
932.0
730.0
498.0
251.0
34.0
0.0
0.0
0.0
0.0
0.0
0.0
0.0
0.0
0.0
80.0
321.0
565.0
791.0
981.0
1125.0
1211.0
1234.0
1192.0
1089.0
930.0
728.0
495.0
248.0
33.0
0.0
0.0
0.0
0.0
0.0
0.0
0.0
0.0
0.0
77.0
318.0
562.0
788.0
979.0
1123.0
1209.0
1232.0
1191.0
1087.0
928.0
725.0
492.0
245.0
31.0
0.0
0.0
0.0
0.0
0.0
0.0
0.0
0.0
0.0
74.0
314.0
560.0
786.0
977.0
1121.0
1208.0
1231.0
1189.0
1085.0
926.0
723.0
489.0
242.0
29.0
0.0
0.0
0.0
0.0
0.0
0.0
0.0
0.0
0.0
72.0
311.0
557.0
783.0
975.0
1119.0
1206.0
1229.0
1187.0
1083.0
924.0
720.0
486.0
238.0
27.0
0.0
0.0
0.0
0.0
0.0
0.0
0.0
0.0
0.0
69.0
308.0
554.0
781.0
973.0
1117.0
1204.0
1227.0
1185.0
1081.0
921.0
717.0
483.0
235.0
25.0
0.0
0.0
0.0
0.0
0.0
0.0
0.0
0.0
0.0
66.0
305.0
551.0
779.0
971.0
1116.0
1202.0
1225.0
1183.0
1079.0
919.0
715.0
480.0
231.0
24.0
0.0
0.0
0.0
0.0
0.0
0.0
0.0
0.0
0.0
64.0
302.0
549.0
776.0
969.0
1114.0
1200.0
1223.0
1181.0
1076.0
916.0
712.0
477.0
227.0
22.0
0.0
0.0
0.0
0.0
0.0
0.0
0.0
0.0
0.0
61.0
298.0
546.0
774.0
967.0
1112.0
1198.0
1221.0
1179.0
1074.0
913.0
709.0
473.0
223.0
20.0
0.0
0.0
0.0
0.0
0.0
0.0
0.0
0.0
0.0
58.0
295.0
543.0
771.0
964.0
1109.0
1196.0
1219.0
1177.0
1072.0
911.0
705.0
470.0
219.0
18.0
0.0
0.0
0.0
0.0
0.0
0.0
0.0
0.0
0.0
56.0
292.0
540.0
769.0
962.0
1107.0
1194.0
1217.0
1175.0
1069.0
908.0
702.0
466.0
215.0
17.0
0.0
0.0
0.0
0.0
0.0
0.0
0.0
0.0
0.0
53.0
288.0
537.0
766.0
960.0
1105.0
1192.0
1215.0
1172.0
1066.0
905.0
699.0
462.0
211.0
15.0
0.0
0.0
0.0
0.0
0.0
0.0
0.0
0.0
0.0
51.0
285.0
534.0
763.0
957.0
1103.0
1190.0
1213.0
1170.0
1064.0
902.0
695.0
458.0
206.0
13.0
0.0
0.0
0.0
0.0
0.0
0.0
0.0
0.0
0.0
49.0
282.0
531.0
761.0
955.0
1101.0
1188.0
1211.0
1167.0
1061.0
899.0
692.0
454.0
202.0
12.0
0.0
0.0
0.0
0.0
0.0
0.0
0.0
0.0
0.0
46.0
278.0
528.0
758.0
953.0
1099.0
1186.0
1208.0
1165.0
1058.0
895.0
688.0
450.0
197.0
10.0
0.0
0.0
0.0
0.0
0.0
0.0
0.0
0.0
0.0
44.0
275.0
525.0
755.0
950.0
1096.0
1183.0
1206.0
1162.0
1055.0
892.0
684.0
446.0
193.0
9.0
0.0
0.0
0.0
0.0
0.0
0.0
0.0
0.0
0.0
42.0
271.0
522.0
753.0
948.0
1094.0
1181.0
1203.0
1159.0
1052.0
889.0
680.0
441.0
188.0
8.0
0.0
0.0
0.0
0.0
0.0
0.0
0.0
0.0
0.0
39.0
268.0
519.0
750.0
945.0
1092.0
1179.0
1201.0
1157.0
1049.0
885.0
676.0
437.0
183.0
6.0
0.0
0.0
0.0
0.0
0.0
0.0
0.0
0.0
0.0
37.0
264.0
516.0
747.0
943.0
1089.0
1176.0
1198.0
1154.0
1046.0
881.0
672.0
432.0
178.0
5.0
0.0
0.0
0.0
0.0
0.0
0.0
0.0
0.0
0.0
35.0
261.0
513.0
744.0
940.0
1087.0
1174.0
1196.0
1151.0
1042.0
878.0
668.0
427.0
173.0
4.0
0.0
0.0
0.0
0.0
0.0
0.0
0.0
0.0
0.0
33.0
257.0
510.0
742.0
938.0
1084.0
1171.0
1193.0
1148.0
1039.0
874.0
664.0
423.0
167.0
3.0
0.0
0.0
0.0
0.0
0.0
0.0
0.0
0.0
0.0
31.0
254.0
506.0
739.0
935.0
1082.0
1169.0
1190.0
1145.0
1036.0
870.0
659.0
418.0
162.0
2.0
0.0
0.0
0.0
0.0
0.0
0.0
0.0
0.0
0.0
29.0
250.0
503.0
736.0
932.0
1079.0
1166.0
1187.0
1142.0
1032.0
866.0
655.0
413.0
156.0
2.0
0.0
0.0
0.0
0.0
0.0
0.0
0.0
0.0
0.0
27.0
246.0
500.0
733.0
929.0
1076.0
1163.0
1184.0
1138.0
1028.0
862.0
650.0
407.0
151.0
1.0
0.0
0.0
0.0
0.0
0.0
0.0
0.0
0.0
0.0
26.0
243.0
497.0
730.0
927.0
1074.0
1160.0
1181.0
1135.0
1025.0
858.0
645.0
402.0
145.0
1.0
0.0
0.0
0.0
0.0
0.0
0.0
0.0
0.0
0.0
24.0
239.0
494.0
727.0
924.0
1071.0
1158.0
1178.0
1132.0
1021.0
853.0
640.0
397.0
139.0
0.0
0.0
0.0
0.0
0.0
0.0
0.0
0.0
0.0
0.0
22.0
236.0
490.0
724.0
921.0
1068.0
1155.0
1175.0
1128.0
1017.0
849.0
635.0
391.0
133.0
0.0
0.0
0.0
0.0
0.0
0.0
0.0
0.0
0.0
0.0
20.0
232.0
487.0
721.0
918.0
1065.0
1152.0
1172.0
1125.0
1013.0
844.0
630.0
386.0
128.0
0.0
0.0
0.0
0.0
0.0
0.0
0.0
0.0
0.0
0.0
19.0
228.0
484.0
718.0
915.0
1062.0
1149.0
1169.0
1121.0
1009.0
840.0
625.0
380.0
122.0
0.0
0.0
0.0
0.0
0.0
0.0
0.0
0.0
0.0
0.0
17.0
225.0
480.0
715.0
912.0
1059.0
1145.0
1165.0
1117.0
1004.0
835.0
620.0
374.0
116.0
0.0
0.0
0.0
0.0
0.0
0.0
0.0
0.0
0.0
0.0
16.0
221.0
477.0
712.0
909.0
1056.0
1142.0
1162.0
1113.0
1000.0
830.0
615.0
369.0
110.0
0.0
0.0
0.0
0.0
0.0
0.0
0.0
0.0
0.0
0.0
15.0
217.0
474.0
709.0
906.0
1053.0
1139.0
1158.0
1109.0
996.0
825.0
609.0
363.0
104.0
0.0
0.0
0.0
0.0
0.0
0.0
0.0
0.0
0.0
0.0
13.0
213.0
470.0
706.0
903.0
1050.0
1136.0
1155.0
1105.0
991.0
820.0
604.0
357.0
99.0
0.0
0.0
0.0
0.0
0.0
0.0
0.0
0.0
0.0
0.0
12.0
210.0
467.0
702.0
900.0
1047.0
1132.0
1151.0
1101.0
987.0
815.0
598.0
351.0
93.0
0.0
0.0
0.0
0.0
0.0
0.0
0.0
0.0
0.0
0.0
11.0
206.0
463.0
699.0
897.0
1044.0
1129.0
1147.0
1097.0
982.0
810.0
592.0
344.0
88.0
0.0
0.0
0.0
0.0
0.0
0.0
0.0
0.0
0.0
0.0
10.0
202.0
460.0
696.0
894.0
1040.0
1125.0
1143.0
1093.0
977.0
805.0
587.0
338.0
82.0
0.0
0.0
0.0
0.0
0.0
0.0
0.0
0.0
0.0
0.0
9.0
198.0
456.0
693.0
891.0
1037.0
1122.0
1139.0
1089.0
972.0
799.0
581.0
332.0
77.0
0.0
0.0
0.0
0.0
0.0
0.0
0.0
0.0
0.0
0.0
8.0
195.0
453.0
689.0
887.0
1034.0
1118.0
1136.0
1084.0
968.0
794.0
575.0
325.0
72.0
0.0
0.0
0.0
0.0
0.0
0.0
0.0
0.0
0.0
0.0
7.0
191.0
449.0
686.0
884.0
1030.0
1115.0
1131.0
1080.0
963.0
788.0
569.0
319.0
67.0
0.0
0.0
0.0
0.0
0.0
0.0
0.0
0.0
0.0
0.0
6.0
187.0
446.0
682.0
881.0
1027.0
1111.0
1127.0
1075.0
957.0
783.0
563.0
312.0
62.0
0.0
0.0
0.0
0.0
0.0
0.0
0.0
0.0
0.0
0.0
5.0
183.0
442.0
679.0
877.0
1023.0
1107.0
1123.0
1070.0
952.0
777.0
556.0
305.0
57.0
0.0
0.0
0.0
0.0
0.0
0.0
0.0
0.0
0.0
0.0
4.0
179.0
439.0
676.0
874.0
1019.0
1103.0
1119.0
1066.0
947.0
771.0
550.0
299.0
53.0
0.0
0.0
0.0
0.0
0.0
0.0
0.0
0.0
0.0
0.0
3.0
175.0
435.0
672.0
870.0
1016.0
1099.0
1115.0
1061.0
942.0
765.0
544.0
292.0
48.0
0.0
0.0
0.0
0.0
0.0
0.0
0.0
0.0
0.0
0.0
3.0
171.0
431.0
668.0
867.0
1012.0
1095.0
1110.0
1056.0
936.0
759.0
537.0
285.0
44.0
0.0
0.0
0.0
0.0
0.0
0.0
0.0
0.0
0.0
0.0
2.0
167.0
428.0
665.0
863.0
1008.0
1091.0
1106.0
1051.0
931.0
753.0
531.0
278.0
40.0
0.0
0.0
0.0
0.0
0.0
0.0
0.0
0.0
0.0
0.0
2.0
163.0
424.0
661.0
859.0
1004.0
1087.0
1101.0
1046.0
925.0
747.0
524.0
271.0
36.0
0.0
0.0
0.0
0.0
0.0
0.0
0.0
0.0
0.0
0.0
1.0
160.0
420.0
658.0
856.0
1000.0
1083.0
1096.0
1041.0
920.0
741.0
518.0
264.0
32.0
0.0
0.0
0.0
0.0
0.0
0.0
0.0
0.0
0.0
0.0
1.0
156.0
416.0
654.0
852.0
997.0
1078.0
1092.0
1036.0
914.0
735.0
511.0
257.0
29.0
0.0
0.0
0.0
0.0
0.0
0.0
0.0
0.0
0.0
0.0
1.0
152.0
413.0
650.0
848.0
992.0
1074.0
1087.0
1030.0
908.0
729.0
504.0
250.0
26.0
0.0
0.0
0.0
0.0
0.0
0.0
0.0
0.0
0.0
0.0
0.0
148.0
409.0
646.0
844.0
988.0
1070.0
1082.0
1025.0
902.0
722.0
497.0
242.0
22.0
0.0
0.0
0.0
0.0
0.0
0.0
0.0
0.0
0.0
0.0
0.0
143.0
405.0
642.0
840.0
984.0
1065.0
1077.0
1020.0
896.0
716.0
490.0
235.0
19.0
0.0
0.0
0.0
0.0
0.0
0.0
0.0
0.0
0.0
0.0
0.0
139.0
401.0
639.0
836.0
980.0
1061.0
1072.0
1014.0
890.0
709.0
483.0
228.0
17.0
0.0
0.0
0.0
0.0
0.0
0.0
0.0
0.0
0.0
0.0
0.0
135.0
397.0
635.0
832.0
976.0
1056.0
1067.0
1009.0
884.0
703.0
476.0
221.0
14.0
0.0
0.0
0.0
0.0
0.0
0.0
0.0
0.0
0.0
0.0
0.0
130.0
393.0
631.0
828.0
971.0
1051.0
1062.0
1003.0
878.0
696.0
469.0
213.0
12.0
0.0
0.0
0.0
0.0
0.0
0.0
0.0
0.0
0.0
0.0
0.0
126.0
389.0
627.0
824.0
967.0
1046.0
1057.0
997.0
872.0
690.0
462.0
206.0
10.0
0.0
0.0
0.0
0.0
0.0
0.0
0.0
0.0
0.0
0.0
0.0
122.0
385.0
623.0
820.0
962.0
1042.0
1052.0
992.0
866.0
683.0
455.0
198.0
8.0
0.0
0.0
0.0
0.0
0.0
0.0
0.0
0.0
0.0
0.0
0.0
118.0
381.0
618.0
815.0
958.0
1037.0
1046.0
986.0
860.0
676.0
448.0
191.0
6.0
0.0
0.0
0.0
0.0
0.0
0.0
0.0
0.0
0.0
0.0
0.0
114.0
377.0
614.0
811.0
953.0
1032.0
1041.0
980.0
853.0
669.0
441.0
183.0
5.0
0.0
0.0
0.0
0.0
0.0
0.0
0.0
0.0
0.0
0.0
0.0
111.0
373.0
610.0
807.0
949.0
1027.0
1035.0
974.0
847.0
663.0
434.0
176.0
3.0
0.0
0.0
0.0
0.0
0.0
0.0
0.0
0.0
0.0
0.0
0.0
107.0
368.0
606.0
802.0
944.0
1022.0
1030.0
968.0
840.0
656.0
427.0
168.0
2.0
0.0
0.0
0.0
0.0
0.0
0.0
0.0
0.0
0.0
0.0
0.0
103.0
364.0
602.0
798.0
939.0
1017.0
1024.0
962.0
834.0
649.0
419.0
161.0
1.0
0.0
0.0
0.0
0.0
0.0
0.0
0.0
0.0
0.0
0.0
0.0
99.0
360.0
597.0
793.0
934.0
1011.0
1019.0
956.0
828.0
642.0
412.0
153.0
1.0
0.0
0.0
0.0
0.0
0.0
0.0
0.0
0.0
0.0
0.0
0.0
96.0
356.0
593.0
789.0
930.0
1006.0
1013.0
950.0
821.0
635.0
405.0
146.0
0.0
0.0
0.0
0.0
0.0
0.0
0.0
0.0
0.0
0.0
0.0
0.0
92.0
351.0
588.0
784.0
925.0
1001.0
1007.0
944.0
814.0
628.0
398.0
138.0
0.0
0.0
0.0
0.0
0.0
0.0
0.0
0.0
0.0
0.0
0.0
0.0
88.0
347.0
584.0
779.0
920.0
995.0
1002.0
938.0
808.0
621.0
390.0
130.0
0.0
0.0
0.0
0.0
0.0
0.0
0.0
0.0
0.0
0.0
0.0
0.0
85.0
342.0
579.0
774.0
915.0
990.0
996.0
931.0
801.0
614.0
383.0
122.0
0.0
0.0
0.0
0.0
0.0
0.0
0.0
0.0
0.0
0.0
0.0
0.0
81.0
338.0
575.0
770.0
909.0
984.0
990.0
925.0
794.0
607.0
376.0
115.0
0.0
0.0
0.0
0.0
0.0
0.0
0.0
0.0
0.0
0.0
0.0
0.0
78.0
334.0
570.0
765.0
904.0
979.0
984.0
919.0
788.0
600.0
368.0
108.0
0.0
0.0
0.0
0.0
0.0
0.0
0.0
0.0
0.0
0.0
0.0
0.0
74.0
329.0
565.0
760.0
899.0
973.0
978.0
912.0
781.0
593.0
361.0
102.0
0.0
0.0
0.0
0.0
0.0
0.0
0.0
0.0
0.0
0.0
0.0
0.0
71.0
324.0
561.0
755.0
894.0
968.0
972.0
906.0
774.0
586.0
354.0
96.0
0.0
0.0
0.0
0.0
0.0
0.0
0.0
0.0
0.0
0.0
0.0
0.0
68.0
320.0
556.0
750.0
888.0
962.0
966.0
899.0
767.0
579.0
346.0
89.0
0.0
0.0
0.0
0.0
0.0
0.0
0.0
0.0
0.0
0.0
0.0
0.0
65.0
315.0
551.0
745.0
883.0
956.0
960.0
893.0
761.0
572.0
339.0
83.0
0.0
0.0
0.0
0.0
0.0
0.0
0.0
0.0
0.0
0.0
0.0
0.0
61.0
310.0
546.0
740.0
878.0
951.0
954.0
887.0
754.0
565.0
332.0
78.0
0.0
0.0
0.0
0.0
0.0
0.0
0.0
0.0
0.0
0.0
0.0
0.0
58.0
306.0
541.0
735.0
872.0
945.0
947.0
880.0
747.0
558.0
325.0
72.0
0.0
0.0
0.0
0.0
0.0
0.0
0.0
0.0
0.0
0.0
0.0
0.0
55.0
301.0
536.0
729.0
867.0
939.0
941.0
874.0
740.0
551.0
318.0
67.0
0.0
0.0
0.0
0.0
0.0
0.0
0.0
0.0
0.0
0.0
0.0
0.0
52.0
296.0
531.0
724.0
861.0
933.0
935.0
867.0
734.0
544.0
310.0
62.0
0.0
0.0
0.0
0.0
0.0
0.0
0.0
0.0
0.0
0.0
0.0
0.0
49.0
291.0
526.0
719.0
855.0
927.0
929.0
861.0
727.0
537.0
303.0
57.0
0.0
0.0
0.0
0.0
0.0
0.0
0.0
0.0
0.0
0.0
0.0
0.0
46.0
286.0
521.0
713.0
850.0
921.0
923.0
854.0
720.0
530.0
296.0
53.0
0.0
0.0
0.0
0.0
0.0
0.0
0.0
0.0
0.0
0.0
0.0
0.0
44.0
281.0
516.0
708.0
844.0
915.0
916.0
847.0
713.0
523.0
289.0
48.0
0.0
0.0
0.0
0.0
0.0
0.0
0.0
0.0
0.0
0.0
0.0
0.0
41.0
276.0
511.0
703.0
838.0
909.0
910.0
841.0
706.0
516.0
282.0
44.0
0.0
0.0
0.0
0.0
0.0
0.0
0.0
0.0
0.0
0.0
0.0
0.0
38.0
271.0
506.0
697.0
833.0
903.0
904.0
834.0
700.0
509.0
275.0
40.0
0.0
0.0
0.0
0.0
0.0
0.0
0.0
0.0
0.0
0.0
0.0
0.0
36.0
266.0
500.0
692.0
827.0
897.0
897.0
828.0
693.0
502.0
268.0
37.0
0.0
0.0
0.0
0.0
0.0
0.0
0.0
0.0
0.0
0.0
0.0
0.0
33.0
261.0
495.0
686.0
821.0
891.0
891.0
821.0
686.0
495.0
262.0
33.0
0.0
0.0
0.0
0.0
0.0
0.0
0.0
0.0
0.0
0.0
0.0
0.0
31.0
256.0
490.0
681.0
815.0
885.0
885.0
815.0
680.0
489.0
255.0
30.0
0.0
0.0
0.0
0.0
0.0
0.0
0.0
0.0
0.0
0.0
0.0
0.0
28.0
251.0
485.0
675.0
809.0
879.0
878.0
808.0
673.0
482.0
248.0
27.0
0.0
0.0
0.0
0.0
0.0
0.0
0.0
0.0
0.0
0.0
0.0
0.0
26.0
246.0
479.0
669.0
804.0
873.0
872.0
802.0
666.0
475.0
242.0
24.0
0.0
0.0
0.0
0.0
0.0
0.0
0.0
0.0
0.0
0.0
0.0
0.0
24.0
241.0
474.0
664.0
798.0
867.0
866.0
795.0
660.0
469.0
235.0
21.0
0.0
0.0
0.0
0.0
0.0
0.0
0.0
0.0
0.0
0.0
0.0
0.0
22.0
236.0
468.0
658.0
792.0
861.0
860.0
789.0
653.0
462.0
229.0
19.0
0.0
0.0
0.0
0.0
0.0
0.0
0.0
0.0
0.0
0.0
0.0
0.0
20.0
230.0
463.0
652.0
786.0
854.0
853.0
782.0
647.0
456.0
222.0
17.0
0.0
0.0
0.0
0.0
0.0
0.0
0.0
0.0
0.0
0.0
0.0
0.0
18.0
225.0
457.0
647.0
780.0
848.0
847.0
776.0
640.0
449.0
216.0
15.0
0.0
0.0
0.0
0.0
0.0
0.0
0.0
0.0
0.0
0.0
0.0
0.0
16.0
220.0
452.0
641.0
774.0
842.0
841.0
770.0
634.0
443.0
210.0
13.0
0.0
0.0
0.0
0.0
0.0
0.0
0.0
0.0
0.0
0.0
0.0
0.0
14.0
214.0
446.0
635.0
768.0
836.0
834.0
763.0
628.0
437.0
203.0
11.0
0.0
0.0
0.0
0.0
0.0
0.0
0.0
0.0
0.0
0.0
0.0
0.0
13.0
209.0
441.0
629.0
762.0
830.0
828.0
757.0
622.0
431.0
197.0
9.0
0.0
0.0
0.0
0.0
0.0
0.0
0.0
0.0
0.0
0.0
0.0
0.0
11.0
204.0
435.0
624.0
756.0
824.0
822.0
751.0
615.0
424.0
191.0
8.0
0.0
0.0
0.0
0.0
0.0
0.0
0.0
0.0
0.0
0.0
0.0
0.0
10.0
198.0
430.0
618.0
750.0
818.0
816.0
745.0
609.0
418.0
185.0
6.0
0.0
0.0
0.0
0.0
0.0
0.0
0.0
0.0
0.0
0.0
0.0
0.0
8.0
193.0
424.0
612.0
744.0
812.0
810.0
739.0
603.0
412.0
180.0
5.0
0.0
0.0
0.0
0.0
0.0
0.0
0.0
0.0
0.0
0.0
0.0
0.0
7.0
188.0
418.0
606.0
738.0
806.0
804.0
733.0
597.0
407.0
174.0
4.0
0.0
0.0
0.0
0.0
0.0
0.0
0.0
0.0
0.0
0.0
0.0
0.0
6.0
182.0
413.0
600.0
732.0
800.0
798.0
727.0
591.0
401.0
168.0
3.0
0.0
0.0
0.0
0.0
0.0
0.0
0.0
0.0
0.0
0.0
0.0
0.0
5.0
177.0
407.0
595.0
726.0
794.0
792.0
721.0
585.0
395.0
163.0
2.0
0.0
0.0
0.0
0.0
0.0
0.0
0.0
0.0
0.0
0.0
0.0
0.0
4.0
172.0
402.0
589.0
721.0
788.0
786.0
715.0
580.0
390.0
158.0
2.0
0.0
0.0
0.0
0.0
0.0
0.0
0.0
0.0
0.0
0.0
0.0
0.0
3.0
166.0
396.0
583.0
715.0
782.0
780.0
709.0
574.0
384.0
152.0
1.0
0.0
0.0
0.0
0.0
0.0
0.0
0.0
0.0
0.0
0.0
0.0
0.0
2.0
161.0
390.0
577.0
709.0
776.0
774.0
703.0
568.0
379.0
147.0
1.0
0.0
0.0
0.0
0.0
0.0
0.0
0.0
0.0
0.0
0.0
0.0
0.0
2.0
156.0
385.0
572.0
703.0
770.0
768.0
697.0
563.0
373.0
142.0
0.0
0.0
0.0
0.0
0.0
0.0
0.0
0.0
0.0
0.0
0.0
0.0
0.0
1.0
150.0
379.0
566.0
697.0
764.0
762.0
692.0
557.0
368.0
137.0
0.0
0.0
0.0
0.0
0.0
0.0
0.0
0.0
0.0
0.0
0.0
0.0
0.0
1.0
145.0
374.0
560.0
691.0
758.0
757.0
686.0
552.0
363.0
133.0
0.0
0.0
0.0
0.0
0.0
0.0
0.0
0.0
0.0
0.0
0.0
0.0
0.0
0.0
139.0
368.0
555.0
686.0
753.0
751.0
681.0
547.0
358.0
128.0
0.0
0.0
0.0
0.0
0.0
0.0
0.0
0.0
0.0
0.0
0.0
0.0
0.0
0.0
134.0
363.0
549.0
680.0
747.0
746.0
676.0
542.0
354.0
120.0
0.0
0.0
0.0
0.0
0.0
0.0
0.0
0.0
0.0
0.0
0.0
0.0
0.0
0.0
129.0
357.0
543.0
674.0
742.0
740.0
670.0
537.0
349.0
116.0
0.0
0.0
0.0
0.0
0.0
0.0
0.0
0.0
0.0
0.0
0.0
0.0
0.0
0.0
120.0
352.0
538.0
669.0
736.0
735.0
665.0
532.0
344.0
112.0
0.0
0.0
0.0
0.0
0.0
0.0
0.0
0.0
0.0
0.0
0.0
0.0
0.0
0.0
115.0
346.0
532.0
663.0
731.0
730.0
660.0
527.0
340.0
108.0
0.0
0.0
0.0
0.0
0.0
0.0
0.0
0.0
0.0
0.0
0.0
0.0
0.0
0.0
110.0
341.0
527.0
658.0
725.0
724.0
655.0
523.0
335.0
104.0
0.0
0.0
0.0
0.0
0.0
0.0
0.0
0.0
0.0
0.0
0.0
0.0
0.0
0.0
105.0
336.0
521.0
652.0
720.0
719.0
650.0
518.0
331.0
100.0
0.0
0.0
0.0
0.0
0.0
0.0
0.0
0.0
0.0
0.0
0.0
0.0
0.0
0.0
100.0
330.0
516.0
647.0
715.0
714.0
646.0
514.0
327.0
97.0
0.0
0.0
0.0
0.0
0.0
0.0
0.0
0.0
0.0
0.0
0.0
0.0
0.0
0.0
96.0
325.0
511.0
642.0
710.0
709.0
641.0
509.0
323.0
94.0
0.0
0.0
0.0
0.0
0.0
0.0
0.0
0.0
0.0
0.0
0.0
0.0
0.0
0.0
91.0
320.0
505.0
637.0
705.0
705.0
636.0
505.0
319.0
91.0
0.0
0.0
0.0
0.0
0.0
0.0
0.0
0.0
0.0
0.0
0.0
0.0
0.0
0.0
87.0
315.0
500.0
632.0
700.0
700.0
632.0
501.0
316.0
88.0
0.0
0.0
0.0
0.0
0.0
0.0
0.0
0.0
0.0
0.0
0.0
0.0
0.0
0.0
83.0
309.0
495.0
627.0
695.0
695.0
628.0
497.0
312.0
85.0
0.0
0.0
0.0
0.0
0.0
0.0
0.0
0.0
0.0
0.0
0.0
0.0
0.0
0.0
79.0
304.0
490.0
622.0
690.0
691.0
624.0
493.0
309.0
83.0
0.0
0.0
0.0
0.0
0.0
0.0
0.0
0.0
0.0
0.0
0.0
0.0
0.0
0.0
75.0
299.0
485.0
617.0
685.0
686.0
620.0
490.0
305.0
80.0
0.0
0.0
0.0
0.0
0.0
0.0
0.0
0.0
0.0
0.0
0.0
0.0
0.0
0.0
71.0
294.0
480.0
612.0
681.0
682.0
616.0
486.0
302.0
78.0
0.0
0.0
0.0
0.0
0.0
0.0
0.0
0.0
0.0
0.0
0.0
0.0
0.0
0.0
67.0
290.0
475.0
607.0
676.0
678.0
612.0
483.0
299.0
76.0
0.0
0.0
0.0
0.0
0.0
0.0
0.0
0.0
0.0
0.0
0.0
0.0
0.0
0.0
64.0
285.0
471.0
603.0
672.0
674.0
608.0
480.0
297.0
74.0
0.0
0.0
0.0
0.0
0.0
0.0
0.0
0.0
0.0
0.0
0.0
0.0
0.0
0.0
60.0
280.0
466.0
598.0
668.0
670.0
605.0
476.0
294.0
72.0
0.0
0.0
0.0
0.0
0.0
0.0
0.0
0.0
0.0
0.0
0.0
0.0
0.0
0.0
57.0
275.0
461.0
594.0
664.0
666.0
601.0
473.0
291.0
70.0
0.0
0.0
0.0
0.0
0.0
0.0
0.0
0.0
0.0
0.0
0.0
0.0
0.0
0.0
54.0
271.0
457.0
589.0
659.0
662.0
598.0
471.0
289.0
69.0
0.0
0.0
0.0
0.0
0.0
0.0
0.0
0.0
0.0
0.0
0.0
0.0
0.0
0.0
51.0
266.0
452.0
585.0
656.0
659.0
595.0
468.0
287.0
67.0
0.0
0.0
0.0
0.0
0.0
0.0
0.0
0.0
0.0
0.0
0.0
0.0
0.0
0.0
48.0
262.0
448.0
581.0
652.0
656.0
592.0
465.0
285.0
66.0
0.0
0.0
0.0
0.0
0.0
0.0
0.0
0.0
0.0
0.0
0.0
0.0
0.0
0.0
46.0
258.0
444.0
577.0
648.0
652.0
589.0
463.0
283.0
65.0
0.0
0.0
0.0
0.0
0.0
0.0
0.0
0.0
0.0
0.0
0.0
0.0
0.0
0.0
43.0
253.0
440.0
573.0
645.0
649.0
586.0
461.0
281.0
64.0
0.0
0.0
0.0
0.0
0.0
0.0
0.0
0.0
0.0
0.0
0.0
0.0
0.0
0.0
41.0
249.0
436.0
569.0
641.0
646.0
584.0
459.0
279.0
63.0
0.0
0.0
0.0
0.0
0.0
0.0
0.0
0.0
0.0
0.0
0.0
0.0
0.0
0.0
38.0
245.0
432.0
566.0
638.0
643.0
582.0
457.0
278.0
62.0
0.0
0.0
0.0
0.0
0.0
0.0
0.0
0.0
0.0
0.0
0.0
0.0
0.0
0.0
36.0
241.0
428.0
562.0
635.0
641.0
579.0
455.0
276.0
61.0
0.0
0.0
0.0
0.0
0.0
0.0
0.0
0.0
0.0
0.0
0.0
0.0
0.0
0.0
34.0
237.0
424.0
559.0
632.0
638.0
577.0
453.0
275.0
61.0
0.0
0.0
0.0
0.0
0.0
0.0
0.0
0.0
0.0
0.0
0.0
0.0
0.0
0.0
32.0
234.0
421.0
556.0
629.0
636.0
575.0
452.0
274.0
60.0
0.0
0.0
0.0
0.0
0.0
0.0
0.0
0.0
0.0
0.0
0.0
0.0
0.0
0.0
30.0
230.0
417.0
553.0
626.0
633.0
573.0
451.0
273.0
60.0
0.0
0.0
0.0
0.0
0.0
0.0
0.0
0.0
0.0
0.0
0.0
0.0
0.0
0.0
28.0
226.0
414.0
550.0
624.0
631.0
572.0
450.0
273.0
60.0
0.0
0.0
0.0
0.0
0.0
0.0
0.0
0.0
0.0
0.0
0.0
0.0
0.0
0.0
27.0
223.0
411.0
547.0
621.0
629.0
570.0
449.0
272.0
59.0
0.0
0.0
0.0
0.0
0.0
0.0
0.0
0.0
0.0
0.0
0.0
0.0
0.0
0.0
25.0
220.0
408.0
544.0
619.0
627.0
569.0
448.0
272.0
59.0
0.0
0.0
0.0
0.0
0.0
0.0
0.0
0.0
0.0
0.0
0.0
0.0
0.0
0.0
24.0
217.0
405.0
541.0
617.0
626.0
568.0
447.0
271.0
59.0
0.0
0.0
0.0
0.0
0.0
0.0
0.0
0.0
0.0
0.0
0.0
0.0
0.0
0.0
22.0
214.0
402.0
539.0
615.0
624.0
567.0
447.0
271.0
59.0
0.0
0.0
0.0
0.0
0.0
0.0
0.0
0.0
0.0
0.0
0.0
0.0
0.0
0.0
21.0
211.0
399.0
537.0
613.0
623.0
566.0
446.0
271.0
60.0
0.0
0.0
0.0
0.0
0.0
0.0
0.0
0.0
0.0
0.0
0.0
0.0
0.0
0.0
20.0
208.0
397.0
535.0
611.0
622.0
565.0
446.0
272.0
60.0
0.0
0.0
0.0
0.0
0.0
0.0
0.0
0.0
0.0
0.0
0.0
0.0
0.0
0.0
19.0
205.0
395.0
533.0
610.0
621.0
565.0
446.0
272.0
61.0
0.0
0.0
0.0
0.0
0.0
0.0
0.0
0.0
0.0
0.0
0.0
0.0
0.0
0.0
18.0
203.0
392.0
531.0
608.0
620.0
565.0
446.0
273.0
61.0
0.0
0.0
0.0
0.0
0.0
0.0
0.0
0.0
0.0
0.0
0.0
0.0
0.0
0.0
17.0
200.0
390.0
529.0
607.0
619.0
564.0
446.0
273.0
62.0
0.0
0.0
0.0
0.0
0.0
0.0
0.0
0.0
0.0
0.0
0.0
0.0
0.0
0.0
16.0
198.0
388.0
527.0
606.0
619.0
564.0
447.0
274.0
63.0
0.0
0.0
0.0
0.0
0.0
0.0
0.0
0.0
0.0
0.0
0.0
0.0
0.0
0.0
15.0
196.0
386.0
526.0
605.0
618.0
564.0
447.0
275.0
64.0
0.0
0.0
0.0
0.0
0.0
0.0
0.0
0.0
0.0
0.0
0.0
0.0
0.0
0.0
14.0
194.0
385.0
525.0
604.0
618.0
565.0
448.0
276.0
65.0
0.0
0.0
0.0
0.0
0.0
0.0
0.0
0.0
0.0
0.0
0.0
0.0
0.0
0.0
13.0
192.0
383.0
524.0
604.0
618.0
565.0
449.0
278.0
66.0
0.0
0.0
0.0
0.0
0.0
0.0
0.0
0.0
0.0
0.0
0.0
0.0
0.0
0.0
13.0
190.0
382.0
523.0
603.0
618.0
566.0
450.0
279.0
67.0
0.0
0.0
0.0
0.0
0.0
0.0
0.0
0.0
0.0
0.0
0.0
0.0
0.0
0.0
12.0
188.0
381.0
522.0
603.0
618.0
567.0
451.0
281.0
68.0
0.0
0.0
0.0
0.0
0.0
0.0
0.0
0.0
0.0
0.0
0.0
0.0
0.0
0.0
12.0
187.0
379.0
521.0
603.0
619.0
567.0
453.0
282.0
70.0
0.0
0.0
0.0
0.0
0.0
0.0
0.0
0.0
0.0
0.0
0.0
0.0
0.0
0.0
11.0
186.0
379.0
521.0
603.0
619.0
569.0
454.0
284.0
72.0
0.0
0.0
0.0
0.0
0.0
0.0
0.0
0.0
0.0
0.0
0.0
0.0
0.0
0.0
11.0
184.0
378.0
521.0
603.0
620.0
570.0
456.0
286.0
73.0
0.0
0.0
0.0
0.0
0.0
0.0
0.0
0.0
0.0
0.0
0.0
0.0
0.0
0.0
10.0
183.0
377.0
521.0
604.0
621.0
571.0
458.0
288.0
75.0
0.0
0.0
0.0
0.0
0.0
0.0
0.0
0.0
0.0
0.0
0.0
0.0
0.0
0.0
10.0
182.0
377.0
521.0
604.0
622.0
573.0
460.0
291.0
77.0
0.0
0.0
0.0
0.0
0.0
0.0
0.0
0.0
0.0
0.0
0.0
0.0
0.0
0.0
10.0
182.0
376.0
521.0
605.0
623.0
574.0
462.0
293.0
79.0
0.0
0.0
0.0
0.0
0.0
0.0
0.0
0.0
0.0
0.0
0.0
0.0
0.0
0.0
10.0
181.0
376.0
521.0
606.0
625.0
576.0
464.0
296.0
82.0
0.0
0.0
0.0
0.0
0.0
0.0
0.0
0.0
0.0
0.0
0.0
0.0
0.0
0.0
9.0
181.0
376.0
522.0
607.0
626.0
578.0
467.0
299.0
84.0
0.0
0.0
0.0
0.0
0.0
0.0
