0.0
0.0
0.0
0.0
0.0
0.0
0.0
0.0
22.0
226.0
435.0
592.0
686.0
711.0
665.0
551.0
377.0
155.0
2.0
0.0
0.0
0.0
0.0
0.0
0.0
0.0
0.0
0.0
0.0
0.0
0.0
0.0
22.0
226.0
435.0
593.0
687.0
713.0
667.0
553.0
380.0
158.0
2.0
0.0
0.0
0.0
0.0
0.0
0.0
0.0
0.0
0.0
0.0
0.0
0.0
0.0
21.0
226.0
436.0
594.0
689.0
715.0
670.0
556.0
383.0
161.0
3.0
0.0
0.0
0.0
0.0
0.0
0.0
0.0
0.0
0.0
0.0
0.0
0.0
0.0
21.0
226.0
436.0
595.0
690.0
717.0
672.0
559.0
386.0
165.0
3.0
0.0
0.0
0.0
0.0
0.0
0.0
0.0
0.0
0.0
0.0
0.0
0.0
0.0
21.0
226.0
437.0
596.0
692.0
719.0
675.0
562.0
390.0
168.0
4.0
0.0
0.0
0.0
0.0
0.0
0.0
0.0
0.0
0.0
0.0
0.0
0.0
0.0
21.0
226.0
438.0
597.0
694.0
721.0
678.0
566.0
393.0
172.0
4.0
0.0
0.0
0.0
0.0
0.0
0.0
0.0
0.0
0.0
0.0
0.0
0.0
0.0
21.0
227.0
439.0
599.0
696.0
724.0
681.0
569.0
397.0
175.0
5.0
0.0
0.0
0.0
0.0
0.0
0.0
0.0
0.0
0.0
0.0
0.0
0.0
0.0
21.0
227.0
440.0
600.0
698.0
727.0
684.0
573.0
400.0
179.0
6.0
0.0
0.0
0.0
0.0
0.0
0.0
0.0
0.0
0.0
0.0
0.0
0.0
0.0
22.0
228.0
441.0
602.0
701.0
730.0
687.0
576.0
404.0
183.0
6.0
0.0
0.0
0.0
0.0
0.0
0.0
0.0
0.0
0.0
0.0
0.0
0.0
0.0
22.0
229.0
442.0
604.0
703.0
733.0
691.0
580.0
408.0
187.0
7.0
0.0
0.0
0.0
0.0
0.0
0.0
0.0
0.0
0.0
0.0
0.0
0.0
0.0
22.0
230.0
444.0
606.0
706.0
736.0
694.0
584.0
412.0
191.0
8.0
0.0
0.0
0.0
0.0
0.0
0.0
0.0
0.0
0.0
0.0
0.0
0.0
0.0
22.0
231.0
445.0
608.0
708.0
739.0
698.0
588.0
417.0
196.0
9.0
0.0
0.0
0.0
0.0
0.0
0.0
0.0
0.0
0.0
0.0
0.0
0.0
0.0
23.0
232.0
447.0
611.0
711.0
742.0
702.0
592.0
421.0
200.0
11.0
0.0
0.0
0.0
0.0
0.0
0.0
0.0
0.0
0.0
0.0
0.0
0.0
0.0
23.0
234.0
449.0
613.0
714.0
746.0
705.0
596.0
425.0
204.0
12.0
0.0
0.0
0.0
0.0
0.0
0.0
0.0
0.0
0.0
0.0
0.0
0.0
0.0
24.0
235.0
451.0
616.0
717.0
749.0
709.0
600.0
430.0
209.0
13.0
0.0
0.0
0.0
0.0
0.0
0.0
0.0
0.0
0.0
0.0
0.0
0.0
0.0
24.0
237.0
453.0
618.0
721.0
753.0
714.0
605.0
434.0
213.0
15.0
0.0
0.0
0.0
0.0
0.0
0.0
0.0
0.0
0.0
0.0
0.0
0.0
0.0
25.0
239.0
456.0
621.0
724.0
757.0
718.0
609.0
439.0
218.0
16.0
0.0
0.0
0.0
0.0
0.0
0.0
0.0
0.0
0.0
0.0
0.0
0.0
0.0
26.0
241.0
458.0
624.0
728.0
761.0
722.0
614.0
443.0
223.0
18.0
0.0
0.0
0.0
0.0
0.0
0.0
0.0
0.0
0.0
0.0
0.0
0.0
0.0
27.0
243.0
461.0
628.0
731.0
765.0
727.0
618.0
448.0
227.0
20.0
0.0
0.0
0.0
0.0
0.0
0.0
0.0
0.0
0.0
0.0
0.0
0.0
0.0
28.0
245.0
464.0
631.0
735.0
769.0
731.0
623.0
453.0
232.0
21.0
0.0
0.0
0.0
0.0
0.0
0.0
0.0
0.0
0.0
0.0
0.0
0.0
0.0
29.0
248.0
467.0
634.0
739.0
774.0
736.0
628.0
458.0
237.0
23.0
0.0
0.0
0.0
0.0
0.0
0.0
0.0
0.0
0.0
0.0
0.0
0.0
0.0
30.0
250.0
470.0
638.0
743.0
778.0
740.0
633.0
463.0
242.0
25.0
0.0
0.0
0.0
0.0
0.0
0.0
0.0
0.0
0.0
0.0
0.0
0.0
0.0
31.0
253.0
473.0
642.0
747.0
782.0
745.0
638.0
468.0
247.0
28.0
0.0
0.0
0.0
0.0
0.0
0.0
0.0
0.0
0.0
0.0
0.0
0.0
0.0
32.0
256.0
476.0
645.0
751.0
787.0
750.0
643.0
473.0
252.0
30.0
0.0
0.0
0.0
0.0
0.0
0.0
0.0
0.0
0.0
0.0
0.0
0.0
0.0
33.0
259.0
480.0
649.0
756.0
792.0
755.0
648.0
478.0
257.0
32.0
0.0
0.0
0.0
0.0
0.0
0.0
0.0
0.0
0.0
0.0
0.0
0.0
0.0
35.0
262.0
484.0
653.0
760.0
797.0
760.0
654.0
484.0
262.0
35.0
0.0
0.0
0.0
0.0
0.0
0.0
0.0
0.0
0.0
0.0
0.0
0.0
0.0
36.0
265.0
487.0
658.0
765.0
802.0
765.0
659.0
489.0
268.0
37.0
0.0
0.0
0.0
0.0
0.0
0.0
0.0
0.0
0.0
0.0
0.0
0.0
0.0
38.0
269.0
491.0
662.0
769.0
807.0
771.0
664.0
494.0
273.0
40.0
0.0
0.0
0.0
0.0
0.0
0.0
0.0
0.0
0.0
0.0
0.0
0.0
0.0
39.0
272.0
495.0
666.0
774.0
812.0
776.0
670.0
500.0
278.0
43.0
0.0
0.0
0.0
0.0
0.0
0.0
0.0
0.0
0.0
0.0
0.0
0.0
0.0
41.0
276.0
499.0
671.0
779.0
817.0
781.0
675.0
505.0
283.0
46.0
0.0
0.0
0.0
0.0
0.0
0.0
0.0
0.0
0.0
0.0
0.0
0.0
0.0
43.0
280.0
503.0
675.0
784.0
822.0
787.0
681.0
511.0
289.0
49.0
0.0
0.0
0.0
0.0
0.0
0.0
0.0
0.0
0.0
0.0
0.0
0.0
0.0
45.0
284.0
508.0
680.0
789.0
827.0
792.0
686.0
516.0
294.0
52.0
0.0
0.0
0.0
0.0
0.0
0.0
0.0
0.0
0.0
0.0
0.0
0.0
0.0
47.0
288.0
512.0
685.0
794.0
833.0
798.0
692.0
522.0
300.0
55.0
0.0
0.0
0.0
0.0
0.0
0.0
0.0
0.0
0.0
0.0
0.0
0.0
0.0
50.0
292.0
517.0
690.0
800.0
838.0
803.0
697.0
527.0
305.0
59.0
0.0
0.0
0.0
0.0
0.0
0.0
0.0
0.0
0.0
0.0
0.0
0.0
0.0
52.0
296.0
521.0
695.0
805.0
844.0
809.0
703.0
533.0
310.0
62.0
0.0
0.0
0.0
0.0
0.0
0.0
0.0
0.0
0.0
0.0
0.0
0.0
0.0
55.0
301.0
526.0
700.0
810.0
849.0
815.0
709.0
539.0
316.0
66.0
0.0
0.0
0.0
0.0
0.0
0.0
0.0
0.0
0.0
0.0
0.0
0.0
0.0
57.0
305.0
531.0
705.0
816.0
855.0
821.0
715.0
544.0
321.0
70.0
0.0
0.0
0.0
0.0
0.0
0.0
0.0
0.0
0.0
0.0
0.0
0.0
0.0
60.0
310.0
536.0
711.0
821.0
861.0
826.0
720.0
550.0
327.0
73.0
0.0
0.0
0.0
0.0
0.0
0.0
0.0
0.0
0.0
0.0
0.0
0.0
0.0
63.0
314.0
541.0
716.0
827.0
867.0
832.0
726.0
556.0
332.0
77.0
0.0
0.0
0.0
0.0
0.0
0.0
0.0
0.0
0.0
0.0
0.0
0.0
0.0
66.0
319.0
546.0
721.0
833.0
872.0
838.0
732.0
561.0
338.0
81.0
0.0
0.0
0.0
0.0
0.0
0.0
0.0
0.0
0.0
0.0
0.0
0.0
0.0
70.0
324.0
552.0
727.0
838.0
878.0
844.0
738.0
567.0
343.0
85.0
0.0
0.0
0.0
0.0
0.0
0.0
0.0
0.0
0.0
0.0
0.0
0.0
0.0
73.0
329.0
557.0
732.0
844.0
884.0
850.0
744.0
573.0
349.0
90.0
0.0
0.0
0.0
0.0
0.0
0.0
0.0
0.0
0.0
0.0
0.0
0.0
0.0
77.0
335.0
562.0
738.0
850.0
890.0
856.0
750.0
578.0
354.0
94.0
0.0
0.0
0.0
0.0
0.0
0.0
0.0
0.0
0.0
0.0
0.0
0.0
0.0
81.0
340.0
568.0
744.0
856.0
896.0
862.0
755.0
584.0
360.0
98.0
0.0
0.0
0.0
0.0
0.0
0.0
0.0
0.0
0.0
0.0
0.0
0.0
0.0
85.0
345.0
574.0
750.0
862.0
902.0
868.0
761.0
590.0
365.0
103.0
0.0
0.0
0.0
0.0
0.0
0.0
0.0
0.0
0.0
0.0
0.0
0.0
0.0
89.0
351.0
579.0
756.0
868.0
908.0
874.0
767.0
596.0
371.0
107.0
0.0
0.0
0.0
0.0
0.0
0.0
0.0
0.0
0.0
0.0
0.0
0.0
0.0
93.0
356.0
585.0
762.0
874.0
914.0
880.0
773.0
601.0
376.0
112.0
0.0
0.0
0.0
0.0
0.0
0.0
0.0
0.0
0.0
0.0
0.0
0.0
0.0
97.0
362.0
591.0
767.0
880.0
920.0
886.0
779.0
607.0
382.0
117.0
0.0
0.0
0.0
0.0
0.0
0.0
0.0
0.0
0.0
0.0
0.0
0.0
0.0
102.0
368.0
597.0
774.0
886.0
926.0
892.0
785.0
613.0
387.0
121.0
0.0
0.0
0.0
0.0
0.0
0.0
0.0
0.0
0.0
0.0
0.0
0.0
0.0
107.0
373.0
603.0
780.0
892.0
932.0
898.0
791.0
618.0
392.0
126.0
0.0
0.0
0.0
0.0
0.0
0.0
0.0
0.0
0.0
0.0
0.0
0.0
0.0
112.0
379.0
609.0
786.0
898.0
938.0
904.0
796.0
624.0
398.0
131.0
0.0
0.0
0.0
0.0
0.0
0.0
0.0
0.0
0.0
0.0
0.0
0.0
0.0
117.0
385.0
615.0
792.0
904.0
944.0
910.0
802.0
629.0
403.0
136.0
0.0
0.0
0.0
0.0
0.0
0.0
0.0
0.0
0.0
0.0
0.0
0.0
0.0
123.0
391.0
621.0
798.0
910.0
951.0
916.0
808.0
635.0
408.0
144.0
0.0
0.0
0.0
0.0
0.0
0.0
0.0
0.0
0.0
0.0
0.0
0.0
0.0
128.0
397.0
627.0
804.0
917.0
957.0
922.0
814.0
640.0
414.0
149.0
0.0
0.0
0.0
0.0
0.0
0.0
0.0
0.0
0.0
0.0
0.0
0.0
0.0
134.0
404.0
633.0
811.0
923.0
963.0
927.0
819.0
646.0
419.0
154.0
0.0
0.0
0.0
0.0
0.0
0.0
0.0
0.0
0.0
0.0
0.0
0.0
0.0
143.0
410.0
640.0
817.0
929.0
969.0
933.0
825.0
651.0
424.0
159.0
1.0
0.0
0.0
0.0
0.0
0.0
0.0
0.0
0.0
0.0
0.0
0.0
0.0
149.0
416.0
646.0
823.0
935.0
975.0
939.0
831.0
657.0
429.0
164.0
1.0
0.0
0.0
0.0
0.0
0.0
0.0
0.0
0.0
0.0
0.0
0.0
0.0
155.0
422.0
652.0
829.0
941.0
981.0
945.0
836.0
662.0
434.0
169.0
1.0
0.0
0.0
0.0
0.0
0.0
0.0
0.0
0.0
0.0
0.0
0.0
1.0
162.0
429.0
659.0
836.0
948.0
987.0
951.0
842.0
668.0
440.0
174.0
2.0
0.0
0.0
0.0
0.0
0.0
0.0
0.0
0.0
0.0
0.0
0.0
1.0
168.0
435.0
665.0
842.0
954.0
993.0
957.0
848.0
673.0
445.0
178.0
2.0
0.0
0.0
0.0
0.0
0.0
0.0
0.0
0.0
0.0
0.0
0.0
2.0
174.0
442.0
672.0
848.0
960.0
999.0
962.0
853.0
678.0
450.0
183.0
3.0
0.0
0.0
0.0
0.0
0.0
0.0
0.0
0.0
0.0
0.0
0.0
3.0
181.0
448.0
678.0
855.0
966.0
1005.0
968.0
858.0
683.0
455.0
188.0
4.0
0.0
0.0
0.0
0.0
0.0
0.0
0.0
0.0
0.0
0.0
0.0
4.0
187.0
455.0
685.0
861.0
972.0
1011.0
974.0
864.0
689.0
460.0
193.0
4.0
0.0
0.0
0.0
0.0
0.0
0.0
0.0
0.0
0.0
0.0
0.0
5.0
194.0
461.0
691.0
868.0
979.0
1017.0
980.0
869.0
694.0
464.0
198.0
5.0
0.0
0.0
0.0
0.0
0.0
0.0
0.0
0.0
0.0
0.0
0.0
6.0
201.0
468.0
698.0
874.0
985.0
1023.0
985.0
875.0
699.0
469.0
202.0
6.0
0.0
0.0
0.0
0.0
0.0
0.0
0.0
0.0
0.0
0.0
0.0
7.0
207.0
475.0
704.0
880.0
991.0
1029.0
991.0
880.0
704.0
474.0
207.0
7.0
0.0
0.0
0.0
0.0
0.0
0.0
0.0
0.0
0.0
0.0
0.0
9.0
214.0
481.0
711.0
887.0
997.0
1034.0
996.0
885.0
709.0
479.0
211.0
8.0
0.0
0.0
0.0
0.0
0.0
0.0
0.0
0.0
0.0
0.0
0.0
11.0
221.0
488.0
717.0
893.0
1003.0
1040.0
1002.0
890.0
714.0
484.0
216.0
9.0
0.0
0.0
0.0
0.0
0.0
0.0
0.0
0.0
0.0
0.0
0.0
13.0
228.0
495.0
724.0
899.0
1009.0
1046.0
1007.0
895.0
718.0
488.0
221.0
11.0
0.0
0.0
0.0
0.0
0.0
0.0
0.0
0.0
0.0
0.0
0.0
15.0
235.0
501.0
730.0
905.0
1015.0
1051.0
1012.0
900.0
723.0
493.0
225.0
12.0
0.0
0.0
0.0
0.0
0.0
0.0
0.0
0.0
0.0
0.0
0.0
17.0
242.0
508.0
737.0
912.0
1021.0
1057.0
1018.0
905.0
728.0
497.0
230.0
13.0
0.0
0.0
0.0
0.0
0.0
0.0
0.0
0.0
0.0
0.0
0.0
20.0
248.0
515.0
743.0
918.0
1027.0
1063.0
1023.0
910.0
733.0
502.0
234.0
15.0
0.0
0.0
0.0
0.0
0.0
0.0
0.0
0.0
0.0
0.0
0.0
22.0
255.0
522.0
750.0
924.0
1033.0
1068.0
1028.0
915.0
737.0
506.0
238.0
16.0
0.0
0.0
0.0
0.0
0.0
0.0
0.0
0.0
0.0
0.0
0.0
25.0
262.0
528.0
756.0
930.0
1038.0
1074.0
1033.0
920.0
742.0
511.0
243.0
17.0
0.0
0.0
0.0
0.0
0.0
0.0
0.0
0.0
0.0
0.0
0.0
28.0
269.0
535.0
763.0
936.0
1044.0
1079.0
1038.0
925.0
746.0
515.0
247.0
19.0
0.0
0.0
0.0
0.0
0.0
0.0
0.0
0.0
0.0
0.0
0.0
31.0
276.0
542.0
769.0
942.0
1050.0
1084.0
1043.0
929.0
751.0
520.0
251.0
21.0
0.0
0.0
0.0
0.0
0.0
0.0
0.0
0.0
0.0
0.0
0.0
35.0
283.0
549.0
775.0
948.0
1056.0
1090.0
1048.0
934.0
755.0
524.0
256.0
22.0
0.0
0.0
0.0
0.0
0.0
0.0
0.0
0.0
0.0
0.0
0.0
38.0
290.0
555.0
782.0
954.0
1061.0
1095.0
1053.0
939.0
760.0
528.0
260.0
24.0
0.0
0.0
0.0
0.0
0.0
0.0
0.0
0.0
0.0
0.0
0.0
42.0
297.0
562.0
788.0
960.0
1067.0
1100.0
1058.0
943.0
764.0
532.0
264.0
26.0
0.0
0.0
0.0
0.0
0.0
0.0
0.0
0.0
0.0
0.0
0.0
46.0
304.0
569.0
794.0
966.0
1072.0
1105.0
1062.0
948.0
768.0
536.0
268.0
27.0
0.0
0.0
0.0
0.0
0.0
0.0
0.0
0.0
0.0
0.0
0.0
50.0
311.0
575.0
801.0
972.0
1078.0
1110.0
1067.0
952.0
772.0
540.0
272.0
29.0
0.0
0.0
0.0
0.0
0.0
0.0
0.0
0.0
0.0
0.0
0.0
54.0
318.0
582.0
807.0
978.0
1083.0
1115.0
1072.0
956.0
776.0
544.0
276.0
31.0
0.0
0.0
0.0
0.0
0.0
0.0
0.0
0.0
0.0
0.0
0.0
59.0
325.0
588.0
813.0
984.0
1088.0
1120.0
1076.0
960.0
780.0
548.0
280.0
33.0
0.0
0.0
0.0
0.0
0.0
0.0
0.0
0.0
0.0
0.0
0.0
63.0
331.0
595.0
819.0
989.0
1093.0
1125.0
1081.0
965.0
784.0
552.0
284.0
35.0
0.0
0.0
0.0
0.0
0.0
0.0
0.0
0.0
0.0
0.0
0.0
68.0
338.0
601.0
825.0
995.0
1098.0
1129.0
1085.0
969.0
788.0
556.0
288.0
37.0
0.0
0.0
0.0
0.0
0.0
0.0
0.0
0.0
0.0
0.0
0.0
73.0
345.0
608.0
831.0
1000.0
1104.0
1134.0
1089.0
973.0
792.0
560.0
292.0
39.0
0.0
0.0
0.0
0.0
0.0
0.0
0.0
0.0
0.0
0.0
0.0
78.0
352.0
614.0
837.0
1006.0
1109.0
1139.0
1094.0
977.0
796.0
564.0
296.0
41.0
0.0
0.0
0.0
0.0
0.0
0.0
0.0
0.0
0.0
0.0
0.0
83.0
359.0
620.0
843.0
1011.0
1113.0
1143.0
1098.0
981.0
800.0
568.0
300.0
44.0
0.0
0.0
0.0
0.0
0.0
0.0
0.0
0.0
0.0
0.0
0.0
89.0
365.0
627.0
849.0
1016.0
1118.0
1147.0
1102.0
984.0
803.0
571.0
303.0
46.0
0.0
0.0
0.0
0.0
0.0
0.0
0.0
0.0
0.0
0.0
0.0
94.0
372.0
633.0
855.0
1022.0
1123.0
1152.0
1106.0
988.0
807.0
575.0
307.0
48.0
0.0
0.0
0.0
0.0
0.0
0.0
0.0
0.0
0.0
0.0
0.0
100.0
379.0
639.0
860.0
1027.0
1128.0
1156.0
1110.0
992.0
811.0
578.0
311.0
50.0
0.0
0.0
0.0
0.0
0.0
0.0
0.0
0.0
0.0
0.0
0.0
106.0
385.0
645.0
866.0
1032.0
1132.0
1160.0
1114.0
996.0
814.0
582.0
315.0
53.0
0.0
0.0
0.0
0.0
0.0
0.0
0.0
0.0
0.0
0.0
0.0
112.0
392.0
651.0
871.0
1037.0
1137.0
1164.0
1117.0
999.0
818.0
585.0
318.0
55.0
0.0
0.0
0.0
0.0
0.0
0.0
0.0
0.0
0.0
0.0
0.0
118.0
398.0
657.0
877.0
1042.0
1141.0
1168.0
1121.0
1003.0
821.0
589.0
322.0
58.0
0.0
0.0
0.0
0.0
0.0
0.0
0.0
0.0
0.0
0.0
0.0
124.0
404.0
663.0
882.0
1047.0
1146.0
1172.0
1125.0
1006.0
824.0
592.0
326.0
60.0
0.0
0.0
0.0
0.0
0.0
0.0
0.0
0.0
0.0
0.0
0.0
130.0
411.0
669.0
887.0
1052.0
1150.0
1176.0
1128.0
1009.0
828.0
596.0
329.0
63.0
0.0
0.0
0.0
0.0
0.0
0.0
0.0
0.0
0.0
0.0
0.0
137.0
417.0
675.0
893.0
1056.0
1154.0
1180.0
1132.0
1013.0
831.0
599.0
333.0
65.0
0.0
0.0
0.0
0.0
0.0
0.0
0.0
0.0
0.0
0.0
0.0
144.0
423.0
680.0
898.0
1061.0
1158.0
1184.0
1135.0
1016.0
834.0
602.0
336.0
68.0
0.0
0.0
0.0
0.0
0.0
0.0
0.0
0.0
0.0
0.0
0.0
150.0
429.0
686.0
903.0
1065.0
1162.0
1187.0
1139.0
1019.0
837.0
606.0
340.0
70.0
0.0
0.0
0.0
0.0
0.0
0.0
0.0
0.0
0.0
0.0
0.0
157.0
435.0
691.0
908.0
1070.0
1166.0
1191.0
1142.0
1022.0
841.0
609.0
343.0
73.0
0.0
0.0
0.0
0.0
0.0
0.0
0.0
0.0
0.0
0.0
1.0
163.0
441.0
697.0
913.0
1074.0
1170.0
1194.0
1145.0
1025.0
844.0
612.0
347.0
76.0
0.0
0.0
0.0
0.0
0.0
0.0
0.0
0.0
0.0
0.0
1.0
170.0
447.0
702.0
917.0
1078.0
1174.0
1198.0
1148.0
1028.0
847.0
615.0
350.0
79.0
0.0
0.0
0.0
0.0
0.0
0.0
0.0
0.0
0.0
0.0
2.0
176.0
453.0
707.0
922.0
1083.0
1178.0
1201.0
1151.0
1031.0
850.0
618.0
354.0
82.0
0.0
0.0
0.0
0.0
0.0
0.0
0.0
0.0
0.0
0.0
3.0
182.0
458.0
712.0
927.0
1087.0
1181.0
1204.0
1154.0
1034.0
852.0
621.0
357.0
84.0
0.0
0.0
0.0
0.0
0.0
0.0
0.0
0.0
0.0
0.0
4.0
188.0
464.0
718.0
931.0
1091.0
1185.0
1208.0
1157.0
1037.0
855.0
625.0
360.0
87.0
0.0
0.0
0.0
0.0
0.0
0.0
0.0
0.0
0.0
0.0
5.0
194.0
470.0
723.0
936.0
1095.0
1188.0
1211.0
1160.0
1040.0
858.0
628.0
364.0
90.0
0.0
0.0
0.0
0.0
0.0
0.0
0.0
0.0
0.0
0.0
7.0
200.0
475.0
727.0
940.0
1098.0
1192.0
1214.0
1163.0
1042.0
861.0
631.0
367.0
93.0
0.0
0.0
0.0
0.0
0.0
0.0
0.0
0.0
0.0
0.0
8.0
206.0
480.0
732.0
944.0
1102.0
1195.0
1217.0
1165.0
1045.0
864.0
633.0
370.0
96.0
0.0
0.0
0.0
0.0
0.0
0.0
0.0
0.0
0.0
0.0
10.0
212.0
486.0
737.0
948.0
1106.0
1198.0
1219.0
1168.0
1048.0
866.0
636.0
374.0
100.0
0.0
0.0
0.0
0.0
0.0
0.0
0.0
0.0
0.0
0.0
11.0
218.0
491.0
742.0
952.0
1109.0
1201.0
1222.0
1171.0
1050.0
869.0
639.0
377.0
103.0
0.0
0.0
0.0
0.0
0.0
0.0
0.0
0.0
0.0
0.0
13.0
223.0
496.0
746.0
956.0
1113.0
1204.0
1225.0
1173.0
1053.0
872.0
642.0
380.0
106.0
0.0
0.0
0.0
0.0
0.0
0.0
0.0
0.0
0.0
0.0
15.0
229.0
501.0
750.0
960.0
1116.0
1207.0
1228.0
1176.0
1055.0
874.0
645.0
383.0
109.0
0.0
0.0
0.0
0.0
0.0
0.0
0.0
0.0
0.0
0.0
17.0
234.0
506.0
755.0
964.0
1119.0
1210.0
1230.0
1178.0
1058.0
877.0
648.0
386.0
112.0
0.0
0.0
0.0
0.0
0.0
0.0
0.0
0.0
0.0
0.0
19.0
239.0
511.0
759.0
968.0
1122.0
1213.0
1233.0
1180.0
1060.0
879.0
651.0
390.0
116.0
0.0
0.0
0.0
0.0
0.0
0.0
0.0
0.0
0.0
0.0
21.0
245.0
515.0
763.0
971.0
1126.0
1216.0
1235.0
1183.0
1062.0
882.0
653.0
393.0
119.0
0.0
0.0
0.0
0.0
0.0
0.0
0.0
0.0
0.0
0.0
23.0
250.0
520.0
767.0
975.0
1129.0
1218.0
1237.0
1185.0
1064.0
884.0
656.0
396.0
122.0
0.0
0.0
0.0
0.0
0.0
0.0
0.0
0.0
0.0
0.0
25.0
255.0
524.0
771.0
978.0
1131.0
1221.0
1240.0
1187.0
1067.0
886.0
659.0
399.0
126.0
0.0
0.0
0.0
0.0
0.0
0.0
0.0
0.0
0.0
0.0
28.0
260.0
529.0
775.0
981.0
1134.0
1223.0
1242.0
1189.0
1069.0
889.0
661.0
402.0
129.0
0.0
0.0
0.0
0.0
0.0
0.0
0.0
0.0
0.0
0.0
30.0
264.0
533.0
778.0
984.0
1137.0
1225.0
1244.0
1191.0
1071.0
891.0
664.0
405.0
133.0
0.0
0.0
0.0
0.0
0.0
0.0
0.0
0.0
0.0
0.0
33.0
269.0
537.0
782.0
987.0
1140.0
1228.0
1246.0
1193.0
1073.0
893.0
667.0
408.0
136.0
0.0
0.0
0.0
0.0
0.0
0.0
0.0
0.0
0.0
0.0
35.0
274.0
541.0
785.0
990.0
1142.0
1230.0
1248.0
1195.0
1075.0
896.0
669.0
411.0
139.0
0.0
0.0
0.0
0.0
0.0
0.0
0.0
0.0
0.0
0.0
38.0
278.0
545.0
789.0
993.0
1145.0
1232.0
1250.0
1197.0
1077.0
898.0
672.0
414.0
143.0
0.0
0.0
0.0
0.0
0.0
0.0
0.0
0.0
0.0
0.0
40.0
282.0
549.0
792.0
996.0
1147.0
1234.0
1252.0
1199.0
1079.0
900.0
674.0
417.0
146.0
0.0
0.0
0.0
0.0
0.0
0.0
0.0
0.0
0.0
0.0
43.0
287.0
552.0
795.0
999.0
1149.0
1236.0
1254.0
1201.0
1081.0
902.0
677.0
420.0
150.0
0.0
0.0
0.0
0.0
0.0
0.0
0.0
0.0
0.0
0.0
46.0
291.0
556.0
798.0
1001.0
1151.0
1238.0
1255.0
1202.0
1083.0
904.0
679.0
423.0
153.0
1.0
0.0
0.0
0.0
0.0
0.0
0.0
0.0
0.0
0.0
48.0
295.0
559.0
801.0
1004.0
1153.0
1240.0
1257.0
1204.0
1084.0
906.0
682.0
426.0
157.0
1.0
0.0
0.0
0.0
0.0
0.0
0.0
0.0
0.0
0.0
51.0
299.0
563.0
804.0
1006.0
1155.0
1242.0
1259.0
1206.0
1086.0
908.0
684.0
429.0
160.0
1.0
0.0
0.0
0.0
0.0
0.0
0.0
0.0
0.0
0.0
53.0
303.0
566.0
807.0
1009.0
1157.0
1243.0
1260.0
1207.0
1088.0
910.0
686.0
432.0
164.0
2.0
0.0
0.0
0.0
0.0
0.0
0.0
0.0
0.0
0.0
56.0
306.0
569.0
810.0
1011.0
1159.0
1245.0
1262.0
1209.0
1090.0
912.0
689.0
435.0
167.0
2.0
0.0
0.0
0.0
0.0
0.0
0.0
0.0
0.0
0.0
59.0
310.0
572.0
812.0
1013.0
1161.0
1246.0
1263.0
1210.0
1091.0
914.0
691.0
437.0
170.0
3.0
0.0
0.0
0.0
0.0
0.0
0.0
0.0
0.0
0.0
61.0
313.0
575.0
814.0
1015.0
1163.0
1248.0
1265.0
1212.0
1093.0
916.0
694.0
440.0
174.0
3.0
0.0
0.0
0.0
0.0
0.0
0.0
0.0
0.0
0.0
64.0
317.0
578.0
817.0
1017.0
1164.0
1249.0
1266.0
1213.0
1094.0
918.0
696.0
443.0
177.0
4.0
0.0
0.0
0.0
0.0
0.0
0.0
0.0
0.0
0.0
67.0
320.0
581.0
819.0
1019.0
1166.0
1251.0
1267.0
1214.0
1096.0
920.0
698.0
446.0
180.0
5.0
0.0
0.0
0.0
0.0
0.0
0.0
0.0
0.0
0.0
69.0
323.0
583.0
821.0
1020.0
1167.0
1252.0
1268.0
1216.0
1098.0
922.0
700.0
448.0
183.0
5.0
0.0
0.0
0.0
0.0
0.0
0.0
0.0
0.0
0.0
72.0
326.0
586.0
823.0
1022.0
1169.0
1253.0
1270.0
1217.0
1099.0
924.0
703.0
451.0
187.0
6.0
0.0
0.0
0.0
0.0
0.0
0.0
0.0
0.0
0.0
74.0
329.0
588.0
825.0
1024.0
1170.0
1254.0
1271.0
1218.0
1100.0
925.0
705.0
454.0
190.0
7.0
0.0
0.0
0.0
0.0
0.0
0.0
0.0
0.0
0.0
76.0
332.0
590.0
827.0
1025.0
1171.0
1255.0
1272.0
1219.0
1102.0
927.0
707.0
456.0
193.0
8.0
0.0
0.0
0.0
0.0
0.0
0.0
0.0
0.0
0.0
79.0
334.0
593.0
829.0
1027.0
1172.0
1256.0
1273.0
1221.0
1103.0
929.0
709.0
459.0
196.0
8.0
0.0
0.0
0.0
0.0
0.0
0.0
0.0
0.0
0.0
81.0
337.0
595.0
830.0
1028.0
1173.0
1257.0
1274.0
1222.0
1105.0
930.0
711.0
462.0
199.0
9.0
0.0
0.0
0.0
0.0
0.0
0.0
0.0
0.0
0.0
83.0
339.0
597.0
832.0
1029.0
1174.0
1258.0
1275.0
1223.0
1106.0
932.0
713.0
464.0
202.0
10.0
0.0
0.0
0.0
0.0
0.0
0.0
0.0
0.0
0.0
86.0
341.0
598.0
833.0
1030.0
1175.0
1259.0
1276.0
1224.0
1107.0
934.0
715.0
467.0
205.0
11.0
0.0
0.0
0.0
0.0
0.0
0.0
0.0
0.0
0.0
88.0
344.0
600.0
835.0
1031.0
1176.0
1260.0
1276.0
1225.0
1108.0
935.0
717.0
469.0
208.0
12.0
0.0
0.0
0.0
0.0
0.0
0.0
0.0
0.0
0.0
90.0
346.0
602.0
836.0
1032.0
1177.0
1261.0
1277.0
1226.0
1110.0
937.0
719.0
472.0
211.0
13.0
0.0
0.0
0.0
0.0
0.0
0.0
0.0
0.0
0.0
92.0
348.0
603.0
837.0
1033.0
1178.0
1261.0
1278.0
1227.0
1111.0
938.0
721.0
474.0
213.0
14.0
0.0
0.0
0.0
0.0
0.0
0.0
0.0
0.0
0.0
94.0
349.0
605.0
838.0
1034.0
1179.0
1262.0
1279.0
1228.0
1112.0
940.0
723.0
476.0
216.0
15.0
0.0
0.0
0.0
0.0
0.0
0.0
0.0
0.0
0.0
95.0
351.0
606.0
839.0
1035.0
1179.0
1263.0
1279.0
1228.0
1113.0
941.0
725.0
479.0
219.0
16.0
0.0
0.0
0.0
0.0
0.0
0.0
0.0
0.0
0.0
97.0
353.0
607.0
840.0
1036.0
1180.0
1263.0
1280.0
1229.0
1114.0
943.0
727.0
481.0
222.0
17.0
0.0
0.0
0.0
0.0
0.0
0.0
0.0
0.0
0.0
99.0
354.0
609.0
841.0
1036.0
1180.0
1264.0
1281.0
1230.0
1115.0
944.0
729.0
483.0
224.0
19.0
0.0
0.0
0.0
0.0
0.0
0.0
0.0
0.0
0.0
100.0
356.0
610.0
842.0
1037.0
1181.0
1264.0
1281.0
1231.0
1116.0
946.0
730.0
485.0
227.0
20.0
0.0
0.0
0.0
0.0
0.0
0.0
0.0
0.0
0.0
102.0
357.0
611.0
843.0
1037.0
1181.0
1265.0
1282.0
1232.0
1117.0
947.0
732.0
487.0
229.0
21.0
0.0
0.0
0.0
0.0
0.0
0.0
0.0
0.0
0.0
103.0
358.0
611.0
843.0
1038.0
1181.0
1265.0
1282.0
1232.0
1118.0
948.0
734.0
490.0
232.0
22.0
0.0
0.0
0.0
0.0
0.0
0.0
0.0
0.0
0.0
104.0
359.0
612.0
844.0
1038.0
1182.0
1265.0
1283.0
1233.0
1119.0
950.0
736.0
492.0
234.0
23.0
0.0
0.0
0.0
0.0
0.0
0.0
0.0
0.0
0.0
106.0
360.0
613.0
844.0
1038.0
1182.0
1266.0
1283.0
1234.0
1120.0
951.0
737.0
494.0
237.0
24.0
0.0
0.0
0.0
0.0
0.0
0.0
0.0
0.0
0.0
107.0
361.0
613.0
845.0
1039.0
1182.0
1266.0
1283.0
1234.0
1121.0
952.0
739.0
496.0
239.0
25.0
0.0
0.0
0.0
0.0
0.0
0.0
0.0
0.0
0.0
108.0
362.0
614.0
845.0
1039.0
1182.0
1266.0
1284.0
1235.0
1122.0
954.0
740.0
498.0
241.0
26.0
0.0
0.0
0.0
0.0
0.0
0.0
0.0
0.0
0.0
109.0
362.0
614.0
845.0
1039.0
1182.0
1266.0
1284.0
1235.0
1123.0
955.0
742.0
499.0
243.0
28.0
0.0
0.0
0.0
0.0
0.0
0.0
0.0
0.0
0.0
109.0
363.0
615.0
845.0
1039.0
1182.0
1266.0
1284.0
1236.0
1124.0
956.0
744.0
501.0
245.0
29.0
0.0
0.0
0.0
0.0
0.0
0.0
0.0
0.0
0.0
110.0
363.0
615.0
845.0
1039.0
1182.0
1266.0
1285.0
1236.0
1125.0
957.0
745.0
503.0
248.0
30.0
0.0
0.0
0.0
0.0
0.0
0.0
0.0
0.0
0.0
111.0
364.0
615.0
845.0
1039.0
1182.0
1266.0
1285.0
1237.0
1125.0
958.0
746.0
505.0
250.0
31.0
0.0
0.0
0.0
0.0
0.0
0.0
0.0
0.0
0.0
111.0
364.0
615.0
845.0
1039.0
1182.0
1266.0
1285.0
1237.0
1126.0
959.0
748.0
506.0
251.0
32.0
0.0
0.0
0.0
0.0
0.0
0.0
0.0
0.0
0.0
111.0
364.0
615.0
845.0
1038.0
1182.0
1266.0
1285.0
1238.0
1127.0
960.0
749.0
508.0
253.0
33.0
0.0
0.0
0.0
0.0
0.0
0.0
0.0
0.0
0.0
112.0
364.0
615.0
845.0
1038.0
1182.0
1266.0
1286.0
1238.0
1128.0
961.0
750.0
509.0
255.0
34.0
0.0
0.0
0.0
0.0
0.0
0.0
0.0
0.0
0.0
112.0
364.0
615.0
844.0
1038.0
1182.0
1266.0
1286.0
1239.0
1128.0
962.0
752.0
511.0
257.0
35.0
0.0
0.0
0.0
0.0
0.0
0.0
0.0
0.0
0.0
112.0
364.0
614.0
844.0
1038.0
1182.0
1266.0
1286.0
1239.0
1129.0
963.0
753.0
512.0
258.0
36.0
0.0
0.0
0.0
0.0
0.0
0.0
0.0
0.0
0.0
112.0
364.0
614.0
844.0
1037.0
1181.0
1266.0
1286.0
1239.0
1129.0
964.0
754.0
514.0
260.0
37.0
0.0
0.0
0.0
0.0
0.0
0.0
0.0
0.0
0.0
112.0
363.0
614.0
843.0
1037.0
1181.0
1266.0
1286.0
1239.0
1130.0
965.0
755.0
515.0
261.0
37.0
0.0
0.0
0.0
0.0
0.0
0.0
0.0
0.0
0.0
111.0
363.0
613.0
843.0
1036.0
1181.0
1266.0
1286.0
1240.0
1130.0
965.0
756.0
516.0
263.0
38.0
0.0
0.0
0.0
0.0
0.0
0.0
0.0
0.0
0.0
111.0
362.0
612.0
842.0
1036.0
1180.0
1265.0
1286.0
1240.0
1131.0
966.0
757.0
517.0
264.0
39.0
0.0
0.0
0.0
0.0
0.0
0.0
0.0
0.0
0.0
111.0
362.0
612.0
841.0
1035.0
1180.0
1265.0
1286.0
1240.0
1131.0
967.0
758.0
519.0
265.0
40.0
0.0
0.0
0.0
0.0
0.0
0.0
0.0
0.0
0.0
110.0
361.0
611.0
841.0
1035.0
1179.0
1265.0
1286.0
1240.0
1132.0
968.0
759.0
520.0
266.0
40.0
0.0
0.0
0.0
0.0
0.0
0.0
0.0
0.0
0.0
109.0
360.0
610.0
840.0
1034.0
1179.0
1265.0
1286.0
1241.0
1132.0
968.0
760.0
521.0
267.0
41.0
0.0
0.0
0.0
0.0
0.0
0.0
0.0
0.0
0.0
109.0
359.0
609.0
839.0
1033.0
1178.0
1264.0
1286.0
1241.0
1133.0
969.0
760.0
521.0
268.0
42.0
0.0
0.0
0.0
0.0
0.0
0.0
0.0
0.0
0.0
108.0
359.0
609.0
838.0
1032.0
1178.0
1264.0
1285.0
1241.0
1133.0
969.0
761.0
522.0
269.0
42.0
0.0
0.0
0.0
0.0
0.0
0.0
0.0
0.0
0.0
107.0
358.0
608.0
837.0
1032.0
1177.0
1264.0
1285.0
1241.0
1133.0
970.0
762.0
523.0
270.0
43.0
0.0
0.0
0.0
0.0
0.0
0.0
0.0
0.0
0.0
106.0
356.0
606.0
836.0
1031.0
1176.0
1263.0
1285.0
1241.0
1134.0
970.0
762.0
524.0
271.0
43.0
0.0
0.0
0.0
0.0
0.0
0.0
0.0
0.0
0.0
105.0
355.0
605.0
835.0
1030.0
1176.0
1263.0
1285.0
1241.0
1134.0
971.0
763.0
524.0
271.0
43.0
0.0
0.0
0.0
0.0
0.0
0.0
0.0
0.0
0.0
104.0
354.0
604.0
834.0
1029.0
1175.0
1262.0
1285.0
1241.0
1134.0
971.0
763.0
525.0
272.0
44.0
0.0
0.0
0.0
0.0
0.0
0.0
0.0
0.0
0.0
103.0
353.0
603.0
833.0
1028.0
1174.0
1262.0
1284.0
1241.0
1134.0
971.0
764.0
525.0
272.0
44.0
0.0
0.0
0.0
0.0
0.0
0.0
0.0
0.0
0.0
101.0
351.0
602.0
832.0
1027.0
1174.0
1261.0
1284.0
1241.0
1134.0
972.0
764.0
526.0
273.0
44.0
0.0
0.0
0.0
0.0
0.0
0.0
0.0
0.0
0.0
100.0
350.0
600.0
831.0
1026.0
1173.0
1261.0
1284.0
1241.0
1134.0
972.0
764.0
526.0
273.0
44.0
0.0
0.0
0.0
0.0
0.0
0.0
0.0
0.0
0.0
99.0
348.0
599.0
830.0
1025.0
1172.0
1260.0
1284.0
1241.0
1134.0
972.0
765.0
526.0
273.0
44.0
0.0
0.0
0.0
0.0
0.0
0.0
0.0
0.0
0.0
97.0
347.0
597.0
828.0
1024.0
1171.0
1260.0
1283.0
1240.0
1134.0
972.0
765.0
526.0
273.0
44.0
0.0
0.0
0.0
0.0
0.0
0.0
0.0
0.0
0.0
96.0
345.0
596.0
827.0
1023.0
1170.0
1259.0
1283.0
1240.0
1134.0
972.0
765.0
526.0
273.0
44.0
0.0
0.0
0.0
0.0
0.0
0.0
0.0
0.0
0.0
94.0
343.0
594.0
826.0
1022.0
1169.0
1258.0
1282.0
1240.0
1134.0
972.0
765.0
526.0
273.0
44.0
0.0
0.0
0.0
0.0
0.0
0.0
0.0
0.0
0.0
92.0
342.0
593.0
824.0
1021.0
1169.0
1258.0
1282.0
1240.0
1134.0
972.0
765.0
526.0
273.0
44.0
0.0
0.0
0.0
0.0
0.0
0.0
0.0
0.0
0.0
91.0
340.0
591.0
823.0
1020.0
1168.0
1257.0
1281.0
1240.0
1134.0
972.0
765.0
526.0
272.0
43.0
0.0
0.0
0.0
0.0
0.0
0.0
0.0
0.0
0.0
89.0
338.0
589.0
822.0
1018.0
1167.0
1256.0
1281.0
1239.0
1134.0
972.0
764.0
526.0
272.0
43.0
0.0
0.0
0.0
0.0
0.0
0.0
0.0
0.0
0.0
87.0
336.0
588.0
820.0
1017.0
1166.0
1256.0
1280.0
1239.0
1133.0
972.0
764.0
525.0
271.0
43.0
0.0
0.0
0.0
0.0
0.0
0.0
0.0
0.0
0.0
85.0
334.0
586.0
818.0
1016.0
1165.0
1255.0
1280.0
1238.0
1133.0
971.0
764.0
525.0
271.0
42.0
0.0
0.0
0.0
0.0
0.0
0.0
0.0
0.0
0.0
83.0
332.0
584.0
817.0
1015.0
1164.0
1254.0
1279.0
1238.0
1133.0
971.0
763.0
524.0
270.0
41.0
0.0
0.0
0.0
0.0
0.0
0.0
0.0
0.0
0.0
82.0
330.0
582.0
815.0
1013.0
1163.0
1253.0
1279.0
1238.0
1132.0
970.0
763.0
524.0
269.0
41.0
0.0
0.0
0.0
0.0
0.0
0.0
0.0
0.0
0.0
80.0
327.0
580.0
814.0
1012.0
1162.0
1252.0
1278.0
1237.0
1132.0
970.0
762.0
523.0
268.0
40.0
0.0
0.0
0.0
0.0
0.0
0.0
0.0
0.0
0.0
78.0
325.0
578.0
812.0
1011.0
1161.0
1252.0
1277.0
1236.0
1131.0
969.0
762.0
522.0
267.0
39.0
0.0
0.0
0.0
0.0
0.0
0.0
0.0
0.0
0.0
76.0
323.0
576.0
810.0
1009.0
1159.0
1251.0
1277.0
1236.0
1131.0
969.0
761.0
521.0
266.0
39.0
0.0
0.0
0.0
0.0
0.0
0.0
0.0
0.0
0.0
74.0
321.0
574.0
809.0
1008.0
1158.0
1250.0
1276.0
1235.0
1130.0
968.0
760.0
520.0
264.0
38.0
0.0
0.0
0.0
0.0
0.0
0.0
0.0
0.0
0.0
72.0
318.0
572.0
807.0
1006.0
1157.0
1249.0
1275.0
1235.0
1130.0
967.0
759.0
519.0
263.0
37.0
0.0
0.0
0.0
0.0
0.0
0.0
0.0
0.0
0.0
70.0
316.0
570.0
805.0
1005.0
1156.0
1248.0
1274.0
1234.0
1129.0
966.0
758.0
517.0
261.0
36.0
0.0
0.0
0.0
0.0
0.0
0.0
0.0
0.0
0.0
68.0
313.0
568.0
803.0
1003.0
1155.0
1247.0
1274.0
1233.0
1128.0
966.0
757.0
516.0
260.0
35.0
0.0
0.0
0.0
0.0
0.0
0.0
0.0
0.0
0.0
66.0
311.0
566.0
801.0
1002.0
1154.0
1246.0
1273.0
1232.0
1127.0
965.0
756.0
515.0
258.0
34.0
0.0
0.0
0.0
0.0
0.0
0.0
0.0
0.0
0.0
64.0
308.0
564.0
800.0
1000.0
1152.0
1245.0
1272.0
1231.0
1126.0
964.0
754.0
513.0
256.0
33.0
0.0
0.0
0.0
0.0
0.0
0.0
0.0
0.0
0.0
62.0
306.0
561.0
798.0
999.0
1151.0
1244.0
1271.0
1230.0
1125.0
962.0
753.0
511.0
254.0
31.0
0.0
0.0
0.0
0.0
0.0
0.0
0.0
0.0
0.0
60.0
303.0
559.0
796.0
997.0
1150.0
1243.0
1270.0
1229.0
1124.0
961.0
752.0
510.0
252.0
30.0
0.0
0.0
0.0
0.0
0.0
0.0
0.0
0.0
0.0
58.0
300.0
557.0
794.0
996.0
1148.0
1242.0
1269.0
1228.0
1123.0
960.0
750.0
508.0
250.0
29.0
0.0
0.0
0.0
0.0
0.0
0.0
0.0
0.0
0.0
56.0
298.0
554.0
792.0
994.0
1147.0
1240.0
1268.0
1227.0
1122.0
959.0
748.0
506.0
247.0
28.0
0.0
0.0
0.0
0.0
0.0
0.0
0.0
0.0
0.0
54.0
295.0
552.0
790.0
992.0
1146.0
1239.0
1267.0
1226.0
1121.0
957.0
747.0
504.0
245.0
27.0
0.0
0.0
0.0
0.0
0.0
0.0
0.0
0.0
0.0
52.0
292.0
550.0
788.0
991.0
1144.0
1238.0
1266.0
1225.0
1119.0
956.0
745.0
502.0
242.0
25.0
0.0
0.0
0.0
0.0
0.0
0.0
0.0
0.0
0.0
50.0
289.0
547.0
786.0
989.0
1143.0
1237.0
1264.0
1224.0
1118.0
954.0
743.0
499.0
240.0
24.0
0.0
0.0
0.0
0.0
0.0
0.0
0.0
0.0
0.0
48.0
287.0
545.0
784.0
987.0
1141.0
1235.0
1263.0
1223.0
1116.0
952.0
741.0
497.0
237.0
23.0
0.0
0.0
0.0
0.0
0.0
0.0
0.0
0.0
0.0
46.0
284.0
542.0
782.0
986.0
1140.0
1234.0
1262.0
1221.0
1115.0
950.0
739.0
494.0
234.0
21.0
0.0
0.0
0.0
0.0
0.0
0.0
0.0
0.0
0.0
44.0
281.0
540.0
780.0
984.0
1138.0
1233.0
1260.0
1220.0
1113.0
949.0
737.0
492.0
231.0
20.0
0.0
0.0
0.0
0.0
0.0
0.0
0.0
0.0
0.0
42.0
278.0
538.0
778.0
982.0
1137.0
1231.0
1259.0
1218.0
1112.0
947.0
734.0
489.0
228.0
19.0
0.0
0.0
0.0
0.0
0.0
0.0
0.0
0.0
0.0
40.0
275.0
535.0
776.0
980.0
1135.0
1230.0
1258.0
1217.0
1110.0
945.0
732.0
486.0
225.0
17.0
0.0
0.0
0.0
0.0
0.0
0.0
0.0
0.0
0.0
38.0
272.0
533.0
773.0
978.0
1134.0
1228.0
1256.0
1215.0
1108.0
942.0
729.0
483.0
221.0
16.0
0.0
0.0
0.0
0.0
0.0
0.0
0.0
0.0
0.0
36.0
269.0
530.0
771.0
977.0
1132.0
1227.0
1255.0
1213.0
1106.0
940.0
727.0
480.0
218.0
15.0
0.0
0.0
0.0
0.0
0.0
0.0
0.0
0.0
0.0
35.0
266.0
527.0
769.0
975.0
1130.0
1225.0
1253.0
1212.0
1104.0
938.0
724.0
477.0
214.0
13.0
0.0
0.0
0.0
0.0
0.0
0.0
0.0
0.0
0.0
33.0
263.0
525.0
767.0
973.0
1129.0
1224.0
1251.0
1210.0
1102.0
936.0
721.0
474.0
210.0
12.0
0.0
0.0
0.0
0.0
0.0
0.0
0.0
0.0
0.0
31.0
260.0
522.0
765.0
971.0
1127.0
1222.0
1250.0
1208.0
1100.0
933.0
718.0
470.0
206.0
11.0
0.0
0.0
0.0
0.0
0.0
0.0
0.0
0.0
0.0
30.0
257.0
520.0
762.0
969.0
1125.0
1220.0
1248.0
1206.0
1098.0
930.0
715.0
467.0
202.0
10.0
0.0
0.0
0.0
0.0
0.0
0.0
0.0
0.0
0.0
28.0
254.0
517.0
760.0
967.0
1123.0
1219.0
1246.0
1204.0
1096.0
928.0
712.0
463.0
198.0
8.0
0.0
0.0
0.0
0.0
0.0
0.0
0.0
0.0
0.0
26.0
251.0
514.0
758.0
965.0
1122.0
1217.0
1244.0
1202.0
1093.0
925.0
709.0
460.0
194.0
7.0
0.0
0.0
0.0
0.0
0.0
0.0
0.0
0.0
0.0
25.0
248.0
512.0
756.0
963.0
1120.0
1215.0
1242.0
1200.0
1091.0
922.0
706.0
456.0
190.0
6.0
0.0
0.0
0.0
0.0
0.0
0.0
0.0
0.0
0.0
23.0
245.0
509.0
753.0
961.0
1118.0
1213.0
1240.0
1198.0
1088.0
919.0
702.0
452.0
185.0
5.0
0.0
0.0
0.0
0.0
0.0
0.0
0.0
0.0
0.0
22.0
242.0
506.0
751.0
959.0
1116.0
1211.0
1238.0
1196.0
1086.0
916.0
699.0
448.0
181.0
4.0
0.0
0.0
0.0
0.0
0.0
0.0
0.0
0.0
0.0
21.0
238.0
504.0
749.0
957.0
1114.0
1209.0
1236.0
1193.0
1083.0
913.0
695.0
444.0
176.0
3.0
0.0
0.0
0.0
0.0
0.0
0.0
0.0
0.0
0.0
19.0
235.0
501.0
746.0
955.0
1112.0
1207.0
1234.0
1191.0
1080.0
910.0
691.0
439.0
172.0
3.0
0.0
0.0
0.0
0.0
0.0
0.0
0.0
0.0
0.0
18.0
232.0
498.0
744.0
953.0
1110.0
1205.0
1232.0
1188.0
1077.0
906.0
687.0
435.0
167.0
2.0
0.0
0.0
0.0
0.0
0.0
0.0
0.0
0.0
0.0
17.0
229.0
496.0
742.0
950.0
1108.0
1203.0
1230.0
1186.0
1074.0
903.0
683.0
431.0
162.0
1.0
0.0
0.0
0.0
0.0
0.0
0.0
0.0
0.0
0.0
15.0
226.0
493.0
739.0
948.0
1106.0
1201.0
1227.0
1183.0
1071.0
899.0
679.0
426.0
157.0
1.0
0.0
0.0
0.0
0.0
0.0
0.0
0.0
0.0
0.0
14.0
223.0
490.0
737.0
946.0
1104.0
1199.0
1225.0
1180.0
1068.0
896.0
675.0
421.0
151.0
1.0
0.0
0.0
0.0
0.0
0.0
0.0
0.0
0.0
0.0
13.0
219.0
487.0
734.0
944.0
1101.0
1196.0
1222.0
1178.0
1065.0
892.0
671.0
417.0
146.0
0.0
0.0
0.0
0.0
0.0
0.0
0.0
0.0
0.0
0.0
12.0
216.0
484.0
732.0
942.0
1099.0
1194.0
1220.0
1175.0
1062.0
888.0
667.0
412.0
141.0
0.0
0.0
0.0
0.0
0.0
0.0
0.0
0.0
0.0
0.0
11.0
213.0
482.0
729.0
939.0
1097.0
1192.0
1217.0
1172.0
1058.0
884.0
662.0
407.0
136.0
0.0
0.0
0.0
0.0
0.0
0.0
0.0
0.0
0.0
0.0
10.0
210.0
479.0
727.0
937.0
1095.0
1189.0
1215.0
1169.0
1055.0
880.0
658.0
402.0
130.0
0.0
0.0
0.0
0.0
0.0
0.0
0.0
0.0
0.0
0.0
9.0
206.0
476.0
724.0
934.0
1092.0
1187.0
1212.0
1166.0
1051.0
876.0
653.0
396.0
125.0
0.0
0.0
0.0
0.0
0.0
0.0
0.0
0.0
0.0
0.0
8.0
203.0
473.0
722.0
932.0
1090.0
1184.0
1209.0
1162.0
1047.0
872.0
648.0
391.0
119.0
0.0
0.0
0.0
0.0
0.0
0.0
0.0
0.0
0.0
0.0
7.0
200.0
470.0
719.0
930.0
1087.0
1182.0
1206.0
1159.0
1044.0
868.0
643.0
386.0
114.0
0.0
0.0
0.0
0.0
0.0
0.0
0.0
0.0
0.0
0.0
7.0
197.0
467.0
716.0
927.0
1085.0
1179.0
1203.0
1156.0
1040.0
863.0
638.0
380.0
109.0
0.0
0.0
0.0
0.0
0.0
0.0
0.0
0.0
0.0
0.0
6.0
193.0
464.0
714.0
925.0
1082.0
1176.0
1200.0
1152.0
1036.0
859.0
633.0
375.0
103.0
0.0
0.0
0.0
0.0
0.0
0.0
0.0
0.0
0.0
0.0
5.0
190.0
462.0
711.0
922.0
1080.0
1174.0
1197.0
1149.0
1032.0
854.0
628.0
369.0
98.0
0.0
0.0
0.0
0.0
0.0
0.0
0.0
0.0
0.0
0.0
4.0
187.0
459.0
708.0
919.0
1077.0
1171.0
1194.0
1145.0
1028.0
850.0
623.0
363.0
93.0
0.0
0.0
0.0
0.0
0.0
0.0
0.0
0.0
0.0
0.0
4.0
184.0
456.0
706.0
917.0
1074.0
1168.0
1191.0
1142.0
1024.0
845.0
618.0
358.0
88.0
0.0
0.0
0.0
0.0
0.0
0.0
0.0
0.0
0.0
0.0
3.0
180.0
453.0
703.0
914.0
1072.0
1165.0
1187.0
1138.0
1019.0
840.0
612.0
352.0
83.0
0.0
0.0
0.0
0.0
0.0
0.0
0.0
0.0
0.0
0.0
3.0
177.0
450.0
700.0
911.0
1069.0
1162.0
1184.0
1134.0
1015.0
835.0
607.0
346.0
78.0
0.0
0.0
0.0
0.0
0.0
0.0
0.0
0.0
0.0
0.0
2.0
174.0
447.0
697.0
909.0
1066.0
1159.0
1181.0
1130.0
1011.0
830.0
601.0
340.0
73.0
0.0
0.0
0.0
0.0
0.0
0.0
0.0
0.0
0.0
0.0
2.0
170.0
444.0
695.0
906.0
1063.0
1156.0
1177.0
1126.0
1006.0
825.0
596.0
333.0
69.0
0.0
0.0
0.0
0.0
0.0
0.0
0.0
0.0
0.0
0.0
1.0
167.0
441.0
692.0
903.0
1060.0
1152.0
1173.0
1122.0
1001.0
820.0
590.0
327.0
64.0
0.0
0.0
0.0
0.0
0.0
0.0
0.0
0.0
0.0
0.0
1.0
164.0
438.0
689.0
900.0
1057.0
1149.0
1170.0
1118.0
997.0
815.0
584.0
321.0
60.0
0.0
0.0
0.0
0.0
0.0
0.0
0.0
0.0
0.0
0.0
1.0
160.0
435.0
686.0
897.0
1054.0
1146.0
1166.0
1114.0
992.0
809.0
578.0
315.0
56.0
0.0
0.0
0.0
0.0
0.0
0.0
0.0
0.0
0.0
0.0
1.0
157.0
431.0
683.0
894.0
1051.0
1142.0
1162.0
1109.0
987.0
804.0
572.0
308.0
51.0
0.0
0.0
0.0
0.0
0.0
0.0
0.0
0.0
0.0
0.0
0.0
154.0
428.0
680.0
891.0
1048.0
1139.0
1158.0
1105.0
982.0
798.0
566.0
302.0
47.0
0.0
0.0
0.0
0.0
0.0
0.0
0.0
0.0
0.0
0.0
0.0
150.0
425.0
677.0
888.0
1044.0
1135.0
1154.0
1100.0
977.0
793.0
560.0
295.0
43.0
0.0
0.0
0.0
0.0
0.0
0.0
0.0
0.0
0.0
0.0
0.0
147.0
422.0
674.0
885.0
1041.0
1132.0
1150.0
1096.0
972.0
787.0
554.0
289.0
40.0
0.0
0.0
0.0
0.0
0.0
0.0
0.0
0.0
0.0
0.0
0.0
143.0
419.0
671.0
882.0
1038.0
1128.0
1146.0
1091.0
967.0
782.0
548.0
282.0
36.0
0.0
0.0
0.0
0.0
0.0
0.0
0.0
0.0
0.0
0.0
0.0
139.0
416.0
668.0
879.0
1034.0
1124.0
1142.0
1087.0
962.0
776.0
542.0
275.0
33.0
0.0
0.0
0.0
0.0
0.0
0.0
0.0
0.0
0.0
0.0
0.0
136.0
412.0
664.0
875.0
1031.0
1120.0
1138.0
1082.0
956.0
770.0
535.0
268.0
29.0
0.0
0.0
0.0
0.0
0.0
0.0
0.0
0.0
0.0
0.0
0.0
132.0
409.0
661.0
872.0
1027.0
1117.0
1133.0
1077.0
951.0
764.0
529.0
262.0
26.0
0.0
0.0
0.0
0.0
0.0
0.0
0.0
0.0
0.0
0.0
0.0
129.0
406.0
658.0
869.0
1024.0
1113.0
1129.0
1072.0
946.0
758.0
522.0
255.0
23.0
0.0
0.0
0.0
0.0
0.0
0.0
0.0
0.0
0.0
0.0
0.0
126.0
402.0
655.0
865.0
1020.0
1109.0
1125.0
1067.0
940.0
752.0
516.0
248.0
20.0
0.0
0.0
0.0
0.0
0.0
0.0
0.0
0.0
0.0
0.0
0.0
122.0
399.0
651.0
862.0
1016.0
1104.0
1120.0
1062.0
935.0
746.0
509.0
241.0
18.0
0.0
0.0
0.0
0.0
0.0
0.0
0.0
0.0
0.0
0.0
0.0
119.0
396.0
648.0
858.0
1013.0
1100.0
1116.0
1057.0
929.0
740.0
503.0
234.0
15.0
0.0
0.0
0.0
0.0
0.0
0.0
0.0
0.0
0.0
0.0
0.0
116.0
392.0
644.0
855.0
1009.0
1096.0
1111.0
1052.0
923.0
734.0
496.0
227.0
13.0
0.0
0.0
0.0
0.0
0.0
0.0
0.0
0.0
0.0
0.0
0.0
112.0
389.0
641.0
851.0
1005.0
1092.0
1106.0
1047.0
917.0
727.0
490.0
220.0
11.0
0.0
0.0
0.0
0.0
0.0
0.0
0.0
0.0
0.0
0.0
0.0
109.0
385.0
637.0
847.0
1001.0
1088.0
1101.0
1041.0
912.0
721.0
483.0
213.0
9.0
0.0
0.0
0.0
0.0
0.0
0.0
0.0
0.0
0.0
0.0
0.0
106.0
382.0
634.0
844.0
997.0
1083.0
1096.0
1036.0
906.0
715.0
476.0
206.0
7.0
0.0
0.0
0.0
0.0
0.0
0.0
0.0
0.0
0.0
0.0
0.0
103.0
378.0
630.0
840.0
993.0
1079.0
1092.0
1031.0
900.0
709.0
469.0
199.0
6.0
0.0
0.0
0.0
0.0
0.0
0.0
0.0
0.0
0.0
0.0
0.0
100.0
374.0
626.0
836.0
989.0
1074.0
1087.0
1025.0
894.0
702.0
463.0
192.0
4.0
0.0
0.0
0.0
0.0
0.0
0.0
0.0
0.0
0.0
0.0
0.0
97.0
371.0
623.0
832.0
984.0
1070.0
1082.0
1020.0
888.0
696.0
456.0
184.0
3.0
0.0
0.0
0.0
0.0
0.0
0.0
0.0
0.0
0.0
0.0
0.0
94.0
367.0
619.0
828.0
980.0
1065.0
1076.0
1014.0
882.0
689.0
449.0
177.0
2.0
0.0
0.0
0.0
0.0
0.0
0.0
0.0
0.0
0.0
0.0
0.0
91.0
363.0
615.0
824.0
976.0
1060.0
1071.0
1008.0
876.0
683.0
442.0
170.0
1.0
0.0
0.0
0.0
0.0
0.0
0.0
0.0
0.0
0.0
0.0
0.0
88.0
359.0
611.0
820.0
971.0
1055.0
1066.0
1003.0
870.0
676.0
435.0
163.0
1.0
0.0
0.0
0.0
0.0
0.0
0.0
0.0
0.0
0.0
0.0
0.0
85.0
356.0
607.0
816.0
967.0
1051.0
1061.0
997.0
864.0
670.0
428.0
156.0
0.0
0.0
0.0
0.0
0.0
0.0
0.0
0.0
0.0
0.0
0.0
0.0
82.0
352.0
603.0
812.0
962.0
1046.0
1055.0
991.0
857.0
663.0
421.0
149.0
0.0
0.0
0.0
0.0
0.0
0.0
0.0
0.0
0.0
0.0
0.0
0.0
79.0
348.0
599.0
807.0
958.0
1041.0
1050.0
985.0
851.0
656.0
415.0
140.0
0.0
0.0
0.0
0.0
0.0
0.0
0.0
0.0
0.0
0.0
0.0
0.0
76.0
344.0
595.0
803.0
953.0
1036.0
1045.0
980.0
845.0
650.0
408.0
133.0
0.0
0.0
0.0
0.0
0.0
0.0
0.0
0.0
0.0
0.0
0.0
0.0
73.0
340.0
591.0
799.0
949.0
1031.0
1039.0
974.0
839.0
643.0
401.0
127.0
0.0
0.0
0.0
0.0
0.0
0.0
0.0
0.0
0.0
0.0
0.0
0.0
70.0
336.0
587.0
794.0
944.0
1026.0
1034.0
968.0
832.0
637.0
394.0
120.0
0.0
0.0
0.0
0.0
0.0
0.0
0.0
0.0
0.0
0.0
0.0
0.0
67.0
332.0
583.0
790.0
939.0
1020.0
1028.0
962.0
826.0
630.0
387.0
114.0
0.0
0.0
0.0
0.0
0.0
0.0
0.0
0.0
0.0
0.0
0.0
0.0
65.0
328.0
578.0
785.0
934.0
1015.0
1023.0
956.0
820.0
623.0
380.0
108.0
0.0
0.0
0.0
0.0
0.0
0.0
0.0
0.0
0.0
0.0
0.0
0.0
62.0
324.0
574.0
781.0
929.0
1010.0
1017.0
950.0
813.0
617.0
373.0
102.0
0.0
0.0
0.0
0.0
0.0
0.0
0.0
0.0
0.0
0.0
0.0
0.0
59.0
319.0
570.0
776.0
924.0
1005.0
1011.0
944.0
807.0
610.0
367.0
96.0
0.0
0.0
0.0
0.0
0.0
0.0
0.0
0.0
0.0
0.0
0.0
0.0
56.0
315.0
565.0
771.0
919.0
999.0
1006.0
938.0
801.0
604.0
360.0
90.0
0.0
0.0
0.0
0.0
0.0
0.0
0.0
0.0
0.0
0.0
0.0
0.0
54.0
311.0
561.0
767.0
914.0
994.0
1000.0
932.0
794.0
597.0
353.0
85.0
0.0
0.0
0.0
0.0
0.0
0.0
0.0
0.0
0.0
0.0
0.0
0.0
51.0
307.0
556.0
762.0
909.0
988.0
994.0
926.0
788.0
590.0
346.0
80.0
0.0
0.0
0.0
0.0
0.0
0.0
0.0
0.0
0.0
0.0
0.0
0.0
49.0
302.0
552.0
757.0
904.0
983.0
988.0
920.0
782.0
584.0
340.0
75.0
0.0
0.0
0.0
0.0
0.0
0.0
0.0
0.0
0.0
0.0
0.0
0.0
46.0
298.0
547.0
752.0
899.0
977.0
982.0
914.0
775.0
577.0
333.0
70.0
0.0
0.0
0.0
0.0
0.0
0.0
0.0
0.0
0.0
0.0
0.0
0.0
44.0
293.0
542.0
747.0
894.0
972.0
977.0
907.0
769.0
571.0
327.0
66.0
0.0
0.0
0.0
0.0
0.0
0.0
0.0
0.0
0.0
0.0
0.0
0.0
41.0
289.0
538.0
742.0
888.0
966.0
971.0
901.0
763.0
564.0
320.0
61.0
0.0
0.0
0.0
0.0
0.0
0.0
0.0
0.0
0.0
0.0
0.0
0.0
39.0
284.0
533.0
737.0
883.0
961.0
965.0
895.0
756.0
558.0
314.0
57.0
0.0
0.0
0.0
0.0
0.0
0.0
0.0
0.0
0.0
0.0
0.0
0.0
37.0
280.0
528.0
732.0
878.0
955.0
959.0
889.0
750.0
552.0
307.0
53.0
0.0
0.0
0.0
0.0
0.0
0.0
0.0
0.0
0.0
0.0
0.0
0.0
35.0
275.0
523.0
727.0
872.0
950.0
953.0
883.0
744.0
545.0
301.0
49.0
0.0
0.0
0.0
0.0
0.0
0.0
0.0
0.0
0.0
0.0
0.0
0.0
32.0
271.0
519.0
722.0
867.0
944.0
947.0
877.0
738.0
539.0
295.0
46.0
0.0
0.0
0.0
0.0
0.0
0.0
0.0
0.0
0.0
0.0
0.0
0.0
30.0
266.0
514.0
717.0
862.0
938.0
941.0
871.0
732.0
533.0
288.0
42.0
0.0
0.0
0.0
0.0
0.0
0.0
0.0
0.0
0.0
0.0
0.0
0.0
28.0
261.0
509.0
712.0
856.0
933.0
935.0
865.0
725.0
527.0
282.0
39.0
0.0
0.0
0.0
0.0
0.0
0.0
0.0
0.0
0.0
0.0
0.0
0.0
26.0
257.0
504.0
706.0
851.0
927.0
930.0
859.0
719.0
520.0
276.0
36.0
0.0
0.0
0.0
0.0
0.0
0.0
0.0
0.0
0.0
0.0
0.0
0.0
24.0
252.0
499.0
701.0
845.0
921.0
924.0
853.0
713.0
514.0
270.0
33.0
0.0
0.0
0.0
0.0
0.0
0.0
0.0
0.0
0.0
0.0
0.0
0.0
22.0
247.0
494.0
696.0
840.0
915.0
918.0
847.0
707.0
508.0
264.0
30.0
0.0
0.0
0.0
0.0
0.0
0.0
0.0
0.0
0.0
0.0
0.0
0.0
21.0
242.0
489.0
691.0
834.0
910.0
912.0
841.0
701.0
502.0
258.0
27.0
0.0
0.0
0.0
0.0
0.0
0.0
0.0
0.0
0.0
0.0
0.0
0.0
19.0
237.0
484.0
685.0
829.0
904.0
906.0
835.0
695.0
497.0
252.0
25.0
0.0
0.0
0.0
0.0
0.0
0.0
0.0
0.0
0.0
0.0
0.0
0.0
17.0
232.0
478.0
680.0
823.0
898.0
900.0
829.0
689.0
491.0
247.0
23.0
0.0
0.0
0.0
0.0
0.0
0.0
0.0
0.0
0.0
0.0
0.0
0.0
15.0
228.0
473.0
675.0
818.0
893.0
894.0
823.0
684.0
485.0
241.0
21.0
0.0
0.0
0.0
0.0
0.0
0.0
0.0
0.0
0.0
0.0
0.0
0.0
14.0
223.0
468.0
669.0
812.0
887.0
889.0
817.0
678.0
479.0
236.0
19.0
0.0
0.0
0.0
0.0
0.0
0.0
0.0
0.0
0.0
0.0
0.0
0.0
12.0
218.0
463.0
664.0
806.0
881.0
883.0
812.0
672.0
474.0
230.0
17.0
0.0
0.0
0.0
0.0
0.0
0.0
0.0
0.0
0.0
0.0
0.0
0.0
11.0
213.0
458.0
658.0
801.0
875.0
877.0
806.0
666.0
468.0
225.0
15.0
0.0
0.0
0.0
0.0
0.0
0.0
0.0
0.0
0.0
0.0
0.0
0.0
10.0
208.0
453.0
653.0
795.0
870.0
872.0
800.0
661.0
463.0
220.0
13.0
0.0
0.0
0.0
0.0
0.0
0.0
0.0
0.0
0.0
0.0
0.0
0.0
9.0
203.0
447.0
648.0
790.0
864.0
866.0
795.0
655.0
458.0
215.0
12.0
0.0
0.0
0.0
0.0
0.0
0.0
0.0
0.0
0.0
0.0
0.0
0.0
7.0
198.0
442.0
642.0
784.0
859.0
860.0
789.0
650.0
452.0
210.0
11.0
0.0
0.0
0.0
0.0
0.0
0.0
0.0
0.0
0.0
0.0
0.0
0.0
6.0
193.0
437.0
637.0
779.0
853.0
855.0
784.0
645.0
447.0
205.0
9.0
0.0
0.0
0.0
0.0
0.0
0.0
0.0
0.0
0.0
0.0
0.0
0.0
5.0
188.0
432.0
631.0
773.0
847.0
849.0
778.0
639.0
442.0
200.0
8.0
0.0
0.0
0.0
0.0
0.0
0.0
0.0
0.0
0.0
0.0
0.0
0.0
4.0
183.0
427.0
626.0
768.0
842.0
844.0
773.0
634.0
437.0
195.0
7.0
0.0
0.0
0.0
0.0
0.0
0.0
0.0
0.0
0.0
0.0
0.0
0.0
4.0
178.0
421.0
621.0
762.0
836.0
838.0
768.0
629.0
432.0
191.0
6.0
0.0
0.0
0.0
0.0
0.0
0.0
0.0
0.0
0.0
0.0
0.0
0.0
3.0
173.0
416.0
615.0
757.0
831.0
833.0
762.0
624.0
428.0
186.0
5.0
0.0
0.0
0.0
0.0
0.0
0.0
0.0
0.0
0.0
0.0
0.0
0.0
2.0
168.0
411.0
610.0
751.0
826.0
828.0
757.0
619.0
423.0
182.0
4.0
0.0
0.0
0.0
0.0
0.0
0.0
0.0
0.0
0.0
0.0
0.0
0.0
2.0
163.0
406.0
605.0
746.0
820.0
822.0
752.0
615.0
419.0
178.0
4.0
0.0
0.0
0.0
0.0
0.0
0.0
0.0
0.0
0.0
0.0
0.0
0.0
1.0
158.0
400.0
599.0
741.0
815.0
817.0
747.0
610.0
414.0
174.0
3.0
0.0
0.0
0.0
0.0
0.0
0.0
0.0
0.0
0.0
0.0
0.0
0.0
1.0
153.0
395.0
594.0
735.0
810.0
812.0
742.0
605.0
410.0
170.0
3.0
0.0
0.0
0.0
0.0
0.0
0.0
0.0
0.0
0.0
0.0
0.0
0.0
0.0
148.0
390.0
589.0
730.0
805.0
807.0
738.0
601.0
406.0
166.0
2.0
0.0
0.0
0.0
0.0
0.0
0.0
0.0
0.0
0.0
0.0
0.0
0.0
0.0
143.0
385.0
584.0
725.0
800.0
802.0
733.0
596.0
402.0
162.0
2.0
0.0
0.0
0.0
0.0
0.0
0.0
0.0
0.0
0.0
0.0
0.0
0.0
0.0
138.0
380.0
578.0
720.0
795.0
797.0
728.0
592.0
398.0
159.0
1.0
0.0
0.0
0.0
0.0
0.0
0.0
0.0
0.0
0.0
0.0
0.0
0.0
0.0
133.0
375.0
573.0
715.0
790.0
793.0
724.0
588.0
394.0
155.0
1.0
0.0
0.0
0.0
0.0
0.0
0.0
0.0
0.0
0.0
0.0
0.0
0.0
0.0
125.0
370.0
568.0
710.0
785.0
788.0
720.0
584.0
390.0
152.0
1.0
0.0
0.0
0.0
0.0
0.0
0.0
0.0
0.0
0.0
0.0
0.0
0.0
0.0
120.0
365.0
563.0
705.0
780.0
784.0
715.0
580.0
387.0
149.0
1.0
0.0
0.0
0.0
0.0
0.0
0.0
0.0
0.0
0.0
0.0
0.0
0.0
0.0
116.0
360.0
558.0
700.0
775.0
779.0
711.0
576.0
384.0
146.0
0.0
0.0
0.0
0.0
0.0
0.0
0.0
0.0
0.0
0.0
0.0
0.0
0.0
0.0
111.0
355.0
553.0
695.0
770.0
775.0
707.0
573.0
380.0
143.0
0.0
0.0
0.0
0.0
0.0
0.0
0.0
0.0
0.0
0.0
0.0
0.0
0.0
0.0
107.0
350.0
548.0
690.0
766.0
770.0
703.0
569.0
377.0
140.0
0.0
0.0
0.0
0.0
0.0
0.0
0.0
0.0
0.0
0.0
0.0
0.0
0.0
0.0
102.0
345.0
544.0
686.0
761.0
766.0
699.0
566.0
374.0
138.0
0.0
0.0
0.0
0.0
0.0
0.0
0.0
0.0
0.0
0.0
0.0
0.0
0.0
0.0
98.0
341.0
539.0
681.0
757.0
762.0
696.0
562.0
371.0
135.0
0.0
0.0
0.0
0.0
0.0
0.0
0.0
0.0
0.0
0.0
0.0
0.0
0.0
0.0
94.0
336.0
534.0
676.0
753.0
758.0
692.0
559.0
369.0
133.0
0.0
0.0
0.0
0.0
0.0
0.0
0.0
0.0
0.0
0.0
0.0
0.0
0.0
0.0
90.0
331.0
530.0
672.0
749.0
754.0
689.0
556.0
366.0
131.0
0.0
0.0
0.0
0.0
0.0
0.0
0.0
0.0
0.0
0.0
0.0
0.0
0.0
0.0
87.0
327.0
525.0
668.0
745.0
751.0
685.0
553.0
364.0
125.0
0.0
0.0
0.0
0.0
0.0
0.0
0.0
0.0
0.0
0.0
0.0
0.0
0.0
0.0
83.0
322.0
521.0
663.0
741.0
747.0
682.0
551.0
361.0
123.0
0.0
0.0
0.0
0.0
0.0
0.0
0.0
0.0
0.0
0.0
0.0
0.0
0.0
0.0
80.0
318.0
516.0
659.0
737.0
743.0
679.0
548.0
359.0
122.0
0.0
0.0
0.0
0.0
0.0
0.0
0.0
0.0
0.0
0.0
0.0
0.0
0.0
0.0
76.0
313.0
512.0
655.0
733.0
740.0
676.0
546.0
357.0
120.0
0.0
0.0
0.0
0.0
0.0
0.0
0.0
0.0
0.0
0.0
0.0
0.0
0.0
0.0
73.0
309.0
508.0
651.0
729.0
737.0
673.0
543.0
355.0
119.0
0.0
0.0
0.0
0.0
0.0
0.0
0.0
0.0
0.0
0.0
0.0
0.0
0.0
0.0
70.0
305.0
504.0
647.0
726.0
734.0
671.0
541.0
354.0
117.0
0.0
0.0
0.0
0.0
0.0
0.0
0.0
0.0
0.0
0.0
0.0
0.0
0.0
0.0
67.0
301.0
500.0
644.0
722.0
731.0
668.0
539.0
352.0
116.0
0.0
0.0
0.0
0.0
0.0
0.0
0.0
0.0
0.0
0.0
0.0
0.0
0.0
0.0
64.0
297.0
496.0
640.0
719.0
728.0
666.0
537.0
351.0
115.0
0.0
0.0
0.0
0.0
0.0
0.0
0.0
0.0
0.0
0.0
0.0
0.0
0.0
0.0
61.0
293.0
492.0
636.0
716.0
725.0
664.0
535.0
349.0
114.0
0.0
0.0
0.0
0.0
0.0
0.0
0.0
0.0
0.0
0.0
0.0
0.0
0.0
0.0
58.0
289.0
488.0
633.0
713.0
723.0
662.0
534.0
348.0
114.0
0.0
0.0
0.0
0.0
0.0
0.0
0.0
0.0
0.0
0.0
0.0
0.0
0.0
0.0
56.0
285.0
485.0
630.0
710.0
720.0
660.0
532.0
347.0
113.0
0.0
0.0
0.0
0.0
0.0
0.0
0.0
0.0
0.0
0.0
0.0
0.0
0.0
0.0
53.0
281.0
481.0
626.0
707.0
718.0
658.0
531.0
346.0
113.0
0.0
0.0
0.0
0.0
0.0
0.0
0.0
0.0
0.0
0.0
0.0
0.0
0.0
0.0
51.0
278.0
478.0
623.0
705.0
716.0
656.0
530.0
346.0
112.0
0.0
0.0
0.0
0.0
0.0
0.0
0.0
0.0
0.0
0.0
0.0
0.0
0.0
0.0
49.0
274.0
475.0
620.0
702.0
714.0
655.0
529.0
345.0
112.0
0.0
0.0
0.0
0.0
0.0
0.0
0.0
0.0
0.0
0.0
0.0
0.0
0.0
0.0
47.0
271.0
471.0
618.0
700.0
712.0
653.0
528.0
345.0
112.0
0.0
0.0
0.0
0.0
0.0
0.0
0.0
0.0
0.0
0.0
0.0
0.0
0.0
0.0
45.0
268.0
468.0
615.0
697.0
710.0
652.0
527.0
344.0
112.0
0.0
0.0
0.0
0.0
0.0
0.0
0.0
0.0
0.0
0.0
0.0
0.0
0.0
0.0
43.0
264.0
466.0
612.0
695.0
708.0
651.0
527.0
344.0
113.0
0.0
0.0
0.0
0.0
0.0
0.0
0.0
0.0
0.0
0.0
0.0
0.0
0.0
0.0
41.0
261.0
463.0
610.0
693.0
707.0
650.0
526.0
344.0
113.0
0.0
0.0
0.0
0.0
0.0
0.0
0.0
0.0
0.0
0.0
0.0
0.0
0.0
0.0
39.0
258.0
460.0
608.0
692.0
706.0
649.0
526.0
345.0
113.0
0.0
0.0
0.0
0.0
0.0
0.0
0.0
0.0
0.0
0.0
0.0
0.0
0.0
0.0
38.0
256.0
458.0
606.0
690.0
705.0
649.0
526.0
345.0
114.0
0.0
0.0
0.0
0.0
0.0
0.0
0.0
0.0
0.0
0.0
0.0
0.0
0.0
0.0
36.0
253.0
455.0
604.0
688.0
704.0
648.0
526.0
346.0
115.0
0.0
0.0
0.0
0.0
0.0
0.0
0.0
0.0
0.0
0.0
0.0
0.0
0.0
0.0
35.0
250.0
453.0
602.0
687.0
703.0
648.0
526.0
346.0
116.0
0.0
0.0
0.0
0.0
0.0
0.0
0.0
0.0
0.0
0.0
0.0
0.0
0.0
0.0
33.0
248.0
451.0
600.0
686.0
702.0
648.0
527.0
347.0
117.0
0.0
0.0
0.0
0.0
0.0
0.0
0.0
0.0
0.0
0.0
0.0
0.0
0.0
0.0
32.0
246.0
449.0
598.0
685.0
702.0
648.0
527.0
348.0
118.0
0.0
0.0
0.0
0.0
0.0
0.0
0.0
0.0
0.0
0.0
0.0
0.0
0.0
0.0
31.0
243.0
447.0
597.0
684.0
701.0
648.0
528.0
349.0
120.0
0.0
0.0
0.0
0.0
0.0
0.0
0.0
0.0
0.0
0.0
0.0
0.0
0.0
0.0
30.0
241.0
445.0
596.0
683.0
701.0
648.0
529.0
350.0
121.0
0.0
0.0
0.0
0.0
0.0
0.0
0.0
0.0
0.0
0.0
0.0
0.0
0.0
0.0
29.0
239.0
443.0
595.0
682.0
701.0
649.0
530.0
352.0
127.0
0.0
0.0
0.0
0.0
0.0
0.0
0.0
0.0
0.0
0.0
0.0
0.0
0.0
0.0
28.0
237.0
442.0
594.0
682.0
701.0
649.0
531.0
353.0
129.0
0.0
0.0
0.0
0.0
0.0
0.0
0.0
0.0
0.0
0.0
0.0
0.0
0.0
0.0
27.0
236.0
441.0
593.0
682.0
701.0
650.0
532.0
355.0
131.0
0.0
0.0
0.0
0.0
0.0
0.0
0.0
0.0
0.0
0.0
0.0
0.0
0.0
0.0
26.0
234.0
439.0
592.0
682.0
702.0
651.0
534.0
357.0
133.0
0.0
0.0
0.0
0.0
0.0
0.0
0.0
0.0
0.0
0.0
0.0
0.0
0.0
0.0
25.0
233.0
438.0
592.0
682.0
702.0
652.0
535.0
359.0
135.0
0.0
0.0
0.0
0.0
0.0
0.0
0.0
0.0
0.0
0.0
0.0
0.0
0.0
0.0
25.0
231.0
438.0
591.0
682.0
703.0
654.0
537.0
361.0
137.0
0.0
0.0
0.0
0.0
0.0
0.0
0.0
0.0
0.0
0.0
0.0
0.0
0.0
0.0
24.0
230.0
437.0
591.0
682.0
704.0
655.0
539.0
363.0
140.0
0.0
0.0
0.0
0.0
0.0
0.0
0.0
0.0
0.0
0.0
0.0
0.0
0.0
0.0
23.0
229.0
436.0
591.0
682.0
705.0
657.0
541.0
365.0
142.0
1.0
0.0
0.0
0.0
0.0
0.0
0.0
0.0
0.0
0.0
0.0
0.0
0.0
0.0
23.0
228.0
436.0
591.0
683.0
706.0
658.0
543.0
368.0
145.0
1.0
0.0
0.0
0.0
0.0
0.0
0.0
0.0
0.0
0.0
0.0
0.0
0.0
0.0
23.0
227.0
435.0
591.0
684.0
707.0
660.0
545.0
370.0
148.0
1.0
0.0
0.0
0.0
0.0
0.0
0.0
0.0
0.0
0.0
0.0
0.0
0.0
0.0
22.0
227.0
435.0
591.0
685.0
709.0
662.0
548.0
373.0
151.0
1.0
0.0
0.0
0.0
0.0
0.0
