0.0
0.0
0.0
0.0
0.0
0.0
0.0
0.0
1.0
83.0
199.0
300.0
383.0
392.0
373.0
296.0
190.0
64.0
0.0
0.0
0.0
0.0
0.0
0.0
0.0
0.0
0.0
0.0
0.0
0.0
0.0
0.0
1.0
91.0
260.0
389.0
160.0
300.0
209.0
388.0
180.0
39.0
0.0
0.0
0.0
0.0
0.0
0.0
0.0
0.0
0.0
0.0
0.0
0.0
0.0
0.0
1.0
86.0
167.0
235.0
371.0
312.0
303.0
263.0
186.0
98.0
0.0
0.0
0.0
0.0
0.0
0.0
0.0
0.0
0.0
0.0
0.0
0.0
0.0
0.0
3.0
87.0
220.0
341.0
423.0
455.0
418.0
311.0
219.0
77.0
0.0
0.0
0.0
0.0
0.0
0.0
0.0
0.0
0.0
0.0
0.0
0.0
0.0
0.0
2.0
119.0
274.0
405.0
488.0
511.0
473.0
379.0
238.0
86.0
0.0
0.0
0.0
0.0
0.0
0.0
0.0
0.0
0.0
0.0
0.0
0.0
0.0
0.0
1.0
96.0
236.0
405.0
439.0
438.0
437.0
333.0
189.0
62.0
0.0
0.0
0.0
0.0
0.0
0.0
0.0
0.0
0.0
0.0
0.0
0.0
0.0
0.0
1.0
101.0
254.0
349.0
346.0
418.0
362.0
385.0
196.0
47.0
0.0
0.0
0.0
0.0
0.0
0.0
0.0
0.0
0.0
0.0
0.0
0.0
0.0
0.0
2.0
102.0
231.0
342.0
407.0
426.0
398.0
324.0
205.0
76.0
0.0
0.0
0.0
0.0
0.0
0.0
0.0
0.0
0.0
0.0
0.0
0.0
0.0
0.0
2.0
96.0
217.0
322.0
388.0
425.0
394.0
315.0
205.0
79.0
0.0
0.0
0.0
0.0
0.0
0.0
0.0
0.0
0.0
0.0
0.0
0.0
0.0
0.0
2.0
100.0
227.0
324.0
404.0
428.0
405.0
325.0
209.0
80.0
0.0
0.0
0.0
0.0
0.0
0.0
0.0
0.0
0.0
0.0
0.0
0.0
0.0
0.0
2.0
118.0
270.0
398.0
477.0
501.0
466.0
376.0
243.0
94.0
0.0
0.0
0.0
0.0
0.0
0.0
0.0
0.0
0.0
0.0
0.0
0.0
0.0
0.0
3.0
122.0
272.0
403.0
475.0
494.0
480.0
382.0
239.0
98.0
1.0
0.0
0.0
0.0
0.0
0.0
0.0
0.0
0.0
0.0
0.0
0.0
0.0
0.0
2.0
121.0
281.0
415.0
499.0
524.0
490.0
390.0
251.0
104.0
1.0
0.0
0.0
0.0
0.0
0.0
0.0
0.0
0.0
0.0
0.0
0.0
0.0
0.0
2.0
108.0
245.0
370.0
445.0
457.0
428.0
346.0
222.0
88.0
1.0
0.0
0.0
0.0
0.0
0.0
0.0
0.0
0.0
0.0
0.0
0.0
0.0
0.0
4.0
145.0
335.0
329.0
251.0
148.0
283.0
333.0
264.0
63.0
1.0
0.0
0.0
0.0
0.0
0.0
0.0
0.0
0.0
0.0
0.0
0.0
0.0
0.0
2.0
95.0
231.0
348.0
412.0
413.0
383.0
320.0
210.0
91.0
1.0
0.0
0.0
0.0
0.0
0.0
0.0
0.0
0.0
0.0
0.0
0.0
0.0
0.0
2.0
117.0
260.0
382.0
456.0
473.0
446.0
357.0
234.0
99.0
1.0
0.0
0.0
0.0
0.0
0.0
0.0
0.0
0.0
0.0
0.0
0.0
0.0
0.0
3.0
118.0
248.0
382.0
474.0
511.0
448.0
363.0
240.0
95.0
1.0
0.0
0.0
0.0
0.0
0.0
0.0
0.0
0.0
0.0
0.0
0.0
0.0
0.0
3.0
121.0
275.0
405.0
472.0
497.0
461.0
368.0
246.0
105.0
1.0
0.0
0.0
0.0
0.0
0.0
0.0
0.0
0.0
0.0
0.0
0.0
0.0
0.0
3.0
128.0
287.0
413.0
507.0
535.0
509.0
417.0
289.0
126.0
2.0
0.0
0.0
0.0
0.0
0.0
0.0
0.0
0.0
0.0
0.0
0.0
0.0
0.0
4.0
127.0
285.0
418.0
500.0
550.0
511.0
422.0
284.0
127.0
2.0
0.0
0.0
0.0
0.0
0.0
0.0
0.0
0.0
0.0
0.0
0.0
0.0
0.0
3.0
119.0
273.0
389.0
472.0
474.0
437.0
368.0
261.0
109.0
1.0
0.0
0.0
0.0
0.0
0.0
0.0
0.0
0.0
0.0
0.0
0.0
0.0
0.0
1.0
19.0
45.0
70.0
84.0
86.0
76.0
58.0
40.0
21.0
1.0
0.0
0.0
0.0
0.0
0.0
0.0
0.0
0.0
0.0
0.0
0.0
0.0
0.0
4.0
103.0
248.0
303.0
378.0
411.0
306.0
288.0
212.0
91.0
1.0
0.0
0.0
0.0
0.0
0.0
0.0
0.0
0.0
0.0
0.0
0.0
0.0
0.0
4.0
140.0
309.0
450.0
545.0
576.0
538.0
441.0
314.0
146.0
4.0
0.0
0.0
0.0
0.0
0.0
0.0
0.0
0.0
0.0
0.0
0.0
0.0
0.0
4.0
141.0
312.0
457.0
546.0
568.0
542.0
451.0
315.0
148.0
5.0
0.0
0.0
0.0
0.0
0.0
0.0
0.0
0.0
0.0
0.0
0.0
0.0
0.0
4.0
147.0
316.0
459.0
557.0
593.0
559.0
456.0
312.0
145.0
4.0
0.0
0.0
0.0
0.0
0.0
0.0
0.0
0.0
0.0
0.0
0.0
0.0
0.0
3.0
114.0
287.0
426.0
539.0
526.0
444.0
338.0
229.0
113.0
7.0
0.0
0.0
0.0
0.0
0.0
0.0
0.0
0.0
0.0
0.0
0.0
0.0
0.0
5.0
151.0
317.0
459.0
546.0
582.0
556.0
455.0
308.0
147.0
6.0
0.0
0.0
0.0
0.0
0.0
0.0
0.0
0.0
0.0
0.0
0.0
0.0
0.0
5.0
143.0
305.0
443.0
528.0
566.0
549.0
437.0
294.0
139.0
6.0
0.0
0.0
0.0
0.0
0.0
0.0
0.0
0.0
0.0
0.0
0.0
0.0
0.0
6.0
152.0
323.0
477.0
569.0
590.0
549.0
453.0
318.0
152.0
6.0
0.0
0.0
0.0
0.0
0.0
0.0
0.0
0.0
0.0
0.0
0.0
0.0
0.0
7.0
144.0
297.0
446.0
545.0
567.0
536.0
454.0
313.0
154.0
7.0
0.0
0.0
0.0
0.0
0.0
0.0
0.0
0.0
0.0
0.0
0.0
0.0
0.0
6.0
157.0
333.0
481.0
573.0
604.0
579.0
481.0
332.0
161.0
8.0
0.0
0.0
0.0
0.0
0.0
0.0
0.0
0.0
0.0
0.0
0.0
0.0
0.0
6.0
161.0
323.0
428.0
484.0
525.0
529.0
471.0
336.0
164.0
11.0
0.0
0.0
0.0
0.0
0.0
0.0
0.0
0.0
0.0
0.0
0.0
0.0
0.0
27.0
176.0
294.0
413.0
486.0
404.0
374.0
203.0
128.0
79.0
3.0
0.0
0.0
0.0
0.0
0.0
0.0
0.0
0.0
0.0
0.0
0.0
0.0
0.0
2.0
126.0
229.0
352.0
392.0
427.0
447.0
388.0
281.0
139.0
10.0
0.0
0.0
0.0
0.0
0.0
0.0
0.0
0.0
0.0
0.0
0.0
0.0
0.0
9.0
176.0
358.0
503.0
598.0
622.0
589.0
500.0
356.0
183.0
11.0
0.0
0.0
0.0
0.0
0.0
0.0
0.0
0.0
0.0
0.0
0.0
0.0
0.0
7.0
128.0
259.0
364.0
433.0
474.0
446.0
379.0
249.0
120.0
3.0
0.0
0.0
0.0
0.0
0.0
0.0
0.0
0.0
0.0
0.0
0.0
0.0
0.0
12.0
167.0
334.0
494.0
572.0
595.0
533.0
448.0
322.0
170.0
12.0
0.0
0.0
0.0
0.0
0.0
0.0
0.0
0.0
0.0
0.0
0.0
0.0
0.0
12.0
121.0
274.0
397.0
440.0
485.0
463.0
381.0
247.0
154.0
7.0
0.0
0.0
0.0
0.0
0.0
0.0
0.0
0.0
0.0
0.0
0.0
0.0
0.0
12.0
184.0
362.0
512.0
610.0
647.0
620.0
528.0
382.0
196.0
17.0
0.0
0.0
0.0
0.0
0.0
0.0
0.0
0.0
0.0
0.0
0.0
0.0
0.0
7.0
145.0
290.0
458.0
549.0
511.0
509.0
429.0
286.0
150.0
4.0
0.0
0.0
0.0
0.0
0.0
0.0
0.0
0.0
0.0
0.0
0.0
0.0
0.0
6.0
134.0
248.0
451.0
597.0
565.0
521.0
423.0
290.0
163.0
12.0
0.0
0.0
0.0
0.0
0.0
0.0
0.0
0.0
0.0
0.0
0.0
0.0
0.0
13.0
167.0
313.0
463.0
555.0
635.0
574.0
525.0
359.0
207.0
25.0
0.0
0.0
0.0
0.0
0.0
0.0
0.0
0.0
0.0
0.0
0.0
0.0
0.0
29.0
167.0
320.0
285.0
372.0
365.0
440.0
394.0
147.0
95.0
4.0
0.0
0.0
0.0
0.0
0.0
0.0
0.0
0.0
0.0
0.0
0.0
0.0
0.0
30.0
201.0
351.0
563.0
597.0
446.0
379.0
333.0
291.0
173.0
5.0
0.0
0.0
0.0
0.0
0.0
0.0
0.0
0.0
0.0
0.0
0.0
0.0
0.0
23.0
180.0
450.0
621.0
612.0
502.0
271.0
201.0
178.0
113.0
5.0
0.0
0.0
0.0
0.0
0.0
0.0
0.0
0.0
0.0
0.0
0.0
0.0
0.0
13.0
139.0
269.0
377.0
378.0
566.0
563.0
518.0
407.0
267.0
45.0
0.0
0.0
0.0
0.0
0.0
0.0
0.0
0.0
0.0
0.0
0.0
0.0
0.0
22.0
220.0
405.0
557.0
650.0
682.0
653.0
561.0
414.0
233.0
27.0
0.0
0.0
0.0
0.0
0.0
0.0
0.0
0.0
0.0
0.0
0.0
0.0
0.0
23.0
220.0
409.0
557.0
654.0
675.0
642.0
538.0
397.0
220.0
27.0
0.0
0.0
0.0
0.0
0.0
0.0
0.0
0.0
0.0
0.0
0.0
0.0
0.0
27.0
243.0
439.0
595.0
694.0
729.0
691.0
596.0
444.0
255.0
33.0
0.0
0.0
0.0
0.0
0.0
0.0
0.0
0.0
0.0
0.0
0.0
0.0
0.0
14.0
86.0
189.0
314.0
522.0
535.0
690.0
414.0
317.0
264.0
46.0
0.0
0.0
0.0
0.0
0.0
0.0
0.0
0.0
0.0
0.0
0.0
0.0
0.0
21.0
190.0
357.0
493.0
615.0
607.0
637.0
556.0
365.0
219.0
65.0
0.0
0.0
0.0
0.0
0.0
0.0
0.0
0.0
0.0
0.0
0.0
0.0
0.0
18.0
110.0
188.0
250.0
308.0
340.0
373.0
287.0
233.0
200.0
76.0
0.0
0.0
0.0
0.0
0.0
0.0
0.0
0.0
0.0
0.0
0.0
0.0
0.0
72.0
180.0
250.0
365.0
197.0
324.0
126.0
386.0
302.0
247.0
10.0
0.0
0.0
0.0
0.0
0.0
0.0
0.0
0.0
0.0
0.0
0.0
0.0
0.0
61.0
206.0
378.0
512.0
624.0
602.0
517.0
525.0
413.0
269.0
87.0
0.0
0.0
0.0
0.0
0.0
0.0
0.0
0.0
0.0
0.0
0.0
0.0
0.0
32.0
76.0
202.0
220.0
215.0
319.0
425.0
451.0
473.0
276.0
87.0
0.0
0.0
0.0
0.0
0.0
0.0
0.0
0.0
0.0
0.0
0.0
0.0
0.0
32.0
75.0
228.0
367.0
444.0
525.0
492.0
485.0
435.0
288.0
92.0
0.0
0.0
0.0
0.0
0.0
0.0
0.0
0.0
0.0
0.0
0.0
0.0
0.0
76.0
241.0
440.0
549.0
646.0
603.0
595.0
479.0
337.0
185.0
60.0
0.0
0.0
0.0
0.0
0.0
0.0
0.0
0.0
0.0
0.0
0.0
0.0
0.0
57.0
172.0
277.0
252.0
451.0
631.0
614.0
486.0
397.0
288.0
95.0
0.0
0.0
0.0
0.0
0.0
0.0
0.0
0.0
0.0
0.0
0.0
0.0
0.0
75.0
237.0
409.0
572.0
655.0
697.0
637.0
560.0
405.0
242.0
86.0
0.0
0.0
0.0
0.0
0.0
0.0
0.0
0.0
0.0
0.0
0.0
0.0
0.0
79.0
231.0
414.0
564.0
649.0
672.0
649.0
573.0
417.0
237.0
75.0
0.0
0.0
0.0
0.0
0.0
0.0
0.0
0.0
0.0
0.0
0.0
0.0
0.0
94.0
283.0
474.0
629.0
728.0
763.0
730.0
633.0
479.0
289.0
99.0
0.0
0.0
0.0
0.0
0.0
0.0
0.0
0.0
0.0
0.0
0.0
0.0
0.0
96.0
279.0
466.0
616.0
711.0
748.0
714.0
620.0
471.0
284.0
99.0
0.0
0.0
0.0
0.0
0.0
0.0
0.0
0.0
0.0
0.0
0.0
0.0
1.0
100.0
310.0
410.0
534.0
487.0
437.0
447.0
319.0
182.0
176.0
72.0
0.0
0.0
0.0
0.0
0.0
0.0
0.0
0.0
0.0
0.0
0.0
0.0
0.0
76.0
219.0
361.0
473.0
558.0
568.0
528.0
444.0
357.0
220.0
83.0
0.0
0.0
0.0
0.0
0.0
0.0
0.0
0.0
0.0
0.0
0.0
0.0
0.0
89.0
246.0
398.0
519.0
604.0
633.0
603.0
532.0
405.0
250.0
94.0
1.0
0.0
0.0
0.0
0.0
0.0
0.0
0.0
0.0
0.0
0.0
0.0
2.0
124.0
357.0
575.0
527.0
393.0
549.0
202.0
122.0
190.0
111.0
10.0
0.0
0.0
0.0
0.0
0.0
0.0
0.0
0.0
0.0
0.0
0.0
0.0
1.0
118.0
310.0
495.0
648.0
739.0
770.0
734.0
633.0
492.0
308.0
117.0
1.0
0.0
0.0
0.0
0.0
0.0
0.0
0.0
0.0
0.0
0.0
0.0
1.0
119.0
307.0
490.0
631.0
731.0
760.0
726.0
630.0
481.0
307.0
116.0
1.0
0.0
0.0
0.0
0.0
0.0
0.0
0.0
0.0
0.0
0.0
0.0
1.0
118.0
302.0
488.0
630.0
716.0
756.0
732.0
658.0
507.0
323.0
127.0
2.0
0.0
0.0
0.0
0.0
0.0
0.0
0.0
0.0
0.0
0.0
0.0
6.0
145.0
212.0
366.0
611.0
721.0
488.0
507.0
198.0
224.0
76.0
56.0
4.0
0.0
0.0
0.0
0.0
0.0
0.0
0.0
0.0
0.0
0.0
0.0
2.0
135.0
333.0
516.0
663.0
749.0
768.0
737.0
647.0
499.0
311.0
118.0
1.0
0.0
0.0
0.0
0.0
0.0
0.0
0.0
0.0
0.0
0.0
0.0
2.0
138.0
338.0
530.0
672.0
761.0
788.0
749.0
654.0
502.0
311.0
120.0
1.0
0.0
0.0
0.0
0.0
0.0
0.0
0.0
0.0
0.0
0.0
0.0
3.0
139.0
335.0
518.0
660.0
752.0
784.0
753.0
646.0
500.0
316.0
126.0
1.0
0.0
0.0
0.0
0.0
0.0
0.0
0.0
0.0
0.0
0.0
0.0
1.0
67.0
184.0
248.0
351.0
402.0
453.0
409.0
372.0
285.0
174.0
77.0
1.0
0.0
0.0
0.0
0.0
0.0
0.0
0.0
0.0
0.0
0.0
0.0
2.0
110.0
269.0
413.0
533.0
608.0
621.0
578.0
483.0
371.0
226.0
85.0
1.0
0.0
0.0
0.0
0.0
0.0
0.0
0.0
0.0
0.0
0.0
0.0
6.0
148.0
303.0
520.0
628.0
651.0
631.0
625.0
559.0
410.0
285.0
116.0
1.0
0.0
0.0
0.0
0.0
0.0
0.0
0.0
0.0
0.0
0.0
0.0
2.0
103.0
217.0
352.0
446.0
479.0
566.0
485.0
427.0
314.0
212.0
88.0
1.0
0.0
0.0
0.0
0.0
0.0
0.0
0.0
0.0
0.0
0.0
0.0
6.0
161.0
359.0
540.0
684.0
769.0
801.0
761.0
665.0
522.0
331.0
141.0
3.0
0.0
0.0
0.0
0.0
0.0
0.0
0.0
0.0
0.0
0.0
0.0
7.0
164.0
362.0
545.0
687.0
781.0
799.0
770.0
679.0
532.0
345.0
148.0
4.0
0.0
0.0
0.0
0.0
0.0
0.0
0.0
0.0
0.0
0.0
0.0
8.0
179.0
383.0
572.0
718.0
804.0
830.0
799.0
700.0
542.0
352.0
152.0
3.0
0.0
0.0
0.0
0.0
0.0
0.0
0.0
0.0
0.0
0.0
0.0
9.0
183.0
395.0
586.0
734.0
831.0
859.0
814.0
716.0
560.0
364.0
156.0
4.0
0.0
0.0
0.0
0.0
0.0
0.0
0.0
0.0
0.0
0.0
0.0
9.0
186.0
393.0
585.0
729.0
817.0
847.0
815.0
709.0
552.0
355.0
155.0
4.0
0.0
0.0
0.0
0.0
0.0
0.0
0.0
0.0
0.0
0.0
0.0
5.0
115.0
217.0
327.0
407.0
442.0
519.0
491.0
449.0
329.0
219.0
84.0
2.0
0.0
0.0
0.0
0.0
0.0
0.0
0.0
0.0
0.0
0.0
0.0
16.0
172.0
290.0
461.0
577.0
600.0
750.0
750.0
572.0
412.0
313.0
132.0
7.0
0.0
0.0
0.0
0.0
0.0
0.0
0.0
0.0
0.0
0.0
0.0
9.0
151.0
325.0
438.0
547.0
629.0
607.0
581.0
529.0
412.0
249.0
108.0
2.0
0.0
0.0
0.0
0.0
0.0
0.0
0.0
0.0
0.0
0.0
0.0
3.0
75.0
186.0
281.0
348.0
423.0
433.0
385.0
369.0
289.0
203.0
88.0
4.0
0.0
0.0
0.0
0.0
0.0
0.0
0.0
0.0
0.0
0.0
0.0
15.0
216.0
374.0
510.0
505.0
582.0
553.0
665.0
570.0
477.0
288.0
105.0
2.0
0.0
0.0
0.0
0.0
0.0
0.0
0.0
0.0
0.0
0.0
0.0
15.0
180.0
358.0
487.0
623.0
688.0
726.0
675.0
636.0
503.0
361.0
167.0
11.0
0.0
0.0
0.0
0.0
0.0
0.0
0.0
0.0
0.0
0.0
0.0
14.0
127.0
202.0
285.0
406.0
472.0
497.0
463.0
448.0
298.0
190.0
80.0
2.0
0.0
0.0
0.0
0.0
0.0
0.0
0.0
0.0
0.0
0.0
0.0
23.0
197.0
371.0
529.0
659.0
712.0
796.0
737.0
649.0
504.0
332.0
157.0
8.0
0.0
0.0
0.0
0.0
0.0
0.0
0.0
0.0
0.0
0.0
0.0
23.0
207.0
381.0
558.0
678.0
775.0
813.0
783.0
677.0
506.0
319.0
148.0
5.0
0.0
0.0
0.0
0.0
0.0
0.0
0.0
0.0
0.0
0.0
0.0
24.0
220.0
410.0
584.0
717.0
801.0
826.0
801.0
699.0
560.0
388.0
184.0
10.0
0.0
0.0
0.0
0.0
0.0
0.0
0.0
0.0
0.0
0.0
0.0
17.0
155.0
340.0
398.0
591.0
523.0
670.0
521.0
482.0
317.0
247.0
111.0
3.0
0.0
0.0
0.0
0.0
0.0
0.0
0.0
0.0
0.0
0.0
0.0
28.0
234.0
434.0
612.0
749.0
832.0
862.0
821.0
722.0
570.0
385.0
183.0
10.0
0.0
0.0
0.0
0.0
0.0
0.0
0.0
0.0
0.0
0.0
0.0
33.0
238.0
434.0
605.0
733.0
812.0
833.0
791.0
704.0
558.0
376.0
180.0
11.0
0.0
0.0
0.0
0.0
0.0
0.0
0.0
0.0
0.0
0.0
0.0
68.0
251.0
463.0
644.0
787.0
878.0
902.0
863.0
758.0
603.0
406.0
197.0
13.0
0.0
0.0
0.0
0.0
0.0
0.0
0.0
0.0
0.0
0.0
0.0
69.0
243.0
440.0
615.0
738.0
824.0
857.0
818.0
717.0
571.0
382.0
185.0
11.0
0.0
0.0
0.0
0.0
0.0
0.0
0.0
0.0
0.0
0.0
0.0
77.0
266.0
477.0
663.0
806.0
891.0
914.0
867.0
761.0
605.0
405.0
197.0
12.0
0.0
0.0
0.0
0.0
0.0
0.0
0.0
0.0
0.0
0.0
0.0
76.0
251.0
446.0
626.0
758.0
837.0
864.0
836.0
737.0
596.0
401.0
202.0
16.0
0.0
0.0
0.0
0.0
0.0
0.0
0.0
0.0
0.0
0.0
0.0
16.0
24.0
91.0
158.0
269.0
268.0
303.0
264.0
282.0
306.0
237.0
163.0
10.0
0.0
0.0
0.0
0.0
0.0
0.0
0.0
0.0
0.0
0.0
0.0
90.0
286.0
495.0
677.0
822.0
905.0
919.0
880.0
777.0
619.0
419.0
210.0
15.0
0.0
0.0
0.0
0.0
0.0
0.0
0.0
0.0
0.0
0.0
0.0
36.0
44.0
72.0
59.0
156.0
287.0
486.0
793.0
754.0
575.0
474.0
237.0
40.0
0.0
0.0
0.0
0.0
0.0
0.0
0.0
0.0
0.0
0.0
0.0
77.0
229.0
412.0
586.0
720.0
823.0
830.0
793.0
712.0
563.0
402.0
206.0
19.0
0.0
0.0
0.0
0.0
0.0
0.0
0.0
0.0
0.0
0.0
0.0
83.0
248.0
429.0
590.0
703.0
773.0
785.0
745.0
659.0
529.0
360.0
182.0
16.0
0.0
0.0
0.0
0.0
0.0
0.0
0.0
0.0
0.0
0.0
0.0
82.0
247.0
422.0
566.0
675.0
739.0
766.0
725.0
646.0
529.0
367.0
189.0
17.0
0.0
0.0
0.0
0.0
0.0
0.0
0.0
0.0
0.0
0.0
0.0
107.0
307.0
519.0
706.0
845.0
925.0
944.0
896.0
788.0
630.0
429.0
218.0
18.0
0.0
0.0
0.0
0.0
0.0
0.0
0.0
0.0
0.0
0.0
1.0
98.0
297.0
496.0
665.0
762.0
780.0
707.0
669.0
606.0
512.0
358.0
189.0
21.0
0.0
0.0
0.0
0.0
0.0
0.0
0.0
0.0
0.0
0.0
1.0
105.0
291.0
488.0
644.0
773.0
842.0
843.0
786.0
708.0
580.0
404.0
211.0
21.0
0.0
0.0
0.0
0.0
0.0
0.0
0.0
0.0
0.0
0.0
0.0
85.0
256.0
427.0
589.0
685.0
773.0
826.0
758.0
722.0
566.0
397.0
200.0
20.0
0.0
0.0
0.0
0.0
0.0
0.0
0.0
0.0
0.0
0.0
1.0
106.0
290.0
490.0
674.0
803.0
881.0
898.0
847.0
756.0
599.0
413.0
216.0
24.0
0.0
0.0
0.0
0.0
0.0
0.0
0.0
0.0
0.0
0.0
1.0
77.0
208.0
379.0
518.0
604.0
665.0
760.0
708.0
578.0
461.0
343.0
185.0
20.0
0.0
0.0
0.0
0.0
0.0
0.0
0.0
0.0
0.0
0.0
1.0
102.0
247.0
419.0
610.0
736.0
779.0
800.0
762.0
646.0
521.0
358.0
200.0
22.0
0.0
0.0
0.0
0.0
0.0
0.0
0.0
0.0
0.0
0.0
2.0
131.0
324.0
538.0
645.0
420.0
462.0
309.0
446.0
507.0
587.0
511.0
271.0
67.0
0.0
0.0
0.0
0.0
0.0
0.0
0.0
0.0
0.0
0.0
1.0
73.0
211.0
374.0
515.0
655.0
742.0
773.0
704.0
635.0
513.0
384.0
175.0
20.0
0.0
0.0
0.0
0.0
0.0
0.0
0.0
0.0
0.0
0.0
5.0
144.0
345.0
591.0
526.0
648.0
629.0
642.0
467.0
375.0
88.0
126.0
19.0
5.0
0.0
0.0
0.0
0.0
0.0
0.0
0.0
0.0
0.0
0.0
1.0
113.0
249.0
394.0
438.0
579.0
608.0
582.0
607.0
619.0
510.0
329.0
168.0
15.0
0.0
0.0
0.0
0.0
0.0
0.0
0.0
0.0
0.0
0.0
3.0
114.0
277.0
441.0
549.0
677.0
746.0
747.0
843.0
716.0
543.0
377.0
202.0
19.0
0.0
0.0
0.0
0.0
0.0
0.0
0.0
0.0
0.0
0.0
3.0
136.0
329.0
525.0
698.0
825.0
900.0
923.0
878.0
771.0
621.0
434.0
232.0
63.0
0.0
0.0
0.0
0.0
0.0
0.0
0.0
0.0
0.0
0.0
4.0
144.0
344.0
551.0
728.0
860.0
926.0
935.0
888.0
787.0
635.0
447.0
242.0
67.0
0.0
0.0
0.0
0.0
0.0
0.0
0.0
0.0
0.0
0.0
4.0
158.0
381.0
610.0
803.0
547.0
601.0
585.0
532.0
455.0
391.0
266.0
143.0
37.0
0.0
0.0
0.0
0.0
0.0
0.0
0.0
0.0
0.0
0.0
4.0
130.0
311.0
502.0
657.0
779.0
846.0
863.0
834.0
753.0
606.0
444.0
240.0
74.0
0.0
0.0
0.0
0.0
0.0
0.0
0.0
0.0
0.0
0.0
5.0
138.0
321.0
499.0
649.0
777.0
861.0
878.0
848.0
744.0
618.0
435.0
244.0
71.0
0.0
0.0
0.0
0.0
0.0
0.0
0.0
0.0
0.0
0.0
5.0
123.0
293.0
503.0
632.0
702.0
807.0
837.0
850.0
707.0
543.0
358.0
179.0
64.0
0.0
0.0
0.0
0.0
0.0
0.0
0.0
0.0
0.0
0.0
7.0
167.0
376.0
589.0
772.0
902.0
989.0
1008.0
964.0
859.0
697.0
498.0
280.0
85.0
0.0
0.0
0.0
0.0
0.0
0.0
0.0
0.0
0.0
0.0
9.0
138.0
285.0
515.0
688.0
775.0
822.0
812.0
692.0
567.0
455.0
258.0
144.0
41.0
0.0
0.0
0.0
0.0
0.0
0.0
0.0
0.0
0.0
0.0
7.0
151.0
338.0
529.0
686.0
798.0
872.0
864.0
842.0
715.0
572.0
394.0
211.0
64.0
0.0
0.0
0.0
0.0
0.0
0.0
0.0
0.0
0.0
0.0
8.0
153.0
341.0
523.0
699.0
814.0
891.0
914.0
870.0
775.0
628.0
450.0
253.0
81.0
0.0
0.0
0.0
0.0
0.0
0.0
0.0
0.0
0.0
0.0
9.0
168.0
368.0
570.0
745.0
880.0
958.0
974.0
921.0
821.0
661.0
472.0
266.0
85.0
0.0
0.0
0.0
0.0
0.0
0.0
0.0
0.0
0.0
0.0
9.0
163.0
357.0
550.0
713.0
836.0
913.0
935.0
895.0
798.0
652.0
463.0
263.0
84.0
0.0
0.0
0.0
0.0
0.0
0.0
0.0
0.0
0.0
0.0
9.0
161.0
341.0
530.0
684.0
800.0
875.0
906.0
857.0
765.0
628.0
453.0
260.0
84.0
0.0
0.0
0.0
0.0
0.0
0.0
0.0
0.0
0.0
0.0
10.0
175.0
377.0
575.0
745.0
876.0
953.0
970.0
918.0
816.0
669.0
483.0
275.0
91.0
0.0
0.0
0.0
0.0
0.0
0.0
0.0
0.0
0.0
0.0
9.0
144.0
311.0
479.0
616.0
723.0
779.0
794.0
752.0
670.0
543.0
394.0
224.0
74.0
0.0
0.0
0.0
0.0
0.0
0.0
0.0
0.0
0.0
0.0
11.0
169.0
359.0
551.0
722.0
852.0
920.0
937.0
887.0
788.0
637.0
463.0
262.0
89.0
0.0
0.0
0.0
0.0
0.0
0.0
0.0
0.0
0.0
0.0
9.0
149.0
330.0
529.0
698.0
818.0
863.0
852.0
821.0
729.0
612.0
448.0
266.0
92.0
1.0
0.0
0.0
0.0
0.0
0.0
0.0
0.0
0.0
0.0
9.0
130.0
269.0
422.0
569.0
664.0
691.0
694.0
692.0
618.0
491.0
353.0
205.0
70.0
0.0
0.0
0.0
0.0
0.0
0.0
0.0
0.0
0.0
0.0
9.0
120.0
245.0
395.0
466.0
559.0
603.0
664.0
637.0
553.0
460.0
307.0
182.0
57.0
0.0
0.0
0.0
0.0
0.0
0.0
0.0
0.0
0.0
0.0
14.0
179.0
370.0
556.0
718.0
827.0
883.0
896.0
859.0
752.0
631.0
459.0
262.0
95.0
1.0
0.0
0.0
0.0
0.0
0.0
0.0
0.0
0.0
0.0
14.0
179.0
367.0
557.0
719.0
839.0
910.0
939.0
900.0
799.0
661.0
487.0
288.0
106.0
1.0
0.0
0.0
0.0
0.0
0.0
0.0
0.0
0.0
0.0
18.0
176.0
371.0
570.0
650.0
754.0
862.0
809.0
693.0
655.0
568.0
402.0
245.0
91.0
1.0
0.0
0.0
0.0
0.0
0.0
0.0
0.0
0.0
0.0
14.0
155.0
323.0
510.0
657.0
739.0
798.0
797.0
761.0
683.0
570.0
405.0
234.0
75.0
1.0
0.0
0.0
0.0
0.0
0.0
0.0
0.0
0.0
0.0
16.0
188.0
383.0
574.0
742.0
858.0
928.0
943.0
896.0
794.0
644.0
463.0
269.0
96.0
1.0
0.0
0.0
0.0
0.0
0.0
0.0
0.0
0.0
0.0
17.0
194.0
387.0
583.0
749.0
870.0
940.0
960.0
929.0
828.0
683.0
496.0
300.0
115.0
2.0
0.0
0.0
0.0
0.0
0.0
0.0
0.0
0.0
0.0
18.0
196.0
391.0
582.0
750.0
869.0
939.0
957.0
920.0
814.0
672.0
492.0
293.0
109.0
1.0
0.0
0.0
0.0
0.0
0.0
0.0
0.0
0.0
0.0
18.0
188.0
374.0
552.0
717.0
851.0
910.0
939.0
887.0
807.0
666.0
486.0
292.0
113.0
2.0
0.0
0.0
0.0
0.0
0.0
0.0
0.0
0.0
0.0
16.0
141.0
251.0
361.0
489.0
588.0
599.0
619.0
587.0
528.0
427.0
312.0
191.0
64.0
1.0
0.0
0.0
0.0
0.0
0.0
0.0
0.0
0.0
0.0
7.0
78.0
148.0
243.0
347.0
399.0
418.0
429.0
379.0
350.0
304.0
216.0
124.0
44.0
1.0
0.0
0.0
0.0
0.0
0.0
0.0
0.0
0.0
0.0
15.0
154.0
315.0
481.0
627.0
737.0
776.0
762.0
737.0
674.0
529.0
385.0
227.0
85.0
1.0
0.0
0.0
0.0
0.0
0.0
0.0
0.0
0.0
0.0
14.0
160.0
299.0
493.0
573.0
636.0
656.0
686.0
704.0
661.0
501.0
343.0
205.0
86.0
1.0
0.0
0.0
0.0
0.0
0.0
0.0
0.0
0.0
0.0
13.0
117.0
232.0
317.0
401.0
484.0
515.0
472.0
465.0
385.0
270.0
220.0
125.0
52.0
1.0
0.0
0.0
0.0
0.0
0.0
0.0
0.0
0.0
0.0
19.0
186.0
369.0
559.0
704.0
836.0
901.0
893.0
863.0
773.0
643.0
457.0
277.0
105.0
2.0
0.0
0.0
0.0
0.0
0.0
0.0
0.0
0.0
0.0
21.0
195.0
390.0
581.0
745.0
859.0
925.0
938.0
884.0
798.0
662.0
483.0
290.0
112.0
2.0
0.0
0.0
0.0
0.0
0.0
0.0
0.0
0.0
0.0
22.0
199.0
399.0
587.0
747.0
869.0
940.0
956.0
918.0
829.0
690.0
509.0
309.0
123.0
3.0
0.0
0.0
0.0
0.0
0.0
0.0
0.0
0.0
0.0
22.0
186.0
377.0
560.0
723.0
840.0
900.0
909.0
863.0
779.0
646.0
482.0
296.0
121.0
4.0
0.0
0.0
0.0
0.0
0.0
0.0
0.0
0.0
0.0
20.0
175.0
320.0
519.0
644.0
779.0
851.0
883.0
851.0
793.0
648.0
464.0
276.0
111.0
2.0
0.0
0.0
0.0
0.0
0.0
0.0
0.0
0.0
0.0
19.0
179.0
351.0
516.0
664.0
773.0
820.0
827.0
786.0
736.0
586.0
448.0
263.0
108.0
2.0
0.0
0.0
0.0
0.0
0.0
0.0
0.0
0.0
0.0
21.0
186.0
371.0
548.0
705.0
819.0
899.0
920.0
878.0
791.0
645.0
470.0
290.0
114.0
3.0
0.0
0.0
0.0
0.0
0.0
0.0
0.0
0.0
0.0
19.0
168.0
300.0
430.0
553.0
621.0
691.0
713.0
676.0
635.0
515.0
375.0
230.0
83.0
1.0
0.0
0.0
0.0
0.0
0.0
0.0
0.0
0.0
0.0
23.0
200.0
396.0
584.0
747.0
874.0
944.0
960.0
927.0
833.0
700.0
521.0
323.0
135.0
5.0
0.0
0.0
0.0
0.0
0.0
0.0
0.0
0.0
0.0
18.0
188.0
356.0
532.0
722.0
782.0
740.0
760.0
736.0
637.0
564.0
391.0
247.0
98.0
2.0
0.0
0.0
0.0
0.0
0.0
0.0
0.0
0.0
0.0
22.0
190.0
377.0
559.0
722.0
831.0
902.0
925.0
893.0
804.0
666.0
496.0
307.0
131.0
5.0
0.0
0.0
0.0
0.0
0.0
0.0
0.0
0.0
0.0
24.0
204.0
405.0
602.0
771.0
899.0
976.0
997.0
959.0
866.0
727.0
545.0
339.0
141.0
6.0
0.0
0.0
0.0
0.0
0.0
0.0
0.0
0.0
0.0
23.0
203.0
396.0
586.0
748.0
870.0
936.0
953.0
915.0
819.0
683.0
506.0
313.0
130.0
4.0
0.0
0.0
0.0
0.0
0.0
0.0
0.0
0.0
0.0
25.0
209.0
410.0
607.0
781.0
907.0
987.0
1007.0
970.0
876.0
734.0
552.0
347.0
148.0
6.0
0.0
0.0
0.0
0.0
0.0
0.0
0.0
0.0
0.0
24.0
207.0
405.0
600.0
768.0
901.0
970.0
985.0
941.0
847.0
698.0
519.0
322.0
136.0
5.0
0.0
0.0
0.0
0.0
0.0
0.0
0.0
0.0
0.0
22.0
182.0
365.0
539.0
693.0
790.0
838.0
860.0
852.0
752.0
645.0
476.0
295.0
132.0
6.0
0.0
0.0
0.0
0.0
0.0
0.0
0.0
0.0
0.0
24.0
210.0
408.0
599.0
769.0
890.0
963.0
969.0
924.0
829.0
682.0
504.0
310.0
130.0
3.0
0.0
0.0
0.0
0.0
0.0
0.0
0.0
0.0
0.0
19.0
170.0
330.0
510.0
675.0
809.0
902.0
903.0
851.0
789.0
640.0
468.0
294.0
125.0
5.0
0.0
0.0
0.0
0.0
0.0
0.0
0.0
0.0
0.0
22.0
197.0
390.0
579.0
745.0
873.0
937.0
951.0
913.0
820.0
679.0
502.0
308.0
127.0
3.0
0.0
0.0
0.0
0.0
0.0
0.0
0.0
0.0
0.0
20.0
183.0
357.0
528.0
672.0
792.0
861.0
889.0
874.0
801.0
668.0
504.0
316.0
137.0
7.0
0.0
0.0
0.0
0.0
0.0
0.0
0.0
0.0
0.0
22.0
190.0
380.0
570.0
731.0
859.0
924.0
945.0
902.0
815.0
668.0
497.0
306.0
128.0
4.0
0.0
0.0
0.0
0.0
0.0
0.0
0.0
0.0
0.0
21.0
184.0
368.0
549.0
700.0
824.0
896.0
884.0
851.0
762.0
646.0
480.0
297.0
122.0
4.0
0.0
0.0
0.0
0.0
0.0
0.0
0.0
0.0
0.0
20.0
182.0
371.0
554.0
720.0
837.0
906.0
940.0
914.0
823.0
689.0
514.0
322.0
140.0
7.0
0.0
0.0
0.0
0.0
0.0
0.0
0.0
0.0
0.0
21.0
191.0
379.0
568.0
734.0
861.0
932.0
946.0
915.0
823.0
681.0
505.0
316.0
135.0
5.0
0.0
0.0
0.0
0.0
0.0
0.0
0.0
0.0
0.0
21.0
186.0
360.0
529.0
686.0
835.0
903.0
918.0
888.0
798.0
662.0
495.0
304.0
131.0
6.0
0.0
0.0
0.0
0.0
0.0
0.0
0.0
0.0
0.0
21.0
191.0
380.0
570.0
738.0
858.0
930.0
954.0
919.0
827.0
692.0
520.0
322.0
141.0
6.0
0.0
0.0
0.0
0.0
0.0
0.0
0.0
0.0
0.0
21.0
179.0
367.0
559.0
715.0
821.0
876.0
882.0
856.0
764.0
652.0
483.0
294.0
129.0
5.0
0.0
0.0
0.0
0.0
0.0
0.0
0.0
0.0
0.0
19.0
171.0
341.0
495.0
639.0
753.0
847.0
859.0
799.0
741.0
596.0
432.0
270.0
113.0
2.0
0.0
0.0
0.0
0.0
0.0
0.0
0.0
0.0
0.0
19.0
181.0
365.0
556.0
720.0
843.0
908.0
930.0
892.0
804.0
677.0
522.0
329.0
145.0
8.0
0.0
0.0
0.0
0.0
0.0
0.0
0.0
0.0
0.0
20.0
191.0
380.0
574.0
734.0
866.0
937.0
948.0
912.0
820.0
684.0
510.0
320.0
136.0
5.0
0.0
0.0
0.0
0.0
0.0
0.0
0.0
0.0
0.0
19.0
190.0
371.0
552.0
713.0
797.0
872.0
893.0
852.0
748.0
619.0
424.0
258.0
110.0
2.0
0.0
0.0
0.0
0.0
0.0
0.0
0.0
0.0
0.0
18.0
179.0
365.0
558.0
704.0
821.0
882.0
900.0
877.0
797.0
658.0
486.0
296.0
129.0
5.0
0.0
0.0
0.0
0.0
0.0
0.0
0.0
0.0
0.0
14.0
165.0
334.0
473.0
634.0
732.0
802.0
834.0
763.0
658.0
551.0
423.0
264.0
105.0
2.0
0.0
0.0
0.0
0.0
0.0
0.0
0.0
0.0
0.0
17.0
191.0
386.0
583.0
756.0
889.0
970.0
989.0
947.0
856.0
713.0
532.0
332.0
142.0
5.0
0.0
0.0
0.0
0.0
0.0
0.0
0.0
0.0
0.0
15.0
154.0
328.0
500.0
653.0
791.0
886.0
900.0
879.0
796.0
683.0
523.0
324.0
148.0
9.0
0.0
0.0
0.0
0.0
0.0
0.0
0.0
0.0
0.0
17.0
191.0
385.0
580.0
747.0
881.0
966.0
986.0
950.0
856.0
722.0
540.0
343.0
152.0
7.0
0.0
0.0
0.0
0.0
0.0
0.0
0.0
0.0
0.0
16.0
182.0
368.0
557.0
726.0
851.0
928.0
955.0
926.0
841.0
708.0
536.0
338.0
151.0
8.0
0.0
0.0
0.0
0.0
0.0
0.0
0.0
0.0
0.0
17.0
199.0
406.0
611.0
788.0
923.0
1004.0
1027.0
988.0
895.0
752.0
564.0
356.0
155.0
6.0
0.0
0.0
0.0
0.0
0.0
0.0
0.0
0.0
0.0
15.0
183.0
378.0
573.0
746.0
874.0
952.0
974.0
941.0
853.0
716.0
536.0
331.0
142.0
5.0
0.0
0.0
0.0
0.0
0.0
0.0
0.0
0.0
0.0
15.0
182.0
377.0
573.0
741.0
875.0
951.0
975.0
936.0
849.0
713.0
531.0
330.0
141.0
5.0
0.0
0.0
0.0
0.0
0.0
0.0
0.0
0.0
0.0
12.0
162.0
342.0
527.0
694.0
813.0
878.0
880.0
870.0
792.0
646.0
474.0
293.0
120.0
4.0
0.0
0.0
0.0
0.0
0.0
0.0
0.0
0.0
0.0
12.0
154.0
331.0
512.0
680.0
786.0
873.0
888.0
853.0
730.0
635.0
472.0
292.0
122.0
5.0
0.0
0.0
0.0
0.0
0.0
0.0
0.0
0.0
0.0
11.0
147.0
312.0
492.0
627.0
744.0
807.0
793.0
757.0
695.0
582.0
426.0
252.0
99.0
1.0
0.0
0.0
0.0
0.0
0.0
0.0
0.0
0.0
0.0
12.0
167.0
351.0
543.0
718.0
858.0
933.0
948.0
906.0
829.0
686.0
514.0
321.0
139.0
6.0
0.0
0.0
0.0
0.0
0.0
0.0
0.0
0.0
0.0
11.0
166.0
358.0
546.0
717.0
844.0
920.0
946.0
910.0
819.0
682.0
512.0
310.0
128.0
4.0
0.0
0.0
0.0
0.0
0.0
0.0
0.0
0.0
0.0
13.0
162.0
338.0
521.0
700.0
798.0
820.0
867.0
833.0
714.0
605.0
429.0
247.0
93.0
1.0
0.0
0.0
0.0
0.0
0.0
0.0
0.0
0.0
0.0
10.0
152.0
327.0
513.0
666.0
781.0
873.0
906.0
870.0
790.0
661.0
484.0
297.0
127.0
5.0
0.0
0.0
0.0
0.0
0.0
0.0
0.0
0.0
0.0
2.0
106.0
264.0
411.0
452.0
604.0
622.0
697.0
701.0
613.0
546.0
424.0
242.0
117.0
4.0
0.0
0.0
0.0
0.0
0.0
0.0
0.0
0.0
0.0
10.0
159.0
351.0
554.0
721.0
860.0
934.0
941.0
900.0
813.0
665.0
495.0
298.0
122.0
2.0
0.0
0.0
0.0
0.0
0.0
0.0
0.0
0.0
0.0
8.0
135.0
293.0
466.0
607.0
718.0
775.0
794.0
752.0
676.0
560.0
413.0
252.0
100.0
1.0
0.0
0.0
0.0
0.0
0.0
0.0
0.0
0.0
0.0
8.0
156.0
344.0
537.0
710.0
842.0
924.0
951.0
915.0
829.0
696.0
522.0
320.0
135.0
4.0
0.0
0.0
0.0
0.0
0.0
0.0
0.0
0.0
0.0
7.0
143.0
326.0
509.0
690.0
810.0
887.0
905.0
863.0
763.0
623.0
457.0
277.0
109.0
1.0
0.0
0.0
0.0
0.0
0.0
0.0
0.0
0.0
0.0
7.0
154.0
341.0
535.0
693.0
830.0
907.0
924.0
891.0
793.0
660.0
491.0
299.0
121.0
2.0
0.0
0.0
0.0
0.0
0.0
0.0
0.0
0.0
0.0
8.0
163.0
362.0
566.0
743.0
877.0
959.0
983.0
941.0
844.0
696.0
511.0
309.0
122.0
2.0
0.0
0.0
0.0
0.0
0.0
0.0
0.0
0.0
0.0
7.0
151.0
341.0
539.0
701.0
826.0
907.0
927.0
890.0
802.0
662.0
483.0
290.0
116.0
2.0
0.0
0.0
0.0
0.0
0.0
0.0
0.0
0.0
0.0
6.0
138.0
319.0
509.0
671.0
804.0
877.0
918.0
889.0
803.0
660.0
478.0
295.0
121.0
3.0
0.0
0.0
0.0
0.0
0.0
0.0
0.0
0.0
0.0
6.0
134.0
305.0
478.0
648.0
772.0
863.0
889.0
860.0
766.0
632.0
489.0
290.0
112.0
3.0
0.0
0.0
0.0
0.0
0.0
0.0
0.0
0.0
0.0
5.0
137.0
320.0
512.0
690.0
811.0
885.0
902.0
874.0
787.0
657.0
494.0
298.0
119.0
3.0
0.0
0.0
0.0
0.0
0.0
0.0
0.0
0.0
0.0
5.0
135.0
315.0
504.0
671.0
798.0
873.0
880.0
861.0
784.0
660.0
491.0
297.0
118.0
2.0
0.0
0.0
0.0
0.0
0.0
0.0
0.0
0.0
0.0
5.0
134.0
314.0
494.0
651.0
786.0
853.0
867.0
856.0
790.0
657.0
487.0
294.0
111.0
2.0
0.0
0.0
0.0
0.0
0.0
0.0
0.0
0.0
0.0
5.0
141.0
330.0
525.0
701.0
827.0
880.0
910.0
877.0
790.0
640.0
472.0
288.0
107.0
1.0
0.0
0.0
0.0
0.0
0.0
0.0
0.0
0.0
0.0
4.0
121.0
292.0
465.0
633.0
796.0
832.0
822.0
795.0
710.0
590.0
419.0
257.0
98.0
2.0
0.0
0.0
0.0
0.0
0.0
0.0
0.0
0.0
0.0
4.0
133.0
322.0
524.0
698.0
831.0
908.0
930.0
899.0
799.0
661.0
482.0
281.0
102.0
1.0
0.0
0.0
0.0
0.0
0.0
0.0
0.0
0.0
0.0
4.0
124.0
292.0
457.0
618.0
765.0
853.0
867.0
847.0
762.0
638.0
464.0
271.0
101.0
1.0
0.0
0.0
0.0
0.0
0.0
0.0
0.0
0.0
0.0
3.0
104.0
247.0
393.0
522.0
635.0
685.0
691.0
641.0
587.0
499.0
368.0
202.0
72.0
1.0
0.0
0.0
0.0
0.0
0.0
0.0
0.0
0.0
0.0
3.0
102.0
256.0
418.0
563.0
673.0
740.0
750.0
713.0
644.0
545.0
384.0
225.0
77.0
0.0
0.0
0.0
0.0
0.0
0.0
0.0
0.0
0.0
0.0
3.0
125.0
304.0
498.0
677.0
799.0
860.0
887.0
831.0
749.0
621.0
446.0
259.0
93.0
1.0
0.0
0.0
0.0
0.0
0.0
0.0
0.0
0.0
0.0
3.0
119.0
296.0
485.0
654.0
794.0
878.0
904.0
876.0
789.0
647.0
464.0
266.0
93.0
1.0
0.0
0.0
0.0
0.0
0.0
0.0
0.0
0.0
0.0
2.0
117.0
293.0
480.0
645.0
770.0
843.0
868.0
832.0
741.0
605.0
436.0
251.0
87.0
0.0
0.0
0.0
0.0
0.0
0.0
0.0
0.0
0.0
0.0
2.0
116.0
294.0
485.0
654.0
777.0
854.0
883.0
839.0
746.0
612.0
443.0
251.0
84.0
0.0
0.0
0.0
0.0
0.0
0.0
0.0
0.0
0.0
0.0
2.0
112.0
287.0
473.0
636.0
762.0
839.0
858.0
828.0
739.0
602.0
431.0
246.0
81.0
0.0
0.0
0.0
0.0
0.0
0.0
0.0
0.0
0.0
0.0
1.0
69.0
211.0
367.0
506.0
656.0
708.0
731.0
688.0
632.0
522.0
371.0
203.0
69.0
0.0
0.0
0.0
0.0
0.0
0.0
0.0
0.0
0.0
0.0
2.0
112.0
303.0
498.0
654.0
781.0
854.0
874.0
830.0
745.0
599.0
432.0
243.0
79.0
0.0
0.0
0.0
0.0
0.0
0.0
0.0
0.0
0.0
0.0
1.0
113.0
293.0
491.0
663.0
800.0
885.0
912.0
889.0
780.0
629.0
446.0
245.0
74.0
0.0
0.0
0.0
0.0
0.0
0.0
0.0
0.0
0.0
0.0
1.0
94.0
259.0
414.0
571.0
713.0
813.0
855.0
826.0
711.0
594.0
432.0
252.0
80.0
0.0
0.0
0.0
0.0
0.0
0.0
0.0
0.0
0.0
0.0
1.0
106.0
277.0
465.0
637.0
752.0
833.0
861.0
823.0
752.0
624.0
437.0
242.0
71.0
0.0
0.0
0.0
0.0
0.0
0.0
0.0
0.0
0.0
0.0
1.0
105.0
290.0
487.0
660.0
797.0
864.0
894.0
862.0
771.0
624.0
439.0
242.0
71.0
0.0
0.0
0.0
0.0
0.0
0.0
0.0
0.0
0.0
0.0
1.0
104.0
289.0
489.0
651.0
764.0
834.0
851.0
807.0
721.0
580.0
406.0
218.0
62.0
0.0
0.0
0.0
0.0
0.0
0.0
0.0
0.0
0.0
0.0
1.0
106.0
293.0
494.0
668.0
797.0
855.0
879.0
827.0
739.0
587.0
412.0
222.0
61.0
0.0
0.0
0.0
0.0
0.0
0.0
0.0
0.0
0.0
0.0
1.0
98.0
277.0
475.0
650.0
783.0
855.0
878.0
848.0
760.0
627.0
449.0
249.0
71.0
0.0
0.0
0.0
0.0
0.0
0.0
0.0
0.0
0.0
0.0
2.0
109.0
317.0
508.0
614.0
696.0
702.0
748.0
664.0
583.0
408.0
276.0
121.0
6.0
0.0
0.0
0.0
0.0
0.0
0.0
0.0
0.0
0.0
0.0
1.0
99.0
287.0
489.0
665.0
802.0
882.0
907.0
866.0
768.0
623.0
438.0
231.0
30.0
0.0
0.0
0.0
0.0
0.0
0.0
0.0
0.0
0.0
0.0
0.0
89.0
261.0
455.0
611.0
761.0
838.0
869.0
814.0
691.0
539.0
352.0
178.0
13.0
0.0
0.0
0.0
0.0
0.0
0.0
0.0
0.0
0.0
0.0
0.0
86.0
257.0
444.0
606.0
742.0
836.0
861.0
824.0
724.0
581.0
399.0
208.0
25.0
0.0
0.0
0.0
0.0
0.0
0.0
0.0
0.0
0.0
0.0
1.0
93.0
281.0
473.0
632.0
763.0
834.0
860.0
825.0
716.0
552.0
389.0
203.0
24.0
0.0
0.0
0.0
0.0
0.0
0.0
0.0
0.0
0.0
0.0
0.0
89.0
264.0
460.0
625.0
753.0
833.0
830.0
787.0
699.0
568.0
400.0
215.0
25.0
0.0
0.0
0.0
0.0
0.0
0.0
0.0
0.0
0.0
0.0
0.0
86.0
267.0
462.0
625.0
751.0
837.0
861.0
820.0
729.0
568.0
384.0
192.0
19.0
0.0
0.0
0.0
0.0
0.0
0.0
0.0
0.0
0.0
0.0
0.0
87.0
260.0
456.0
600.0
738.0
833.0
857.0
815.0
714.0
570.0
386.0
190.0
18.0
0.0
0.0
0.0
0.0
0.0
0.0
0.0
0.0
0.0
0.0
0.0
83.0
255.0
446.0
615.0
744.0
823.0
842.0
803.0
709.0
565.0
386.0
195.0
17.0
0.0
0.0
0.0
0.0
0.0
0.0
0.0
0.0
0.0
0.0
0.0
84.0
262.0
461.0
636.0
771.0
848.0
872.0
837.0
741.0
591.0
402.0
201.0
17.0
0.0
0.0
0.0
0.0
0.0
0.0
0.0
0.0
0.0
0.0
0.0
71.0
236.0
423.0
546.0
661.0
760.0
756.0
683.0
664.0
494.0
279.0
152.0
9.0
0.0
0.0
0.0
0.0
0.0
0.0
0.0
0.0
0.0
0.0
0.0
80.0
258.0
459.0
633.0
766.0
847.0
876.0
842.0
738.0
586.0
400.0
197.0
17.0
0.0
0.0
0.0
0.0
0.0
0.0
0.0
0.0
0.0
0.0
0.0
71.0
220.0
407.0
576.0
687.0
753.0
760.0
772.0
639.0
503.0
333.0
152.0
11.0
0.0
0.0
0.0
0.0
0.0
0.0
0.0
0.0
0.0
0.0
0.0
78.0
255.0
454.0
618.0
751.0
837.0
860.0
818.0
724.0
574.0
384.0
184.0
12.0
0.0
0.0
0.0
0.0
0.0
0.0
0.0
0.0
0.0
0.0
0.0
69.0
241.0
403.0
612.0
765.0
819.0
770.0
684.0
566.0
477.0
328.0
149.0
10.0
0.0
0.0
0.0
0.0
0.0
0.0
0.0
0.0
0.0
0.0
0.0
70.0
233.0
415.0
587.0
733.0
823.0
845.0
812.0
703.0
554.0
368.0
179.0
11.0
0.0
0.0
0.0
0.0
0.0
0.0
0.0
0.0
0.0
0.0
0.0
38.0
126.0
224.0
281.0
357.0
379.0
396.0
355.0
270.0
241.0
155.0
68.0
2.0
0.0
0.0
0.0
0.0
0.0
0.0
0.0
0.0
0.0
0.0
0.0
26.0
90.0
159.0
213.0
252.0
267.0
271.0
264.0
228.0
177.0
121.0
55.0
2.0
0.0
0.0
0.0
0.0
0.0
0.0
0.0
0.0
0.0
0.0
0.0
57.0
197.0
471.0
612.0
750.0
648.0
580.0
505.0
510.0
441.0
337.0
139.0
7.0
0.0
0.0
0.0
0.0
0.0
0.0
0.0
0.0
0.0
0.0
0.0
67.0
232.0
419.0
595.0
741.0
829.0
829.0
788.0
675.0
521.0
326.0
145.0
5.0
0.0
0.0
0.0
0.0
0.0
0.0
0.0
0.0
0.0
0.0
0.0
48.0
178.0
378.0
483.0
537.0
638.0
658.0
611.0
597.0
447.0
360.0
168.0
11.0
0.0
0.0
0.0
0.0
0.0
0.0
0.0
0.0
0.0
0.0
0.0
69.0
252.0
454.0
635.0
771.0
853.0
869.0
820.0
711.0
549.0
355.0
155.0
4.0
0.0
0.0
0.0
0.0
0.0
0.0
0.0
0.0
0.0
0.0
0.0
33.0
246.0
450.0
631.0
768.0
842.0
853.0
805.0
696.0
536.0
340.0
143.0
3.0
0.0
0.0
0.0
0.0
0.0
0.0
0.0
0.0
0.0
0.0
0.0
29.0
219.0
395.0
566.0
697.0
778.0
793.0
732.0
651.0
500.0
328.0
145.0
5.0
0.0
0.0
0.0
0.0
0.0
0.0
0.0
0.0
0.0
0.0
0.0
29.0
223.0
414.0
598.0
722.0
801.0
828.0
779.0
681.0
524.0
324.0
131.0
3.0
0.0
0.0
0.0
0.0
0.0
0.0
0.0
0.0
0.0
0.0
0.0
26.0
208.0
388.0
547.0
649.0
723.0
736.0
682.0
583.0
440.0
281.0
109.0
1.0
0.0
0.0
0.0
0.0
0.0
0.0
0.0
0.0
0.0
0.0
0.0
29.0
244.0
450.0
633.0
763.0
845.0
856.0
802.0
692.0
532.0
333.0
133.0
2.0
0.0
0.0
0.0
0.0
0.0
0.0
0.0
0.0
0.0
0.0
0.0
21.0
184.0
333.0
487.0
594.0
647.0
646.0
591.0
520.0
409.0
242.0
97.0
1.0
0.0
0.0
0.0
0.0
0.0
0.0
0.0
0.0
0.0
0.0
0.0
53.0
159.0
187.0
343.0
411.0
358.0
501.0
536.0
381.0
330.0
275.0
139.0
9.0
0.0
0.0
0.0
0.0
0.0
0.0
0.0
0.0
0.0
0.0
0.0
21.0
212.0
396.0
554.0
663.0
764.0
797.0
756.0
642.0
465.0
289.0
108.0
1.0
0.0
0.0
0.0
0.0
0.0
0.0
0.0
0.0
0.0
0.0
0.0
19.0
180.0
340.0
481.0
579.0
627.0
638.0
598.0
521.0
406.0
248.0
91.0
0.0
0.0
0.0
0.0
0.0
0.0
0.0
0.0
0.0
0.0
0.0
0.0
20.0
199.0
399.0
513.0
589.0
681.0
644.0
618.0
572.0
467.0
265.0
110.0
1.0
0.0
0.0
0.0
0.0
0.0
0.0
0.0
0.0
0.0
0.0
0.0
20.0
204.0
388.0
551.0
673.0
742.0
750.0
703.0
601.0
451.0
270.0
96.0
0.0
0.0
0.0
0.0
0.0
0.0
0.0
0.0
0.0
0.0
0.0
0.0
19.0
196.0
371.0
538.0
664.0
751.0
769.0
723.0
631.0
479.0
288.0
103.0
1.0
0.0
0.0
0.0
0.0
0.0
0.0
0.0
0.0
0.0
0.0
0.0
20.0
208.0
399.0
554.0
661.0
725.0
744.0
709.0
597.0
447.0
274.0
98.0
0.0
0.0
0.0
0.0
0.0
0.0
0.0
0.0
0.0
0.0
0.0
0.0
18.0
198.0
353.0
470.0
583.0
722.0
762.0
682.0
584.0
383.0
221.0
73.0
0.0
0.0
0.0
0.0
0.0
0.0
0.0
0.0
0.0
0.0
0.0
0.0
26.0
171.0
236.0
342.0
416.0
591.0
673.0
572.0
560.0
468.0
311.0
101.0
1.0
0.0
0.0
0.0
0.0
0.0
0.0
0.0
0.0
0.0
0.0
0.0
4.0
196.0
300.0
508.0
574.0
642.0
600.0
645.0
571.0
388.0
228.0
68.0
0.0
0.0
0.0
0.0
0.0
0.0
0.0
0.0
0.0
0.0
0.0
0.0
16.0
185.0
361.0
531.0
655.0
724.0
743.0
703.0
596.0
454.0
263.0
83.0
0.0
0.0
0.0
0.0
0.0
0.0
0.0
0.0
0.0
0.0
0.0
0.0
9.0
138.0
302.0
437.0
573.0
629.0
691.0
674.0
581.0
417.0
227.0
71.0
0.0
0.0
0.0
0.0
0.0
0.0
0.0
0.0
0.0
0.0
0.0
0.0
15.0
154.0
311.0
480.0
541.0
560.0
579.0
550.0
511.0
428.0
209.0
77.0
0.0
0.0
0.0
0.0
0.0
0.0
0.0
0.0
0.0
0.0
0.0
0.0
13.0
194.0
357.0
538.0
641.0
703.0
691.0
631.0
516.0
347.0
182.0
24.0
0.0
0.0
0.0
0.0
0.0
0.0
0.0
0.0
0.0
0.0
0.0
0.0
13.0
193.0
386.0
562.0
690.0
767.0
785.0
731.0
610.0
439.0
241.0
31.0
0.0
0.0
0.0
0.0
0.0
0.0
0.0
0.0
0.0
0.0
0.0
0.0
10.0
145.0
301.0
424.0
558.0
636.0
611.0
527.0
419.0
292.0
135.0
5.0
0.0
0.0
0.0
0.0
0.0
0.0
0.0
0.0
0.0
0.0
0.0
0.0
8.0
167.0
324.0
499.0
536.0
646.0
688.0
620.0
545.0
382.0
207.0
21.0
0.0
0.0
0.0
0.0
0.0
0.0
0.0
0.0
0.0
0.0
0.0
0.0
9.0
157.0
295.0
446.0
591.0
667.0
658.0
655.0
516.0
389.0
196.0
31.0
0.0
0.0
0.0
0.0
0.0
0.0
0.0
0.0
0.0
0.0
0.0
0.0
11.0
173.0
361.0
517.0
654.0
733.0
729.0
654.0
547.0
390.0
207.0
22.0
0.0
0.0
0.0
0.0
0.0
0.0
0.0
0.0
0.0
0.0
0.0
0.0
8.0
161.0
337.0
505.0
612.0
664.0
648.0
608.0
553.0
371.0
182.0
12.0
0.0
0.0
0.0
0.0
0.0
0.0
0.0
0.0
0.0
0.0
0.0
0.0
9.0
163.0
331.0
489.0
624.0
693.0
701.0
646.0
543.0
381.0
203.0
17.0
0.0
0.0
0.0
0.0
0.0
0.0
0.0
0.0
0.0
0.0
0.0
0.0
7.0
167.0
363.0
529.0
647.0
718.0
719.0
660.0
547.0
384.0
193.0
12.0
0.0
0.0
0.0
0.0
0.0
0.0
0.0
0.0
0.0
0.0
0.0
0.0
8.0
171.0
361.0
534.0
663.0
741.0
749.0
691.0
574.0
405.0
208.0
17.0
0.0
0.0
0.0
0.0
0.0
0.0
0.0
0.0
0.0
0.0
0.0
0.0
7.0
162.0
346.0
514.0
648.0
726.0
731.0
664.0
543.0
379.0
198.0
14.0
0.0
0.0
0.0
0.0
0.0
0.0
0.0
0.0
0.0
0.0
0.0
0.0
2.0
93.0
204.0
312.0
379.0
406.0
383.0
322.0
271.0
183.0
106.0
5.0
0.0
0.0
0.0
0.0
0.0
0.0
0.0
0.0
0.0
0.0
0.0
0.0
5.0
147.0
325.0
467.0
600.0
619.0
604.0
588.0
450.0
326.0
162.0
9.0
0.0
0.0
0.0
0.0
0.0
0.0
0.0
0.0
0.0
0.0
0.0
0.0
6.0
138.0
315.0
478.0
613.0
675.0
694.0
646.0
532.0
375.0
189.0
15.0
0.0
0.0
0.0
0.0
0.0
0.0
0.0
0.0
0.0
0.0
0.0
0.0
5.0
140.0
306.0
472.0
588.0
622.0
630.0
616.0
485.0
330.0
145.0
9.0
0.0
0.0
0.0
0.0
0.0
0.0
0.0
0.0
0.0
0.0
0.0
0.0
5.0
145.0
312.0
495.0
629.0
693.0
668.0
596.0
490.0
335.0
164.0
8.0
0.0
0.0
0.0
0.0
0.0
0.0
0.0
0.0
0.0
0.0
0.0
0.0
1.0
86.0
187.0
256.0
366.0
460.0
423.0
448.0
325.0
250.0
128.0
12.0
0.0
0.0
0.0
0.0
0.0
0.0
0.0
0.0
0.0
0.0
0.0
0.0
1.0
85.0
227.0
349.0
465.0
530.0
536.0
462.0
371.0
245.0
126.0
3.0
0.0
0.0
0.0
0.0
0.0
0.0
0.0
0.0
0.0
0.0
0.0
0.0
3.0
133.0
316.0
467.0
580.0
624.0
631.0
582.0
465.0
325.0
166.0
9.0
0.0
0.0
0.0
0.0
0.0
0.0
0.0
0.0
0.0
0.0
0.0
0.0
2.0
113.0
264.0
383.0
472.0
524.0
526.0
468.0
362.0
244.0
103.0
2.0
0.0
0.0
0.0
0.0
0.0
0.0
0.0
0.0
0.0
0.0
0.0
0.0
2.0
98.0
213.0
350.0
422.0
480.0
452.0
373.0
271.0
185.0
70.0
2.0
0.0
0.0
0.0
0.0
0.0
0.0
0.0
0.0
0.0
0.0
0.0
0.0
2.0
87.0
305.0
533.0
480.0
496.0
398.0
321.0
185.0
127.0
56.0
1.0
0.0
0.0
0.0
0.0
0.0
0.0
0.0
0.0
0.0
0.0
0.0
0.0
3.0
100.0
246.0
305.0
484.0
454.0
505.0
558.0
527.0
353.0
151.0
6.0
0.0
0.0
0.0
0.0
0.0
0.0
0.0
0.0
0.0
0.0
0.0
0.0
2.0
120.0
306.0
464.0
587.0
598.0
622.0
529.0
411.0
275.0
116.0
2.0
0.0
0.0
0.0
0.0
0.0
0.0
0.0
0.0
0.0
0.0
0.0
0.0
2.0
120.0
288.0
457.0
576.0
634.0
632.0
565.0
460.0
292.0
124.0
3.0
0.0
0.0
0.0
0.0
0.0
0.0
0.0
0.0
0.0
0.0
0.0
0.0
2.0
118.0
295.0
449.0
551.0
613.0
617.0
559.0
450.0
296.0
126.0
2.0
0.0
0.0
0.0
0.0
0.0
0.0
0.0
0.0
0.0
0.0
0.0
0.0
1.0
28.0
60.0
85.0
139.0
178.0
176.0
165.0
105.0
76.0
21.0
1.0
0.0
0.0
0.0
0.0
0.0
0.0
0.0
0.0
0.0
0.0
0.0
0.0
1.0
26.0
79.0
110.0
138.0
151.0
145.0
115.0
108.0
74.0
27.0
1.0
0.0
0.0
0.0
0.0
0.0
0.0
0.0
0.0
0.0
0.0
0.0
0.0
1.0
113.0
278.0
437.0
553.0
615.0
619.0
556.0
442.0
281.0
110.0
2.0
0.0
0.0
0.0
0.0
0.0
0.0
0.0
0.0
0.0
0.0
0.0
0.0
1.0
90.0
216.0
343.0
430.0
478.0
489.0
440.0
343.0
202.0
80.0
1.0
0.0
0.0
0.0
0.0
0.0
0.0
0.0
0.0
0.0
0.0
0.0
0.0
1.0
100.0
267.0
425.0
547.0
625.0
608.0
548.0
426.0
272.0
107.0
1.0
0.0
0.0
0.0
0.0
0.0
0.0
0.0
0.0
0.0
0.0
0.0
0.0
1.0
99.0
272.0
430.0
546.0
601.0
597.0
525.0
419.0
259.0
102.0
1.0
0.0
0.0
0.0
0.0
0.0
0.0
0.0
0.0
0.0
0.0
0.0
0.0
0.0
95.0
249.0
399.0
521.0
589.0
591.0
526.0
418.0
263.0
105.0
1.0
0.0
0.0
0.0
0.0
0.0
0.0
0.0
0.0
0.0
0.0
0.0
0.0
0.0
86.0
242.0
375.0
484.0
524.0
524.0
468.0
386.0
248.0
92.0
0.0
0.0
0.0
0.0
0.0
0.0
0.0
0.0
0.0
0.0
0.0
0.0
0.0
0.0
8.0
22.0
36.0
46.0
92.0
477.0
636.0
334.0
104.0
17.0
0.0
0.0
0.0
0.0
0.0
0.0
0.0
0.0
0.0
0.0
0.0
0.0
0.0
0.0
20.0
177.0
402.0
332.0
343.0
541.0
494.0
328.0
221.0
74.0
0.0
0.0
0.0
0.0
0.0
0.0
0.0
0.0
0.0
0.0
0.0
0.0
0.0
0.0
91.0
260.0
422.0
540.0
600.0
601.0
539.0
423.0
265.0
98.0
0.0
0.0
0.0
0.0
0.0
0.0
0.0
0.0
0.0
0.0
0.0
0.0
0.0
0.0
91.0
265.0
433.0
558.0
621.0
621.0
557.0
437.0
273.0
99.0
0.0
0.0
0.0
0.0
0.0
0.0
0.0
0.0
0.0
0.0
0.0
0.0
0.0
0.0
59.0
211.0
336.0
465.0
538.0
566.0
498.0
385.0
248.0
95.0
1.0
0.0
0.0
0.0
0.0
0.0
0.0
0.0
0.0
0.0
0.0
0.0
0.0
0.0
22.0
71.0
200.0
251.0
297.0
307.0
420.0
334.0
218.0
101.0
1.0
0.0
0.0
0.0
0.0
0.0
0.0
0.0
0.0
0.0
0.0
0.0
0.0
0.0
77.0
237.0
384.0
512.0
579.0
599.0
537.0
411.0
255.0
86.0
0.0
0.0
0.0
0.0
0.0
0.0
0.0
0.0
0.0
0.0
0.0
0.0
0.0
0.0
78.0
243.0
399.0
520.0
586.0
577.0
515.0
404.0
242.0
81.0
0.0
0.0
0.0
0.0
0.0
0.0
0.0
0.0
0.0
0.0
0.0
0.0
0.0
0.0
18.0
76.0
139.0
202.0
211.0
193.0
172.0
74.0
58.0
12.0
0.0
0.0
0.0
0.0
0.0
0.0
0.0
0.0
0.0
0.0
0.0
0.0
0.0
0.0
74.0
239.0
399.0
509.0
569.0
565.0
507.0
399.0
243.0
81.0
0.0
0.0
0.0
0.0
0.0
0.0
0.0
0.0
0.0
0.0
0.0
0.0
0.0
0.0
71.0
237.0
400.0
521.0
588.0
578.0
516.0
402.0
243.0
81.0
0.0
0.0
0.0
0.0
0.0
0.0
0.0
0.0
0.0
0.0
0.0
0.0
0.0
0.0
64.0
209.0
362.0
469.0
550.0
553.0
492.0
386.0
234.0
81.0
0.0
0.0
0.0
0.0
0.0
0.0
0.0
0.0
0.0
0.0
0.0
0.0
0.0
0.0
63.0
224.0
376.0
489.0
563.0
564.0
508.0
389.0
234.0
75.0
0.0
0.0
0.0
0.0
0.0
0.0
0.0
0.0
0.0
0.0
0.0
0.0
0.0
0.0
30.0
218.0
369.0
494.0
550.0
566.0
509.0
397.0
243.0
81.0
0.0
0.0
0.0
0.0
0.0
0.0
0.0
0.0
0.0
0.0
0.0
0.0
0.0
0.0
29.0
215.0
370.0
494.0
560.0
576.0
518.0
390.0
235.0
72.0
0.0
0.0
0.0
0.0
0.0
0.0
0.0
0.0
0.0
0.0
0.0
0.0
0.0
0.0
12.0
51.0
98.0
107.0
120.0
207.0
196.0
170.0
100.0
15.0
0.0
0.0
0.0
0.0
0.0
0.0
0.0
0.0
0.0
0.0
0.0
0.0
0.0
0.0
26.0
216.0
378.0
503.0
572.0
572.0
511.0
390.0
228.0
71.0
0.0
0.0
0.0
0.0
0.0
0.0
0.0
0.0
0.0
0.0
0.0
0.0
0.0
0.0
18.0
175.0
291.0
415.0
503.0
518.0
491.0
357.0
218.0
69.0
0.0
0.0
0.0
0.0
0.0
0.0
0.0
0.0
0.0
0.0
0.0
0.0
0.0
0.0
18.0
194.0
339.0
438.0
438.0
445.0
359.0
302.0
173.0
49.0
0.0
0.0
0.0
0.0
0.0
0.0
0.0
0.0
0.0
0.0
0.0
0.0
0.0
0.0
17.0
168.0
322.0
464.0
507.0
470.0
446.0
279.0
78.0
9.0
0.0
0.0
0.0
0.0
0.0
0.0
0.0
0.0
0.0
0.0
0.0
0.0
0.0
0.0
14.0
142.0
245.0
333.0
376.0
447.0
472.0
393.0
232.0
70.0
0.0
0.0
0.0
0.0
0.0
0.0
0.0
0.0
0.0
0.0
0.0
0.0
0.0
0.0
33.0
138.0
158.0
358.0
407.0
503.0
464.0
276.0
161.0
56.0
0.0
0.0
0.0
0.0
0.0
0.0
0.0
0.0
0.0
0.0
0.0
0.0
0.0
0.0
7.0
81.0
85.0
449.0
393.0
500.0
264.0
192.0
230.0
53.0
0.0
0.0
0.0
0.0
0.0
0.0
0.0
0.0
0.0
0.0
0.0
0.0
0.0
0.0
17.0
198.0
358.0
474.0
538.0
552.0
498.0
384.0
226.0
32.0
0.0
0.0
0.0
0.0
0.0
0.0
0.0
0.0
0.0
0.0
0.0
0.0
0.0
0.0
4.0
25.0
48.0
63.0
70.0
76.0
68.0
49.0
26.0
6.0
0.0
0.0
0.0
0.0
0.0
0.0
0.0
0.0
0.0
0.0
0.0
0.0
0.0
0.0
3.0
37.0
80.0
122.0
154.0
159.0
142.0
112.0
63.0
8.0
0.0
0.0
0.0
0.0
0.0
0.0
0.0
0.0
0.0
0.0
0.0
0.0
0.0
0.0
4.0
130.0
213.0
329.0
341.0
357.0
435.0
398.0
201.0
29.0
0.0
0.0
0.0
0.0
0.0
0.0
0.0
0.0
0.0
0.0
0.0
0.0
0.0
0.0
13.0
178.0
345.0
462.0
536.0
546.0
488.0
371.0
218.0
30.0
0.0
0.0
0.0
0.0
0.0
0.0
0.0
0.0
0.0
0.0
0.0
0.0
0.0
0.0
11.0
147.0
292.0
397.0
479.0
489.0
456.0
355.0
214.0
34.0
0.0
0.0
0.0
0.0
0.0
0.0
0.0
0.0
0.0
0.0
0.0
0.0
0.0
0.0
10.0
157.0
300.0
417.0
468.0
475.0
444.0
350.0
205.0
33.0
0.0
0.0
0.0
0.0
0.0
0.0
0.0
0.0
0.0
0.0
0.0
0.0
0.0
0.0
11.0
171.0
329.0
460.0
524.0
530.0
473.0
359.0
209.0
26.0
0.0
0.0
0.0
0.0
0.0
0.0
0.0
0.0
0.0
0.0
0.0
0.0
0.0
0.0
6.0
108.0
211.0
274.0
326.0
337.0
274.0
184.0
97.0
5.0
0.0
0.0
0.0
0.0
0.0
0.0
0.0
0.0
0.0
0.0
0.0
0.0
0.0
0.0
2.0
110.0
217.0
354.0
344.0
344.0
309.0
276.0
157.0
28.0
0.0
0.0
0.0
0.0
0.0
0.0
0.0
0.0
0.0
0.0
0.0
0.0
0.0
0.0
8.0
162.0
320.0
442.0
514.0
526.0
466.0
362.0
215.0
27.0
0.0
0.0
0.0
0.0
0.0
0.0
0.0
0.0
0.0
0.0
0.0
0.0
0.0
0.0
8.0
157.0
307.0
428.0
498.0
512.0
461.0
363.0
218.0
35.0
0.0
0.0
0.0
0.0
0.0
0.0
0.0
0.0
0.0
0.0
0.0
0.0
0.0
0.0
7.0
156.0
315.0
435.0
510.0
525.0
475.0
364.0
219.0
33.0
0.0
0.0
0.0
0.0
0.0
0.0
0.0
0.0
0.0
0.0
0.0
0.0
0.0
0.0
7.0
148.0
300.0
415.0
486.0
514.0
462.0
355.0
210.0
30.0
0.0
0.0
0.0
0.0
0.0
0.0
0.0
0.0
0.0
0.0
0.0
0.0
0.0
0.0
7.0
143.0
290.0
419.0
492.0
511.0
456.0
359.0
214.0
35.0
0.0
0.0
0.0
0.0
0.0
0.0
0.0
0.0
0.0
0.0
0.0
0.0
0.0
0.0
5.0
105.0
257.0
411.0
450.0
447.0
359.0
293.0
187.0
30.0
0.0
0.0
0.0
0.0
0.0
0.0
0.0
0.0
0.0
0.0
0.0
0.0
0.0
0.0
5.0
131.0
286.0
412.0
457.0
477.0
434.0
330.0
197.0
27.0
0.0
0.0
0.0
0.0
0.0
0.0
0.0
0.0
0.0
0.0
0.0
0.0
0.0
0.0
1.0
97.0
231.0
334.0
422.0
421.0
377.0
354.0
193.0
38.0
0.0
0.0
0.0
0.0
0.0
0.0
0.0
0.0
0.0
0.0
0.0
0.0
0.0
0.0
5.0
133.0
286.0
414.0
483.0
498.0
452.0
357.0
216.0
34.0
0.0
0.0
0.0
0.0
0.0
0.0
0.0
0.0
0.0
0.0
0.0
0.0
0.0
0.0
1.0
104.0
211.0
269.0
376.0
414.0
398.0
332.0
195.0
32.0
0.0
0.0
0.0
0.0
0.0
0.0
0.0
0.0
0.0
0.0
0.0
0.0
0.0
0.0
4.0
128.0
268.0
385.0
465.0
482.0
437.0
352.0
211.0
36.0
0.0
0.0
0.0
0.0
0.0
0.0
0.0
0.0
0.0
0.0
0.0
0.0
0.0
0.0
5.0
134.0
279.0
391.0
465.0
475.0
422.0
332.0
197.0
31.0
0.0
0.0
0.0
0.0
0.0
0.0
0.0
0.0
0.0
0.0
0.0
0.0
0.0
0.0
3.0
92.0
129.0
130.0
197.0
286.0
378.0
388.0
188.0
22.0
0.0
0.0
0.0
0.0
0.0
0.0
0.0
0.0
0.0
0.0
0.0
0.0
0.0
0.0
4.0
144.0
319.0
335.0
419.0
198.0
249.0
287.0
130.0
49.0
0.0
0.0
0.0
0.0
0.0
0.0
0.0
0.0
0.0
0.0
0.0
0.0
0.0
0.0
2.0
64.0
129.0
190.0
218.0
213.0
157.0
122.0
79.0
5.0
0.0
0.0
0.0
0.0
0.0
0.0
0.0
0.0
0.0
0.0
0.0
0.0
0.0
0.0
1.0
76.0
185.0
248.0
329.0
346.0
315.0
241.0
144.0
43.0
0.0
0.0
0.0
0.0
0.0
0.0
0.0
0.0
0.0
0.0
0.0
0.0
0.0
0.0
1.0
52.0
120.0
193.0
213.0
240.0
230.0
179.0
105.0
30.0
0.0
0.0
0.0
0.0
0.0
0.0
0.0
0.0
0.0
0.0
0.0
0.0
0.0
0.0
3.0
127.0
276.0
392.0
472.0
493.0
453.0
351.0
216.0
67.0
0.0
0.0
0.0
0.0
0.0
0.0
0.0
0.0
0.0
0.0
0.0
0.0
0.0
0.0
7.0
73.0
166.0
123.0
88.0
428.0
217.0
111.0
17.0
14.0
0.0
0.0
0.0
0.0
0.0
0.0
0.0
0.0
0.0
0.0
0.0
0.0
0.0
0.0
1.0
11.0
27.0
37.0
40.0
327.0
321.0
259.0
153.0
51.0
0.0
0.0
0.0
0.0
0.0
0.0
0.0
0.0
0.0
0.0
0.0
0.0
0.0
0.0
4.0
103.0
228.0
306.0
382.0
456.0
409.0
324.0
181.0
68.0
0.0
0.0
0.0
0.0
0.0
0.0
0.0
0.0
0.0
0.0
0.0
0.0
0.0
0.0
3.0
108.0
235.0
358.0
441.0
448.0
438.0
334.0
190.0
62.0
0.0
0.0
0.0
0.0
0.0
0.0
0.0
0.0
0.0
0.0
0.0
0.0
0.0
0.0
1.0
67.0
84.0
124.0
159.0
112.0
294.0
355.0
235.0
80.0
0.0
0.0
0.0
0.0
0.0
0.0
0.0
0.0
0.0
0.0
0.0
0.0
0.0
0.0
3.0
112.0
251.0
378.0
461.0
481.0
441.0
353.0
213.0
74.0
0.0
0.0
0.0
0.0
0.0
0.0
0.0
0.0
0.0
0.0
0.0
0.0
0.0
0.0
1.0
53.0
131.0
188.0
224.0
235.0
210.0
165.0
116.0
40.0
0.0
0.0
0.0
0.0
0.0
0.0
0.0
0.0
0.0
0.0
0.0
0.0
0.0
0.0
5.0
89.0
275.0
414.0
371.0
240.0
178.0
204.0
118.0
29.0
0.0
0.0
0.0
0.0
0.0
0.0
