0.0
0.0
0.0
0.0
0.0
0.0
0.0
0.0
13.0
84.0
118.0
166.0
159.0
138.0
68.0
48.0
22.0
0.0
0.0
0.0
0.0
0.0
0.0
0.0
0.0
0.0
0.0
0.0
0.0
0.0
0.0
0.0
5.0
16.0
256.0
324.0
351.0
231.0
227.0
129.0
54.0
0.0
0.0
0.0
0.0
0.0
0.0
0.0
0.0
0.0
0.0
0.0
0.0
0.0
0.0
0.0
29.0
203.0
343.0
436.0
477.0
458.0
380.0
257.0
104.0
1.0
0.0
0.0
0.0
0.0
0.0
0.0
0.0
0.0
0.0
0.0
0.0
0.0
0.0
0.0
27.0
197.0
301.0
379.0
426.0
393.0
342.0
245.0
96.0
1.0
0.0
0.0
0.0
0.0
0.0
0.0
0.0
0.0
0.0
0.0
0.0
0.0
0.0
0.0
22.0
154.0
259.0
335.0
375.0
369.0
307.0
198.0
80.0
1.0
0.0
0.0
0.0
0.0
0.0
0.0
0.0
0.0
0.0
0.0
0.0
0.0
0.0
0.0
5.0
54.0
36.0
37.0
40.0
331.0
316.0
219.0
44.0
1.0
0.0
0.0
0.0
0.0
0.0
0.0
0.0
0.0
0.0
0.0
0.0
0.0
0.0
0.0
24.0
193.0
313.0
389.0
412.0
410.0
342.0
222.0
107.0
2.0
0.0
0.0
0.0
0.0
0.0
0.0
0.0
0.0
0.0
0.0
0.0
0.0
0.0
0.0
19.0
122.0
199.0
280.0
293.0
281.0
154.0
75.0
9.0
1.0
0.0
0.0
0.0
0.0
0.0
0.0
0.0
0.0
0.0
0.0
0.0
0.0
0.0
0.0
5.0
37.0
64.0
69.0
93.0
379.0
319.0
221.0
96.0
2.0
0.0
0.0
0.0
0.0
0.0
0.0
0.0
0.0
0.0
0.0
0.0
0.0
0.0
0.0
14.0
103.0
160.0
214.0
230.0
226.0
194.0
145.0
56.0
1.0
0.0
0.0
0.0
0.0
0.0
0.0
0.0
0.0
0.0
0.0
0.0
0.0
0.0
0.0
28.0
200.0
337.0
434.0
483.0
468.0
390.0
267.0
123.0
3.0
0.0
0.0
0.0
0.0
0.0
0.0
0.0
0.0
0.0
0.0
0.0
0.0
0.0
0.0
27.0
195.0
307.0
384.0
437.0
412.0
331.0
221.0
99.0
1.0
0.0
0.0
0.0
0.0
0.0
0.0
0.0
0.0
0.0
0.0
0.0
0.0
0.0
0.0
27.0
193.0
329.0
419.0
448.0
442.0
368.0
267.0
116.0
2.0
0.0
0.0
0.0
0.0
0.0
0.0
0.0
0.0
0.0
0.0
0.0
0.0
0.0
0.0
24.0
157.0
259.0
338.0
363.0
330.0
279.0
204.0
93.0
1.0
0.0
0.0
0.0
0.0
0.0
0.0
0.0
0.0
0.0
0.0
0.0
0.0
0.0
0.0
54.0
218.0
377.0
364.0
300.0
215.0
266.0
238.0
129.0
1.0
0.0
0.0
0.0
0.0
0.0
0.0
0.0
0.0
0.0
0.0
0.0
0.0
0.0
0.0
65.0
213.0
353.0
458.0
499.0
470.0
394.0
270.0
125.0
2.0
0.0
0.0
0.0
0.0
0.0
0.0
0.0
0.0
0.0
0.0
0.0
0.0
0.0
0.0
58.0
160.0
339.0
260.0
282.0
233.0
350.0
226.0
130.0
13.0
0.0
0.0
0.0
0.0
0.0
0.0
0.0
0.0
0.0
0.0
0.0
0.0
0.0
0.0
67.0
218.0
357.0
454.0
494.0
476.0
398.0
281.0
135.0
4.0
0.0
0.0
0.0
0.0
0.0
0.0
0.0
0.0
0.0
0.0
0.0
0.0
0.0
0.0
68.0
217.0
350.0
453.0
496.0
486.0
411.0
295.0
142.0
5.0
0.0
0.0
0.0
0.0
0.0
0.0
0.0
0.0
0.0
0.0
0.0
0.0
0.0
0.0
64.0
200.0
318.0
419.0
470.0
471.0
407.0
305.0
152.0
7.0
0.0
0.0
0.0
0.0
0.0
0.0
0.0
0.0
0.0
0.0
0.0
0.0
0.0
0.0
59.0
190.0
318.0
415.0
476.0
475.0
402.0
291.0
148.0
10.0
0.0
0.0
0.0
0.0
0.0
0.0
0.0
0.0
0.0
0.0
0.0
0.0
0.0
0.0
30.0
87.0
153.0
199.0
219.0
195.0
179.0
134.0
70.0
2.0
0.0
0.0
0.0
0.0
0.0
0.0
0.0
0.0
0.0
0.0
0.0
0.0
0.0
0.0
76.0
233.0
375.0
478.0
526.0
514.0
446.0
324.0
164.0
8.0
0.0
0.0
0.0
0.0
0.0
0.0
0.0
0.0
0.0
0.0
0.0
0.0
0.0
0.0
81.0
246.0
399.0
503.0
551.0
536.0
460.0
330.0
169.0
8.0
0.0
0.0
0.0
0.0
0.0
0.0
0.0
0.0
0.0
0.0
0.0
0.0
0.0
0.0
79.0
240.0
391.0
490.0
543.0
525.0
453.0
328.0
169.0
10.0
0.0
0.0
0.0
0.0
0.0
0.0
0.0
0.0
0.0
0.0
0.0
0.0
0.0
0.0
79.0
236.0
387.0
488.0
536.0
518.0
444.0
317.0
162.0
8.0
0.0
0.0
0.0
0.0
0.0
0.0
0.0
0.0
0.0
0.0
0.0
0.0
0.0
0.0
33.0
134.0
222.0
257.0
280.0
273.0
263.0
200.0
96.0
3.0
0.0
0.0
0.0
0.0
0.0
0.0
0.0
0.0
0.0
0.0
0.0
0.0
0.0
0.0
75.0
243.0
407.0
452.0
426.0
436.0
312.0
191.0
113.0
7.0
0.0
0.0
0.0
0.0
0.0
0.0
0.0
0.0
0.0
0.0
0.0
0.0
0.0
0.0
68.0
201.0
334.0
436.0
492.0
500.0
446.0
319.0
172.0
14.0
0.0
0.0
0.0
0.0
0.0
0.0
0.0
0.0
0.0
0.0
0.0
0.0
0.0
0.0
7.0
20.0
34.0
58.0
59.0
386.0
324.0
236.0
123.0
9.0
0.0
0.0
0.0
0.0
0.0
0.0
0.0
0.0
0.0
0.0
0.0
0.0
0.0
0.0
46.0
126.0
217.0
280.0
315.0
300.0
234.0
147.0
76.0
3.0
0.0
0.0
0.0
0.0
0.0
0.0
0.0
0.0
0.0
0.0
0.0
0.0
0.0
0.0
76.0
210.0
361.0
410.0
478.0
464.0
415.0
348.0
189.0
19.0
0.0
0.0
0.0
0.0
0.0
0.0
0.0
0.0
0.0
0.0
0.0
0.0
0.0
0.0
44.0
178.0
353.0
439.0
372.0
282.0
150.0
89.0
188.0
51.0
0.0
0.0
0.0
0.0
0.0
0.0
0.0
0.0
0.0
0.0
0.0
0.0
0.0
1.0
95.0
240.0
378.0
498.0
527.0
524.0
445.0
313.0
163.0
16.0
0.0
0.0
0.0
0.0
0.0
0.0
0.0
0.0
0.0
0.0
0.0
0.0
0.0
0.0
88.0
248.0
403.0
509.0
552.0
548.0
484.0
359.0
204.0
23.0
0.0
0.0
0.0
0.0
0.0
0.0
0.0
0.0
0.0
0.0
0.0
0.0
0.0
0.0
8.0
152.0
154.0
213.0
194.0
389.0
445.0
411.0
192.0
14.0
0.0
0.0
0.0
0.0
0.0
0.0
0.0
0.0
0.0
0.0
0.0
0.0
0.0
1.0
96.0
253.0
393.0
502.0
553.0
537.0
471.0
338.0
188.0
20.0
0.0
0.0
0.0
0.0
0.0
0.0
0.0
0.0
0.0
0.0
0.0
0.0
0.0
0.0
85.0
224.0
357.0
454.0
522.0
522.0
468.0
358.0
208.0
29.0
0.0
0.0
0.0
0.0
0.0
0.0
0.0
0.0
0.0
0.0
0.0
0.0
0.0
1.0
68.0
177.0
256.0
327.0
382.0
360.0
315.0
266.0
163.0
24.0
0.0
0.0
0.0
0.0
0.0
0.0
0.0
0.0
0.0
0.0
0.0
0.0
0.0
4.0
79.0
305.0
298.0
256.0
282.0
567.0
307.0
320.0
170.0
33.0
0.0
0.0
0.0
0.0
0.0
0.0
0.0
0.0
0.0
0.0
0.0
0.0
0.0
1.0
84.0
213.0
342.0
435.0
459.0
454.0
391.0
323.0
198.0
29.0
0.0
0.0
0.0
0.0
0.0
0.0
0.0
0.0
0.0
0.0
0.0
0.0
0.0
1.0
107.0
254.0
404.0
511.0
576.0
566.0
510.0
383.0
220.0
69.0
0.0
0.0
0.0
0.0
0.0
0.0
0.0
0.0
0.0
0.0
0.0
0.0
0.0
2.0
120.0
291.0
448.0
560.0
610.0
595.0
525.0
397.0
236.0
73.0
0.0
0.0
0.0
0.0
0.0
0.0
0.0
0.0
0.0
0.0
0.0
0.0
0.0
1.0
122.0
289.0
434.0
528.0
553.0
538.0
485.0
374.0
196.0
62.0
0.0
0.0
0.0
0.0
0.0
0.0
0.0
0.0
0.0
0.0
0.0
0.0
0.0
1.0
51.0
126.0
187.0
228.0
258.0
294.0
255.0
197.0
119.0
39.0
0.0
0.0
0.0
0.0
0.0
0.0
0.0
0.0
0.0
0.0
0.0
0.0
0.0
1.0
60.0
154.0
213.0
265.0
289.0
298.0
256.0
197.0
122.0
44.0
0.0
0.0
0.0
0.0
0.0
0.0
0.0
0.0
0.0
0.0
0.0
0.0
0.0
1.0
12.0
27.0
41.0
50.0
73.0
451.0
409.0
312.0
198.0
69.0
0.0
0.0
0.0
0.0
0.0
0.0
0.0
0.0
0.0
0.0
0.0
0.0
0.0
3.0
138.0
307.0
448.0
554.0
611.0
606.0
539.0
418.0
251.0
85.0
0.0
0.0
0.0
0.0
0.0
0.0
0.0
0.0
0.0
0.0
0.0
0.0
0.0
4.0
146.0
324.0
477.0
575.0
624.0
608.0
543.0
415.0
255.0
89.0
0.0
0.0
0.0
0.0
0.0
0.0
0.0
0.0
0.0
0.0
0.0
0.0
0.0
5.0
137.0
287.0
428.0
546.0
600.0
583.0
489.0
372.0
236.0
83.0
0.0
0.0
0.0
0.0
0.0
0.0
0.0
0.0
0.0
0.0
0.0
0.0
0.0
2.0
42.0
109.0
150.0
184.0
184.0
156.0
126.0
90.0
66.0
24.0
0.0
0.0
0.0
0.0
0.0
0.0
0.0
0.0
0.0
0.0
0.0
0.0
0.0
2.0
92.0
200.0
321.0
379.0
408.0
406.0
336.0
263.0
148.0
51.0
0.0
0.0
0.0
0.0
0.0
0.0
0.0
0.0
0.0
0.0
0.0
0.0
0.0
3.0
52.0
108.0
170.0
211.0
193.0
173.0
141.0
98.0
71.0
18.0
0.0
0.0
0.0
0.0
0.0
0.0
0.0
0.0
0.0
0.0
0.0
0.0
0.0
4.0
103.0
225.0
317.0
397.0
439.0
449.0
363.0
279.0
160.0
53.0
0.0
0.0
0.0
0.0
0.0
0.0
0.0
0.0
0.0
0.0
0.0
0.0
0.0
7.0
163.0
337.0
485.0
593.0
644.0
623.0
575.0
452.0
288.0
112.0
1.0
0.0
0.0
0.0
0.0
0.0
0.0
0.0
0.0
0.0
0.0
0.0
0.0
8.0
159.0
327.0
471.0
573.0
611.0
597.0
531.0
416.0
262.0
101.0
1.0
0.0
0.0
0.0
0.0
0.0
0.0
0.0
0.0
0.0
0.0
0.0
0.0
10.0
172.0
357.0
513.0
623.0
663.0
649.0
565.0
439.0
272.0
108.0
1.0
0.0
0.0
0.0
0.0
0.0
0.0
0.0
0.0
0.0
0.0
0.0
0.0
23.0
107.0
92.0
125.0
239.0
276.0
498.0
216.0
430.0
315.0
27.0
2.0
0.0
0.0
0.0
0.0
0.0
0.0
0.0
0.0
0.0
0.0
0.0
0.0
13.0
191.0
376.0
531.0
640.0
693.0
676.0
603.0
472.0
300.0
119.0
1.0
0.0
0.0
0.0
0.0
0.0
0.0
0.0
0.0
0.0
0.0
0.0
0.0
12.0
181.0
362.0
506.0
612.0
665.0
654.0
584.0
444.0
282.0
114.0
1.0
0.0
0.0
0.0
0.0
0.0
0.0
0.0
0.0
0.0
0.0
0.0
0.0
13.0
174.0
354.0
505.0
611.0
661.0
653.0
580.0
442.0
293.0
125.0
2.0
0.0
0.0
0.0
0.0
0.0
0.0
0.0
0.0
0.0
0.0
0.0
0.0
17.0
202.0
388.0
542.0
649.0
697.0
684.0
621.0
491.0
315.0
131.0
2.0
0.0
0.0
0.0
0.0
0.0
0.0
0.0
0.0
0.0
0.0
0.0
0.0
18.0
195.0
330.0
420.0
536.0
599.0
582.0
566.0
472.0
322.0
124.0
3.0
0.0
0.0
0.0
0.0
0.0
0.0
0.0
0.0
0.0
0.0
0.0
0.0
13.0
159.0
344.0
471.0
584.0
624.0
617.0
545.0
436.0
273.0
117.0
3.0
0.0
0.0
0.0
0.0
0.0
0.0
0.0
0.0
0.0
0.0
0.0
0.0
14.0
129.0
234.0
333.0
389.0
428.0
432.0
413.0
328.0
209.0
85.0
1.0
0.0
0.0
0.0
0.0
0.0
0.0
0.0
0.0
0.0
0.0
0.0
0.0
19.0
149.0
272.0
391.0
444.0
492.0
436.0
403.0
336.0
203.0
79.0
1.0
0.0
0.0
0.0
0.0
0.0
0.0
0.0
0.0
0.0
0.0
0.0
0.0
22.0
191.0
343.0
478.0
576.0
644.0
611.0
562.0
507.0
363.0
166.0
7.0
0.0
0.0
0.0
0.0
0.0
0.0
0.0
0.0
0.0
0.0
0.0
0.0
30.0
243.0
426.0
574.0
675.0
721.0
703.0
620.0
503.0
339.0
152.0
4.0
0.0
0.0
0.0
0.0
0.0
0.0
0.0
0.0
0.0
0.0
0.0
0.0
26.0
101.0
271.0
450.0
553.0
542.0
507.0
464.0
465.0
169.0
113.0
7.0
0.0
0.0
0.0
0.0
0.0
0.0
0.0
0.0
0.0
0.0
0.0
0.0
31.0
122.0
215.0
303.0
320.0
359.0
338.0
318.0
256.0
183.0
75.0
2.0
0.0
0.0
0.0
0.0
0.0
0.0
0.0
0.0
0.0
0.0
0.0
0.0
57.0
197.0
327.0
411.0
401.0
475.0
574.0
495.0
410.0
245.0
107.0
2.0
0.0
0.0
0.0
0.0
0.0
0.0
0.0
0.0
0.0
0.0
0.0
0.0
32.0
95.0
173.0
226.0
271.0
300.0
283.0
256.0
193.0
124.0
61.0
2.0
0.0
0.0
0.0
0.0
0.0
0.0
0.0
0.0
0.0
0.0
0.0
0.0
70.0
229.0
406.0
546.0
662.0
700.0
661.0
572.0
482.0
336.0
160.0
8.0
0.0
0.0
0.0
0.0
0.0
0.0
0.0
0.0
0.0
0.0
0.0
0.0
84.0
264.0
452.0
608.0
725.0
763.0
760.0
683.0
554.0
379.0
182.0
10.0
0.0
0.0
0.0
0.0
0.0
0.0
0.0
0.0
0.0
0.0
0.0
0.0
90.0
275.0
460.0
614.0
716.0
755.0
735.0
655.0
525.0
354.0
169.0
7.0
0.0
0.0
0.0
0.0
0.0
0.0
0.0
0.0
0.0
0.0
0.0
0.0
85.0
241.0
401.0
540.0
661.0
712.0
706.0
634.0
497.0
340.0
162.0
10.0
0.0
0.0
0.0
0.0
0.0
0.0
0.0
0.0
0.0
0.0
0.0
1.0
87.0
167.0
272.0
359.0
593.0
410.0
203.0
395.0
152.0
31.0
23.0
3.0
0.0
0.0
0.0
0.0
0.0
0.0
0.0
0.0
0.0
0.0
0.0
0.0
8.0
32.0
45.0
64.0
80.0
88.0
511.0
440.0
325.0
217.0
101.0
3.0
0.0
0.0
0.0
0.0
0.0
0.0
0.0
0.0
0.0
0.0
0.0
0.0
73.0
225.0
288.0
309.0
362.0
524.0
300.0
260.0
129.0
32.0
53.0
3.0
0.0
0.0
0.0
0.0
0.0
0.0
0.0
0.0
0.0
0.0
0.0
1.0
112.0
302.0
487.0
642.0
745.0
789.0
774.0
697.0
568.0
392.0
195.0
13.0
0.0
0.0
0.0
0.0
0.0
0.0
0.0
0.0
0.0
0.0
0.0
1.0
115.0
305.0
492.0
647.0
750.0
796.0
775.0
698.0
565.0
398.0
200.0
15.0
0.0
0.0
0.0
0.0
0.0
0.0
0.0
0.0
0.0
0.0
0.0
1.0
108.0
286.0
450.0
579.0
667.0
721.0
705.0
622.0
537.0
393.0
199.0
17.0
0.0
0.0
0.0
0.0
0.0
0.0
0.0
0.0
0.0
0.0
0.0
1.0
121.0
172.0
91.0
54.0
351.0
451.0
774.0
802.0
462.0
392.0
228.0
27.0
0.0
0.0
0.0
0.0
0.0
0.0
0.0
0.0
0.0
0.0
0.0
1.0
72.0
150.0
204.0
209.0
144.0
529.0
384.0
294.0
125.0
100.0
81.0
29.0
0.0
0.0
0.0
0.0
0.0
0.0
0.0
0.0
0.0
0.0
0.0
2.0
123.0
283.0
445.0
581.0
663.0
721.0
716.0
642.0
517.0
364.0
193.0
19.0
0.0
0.0
0.0
0.0
0.0
0.0
0.0
0.0
0.0
0.0
0.0
3.0
130.0
323.0
507.0
649.0
744.0
790.0
778.0
704.0
581.0
410.0
215.0
22.0
0.0
0.0
0.0
0.0
0.0
0.0
0.0
0.0
0.0
0.0
0.0
4.0
126.0
267.0
423.0
491.0
591.0
595.0
617.0
620.0
523.0
381.0
176.0
4.0
0.0
0.0
0.0
0.0
0.0
0.0
0.0
0.0
0.0
0.0
0.0
1.0
92.0
203.0
295.0
422.0
556.0
690.0
581.0
557.0
525.0
463.0
243.0
46.0
0.0
0.0
0.0
0.0
0.0
0.0
0.0
0.0
0.0
0.0
0.0
3.0
127.0
262.0
451.0
500.0
587.0
675.0
659.0
597.0
454.0
287.0
154.0
5.0
0.0
0.0
0.0
0.0
0.0
0.0
0.0
0.0
0.0
0.0
0.0
5.0
135.0
293.0
468.0
626.0
720.0
748.0
712.0
641.0
530.0
400.0
222.0
27.0
0.0
0.0
0.0
0.0
0.0
0.0
0.0
0.0
0.0
0.0
0.0
2.0
38.0
145.0
189.0
267.0
455.0
607.0
696.0
856.0
93.0
96.0
162.0
11.0
0.0
0.0
0.0
0.0
0.0
0.0
0.0
0.0
0.0
0.0
0.0
6.0
162.0
352.0
532.0
677.0
765.0
799.0
783.0
706.0
586.0
421.0
228.0
26.0
0.0
0.0
0.0
0.0
0.0
0.0
0.0
0.0
0.0
0.0
0.0
18.0
198.0
360.0
458.0
797.0
821.0
845.0
931.0
842.0
692.0
495.0
273.0
57.0
0.0
0.0
0.0
0.0
0.0
0.0
0.0
0.0
0.0
0.0
0.0
9.0
189.0
396.0
583.0
734.0
832.0
874.0
853.0
770.0
635.0
454.0
253.0
32.0
0.0
0.0
0.0
0.0
0.0
0.0
0.0
0.0
0.0
0.0
0.0
11.0
202.0
416.0
617.0
776.0
878.0
920.0
899.0
814.0
672.0
484.0
271.0
36.0
0.0
0.0
0.0
0.0
0.0
0.0
0.0
0.0
0.0
0.0
0.0
11.0
186.0
384.0
559.0
709.0
806.0
848.0
819.0
733.0
601.0
433.0
242.0
33.0
0.0
0.0
0.0
0.0
0.0
0.0
0.0
0.0
0.0
0.0
0.0
12.0
189.0
387.0
575.0
714.0
801.0
821.0
800.0
722.0
603.0
438.0
243.0
69.0
0.0
0.0
0.0
0.0
0.0
0.0
0.0
0.0
0.0
0.0
0.0
11.0
173.0
364.0
521.0
636.0
742.0
797.0
737.0
686.0
547.0
400.0
221.0
64.0
0.0
0.0
0.0
0.0
0.0
0.0
0.0
0.0
0.0
0.0
0.0
15.0
199.0
397.0
578.0
720.0
804.0
843.0
810.0
716.0
586.0
423.0
237.0
68.0
0.0
0.0
0.0
0.0
0.0
0.0
0.0
0.0
0.0
0.0
0.0
16.0
203.0
404.0
597.0
750.0
841.0
875.0
853.0
770.0
637.0
461.0
263.0
80.0
0.0
0.0
0.0
0.0
0.0
0.0
0.0
0.0
0.0
0.0
0.0
4.0
79.0
151.0
221.0
258.0
313.0
335.0
397.0
394.0
286.0
198.0
124.0
39.0
0.0
0.0
0.0
0.0
0.0
0.0
0.0
0.0
0.0
0.0
0.0
24.0
110.0
93.0
198.0
249.0
194.0
450.0
496.0
277.0
159.0
216.0
106.0
56.0
0.0
0.0
0.0
0.0
0.0
0.0
0.0
0.0
0.0
0.0
0.0
19.0
129.0
249.0
394.0
383.0
361.0
456.0
470.0
332.0
208.0
406.0
263.0
99.0
1.0
0.0
0.0
0.0
0.0
0.0
0.0
0.0
0.0
0.0
0.0
27.0
248.0
471.0
700.0
827.0
523.0
568.0
554.0
457.0
390.0
292.0
161.0
50.0
0.0
0.0
0.0
0.0
0.0
0.0
0.0
0.0
0.0
0.0
0.0
25.0
201.0
391.0
569.0
661.0
771.0
827.0
807.0
714.0
603.0
450.0
266.0
85.0
0.0
0.0
0.0
0.0
0.0
0.0
0.0
0.0
0.0
0.0
0.0
28.0
212.0
406.0
571.0
703.0
798.0
841.0
818.0
753.0
624.0
462.0
273.0
90.0
0.0
0.0
0.0
0.0
0.0
0.0
0.0
0.0
0.0
0.0
0.0
31.0
226.0
409.0
580.0
686.0
788.0
830.0
810.0
726.0
608.0
426.0
243.0
84.0
0.0
0.0
0.0
0.0
0.0
0.0
0.0
0.0
0.0
0.0
0.0
70.0
253.0
462.0
651.0
798.0
893.0
929.0
903.0
818.0
679.0
497.0
292.0
99.0
0.0
0.0
0.0
0.0
0.0
0.0
0.0
0.0
0.0
0.0
0.0
63.0
210.0
323.0
447.0
618.0
718.0
761.0
726.0
713.0
514.0
366.0
203.0
72.0
0.0
0.0
0.0
0.0
0.0
0.0
0.0
0.0
0.0
0.0
0.0
23.0
101.0
132.0
173.0
310.0
294.0
343.0
344.0
371.0
163.0
99.0
85.0
9.0
0.0
0.0
0.0
0.0
0.0
0.0
0.0
0.0
0.0
0.0
0.0
44.0
83.0
181.0
293.0
276.0
349.0
272.0
353.0
320.0
214.0
73.0
25.0
10.0
0.0
0.0
0.0
0.0
0.0
0.0
0.0
0.0
0.0
0.0
0.0
18.0
117.0
121.0
379.0
343.0
633.0
432.0
354.0
359.0
119.0
41.0
24.0
9.0
0.0
0.0
0.0
0.0
0.0
0.0
0.0
0.0
0.0
0.0
0.0
72.0
241.0
368.0
510.0
676.0
758.0
750.0
773.0
661.0
561.0
444.0
270.0
95.0
1.0
0.0
0.0
0.0
0.0
0.0
0.0
0.0
0.0
0.0
0.0
91.0
295.0
520.0
726.0
866.0
511.0
530.0
514.0
474.0
370.0
280.0
166.0
60.0
1.0
0.0
0.0
0.0
0.0
0.0
0.0
0.0
0.0
0.0
0.0
73.0
223.0
373.0
529.0
644.0
681.0
742.0
751.0
732.0
648.0
487.0
319.0
130.0
4.0
0.0
0.0
0.0
0.0
0.0
0.0
0.0
0.0
0.0
0.0
89.0
266.0
457.0
628.0
776.0
871.0
907.0
880.0
801.0
664.0
494.0
300.0
115.0
1.0
0.0
0.0
0.0
0.0
0.0
0.0
0.0
0.0
0.0
0.0
74.0
220.0
372.0
514.0
609.0
693.0
706.0
691.0
613.0
522.0
367.0
222.0
82.0
1.0
0.0
0.0
0.0
0.0
0.0
0.0
0.0
0.0
0.0
0.0
68.0
209.0
331.0
456.0
570.0
638.0
645.0
598.0
555.0
473.0
354.0
220.0
86.0
1.0
0.0
0.0
0.0
0.0
0.0
0.0
0.0
0.0
0.0
1.0
97.0
277.0
476.0
647.0
785.0
877.0
916.0
889.0
809.0
668.0
494.0
298.0
114.0
1.0
0.0
0.0
0.0
0.0
0.0
0.0
0.0
0.0
0.0
1.0
102.0
285.0
480.0
659.0
798.0
879.0
906.0
883.0
803.0
672.0
499.0
301.0
117.0
1.0
0.0
0.0
0.0
0.0
0.0
0.0
0.0
0.0
0.0
1.0
106.0
291.0
491.0
673.0
814.0
903.0
939.0
911.0
832.0
701.0
527.0
329.0
133.0
3.0
0.0
0.0
0.0
0.0
0.0
0.0
0.0
0.0
0.0
1.0
90.0
257.0
424.0
610.0
721.0
796.0
790.0
786.0
706.0
581.0
443.0
284.0
115.0
2.0
0.0
0.0
0.0
0.0
0.0
0.0
0.0
0.0
0.0
1.0
120.0
316.0
523.0
708.0
852.0
943.0
973.0
948.0
864.0
728.0
545.0
339.0
139.0
3.0
0.0
0.0
0.0
0.0
0.0
0.0
0.0
0.0
0.0
2.0
129.0
335.0
542.0
739.0
890.0
505.0
565.0
539.0
477.0
399.0
300.0
175.0
69.0
1.0
0.0
0.0
0.0
0.0
0.0
0.0
0.0
0.0
0.0
1.0
95.0
257.0
424.0
579.0
734.0
817.0
818.0
807.0
743.0
618.0
465.0
291.0
121.0
3.0
0.0
0.0
0.0
0.0
0.0
0.0
0.0
0.0
0.0
2.0
99.0
255.0
418.0
566.0
675.0
746.0
773.0
756.0
669.0
552.0
418.0
255.0
103.0
1.0
0.0
0.0
0.0
0.0
0.0
0.0
0.0
0.0
0.0
2.0
125.0
313.0
512.0
691.0
826.0
916.0
949.0
919.0
835.0
701.0
528.0
331.0
139.0
4.0
0.0
0.0
0.0
0.0
0.0
0.0
0.0
0.0
0.0
2.0
117.0
297.0
482.0
650.0
775.0
870.0
908.0
889.0
809.0
678.0
513.0
320.0
135.0
5.0
0.0
0.0
0.0
0.0
0.0
0.0
0.0
0.0
0.0
2.0
86.0
219.0
354.0
447.0
546.0
652.0
649.0
597.0
573.0
492.0
396.0
233.0
94.0
1.0
0.0
0.0
0.0
0.0
0.0
0.0
0.0
0.0
0.0
1.0
55.0
179.0
228.0
350.0
411.0
474.0
622.0
702.0
581.0
519.0
320.0
200.0
65.0
6.0
0.0
0.0
0.0
0.0
0.0
0.0
0.0
0.0
0.0
4.0
149.0
346.0
563.0
747.0
884.0
510.0
478.0
478.0
434.0
401.0
305.0
186.0
83.0
2.0
0.0
0.0
0.0
0.0
0.0
0.0
0.0
0.0
0.0
4.0
139.0
330.0
529.0
706.0
844.0
930.0
960.0
929.0
842.0
708.0
534.0
336.0
147.0
5.0
0.0
0.0
0.0
0.0
0.0
0.0
0.0
0.0
0.0
4.0
144.0
338.0
539.0
718.0
857.0
948.0
981.0
955.0
872.0
740.0
563.0
359.0
161.0
7.0
0.0
0.0
0.0
0.0
0.0
0.0
0.0
0.0
0.0
5.0
139.0
324.0
520.0
692.0
829.0
917.0
939.0
914.0
838.0
704.0
530.0
341.0
154.0
7.0
0.0
0.0
0.0
0.0
0.0
0.0
0.0
0.0
0.0
5.0
131.0
302.0
484.0
635.0
763.0
865.0
896.0
852.0
777.0
648.0
492.0
316.0
144.0
7.0
0.0
0.0
0.0
0.0
0.0
0.0
0.0
0.0
0.0
2.0
46.0
103.0
176.0
260.0
295.0
353.0
367.0
345.0
309.0
269.0
219.0
132.0
57.0
2.0
0.0
0.0
0.0
0.0
0.0
0.0
0.0
0.0
0.0
3.0
20.0
82.0
157.0
58.0
72.0
76.0
401.0
917.0
588.0
808.0
402.0
394.0
179.0
15.0
0.0
0.0
0.0
0.0
0.0
0.0
0.0
0.0
0.0
5.0
125.0
287.0
464.0
604.0
698.0
800.0
807.0
781.0
727.0
605.0
456.0
276.0
120.0
2.0
0.0
0.0
0.0
0.0
0.0
0.0
0.0
0.0
0.0
2.0
102.0
225.0
327.0
649.0
616.0
1017.0
696.0
508.0
318.0
341.0
413.0
351.0
102.0
2.0
0.0
0.0
0.0
0.0
0.0
0.0
0.0
0.0
0.0
7.0
159.0
348.0
541.0
709.0
840.0
924.0
950.0
920.0
845.0
713.0
546.0
354.0
167.0
9.0
0.0
0.0
0.0
0.0
0.0
0.0
0.0
0.0
0.0
5.0
155.0
326.0
461.0
679.0
815.0
781.0
714.0
715.0
596.0
494.0
392.0
292.0
136.0
5.0
0.0
0.0
0.0
0.0
0.0
0.0
0.0
0.0
0.0
8.0
157.0
346.0
540.0
713.0
840.0
916.0
947.0
922.0
831.0
700.0
531.0
346.0
162.0
10.0
0.0
0.0
0.0
0.0
0.0
0.0
0.0
0.0
0.0
8.0
158.0
348.0
538.0
706.0
835.0
912.0
942.0
918.0
837.0
704.0
545.0
358.0
170.0
11.0
0.0
0.0
0.0
0.0
0.0
0.0
0.0
0.0
0.0
10.0
175.0
376.0
580.0
760.0
895.0
984.0
1014.0
985.0
903.0
767.0
590.0
390.0
188.0
13.0
0.0
0.0
0.0
0.0
0.0
0.0
0.0
0.0
0.0
10.0
167.0
360.0
556.0
726.0
853.0
934.0
961.0
935.0
858.0
731.0
565.0
373.0
181.0
13.0
0.0
0.0
0.0
0.0
0.0
0.0
0.0
0.0
0.0
11.0
180.0
381.0
582.0
760.0
899.0
985.0
1015.0
989.0
911.0
777.0
602.0
402.0
198.0
16.0
0.0
0.0
0.0
0.0
0.0
0.0
0.0
0.0
0.0
9.0
118.0
234.0
381.0
525.0
629.0
642.0
655.0
663.0
600.0
459.0
366.0
222.0
86.0
3.0
0.0
0.0
0.0
0.0
0.0
0.0
0.0
0.0
0.0
10.0
123.0
261.0
426.0
509.0
655.0
691.0
766.0
623.0
592.0
570.0
489.0
340.0
169.0
24.0
0.0
0.0
0.0
0.0
0.0
0.0
0.0
0.0
0.0
10.0
148.0
324.0
501.0
635.0
744.0
817.0
834.0
811.0
726.0
603.0
432.0
289.0
146.0
15.0
0.0
0.0
0.0
0.0
0.0
0.0
0.0
0.0
0.0
2.0
44.0
103.0
166.0
220.0
276.0
299.0
309.0
284.0
245.0
214.0
181.0
113.0
61.0
6.0
0.0
0.0
0.0
0.0
0.0
0.0
0.0
0.0
0.0
11.0
95.0
265.0
381.0
530.0
951.0
512.0
678.0
522.0
398.0
611.0
615.0
401.0
213.0
39.0
0.0
0.0
0.0
0.0
0.0
0.0
0.0
0.0
0.0
12.0
163.0
347.0
531.0
700.0
826.0
907.0
940.0
919.0
840.0
713.0
555.0
368.0
182.0
17.0
0.0
0.0
0.0
0.0
0.0
0.0
0.0
0.0
0.0
12.0
159.0
336.0
523.0
680.0
790.0
854.0
889.0
901.0
824.0
702.0
549.0
367.0
185.0
20.0
0.0
0.0
0.0
0.0
0.0
0.0
0.0
0.0
0.0
10.0
150.0
325.0
502.0
657.0
774.0
856.0
895.0
860.0
785.0
680.0
531.0
354.0
181.0
21.0
0.0
0.0
0.0
0.0
0.0
0.0
0.0
0.0
0.0
4.0
120.0
266.0
486.0
571.0
738.0
862.0
855.0
768.0
641.0
510.0
414.0
262.0
153.0
15.0
0.0
0.0
0.0
0.0
0.0
0.0
0.0
0.0
0.0
8.0
135.0
253.0
406.0
534.0
671.0
809.0
670.0
625.0
499.0
423.0
378.0
275.0
123.0
4.0
0.0
0.0
0.0
0.0
0.0
0.0
0.0
0.0
0.0
7.0
136.0
307.0
464.0
617.0
724.0
797.0
793.0
815.0
729.0
634.0
476.0
334.0
182.0
21.0
0.0
0.0
0.0
0.0
0.0
0.0
0.0
0.0
0.0
7.0
121.0
238.0
313.0
402.0
526.0
587.0
682.0
652.0
600.0
504.0
375.0
228.0
104.0
4.0
0.0
0.0
0.0
0.0
0.0
0.0
0.0
0.0
0.0
15.0
191.0
394.0
597.0
777.0
916.0
1005.0
1032.0
1007.0
923.0
786.0
610.0
408.0
208.0
21.0
0.0
0.0
0.0
0.0
0.0
0.0
0.0
0.0
0.0
14.0
175.0
360.0
549.0
710.0
825.0
901.0
923.0
897.0
824.0
706.0
545.0
365.0
185.0
19.0
0.0
0.0
0.0
0.0
0.0
0.0
0.0
0.0
0.0
16.0
196.0
403.0
597.0
807.0
942.0
666.0
592.0
551.0
526.0
436.0
328.0
226.0
111.0
7.0
0.0
0.0
0.0
0.0
0.0
0.0
0.0
0.0
0.0
14.0
172.0
360.0
553.0
724.0
861.0
950.0
983.0
965.0
888.0
768.0
603.0
411.0
214.0
29.0
0.0
0.0
0.0
0.0
0.0
0.0
0.0
0.0
0.0
14.0
174.0
358.0
544.0
711.0
839.0
919.0
953.0
924.0
841.0
723.0
565.0
381.0
199.0
24.0
0.0
0.0
0.0
0.0
0.0
0.0
0.0
0.0
0.0
14.0
169.0
347.0
529.0
695.0
820.0
899.0
937.0
918.0
852.0
734.0
578.0
394.0
208.0
30.0
0.0
0.0
0.0
0.0
0.0
0.0
0.0
0.0
0.0
14.0
176.0
363.0
556.0
726.0
857.0
946.0
979.0
952.0
878.0
756.0
592.0
405.0
215.0
28.0
0.0
0.0
0.0
0.0
0.0
0.0
0.0
0.0
0.0
15.0
187.0
385.0
586.0
763.0
899.0
982.0
1009.0
974.0
890.0
757.0
587.0
394.0
201.0
21.0
0.0
0.0
0.0
0.0
0.0
0.0
0.0
0.0
0.0
13.0
160.0
335.0
504.0
652.0
776.0
858.0
904.0
869.0
796.0
678.0
537.0
368.0
198.0
57.0
0.0
0.0
0.0
0.0
0.0
0.0
0.0
0.0
0.0
13.0
159.0
323.0
498.0
651.0
773.0
839.0
860.0
851.0
775.0
659.0
529.0
370.0
197.0
55.0
0.0
0.0
0.0
0.0
0.0
0.0
0.0
0.0
0.0
13.0
160.0
332.0
511.0
670.0
789.0
863.0
897.0
870.0
776.0
671.0
525.0
357.0
182.0
50.0
0.0
0.0
0.0
0.0
0.0
0.0
0.0
0.0
0.0
12.0
152.0
326.0
504.0
650.0
776.0
871.0
900.0
877.0
800.0
686.0
543.0
362.0
193.0
54.0
0.0
0.0
0.0
0.0
0.0
0.0
0.0
0.0
0.0
11.0
145.0
300.0
473.0
630.0
738.0
808.0
856.0
835.0
765.0
683.0
559.0
378.0
207.0
58.0
0.0
0.0
0.0
0.0
0.0
0.0
0.0
0.0
0.0
12.0
155.0
327.0
511.0
665.0
783.0
850.0
886.0
883.0
820.0
701.0
554.0
379.0
202.0
57.0
0.0
0.0
0.0
0.0
0.0
0.0
0.0
0.0
0.0
15.0
144.0
322.0
519.0
798.0
905.0
625.0
713.0
632.0
485.0
432.0
250.0
178.0
101.0
23.0
0.0
0.0
0.0
0.0
0.0
0.0
0.0
0.0
0.0
3.0
57.0
143.0
186.0
307.0
326.0
401.0
546.0
565.0
479.0
455.0
427.0
303.0
164.0
63.0
0.0
0.0
0.0
0.0
0.0
0.0
0.0
0.0
0.0
10.0
109.0
279.0
516.0
622.0
822.0
957.0
853.0
687.0
578.0
473.0
323.0
230.0
104.0
24.0
0.0
0.0
0.0
0.0
0.0
0.0
0.0
0.0
0.0
21.0
146.0
382.0
496.0
516.0
607.0
609.0
664.0
675.0
504.0
253.0
282.0
200.0
153.0
39.0
0.0
0.0
0.0
0.0
0.0
0.0
0.0
0.0
0.0
10.0
145.0
274.0
415.0
555.0
515.0
533.0
588.0
668.0
720.0
759.0
604.0
385.0
166.0
62.0
0.0
0.0
0.0
0.0
0.0
0.0
0.0
0.0
0.0
10.0
132.0
278.0
447.0
598.0
709.0
799.0
783.0
751.0
679.0
655.0
546.0
385.0
203.0
61.0
0.0
0.0
0.0
0.0
0.0
0.0
0.0
0.0
0.0
12.0
138.0
239.0
366.0
532.0
588.0
567.0
749.0
631.0
375.0
432.0
327.0
269.0
195.0
72.0
0.0
0.0
0.0
0.0
0.0
0.0
0.0
0.0
0.0
12.0
139.0
293.0
452.0
617.0
752.0
808.0
834.0
840.0
763.0
651.0
523.0
363.0
184.0
49.0
0.0
0.0
0.0
0.0
0.0
0.0
0.0
0.0
0.0
12.0
184.0
392.0
602.0
747.0
897.0
458.0
472.0
456.0
409.0
353.0
279.0
181.0
115.0
32.0
0.0
0.0
0.0
0.0
0.0
0.0
0.0
0.0
0.0
10.0
144.0
316.0
496.0
656.0
759.0
856.0
905.0
869.0
807.0
687.0
535.0
374.0
202.0
58.0
0.0
0.0
0.0
0.0
0.0
0.0
0.0
0.0
0.0
9.0
144.0
319.0
480.0
631.0
747.0
812.0
865.0
845.0
771.0
668.0
531.0
350.0
187.0
55.0
0.0
0.0
0.0
0.0
0.0
0.0
0.0
0.0
0.0
10.0
152.0
331.0
516.0
681.0
812.0
901.0
931.0
913.0
845.0
727.0
571.0
390.0
208.0
60.0
0.0
0.0
0.0
0.0
0.0
0.0
0.0
0.0
0.0
10.0
155.0
337.0
521.0
686.0
810.0
898.0
935.0
911.0
836.0
722.0
570.0
392.0
208.0
59.0
0.0
0.0
0.0
0.0
0.0
0.0
0.0
0.0
0.0
10.0
153.0
332.0
522.0
689.0
818.0
898.0
933.0
911.0
839.0
721.0
568.0
392.0
209.0
59.0
0.0
0.0
0.0
0.0
0.0
0.0
0.0
0.0
0.0
10.0
172.0
368.0
567.0
746.0
885.0
977.0
1011.0
993.0
918.0
789.0
618.0
422.0
223.0
62.0
0.0
0.0
0.0
0.0
0.0
0.0
0.0
0.0
0.0
10.0
173.0
374.0
578.0
759.0
900.0
991.0
1029.0
1010.0
933.0
806.0
638.0
440.0
236.0
66.0
0.0
0.0
0.0
0.0
0.0
0.0
0.0
0.0
0.0
9.0
173.0
373.0
575.0
756.0
895.0
985.0
1020.0
997.0
921.0
793.0
625.0
430.0
228.0
62.0
0.0
0.0
0.0
0.0
0.0
0.0
0.0
0.0
0.0
9.0
161.0
355.0
555.0
730.0
867.0
952.0
983.0
959.0
881.0
754.0
588.0
398.0
206.0
55.0
0.0
0.0
0.0
0.0
0.0
0.0
0.0
0.0
0.0
8.0
156.0
343.0
534.0
706.0
842.0
932.0
970.0
951.0
879.0
762.0
599.0
411.0
216.0
59.0
0.0
0.0
0.0
0.0
0.0
0.0
0.0
0.0
0.0
7.0
151.0
339.0
535.0
709.0
848.0
944.0
981.0
963.0
895.0
779.0
617.0
423.0
226.0
62.0
0.0
0.0
0.0
0.0
0.0
0.0
0.0
0.0
0.0
7.0
146.0
329.0
518.0
693.0
832.0
922.0
955.0
940.0
870.0
753.0
592.0
409.0
216.0
29.0
0.0
0.0
0.0
0.0
0.0
0.0
0.0
0.0
0.0
10.0
172.0
365.0
555.0
713.0
881.0
375.0
408.0
451.0
431.0
376.0
338.0
228.0
114.0
13.0
0.0
0.0
0.0
0.0
0.0
0.0
0.0
0.0
0.0
6.0
147.0
334.0
529.0
706.0
846.0
939.0
980.0
962.0
894.0
772.0
608.0
414.0
219.0
29.0
0.0
0.0
0.0
0.0
0.0
0.0
0.0
0.0
0.0
6.0
142.0
327.0
520.0
693.0
831.0
922.0
964.0
955.0
887.0
767.0
604.0
414.0
218.0
30.0
0.0
0.0
0.0
0.0
0.0
0.0
0.0
0.0
0.0
6.0
144.0
333.0
531.0
708.0
845.0
936.0
974.0
955.0
879.0
753.0
590.0
400.0
207.0
23.0
0.0
0.0
0.0
0.0
0.0
0.0
0.0
0.0
0.0
5.0
126.0
283.0
471.0
632.0
749.0
814.0
824.0
828.0
788.0
647.0
520.0
340.0
180.0
19.0
0.0
0.0
0.0
0.0
0.0
0.0
0.0
0.0
0.0
6.0
111.0
251.0
401.0
578.0
735.0
816.0
748.0
734.0
701.0
554.0
511.0
350.0
206.0
33.0
0.0
0.0
0.0
0.0
0.0
0.0
0.0
0.0
0.0
4.0
130.0
311.0
501.0
671.0
810.0
900.0
942.0
923.0
852.0
732.0
568.0
383.0
196.0
22.0
0.0
0.0
0.0
0.0
0.0
0.0
0.0
0.0
0.0
3.0
110.0
265.0
443.0
551.0
698.0
793.0
773.0
803.0
743.0
660.0
492.0
320.0
145.0
14.0
0.0
0.0
0.0
0.0
0.0
0.0
0.0
0.0
0.0
4.0
136.0
326.0
526.0
705.0
849.0
945.0
987.0
971.0
902.0
781.0
612.0
415.0
215.0
25.0
0.0
0.0
0.0
0.0
0.0
0.0
0.0
0.0
0.0
3.0
116.0
280.0
446.0
600.0
728.0
826.0
869.0
853.0
778.0
672.0
532.0
357.0
178.0
19.0
0.0
0.0
0.0
0.0
0.0
0.0
0.0
0.0
0.0
3.0
111.0
266.0
435.0
569.0
719.0
788.0
849.0
827.0
754.0
636.0
525.0
369.0
195.0
24.0
0.0
0.0
0.0
0.0
0.0
0.0
0.0
0.0
0.0
3.0
126.0
309.0
502.0
677.0
815.0
907.0
946.0
926.0
851.0
730.0
568.0
383.0
195.0
19.0
0.0
0.0
0.0
0.0
0.0
0.0
0.0
0.0
0.0
2.0
99.0
252.0
424.0
563.0
681.0
785.0
859.0
830.0
791.0
696.0
513.0
337.0
162.0
15.0
0.0
0.0
0.0
0.0
0.0
0.0
0.0
0.0
0.0
1.0
63.0
132.0
244.0
315.0
385.0
408.0
466.0
471.0
412.0
356.0
269.0
177.0
95.0
7.0
0.0
0.0
0.0
0.0
0.0
0.0
0.0
0.0
0.0
7.0
113.0
296.0
367.0
595.0
403.0
735.0
366.0
402.0
507.0
442.0
478.0
363.0
88.0
46.0
0.0
0.0
0.0
0.0
0.0
0.0
0.0
0.0
0.0
2.0
106.0
263.0
444.0
596.0
719.0
787.0
818.0
803.0
709.0
615.0
496.0
336.0
164.0
18.0
0.0
0.0
0.0
0.0
0.0
0.0
0.0
0.0
0.0
2.0
111.0
285.0
480.0
656.0
794.0
876.0
918.0
903.0
830.0
700.0
544.0
358.0
174.0
13.0
0.0
0.0
0.0
0.0
0.0
0.0
0.0
0.0
0.0
2.0
108.0
285.0
476.0
645.0
775.0
867.0
905.0
888.0
819.0
699.0
542.0
359.0
175.0
13.0
0.0
0.0
0.0
0.0
0.0
0.0
0.0
0.0
0.0
1.0
114.0
291.0
455.0
643.0
802.0
587.0
631.0
633.0
609.0
526.0
364.0
266.0
117.0
10.0
0.0
0.0
0.0
0.0
0.0
0.0
0.0
0.0
0.0
1.0
111.0
297.0
498.0
679.0
821.0
915.0
954.0
944.0
868.0
743.0
575.0
382.0
184.0
14.0
0.0
0.0
0.0
0.0
0.0
0.0
0.0
0.0
0.0
3.0
39.0
84.0
263.0
556.0
612.0
513.0
755.0
809.0
553.0
404.0
173.0
252.0
131.0
32.0
0.0
0.0
0.0
0.0
0.0
0.0
0.0
0.0
0.0
1.0
94.0
268.0
457.0
619.0
708.0
754.0
803.0
789.0
712.0
620.0
505.0
352.0
165.0
12.0
0.0
0.0
0.0
0.0
0.0
0.0
0.0
0.0
0.0
1.0
106.0
292.0
490.0
672.0
817.0
915.0
963.0
946.0
874.0
746.0
575.0
379.0
181.0
12.0
0.0
0.0
0.0
0.0
0.0
0.0
0.0
0.0
0.0
1.0
95.0
247.0
417.0
582.0
693.0
803.0
829.0
820.0
778.0
652.0
492.0
326.0
145.0
7.0
0.0
0.0
0.0
0.0
0.0
0.0
0.0
0.0
0.0
1.0
94.0
268.0
456.0
630.0
769.0
862.0
905.0
891.0
835.0
718.0
557.0
368.0
173.0
12.0
0.0
0.0
0.0
0.0
0.0
0.0
0.0
0.0
0.0
1.0
96.0
277.0
473.0
651.0
793.0
885.0
924.0
902.0
825.0
695.0
529.0
339.0
152.0
6.0
0.0
0.0
0.0
0.0
0.0
0.0
0.0
0.0
0.0
1.0
100.0
288.0
495.0
684.0
832.0
931.0
968.0
947.0
865.0
736.0
559.0
357.0
158.0
6.0
0.0
0.0
0.0
0.0
0.0
0.0
0.0
0.0
0.0
0.0
91.0
263.0
453.0
634.0
769.0
866.0
912.0
891.0
805.0
678.0
517.0
329.0
146.0
6.0
0.0
0.0
0.0
0.0
0.0
0.0
0.0
0.0
0.0
0.0
75.0
226.0
388.0
533.0
655.0
735.0
770.0
754.0
690.0
581.0
440.0
282.0
125.0
5.0
0.0
0.0
0.0
0.0
0.0
0.0
0.0
0.0
0.0
0.0
72.0
216.0
386.0
545.0
674.0
764.0
789.0
761.0
702.0
597.0
459.0
291.0
130.0
6.0
0.0
0.0
0.0
0.0
0.0
0.0
0.0
0.0
0.0
0.0
81.0
252.0
444.0
620.0
760.0
855.0
898.0
887.0
816.0
685.0
523.0
334.0
146.0
6.0
0.0
0.0
0.0
0.0
0.0
0.0
0.0
0.0
0.0
0.0
82.0
257.0
454.0
629.0
772.0
868.0
911.0
899.0
829.0
702.0
534.0
341.0
149.0
6.0
0.0
0.0
0.0
0.0
0.0
0.0
0.0
0.0
0.0
0.0
83.0
261.0
462.0
642.0
783.0
874.0
909.0
882.0
803.0
676.0
508.0
312.0
128.0
2.0
0.0
0.0
0.0
0.0
0.0
0.0
0.0
0.0
0.0
0.0
76.0
243.0
436.0
604.0
748.0
842.0
879.0
862.0
786.0
664.0
503.0
313.0
129.0
3.0
0.0
0.0
0.0
0.0
0.0
0.0
0.0
0.0
0.0
0.0
23.0
20.0
203.0
445.0
463.0
380.0
492.0
642.0
649.0
446.0
409.0
279.0
78.0
2.0
0.0
0.0
0.0
0.0
0.0
0.0
0.0
0.0
0.0
0.0
60.0
186.0
342.0
474.0
591.0
670.0
700.0
686.0
640.0
552.0
412.0
255.0
98.0
1.0
0.0
0.0
0.0
0.0
0.0
0.0
0.0
0.0
0.0
0.0
79.0
258.0
460.0
644.0
787.0
878.0
918.0
893.0
817.0
686.0
514.0
318.0
128.0
2.0
0.0
0.0
0.0
0.0
0.0
0.0
0.0
0.0
0.0
0.0
52.0
179.0
324.0
475.0
591.0
664.0
790.0
809.0
773.0
606.0
446.0
271.0
94.0
1.0
0.0
0.0
0.0
0.0
0.0
0.0
0.0
0.0
0.0
0.0
64.0
212.0
384.0
554.0
692.0
777.0
803.0
785.0
737.0
623.0
483.0
294.0
113.0
2.0
0.0
0.0
0.0
0.0
0.0
0.0
0.0
0.0
0.0
0.0
69.0
241.0
440.0
623.0
768.0
861.0
895.0
871.0
795.0
665.0
494.0
296.0
111.0
1.0
0.0
0.0
0.0
0.0
0.0
0.0
0.0
0.0
0.0
0.0
66.0
232.0
430.0
609.0
749.0
845.0
880.0
859.0
781.0
652.0
481.0
289.0
107.0
1.0
0.0
0.0
0.0
0.0
0.0
0.0
0.0
0.0
0.0
0.0
55.0
196.0
350.0
498.0
611.0
684.0
716.0
699.0
633.0
520.0
383.0
233.0
82.0
1.0
0.0
0.0
0.0
0.0
0.0
0.0
0.0
0.0
0.0
0.0
59.0
213.0
391.0
562.0
698.0
791.0
826.0
825.0
748.0
625.0
460.0
273.0
100.0
1.0
0.0
0.0
0.0
0.0
0.0
0.0
0.0
0.0
0.0
0.0
27.0
208.0
381.0
548.0
682.0
776.0
826.0
803.0
717.0
596.0
450.0
269.0
95.0
1.0
0.0
0.0
0.0
0.0
0.0
0.0
0.0
0.0
0.0
0.0
29.0
231.0
432.0
617.0
763.0
861.0
900.0
881.0
806.0
676.0
498.0
296.0
105.0
1.0
0.0
0.0
0.0
0.0
0.0
0.0
0.0
0.0
0.0
0.0
15.0
141.0
355.0
564.0
714.0
734.0
751.0
530.0
556.0
380.0
275.0
192.0
74.0
1.0
0.0
0.0
0.0
0.0
0.0
0.0
0.0
0.0
0.0
0.0
21.0
101.0
203.0
113.0
375.0
219.0
353.0
610.0
777.0
681.0
421.0
220.0
58.0
1.0
0.0
0.0
0.0
0.0
0.0
0.0
0.0
0.0
0.0
0.0
18.0
156.0
322.0
400.0
480.0
671.0
764.0
727.0
697.0
541.0
347.0
199.0
65.0
0.0
0.0
0.0
0.0
0.0
0.0
0.0
0.0
0.0
0.0
0.0
23.0
206.0
392.0
559.0
686.0
780.0
803.0
772.0
709.0
594.0
431.0
248.0
76.0
0.0
0.0
0.0
0.0
0.0
0.0
0.0
0.0
0.0
0.0
0.0
20.0
203.0
388.0
564.0
714.0
799.0
834.0
811.0
729.0
592.0
431.0
245.0
74.0
0.0
0.0
0.0
0.0
0.0
0.0
0.0
0.0
0.0
0.0
0.0
21.0
215.0
406.0
582.0
722.0
812.0
847.0
823.0
744.0
611.0
438.0
251.0
76.0
0.0
0.0
0.0
0.0
0.0
0.0
0.0
0.0
0.0
0.0
0.0
23.0
225.0
451.0
642.0
787.0
527.0
522.0
502.0
421.0
325.0
259.0
142.0
42.0
0.0
0.0
0.0
0.0
0.0
0.0
0.0
0.0
0.0
0.0
0.0
10.0
80.0
103.0
212.0
344.0
408.0
250.0
241.0
181.0
139.0
130.0
69.0
14.0
0.0
0.0
0.0
0.0
0.0
0.0
0.0
0.0
0.0
0.0
0.0
13.0
180.0
329.0
478.0
623.0
723.0
753.0
710.0
651.0
526.0
393.0
209.0
27.0
0.0
0.0
0.0
0.0
0.0
0.0
0.0
0.0
0.0
0.0
0.0
4.0
50.0
86.0
129.0
144.0
164.0
169.0
190.0
174.0
127.0
83.0
53.0
7.0
0.0
0.0
0.0
0.0
0.0
0.0
0.0
0.0
0.0
0.0
0.0
15.0
183.0
361.0
546.0
655.0
714.0
737.0
709.0
651.0
551.0
401.0
207.0
28.0
0.0
0.0
0.0
0.0
0.0
0.0
0.0
0.0
0.0
0.0
0.0
16.0
178.0
344.0
499.0
625.0
722.0
733.0
715.0
656.0
537.0
391.0
204.0
29.0
0.0
0.0
0.0
0.0
0.0
0.0
0.0
0.0
0.0
0.0
0.0
14.0
185.0
369.0
549.0
676.0
772.0
809.0
780.0
690.0
558.0
386.0
197.0
19.0
0.0
0.0
0.0
0.0
0.0
0.0
0.0
0.0
0.0
0.0
0.0
14.0
198.0
398.0
581.0
729.0
819.0
852.0
828.0
744.0
600.0
418.0
219.0
22.0
0.0
0.0
0.0
0.0
0.0
0.0
0.0
0.0
0.0
0.0
0.0
13.0
190.0
383.0
561.0
704.0
784.0
816.0
789.0
698.0
557.0
385.0
196.0
15.0
0.0
0.0
0.0
0.0
0.0
0.0
0.0
0.0
0.0
0.0
0.0
12.0
190.0
386.0
568.0
712.0
805.0
842.0
814.0
720.0
579.0
399.0
204.0
17.0
0.0
0.0
0.0
0.0
0.0
0.0
0.0
0.0
0.0
0.0
0.0
12.0
194.0
397.0
584.0
732.0
831.0
868.0
835.0
747.0
603.0
420.0
216.0
18.0
0.0
0.0
0.0
0.0
0.0
0.0
0.0
0.0
0.0
0.0
0.0
9.0
153.0
311.0
489.0
604.0
704.0
743.0
736.0
648.0
517.0
361.0
185.0
14.0
0.0
0.0
0.0
0.0
0.0
0.0
0.0
0.0
0.0
0.0
0.0
8.0
155.0
327.0
504.0
617.0
670.0
700.0
662.0
598.0
459.0
321.0
163.0
8.0
0.0
0.0
0.0
0.0
0.0
0.0
0.0
0.0
0.0
0.0
0.0
10.0
185.0
384.0
569.0
713.0
804.0
840.0
810.0
721.0
574.0
390.0
189.0
10.0
0.0
0.0
0.0
0.0
0.0
0.0
0.0
0.0
0.0
0.0
0.0
9.0
171.0
362.0
539.0
683.0
776.0
806.0
775.0
696.0
553.0
377.0
185.0
11.0
0.0
0.0
0.0
0.0
0.0
0.0
0.0
0.0
0.0
0.0
0.0
8.0
168.0
355.0
531.0
671.0
752.0
782.0
748.0
666.0
533.0
358.0
170.0
8.0
0.0
0.0
0.0
0.0
0.0
0.0
0.0
0.0
0.0
0.0
0.0
7.0
159.0
339.0
507.0
636.0
720.0
767.0
746.0
662.0
534.0
355.0
168.0
9.0
0.0
0.0
0.0
0.0
0.0
0.0
0.0
0.0
0.0
0.0
0.0
7.0
164.0
352.0
534.0
672.0
763.0
787.0
760.0
675.0
543.0
367.0
173.0
8.0
0.0
0.0
0.0
0.0
0.0
0.0
0.0
0.0
0.0
0.0
0.0
7.0
164.0
354.0
525.0
661.0
742.0
773.0
736.0
658.0
523.0
355.0
164.0
6.0
0.0
0.0
0.0
0.0
0.0
0.0
0.0
0.0
0.0
0.0
0.0
5.0
119.0
265.0
399.0
514.0
583.0
593.0
573.0
508.0
385.0
250.0
113.0
2.0
0.0
0.0
0.0
0.0
0.0
0.0
0.0
0.0
0.0
0.0
0.0
5.0
162.0
356.0
534.0
670.0
758.0
785.0
751.0
661.0
521.0
342.0
149.0
4.0
0.0
0.0
0.0
0.0
0.0
0.0
0.0
0.0
0.0
0.0
0.0
5.0
163.0
360.0
542.0
683.0
772.0
799.0
762.0
667.0
523.0
341.0
147.0
3.0
0.0
0.0
0.0
0.0
0.0
0.0
0.0
0.0
0.0
0.0
0.0
4.0
132.0
262.0
388.0
502.0
544.0
633.0
628.0
609.0
437.0
277.0
130.0
6.0
0.0
0.0
0.0
0.0
0.0
0.0
0.0
0.0
0.0
0.0
0.0
4.0
141.0
318.0
494.0
617.0
700.0
718.0
684.0
604.0
475.0
307.0
131.0
3.0
0.0
0.0
0.0
0.0
0.0
0.0
0.0
0.0
0.0
0.0
0.0
4.0
153.0
348.0
532.0
677.0
767.0
801.0
766.0
673.0
529.0
342.0
144.0
3.0
0.0
0.0
0.0
0.0
0.0
0.0
0.0
0.0
0.0
0.0
0.0
4.0
141.0
328.0
504.0
636.0
727.0
762.0
732.0
636.0
488.0
309.0
125.0
2.0
0.0
0.0
0.0
0.0
0.0
0.0
0.0
0.0
0.0
0.0
0.0
3.0
114.0
272.0
415.0
536.0
610.0
627.0
569.0
484.0
366.0
232.0
88.0
1.0
0.0
0.0
0.0
0.0
0.0
0.0
0.0
0.0
0.0
0.0
0.0
1.0
108.0
230.0
365.0
491.0
569.0
588.0
537.0
490.0
436.0
284.0
102.0
1.0
0.0
0.0
0.0
0.0
0.0
0.0
0.0
0.0
0.0
0.0
0.0
2.0
114.0
268.0
412.0
522.0
597.0
617.0
577.0
497.0
386.0
235.0
87.0
0.0
0.0
0.0
0.0
0.0
0.0
0.0
0.0
0.0
0.0
0.0
0.0
2.0
129.0
308.0
482.0
620.0
709.0
734.0
697.0
606.0
455.0
283.0
103.0
1.0
0.0
0.0
0.0
0.0
0.0
0.0
0.0
0.0
0.0
0.0
0.0
2.0
112.0
270.0
419.0
537.0
614.0
636.0
602.0
527.0
398.0
246.0
89.0
0.0
0.0
0.0
0.0
0.0
0.0
0.0
0.0
0.0
0.0
0.0
0.0
3.0
114.0
257.0
389.0
529.0
611.0
707.0
678.0
511.0
390.0
197.0
64.0
0.0
0.0
0.0
0.0
0.0
0.0
0.0
0.0
0.0
0.0
0.0
0.0
2.0
117.0
283.0
435.0
559.0
640.0
672.0
652.0
563.0
432.0
262.0
89.0
0.0
0.0
0.0
0.0
0.0
0.0
0.0
0.0
0.0
0.0
0.0
0.0
3.0
90.0
260.0
354.0
404.0
277.0
321.0
471.0
404.0
309.0
257.0
100.0
0.0
0.0
0.0
0.0
0.0
0.0
0.0
0.0
0.0
0.0
0.0
0.0
1.0
90.0
232.0
359.0
505.0
611.0
658.0
642.0
554.0
429.0
270.0
84.0
0.0
0.0
0.0
0.0
0.0
0.0
0.0
0.0
0.0
0.0
0.0
0.0
1.0
16.0
26.0
166.0
244.0
371.0
489.0
247.0
229.0
220.0
132.0
7.0
0.0
0.0
0.0
0.0
0.0
0.0
0.0
0.0
0.0
0.0
0.0
0.0
1.0
81.0
229.0
386.0
531.0
615.0
639.0
619.0
519.0
370.0
214.0
73.0
0.0
0.0
0.0
0.0
0.0
0.0
0.0
0.0
0.0
0.0
0.0
0.0
1.0
107.0
280.0
453.0
581.0
653.0
675.0
647.0
554.0
408.0
236.0
72.0
0.0
0.0
0.0
0.0
0.0
0.0
0.0
0.0
0.0
0.0
0.0
0.0
0.0
55.0
145.0
270.0
383.0
328.0
322.0
326.0
354.0
300.0
199.0
76.0
0.0
0.0
0.0
0.0
0.0
0.0
0.0
0.0
0.0
0.0
0.0
0.0
0.0
39.0
134.0
215.0
266.0
321.0
364.0
313.0
258.0
199.0
97.0
6.0
0.0
0.0
0.0
0.0
0.0
0.0
0.0
0.0
0.0
0.0
0.0
0.0
0.0
87.0
233.0
386.0
517.0
615.0
662.0
605.0
498.0
368.0
215.0
32.0
0.0
0.0
0.0
0.0
0.0
0.0
0.0
0.0
0.0
0.0
0.0
0.0
0.0
94.0
257.0
423.0
558.0
632.0
665.0
627.0
539.0
392.0
219.0
26.0
0.0
0.0
0.0
0.0
0.0
0.0
0.0
0.0
0.0
0.0
0.0
0.0
0.0
72.0
175.0
273.0
340.0
455.0
475.0
464.0
355.0
244.0
144.0
5.0
0.0
0.0
0.0
0.0
0.0
0.0
0.0
0.0
0.0
0.0
0.0
0.0
0.0
87.0
281.0
470.0
550.0
571.0
560.0
505.0
385.0
269.0
132.0
9.0
0.0
0.0
0.0
0.0
0.0
0.0
0.0
0.0
0.0
0.0
0.0
0.0
0.0
68.0
197.0
365.0
482.0
556.0
606.0
551.0
471.0
325.0
177.0
21.0
0.0
0.0
0.0
0.0
0.0
0.0
0.0
0.0
0.0
0.0
0.0
0.0
0.0
85.0
249.0
417.0
540.0
624.0
651.0
611.0
522.0
375.0
205.0
22.0
0.0
0.0
0.0
0.0
0.0
0.0
0.0
0.0
0.0
0.0
0.0
0.0
0.0
71.0
211.0
340.0
458.0
544.0
564.0
569.0
511.0
357.0
171.0
10.0
0.0
0.0
0.0
0.0
0.0
0.0
0.0
0.0
0.0
0.0
0.0
0.0
0.0
38.0
141.0
300.0
505.0
505.0
509.0
476.0
414.0
285.0
159.0
5.0
0.0
0.0
0.0
0.0
0.0
0.0
0.0
0.0
0.0
0.0
0.0
0.0
0.0
82.0
255.0
429.0
562.0
641.0
657.0
614.0
511.0
361.0
187.0
13.0
0.0
0.0
0.0
0.0
0.0
0.0
0.0
0.0
0.0
0.0
0.0
0.0
0.0
77.0
245.0
416.0
557.0
643.0
667.0
625.0
530.0
375.0
194.0
15.0
0.0
0.0
0.0
0.0
0.0
0.0
0.0
0.0
0.0
0.0
0.0
0.0
0.0
31.0
135.0
195.0
226.0
256.0
368.0
323.0
244.0
167.0
72.0
3.0
0.0
0.0
0.0
0.0
0.0
0.0
0.0
0.0
0.0
0.0
0.0
0.0
0.0
40.0
135.0
280.0
337.0
452.0
480.0
390.0
264.0
168.0
96.0
3.0
0.0
0.0
0.0
0.0
0.0
0.0
0.0
0.0
0.0
0.0
0.0
0.0
0.0
19.0
65.0
113.0
148.0
173.0
175.0
160.0
132.0
94.0
47.0
2.0
0.0
0.0
0.0
0.0
0.0
0.0
0.0
0.0
0.0
0.0
0.0
0.0
0.0
33.0
119.0
201.0
261.0
310.0
350.0
330.0
270.0
170.0
85.0
2.0
0.0
0.0
0.0
0.0
0.0
0.0
0.0
0.0
0.0
0.0
0.0
0.0
0.0
33.0
184.0
345.0
338.0
401.0
402.0
376.0
433.0
383.0
192.0
20.0
0.0
0.0
0.0
0.0
0.0
0.0
0.0
0.0
0.0
0.0
0.0
0.0
0.0
30.0
229.0
402.0
535.0
615.0
636.0
596.0
496.0
348.0
169.0
7.0
0.0
0.0
0.0
0.0
0.0
0.0
0.0
0.0
0.0
0.0
0.0
0.0
0.0
26.0
201.0
346.0
456.0
548.0
572.0
552.0
448.0
319.0
150.0
6.0
0.0
0.0
0.0
0.0
0.0
0.0
0.0
0.0
0.0
0.0
0.0
0.0
0.0
24.0
173.0
316.0
437.0
444.0
531.0
525.0
422.0
265.0
106.0
2.0
0.0
0.0
0.0
0.0
0.0
0.0
0.0
0.0
0.0
0.0
0.0
0.0
0.0
23.0
201.0
351.0
460.0
547.0
560.0
514.0
448.0
277.0
130.0
2.0
0.0
0.0
0.0
0.0
0.0
0.0
0.0
0.0
0.0
0.0
0.0
0.0
0.0
9.0
107.0
190.0
281.0
336.0
309.0
277.0
228.0
128.0
54.0
2.0
0.0
0.0
0.0
0.0
0.0
0.0
0.0
0.0
0.0
0.0
0.0
0.0
0.0
18.0
216.0
310.0
535.0
282.0
334.0
388.0
75.0
24.0
84.0
1.0
0.0
0.0
0.0
0.0
0.0
0.0
0.0
0.0
0.0
0.0
0.0
0.0
0.0
18.0
176.0
331.0
451.0
509.0
551.0
502.0
415.0
294.0
130.0
4.0
0.0
0.0
0.0
0.0
0.0
0.0
0.0
0.0
0.0
0.0
0.0
0.0
0.0
17.0
180.0
353.0
473.0
540.0
542.0
468.0
361.0
243.0
113.0
2.0
0.0
0.0
0.0
0.0
0.0
0.0
0.0
0.0
0.0
0.0
0.0
0.0
0.0
17.0
197.0
368.0
500.0
581.0
601.0
559.0
459.0
308.0
138.0
3.0
0.0
0.0
0.0
0.0
0.0
0.0
0.0
0.0
0.0
0.0
0.0
0.0
0.0
13.0
153.0
282.0
376.0
415.0
422.0
385.0
311.0
204.0
90.0
1.0
0.0
0.0
0.0
0.0
0.0
0.0
0.0
0.0
0.0
0.0
0.0
0.0
0.0
8.0
178.0
308.0
403.0
505.0
465.0
404.0
358.0
259.0
118.0
3.0
0.0
0.0
0.0
0.0
0.0
0.0
0.0
0.0
0.0
0.0
0.0
0.0
0.0
13.0
174.0
326.0
455.0
523.0
545.0
514.0
405.0
271.0
113.0
1.0
0.0
0.0
0.0
0.0
0.0
0.0
0.0
0.0
0.0
0.0
0.0
0.0
0.0
12.0
171.0
332.0
460.0
540.0
560.0
525.0
424.0
282.0
118.0
2.0
0.0
0.0
0.0
0.0
0.0
0.0
0.0
0.0
0.0
0.0
0.0
0.0
0.0
11.0
173.0
336.0
465.0
547.0
566.0
520.0
422.0
281.0
118.0
1.0
0.0
0.0
0.0
0.0
0.0
0.0
0.0
0.0
0.0
0.0
0.0
0.0
0.0
10.0
166.0
320.0
448.0
525.0
538.0
504.0
405.0
275.0
116.0
2.0
0.0
0.0
0.0
0.0
0.0
0.0
0.0
0.0
0.0
0.0
0.0
0.0
0.0
2.0
77.0
165.0
196.0
212.0
269.0
248.0
188.0
118.0
59.0
2.0
0.0
0.0
0.0
0.0
0.0
0.0
0.0
0.0
0.0
0.0
0.0
0.0
0.0
6.0
122.0
234.0
331.0
394.0
393.0
372.0
307.0
201.0
83.0
1.0
0.0
0.0
0.0
0.0
0.0
0.0
0.0
0.0
0.0
0.0
0.0
0.0
0.0
11.0
51.0
192.0
193.0
183.0
201.0
228.0
330.0
291.0
121.0
7.0
0.0
0.0
0.0
0.0
0.0
0.0
0.0
0.0
0.0
0.0
0.0
0.0
0.0
2.0
78.0
153.0
220.0
246.0
265.0
263.0
222.0
138.0
56.0
1.0
0.0
0.0
0.0
0.0
0.0
0.0
0.0
0.0
0.0
0.0
0.0
0.0
0.0
2.0
13.0
27.0
41.0
47.0
48.0
381.0
309.0
202.0
82.0
1.0
0.0
0.0
0.0
0.0
0.0
0.0
0.0
0.0
0.0
0.0
0.0
0.0
0.0
2.0
82.0
174.0
257.0
315.0
328.0
321.0
249.0
163.0
62.0
0.0
0.0
0.0
0.0
0.0
0.0
0.0
0.0
0.0
0.0
0.0
0.0
0.0
0.0
2.0
65.0
132.0
207.0
268.0
321.0
254.0
187.0
131.0
54.0
0.0
0.0
0.0
0.0
0.0
0.0
0.0
0.0
0.0
0.0
0.0
0.0
0.0
0.0
1.0
11.0
65.0
287.0
435.0
532.0
387.0
248.0
95.0
32.0
0.0
0.0
0.0
0.0
0.0
0.0
0.0
0.0
0.0
0.0
0.0
0.0
0.0
0.0
5.0
131.0
145.0
187.0
261.0
233.0
261.0
262.0
229.0
39.0
0.0
0.0
0.0
0.0
0.0
0.0
0.0
0.0
0.0
0.0
0.0
0.0
0.0
0.0
4.0
117.0
253.0
370.0
433.0
466.0
410.0
329.0
205.0
78.0
0.0
0.0
0.0
0.0
0.0
0.0
0.0
0.0
0.0
0.0
0.0
0.0
0.0
0.0
3.0
109.0
239.0
352.0
418.0
431.0
393.0
319.0
199.0
73.0
0.0
0.0
0.0
0.0
0.0
0.0
0.0
0.0
0.0
0.0
0.0
0.0
0.0
0.0
3.0
113.0
252.0
370.0
444.0
464.0
427.0
342.0
214.0
78.0
0.0
0.0
0.0
0.0
0.0
0.0
0.0
0.0
0.0
0.0
0.0
0.0
0.0
0.0
3.0
115.0
269.0
394.0
471.0
487.0
454.0
370.0
234.0
86.0
0.0
0.0
0.0
0.0
0.0
0.0
0.0
0.0
0.0
0.0
0.0
0.0
0.0
0.0
1.0
97.0
226.0
336.0
416.0
463.0
431.0
343.0
215.0
79.0
0.0
0.0
0.0
0.0
0.0
0.0
0.0
0.0
0.0
0.0
0.0
0.0
0.0
0.0
2.0
109.0
239.0
350.0
451.0
483.0
427.0
349.0
217.0
78.0
0.0
0.0
0.0
0.0
0.0
0.0
0.0
0.0
0.0
0.0
0.0
0.0
0.0
0.0
1.0
100.0
237.0
359.0
431.0
453.0
427.0
347.0
226.0
79.0
0.0
0.0
0.0
0.0
0.0
0.0
0.0
0.0
0.0
0.0
0.0
0.0
0.0
0.0
4.0
104.0
188.0
346.0
317.0
366.0
401.0
235.0
149.0
67.0
1.0
0.0
0.0
0.0
0.0
0.0
0.0
0.0
0.0
0.0
0.0
0.0
0.0
0.0
1.0
92.0
226.0
325.0
414.0
404.0
372.0
350.0
212.0
74.0
0.0
0.0
0.0
0.0
0.0
0.0
0.0
0.0
0.0
0.0
0.0
0.0
0.0
0.0
1.0
78.0
192.0
284.0
350.0
360.0
331.0
260.0
162.0
58.0
0.0
0.0
0.0
0.0
0.0
0.0
0.0
0.0
0.0
0.0
0.0
0.0
0.0
0.0
0.0
91.0
232.0
369.0
451.0
391.0
311.0
191.0
128.0
42.0
0.0
0.0
0.0
0.0
0.0
0.0
0.0
0.0
0.0
0.0
0.0
0.0
0.0
0.0
1.0
93.0
217.0
344.0
388.0
405.0
410.0
346.0
199.0
74.0
0.0
0.0
0.0
0.0
0.0
0.0
0.0
0.0
0.0
0.0
0.0
0.0
0.0
0.0
1.0
98.0
248.0
377.0
460.0
492.0
462.0
372.0
237.0
83.0
0.0
0.0
0.0
0.0
0.0
0.0
0.0
0.0
0.0
0.0
0.0
0.0
0.0
0.0
0.0
86.0
225.0
344.0
406.0
445.0
431.0
356.0
226.0
81.0
0.0
0.0
0.0
0.0
0.0
0.0
0.0
0.0
0.0
0.0
0.0
0.0
0.0
0.0
0.0
68.0
178.0
268.0
326.0
357.0
335.0
274.0
169.0
56.0
0.0
0.0
0.0
0.0
0.0
0.0
0.0
0.0
0.0
0.0
0.0
0.0
0.0
0.0
0.0
7.0
19.0
58.0
88.0
384.0
422.0
348.0
246.0
81.0
0.0
0.0
0.0
0.0
0.0
0.0
0.0
0.0
0.0
0.0
0.0
0.0
0.0
0.0
0.0
85.0
224.0
344.0
422.0
446.0
422.0
335.0
213.0
75.0
0.0
0.0
0.0
0.0
0.0
0.0
0.0
0.0
0.0
0.0
0.0
0.0
0.0
0.0
0.0
61.0
198.0
324.0
381.0
414.0
415.0
292.0
180.0
70.0
0.0
0.0
0.0
0.0
0.0
0.0
0.0
0.0
0.0
0.0
0.0
0.0
0.0
0.0
0.0
38.0
104.0
155.0
302.0
313.0
288.0
300.0
211.0
88.0
0.0
0.0
0.0
0.0
0.0
0.0
0.0
0.0
0.0
0.0
0.0
0.0
0.0
0.0
0.0
83.0
221.0
348.0
434.0
462.0
419.0
333.0
209.0
69.0
0.0
0.0
0.0
0.0
0.0
0.0
0.0
0.0
0.0
0.0
0.0
0.0
0.0
0.0
0.0
50.0
117.0
228.0
297.0
429.0
401.0
317.0
147.0
55.0
0.0
0.0
0.0
0.0
0.0
0.0
0.0
0.0
0.0
0.0
0.0
0.0
0.0
0.0
0.0
28.0
139.0
134.0
191.0
184.0
151.0
208.0
136.0
10.0
0.0
0.0
0.0
0.0
0.0
0.0
0.0
0.0
0.0
0.0
0.0
0.0
0.0
0.0
0.0
73.0
205.0
318.0
389.0
430.0
385.0
317.0
209.0
73.0
0.0
0.0
0.0
0.0
0.0
0.0
0.0
0.0
0.0
0.0
0.0
0.0
0.0
0.0
0.0
41.0
26.0
104.0
186.0
375.0
272.0
207.0
144.0
7.0
0.0
0.0
0.0
0.0
0.0
0.0
0.0
0.0
0.0
0.0
0.0
0.0
0.0
0.0
0.0
41.0
145.0
217.0
294.0
318.0
283.0
285.0
222.0
84.0
0.0
0.0
0.0
0.0
0.0
0.0
0.0
0.0
0.0
0.0
0.0
0.0
0.0
0.0
0.0
6.0
18.0
135.0
370.0
365.0
133.0
76.0
179.0
80.0
1.0
0.0
0.0
0.0
0.0
0.0
0.0
0.0
0.0
0.0
0.0
0.0
0.0
0.0
0.0
46.0
199.0
327.0
390.0
268.0
299.0
255.0
101.0
79.0
0.0
0.0
0.0
0.0
0.0
0.0
0.0
0.0
0.0
0.0
0.0
0.0
0.0
0.0
0.0
65.0
227.0
330.0
345.0
430.0
280.0
168.0
149.0
31.0
0.0
0.0
0.0
0.0
0.0
0.0
0.0
0.0
0.0
0.0
0.0
0.0
0.0
0.0
0.0
5.0
27.0
90.0
206.0
298.0
230.0
159.0
78.0
20.0
0.0
0.0
0.0
0.0
0.0
0.0
0.0
0.0
0.0
0.0
0.0
0.0
0.0
0.0
0.0
57.0
189.0
141.0
249.0
298.0
279.0
123.0
19.0
31.0
0.0
0.0
0.0
0.0
0.0
0.0
0.0
0.0
0.0
0.0
0.0
0.0
0.0
0.0
0.0
56.0
189.0
339.0
388.0
400.0
375.0
269.0
167.0
58.0
0.0
0.0
0.0
0.0
0.0
0.0
0.0
0.0
0.0
0.0
0.0
0.0
0.0
0.0
0.0
56.0
181.0
313.0
379.0
417.0
391.0
312.0
183.0
59.0
0.0
0.0
0.0
0.0
0.0
0.0
0.0
0.0
0.0
0.0
0.0
0.0
0.0
0.0
0.0
62.0
188.0
315.0
387.0
431.0
405.0
330.0
202.0
68.0
0.0
0.0
0.0
0.0
0.0
0.0
0.0
0.0
0.0
0.0
0.0
0.0
0.0
0.0
0.0
59.0
190.0
309.0
396.0
430.0
403.0
340.0
221.0
82.0
0.0
0.0
0.0
0.0
0.0
0.0
0.0
0.0
0.0
0.0
0.0
0.0
0.0
0.0
0.0
48.0
227.0
283.0
390.0
253.0
39.0
46.0
43.0
21.0
0.0
0.0
0.0
0.0
0.0
0.0
0.0
0.0
0.0
0.0
0.0
0.0
0.0
0.0
0.0
59.0
211.0
302.0
238.0
145.0
139.0
230.0
103.0
39.0
0.0
0.0
0.0
0.0
0.0
0.0
0.0
0.0
0.0
0.0
0.0
0.0
0.0
0.0
0.0
16.0
156.0
188.0
177.0
197.0
402.0
370.0
171.0
7.0
0.0
0.0
0.0
0.0
0.0
0.0
0.0
0.0
0.0
0.0
0.0
0.0
0.0
0.0
0.0
29.0
192.0
320.0
406.0
440.0
419.0
341.0
220.0
83.0
0.0
0.0
0.0
0.0
0.0
0.0
0.0
0.0
0.0
0.0
0.0
0.0
0.0
0.0
0.0
12.0
116.0
221.0
377.0
355.0
294.0
245.0
246.0
94.0
2.0
0.0
0.0
0.0
0.0
0.0
0.0
0.0
0.0
0.0
0.0
0.0
0.0
0.0
0.0
5.0
68.0
120.0
151.0
211.0
220.0
109.0
67.0
15.0
0.0
0.0
0.0
0.0
0.0
0.0
0.0
0.0
0.0
0.0
0.0
0.0
0.0
0.0
0.0
5.0
57.0
110.0
144.0
156.0
161.0
121.0
81.0
35.0
0.0
0.0
0.0
0.0
0.0
0.0
0.0
0.0
0.0
0.0
0.0
0.0
0.0
0.0
0.0
28.0
194.0
325.0
414.0
450.0
425.0
351.0
232.0
91.0
0.0
0.0
0.0
0.0
0.0
0.0
0.0
