0.0
0.0
0.0
0.0
0.0
0.0
0.0
0.0
0.0
9.0
26.0
42.0
57.0
57.0
50.0
38.0
20.0
2.0
0.0
0.0
0.0
0.0
0.0
0.0
0.0
0.0
0.0
0.0
0.0
0.0
0.0
0.0
0.0
28.0
76.0
123.0
145.0
148.0
119.0
91.0
51.0
2.0
0.0
0.0
0.0
0.0
0.0
0.0
0.0
0.0
0.0
0.0
0.0
0.0
0.0
0.0
0.0
66.0
188.0
301.0
376.0
390.0
342.0
257.0
139.0
10.0
0.0
0.0
0.0
0.0
0.0
0.0
0.0
0.0
0.0
0.0
0.0
0.0
0.0
0.0
0.0
5.0
180.0
278.0
338.0
241.0
262.0
171.0
98.0
3.0
0.0
0.0
0.0
0.0
0.0
0.0
0.0
0.0
0.0
0.0
0.0
0.0
0.0
0.0
0.0
45.0
122.0
215.0
251.0
262.0
152.0
81.0
13.0
3.0
0.0
0.0
0.0
0.0
0.0
0.0
0.0
0.0
0.0
0.0
0.0
0.0
0.0
0.0
0.0
15.0
42.0
60.0
85.0
88.0
80.0
63.0
34.0
5.0
0.0
0.0
0.0
0.0
0.0
0.0
0.0
0.0
0.0
0.0
0.0
0.0
0.0
0.0
0.0
44.0
123.0
244.0
253.0
277.0
268.0
222.0
167.0
17.0
0.0
0.0
0.0
0.0
0.0
0.0
0.0
0.0
0.0
0.0
0.0
0.0
0.0
0.0
0.0
23.0
70.0
73.0
104.0
118.0
114.0
91.0
51.0
4.0
0.0
0.0
0.0
0.0
0.0
0.0
0.0
0.0
0.0
0.0
0.0
0.0
0.0
0.0
0.0
18.0
46.0
75.0
81.0
86.0
79.0
61.0
35.0
4.0
0.0
0.0
0.0
0.0
0.0
0.0
0.0
0.0
0.0
0.0
0.0
0.0
0.0
0.0
0.0
18.0
50.0
81.0
99.0
105.0
98.0
79.0
42.0
3.0
0.0
0.0
0.0
0.0
0.0
0.0
0.0
0.0
0.0
0.0
0.0
0.0
0.0
0.0
0.0
76.0
190.0
286.0
374.0
379.0
323.0
239.0
137.0
10.0
0.0
0.0
0.0
0.0
0.0
0.0
0.0
0.0
0.0
0.0
0.0
0.0
0.0
0.0
0.0
40.0
122.0
180.0
187.0
223.0
193.0
192.0
91.0
4.0
0.0
0.0
0.0
0.0
0.0
0.0
0.0
0.0
0.0
0.0
0.0
0.0
0.0
0.0
0.0
49.0
16.0
152.0
328.0
303.0
362.0
280.0
160.0
31.0
0.0
0.0
0.0
0.0
0.0
0.0
0.0
0.0
0.0
0.0
0.0
0.0
0.0
0.0
0.0
31.0
81.0
132.0
154.0
141.0
131.0
116.0
67.0
4.0
0.0
0.0
0.0
0.0
0.0
0.0
0.0
0.0
0.0
0.0
0.0
0.0
0.0
0.0
0.0
66.0
185.0
168.0
103.0
37.0
131.0
172.0
130.0
5.0
0.0
0.0
0.0
0.0
0.0
0.0
0.0
0.0
0.0
0.0
0.0
0.0
0.0
0.0
0.0
65.0
201.0
244.0
299.0
298.0
350.0
264.0
173.0
39.0
0.0
0.0
0.0
0.0
0.0
0.0
0.0
0.0
0.0
0.0
0.0
0.0
0.0
0.0
0.0
9.0
19.0
29.0
36.0
245.0
219.0
176.0
107.0
16.0
0.0
0.0
0.0
0.0
0.0
0.0
0.0
0.0
0.0
0.0
0.0
0.0
0.0
0.0
0.0
66.0
158.0
272.0
347.0
382.0
384.0
312.0
164.0
51.0
0.0
0.0
0.0
0.0
0.0
0.0
0.0
0.0
0.0
0.0
0.0
0.0
0.0
0.0
0.0
74.0
190.0
338.0
412.0
338.0
353.0
230.0
144.0
44.0
0.0
0.0
0.0
0.0
0.0
0.0
0.0
0.0
0.0
0.0
0.0
0.0
0.0
0.0
0.0
68.0
170.0
217.0
272.0
304.0
301.0
257.0
180.0
69.0
0.0
0.0
0.0
0.0
0.0
0.0
0.0
0.0
0.0
0.0
0.0
0.0
0.0
0.0
0.0
47.0
143.0
175.0
171.0
221.0
305.0
257.0
196.0
73.0
0.0
0.0
0.0
0.0
0.0
0.0
0.0
0.0
0.0
0.0
0.0
0.0
0.0
0.0
0.0
14.0
38.0
52.0
62.0
66.0
64.0
53.0
34.0
12.0
0.0
0.0
0.0
0.0
0.0
0.0
0.0
0.0
0.0
0.0
0.0
0.0
0.0
0.0
0.0
77.0
202.0
313.0
383.0
403.0
381.0
309.0
198.0
69.0
0.0
0.0
0.0
0.0
0.0
0.0
0.0
0.0
0.0
0.0
0.0
0.0
0.0
0.0
0.0
89.0
229.0
351.0
418.0
439.0
413.0
331.0
204.0
74.0
0.0
0.0
0.0
0.0
0.0
0.0
0.0
0.0
0.0
0.0
0.0
0.0
0.0
0.0
1.0
90.0
229.0
350.0
428.0
454.0
424.0
341.0
217.0
80.0
0.0
0.0
0.0
0.0
0.0
0.0
0.0
0.0
0.0
0.0
0.0
0.0
0.0
0.0
1.0
89.0
227.0
340.0
411.0
434.0
407.0
315.0
205.0
80.0
0.0
0.0
0.0
0.0
0.0
0.0
0.0
0.0
0.0
0.0
0.0
0.0
0.0
0.0
0.0
7.0
19.0
29.0
35.0
220.0
211.0
178.0
107.0
31.0
0.0
0.0
0.0
0.0
0.0
0.0
0.0
0.0
0.0
0.0
0.0
0.0
0.0
0.0
0.0
52.0
130.0
199.0
243.0
279.0
232.0
200.0
128.0
52.0
1.0
0.0
0.0
0.0
0.0
0.0
0.0
0.0
0.0
0.0
0.0
0.0
0.0
0.0
1.0
73.0
169.0
265.0
335.0
366.0
342.0
268.0
168.0
63.0
0.0
0.0
0.0
0.0
0.0
0.0
0.0
0.0
0.0
0.0
0.0
0.0
0.0
0.0
1.0
17.0
42.0
57.0
60.0
62.0
62.0
46.0
31.0
12.0
0.0
0.0
0.0
0.0
0.0
0.0
0.0
0.0
0.0
0.0
0.0
0.0
0.0
0.0
1.0
29.0
55.0
64.0
128.0
168.0
149.0
99.0
77.0
38.0
1.0
0.0
0.0
0.0
0.0
0.0
0.0
0.0
0.0
0.0
0.0
0.0
0.0
0.0
3.0
57.0
147.0
220.0
196.0
87.0
205.0
167.0
71.0
40.0
1.0
0.0
0.0
0.0
0.0
0.0
0.0
0.0
0.0
0.0
0.0
0.0
0.0
0.0
1.0
43.0
111.0
151.0
199.0
222.0
201.0
162.0
115.0
57.0
1.0
0.0
0.0
0.0
0.0
0.0
0.0
0.0
0.0
0.0
0.0
0.0
0.0
0.0
1.0
55.0
125.0
191.0
210.0
239.0
219.0
176.0
114.0
46.0
1.0
0.0
0.0
0.0
0.0
0.0
0.0
0.0
0.0
0.0
0.0
0.0
0.0
0.0
2.0
86.0
186.0
259.0
308.0
301.0
302.0
270.0
172.0
74.0
1.0
0.0
0.0
0.0
0.0
0.0
0.0
0.0
0.0
0.0
0.0
0.0
0.0
0.0
1.0
14.0
40.0
60.0
39.0
319.0
303.0
269.0
177.0
74.0
1.0
0.0
0.0
0.0
0.0
0.0
0.0
0.0
0.0
0.0
0.0
0.0
0.0
0.0
3.0
113.0
256.0
374.0
459.0
495.0
461.0
370.0
264.0
112.0
2.0
0.0
0.0
0.0
0.0
0.0
0.0
0.0
0.0
0.0
0.0
0.0
0.0
0.0
3.0
95.0
173.0
280.0
388.0
442.0
433.0
361.0
211.0
86.0
1.0
0.0
0.0
0.0
0.0
0.0
0.0
0.0
0.0
0.0
0.0
0.0
0.0
0.0
3.0
110.0
207.0
270.0
336.0
398.0
386.0
308.0
175.0
72.0
1.0
0.0
0.0
0.0
0.0
0.0
0.0
0.0
0.0
0.0
0.0
0.0
0.0
0.0
1.0
11.0
24.0
37.0
42.0
337.0
318.0
269.0
188.0
87.0
3.0
0.0
0.0
0.0
0.0
0.0
0.0
0.0
0.0
0.0
0.0
0.0
0.0
0.0
4.0
95.0
201.0
323.0
357.0
392.0
369.0
302.0
206.0
90.0
2.0
0.0
0.0
0.0
0.0
0.0
0.0
0.0
0.0
0.0
0.0
0.0
0.0
0.0
4.0
86.0
181.0
246.0
310.0
318.0
279.0
232.0
166.0
74.0
2.0
0.0
0.0
0.0
0.0
0.0
0.0
0.0
0.0
0.0
0.0
0.0
0.0
0.0
2.0
94.0
216.0
316.0
403.0
370.0
329.0
279.0
214.0
104.0
5.0
0.0
0.0
0.0
0.0
0.0
0.0
0.0
0.0
0.0
0.0
0.0
0.0
0.0
14.0
149.0
297.0
318.0
365.0
362.0
401.0
267.0
214.0
120.0
13.0
0.0
0.0
0.0
0.0
0.0
0.0
0.0
0.0
0.0
0.0
0.0
0.0
0.0
7.0
146.0
291.0
416.0
510.0
534.0
512.0
436.0
303.0
153.0
8.0
0.0
0.0
0.0
0.0
0.0
0.0
0.0
0.0
0.0
0.0
0.0
0.0
0.0
2.0
43.0
86.0
122.0
147.0
154.0
145.0
124.0
86.0
43.0
2.0
0.0
0.0
0.0
0.0
0.0
0.0
0.0
0.0
0.0
0.0
0.0
0.0
0.0
2.0
22.0
46.0
57.0
69.0
72.0
66.0
54.0
41.0
19.0
3.0
0.0
0.0
0.0
0.0
0.0
0.0
0.0
0.0
0.0
0.0
0.0
0.0
0.0
7.0
90.0
162.0
220.0
254.0
262.0
279.0
230.0
146.0
67.0
3.0
0.0
0.0
0.0
0.0
0.0
0.0
0.0
0.0
0.0
0.0
0.0
0.0
0.0
9.0
123.0
225.0
306.0
393.0
402.0
382.0
338.0
226.0
121.0
3.0
0.0
0.0
0.0
0.0
0.0
0.0
0.0
0.0
0.0
0.0
0.0
0.0
0.0
3.0
117.0
249.0
354.0
400.0
412.0
395.0
374.0
204.0
124.0
11.0
0.0
0.0
0.0
0.0
0.0
0.0
0.0
0.0
0.0
0.0
0.0
0.0
0.0
3.0
121.0
190.0
366.0
437.0
515.0
339.0
342.0
207.0
131.0
10.0
0.0
0.0
0.0
0.0
0.0
0.0
0.0
0.0
0.0
0.0
0.0
0.0
0.0
18.0
170.0
323.0
444.0
523.0
566.0
507.0
413.0
294.0
171.0
14.0
0.0
0.0
0.0
0.0
0.0
0.0
0.0
0.0
0.0
0.0
0.0
0.0
0.0
12.0
123.0
254.0
409.0
438.0
570.0
526.0
417.0
320.0
190.0
26.0
0.0
0.0
0.0
0.0
0.0
0.0
0.0
0.0
0.0
0.0
0.0
0.0
0.0
16.0
136.0
233.0
315.0
346.0
277.0
206.0
145.0
58.0
15.0
3.0
0.0
0.0
0.0
0.0
0.0
0.0
0.0
0.0
0.0
0.0
0.0
0.0
0.0
9.0
109.0
202.0
261.0
341.0
340.0
288.0
273.0
172.0
91.0
4.0
0.0
0.0
0.0
0.0
0.0
0.0
0.0
0.0
0.0
0.0
0.0
0.0
0.0
24.0
203.0
362.0
493.0
582.0
614.0
589.0
502.0
359.0
194.0
20.0
0.0
0.0
0.0
0.0
0.0
0.0
0.0
0.0
0.0
0.0
0.0
0.0
0.0
14.0
130.0
200.0
300.0
335.0
365.0
371.0
294.0
217.0
100.0
4.0
0.0
0.0
0.0
0.0
0.0
0.0
0.0
0.0
0.0
0.0
0.0
0.0
0.0
12.0
106.0
266.0
416.0
495.0
528.0
542.0
462.0
333.0
185.0
27.0
0.0
0.0
0.0
0.0
0.0
0.0
0.0
0.0
0.0
0.0
0.0
0.0
0.0
19.0
88.0
180.0
197.0
255.0
366.0
368.0
318.0
174.0
89.0
5.0
0.0
0.0
0.0
0.0
0.0
0.0
0.0
0.0
0.0
0.0
0.0
0.0
0.0
61.0
209.0
366.0
513.0
589.0
610.0
593.0
523.0
388.0
221.0
34.0
0.0
0.0
0.0
0.0
0.0
0.0
0.0
0.0
0.0
0.0
0.0
0.0
0.0
20.0
156.0
330.0
418.0
442.0
490.0
526.0
331.0
141.0
17.0
18.0
0.0
0.0
0.0
0.0
0.0
0.0
0.0
0.0
0.0
0.0
0.0
0.0
0.0
48.0
230.0
245.0
142.0
55.0
339.0
381.0
552.0
440.0
199.0
75.0
0.0
0.0
0.0
0.0
0.0
0.0
0.0
0.0
0.0
0.0
0.0
0.0
0.0
53.0
180.0
324.0
455.0
563.0
625.0
522.0
456.0
324.0
211.0
71.0
0.0
0.0
0.0
0.0
0.0
0.0
0.0
0.0
0.0
0.0
0.0
0.0
0.0
52.0
139.0
241.0
200.0
161.0
225.0
343.0
252.0
239.0
156.0
78.0
0.0
0.0
0.0
0.0
0.0
0.0
0.0
0.0
0.0
0.0
0.0
0.0
0.0
48.0
136.0
239.0
266.0
240.0
340.0
416.0
389.0
366.0
250.0
70.0
0.0
0.0
0.0
0.0
0.0
0.0
0.0
0.0
0.0
0.0
0.0
0.0
0.0
8.0
160.0
146.0
352.0
399.0
253.0
640.0
258.0
206.0
52.0
39.0
0.0
0.0
0.0
0.0
0.0
0.0
0.0
0.0
0.0
0.0
0.0
0.0
1.0
96.0
80.0
254.0
317.0
342.0
533.0
243.0
381.0
432.0
288.0
96.0
2.0
0.0
0.0
0.0
0.0
0.0
0.0
0.0
0.0
0.0
0.0
0.0
1.0
98.0
266.0
431.0
564.0
646.0
666.0
633.0
553.0
417.0
246.0
83.0
0.0
0.0
0.0
0.0
0.0
0.0
0.0
0.0
0.0
0.0
0.0
0.0
0.0
89.0
246.0
415.0
545.0
614.0
627.0
603.0
531.0
388.0
227.0
72.0
0.0
0.0
0.0
0.0
0.0
0.0
0.0
0.0
0.0
0.0
0.0
0.0
1.0
107.0
279.0
446.0
578.0
659.0
686.0
654.0
565.0
428.0
258.0
91.0
0.0
0.0
0.0
0.0
0.0
0.0
0.0
0.0
0.0
0.0
0.0
0.0
4.0
53.0
193.0
286.0
264.0
369.0
448.0
320.0
326.0
395.0
308.0
98.0
2.0
0.0
0.0
0.0
0.0
0.0
0.0
0.0
0.0
0.0
0.0
0.0
1.0
104.0
258.0
401.0
514.0
585.0
611.0
582.0
503.0
385.0
235.0
85.0
0.0
0.0
0.0
0.0
0.0
0.0
0.0
0.0
0.0
0.0
0.0
0.0
1.0
81.0
166.0
222.0
226.0
187.0
247.0
310.0
213.0
159.0
132.0
69.0
2.0
0.0
0.0
0.0
0.0
0.0
0.0
0.0
0.0
0.0
0.0
0.0
1.0
47.0
120.0
197.0
278.0
291.0
289.0
275.0
254.0
203.0
133.0
49.0
0.0
0.0
0.0
0.0
0.0
0.0
0.0
0.0
0.0
0.0
0.0
0.0
2.0
103.0
249.0
371.0
464.0
543.0
571.0
530.0
459.0
348.0
217.0
81.0
1.0
0.0
0.0
0.0
0.0
0.0
0.0
0.0
0.0
0.0
0.0
0.0
1.0
58.0
139.0
206.0
259.0
301.0
339.0
306.0
276.0
221.0
135.0
59.0
1.0
0.0
0.0
0.0
0.0
0.0
0.0
0.0
0.0
0.0
0.0
0.0
4.0
95.0
178.0
289.0
386.0
408.0
406.0
406.0
362.0
250.0
172.0
72.0
1.0
0.0
0.0
0.0
0.0
0.0
0.0
0.0
0.0
0.0
0.0
0.0
4.0
107.0
250.0
386.0
490.0
547.0
571.0
518.0
440.0
350.0
214.0
83.0
1.0
0.0
0.0
0.0
0.0
0.0
0.0
0.0
0.0
0.0
0.0
0.0
6.0
158.0
339.0
510.0
644.0
722.0
749.0
710.0
620.0
475.0
299.0
118.0
1.0
0.0
0.0
0.0
0.0
0.0
0.0
0.0
0.0
0.0
0.0
0.0
3.0
74.0
155.0
213.0
265.0
317.0
334.0
321.0
276.0
224.0
131.0
52.0
1.0
0.0
0.0
0.0
0.0
0.0
0.0
0.0
0.0
0.0
0.0
0.0
3.0
78.0
157.0
223.0
303.0
333.0
367.0
365.0
323.0
239.0
131.0
44.0
1.0
0.0
0.0
0.0
0.0
0.0
0.0
0.0
0.0
0.0
0.0
0.0
5.0
146.0
326.0
474.0
570.0
628.0
626.0
597.0
534.0
417.0
263.0
109.0
1.0
0.0
0.0
0.0
0.0
0.0
0.0
0.0
0.0
0.0
0.0
0.0
7.0
96.0
195.0
308.0
372.0
427.0
442.0
438.0
341.0
258.0
173.0
61.0
1.0
0.0
0.0
0.0
0.0
0.0
0.0
0.0
0.0
0.0
0.0
0.0
7.0
82.0
163.0
229.0
271.0
314.0
344.0
316.0
281.0
214.0
133.0
50.0
1.0
0.0
0.0
0.0
0.0
0.0
0.0
0.0
0.0
0.0
0.0
0.0
13.0
175.0
160.0
162.0
167.0
363.0
182.0
507.0
304.0
465.0
176.0
56.0
2.0
0.0
0.0
0.0
0.0
0.0
0.0
0.0
0.0
0.0
0.0
0.0
11.0
113.0
226.0
319.0
399.0
419.0
472.0
433.0
348.0
290.0
161.0
74.0
1.0
0.0
0.0
0.0
0.0
0.0
0.0
0.0
0.0
0.0
0.0
0.0
8.0
103.0
195.0
259.0
329.0
331.0
360.0
330.0
278.0
199.0
115.0
44.0
2.0
0.0
0.0
0.0
0.0
0.0
0.0
0.0
0.0
0.0
0.0
0.0
16.0
163.0
308.0
449.0
552.0
608.0
621.0
576.0
492.0
378.0
237.0
103.0
2.0
0.0
0.0
0.0
0.0
0.0
0.0
0.0
0.0
0.0
0.0
0.0
20.0
194.0
376.0
535.0
641.0
691.0
718.0
682.0
605.0
478.0
327.0
151.0
7.0
0.0
0.0
0.0
0.0
0.0
0.0
0.0
0.0
0.0
0.0
0.0
14.0
140.0
225.0
318.0
415.0
502.0
510.0
500.0
391.0
310.0
197.0
90.0
2.0
0.0
0.0
0.0
0.0
0.0
0.0
0.0
0.0
0.0
0.0
0.0
27.0
225.0
419.0
591.0
724.0
805.0
821.0
778.0
682.0
536.0
354.0
163.0
7.0
0.0
0.0
0.0
0.0
0.0
0.0
0.0
0.0
0.0
0.0
0.0
27.0
213.0
393.0
557.0
683.0
763.0
789.0
752.0
659.0
523.0
347.0
166.0
10.0
0.0
0.0
0.0
0.0
0.0
0.0
0.0
0.0
0.0
0.0
0.0
33.0
242.0
438.0
610.0
739.0
818.0
842.0
802.0
709.0
560.0
376.0
179.0
10.0
0.0
0.0
0.0
0.0
0.0
0.0
0.0
0.0
0.0
0.0
0.0
44.0
151.0
275.0
369.0
442.0
491.0
520.0
427.0
335.0
279.0
164.0
66.0
3.0
0.0
0.0
0.0
0.0
0.0
0.0
0.0
0.0
0.0
0.0
0.0
11.0
45.0
72.0
102.0
128.0
129.0
141.0
137.0
110.0
87.0
60.0
30.0
3.0
0.0
0.0
0.0
0.0
0.0
0.0
0.0
0.0
0.0
0.0
0.0
6.0
20.0
36.0
52.0
58.0
65.0
66.0
66.0
58.0
46.0
30.0
14.0
2.0
0.0
0.0
0.0
0.0
0.0
0.0
0.0
0.0
0.0
0.0
0.0
24.0
72.0
134.0
178.0
218.0
229.0
240.0
227.0
188.0
153.0
112.0
52.0
3.0
0.0
0.0
0.0
0.0
0.0
0.0
0.0
0.0
0.0
0.0
0.0
50.0
151.0
293.0
387.0
312.0
339.0
402.0
335.0
207.0
47.0
32.0
16.0
3.0
0.0
0.0
0.0
0.0
0.0
0.0
0.0
0.0
0.0
0.0
0.0
78.0
224.0
352.0
495.0
602.0
723.0
761.0
708.0
612.0
496.0
292.0
151.0
10.0
0.0
0.0
0.0
0.0
0.0
0.0
0.0
0.0
0.0
0.0
0.0
80.0
232.0
395.0
536.0
644.0
707.0
723.0
681.0
601.0
480.0
328.0
165.0
13.0
0.0
0.0
0.0
0.0
0.0
0.0
0.0
0.0
0.0
0.0
0.0
59.0
187.0
308.0
436.0
514.0
565.0
532.0
512.0
477.0
337.0
218.0
109.0
3.0
0.0
0.0
0.0
0.0
0.0
0.0
0.0
0.0
0.0
0.0
0.0
50.0
144.0
233.0
262.0
335.0
313.0
360.0
369.0
336.0
254.0
143.0
66.0
4.0
0.0
0.0
0.0
0.0
0.0
0.0
0.0
0.0
0.0
0.0
0.0
87.0
232.0
384.0
525.0
647.0
700.0
719.0
696.0
622.0
506.0
349.0
183.0
19.0
0.0
0.0
0.0
0.0
0.0
0.0
0.0
0.0
0.0
0.0
0.0
84.0
221.0
304.0
418.0
529.0
563.0
460.0
457.0
373.0
268.0
241.0
74.0
4.0
0.0
0.0
0.0
0.0
0.0
0.0
0.0
0.0
0.0
0.0
1.0
114.0
297.0
486.0
653.0
773.0
846.0
858.0
811.0
716.0
575.0
398.0
207.0
21.0
0.0
0.0
0.0
0.0
0.0
0.0
0.0
0.0
0.0
0.0
1.0
81.0
193.0
232.0
302.0
308.0
340.0
366.0
404.0
304.0
221.0
33.0
59.0
4.0
0.0
0.0
0.0
0.0
0.0
0.0
0.0
0.0
0.0
0.0
1.0
46.0
80.0
115.0
144.0
220.0
215.0
215.0
249.0
269.0
145.0
118.0
68.0
9.0
0.0
0.0
0.0
0.0
0.0
0.0
0.0
0.0
0.0
0.0
1.0
58.0
147.0
249.0
321.0
360.0
424.0
413.0
388.0
356.0
277.0
188.0
86.0
5.0
0.0
0.0
0.0
0.0
0.0
0.0
0.0
0.0
0.0
0.0
1.0
57.0
136.0
239.0
340.0
396.0
431.0
444.0
406.0
356.0
294.0
208.0
100.0
13.0
0.0
0.0
0.0
0.0
0.0
0.0
0.0
0.0
0.0
0.0
3.0
113.0
268.0
425.0
544.0
681.0
749.0
792.0
737.0
641.0
534.0
372.0
211.0
31.0
0.0
0.0
0.0
0.0
0.0
0.0
0.0
0.0
0.0
0.0
3.0
106.0
287.0
421.0
638.0
656.0
664.0
627.0
623.0
613.0
532.0
329.0
157.0
18.0
0.0
0.0
0.0
0.0
0.0
0.0
0.0
0.0
0.0
0.0
5.0
139.0
325.0
513.0
676.0
797.0
864.0
874.0
834.0
732.0
588.0
407.0
220.0
61.0
0.0
0.0
0.0
0.0
0.0
0.0
0.0
0.0
0.0
0.0
4.0
134.0
301.0
458.0
626.0
741.0
769.0
751.0
720.0
619.0
495.0
350.0
199.0
57.0
0.0
0.0
0.0
0.0
0.0
0.0
0.0
0.0
0.0
0.0
7.0
162.0
361.0
564.0
751.0
439.0
468.0
465.0
421.0
378.0
316.0
220.0
114.0
39.0
0.0
0.0
0.0
0.0
0.0
0.0
0.0
0.0
0.0
0.0
19.0
143.0
178.0
175.0
263.0
149.0
79.0
343.0
636.0
577.0
454.0
380.0
209.0
74.0
0.0
0.0
0.0
0.0
0.0
0.0
0.0
0.0
0.0
0.0
7.0
156.0
343.0
529.0
687.0
806.0
871.0
885.0
841.0
742.0
599.0
423.0
233.0
70.0
0.0
0.0
0.0
0.0
0.0
0.0
0.0
0.0
0.0
0.0
8.0
144.0
320.0
485.0
636.0
731.0
790.0
791.0
760.0
668.0
542.0
383.0
218.0
69.0
0.0
0.0
0.0
0.0
0.0
0.0
0.0
0.0
0.0
0.0
2.0
104.0
173.0
302.0
370.0
431.0
509.0
455.0
487.0
408.0
367.0
194.0
112.0
45.0
0.0
0.0
0.0
0.0
0.0
0.0
0.0
0.0
0.0
0.0
6.0
131.0
271.0
422.0
508.0
644.0
751.0
683.0
693.0
635.0
575.0
397.0
247.0
83.0
1.0
0.0
0.0
0.0
0.0
0.0
0.0
0.0
0.0
0.0
2.0
44.0
217.0
217.0
196.0
350.0
468.0
500.0
633.0
542.0
457.0
248.0
87.0
33.0
1.0
0.0
0.0
0.0
0.0
0.0
0.0
0.0
0.0
0.0
7.0
147.0
289.0
425.0
627.0
739.0
799.0
821.0
706.0
537.0
459.0
302.0
169.0
37.0
0.0
0.0
0.0
0.0
0.0
0.0
0.0
0.0
0.0
0.0
15.0
128.0
289.0
479.0
592.0
357.0
326.0
73.0
220.0
242.0
235.0
325.0
283.0
95.0
2.0
0.0
0.0
0.0
0.0
0.0
0.0
0.0
0.0
0.0
18.0
215.0
418.0
608.0
761.0
482.0
534.0
552.0
545.0
537.0
446.0
316.0
178.0
67.0
0.0
0.0
0.0
0.0
0.0
0.0
0.0
0.0
0.0
0.0
15.0
219.0
438.0
652.0
798.0
441.0
450.0
468.0
455.0
429.0
373.0
264.0
144.0
40.0
0.0
0.0
0.0
0.0
0.0
0.0
0.0
0.0
0.0
0.0
17.0
181.0
359.0
533.0
677.0
789.0
850.0
854.0
814.0
724.0
593.0
426.0
249.0
87.0
0.0
0.0
0.0
0.0
0.0
0.0
0.0
0.0
0.0
0.0
19.0
199.0
391.0
578.0
737.0
857.0
930.0
940.0
898.0
800.0
656.0
478.0
282.0
103.0
1.0
0.0
0.0
0.0
0.0
0.0
0.0
0.0
0.0
0.0
20.0
192.0
375.0
553.0
705.0
816.0
879.0
888.0
840.0
745.0
607.0
438.0
255.0
92.0
0.0
0.0
0.0
0.0
0.0
0.0
0.0
0.0
0.0
0.0
17.0
59.0
134.0
217.0
383.0
620.0
415.0
193.0
315.0
373.0
588.0
215.0
73.0
9.0
1.0
0.0
0.0
0.0
0.0
0.0
0.0
0.0
0.0
0.0
20.0
167.0
324.0
476.0
600.0
682.0
736.0
730.0
687.0
611.0
486.0
353.0
208.0
77.0
1.0
0.0
0.0
0.0
0.0
0.0
0.0
0.0
0.0
0.0
23.0
192.0
371.0
549.0
699.0
806.0
870.0
881.0
835.0
741.0
609.0
440.0
253.0
96.0
1.0
0.0
0.0
0.0
0.0
0.0
0.0
0.0
0.0
0.0
29.0
233.0
439.0
626.0
803.0
415.0
459.0
459.0
427.0
371.0
300.0
226.0
129.0
46.0
1.0
0.0
0.0
0.0
0.0
0.0
0.0
0.0
0.0
0.0
24.0
189.0
322.0
475.0
558.0
653.0
714.0
780.0
727.0
658.0
561.0
398.0
226.0
89.0
1.0
0.0
0.0
0.0
0.0
0.0
0.0
0.0
0.0
0.0
56.0
204.0
381.0
553.0
704.0
808.0
863.0
869.0
823.0
733.0
603.0
448.0
273.0
108.0
2.0
0.0
0.0
0.0
0.0
0.0
0.0
0.0
0.0
0.0
60.0
212.0
394.0
566.0
720.0
824.0
876.0
873.0
818.0
732.0
598.0
435.0
257.0
101.0
1.0
0.0
0.0
0.0
0.0
0.0
0.0
0.0
0.0
0.0
21.0
73.0
142.0
212.0
307.0
362.0
383.0
378.0
353.0
324.0
266.0
181.0
108.0
47.0
1.0
0.0
0.0
0.0
0.0
0.0
0.0
0.0
0.0
0.0
16.0
70.0
183.0
212.0
257.0
355.0
372.0
254.0
274.0
232.0
139.0
129.0
87.0
10.0
1.0
0.0
0.0
0.0
0.0
0.0
0.0
0.0
0.0
0.0
25.0
83.0
154.0
211.0
271.0
324.0
335.0
340.0
323.0
289.0
242.0
178.0
109.0
43.0
1.0
0.0
0.0
0.0
0.0
0.0
0.0
0.0
0.0
0.0
66.0
218.0
399.0
574.0
726.0
819.0
862.0
856.0
811.0
718.0
584.0
433.0
266.0
109.0
2.0
0.0
0.0
0.0
0.0
0.0
0.0
0.0
0.0
0.0
71.0
227.0
407.0
586.0
738.0
850.0
919.0
930.0
890.0
797.0
664.0
495.0
309.0
130.0
5.0
0.0
0.0
0.0
0.0
0.0
0.0
0.0
0.0
0.0
72.0
228.0
410.0
585.0
737.0
846.0
909.0
923.0
884.0
797.0
666.0
503.0
318.0
138.0
6.0
0.0
0.0
0.0
0.0
0.0
0.0
0.0
0.0
0.0
26.0
86.0
155.0
234.0
306.0
364.0
429.0
391.0
357.0
320.0
244.0
160.0
98.0
41.0
1.0
0.0
0.0
0.0
0.0
0.0
0.0
0.0
0.0
0.0
15.0
124.0
300.0
361.0
323.0
350.0
80.0
339.0
761.0
493.0
641.0
566.0
207.0
11.0
2.0
0.0
0.0
0.0
0.0
0.0
0.0
0.0
0.0
1.0
82.0
252.0
360.0
483.0
488.0
481.0
612.0
637.0
524.0
282.0
228.0
44.0
24.0
10.0
1.0
0.0
0.0
0.0
0.0
0.0
0.0
0.0
0.0
0.0
33.0
102.0
291.0
417.0
439.0
338.0
357.0
458.0
339.0
333.0
532.0
424.0
337.0
162.0
23.0
0.0
0.0
0.0
0.0
0.0
0.0
0.0
0.0
0.0
79.0
233.0
408.0
580.0
724.0
830.0
887.0
892.0
858.0
784.0
660.0
496.0
315.0
140.0
7.0
0.0
0.0
0.0
0.0
0.0
0.0
0.0
0.0
1.0
50.0
151.0
257.0
389.0
501.0
523.0
561.0
603.0
554.0
461.0
446.0
306.0
149.0
79.0
2.0
0.0
0.0
0.0
0.0
0.0
0.0
0.0
0.0
0.0
13.0
37.0
66.0
84.0
101.0
115.0
130.0
134.0
119.0
105.0
92.0
66.0
41.0
20.0
2.0
0.0
0.0
0.0
0.0
0.0
0.0
0.0
0.0
0.0
22.0
50.0
114.0
181.0
227.0
194.0
260.0
300.0
230.0
215.0
154.0
102.0
80.0
41.0
2.0
0.0
0.0
0.0
0.0
0.0
0.0
0.0
0.0
0.0
26.0
75.0
124.0
170.0
219.0
217.0
225.0
230.0
202.0
170.0
128.0
103.0
74.0
38.0
2.0
0.0
0.0
0.0
0.0
0.0
0.0
0.0
0.0
0.0
38.0
104.0
182.0
280.0
351.0
371.0
436.0
418.0
404.0
376.0
291.0
227.0
128.0
52.0
2.0
0.0
0.0
0.0
0.0
0.0
0.0
0.0
0.0
1.0
59.0
157.0
270.0
371.0
455.0
542.0
558.0
561.0
483.0
418.0
337.0
231.0
141.0
53.0
2.0
0.0
0.0
0.0
0.0
0.0
0.0
0.0
0.0
0.0
49.0
156.0
267.0
353.0
450.0
518.0
583.0
567.0
542.0
488.0
377.0
287.0
190.0
84.0
2.0
0.0
0.0
0.0
0.0
0.0
0.0
0.0
0.0
1.0
80.0
200.0
374.0
541.0
621.0
760.0
815.0
854.0
773.0
667.0
495.0
380.0
227.0
115.0
5.0
0.0
0.0
0.0
0.0
0.0
0.0
0.0
0.0
1.0
97.0
282.0
490.0
690.0
838.0
474.0
516.0
503.0
437.0
390.0
339.0
257.0
163.0
79.0
4.0
0.0
0.0
0.0
0.0
0.0
0.0
0.0
0.0
1.0
91.0
256.0
443.0
621.0
771.0
890.0
960.0
976.0
936.0
841.0
708.0
539.0
352.0
168.0
14.0
0.0
0.0
0.0
0.0
0.0
0.0
0.0
0.0
1.0
81.0
215.0
352.0
498.0
621.0
748.0
867.0
867.0
802.0
658.0
551.0
413.0
277.0
119.0
4.0
0.0
0.0
0.0
0.0
0.0
0.0
0.0
0.0
0.0
10.0
28.0
50.0
73.0
84.0
102.0
107.0
108.0
98.0
87.0
75.0
57.0
37.0
16.0
3.0
0.0
0.0
0.0
0.0
0.0
0.0
0.0
0.0
1.0
83.0
235.0
406.0
572.0
699.0
786.0
839.0
857.0
832.0
741.0
621.0
479.0
320.0
149.0
12.0
0.0
0.0
0.0
0.0
0.0
0.0
0.0
0.0
1.0
25.0
69.0
122.0
172.0
205.0
227.0
246.0
264.0
257.0
225.0
189.0
134.0
87.0
42.0
3.0
0.0
0.0
0.0
0.0
0.0
0.0
0.0
0.0
1.0
106.0
284.0
502.0
538.0
596.0
661.0
830.0
517.0
256.0
388.0
480.0
254.0
172.0
49.0
3.0
0.0
0.0
0.0
0.0
0.0
0.0
0.0
0.0
2.0
57.0
220.0
329.0
484.0
499.0
651.0
468.0
666.0
388.0
373.0
385.0
296.0
251.0
138.0
3.0
0.0
0.0
0.0
0.0
0.0
0.0
0.0
0.0
1.0
7.0
110.0
44.0
160.0
101.0
180.0
608.0
1012.0
913.0
502.0
273.0
130.0
316.0
84.0
4.0
0.0
0.0
0.0
0.0
0.0
0.0
0.0
0.0
1.0
97.0
263.0
452.0
635.0
785.0
896.0
961.0
976.0
933.0
844.0
709.0
539.0
350.0
168.0
14.0
0.0
0.0
0.0
0.0
0.0
0.0
0.0
0.0
2.0
73.0
203.0
325.0
420.0
444.0
409.0
473.0
461.0
606.0
489.0
442.0
354.0
314.0
191.0
42.0
0.0
0.0
0.0
0.0
0.0
0.0
0.0
0.0
2.0
110.0
297.0
484.0
694.0
860.0
416.0
403.0
437.0
403.0
438.0
399.0
268.0
175.0
90.0
10.0
0.0
0.0
0.0
0.0
0.0
0.0
0.0
0.0
5.0
41.0
139.0
281.0
389.0
437.0
631.0
678.0
455.0
468.0
723.0
455.0
316.0
32.0
118.0
18.0
0.0
0.0
0.0
0.0
0.0
0.0
0.0
0.0
1.0
77.0
210.0
380.0
562.0
688.0
784.0
778.0
737.0
751.0
694.0
541.0
415.0
265.0
117.0
3.0
0.0
0.0
0.0
0.0
0.0
0.0
0.0
0.0
1.0
44.0
111.0
183.0
255.0
313.0
365.0
414.0
388.0
335.0
316.0
293.0
236.0
144.0
66.0
3.0
0.0
0.0
0.0
0.0
0.0
0.0
0.0
0.0
2.0
101.0
153.0
241.0
485.0
639.0
528.0
490.0
502.0
479.0
337.0
138.0
118.0
28.0
14.0
3.0
0.0
0.0
0.0
0.0
0.0
0.0
0.0
0.0
1.0
41.0
100.0
183.0
231.0
287.0
335.0
388.0
417.0
406.0
350.0
274.0
217.0
122.0
55.0
3.0
0.0
0.0
0.0
0.0
0.0
0.0
0.0
0.0
1.0
36.0
84.0
193.0
221.0
273.0
445.0
506.0
509.0
509.0
554.0
393.0
252.0
68.0
15.0
4.0
0.0
0.0
0.0
0.0
0.0
0.0
0.0
0.0
0.0
33.0
95.0
190.0
372.0
269.0
283.0
191.0
189.0
102.0
254.0
373.0
292.0
295.0
168.0
42.0
0.0
0.0
0.0
0.0
0.0
0.0
0.0
0.0
1.0
39.0
126.0
204.0
266.0
312.0
344.0
358.0
379.0
407.0
358.0
295.0
210.0
130.0
52.0
3.0
0.0
0.0
0.0
0.0
0.0
0.0
0.0
0.0
1.0
66.0
154.0
279.0
341.0
422.0
468.0
604.0
635.0
541.0
439.0
439.0
340.0
167.0
105.0
3.0
0.0
0.0
0.0
0.0
0.0
0.0
0.0
0.0
1.0
81.0
223.0
391.0
558.0
695.0
814.0
871.0
886.0
847.0
753.0
633.0
483.0
318.0
161.0
17.0
0.0
0.0
0.0
0.0
0.0
0.0
0.0
0.0
1.0
89.0
248.0
429.0
606.0
753.0
857.0
923.0
942.0
904.0
823.0
686.0
518.0
338.0
165.0
15.0
0.0
0.0
0.0
0.0
0.0
0.0
0.0
0.0
1.0
88.0
243.0
424.0
603.0
754.0
865.0
931.0
948.0
917.0
830.0
702.0
542.0
361.0
183.0
21.0
0.0
0.0
0.0
0.0
0.0
0.0
0.0
0.0
0.0
64.0
188.0
330.0
469.0
589.0
707.0
762.0
777.0
764.0
682.0
576.0
435.0
291.0
141.0
17.0
0.0
0.0
0.0
0.0
0.0
0.0
0.0
0.0
1.0
85.0
235.0
399.0
563.0
682.0
788.0
848.0
872.0
842.0
753.0
639.0
493.0
318.0
157.0
16.0
0.0
0.0
0.0
0.0
0.0
0.0
0.0
0.0
0.0
60.0
174.0
210.0
352.0
370.0
524.0
678.0
754.0
775.0
796.0
621.0
513.0
389.0
197.0
37.0
0.0
0.0
0.0
0.0
0.0
0.0
0.0
0.0
1.0
85.0
251.0
459.0
659.0
805.0
512.0
614.0
625.0
593.0
569.0
441.0
362.0
242.0
108.0
13.0
0.0
0.0
0.0
0.0
0.0
0.0
0.0
0.0
0.0
69.0
197.0
349.0
496.0
635.0
732.0
795.0
807.0
785.0
702.0
595.0
450.0
292.0
140.0
13.0
0.0
0.0
0.0
0.0
0.0
0.0
0.0
0.0
0.0
68.0
196.0
344.0
483.0
603.0
692.0
759.0
784.0
751.0
668.0
579.0
437.0
292.0
150.0
16.0
0.0
0.0
0.0
0.0
0.0
0.0
0.0
0.0
0.0
73.0
186.0
312.0
406.0
559.0
600.0
675.0
743.0
741.0
738.0
696.0
578.0
382.0
195.0
39.0
0.0
0.0
0.0
0.0
0.0
0.0
0.0
0.0
1.0
81.0
236.0
419.0
594.0
743.0
862.0
923.0
924.0
884.0
799.0
664.0
507.0
332.0
166.0
15.0
0.0
0.0
0.0
0.0
0.0
0.0
0.0
0.0
0.0
74.0
218.0
387.0
548.0
683.0
781.0
867.0
876.0
852.0
761.0
643.0
505.0
336.0
167.0
18.0
0.0
0.0
0.0
0.0
0.0
0.0
0.0
0.0
0.0
65.0
187.0
324.0
462.0
566.0
674.0
730.0
751.0
732.0
650.0
551.0
428.0
285.0
138.0
13.0
0.0
0.0
0.0
0.0
0.0
0.0
0.0
0.0
0.0
6.0
21.0
34.0
48.0
331.0
69.0
604.0
713.0
1004.0
655.0
97.0
457.0
173.0
36.0
16.0
0.0
0.0
0.0
0.0
0.0
0.0
0.0
0.0
0.0
48.0
130.0
236.0
312.0
418.0
472.0
587.0
579.0
550.0
511.0
417.0
324.0
215.0
95.0
4.0
0.0
0.0
0.0
0.0
0.0
0.0
0.0
0.0
0.0
50.0
156.0
264.0
404.0
517.0
577.0
580.0
543.0
486.0
467.0
398.0
306.0
175.0
92.0
4.0
0.0
0.0
0.0
0.0
0.0
0.0
0.0
0.0
0.0
67.0
197.0
358.0
508.0
627.0
752.0
818.0
816.0
769.0
653.0
537.0
394.0
249.0
116.0
3.0
0.0
0.0
0.0
0.0
0.0
0.0
0.0
0.0
0.0
79.0
245.0
447.0
637.0
828.0
510.0
525.0
526.0
517.0
483.0
398.0
299.0
203.0
95.0
9.0
0.0
0.0
0.0
0.0
0.0
0.0
0.0
0.0
0.0
68.0
216.0
396.0
570.0
721.0
841.0
915.0
937.0
905.0
828.0
706.0
546.0
364.0
184.0
21.0
0.0
0.0
0.0
0.0
0.0
0.0
0.0
0.0
0.0
62.0
190.0
366.0
561.0
609.0
706.0
723.0
758.0
694.0
627.0
579.0
421.0
308.0
157.0
14.0
0.0
0.0
0.0
0.0
0.0
0.0
0.0
0.0
0.0
49.0
172.0
316.0
446.0
608.0
676.0
799.0
894.0
861.0
721.0
582.0
449.0
287.0
152.0
15.0
0.0
0.0
0.0
0.0
0.0
0.0
0.0
0.0
0.0
27.0
85.0
162.0
220.0
262.0
293.0
325.0
322.0
304.0
260.0
234.0
179.0
118.0
52.0
3.0
0.0
0.0
0.0
0.0
0.0
0.0
0.0
0.0
0.0
10.0
34.0
65.0
101.0
125.0
138.0
154.0
158.0
164.0
143.0
110.0
86.0
49.0
27.0
3.0
0.0
0.0
0.0
0.0
0.0
0.0
0.0
0.0
0.0
54.0
193.0
357.0
514.0
653.0
781.0
852.0
845.0
786.0
705.0
569.0
434.0
283.0
145.0
12.0
0.0
0.0
0.0
0.0
0.0
0.0
0.0
0.0
0.0
44.0
151.0
252.0
392.0
512.0
649.0
652.0
773.0
751.0
744.0
637.0
496.0
346.0
162.0
18.0
0.0
0.0
0.0
0.0
0.0
0.0
0.0
0.0
0.0
16.0
88.0
191.0
380.0
368.0
441.0
452.0
507.0
374.0
472.0
306.0
191.0
84.0
13.0
3.0
0.0
0.0
0.0
0.0
0.0
0.0
0.0
0.0
0.0
66.0
234.0
441.0
645.0
809.0
399.0
395.0
421.0
398.0
341.0
326.0
270.0
190.0
84.0
8.0
0.0
0.0
0.0
0.0
0.0
0.0
0.0
0.0
0.0
65.0
227.0
425.0
612.0
769.0
416.0
477.0
492.0
495.0
426.0
353.0
273.0
157.0
77.0
3.0
0.0
0.0
0.0
0.0
0.0
0.0
0.0
0.0
0.0
22.0
96.0
175.0
267.0
380.0
343.0
423.0
391.0
417.0
370.0
254.0
185.0
144.0
66.0
3.0
0.0
0.0
0.0
0.0
0.0
0.0
0.0
0.0
0.0
24.0
95.0
195.0
294.0
395.0
462.0
474.0
442.0
455.0
416.0
314.0
216.0
113.0
43.0
3.0
0.0
0.0
0.0
0.0
0.0
0.0
0.0
0.0
0.0
8.0
70.0
136.0
191.0
239.0
266.0
270.0
279.0
274.0
229.0
202.0
159.0
103.0
50.0
2.0
0.0
0.0
0.0
0.0
0.0
0.0
0.0
0.0
0.0
7.0
59.0
117.0
168.0
209.0
239.0
261.0
268.0
255.0
224.0
189.0
144.0
91.0
43.0
2.0
0.0
0.0
0.0
0.0
0.0
0.0
0.0
0.0
0.0
23.0
195.0
381.0
568.0
725.0
850.0
927.0
948.0
913.0
825.0
695.0
522.0
333.0
150.0
8.0
0.0
0.0
0.0
0.0
0.0
0.0
0.0
0.0
0.0
21.0
180.0
356.0
511.0
674.0
771.0
800.0
804.0
752.0
689.0
533.0
386.0
239.0
99.0
2.0
0.0
0.0
0.0
0.0
0.0
0.0
0.0
0.0
0.0
39.0
103.0
31.0
159.0
249.0
429.0
611.0
624.0
811.0
575.0
491.0
293.0
179.0
107.0
25.0
0.0
0.0
0.0
0.0
0.0
0.0
0.0
0.0
0.0
15.0
134.0
276.0
425.0
567.0
650.0
719.0
708.0
688.0
610.0
496.0
373.0
218.0
88.0
2.0
0.0
0.0
0.0
0.0
0.0
0.0
0.0
0.0
0.0
16.0
158.0
306.0
440.0
546.0
627.0
705.0
750.0
774.0
646.0
518.0
404.0
264.0
113.0
5.0
0.0
0.0
0.0
0.0
0.0
0.0
0.0
0.0
0.0
6.0
65.0
133.0
196.0
251.0
289.0
315.0
326.0
319.0
274.0
218.0
168.0
102.0
44.0
2.0
0.0
0.0
0.0
0.0
0.0
0.0
0.0
0.0
0.0
9.0
103.0
203.0
315.0
420.0
518.0
503.0
504.0
504.0
457.0
377.0
284.0
169.0
80.0
2.0
0.0
0.0
0.0
0.0
0.0
0.0
0.0
0.0
0.0
4.0
32.0
65.0
108.0
133.0
164.0
162.0
177.0
167.0
135.0
117.0
86.0
53.0
20.0
1.0
0.0
0.0
0.0
0.0
0.0
0.0
0.0
0.0
0.0
8.0
78.0
154.0
225.0
293.0
367.0
363.0
344.0
324.0
307.0
240.0
189.0
109.0
45.0
1.0
0.0
0.0
0.0
0.0
0.0
0.0
0.0
0.0
0.0
12.0
151.0
312.0
480.0
613.0
721.0
820.0
850.0
792.0
719.0
586.0
432.0
273.0
109.0
3.0
0.0
0.0
0.0
0.0
0.0
0.0
0.0
0.0
0.0
5.0
70.0
136.0
207.0
302.0
343.0
369.0
386.0
372.0
329.0
266.0
202.0
115.0
47.0
1.0
0.0
0.0
0.0
0.0
0.0
0.0
0.0
0.0
0.0
7.0
106.0
220.0
336.0
451.0
545.0
580.0
624.0
609.0
558.0
466.0
327.0
192.0
72.0
1.0
0.0
0.0
0.0
0.0
0.0
0.0
0.0
0.0
0.0
7.0
63.0
158.0
275.0
356.0
304.0
287.0
342.0
318.0
338.0
388.0
392.0
224.0
120.0
7.0
0.0
0.0
0.0
0.0
0.0
0.0
0.0
0.0
0.0
2.0
55.0
132.0
201.0
243.0
289.0
303.0
342.0
305.0
241.0
197.0
155.0
95.0
51.0
2.0
0.0
0.0
0.0
0.0
0.0
0.0
0.0
0.0
0.0
2.0
52.0
116.0
178.0
234.0
275.0
314.0
308.0
302.0
281.0
204.0
156.0
97.0
45.0
1.0
0.0
0.0
0.0
0.0
0.0
0.0
0.0
0.0
0.0
8.0
138.0
299.0
461.0
595.0
696.0
758.0
782.0
760.0
674.0
548.0
398.0
235.0
90.0
1.0
0.0
0.0
0.0
0.0
0.0
0.0
0.0
0.0
0.0
2.0
58.0
144.0
224.0
279.0
332.0
376.0
419.0
388.0
346.0
294.0
222.0
146.0
49.0
1.0
0.0
0.0
0.0
0.0
0.0
0.0
0.0
0.0
0.0
2.0
104.0
282.0
293.0
216.0
139.0
227.0
381.0
346.0
157.0
272.0
148.0
50.0
9.0
1.0
0.0
0.0
0.0
0.0
0.0
0.0
0.0
0.0
0.0
7.0
149.0
333.0
518.0
675.0
799.0
874.0
889.0
853.0
760.0
623.0
448.0
262.0
94.0
1.0
0.0
0.0
0.0
0.0
0.0
0.0
0.0
0.0
0.0
6.0
140.0
321.0
505.0
667.0
794.0
864.0
879.0
844.0
751.0
615.0
446.0
260.0
93.0
1.0
0.0
0.0
0.0
0.0
0.0
0.0
0.0
0.0
0.0
5.0
116.0
268.0
411.0
530.0
624.0
688.0
696.0
658.0
584.0
471.0
352.0
197.0
68.0
0.0
0.0
0.0
0.0
0.0
0.0
0.0
0.0
0.0
0.0
2.0
59.0
136.0
196.0
283.0
313.0
349.0
342.0
346.0
337.0
259.0
179.0
120.0
48.0
1.0
0.0
0.0
0.0
0.0
0.0
0.0
0.0
0.0
0.0
4.0
116.0
271.0
427.0
565.0
669.0
725.0
740.0
710.0
638.0
522.0
375.0
214.0
73.0
0.0
0.0
0.0
0.0
0.0
0.0
0.0
0.0
0.0
0.0
4.0
134.0
312.0
492.0
649.0
768.0
838.0
856.0
819.0
730.0
598.0
430.0
247.0
82.0
0.0
0.0
0.0
0.0
0.0
0.0
0.0
0.0
0.0
0.0
3.0
122.0
291.0
477.0
587.0
518.0
709.0
687.0
713.0
616.0
451.0
248.0
176.0
44.0
0.0
0.0
0.0
0.0
0.0
0.0
0.0
0.0
0.0
0.0
4.0
129.0
306.0
489.0
648.0
770.0
843.0
867.0
838.0
748.0
615.0
446.0
252.0
83.0
0.0
0.0
0.0
0.0
0.0
0.0
0.0
0.0
0.0
0.0
1.0
76.0
180.0
268.0
376.0
414.0
420.0
470.0
445.0
416.0
343.0
257.0
147.0
47.0
0.0
0.0
0.0
0.0
0.0
0.0
0.0
0.0
0.0
0.0
4.0
129.0
333.0
541.0
707.0
523.0
504.0
540.0
551.0
465.0
373.0
258.0
131.0
38.0
0.0
0.0
0.0
0.0
0.0
0.0
0.0
0.0
0.0
0.0
1.0
14.0
37.0
151.0
281.0
300.0
371.0
328.0
684.0
774.0
573.0
465.0
255.0
75.0
0.0
0.0
0.0
0.0
0.0
0.0
0.0
0.0
0.0
0.0
2.0
115.0
288.0
459.0
618.0
733.0
794.0
825.0
787.0
699.0
565.0
403.0
221.0
63.0
0.0
0.0
0.0
0.0
0.0
0.0
0.0
0.0
0.0
0.0
2.0
109.0
277.0
440.0
593.0
713.0
786.0
801.0
769.0
680.0
543.0
378.0
204.0
27.0
0.0
0.0
0.0
0.0
0.0
0.0
0.0
0.0
0.0
0.0
1.0
59.0
140.0
245.0
338.0
392.0
408.0
440.0
486.0
423.0
327.0
228.0
92.0
5.0
0.0
0.0
0.0
0.0
0.0
0.0
0.0
0.0
0.0
0.0
1.0
51.0
132.0
209.0
296.0
359.0
382.0
435.0
424.0
377.0
307.0
201.0
104.0
16.0
0.0
0.0
0.0
0.0
0.0
0.0
0.0
0.0
0.0
0.0
1.0
94.0
262.0
399.0
705.0
477.0
568.0
390.0
436.0
207.0
213.0
32.0
17.0
4.0
0.0
0.0
0.0
0.0
0.0
0.0
0.0
0.0
0.0
0.0
1.0
107.0
284.0
470.0
631.0
753.0
832.0
835.0
781.0
684.0
536.0
367.0
185.0
16.0
0.0
0.0
0.0
0.0
0.0
0.0
0.0
0.0
0.0
0.0
1.0
103.0
278.0
467.0
629.0
755.0
827.0
853.0
807.0
720.0
575.0
402.0
209.0
24.0
0.0
0.0
0.0
0.0
0.0
0.0
0.0
0.0
0.0
0.0
1.0
93.0
255.0
423.0
574.0
696.0
757.0
782.0
752.0
651.0
518.0
356.0
182.0
17.0
0.0
0.0
0.0
0.0
0.0
0.0
0.0
0.0
0.0
0.0
1.0
89.0
230.0
397.0
539.0
660.0
708.0
712.0
719.0
654.0
530.0
360.0
181.0
17.0
0.0
0.0
0.0
0.0
0.0
0.0
0.0
0.0
0.0
0.0
1.0
94.0
259.0
436.0
588.0
705.0
736.0
752.0
686.0
607.0
472.0
309.0
150.0
7.0
0.0
0.0
0.0
0.0
0.0
0.0
0.0
0.0
0.0
0.0
0.0
62.0
169.0
250.0
314.0
336.0
374.0
377.0
415.0
429.0
344.0
267.0
109.0
3.0
0.0
0.0
0.0
0.0
0.0
0.0
0.0
0.0
0.0
0.0
3.0
105.0
96.0
229.0
698.0
553.0
859.0
602.0
67.0
58.0
46.0
31.0
15.0
3.0
0.0
0.0
0.0
0.0
0.0
0.0
0.0
0.0
0.0
0.0
0.0
44.0
116.0
203.0
256.0
347.0
349.0
326.0
272.0
264.0
221.0
156.0
56.0
2.0
0.0
0.0
0.0
0.0
0.0
0.0
0.0
0.0
0.0
0.0
0.0
89.0
264.0
452.0
618.0
740.0
815.0
829.0
784.0
683.0
536.0
357.0
169.0
9.0
0.0
0.0
0.0
0.0
0.0
0.0
0.0
0.0
0.0
0.0
0.0
66.0
239.0
376.0
466.0
489.0
477.0
588.0
651.0
579.0
502.0
369.0
169.0
11.0
0.0
0.0
0.0
0.0
0.0
0.0
0.0
0.0
0.0
0.0
0.0
7.0
143.0
196.0
556.0
508.0
130.0
178.0
401.0
396.0
304.0
353.0
174.0
6.0
0.0
0.0
0.0
0.0
0.0
0.0
0.0
0.0
0.0
0.0
0.0
38.0
130.0
236.0
303.0
353.0
394.0
336.0
292.0
261.0
266.0
146.0
69.0
2.0
0.0
0.0
0.0
0.0
0.0
0.0
0.0
0.0
0.0
0.0
0.0
25.0
80.0
135.0
193.0
237.0
270.0
262.0
236.0
217.0
167.0
113.0
49.0
2.0
0.0
0.0
0.0
0.0
0.0
0.0
0.0
0.0
0.0
0.0
0.0
42.0
137.0
222.0
305.0
369.0
373.0
370.0
373.0
309.0
223.0
152.0
56.0
1.0
0.0
0.0
0.0
0.0
0.0
0.0
0.0
0.0
0.0
0.0
0.0
69.0
211.0
417.0
533.0
653.0
657.0
656.0
618.0
504.0
411.0
279.0
119.0
4.0
0.0
0.0
0.0
0.0
0.0
0.0
0.0
0.0
0.0
0.0
0.0
69.0
225.0
392.0
540.0
645.0
712.0
711.0
662.0
586.0
449.0
279.0
114.0
1.0
0.0
0.0
0.0
0.0
0.0
0.0
0.0
0.0
0.0
0.0
0.0
6.0
21.0
37.0
51.0
62.0
67.0
66.0
62.0
54.0
41.0
28.0
11.0
1.0
0.0
0.0
0.0
0.0
0.0
0.0
0.0
0.0
0.0
0.0
0.0
49.0
171.0
305.0
434.0
526.0
553.0
538.0
525.0
425.0
318.0
202.0
75.0
1.0
0.0
0.0
0.0
0.0
0.0
0.0
0.0
0.0
0.0
0.0
0.0
41.0
147.0
259.0
354.0
426.0
493.0
484.0
476.0
406.0
320.0
205.0
74.0
1.0
0.0
0.0
0.0
0.0
0.0
0.0
0.0
0.0
0.0
0.0
0.0
28.0
208.0
374.0
529.0
649.0
698.0
705.0
654.0
555.0
410.0
254.0
99.0
1.0
0.0
0.0
0.0
0.0
0.0
0.0
0.0
0.0
0.0
0.0
0.0
28.0
216.0
387.0
540.0
659.0
715.0
724.0
669.0
569.0
427.0
259.0
96.0
0.0
0.0
0.0
0.0
0.0
0.0
0.0
0.0
0.0
0.0
0.0
0.0
30.0
233.0
423.0
588.0
712.0
780.0
791.0
739.0
631.0
478.0
293.0
109.0
1.0
0.0
0.0
0.0
0.0
0.0
0.0
0.0
0.0
0.0
0.0
0.0
21.0
157.0
341.0
542.0
442.0
359.0
595.0
462.0
501.0
381.0
271.0
106.0
3.0
0.0
0.0
0.0
0.0
0.0
0.0
0.0
0.0
0.0
0.0
0.0
32.0
140.0
393.0
265.0
501.0
383.0
264.0
64.0
363.0
219.0
129.0
23.0
1.0
0.0
0.0
0.0
0.0
0.0
0.0
0.0
0.0
0.0
0.0
0.0
4.0
139.0
258.0
288.0
395.0
277.0
350.0
465.0
421.0
246.0
120.0
39.0
0.0
0.0
0.0
0.0
0.0
0.0
0.0
0.0
0.0
0.0
0.0
0.0
22.0
187.0
325.0
447.0
580.0
630.0
619.0
598.0
527.0
391.0
230.0
78.0
0.0
0.0
0.0
0.0
0.0
0.0
0.0
0.0
0.0
0.0
0.0
0.0
4.0
18.0
52.0
48.0
106.0
65.0
466.0
302.0
279.0
257.0
181.0
62.0
0.0
0.0
0.0
0.0
0.0
0.0
0.0
0.0
0.0
0.0
0.0
0.0
8.0
185.0
220.0
595.0
423.0
278.0
193.0
224.0
61.0
154.0
91.0
9.0
0.0
0.0
0.0
0.0
0.0
0.0
0.0
0.0
0.0
0.0
0.0
0.0
8.0
124.0
199.0
296.0
435.0
364.0
344.0
366.0
335.0
332.0
278.0
84.0
0.0
0.0
0.0
0.0
0.0
0.0
0.0
0.0
0.0
0.0
0.0
0.0
15.0
154.0
367.0
496.0
631.0
581.0
515.0
477.0
369.0
259.0
155.0
46.0
0.0
0.0
0.0
0.0
0.0
0.0
0.0
0.0
0.0
0.0
0.0
0.0
15.0
171.0
318.0
447.0
544.0
641.0
652.0
599.0
515.0
369.0
213.0
32.0
0.0
0.0
0.0
0.0
0.0
0.0
0.0
0.0
0.0
0.0
0.0
0.0
14.0
175.0
347.0
502.0
615.0
658.0
638.0
578.0
484.0
337.0
171.0
15.0
0.0
0.0
0.0
0.0
0.0
0.0
0.0
0.0
0.0
0.0
0.0
0.0
13.0
185.0
369.0
532.0
654.0
722.0
730.0
678.0
567.0
413.0
230.0
30.0
0.0
0.0
0.0
0.0
0.0
0.0
0.0
0.0
0.0
0.0
0.0
0.0
3.0
62.0
116.0
163.0
176.0
222.0
220.0
265.0
197.0
180.0
92.0
6.0
0.0
0.0
0.0
0.0
0.0
0.0
0.0
0.0
0.0
0.0
0.0
0.0
3.0
99.0
190.0
265.0
292.0
344.0
501.0
553.0
532.0
429.0
230.0
26.0
0.0
0.0
0.0
0.0
0.0
0.0
0.0
0.0
0.0
0.0
0.0
0.0
10.0
161.0
282.0
419.0
561.0
539.0
565.0
551.0
480.0
316.0
159.0
11.0
0.0
0.0
0.0
0.0
0.0
0.0
0.0
0.0
0.0
0.0
0.0
0.0
2.0
14.0
36.0
53.0
53.0
62.0
450.0
422.0
354.0
241.0
130.0
12.0
0.0
0.0
0.0
0.0
0.0
0.0
0.0
0.0
0.0
0.0
0.0
0.0
2.0
16.0
29.0
39.0
49.0
54.0
382.0
343.0
289.0
204.0
104.0
8.0
0.0
0.0
0.0
0.0
0.0
0.0
0.0
0.0
0.0
0.0
0.0
0.0
4.0
140.0
291.0
389.0
464.0
509.0
518.0
503.0
456.0
330.0
151.0
13.0
0.0
0.0
0.0
0.0
0.0
0.0
0.0
0.0
0.0
0.0
0.0
0.0
7.0
156.0
319.0
471.0
572.0
617.0
627.0
561.0
471.0
328.0
174.0
11.0
0.0
0.0
0.0
0.0
0.0
0.0
0.0
0.0
0.0
0.0
0.0
0.0
5.0
78.0
184.0
218.0
270.0
284.0
290.0
252.0
219.0
158.0
70.0
3.0
0.0
0.0
0.0
0.0
0.0
0.0
0.0
0.0
0.0
0.0
0.0
0.0
4.0
110.0
241.0
370.0
436.0
469.0
493.0
378.0
255.0
210.0
88.0
2.0
0.0
0.0
0.0
0.0
0.0
0.0
0.0
0.0
0.0
0.0
0.0
0.0
8.0
154.0
270.0
406.0
445.0
289.0
301.0
318.0
341.0
376.0
181.0
28.0
0.0
0.0
0.0
0.0
0.0
0.0
0.0
0.0
0.0
0.0
0.0
0.0
4.0
137.0
290.0
437.0
550.0
610.0
541.0
489.0
384.0
247.0
108.0
4.0
0.0
0.0
0.0
0.0
0.0
0.0
0.0
0.0
0.0
0.0
0.0
0.0
3.0
114.0
128.0
162.0
277.0
340.0
506.0
494.0
349.0
349.0
138.0
5.0
0.0
0.0
0.0
0.0
0.0
0.0
0.0
0.0
0.0
0.0
0.0
0.0
1.0
66.0
163.0
234.0
286.0
341.0
373.0
345.0
271.0
196.0
90.0
4.0
0.0
0.0
0.0
0.0
0.0
0.0
0.0
0.0
0.0
0.0
0.0
0.0
3.0
132.0
300.0
455.0
572.0
637.0
635.0
577.0
467.0
312.0
142.0
5.0
0.0
0.0
0.0
0.0
0.0
0.0
0.0
0.0
0.0
0.0
0.0
0.0
3.0
127.0
291.0
444.0
555.0
616.0
619.0
564.0
448.0
297.0
133.0
4.0
0.0
0.0
0.0
0.0
0.0
0.0
0.0
0.0
0.0
0.0
0.0
0.0
1.0
10.0
23.0
36.0
45.0
50.0
375.0
341.0
268.0
183.0
81.0
2.0
0.0
0.0
0.0
0.0
0.0
0.0
0.0
0.0
0.0
0.0
0.0
0.0
5.0
124.0
242.0
311.0
332.0
405.0
296.0
169.0
57.0
86.0
15.0
1.0
0.0
0.0
0.0
0.0
0.0
0.0
0.0
0.0
0.0
0.0
0.0
0.0
1.0
23.0
56.0
87.0
100.0
107.0
96.0
92.0
70.0
46.0
18.0
1.0
0.0
0.0
0.0
0.0
0.0
0.0
0.0
0.0
0.0
0.0
0.0
0.0
1.0
10.0
24.0
181.0
245.0
254.0
107.0
248.0
232.0
139.0
68.0
1.0
0.0
0.0
0.0
0.0
0.0
0.0
0.0
0.0
0.0
0.0
0.0
0.0
1.0
47.0
126.0
67.0
312.0
309.0
365.0
268.0
292.0
285.0
119.0
9.0
0.0
0.0
0.0
0.0
0.0
0.0
0.0
0.0
0.0
0.0
0.0
0.0
1.0
103.0
261.0
415.0
525.0
592.0
593.0
528.0
410.0
257.0
103.0
1.0
0.0
0.0
0.0
0.0
0.0
0.0
0.0
0.0
0.0
0.0
0.0
0.0
1.0
91.0
228.0
369.0
466.0
507.0
505.0
442.0
351.0
223.0
83.0
1.0
0.0
0.0
0.0
0.0
0.0
0.0
0.0
0.0
0.0
0.0
0.0
0.0
0.0
67.0
175.0
261.0
338.0
358.0
379.0
307.0
252.0
150.0
68.0
0.0
0.0
0.0
0.0
0.0
0.0
0.0
0.0
0.0
0.0
0.0
0.0
0.0
0.0
63.0
188.0
310.0
409.0
520.0
469.0
388.0
300.0
218.0
81.0
1.0
0.0
0.0
0.0
0.0
0.0
0.0
0.0
0.0
0.0
0.0
0.0
0.0
0.0
9.0
22.0
33.0
42.0
47.0
373.0
331.0
264.0
167.0
63.0
0.0
0.0
0.0
0.0
0.0
0.0
0.0
0.0
0.0
0.0
0.0
0.0
0.0
1.0
17.0
74.0
184.0
330.0
301.0
384.0
366.0
350.0
223.0
96.0
1.0
0.0
0.0
0.0
0.0
0.0
0.0
0.0
0.0
0.0
0.0
0.0
0.0
0.0
10.0
23.0
36.0
41.0
52.0
370.0
343.0
268.0
168.0
65.0
0.0
0.0
0.0
0.0
0.0
0.0
0.0
0.0
0.0
0.0
0.0
0.0
0.0
0.0
80.0
224.0
367.0
473.0
530.0
528.0
474.0
368.0
232.0
81.0
0.0
0.0
0.0
0.0
0.0
0.0
0.0
0.0
0.0
0.0
0.0
0.0
0.0
1.0
48.0
83.0
199.0
196.0
119.0
214.0
287.0
189.0
138.0
11.0
0.0
0.0
0.0
0.0
0.0
0.0
0.0
0.0
0.0
0.0
0.0
0.0
0.0
0.0
16.0
64.0
380.0
311.0
517.0
484.0
196.0
120.0
59.0
5.0
0.0
0.0
0.0
0.0
0.0
0.0
0.0
0.0
0.0
0.0
0.0
0.0
0.0
0.0
6.0
18.0
43.0
261.0
332.0
202.0
426.0
403.0
154.0
32.0
0.0
0.0
0.0
0.0
0.0
0.0
0.0
0.0
0.0
0.0
0.0
0.0
0.0
0.0
42.0
162.0
282.0
440.0
515.0
492.0
378.0
205.0
102.0
34.0
0.0
0.0
0.0
0.0
0.0
0.0
0.0
0.0
0.0
0.0
0.0
0.0
0.0
0.0
67.0
210.0
351.0
445.0
505.0
504.0
453.0
353.0
218.0
70.0
0.0
0.0
0.0
0.0
0.0
0.0
0.0
0.0
0.0
0.0
0.0
0.0
0.0
0.0
15.0
50.0
102.0
140.0
127.0
133.0
126.0
116.0
68.0
18.0
0.0
0.0
0.0
0.0
0.0
0.0
0.0
0.0
0.0
0.0
0.0
0.0
0.0
0.0
52.0
82.0
193.0
332.0
204.0
40.0
183.0
258.0
191.0
35.0
0.0
0.0
0.0
0.0
0.0
0.0
0.0
0.0
0.0
0.0
0.0
0.0
0.0
0.0
50.0
175.0
284.0
373.0
413.0
364.0
305.0
232.0
107.0
5.0
0.0
0.0
0.0
0.0
0.0
0.0
0.0
0.0
0.0
0.0
0.0
0.0
0.0
0.0
24.0
172.0
261.0
371.0
423.0
473.0
424.0
326.0
176.0
29.0
0.0
0.0
0.0
0.0
0.0
0.0
0.0
0.0
0.0
0.0
0.0
0.0
0.0
0.0
13.0
105.0
197.0
278.0
282.0
332.0
362.0
294.0
202.0
45.0
0.0
0.0
0.0
0.0
0.0
0.0
0.0
0.0
0.0
0.0
0.0
0.0
0.0
0.0
9.0
55.0
47.0
164.0
134.0
173.0
177.0
139.0
91.0
6.0
0.0
0.0
0.0
0.0
0.0
0.0
0.0
0.0
0.0
0.0
0.0
0.0
0.0
0.0
8.0
62.0
106.0
111.0
138.0
149.0
125.0
87.0
54.0
4.0
0.0
0.0
0.0
0.0
0.0
0.0
0.0
0.0
0.0
0.0
0.0
0.0
0.0
0.0
6.0
58.0
105.0
133.0
161.0
166.0
147.0
102.0
53.0
4.0
0.0
0.0
0.0
0.0
0.0
0.0
0.0
0.0
0.0
0.0
0.0
0.0
0.0
0.0
4.0
15.0
133.0
165.0
315.0
347.0
372.0
239.0
89.0
14.0
0.0
0.0
0.0
0.0
0.0
0.0
0.0
0.0
0.0
0.0
0.0
0.0
0.0
0.0
4.0
16.0
49.0
61.0
61.0
359.0
368.0
249.0
142.0
4.0
0.0
0.0
0.0
0.0
0.0
0.0
0.0
0.0
0.0
0.0
0.0
0.0
0.0
0.0
7.0
85.0
160.0
198.0
200.0
230.0
212.0
173.0
90.0
3.0
0.0
0.0
0.0
0.0
0.0
0.0
0.0
0.0
0.0
0.0
0.0
0.0
0.0
0.0
3.0
85.0
175.0
209.0
223.0
262.0
221.0
151.0
66.0
4.0
0.0
0.0
0.0
0.0
0.0
0.0
0.0
0.0
0.0
0.0
0.0
0.0
0.0
0.0
3.0
54.0
76.0
166.0
226.0
191.0
352.0
318.0
154.0
26.0
0.0
0.0
0.0
0.0
0.0
0.0
0.0
0.0
0.0
0.0
0.0
0.0
0.0
0.0
6.0
99.0
161.0
239.0
286.0
326.0
288.0
195.0
82.0
3.0
0.0
0.0
0.0
0.0
0.0
0.0
0.0
0.0
0.0
0.0
0.0
0.0
0.0
0.0
10.0
175.0
264.0
380.0
327.0
225.0
323.0
200.0
97.0
11.0
0.0
0.0
0.0
0.0
0.0
0.0
0.0
0.0
0.0
0.0
0.0
0.0
0.0
0.0
5.0
68.0
144.0
180.0
192.0
190.0
154.0
108.0
52.0
3.0
0.0
0.0
0.0
0.0
0.0
0.0
0.0
0.0
0.0
0.0
0.0
0.0
0.0
0.0
13.0
77.0
248.0
304.0
305.0
269.0
178.0
145.0
64.0
3.0
0.0
0.0
0.0
0.0
0.0
0.0
0.0
0.0
0.0
0.0
0.0
0.0
0.0
0.0
9.0
141.0
278.0
381.0
435.0
448.0
374.0
272.0
139.0
8.0
0.0
0.0
0.0
0.0
0.0
0.0
0.0
0.0
0.0
0.0
0.0
0.0
0.0
0.0
8.0
140.0
275.0
371.0
409.0
424.0
356.0
260.0
131.0
5.0
0.0
0.0
0.0
0.0
0.0
0.0
0.0
0.0
0.0
0.0
0.0
0.0
0.0
0.0
2.0
83.0
185.0
261.0
268.0
221.0
204.0
177.0
68.0
13.0
0.0
0.0
0.0
0.0
0.0
0.0
0.0
0.0
0.0
0.0
0.0
0.0
0.0
0.0
2.0
11.0
31.0
57.0
52.0
317.0
269.0
202.0
101.0
6.0
0.0
0.0
0.0
0.0
0.0
0.0
0.0
0.0
0.0
0.0
0.0
0.0
0.0
0.0
3.0
67.0
125.0
144.0
252.0
192.0
199.0
151.0
63.0
2.0
0.0
0.0
0.0
0.0
0.0
0.0
0.0
0.0
0.0
0.0
0.0
0.0
0.0
0.0
2.0
91.0
207.0
311.0
360.0
364.0
326.0
250.0
121.0
7.0
0.0
0.0
0.0
0.0
0.0
0.0
0.0
0.0
0.0
0.0
0.0
0.0
0.0
0.0
1.0
22.0
41.0
63.0
74.0
65.0
59.0
46.0
25.0
2.0
0.0
0.0
0.0
0.0
0.0
0.0
0.0
0.0
0.0
0.0
0.0
0.0
0.0
0.0
1.0
15.0
32.0
44.0
51.0
55.0
47.0
35.0
19.0
2.0
0.0
0.0
0.0
0.0
0.0
0.0
0.0
0.0
0.0
0.0
0.0
0.0
0.0
0.0
1.0
24.0
43.0
71.0
96.0
97.0
86.0
59.0
30.0
2.0
0.0
0.0
0.0
0.0
0.0
0.0
0.0
0.0
0.0
0.0
0.0
0.0
0.0
0.0
4.0
74.0
117.0
164.0
124.0
98.0
137.0
179.0
97.0
14.0
0.0
0.0
0.0
0.0
0.0
0.0
0.0
0.0
0.0
0.0
0.0
0.0
0.0
0.0
1.0
16.0
66.0
98.0
190.0
224.0
129.0
167.0
70.0
6.0
0.0
0.0
0.0
0.0
0.0
0.0
0.0
0.0
0.0
0.0
0.0
0.0
0.0
0.0
2.0
93.0
205.0
287.0
325.0
303.0
262.0
192.0
85.0
2.0
0.0
0.0
0.0
0.0
0.0
0.0
0.0
0.0
0.0
0.0
0.0
0.0
0.0
0.0
2.0
60.0
145.0
197.0
219.0
206.0
185.0
138.0
66.0
2.0
0.0
0.0
0.0
0.0
0.0
0.0
0.0
0.0
0.0
0.0
0.0
0.0
0.0
0.0
1.0
91.0
197.0
316.0
384.0
364.0
311.0
207.0
96.0
2.0
0.0
0.0
0.0
0.0
0.0
0.0
0.0
0.0
0.0
0.0
0.0
0.0
0.0
0.0
1.0
21.0
48.0
79.0
95.0
90.0
71.0
44.0
22.0
2.0
0.0
0.0
0.0
0.0
0.0
0.0
0.0
0.0
0.0
0.0
0.0
0.0
0.0
0.0
1.0
8.0
19.0
121.0
34.0
289.0
189.0
285.0
142.0
21.0
0.0
0.0
0.0
0.0
0.0
0.0
0.0
0.0
0.0
0.0
0.0
0.0
0.0
0.0
1.0
76.0
184.0
276.0
337.0
348.0
314.0
217.0
109.0
3.0
0.0
0.0
0.0
0.0
0.0
0.0
0.0
0.0
0.0
0.0
0.0
0.0
0.0
0.0
1.0
91.0
213.0
281.0
353.0
354.0
318.0
257.0
128.0
6.0
0.0
0.0
0.0
0.0
0.0
0.0
0.0
0.0
0.0
0.0
0.0
0.0
0.0
0.0
1.0
34.0
76.0
110.0
137.0
134.0
117.0
84.0
43.0
2.0
0.0
0.0
0.0
0.0
0.0
0.0
0.0
0.0
0.0
0.0
0.0
0.0
0.0
0.0
0.0
28.0
52.0
114.0
126.0
116.0
92.0
90.0
46.0
5.0
0.0
0.0
0.0
0.0
0.0
0.0
0.0
0.0
0.0
0.0
0.0
0.0
0.0
0.0
0.0
54.0
121.0
181.0
224.0
219.0
185.0
140.0
70.0
3.0
0.0
0.0
0.0
0.0
0.0
0.0
0.0
0.0
0.0
0.0
0.0
0.0
0.0
0.0
0.0
80.0
185.0
279.0
341.0
378.0
338.0
243.0
119.0
6.0
0.0
0.0
0.0
0.0
0.0
0.0
0.0
0.0
0.0
0.0
0.0
0.0
0.0
0.0
1.0
60.0
131.0
169.0
152.0
169.0
190.0
122.0
48.0
1.0
0.0
0.0
0.0
0.0
0.0
0.0
0.0
0.0
0.0
0.0
0.0
0.0
0.0
0.0
1.0
73.0
181.0
322.0
370.0
344.0
303.0
225.0
98.0
3.0
0.0
0.0
0.0
0.0
0.0
0.0
0.0
0.0
0.0
0.0
0.0
0.0
0.0
0.0
0.0
7.0
18.0
27.0
33.0
227.0
184.0
148.0
104.0
4.0
0.0
0.0
0.0
0.0
0.0
0.0
0.0
0.0
0.0
0.0
0.0
0.0
0.0
0.0
0.0
9.0
20.0
26.0
31.0
244.0
226.0
164.0
83.0
4.0
0.0
0.0
0.0
0.0
0.0
0.0
0.0
0.0
0.0
0.0
0.0
0.0
0.0
0.0
0.0
38.0
97.0
153.0
179.0
184.0
172.0
124.0
60.0
2.0
0.0
0.0
0.0
0.0
0.0
0.0
0.0
0.0
0.0
0.0
0.0
0.0
0.0
0.0
0.0
27.0
69.0
105.0
123.0
127.0
121.0
88.0
41.0
2.0
0.0
0.0
0.0
0.0
0.0
0.0
0.0
0.0
0.0
0.0
0.0
0.0
0.0
0.0
0.0
44.0
132.0
177.0
193.0
223.0
198.0
157.0
73.0
2.0
0.0
0.0
0.0
0.0
0.0
0.0
0.0
0.0
0.0
0.0
0.0
0.0
0.0
0.0
0.0
29.0
81.0
126.0
145.0
143.0
125.0
92.0
45.0
2.0
0.0
0.0
0.0
0.0
0.0
0.0
0.0
0.0
0.0
0.0
0.0
0.0
0.0
0.0
0.0
68.0
162.0
279.0
318.0
327.0
268.0
199.0
98.0
5.0
0.0
0.0
0.0
0.0
0.0
0.0
0.0
0.0
0.0
0.0
0.0
0.0
0.0
0.0
0.0
40.0
127.0
204.0
250.0
265.0
236.0
150.0
61.0
2.0
0.0
0.0
0.0
0.0
0.0
0.0
0.0
0.0
0.0
0.0
0.0
0.0
0.0
0.0
0.0
56.0
148.0
148.0
235.0
270.0
263.0
258.0
132.0
17.0
0.0
0.0
0.0
0.0
0.0
0.0
0.0
0.0
0.0
0.0
0.0
0.0
0.0
0.0
0.0
13.0
39.0
56.0
71.0
69.0
59.0
45.0
25.0
2.0
0.0
0.0
0.0
0.0
0.0
0.0
0.0
0.0
0.0
0.0
0.0
0.0
0.0
0.0
0.0
53.0
136.0
212.0
267.0
275.0
224.0
146.0
75.0
2.0
0.0
0.0
0.0
0.0
0.0
0.0
0.0
0.0
0.0
0.0
0.0
0.0
0.0
0.0
0.0
11.0
19.0
25.0
31.0
238.0
217.0
165.0
89.0
6.0
0.0
0.0
0.0
0.0
0.0
0.0
0.0
0.0
0.0
0.0
0.0
0.0
0.0
0.0
0.0
51.0
136.0
213.0
235.0
279.0
231.0
172.0
83.0
2.0
0.0
0.0
0.0
0.0
0.0
0.0
0.0
0.0
0.0
0.0
0.0
0.0
0.0
0.0
0.0
73.0
216.0
197.0
176.0
196.0
161.0
127.0
48.0
7.0
0.0
0.0
0.0
0.0
0.0
0.0
0.0
0.0
0.0
0.0
0.0
0.0
0.0
0.0
0.0
55.0
201.0
317.0
274.0
262.0
222.0
103.0
61.0
2.0
0.0
0.0
0.0
0.0
0.0
0.0
0.0
0.0
0.0
0.0
0.0
0.0
0.0
0.0
0.0
13.0
37.0
58.0
68.0
74.0
59.0
42.0
25.0
2.0
0.0
0.0
0.0
0.0
0.0
0.0
0.0
0.0
0.0
0.0
0.0
0.0
0.0
0.0
0.0
7.0
21.0
30.0
37.0
36.0
34.0
27.0
15.0
2.0
0.0
0.0
0.0
0.0
0.0
0.0
0.0
0.0
0.0
0.0
0.0
0.0
0.0
0.0
0.0
70.0
198.0
313.0
375.0
373.0
341.0
253.0
138.0
9.0
0.0
0.0
0.0
0.0
0.0
0.0
