0.0
0.0
0.0
0.0
0.0
0.0
0.0
0.0
1.0
132.0
320.0
459.0
542.0
561.0
517.0
411.0
251.0
54.0
0.0
0.0
0.0
0.0
0.0
0.0
0.0
0.0
0.0
0.0
0.0
0.0
0.0
0.0
1.0
132.0
320.0
460.0
543.0
563.0
519.0
414.0
254.0
57.0
0.0
0.0
0.0
0.0
0.0
0.0
0.0
0.0
0.0
0.0
0.0
0.0
0.0
0.0
1.0
133.0
321.0
461.0
545.0
565.0
521.0
416.0
257.0
59.0
0.0
0.0
0.0
0.0
0.0
0.0
0.0
0.0
0.0
0.0
0.0
0.0
0.0
0.0
1.0
133.0
321.0
463.0
546.0
567.0
524.0
420.0
261.0
62.0
0.0
0.0
0.0
0.0
0.0
0.0
0.0
0.0
0.0
0.0
0.0
0.0
0.0
0.0
1.0
133.0
322.0
464.0
548.0
570.0
527.0
423.0
264.0
64.0
0.0
0.0
0.0
0.0
0.0
0.0
0.0
0.0
0.0
0.0
0.0
0.0
0.0
0.0
1.0
134.0
323.0
466.0
550.0
572.0
530.0
426.0
268.0
67.0
0.0
0.0
0.0
0.0
0.0
0.0
0.0
0.0
0.0
0.0
0.0
0.0
0.0
0.0
1.0
135.0
325.0
467.0
553.0
575.0
533.0
430.0
271.0
70.0
0.0
0.0
0.0
0.0
0.0
0.0
0.0
0.0
0.0
0.0
0.0
0.0
0.0
0.0
2.0
136.0
326.0
469.0
555.0
578.0
536.0
433.0
275.0
73.0
0.0
0.0
0.0
0.0
0.0
0.0
0.0
0.0
0.0
0.0
0.0
0.0
0.0
0.0
2.0
137.0
328.0
471.0
558.0
581.0
540.0
437.0
279.0
76.0
0.0
0.0
0.0
0.0
0.0
0.0
0.0
0.0
0.0
0.0
0.0
0.0
0.0
0.0
2.0
138.0
329.0
473.0
560.0
584.0
543.0
441.0
283.0
80.0
0.0
0.0
0.0
0.0
0.0
0.0
0.0
0.0
0.0
0.0
0.0
0.0
0.0
0.0
2.0
140.0
331.0
476.0
563.0
588.0
547.0
445.0
287.0
84.0
0.0
0.0
0.0
0.0
0.0
0.0
0.0
0.0
0.0
0.0
0.0
0.0
0.0
0.0
2.0
141.0
333.0
478.0
566.0
591.0
551.0
449.0
292.0
87.0
0.0
0.0
0.0
0.0
0.0
0.0
0.0
0.0
0.0
0.0
0.0
0.0
0.0
0.0
2.0
143.0
336.0
481.0
569.0
595.0
555.0
453.0
296.0
91.0
0.0
0.0
0.0
0.0
0.0
0.0
0.0
0.0
0.0
0.0
0.0
0.0
0.0
0.0
3.0
145.0
338.0
484.0
573.0
598.0
559.0
457.0
301.0
96.0
0.0
0.0
0.0
0.0
0.0
0.0
0.0
0.0
0.0
0.0
0.0
0.0
0.0
0.0
3.0
147.0
340.0
487.0
576.0
602.0
563.0
462.0
305.0
100.0
0.0
0.0
0.0
0.0
0.0
0.0
0.0
0.0
0.0
0.0
0.0
0.0
0.0
0.0
3.0
149.0
343.0
490.0
580.0
606.0
568.0
467.0
310.0
105.0
0.0
0.0
0.0
0.0
0.0
0.0
0.0
0.0
0.0
0.0
0.0
0.0
0.0
0.0
3.0
151.0
346.0
493.0
584.0
610.0
572.0
471.0
315.0
109.0
0.0
0.0
0.0
0.0
0.0
0.0
0.0
0.0
0.0
0.0
0.0
0.0
0.0
0.0
4.0
154.0
349.0
497.0
587.0
615.0
577.0
476.0
320.0
118.0
0.0
0.0
0.0
0.0
0.0
0.0
0.0
0.0
0.0
0.0
0.0
0.0
0.0
0.0
4.0
157.0
352.0
500.0
592.0
619.0
582.0
481.0
325.0
123.0
0.0
0.0
0.0
0.0
0.0
0.0
0.0
0.0
0.0
0.0
0.0
0.0
0.0
0.0
5.0
159.0
355.0
504.0
596.0
624.0
586.0
486.0
330.0
128.0
0.0
0.0
0.0
0.0
0.0
0.0
0.0
0.0
0.0
0.0
0.0
0.0
0.0
0.0
5.0
162.0
359.0
508.0
600.0
628.0
591.0
491.0
335.0
133.0
1.0
0.0
0.0
0.0
0.0
0.0
0.0
0.0
0.0
0.0
0.0
0.0
0.0
0.0
6.0
166.0
362.0
512.0
604.0
633.0
596.0
497.0
340.0
139.0
1.0
0.0
0.0
0.0
0.0
0.0
0.0
0.0
0.0
0.0
0.0
0.0
0.0
0.0
7.0
169.0
366.0
516.0
609.0
638.0
602.0
502.0
346.0
144.0
2.0
0.0
0.0
0.0
0.0
0.0
0.0
0.0
0.0
0.0
0.0
0.0
0.0
0.0
7.0
172.0
370.0
521.0
614.0
643.0
607.0
507.0
351.0
149.0
3.0
0.0
0.0
0.0
0.0
0.0
0.0
0.0
0.0
0.0
0.0
0.0
0.0
0.0
8.0
176.0
374.0
525.0
618.0
648.0
612.0
513.0
357.0
155.0
3.0
0.0
0.0
0.0
0.0
0.0
0.0
0.0
0.0
0.0
0.0
0.0
0.0
0.0
9.0
180.0
378.0
529.0
623.0
653.0
618.0
518.0
362.0
160.0
4.0
0.0
0.0
0.0
0.0
0.0
0.0
0.0
0.0
0.0
0.0
0.0
0.0
0.0
10.0
183.0
382.0
534.0
628.0
659.0
623.0
524.0
368.0
166.0
5.0
0.0
0.0
0.0
0.0
0.0
0.0
0.0
0.0
0.0
0.0
0.0
0.0
0.0
11.0
187.0
387.0
539.0
634.0
664.0
629.0
530.0
374.0
172.0
7.0
0.0
0.0
0.0
0.0
0.0
0.0
0.0
0.0
0.0
0.0
0.0
0.0
0.0
12.0
192.0
391.0
544.0
639.0
670.0
635.0
536.0
380.0
177.0
8.0
0.0
0.0
0.0
0.0
0.0
0.0
0.0
0.0
0.0
0.0
0.0
0.0
0.0
14.0
196.0
396.0
549.0
644.0
675.0
640.0
541.0
385.0
183.0
10.0
0.0
0.0
0.0
0.0
0.0
0.0
0.0
0.0
0.0
0.0
0.0
0.0
0.0
15.0
200.0
401.0
554.0
650.0
681.0
646.0
547.0
391.0
189.0
11.0
0.0
0.0
0.0
0.0
0.0
0.0
0.0
0.0
0.0
0.0
0.0
0.0
0.0
17.0
205.0
406.0
559.0
655.0
687.0
652.0
553.0
397.0
195.0
13.0
0.0
0.0
0.0
0.0
0.0
0.0
0.0
0.0
0.0
0.0
0.0
0.0
0.0
18.0
209.0
411.0
565.0
661.0
693.0
658.0
560.0
403.0
200.0
15.0
0.0
0.0
0.0
0.0
0.0
0.0
0.0
0.0
0.0
0.0
0.0
0.0
0.0
20.0
214.0
416.0
570.0
667.0
699.0
664.0
566.0
409.0
206.0
17.0
0.0
0.0
0.0
0.0
0.0
0.0
0.0
0.0
0.0
0.0
0.0
0.0
0.0
22.0
219.0
421.0
576.0
673.0
705.0
671.0
572.0
416.0
212.0
19.0
0.0
0.0
0.0
0.0
0.0
0.0
0.0
0.0
0.0
0.0
0.0
0.0
0.0
24.0
224.0
427.0
582.0
679.0
711.0
677.0
578.0
422.0
218.0
22.0
0.0
0.0
0.0
0.0
0.0
0.0
0.0
0.0
0.0
0.0
0.0
0.0
0.0
27.0
229.0
432.0
587.0
685.0
717.0
683.0
584.0
428.0
224.0
24.0
0.0
0.0
0.0
0.0
0.0
0.0
0.0
0.0
0.0
0.0
0.0
0.0
0.0
29.0
235.0
438.0
593.0
691.0
723.0
689.0
591.0
434.0
230.0
27.0
0.0
0.0
0.0
0.0
0.0
0.0
0.0
0.0
0.0
0.0
0.0
0.0
0.0
32.0
240.0
443.0
599.0
697.0
730.0
696.0
597.0
440.0
236.0
30.0
0.0
0.0
0.0
0.0
0.0
0.0
0.0
0.0
0.0
0.0
0.0
0.0
0.0
34.0
246.0
449.0
605.0
703.0
736.0
702.0
603.0
447.0
243.0
32.0
0.0
0.0
0.0
0.0
0.0
0.0
0.0
0.0
0.0
0.0
0.0
0.0
0.0
37.0
251.0
455.0
611.0
709.0
743.0
709.0
610.0
453.0
249.0
36.0
0.0
0.0
0.0
0.0
0.0
0.0
0.0
0.0
0.0
0.0
0.0
0.0
0.0
40.0
257.0
461.0
618.0
716.0
749.0
715.0
616.0
459.0
255.0
39.0
0.0
0.0
0.0
0.0
0.0
0.0
0.0
0.0
0.0
0.0
0.0
0.0
0.0
43.0
263.0
467.0
624.0
722.0
756.0
722.0
623.0
466.0
261.0
42.0
0.0
0.0
0.0
0.0
0.0
0.0
0.0
0.0
0.0
0.0
0.0
0.0
0.0
47.0
269.0
473.0
630.0
729.0
762.0
728.0
629.0
472.0
267.0
46.0
0.0
0.0
0.0
0.0
0.0
0.0
0.0
0.0
0.0
0.0
0.0
0.0
0.0
51.0
275.0
480.0
637.0
735.0
769.0
735.0
636.0
478.0
273.0
49.0
0.0
0.0
0.0
0.0
0.0
0.0
0.0
0.0
0.0
0.0
0.0
0.0
0.0
54.0
281.0
486.0
643.0
742.0
775.0
741.0
642.0
485.0
279.0
53.0
0.0
0.0
0.0
0.0
0.0
0.0
0.0
0.0
0.0
0.0
0.0
0.0
0.0
59.0
287.0
493.0
650.0
749.0
782.0
748.0
649.0
491.0
285.0
57.0
0.0
0.0
0.0
0.0
0.0
0.0
0.0
0.0
0.0
0.0
0.0
0.0
0.0
63.0
294.0
499.0
657.0
755.0
789.0
755.0
655.0
497.0
292.0
61.0
0.0
0.0
0.0
0.0
0.0
0.0
0.0
0.0
0.0
0.0
0.0
0.0
0.0
67.0
300.0
506.0
663.0
762.0
796.0
761.0
662.0
504.0
298.0
65.0
0.0
0.0
0.0
0.0
0.0
0.0
0.0
0.0
0.0
0.0
0.0
0.0
0.0
72.0
307.0
512.0
670.0
769.0
802.0
768.0
668.0
510.0
304.0
70.0
0.0
0.0
0.0
0.0
0.0
0.0
0.0
0.0
0.0
0.0
0.0
0.0
0.0
77.0
313.0
519.0
677.0
776.0
809.0
775.0
675.0
516.0
310.0
74.0
0.0
0.0
0.0
0.0
0.0
0.0
0.0
0.0
0.0
0.0
0.0
0.0
0.0
82.0
320.0
526.0
684.0
783.0
816.0
781.0
681.0
523.0
316.0
79.0
0.0
0.0
0.0
0.0
0.0
0.0
0.0
0.0
0.0
0.0
0.0
0.0
0.0
88.0
327.0
533.0
691.0
790.0
823.0
788.0
688.0
529.0
322.0
84.0
0.0
0.0
0.0
0.0
0.0
0.0
0.0
0.0
0.0
0.0
0.0
0.0
0.0
93.0
334.0
540.0
698.0
796.0
830.0
795.0
694.0
535.0
328.0
88.0
0.0
0.0
0.0
0.0
0.0
0.0
0.0
0.0
0.0
0.0
0.0
0.0
0.0
99.0
340.0
547.0
704.0
803.0
836.0
801.0
701.0
542.0
334.0
93.0
0.0
0.0
0.0
0.0
0.0
0.0
0.0
0.0
0.0
0.0
0.0
0.0
0.0
106.0
347.0
554.0
712.0
810.0
843.0
808.0
707.0
548.0
340.0
99.0
0.0
0.0
0.0
0.0
0.0
0.0
0.0
0.0
0.0
0.0
0.0
0.0
0.0
112.0
354.0
561.0
719.0
817.0
850.0
815.0
714.0
554.0
346.0
104.0
0.0
0.0
0.0
0.0
0.0
0.0
0.0
0.0
0.0
0.0
0.0
0.0
0.0
119.0
362.0
568.0
726.0
824.0
857.0
821.0
720.0
560.0
352.0
109.0
0.0
0.0
0.0
0.0
0.0
0.0
0.0
0.0
0.0
0.0
0.0
0.0
0.0
126.0
369.0
575.0
733.0
831.0
864.0
828.0
727.0
566.0
358.0
115.0
0.0
0.0
0.0
0.0
0.0
0.0
0.0
0.0
0.0
0.0
0.0
0.0
0.0
135.0
376.0
582.0
740.0
838.0
870.0
835.0
733.0
573.0
364.0
120.0
0.0
0.0
0.0
0.0
0.0
0.0
0.0
0.0
0.0
0.0
0.0
0.0
0.0
142.0
383.0
589.0
747.0
845.0
877.0
841.0
739.0
579.0
370.0
126.0
0.0
0.0
0.0
0.0
0.0
0.0
0.0
0.0
0.0
0.0
0.0
0.0
1.0
150.0
390.0
597.0
754.0
852.0
884.0
848.0
746.0
585.0
376.0
134.0
0.0
0.0
0.0
0.0
0.0
0.0
0.0
0.0
0.0
0.0
0.0
0.0
2.0
157.0
398.0
604.0
761.0
859.0
891.0
854.0
752.0
591.0
382.0
139.0
0.0
0.0
0.0
0.0
0.0
0.0
0.0
0.0
0.0
0.0
0.0
0.0
2.0
164.0
405.0
611.0
768.0
866.0
897.0
861.0
758.0
597.0
388.0
145.0
0.0
0.0
0.0
0.0
0.0
0.0
0.0
0.0
0.0
0.0
0.0
0.0
4.0
172.0
412.0
618.0
775.0
873.0
904.0
867.0
764.0
603.0
393.0
151.0
1.0
0.0
0.0
0.0
0.0
0.0
0.0
0.0
0.0
0.0
0.0
0.0
5.0
179.0
420.0
626.0
782.0
880.0
911.0
874.0
771.0
609.0
399.0
156.0
1.0
0.0
0.0
0.0
0.0
0.0
0.0
0.0
0.0
0.0
0.0
0.0
7.0
187.0
427.0
633.0
790.0
887.0
917.0
880.0
777.0
615.0
405.0
162.0
2.0
0.0
0.0
0.0
0.0
0.0
0.0
0.0
0.0
0.0
0.0
0.0
8.0
194.0
435.0
640.0
797.0
893.0
924.0
886.0
783.0
620.0
411.0
167.0
3.0
0.0
0.0
0.0
0.0
0.0
0.0
0.0
0.0
0.0
0.0
0.0
10.0
202.0
442.0
648.0
804.0
900.0
931.0
893.0
789.0
626.0
416.0
173.0
4.0
0.0
0.0
0.0
0.0
0.0
0.0
0.0
0.0
0.0
0.0
0.0
13.0
209.0
450.0
655.0
811.0
907.0
937.0
899.0
795.0
632.0
422.0
178.0
5.0
0.0
0.0
0.0
0.0
0.0
0.0
0.0
0.0
0.0
0.0
0.0
15.0
217.0
457.0
662.0
818.0
914.0
944.0
905.0
801.0
638.0
427.0
184.0
6.0
0.0
0.0
0.0
0.0
0.0
0.0
0.0
0.0
0.0
0.0
0.0
18.0
225.0
465.0
669.0
825.0
921.0
950.0
911.0
806.0
643.0
433.0
189.0
7.0
0.0
0.0
0.0
0.0
0.0
0.0
0.0
0.0
0.0
0.0
0.0
21.0
232.0
472.0
677.0
832.0
927.0
956.0
917.0
812.0
649.0
438.0
194.0
8.0
0.0
0.0
0.0
0.0
0.0
0.0
0.0
0.0
0.0
0.0
0.0
24.0
240.0
480.0
684.0
839.0
934.0
963.0
923.0
818.0
654.0
444.0
200.0
10.0
0.0
0.0
0.0
0.0
0.0
0.0
0.0
0.0
0.0
0.0
0.0
27.0
248.0
487.0
691.0
846.0
941.0
969.0
929.0
824.0
660.0
449.0
205.0
11.0
0.0
0.0
0.0
0.0
0.0
0.0
0.0
0.0
0.0
0.0
0.0
31.0
255.0
495.0
698.0
853.0
947.0
975.0
935.0
829.0
665.0
454.0
210.0
13.0
0.0
0.0
0.0
0.0
0.0
0.0
0.0
0.0
0.0
0.0
0.0
35.0
263.0
502.0
706.0
860.0
954.0
981.0
941.0
835.0
671.0
460.0
216.0
14.0
0.0
0.0
0.0
0.0
0.0
0.0
0.0
0.0
0.0
0.0
0.0
39.0
271.0
510.0
713.0
866.0
960.0
987.0
947.0
840.0
676.0
465.0
221.0
16.0
0.0
0.0
0.0
0.0
0.0
0.0
0.0
0.0
0.0
0.0
0.0
44.0
278.0
517.0
720.0
873.0
966.0
993.0
952.0
846.0
681.0
470.0
226.0
18.0
0.0
0.0
0.0
0.0
0.0
0.0
0.0
0.0
0.0
0.0
0.0
48.0
286.0
524.0
727.0
880.0
973.0
999.0
958.0
851.0
687.0
475.0
231.0
20.0
0.0
0.0
0.0
0.0
0.0
0.0
0.0
0.0
0.0
0.0
0.0
53.0
294.0
532.0
734.0
886.0
979.0
1005.0
964.0
857.0
692.0
480.0
236.0
22.0
0.0
0.0
0.0
0.0
0.0
0.0
0.0
0.0
0.0
0.0
0.0
58.0
301.0
539.0
741.0
893.0
985.0
1011.0
969.0
862.0
697.0
485.0
241.0
24.0
0.0
0.0
0.0
0.0
0.0
0.0
0.0
0.0
0.0
0.0
0.0
64.0
309.0
546.0
748.0
900.0
991.0
1017.0
975.0
867.0
702.0
490.0
246.0
27.0
0.0
0.0
0.0
0.0
0.0
0.0
0.0
0.0
0.0
0.0
0.0
69.0
317.0
554.0
755.0
906.0
998.0
1023.0
980.0
872.0
707.0
495.0
251.0
29.0
0.0
0.0
0.0
0.0
0.0
0.0
0.0
0.0
0.0
0.0
0.0
75.0
324.0
561.0
762.0
913.0
1004.0
1028.0
985.0
877.0
712.0
500.0
256.0
31.0
0.0
0.0
0.0
0.0
0.0
0.0
0.0
0.0
0.0
0.0
0.0
81.0
332.0
568.0
768.0
919.0
1010.0
1034.0
991.0
882.0
717.0
505.0
261.0
34.0
0.0
0.0
0.0
0.0
0.0
0.0
0.0
0.0
0.0
0.0
0.0
87.0
339.0
575.0
775.0
925.0
1015.0
1039.0
996.0
887.0
722.0
510.0
266.0
36.0
0.0
0.0
0.0
0.0
0.0
0.0
0.0
0.0
0.0
0.0
0.0
93.0
347.0
582.0
782.0
931.0
1021.0
1045.0
1001.0
892.0
726.0
514.0
271.0
39.0
0.0
0.0
0.0
0.0
0.0
0.0
0.0
0.0
0.0
0.0
0.0
100.0
354.0
589.0
788.0
938.0
1027.0
1050.0
1006.0
897.0
731.0
519.0
276.0
42.0
0.0
0.0
0.0
0.0
0.0
0.0
0.0
0.0
0.0
0.0
0.0
107.0
361.0
596.0
795.0
944.0
1033.0
1056.0
1011.0
902.0
736.0
524.0
281.0
45.0
0.0
0.0
0.0
0.0
0.0
0.0
0.0
0.0
0.0
0.0
0.0
114.0
369.0
603.0
801.0
950.0
1038.0
1061.0
1016.0
907.0
740.0
528.0
285.0
48.0
0.0
0.0
0.0
0.0
0.0
0.0
0.0
0.0
0.0
0.0
0.0
121.0
376.0
610.0
808.0
956.0
1044.0
1066.0
1021.0
911.0
745.0
533.0
290.0
51.0
0.0
0.0
0.0
0.0
0.0
0.0
0.0
0.0
0.0
0.0
0.0
129.0
383.0
617.0
814.0
961.0
1049.0
1071.0
1025.0
916.0
749.0
537.0
295.0
54.0
0.0
0.0
0.0
0.0
0.0
0.0
0.0
0.0
0.0
0.0
0.0
137.0
390.0
623.0
820.0
967.0
1054.0
1076.0
1030.0
920.0
754.0
542.0
299.0
57.0
0.0
0.0
0.0
0.0
0.0
0.0
0.0
0.0
0.0
0.0
0.0
144.0
397.0
630.0
826.0
973.0
1060.0
1081.0
1035.0
925.0
758.0
546.0
304.0
60.0
0.0
0.0
0.0
0.0
0.0
0.0
0.0
0.0
0.0
0.0
1.0
151.0
404.0
637.0
833.0
979.0
1065.0
1086.0
1039.0
929.0
762.0
551.0
308.0
64.0
0.0
0.0
0.0
0.0
0.0
0.0
0.0
0.0
0.0
0.0
2.0
159.0
411.0
643.0
839.0
984.0
1070.0
1090.0
1044.0
933.0
767.0
555.0
313.0
67.0
0.0
0.0
0.0
0.0
0.0
0.0
0.0
0.0
0.0
0.0
3.0
166.0
418.0
650.0
844.0
990.0
1075.0
1095.0
1048.0
938.0
771.0
559.0
318.0
71.0
0.0
0.0
0.0
0.0
0.0
0.0
0.0
0.0
0.0
0.0
4.0
173.0
425.0
656.0
850.0
995.0
1080.0
1100.0
1052.0
942.0
775.0
564.0
322.0
74.0
0.0
0.0
0.0
0.0
0.0
0.0
0.0
0.0
0.0
0.0
5.0
180.0
432.0
662.0
856.0
1000.0
1085.0
1104.0
1057.0
946.0
779.0
568.0
326.0
78.0
0.0
0.0
0.0
0.0
0.0
0.0
0.0
0.0
0.0
0.0
7.0
187.0
438.0
668.0
862.0
1005.0
1090.0
1108.0
1061.0
950.0
783.0
572.0
331.0
82.0
0.0
0.0
0.0
0.0
0.0
0.0
0.0
0.0
0.0
0.0
9.0
194.0
445.0
674.0
867.0
1010.0
1094.0
1113.0
1065.0
954.0
787.0
576.0
335.0
86.0
0.0
0.0
0.0
0.0
0.0
0.0
0.0
0.0
0.0
0.0
11.0
201.0
451.0
680.0
873.0
1015.0
1099.0
1117.0
1069.0
958.0
791.0
580.0
340.0
89.0
0.0
0.0
0.0
0.0
0.0
0.0
0.0
0.0
0.0
0.0
13.0
208.0
458.0
686.0
878.0
1020.0
1103.0
1121.0
1073.0
962.0
795.0
584.0
344.0
93.0
0.0
0.0
0.0
0.0
0.0
0.0
0.0
0.0
0.0
0.0
15.0
215.0
464.0
692.0
883.0
1025.0
1108.0
1125.0
1077.0
965.0
799.0
588.0
348.0
97.0
0.0
0.0
0.0
0.0
0.0
0.0
0.0
0.0
0.0
0.0
18.0
221.0
470.0
698.0
889.0
1030.0
1112.0
1129.0
1080.0
969.0
802.0
592.0
352.0
102.0
0.0
0.0
0.0
0.0
0.0
0.0
0.0
0.0
0.0
0.0
21.0
228.0
476.0
703.0
894.0
1035.0
1116.0
1133.0
1084.0
973.0
806.0
596.0
357.0
106.0
0.0
0.0
0.0
0.0
0.0
0.0
0.0
0.0
0.0
0.0
24.0
235.0
482.0
709.0
899.0
1039.0
1120.0
1137.0
1088.0
976.0
810.0
600.0
361.0
110.0
0.0
0.0
0.0
0.0
0.0
0.0
0.0
0.0
0.0
0.0
27.0
241.0
488.0
714.0
904.0
1044.0
1124.0
1141.0
1091.0
980.0
813.0
604.0
365.0
114.0
0.0
0.0
0.0
0.0
0.0
0.0
0.0
0.0
0.0
0.0
30.0
247.0
494.0
719.0
908.0
1048.0
1128.0
1144.0
1095.0
983.0
817.0
608.0
369.0
119.0
0.0
0.0
0.0
0.0
0.0
0.0
0.0
0.0
0.0
0.0
33.0
253.0
500.0
725.0
913.0
1052.0
1132.0
1148.0
1098.0
987.0
821.0
611.0
373.0
123.0
0.0
0.0
0.0
0.0
0.0
0.0
0.0
0.0
0.0
0.0
36.0
259.0
505.0
730.0
918.0
1056.0
1136.0
1152.0
1102.0
990.0
824.0
615.0
377.0
127.0
0.0
0.0
0.0
0.0
0.0
0.0
0.0
0.0
0.0
0.0
40.0
265.0
511.0
735.0
922.0
1060.0
1140.0
1155.0
1105.0
993.0
827.0
619.0
381.0
132.0
0.0
0.0
0.0
0.0
0.0
0.0
0.0
0.0
0.0
0.0
44.0
271.0
516.0
740.0
927.0
1064.0
1143.0
1158.0
1108.0
997.0
831.0
622.0
385.0
136.0
0.0
0.0
0.0
0.0
0.0
0.0
0.0
0.0
0.0
0.0
47.0
277.0
521.0
744.0
931.0
1068.0
1147.0
1162.0
1111.0
1000.0
834.0
626.0
389.0
140.0
1.0
0.0
0.0
0.0
0.0
0.0
0.0
0.0
0.0
0.0
51.0
283.0
527.0
749.0
935.0
1072.0
1150.0
1165.0
1114.0
1003.0
837.0
629.0
393.0
145.0
1.0
0.0
0.0
0.0
0.0
0.0
0.0
0.0
0.0
0.0
55.0
288.0
532.0
754.0
939.0
1076.0
1154.0
1168.0
1117.0
1006.0
841.0
633.0
397.0
149.0
1.0
0.0
0.0
0.0
0.0
0.0
0.0
0.0
0.0
0.0
59.0
294.0
537.0
758.0
943.0
1079.0
1157.0
1171.0
1120.0
1009.0
844.0
636.0
401.0
153.0
2.0
0.0
0.0
0.0
0.0
0.0
0.0
0.0
0.0
0.0
63.0
299.0
542.0
762.0
947.0
1083.0
1160.0
1174.0
1123.0
1012.0
847.0
640.0
405.0
158.0
3.0
0.0
0.0
0.0
0.0
0.0
0.0
0.0
0.0
0.0
67.0
304.0
546.0
767.0
951.0
1086.0
1163.0
1177.0
1126.0
1015.0
850.0
643.0
409.0
162.0
3.0
0.0
0.0
0.0
0.0
0.0
0.0
0.0
0.0
0.0
71.0
310.0
551.0
771.0
954.0
1089.0
1166.0
1180.0
1129.0
1018.0
853.0
647.0
412.0
166.0
4.0
0.0
0.0
0.0
0.0
0.0
0.0
0.0
0.0
0.0
76.0
315.0
555.0
775.0
958.0
1092.0
1169.0
1182.0
1132.0
1020.0
856.0
650.0
416.0
170.0
5.0
0.0
0.0
0.0
0.0
0.0
0.0
0.0
0.0
0.0
80.0
319.0
560.0
779.0
961.0
1096.0
1172.0
1185.0
1134.0
1023.0
859.0
653.0
420.0
175.0
6.0
0.0
0.0
0.0
0.0
0.0
0.0
0.0
0.0
0.0
84.0
324.0
564.0
783.0
965.0
1099.0
1174.0
1188.0
1137.0
1026.0
862.0
656.0
423.0
179.0
7.0
0.0
0.0
0.0
0.0
0.0
0.0
0.0
0.0
0.0
89.0
329.0
568.0
786.0
968.0
1101.0
1177.0
1190.0
1139.0
1028.0
865.0
660.0
427.0
183.0
8.0
0.0
0.0
0.0
0.0
0.0
0.0
0.0
0.0
0.0
93.0
333.0
572.0
790.0
971.0
1104.0
1180.0
1192.0
1142.0
1031.0
868.0
663.0
431.0
187.0
9.0
0.0
0.0
0.0
0.0
0.0
0.0
0.0
0.0
0.0
97.0
338.0
576.0
793.0
974.0
1107.0
1182.0
1195.0
1144.0
1033.0
870.0
666.0
434.0
191.0
11.0
0.0
0.0
0.0
0.0
0.0
0.0
0.0
0.0
0.0
102.0
342.0
580.0
797.0
977.0
1110.0
1185.0
1197.0
1146.0
1036.0
873.0
669.0
438.0
195.0
12.0
0.0
0.0
0.0
0.0
0.0
0.0
0.0
0.0
0.0
106.0
346.0
584.0
800.0
980.0
1112.0
1187.0
1199.0
1149.0
1038.0
876.0
672.0
441.0
199.0
13.0
0.0
0.0
0.0
0.0
0.0
0.0
0.0
0.0
0.0
110.0
350.0
587.0
803.0
983.0
1115.0
1189.0
1202.0
1151.0
1041.0
878.0
675.0
445.0
203.0
15.0
0.0
0.0
0.0
0.0
0.0
0.0
0.0
0.0
0.0
114.0
354.0
591.0
806.0
985.0
1117.0
1191.0
1204.0
1153.0
1043.0
881.0
678.0
448.0
206.0
16.0
0.0
0.0
0.0
0.0
0.0
0.0
0.0
0.0
0.0
119.0
358.0
594.0
809.0
988.0
1119.0
1193.0
1206.0
1155.0
1045.0
883.0
681.0
451.0
210.0
18.0
0.0
0.0
0.0
0.0
0.0
0.0
0.0
0.0
0.0
121.0
362.0
597.0
812.0
990.0
1121.0
1195.0
1208.0
1157.0
1047.0
886.0
684.0
455.0
214.0
20.0
0.0
0.0
0.0
0.0
0.0
0.0
0.0
0.0
0.0
125.0
365.0
600.0
814.0
993.0
1123.0
1197.0
1209.0
1159.0
1050.0
888.0
687.0
458.0
218.0
21.0
0.0
0.0
0.0
0.0
0.0
0.0
0.0
0.0
0.0
129.0
369.0
603.0
817.0
995.0
1125.0
1199.0
1211.0
1161.0
1052.0
891.0
689.0
461.0
221.0
23.0
0.0
0.0
0.0
0.0
0.0
0.0
0.0
0.0
1.0
133.0
372.0
606.0
820.0
997.0
1127.0
1201.0
1213.0
1163.0
1054.0
893.0
692.0
464.0
225.0
25.0
0.0
0.0
0.0
0.0
0.0
0.0
0.0
0.0
1.0
137.0
375.0
609.0
822.0
999.0
1129.0
1203.0
1215.0
1165.0
1056.0
896.0
695.0
467.0
229.0
27.0
0.0
0.0
0.0
0.0
0.0
0.0
0.0
0.0
1.0
140.0
378.0
612.0
824.0
1001.0
1131.0
1204.0
1216.0
1166.0
1058.0
898.0
697.0
470.0
232.0
29.0
0.0
0.0
0.0
0.0
0.0
0.0
0.0
0.0
2.0
143.0
381.0
614.0
826.0
1003.0
1133.0
1206.0
1218.0
1168.0
1060.0
900.0
700.0
473.0
236.0
31.0
0.0
0.0
0.0
0.0
0.0
0.0
0.0
0.0
2.0
147.0
384.0
617.0
828.0
1005.0
1134.0
1207.0
1219.0
1170.0
1062.0
902.0
703.0
476.0
239.0
33.0
0.0
0.0
0.0
0.0
0.0
0.0
0.0
0.0
3.0
150.0
387.0
619.0
830.0
1007.0
1136.0
1209.0
1221.0
1171.0
1063.0
904.0
705.0
479.0
242.0
35.0
0.0
0.0
0.0
0.0
0.0
0.0
0.0
0.0
3.0
153.0
389.0
621.0
832.0
1008.0
1137.0
1210.0
1222.0
1173.0
1065.0
906.0
708.0
482.0
246.0
37.0
0.0
0.0
0.0
0.0
0.0
0.0
0.0
0.0
4.0
156.0
392.0
623.0
834.0
1010.0
1138.0
1211.0
1224.0
1174.0
1067.0
908.0
710.0
485.0
249.0
39.0
0.0
0.0
0.0
0.0
0.0
0.0
0.0
0.0
4.0
158.0
394.0
625.0
836.0
1011.0
1140.0
1213.0
1225.0
1176.0
1069.0
911.0
712.0
488.0
252.0
41.0
0.0
0.0
0.0
0.0
0.0
0.0
0.0
0.0
5.0
161.0
396.0
627.0
837.0
1012.0
1141.0
1214.0
1226.0
1177.0
1070.0
912.0
715.0
491.0
255.0
43.0
0.0
0.0
0.0
0.0
0.0
0.0
0.0
0.0
6.0
164.0
399.0
629.0
839.0
1014.0
1142.0
1215.0
1227.0
1179.0
1072.0
914.0
717.0
493.0
258.0
45.0
0.0
0.0
0.0
0.0
0.0
0.0
0.0
0.0
6.0
166.0
401.0
630.0
840.0
1015.0
1143.0
1216.0
1228.0
1180.0
1073.0
916.0
719.0
496.0
261.0
47.0
0.0
0.0
0.0
0.0
0.0
0.0
0.0
0.0
7.0
168.0
402.0
632.0
841.0
1016.0
1144.0
1217.0
1230.0
1181.0
1075.0
918.0
721.0
498.0
264.0
49.0
0.0
0.0
0.0
0.0
0.0
0.0
0.0
0.0
8.0
170.0
404.0
633.0
842.0
1017.0
1145.0
1218.0
1231.0
1182.0
1076.0
920.0
724.0
501.0
267.0
51.0
0.0
0.0
0.0
0.0
0.0
0.0
0.0
0.0
8.0
172.0
406.0
635.0
844.0
1018.0
1146.0
1219.0
1231.0
1183.0
1078.0
922.0
726.0
503.0
270.0
53.0
0.0
0.0
0.0
0.0
0.0
0.0
0.0
0.0
9.0
174.0
407.0
636.0
844.0
1019.0
1147.0
1219.0
1232.0
1184.0
1079.0
923.0
728.0
506.0
272.0
55.0
0.0
0.0
0.0
0.0
0.0
0.0
0.0
0.0
9.0
176.0
409.0
637.0
845.0
1019.0
1147.0
1220.0
1233.0
1186.0
1080.0
925.0
730.0
508.0
275.0
58.0
0.0
0.0
0.0
0.0
0.0
0.0
0.0
0.0
10.0
177.0
410.0
638.0
846.0
1020.0
1148.0
1221.0
1234.0
1187.0
1082.0
926.0
732.0
510.0
278.0
60.0
0.0
0.0
0.0
0.0
0.0
0.0
0.0
0.0
10.0
179.0
411.0
639.0
847.0
1021.0
1148.0
1221.0
1235.0
1188.0
1083.0
928.0
733.0
512.0
280.0
62.0
0.0
0.0
0.0
0.0
0.0
0.0
0.0
0.0
11.0
180.0
412.0
640.0
847.0
1021.0
1149.0
1222.0
1235.0
1188.0
1084.0
929.0
735.0
515.0
282.0
64.0
0.0
0.0
0.0
0.0
0.0
0.0
0.0
0.0
11.0
181.0
413.0
640.0
848.0
1022.0
1149.0
1222.0
1236.0
1189.0
1085.0
931.0
737.0
517.0
285.0
65.0
0.0
0.0
0.0
0.0
0.0
0.0
0.0
0.0
12.0
182.0
414.0
641.0
848.0
1022.0
1150.0
1223.0
1237.0
1190.0
1086.0
932.0
739.0
519.0
287.0
67.0
0.0
0.0
0.0
0.0
0.0
0.0
0.0
0.0
12.0
183.0
414.0
642.0
849.0
1022.0
1150.0
1223.0
1237.0
1191.0
1087.0
934.0
740.0
520.0
289.0
69.0
0.0
0.0
0.0
0.0
0.0
0.0
0.0
0.0
12.0
184.0
415.0
642.0
849.0
1022.0
1150.0
1224.0
1238.0
1192.0
1088.0
935.0
742.0
522.0
291.0
71.0
0.0
0.0
0.0
0.0
0.0
0.0
0.0
0.0
13.0
185.0
416.0
642.0
849.0
1023.0
1150.0
1224.0
1238.0
1192.0
1089.0
936.0
743.0
524.0
293.0
73.0
0.0
0.0
0.0
0.0
0.0
0.0
0.0
0.0
13.0
185.0
416.0
642.0
849.0
1023.0
1151.0
1224.0
1239.0
1193.0
1090.0
937.0
745.0
526.0
295.0
74.0
0.0
0.0
0.0
0.0
0.0
0.0
0.0
0.0
13.0
186.0
416.0
643.0
849.0
1023.0
1151.0
1224.0
1239.0
1194.0
1091.0
938.0
746.0
527.0
297.0
76.0
0.0
0.0
0.0
0.0
0.0
0.0
0.0
0.0
13.0
186.0
416.0
643.0
849.0
1023.0
1151.0
1225.0
1239.0
1194.0
1092.0
940.0
748.0
529.0
299.0
78.0
0.0
0.0
0.0
0.0
0.0
0.0
0.0
0.0
13.0
186.0
416.0
642.0
849.0
1023.0
1151.0
1225.0
1240.0
1195.0
1093.0
941.0
749.0
530.0
300.0
79.0
0.0
0.0
0.0
0.0
0.0
0.0
0.0
0.0
14.0
186.0
416.0
642.0
849.0
1022.0
1150.0
1225.0
1240.0
1195.0
1093.0
941.0
750.0
532.0
302.0
81.0
0.0
0.0
0.0
0.0
0.0
0.0
0.0
0.0
14.0
186.0
416.0
642.0
849.0
1022.0
1150.0
1225.0
1240.0
1195.0
1094.0
942.0
751.0
533.0
303.0
82.0
0.0
0.0
0.0
0.0
0.0
0.0
0.0
0.0
14.0
186.0
416.0
642.0
848.0
1022.0
1150.0
1225.0
1240.0
1196.0
1095.0
943.0
752.0
534.0
305.0
83.0
0.0
0.0
0.0
0.0
0.0
0.0
0.0
0.0
14.0
186.0
416.0
641.0
848.0
1021.0
1150.0
1225.0
1240.0
1196.0
1095.0
944.0
753.0
536.0
306.0
84.0
0.0
0.0
0.0
0.0
0.0
0.0
0.0
0.0
13.0
186.0
415.0
641.0
847.0
1021.0
1150.0
1224.0
1240.0
1196.0
1096.0
945.0
754.0
537.0
307.0
85.0
0.0
0.0
0.0
0.0
0.0
0.0
0.0
0.0
13.0
185.0
415.0
640.0
847.0
1020.0
1149.0
1224.0
1240.0
1197.0
1096.0
945.0
755.0
538.0
308.0
86.0
0.0
0.0
0.0
0.0
0.0
0.0
0.0
0.0
13.0
185.0
414.0
640.0
846.0
1020.0
1149.0
1224.0
1240.0
1197.0
1097.0
946.0
756.0
539.0
309.0
87.0
0.0
0.0
0.0
0.0
0.0
0.0
0.0
0.0
13.0
184.0
413.0
639.0
846.0
1019.0
1148.0
1224.0
1240.0
1197.0
1097.0
947.0
756.0
539.0
310.0
88.0
0.0
0.0
0.0
0.0
0.0
0.0
0.0
0.0
13.0
183.0
412.0
638.0
845.0
1019.0
1148.0
1223.0
1240.0
1197.0
1097.0
947.0
757.0
540.0
311.0
89.0
0.0
0.0
0.0
0.0
0.0
0.0
0.0
0.0
12.0
182.0
411.0
637.0
844.0
1018.0
1147.0
1223.0
1240.0
1197.0
1097.0
948.0
758.0
541.0
312.0
89.0
0.0
0.0
0.0
0.0
0.0
0.0
0.0
0.0
12.0
181.0
410.0
636.0
843.0
1017.0
1147.0
1223.0
1240.0
1197.0
1098.0
948.0
758.0
541.0
312.0
90.0
0.0
0.0
0.0
0.0
0.0
0.0
0.0
0.0
12.0
180.0
409.0
635.0
842.0
1016.0
1146.0
1222.0
1240.0
1197.0
1098.0
948.0
759.0
542.0
313.0
90.0
0.0
0.0
0.0
0.0
0.0
0.0
0.0
0.0
11.0
179.0
408.0
634.0
841.0
1015.0
1145.0
1222.0
1239.0
1197.0
1098.0
948.0
759.0
542.0
313.0
91.0
0.0
0.0
0.0
0.0
0.0
0.0
0.0
0.0
11.0
178.0
407.0
633.0
840.0
1014.0
1145.0
1221.0
1239.0
1197.0
1098.0
949.0
759.0
543.0
314.0
91.0
0.0
0.0
0.0
0.0
0.0
0.0
0.0
0.0
10.0
176.0
405.0
631.0
839.0
1014.0
1144.0
1221.0
1239.0
1197.0
1098.0
949.0
759.0
543.0
314.0
91.0
0.0
0.0
0.0
0.0
0.0
0.0
0.0
0.0
10.0
175.0
404.0
630.0
838.0
1012.0
1143.0
1220.0
1238.0
1197.0
1098.0
949.0
759.0
543.0
314.0
91.0
0.0
0.0
0.0
0.0
0.0
0.0
0.0
0.0
9.0
173.0
402.0
628.0
836.0
1011.0
1142.0
1219.0
1238.0
1196.0
1098.0
949.0
760.0
543.0
314.0
91.0
0.0
0.0
0.0
0.0
0.0
0.0
0.0
0.0
9.0
171.0
401.0
627.0
835.0
1010.0
1141.0
1219.0
1237.0
1196.0
1098.0
949.0
759.0
543.0
314.0
90.0
0.0
0.0
0.0
0.0
0.0
0.0
0.0
0.0
8.0
170.0
399.0
625.0
833.0
1009.0
1140.0
1218.0
1237.0
1196.0
1097.0
948.0
759.0
543.0
313.0
90.0
0.0
0.0
0.0
0.0
0.0
0.0
0.0
0.0
8.0
168.0
397.0
624.0
832.0
1008.0
1139.0
1217.0
1236.0
1195.0
1097.0
948.0
759.0
542.0
313.0
90.0
0.0
0.0
0.0
0.0
0.0
0.0
0.0
0.0
7.0
166.0
395.0
622.0
831.0
1007.0
1138.0
1216.0
1235.0
1195.0
1097.0
948.0
759.0
542.0
312.0
89.0
0.0
0.0
0.0
0.0
0.0
0.0
0.0
0.0
7.0
164.0
393.0
620.0
829.0
1005.0
1137.0
1215.0
1235.0
1194.0
1096.0
948.0
758.0
542.0
312.0
88.0
0.0
0.0
0.0
0.0
0.0
0.0
0.0
0.0
6.0
162.0
391.0
618.0
827.0
1004.0
1136.0
1214.0
1234.0
1194.0
1096.0
947.0
758.0
541.0
311.0
88.0
0.0
0.0
0.0
0.0
0.0
0.0
0.0
0.0
6.0
159.0
389.0
617.0
826.0
1002.0
1135.0
1213.0
1233.0
1193.0
1095.0
947.0
757.0
540.0
310.0
87.0
0.0
0.0
0.0
0.0
0.0
0.0
0.0
0.0
5.0
157.0
387.0
615.0
824.0
1001.0
1133.0
1212.0
1232.0
1192.0
1095.0
946.0
757.0
540.0
309.0
86.0
0.0
0.0
0.0
0.0
0.0
0.0
0.0
0.0
5.0
155.0
385.0
613.0
822.0
999.0
1132.0
1211.0
1232.0
1192.0
1094.0
945.0
756.0
539.0
308.0
85.0
0.0
0.0
0.0
0.0
0.0
0.0
0.0
0.0
4.0
152.0
383.0
611.0
820.0
998.0
1131.0
1210.0
1231.0
1191.0
1093.0
945.0
755.0
538.0
307.0
83.0
0.0
0.0
0.0
0.0
0.0
0.0
0.0
0.0
4.0
149.0
380.0
608.0
819.0
996.0
1130.0
1209.0
1230.0
1190.0
1092.0
944.0
754.0
537.0
306.0
82.0
0.0
0.0
0.0
0.0
0.0
0.0
0.0
0.0
3.0
147.0
378.0
606.0
817.0
995.0
1128.0
1208.0
1229.0
1189.0
1091.0
943.0
753.0
535.0
304.0
81.0
0.0
0.0
0.0
0.0
0.0
0.0
0.0
0.0
3.0
144.0
375.0
604.0
815.0
993.0
1127.0
1207.0
1228.0
1188.0
1090.0
942.0
752.0
534.0
303.0
79.0
0.0
0.0
0.0
0.0
0.0
0.0
0.0
0.0
2.0
141.0
373.0
602.0
813.0
991.0
1125.0
1205.0
1227.0
1187.0
1089.0
941.0
751.0
533.0
301.0
77.0
0.0
0.0
0.0
0.0
0.0
0.0
0.0
0.0
2.0
138.0
370.0
599.0
811.0
990.0
1124.0
1204.0
1225.0
1186.0
1088.0
939.0
749.0
531.0
299.0
76.0
0.0
0.0
0.0
0.0
0.0
0.0
0.0
0.0
1.0
136.0
367.0
597.0
809.0
988.0
1122.0
1203.0
1224.0
1185.0
1087.0
938.0
748.0
529.0
298.0
74.0
0.0
0.0
0.0
0.0
0.0
0.0
0.0
0.0
1.0
133.0
365.0
595.0
806.0
986.0
1121.0
1201.0
1223.0
1183.0
1086.0
937.0
747.0
528.0
295.0
72.0
0.0
0.0
0.0
0.0
0.0
0.0
0.0
0.0
1.0
129.0
362.0
592.0
804.0
984.0
1119.0
1200.0
1222.0
1182.0
1085.0
935.0
745.0
526.0
293.0
70.0
0.0
0.0
0.0
0.0
0.0
0.0
0.0
0.0
0.0
126.0
359.0
590.0
802.0
982.0
1117.0
1198.0
1220.0
1181.0
1083.0
934.0
743.0
524.0
291.0
68.0
0.0
0.0
0.0
0.0
0.0
0.0
0.0
0.0
0.0
123.0
356.0
587.0
800.0
980.0
1116.0
1197.0
1219.0
1179.0
1082.0
932.0
741.0
522.0
289.0
66.0
0.0
0.0
0.0
0.0
0.0
0.0
0.0
0.0
0.0
120.0
353.0
584.0
798.0
978.0
1114.0
1195.0
1217.0
1178.0
1080.0
931.0
739.0
520.0
286.0
64.0
0.0
0.0
0.0
0.0
0.0
0.0
0.0
0.0
0.0
116.0
350.0
582.0
795.0
976.0
1112.0
1194.0
1216.0
1176.0
1079.0
929.0
737.0
517.0
284.0
62.0
0.0
0.0
0.0
0.0
0.0
0.0
0.0
0.0
0.0
113.0
347.0
579.0
793.0
974.0
1110.0
1192.0
1214.0
1175.0
1077.0
927.0
735.0
515.0
281.0
60.0
0.0
0.0
0.0
0.0
0.0
0.0
0.0
0.0
0.0
111.0
344.0
576.0
790.0
972.0
1108.0
1190.0
1213.0
1173.0
1075.0
925.0
733.0
512.0
278.0
57.0
0.0
0.0
0.0
0.0
0.0
0.0
0.0
0.0
0.0
108.0
341.0
574.0
788.0
970.0
1106.0
1189.0
1211.0
1171.0
1073.0
923.0
731.0
510.0
275.0
55.0
0.0
0.0
0.0
0.0
0.0
0.0
0.0
0.0
0.0
105.0
338.0
571.0
785.0
968.0
1104.0
1187.0
1209.0
1170.0
1071.0
921.0
728.0
507.0
272.0
53.0
0.0
0.0
0.0
0.0
0.0
0.0
0.0
0.0
0.0
101.0
335.0
568.0
783.0
965.0
1102.0
1185.0
1207.0
1168.0
1069.0
919.0
726.0
504.0
269.0
50.0
0.0
0.0
0.0
0.0
0.0
0.0
0.0
0.0
0.0
98.0
331.0
565.0
780.0
963.0
1100.0
1183.0
1205.0
1166.0
1067.0
916.0
723.0
501.0
265.0
48.0
0.0
0.0
0.0
0.0
0.0
0.0
0.0
0.0
0.0
94.0
328.0
562.0
778.0
961.0
1098.0
1181.0
1203.0
1164.0
1065.0
914.0
720.0
498.0
262.0
45.0
0.0
0.0
0.0
0.0
0.0
0.0
0.0
0.0
0.0
91.0
325.0
559.0
775.0
958.0
1096.0
1179.0
1201.0
1162.0
1063.0
911.0
718.0
495.0
258.0
43.0
0.0
0.0
0.0
0.0
0.0
0.0
0.0
0.0
0.0
88.0
321.0
556.0
773.0
956.0
1094.0
1177.0
1199.0
1160.0
1060.0
909.0
715.0
491.0
254.0
40.0
0.0
0.0
0.0
0.0
0.0
0.0
0.0
0.0
0.0
85.0
318.0
553.0
770.0
954.0
1092.0
1175.0
1197.0
1157.0
1058.0
906.0
711.0
488.0
250.0
38.0
0.0
0.0
0.0
0.0
0.0
0.0
0.0
0.0
0.0
81.0
314.0
550.0
767.0
951.0
1089.0
1173.0
1195.0
1155.0
1056.0
903.0
708.0
484.0
246.0
36.0
0.0
0.0
0.0
0.0
0.0
0.0
0.0
0.0
0.0
78.0
311.0
547.0
764.0
949.0
1087.0
1170.0
1193.0
1153.0
1053.0
900.0
705.0
481.0
242.0
33.0
0.0
0.0
0.0
0.0
0.0
0.0
0.0
0.0
0.0
75.0
307.0
544.0
762.0
946.0
1085.0
1168.0
1190.0
1150.0
1050.0
897.0
702.0
477.0
238.0
31.0
0.0
0.0
0.0
0.0
0.0
0.0
0.0
0.0
0.0
72.0
304.0
540.0
759.0
944.0
1082.0
1166.0
1188.0
1148.0
1047.0
894.0
698.0
473.0
234.0
28.0
0.0
0.0
0.0
0.0
0.0
0.0
0.0
0.0
0.0
69.0
300.0
537.0
756.0
941.0
1080.0
1163.0
1186.0
1145.0
1045.0
891.0
694.0
469.0
229.0
26.0
0.0
0.0
0.0
0.0
0.0
0.0
0.0
0.0
0.0
66.0
296.0
534.0
753.0
938.0
1077.0
1161.0
1183.0
1142.0
1042.0
888.0
691.0
465.0
225.0
24.0
0.0
0.0
0.0
0.0
0.0
0.0
0.0
0.0
0.0
63.0
293.0
531.0
750.0
936.0
1075.0
1158.0
1181.0
1140.0
1039.0
884.0
687.0
460.0
220.0
22.0
0.0
0.0
0.0
0.0
0.0
0.0
0.0
0.0
0.0
60.0
289.0
527.0
747.0
933.0
1072.0
1156.0
1178.0
1137.0
1035.0
881.0
683.0
456.0
215.0
19.0
0.0
0.0
0.0
0.0
0.0
0.0
0.0
0.0
0.0
57.0
285.0
524.0
744.0
930.0
1070.0
1153.0
1175.0
1134.0
1032.0
877.0
679.0
451.0
210.0
17.0
0.0
0.0
0.0
0.0
0.0
0.0
0.0
0.0
0.0
54.0
282.0
521.0
741.0
927.0
1067.0
1151.0
1172.0
1131.0
1029.0
873.0
675.0
447.0
205.0
15.0
0.0
0.0
0.0
0.0
0.0
0.0
0.0
0.0
0.0
51.0
278.0
517.0
738.0
924.0
1064.0
1148.0
1169.0
1128.0
1025.0
869.0
670.0
442.0
200.0
13.0
0.0
0.0
0.0
0.0
0.0
0.0
0.0
0.0
0.0
49.0
274.0
514.0
735.0
922.0
1062.0
1145.0
1167.0
1125.0
1022.0
865.0
666.0
437.0
195.0
12.0
0.0
0.0
0.0
0.0
0.0
0.0
0.0
0.0
0.0
46.0
270.0
510.0
732.0
919.0
1059.0
1142.0
1164.0
1121.0
1018.0
861.0
662.0
432.0
189.0
10.0
0.0
0.0
0.0
0.0
0.0
0.0
0.0
0.0
0.0
43.0
266.0
507.0
729.0
916.0
1056.0
1139.0
1160.0
1118.0
1015.0
857.0
657.0
427.0
184.0
8.0
0.0
0.0
0.0
0.0
0.0
0.0
0.0
0.0
0.0
41.0
262.0
504.0
725.0
913.0
1053.0
1136.0
1157.0
1114.0
1011.0
853.0
652.0
422.0
178.0
7.0
0.0
0.0
0.0
0.0
0.0
0.0
0.0
0.0
0.0
38.0
259.0
500.0
722.0
910.0
1050.0
1133.0
1154.0
1111.0
1007.0
849.0
647.0
417.0
172.0
5.0
0.0
0.0
0.0
0.0
0.0
0.0
0.0
0.0
0.0
36.0
255.0
496.0
719.0
907.0
1047.0
1130.0
1151.0
1107.0
1003.0
844.0
643.0
411.0
167.0
4.0
0.0
0.0
0.0
0.0
0.0
0.0
0.0
0.0
0.0
34.0
251.0
493.0
716.0
903.0
1044.0
1127.0
1147.0
1104.0
999.0
840.0
638.0
406.0
161.0
3.0
0.0
0.0
0.0
0.0
0.0
0.0
0.0
0.0
0.0
31.0
247.0
489.0
712.0
900.0
1041.0
1124.0
1144.0
1100.0
995.0
835.0
632.0
400.0
155.0
2.0
0.0
0.0
0.0
0.0
0.0
0.0
0.0
0.0
0.0
29.0
243.0
486.0
709.0
897.0
1037.0
1120.0
1140.0
1096.0
990.0
830.0
627.0
395.0
148.0
1.0
0.0
0.0
0.0
0.0
0.0
0.0
0.0
0.0
0.0
27.0
239.0
482.0
705.0
894.0
1034.0
1117.0
1137.0
1092.0
986.0
826.0
622.0
389.0
142.0
1.0
0.0
0.0
0.0
0.0
0.0
0.0
0.0
0.0
0.0
25.0
235.0
478.0
702.0
891.0
1031.0
1114.0
1133.0
1088.0
982.0
821.0
616.0
383.0
136.0
0.0
0.0
0.0
0.0
0.0
0.0
0.0
0.0
0.0
0.0
23.0
231.0
475.0
699.0
887.0
1028.0
1110.0
1129.0
1084.0
977.0
816.0
611.0
377.0
129.0
0.0
0.0
0.0
0.0
0.0
0.0
0.0
0.0
0.0
0.0
21.0
227.0
471.0
695.0
884.0
1024.0
1107.0
1126.0
1080.0
972.0
810.0
605.0
371.0
123.0
0.0
0.0
0.0
0.0
0.0
0.0
0.0
0.0
0.0
0.0
20.0
222.0
467.0
692.0
880.0
1021.0
1103.0
1122.0
1076.0
968.0
805.0
600.0
365.0
117.0
0.0
0.0
0.0
0.0
0.0
0.0
0.0
0.0
0.0
0.0
18.0
218.0
463.0
688.0
877.0
1017.0
1099.0
1118.0
1071.0
963.0
800.0
594.0
358.0
110.0
0.0
0.0
0.0
0.0
0.0
0.0
0.0
0.0
0.0
0.0
16.0
214.0
460.0
684.0
873.0
1014.0
1096.0
1114.0
1067.0
958.0
795.0
588.0
352.0
104.0
0.0
0.0
0.0
0.0
0.0
0.0
0.0
0.0
0.0
0.0
15.0
210.0
456.0
681.0
870.0
1010.0
1092.0
1110.0
1062.0
953.0
789.0
582.0
345.0
98.0
0.0
0.0
0.0
0.0
0.0
0.0
0.0
0.0
0.0
0.0
13.0
206.0
452.0
677.0
866.0
1006.0
1088.0
1105.0
1058.0
948.0
783.0
576.0
339.0
92.0
0.0
0.0
0.0
0.0
0.0
0.0
0.0
0.0
0.0
0.0
12.0
202.0
448.0
673.0
863.0
1003.0
1084.0
1101.0
1053.0
943.0
778.0
570.0
332.0
86.0
0.0
0.0
0.0
0.0
0.0
0.0
0.0
0.0
0.0
0.0
10.0
198.0
444.0
670.0
859.0
999.0
1080.0
1097.0
1048.0
937.0
772.0
563.0
326.0
80.0
0.0
0.0
0.0
0.0
0.0
0.0
0.0
0.0
0.0
0.0
9.0
193.0
440.0
666.0
855.0
995.0
1076.0
1092.0
1043.0
932.0
766.0
557.0
319.0
75.0
0.0
0.0
0.0
0.0
0.0
0.0
0.0
0.0
0.0
0.0
8.0
189.0
436.0
662.0
851.0
991.0
1072.0
1088.0
1038.0
927.0
760.0
551.0
312.0
69.0
0.0
0.0
0.0
0.0
0.0
0.0
0.0
0.0
0.0
0.0
7.0
185.0
432.0
658.0
847.0
987.0
1067.0
1083.0
1033.0
921.0
754.0
544.0
305.0
64.0
0.0
0.0
0.0
0.0
0.0
0.0
0.0
0.0
0.0
0.0
6.0
181.0
428.0
654.0
844.0
983.0
1063.0
1079.0
1028.0
916.0
748.0
537.0
298.0
59.0
0.0
0.0
0.0
0.0
0.0
0.0
0.0
0.0
0.0
0.0
5.0
176.0
424.0
650.0
840.0
979.0
1059.0
1074.0
1023.0
910.0
742.0
531.0
291.0
54.0
0.0
0.0
0.0
0.0
0.0
0.0
0.0
0.0
0.0
0.0
4.0
172.0
420.0
646.0
836.0
975.0
1054.0
1069.0
1018.0
904.0
736.0
524.0
284.0
49.0
0.0
0.0
0.0
0.0
0.0
0.0
0.0
0.0
0.0
0.0
3.0
168.0
416.0
642.0
831.0
970.0
1050.0
1064.0
1013.0
898.0
729.0
517.0
276.0
45.0
0.0
0.0
0.0
0.0
0.0
0.0
0.0
0.0
0.0
0.0
3.0
163.0
412.0
638.0
827.0
966.0
1045.0
1059.0
1007.0
892.0
723.0
510.0
269.0
40.0
0.0
0.0
0.0
0.0
0.0
0.0
0.0
0.0
0.0
0.0
2.0
159.0
408.0
634.0
823.0
962.0
1041.0
1054.0
1002.0
886.0
717.0
503.0
262.0
36.0
0.0
0.0
0.0
0.0
0.0
0.0
0.0
0.0
0.0
0.0
1.0
154.0
403.0
630.0
819.0
957.0
1036.0
1049.0
996.0
880.0
710.0
497.0
254.0
32.0
0.0
0.0
0.0
0.0
0.0
0.0
0.0
0.0
0.0
0.0
1.0
150.0
399.0
626.0
815.0
953.0
1031.0
1044.0
990.0
874.0
703.0
489.0
247.0
28.0
0.0
0.0
0.0
0.0
0.0
0.0
0.0
0.0
0.0
0.0
1.0
146.0
395.0
622.0
810.0
948.0
1026.0
1039.0
985.0
868.0
697.0
482.0
239.0
25.0
0.0
0.0
0.0
0.0
0.0
0.0
0.0
0.0
0.0
0.0
0.0
141.0
390.0
617.0
806.0
944.0
1021.0
1033.0
979.0
862.0
690.0
475.0
232.0
22.0
0.0
0.0
0.0
0.0
0.0
0.0
0.0
0.0
0.0
0.0
0.0
137.0
386.0
613.0
802.0
939.0
1016.0
1028.0
973.0
856.0
683.0
468.0
224.0
19.0
0.0
0.0
0.0
0.0
0.0
0.0
0.0
0.0
0.0
0.0
0.0
132.0
382.0
609.0
797.0
935.0
1011.0
1023.0
967.0
849.0
676.0
461.0
217.0
16.0
0.0
0.0
0.0
0.0
0.0
0.0
0.0
0.0
0.0
0.0
0.0
127.0
377.0
604.0
793.0
930.0
1006.0
1017.0
961.0
843.0
669.0
453.0
209.0
13.0
0.0
0.0
0.0
0.0
0.0
0.0
0.0
0.0
0.0
0.0
0.0
122.0
373.0
600.0
788.0
925.0
1001.0
1011.0
955.0
836.0
663.0
446.0
201.0
11.0
0.0
0.0
0.0
0.0
0.0
0.0
0.0
0.0
0.0
0.0
0.0
118.0
368.0
595.0
783.0
920.0
996.0
1006.0
949.0
830.0
655.0
439.0
194.0
9.0
0.0
0.0
0.0
0.0
0.0
0.0
0.0
0.0
0.0
0.0
0.0
113.0
364.0
591.0
779.0
915.0
991.0
1000.0
943.0
823.0
648.0
431.0
186.0
7.0
0.0
0.0
0.0
0.0
0.0
0.0
0.0
0.0
0.0
0.0
0.0
109.0
359.0
586.0
774.0
910.0
985.0
994.0
937.0
816.0
641.0
424.0
178.0
5.0
0.0
0.0
0.0
0.0
0.0
0.0
0.0
0.0
0.0
0.0
0.0
105.0
355.0
581.0
769.0
905.0
980.0
989.0
930.0
810.0
634.0
416.0
170.0
4.0
0.0
0.0
0.0
0.0
0.0
0.0
0.0
0.0
0.0
0.0
0.0
101.0
350.0
577.0
764.0
900.0
974.0
983.0
924.0
803.0
627.0
409.0
163.0
2.0
0.0
0.0
0.0
0.0
0.0
0.0
0.0
0.0
0.0
0.0
0.0
96.0
345.0
572.0
759.0
895.0
969.0
977.0
918.0
796.0
620.0
401.0
155.0
1.0
0.0
0.0
0.0
0.0
0.0
0.0
0.0
0.0
0.0
0.0
0.0
92.0
341.0
567.0
754.0
889.0
963.0
971.0
911.0
789.0
613.0
394.0
147.0
1.0
0.0
0.0
0.0
0.0
0.0
0.0
0.0
0.0
0.0
0.0
0.0
88.0
336.0
562.0
749.0
884.0
958.0
965.0
905.0
782.0
605.0
386.0
139.0
0.0
0.0
0.0
0.0
0.0
0.0
0.0
0.0
0.0
0.0
0.0
0.0
84.0
331.0
557.0
744.0
879.0
952.0
959.0
898.0
775.0
598.0
378.0
131.0
0.0
0.0
0.0
0.0
0.0
0.0
0.0
0.0
0.0
0.0
0.0
0.0
80.0
326.0
553.0
739.0
873.0
946.0
952.0
892.0
768.0
591.0
371.0
122.0
0.0
0.0
0.0
0.0
0.0
0.0
0.0
0.0
0.0
0.0
0.0
0.0
77.0
321.0
548.0
734.0
868.0
940.0
946.0
885.0
762.0
583.0
363.0
115.0
0.0
0.0
0.0
0.0
0.0
0.0
0.0
0.0
0.0
0.0
0.0
0.0
73.0
317.0
543.0
729.0
862.0
934.0
940.0
879.0
754.0
576.0
356.0
108.0
0.0
0.0
0.0
0.0
0.0
0.0
0.0
0.0
0.0
0.0
0.0
0.0
69.0
312.0
538.0
723.0
857.0
929.0
934.0
872.0
747.0
569.0
348.0
101.0
0.0
0.0
0.0
0.0
0.0
0.0
0.0
0.0
0.0
0.0
0.0
0.0
66.0
307.0
532.0
718.0
851.0
923.0
927.0
865.0
740.0
561.0
340.0
94.0
0.0
0.0
0.0
0.0
0.0
0.0
0.0
0.0
0.0
0.0
0.0
0.0
62.0
302.0
527.0
713.0
846.0
917.0
921.0
859.0
733.0
554.0
333.0
87.0
0.0
0.0
0.0
0.0
0.0
0.0
0.0
0.0
0.0
0.0
0.0
0.0
59.0
297.0
522.0
707.0
840.0
911.0
915.0
852.0
726.0
547.0
325.0
81.0
0.0
0.0
0.0
0.0
0.0
0.0
0.0
0.0
0.0
0.0
0.0
0.0
55.0
292.0
517.0
702.0
834.0
904.0
908.0
845.0
719.0
539.0
318.0
75.0
0.0
0.0
0.0
0.0
0.0
0.0
0.0
0.0
0.0
0.0
0.0
0.0
52.0
286.0
512.0
696.0
828.0
898.0
902.0
838.0
712.0
532.0
310.0
69.0
0.0
0.0
0.0
0.0
0.0
0.0
0.0
0.0
0.0
0.0
0.0
0.0
49.0
281.0
506.0
691.0
822.0
892.0
895.0
831.0
705.0
525.0
303.0
64.0
0.0
0.0
0.0
0.0
0.0
0.0
0.0
0.0
0.0
0.0
0.0
0.0
46.0
276.0
501.0
685.0
817.0
886.0
889.0
825.0
698.0
517.0
295.0
59.0
0.0
0.0
0.0
0.0
0.0
0.0
0.0
0.0
0.0
0.0
0.0
0.0
43.0
271.0
495.0
680.0
811.0
880.0
882.0
818.0
691.0
510.0
288.0
54.0
0.0
0.0
0.0
0.0
0.0
0.0
0.0
0.0
0.0
0.0
0.0
0.0
40.0
266.0
490.0
674.0
805.0
873.0
876.0
811.0
684.0
503.0
280.0
49.0
0.0
0.0
0.0
0.0
0.0
0.0
0.0
0.0
0.0
0.0
0.0
0.0
37.0
260.0
485.0
668.0
799.0
867.0
869.0
804.0
677.0
495.0
273.0
45.0
0.0
0.0
0.0
0.0
0.0
0.0
0.0
0.0
0.0
0.0
0.0
0.0
34.0
255.0
479.0
662.0
793.0
861.0
862.0
797.0
669.0
488.0
266.0
40.0
0.0
0.0
0.0
0.0
0.0
0.0
0.0
0.0
0.0
0.0
0.0
0.0
32.0
250.0
473.0
657.0
787.0
854.0
856.0
790.0
662.0
481.0
258.0
36.0
0.0
0.0
0.0
0.0
0.0
0.0
0.0
0.0
0.0
0.0
0.0
0.0
29.0
244.0
468.0
651.0
780.0
848.0
849.0
783.0
655.0
474.0
251.0
33.0
0.0
0.0
0.0
0.0
0.0
0.0
0.0
0.0
0.0
0.0
0.0
0.0
27.0
239.0
462.0
645.0
774.0
842.0
842.0
776.0
648.0
467.0
244.0
29.0
0.0
0.0
0.0
0.0
0.0
0.0
0.0
0.0
0.0
0.0
0.0
0.0
24.0
233.0
457.0
639.0
768.0
835.0
836.0
770.0
641.0
460.0
237.0
26.0
0.0
0.0
0.0
0.0
0.0
0.0
0.0
0.0
0.0
0.0
0.0
0.0
22.0
228.0
451.0
633.0
762.0
829.0
829.0
763.0
634.0
453.0
230.0
23.0
0.0
0.0
0.0
0.0
0.0
0.0
0.0
0.0
0.0
0.0
0.0
0.0
20.0
222.0
445.0
627.0
756.0
822.0
823.0
756.0
627.0
446.0
223.0
20.0
0.0
0.0
0.0
0.0
0.0
0.0
0.0
0.0
0.0
0.0
0.0
0.0
18.0
217.0
439.0
621.0
750.0
816.0
816.0
749.0
621.0
439.0
216.0
17.0
0.0
0.0
0.0
0.0
0.0
0.0
0.0
0.0
0.0
0.0
0.0
0.0
16.0
211.0
434.0
615.0
743.0
810.0
809.0
742.0
614.0
432.0
209.0
15.0
0.0
0.0
0.0
0.0
0.0
0.0
0.0
0.0
0.0
0.0
0.0
0.0
14.0
206.0
428.0
609.0
737.0
803.0
803.0
736.0
607.0
425.0
202.0
13.0
0.0
0.0
0.0
0.0
0.0
0.0
0.0
0.0
0.0
0.0
0.0
0.0
12.0
200.0
422.0
603.0
731.0
797.0
796.0
729.0
600.0
418.0
196.0
11.0
0.0
0.0
0.0
0.0
0.0
0.0
0.0
0.0
0.0
0.0
0.0
0.0
10.0
195.0
416.0
597.0
725.0
790.0
789.0
722.0
593.0
411.0
189.0
9.0
0.0
0.0
0.0
0.0
0.0
0.0
0.0
0.0
0.0
0.0
0.0
0.0
9.0
189.0
410.0
591.0
718.0
784.0
783.0
716.0
587.0
405.0
182.0
7.0
0.0
0.0
0.0
0.0
0.0
0.0
0.0
0.0
0.0
0.0
0.0
0.0
8.0
183.0
405.0
585.0
712.0
777.0
776.0
709.0
580.0
398.0
176.0
6.0
0.0
0.0
0.0
0.0
0.0
0.0
0.0
0.0
0.0
0.0
0.0
0.0
6.0
178.0
399.0
579.0
706.0
771.0
770.0
703.0
574.0
392.0
170.0
5.0
0.0
0.0
0.0
0.0
0.0
0.0
0.0
0.0
0.0
0.0
0.0
0.0
5.0
172.0
393.0
573.0
700.0
765.0
763.0
696.0
567.0
385.0
163.0
3.0
0.0
0.0
0.0
0.0
0.0
0.0
0.0
0.0
0.0
0.0
0.0
0.0
4.0
166.0
387.0
567.0
693.0
758.0
757.0
690.0
561.0
379.0
157.0
3.0
0.0
0.0
0.0
0.0
0.0
0.0
0.0
0.0
0.0
0.0
0.0
0.0
3.0
161.0
381.0
561.0
687.0
752.0
751.0
683.0
554.0
373.0
151.0
2.0
0.0
0.0
0.0
0.0
0.0
0.0
0.0
0.0
0.0
0.0
0.0
0.0
2.0
155.0
375.0
555.0
681.0
746.0
744.0
677.0
548.0
367.0
145.0
1.0
0.0
0.0
0.0
0.0
0.0
0.0
0.0
0.0
0.0
0.0
0.0
0.0
2.0
149.0
369.0
549.0
675.0
739.0
738.0
671.0
542.0
361.0
139.0
1.0
0.0
0.0
0.0
0.0
0.0
0.0
0.0
0.0
0.0
0.0
0.0
0.0
1.0
144.0
363.0
542.0
669.0
733.0
732.0
664.0
536.0
355.0
133.0
0.0
0.0
0.0
0.0
0.0
0.0
0.0
0.0
0.0
0.0
0.0
0.0
0.0
1.0
138.0
358.0
536.0
662.0
727.0
725.0
658.0
530.0
349.0
128.0
0.0
0.0
0.0
0.0
0.0
0.0
0.0
0.0
0.0
0.0
0.0
0.0
0.0
0.0
132.0
352.0
530.0
656.0
721.0
719.0
652.0
524.0
343.0
122.0
0.0
0.0
0.0
0.0
0.0
0.0
0.0
0.0
0.0
0.0
0.0
0.0
0.0
0.0
127.0
346.0
524.0
650.0
715.0
713.0
646.0
518.0
337.0
114.0
0.0
0.0
0.0
0.0
0.0
0.0
0.0
0.0
0.0
0.0
0.0
0.0
0.0
0.0
121.0
340.0
518.0
644.0
708.0
707.0
640.0
512.0
332.0
109.0
0.0
0.0
0.0
0.0
0.0
0.0
0.0
0.0
0.0
0.0
0.0
0.0
0.0
0.0
112.0
334.0
513.0
638.0
702.0
701.0
634.0
507.0
326.0
104.0
0.0
0.0
0.0
0.0
0.0
0.0
0.0
0.0
0.0
0.0
0.0
0.0
0.0
0.0
107.0
328.0
507.0
632.0
696.0
695.0
629.0
501.0
321.0
99.0
0.0
0.0
0.0
0.0
0.0
0.0
0.0
0.0
0.0
0.0
0.0
0.0
0.0
0.0
102.0
323.0
501.0
626.0
691.0
689.0
623.0
496.0
316.0
94.0
0.0
0.0
0.0
0.0
0.0
0.0
0.0
0.0
0.0
0.0
0.0
0.0
0.0
0.0
96.0
317.0
495.0
620.0
685.0
684.0
617.0
490.0
311.0
90.0
0.0
0.0
0.0
0.0
0.0
0.0
0.0
0.0
0.0
0.0
0.0
0.0
0.0
0.0
91.0
311.0
489.0
614.0
679.0
678.0
612.0
485.0
306.0
86.0
0.0
0.0
0.0
0.0
0.0
0.0
0.0
0.0
0.0
0.0
0.0
0.0
0.0
0.0
87.0
306.0
483.0
609.0
673.0
672.0
606.0
480.0
301.0
82.0
0.0
0.0
0.0
0.0
0.0
0.0
0.0
0.0
0.0
0.0
0.0
0.0
0.0
0.0
82.0
300.0
478.0
603.0
668.0
667.0
601.0
475.0
296.0
79.0
0.0
0.0
0.0
0.0
0.0
0.0
0.0
0.0
0.0
0.0
0.0
0.0
0.0
0.0
77.0
294.0
472.0
597.0
662.0
662.0
596.0
470.0
292.0
75.0
0.0
0.0
0.0
0.0
0.0
0.0
0.0
0.0
0.0
0.0
0.0
0.0
0.0
0.0
73.0
289.0
466.0
592.0
657.0
656.0
591.0
465.0
287.0
72.0
0.0
0.0
0.0
0.0
0.0
0.0
0.0
0.0
0.0
0.0
0.0
0.0
0.0
0.0
69.0
283.0
461.0
586.0
651.0
651.0
586.0
460.0
283.0
69.0
0.0
0.0
0.0
0.0
0.0
0.0
0.0
0.0
0.0
0.0
0.0
0.0
0.0
0.0
65.0
278.0
455.0
581.0
646.0
646.0
581.0
456.0
279.0
66.0
0.0
0.0
0.0
0.0
0.0
0.0
0.0
0.0
0.0
0.0
0.0
0.0
0.0
0.0
61.0
272.0
450.0
575.0
641.0
641.0
576.0
452.0
275.0
63.0
0.0
0.0
0.0
0.0
0.0
0.0
0.0
0.0
0.0
0.0
0.0
0.0
0.0
0.0
57.0
267.0
444.0
570.0
635.0
636.0
572.0
447.0
271.0
60.0
0.0
0.0
0.0
0.0
0.0
0.0
0.0
0.0
0.0
0.0
0.0
0.0
0.0
0.0
54.0
262.0
439.0
565.0
630.0
631.0
567.0
443.0
267.0
58.0
0.0
0.0
0.0
0.0
0.0
0.0
0.0
0.0
0.0
0.0
0.0
0.0
0.0
0.0
50.0
257.0
434.0
560.0
625.0
627.0
563.0
439.0
263.0
55.0
0.0
0.0
0.0
0.0
0.0
0.0
0.0
0.0
0.0
0.0
0.0
0.0
0.0
0.0
47.0
251.0
429.0
555.0
621.0
622.0
559.0
435.0
260.0
53.0
0.0
0.0
0.0
0.0
0.0
0.0
0.0
0.0
0.0
0.0
0.0
0.0
0.0
0.0
44.0
246.0
424.0
550.0
616.0
618.0
555.0
432.0
257.0
51.0
0.0
0.0
0.0
0.0
0.0
0.0
0.0
0.0
0.0
0.0
0.0
0.0
0.0
0.0
41.0
241.0
419.0
545.0
611.0
613.0
551.0
428.0
253.0
49.0
0.0
0.0
0.0
0.0
0.0
0.0
0.0
0.0
0.0
0.0
0.0
0.0
0.0
0.0
38.0
236.0
414.0
540.0
607.0
609.0
547.0
425.0
250.0
47.0
0.0
0.0
0.0
0.0
0.0
0.0
0.0
0.0
0.0
0.0
0.0
0.0
0.0
0.0
35.0
232.0
409.0
536.0
602.0
605.0
543.0
421.0
247.0
46.0
0.0
0.0
0.0
0.0
0.0
0.0
0.0
0.0
0.0
0.0
0.0
0.0
0.0
0.0
33.0
227.0
404.0
531.0
598.0
601.0
540.0
418.0
245.0
44.0
0.0
0.0
0.0
0.0
0.0
0.0
0.0
0.0
0.0
0.0
0.0
0.0
0.0
0.0
30.0
222.0
400.0
527.0
594.0
597.0
536.0
415.0
242.0
43.0
0.0
0.0
0.0
0.0
0.0
0.0
0.0
0.0
0.0
0.0
0.0
0.0
0.0
0.0
28.0
218.0
395.0
522.0
590.0
594.0
533.0
412.0
240.0
42.0
0.0
0.0
0.0
0.0
0.0
0.0
0.0
0.0
0.0
0.0
0.0
0.0
0.0
0.0
26.0
213.0
391.0
518.0
586.0
590.0
530.0
410.0
237.0
40.0
0.0
0.0
0.0
0.0
0.0
0.0
0.0
0.0
0.0
0.0
0.0
0.0
0.0
0.0
24.0
209.0
387.0
514.0
582.0
587.0
527.0
407.0
235.0
39.0
0.0
0.0
0.0
0.0
0.0
0.0
0.0
0.0
0.0
0.0
0.0
0.0
0.0
0.0
22.0
204.0
382.0
510.0
579.0
583.0
524.0
405.0
233.0
38.0
0.0
0.0
0.0
0.0
0.0
0.0
0.0
0.0
0.0
0.0
0.0
0.0
0.0
0.0
20.0
200.0
378.0
506.0
575.0
580.0
521.0
402.0
231.0
37.0
0.0
0.0
0.0
0.0
0.0
0.0
0.0
0.0
0.0
0.0
0.0
0.0
0.0
0.0
18.0
196.0
374.0
503.0
572.0
577.0
519.0
400.0
230.0
37.0
0.0
0.0
0.0
0.0
0.0
0.0
0.0
0.0
0.0
0.0
0.0
0.0
0.0
0.0
17.0
192.0
371.0
499.0
569.0
574.0
516.0
398.0
228.0
36.0
0.0
0.0
0.0
0.0
0.0
0.0
0.0
0.0
0.0
0.0
0.0
0.0
0.0
0.0
15.0
188.0
367.0
496.0
565.0
572.0
514.0
397.0
227.0
35.0
0.0
0.0
0.0
0.0
0.0
0.0
0.0
0.0
0.0
0.0
0.0
0.0
0.0
0.0
14.0
184.0
363.0
492.0
562.0
569.0
512.0
395.0
226.0
35.0
0.0
0.0
0.0
0.0
0.0
0.0
0.0
0.0
0.0
0.0
0.0
0.0
0.0
0.0
13.0
181.0
360.0
489.0
560.0
567.0
510.0
394.0
225.0
34.0
0.0
0.0
0.0
0.0
0.0
0.0
0.0
0.0
0.0
0.0
0.0
0.0
0.0
0.0
11.0
177.0
356.0
486.0
557.0
565.0
508.0
392.0
224.0
34.0
0.0
0.0
0.0
0.0
0.0
0.0
0.0
0.0
0.0
0.0
0.0
0.0
0.0
0.0
10.0
174.0
353.0
483.0
555.0
563.0
507.0
391.0
223.0
34.0
0.0
0.0
0.0
0.0
0.0
0.0
0.0
0.0
0.0
0.0
0.0
0.0
0.0
0.0
9.0
170.0
350.0
480.0
552.0
561.0
505.0
390.0
223.0
34.0
0.0
0.0
0.0
0.0
0.0
0.0
0.0
0.0
0.0
0.0
0.0
0.0
0.0
0.0
8.0
167.0
347.0
478.0
550.0
559.0
504.0
389.0
222.0
34.0
0.0
0.0
0.0
0.0
0.0
0.0
0.0
0.0
0.0
0.0
0.0
0.0
0.0
0.0
8.0
164.0
344.0
475.0
548.0
557.0
503.0
389.0
222.0
34.0
0.0
0.0
0.0
0.0
0.0
0.0
0.0
0.0
0.0
0.0
0.0
0.0
0.0
0.0
7.0
161.0
342.0
473.0
546.0
556.0
502.0
388.0
222.0
34.0
0.0
0.0
0.0
0.0
0.0
0.0
0.0
0.0
0.0
0.0
0.0
0.0
0.0
0.0
6.0
158.0
339.0
471.0
544.0
555.0
501.0
388.0
222.0
34.0
0.0
0.0
0.0
0.0
0.0
0.0
0.0
0.0
0.0
0.0
0.0
0.0
0.0
0.0
6.0
156.0
337.0
469.0
543.0
554.0
501.0
388.0
222.0
34.0
0.0
0.0
0.0
0.0
0.0
0.0
0.0
0.0
0.0
0.0
0.0
0.0
0.0
0.0
5.0
153.0
335.0
467.0
541.0
553.0
500.0
388.0
223.0
35.0
0.0
0.0
0.0
0.0
0.0
0.0
0.0
0.0
0.0
0.0
0.0
0.0
0.0
0.0
4.0
151.0
332.0
465.0
540.0
552.0
500.0
388.0
223.0
35.0
0.0
0.0
0.0
0.0
0.0
0.0
0.0
0.0
0.0
0.0
0.0
0.0
0.0
0.0
4.0
149.0
331.0
464.0
539.0
551.0
500.0
388.0
224.0
36.0
0.0
0.0
0.0
0.0
0.0
0.0
0.0
0.0
0.0
0.0
0.0
0.0
0.0
0.0
4.0
146.0
329.0
462.0
538.0
551.0
500.0
389.0
225.0
36.0
0.0
0.0
0.0
0.0
0.0
0.0
0.0
0.0
0.0
0.0
0.0
0.0
0.0
0.0
3.0
145.0
327.0
461.0
537.0
551.0
500.0
390.0
226.0
37.0
0.0
0.0
0.0
0.0
0.0
0.0
0.0
0.0
0.0
0.0
0.0
0.0
0.0
0.0
3.0
143.0
326.0
460.0
537.0
551.0
501.0
390.0
227.0
38.0
0.0
0.0
0.0
0.0
0.0
0.0
0.0
0.0
0.0
0.0
0.0
0.0
0.0
0.0
3.0
141.0
324.0
459.0
536.0
551.0
501.0
391.0
229.0
39.0
0.0
0.0
0.0
0.0
0.0
0.0
0.0
0.0
0.0
0.0
0.0
0.0
0.0
0.0
2.0
139.0
323.0
458.0
536.0
551.0
502.0
393.0
230.0
40.0
0.0
0.0
0.0
0.0
0.0
0.0
0.0
0.0
0.0
0.0
0.0
0.0
0.0
0.0
2.0
138.0
322.0
458.0
536.0
551.0
503.0
394.0
232.0
41.0
0.0
0.0
0.0
0.0
0.0
0.0
0.0
0.0
0.0
0.0
0.0
0.0
0.0
0.0
2.0
137.0
321.0
457.0
536.0
552.0
504.0
395.0
234.0
42.0
0.0
0.0
0.0
0.0
0.0
0.0
0.0
0.0
0.0
0.0
0.0
0.0
0.0
0.0
2.0
136.0
320.0
457.0
536.0
553.0
505.0
397.0
236.0
43.0
0.0
0.0
0.0
0.0
0.0
0.0
0.0
0.0
0.0
0.0
0.0
0.0
0.0
0.0
2.0
135.0
320.0
457.0
537.0
554.0
507.0
399.0
238.0
45.0
0.0
0.0
0.0
0.0
0.0
0.0
0.0
0.0
0.0
0.0
0.0
0.0
0.0
0.0
2.0
134.0
320.0
457.0
537.0
555.0
508.0
401.0
240.0
46.0
0.0
0.0
0.0
0.0
0.0
0.0
0.0
0.0
0.0
0.0
0.0
0.0
0.0
0.0
1.0
133.0
319.0
457.0
538.0
556.0
510.0
403.0
242.0
48.0
0.0
0.0
0.0
0.0
0.0
0.0
0.0
0.0
0.0
0.0
0.0
0.0
0.0
0.0
1.0
133.0
319.0
458.0
539.0
557.0
512.0
405.0
245.0
50.0
0.0
0.0
0.0
0.0
0.0
0.0
0.0
0.0
0.0
0.0
0.0
0.0
0.0
0.0
1.0
133.0
319.0
458.0
540.0
559.0
514.0
408.0
248.0
52.0
0.0
0.0
0.0
0.0
0.0
0.0
