Consumption in Italy_and_Alpine_states in 2017
40267.0
39286.0
37652.0
35406.0
34139.0
34159.0
34629.0
35046.0
36104.0
38025.0
39771.0
40720.0
41621.0
39844.0
38036.0
38469.0
41150.0
46285.0
48029.0
48356.0
47368.0
45488.0
43332.0
40497.0
37366.0
35563.0
34571.0
34025.0
34586.0
37110.0
41623.0
46683.0
51635.0
55090.0
56068.0
55680.0
54877.0
53883.0
53267.0
53900.0
56581.0
60954.0
60899.0
59350.0
55677.0
52366.0
48546.0
44406.0
41402.0
39408.0
38022.0
37468.0
37624.0
40429.0
45065.0
51038.0
56583.0
59857.0
60595.0
60927.0
59537.0
58133.0
57824.0
58046.0
60024.0
64221.0
64145.0
62243.0
58213.0
54141.0
50145.0
45886.0
42287.0
40008.0
38954.0
38227.0
38686.0
41084.0
46051.0
52570.0
57848.0
61092.0
61476.0
61287.0
59644.0
58501.0
57936.0
58150.0
60098.0
63932.0
63755.0
61921.0
58205.0
54099.0
49839.0
45319.0
41829.0
39815.0
38758.0
38299.0
38644.0
40874.0
45234.0
51657.0
57079.0
60358.0
61559.0
61808.0
60501.0
58693.0
57922.0
58098.0
60036.0
64360.0
64133.0
61955.0
58252.0
53989.0
50062.0
46155.0
42798.0
40379.0
39407.0
38611.0
38076.0
38776.0
40526.0
43613.0
46608.0
50317.0
53010.0
54152.0
53547.0
50553.0
48667.0
48444.0
49913.0
55010.0
56594.0
56219.0
54216.0
51293.0
48923.0
45575.0
42549.0
40341.0
38622.0
37570.0
37732.0
39235.0
41417.0
44987.0
48225.0
52026.0
54108.0
54382.0
53987.0
52719.0
52093.0
51357.0
52731.0
57870.0
59141.0
58424.0
55340.0
51751.0
49080.0
45486.0
42260.0
39703.0
38259.0
37305.0
36675.0
37307.0
38674.0
40857.0
43248.0
47407.0
50625.0
51053.0
50801.0
49162.0
48011.0
47400.0
48940.0
54439.0
56296.0
56392.0
54316.0
51790.0
48740.0
44459.0
41323.0
39241.0
38610.0
38311.0
39034.0
42259.0
50318.0
60056.0
66505.0
70005.0
71074.0
70832.0
67954.0
67572.0
67880.0
67840.0
69326.0
72423.0
71491.0
68897.0
64874.0
60819.0
55888.0
50647.0
46712.0
44224.0
43082.0
42868.0
43401.0
46515.0
54313.0
63805.0
70411.0
73245.0
73981.0
73790.0
71306.0
70496.0
71362.0
71646.0
73056.0
75236.0
73788.0
70833.0
66416.0
61832.0
56477.0
51397.0
48101.0
45951.0
44597.0
43845.0
44078.0
46964.0
55169.0
64659.0
71055.0
74545.0
75321.0
75033.0
71712.0
70484.0
70744.0
70766.0
71656.0
74584.0
73724.0
71216.0
66831.0
61996.0
56616.0
51381.0
47170.0
44430.0
42999.0
42920.0
43360.0
46130.0
54153.0
63716.0
70054.0
72363.0
72455.0
72004.0
68656.0
68498.0
69608.0
69901.0
71631.0
73586.0
72099.0
69540.0
65653.0
60820.0
55687.0
50315.0
46518.0
44135.0
42952.0
42640.0
43382.0
46267.0
53374.0
62565.0
68536.0
71453.0
72333.0
72265.0
68673.0
67502.0
68215.0
68107.0
68863.0
71176.0
70397.0
67827.0
63046.0
58330.0
53729.0
49470.0
47056.0
44687.0
43039.0
41970.0
41754.0
42431.0
45788.0
50708.0
55298.0
58310.0
59447.0
58531.0
56193.0
54420.0
53462.0
53321.0
54811.0
59340.0
60944.0
60231.0
56838.0
53446.0
50542.0
47227.0
44507.0
42150.0
40330.0
39381.0
38746.0
39320.0
40635.0
42800.0
45816.0
49517.0
51961.0
52580.0
52318.0
49987.0
48973.0
48848.0
50122.0
54554.0
56639.0
56930.0
55309.0
52898.0
50027.0
46194.0
42772.0
40810.0
39921.0
39715.0
40482.0
43977.0
52675.0
62519.0
68786.0
71481.0
72019.0
71698.0
68929.0
68361.0
68811.0
68956.0
70161.0
72823.0
72257.0
69731.0
65424.0
60658.0
55520.0
50956.0
47288.0
45460.0
44096.0
43756.0
44401.0
47310.0
55057.0
64708.0
70855.0
73362.0
74395.0
73895.0
70729.0
69961.0
70361.0
70292.0
71455.0
73968.0
73392.0
70595.0
66271.0
61544.0
56486.0
51687.0
47503.0
45615.0
44537.0
43991.0
44299.0
47477.0
55098.0
65319.0
71198.0
73507.0
74210.0
73165.0
70055.0
69594.0
70013.0
69799.0
70765.0
73677.0
73339.0
70941.0
66670.0
61562.0
56669.0
52165.0
47779.0
45121.0
43961.0
43464.0
44003.0
47188.0
55025.0
64597.0
70758.0
73337.0
73531.0
72327.0
68883.0
68378.0
68650.0
68500.0
69298.0
72662.0
72747.0
70595.0
66469.0
61792.0
56936.0
52067.0
48119.0
45832.0
44356.0
43604.0
44232.0
47407.0
55504.0
65110.0
71251.0
73547.0
73530.0
72506.0
68786.0
67419.0
67757.0
67089.0
67895.0
71287.0
71618.0
69341.0
65109.0
60351.0
55656.0
51179.0
47248.0
44947.0
43636.0
42773.0
42780.0
43923.0
47643.0
52426.0
56848.0
60468.0
61327.0
59410.0
57727.0
55648.0
55102.0
54574.0
55047.0
59359.0
61348.0
60633.0
57231.0
53510.0
50584.0
47291.0
44275.0
42260.0
40813.0
39932.0
39624.0
40374.0
41857.0
43881.0
46730.0
50540.0
52514.0
52788.0
52139.0
49442.0
48258.0
47877.0
49284.0
53713.0
55692.0
55933.0
54192.0
51576.0
48765.0
45580.0
43184.0
41668.0
40683.0
40505.0
41195.0
44799.0
52696.0
62761.0
68761.0
71090.0
71331.0
70787.0
67412.0
66769.0
67585.0
67940.0
68998.0
71720.0
71692.0
69207.0
65057.0
60558.0
55472.0
50779.0
47111.0
45199.0
43985.0
43546.0
44075.0
46879.0
55293.0
65110.0
71029.0
73117.0
72882.0
72270.0
69198.0
68538.0
68602.0
68339.0
69174.0
71520.0
71952.0
69700.0
65478.0
60665.0
56072.0
51363.0
47940.0
46332.0
44927.0
44226.0
44924.0
48008.0
55405.0
65063.0
71161.0
73169.0
72982.0
72059.0
68998.0
67952.0
68567.0
68322.0
68953.0
71856.0
72894.0
70195.0
66324.0
61565.0
56956.0
52040.0
48324.0
46599.0
45400.0
44735.0
45004.0
48228.0
55924.0
65247.0
71011.0
72898.0
72500.0
71078.0
67915.0
67475.0
68068.0
68336.0
69016.0
72082.0
72837.0
70648.0
66640.0
62126.0
57081.0
52265.0
47965.0
46337.0
45101.0
44928.0
45316.0
48397.0
56156.0
65056.0
70336.0
72227.0
71842.0
70818.0
67475.0
66492.0
66878.0
67053.0
67563.0
70404.0
71334.0
69038.0
64907.0
60444.0
55877.0
51227.0
47316.0
45406.0
43953.0
43000.0
42957.0
44068.0
47631.0
52311.0
55978.0
58472.0
59050.0
57866.0
56002.0
53763.0
53466.0
52991.0
54107.0
57890.0
60167.0
59424.0
56086.0
52881.0
50554.0
46884.0
43652.0
41216.0
39920.0
39089.0
38723.0
39179.0
40649.0
42497.0
46142.0
49891.0
51010.0
51091.0
50245.0
48169.0
47398.0
46934.0
47524.0
51714.0
54971.0
55187.0
53788.0
51210.0
48872.0
45528.0
42063.0
40401.0
39359.0
39138.0
40028.0
43914.0
52882.0
61460.0
67967.0
70272.0
70196.0
69391.0
66189.0
65765.0
66876.0
67449.0
68104.0
70479.0
70756.0
67842.0
64037.0
59611.0
54670.0
49914.0
46255.0
44107.0
42989.0
43134.0
43760.0
46947.0
54521.0
63502.0
69339.0
71157.0
71368.0
70815.0
67800.0
67666.0
68486.0
69264.0
69295.0
70870.0
70985.0
68425.0
64409.0
59429.0
54765.0
50229.0
47067.0
45284.0
43436.0
43008.0
43726.0
47164.0
55362.0
63533.0
69549.0
71433.0
71069.0
70620.0
67127.0
66519.0
67694.0
68066.0
68326.0
70492.0
71150.0
68714.0
64315.0
60291.0
55725.0
51028.0
46719.0
44600.0
43299.0
42766.0
43224.0
46640.0
54174.0
62965.0
68455.0
70297.0
70536.0
69875.0
66638.0
66074.0
66743.0
67265.0
68219.0
70074.0
70338.0
67772.0
63883.0
59145.0
54442.0
49844.0
46408.0
44112.0
42863.0
42489.0
42830.0
46365.0
53370.0
61781.0
67562.0
69620.0
69656.0
69481.0
65434.0
64244.0
65180.0
64531.0
65003.0
67576.0
68340.0
65959.0
61907.0
57211.0
52936.0
48777.0
44969.0
42589.0
41367.0
40594.0
40247.0
41570.0
44990.0
48974.0
52643.0
55503.0
56443.0
55790.0
53378.0
51629.0
51111.0
51107.0
52180.0
55370.0
57751.0
56820.0
53472.0
49717.0
46976.0
43930.0
41147.0
38556.0
37151.0
36447.0
36350.0
37039.0
38396.0
40300.0
43001.0
46414.0
48747.0
49599.0
49621.0
47324.0
45876.0
45770.0
47020.0
50470.0
53307.0
53258.0
51635.0
48760.0
46473.0
43099.0
39668.0
38149.0
37481.0
37216.0
38388.0
42270.0
50830.0
59934.0
66078.0
68971.0
69403.0
69187.0
65621.0
65487.0
66129.0
66163.0
66295.0
67729.0
68762.0
66602.0
62550.0
58931.0
53976.0
49580.0
45900.0
43475.0
42104.0
41776.0
42477.0
45597.0
53604.0
61772.0
67573.0
69342.0
69264.0
68936.0
65117.0
65162.0
65891.0
66002.0
66137.0
67854.0
70039.0
68089.0
64018.0
59667.0
54828.0
49994.0
46405.0
44127.0
42730.0
42217.0
42757.0
46248.0
53814.0
62672.0
67939.0
70117.0
70349.0
70082.0
67105.0
66132.0
67176.0
67501.0
67790.0
69639.0
70674.0
68297.0
64061.0
59679.0
54770.0
49975.0
45908.0
43933.0
43035.0
42626.0
43368.0
46519.0
53952.0
62382.0
67791.0
70036.0
70554.0
70038.0
66703.0
66164.0
66779.0
67076.0
67659.0
69390.0
70677.0
68403.0
64313.0
59518.0
54466.0
50124.0
46420.0
44168.0
43130.0
42396.0
43071.0
46239.0
54108.0
62805.0
68745.0
71293.0
71488.0
71149.0
67521.0
66214.0
66784.0
66674.0
66684.0
67881.0
69624.0
67546.0
63535.0
59011.0
54207.0
50153.0
46567.0
44158.0
42460.0
41090.0
40744.0
42015.0
45441.0
49206.0
54219.0
57187.0
57658.0
56591.0
54413.0
52344.0
50907.0
50634.0
51477.0
54546.0
58271.0
57531.0
54388.0
50616.0
48147.0
45026.0
41360.0
39857.0
37924.0
37042.0
36772.0
37386.0
38660.0
40050.0
43164.0
46119.0
48279.0
48752.0
48646.0
46077.0
44869.0
44958.0
45428.0
48346.0
52708.0
52880.0
51123.0
48826.0
45830.0
42317.0
39571.0
37899.0
37152.0
36916.0
37893.0
42321.0
50703.0
59468.0
65709.0
68121.0
67850.0
67810.0
64424.0
63993.0
64823.0
65235.0
65787.0
67002.0
68350.0
66300.0
62459.0
57974.0
53107.0
48326.0
44815.0
42509.0
41860.0
41360.0
42136.0
45340.0
53039.0
61476.0
67397.0
69160.0
68783.0
68062.0
63780.0
63123.0
63609.0
63916.0
64398.0
65866.0
69323.0
67808.0
63546.0
58394.0
53718.0
48991.0
45496.0
43775.0
42773.0
42075.0
42850.0
46194.0
53848.0
61677.0
66951.0
67902.0
67440.0
66453.0
62987.0
62024.0
62581.0
62658.0
62769.0
64548.0
68552.0
67269.0
62931.0
58276.0
53396.0
48634.0
44864.0
42677.0
41717.0
41246.0
41845.0
45120.0
53228.0
60988.0
65932.0
66945.0
66418.0
65605.0
62296.0
61421.0
62056.0
62439.0
62774.0
64297.0
68129.0
66576.0
62794.0
58653.0
53817.0
48866.0
44961.0
42577.0
41222.0
41398.0
41884.0
44670.0
52750.0
60416.0
65729.0
67481.0
67291.0
67072.0
64106.0
63129.0
63165.0
63187.0
63117.0
64100.0
67076.0
65632.0
61508.0
56199.0
52247.0
47878.0
44081.0
41917.0
40312.0
39611.0
39922.0
40776.0
43803.0
47760.0
51759.0
54816.0
55098.0
54574.0
52482.0
49888.0
48275.0
47956.0
48505.0
51151.0
56552.0
56712.0
53290.0
49364.0
46687.0
43728.0
40422.0
38159.0
37108.0
36442.0
36406.0
37003.0
38271.0
39601.0
42640.0
45647.0
46781.0
46756.0
46381.0
44569.0
43408.0
43237.0
43517.0
46169.0
51659.0
52455.0
50689.0
47966.0
45875.0
42070.0
38817.0
37161.0
36721.0
36258.0
37412.0
41676.0
50375.0
58685.0
64727.0
65806.0
65147.0
64471.0
60777.0
60551.0
61378.0
62589.0
62844.0
63900.0
67219.0
65763.0
62109.0
57497.0
52638.0
48263.0
44573.0
42049.0
40978.0
40626.0
41393.0
45063.0
52376.0
60353.0
66114.0
68388.0
68827.0
68015.0
64518.0
63948.0
64832.0
64547.0
64339.0
64518.0
67644.0
66184.0
62071.0
57817.0
52682.0
47795.0
43770.0
41965.0
40459.0
40582.0
41219.0
44739.0
52030.0
60269.0
65351.0
66918.0
66157.0
66103.0
62364.0
61493.0
62127.0
62121.0
62850.0
64026.0
66953.0
65491.0
61347.0
56618.0
52247.0
47347.0
43512.0
41569.0
40646.0
40149.0
40828.0
43822.0
51239.0
58750.0
63959.0
65272.0
64972.0
64452.0
60834.0
60685.0
61678.0
61844.0
61842.0
63068.0
65811.0
64461.0
60453.0
56288.0
51534.0
46740.0
43581.0
41297.0
40487.0
39845.0
40417.0
43628.0
50655.0
58498.0
64527.0
66648.0
66589.0
66853.0
63818.0
62229.0
62338.0
62214.0
62379.0
62895.0
65271.0
63889.0
59826.0
55146.0
51247.0
47123.0
43425.0
41273.0
39752.0
39039.0
39007.0
40117.0
43080.0
46466.0
51416.0
53790.0
54004.0
52837.0
50700.0
48835.0
47832.0
47094.0
47284.0
49065.0
54569.0
55030.0
51747.0
47954.0
45311.0
42166.0
38848.0
36686.0
35488.0
35226.0
35056.0
35771.0
36764.0
38049.0
41569.0
44661.0
46253.0
46754.0
45892.0
43700.0
42650.0
42519.0
42939.0
44562.0
49804.0
51138.0
49264.0
46504.0
43770.0
40067.0
37621.0
36092.0
35419.0
35264.0
36317.0
40512.0
48506.0
55706.0
61730.0
63328.0
63143.0
62835.0
59904.0
59739.0
60746.0
60646.0
60898.0
61433.0
64498.0
63490.0
59776.0
55154.0
50457.0
45902.0
42628.0
40324.0
39501.0
39164.0
39967.0
43256.0
50034.0
57352.0
63548.0
65326.0
66204.0
65559.0
62393.0
61327.0
61729.0
62400.0
63053.0
63046.0
64910.0
63429.0
59632.0
55176.0
50866.0
46293.0
44275.0
41834.0
41011.0
40799.0
41417.0
44500.0
52053.0
59561.0
65704.0
67175.0
66411.0
65743.0
62351.0
61820.0
62271.0
61817.0
62790.0
63213.0
66950.0
66442.0
62479.0
57760.0
52874.0
47730.0
44336.0
42551.0
41240.0
40928.0
41530.0
45044.0
52159.0
59767.0
65453.0
66369.0
65784.0
64825.0
61446.0
60494.0
60724.0
61665.0
62456.0
62891.0
66705.0
66658.0
62837.0
57956.0
53593.0
49308.0
44717.0
42335.0
41334.0
41187.0
41659.0
45085.0
52285.0
59473.0
64905.0
65936.0
65438.0
64452.0
61155.0
60895.0
62058.0
62209.0
61843.0
62341.0
65847.0
65420.0
61156.0
56204.0
51645.0
47264.0
43153.0
40860.0
39401.0
39166.0
39159.0
40130.0
42411.0
45916.0
49816.0
53011.0
53668.0
52789.0
50518.0
47890.0
47305.0
47195.0
48318.0
49642.0
53897.0
53963.0
50694.0
46879.0
43894.0
41091.0
38461.0
36225.0
34767.0
34431.0
34905.0
36184.0
37077.0
38213.0
41688.0
44636.0
46210.0
47004.0
46699.0
44114.0
42672.0
42986.0
42999.0
44662.0
49521.0
50702.0
48616.0
45906.0
43201.0
39723.0
37457.0
35814.0
35241.0
35477.0
36488.0
40324.0
47650.0
55670.0
62130.0
63309.0
63063.0
63429.0
59990.0
59836.0
62327.0
62528.0
62833.0
62927.0
65374.0
64635.0
60983.0
56156.0
51135.0
46564.0
43256.0
41100.0
40515.0
40300.0
41153.0
43437.0
50972.0
59018.0
64777.0
67110.0
67422.0
67207.0
63671.0
62790.0
63569.0
63575.0
63625.0
63407.0
66318.0
66718.0
62364.0
57362.0
52293.0
47344.0
43350.0
41808.0
40955.0
40793.0
41584.0
44717.0
51460.0
58567.0
63825.0
65066.0
64988.0
64125.0
60945.0
60418.0
61041.0
61501.0
61857.0
61933.0
65748.0
65829.0
61607.0
56622.0
51840.0
47406.0
44082.0
40989.0
40130.0
40004.0
40729.0
43876.0
50690.0
57940.0
63326.0
64123.0
64020.0
63769.0
60417.0
59997.0
60738.0
61250.0
61330.0
61232.0
64700.0
64986.0
61062.0
56649.0
51894.0
47176.0
42756.0
40938.0
39878.0
39569.0
40328.0
43445.0
49858.0
56779.0
61796.0
62895.0
62463.0
61404.0
59120.0
58624.0
59256.0
59323.0
58836.0
58806.0
62418.0
63351.0
59142.0
54488.0
50499.0
46311.0
42120.0
40021.0
39234.0
38677.0
38862.0
40034.0
42009.0
45634.0
49481.0
51535.0
52500.0
51297.0
48775.0
46846.0
46072.0
45828.0
46201.0
47372.0
51890.0
53962.0
51194.0
47414.0
44456.0
41629.0
38770.0
36373.0
35415.0
34752.0
34836.0
35935.0
36368.0
38006.0
40928.0
43147.0
44376.0
44575.0
44103.0
41607.0
40695.0
40756.0
41692.0
43717.0
49436.0
51467.0
49543.0
47063.0
44348.0
40601.0
37976.0
36279.0
35446.0
35488.0
36494.0
40197.0
47611.0
55224.0
60616.0
61188.0
61139.0
61411.0
57973.0
57909.0
58924.0
59120.0
59402.0
59434.0
63544.0
64942.0
60940.0
56137.0
50871.0
46041.0
42732.0
40113.0
38711.0
39116.0
40039.0
43450.0
50220.0
57614.0
62952.0
63772.0
63014.0
62433.0
58796.0
58623.0
59357.0
60013.0
60196.0
60421.0
64029.0
65503.0
61855.0
56999.0
51818.0
46940.0
43298.0
40694.0
39575.0
39309.0
40153.0
43650.0
50057.0
57179.0
62642.0
63734.0
63782.0
63757.0
60336.0
59749.0
59897.0
60660.0
60243.0
60025.0
63723.0
65355.0
61208.0
56470.0
51571.0
46750.0
43121.0
40712.0
39557.0
39280.0
39800.0
42959.0
49159.0
56391.0
61224.0
61777.0
61563.0
60937.0
57965.0
57931.0
58265.0
58631.0
58586.0
59002.0
63061.0
64829.0
61300.0
56514.0
51883.0
47074.0
43220.0
40683.0
39663.0
39487.0
40101.0
43234.0
49293.0
56524.0
61323.0
61970.0
61525.0
61433.0
57753.0
57376.0
58198.0
57967.0
57875.0
57699.0
61326.0
63031.0
59274.0
54362.0
49812.0
45419.0
41441.0
39118.0
37812.0
37320.0
37391.0
38291.0
39911.0
44439.0
49256.0
51903.0
52498.0
51715.0
49553.0
47245.0
46693.0
47108.0
47491.0
47500.0
51484.0
52885.0
49899.0
46181.0
43467.0
40499.0
38040.0
35725.0
34598.0
33958.0
33948.0
35148.0
35235.0
36939.0
40037.0
42842.0
44056.0
45020.0
44292.0
41867.0
40599.0
40637.0
41066.0
42562.0
47331.0
49755.0
47486.0
44898.0
42018.0
38635.0
36275.0
34984.0
34327.0
34434.0
35702.0
39056.0
45877.0
53716.0
59607.0
60687.0
60450.0
59974.0
57223.0
57658.0
58357.0
58475.0
58267.0
58833.0
61509.0
63459.0
59756.0
55087.0
50080.0
45668.0
42728.0
40611.0
39674.0
39247.0
39725.0
42747.0
48885.0
56450.0
62019.0
63320.0
63570.0
63622.0
59750.0
59214.0
60351.0
60882.0
60985.0
60649.0
63430.0
64474.0
60762.0
56161.0
51204.0
46261.0
42963.0
40490.0
39265.0
38838.0
39550.0
42893.0
49053.0
56874.0
62989.0
64764.0
64828.0
65027.0
61671.0
61223.0
62467.0
62682.0
62656.0
61931.0
64317.0
65254.0
61393.0
56348.0
51126.0
46699.0
42587.0
40366.0
39051.0
38763.0
39399.0
42655.0
48330.0
55865.0
61356.0
62392.0
63044.0
62951.0
58836.0
58739.0
60085.0
59911.0
60131.0
60247.0
63071.0
64830.0
60572.0
55723.0
50908.0
46114.0
42372.0
40235.0
39255.0
38819.0
39747.0
43089.0
48700.0
56277.0
61306.0
62754.0
63106.0
63018.0
59196.0
58500.0
59273.0
59408.0
58974.0
58479.0
61061.0
62914.0
58706.0
54241.0
49749.0
45512.0
41588.0
39449.0
38444.0
38174.0
37921.0
38862.0
39711.0
43869.0
47909.0
50197.0
50651.0
49661.0
47872.0
46191.0
45475.0
45122.0
45875.0
46274.0
50050.0
52795.0
49482.0
45510.0
42836.0
39938.0
37525.0
35454.0
34600.0
33820.0
34536.0
35227.0
35957.0
38725.0
41629.0
44577.0
45136.0
44551.0
42354.0
41243.0
41074.0
40445.0
40571.0
41665.0
45637.0
47801.0
45362.0
42798.0
39409.0
36608.0
34985.0
34163.0
34067.0
34790.0
38103.0
46747.0
54124.0
59756.0
61098.0
60488.0
59988.0
56627.0
55894.0
56294.0
56077.0
55375.0
54558.0
54339.0
57328.0
59173.0
55239.0
50149.0
45428.0
41426.0
38924.0
38075.0
37846.0
38555.0
41592.0
49964.0
56705.0
61714.0
62488.0
62163.0
61329.0
57868.0
56925.0
57585.0
57713.0
57342.0
56138.0
55527.0
58238.0
60076.0
56442.0
51186.0
46178.0
42510.0
40142.0
38753.0
38524.0
39148.0
42319.0
49538.0
56269.0
61298.0
61502.0
60897.0
60764.0
57477.0
56735.0
57274.0
56951.0
55967.0
54926.0
55094.0
58089.0
59603.0
55320.0
50286.0
45775.0
41669.0
39486.0
38335.0
38172.0
38715.0
41467.0
48587.0
55417.0
60373.0
60993.0
60109.0
59895.0
56662.0
56347.0
56828.0
56933.0
56254.0
55228.0
54468.0
56831.0
58695.0
54679.0
49841.0
45327.0
41914.0
39830.0
38701.0
38276.0
38781.0
41586.0
48728.0
55024.0
59940.0
60515.0
60167.0
59746.0
56089.0
55405.0
55887.0
55655.0
54973.0
53967.0
53691.0
56288.0
57800.0
53594.0
49171.0
44916.0
40671.0
38014.0
36614.0
36172.0
36074.0
37122.0
40056.0
43494.0
47218.0
49602.0
50054.0
48762.0
46767.0
44958.0
44213.0
44063.0
43981.0
43743.0
44887.0
47853.0
48894.0
45121.0
42658.0
39616.0
36870.0
34095.0
33322.0
32854.0
32695.0
33785.0
34625.0
35662.0
38106.0
40694.0
42499.0
42963.0
42470.0
40471.0
40303.0
40080.0
39330.0
40280.0
41046.0
44658.0
46518.0
43851.0
40920.0
37666.0
34896.0
33016.0
32449.0
32326.0
33415.0
36933.0
45313.0
52656.0
58785.0
59634.0
60115.0
59987.0
56555.0
56099.0
56923.0
56842.0
56432.0
55285.0
55115.0
57345.0
58688.0
54536.0
49849.0
45035.0
40925.0
39079.0
37979.0
37310.0
37836.0
41453.0
49519.0
56351.0
61379.0
62465.0
62117.0
61686.0
58033.0
57850.0
59098.0
59511.0
59389.0
58022.0
56900.0
58627.0
59638.0
55348.0
50720.0
45871.0
42037.0
40061.0
39043.0
38603.0
39213.0
42761.0
49605.0
56575.0
62270.0
63285.0
63360.0
62958.0
59207.0
58515.0
58617.0
58435.0
58757.0
57503.0
56537.0
58244.0
59845.0
55639.0
50842.0
46379.0
42245.0
39936.0
39137.0
39033.0
39618.0
42310.0
49348.0
56367.0
61221.0
62216.0
61622.0
61552.0
58835.0
58460.0
60060.0
60024.0
58751.0
57019.0
56300.0
58062.0
59432.0
55977.0
51017.0
46625.0
42346.0
40151.0
39104.0
38727.0
39132.0
42052.0
48809.0
55669.0
61040.0
62313.0
61597.0
61229.0
57630.0
57061.0
57641.0
57678.0
57016.0
55255.0
54447.0
56505.0
58058.0
54170.0
49786.0
45432.0
41486.0
39325.0
37694.0
36673.0
36690.0
37961.0
40720.0
44282.0
48348.0
49945.0
49984.0
48945.0
46806.0
45259.0
44185.0
43903.0
43719.0
43819.0
44278.0
46812.0
49014.0
45812.0
43184.0
40216.0
37583.0
35648.0
34600.0
33706.0
33813.0
34904.0
35340.0
36299.0
39163.0
41150.0
42263.0
42643.0
42024.0
40209.0
39006.0
38581.0
38375.0
39037.0
39947.0
42797.0
46431.0
44690.0
42168.0
38947.0
36942.0
35047.0
34532.0
34371.0
35403.0
38748.0
45373.0
52146.0
57165.0
58232.0
58107.0
57952.0
54993.0
55247.0
55893.0
55920.0
56335.0
55288.0
54123.0
55381.0
57806.0
53975.0
49035.0
44228.0
40721.0
38959.0
37898.0
37558.0
38046.0
41003.0
47390.0
54197.0
59807.0
60462.0
60697.0
60385.0
57609.0
57203.0
58201.0
58550.0
58060.0
55959.0
55281.0
56791.0
58748.0
54688.0
50238.0
46033.0
42128.0
40163.0
39131.0
39113.0
39721.0
42323.0
48190.0
54987.0
60100.0
61136.0
60844.0
60566.0
57334.0
57343.0
58339.0
58291.0
57714.0
56164.0
55542.0
56731.0
58510.0
54795.0
50213.0
46140.0
42072.0
39480.0
38268.0
37797.0
38674.0
41690.0
47063.0
53481.0
59274.0
61086.0
60946.0
60859.0
57838.0
57061.0
58391.0
57905.0
57151.0
55344.0
53982.0
55115.0
56917.0
53383.0
49223.0
45112.0
41662.0
39135.0
38182.0
37559.0
37773.0
40196.0
43954.0
48935.0
54247.0
55943.0
55933.0
55733.0
53275.0
51253.0
51805.0
51718.0
51539.0
50428.0
49965.0
51076.0
52723.0
49495.0
46172.0
42385.0
38965.0
36490.0
35442.0
34621.0
34360.0
35259.0
36480.0
39325.0
42690.0
45708.0
45708.0
45176.0
43589.0
42072.0
41562.0
42085.0
42367.0
43253.0
44388.0
46023.0
47415.0
44282.0
41228.0
38085.0
35135.0
32677.0
31527.0
30673.0
30506.0
30948.0
30924.0
32469.0
35256.0
37765.0
38679.0
38735.0
38142.0
35810.0
34014.0
34723.0
35154.0
35513.0
36300.0
37550.0
40944.0
40281.0
38441.0
35427.0
33565.0
31696.0
30813.0
30413.0
30475.0
31073.0
31453.0
32696.0
35766.0
37280.0
38650.0
39195.0
38937.0
37161.0
35915.0
35674.0
35927.0
36635.0
37943.0
39685.0
43249.0
42556.0
40354.0
37212.0
34667.0
32894.0
32177.0
32061.0
32997.0
36218.0
42049.0
48732.0
55489.0
58009.0
59187.0
59243.0
56507.0
57121.0
58184.0
58653.0
58030.0
56718.0
54948.0
55293.0
56418.0
52942.0
48662.0
44203.0
40449.0
38503.0
37629.0
37337.0
37831.0
40924.0
46923.0
54234.0
60181.0
61880.0
62394.0
61936.0
59108.0
59178.0
59708.0
58792.0
58629.0
57333.0
56368.0
57417.0
58949.0
55515.0
50581.0
45649.0
41894.0
39519.0
39003.0
38676.0
38976.0
42091.0
48319.0
55736.0
60965.0
61969.0
62519.0
62233.0
59432.0
58373.0
58540.0
57545.0
57134.0
55711.0
55570.0
56968.0
59178.0
56536.0
52403.0
47811.0
43458.0
40604.0
39581.0
39386.0
40146.0
42538.0
48236.0
55273.0
60378.0
62103.0
62482.0
61748.0
58359.0
57464.0
57651.0
56550.0
55289.0
54396.0
54248.0
56002.0
57803.0
55009.0
50407.0
46205.0
42067.0
39280.0
37853.0
37459.0
37382.0
38450.0
40158.0
44263.0
48136.0
50274.0
50742.0
49370.0
47109.0
45232.0
44826.0
44815.0
44497.0
45407.0
46104.0
47235.0
49102.0
46488.0
43293.0
40296.0
37893.0
35361.0
33896.0
33495.0
33230.0
34263.0
33960.0
35648.0
38469.0
40724.0
41716.0
42568.0
43067.0
40233.0
38972.0
39004.0
39017.0
39323.0
40604.0
42133.0
45451.0
44546.0
42192.0
38870.0
36225.0
34764.0
34008.0
33800.0
34750.0
38032.0
41861.0
47384.0
51841.0
53303.0
53503.0
53603.0
51031.0
50513.0
51184.0
51094.0
50127.0
49304.0
48843.0
49728.0
52155.0
49818.0
46079.0
41497.0
38938.0
36503.0
35402.0
34766.0
34812.0
36821.0
37894.0
41235.0
44412.0
46293.0
47280.0
47250.0
45743.0
44497.0
44164.0
43871.0
43373.0
43369.0
44524.0
45826.0
47984.0
46230.0
43433.0
39253.0
35996.0
34278.0
33674.0
33985.0
35046.0
37825.0
44779.0
53016.0
59354.0
61515.0
61826.0
62304.0
59585.0
59326.0
59889.0
60337.0
60146.0
58503.0
57344.0
57501.0
58185.0
54416.0
49817.0
45467.0
40950.0
38783.0
37947.0
37487.0
37802.0
40604.0
47069.0
54674.0
60693.0
62796.0
62942.0
62928.0
59106.0
59214.0
60746.0
60651.0
60476.0
59291.0
58124.0
57956.0
58342.0
54659.0
50275.0
45775.0
41759.0
39791.0
39005.0
38394.0
38715.0
41288.0
47341.0
54661.0
60425.0
62648.0
62116.0
61282.0
58424.0
57244.0
56675.0
56403.0
55853.0
54716.0
54335.0
55104.0
56111.0
54016.0
49844.0
45548.0
41293.0
38650.0
37629.0
36602.0
36639.0
37537.0
38685.0
42442.0
46681.0
49069.0
49546.0
48930.0
46817.0
45617.0
44499.0
44057.0
43536.0
43680.0
43813.0
45548.0
47671.0
46393.0
43841.0
40807.0
38374.0
35778.0
34780.0
34109.0
33990.0
34139.0
33300.0
34858.0
37275.0
39320.0
40388.0
40752.0
40672.0
38585.0
37929.0
37097.0
36860.0
38147.0
39758.0
41721.0
45126.0
44673.0
41762.0
38226.0
35518.0
33442.0
32292.0
31751.0
31665.0
32407.0
32585.0
34673.0
37607.0
40091.0
41719.0
42733.0
42175.0
39932.0
38175.0
37883.0
38226.0
39480.0
40580.0
41809.0
44333.0
43873.0
41315.0
37507.0
34794.0
33283.0
32998.0
33057.0
34205.0
37213.0
43474.0
51446.0
56676.0
57884.0
58077.0
58550.0
56458.0
56366.0
57517.0
57416.0
56923.0
56082.0
55304.0
55967.0
57312.0
54786.0
49653.0
45237.0
41275.0
39538.0
39059.0
38492.0
39182.0
41528.0
47118.0
55255.0
61075.0
62765.0
63598.0
62842.0
58939.0
58653.0
58638.0
58721.0
58486.0
56567.0
55920.0
56347.0
57668.0
55210.0
50532.0
45757.0
41858.0
39650.0
38393.0
38712.0
39471.0
41952.0
46845.0
55053.0
60777.0
62305.0
63017.0
62836.0
59207.0
58749.0
59674.0
59360.0
59304.0
57807.0
56525.0
56699.0
57999.0
55480.0
50580.0
46164.0
42217.0
40388.0
39383.0
39360.0
39699.0
42541.0
47244.0
54662.0
59451.0
60743.0
60250.0
59764.0
56681.0
55992.0
56188.0
55928.0
54726.0
53802.0
53555.0
53985.0
55248.0
53959.0
49683.0
45869.0
41955.0
39671.0
38441.0
37732.0
37727.0
38137.0
39171.0
43966.0
47871.0
50178.0
50738.0
50773.0
49383.0
47819.0
47410.0
46941.0
47111.0
47513.0
47155.0
47300.0
47951.0
45662.0
43089.0
39763.0
36825.0
34654.0
33670.0
32866.0
32707.0
32950.0
32415.0
34535.0
37530.0
39965.0
42074.0
43357.0
43999.0
41398.0
40364.0
40096.0
39948.0
40012.0
40640.0
41509.0
43893.0
44057.0
41733.0
38488.0
36500.0
34739.0
33953.0
33993.0
34923.0
37271.0
42817.0
51179.0
57678.0
59743.0
59969.0
59966.0
56710.0
56905.0
57743.0
57652.0
57467.0
56131.0
54768.0
54705.0
55321.0
53426.0
48599.0
44323.0
40702.0
38864.0
37842.0
38033.0
38210.0
40749.0
45988.0
53618.0
59301.0
60069.0
59964.0
60775.0
57939.0
58149.0
59334.0
58438.0
57881.0
55761.0
54405.0
54839.0
55876.0
54542.0
49967.0
45441.0
42022.0
40284.0
39239.0
39337.0
39730.0
41801.0
46577.0
53988.0
58936.0
59833.0
59523.0
59019.0
55499.0
55277.0
56751.0
56936.0
56671.0
55292.0
54159.0
54680.0
56249.0
54618.0
49675.0
45026.0
41270.0
39227.0
38112.0
37761.0
38246.0
40634.0
45576.0
52949.0
57891.0
59634.0
60051.0
60347.0
56954.0
57808.0
58575.0
58410.0
58546.0
57154.0
56155.0
56389.0
56385.0
54043.0
49619.0
44822.0
41295.0
39554.0
38367.0
38255.0
38536.0
40718.0
45556.0
53188.0
58677.0
60022.0
60128.0
60833.0
57872.0
56373.0
56540.0
56920.0
56123.0
55606.0
55033.0
55025.0
55348.0
53143.0
48773.0
44277.0
40927.0
38574.0
37047.0
36359.0
36374.0
36730.0
37791.0
41838.0
45992.0
49046.0
49476.0
48583.0
46214.0
44382.0
43905.0
43240.0
43097.0
43886.0
43968.0
44393.0
45827.0
45350.0
42619.0
39822.0
36935.0
34197.0
33159.0
32627.0
32101.0
32091.0
31708.0
33942.0
37028.0
39287.0
40663.0
41182.0
41111.0
39754.0
39093.0
38734.0
38695.0
39186.0
39811.0
40499.0
42547.0
43101.0
41230.0
37834.0
35733.0
34208.0
33458.0
33075.0
33916.0
36463.0
41939.0
50295.0
56229.0
58137.0
58236.0
58513.0
55021.0
55254.0
56396.0
57279.0
57364.0
55711.0
54263.0
53685.0
54238.0
53048.0
48698.0
44256.0
40876.0
38593.0
37727.0
37037.0
37494.0
39533.0
44403.0
52119.0
57399.0
59110.0
59786.0
60347.0
57437.0
57383.0
57801.0
57691.0
57406.0
55242.0
53601.0
53847.0
54422.0
53639.0
49278.0
44485.0
40629.0
38477.0
37540.0
37221.0
37479.0
39298.0
44153.0
51916.0
57123.0
58474.0
59333.0
59737.0
56599.0
56434.0
57380.0
57723.0
57377.0
55925.0
54557.0
54283.0
54900.0
54161.0
49735.0
45514.0
41973.0
39964.0
38843.0
38301.0
38737.0
40748.0
45434.0
53182.0
58657.0
60733.0
61364.0
61166.0
57954.0
57911.0
59193.0
59358.0
59038.0
57373.0
56449.0
55909.0
56152.0
55126.0
50603.0
46010.0
42988.0
40807.0
39443.0
39053.0
39203.0
40811.0
45704.0
53350.0
59284.0
61190.0
61301.0
62219.0
59307.0
58301.0
58844.0
58229.0
58144.0
56577.0
54904.0
54275.0
54048.0
53121.0
48922.0
45099.0
41705.0
39252.0
37597.0
36944.0
36802.0
36783.0
38132.0
42405.0
46563.0
48917.0
49669.0
49155.0
47783.0
45940.0
45705.0
45304.0
44666.0
44451.0
43947.0
44084.0
44160.0
43959.0
41788.0
38653.0
36430.0
34223.0
32995.0
32097.0
32149.0
31993.0
31521.0
33890.0
37028.0
39986.0
41713.0
42733.0
42160.0
39685.0
38798.0
38504.0
38091.0
38320.0
38796.0
38962.0
41006.0
42447.0
40482.0
37132.0
34846.0
33069.0
32830.0
32791.0
33505.0
36007.0
41545.0
49830.0
55483.0
56939.0
57653.0
58474.0
55475.0
55753.0
57100.0
57525.0
57411.0
56117.0
54854.0
54604.0
54715.0
54137.0
49609.0
44835.0
41014.0
38931.0
38051.0
37984.0
38334.0
39689.0
45105.0
53348.0
58807.0
60559.0
60743.0
61058.0
57855.0
58085.0
59941.0
60511.0
60571.0
59057.0
57339.0
56063.0
55732.0
55022.0
50847.0
46384.0
43413.0
41295.0
40188.0
39678.0
39925.0
41220.0
46804.0
54490.0
60398.0
62516.0
62247.0
62715.0
60275.0
60132.0
61085.0
61371.0
61024.0
59534.0
57882.0
56504.0
56173.0
55526.0
51260.0
46769.0
42746.0
40454.0
39311.0
38623.0
38268.0
39288.0
43615.0
50842.0
56636.0
58884.0
59283.0
59313.0
56295.0
55577.0
56523.0
56881.0
56865.0
55130.0
53320.0
52852.0
52786.0
52798.0
49308.0
45212.0
41794.0
39601.0
38584.0
37846.0
38046.0
39576.0
43717.0
51664.0
57157.0
59064.0
59423.0
59757.0
56987.0
56838.0
58036.0
57755.0
57460.0
55087.0
54207.0
53550.0
53403.0
52876.0
49165.0
45252.0
41177.0
38689.0
37520.0
36825.0
36610.0
36134.0
37916.0
42516.0
47050.0
49637.0
50187.0
49747.0
48071.0
46460.0
45638.0
45399.0
45365.0
45663.0
44965.0
45195.0
45100.0
45321.0
42971.0
39607.0
37240.0
34918.0
33567.0
32711.0
32528.0
32016.0
31733.0
34381.0
37412.0
39850.0
41236.0
41872.0
41733.0
40359.0
39623.0
39414.0
39563.0
40426.0
40808.0
42342.0
43393.0
45002.0
43244.0
39432.0
36238.0
34655.0
34516.0
33982.0
34508.0
36546.0
42610.0
51166.0
57205.0
59256.0
60416.0
61184.0
58434.0
58745.0
59790.0
60541.0
60525.0
59083.0
57818.0
56841.0
55966.0
55664.0
51496.0
46600.0
42877.0
41021.0
39723.0
39288.0
39694.0
41076.0
46874.0
54884.0
60616.0
62893.0
63924.0
64803.0
62191.0
61684.0
63440.0
63336.0
63216.0
61686.0
59766.0
58296.0
57423.0
56699.0
52894.0
48457.0
44519.0
42197.0
41135.0
40454.0
40620.0
42406.0
47159.0
55488.0
61623.0
64204.0
65019.0
65188.0
62537.0
62257.0
63498.0
63748.0
63726.0
62149.0
60427.0
59168.0
57655.0
57090.0
52995.0
48987.0
44409.0
41775.0
40453.0
39783.0
39804.0
41182.0
46092.0
53570.0
59244.0
61207.0
62027.0
62622.0
60424.0
60612.0
62234.0
62152.0
61555.0
59816.0
57833.0
56578.0
55212.0
54401.0
50426.0
46539.0
43180.0
40657.0
39235.0
38407.0
37659.0
37288.0
37785.0
41962.0
45034.0
46774.0
47825.0
48534.0
48046.0
46837.0
45004.0
44959.0
45616.0
46376.0
46434.0
46694.0
46610.0
46819.0
44567.0
41412.0
38408.0
36041.0
35063.0
34603.0
34575.0
34839.0
36722.0
39885.0
42733.0
45350.0
46840.0
47676.0
47370.0
46603.0
45681.0
45636.0
46735.0
46383.0
46385.0
46951.0
46676.0
46433.0
43845.0
40695.0
37914.0
36110.0
34802.0
33983.0
33699.0
33172.0
33258.0
35624.0
38336.0
40640.0
42790.0
43843.0
44051.0
42107.0
40747.0
40703.0
40773.0
41769.0
42863.0
43373.0
43731.0
44684.0
43088.0
39515.0
37112.0
35626.0
34803.0
34425.0
34592.0
35763.0
40957.0
48082.0
54833.0
57866.0
59180.0
60059.0
57792.0
57005.0
57965.0
57445.0
58644.0
57785.0
55539.0
54578.0
53976.0
53553.0
49949.0
46495.0
43599.0
41403.0
40184.0
39532.0
39912.0
41876.0
47196.0
54618.0
60760.0
63514.0
64767.0
66174.0
63260.0
63131.0
64218.0
64135.0
63813.0
61912.0
59736.0
57792.0
56573.0
55506.0
51656.0
47492.0
43639.0
41635.0
40217.0
39870.0
40003.0
41540.0
47180.0
53797.0
58910.0
60738.0
61640.0
62691.0
60457.0
60579.0
61415.0
61410.0
61266.0
59896.0
57533.0
56447.0
55286.0
54877.0
51286.0
46784.0
43402.0
41390.0
40336.0
39727.0
40025.0
41041.0
45556.0
53015.0
58437.0
60145.0
60645.0
61382.0
58499.0
58521.0
59177.0
59790.0
59338.0
57996.0
56620.0
55915.0
55166.0
55126.0
51586.0
47373.0
43833.0
41397.0
40402.0
39762.0
40154.0
41331.0
46070.0
53657.0
59200.0
61301.0
62321.0
62800.0
59914.0
59588.0
60473.0
60007.0
59720.0
58874.0
57443.0
56584.0
55282.0
54699.0
51473.0
47573.0
43734.0
40840.0
39667.0
38564.0
38059.0
37661.0
38997.0
43392.0
47521.0
49922.0
51050.0
50813.0
48869.0
47034.0
46580.0
46262.0
46774.0
46565.0
47300.0
47490.0
47005.0
46993.0
45143.0
41858.0
38972.0
36458.0
35242.0
34729.0
34395.0
33256.0
33533.0
35878.0
38561.0
41061.0
42817.0
43163.0
43418.0
42203.0
41287.0
41026.0
41213.0
41822.0
42454.0
43801.0
44757.0
46126.0
45000.0
41579.0
39059.0
37132.0
36631.0
36352.0
36931.0
38556.0
45114.0
52406.0
59181.0
62155.0
63444.0
64312.0
62390.0
62373.0
63704.0
64238.0
64153.0
62718.0
61086.0
59953.0
58411.0
58318.0
54834.0
49791.0
46047.0
43583.0
42635.0
42231.0
41880.0
43296.0
48618.0
55881.0
62030.0
64887.0
66341.0
67296.0
64889.0
64937.0
65914.0
66249.0
66433.0
64997.0
63305.0
61869.0
60205.0
59465.0
55766.0
51002.0
47238.0
44620.0
43237.0
42571.0
42480.0
44311.0
49298.0
57359.0
63999.0
66890.0
68338.0
69538.0
67015.0
66939.0
67536.0
68457.0
68513.0
67071.0
64741.0
62765.0
60690.0
59304.0
55517.0
50719.0
46889.0
44707.0
43262.0
42319.0
42220.0
42671.0
46989.0
54439.0
60907.0
64137.0
65286.0
65934.0
63418.0
63056.0
64403.0
64975.0
65694.0
64242.0
62493.0
60978.0
59179.0
58968.0
55809.0
51687.0
48508.0
46040.0
44659.0
43624.0
43402.0
44673.0
49238.0
56779.0
63576.0
66883.0
68519.0
69383.0
66245.0
65778.0
66870.0
67046.0
66856.0
66069.0
63942.0
62538.0
60851.0
59676.0
56432.0
52029.0
48166.0
45485.0
44134.0
43103.0
42426.0
41695.0
42973.0
47602.0
51637.0
54639.0
55891.0
55997.0
54387.0
53227.0
51862.0
51739.0
51825.0
51527.0
51786.0
51730.0
50554.0
50476.0
48500.0
45011.0
41562.0
38823.0
37511.0
36578.0
36311.0
35372.0
35110.0
37398.0
39902.0
41957.0
43940.0
44797.0
44440.0
42885.0
41994.0
41813.0
42190.0
43336.0
43510.0
44377.0
44875.0
46403.0
45535.0
41976.0
38901.0
36742.0
36465.0
36143.0
36786.0
38388.0
44512.0
52696.0
59533.0
62508.0
63394.0
64148.0
62265.0
62649.0
64073.0
64599.0
64609.0
63373.0
61559.0
60320.0
58777.0
58273.0
55355.0
50781.0
46813.0
44232.0
43143.0
42338.0
42524.0
43505.0
48870.0
56741.0
63698.0
66683.0
68049.0
69162.0
66940.0
66855.0
68040.0
68390.0
68590.0
66782.0
64864.0
62995.0
60768.0
60005.0
56980.0
52599.0
47923.0
45094.0
43616.0
42880.0
42820.0
44037.0
49903.0
57933.0
64468.0
67700.0
69434.0
70878.0
68756.0
68736.0
70070.0
70457.0
70417.0
69101.0
67306.0
65191.0
62945.0
62218.0
58678.0
53911.0
49556.0
46780.0
45592.0
44665.0
44814.0
45936.0
50773.0
58393.0
65050.0
68182.0
69838.0
71196.0
69307.0
69404.0
70544.0
71154.0
71458.0
69894.0
67835.0
65925.0
63917.0
63079.0
59369.0
55057.0
50845.0
48174.0
46777.0
46472.0
46231.0
47089.0
51944.0
59420.0
66465.0
69879.0
71706.0
72987.0
70821.0
70698.0
71274.0
71204.0
71156.0
69807.0
67583.0
65485.0
62969.0
62004.0
58790.0
54899.0
51166.0
48320.0
46470.0
45195.0
44612.0
43927.0
45151.0
49511.0
53130.0
56448.0
58095.0
58413.0
57260.0
56522.0
55960.0
55693.0
56312.0
57092.0
57018.0
56581.0
55272.0
54981.0
52809.0
49162.0
46002.0
43472.0
41803.0
40615.0
40244.0
39576.0
39388.0
41513.0
44167.0
46723.0
48251.0
49304.0
49095.0
47823.0
46570.0
47039.0
47381.0
48068.0
49024.0
48210.0
47765.0
48966.0
48059.0
44593.0
41917.0
39946.0
39045.0
38636.0
39025.0
40745.0
46867.0
55211.0
62072.0
65627.0
67385.0
68936.0
67127.0
67447.0
68687.0
69521.0
70014.0
67914.0
65645.0
63483.0
60969.0
60210.0
56565.0
52275.0
48481.0
45932.0
44479.0
43735.0
43554.0
44941.0
50445.0
58216.0
64991.0
68587.0
70373.0
72324.0
69495.0
68919.0
70051.0
70570.0
69745.0
67680.0
65811.0
63422.0
61189.0
60562.0
57203.0
52696.0
48438.0
46412.0
44974.0
44257.0
44223.0
45567.0
50410.0
57823.0
65290.0
69190.0
70155.0
71540.0
69979.0
70606.0
72625.0
70923.0
70301.0
68515.0
65437.0
62797.0
59738.0
58082.0
54326.0
49974.0
46143.0
43944.0
42684.0
42247.0
42200.0
43316.0
47696.0
55506.0
61799.0
64422.0
65484.0
66121.0
63857.0
63820.0
64344.0
64496.0
64706.0
63034.0
61355.0
59783.0
57682.0
57077.0
53822.0
49864.0
46591.0
44199.0
42919.0
42289.0
42396.0
43535.0
47784.0
55143.0
60975.0
63417.0
64994.0
65919.0
62847.0
62596.0
63815.0
63760.0
63157.0
61650.0
60042.0
58276.0
56069.0
55083.0
51906.0
47987.0
44524.0
42171.0
41111.0
40470.0
39957.0
39683.0
41160.0
45023.0
48265.0
50159.0
51053.0
51212.0
50329.0
49394.0
48793.0
47591.0
47951.0
48213.0
47726.0
47687.0
46831.0
46930.0
45174.0
41926.0
38675.0
36642.0
35640.0
34973.0
34313.0
33448.0
33386.0
35705.0
38234.0
40863.0
43220.0
43722.0
44065.0
42978.0
41726.0
41201.0
40654.0
41103.0
41954.0
42895.0
43246.0
44674.0
44013.0
40766.0
38092.0
36494.0
35581.0
35366.0
36168.0
38048.0
43768.0
51709.0
58228.0
61457.0
62722.0
63686.0
61317.0
61526.0
62601.0
62756.0
62558.0
61417.0
59413.0
58296.0
56834.0
56553.0
53434.0
49486.0
44982.0
42268.0
41425.0
41069.0
41413.0
42701.0
47378.0
54829.0
61381.0
64303.0
65242.0
66441.0
64056.0
63999.0
64723.0
64937.0
65170.0
63819.0
62074.0
60548.0
58962.0
58503.0
55312.0
50937.0
46785.0
44082.0
42805.0
42914.0
42793.0
43973.0
49134.0
56218.0
62803.0
65773.0
67475.0
68588.0
66486.0
66151.0
67036.0
67528.0
67445.0
66150.0
64362.0
62938.0
60975.0
60442.0
57380.0
52497.0
47838.0
45443.0
43877.0
43554.0
43414.0
44387.0
49063.0
56643.0
63087.0
66405.0
68168.0
69572.0
67730.0
67812.0
68908.0
69179.0
69255.0
67817.0
66161.0
64785.0
62513.0
61730.0
58780.0
54353.0
49691.0
46843.0
45504.0
44752.0
44778.0
45857.0
50138.0
58031.0
64708.0
68247.0
70265.0
71183.0
69403.0
69304.0
70325.0
70023.0
69886.0
68488.0
66638.0
64818.0
62543.0
61534.0
58458.0
53943.0
49698.0
46824.0
45263.0
44041.0
43745.0
43325.0
44566.0
48356.0
52405.0
55333.0
57082.0
57917.0
57265.0
56152.0
55748.0
55497.0
55476.0
55686.0
56088.0
55505.0
54353.0
54491.0
52172.0
48915.0
45581.0
42884.0
41500.0
40063.0
39327.0
38400.0
37949.0
40329.0
43135.0
45636.0
47467.0
49201.0
49699.0
49318.0
48959.0
48807.0
48881.0
49423.0
49697.0
50368.0
50916.0
52607.0
51170.0
47590.0
44597.0
42839.0
41199.0
40316.0
40645.0
42604.0
47703.0
56195.0
63864.0
67870.0
69841.0
71106.0
69108.0
69456.0
70807.0
70845.0
71041.0
69016.0
67018.0
64971.0
63238.0
62301.0
58391.0
53682.0
49736.0
46815.0
45631.0
44698.0
44848.0
46346.0
50326.0
57873.0
65028.0
68477.0
70369.0
71684.0
69984.0
70082.0
71330.0
71924.0
71887.0
69594.0
67080.0
64338.0
61848.0
60958.0
57678.0
53485.0
49700.0
47647.0
46006.0
44950.0
44911.0
46227.0
50262.0
58089.0
65240.0
69016.0
70653.0
71907.0
69853.0
70394.0
71427.0
71248.0
71063.0
69907.0
67662.0
65238.0
63052.0
62516.0
59213.0
54850.0
50567.0
48404.0
47030.0
46072.0
45979.0
47080.0
51541.0
58939.0
65599.0
69060.0
70598.0
71778.0
69497.0
69780.0
71371.0
72013.0
71743.0
69665.0
67580.0
65660.0
63664.0
63062.0
59701.0
55351.0
51289.0
48439.0
47123.0
46324.0
45970.0
47232.0
51153.0
59233.0
66191.0
69290.0
70625.0
70686.0
67849.0
67780.0
68468.0
67563.0
66836.0
65565.0
63515.0
61358.0
59074.0
58234.0
55387.0
51660.0
48504.0
45857.0
44371.0
43526.0
42930.0
42978.0
44000.0
47821.0
51705.0
53929.0
54697.0
54691.0
52812.0
51640.0
51639.0
51279.0
51480.0
51037.0
50852.0
50518.0
49616.0
49455.0
47252.0
43967.0
41724.0
39373.0
38174.0
36895.0
36260.0
35567.0
34956.0
37179.0
39897.0
42057.0
43714.0
44534.0
44244.0
43370.0
42502.0
41874.0
41797.0
42685.0
43037.0
43512.0
44065.0
45687.0
44418.0
41119.0
38067.0
36150.0
35570.0
35573.0
36331.0
38140.0
44012.0
52303.0
58967.0
61848.0
62982.0
63583.0
60974.0
61224.0
62794.0
63153.0
63042.0
62239.0
60366.0
58953.0
57604.0
57371.0
53818.0
49505.0
45509.0
42831.0
42575.0
41635.0
41830.0
42933.0
47430.0
55532.0
62276.0
65250.0
66874.0
67843.0
65346.0
65517.0
66449.0
66287.0
66547.0
65515.0
64135.0
62247.0
60550.0
60065.0
56353.0
52289.0
47946.0
45342.0
44286.0
43607.0
43535.0
45294.0
49115.0
57178.0
63241.0
66739.0
68450.0
69469.0
66611.0
66756.0
68175.0
68234.0
68332.0
66861.0
64988.0
63077.0
61070.0
60283.0
56577.0
52237.0
48225.0
45706.0
44445.0
43887.0
43769.0
45205.0
49187.0
57130.0
63746.0
67398.0
68574.0
69664.0
66965.0
67214.0
68120.0
67912.0
68511.0
67432.0
65556.0
63746.0
61680.0
60965.0
57330.0
53219.0
49318.0
46904.0
45554.0
44477.0
44468.0
46024.0
50345.0
57904.0
64553.0
68064.0
69536.0
69945.0
67708.0
67856.0
68808.0
68716.0
68816.0
67295.0
65341.0
63317.0
61299.0
59921.0
55789.0
51651.0
47891.0
45225.0
44340.0
43114.0
42404.0
42395.0
43641.0
47479.0
50741.0
53608.0
55106.0
55522.0
54183.0
53400.0
52945.0
53053.0
53735.0
53752.0
53777.0
53718.0
53107.0
53058.0
50439.0
47358.0
44675.0
42420.0
40911.0
39422.0
38924.0
38485.0
38069.0
40616.0
43228.0
46109.0
48012.0
49161.0
49200.0
48736.0
48391.0
48589.0
48647.0
49877.0
51080.0
50945.0
51253.0
52620.0
50819.0
47250.0
43682.0
41161.0
40149.0
39671.0
39888.0
42475.0
48277.0
56428.0
63733.0
67170.0
68690.0
69392.0
67964.0
68342.0
69754.0
68668.0
68109.0
65549.0
62691.0
60002.0
58318.0
57622.0
53677.0
49597.0
46394.0
43909.0
42839.0
42167.0
42186.0
44079.0
47742.0
54643.0
61021.0
64280.0
65390.0
66056.0
64256.0
64132.0
65306.0
65517.0
65413.0
63688.0
61407.0
59226.0
57967.0
57504.0
53142.0
48659.0
45268.0
43491.0
42341.0
41579.0
41737.0
43679.0
47483.0
54504.0
61091.0
64181.0
64935.0
65446.0
63403.0
63463.0
63929.0
64888.0
63875.0
61522.0
59689.0
58365.0
57057.0
56253.0
52697.0
48537.0
45422.0
43265.0
42131.0
41291.0
41291.0
43373.0
47115.0
54285.0
60599.0
63156.0
64404.0
65008.0
62772.0
62215.0
63601.0
64063.0
63954.0
62657.0
60604.0
59215.0
57995.0
57404.0
53512.0
49350.0
45363.0
43247.0
41749.0
41137.0
41514.0
43122.0
47515.0
54744.0
61222.0
64090.0
65313.0
65945.0
63803.0
63356.0
64124.0
64798.0
64476.0
63019.0
60926.0
59484.0
57986.0
56914.0
53446.0
49629.0
46383.0
44735.0
43225.0
42123.0
41711.0
42113.0
43113.0
47131.0
51562.0
54527.0
55365.0
55602.0
54144.0
52592.0
51903.0
52176.0
52657.0
53014.0
52683.0
52342.0
51683.0
51158.0
48477.0
45636.0
42916.0
41086.0
39385.0
37987.0
37583.0
37383.0
36722.0
38807.0
41654.0
44050.0
45842.0
46772.0
46507.0
46091.0
45762.0
45706.0
46342.0
47727.0
48929.0
48346.0
49214.0
49884.0
47572.0
44058.0
40640.0
39167.0
38017.0
38088.0
38433.0
40580.0
44533.0
51821.0
59079.0
62813.0
64678.0
66192.0
64822.0
65303.0
66523.0
66551.0
66585.0
65522.0
63796.0
62105.0
61181.0
60546.0
56527.0
52154.0
48126.0
45656.0
43857.0
42929.0
42881.0
44417.0
47256.0
53536.0
60178.0
64361.0
66674.0
68070.0
67542.0
67641.0
68854.0
68679.0
68831.0
67999.0
66399.0
64678.0
63920.0
62944.0
58903.0
54575.0
50489.0
47696.0
46068.0
44854.0
44783.0
46392.0
49839.0
56779.0
63573.0
67772.0
69822.0
71342.0
70380.0
71140.0
71949.0
72246.0
71861.0
70086.0
68639.0
66604.0
65587.0
64536.0
60625.0
55875.0
51476.0
48882.0
46809.0
46022.0
45409.0
46562.0
50255.0
56905.0
63446.0
67760.0
69923.0
71345.0
70677.0
71097.0
72200.0
72501.0
72428.0
71613.0
69138.0
67453.0
66518.0
65774.0
61674.0
56757.0
52179.0
49766.0
48327.0
47224.0
46583.0
48198.0
50874.0
56908.0
63108.0
67426.0
69248.0
70756.0
69730.0
69663.0
70010.0
69720.0
69428.0
68789.0
67234.0
65303.0
64215.0
63173.0
59233.0
54724.0
50465.0
47359.0
45346.0
44051.0
43279.0
43238.0
43184.0
45914.0
50346.0
53919.0
56078.0
57311.0
57401.0
57027.0
57734.0
57463.0
58026.0
58157.0
57083.0
56699.0
56646.0
56013.0
52975.0
49219.0
47413.0
45022.0
43025.0
41627.0
40880.0
40781.0
39756.0
41554.0
44653.0
47883.0
49714.0
51448.0
52223.0
51761.0
51001.0
50641.0
50102.0
50595.0
49110.0
49196.0
50209.0
50669.0
48488.0
45272.0
42503.0
40865.0
39594.0
39012.0
38815.0
39982.0
42943.0
48638.0
54400.0
57477.0
58634.0
59610.0
59116.0
59606.0
60622.0
60893.0
60531.0
59797.0
58333.0
56925.0
56884.0
56157.0
52930.0
48870.0
45833.0
43833.0
42203.0
41021.0
40620.0
41537.0
44150.0
49266.0
54463.0
58013.0
60136.0
61167.0
60681.0
60822.0
61472.0
61085.0
60997.0
60660.0
59477.0
58036.0
57450.0
56108.0
52684.0
49194.0
46166.0
43707.0
42251.0
41322.0
40835.0
42467.0
44585.0
49352.0
54489.0
58265.0
60068.0
61555.0
61388.0
61399.0
61822.0
61966.0
62030.0
61275.0
60035.0
58634.0
58612.0
57032.0
53464.0
49210.0
45440.0
43308.0
41874.0
40719.0
40310.0
41661.0
43824.0
48464.0
53715.0
57459.0
59270.0
60636.0
59978.0
59584.0
61093.0
60875.0
59174.0
57708.0
56588.0
55478.0
55039.0
53203.0
49694.0
46228.0
43611.0
41153.0
39697.0
39041.0
38934.0
39438.0
41673.0
46148.0
51155.0
53882.0
54716.0
55425.0
53778.0
52710.0
52467.0
51515.0
51361.0
51193.0
50250.0
49438.0
49286.0
47617.0
44308.0
41000.0
38185.0
36471.0
35342.0
34451.0
34147.0
34912.0
35439.0
37642.0
40774.0
42772.0
43591.0
44692.0
45058.0
44077.0
43736.0
42980.0
43368.0
43357.0
43984.0
44137.0
44881.0
43610.0
40556.0
37552.0
35327.0
33259.0
31923.0
31110.0
30687.0
31188.0
30642.0
32415.0
35149.0
37622.0
39502.0
40144.0
39705.0
38300.0
37749.0
37507.0
38330.0
38805.0
39158.0
40374.0
42739.0
42587.0
40106.0
36953.0
34722.0
33088.0
32061.0
31438.0
31686.0
33366.0
34877.0
38389.0
41878.0
43921.0
45239.0
45880.0
45752.0
45366.0
44894.0
44877.0
45032.0
45441.0
45937.0
46073.0
46840.0
45614.0
42506.0
39436.0
37318.0
35201.0
33901.0
33031.0
32587.0
33345.0
32991.0
34797.0
37673.0
39694.0
40996.0
41501.0
41156.0
40273.0
39909.0
39848.0
40304.0
40908.0
41498.0
42184.0
44516.0
44264.0
41919.0
38853.0
35931.0
34006.0
32768.0
32020.0
32063.0
34143.0
36931.0
40907.0
45179.0
47555.0
49474.0
49947.0
49505.0
50242.0
50252.0
50342.0
50233.0
50308.0
50059.0
49930.0
50953.0
48981.0
45779.0
41997.0
38890.0
36537.0
35273.0
34287.0
34188.0
36036.0
38268.0
42041.0
46217.0
48893.0
50611.0
51684.0
51738.0
51708.0
51774.0
51678.0
52093.0
51984.0
51988.0
51697.0
53033.0
50937.0
47266.0
43257.0
40282.0
37882.0
36378.0
35512.0
35231.0
36987.0
39332.0
43120.0
47409.0
50323.0
52236.0
53274.0
53286.0
53098.0
52882.0
52710.0
53030.0
53229.0
53500.0
53279.0
54003.0
51513.0
47903.0
44021.0
41296.0
39262.0
37834.0
36849.0
36159.0
36987.0
37987.0
40289.0
43449.0
46000.0
47705.0
48682.0
48504.0
48093.0
47868.0
47395.0
47724.0
48344.0
48898.0
49048.0
50008.0
47884.0
44935.0
41817.0
38638.0
36206.0
34890.0
33888.0
33205.0
33361.0
33107.0
34555.0
37347.0
40130.0
41607.0
42503.0
42689.0
41722.0
41299.0
40967.0
41347.0
41827.0
42849.0
43657.0
45841.0
44737.0
42159.0
38569.0
36335.0
34857.0
33920.0
33396.0
33474.0
36020.0
39317.0
43674.0
48815.0
51823.0
52909.0
53522.0
52463.0
52264.0
52619.0
52651.0
52554.0
52149.0
51705.0
51310.0
52444.0
49978.0
46126.0
42510.0
39375.0
37358.0
36307.0
35881.0
35822.0
38154.0
41810.0
46451.0
51209.0
53568.0
54238.0
54519.0
53256.0
51862.0
52959.0
53081.0
53502.0
53273.0
52847.0
52783.0
53809.0
50985.0
47183.0
43312.0
40445.0
38302.0
37333.0
36753.0
36878.0
39170.0
42510.0
46779.0
51603.0
54431.0
55362.0
55958.0
54862.0
54590.0
54659.0
54903.0
55209.0
54711.0
54447.0
54043.0
55206.0
52213.0
48344.0
44605.0
41049.0
39483.0
38126.0
37781.0
37666.0
39504.0
43164.0
47562.0
52693.0
55491.0
56792.0
57683.0
56523.0
56381.0
56901.0
57556.0
57741.0
57180.0
56153.0
55897.0
56686.0
53077.0
49137.0
45403.0
42003.0
39812.0
39039.0
38410.0
38277.0
40122.0
44178.0
49166.0
54517.0
57383.0
58329.0
59423.0
58246.0
58070.0
58202.0
58245.0
58236.0
57739.0
57379.0
56875.0
57664.0
54215.0
50186.0
46492.0
42970.0
40954.0
39394.0
38554.0
38263.0
38629.0
39993.0
42304.0
45820.0
48548.0
50066.0
50555.0
50272.0
49594.0
49496.0
49576.0
50355.0
50583.0
50986.0
51276.0
52991.0
49904.0
46770.0
43694.0
41059.0
39126.0
37895.0
36824.0
36213.0
36372.0
36255.0
37531.0
40468.0
43014.0
44923.0
46105.0
46712.0
46339.0
46305.0
46206.0
47083.0
47782.0
48107.0
49262.0
52150.0
50601.0
47820.0
44255.0
41312.0
39786.0
38701.0
38407.0
38819.0
41609.0
46605.0
52831.0
59804.0
63522.0
65556.0
67249.0
64719.0
65339.0
65851.0
66658.0
67108.0
65921.0
63722.0
62481.0
62911.0
59300.0
54774.0
50249.0
46610.0
44959.0
43662.0
43083.0
43046.0
44900.0
49460.0
55248.0
61819.0
65287.0
66259.0
67166.0
64620.0
65140.0
66530.0
66964.0
66887.0
65597.0
63612.0
62929.0
63765.0
59790.0
54918.0
50459.0
47117.0
45184.0
43919.0
43174.0
43069.0
45367.0
49777.0
55529.0
62164.0
65374.0
66957.0
67944.0
65687.0
65790.0
67048.0
67635.0
68006.0
66770.0
64968.0
64343.0
64749.0
60434.0
56092.0
51743.0
48727.0
46470.0
44961.0
44150.0
44011.0
46526.0
51076.0
57008.0
63558.0
67071.0
69023.0
70365.0
67837.0
67625.0
68548.0
68880.0
68952.0
67120.0
65127.0
64802.0
64840.0
60428.0
56021.0
51835.0
49103.0
46563.0
45298.0
44410.0
44438.0
46941.0
52245.0
57970.0
64112.0
67798.0
69140.0
70918.0
67329.0
66007.0
66234.0
65601.0
65503.0
64686.0
61685.0
60793.0
60867.0
56598.0
52457.0
48575.0
45243.0
42730.0
41158.0
40072.0
39915.0
40682.0
42178.0
45100.0
49008.0
51861.0
53064.0
52831.0
51579.0
49818.0
49642.0
48298.0
48828.0
48671.0
48162.0
49220.0
50017.0
46526.0
43950.0
40974.0
38159.0
36218.0
35166.0
34665.0
34242.0
34643.0
34889.0
35613.0
38396.0
41677.0
43459.0
44306.0
43808.0
42453.0
40931.0
40968.0
41319.0
41649.0
41992.0
44479.0
47393.0
45347.0
43203.0
40012.0
37429.0
35785.0
35113.0
34869.0
35578.0
39091.0
45349.0
51674.0
58300.0
60120.0
60716.0
61073.0
58508.0
57889.0
59562.0
60211.0
60372.0
59410.0
58124.0
58806.0
59627.0
55415.0
50758.0
46697.0
44100.0
42359.0
41164.0
40487.0
40849.0
43690.0
49053.0
55035.0
61345.0
63430.0
64351.0
64880.0
61946.0
62109.0
63243.0
63581.0
63579.0
62208.0
60465.0
61067.0
61743.0
57141.0
52622.0
48401.0
45229.0
43129.0
41876.0
41452.0
41775.0
44229.0
49783.0
56247.0
62115.0
64506.0
65781.0
66526.0
63578.0
63463.0
64519.0
64178.0
64511.0
63127.0
61571.0
62205.0
62212.0
57342.0
52578.0
48414.0
45409.0
43352.0
42365.0
42011.0
42254.0
44732.0
50280.0
56350.0
62351.0
64212.0
65251.0
65960.0
63110.0
62711.0
64011.0
65416.0
65450.0
63452.0
61355.0
62093.0
61902.0
56683.0
52032.0
47864.0
44881.0
43032.0
41973.0
41565.0
41743.0
44517.0
50108.0
55699.0
61896.0
63587.0
64637.0
64429.0
61183.0
60372.0
61252.0
61513.0
61853.0
60018.0
58525.0
59709.0
59381.0
54815.0
50451.0
46597.0
44426.0
42037.0
40700.0
39961.0
39444.0
40264.0
42277.0
44784.0
48488.0
50576.0
51138.0
50923.0
48857.0
46709.0
45781.0
45880.0
46369.0
47090.0
48173.0
50489.0
50091.0
46259.0
43434.0
40411.0
38910.0
37135.0
35787.0
35135.0
34908.0
35357.0
36001.0
36918.0
39608.0
42951.0
45405.0
46213.0
45669.0
44084.0
42773.0
42266.0
42584.0
42887.0
44058.0
46980.0
48011.0
45185.0
42718.0
39678.0
37622.0
35903.0
35119.0
34915.0
35890.0
39573.0
46819.0
52086.0
58272.0
60665.0
61761.0
62007.0
59141.0
60171.0
60796.0
60826.0
59488.0
58500.0
57259.0
58177.0
57887.0
53750.0
49399.0
45423.0
42482.0
40408.0
39572.0
39126.0
39427.0
41899.0
48098.0
54785.0
61458.0
63985.0
64519.0
64588.0
60105.0
60145.0
60800.0
61411.0
60939.0
58985.0
57696.0
59494.0
59162.0
54664.0
50033.0
46069.0
43012.0
41194.0
40148.0
39913.0
40358.0
43235.0
50186.0
55960.0
60910.0
62560.0
62785.0
63186.0
59880.0
59805.0
61259.0
61000.0
61303.0
59761.0
58591.0
60425.0
60045.0
55256.0
50559.0
46433.0
42727.0
40914.0
39993.0
39823.0
40312.0
43178.0
49184.0
55132.0
60701.0
63009.0
64126.0
63785.0
60877.0
61726.0
63665.0
63172.0
62516.0
60881.0
59461.0
60895.0
60118.0
55502.0
50847.0
46338.0
43111.0
41580.0
40676.0
40285.0
40658.0
43085.0
49401.0
55779.0
60721.0
62077.0
62527.0
63053.0
60155.0
59473.0
60197.0
60393.0
60300.0
59347.0
59129.0
61218.0
59591.0
54859.0
50159.0
46087.0
42704.0
41015.0
39623.0
38911.0
38639.0
39633.0
41905.0
44788.0
48740.0
50764.0
51041.0
51122.0
48321.0
46284.0
46210.0
45740.0
45667.0
46517.0
48396.0
51797.0
50595.0
46638.0
43925.0
40767.0
37523.0
35659.0
34597.0
33887.0
33695.0
33884.0
34882.0
35512.0
38332.0
41193.0
43351.0
44535.0
44602.0
43177.0
41531.0
41304.0
41370.0
41619.0
42534.0
46942.0
47496.0
44616.0
41870.0
38428.0
35637.0
34628.0
34227.0
34042.0
35040.0
38493.0
46252.0
53463.0
59240.0
61136.0
61423.0
61419.0
58463.0
58048.0
59719.0
60491.0
60197.0
58795.0
58123.0
60413.0
58707.0
54392.0
49424.0
44957.0
42178.0
40244.0
39468.0
38899.0
39100.0
42045.0
48919.0
56049.0
61852.0
63771.0
64711.0
64828.0
61717.0
61076.0
61541.0
61493.0
61421.0
59868.0
59072.0
61658.0
59950.0
55088.0
50208.0
45703.0
42366.0
40455.0
39253.0
39272.0
39798.0
42841.0
49509.0
56164.0
61834.0
63473.0
63714.0
63657.0
60082.0
59162.0
59600.0
59976.0
59733.0
58393.0
57603.0
60864.0
59278.0
54875.0
50406.0
46243.0
42864.0
41128.0
40193.0
39644.0
39971.0
42805.0
49595.0
55842.0
60886.0
61546.0
61729.0
61539.0
57970.0
57818.0
59218.0
59519.0
59288.0
57968.0
57972.0
61091.0
59786.0
54895.0
50639.0
46522.0
43569.0
41507.0
40560.0
40374.0
40662.0
43722.0
50055.0
55939.0
61080.0
62157.0
62015.0
61515.0
58159.0
57499.0
58638.0
58212.0
58338.0
57450.0
57063.0
60482.0
58743.0
53899.0
49485.0
45585.0
42614.0
40695.0
39660.0
38539.0
38328.0
39124.0
41499.0
44327.0
48224.0
50038.0
49642.0
48807.0
46889.0
45046.0
44917.0
45262.0
45504.0
45638.0
46875.0
50920.0
49651.0
45712.0
42974.0
39778.0
37017.0
35265.0
34808.0
34221.0
34000.0
34675.0
35579.0
36008.0
38605.0
41197.0
43821.0
44732.0
43433.0
41774.0
40288.0
41314.0
41656.0
41892.0
42961.0
47456.0
47090.0
44166.0
41674.0
38391.0
36343.0
35001.0
34566.0
34671.0
35406.0
38852.0
46538.0
53797.0
59370.0
61329.0
61516.0
61716.0
58725.0
58799.0
59523.0
59380.0
59174.0
58118.0
57766.0
60942.0
58621.0
54124.0
49569.0
45368.0
42345.0
40328.0
39363.0
38833.0
39204.0
42111.0
49524.0
56093.0
61546.0
63491.0
63430.0
63175.0
59405.0
58831.0
60355.0
60588.0
60504.0
59218.0
58946.0
62214.0
59616.0
55067.0
50245.0
45323.0
42156.0
41208.0
40349.0
40130.0
40518.0
42871.0
49857.0
56582.0
61596.0
63054.0
63514.0
63011.0
59702.0
59057.0
60221.0
59992.0
59875.0
58714.0
58815.0
62169.0
59601.0
54919.0
50235.0
46022.0
43454.0
41469.0
40200.0
39756.0
40202.0
43267.0
49611.0
56091.0
60606.0
61904.0
62050.0
61927.0
59119.0
58861.0
59975.0
59873.0
59790.0
58685.0
58641.0
62069.0
59202.0
54716.0
50071.0
46186.0
43040.0
41022.0
40141.0
39717.0
39907.0
42803.0
49424.0
55845.0
60482.0
61848.0
62036.0
62065.0
59089.0
58077.0
58784.0
59307.0
59164.0
57238.0
57656.0
60935.0
57918.0
53087.0
48666.0
44656.0
41767.0
39919.0
38621.0
38199.0
38068.0
39206.0
42358.0
45347.0
48899.0
50288.0
50039.0
49439.0
47888.0
46181.0
46147.0
46012.0
46257.0
46844.0
48198.0
52167.0
49429.0
46546.0
43660.0
40627.0
37119.0
35253.0
34242.0
33803.0
33641.0
34337.0
35447.0
36445.0
38759.0
41481.0
43193.0
43804.0
43545.0
41293.0
40459.0
40399.0
40763.0
41093.0
43369.0
47876.0
46699.0
44689.0
42507.0
39459.0
36744.0
35478.0
34731.0
34519.0
35186.0
38884.0
46456.0
53534.0
58949.0
60455.0
60940.0
60972.0
57815.0
57570.0
58905.0
59178.0
59024.0
57712.0
58098.0
61048.0
58126.0
53483.0
49299.0
45022.0
41624.0
39467.0
38336.0
38001.0
38726.0
41833.0
49030.0
56032.0
60926.0
62638.0
63213.0
63606.0
60399.0
59880.0
61350.0
60854.0
60186.0
58829.0
59231.0
61982.0
58850.0
54008.0
49767.0
45800.0
42604.0
41042.0
39948.0
39834.0
40307.0
42649.0
49789.0
56275.0
60863.0
62293.0
62434.0
62110.0
59374.0
58896.0
59585.0
59717.0
59617.0
58582.0
59321.0
62575.0
59242.0
54736.0
50450.0
45899.0
42037.0
40375.0
39217.0
38766.0
39342.0
42399.0
49734.0
56166.0
60532.0
61742.0
61577.0
61742.0
58570.0
57600.0
58606.0
59254.0
59228.0
57964.0
58651.0
61651.0
58304.0
53854.0
49698.0
45711.0
41790.0
40420.0
39070.0
38766.0
39508.0
41821.0
48772.0
55596.0
60111.0
61068.0
60400.0
60722.0
57979.0
57703.0
58232.0
58221.0
58705.0
57821.0
58629.0
60889.0
57388.0
52828.0
48612.0
44503.0
41098.0
39152.0
37538.0
36970.0
37665.0
38366.0
41132.0
43965.0
47462.0
49623.0
50005.0
49339.0
47114.0
45562.0
44437.0
44232.0
44609.0
44941.0
46620.0
50816.0
48356.0
44750.0
42393.0
39772.0
37180.0
35079.0
33834.0
32914.0
32920.0
33749.0
35250.0
36344.0
39192.0
42239.0
43351.0
43981.0
44230.0
42270.0
40576.0
40604.0
40802.0
41269.0
43836.0
47426.0
46217.0
43851.0
41525.0
38806.0
35981.0
34516.0
34056.0
33824.0
34696.0
38455.0
46577.0
53869.0
58520.0
60063.0
60024.0
59962.0
57456.0
57456.0
58271.0
58348.0
58231.0
57530.0
58487.0
61281.0
58009.0
53717.0
49242.0
45559.0
41762.0
40113.0
39450.0
38992.0
39532.0
42751.0
49535.0
56226.0
60584.0
61669.0
61861.0
61381.0
58920.0
58765.0
59661.0
59228.0
59187.0
57912.0
59205.0
62102.0
58705.0
54170.0
49794.0
45486.0
41548.0
39842.0
38801.0
38739.0
39201.0
42186.0
49306.0
56203.0
60690.0
62226.0
61910.0
61809.0
58522.0
58418.0
58985.0
59275.0
58879.0
58091.0
59459.0
61814.0
58446.0
54120.0
49782.0
45287.0
42006.0
40127.0
39298.0
39367.0
39911.0
41927.0
49506.0
56236.0
60485.0
61951.0
61838.0
61671.0
58673.0
58537.0
59502.0
59525.0
59102.0
57989.0
59468.0
62388.0
59021.0
54551.0
49970.0
46388.0
42556.0
41113.0
40150.0
39893.0
40287.0
42788.0
49484.0
56570.0
60412.0
61521.0
61339.0
60941.0
57921.0
56911.0
57435.0
57613.0
57431.0
56625.0
58675.0
61212.0
57841.0
53080.0
49219.0
45126.0
41669.0
39761.0
38694.0
38080.0
38004.0
39162.0
41277.0
45148.0
47845.0
49841.0
49666.0
49008.0
47717.0
46376.0
45074.0
44637.0
45123.0
45891.0
48716.0
52018.0
49011.0
45677.0
43293.0
40642.0
37435.0
35388.0
34050.0
33540.0
33563.0
34317.0
35938.0
36905.0
39072.0
41403.0
43198.0
43116.0
41590.0
41074.0
39759.0
39952.0
40652.0
41102.0
44627.0
48475.0
46986.0
44427.0
41900.0
39148.0
36581.0
34934.0
34369.0
34323.0
35272.0
39047.0
46733.0
54471.0
59094.0
60087.0
59931.0
59733.0
56714.0
56780.0
57934.0
58307.0
58466.0
57581.0
59706.0
61932.0
58176.0
53739.0
49432.0
45084.0
42569.0
40873.0
39763.0
39390.0
39844.0
42851.0
49691.0
57246.0
60982.0
61763.0
61893.0
61803.0
58869.0
58290.0
59429.0
59787.0
59556.0
58989.0
61191.0
62991.0
59325.0
54629.0
50326.0
46540.0
44786.0
41181.0
40001.0
39628.0
40013.0
43215.0
50009.0
57567.0
61280.0
61870.0
61315.0
61202.0
58384.0
57921.0
58665.0
59312.0
59173.0
58507.0
61089.0
63053.0
59050.0
54690.0
50387.0
45891.0
42480.0
40735.0
39998.0
39869.0
40119.0
42716.0
49674.0
57119.0
61122.0
62306.0
62012.0
61231.0
57681.0
57394.0
58744.0
58973.0
58778.0
58463.0
61406.0
63219.0
59314.0
54769.0
50379.0
46425.0
42800.0
40632.0
39718.0
39739.0
40305.0
42903.0
50007.0
57691.0
62252.0
63423.0
63080.0
62803.0
59552.0
58428.0
58962.0
59108.0
58800.0
58501.0
60839.0
61969.0
57753.0
53255.0
49292.0
45398.0
41619.0
39441.0
38174.0
37622.0
37351.0
38734.0
41957.0
46405.0
49646.0
51730.0
51420.0
50512.0
48012.0
46322.0
45361.0
45096.0
45542.0
46546.0
50751.0
52989.0
49642.0
45930.0
43167.0
40354.0
37516.0
35605.0
34712.0
33929.0
33854.0
34375.0
35811.0
36668.0
38825.0
41856.0
44077.0
45301.0
44931.0
42961.0
42073.0
41867.0
41728.0
42500.0
46462.0
48879.0
47329.0
44602.0
42125.0
39113.0
37000.0
35478.0
34965.0
34738.0
35717.0
39426.0
47279.0
55479.0
60455.0
62319.0
62552.0
61912.0
59623.0
58799.0
59066.0
59325.0
58913.0
58061.0
60424.0
61412.0
58150.0
53709.0
49385.0
45403.0
42083.0
40868.0
39678.0
39202.0
39734.0
42496.0
49202.0
57512.0
61789.0
63678.0
62996.0
62649.0
59757.0
59283.0
59925.0
59805.0
59425.0
58370.0
61269.0
62535.0
58839.0
54503.0
50234.0
46355.0
41921.0
39628.0
39645.0
39786.0
40030.0
42817.0
50098.0
57887.0
61698.0
62956.0
63010.0
62789.0
59446.0
58922.0
59387.0
58806.0
58337.0
57786.0
61357.0
62140.0
58444.0
54344.0
50035.0
45880.0
42277.0
40600.0
39564.0
39282.0
39539.0
41653.0
47396.0
55122.0
58794.0
60309.0
60076.0
59869.0
56874.0
55939.0
56390.0
56885.0
56720.0
56185.0
60323.0
61509.0
58218.0
54024.0
49778.0
45742.0
42123.0
39874.0
38738.0
38659.0
39357.0
41494.0
48547.0
57032.0
61120.0
62204.0
62094.0
62132.0
59090.0
58823.0
59035.0
58724.0
57643.0
57424.0
60827.0
61121.0
57602.0
53249.0
49591.0
45954.0
42384.0
40608.0
39417.0
39050.0
38845.0
40026.0
42769.0
46065.0
48779.0
51221.0
50926.0
49951.0
48048.0
46904.0
46508.0
46047.0
46071.0
47558.0
51769.0
53094.0
49745.0
46518.0
44136.0
41577.0
38762.0
36884.0
34796.0
35106.0
34501.0
34457.0
35578.0
36944.0
38910.0
41909.0
44000.0
45138.0
45848.0
44783.0
43094.0
42034.0
42395.0
43602.0
47711.0
49602.0
49351.0
47434.0
44840.0
42222.0
39694.0
37039.0
36020.0
35323.0
35422.0
36645.0
40269.0
47590.0
54694.0
59775.0
61003.0
60722.0
61284.0
58537.0
58837.0
60192.0
60320.0
60994.0
64608.0
64791.0
62434.0
58746.0
54376.0
50040.0
46112.0
42383.0
40479.0
39448.0
39019.0
39739.0
42812.0
50172.0
56492.0
61344.0
61816.0
61478.0
61663.0
58767.0
58896.0
60280.0
60768.0
61417.0
64497.0
64346.0
61911.0
57654.0
53167.0
48669.0
45130.0
42019.0
40011.0
38848.0
37956.0
37722.0
37791.0
38630.0
39982.0
43001.0
44918.0
46347.0
46669.0
46084.0
44893.0
43960.0
43149.0
43897.0
48635.0
50686.0
50214.0
48231.0
45436.0
43073.0
40508.0
37493.0
36129.0
35823.0
35536.0
36459.0
39440.0
46746.0
53578.0
58714.0
60538.0
60783.0
60739.0
58305.0
57928.0
58938.0
59088.0
60782.0
64264.0
63912.0
61840.0
57873.0
53767.0
49334.0
44907.0
41741.0
40133.0
39227.0
39073.0
39866.0
42376.0
48798.0
55308.0
60002.0
61264.0
61030.0
60775.0
58173.0
57644.0
58091.0
58580.0
59943.0
63823.0
63385.0
61051.0
57026.0
52704.0
48819.0
44944.0
41139.0
39650.0
38705.0
38063.0
38035.0
39241.0
41534.0
44836.0
48195.0
50270.0
50346.0
50215.0
48283.0
46449.0
45879.0
45926.0
47479.0
52233.0
53040.0
51888.0
48854.0
45661.0
43196.0
40571.0
37941.0
36002.0
34998.0
34290.0
34182.0
35079.0
35873.0
37238.0
40451.0
43233.0
45622.0
45605.0
44728.0
43067.0
42619.0
43207.0
45036.0
47946.0
49004.0
48776.0
46814.0
44661.0
42792.0
39776.0
36899.0
35211.0
34694.0
34854.0
35866.0
39930.0
47664.0
54975.0
60645.0
63264.0
63554.0
63953.0
61443.0
61160.0
62641.0
63294.0
64708.0
66961.0
65864.0
63574.0
59250.0
54537.0
50294.0
46370.0
44060.0
42295.0
41139.0
41042.0
41120.0
44298.0
50167.0
57834.0
63472.0
65115.0
65245.0
65165.0
61916.0
61965.0
63903.0
64409.0
65468.0
67756.0
66711.0
64172.0
59895.0
55674.0
51124.0
46808.0
43644.0
41589.0
40990.0
41072.0
41579.0
44318.0
51143.0
59038.0
64235.0
66038.0
65346.0
65037.0
61691.0
61806.0
62857.0
63399.0
65102.0
68465.0
67641.0
64919.0
60930.0
56235.0
51671.0
47657.0
43841.0
42399.0
41666.0
41627.0
42169.0
44849.0
51684.0
58828.0
63803.0
65281.0
65948.0
65178.0
62159.0
61848.0
62913.0
64028.0
65607.0
68241.0
67420.0
65029.0
60576.0
56120.0
51764.0
47722.0
44333.0
42913.0
41861.0
41529.0
42111.0
44803.0
51440.0
58634.0
63994.0
64720.0
63825.0
63660.0
60768.0
60208.0
61542.0
62284.0
63847.0
66707.0
65962.0
63580.0
59395.0
55326.0
51405.0
47162.0
43280.0
41516.0
40696.0
40162.0
39986.0
41176.0
44080.0
47126.0
50501.0
52867.0
53411.0
52647.0
50889.0
49438.0
48770.0
48723.0
49365.0
54158.0
54739.0
53794.0
50552.0
47634.0
45069.0
42330.0
39620.0
37505.0
36211.0
35506.0
35282.0
36097.0
37184.0
38347.0
41386.0
44431.0
45575.0
45728.0
45863.0
44205.0
43543.0
44078.0
45647.0
48678.0
49801.0
49423.0
47475.0
46682.0
44547.0
41604.0
38490.0
36748.0
36322.0
36079.0
37317.0
41204.0
48659.0
56492.0
61480.0
63665.0
64721.0
65307.0
63765.0
63567.0
64329.0
64869.0
66590.0
68586.0
67089.0
64636.0
60734.0
56936.0
52667.0
48885.0
45630.0
43861.0
42780.0
42442.0
43164.0
46178.0
52439.0
60157.0
65287.0
66756.0
66399.0
66432.0
63089.0
63136.0
64039.0
64233.0
66120.0
69610.0
68914.0
66413.0
62448.0
58143.0
53724.0
49757.0
46725.0
44862.0
44035.0
43457.0
44124.0
47408.0
53439.0
60745.0
65823.0
66616.0
65798.0
65762.0
62488.0
61767.0
62701.0
63653.0
66395.0
69970.0
69237.0
66488.0
62025.0
57498.0
53378.0
49652.0
45275.0
42709.0
41612.0
41862.0
41974.0
44743.0
52156.0
59759.0
64806.0
66701.0
65912.0
65950.0
63694.0
62489.0
63307.0
63735.0
65879.0
69123.0
68383.0
65820.0
61693.0
57414.0
52992.0
48610.0
45501.0
43245.0
42668.0
42895.0
43392.0
45876.0
52611.0
60070.0
65336.0
67506.0
67194.0
66558.0
63197.0
61975.0
62197.0
62285.0
63681.0
67084.0
66111.0
64028.0
60246.0
56039.0
51923.0
47850.0
44324.0
42246.0
41850.0
41285.0
41128.0
42523.0
45254.0
48638.0
52537.0
55172.0
55382.0
53916.0
51465.0
50027.0
49360.0
49068.0
50780.0
55837.0
56809.0
55919.0
52333.0
49008.0
46825.0
44107.0
41684.0
39391.0
38680.0
37908.0
37686.0
38469.0
39657.0
40892.0
44102.0
47180.0
48294.0
48326.0
48098.0
46554.0
45628.0
45206.0
47302.0
51060.0
52866.0
52667.0
51269.0
48586.0
46137.0
42668.0
39864.0
38153.0
38079.0
38581.0
39552.0
42829.0
50785.0
58731.0
63970.0
65301.0
64915.0
64740.0
61892.0
62189.0
63435.0
64041.0
66701.0
69897.0
68189.0
65615.0
61902.0
57551.0
52984.0
48843.0
45245.0
43385.0
42362.0
41932.0
42569.0
45928.0
52833.0
60505.0
64810.0
65903.0
65887.0
65361.0
62134.0
61556.0
62807.0
63751.0
66665.0
69986.0
68410.0
65986.0
61946.0
57103.0
52427.0
48166.0
44887.0
43318.0
42488.0
42077.0
42819.0
46035.0
52990.0
60642.0
65066.0
65842.0
65710.0
65335.0
61254.0
60968.0
62570.0
63998.0
66746.0
69793.0
68324.0
65922.0
62135.0
57391.0
52977.0
48828.0
45488.0
43263.0
42156.0
42079.0
42782.0
45963.0
52747.0
60501.0
64933.0
65350.0
65262.0
64517.0
61752.0
61421.0
62475.0
63479.0
66280.0
69344.0
67548.0
65309.0
61545.0
57404.0
52784.0
48558.0
45420.0
43397.0
42116.0
41478.0
42210.0
45536.0
52653.0
60423.0
64949.0
65766.0
65073.0
64618.0
61184.0
60924.0
62220.0
62898.0
65423.0
67724.0
65971.0
63849.0
59988.0
56044.0
52702.0
48742.0
44184.0
42484.0
40983.0
39882.0
39754.0
41259.0
44812.0
48517.0
52015.0
54745.0
55361.0
54844.0
53396.0
51921.0
51319.0
51511.0
53012.0
55646.0
55554.0
54958.0
51758.0
49155.0
46794.0
44255.0
40875.0
38710.0
38069.0
37059.0
36688.0
37463.0
39228.0
40989.0
44039.0
47090.0
48876.0
49760.0
49197.0
47231.0
46035.0
46258.0
47551.0
51534.0
52788.0
52744.0
51125.0
48882.0
46668.0
43255.0
40701.0
38765.0
38157.0
37763.0
39083.0
43367.0
51511.0
59662.0
64672.0
66386.0
66539.0
66039.0
63186.0
63051.0
64111.0
64714.0
67471.0
70519.0
69007.0
66397.0
62751.0
58718.0
54009.0
49597.0
46493.0
44296.0
42865.0
42583.0
43283.0
46448.0
53993.0
62290.0
67624.0
69432.0
69490.0
68605.0
65067.0
64876.0
66796.0
67817.0
70526.0
72540.0
70438.0
67570.0
63801.0
59309.0
54429.0
49671.0
45785.0
43903.0
42861.0
42921.0
43919.0
46660.0
54043.0
62667.0
68075.0
69704.0
70072.0
69815.0
66984.0
66559.0
67978.0
68753.0
71304.0
72592.0
70254.0
67506.0
63598.0
59203.0
54490.0
50123.0
46264.0
44287.0
43212.0
43073.0
43681.0
46866.0
53865.0
62242.0
67480.0
69455.0
70167.0
69847.0
67190.0
65555.0
66214.0
67090.0
69207.0
71621.0
70243.0
67902.0
63978.0
59867.0
55250.0
50546.0
46641.0
44575.0
44030.0
43802.0
44564.0
47144.0
54793.0
63152.0
68270.0
69918.0
70147.0
69384.0
66011.0
65483.0
66706.0
67431.0
69882.0
71974.0
70174.0
67522.0
63146.0
58669.0
54229.0
50229.0
45593.0
43301.0
41856.0
41386.0
41408.0
42548.0
46381.0
50742.0
54595.0
57501.0
57799.0
57331.0
55088.0
53178.0
52249.0
52779.0
55340.0
58855.0
59062.0
58166.0
54816.0
51629.0
49291.0
46251.0
42673.0
40955.0
39876.0
39119.0
38737.0
39340.0
41244.0
43392.0
46374.0
49872.0
51682.0
51583.0
51532.0
49598.0
48361.0
48790.0
50668.0
54741.0
56094.0
56081.0
54400.0
51600.0
48963.0
45810.0
42204.0
40801.0
40020.0
39818.0
40711.0
44349.0
53177.0
62344.0
68117.0
70086.0
70363.0
70203.0
67609.0
67529.0
68371.0
68965.0
70980.0
73661.0
71967.0
69220.0
65413.0
60846.0
56151.0
51348.0
47326.0
44655.0
43269.0
42936.0
43666.0
47032.0
55613.0
64729.0
69992.0
71493.0
70906.0
70640.0
67144.0
67174.0
67817.0
68409.0
71000.0
73967.0
72323.0
69680.0
65873.0
61489.0
56516.0
51477.0
47366.0
45189.0
43997.0
43711.0
43943.0
47590.0
56066.0
65291.0
70233.0
71538.0
71214.0
70224.0
67006.0
66413.0
67348.0
68341.0
70964.0
73720.0
72265.0
69407.0
65465.0
61503.0
56310.0
51010.0
46662.0
43990.0
42960.0
42546.0
42932.0
46217.0
54687.0
63247.0
68267.0
69332.0
68639.0
67328.0
64660.0
64362.0
65901.0
66836.0
69540.0
71863.0
70019.0
67357.0
63361.0
58636.0
53560.0
49053.0
45585.0
43308.0
41332.0
41003.0
40771.0
41006.0
42868.0
45572.0
48754.0
51334.0
53107.0
53514.0
53196.0
51173.0
50001.0
50216.0
52643.0
55780.0
56227.0
55809.0
53146.0
50306.0
48155.0
44784.0
41414.0
39043.0
38158.0
37953.0
38165.0
39568.0
42945.0
46309.0
50105.0
53756.0
54339.0
54600.0
53489.0
51930.0
51329.0
51450.0
53585.0
58206.0
58897.0
58156.0
55246.0
51716.0
48993.0
45964.0
42957.0
40466.0
39562.0
38757.0
38624.0
39415.0
41501.0
43000.0
45661.0
48920.0
50970.0
51398.0
51807.0
50016.0
49379.0
49922.0
51907.0
54985.0
55863.0
55546.0
53788.0
51193.0
48843.0
45518.0
41805.0
39692.0
38852.0
38770.0
39555.0
43778.0
51287.0
60644.0
66683.0
69191.0
70129.0
70149.0
67393.0
66987.0
68300.0
69117.0
71332.0
72304.0
69891.0
67161.0
63345.0
58705.0
53742.0
49597.0
46184.0
43984.0
42925.0
42865.0
43465.0
46332.0
53696.0
62780.0
68597.0
69987.0
69984.0
69458.0
66201.0
65911.0
67347.0
68330.0
70926.0
72939.0
71007.0
68392.0
64625.0
60110.0
55051.0
50772.0
45252.0
43296.0
42207.0
41942.0
42403.0
45375.0
53908.0
63277.0
68402.0
70033.0
70049.0
69310.0
66165.0
65598.0
66146.0
67116.0
69767.0
72217.0
70447.0
67496.0
63438.0
59162.0
54003.0
49017.0
45227.0
42801.0
42058.0
41882.0
42509.0
45401.0
53625.0
62675.0
68190.0
71190.0
70132.0
69212.0
66518.0
65830.0
66663.0
67480.0
69650.0
71771.0
69951.0
67420.0
63759.0
59205.0
54330.0
49739.0
46518.0
44166.0
43071.0
42569.0
43255.0
46353.0
53908.0
62745.0
67509.0
69246.0
69268.0
68452.0
65975.0
65191.0
65711.0
66409.0
68291.0
70336.0
68819.0
66463.0
62493.0
58153.0
54293.0
50400.0
46634.0
44521.0
42941.0
42261.0
42293.0
43734.0
46925.0
51562.0
54963.0
57892.0
58147.0
56952.0
55605.0
54213.0
53648.0
53150.0
55243.0
58520.0
59038.0
57826.0
54960.0
52416.0
49550.0
46484.0
43047.0
40332.0
38779.0
38012.0
38065.0
38810.0
40536.0
42504.0
45432.0
48718.0
51099.0
51712.0
50872.0
49241.0
47759.0
47756.0
49351.0
53856.0
55324.0
55531.0
53320.0
51243.0
49397.0
45425.0
41972.0
40341.0
39283.0
39001.0
39994.0
43677.0
52370.0
61777.0
67733.0
70234.0
70686.0
69527.0
66558.0
65963.0
66672.0
67948.0
70531.0
73444.0
71591.0
69248.0
65499.0
61158.0
56490.0
51645.0
47070.0
45051.0
44138.0
43694.0
44431.0
47388.0
55297.0
64772.0
69907.0
71543.0
71134.0
70879.0
68065.0
67145.0
67878.0
68753.0
71040.0
73816.0
72315.0
69657.0
65716.0
60894.0
56160.0
50892.0
46370.0
43900.0
42920.0
42761.0
43466.0
46362.0
54428.0
64157.0
69459.0
71070.0
69924.0
69028.0
66072.0
65710.0
66972.0
68078.0
70337.0
73024.0
71201.0
68583.0
64588.0
60143.0
55193.0
50066.0
45646.0
43225.0
42391.0
42601.0
43164.0
45708.0
53515.0
62594.0
68276.0
70728.0
69858.0
68716.0
65442.0
64611.0
65184.0
66126.0
68327.0
71093.0
69331.0
66693.0
62901.0
58242.0
53392.0
48635.0
44468.0
41760.0
40933.0
39990.0
40397.0
43351.0
50629.0
58857.0
64131.0
66140.0
65488.0
64433.0
61233.0
59570.0
59596.0
59577.0
61191.0
64401.0
63242.0
60753.0
57079.0
53169.0
49440.0
45153.0
41802.0
39462.0
38189.0
37566.0
37475.0
38699.0
41465.0
45044.0
48585.0
50963.0
50852.0
50028.0
49590.0
47918.0
47387.0
47756.0
49765.0
54169.0
54810.0
53995.0
51378.0
48137.0
45437.0
41733.0
38469.0
35900.0
34537.0
34248.0
33961.0
35179.0
36719.0
39537.0
42274.0
44580.0
45446.0
44796.0
44099.0
43094.0
43327.0
44234.0
47252.0
50712.0
51098.0
48755.0
45186.0
42614.0
41279.0
39327.0
36834.0
35502.0
33741.0
32801.0
32556.0
33314.0
34858.0
36698.0
38635.0
41893.0
43628.0
43905.0
42798.0
39512.0
37381.0
38563.0
41733.0
45143.0
44922.0
44517.0
43539.0
41900.0
40442.0
38092.0
35059.0
33427.0
32508.0
31726.0
31852.0
33088.0
35073.0
36944.0
38706.0
41685.0
43529.0
44132.0
44549.0
41935.0
40658.0
42196.0
44664.0
47084.0
47286.0
46819.0
45366.0
43396.0
41656.0
38346.0
35833.0
34105.0
33099.0
32629.0
33090.0
35504.0
39267.0
44443.0
49940.0
53811.0
55095.0
55323.0
54409.0
53659.0
53254.0
53733.0
56251.0
58496.0
57777.0
55881.0
52460.0
48733.0
45414.0
41882.0
38423.0
36206.0
35133.0
34647.0
35023.0
37158.0
40879.0
46088.0
51017.0
54619.0
55859.0
55821.0
54677.0
53324.0
53314.0
53336.0
55305.0
58998.0
58742.0
57507.0
53639.0
50088.0
46692.0
42427.0
38915.0
36513.0
35378.0
35344.0
35680.0
37427.0
41542.0
46843.0
51837.0
55279.0
56192.0
56050.0
54355.0
52288.0
51713.0
51707.0
53957.0
58133.0
58086.0
56481.0
52767.0
49088.0
46114.0
42036.0
38386.0
35897.0
34684.0
34657.0
34662.0
36093.0
38324.0
41445.0
44441.0
47056.0
48442.0
48494.0
48021.0
46831.0
45770.0
46301.0
48256.0
52744.0
52951.0
52190.0
49562.0
46571.0
43841.0
40262.0
37508.0
35272.0
33746.0
32964.0
32869.0
33446.0
35279.0
37789.0
39922.0
42411.0
43569.0
43283.0
42475.0
41594.0
42084.0
43279.0
45796.0
50440.0
50337.0
48682.0
45314.0
41961.0
40521.0
39117.0
