Consumption in Luxembourg in 2015
498.0
478.0
457.0
445.0
438.0
436.0
435.0
449.0
452.0
452.0
468.0
487.0
502.0
494.0
489.0
489.0
501.0
544.0
558.0
555.0
533.0
507.0
520.0
501.0
474.0
450.0
435.0
432.0
435.0
455.0
492.0
550.0
590.0
612.0
685.0
712.0
720.0
725.0
726.0
702.0
717.0
756.0
770.0
751.0
726.0
677.0
654.0
640.0
613.0
595.0
558.0
545.0
556.0
564.0
587.0
579.0
637.0
659.0
682.0
714.0
713.0
698.0
694.0
682.0
679.0
730.0
732.0
701.0
671.0
644.0
630.0
543.0
592.0
578.0
506.0
555.0
547.0
498.0
555.0
542.0
498.0
587.0
596.0
596.0
577.0
546.0
582.0
608.0
586.0
675.0
721.0
714.0
684.0
652.0
668.0
625.0
604.0
571.0
577.0
565.0
568.0
560.0
652.0
766.0
803.0
845.0
837.0
847.0
838.0
809.0
823.0
811.0
807.0
835.0
797.0
793.0
850.0
788.0
798.0
730.0
667.0
682.0
707.0
689.0
696.0
725.0
741.0
851.0
872.0
952.0
947.0
938.0
881.0
897.0
903.0
904.0
891.0
967.0
894.0
908.0
821.0
779.0
830.0
792.0
783.0
722.0
686.0
656.0
662.0
669.0
715.0
840.0
868.0
872.0
885.0
905.0
866.0
874.0
861.0
862.0
869.0
857.0
889.0
851.0
831.0
729.0
705.0
719.0
641.0
649.0
632.0
632.0
633.0
633.0
717.0
819.0
897.0
923.0
957.0
935.0
965.0
861.0
792.0
867.0
867.0
877.0
906.0
777.0
821.0
789.0
810.0
759.0
711.0
694.0
659.0
557.0
612.0
650.0
679.0
789.0
833.0
843.0
778.0
802.0
784.0
785.0
813.0
813.0
815.0
843.0
844.0
823.0
813.0
798.0
796.0
758.0
749.0
723.0
693.0
696.0
551.0
629.0
624.0
660.0
760.0
777.0
836.0
853.0
812.0
770.0
797.0
801.0
796.0
778.0
820.0
807.0
785.0
758.0
765.0
737.0
702.0
711.0
695.0
692.0
685.0
605.0
589.0
602.0
600.0
685.0
756.0
738.0
791.0
762.0
663.0
690.0
661.0
711.0
800.0
656.0
651.0
749.0
706.0
692.0
700.0
690.0
663.0
676.0
576.0
594.0
669.0
750.0
844.0
880.0
922.0
991.0
960.0
968.0
951.0
937.0
932.0
972.0
959.0
910.0
812.0
781.0
823.0
771.0
753.0
639.0
696.0
707.0
693.0
741.0
786.0
900.0
942.0
914.0
863.0
911.0
866.0
897.0
873.0
925.0
909.0
931.0
948.0
914.0
870.0
823.0
817.0
786.0
691.0
702.0
630.0
631.0
648.0
676.0
736.0
832.0
853.0
869.0
880.0
905.0
898.0
881.0
855.0
788.0
771.0
807.0
829.0
805.0
751.0
692.0
678.0
638.0
601.0
644.0
634.0
636.0
662.0
671.0
715.0
835.0
871.0
870.0
868.0
872.0
854.0
796.0
836.0
848.0
857.0
884.0
871.0
876.0
846.0
781.0
753.0
730.0
668.0
659.0
651.0
655.0
651.0
677.0
747.0
832.0
917.0
947.0
947.0
982.0
946.0
924.0
913.0
933.0
915.0
943.0
962.0
930.0
817.0
855.0
774.0
797.0
746.0
728.0
703.0
668.0
663.0
699.0
679.0
735.0
804.0
840.0
831.0
854.0
849.0
835.0
810.0
758.0
789.0
849.0
885.0
833.0
791.0
727.0
726.0
711.0
728.0
707.0
688.0
665.0
659.0
653.0
663.0
689.0
711.0
726.0
765.0
722.0
787.0
756.0
734.0
717.0
704.0
796.0
837.0
805.0
735.0
768.0
722.0
734.0
671.0
607.0
590.0
589.0
612.0
631.0
688.0
731.0
853.0
871.0
874.0
884.0
875.0
876.0
861.0
789.0
847.0
880.0
896.0
868.0
828.0
777.0
753.0
738.0
772.0
700.0
674.0
667.0
659.0
644.0
755.0
837.0
884.0
864.0
908.0
900.0
827.0
863.0
820.0
827.0
837.0
849.0
902.0
888.0
858.0
784.0
768.0
743.0
698.0
657.0
666.0
623.0
652.0
649.0
734.0
806.0
855.0
895.0
893.0
902.0
814.0
866.0
883.0
845.0
797.0
906.0
900.0
869.0
806.0
779.0
766.0
689.0
686.0
665.0
640.0
649.0
606.0
680.0
744.0
842.0
842.0
948.0
934.0
927.0
986.0
945.0
958.0
943.0
959.0
981.0
1005.0
960.0
907.0
873.0
803.0
790.0
796.0
745.0
732.0
732.0
740.0
773.0
846.0
856.0
873.0
868.0
883.0
881.0
881.0
846.0
858.0
821.0
832.0
873.0
851.0
880.0
830.0
782.0
805.0
764.0
765.0
722.0
718.0
713.0
720.0
738.0
739.0
787.0
779.0
768.0
888.0
875.0
865.0
799.0
856.0
790.0
765.0
828.0
825.0
849.0
827.0
808.0
839.0
815.0
761.0
683.0
701.0
681.0
732.0
713.0
683.0
729.0
730.0
750.0
783.0
812.0
822.0
793.0
771.0
756.0
771.0
795.0
821.0
837.0
817.0
775.0
766.0
752.0
736.0
690.0
685.0
697.0
706.0
719.0
797.0
887.0
890.0
937.0
959.0
955.0
955.0
976.0
965.0
850.0
925.0
968.0
992.0
967.0
886.0
858.0
853.0
824.0
769.0
754.0
717.0
665.0
586.0
600.0
691.0
834.0
836.0
865.0
878.0
863.0
861.0
872.0
855.0
860.0
820.0
877.0
917.0
880.0
846.0
818.0
824.0
812.0
787.0
752.0
737.0
726.0
670.0
683.0
759.0
861.0
851.0
893.0
904.0
931.0
896.0
882.0
890.0
862.0
862.0
911.0
931.0
897.0
835.0
790.0
760.0
735.0
681.0
640.0
668.0
666.0
661.0
693.0
760.0
855.0
915.0
971.0
982.0
1022.0
974.0
946.0
872.0
858.0
861.0
879.0
894.0
884.0
855.0
849.0
787.0
728.0
757.0
735.0
715.0
729.0
745.0
763.0
828.0
866.0
948.0
899.0
896.0
904.0
883.0
819.0
894.0
806.0
820.0
797.0
888.0
907.0
892.0
784.0
725.0
747.0
741.0
712.0
734.0
722.0
714.0
709.0
730.0
775.0
706.0
724.0
846.0
839.0
798.0
777.0
764.0
793.0
839.0
871.0
897.0
885.0
840.0
832.0
822.0
794.0
739.0
698.0
696.0
695.0
705.0
644.0
689.0
625.0
631.0
710.0
785.0
810.0
805.0
768.0
761.0
743.0
740.0
711.0
807.0
765.0
738.0
663.0
774.0
774.0
740.0
700.0
695.0
685.0
697.0
738.0
793.0
878.0
905.0
956.0
972.0
965.0
954.0
925.0
916.0
918.0
872.0
927.0
982.0
961.0
907.0
834.0
861.0
817.0
755.0
748.0
751.0
746.0
684.0
782.0
829.0
883.0
982.0
974.0
913.0
983.0
896.0
946.0
920.0
918.0
928.0
955.0
1002.0
974.0
934.0
881.0
870.0
800.0
717.0
729.0
727.0
659.0
583.0
682.0
753.0
772.0
815.0
849.0
864.0
895.0
876.0
872.0
786.0
774.0
836.0
871.0
891.0
860.0
861.0
781.0
786.0
752.0
689.0
669.0
629.0
589.0
582.0
610.0
672.0
759.0
836.0
868.0
894.0
912.0
882.0
872.0
855.0
819.0
836.0
847.0
906.0
891.0
836.0
783.0
766.0
740.0
723.0
746.0
723.0
689.0
762.0
780.0
857.0
908.0
965.0
982.0
1002.0
1018.0
975.0
954.0
956.0
942.0
877.0
940.0
977.0
978.0
889.0
892.0
827.0
849.0
734.0
709.0
679.0
735.0
708.0
755.0
736.0
794.0
828.0
835.0
878.0
881.0
850.0
842.0
791.0
726.0
784.0
828.0
887.0
822.0
801.0
822.0
824.0
787.0
770.0
743.0
713.0
726.0
728.0
686.0
707.0
717.0
737.0
762.0
811.0
782.0
766.0
784.0
767.0
733.0
746.0
746.0
817.0
854.0
831.0
780.0
782.0
767.0
746.0
717.0
700.0
696.0
720.0
753.0
762.0
824.0
860.0
869.0
896.0
926.0
889.0
914.0
852.0
887.0
925.0
960.0
976.0
973.0
904.0
881.0
821.0
810.0
752.0
742.0
740.0
671.0
672.0
736.0
794.0
923.0
919.0
932.0
960.0
971.0
967.0
952.0
905.0
925.0
928.0
925.0
976.0
959.0
894.0
864.0
867.0
786.0
748.0
735.0
742.0
708.0
679.0
670.0
698.0
755.0
799.0
878.0
897.0
898.0
881.0
845.0
831.0
815.0
766.0
840.0
897.0
875.0
835.0
785.0
768.0
755.0
690.0
669.0
632.0
572.0
577.0
602.0
667.0
757.0
797.0
878.0
883.0
832.0
881.0
861.0
852.0
766.0
759.0
769.0
859.0
873.0
831.0
753.0
838.0
813.0
726.0
739.0
763.0
743.0
766.0
682.0
816.0
905.0
967.0
930.0
954.0
952.0
962.0
896.0
887.0
835.0
798.0
783.0
862.0
842.0
820.0
792.0
787.0
807.0
707.0
736.0
689.0
693.0
677.0
651.0
680.0
687.0
755.0
818.0
856.0
861.0
832.0
767.0
731.0
731.0
689.0
680.0
785.0
746.0
791.0
793.0
740.0
666.0
649.0
617.0
620.0
620.0
669.0
656.0
686.0
734.0
664.0
655.0
661.0
686.0
689.0
722.0
621.0
676.0
701.0
733.0
797.0
811.0
789.0
753.0
740.0
775.0
725.0
711.0
688.0
692.0
655.0
742.0
782.0
847.0
888.0
918.0
911.0
973.0
960.0
920.0
924.0
874.0
886.0
892.0
952.0
926.0
880.0
829.0
844.0
786.0
739.0
724.0
707.0
673.0
716.0
758.0
812.0
864.0
901.0
917.0
969.0
939.0
969.0
942.0
921.0
921.0
921.0
917.0
981.0
930.0
910.0
837.0
821.0
804.0
706.0
748.0
668.0
709.0
659.0
664.0
727.0
763.0
828.0
819.0
875.0
828.0
849.0
847.0
856.0
809.0
798.0
809.0
778.0
787.0
770.0
710.0
765.0
732.0
658.0
632.0
565.0
555.0
557.0
578.0
626.0
697.0
736.0
758.0
773.0
794.0
777.0
768.0
753.0
733.0
730.0
742.0
772.0
761.0
720.0
673.0
659.0
632.0
609.0
635.0
678.0
709.0
702.0
744.0
736.0
859.0
879.0
890.0
940.0
967.0
947.0
917.0
902.0
849.0
889.0
879.0
904.0
865.0
797.0
767.0
799.0
803.0
776.0
734.0
743.0
738.0
732.0
732.0
733.0
751.0
727.0
814.0
829.0
847.0
863.0
742.0
791.0
801.0
782.0
823.0
849.0
857.0
830.0
779.0
812.0
747.0
715.0
687.0
688.0
650.0
661.0
687.0
663.0
676.0
679.0
699.0
662.0
761.0
746.0
732.0
622.0
722.0
713.0
727.0
812.0
811.0
801.0
772.0
793.0
759.0
733.0
717.0
696.0
708.0
684.0
729.0
787.0
852.0
880.0
943.0
940.0
910.0
963.0
915.0
898.0
904.0
891.0
889.0
951.0
934.0
908.0
847.0
833.0
714.0
741.0
723.0
732.0
724.0
733.0
782.0
812.0
893.0
935.0
937.0
955.0
970.0
961.0
926.0
905.0
887.0
818.0
900.0
970.0
952.0
882.0
861.0
797.0
756.0
732.0
723.0
738.0
568.0
562.0
594.0
660.0
784.0
833.0
808.0
856.0
855.0
838.0
829.0
824.0
803.0
758.0
839.0
897.0
853.0
806.0
753.0
742.0
643.0
633.0
633.0
621.0
599.0
626.0
662.0
733.0
817.0
856.0
926.0
934.0
920.0
933.0
942.0
898.0
913.0
917.0
918.0
949.0
955.0
900.0
845.0
819.0
796.0
692.0
712.0
708.0
727.0
691.0
746.0
815.0
893.0
926.0
940.0
964.0
938.0
970.0
953.0
909.0
914.0
878.0
889.0
919.0
903.0
882.0
845.0
782.0
811.0
750.0
747.0
729.0
721.0
682.0
712.0
747.0
765.0
782.0
782.0
744.0
797.0
787.0
774.0
747.0
763.0
744.0
782.0
822.0
859.0
814.0
791.0
785.0
744.0
715.0
687.0
660.0
597.0
581.0
592.0
585.0
574.0
614.0
636.0
639.0
695.0
692.0
728.0
700.0
682.0
697.0
710.0
764.0
780.0
761.0
677.0
708.0
695.0
675.0
636.0
642.0
657.0
658.0
693.0
739.0
769.0
821.0
859.0
888.0
913.0
900.0
871.0
909.0
856.0
871.0
867.0
919.0
953.0
885.0
827.0
767.0
684.0
650.0
629.0
600.0
609.0
618.0
643.0
684.0
773.0
820.0
812.0
819.0
833.0
819.0
805.0
789.0
777.0
777.0
797.0
818.0
839.0
800.0
739.0
717.0
679.0
636.0
607.0
554.0
619.0
621.0
677.0
751.0
816.0
844.0
876.0
857.0
844.0
864.0
842.0
823.0
811.0
810.0
797.0
843.0
867.0
832.0
771.0
757.0
711.0
684.0
648.0
640.0
654.0
647.0
674.0
736.0
801.0
837.0
899.0
825.0
855.0
923.0
878.0
894.0
869.0
880.0
853.0
898.0
888.0
876.0
790.0
735.0
721.0
694.0
690.0
698.0
683.0
726.0
698.0
800.0
882.0
909.0
837.0
823.0
899.0
913.0
836.0
817.0
797.0
854.0
877.0
914.0
935.0
874.0
798.0
759.0
756.0
761.0
732.0
716.0
673.0
656.0
662.0
732.0
764.0
768.0
730.0
721.0
698.0
782.0
784.0
686.0
683.0
684.0
748.0
808.0
846.0
794.0
761.0
782.0
743.0
692.0
564.0
613.0
607.0
676.0
685.0
669.0
650.0
628.0
702.0
730.0
751.0
724.0
714.0
698.0
663.0
562.0
707.0
727.0
704.0
737.0
749.0
739.0
706.0
679.0
639.0
596.0
589.0
582.0
616.0
698.0
733.0
787.0
816.0
797.0
834.0
812.0
796.0
774.0
763.0
767.0
767.0
824.0
830.0
826.0
808.0
806.0
769.0
733.0
712.0
645.0
690.0
707.0
727.0
795.0
850.0
903.0
928.0
912.0
967.0
850.0
924.0
913.0
902.0
881.0
878.0
896.0
902.0
840.0
828.0
803.0
756.0
703.0
713.0
694.0
647.0
665.0
684.0
748.0
793.0
840.0
847.0
845.0
778.0
778.0
795.0
724.0
765.0
791.0
808.0
800.0
862.0
783.0
775.0
752.0
700.0
682.0
659.0
653.0
635.0
655.0
693.0
748.0
794.0
833.0
849.0
848.0
842.0
851.0
811.0
814.0
818.0
767.0
747.0
889.0
869.0
869.0
801.0
725.0
772.0
721.0
693.0
706.0
694.0
674.0
743.0
747.0
877.0
886.0
907.0
855.0
865.0
841.0
885.0
878.0
871.0
842.0
788.0
886.0
944.0
811.0
815.0
772.0
720.0
673.0
642.0
702.0
659.0
696.0
727.0
729.0
742.0
650.0
771.0
759.0
804.0
752.0
743.0
761.0
721.0
736.0
753.0
786.0
798.0
784.0
742.0
761.0
739.0
700.0
695.0
625.0
664.0
668.0
683.0
655.0
669.0
716.0
742.0
781.0
805.0
714.0
734.0
730.0
661.0
713.0
699.0
771.0
781.0
776.0
762.0
708.0
714.0
695.0
670.0
665.0
667.0
650.0
698.0
765.0
864.0
901.0
859.0
923.0
933.0
910.0
874.0
892.0
858.0
869.0
854.0
868.0
929.0
879.0
842.0
798.0
770.0
726.0
670.0
624.0
611.0
605.0
609.0
702.0
767.0
804.0
804.0
809.0
823.0
788.0
795.0
772.0
746.0
750.0
759.0
803.0
821.0
796.0
795.0
777.0
763.0
711.0
628.0
668.0
611.0
552.0
578.0
665.0
771.0
784.0
822.0
816.0
813.0
811.0
809.0
734.0
751.0
690.0
695.0
781.0
843.0
758.0
740.0
696.0
676.0
629.0
609.0
625.0
609.0
619.0
660.0
702.0
756.0
839.0
902.0
905.0
916.0
919.0
912.0
916.0
854.0
829.0
842.0
856.0
895.0
902.0
807.0
818.0
796.0
733.0
646.0
708.0
707.0
684.0
751.0
735.0
857.0
913.0
914.0
907.0
910.0
886.0
886.0
797.0
844.0
847.0
856.0
863.0
838.0
861.0
763.0
790.0
778.0
701.0
722.0
680.0
680.0
700.0
652.0
701.0
737.0
743.0
683.0
725.0
730.0
749.0
720.0
715.0
723.0
733.0
754.0
738.0
713.0
802.0
760.0
778.0
712.0
655.0
626.0
613.0
635.0
678.0
677.0
647.0
641.0
647.0
703.0
738.0
774.0
630.0
652.0
665.0
683.0
667.0
710.0
724.0
762.0
764.0
730.0
737.0
702.0
665.0
669.0
693.0
679.0
697.0
691.0
785.0
840.0
879.0
866.0
859.0
892.0
821.0
790.0
777.0
778.0
757.0
753.0
798.0
849.0
879.0
851.0
784.0
762.0
697.0
704.0
707.0
706.0
682.0
746.0
794.0
816.0
911.0
907.0
884.0
914.0
896.0
900.0
740.0
718.0
787.0
799.0
822.0
862.0
812.0
739.0
731.0
673.0
647.0
609.0
616.0
612.0
638.0
649.0
717.0
745.0
721.0
818.0
860.0
883.0
829.0
824.0
816.0
803.0
805.0
805.0
809.0
858.0
803.0
755.0
742.0
694.0
648.0
610.0
569.0
534.0
534.0
562.0
588.0
673.0
731.0
769.0
761.0
738.0
792.0
796.0
803.0
784.0
778.0
785.0
800.0
924.0
880.0
805.0
738.0
715.0
676.0
692.0
639.0
718.0
693.0
709.0
741.0
835.0
874.0
919.0
928.0
876.0
916.0
928.0
861.0
889.0
860.0
835.0
858.0
955.0
878.0
820.0
826.0
797.0
817.0
753.0
779.0
702.0
717.0
667.0
576.0
620.0
725.0
774.0
805.0
764.0
814.0
722.0
719.0
740.0
706.0
708.0
691.0
881.0
952.0
896.0
657.0
730.0
698.0
645.0
645.0
655.0
650.0
640.0
650.0
670.0
683.0
704.0
750.0
781.0
794.0
783.0
745.0
742.0
718.0
730.0
765.0
753.0
795.0
775.0
765.0
712.0
506.0
625.0
662.0
657.0
644.0
616.0
672.0
791.0
872.0
884.0
869.0
841.0
863.0
889.0
877.0
857.0
829.0
807.0
861.0
867.0
855.0
821.0
679.0
719.0
726.0
707.0
672.0
601.0
616.0
643.0
699.0
774.0
809.0
827.0
844.0
857.0
826.0
811.0
778.0
794.0
797.0
765.0
775.0
795.0
786.0
741.0
712.0
695.0
651.0
616.0
608.0
609.0
643.0
673.0
729.0
740.0
810.0
822.0
830.0
867.0
847.0
829.0
817.0
788.0
780.0
780.0
773.0
803.0
793.0
739.0
727.0
677.0
618.0
611.0
571.0
548.0
555.0
579.0
639.0
708.0
751.0
765.0
771.0
785.0
760.0
743.0
717.0
702.0
698.0
692.0
705.0
708.0
739.0
737.0
742.0
709.0
674.0
644.0
643.0
643.0
654.0
688.0
718.0
781.0
824.0
893.0
895.0
901.0
890.0
898.0
876.0
865.0
853.0
850.0
868.0
877.0
850.0
830.0
813.0
761.0
722.0
721.0
695.0
696.0
679.0
666.0
583.0
643.0
674.0
723.0
738.0
761.0
804.0
749.0
744.0
732.0
741.0
746.0
745.0
734.0
774.0
778.0
773.0
719.0
718.0
686.0
675.0
662.0
677.0
646.0
536.0
551.0
588.0
615.0
664.0
691.0
683.0
633.0
639.0
625.0
584.0
651.0
642.0
677.0
703.0
691.0
715.0
685.0
645.0
642.0
633.0
577.0
553.0
552.0
520.0
560.0
576.0
579.0
570.0
637.0
643.0
596.0
597.0
593.0
583.0
597.0
622.0
618.0
637.0
648.0
634.0
614.0
584.0
557.0
505.0
557.0
504.0
599.0
634.0
708.0
696.0
722.0
785.0
811.0
764.0
746.0
750.0
733.0
712.0
732.0
744.0
751.0
749.0
722.0
703.0
669.0
606.0
531.0
590.0
528.0
566.0
635.0
693.0
740.0
780.0
804.0
799.0
821.0
763.0
781.0
742.0
712.0
719.0
708.0
712.0
723.0
727.0
703.0
695.0
656.0
614.0
595.0
571.0
529.0
533.0
559.0
608.0
651.0
688.0
705.0
719.0
734.0
737.0
745.0
751.0
727.0
696.0
738.0
779.0
811.0
788.0
772.0
763.0
750.0
715.0
686.0
668.0
672.0
695.0
706.0
761.0
805.0
852.0
865.0
802.0
858.0
884.0
870.0
840.0
818.0
800.0
787.0
759.0
756.0
803.0
791.0
769.0
715.0
700.0
682.0
679.0
657.0
638.0
683.0
696.0
691.0
728.0
723.0
798.0
820.0
804.0
785.0
696.0
732.0
738.0
681.0
700.0
703.0
689.0
686.0
688.0
700.0
669.0
667.0
605.0
586.0
622.0
637.0
634.0
640.0
652.0
677.0
691.0
710.0
719.0
682.0
660.0
655.0
649.0
600.0
680.0
688.0
699.0
721.0
717.0
669.0
636.0
605.0
633.0
629.0
639.0
655.0
727.0
750.0
788.0
816.0
827.0
816.0
849.0
843.0
841.0
831.0
835.0
768.0
836.0
816.0
809.0
808.0
756.0
731.0
718.0
617.0
646.0
683.0
689.0
729.0
766.0
794.0
856.0
863.0
876.0
838.0
869.0
868.0
864.0
825.0
786.0
750.0
754.0
835.0
807.0
824.0
781.0
742.0
699.0
697.0
674.0
652.0
610.0
641.0
696.0
737.0
770.0
771.0
793.0
778.0
789.0
774.0
768.0
754.0
749.0
755.0
759.0
743.0
749.0
734.0
691.0
660.0
619.0
607.0
601.0
612.0
621.0
642.0
680.0
743.0
762.0
795.0
849.0
887.0
889.0
884.0
862.0
838.0
855.0
853.0
852.0
851.0
807.0
816.0
791.0
708.0
695.0
663.0
616.0
552.0
586.0
634.0
689.0
720.0
760.0
781.0
799.0
815.0
776.0
783.0
766.0
750.0
724.0
720.0
739.0
751.0
775.0
788.0
767.0
724.0
721.0
689.0
624.0
603.0
602.0
688.0
690.0
713.0
738.0
763.0
778.0
781.0
762.0
706.0
730.0
689.0
706.0
731.0
737.0
749.0
727.0
734.0
718.0
718.0
649.0
642.0
582.0
659.0
657.0
666.0
595.0
629.0
648.0
667.0
708.0
720.0
679.0
618.0
673.0
652.0
667.0
624.0
706.0
713.0
716.0
736.0
735.0
684.0
667.0
648.0
632.0
636.0
667.0
702.0
760.0
830.0
867.0
875.0
882.0
878.0
879.0
861.0
849.0
794.0
752.0
810.0
846.0
839.0
808.0
740.0
733.0
750.0
708.0
629.0
702.0
668.0
688.0
703.0
765.0
825.0
849.0
773.0
795.0
830.0
865.0
828.0
848.0
807.0
800.0
794.0
819.0
724.0
759.0
786.0
775.0
654.0
619.0
637.0
607.0
602.0
594.0
639.0
684.0
749.0
786.0
795.0
801.0
792.0
780.0
771.0
763.0
763.0
721.0
748.0
763.0
757.0
742.0
729.0
702.0
645.0
619.0
585.0
515.0
512.0
520.0
556.0
609.0
657.0
692.0
705.0
778.0
777.0
788.0
784.0
767.0
751.0
737.0
733.0
693.0
743.0
731.0
739.0
739.0
726.0
653.0
634.0
629.0
667.0
688.0
715.0
705.0
757.0
860.0
875.0
868.0
886.0
890.0
869.0
861.0
797.0
746.0
814.0
795.0
757.0
783.0
807.0
775.0
737.0
644.0
579.0
598.0
590.0
565.0
607.0
623.0
669.0
733.0
759.0
795.0
782.0
760.0
784.0
765.0
766.0
751.0
767.0
720.0
793.0
775.0
748.0
751.0
717.0
694.0
656.0
649.0
650.0
631.0
639.0
623.0
561.0
588.0
630.0
633.0
658.0
641.0
592.0
627.0
619.0
613.0
625.0
649.0
699.0
736.0
739.0
716.0
701.0
662.0
656.0
630.0
639.0
646.0
677.0
739.0
831.0
858.0
891.0
884.0
869.0
917.0
892.0
882.0
862.0
834.0
774.0
846.0
801.0
745.0
716.0
688.0
648.0
600.0
581.0
531.0
578.0
546.0
536.0
580.0
638.0
669.0
672.0
673.0
680.0
683.0
677.0
654.0
645.0
643.0
639.0
653.0
650.0
633.0
635.0
650.0
647.0
600.0
587.0
603.0
617.0
615.0
650.0
713.0
758.0
753.0
817.0
828.0
844.0
817.0
811.0
814.0
793.0
778.0
752.0
765.0
771.0
739.0
733.0
705.0
636.0
632.0
563.0
597.0
586.0
573.0
644.0
620.0
685.0
761.0
806.0
797.0
799.0
817.0
765.0
783.0
721.0
699.0
692.0
742.0
745.0
736.0
707.0
678.0
651.0
618.0
573.0
576.0
588.0
572.0
572.0
558.0
545.0
601.0
620.0
636.0
659.0
654.0
617.0
617.0
606.0
609.0
620.0
633.0
642.0
620.0
626.0
620.0
607.0
580.0
534.0
554.0
493.0
555.0
567.0
566.0
595.0
637.0
659.0
655.0
672.0
748.0
740.0
687.0
714.0
696.0
752.0
744.0
748.0
727.0
759.0
732.0
707.0
672.0
638.0
628.0
639.0
632.0
631.0
623.0
610.0
649.0
672.0
643.0
648.0
670.0
670.0
698.0
724.0
631.0
700.0
744.0
727.0
723.0
717.0
733.0
689.0
616.0
616.0
626.0
589.0
638.0
636.0
707.0
768.0
805.0
829.0
867.0
875.0
849.0
829.0
834.0
813.0
846.0
826.0
829.0
850.0
823.0
802.0
775.0
740.0
698.0
663.0
658.0
657.0
601.0
635.0
660.0
746.0
783.0
823.0
827.0
833.0
811.0
809.0
786.0
686.0
742.0
760.0
749.0
760.0
726.0
725.0
693.0
594.0
554.0
573.0
595.0
584.0
607.0
619.0
673.0
732.0
776.0
793.0
810.0
829.0
806.0
793.0
792.0
768.0
749.0
757.0
776.0
772.0
690.0
735.0
692.0
637.0
581.0
579.0
557.0
504.0
510.0
533.0
581.0
653.0
690.0
708.0
710.0
746.0
785.0
773.0
748.0
706.0
752.0
733.0
748.0
748.0
763.0
788.0
768.0
730.0
718.0
679.0
678.0
689.0
681.0
711.0
769.0
846.0
840.0
859.0
856.0
873.0
887.0
840.0
881.0
868.0
865.0
828.0
869.0
823.0
813.0
792.0
796.0
746.0
710.0
694.0
682.0
683.0
683.0
688.0
667.0
715.0
771.0
787.0
803.0
729.0
745.0
775.0
695.0
671.0
670.0
657.0
665.0
711.0
709.0
671.0
667.0
687.0
661.0
622.0
603.0
626.0
613.0
626.0
620.0
614.0
656.0
683.0
624.0
687.0
660.0
661.0
630.0
659.0
630.0
604.0
672.0
714.0
722.0
693.0
715.0
670.0
554.0
507.0
549.0
627.0
629.0
642.0
644.0
722.0
769.0
741.0
756.0
729.0
761.0
703.0
692.0
679.0
675.0
673.0
679.0
734.0
649.0
709.0
671.0
615.0
611.0
567.0
568.0
594.0
577.0
586.0
585.0
705.0
743.0
764.0
772.0
806.0
815.0
800.0
780.0
753.0
771.0
769.0
750.0
749.0
732.0
712.0
683.0
650.0
613.0
582.0
553.0
565.0
553.0
540.0
586.0
644.0
683.0
689.0
690.0
709.0
703.0
693.0
699.0
680.0
670.0
674.0
700.0
716.0
687.0
686.0
677.0
644.0
587.0
559.0
561.0
580.0
529.0
544.0
538.0
542.0
564.0
592.0
614.0
635.0
644.0
604.0
603.0
609.0
593.0
623.0
633.0
633.0
618.0
624.0
612.0
583.0
518.0
540.0
530.0
530.0
503.0
567.0
621.0
634.0
724.0
748.0
747.0
775.0
771.0
757.0
713.0
712.0
706.0
709.0
694.0
716.0
685.0
675.0
680.0
623.0
571.0
563.0
573.0
584.0
615.0
647.0
652.0
635.0
703.0
730.0
729.0
764.0
754.0
745.0
730.0
725.0
711.0
742.0
743.0
748.0
741.0
737.0
723.0
707.0
675.0
653.0
608.0
616.0
645.0
631.0
607.0
605.0
648.0
664.0
629.0
667.0
695.0
692.0
673.0
671.0
664.0
657.0
688.0
681.0
686.0
694.0
708.0
678.0
665.0
636.0
628.0
644.0
664.0
669.0
727.0
760.0
844.0
844.0
862.0
890.0
877.0
811.0
779.0
782.0
820.0
782.0
801.0
760.0
714.0
694.0
695.0
646.0
620.0
571.0
651.0
594.0
574.0
606.0
662.0
723.0
792.0
826.0
816.0
907.0
840.0
863.0
887.0
841.0
850.0
776.0
821.0
791.0
744.0
793.0
777.0
706.0
670.0
669.0
664.0
658.0
621.0
629.0
653.0
726.0
787.0
790.0
823.0
832.0
811.0
779.0
767.0
767.0
755.0
769.0
772.0
749.0
729.0
687.0
683.0
660.0
559.0
514.0
557.0
561.0
553.0
526.0
580.0
657.0
700.0
731.0
779.0
800.0
772.0
763.0
760.0
756.0
737.0
734.0
750.0
751.0
743.0
724.0
760.0
713.0
685.0
652.0
652.0
696.0
662.0
700.0
757.0
846.0
813.0
886.0
870.0
855.0
875.0
877.0
845.0
853.0
837.0
831.0
820.0
768.0
812.0
807.0
776.0
735.0
684.0
644.0
572.0
590.0
552.0
632.0
603.0
660.0
694.0
738.0
745.0
776.0
777.0
709.0
655.0
683.0
654.0
720.0
719.0
649.0
725.0
719.0
707.0
680.0
620.0
639.0
636.0
612.0
608.0
630.0
581.0
591.0
624.0
633.0
655.0
681.0
697.0
663.0
643.0
623.0
645.0
655.0
680.0
671.0
663.0
672.0
688.0
670.0
618.0
526.0
526.0
505.0
499.0
481.0
510.0
513.0
546.0
562.0
574.0
610.0
620.0
617.0
592.0
573.0
564.0
597.0
545.0
594.0
577.0
577.0
599.0
565.0
516.0
443.0
435.0
443.0
450.0
512.0
534.0
649.0
656.0
678.0
753.0
760.0
767.0
789.0
836.0
829.0
808.0
803.0
805.0
796.0
724.0
678.0
679.0
656.0
591.0
585.0
589.0
591.0
598.0
624.0
644.0
717.0
750.0
754.0
768.0
795.0
774.0
764.0
726.0
745.0
734.0
723.0
680.0
648.0
677.0
683.0
665.0
645.0
594.0
547.0
551.0
545.0
500.0
511.0
553.0
611.0
654.0
679.0
689.0
696.0
698.0
696.0
681.0
665.0
644.0
650.0
662.0
707.0
683.0
689.0
688.0
662.0
640.0
606.0
582.0
603.0
607.0
613.0
658.0
727.0
765.0
787.0
813.0
883.0
880.0
835.0
803.0
796.0
790.0
805.0
793.0
718.0
743.0
767.0
760.0
717.0
695.0
655.0
642.0
643.0
662.0
649.0
635.0
609.0
605.0
656.0
725.0
756.0
708.0
673.0
648.0
708.0
676.0
684.0
657.0
718.0
683.0
693.0
708.0
693.0
636.0
532.0
579.0
623.0
632.0
579.0
594.0
601.0
645.0
650.0
686.0
713.0
711.0
690.0
651.0
632.0
678.0
677.0
711.0
705.0
704.0
662.0
705.0
642.0
607.0
589.0
568.0
538.0
511.0
492.0
557.0
626.0
667.0
692.0
697.0
718.0
712.0
702.0
755.0
739.0
732.0
716.0
737.0
723.0
697.0
683.0
668.0
673.0
660.0
641.0
593.0
641.0
662.0
659.0
703.0
809.0
839.0
852.0
855.0
851.0
861.0
856.0
832.0
807.0
824.0
822.0
759.0
759.0
734.0
703.0
703.0
654.0
615.0
592.0
595.0
606.0
590.0
623.0
678.0
747.0
749.0
799.0
831.0
840.0
766.0
785.0
761.0
784.0
756.0
762.0
761.0
767.0
742.0
709.0
703.0
672.0
590.0
600.0
608.0
604.0
579.0
606.0
650.0
717.0
782.0
825.0
844.0
816.0
789.0
845.0
820.0
820.0
767.0
749.0
745.0
744.0
713.0
698.0
695.0
658.0
653.0
601.0
669.0
652.0
665.0
685.0
730.0
750.0
853.0
871.0
874.0
868.0
887.0
849.0
833.0
798.0
816.0
820.0
828.0
824.0
790.0
784.0
772.0
742.0
709.0
657.0
658.0
620.0
601.0
635.0
658.0
693.0
709.0
739.0
766.0
690.0
755.0
759.0
757.0
714.0
713.0
718.0
732.0
700.0
662.0
688.0
700.0
655.0
639.0
606.0
613.0
609.0
585.0
599.0
567.0
616.0
639.0
654.0
663.0
706.0
678.0
681.0
652.0
646.0
648.0
586.0
594.0
674.0
690.0
666.0
667.0
669.0
618.0
617.0
599.0
596.0
612.0
646.0
710.0
745.0
837.0
857.0
868.0
889.0
865.0
846.0
842.0
835.0
809.0
810.0
825.0
828.0
805.0
778.0
764.0
702.0
691.0
652.0
659.0
633.0
576.0
593.0
645.0
717.0
767.0
738.0
790.0
776.0
792.0
776.0
761.0
745.0
738.0
748.0
743.0
745.0
714.0
703.0
751.0
694.0
683.0
661.0
586.0
653.0
650.0
607.0
686.0
741.0
722.0
762.0
810.0
825.0
805.0
793.0
800.0
760.0
766.0
766.0
762.0
730.0
705.0
645.0
643.0
562.0
533.0
558.0
560.0
560.0
566.0
575.0
640.0
726.0
773.0
795.0
795.0
822.0
806.0
811.0
801.0
788.0
834.0
842.0
848.0
775.0
798.0
765.0
764.0
720.0
686.0
663.0
623.0
658.0
681.0
663.0
687.0
804.0
813.0
839.0
831.0
855.0
790.0
794.0
785.0
760.0
790.0
795.0
813.0
816.0
777.0
767.0
756.0
724.0
702.0
678.0
648.0
660.0
639.0
648.0
650.0
680.0
706.0
714.0
759.0
767.0
705.0
729.0
722.0
712.0
700.0
711.0
726.0
710.0
701.0
649.0
639.0
579.0
582.0
505.0
506.0
468.0
498.0
543.0
600.0
616.0
664.0
645.0
659.0
699.0
666.0
664.0
662.0
648.0
608.0
668.0
660.0
658.0
688.0
679.0
705.0
664.0
628.0
628.0
603.0
625.0
617.0
659.0
724.0
790.0
806.0
855.0
861.0
892.0
867.0
863.0
836.0
803.0
817.0
832.0
812.0
820.0
795.0
763.0
723.0
660.0
666.0
629.0
628.0
649.0
652.0
660.0
688.0
809.0
842.0
843.0
857.0
884.0
864.0
863.0
869.0
839.0
833.0
819.0
813.0
780.0
766.0
759.0
760.0
700.0
673.0
574.0
570.0
556.0
560.0
537.0
591.0
646.0
675.0
692.0
702.0
710.0
694.0
690.0
687.0
674.0
662.0
667.0
678.0
673.0
652.0
694.0
679.0
658.0
586.0
584.0
552.0
585.0
548.0
607.0
676.0
752.0
790.0
861.0
903.0
866.0
907.0
903.0
876.0
857.0
844.0
838.0
842.0
831.0
810.0
718.0
735.0
721.0
690.0
656.0
657.0
650.0
630.0
666.0
731.0
800.0
856.0
886.0
891.0
886.0
892.0
894.0
877.0
837.0
790.0
850.0
798.0
813.0
781.0
772.0
769.0
710.0
674.0
661.0
641.0
675.0
654.0
662.0
684.0
701.0
687.0
756.0
687.0
695.0
687.0
740.0
724.0
698.0
712.0
715.0
739.0
719.0
710.0
703.0
706.0
656.0
626.0
601.0
612.0
566.0
562.0
548.0
571.0
580.0
563.0
588.0
633.0
690.0
728.0
687.0
625.0
637.0
648.0
604.0
686.0
696.0
689.0
671.0
668.0
665.0
586.0
622.0
614.0
617.0
617.0
634.0
686.0
753.0
771.0
784.0
795.0
774.0
759.0
743.0
737.0
729.0
693.0
733.0
785.0
764.0
746.0
747.0
681.0
668.0
621.0
637.0
589.0
518.0
512.0
462.0
464.0
476.0
492.0
562.0
560.0
602.0
623.0
612.0
601.0
590.0
605.0
568.0
616.0
556.0
534.0
572.0
581.0
585.0
545.0
498.0
514.0
456.0
453.0
476.0
541.0
615.0
659.0
684.0
690.0
702.0
675.0
662.0
660.0
650.0
642.0
656.0
663.0
654.0
623.0
597.0
584.0
541.0
504.0
481.0
477.0
482.0
488.0
506.0
560.0
627.0
663.0
681.0
699.0
721.0
734.0
759.0
693.0
752.0
714.0
733.0
688.0
721.0
696.0
668.0
661.0
612.0
580.0
556.0
552.0
547.0
515.0
560.0
625.0
690.0
738.0
757.0
768.0
789.0
775.0
768.0
768.0
738.0
696.0
656.0
659.0
684.0
688.0
660.0
653.0
605.0
586.0
569.0
559.0
557.0
548.0
512.0
496.0
515.0
542.0
578.0
599.0
609.0
607.0
625.0
618.0
575.0
539.0
622.0
625.0
618.0
610.0
572.0
597.0
583.0
554.0
529.0
512.0
516.0
513.0
503.0
498.0
514.0
543.0
574.0
567.0
602.0
598.0
582.0
571.0
552.0
556.0
573.0
578.0
593.0
594.0
584.0
602.0
559.0
505.0
523.0
526.0
531.0
536.0
557.0
618.0
700.0
726.0
775.0
786.0
794.0
779.0
773.0
769.0
755.0
739.0
735.0
742.0
740.0
710.0
679.0
684.0
661.0
616.0
616.0
553.0
555.0
566.0
572.0
635.0
705.0
737.0
696.0
712.0
773.0
754.0
767.0
742.0
687.0
684.0
700.0
738.0
733.0
698.0
672.0
716.0
693.0
593.0
602.0
612.0
634.0
588.0
600.0
643.0
701.0
719.0
762.0
788.0
805.0
794.0
780.0
782.0
787.0
774.0
771.0
763.0
752.0
727.0
705.0
701.0
657.0
640.0
619.0
594.0
600.0
615.0
592.0
597.0
663.0
738.0
796.0
811.0
879.0
852.0
896.0
874.0
851.0
817.0
869.0
864.0
839.0
812.0
774.0
779.0
741.0
716.0
705.0
631.0
595.0
592.0
617.0
668.0
726.0
781.0
872.0
813.0
902.0
911.0
892.0
861.0
867.0
844.0
854.0
867.0
847.0
813.0
793.0
778.0
752.0
725.0
695.0
681.0
686.0
669.0
615.0
622.0
651.0
667.0
673.0
713.0
722.0
707.0
705.0
693.0
694.0
676.0
683.0
682.0
687.0
668.0
679.0
665.0
657.0
629.0
615.0
592.0
593.0
571.0
579.0
572.0
594.0
622.0
673.0
707.0
663.0
731.0
674.0
697.0
697.0
662.0
677.0
698.0
686.0
686.0
680.0
686.0
656.0
654.0
609.0
589.0
613.0
615.0
649.0
709.0
796.0
786.0
859.0
867.0
889.0
865.0
862.0
842.0
848.0
826.0
826.0
817.0
827.0
810.0
769.0
760.0
720.0
693.0
683.0
659.0
682.0
679.0
665.0
738.0
803.0
838.0
841.0
797.0
901.0
896.0
883.0
865.0
873.0
884.0
864.0
820.0
813.0
782.0
747.0
759.0
666.0
699.0
669.0
669.0
669.0
594.0
626.0
674.0
732.0
751.0
792.0
806.0
809.0
812.0
798.0
796.0
784.0
757.0
742.0
763.0
766.0
720.0
705.0
670.0
648.0
613.0
594.0
563.0
546.0
500.0
515.0
565.0
632.0
729.0
732.0
777.0
767.0
789.0
764.0
746.0
736.0
723.0
715.0
719.0
711.0
674.0
658.0
702.0
672.0
668.0
630.0
647.0
624.0
658.0
672.0
712.0
812.0
813.0
838.0
832.0
870.0
855.0
840.0
831.0
812.0
785.0
784.0
731.0
720.0
739.0
749.0
758.0
689.0
694.0
655.0
570.0
587.0
560.0
589.0
537.0
573.0
671.0
754.0
755.0
769.0
771.0
752.0
744.0
720.0
709.0
739.0
747.0
700.0
714.0
719.0
713.0
686.0
636.0
586.0
608.0
641.0
633.0
615.0
595.0
631.0
638.0
646.0
669.0
686.0
689.0
684.0
671.0
660.0
673.0
674.0
684.0
712.0
615.0
597.0
626.0
657.0
645.0
608.0
552.0
615.0
624.0
631.0
688.0
789.0
833.0
841.0
815.0
806.0
794.0
783.0
834.0
809.0
789.0
820.0
818.0
813.0
785.0
740.0
693.0
693.0
648.0
675.0
550.0
649.0
673.0
598.0
717.0
763.0
822.0
867.0
849.0
818.0
806.0
789.0
766.0
767.0
790.0
823.0
822.0
821.0
785.0
769.0
751.0
714.0
587.0
653.0
632.0
568.0
600.0
609.0
648.0
687.0
759.0
698.0
765.0
799.0
760.0
738.0
752.0
776.0
758.0
757.0
757.0
745.0
716.0
688.0
633.0
633.0
587.0
558.0
519.0
536.0
503.0
516.0
559.0
629.0
680.0
701.0
713.0
737.0
733.0
717.0
738.0
751.0
751.0
730.0
729.0
725.0
695.0
685.0
687.0
624.0
613.0
637.0
661.0
661.0
667.0
698.0
729.0
792.0
864.0
883.0
921.0
909.0
903.0
898.0
872.0
842.0
858.0
847.0
814.0
803.0
799.0
754.0
703.0
700.0
707.0
616.0
656.0
657.0
670.0
601.0
580.0
615.0
601.0
681.0
645.0
672.0
726.0
751.0
738.0
722.0
729.0
668.0
751.0
760.0
729.0
702.0
686.0
692.0
606.0
579.0
622.0
646.0
646.0
635.0
612.0
636.0
626.0
665.0
680.0
730.0
672.0
710.0
675.0
679.0
663.0
625.0
688.0
695.0
625.0
687.0
687.0
655.0
612.0
573.0
628.0
607.0
618.0
670.0
656.0
702.0
743.0
823.0
827.0
827.0
804.0
797.0
863.0
865.0
803.0
854.0
851.0
840.0
803.0
773.0
774.0
739.0
682.0
600.0
613.0
679.0
680.0
685.0
734.0
799.0
829.0
882.0
887.0
901.0
901.0
876.0
855.0
862.0
871.0
859.0
807.0
841.0
827.0
790.0
793.0
714.0
706.0
673.0
661.0
645.0
606.0
635.0
676.0
720.0
769.0
801.0
731.0
749.0
752.0
742.0
734.0
713.0
699.0
688.0
689.0
670.0
642.0
613.0
602.0
560.0
521.0
540.0
566.0
569.0
587.0
629.0
663.0
737.0
745.0
777.0
797.0
846.0
872.0
882.0
830.0
858.0
785.0
830.0
818.0
827.0
764.0
752.0
719.0
723.0
683.0
652.0
678.0
660.0
666.0
600.0
651.0
722.0
842.0
869.0
870.0
899.0
869.0
887.0
857.0
846.0
826.0
826.0
832.0
835.0
783.0
769.0
721.0
722.0
678.0
682.0
666.0
668.0
663.0
632.0
641.0
700.0
694.0
679.0
760.0
773.0
769.0
757.0
705.0
678.0
721.0
733.0
739.0
731.0
693.0
704.0
694.0
662.0
630.0
628.0
614.0
544.0
552.0
555.0
542.0
591.0
616.0
634.0
675.0
694.0
689.0
686.0
684.0
682.0
654.0
682.0
703.0
713.0
713.0
675.0
686.0
656.0
621.0
628.0
621.0
633.0
627.0
646.0
630.0
746.0
833.0
835.0
805.0
867.0
865.0
858.0
850.0
774.0
809.0
781.0
789.0
789.0
756.0
755.0
747.0
705.0
655.0
674.0
625.0
648.0
672.0
690.0
694.0
753.0
784.0
817.0
833.0
838.0
815.0
818.0
823.0
790.0
788.0
812.0
811.0
803.0
694.0
755.0
723.0
679.0
642.0
624.0
617.0
604.0
587.0
603.0
606.0
697.0
741.0
767.0
779.0
788.0
773.0
781.0
748.0
726.0
736.0
704.0
735.0
716.0
685.0
683.0
657.0
627.0
602.0
558.0
540.0
538.0
488.0
504.0
537.0
593.0
628.0
683.0
713.0
701.0
704.0
661.0
692.0
730.0
717.0
705.0
704.0
691.0
683.0
664.0
646.0
620.0
667.0
626.0
639.0
649.0
638.0
648.0
707.0
776.0
790.0
844.0
838.0
849.0
824.0
784.0
797.0
791.0
753.0
780.0
780.0
764.0
731.0
741.0
740.0
679.0
520.0
489.0
472.0
471.0
454.0
474.0
488.0
499.0
569.0
597.0
607.0
658.0
637.0
639.0
561.0
588.0
585.0
602.0
618.0
597.0
565.0
598.0
577.0
567.0
535.0
516.0
513.0
487.0
450.0
443.0
450.0
464.0
470.0
419.0
431.0
440.0
445.0
516.0
538.0
501.0
500.0
536.0
542.0
561.0
602.0
606.0
554.0
587.0
530.0
501.0
548.0
540.0
541.0
557.0
585.0
678.0
676.0
795.0
779.0
834.0
796.0
816.0
778.0
688.0
711.0
720.0
775.0
727.0
766.0
714.0
728.0
692.0
666.0
642.0
634.0
640.0
655.0
592.0
693.0
735.0
743.0
800.0
840.0
859.0
828.0
835.0
781.0
751.0
713.0
767.0
755.0
763.0
720.0
724.0
701.0
659.0
631.0
598.0
616.0
571.0
494.0
494.0
527.0
579.0
616.0
636.0
649.0
651.0
657.0
651.0
638.0
622.0
616.0
624.0
627.0
611.0
581.0
567.0
554.0
541.0
509.0
503.0
525.0
482.0
527.0
528.0
614.0
678.0
720.0
738.0
794.0
855.0
791.0
835.0
817.0
813.0
812.0
800.0
810.0
777.0
768.0
743.0
746.0
723.0
665.0
644.0
643.0
662.0
659.0
656.0
703.0
735.0
799.0
751.0
749.0
812.0
813.0
823.0
758.0
815.0
780.0
803.0
787.0
787.0
765.0
765.0
741.0
723.0
686.0
621.0
605.0
651.0
650.0
660.0
660.0
683.0
687.0
672.0
742.0
720.0
729.0
676.0
692.0
684.0
678.0
678.0
674.0
694.0
678.0
700.0
660.0
661.0
647.0
643.0
622.0
620.0
620.0
631.0
607.0
614.0
634.0
632.0
683.0
688.0
603.0
666.0
626.0
666.0
612.0
625.0
676.0
638.0
646.0
639.0
602.0
581.0
541.0
539.0
508.0
526.0
534.0
559.0
599.0
628.0
689.0
704.0
722.0
746.0
725.0
722.0
704.0
714.0
704.0
703.0
711.0
689.0
670.0
656.0
603.0
565.0
542.0
537.0
530.0
535.0
538.0
574.0
609.0
635.0
674.0
687.0
696.0
718.0
718.0
705.0
709.0
689.0
679.0
691.0
690.0
688.0
654.0
642.0
616.0
595.0
560.0
536.0
529.0
506.0
501.0
496.0
526.0
568.0
610.0
626.0
634.0
650.0
641.0
630.0
631.0
622.0
617.0
616.0
612.0
603.0
572.0
570.0
549.0
518.0
497.0
475.0
463.0
463.0
477.0
493.0
528.0
578.0
617.0
643.0
670.0
735.0
728.0
681.0
726.0
654.0
657.0
698.0
710.0
707.0
653.0
643.0
635.0
580.0
499.0
482.0
472.0
530.0
549.0
563.0
602.0
652.0
694.0
712.0
692.0
741.0
735.0
725.0
711.0
687.0
680.0
676.0
687.0
672.0
659.0
641.0
607.0
565.0
549.0
527.0
531.0
520.0
444.0
436.0
430.0
434.0
443.0
464.0
482.0
500.0
498.0
480.0
470.0
470.0
461.0
467.0
476.0
479.0
479.0
484.0
473.0
444.0
424.0
409.0
398.0
399.0
397.0
406.0
407.0
415.0
432.0
448.0
468.0
480.0
483.0
475.0
465.0
448.0
453.0
459.0
468.0
473.0
474.0
492.0
482.0
459.0
435.0
420.0
414.0
420.0
433.0
460.0
511.0
561.0
604.0
621.0
639.0
664.0
718.0
725.0
719.0
679.0
675.0
625.0
696.0
672.0
659.0
657.0
601.0
558.0
567.0
549.0
534.0
539.0
524.0
561.0
574.0
647.0
700.0
697.0
720.0
740.0
740.0
713.0
704.0
694.0
659.0
681.0
677.0
683.0
662.0
640.0
616.0
582.0
561.0
525.0
531.0
519.0
504.0
494.0
537.0
579.0
607.0
621.0
635.0
643.0
636.0
633.0
621.0
609.0
600.0
596.0
596.0
589.0
573.0
572.0
537.0
509.0
479.0
464.0
456.0
460.0
469.0
491.0
534.0
579.0
609.0
623.0
637.0
647.0
643.0
647.0
630.0
629.0
626.0
690.0
690.0
677.0
658.0
663.0
633.0
595.0
579.0
554.0
539.0
552.0
544.0
585.0
613.0
666.0
677.0
730.0
729.0
736.0
726.0
720.0
710.0
660.0
704.0
702.0
701.0
696.0
677.0
645.0
643.0
594.0
574.0
545.0
540.0
522.0
536.0
546.0
544.0
506.0
581.0
615.0
601.0
619.0
548.0
574.0
525.0
582.0
533.0
562.0
534.0
593.0
588.0
575.0
532.0
556.0
533.0
520.0
493.0
492.0
515.0
504.0
498.0
500.0
518.0
530.0
550.0
555.0
560.0
564.0
572.0
556.0
570.0
574.0
580.0
596.0
590.0
592.0
575.0
536.0
522.0
507.0
504.0
515.0
526.0
559.0
593.0
650.0
694.0
716.0
729.0
770.0
751.0
732.0
726.0
718.0
716.0
720.0
709.0
688.0
664.0
662.0
635.0
595.0
566.0
558.0
535.0
540.0
560.0
576.0
625.0
672.0
717.0
746.0
767.0
784.0
762.0
735.0
717.0
698.0
697.0
693.0
701.0
711.0
698.0
689.0
621.0
613.0
567.0
551.0
530.0
506.0
476.0
500.0
549.0
600.0
644.0
669.0
703.0
718.0
725.0
720.0
663.0
732.0
727.0
724.0
712.0
711.0
703.0
657.0
576.0
608.0
591.0
567.0
512.0
556.0
565.0
566.0
597.0
691.0
672.0
716.0
753.0
786.0
773.0
777.0
792.0
815.0
827.0
766.0
802.0
812.0
790.0
770.0
659.0
604.0
574.0
551.0
541.0
537.0
557.0
568.0
642.0
691.0
762.0
765.0
824.0
781.0
749.0
776.0
810.0
758.0
820.0
804.0
789.0
775.0
793.0
761.0
729.0
688.0
670.0
655.0
636.0
623.0
646.0
651.0
646.0
660.0
688.0
704.0
714.0
751.0
741.0
731.0
715.0
703.0
687.0
629.0
645.0
697.0
710.0
733.0
690.0
679.0
670.0
631.0
629.0
609.0
614.0
591.0
633.0
630.0
641.0
639.0
674.0
717.0
700.0
581.0
517.0
510.0
556.0
580.0
590.0
686.0
634.0
713.0
691.0
679.0
671.0
592.0
628.0
638.0
641.0
658.0
725.0
778.0
819.0
806.0
838.0
880.0
838.0
815.0
833.0
811.0
781.0
816.0
830.0
799.0
828.0
789.0
745.0
701.0
697.0
659.0
688.0
665.0
649.0
671.0
722.0
779.0
806.0
837.0
891.0
891.0
873.0
881.0
873.0
834.0
822.0
807.0
835.0
830.0
807.0
809.0
762.0
705.0
680.0
615.0
653.0
648.0
602.0
617.0
622.0
699.0
721.0
748.0
766.0
790.0
789.0
778.0
771.0
748.0
730.0
716.0
740.0
725.0
702.0
714.0
663.0
591.0
549.0
580.0
559.0
535.0
504.0
524.0
580.0
627.0
661.0
692.0
748.0
760.0
762.0
731.0
723.0
734.0
731.0
728.0
728.0
718.0
743.0
742.0
725.0
682.0
617.0
654.0
625.0
651.0
537.0
646.0
717.0
782.0
822.0
831.0
822.0
808.0
776.0
793.0
847.0
837.0
824.0
828.0
820.0
790.0
783.0
769.0
763.0
661.0
666.0
664.0
647.0
655.0
637.0
551.0
512.0
589.0
637.0
668.0
636.0
690.0
642.0
732.0
726.0
702.0
701.0
727.0
730.0
750.0
740.0
755.0
669.0
598.0
571.0
594.0
588.0
576.0
620.0
629.0
616.0
514.0
499.0
583.0
614.0
618.0
632.0
605.0
598.0
566.0
569.0
603.0
595.0
603.0
607.0
577.0
615.0
614.0
608.0
550.0
599.0
631.0
622.0
648.0
706.0
641.0
652.0
711.0
779.0
726.0
845.0
819.0
846.0
841.0
797.0
816.0
818.0
833.0
789.0
797.0
759.0
704.0
689.0
666.0
617.0
663.0
583.0
682.0
711.0
791.0
778.0
840.0
845.0
855.0
855.0
785.0
778.0
798.0
811.0
813.0
774.0
795.0
828.0
789.0
697.0
700.0
673.0
619.0
651.0
602.0
596.0
587.0
673.0
710.0
834.0
820.0
766.0
793.0
791.0
790.0
763.0
741.0
734.0
736.0
749.0
741.0
726.0
706.0
669.0
624.0
600.0
573.0
568.0
516.0
516.0
542.0
599.0
643.0
672.0
689.0
730.0
767.0
772.0
766.0
729.0
737.0
726.0
730.0
749.0
725.0
745.0
744.0
738.0
710.0
703.0
645.0
659.0
621.0
684.0
707.0
780.0
832.0
826.0
888.0
863.0
863.0
876.0
865.0
827.0
811.0
781.0
802.0
810.0
807.0
777.0
777.0
753.0
723.0
665.0
650.0
673.0
664.0
646.0
682.0
706.0
713.0
731.0
758.0
763.0
770.0
774.0
752.0
744.0
743.0
750.0
778.0
779.0
766.0
784.0
646.0
711.0
682.0
660.0
563.0
554.0
536.0
544.0
635.0
658.0
652.0
661.0
672.0
620.0
641.0
665.0
728.0
716.0
650.0
693.0
689.0
700.0
728.0
758.0
721.0
709.0
670.0
651.0
612.0
606.0
549.0
545.0
568.0
660.0
718.0
767.0
781.0
785.0
805.0
798.0
788.0
775.0
760.0
759.0
729.0
758.0
752.0
713.0
777.0
706.0
717.0
689.0
667.0
668.0
684.0
682.0
641.0
684.0
750.0
782.0
823.0
843.0
927.0
895.0
884.0
808.0
826.0
836.0
836.0
853.0
853.0
804.0
746.0
787.0
718.0
661.0
671.0
660.0
601.0
593.0
614.0
700.0
782.0
800.0
836.0
844.0
882.0
844.0
839.0
799.0
805.0
797.0
835.0
792.0
752.0
786.0
703.0
689.0
643.0
620.0
596.0
590.0
571.0
591.0
611.0
699.0
762.0
821.0
874.0
894.0
914.0
879.0
890.0
878.0
882.0
852.0
871.0
854.0
853.0
863.0
829.0
779.0
739.0
702.0
694.0
637.0
672.0
680.0
677.0
778.0
852.0
866.0
810.0
852.0
936.0
851.0
781.0
856.0
845.0
818.0
811.0
838.0
816.0
852.0
763.0
694.0
656.0
668.0
648.0
673.0
622.0
559.0
601.0
632.0
645.0
662.0
706.0
711.0
766.0
772.0
782.0
761.0
655.0
653.0
743.0
763.0
721.0
691.0
724.0
644.0
619.0
654.0
653.0
623.0
516.0
560.0
581.0
575.0
552.0
623.0
647.0
678.0
734.0
749.0
714.0
670.0
674.0
639.0
679.0
685.0
743.0
741.0
706.0
707.0
632.0
631.0
600.0
608.0
552.0
626.0
611.0
666.0
671.0
763.0
773.0
779.0
799.0
786.0
783.0
764.0
745.0
676.0
739.0
746.0
776.0
773.0
695.0
690.0
704.0
676.0
633.0
670.0
662.0
687.0
705.0
768.0
786.0
781.0
823.0
877.0
925.0
910.0
875.0
814.0
880.0
818.0
771.0
783.0
793.0
798.0
716.0
697.0
639.0
539.0
584.0
527.0
584.0
588.0
627.0
706.0
780.0
809.0
818.0
816.0
838.0
833.0
768.0
819.0
737.0
785.0
766.0
802.0
808.0
791.0
722.0
678.0
657.0
612.0
591.0
567.0
542.0
579.0
589.0
694.0
774.0
805.0
798.0
779.0
843.0
856.0
859.0
788.0
791.0
826.0
822.0
816.0
862.0
859.0
791.0
763.0
725.0
696.0
675.0
674.0
661.0
671.0
652.0
786.0
850.0
883.0
889.0
901.0
908.0
902.0
870.0
878.0
850.0
856.0
845.0
836.0
854.0
815.0
792.0
693.0
668.0
718.0
684.0
672.0
679.0
686.0
693.0
707.0
723.0
713.0
780.0
787.0
782.0
723.0
758.0
761.0
768.0
759.0
734.0
772.0
788.0
752.0
736.0
743.0
673.0
670.0
596.0
626.0
639.0
626.0
630.0
639.0
579.0
589.0
615.0
637.0
654.0
706.0
686.0
678.0
656.0
678.0
672.0
694.0
751.0
769.0
719.0
727.0
711.0
668.0
645.0
607.0
620.0
618.0
662.0
773.0
805.0
881.0
846.0
859.0
887.0
840.0
857.0
850.0
799.0
843.0
835.0
870.0
887.0
882.0
839.0
783.0
724.0
703.0
672.0
687.0
669.0
699.0
720.0
799.0
851.0
856.0
898.0
902.0
844.0
850.0
880.0
866.0
861.0
867.0
843.0
878.0
861.0
856.0
807.0
708.0
727.0
705.0
661.0
630.0
621.0
626.0
587.0
715.0
772.0
818.0
827.0
826.0
835.0
806.0
816.0
789.0
693.0
706.0
761.0
785.0
790.0
802.0
739.0
676.0
657.0
687.0
666.0
627.0
627.0
595.0
521.0
546.0
620.0
689.0
717.0
713.0
714.0
714.0
690.0
686.0
683.0
677.0
684.0
687.0
611.0
512.0
506.0
510.0
523.0
614.0
686.0
712.0
712.0
717.0
726.0
739.0
716.0
699.0
691.0
679.0
671.0
675.0
688.0
716.0
696.0
648.0
617.0
569.0
535.0
515.0
556.0
578.0
609.0
715.0
786.0
825.0
825.0
876.0
873.0
875.0
889.0
880.0
841.0
822.0
760.0
754.0
832.0
788.0
778.0
732.0
695.0
647.0
640.0
688.0
680.0
681.0
682.0
692.0
730.0
756.0
756.0
727.0
781.0
781.0
797.0
755.0
737.0
717.0
717.0
740.0
750.0
796.0
765.0
749.0
753.0
687.0
654.0
645.0
634.0
629.0
568.0
489.0
577.0
585.0
585.0
592.0
566.0
583.0
626.0
690.0
670.0
690.0
664.0
701.0
724.0
755.0
754.0
695.0
632.0
630.0
571.0
561.0
510.0
642.0
649.0
708.0
851.0
821.0
821.0
774.0
797.0
892.0
884.0
875.0
854.0
850.0
841.0
802.0
891.0
876.0
782.0
671.0
689.0
630.0
593.0
566.0
578.0
577.0
520.0
614.0
678.0
705.0
705.0
720.0
732.0
758.0
759.0
739.0
727.0
706.0
685.0
690.0
711.0
738.0
701.0
652.0
610.0
610.0
596.0
579.0
559.0
513.0
546.0
696.0
783.0
815.0
815.0
822.0
841.0
870.0
846.0
843.0
837.0
807.0
806.0
793.0
808.0
843.0
776.0
750.0
643.0
675.0
625.0
583.0
588.0
573.0
596.0
624.0
751.0
807.0
807.0
896.0
883.0
898.0
928.0
892.0
792.0
784.0
830.0
819.0
815.0
919.0
816.0
836.0
781.0
743.0
692.0
609.0
659.0
641.0
617.0
766.0
808.0
823.0
823.0
822.0
910.0
928.0
920.0
899.0
877.0
852.0
849.0
872.0
851.0
847.0
846.0
818.0
796.0
677.0
695.0
677.0
665.0
661.0
658.0
649.0
718.0
765.0
765.0
721.0
778.0
783.0
790.0
780.0
754.0
732.0
761.0
766.0
764.0
801.0
749.0
762.0
747.0
711.0
671.0
607.0
627.0
564.0
623.0
644.0
633.0
646.0
646.0
676.0
632.0
622.0
669.0
587.0
588.0
584.0
556.0
627.0
714.0
710.0
758.0
702.0
731.0
675.0
667.0
652.0
659.0
655.0
656.0
778.0
838.0
866.0
866.0
884.0
819.0
890.0
893.0
877.0
842.0
817.0
846.0
859.0
887.0
904.0
855.0
795.0
732.0
723.0
683.0
653.0
608.0
641.0
608.0
702.0
786.0
810.0
810.0
827.0
821.0
830.0
820.0
813.0
797.0
781.0
781.0
807.0
818.0
860.0
855.0
825.0
765.0
703.0
690.0
683.0
687.0
681.0
664.0
708.0
789.0
768.0
768.0
777.0
778.0
775.0
760.0
753.0
742.0
732.0
749.0
804.0
847.0
852.0
795.0
737.0
661.0
663.0
642.0
631.0
604.0
594.0
617.0
716.0
806.0
818.0
818.0
825.0
828.0
822.0
818.0
812.0
811.0
810.0
792.0
791.0
826.0
840.0
807.0
748.0
715.0
685.0
633.0
617.0
620.0
613.0
633.0
726.0
799.0
841.0
841.0
891.0
893.0
943.0
906.0
908.0
909.0
904.0
823.0
808.0
842.0
932.0
836.0
781.0
725.0
736.0
699.0
702.0
692.0
675.0
683.0
714.0
755.0
782.0
782.0
780.0
816.0
839.0
825.0
807.0
797.0
774.0
784.0
776.0
786.0
844.0
764.0
762.0
742.0
703.0
688.0
676.0
627.0
586.0
587.0
578.0
596.0
675.0
675.0
703.0
732.0
778.0
778.0
725.0
692.0
688.0
697.0
707.0
749.0
780.0
754.0
729.0
747.0
690.0
655.0
652.0
645.0
653.0
604.0
666.0
766.0
825.0
825.0
848.0
828.0
858.0
879.0
911.0
859.0
803.0
851.0
862.0
835.0
842.0
826.0
828.0
785.0
733.0
720.0
709.0
700.0
671.0
692.0
786.0
876.0
885.0
885.0
864.0
921.0
951.0
921.0
888.0
813.0
851.0
810.0
811.0
826.0
845.0
865.0
825.0
792.0
738.0
693.0
678.0
701.0
654.0
628.0
727.0
799.0
816.0
816.0
823.0
811.0
835.0
826.0
800.0
805.0
779.0
784.0
759.0
830.0
816.0
763.0
728.0
704.0
665.0
615.0
594.0
599.0
608.0
615.0
690.0
792.0
881.0
881.0
898.0
890.0
887.0
886.0
892.0
881.0
853.0
861.0
875.0
907.0
901.0
866.0
810.0
809.0
717.0
682.0
663.0
599.0
606.0
611.0
697.0
789.0
815.0
815.0
818.0
822.0
836.0
805.0
804.0
761.0
789.0
779.0
776.0
808.0
833.0
821.0
784.0
712.0
745.0
704.0
619.0
604.0
614.0
611.0
627.0
641.0
669.0
732.0
768.0
781.0
756.0
770.0
666.0
665.0
664.0
688.0
777.0
842.0
795.0
779.0
765.0
712.0
672.0
650.0
638.0
615.0
623.0
643.0
663.0
657.0
680.0
680.0
706.0
749.0
739.0
784.0
713.0
681.0
698.0
684.0
765.0
773.0
683.0
724.0
686.0
678.0
706.0
662.0
647.0
643.0
665.0
642.0
700.0
753.0
808.0
808.0
827.0
825.0
853.0
825.0
819.0
778.0
834.0
837.0
893.0
949.0
929.0
877.0
804.0
797.0
690.0
636.0
669.0
691.0
709.0
623.0
721.0
842.0
877.0
877.0
828.0
887.0
906.0
910.0
902.0
878.0
859.0
855.0
883.0
882.0
912.0
874.0
789.0
782.0
664.0
621.0
588.0
644.0
624.0
589.0
710.0
789.0
814.0
814.0
841.0
847.0
838.0
825.0
841.0
809.0
792.0
827.0
849.0
871.0
821.0
802.0
747.0
717.0
656.0
640.0
590.0
597.0
601.0
608.0
678.0
764.0
806.0
806.0
816.0
809.0
830.0
813.0
806.0
823.0
805.0
813.0
833.0
861.0
830.0
804.0
732.0
707.0
653.0
624.0
577.0
518.0
518.0
534.0
629.0
688.0
711.0
711.0
730.0
741.0
754.0
741.0
736.0
732.0
717.0
705.0
738.0
752.0
730.0
702.0
705.0
697.0
678.0
646.0
627.0
605.0
603.0
574.0
601.0
574.0
574.0
568.0
550.0
554.0
516.0
522.0
559.0
605.0
531.0
625.0
650.0
555.0
587.0
578.0
544.0
635.0
675.0
671.0
648.0
613.0
633.0
605.0
572.0
550.0
542.0
551.0
561.0
581.0
654.0
742.0
788.0
787.0
774.0
791.0
798.0
841.0
826.0
749.0
753.0
776.0
821.0
759.0
780.0
691.0
697.0
676.0
710.0
682.0
675.0
622.0
649.0
717.0
762.0
810.0
851.0
897.0
917.0
910.0
921.0
898.0
906.0
879.0
874.0
884.0
883.0
905.0
863.0
768.0
818.0
754.0
716.0
690.0
692.0
609.0
623.0
637.0
686.0
766.0
795.0
770.0
814.0
756.0
725.0
728.0
753.0
710.0
714.0
776.0
823.0
731.0
720.0
655.0
636.0
656.0
632.0
538.0
516.0
518.0
528.0
553.0
613.0
678.0
772.0
799.0
831.0
841.0
816.0
789.0
784.0
697.0
703.0
765.0
844.0
822.0
835.0
779.0
715.0
726.0
679.0
652.0
596.0
607.0
603.0
696.0
722.0
842.0
830.0
910.0
915.0
915.0
915.0
918.0
870.0
788.0
858.0
842.0
842.0
775.0
800.0
744.0
690.0
690.0
701.0
661.0
649.0
666.0
668.0
594.0
681.0
715.0
724.0
717.0
773.0
794.0
706.0
764.0
742.0
744.0
752.0
781.0
742.0
724.0
695.0
652.0
647.0
625.0
594.0
578.0
589.0
635.0
623.0
627.0
609.0
663.0
652.0
614.0
723.0
761.0
745.0
723.0
710.0
682.0
694.0
712.0
756.0
749.0
751.0
713.0
719.0
671.0
651.0
614.0
622.0
609.0
631.0
656.0
677.0
820.0
788.0
866.0
890.0
862.0
878.0
888.0
874.0
829.0
858.0
882.0
897.0
820.0
779.0
724.0
700.0
644.0
618.0
592.0
637.0
653.0
688.0
655.0
739.0
842.0
896.0
898.0
928.0
898.0
936.0
896.0
907.0
886.0
858.0
924.0
915.0
925.0
863.0
805.0
807.0
754.0
697.0
660.0
623.0
602.0
610.0
645.0
702.0
795.0
810.0
824.0
824.0
800.0
746.0
749.0
726.0
728.0
732.0
774.0
830.0
782.0
719.0
663.0
662.0
591.0
541.0
554.0
585.0
562.0
527.0
558.0
631.0
710.0
736.0
751.0
752.0
761.0
741.0
728.0
721.0
710.0
716.0
762.0
774.0
774.0
754.0
700.0
701.0
665.0
616.0
598.0
599.0
594.0
616.0
634.0
703.0
852.0
878.0
882.0
930.0
949.0
926.0
880.0
878.0
883.0
849.0
922.0
913.0
874.0
871.0
778.0
767.0
699.0
713.0
685.0
650.0
679.0
684.0
693.0
661.0
666.0
730.0
738.0
785.0
794.0
781.0
788.0
788.0
773.0
769.0
823.0
818.0
808.0
756.0
736.0
702.0
725.0
686.0
656.0
669.0
639.0
607.0
660.0
637.0
620.0
641.0
713.0
720.0
781.0
776.0
751.0
738.0
656.0
694.0
750.0
754.0
784.0
754.0
720.0
725.0
699.0
645.0
644.0
643.0
629.0
666.0
691.0
746.0
795.0
810.0
874.0
906.0
887.0
860.0
915.0
877.0
879.0
862.0
869.0
931.0
893.0
868.0
798.0
778.0
674.0
688.0
668.0
623.0
647.0
677.0
665.0
773.0
849.0
891.0
898.0
926.0
944.0
952.0
921.0
929.0
860.0
812.0
878.0
795.0
769.0
716.0
681.0
698.0
659.0
629.0
595.0
595.0
598.0
608.0
641.0
694.0
791.0
813.0
826.0
850.0
824.0
852.0
826.0
779.0
807.0
770.0
853.0
853.0
837.0
791.0
735.0
709.0
651.0
541.0
573.0
515.0
509.0
510.0
543.0
608.0
699.0
730.0
743.0
746.0
756.0
751.0
740.0
734.0
724.0
740.0
768.0
777.0
790.0
778.0
741.0
711.0
682.0
654.0
637.0
611.0
610.0
617.0
662.0
732.0
816.0
924.0
923.0
942.0
907.0
914.0
945.0
923.0
918.0
922.0
954.0
967.0
933.0
877.0
810.0
834.0
793.0
761.0
726.0
713.0
692.0
680.0
708.0
731.0
742.0
780.0
806.0
828.0
859.0
826.0
821.0
787.0
808.0
813.0
868.0
864.0
752.0
721.0
697.0
687.0
725.0
672.0
664.0
672.0
681.0
635.0
628.0
675.0
699.0
695.0
672.0
749.0
757.0
796.0
665.0
645.0
731.0
745.0
784.0
813.0
782.0
790.0
752.0
763.0
715.0
699.0
670.0
671.0
665.0
679.0
721.0
780.0
892.0
922.0
867.0
934.0
943.0
913.0
885.0
907.0
880.0
905.0
962.0
932.0
925.0
914.0
840.0
824.0
786.0
772.0
738.0
704.0
726.0
747.0
739.0
798.0
905.0
932.0
935.0
914.0
916.0
923.0
931.0
881.0
882.0
882.0
963.0
957.0
945.0
912.0
846.0
824.0
769.0
653.0
619.0
612.0
661.0
618.0
653.0
737.0
812.0
840.0
874.0
867.0
857.0
861.0
857.0
856.0
835.0
842.0
895.0
893.0
859.0
807.0
765.0
743.0
688.0
654.0
625.0
566.0
533.0
538.0
565.0
635.0
724.0
746.0
763.0
767.0
841.0
825.0
833.0
808.0
795.0
815.0
916.0
913.0
908.0
901.0
783.0
836.0
793.0
760.0
718.0
704.0
702.0
729.0
698.0
822.0
865.0
902.0
941.0
912.0
968.0
920.0
920.0
851.0
848.0
866.0
944.0
949.0
943.0
914.0
846.0
844.0
816.0
755.0
757.0
727.0
701.0
689.0
726.0
743.0
790.0
802.0
810.0
776.0
769.0
761.0
803.0
799.0
799.0
811.0
868.0
880.0
853.0
829.0
788.0
805.0
764.0
693.0
635.0
622.0
621.0
611.0
583.0
609.0
621.0
653.0
674.0
705.0
741.0
750.0
712.0
689.0
700.0
758.0
791.0
832.0
774.0
771.0
766.0
750.0
744.0
690.0
680.0
649.0
626.0
679.0
701.0
720.0
879.0
887.0
864.0
876.0
874.0
925.0
889.0
899.0
925.0
863.0
925.0
888.0
851.0
793.0
783.0
820.0
784.0
742.0
704.0
696.0
693.0
706.0
727.0
811.0
895.0
928.0
952.0
947.0
963.0
956.0
936.0
834.0
845.0
918.0
935.0
916.0
935.0
912.0
835.0
827.0
763.0
728.0
723.0
710.0
671.0
626.0
658.0
730.0
825.0
848.0
869.0
843.0
861.0
866.0
831.0
834.0
821.0
843.0
885.0
849.0
872.0
807.0
732.0
729.0
700.0
637.0
598.0
538.0
538.0
543.0
568.0
642.0
754.0
809.0
843.0
790.0
815.0
815.0
800.0
810.0
802.0
810.0
853.0
874.0
900.0
826.0
827.0
779.0
775.0
706.0
685.0
710.0
678.0
697.0
729.0
810.0
900.0
931.0
952.0
981.0
986.0
935.0
939.0
932.0
821.0
873.0
958.0
967.0
930.0
821.0
766.0
802.0
791.0
763.0
698.0
684.0
713.0
717.0
726.0
766.0
778.0
757.0
820.0
831.0
876.0
799.0
809.0
815.0
792.0
812.0
864.0
888.0
808.0
761.0
709.0
716.0
676.0
622.0
607.0
633.0
621.0
642.0
662.0
613.0
547.0
564.0
643.0
762.0
776.0
792.0
754.0
752.0
706.0
730.0
764.0
811.0
779.0
743.0
663.0
710.0
621.0
600.0
634.0
629.0
605.0
674.0
633.0
762.0
882.0
863.0
857.0
871.0
860.0
806.0
800.0
837.0
837.0
773.0
910.0
948.0
886.0
878.0
807.0
788.0
782.0
655.0
707.0
719.0
628.0
714.0
756.0
737.0
839.0
918.0
925.0
929.0
904.0
848.0
900.0
904.0
916.0
924.0
955.0
974.0
950.0
901.0
810.0
808.0
754.0
738.0
628.0
639.0
646.0
648.0
682.0
726.0
830.0
877.0
864.0
860.0
877.0
859.0
847.0
840.0
838.0
841.0
868.0
891.0
870.0
843.0
739.0
759.0
701.0
619.0
620.0
589.0
553.0
556.0
581.0
654.0
748.0
788.0
856.0
873.0
894.0
868.0
858.0
839.0
812.0
855.0
895.0
913.0
937.0
897.0
840.0
819.0
806.0
768.0
741.0
689.0
743.0
683.0
754.0
797.0
865.0
960.0
942.0
949.0
975.0
967.0
969.0
963.0
931.0
904.0
972.0
947.0
948.0
880.0
761.0
811.0
798.0
700.0
599.0
620.0
623.0
615.0
634.0
643.0
678.0
703.0
735.0
750.0
763.0
772.0
698.0
712.0
773.0
797.0
770.0
856.0
772.0
801.0
777.0
779.0
759.0
717.0
698.0
707.0
682.0
662.0
674.0
668.0
709.0
716.0
724.0
790.0
798.0
809.0
779.0
738.0
746.0
759.0
798.0
826.0
811.0
804.0
746.0
778.0
740.0
638.0
669.0
687.0
675.0
703.0
684.0
824.0
855.0
941.0
875.0
960.0
908.0
951.0
936.0
896.0
900.0
928.0
895.0
946.0
941.0
879.0
857.0
833.0
783.0
764.0
644.0
615.0
557.0
561.0
580.0
652.0
776.0
838.0
874.0
930.0
954.0
940.0
905.0
944.0
884.0
938.0
955.0
942.0
871.0
824.0
785.0
742.0
699.0
654.0
622.0
631.0
629.0
621.0
641.0
708.0
813.0
865.0
844.0
890.0
882.0
880.0
821.0
858.0
856.0
853.0
900.0
877.0
871.0
792.0
735.0
736.0
688.0
612.0
617.0
603.0
609.0
628.0
648.0
701.0
811.0
834.0
853.0
840.0
864.0
845.0
815.0
819.0
797.0
833.0
866.0
859.0
798.0
794.0
733.0
719.0
673.0
625.0
534.0
524.0
517.0
519.0
534.0
595.0
691.0
738.0
743.0
748.0
764.0
748.0
726.0
714.0
710.0
724.0
750.0
751.0
716.0
669.0
623.0
642.0
640.0
626.0
593.0
599.0
593.0
602.0
604.0
602.0
646.0
674.0
682.0
704.0
718.0
718.0
680.0
654.0
669.0
681.0
725.0
707.0
696.0
688.0
667.0
675.0
616.0
595.0
585.0
569.0
563.0
565.0
558.0
572.0
596.0
592.0
626.0
649.0
682.0
685.0
660.0
639.0
633.0
635.0
693.0
661.0
681.0
668.0
634.0
642.0
620.0
583.0
559.0
543.0
564.0
573.0
598.0
642.0
722.0
757.0
772.0
769.0
809.0
796.0
700.0
725.0
733.0
756.0
792.0
784.0
760.0
728.0
696.0
687.0
573.0
514.0
514.0
581.0
574.0
558.0
589.0
654.0
719.0
760.0
763.0
777.0
797.0
787.0
754.0
720.0
727.0
723.0
768.0
762.0
746.0
698.0
675.0
596.0
615.0
539.0
561.0
539.0
545.0
547.0
534.0
631.0
677.0
725.0
721.0
777.0
769.0
709.0
742.0
719.0
704.0
721.0
768.0
768.0
751.0
696.0
683.0
644.0
624.0
562.0
540.0
528.0
525.0
521.0
519.0
587.0
600.0
637.0
585.0
592.0
595.0
579.0
559.0
539.0
526.0
532.0
568.0
568.0
545.0
504.0
469.0
477.0
453.0
424.0
406.0
389.0
383.0
383.0
393.0
395.0
410.0
426.0
442.0
468.0
482.0
488.0
470.0
450.0
443.0
456.0
492.0
501.0
495.0
478.0
459.0
470.0
443.0
413.0
395.0
381.0
377.0
378.0
385.0
389.0
409.0
418.0
431.0
449.0
462.0
465.0
453.0
440.0
432.0
447.0
496.0
511.0
503.0
485.0
460.0
473.0
446.0
415.0
399.0
386.0
382.0
382.0
390.0
390.0
409.0
422.0
434.0
456.0
474.0
485.0
460.0
449.0
441.0
456.0
510.0
528.0
520.0
499.0
477.0
487.0
457.0
432.0
410.0
400.0
401.0
406.0
428.0
466.0
524.0
562.0
572.0
578.0
587.0
584.0
572.0
559.0
547.0
559.0
608.0
617.0
598.0
556.0
522.0
519.0
484.0
454.0
429.0
417.0
415.0
420.0
441.0
476.0
529.0
561.0
573.0
576.0
601.0
600.0
587.0
577.0
567.0
572.0
610.0
614.0
596.0
553.0
522.0
521.0
485.0
446.0
429.0
419.0
415.0
417.0
438.0
473.0
528.0
566.0
581.0
597.0
612.0
606.0
590.0
576.0
567.0
574.0
622.0
632.0
613.0
575.0
535.0
534.0
497.0
460.0
438.0
422.0
416.0
420.0
437.0
467.0
513.0
550.0
565.0
573.0
566.0
547.0
529.0
522.0
523.0
530.0
579.0
588.0
566.0
529.0
506.0
514.0
517.0
