Consumption in Germany in 2015
46022.0
44546.0
42967.0
41582.0
40964.0
40247.0
38808.0
39045.0
39721.0
42031.0
44661.0
47702.0
48784.0
48064.0
47094.0
47165.0
49669.0
54197.0
54914.0
53908.0
51779.0
50575.0
50384.0
47620.0
44909.0
43001.0
41999.0
41796.0
42736.0
44305.0
46731.0
50523.0
54246.0
57321.0
59405.0
61014.0
61406.0
60400.0
59251.0
58771.0
60446.0
63764.0
63786.0
61814.0
58087.0
55864.0
54783.0
51472.0
47963.0
45677.0
44246.0
43742.0
44028.0
44209.0
44531.0
47105.0
50517.0
54005.0
56542.0
58511.0
58776.0
57848.0
56983.0
56997.0
58807.0
61744.0
61833.0
59726.0
56045.0
53711.0
52912.0
50042.0
46734.0
44511.0
43264.0
42579.0
42689.0
42312.0
41469.0
42939.0
45224.0
48447.0
51339.0
54557.0
54726.0
53110.0
51542.0
51211.0
53188.0
58066.0
59154.0
57827.0
55345.0
53757.0
53557.0
50491.0
47550.0
45537.0
44730.0
44863.0
46162.0
49323.0
54980.0
61123.0
64614.0
65759.0
67021.0
68088.0
68111.0
67197.0
66231.0
65749.0
66985.0
70634.0
70630.0
68798.0
64504.0
61579.0
59714.0
55366.0
52163.0
49849.0
48859.0
48910.0
49678.0
51444.0
55594.0
60580.0
63012.0
64274.0
65788.0
67050.0
66903.0
65559.0
64118.0
63816.0
65565.0
69857.0
69870.0
68348.0
64587.0
61685.0
59626.0
55695.0
52224.0
49874.0
49271.0
49591.0
50670.0
54095.0
62092.0
68995.0
71911.0
72103.0
73006.0
73909.0
73545.0
72856.0
71711.0
71036.0
71876.0
75520.0
75044.0
73016.0
68789.0
65384.0
62922.0
58078.0
54578.0
52200.0
51317.0
51611.0
52728.0
55574.0
63370.0
70419.0
73043.0
73225.0
73947.0
74869.0
74320.0
73845.0
72975.0
72552.0
73339.0
75322.0
74590.0
72453.0
68339.0
64816.0
61822.0
57039.0
53259.0
51095.0
50164.0
50462.0
52048.0
55256.0
63019.0
70059.0
73359.0
73623.0
74440.0
75230.0
74587.0
73180.0
71629.0
71065.0
71697.0
74217.0
73116.0
70344.0
65806.0
62325.0
59724.0
55469.0
51379.0
48635.0
47198.0
46935.0
47056.0
47185.0
48342.0
51922.0
55935.0
58709.0
60707.0
62470.0
62581.0
60847.0
59120.0
58289.0
59751.0
63581.0
63818.0
61667.0
57671.0
55499.0
54441.0
51243.0
47846.0
45623.0
44391.0
44118.0
44472.0
44257.0
43460.0
45238.0
48120.0
52075.0
55439.0
58472.0
58307.0
56792.0
55334.0
54947.0
55964.0
60644.0
61954.0
60394.0
57667.0
55991.0
55958.0
52692.0
49852.0
48221.0
47476.0
47913.0
49282.0
53532.0
62861.0
70481.0
73539.0
73864.0
75016.0
75822.0
75678.0
75224.0
74090.0
73469.0
73647.0
75920.0
75419.0
73172.0
68931.0
65472.0
62128.0
57304.0
53605.0
51447.0
50379.0
50859.0
52390.0
55836.0
64005.0
71177.0
73326.0
72711.0
73463.0
74038.0
73907.0
72938.0
71660.0
70933.0
71383.0
75010.0
74874.0
72480.0
67848.0
64158.0
60995.0
56068.0
52417.0
50182.0
49597.0
50086.0
51780.0
55368.0
63745.0
71209.0
73442.0
73351.0
74385.0
75853.0
75222.0
74654.0
73782.0
72659.0
72788.0
75725.0
75517.0
73439.0
69237.0
65815.0
62870.0
58224.0
54752.0
52850.0
51926.0
52310.0
53376.0
56529.0
64784.0
71828.0
74234.0
74116.0
74975.0
75623.0
75042.0
74419.0
73357.0
72656.0
72679.0
75551.0
75237.0
73158.0
68941.0
65311.0
62267.0
57441.0
53794.0
51331.0
50327.0
50848.0
52440.0
56291.0
64291.0
71516.0
73994.0
73720.0
74112.0
74701.0
73738.0
72300.0
70688.0
69593.0
70118.0
73528.0
72993.0
70513.0
66193.0
62818.0
60382.0
56227.0
52658.0
50412.0
49298.0
48929.0
49196.0
49080.0
49785.0
53319.0
57332.0
60740.0
62807.0
63795.0
62804.0
60869.0
58968.0
58144.0
58965.0
63493.0
64383.0
62261.0
58251.0
55927.0
55210.0
51967.0
48866.0
47109.0
45912.0
45379.0
45191.0
44668.0
44043.0
45874.0
48743.0
52496.0
55683.0
58950.0
58625.0
56186.0
54173.0
53393.0
54388.0
59743.0
61569.0
60325.0
57708.0
56171.0
56506.0
53703.0
50951.0
49279.0
48607.0
48923.0
50484.0
54457.0
63417.0
71146.0
73683.0
73944.0
74973.0
75821.0
75291.0
74782.0
73739.0
73114.0
72924.0
76070.0
75970.0
74016.0
69687.0
66327.0
63368.0
58969.0
55878.0
53869.0
52869.0
53244.0
54365.0
57566.0
65301.0
72350.0
74922.0
75082.0
76097.0
76709.0
76047.0
75552.0
74512.0
73822.0
73264.0
76599.0
76285.0
74207.0
70283.0
66789.0
63769.0
59603.0
56624.0
54467.0
53534.0
53904.0
54911.0
58035.0
65711.0
72760.0
75033.0
74912.0
75723.0
76349.0
75584.0
74899.0
73824.0
73158.0
73134.0
76480.0
76647.0
74642.0
70424.0
67030.0
64177.0
59995.0
56813.0
54696.0
53673.0
53652.0
54698.0
57730.0
65303.0
72662.0
75038.0
75362.0
76318.0
77063.0
76285.0
75823.0
75068.0
74367.0
74004.0
76622.0
76523.0
74363.0
70235.0
66815.0
64262.0
59801.0
56615.0
54550.0
53556.0
53833.0
54894.0
57787.0
65093.0
72321.0
74966.0
75148.0
76143.0
76679.0
75814.0
74658.0
73346.0
72453.0
72405.0
75248.0
74845.0
72232.0
67943.0
64637.0
62493.0
59128.0
56092.0
53656.0
52213.0
51714.0
51427.0
51126.0
51540.0
55098.0
58778.0
62343.0
64761.0
66094.0
65423.0
63116.0
61500.0
60610.0
60961.0
64986.0
65828.0
63640.0
59696.0
57217.0
56673.0
53777.0
50734.0
48600.0
47360.0
46688.0
46440.0
45841.0
44855.0
46586.0
49434.0
53441.0
56635.0
59307.0
59021.0
57102.0
55649.0
55014.0
55777.0
60539.0
62526.0
61087.0
58506.0
57105.0
57287.0
54357.0
51498.0
49664.0
49051.0
49357.0
51010.0
55033.0
64260.0
71559.0
74210.0
74657.0
76005.0
77288.0
76973.0
76195.0
74999.0
74182.0
73672.0
76333.0
76300.0
74308.0
69977.0
66643.0
63937.0
59751.0
56519.0
54459.0
53439.0
53561.0
54696.0
57923.0
65710.0
72673.0
74438.0
74338.0
75232.0
76068.0
75596.0
75170.0
74099.0
73115.0
72240.0
74949.0
75723.0
74014.0
69568.0
66129.0
63189.0
58704.0
55532.0
53228.0
52144.0
52352.0
53787.0
57075.0
64918.0
72009.0
74112.0
74460.0
75565.0
76623.0
76312.0
75846.0
74663.0
74165.0
73865.0
76676.0
76852.0
74546.0
70161.0
67037.0
64030.0
59593.0
56145.0
54268.0
53558.0
53884.0
54912.0
57830.0
65548.0
72579.0
74514.0
75146.0
76428.0
76829.0
75762.0
74972.0
73890.0
72753.0
71700.0
74741.0
75483.0
73484.0
69084.0
65733.0
62978.0
58616.0
55348.0
53273.0
52604.0
52892.0
54127.0
57080.0
64470.0
71307.0
73611.0
73808.0
74523.0
75323.0
74487.0
72930.0
71446.0
70369.0
69771.0
72933.0
73747.0
71629.0
67442.0
64077.0
62119.0
58545.0
54833.0
52383.0
51073.0
50447.0
50402.0
49923.0
50153.0
53412.0
57224.0
60588.0
62457.0
63358.0
62354.0
60213.0
58854.0
58199.0
58383.0
62434.0
64372.0
62109.0
58347.0
56084.0
55433.0
52432.0
49917.0
47764.0
46474.0
45972.0
45706.0
45128.0
44239.0
46057.0
49198.0
52966.0
55596.0
58104.0
57803.0
55899.0
54535.0
53976.0
54364.0
58887.0
61885.0
60744.0
58162.0
56881.0
57073.0
54425.0
51990.0
50257.0
49572.0
49850.0
51589.0
55472.0
63847.0
71117.0
73357.0
74130.0
75206.0
76474.0
75848.0
75182.0
74210.0
73205.0
72352.0
75106.0
76481.0
74749.0
70595.0
67403.0
64800.0
60388.0
57490.0
55478.0
54697.0
54911.0
55967.0
58753.0
66021.0
72400.0
74585.0
74888.0
75695.0
76366.0
75783.0
74893.0
73770.0
72846.0
71817.0
74933.0
76818.0
75108.0
71175.0
67714.0
65139.0
61181.0
58322.0
56345.0
55413.0
55450.0
56424.0
59475.0
66865.0
73372.0
75123.0
75403.0
76135.0
76820.0
75972.0
75241.0
74243.0
73315.0
72401.0
75325.0
77350.0
75619.0
71407.0
68065.0
65614.0
61563.0
58374.0
56394.0
55341.0
55332.0
56208.0
59199.0
66552.0
73245.0
75243.0
75438.0
75812.0
75973.0
75360.0
74937.0
73831.0
73303.0
72454.0
75158.0
77071.0
75446.0
71333.0
67991.0
65509.0
61664.0
58563.0
56511.0
55506.0
55533.0
56432.0
59154.0
66387.0
73030.0
75098.0
75488.0
75761.0
75966.0
74667.0
72867.0
71368.0
70334.0
69753.0
72673.0
75001.0
72836.0
68822.0
65456.0
63760.0
60516.0
57588.0
55589.0
54089.0
53310.0
53007.0
52464.0
52685.0
55561.0
59080.0
62231.0
63849.0
64514.0
63698.0
61777.0
60257.0
59855.0
60072.0
63311.0
66360.0
64309.0
60591.0
58103.0
57555.0
54502.0
51784.0
49663.0
48415.0
47750.0
47410.0
46740.0
45778.0
47191.0
50602.0
54526.0
56929.0
59187.0
58587.0
56015.0
54388.0
53520.0
53873.0
57977.0
62968.0
61858.0
59324.0
57832.0
58181.0
55285.0
52856.0
51404.0
50663.0
51003.0
52276.0
56074.0
64677.0
71567.0
74061.0
74956.0
75931.0
76929.0
76452.0
76120.0
75036.0
73985.0
72943.0
74908.0
76665.0
74955.0
70568.0
67132.0
64323.0
59733.0
56246.0
54167.0
53108.0
53400.0
54710.0
58014.0
66178.0
72595.0
74498.0
74688.0
75732.0
76395.0
75916.0
75607.0
74583.0
73514.0
72362.0
74205.0
76335.0
74424.0
70285.0
66777.0
64016.0
59394.0
55961.0
53869.0
53029.0
53379.0
54578.0
57701.0
65600.0
72094.0
74339.0
74927.0
75890.0
76347.0
75510.0
74626.0
73374.0
72341.0
71208.0
73325.0
76522.0
74946.0
70527.0
66993.0
64567.0
60228.0
57166.0
55192.0
54298.0
54484.0
55496.0
58481.0
65857.0
72059.0
74201.0
74673.0
75324.0
75850.0
74942.0
73934.0
72837.0
71737.0
70478.0
72394.0
75430.0
73862.0
69844.0
66426.0
64123.0
60320.0
57154.0
55151.0
54193.0
54337.0
55498.0
58201.0
64888.0
70763.0
72995.0
73668.0
74250.0
74314.0
73096.0
71665.0
69704.0
68352.0
67629.0
70178.0
73742.0
72093.0
67655.0
64329.0
62304.0
58767.0
55401.0
53118.0
51660.0
51149.0
51145.0
50938.0
51300.0
54069.0
57573.0
60774.0
62280.0
62841.0
61449.0
59277.0
57431.0
56609.0
56630.0
59865.0
64137.0
62464.0
58902.0
56634.0
55963.0
52886.0
50041.0
48242.0
47366.0
46954.0
46827.0
46167.0
45433.0
46732.0
50168.0
53302.0
55606.0
57678.0
56567.0
53993.0
52216.0
51146.0
51574.0
55437.0
60485.0
59718.0
57405.0
56137.0
56568.0
53938.0
51508.0
49800.0
49206.0
49595.0
50725.0
54016.0
60683.0
66422.0
69602.0
71011.0
72164.0
72816.0
71921.0
70460.0
68887.0
67753.0
66815.0
68991.0
73049.0
71893.0
67844.0
64853.0
62936.0
59290.0
56048.0
54135.0
53162.0
53399.0
54413.0
57084.0
63791.0
69521.0
72232.0
73465.0
74671.0
75706.0
75023.0
73838.0
72463.0
71389.0
70585.0
72541.0
74991.0
73424.0
69254.0
66021.0
63543.0
59287.0
56081.0
53890.0
52819.0
53241.0
54518.0
57661.0
64967.0
70973.0
73620.0
74357.0
75064.0
75706.0
74855.0
74004.0
72765.0
71705.0
70459.0
72070.0
75654.0
74617.0
70428.0
67102.0
64255.0
59915.0
56734.0
54906.0
54176.0
54352.0
55492.0
58347.0
65269.0
71108.0
73284.0
73834.0
74280.0
75162.0
73903.0
73210.0
72053.0
70606.0
69166.0
70784.0
75275.0
74526.0
70009.0
66760.0
64184.0
59916.0
57139.0
55237.0
54127.0
54187.0
55253.0
58049.0
64742.0
70601.0
72513.0
72952.0
73676.0
74024.0
73213.0
71603.0
69530.0
68275.0
67731.0
69718.0
73091.0
71441.0
66846.0
63402.0
61150.0
56893.0
52763.0
50628.0
49164.0
48876.0
49042.0
49361.0
50315.0
53393.0
57184.0
60459.0
62624.0
63863.0
62850.0
60467.0
58558.0
57531.0
57109.0
59048.0
62918.0
61659.0
57983.0
55755.0
55400.0
52554.0
49172.0
47005.0
46005.0
45608.0
45638.0
45092.0
44361.0
45798.0
48898.0
52504.0
55089.0
57394.0
56703.0
54595.0
53040.0
51982.0
52034.0
55147.0
60943.0
60860.0
58354.0
56982.0
57126.0
54238.0
51542.0
50092.0
49620.0
50082.0
51792.0
55576.0
64314.0
70305.0
73067.0
74124.0
75047.0
76178.0
75420.0
74726.0
73495.0
72165.0
71042.0
71993.0
75142.0
73975.0
69904.0
66243.0
63406.0
58962.0
55986.0
53931.0
53176.0
53557.0
55026.0
58013.0
65716.0
71045.0
73075.0
73348.0
74174.0
75143.0
74405.0
73833.0
72649.0
71483.0
70310.0
71343.0
75137.0
74255.0
70098.0
66638.0
63666.0
59101.0
55869.0
53798.0
52723.0
53169.0
54413.0
57648.0
65341.0
70689.0
72447.0
72370.0
72996.0
73948.0
73223.0
72320.0
71086.0
70109.0
68861.0
69997.0
74187.0
73535.0
69423.0
66042.0
63069.0
58616.0
55239.0
53316.0
52520.0
52823.0
54059.0
57427.0
65197.0
70153.0
71982.0
72064.0
72368.0
72909.0
72504.0
71932.0
70674.0
69854.0
68549.0
69677.0
74309.0
74142.0
69949.0
66294.0
63103.0
58481.0
55064.0
53065.0
52126.0
52563.0
54076.0
57188.0
64910.0
70361.0
72847.0
73272.0
73783.0
74329.0
73415.0
72120.0
70315.0
69351.0
68404.0
69213.0
72353.0
71417.0
67218.0
63852.0
61503.0
57503.0
54003.0
51989.0
50806.0
50420.0
50233.0
50152.0
50899.0
53720.0
57165.0
59993.0
61511.0
62409.0
61284.0
58607.0
56962.0
56024.0
55613.0
57413.0
62782.0
62787.0
59105.0
56071.0
54698.0
51545.0
48301.0
46317.0
45333.0
45094.0
45072.0
44723.0
44377.0
45904.0
49309.0
52774.0
55287.0
57774.0
56871.0
54747.0
53007.0
52167.0
51894.0
53959.0
58938.0
58680.0
56165.0
54268.0
54173.0
50801.0
48202.0
46719.0
46321.0
47054.0
49302.0
53843.0
62931.0
68658.0
71140.0
71895.0
72947.0
73995.0
72926.0
72442.0
71229.0
70651.0
69302.0
69981.0
73156.0
72805.0
68648.0
65269.0
62548.0
58092.0
55012.0
53083.0
52412.0
52844.0
54137.0
57160.0
64724.0
69559.0
71491.0
71697.0
72554.0
73554.0
72822.0
71993.0
70836.0
69786.0
68535.0
69658.0
73133.0
72860.0
68733.0
65126.0
62194.0
57532.0
54216.0
52347.0
51546.0
52209.0
53740.0
57117.0
64887.0
69671.0
71559.0
71888.0
73077.0
73784.0
73380.0
72877.0
71793.0
70937.0
69601.0
69963.0
73594.0
73811.0
69536.0
65944.0
62753.0
58140.0
54910.0
52821.0
52034.0
52498.0
53587.0
57071.0
64619.0
69600.0
71857.0
72345.0
73283.0
73875.0
72868.0
72460.0
71382.0
70176.0
68517.0
69142.0
72778.0
73084.0
68992.0
65403.0
62505.0
58041.0
54620.0
52638.0
51935.0
52331.0
53788.0
56955.0
64283.0
69367.0
71953.0
72367.0
73052.0
73488.0
72615.0
70961.0
69425.0
68183.0
67114.0
67649.0
70638.0
70421.0
66162.0
62814.0
60280.0
56402.0
53009.0
50797.0
49720.0
49628.0
49971.0
50355.0
50926.0
53205.0
56665.0
59643.0
61104.0
61598.0
60534.0
58180.0
56119.0
54539.0
54035.0
55705.0
60842.0
61623.0
57732.0
54600.0
53387.0
49915.0
46602.0
44457.0
43397.0
43380.0
43748.0
43776.0
43049.0
44607.0
48097.0
51346.0
52951.0
54188.0
52895.0
50454.0
48453.0
47198.0
47304.0
50245.0
56413.0
57955.0
55226.0
53376.0
53016.0
49771.0
47192.0
45874.0
45372.0
46000.0
48046.0
52610.0
61529.0
66973.0
69576.0
69873.0
70577.0
71370.0
70596.0
69770.0
68492.0
67106.0
65344.0
66077.0
70224.0
71650.0
67412.0
63682.0
60340.0
55853.0
52185.0
50315.0
49935.0
50505.0
52248.0
55830.0
63218.0
68054.0
70826.0
71237.0
71990.0
72733.0
71862.0
71179.0
70047.0
68947.0
67457.0
67857.0
71046.0
72009.0
67855.0
63964.0
60492.0
55706.0
52356.0
50323.0
49797.0
50363.0
51858.0
55537.0
63170.0
68193.0
70377.0
70910.0
71794.0
72397.0
71153.0
70240.0
68901.0
67778.0
66262.0
66828.0
70261.0
72088.0
67883.0
64074.0
61049.0
56433.0
52932.0
51496.0
50958.0
51540.0
52814.0
56116.0
63408.0
67954.0
69930.0
70282.0
70973.0
72251.0
71628.0
70780.0
69386.0
68004.0
66666.0
67057.0
70253.0
72072.0
68010.0
64134.0
60880.0
56499.0
53353.0
51384.0
50782.0
51318.0
52754.0
56116.0
63382.0
68042.0
70627.0
71076.0
72020.0
72976.0
71753.0
70054.0
68444.0
67496.0
66398.0
66809.0
69293.0
69975.0
65636.0
61798.0
59200.0
55262.0
51879.0
49640.0
48469.0
48320.0
48647.0
48875.0
49537.0
52598.0
57020.0
60095.0
61643.0
62203.0
61043.0
59151.0
57885.0
57182.0
56797.0
57931.0
61283.0
61142.0
57096.0
54459.0
53144.0
49645.0
46442.0
44323.0
43459.0
43425.0
43752.0
43426.0
42797.0
44608.0
48349.0
51485.0
54126.0
56531.0
55807.0
53585.0
52085.0
51088.0
50799.0
52859.0
57206.0
58812.0
56144.0
54527.0
54347.0
50997.0
48356.0
46839.0
46479.0
47346.0
48976.0
53321.0
61735.0
67329.0
69871.0
70253.0
71274.0
71966.0
71126.0
70444.0
69268.0
67957.0
66215.0
66476.0
69697.0
71906.0
67835.0
63814.0
60251.0
55336.0
51805.0
49985.0
49308.0
50010.0
51712.0
55568.0
62659.0
67441.0
69641.0
69447.0
70036.0
70804.0
69984.0
69392.0
68136.0
66908.0
65243.0
65349.0
68555.0
71224.0
67304.0
63125.0
59226.0
54378.0
51050.0
49134.0
48498.0
49221.0
51167.0
55092.0
62144.0
66821.0
69056.0
69262.0
69903.0
70460.0
69622.0
68850.0
67486.0
66312.0
65055.0
65602.0
68903.0
71492.0
67221.0
62998.0
59233.0
54297.0
51131.0
49145.0
48461.0
49255.0
51047.0
54888.0
61550.0
66666.0
69232.0
69742.0
70868.0
71733.0
70857.0
70065.0
68552.0
67229.0
65768.0
65885.0
68827.0
71263.0
67264.0
63254.0
59787.0
55041.0
51632.0
49639.0
49278.0
49968.0
51424.0
54912.0
61644.0
66704.0
69196.0
69625.0
70856.0
71422.0
70226.0
68525.0
66781.0
65203.0
63920.0
64398.0
66938.0
68981.0
64978.0
61469.0
58612.0
54446.0
50863.0
48708.0
47709.0
47664.0
48016.0
48232.0
48784.0
51947.0
56157.0
59204.0
60275.0
61330.0
60689.0
58695.0
57016.0
56520.0
56239.0
57524.0
59743.0
60519.0
56885.0
54113.0
52798.0
49414.0
46288.0
44203.0
42939.0
42767.0
43067.0
43049.0
42040.0
44038.0
48132.0
51554.0
53764.0
55723.0
54758.0
52310.0
50437.0
49651.0
49288.0
51294.0
55406.0
58518.0
56029.0
54162.0
53877.0
50700.0
48345.0
46959.0
46528.0
47234.0
49173.0
53491.0
60904.0
66618.0
69692.0
70386.0
70699.0
71839.0
71013.0
70125.0
68766.0
67537.0
65816.0
65767.0
68187.0
71155.0
67495.0
63412.0
59963.0
55243.0
52291.0
50484.0
49754.0
50343.0
52064.0
55614.0
62292.0
67411.0
69700.0
69732.0
70574.0
71709.0
70898.0
70242.0
69048.0
67785.0
66108.0
66383.0
68642.0
71403.0
67620.0
63618.0
59973.0
55028.0
51747.0
49879.0
49093.0
49803.0
51596.0
55009.0
61656.0
66674.0
68897.0
69333.0
70263.0
71242.0
70718.0
69891.0
68680.0
67551.0
66306.0
66702.0
68892.0
70692.0
66962.0
63329.0
59444.0
54471.0
50945.0
49039.0
48053.0
48623.0
50296.0
54184.0
61334.0
67227.0
69835.0
70647.0
71569.0
72635.0
71779.0
71103.0
70044.0
69294.0
68029.0
68055.0
69597.0
71185.0
67188.0
63375.0
60091.0
55728.0
52331.0
50364.0
49657.0
50220.0
51573.0
54585.0
61077.0
66346.0
68719.0
69919.0
71268.0
72269.0
71266.0
70047.0
68347.0
66950.0
65897.0
66065.0
67199.0
68901.0
65148.0
61294.0
58310.0
54013.0
50267.0
47964.0
46938.0
46941.0
47202.0
47533.0
47505.0
50942.0
54686.0
57899.0
59328.0
59692.0
58626.0
56742.0
55210.0
54760.0
54376.0
55402.0
58189.0
59994.0
56274.0
53457.0
51851.0
48148.0
44477.0
42339.0
42339.0
41712.0
41671.0
41757.0
41565.0
42190.0
45251.0
48940.0
51835.0
54927.0
55446.0
53667.0
52045.0
51294.0
51055.0
52314.0
53780.0
55231.0
56018.0
54708.0
54471.0
51382.0
48015.0
46060.0
45580.0
46380.0
48151.0
51961.0
59870.0
65576.0
69080.0
70582.0
71831.0
73122.0
72217.0
71398.0
70132.0
69243.0
67296.0
66139.0
65781.0
66489.0
66886.0
64180.0
60622.0
55983.0
52078.0
49877.0
49021.0
49380.0
50740.0
54184.0
61218.0
66684.0
69906.0
70814.0
72305.0
73379.0
72345.0
71673.0
69972.0
68667.0
66596.0
66317.0
66109.0
66577.0
67135.0
64257.0
60819.0
56168.0
52564.0
50589.0
49735.0
50307.0
51756.0
55106.0
61844.0
66867.0
69892.0
71171.0
72659.0
73759.0
72602.0
71562.0
70487.0
69661.0
67898.0
67007.0
66949.0
67298.0
67564.0
64643.0
61708.0
57065.0
53263.0
51141.0
50276.0
50538.0
51993.0
55021.0
61468.0
66593.0
69695.0
71274.0
72793.0
73890.0
72736.0
71363.0
70025.0
68320.0
66453.0
65374.0
64757.0
64659.0
64832.0
61806.0
58746.0
54647.0
50677.0
48211.0
46930.0
46396.0
46272.0
45227.0
43714.0
44222.0
47162.0
50488.0
52704.0
54827.0
54240.0
52144.0
50463.0
49192.0
48243.0
48968.0
50371.0
51403.0
52915.0
51830.0
50875.0
48086.0
44802.0
42621.0
41650.0
41394.0
42147.0
43100.0
43952.0
46008.0
49761.0
53235.0
55258.0
56306.0
55972.0
54651.0
53437.0
52856.0
52067.0
52658.0
53212.0
53197.0
53743.0
52165.0
51033.0
48069.0
44745.0
42658.0
41491.0
41267.0
41556.0
41313.0
40266.0
41422.0
44754.0
47753.0
49253.0
51380.0
49973.0
47077.0
45499.0
44400.0
43538.0
44322.0
46071.0
47034.0
49181.0
49075.0
48603.0
45789.0
42911.0
40902.0
39941.0
39894.0
40502.0
40714.0
40273.0
41236.0
44669.0
48417.0
50268.0
52138.0
51736.0
49692.0
48273.0
47314.0
46497.0
47077.0
48752.0
49867.0
52402.0
52175.0
51893.0
48895.0
45903.0
44196.0
43765.0
44446.0
46506.0
50825.0
58416.0
63988.0
67458.0
68624.0
69881.0
70959.0
70544.0
69704.0
68732.0
67712.0
65469.0
64413.0
64443.0
64560.0
65252.0
62927.0
59752.0
55367.0
51342.0
49201.0
48125.0
48702.0
50208.0
53678.0
60290.0
65311.0
68345.0
69676.0
70713.0
71562.0
70768.0
69743.0
68051.0
66444.0
64244.0
63398.0
63387.0
63803.0
64456.0
62370.0
59050.0
54671.0
50691.0
48384.0
47380.0
48059.0
49763.0
53400.0
59661.0
64555.0
67123.0
68129.0
69211.0
70012.0
69087.0
68049.0
66515.0
65196.0
63022.0
62330.0
62008.0
62437.0
63353.0
61425.0
57686.0
53070.0
49471.0
47262.0
46303.0
46869.0
48574.0
52394.0
58785.0
63802.0
66911.0
68083.0
69269.0
70048.0
68742.0
66988.0
64923.0
63167.0
61524.0
61061.0
60658.0
60471.0
61304.0
59263.0
56006.0
51778.0
47899.0
45615.0
44340.0
43978.0
44538.0
45459.0
46580.0
49131.0
53262.0
56451.0
58155.0
59240.0
58486.0
56723.0
55003.0
53689.0
53182.0
54035.0
54840.0
54956.0
54486.0
52375.0
50325.0
46795.0
43413.0
41161.0
39820.0
39701.0
40093.0
40303.0
39981.0
41752.0
45166.0
48342.0
51065.0
53063.0
52126.0
49794.0
47937.0
46650.0
46353.0
47452.0
49426.0
50500.0
52606.0
52550.0
51381.0
47982.0
45066.0
43446.0
42647.0
43289.0
45288.0
50087.0
59135.0
64603.0
67561.0
68479.0
69593.0
70755.0
69966.0
69200.0
67869.0
66608.0
64834.0
64035.0
63592.0
63360.0
63844.0
61850.0
57887.0
53026.0
49575.0
47558.0
46726.0
47600.0
49140.0
53208.0
61031.0
65938.0
68425.0
68778.0
69966.0
70983.0
70092.0
69105.0
67937.0
66526.0
64446.0
64081.0
63611.0
63524.0
63775.0
62128.0
57906.0
52850.0
49102.0
47097.0
46131.0
46428.0
48156.0
52443.0
60202.0
65276.0
67919.0
68367.0
69675.0
71000.0
69778.0
69140.0
67830.0
66366.0
64348.0
63673.0
63375.0
63241.0
63645.0
62341.0
57869.0
52769.0
48928.0
46766.0
45522.0
45771.0
47464.0
51603.0
59413.0
64387.0
67237.0
68242.0
69452.0
70164.0
69459.0
68761.0
67473.0
66302.0
64524.0
64011.0
63962.0
63709.0
63418.0
61441.0
57210.0
52287.0
48731.0
46659.0
45750.0
46211.0
47820.0
51922.0
59330.0
64669.0
67395.0
68099.0
69381.0
70040.0
69104.0
67959.0
66422.0
65341.0
64115.0
63676.0
62822.0
62059.0
61252.0
59455.0
55928.0
51337.0
47602.0
45205.0
44027.0
44222.0
44552.0
45163.0
45865.0
48986.0
53180.0
56256.0
57874.0
58653.0
56990.0
54609.0
52669.0
51484.0
50740.0
51171.0
51992.0
51646.0
51806.0
51084.0
48993.0
45463.0
42325.0
40225.0
39164.0
39215.0
39568.0
40018.0
39394.0
41228.0
44889.0
48367.0
50562.0
52527.0
51669.0
49303.0
47464.0
46337.0
45687.0
46664.0
48363.0
49389.0
50623.0
50946.0
49591.0
46089.0
43353.0
42033.0
41555.0
42225.0
44345.0
49319.0
57621.0
63307.0
66091.0
66763.0
68023.0
69223.0
68629.0
67751.0
66537.0
65244.0
63410.0
62531.0
62244.0
62211.0
61745.0
60674.0
56349.0
51168.0
47744.0
45778.0
44845.0
45355.0
47160.0
51363.0
58794.0
64078.0
66676.0
67155.0
68375.0
69537.0
68871.0
68443.0
67119.0
65770.0
63922.0
63013.0
62740.0
62517.0
62285.0
61352.0
57152.0
51774.0
47890.0
46013.0
45105.0
45450.0
46894.0
51053.0
58465.0
63925.0
66792.0
67374.0
68587.0
69528.0
68790.0
67804.0
66310.0
64957.0
63156.0
62447.0
61960.0
61816.0
61226.0
60370.0
56104.0
51344.0
47900.0
46041.0
45163.0
45783.0
47433.0
51366.0
58491.0
63575.0
66221.0
67039.0
68096.0
68951.0
67855.0
67126.0
65592.0
64207.0
62410.0
61784.0
61739.0
61807.0
61338.0
60589.0
56476.0
51392.0
47908.0
45952.0
45064.0
45531.0
47131.0
51149.0
58344.0
63738.0
66342.0
67042.0
67971.0
68643.0
67687.0
66391.0
64703.0
63099.0
61499.0
60942.0
60430.0
59831.0
59103.0
58042.0
54563.0
50235.0
46632.0
44528.0
43026.0
42672.0
42951.0
43704.0
45030.0
48466.0
52785.0
55839.0
57637.0
58423.0
57533.0
55742.0
54103.0
53139.0
52474.0
53167.0
53637.0
52984.0
51919.0
50826.0
48711.0
45199.0
41813.0
39394.0
38104.0
37809.0
38115.0
38476.0
38387.0
40602.0
44448.0
47872.0
50430.0
52506.0
52130.0
50011.0
48359.0
47527.0
46915.0
47900.0
49620.0
50092.0
50734.0
51171.0
50154.0
46626.0
43721.0
42213.0
41596.0
42153.0
44161.0
48937.0
57636.0
64034.0
67457.0
68635.0
70067.0
71467.0
70954.0
70174.0
69128.0
68015.0
66210.0
65650.0
65388.0
64794.0
63337.0
61549.0
57582.0
52581.0
49079.0
47198.0
46328.0
46916.0
48503.0
52445.0
59873.0
65348.0
68126.0
68590.0
69711.0
71021.0
70330.0
69747.0
68598.0
67089.0
65515.0
64917.0
64485.0
63955.0
62745.0
62117.0
58758.0
54101.0
50055.0
48044.0
47315.0
47981.0
49526.0
53020.0
59894.0
64941.0
67291.0
67948.0
69025.0
70012.0
69110.0
68223.0
67132.0
66028.0
64285.0
63409.0
63365.0
63123.0
62488.0
61986.0
58005.0
53060.0
49371.0
47235.0
46045.0
46240.0
47776.0
51697.0
59035.0
64844.0
67357.0
67796.0
68876.0
70340.0
69248.0
68474.0
66970.0
65911.0
64177.0
63211.0
62409.0
61804.0
60164.0
58215.0
54459.0
49838.0
45963.0
43453.0
41732.0
41422.0
41455.0
40606.0
38831.0
40685.0
44048.0
47207.0
49227.0
51289.0
50696.0
48773.0
47111.0
46138.0
45578.0
46369.0
47287.0
47394.0
47353.0
48099.0
46889.0
43468.0
40110.0
38148.0
37302.0
37572.0
38458.0
39610.0
40956.0
44413.0
48692.0
51720.0
53225.0
54004.0
53636.0
51964.0
50630.0
49846.0
49230.0
49912.0
50727.0
50738.0
49913.0
50052.0
48269.0
44763.0
41235.0
39045.0
37780.0
37712.0
38105.0
38289.0
38124.0
40214.0
43560.0
46841.0
49317.0
52128.0
51847.0
50138.0
48726.0
48002.0
47956.0
49473.0
50998.0
50772.0
50537.0
50661.0
49679.0
46063.0
43053.0
41471.0
40892.0
41352.0
43098.0
47926.0
56732.0
63191.0
66657.0
67702.0
69193.0
70494.0
69920.0
68854.0
67299.0
65629.0
63873.0
63212.0
62752.0
62509.0
61093.0
60406.0
56318.0
51216.0
47395.0
45510.0
44566.0
44915.0
46313.0
50178.0
58408.0
65099.0
67813.0
68684.0
70298.0
71501.0
70670.0
69475.0
67653.0
66721.0
65399.0
65437.0
64892.0
64048.0
61772.0
60589.0
56614.0
51486.0
47653.0
45811.0
44747.0
44846.0
46351.0
50353.0
57870.0
63975.0
67106.0
67826.0
68885.0
69985.0
69380.0
68735.0
67378.0
65922.0
64577.0
63981.0
63872.0
63155.0
61514.0
60893.0
57309.0
51795.0
48039.0
46260.0
45252.0
45524.0
47320.0
50707.0
58321.0
64190.0
67102.0
67721.0
68914.0
69863.0
68951.0
68388.0
67090.0
65742.0
64220.0
63455.0
63081.0
62309.0
60694.0
60104.0
56344.0
51288.0
47743.0
45827.0
44630.0
44863.0
46406.0
50181.0
57424.0
63623.0
66236.0
66840.0
68017.0
68695.0
67589.0
66084.0
64144.0
62720.0
61642.0
61398.0
61011.0
60305.0
58583.0
57839.0
54471.0
49965.0
46018.0
43710.0
41973.0
41592.0
41915.0
42441.0
44181.0
48170.0
52608.0
56028.0
57755.0
58325.0
57169.0
55193.0
53243.0
52093.0
51665.0
52216.0
52615.0
51834.0
50250.0
50164.0
48285.0
44634.0
41324.0
39318.0
38146.0
37837.0
38134.0
38307.0
38364.0
41081.0
45046.0
48282.0
50315.0
52234.0
51343.0
49278.0
47243.0
45902.0
45033.0
46045.0
47507.0
48316.0
48738.0
50463.0
49882.0
46162.0
43163.0
41617.0
41048.0
41491.0
43341.0
47474.0
55994.0
62623.0
66011.0
66914.0
68606.0
69826.0
68907.0
68261.0
67022.0
66082.0
64009.0
63279.0
62749.0
62498.0
60603.0
59980.0
56355.0
51173.0
47443.0
45413.0
44202.0
44344.0
45694.0
49279.0
57050.0
63235.0
66162.0
66910.0
68456.0
69832.0
69462.0
69141.0
68306.0
67048.0
65601.0
64871.0
64746.0
64102.0
61934.0
60617.0
56793.0
51615.0
47840.0
45815.0
44528.0
44914.0
46109.0
49334.0
57002.0
63079.0
65824.0
66319.0
67613.0
68670.0
67954.0
67490.0
66053.0
64383.0
62507.0
62102.0
61796.0
60938.0
58841.0
57527.0
54033.0
49433.0
45555.0
43234.0
41825.0
41417.0
41367.0
40372.0
39881.0
42704.0
46473.0
49149.0
50755.0
51964.0
51160.0
49228.0
47673.0
46436.0
45768.0
46520.0
47861.0
48298.0
48266.0
48910.0
47625.0
44028.0
41180.0
39431.0
38430.0
38602.0
40025.0
42768.0
48141.0
53579.0
57565.0
59394.0
60650.0
61471.0
60972.0
59390.0
57902.0
56684.0
55796.0
55866.0
55696.0
54896.0
53250.0
52751.0
50703.0
46671.0
43224.0
41064.0
39762.0
39546.0
40062.0
40224.0
42071.0
45585.0
49902.0
52942.0
54834.0
56106.0
55503.0
53851.0
52454.0
51596.0
51179.0
51625.0
52277.0
51528.0
49699.0
48899.0
47331.0
44201.0
41135.0
39006.0
37705.0
37456.0
37669.0
37297.0
37446.0
39518.0
43246.0
46733.0
49232.0
51370.0
50793.0
49015.0
47477.0
46614.0
46115.0
47310.0
48806.0
48845.0
48178.0
48853.0
48735.0
45128.0
42371.0
41027.0
40308.0
40828.0
42565.0
46488.0
55181.0
61971.0
65278.0
66241.0
67798.0
68996.0
68488.0
67849.0
66732.0
65342.0
63453.0
62881.0
62705.0
62466.0
60701.0
59677.0
56369.0
51219.0
47528.0
45457.0
44406.0
44795.0
46164.0
49352.0
57354.0
63499.0
66738.0
67989.0
69509.0
70813.0
70053.0
69109.0
67787.0
66427.0
65235.0
64706.0
64237.0
63397.0
60931.0
59633.0
56518.0
51501.0
47988.0
45962.0
44609.0
44768.0
46571.0
49679.0
57328.0
63622.0
66458.0
67391.0
68959.0
69994.0
69110.0
68238.0
66837.0
65734.0
64417.0
63811.0
63456.0
62732.0
60469.0
59216.0
56297.0
51532.0
47921.0
46068.0
45229.0
45554.0
46795.0
49675.0
57125.0
63207.0
66291.0
67002.0
68155.0
69697.0
68785.0
67932.0
66550.0
65398.0
64092.0
63504.0
63115.0
62665.0
60479.0
59402.0
56598.0
51520.0
48160.0
46151.0
45156.0
45441.0
46884.0
49923.0
57392.0
63753.0
66677.0
67296.0
68161.0
68820.0
67960.0
66454.0
64488.0
62977.0
61881.0
61550.0
60974.0
59983.0
57833.0
56547.0
54108.0
49641.0
45925.0
43826.0
42398.0
42019.0
42145.0
42309.0
43984.0
47849.0
51859.0
54909.0
56433.0
57125.0
55835.0
53624.0
51701.0
50617.0
50196.0
50917.0
51540.0
51220.0
49377.0
48348.0
47104.0
43593.0
40305.0
37897.0
36363.0
35842.0
36080.0
35621.0
35990.0
38645.0
42244.0
44847.0
46890.0
48979.0
48342.0
46175.0
44287.0
43104.0
42651.0
43381.0
44679.0
45004.0
44490.0
44960.0
44769.0
41574.0
38536.0
36556.0
35366.0
35062.0
35427.0
35520.0
36299.0
38652.0
42330.0
45638.0
47963.0
50436.0
50440.0
48703.0
46853.0
46156.0
45914.0
47456.0
48767.0
48826.0
47902.0
47783.0
47671.0
44326.0
41416.0
39829.0
39088.0
39368.0
41088.0
45152.0
53645.0
60529.0
64245.0
65840.0
67866.0
69525.0
68796.0
68326.0
67119.0
65734.0
64162.0
63908.0
63525.0
62682.0
59990.0
58382.0
55846.0
50887.0
47424.0
45542.0
44565.0
44777.0
46055.0
49138.0
56785.0
63126.0
66378.0
67590.0
69200.0
70301.0
68833.0
67866.0
66986.0
65760.0
64253.0
63650.0
63284.0
62422.0
60008.0
58492.0
56133.0
51193.0
47756.0
45553.0
44351.0
44689.0
46106.0
49091.0
56661.0
62650.0
65596.0
66581.0
68047.0
69553.0
68918.0
68138.0
66887.0
66183.0
64861.0
64453.0
63706.0
62714.0
60098.0
58515.0
55884.0
50777.0
47270.0
45176.0
44211.0
44460.0
45799.0
48637.0
56061.0
62368.0
65525.0
66601.0
67903.0
68729.0
68041.0
66666.0
65114.0
63829.0
62568.0
62080.0
61626.0
60838.0
58238.0
56549.0
54323.0
50298.0
46591.0
44253.0
42911.0
42656.0
42771.0
42823.0
44727.0
48142.0
52435.0
55641.0
57397.0
58253.0
57020.0
55224.0
53173.0
52164.0
51810.0
52065.0
52282.0
51516.0
49142.0
48177.0
47968.0
44454.0
41180.0
38937.0
37964.0
37646.0
37694.0
36956.0
37274.0
39684.0
43433.0
46714.0
49304.0
51828.0
51220.0
49255.0
47856.0
47041.0
46666.0
47983.0
49458.0
49497.0
48656.0
48820.0
49290.0
45820.0
43032.0
41477.0
40575.0
40906.0
42481.0
46013.0
54941.0
61677.0
65249.0
66321.0
67926.0
69701.0
69102.0
68311.0
67026.0
65603.0
63876.0
63399.0
62931.0
61977.0
59432.0
57802.0
55731.0
50805.0
47243.0
45117.0
44316.0
44456.0
45815.0
48929.0
56982.0
63442.0
66876.0
67867.0
69736.0
71013.0
70065.0
69428.0
68581.0
67534.0
65886.0
65196.0
64722.0
63755.0
61084.0
59127.0
56879.0
51935.0
48124.0
46070.0
45015.0
44956.0
45692.0
48499.0
56542.0
62858.0
66247.0
67200.0
68818.0
70252.0
69406.0
68681.0
67478.0
66430.0
64474.0
63548.0
62786.0
61641.0
58843.0
56869.0
54934.0
50322.0
46631.0
44457.0
43119.0
42875.0
43158.0
43200.0
45483.0
49310.0
52694.0
54763.0
56348.0
57615.0
57187.0
55440.0
54158.0
53109.0
52144.0
52514.0
53039.0
52935.0
51805.0
50962.0
50619.0
46922.0
43838.0
41941.0
41012.0
40825.0
41805.0
44732.0
51264.0
57239.0
60885.0
62890.0
64324.0
65514.0
64727.0
63517.0
62158.0
61128.0
59916.0
59783.0
59182.0
58197.0
55606.0
53988.0
53099.0
49347.0
45966.0
43568.0
41930.0
41254.0
41321.0
41508.0
43880.0
47355.0
51623.0
54860.0
57049.0
58132.0
57092.0
55327.0
53649.0
52541.0
51724.0
52082.0
51975.0
51231.0
49311.0
47919.0
47509.0
44664.0
41236.0
38939.0
37678.0
37104.0
36853.0
36317.0
37162.0
39277.0
42731.0
46184.0
48497.0
50743.0
50443.0
48652.0
47198.0
46280.0
45765.0
47102.0
48666.0
49041.0
48438.0
48075.0
48879.0
45592.0
42907.0
41291.0
40609.0
40578.0
41800.0
45329.0
54765.0
61786.0
65346.0
66724.0
68402.0
69731.0
68961.0
68055.0
66643.0
65837.0
64463.0
63904.0
63679.0
62778.0
60066.0
57501.0
55220.0
50527.0
47223.0
45540.0
44255.0
44471.0
45615.0
48418.0
56854.0
63258.0
66237.0
67111.0
68592.0
69893.0
69074.0
68275.0
66953.0
65777.0
64570.0
64307.0
63840.0
63012.0
60437.0
58211.0
55758.0
50984.0
47423.0
45496.0
44600.0
44985.0
45907.0
48968.0
56943.0
63460.0
66523.0
67325.0
68781.0
70052.0
69294.0
68625.0
67469.0
66489.0
65041.0
64395.0
63662.0
62853.0
60564.0
58313.0
55988.0
51258.0
47564.0
45641.0
44645.0
44814.0
45591.0
48292.0
56493.0
62873.0
66038.0
67204.0
68580.0
69685.0
69011.0
68522.0
67336.0
66247.0
64650.0
63819.0
63638.0
62845.0
60364.0
58187.0
56361.0
51742.0
48022.0
45813.0
44821.0
44964.0
45723.0
48560.0
56644.0
63261.0
66730.0
67762.0
69443.0
70559.0
69869.0
68468.0
66784.0
65626.0
64139.0
63594.0
62528.0
61271.0
58324.0
56105.0
54276.0
50427.0
46929.0
44590.0
43124.0
42337.0
42294.0
42390.0
44899.0
48870.0
53334.0
56592.0
58566.0
59307.0
58032.0
56040.0
54478.0
53362.0
52467.0
52747.0
52803.0
51828.0
49345.0
47802.0
47573.0
44461.0
41011.0
38658.0
37478.0
36745.0
36648.0
36175.0
37123.0
39799.0
43374.0
46585.0
48958.0
51236.0
50713.0
49026.0
47371.0
46153.0
46217.0
47464.0
48782.0
49125.0
48442.0
48065.0
48769.0
45664.0
42814.0
41178.0
40462.0
40599.0
41822.0
45621.0
54718.0
61810.0
65294.0
66573.0
68215.0
69604.0
68758.0
68314.0
67107.0
65884.0
64361.0
63730.0
63037.0
62127.0
59466.0
57050.0
55369.0
50965.0
47343.0
45325.0
44415.0
44612.0
45579.0
48219.0
56297.0
62518.0
65606.0
66465.0
68063.0
69256.0
68331.0
67504.0
66391.0
65069.0
63539.0
63032.0
62516.0
61752.0
58971.0
56587.0
54647.0
50200.0
46765.0
45085.0
43960.0
43934.0
45057.0
47861.0
55830.0
62140.0
65116.0
65889.0
67392.0
68736.0
68329.0
67878.0
66536.0
65380.0
63856.0
63555.0
62869.0
61953.0
59646.0
57556.0
55482.0
50761.0
47258.0
45225.0
44397.0
44486.0
45479.0
48486.0
56465.0
63147.0
66273.0
67280.0
68785.0
70128.0
69237.0
68603.0
67550.0
66463.0
64884.0
64482.0
63861.0
62877.0
60335.0
57921.0
55342.0
50752.0
47218.0
45211.0
44174.0
44452.0
45450.0
48263.0
56283.0
62809.0
66317.0
67324.0
68589.0
69353.0
68236.0
67312.0
65810.0
64321.0
63212.0
62962.0
62222.0
60942.0
57954.0
55968.0
53622.0
49731.0
46460.0
44165.0
42915.0
42497.0
42358.0
42287.0
44320.0
48172.0
52285.0
55519.0
57447.0
58305.0
57187.0
54933.0
53075.0
52143.0
51628.0
52102.0
52266.0
51782.0
49659.0
48174.0
47268.0
44168.0
41193.0
38852.0
37666.0
37075.0
36920.0
36763.0
37688.0
40205.0
43472.0
46622.0
49261.0
51894.0
51458.0
49438.0
47926.0
47024.0
46920.0
48382.0
49720.0
49726.0
48988.0
48486.0
48984.0
45924.0
43090.0
41495.0
40866.0
41288.0
42659.0
46168.0
55083.0
61816.0
65548.0
66748.0
68777.0
70371.0
69743.0
69254.0
67795.0
66816.0
65235.0
64702.0
64330.0
63603.0
61084.0
58735.0
55512.0
50774.0
47451.0
45617.0
44615.0
44915.0
46194.0
48996.0
57048.0
63380.0
66411.0
67465.0
69354.0
70705.0
69305.0
68746.0
67657.0
66654.0
65504.0
64920.0
64377.0
63452.0
60867.0
58779.0
56144.0
51571.0
48300.0
46165.0
45342.0
45563.0
46698.0
49620.0
57617.0
63935.0
67088.0
67947.0
69904.0
70842.0
69872.0
69101.0
67709.0
66296.0
64690.0
64182.0
63377.0
62501.0
60056.0
57940.0
55849.0
51387.0
47773.0
45808.0
44819.0
44798.0
45887.0
48669.0
56499.0
62694.0
65984.0
67151.0
68575.0
69823.0
69138.0
68454.0
67228.0
66097.0
64534.0
64108.0
63137.0
62389.0
59888.0
57852.0
55768.0
51296.0
47670.0
45407.0
44403.0
44562.0
45437.0
48370.0
56370.0
62662.0
66153.0
67166.0
68570.0
69814.0
68943.0
67671.0
65712.0
64478.0
62951.0
62454.0
61530.0
60265.0
57502.0
55440.0
53417.0
49655.0
46594.0
44030.0
42602.0
42032.0
41862.0
42010.0
44273.0
48026.0
52224.0
55635.0
57704.0
58275.0
56875.0
55097.0
53599.0
52449.0
51750.0
51818.0
52143.0
51580.0
48860.0
47285.0
46707.0
43898.0
40627.0
38581.0
37027.0
36408.0
36203.0
35821.0
36882.0
39335.0
42783.0
46072.0
48526.0
50559.0
49942.0
48095.0
46823.0
46056.0
45980.0
47060.0
48424.0
48744.0
48253.0
48072.0
48528.0
45369.0
42547.0
41133.0
40406.0
40611.0
42009.0
45597.0
54189.0
61329.0
65026.0
66106.0
68073.0
69849.0
69236.0
68756.0
67824.0
66858.0
65054.0
64089.0
63405.0
62369.0
59675.0
57645.0
55527.0
51001.0
47793.0
45856.0
44677.0
44653.0
45253.0
48149.0
56083.0
62761.0
66019.0
67121.0
68912.0
70353.0
69758.0
69328.0
68006.0
66805.0
65066.0
64235.0
63430.0
62587.0
60142.0
57893.0
56008.0
51813.0
48357.0
46400.0
45319.0
45168.0
45841.0
48607.0
56464.0
62866.0
66364.0
67804.0
69725.0
71316.0
70708.0
70205.0
68974.0
67753.0
65926.0
65153.0
64385.0
63490.0
61291.0
58899.0
57419.0
53478.0
49954.0
47848.0
46726.0
46639.0
47412.0
49962.0
57839.0
64366.0
67791.0
69165.0
71054.0
72500.0
71794.0
71002.0
69646.0
68532.0
66950.0
66108.0
64976.0
63946.0
62178.0
59951.0
58272.0
54179.0
50743.0
48469.0
47163.0
46887.0
47559.0
50004.0
57678.0
64357.0
68092.0
68927.0
70487.0
71422.0
70526.0
69216.0
67699.0
66438.0
65043.0
64439.0
63216.0
61786.0
59144.0
56967.0
55330.0
51972.0
48740.0
46274.0
44684.0
43879.0
43478.0
43284.0
45674.0
49753.0
53852.0
56895.0
58591.0
59220.0
58104.0
56405.0
54869.0
54020.0
53296.0
53390.0
53461.0
52958.0
50994.0
49489.0
48872.0
46146.0
43342.0
40571.0
39452.0
39089.0
38582.0
38019.0
39084.0
41768.0
45186.0
48077.0
50268.0
52258.0
52167.0
50732.0
49635.0
48982.0
48853.0
49832.0
50989.0
51079.0
50534.0
50160.0
50602.0
47807.0
44984.0
43036.0
42421.0
42783.0
43983.0
46986.0
55697.0
62476.0
66015.0
67558.0
69286.0
70694.0
70077.0
69695.0
68387.0
67280.0
65560.0
64549.0
63772.0
62849.0
60374.0
58109.0
56326.0
52051.0
48535.0
46602.0
45472.0
45647.0
46469.0
49125.0
56944.0
63352.0
66854.0
68198.0
69974.0
71436.0
70937.0
70552.0
69495.0
68384.0
67042.0
66428.0
65339.0
64467.0
61869.0
59718.0
57112.0
52947.0
49516.0
47715.0
46645.0
46510.0
47406.0
50116.0
57847.0
63828.0
66606.0
67675.0
69190.0
70650.0
69749.0
68984.0
67943.0
66751.0
65227.0
64471.0
63810.0
62502.0
59838.0
57744.0
55534.0
51308.0
47925.0
46202.0
45244.0
45285.0
46327.0
48903.0
56111.0
62258.0
65544.0
66954.0
68381.0
69809.0
68999.0
68334.0
67130.0
65787.0
64174.0
63916.0
63178.0
61865.0
59359.0
57178.0
55388.0
51279.0
48118.0
46189.0
45289.0
45434.0
46326.0
48801.0
56197.0
62066.0
65543.0
66499.0
67838.0
68607.0
67878.0
66700.0
64926.0
63469.0
62170.0
61364.0
60268.0
58893.0
56263.0
54138.0
52792.0
49209.0
45962.0
43674.0
42183.0
41831.0
41616.0
41390.0
43568.0
47294.0
51547.0
54527.0
56323.0
57250.0
56241.0
54589.0
52796.0
51904.0
51288.0
51566.0
51442.0
50657.0
48693.0
47315.0
46965.0
44229.0
41445.0
39339.0
38224.0
37508.0
37197.0
36709.0
37598.0
39954.0
43296.0
46556.0
49039.0
51077.0
50860.0
49348.0
47937.0
47330.0
47351.0
48528.0
49662.0
49663.0
48997.0
48689.0
48779.0
45634.0
43147.0
41739.0
40965.0
41218.0
42586.0
46098.0
54692.0
61475.0
64968.0
66618.0
68143.0
69835.0
69510.0
68626.0
67549.0
66255.0
64700.0
64534.0
63913.0
62837.0
60326.0
57996.0
54888.0
50671.0
47755.0
45687.0
44533.0
44728.0
45795.0
48934.0
56684.0
63083.0
66678.0
67826.0
69257.0
70875.0
70019.0
69293.0
68283.0
67222.0
65395.0
64753.0
63878.0
62860.0
60163.0
58190.0
55726.0
51329.0
47973.0
46062.0
45214.0
45394.0
46347.0
49043.0
56566.0
62978.0
66155.0
67148.0
68950.0
70525.0
69645.0
68988.0
67856.0
66603.0
65136.0
64509.0
63827.0
62988.0
60598.0
58773.0
56412.0
51922.0
48427.0
46458.0
45288.0
45415.0
46215.0
49157.0
56736.0
62930.0
66462.0
67925.0
69553.0
70774.0
70203.0
69613.0
68497.0
67403.0
65824.0
65082.0
63952.0
62966.0
60974.0
59091.0
56896.0
52746.0
49316.0
47163.0
45926.0
45908.0
46942.0
49955.0
57388.0
63609.0
67163.0
68824.0
70471.0
71446.0
70327.0
69039.0
67440.0
66170.0
64857.0
64042.0
63021.0
61264.0
58227.0
56189.0
54599.0
50857.0
47394.0
44847.0
43491.0
42938.0
42846.0
42829.0
44914.0
48556.0
52581.0
56121.0
58474.0
59391.0
57767.0
55408.0
53733.0
52489.0
51527.0
51981.0
52169.0
50860.0
48569.0
47431.0
47119.0
44358.0
41611.0
39710.0
38538.0
37794.0
37676.0
37564.0
38259.0
40739.0
44136.0
46967.0
49276.0
51499.0
51408.0
49982.0
48692.0
48242.0
47824.0
48553.0
49463.0
49259.0
48401.0
48440.0
49060.0
46205.0
43796.0
42036.0
41078.0
41023.0
42443.0
46174.0
54317.0
60958.0
64649.0
65997.0
67909.0
69292.0
68792.0
68093.0
67017.0
66033.0
64696.0
64259.0
63619.0
62378.0
59894.0
58122.0
56026.0
51672.0
48395.0
46452.0
45782.0
45866.0
46912.0
49810.0
57290.0
63551.0
67193.0
68751.0
70470.0
71794.0
71136.0
70624.0
69267.0
68093.0
66395.0
65545.0
64495.0
63002.0
60374.0
58634.0
56678.0
52192.0
48902.0
46824.0
45816.0
46064.0
46803.0
49548.0
56895.0
63281.0
66804.0
68344.0
70181.0
71516.0
70678.0
69983.0
68965.0
67672.0
66282.0
65483.0
64391.0
63076.0
60131.0
58385.0
55944.0
51620.0
48522.0
46583.0
45489.0
45595.0
46603.0
49469.0
56448.0
62362.0
65768.0
67068.0
68476.0
70010.0
69326.0
68249.0
67131.0
65939.0
64621.0
63836.0
62866.0
61667.0
58915.0
57454.0
55347.0
50897.0
47795.0
45795.0
44753.0
44719.0
45611.0
48447.0
55448.0
61305.0
64813.0
65974.0
67746.0
69044.0
68421.0
66812.0
65125.0
63874.0
62698.0
62251.0
61408.0
60107.0
57702.0
56291.0
54159.0
50326.0
46890.0
44787.0
43319.0
42678.0
42635.0
42616.0
44419.0
47693.0
51843.0
55068.0
56771.0
57976.0
56703.0
54905.0
53616.0
52500.0
52136.0
52146.0
51997.0
51024.0
48773.0
47740.0
46498.0
43573.0
40795.0
38906.0
37799.0
37205.0
36988.0
36713.0
37123.0
39506.0
42968.0
45805.0
47874.0
49796.0
49558.0
47586.0
46380.0
45462.0
44946.0
45897.0
47070.0
47522.0
47104.0
47286.0
46727.0
43647.0
41247.0
39658.0
38952.0
39222.0
40699.0
44682.0
52478.0
58891.0
62708.0
64439.0
66507.0
68228.0
67278.0
66424.0
65282.0
64325.0
62889.0
62346.0
61729.0
60584.0
57778.0
56235.0
53727.0
49098.0
45798.0
44109.0
43246.0
43281.0
44274.0
47434.0
54356.0
60421.0
63838.0
65612.0
67556.0
68802.0
67967.0
66891.0
65864.0
64575.0
62995.0
62495.0
61726.0
60748.0
57927.0
56385.0
53522.0
49004.0
45947.0
44341.0
43356.0
43424.0
44496.0
47500.0
54303.0
60280.0
63684.0
65123.0
66785.0
68188.0
67271.0
66410.0
65021.0
63865.0
62290.0
62066.0
61474.0
60503.0
57757.0
56543.0
53783.0
49486.0
46589.0
44696.0
43609.0
43628.0
44646.0
47682.0
54130.0
60046.0
63564.0
65026.0
66620.0
68034.0
67233.0
66181.0
65161.0
63963.0
62333.0
61749.0
61084.0
59965.0
57453.0
56201.0
53423.0
49063.0
45781.0
43775.0
42653.0
42715.0
44016.0
47077.0
53659.0
59325.0
62968.0
64228.0
65763.0
66497.0
65595.0
63909.0
62103.0
60752.0
59515.0
58948.0
58097.0
56828.0
54568.0
53504.0
51192.0
47277.0
44053.0
41706.0
40320.0
39785.0
39833.0
40245.0
42028.0
45545.0
49635.0
52657.0
54239.0
54969.0
53467.0
51870.0
50969.0
50043.0
49377.0
50026.0
50039.0
49285.0
47400.0
47047.0
45671.0
42424.0
39400.0
37535.0
36289.0
35504.0
35339.0
35378.0
35898.0
38271.0
41824.0
44855.0
47116.0
49083.0
48653.0
47255.0
45872.0
45183.0
44832.0
45764.0
46851.0
47258.0
46949.0
47681.0
47276.0
43847.0
41337.0
39731.0
38926.0
39065.0
40317.0
43899.0
51484.0
57802.0
61937.0
64054.0
66197.0
67872.0
67302.0
66771.0
65706.0
64712.0
63166.0
62393.0
61413.0
60345.0
57952.0
57180.0
54252.0
49903.0
46622.0
44642.0
43400.0
43197.0
44153.0
47491.0
54097.0
60100.0
63975.0
65620.0
67497.0
69168.0
68558.0
67903.0
66523.0
65235.0
63593.0
62915.0
62377.0
60844.0
58254.0
57085.0
53800.0
49401.0
46108.0
44146.0
43114.0
43021.0
44112.0
47277.0
53613.0
59321.0
62872.0
64307.0
66017.0
67702.0
67215.0
66391.0
65387.0
63984.0
62280.0
61635.0
60954.0
59871.0
57565.0
56969.0
54121.0
49702.0
46458.0
44590.0
43613.0
43614.0
44676.0
47703.0
53991.0
59809.0
63359.0
65179.0
67079.0
68694.0
68170.0
67439.0
66301.0
65151.0
63623.0
63070.0
62236.0
61154.0
58720.0
57894.0
55059.0
50597.0
47401.0
45211.0
44169.0
43999.0
44769.0
47781.0
53937.0
59917.0
63574.0
65602.0
67586.0
68716.0
67522.0
65980.0
64320.0
62881.0
61763.0
61073.0
60004.0
58749.0
55913.0
55061.0
52372.0
48613.0
45436.0
43302.0
41996.0
41536.0
41492.0
42110.0
43857.0
47241.0
51076.0
54242.0
56123.0
57019.0
55770.0
54110.0
52748.0
51925.0
51277.0
51389.0
51254.0
50630.0
48710.0
48409.0
46665.0
43524.0
40858.0
38906.0
37682.0
37025.0
37022.0
37115.0
37445.0
39730.0
43007.0
46103.0
48298.0
50334.0
49939.0
48367.0
47361.0
46805.0
46373.0
47396.0
48469.0
48599.0
48365.0
49273.0
48179.0
45004.0
42482.0
40936.0
40132.0
40122.0
41290.0
45092.0
52225.0
58652.0
62649.0
64685.0
66659.0
67942.0
67505.0
66702.0
65654.0
64447.0
63026.0
62607.0
62264.0
61275.0
58895.0
57777.0
53881.0
49446.0
46513.0
44924.0
43928.0
43993.0
44818.0
48084.0
54399.0
60142.0
63353.0
64628.0
66508.0
68013.0
67654.0
67016.0
65793.0
64640.0
63213.0
62551.0
61785.0
60621.0
58612.0
57825.0
54336.0
50126.0
46929.0
45103.0
44032.0
43982.0
44991.0
48218.0
54982.0
60705.0
64312.0
65657.0
67190.0
68627.0
68144.0
67318.0
66080.0
64975.0
63599.0
63081.0
62295.0
61236.0
59145.0
58270.0
54605.0
50177.0
47102.0
45361.0
44160.0
44202.0
45049.0
48416.0
54911.0
60376.0
63568.0
65112.0
66460.0
68020.0
67656.0
67301.0
66200.0
65338.0
63749.0
63256.0
62471.0
61316.0
59335.0
58488.0
54937.0
50767.0
47694.0
45791.0
44418.0
44398.0
45164.0
48372.0
54936.0
60503.0
63942.0
65452.0
67108.0
68319.0
67519.0
65923.0
64179.0
62778.0
61663.0
60904.0
60508.0
58923.0
56762.0
55363.0
51926.0
48115.0
45235.0
43228.0
41737.0
41145.0
41107.0
41612.0
43017.0
45985.0
49664.0
52669.0
54641.0
55872.0
54977.0
53147.0
51567.0
50614.0
50032.0
50424.0
50636.0
50037.0
48591.0
48165.0
45835.0
43001.0
40359.0
38471.0
37186.0
36786.0
36777.0
37211.0
37809.0
39571.0
42645.0
45556.0
48013.0
50554.0
50296.0
48597.0
47315.0
46828.0
46665.0
47679.0
48890.0
48873.0
48834.0
48843.0
47163.0
44010.0
41798.0
40374.0
39667.0
39927.0
41231.0
45335.0
53362.0
59669.0
63322.0
65092.0
66950.0
68458.0
67795.0
66868.0
65519.0
64111.0
62605.0
62419.0
62241.0
61266.0
59450.0
57501.0
53120.0
48918.0
45810.0
44025.0
43201.0
43327.0
44261.0
47883.0
54901.0
60570.0
63808.0
65153.0
66875.0
68100.0
67375.0
66441.0
64800.0
63668.0
62418.0
62065.0
61364.0
60303.0
58941.0
57618.0
53283.0
48735.0
45695.0
43908.0
43036.0
43067.0
44075.0
47812.0
54391.0
59960.0
63185.0
64550.0
66014.0
67512.0
66488.0
65578.0
64334.0
62964.0
61763.0
61234.0
60801.0
60019.0
58694.0
57380.0
53069.0
48553.0
45552.0
43800.0
42871.0
42944.0
44069.0
47661.0
54557.0
60029.0
63293.0
64539.0
66127.0
67518.0
66788.0
65942.0
64562.0
63350.0
61937.0
61620.0
61082.0
60158.0
58863.0
57601.0
53455.0
48919.0
45828.0
43987.0
42952.0
43057.0
43962.0
47646.0
54353.0
59798.0
63152.0
64681.0
66094.0
67140.0
66057.0
64851.0
62984.0
61658.0
60468.0
59901.0
59170.0
57853.0
56270.0
55281.0
51500.0
47653.0
44588.0
42682.0
41276.0
40761.0
40749.0
41501.0
43089.0
46086.0
49980.0
53313.0
55385.0
56430.0
55434.0
53263.0
51760.0
50842.0
50088.0
50086.0
50234.0
49630.0
48569.0
48377.0
46119.0
43119.0
40263.0
37993.0
36863.0
36229.0
35970.0
36360.0
36783.0
38674.0
42319.0
45465.0
48020.0
50632.0
50193.0
48344.0
47351.0
46351.0
45750.0
46712.0
48288.0
48897.0
49694.0
49333.0
47611.0
44558.0
42066.0
40900.0
40122.0
40561.0
42178.0
46302.0
54181.0
60415.0
63960.0
65670.0
67738.0
68710.0
67811.0
67540.0
67022.0
65922.0
64173.0
63515.0
63076.0
62559.0
61268.0
59072.0
54176.0
49650.0
46461.0
44817.0
43667.0
43634.0
44720.0
48744.0
56511.0
61883.0
65344.0
66505.0
68283.0
69553.0
68404.0
67458.0
66094.0
64745.0
63074.0
62418.0
61943.0
61240.0
60677.0
58812.0
54434.0
49961.0
47133.0
45247.0
44132.0
44165.0
45279.0
49278.0
56688.0
61923.0
64933.0
66268.0
68111.0
69431.0
68726.0
67978.0
66951.0
65779.0
63978.0
63043.0
62463.0
61508.0
61035.0
59757.0
55470.0
50794.0
47718.0
45711.0
44501.0
44544.0
45665.0
49551.0
57106.0
62623.0
65560.0
66730.0
68587.0
70081.0
69505.0
68969.0
67845.0
66340.0
64623.0
64177.0
63870.0
62999.0
62150.0
59517.0
54889.0
50478.0
47485.0
45542.0
44587.0
44669.0
45589.0
49105.0
56601.0
62138.0
65458.0
66670.0
68362.0
69446.0
68022.0
66461.0
64671.0
63271.0
61732.0
61495.0
60559.0
59316.0
58450.0
56365.0
52375.0
48641.0
45570.0
43476.0
42192.0
41586.0
41572.0
42469.0
44277.0
47226.0
51093.0
54285.0
56228.0
57114.0
56205.0
54211.0
52608.0
51583.0
51017.0
51091.0
51094.0
50511.0
50244.0
48999.0
46448.0
43296.0
40552.0
38735.0
37427.0
36889.0
36923.0
37453.0
38022.0
39929.0
43478.0
46517.0
49070.0
51146.0
50847.0
49056.0
47857.0
47140.0
46950.0
47519.0
48849.0
49404.0
50974.0
50580.0
48806.0
45632.0
43266.0
41834.0
41136.0
41348.0
42552.0
47103.0
55787.0
61873.0
65308.0
67177.0
69052.0
70315.0
69688.0
69091.0
68104.0
66928.0
65264.0
64495.0
63916.0
62843.0
62903.0
60362.0
55766.0
51266.0
48767.0
47021.0
46082.0
45912.0
46934.0
50612.0
58504.0
64163.0
67324.0
68399.0
70166.0
71749.0
71260.0
70015.0
68790.0
67744.0
66241.0
65324.0
64901.0
64226.0
63161.0
60449.0
55948.0
51383.0
48453.0
46453.0
45434.0
45659.0
46789.0
50712.0
58550.0
63625.0
66635.0
67666.0
69129.0
70155.0
69292.0
68410.0
67257.0
65909.0
64181.0
63609.0
63454.0
63114.0
62892.0
59806.0
55154.0
50455.0
47541.0
45758.0
44783.0
45035.0
46076.0
50121.0
58357.0
63552.0
66464.0
67305.0
68627.0
69806.0
68893.0
68154.0
66788.0
65682.0
64057.0
63465.0
63135.0
63207.0
63102.0
59860.0
55001.0
50568.0
47369.0
45506.0
44598.0
44677.0
45821.0
49821.0
57779.0
62935.0
65817.0
66892.0
68402.0
69602.0
68583.0
66663.0
65136.0
63427.0
62326.0
61708.0
61289.0
60901.0
60792.0
57583.0
53623.0
49589.0
46126.0
44000.0
42776.0
42152.0
42149.0
42941.0
44925.0
47672.0
51492.0
54665.0
56860.0
58181.0
57204.0
55421.0
53633.0
52432.0
51926.0
52550.0
53072.0
52989.0
52671.0
50072.0
47582.0
44483.0
41292.0
39270.0
38427.0
38146.0
38202.0
38784.0
39605.0
41111.0
44653.0
48043.0
50457.0
53173.0
52829.0
50936.0
49298.0
48191.0
47909.0
49136.0
50189.0
50769.0
51860.0
50078.0
48289.0
44943.0
42384.0
41053.0
40359.0
40773.0
42237.0
46993.0
56277.0
62403.0
66013.0
67240.0
68570.0
69707.0
69088.0
68344.0
67120.0
65869.0
64240.0
63844.0
63666.0
63850.0
63837.0
60037.0
55359.0
50701.0
47532.0
45644.0
44728.0
45132.0
46509.0
50528.0
58976.0
64147.0
66917.0
67716.0
69084.0
70218.0
69328.0
68781.0
67349.0
65818.0
64127.0
63808.0
63519.0
63851.0
64206.0
60217.0
55443.0
50680.0
47558.0
45544.0
44610.0
44843.0
46371.0
50521.0
58731.0
63963.0
66446.0
67149.0
68502.0
69937.0
69151.0
68281.0
66820.0
65311.0
63664.0
63178.0
63059.0
63193.0
63790.0
60175.0
55308.0
50656.0
47512.0
45759.0
44693.0
44816.0
46174.0
50363.0
58778.0
63641.0
66253.0
66952.0
67998.0
69010.0
68286.0
67627.0
66547.0
65190.0
63630.0
63117.0
63232.0
63807.0
64324.0
60370.0
55823.0
51282.0
48144.0
46141.0
45061.0
45343.0
46492.0
50495.0
58936.0
64194.0
66685.0
67442.0
68397.0
69250.0
68176.0
66598.0
65320.0
63878.0
62630.0
62231.0
61705.0
61804.0
61807.0
57909.0
53723.0
49404.0
46091.0
44124.0
42974.0
42608.0
42749.0
43685.0
45826.0
48641.0
52529.0
55526.0
57263.0
58401.0
57298.0
55229.0
53639.0
52843.0
52363.0
52700.0
53561.0
54404.0
54267.0
51208.0
48143.0
44761.0
41612.0
39531.0
38341.0
37822.0
37805.0
38361.0
39344.0
40785.0
44409.0
47807.0
50175.0
52660.0
52527.0
50432.0
49130.0
48032.0
47920.0
49254.0
50862.0
52204.0
53382.0
51009.0
49254.0
46038.0
43547.0
42072.0
41378.0
41744.0
43444.0
48280.0
58230.0
64263.0
67617.0
68442.0
69733.0
70934.0
70540.0
69931.0
67740.0
67146.0
65483.0
65167.0
64658.0
65286.0
64928.0
60943.0
56042.0
51523.0
48232.0
46573.0
45556.0
45895.0
47283.0
51302.0
60439.0
65223.0
67758.0
68501.0
69838.0
71289.0
70378.0
69220.0
68356.0
67214.0
65368.0
64847.0
64577.0
65599.0
65325.0
61306.0
56343.0
51576.0
48513.0
46540.0
45417.0
45512.0
47017.0
51429.0
60692.0
66056.0
68491.0
68978.0
70453.0
71853.0
71126.0
70377.0
68838.0
67895.0
66191.0
66555.0
66549.0
67391.0
65819.0
61978.0
57483.0
52820.0
49258.0
47322.0
46388.0
46375.0
47517.0
51678.0
60824.0
66109.0
68792.0
69548.0
71112.0
72555.0
71525.0
70773.0
69375.0
68049.0
66578.0
66411.0
66356.0
67173.0
65723.0
61479.0
56753.0
52004.0
48632.0
46384.0
45414.0
45619.0
46836.0
50961.0
59925.0
65126.0
67285.0
67804.0
68932.0
69687.0
68951.0
67080.0
65090.0
63847.0
62857.0
62163.0
61942.0
63025.0
62298.0
57830.0
53512.0
49471.0
46021.0
44083.0
42790.0
42369.0
42635.0
43479.0
45935.0
48659.0
52672.0
55594.0
57271.0
58192.0
57067.0
54968.0
53260.0
52504.0
51663.0
52205.0
53127.0
54395.0
53594.0
50195.0
47588.0
44233.0
41049.0
38843.0
37962.0
37531.0
37716.0
38455.0
39533.0
40796.0
44195.0
47569.0
50175.0
52534.0
52374.0
50395.0
48998.0
48089.0
47767.0
49201.0
51139.0
53044.0
53229.0
50554.0
48767.0
45365.0
42875.0
41376.0
40621.0
41298.0
43087.0
47998.0
58270.0
64051.0
66370.0
67046.0
68375.0
69381.0
68951.0
68200.0
66998.0
65702.0
64011.0
63609.0
64220.0
66408.0
64982.0
60453.0
55579.0
50951.0
47864.0
46023.0
45263.0
45317.0
46608.0
51108.0
60372.0
65604.0
67989.0
68469.0
69814.0
71255.0
70705.0
69877.0
68707.0
67403.0
65858.0
65662.0
65953.0
67516.0
65428.0
60840.0
56335.0
51494.0
48167.0
46245.0
45294.0
45664.0
47168.0
51243.0
60373.0
66245.0
68748.0
69292.0
70728.0
71707.0
70559.0
69621.0
68240.0
66988.0
65251.0
65245.0
65850.0
67726.0
65701.0
60900.0
56606.0
51769.0
48607.0
46675.0
45702.0
46084.0
47572.0
51788.0
60899.0
66178.0
68065.0
68236.0
69357.0
70508.0
69639.0
68624.0
67414.0
66172.0
64560.0
64251.0
64652.0
66926.0
65238.0
60885.0
56515.0
51804.0
48509.0
46632.0
45531.0
45798.0
47090.0
51134.0
60164.0
65694.0
68049.0
68554.0
69373.0
69864.0
68909.0
67244.0
65296.0
64083.0
63093.0
62858.0
62951.0
65039.0
62922.0
58383.0
54460.0
50153.0
46769.0
44518.0
43176.0
42755.0
43199.0
44120.0
46690.0
49689.0
53484.0
56252.0
57826.0
58452.0
57431.0
55528.0
53709.0
52843.0
52567.0
53293.0
54312.0
56219.0
54402.0
51037.0
48549.0
45151.0
42063.0
40014.0
38759.0
38296.0
38585.0
39144.0
40191.0
41844.0
45471.0
48436.0
50632.0
52672.0
52300.0
50226.0
48436.0
47548.0
47322.0
49011.0
51303.0
54163.0
53761.0
51288.0
49793.0
46261.0
43614.0
42146.0
41521.0
42058.0
44120.0
48941.0
58703.0
64471.0
67006.0
67895.0
68973.0
69879.0
69252.0
68516.0
66968.0
65529.0
63880.0
63526.0
64380.0
67504.0
65291.0
60807.0
56210.0
51508.0
48272.0
46519.0
45479.0
45973.0
47625.0
51578.0
60957.0
66428.0
68291.0
68417.0
69092.0
70191.0
69563.0
68422.0
67160.0
65925.0
64508.0
64175.0
64891.0
68113.0
65967.0
61590.0
57132.0
52322.0
48922.0
47059.0
46136.0
46453.0
48085.0
52316.0
61434.0
66598.0
68522.0
68651.0
69339.0
70100.0
68961.0
67945.0
66602.0
65336.0
63806.0
63614.0
64760.0
68105.0
65845.0
61431.0
57117.0
52348.0
48573.0
46837.0
45944.0
45944.0
46372.0
47830.0
51865.0
60832.0
66000.0
67029.0
66119.0
66149.0
66484.0
65302.0
64570.0
63592.0
62644.0
61628.0
62104.0
63783.0
67476.0
65279.0
60797.0
56426.0
48505.0
46622.0
45657.0
45657.0
46237.0
47730.0
51743.0
60711.0
65930.0
67005.0
66378.0
66449.0
66397.0
64808.0
63167.0
61630.0
60392.0
59695.0
60271.0
61325.0
64336.0
61871.0
57584.0
53425.0
45716.0
43416.0
42080.0
42080.0
41639.0
41668.0
41443.0
41912.0
43693.0
46260.0
48340.0
49567.0
50634.0
49724.0
47807.0
46305.0
45846.0
45938.0
47762.0
50121.0
52926.0
51132.0
48509.0
46710.0
40704.0
38780.0
37687.0
37687.0
37299.0
37667.0
38251.0
39318.0
41127.0
44202.0
46759.0
48791.0
50705.0
49773.0
48098.0
46907.0
46586.0
46787.0
48664.0
51150.0
54258.0
52826.0
50518.0
49173.0
42936.0
41429.0
40940.0
40940.0
41480.0
43271.0
48217.0
58284.0
64805.0
66531.0
66044.0
66400.0
66984.0
65966.0
65455.0
64470.0
63934.0
62835.0
63397.0
65109.0
68401.0
64958.0
60805.0
56515.0
48516.0
46385.0
45720.0
45720.0
45913.0
47456.0
51673.0
60770.0
67337.0
69171.0
69311.0
70422.0
71446.0
70250.0
69108.0
67655.0
66777.0
65685.0
65970.0
67457.0
69510.0
65702.0
61467.0
56848.0
48582.0
46609.0
45588.0
45588.0
45827.0
47619.0
51881.0
61178.0
67357.0
69554.0
69908.0
70980.0
72049.0
70986.0
69812.0
68640.0
67439.0
66083.0
66560.0
67802.0
69811.0
66160.0
61767.0
57335.0
48974.0
46971.0
45708.0
45708.0
45908.0
47662.0
51704.0
60747.0
67304.0
69137.0
69541.0
70379.0
71146.0
70499.0
69579.0
68336.0
67340.0
66129.0
66273.0
67632.0
69451.0
65872.0
61543.0
57278.0
48526.0
46679.0
45580.0
45580.0
46020.0
47415.0
51303.0
59945.0
66590.0
68902.0
68763.0
69361.0
69825.0
68672.0
66831.0
65011.0
63738.0
62823.0
63199.0
64728.0
66733.0
62828.0
58444.0
54774.0
47185.0
44959.0
43639.0
43639.0
43598.0
43984.0
44603.0
46707.0
49797.0
53118.0
55609.0
56731.0
57145.0
55719.0
53562.0
51925.0
51497.0
51845.0
53601.0
56132.0
58400.0
55112.0
51987.0
49888.0
42969.0
40819.0
39784.0
39784.0
39700.0
40100.0
40278.0
40745.0
42521.0
45152.0
47315.0
48880.0
51246.0
50162.0
48045.0
46685.0
46226.0
46659.0
49074.0
52987.0
56310.0
54484.0
52460.0
51430.0
45047.0
43397.0
42949.0
42949.0
43444.0
45079.0
49974.0
59641.0
66326.0
68043.0
67821.0
67892.0
68426.0
67463.0
66463.0
65316.0
64593.0
63675.0
64591.0
67114.0
69964.0
65973.0
61642.0
57925.0
49716.0
48042.0
47196.0
47196.0
47675.0
49170.0
52937.0
61555.0
68085.0
70089.0
70369.0
71358.0
72221.0
71273.0
70476.0
69323.0
68586.0
67669.0
68250.0
70196.0
71228.0
66902.0
62837.0
59011.0
51161.0
49173.0
48325.0
48325.0
48832.0
50443.0
54284.0
62589.0
69504.0
72092.0
72602.0
73578.0
74634.0
73776.0
72747.0
71655.0
70748.0
69318.0
69175.0
71031.0
71481.0
67394.0
63280.0
59464.0
50954.0
49098.0
48430.0
48430.0
48631.0
50102.0
53867.0
62278.0
69095.0
71627.0
72331.0
73526.0
74449.0
73977.0
73085.0
72038.0
71135.0
69774.0
70067.0
71567.0
71718.0
67469.0
63158.0
59525.0
51513.0
49330.0
48274.0
48274.0
48640.0
50140.0
53770.0
61719.0
68582.0
71153.0
71936.0
73116.0
73628.0
72440.0
70682.0
69085.0
68027.0
67173.0
67745.0
69533.0
69281.0
64752.0
60690.0
57566.0
49747.0
47390.0
45951.0
45951.0
45760.0
46110.0
46536.0
48022.0
51420.0
54956.0
57954.0
59589.0
60453.0
59575.0
57546.0
55957.0
55395.0
55237.0
56756.0
59566.0
59601.0
55677.0
52816.0
51211.0
44928.0
42581.0
41411.0
41411.0
41253.0
41639.0
41842.0
41812.0
43684.0
46539.0
49989.0
52379.0
54589.0
54033.0
51971.0
50725.0
50447.0
50526.0
52668.0
56497.0
57438.0
54893.0
52923.0
52348.0
46066.0
44341.0
43786.0
43786.0
44416.0
46284.0
50617.0
59959.0
67454.0
70145.0
70573.0
71542.0
72362.0
71413.0
70481.0
69373.0
68463.0
67038.0
67326.0
69763.0
70725.0
66432.0
62455.0
58863.0
50481.0
48331.0
47573.0
47573.0
48122.0
49672.0
53261.0
61602.0
68612.0
70782.0
71124.0
72175.0
72729.0
71772.0
70856.0
69769.0
68993.0
67800.0
68150.0
70493.0
70845.0
66772.0
62721.0
58945.0
50628.0
48413.0
47530.0
47530.0
47963.0
49724.0
53411.0
61724.0
68566.0
70600.0
70681.0
71557.0
72254.0
71088.0
70141.0
68698.0
67863.0
66798.0
67308.0
70429.0
71231.0
67195.0
63118.0
59345.0
50940.0
48614.0
47618.0
47618.0
48377.0
49995.0
53884.0
62187.0
68789.0
70557.0
70404.0
71031.0
71787.0
71309.0
70601.0
69619.0
68645.0
67582.0
68391.0
70828.0
71013.0
66956.0
62948.0
58964.0
50420.0
48445.0
47311.0
47311.0
47949.0
49517.0
53199.0
61191.0
67935.0
69829.0
69254.0
69401.0
69490.0
68973.0
67320.0
65954.0
64858.0
63903.0
64581.0
67894.0
68307.0
63937.0
60031.0
56701.0
48693.0
46328.0
45224.0
45224.0
45383.0
45750.0
46221.0
47862.0
51442.0
54533.0
56641.0
57574.0
57952.0
56922.0
54974.0
53204.0
52838.0
53002.0
54909.0
59121.0
59203.0
55738.0
52737.0
50948.0
44046.0
41823.0
40466.0
40049.0
40065.0
40323.0
40553.0
41848.0
44483.0
48311.0
50963.0
52649.0
54456.0
53339.0
51249.0
49886.0
49466.0
50485.0
55409.0
57913.0
56105.0
53444.0
51649.0
50971.0
44925.0
43355.0
43095.0
43095.0
44076.0
46257.0
50961.0
60161.0
65839.0
68174.0
68038.0
68543.0
68674.0
67515.0
66767.0
65945.0
65689.0
65590.0
70149.0
72138.0
69918.0
65564.0
61816.0
58396.0
50129.0
48444.0
47630.0
47630.0
48277.0
49958.0
54012.0
62133.0
67372.0
68992.0
68800.0
69148.0
69747.0
68584.0
68098.0
67468.0
67149.0
67406.0
71821.0
73103.0
70975.0
66545.0
62585.0
58902.0
50533.0
48728.0
47996.0
47996.0
48677.0
50482.0
54456.0
62587.0
67694.0
69397.0
69641.0
70195.0
70698.0
69551.0
69136.0
68429.0
68311.0
68245.0
72376.0
73346.0
70940.0
66514.0
62700.0
59093.0
50357.0
48249.0
47232.0
47232.0
47713.0
49379.0
53265.0
61593.0
67116.0
69386.0
69523.0
70211.0
71296.0
70131.0
69490.0
68958.0
68476.0
68235.0
71902.0
72336.0
70374.0
66262.0
62202.0
58590.0
50249.0
48167.0
47297.0
47297.0
47902.0
49539.0
53424.0
61635.0
67195.0
69834.0
70148.0
70714.0
71115.0
69606.0
68003.0
66447.0
65683.0
66312.0
70194.0
70640.0
68181.0
63698.0
59808.0
56670.0
48522.0
46169.0
45105.0
45105.0
45137.0
45556.0
45974.0
47287.0
50320.0
53455.0
55375.0
56276.0
56473.0
55076.0
53177.0
51954.0
52053.0
53504.0
58700.0
60207.0
57862.0
54287.0
51861.0
50542.0
44092.0
42066.0
41007.0
41036.0
41369.0
41308.0
41208.0
42824.0
46287.0
49170.0
51285.0
53328.0
52661.0
50705.0
48935.0
48200.0
49593.0
55716.0
58259.0
56786.0
54341.0
52506.0
51580.0
48071.0
45346.0
43919.0
43561.0
44321.0
46546.0
51192.0
60662.0
66400.0
68768.0
69243.0
70244.0
70864.0
69904.0
69248.0
68069.0
67499.0
67556.0
72117.0
72915.0
70789.0
66598.0
62676.0
59095.0
54165.0
50943.0
49072.0
48378.0
48897.0
50657.0
54324.0
62760.0
68310.0
70031.0
70036.0
71110.0
71781.0
70715.0
69908.0
68509.0
68129.0
68570.0
73002.0
73012.0
71424.0
67183.0
63233.0
59400.0
54522.0
51228.0
49466.0
48846.0
49379.0
51039.0
55012.0
63164.0
68564.0
70247.0
70096.0
70448.0
71528.0
70773.0
69814.0
68611.0
68087.0
68420.0
72788.0
73164.0
71132.0
66855.0
62841.0
59072.0
54029.0
50530.0
48488.0
47582.0
48068.0
49783.0
53700.0
62310.0
68003.0
69465.0
68893.0
69806.0
70611.0
69534.0
68689.0
67598.0
67037.0
67615.0
72327.0
72808.0
70738.0
66381.0
62564.0
58828.0
54086.0
50243.0
48165.0
47234.0
47836.0
49365.0
53153.0
61457.0
66959.0
69312.0
69685.0
70589.0
71060.0
69677.0
68052.0
66352.0
65757.0
66763.0
70476.0
70063.0
67672.0
63320.0
59380.0
56261.0
52060.0
48386.0
45973.0
44727.0
44244.0
44735.0
45326.0
47412.0
50478.0
54216.0
57114.0
58478.0
59828.0
59084.0
57162.0
55775.0
55639.0
56985.0
61632.0
61646.0
59451.0
55381.0
52627.0
50671.0
47188.0
43752.0
41783.0
40800.0
40377.0
40778.0
41201.0
41461.0
42942.0
46289.0
49134.0
51245.0
53382.0
52329.0
50230.0
48545.0
48408.0
50402.0
56603.0
58365.0
56881.0
54197.0
52274.0
51472.0
48044.0
45119.0
43523.0
42768.0
43307.0
45630.0
50701.0
60512.0
66785.0
68950.0
69587.0
71066.0
72634.0
71764.0
71416.0
70367.0
69287.0
69789.0
73276.0
73160.0
71217.0
66865.0
62736.0
58486.0
53330.0
49775.0
47827.0
47058.0
47618.0
49403.0
53889.0
63142.0
69289.0
71015.0
71140.0
72278.0
73516.0
72578.0
71892.0
70908.0
70217.0
70492.0
73761.0
73194.0
71185.0
66980.0
62880.0
58777.0
53808.0
50244.0
48544.0
47529.0
48138.0
49915.0
53644.0
62547.0
68534.0
70409.0
70741.0
71750.0
72555.0
71522.0
70853.0
69675.0
68804.0
69198.0
72913.0
72534.0
70893.0
66702.0
62483.0
58428.0
53442.0
50179.0
48472.0
47562.0
48107.0
49840.0
53626.0
62372.0
68476.0
70066.0
70230.0
71172.0
71855.0
70848.0
70192.0
68797.0
68105.0
68764.0
72891.0
72864.0
70957.0
66936.0
62939.0
59154.0
54076.0
50304.0
48291.0
47459.0
47997.0
49674.0
53745.0
62488.0
68576.0
70605.0
71286.0
72446.0
73051.0
71985.0
70122.0
68496.0
67535.0
68422.0
72035.0
71426.0
68974.0
64676.0
61064.0
57786.0
53780.0
50193.0
47577.0
46770.0
46818.0
47312.0
47731.0
49393.0
52343.0
55550.0
58340.0
60156.0
61043.0
60128.0
58347.0
56781.0
56705.0
58474.0
62074.0
61740.0
59280.0
55572.0
52807.0
50984.0
47446.0
44761.0
42653.0
41457.0
41342.0
41754.0
41963.0
42402.0
44505.0
48049.0
51389.0
54245.0
56703.0
56218.0
54128.0
52688.0
52185.0
53691.0
58224.0
59011.0
57329.0
54851.0
52792.0
52032.0
48492.0
45554.0
43995.0
43530.0
44230.0
46460.0
51266.0
61059.0
67775.0
69994.0
70293.0
71104.0
72238.0
71724.0
71218.0
70305.0
69940.0
70751.0
73651.0
72829.0
70732.0
66446.0
62434.0
58619.0
53526.0
49993.0
48034.0
47131.0
47901.0
49608.0
53497.0
62647.0
69333.0
70968.0
71355.0
72748.0
73503.0
72690.0
72312.0
71495.0
71112.0
71695.0
74457.0
73465.0
71472.0
67510.0
63673.0
59897.0
54689.0
51090.0
49039.0
48129.0
48579.0
50146.0
54227.0
62640.0
69135.0
70927.0
71186.0
72010.0
73101.0
71940.0
71103.0
69502.0
68766.0
69328.0
73313.0
73262.0
71401.0
67399.0
63230.0
59360.0
54547.0
50855.0
48983.0
48285.0
48834.0
50509.0
54365.0
63443.0
69916.0
71651.0
71687.0
72540.0
73668.0
72738.0
72334.0
71700.0
71298.0
72406.0
74890.0
73823.0
71352.0
67079.0
63383.0
59536.0
54751.0
51024.0
49060.0
48266.0
49114.0
50843.0
54545.0
62891.0
69542.0
71780.0
72200.0
73047.0
73678.0
72634.0
71424.0
70164.0
69637.0
70764.0
72934.0
71523.0
69259.0
64823.0
61089.0
58171.0
53964.0
50536.0
48103.0
46759.0
46606.0
46749.0
47000.0
48318.0
52149.0
55621.0
58752.0
60462.0
61189.0
60380.0
58773.0
57492.0
57618.0
59840.0
63067.0
62858.0
60420.0
56664.0
54213.0
52978.0
49864.0
46983.0
44961.0
44009.0
43641.0
43461.0
43172.0
43160.0
45112.0
48487.0
52038.0
54639.0
57077.0
56840.0
55230.0
53997.0
53677.0
55693.0
59950.0
60809.0
59296.0
56632.0
54974.0
54535.0
51473.0
48826.0
47257.0
46680.0
47153.0
48884.0
53259.0
62472.0
69293.0
71708.0
71983.0
72914.0
73491.0
72885.0
72577.0
71840.0
71661.0
73072.0
76327.0
75450.0
73561.0
69675.0
65845.0
62465.0
58023.0
54970.0
53146.0
52467.0
52931.0
54272.0
57665.0
65660.0
72010.0
73666.0
73781.0
74564.0
75345.0
74841.0
74442.0
73712.0
73375.0
74857.0
77496.0
76395.0
74319.0
70110.0
66235.0
62715.0
58052.0
54714.0
52670.0
51651.0
52113.0
53512.0
56675.0
65322.0
72098.0
74210.0
74703.0
75455.0
75946.0
75206.0
74897.0
73936.0
73773.0
74676.0
76820.0
75772.0
73735.0
69642.0
66003.0
62501.0
57803.0
54289.0
52321.0
51250.0
51631.0
53004.0
56526.0
64992.0
71670.0
73463.0
73374.0
73780.0
74483.0
73721.0
73270.0
72290.0
72025.0
73364.0
76081.0
75219.0
73303.0
69323.0
65812.0
62631.0
58008.0
54474.0
52660.0
51936.0
52148.0
53392.0
56730.0
64965.0
71816.0
73400.0
73346.0
73857.0
73942.0
72856.0
71468.0
70096.0
69717.0
71504.0
74364.0
73144.0
70852.0
66543.0
63280.0
60770.0
56901.0
53387.0
51418.0
50178.0
49833.0
49925.0
49876.0
50712.0
54157.0
57783.0
60854.0
62605.0
63304.0
62410.0
60562.0
59120.0
58852.0
60915.0
64405.0
64013.0
62092.0
58613.0
56270.0
55156.0
52084.0
48949.0
46314.0
45067.0
44699.0
44720.0
44178.0
44071.0
46164.0
49466.0
53137.0
55929.0
58729.0
58691.0
56952.0
55611.0
55596.0
57818.0
60690.0
61379.0
59867.0
57393.0
55766.0
55217.0
51442.0
48166.0
46484.0
46042.0
46742.0
48758.0
53367.0
62731.0
70415.0
72641.0
73187.0
73954.0
75365.0
74913.0
74693.0
73732.0
73622.0
74405.0
75901.0
74882.0
73077.0
69136.0
65452.0
61892.0
56802.0
52996.0
50850.0
49892.0
50476.0
52147.0
56028.0
64300.0
71404.0
73323.0
73009.0
73748.0
74978.0
74615.0
74141.0
73192.0
73055.0
74210.0
75914.0
75010.0
73208.0
69211.0
65395.0
61207.0
56163.0
52545.0
50410.0
49366.0
50064.0
51906.0
55661.0
64403.0
71069.0
73196.0
73246.0
74110.0
74854.0
73945.0
73341.0
72445.0
72304.0
73810.0
76170.0
75315.0
73498.0
69307.0
65479.0
61828.0
56694.0
52887.0
50941.0
50093.0
50549.0
52038.0
55624.0
64009.0
71088.0
72880.0
72700.0
73268.0
73823.0
72637.0
71820.0
70793.0
70876.0
72815.0
75871.0
75114.0
73236.0
69176.0
65385.0
62000.0
57273.0
53448.0
51648.0
51134.0
51241.0
52677.0
56192.0
64766.0
71875.0
74176.0
74041.0
74612.0
74891.0
73861.0
72236.0
70563.0
70282.0
71862.0
74015.0
72739.0
70539.0
66649.0
62964.0
59950.0
55701.0
51704.0
49252.0
48030.0
47835.0
48256.0
48613.0
50187.0
54027.0
57093.0
59656.0
61001.0
62021.0
61333.0
59441.0
57742.0
57956.0
60684.0
63838.0
63160.0
61146.0
57806.0
55436.0
54199.0
50849.0
47534.0
45188.0
43936.0
43708.0
43953.0
43699.0
43609.0
45878.0
48693.0
52041.0
54382.0
56553.0
56119.0
54326.0
52766.0
52576.0
55131.0
58867.0
59874.0
58660.0
56628.0
54765.0
53864.0
50091.0
46766.0
44957.0
44333.0
45135.0
47058.0
51821.0
61735.0
69459.0
71725.0
71670.0
71976.0
72754.0
71899.0
71526.0
70573.0
70484.0
72483.0
75756.0
74776.0
72874.0
68690.0
64922.0
61228.0
56044.0
52373.0
50242.0
49601.0
50351.0
51932.0
55749.0
64277.0
71404.0
72714.0
72209.0
72870.0
73415.0
72433.0
71774.0
70785.0
70781.0
73048.0
76062.0
75037.0
73066.0
69043.0
65250.0
61327.0
56488.0
52882.0
50677.0
49817.0
50233.0
51679.0
55622.0
64340.0
71799.0
73780.0
73636.0
74047.0
74597.0
73618.0
72879.0
71874.0
71532.0
73287.0
76235.0
75457.0
73469.0
69340.0
65674.0
61921.0
57158.0
53722.0
51604.0
51164.0
51593.0
52908.0
56522.0
64883.0
71953.0
73431.0
72840.0
73218.0
74312.0
73609.0
73057.0
72037.0
71929.0
74167.0
76816.0
75826.0
73928.0
69924.0
66088.0
62563.0
57829.0
54392.0
52256.0
51349.0
51656.0
52945.0
56481.0
64588.0
71781.0
74217.0
74441.0
75090.0
75332.0
74209.0
72923.0
71709.0
71536.0
73252.0
74562.0
72886.0
70447.0
66299.0
62867.0
59890.0
55615.0
51889.0
49551.0
48081.0
47872.0
48117.0
48334.0
49515.0
53442.0
57093.0
59680.0
61325.0
62071.0
60834.0
59227.0
57766.0
57957.0
60618.0
63277.0
63018.0
61035.0
57762.0
55472.0
54169.0
50872.0
47288.0
45063.0
43928.0
43571.0
43721.0
43612.0
43195.0
45091.0
48479.0
52043.0
54634.0
57175.0
56650.0
54766.0
53402.0
53187.0
56194.0
59634.0
60469.0
59410.0
57152.0
55498.0
54987.0
51573.0
48667.0
46999.0
46514.0
47039.0
49035.0
53464.0
62718.0
70377.0
72689.0
72707.0
73154.0
73802.0
73157.0
72523.0
71328.0
71110.0
73129.0
75380.0
74468.0
72502.0
68428.0
64771.0
61287.0
56025.0
52341.0
50391.0
49578.0
49863.0
51392.0
54938.0
63474.0
70880.0
73101.0
72868.0
73232.0
73632.0
72597.0
72015.0
71058.0
70728.0
72697.0
75146.0
74331.0
72492.0
68685.0
64913.0
61326.0
56303.0
52260.0
50064.0
49034.0
49452.0
51030.0
54716.0
63540.0
70902.0
73022.0
72929.0
73681.0
74255.0
73290.0
72824.0
71941.0
71857.0
73536.0
74934.0
73654.0
71544.0
67395.0
63594.0
60047.0
54654.0
50509.0
48213.0
47083.0
47338.0
48955.0
52810.0
61406.0
68468.0
70816.0
70691.0
71267.0
71757.0
70734.0
69965.0
68977.0
68470.0
70278.0
72804.0
72036.0
69979.0
65978.0
62199.0
58635.0
53568.0
49668.0
47220.0
46224.0
46643.0
48416.0
51876.0
60013.0
67430.0
70119.0
69796.0
70177.0
70234.0
68933.0
67444.0
66255.0
65765.0
67749.0
69714.0
68111.0
65778.0
61842.0
58367.0
55802.0
51289.0
47246.0
44873.0
43807.0
43728.0
44188.0
44669.0
46020.0
49950.0
53598.0
56247.0
57712.0
58453.0
57752.0
55961.0
54594.0
54421.0
57304.0
60905.0
60826.0
58843.0
55467.0
52879.0
51242.0
47596.0
44038.0
41510.0
40314.0
40197.0
40619.0
40843.0
40817.0
43197.0
46162.0
49110.0
51415.0
53968.0
53672.0
51738.0
50295.0
50156.0
53107.0
56753.0
57425.0
56324.0
54093.0
52157.0
50817.0
46857.0
43613.0
41768.0
40919.0
41344.0
43159.0
46965.0
54640.0
61830.0
65203.0
65592.0
66118.0
66832.0
66615.0
65830.0
64597.0
64127.0
65633.0
68249.0
67814.0
65965.0
62135.0
58534.0
55525.0
50564.0
46496.0
44024.0
43057.0
43355.0
44621.0
47663.0
54532.0
61157.0
64048.0
64243.0
64778.0
65360.0
64956.0
64135.0
62953.0
62628.0
64331.0
66868.0
66144.0
64122.0
60352.0
56971.0
53960.0
49183.0
45590.0
43057.0
42008.0
42323.0
43635.0
46327.0
51497.0
57397.0
60644.0
61609.0
62210.0
62683.0
61812.0
60285.0
59055.0
58677.0
60973.0
64127.0
63387.0
61045.0
57098.0
53773.0
50971.0
46207.0
42174.0
39678.0
38785.0
38707.0
39328.0
40118.0
41549.0
45217.0
49024.0
51954.0
53064.0
53530.0
52690.0
50709.0
48730.0
48184.0
50795.0
54086.0
52665.0
49721.0
47279.0
46582.0
46206.0
43276.0
40067.0
37451.0
35981.0
35615.0
36275.0
36635.0
36774.0
38922.0
42346.0
45991.0
48730.0
50912.0
49178.0
45983.0
44502.0
44199.0
46398.0
49732.0
50394.0
49448.0
47614.0
46405.0
45886.0
42645.0
39261.0
37217.0
36306.0
36408.0
36891.0
37213.0
37324.0
39345.0
42331.0
45489.0
47656.0
49470.0
48368.0
45732.0
44084.0
43734.0
46284.0
50357.0
51315.0
50148.0
48256.0
46919.0
46027.0
42806.0
39669.0
37535.0
36518.0
36538.0
37223.0
37394.0
37573.0
39560.0
42097.0
44946.0
47079.0
49086.0
48948.0
47248.0
45927.0
46005.0
48509.0
52617.0
53210.0
52077.0
49728.0
48038.0
46868.0
43383.0
40107.0
38225.0
37748.0
38089.0
39390.0
41520.0
44842.0
49498.0
52976.0
54937.0
55741.0
56700.0
56681.0
55361.0
54271.0
54511.0
57086.0
61120.0
61275.0
59335.0
55641.0
52938.0
50944.0
46930.0
43316.0
41240.0
40464.0
40402.0
41480.0
43418.0
46369.0
50686.0
53952.0
55774.0
56636.0
57351.0
57075.0
55772.0
54486.0
54466.0
57118.0
60570.0
60512.0
58407.0
54905.0
52473.0
50490.0
46683.0
42931.0
40652.0
39759.0
39828.0
40846.0
42715.0
45461.0
49739.0
53254.0
55417.0
56422.0
57318.0
57259.0
55920.0
54752.0
55067.0
57769.0
61420.0
61498.0
59571.0
55980.0
53533.0
51832.0
48344.0
44507.0
42146.0
41216.0
40911.0
41222.0
41688.0
42186.0
44809.0
48230.0
51325.0
53043.0
54050.0
53811.0
52361.0
50862.0
50782.0
52852.0
56178.0
55578.0
52481.0
49056.0
47253.0
47057.0
45305.0
