_pv_national_current load factor in Germany in 2016
0.0
0.0
0.0
0.0
0.0
0.0
0.0
0.0013
0.0215
0.0581
0.0928
0.1128
0.1104
0.078
0.0246
0.0002
0.0
0.0
0.0
0.0
0.0
0.0
0.0
0.0
0.0
0.0
0.0
0.0
0.0
0.0
0.0
0.003
0.0338
0.0735
0.108
0.1134
0.0893
0.0508
0.0113
0.0
0.0
0.0
0.0
0.0
0.0
0.0
0.0
0.0
0.0
0.0
0.0
0.0
0.0
0.0
0.0
0.0042
0.0519
0.1131
0.1609
0.1775
0.1546
0.0969
0.0254
0.0001
0.0
0.0
0.0
0.0
0.0
0.0
0.0
0.0
0.0
0.0
0.0
0.0
0.0
0.0
0.0
0.0018
0.0281
0.0607
0.0859
0.0964
0.0877
0.0528
0.0124
0.0
0.0
0.0
0.0
0.0
0.0
0.0
0.0
0.0
0.0
0.0
0.0
0.0
0.0
0.0
0.0
0.0024
0.0359
0.0752
0.1043
0.1073
0.0905
0.0566
0.0161
0.0001
0.0
0.0
0.0
0.0
0.0
0.0
0.0
0.0
0.0
0.0
0.0
0.0
0.0
0.0
0.0
0.0036
0.0508
0.1089
0.1549
0.1741
0.1511
0.0952
0.0278
0.0
0.0
0.0
0.0
0.0
0.0
0.0
0.0
0.0
0.0
0.0
0.0
0.0
0.0
0.0
0.0
0.0051
0.0512
0.1086
0.1458
0.1518
0.1202
0.0633
0.0126
0.0
0.0
0.0
0.0
0.0
0.0
0.0
0.0
0.0
0.0
0.0
0.0
0.0
0.0
0.0
0.0
0.007
0.0731
0.1588
0.2324
0.2667
0.2425
0.169
0.0629
0.0009
0.0
0.0
0.0
0.0
0.0
0.0
0.0
0.0
0.0
0.0
0.0
0.0
0.0
0.0
0.0
0.0073
0.0648
0.1632
0.2262
0.2436
0.2079
0.1326
0.0379
0.0
0.0
0.0
0.0
0.0
0.0
0.0
0.0
0.0
0.0
0.0
0.0
0.0
0.0
0.0
0.0
0.0032
0.0217
0.0537
0.0906
0.1068
0.0938
0.0657
0.0241
0.0
0.0
0.0
0.0
0.0
0.0
0.0
0.0
0.0
0.0
0.0
0.0
0.0
0.0
0.0
0.0
0.0019
0.0316
0.0739
0.1034
0.0972
0.0779
0.0433
0.0107
0.0001
0.0
0.0
0.0
0.0
0.0
0.0
0.0
0.0
0.0
0.0
0.0
0.0
0.0
0.0
0.0
0.0019
0.0228
0.0502
0.0784
0.0957
0.0933
0.0725
0.0272
0.0003
0.0
0.0
0.0
0.0
0.0
0.0
0.0
0.0
0.0
0.0
0.0
0.0
0.0
0.0
0.0
0.0018
0.0235
0.0574
0.0897
0.1197
0.1205
0.0835
0.0298
0.0005
0.0
0.0
0.0
0.0
0.0
0.0
0.0
0.0
0.0
0.0
0.0
0.0
0.0
0.0
0.0
0.0275
0.1269
0.2399
0.3169
0.331
0.2793
0.1788
0.0602
0.0013
0.0
0.0
0.0
0.0
0.0
0.0
0.0
0.0
0.0
0.0
0.0
0.0
0.0
0.0
0.0
0.0078
0.0479
0.0988
0.1374
0.1432
0.116
0.0732
0.0253
0.0003
0.0
0.0
0.0
0.0
0.0
0.0
0.0
0.0
0.0
0.0
0.0
0.0
0.0
0.0
0.0
0.0147
0.0784
0.1404
0.1666
0.1615
0.129
0.08
0.0279
0.0008
0.0
0.0
0.0
0.0
0.0
0.0
0.0
0.0
0.0
0.0
0.0
0.0
0.0
0.0
0.0
0.0055
0.0624
0.1335
0.1898
0.2093
0.1905
0.1306
0.0497
0.0016
0.0
0.0
0.0
0.0
0.0
0.0
0.0
0.0
0.0
0.0
0.0
0.0
0.0
0.0
0.0
0.0298
0.1664
0.3157
0.3993
0.4143
0.3757
0.2778
0.1302
0.0087
0.0
0.0
0.0
0.0
0.0
0.0
0.0
0.0
0.0
0.0
0.0
0.0
0.0
0.0
0.0
0.0373
0.1689
0.3156
0.3836
0.3944
0.3484
0.2511
0.1131
0.007
0.0
0.0
0.0
0.0
0.0
0.0
0.0
0.0
0.0
0.0
0.0
0.0
0.0
0.0
0.0
0.0148
0.0752
0.1437
0.1941
0.2084
0.1887
0.1333
0.0585
0.0047
0.0
0.0
0.0
0.0
0.0
0.0
0.0
0.0
0.0
0.0
0.0
0.0
0.0
0.0
0.0
0.0341
0.1603
0.2935
0.3846
0.4159
0.386
0.2941
0.1454
0.0119
0.0
0.0
0.0
0.0
0.0
0.0
0.0
0.0
0.0
0.0
0.0
0.0
0.0
0.0
0.0
0.0562
0.211
0.3759
0.4716
0.4979
0.4526
0.3405
0.1681
0.0136
0.0
0.0
0.0
0.0
0.0
0.0
0.0
0.0
0.0
0.0
0.0
0.0
0.0
0.0
0.0
0.0023
0.0194
0.0416
0.0608
0.0696
0.0637
0.0432
0.018
0.0016
0.0
0.0
0.0
0.0
0.0
0.0
0.0
0.0
0.0
0.0
0.0
0.0
0.0
0.0
0.0
0.0051
0.0316
0.0673
0.1123
0.1442
0.1378
0.1004
0.043
0.002
0.0
0.0
0.0
0.0
0.0
0.0
0.0
0.0
0.0
0.0
0.0
0.0
0.0
0.0
0.0
0.0149
0.0595
0.1142
0.168
0.202
0.2041
0.1658
0.0918
0.013
0.0
0.0
0.0
0.0
0.0
0.0
0.0
0.0
0.0
0.0
0.0
0.0
0.0
0.0
0.0
0.0179
0.0789
0.1427
0.1878
0.2059
0.1854
0.1354
0.0621
0.0065
0.0
0.0
0.0
0.0
0.0
0.0
0.0
0.0
0.0
0.0
0.0
0.0
0.0
0.0
0.0
0.0154
0.0519
0.0932
0.1389
0.1664
0.1621
0.1229
0.0554
0.0047
0.0
0.0
0.0
0.0
0.0
0.0
0.0
0.0
0.0
0.0
0.0
0.0
0.0
0.0
0.0
0.0225
0.1046
0.2203
0.3275
0.3613
0.3225
0.2283
0.1006
0.0081
0.0
0.0
0.0
0.0
0.0
0.0
0.0
0.0
0.0
0.0
0.0
0.0
0.0
0.0
0.0
0.0283
0.1018
0.1883
0.2579
0.2693
0.2437
0.1823
0.0925
0.0137
0.0
0.0
0.0
0.0
0.0
0.0
0.0
0.0
0.0
0.0
0.0
0.0
0.0
0.0
0.0001
0.0315
0.0889
0.126
0.1379
0.1297
0.1075
0.0737
0.0314
0.0029
0.0
0.0
0.0
0.0
0.0
0.0
0.0
0.0
0.0
0.0
0.0
0.0
0.0
0.0
0.0
0.0275
0.0904
0.1387
0.1582
0.1517
0.1251
0.0796
0.0305
0.0026
0.0
0.0
0.0
0.0
0.0
0.0
0.0
0.0
0.0
0.0
0.0
0.0
0.0
0.0
0.0
0.0045
0.0205
0.0403
0.0566
0.0734
0.0753
0.0557
0.0279
0.0032
0.0
0.0
0.0
0.0
0.0
0.0
0.0
0.0
0.0
0.0
0.0
0.0
0.0
0.0
0.0
0.0217
0.0776
0.1441
0.2056
0.2192
0.1864
0.1229
0.0581
0.01
0.0
0.0
0.0
0.0
0.0
0.0
0.0
0.0
0.0
0.0
0.0
0.0
0.0
0.0
0.0001
0.0342
0.1004
0.1832
0.2306
0.241
0.2127
0.1603
0.0856
0.0137
0.0
0.0
0.0
0.0
0.0
0.0
0.0
0.0
0.0
0.0
0.0
0.0
0.0
0.0
0.0
0.0106
0.0341
0.0593
0.0774
0.0843
0.0726
0.0501
0.0235
0.0024
0.0
0.0
0.0
0.0
0.0
0.0
0.0
0.0
0.0
0.0
0.0
0.0
0.0
0.0
0.0001
0.0223
0.0718
0.1221
0.1625
0.1742
0.154
0.0988
0.0428
0.0073
0.0
0.0
0.0
0.0
0.0
0.0
0.0
0.0
0.0
0.0
0.0
0.0
0.0
0.0
0.001
0.0581
0.1548
0.2348
0.2892
0.3302
0.3491
0.2934
0.17
0.0366
0.0
0.0
0.0
0.0
0.0
0.0
0.0
0.0
0.0
0.0
0.0
0.0
0.0
0.0
0.0019
0.0746
0.1721
0.2379
0.2718
0.2628
0.2199
0.1549
0.0765
0.0121
0.0
0.0
0.0
0.0
0.0
0.0
0.0
0.0
0.0
0.0
0.0
0.0
0.0
0.0
0.0016
0.047
0.0954
0.125
0.1411
0.1446
0.1357
0.0976
0.0472
0.0079
0.0
0.0
0.0
0.0
0.0
0.0
0.0
0.0
0.0
0.0
0.0
0.0
0.0
0.0
0.0011
0.0492
0.1302
0.2111
0.2628
0.2403
0.1559
0.0699
0.0244
0.0036
0.0
0.0
0.0
0.0
0.0
0.0
0.0
0.0
0.0
0.0
0.0
0.0
0.0
0.0
0.0002
0.0334
0.0957
0.1638
0.2216
0.2354
0.2106
0.1549
0.0724
0.0137
0.0
0.0
0.0
0.0
0.0
0.0
0.0
0.0
0.0
0.0
0.0
0.0
0.0
0.0
0.0013
0.0476
0.1355
0.2292
0.2923
0.316
0.2925
0.2284
0.1297
0.0328
0.0
0.0
0.0
0.0
0.0
0.0
0.0
0.0
0.0
0.0
0.0
0.0
0.0
0.0
0.0016
0.0664
0.1878
0.3199
0.385
0.3916
0.3646
0.2961
0.1801
0.0496
0.0
0.0
0.0
0.0
0.0
0.0
0.0
0.0
0.0
0.0
0.0
0.0
0.0
0.0
0.0039
0.1054
0.2508
0.3814
0.4217
0.4101
0.348
0.2552
0.1334
0.0276
0.0
0.0
0.0
0.0
0.0
0.0
0.0
0.0
0.0
0.0
0.0
0.0
0.0
0.0
0.0017
0.0378
0.0948
0.1538
0.1927
0.1907
0.1549
0.1059
0.0549
0.0135
0.0
0.0
0.0
0.0
0.0
0.0
0.0
0.0
0.0
0.0
0.0
0.0
0.0
0.0
0.0016
0.0454
0.1306
0.2259
0.2879
0.2933
0.2587
0.1965
0.112
0.0328
0.0001
0.0
0.0
0.0
0.0
0.0
0.0
0.0
0.0
0.0
0.0
0.0
0.0
0.0
0.0087
0.1449
0.3076
0.4394
0.5091
0.5267
0.4871
0.3954
0.2582
0.0951
0.0013
0.0
0.0
0.0
0.0
0.0
0.0
0.0
0.0
0.0
0.0
0.0
0.0
0.0
0.0101
0.1329
0.2796
0.3752
0.4083
0.3918
0.3282
0.2342
0.1199
0.033
0.0002
0.0
0.0
0.0
0.0
0.0
0.0
0.0
0.0
0.0
0.0
0.0
0.0
0.0
0.0114
0.1109
0.2442
0.3684
0.444
0.4409
0.3799
0.2767
0.1556
0.0452
0.0001
0.0
0.0
0.0
0.0
0.0
0.0
0.0
0.0
0.0
0.0
0.0
0.0
0.0
0.0069
0.0649
0.1368
0.1995
0.2502
0.263
0.2409
0.1955
0.1219
0.0443
0.0008
0.0
0.0
0.0
0.0
0.0
0.0
0.0
0.0
0.0
0.0
0.0
0.0
0.0
0.0065
0.0406
0.0687
0.0748
0.0704
0.0635
0.0515
0.0346
0.0171
0.0035
0.0
0.0
0.0
0.0
0.0
0.0
0.0
0.0
0.0
0.0
0.0
0.0
0.0
0.0
0.002
0.0305
0.0646
0.0923
0.1066
0.1027
0.086
0.0651
0.0406
0.017
0.0005
0.0
0.0
0.0
0.0
0.0
0.0
0.0
0.0
0.0
0.0
0.0
0.0
0.0
0.005
0.0416
0.0955
0.1563
0.1931
0.1953
0.1808
0.1445
0.0829
0.0255
0.0006
0.0
0.0
0.0
0.0
0.0
0.0
0.0
0.0
0.0
0.0
0.0
0.0
0.0
0.0031
0.0334
0.0832
0.1516
0.2195
0.2734
0.2831
0.2334
0.1443
0.05
0.001
0.0
0.0
0.0
0.0
0.0
0.0
0.0
0.0
0.0
0.0
0.0
0.0
0.0
0.0108
0.0859
0.2284
0.3549
0.394
0.3954
0.361
0.2871
0.1853
0.0696
0.002
0.0
0.0
0.0
0.0
0.0
0.0
0.0
0.0
0.0
0.0
0.0
0.0
0.0
0.0188
0.1145
0.2269
0.2979
0.3299
0.3265
0.2956
0.2358
0.1456
0.0606
0.0026
0.0
0.0
0.0
0.0
0.0
0.0
0.0
0.0
0.0
0.0
0.0
0.0
0.0
0.0331
0.1525
0.2887
0.3956
0.4281
0.4209
0.39
0.3275
0.2237
0.0891
0.0048
0.0
0.0
0.0
0.0
0.0
0.0
0.0
0.0
0.0
0.0
0.0
0.0
0.0
0.0426
0.188
0.3361
0.4479
0.5044
0.5089
0.4699
0.3878
0.2667
0.1244
0.0131
0.0
0.0
0.0
0.0
0.0
0.0
0.0
0.0
0.0
0.0
0.0
0.0
0.0
0.0386
0.1773
0.3235
0.4202
0.466
0.4685
0.4253
0.3322
0.2123
0.0862
0.0065
0.0
0.0
0.0
0.0
0.0
0.0
0.0
0.0
0.0
0.0
0.0
0.0
0.0
0.0225
0.1191
0.2353
0.3284
0.368
0.3716
0.3444
0.288
0.2031
0.0968
0.0116
0.0
0.0
0.0
0.0
0.0
0.0
0.0
0.0
0.0
0.0
0.0
0.0
0.0
0.0353
0.1525
0.2794
0.3674
0.4083
0.4054
0.3572
0.2682
0.1603
0.06
0.0029
0.0
0.0
0.0
0.0
0.0
0.0
0.0
0.0
0.0
0.0
0.0
0.0
0.0
0.0097
0.0407
0.0791
0.1188
0.1632
0.1933
0.1929
0.1643
0.1217
0.0625
0.0077
0.0
0.0
0.0
0.0
0.0
0.0
0.0
0.0
0.0
0.0
0.0
0.0
0.0
0.0154
0.0777
0.1701
0.2806
0.3495
0.3551
0.319
0.2554
0.1655
0.072
0.0083
0.0
0.0
0.0
0.0
0.0
0.0
0.0
0.0
0.0
0.0
0.0
0.0
0.0001
0.0449
0.1605
0.3006
0.3869
0.406
0.3847
0.3312
0.2477
0.1458
0.0533
0.0027
0.0
0.0
0.0
0.0
0.0
0.0
0.0
0.0
0.0
0.0
0.0
0.0
0.0
0.0181
0.0778
0.1513
0.2119
0.244
0.243
0.1998
0.1396
0.0829
0.0356
0.0037
0.0
0.0
0.0
0.0
0.0
0.0
0.0
0.0
0.0
0.0
0.0
0.0
0.0
0.0141
0.0677
0.1471
0.2383
0.2856
0.2886
0.2636
0.2119
0.1338
0.0598
0.0072
0.0
0.0
0.0
0.0
0.0
0.0
0.0
0.0
0.0
0.0
0.0
0.0
0.0001
0.0283
0.1026
0.1989
0.2899
0.3419
0.3458
0.3059
0.2403
0.1668
0.0827
0.0129
0.0
0.0
0.0
0.0
0.0
0.0
0.0
0.0
0.0
0.0
0.0
0.0
0.0002
0.0497
0.1588
0.3153
0.3807
0.4037
0.4041
0.3779
0.3216
0.2359
0.1211
0.0216
0.0
0.0
0.0
0.0
0.0
0.0
0.0
0.0
0.0
0.0
0.0
0.0
0.0008
0.0987
0.2916
0.4602
0.5695
0.6229
0.6366
0.6025
0.5198
0.3879
0.2161
0.0502
0.0
0.0
0.0
0.0
0.0
0.0
0.0
0.0
0.0
0.0
0.0
0.0
0.0004
0.0675
0.2052
0.3654
0.4777
0.5276
0.5282
0.4901
0.4074
0.2776
0.1378
0.0289
0.0
0.0
0.0
0.0
0.0
0.0
0.0
0.0
0.0
0.0
0.0
0.0
0.0004
0.0429
0.1427
0.2924
0.454
0.5334
0.5392
0.5059
0.425
0.3068
0.1624
0.0351
0.0
0.0
0.0
0.0
0.0
0.0
0.0
0.0
0.0
0.0
0.0
0.0
0.001
0.0661
0.2129
0.3722
0.471
0.5158
0.523
0.4842
0.4066
0.2867
0.1502
0.0341
0.0
0.0
0.0
0.0
0.0
0.0
0.0
0.0
0.0
0.0
0.0
0.0
0.0011
0.0683
0.2138
0.362
0.4801
0.5541
0.5813
0.5592
0.4792
0.3507
0.1923
0.0484
0.0
0.0
0.0
0.0
0.0
0.0
0.0
0.0
0.0
0.0
0.0
0.0
0.0027
0.098
0.289
0.4607
0.5718
0.6347
0.6478
0.6076
0.5171
0.3838
0.2186
0.0609
0.0001
0.0
0.0
0.0
0.0
0.0
0.0
0.0
0.0
0.0
0.0
0.0
0.0002
0.0236
0.0778
0.1585
0.2425
0.3078
0.346
0.3505
0.323
0.2554
0.1464
0.0383
0.0
0.0
0.0
0.0
0.0
0.0
0.0
0.0
0.0
0.0
0.0
0.0
0.0031
0.0879
0.2729
0.4552
0.5555
0.6043
0.6201
0.5911
0.5136
0.3928
0.2349
0.0708
0.0001
0.0
0.0
0.0
0.0
0.0
0.0
0.0
0.0
0.0
0.0
0.0
0.0088
0.136
0.3272
0.492
0.5988
0.6566
0.6668
0.6287
0.5449
0.4169
0.2534
0.0815
0.0003
0.0
0.0
0.0
0.0
0.0
0.0
0.0
0.0
0.0
0.0
0.0
0.0082
0.1079
0.2368
0.3635
0.4503
0.4962
0.5141
0.4973
0.4322
0.3218
0.1818
0.0502
0.0003
0.0
0.0
0.0
0.0
0.0
0.0
0.0
0.0
0.0
0.0
0.0
0.0027
0.0557
0.1504
0.2634
0.3778
0.4738
0.5412
0.5511
0.4945
0.3875
0.2348
0.0715
0.0005
0.0
0.0
0.0
0.0
0.0
0.0
0.0
0.0
0.0
0.0
0.0
0.0038
0.0588
0.158
0.3094
0.4364
0.4985
0.5076
0.4722
0.3929
0.2786
0.1536
0.0439
0.0002
0.0
0.0
0.0
0.0
0.0
0.0
0.0
0.0
0.0
0.0
0.0
0.0022
0.0417
0.1159
0.204
0.3485
0.4655
0.4767
0.4574
0.3875
0.2795
0.1542
0.0459
0.0003
0.0
0.0
0.0
0.0
0.0
0.0
0.0
0.0
0.0
0.0
0.0
0.0021
0.0403
0.1181
0.2402
0.3397
0.4102
0.4298
0.405
0.3421
0.2479
0.13
0.0379
0.0004
0.0
0.0
0.0
0.0
0.0
0.0
0.0
0.0
0.0
0.0
0.0
0.0029
0.0394
0.1053
0.2244
0.3571
0.4403
0.4657
0.4568
0.4058
0.3056
0.1806
0.0578
0.0011
0.0
0.0
0.0
0.0
0.0
0.0
0.0
0.0
0.0
0.0
0.0
0.0086
0.0758
0.1919
0.3443
0.4713
0.5141
0.5229
0.4885
0.4061
0.2804
0.1345
0.0326
0.0001
0.0
0.0
0.0
0.0
0.0
0.0
0.0
0.0
0.0
0.0
0.0
0.0043
0.0401
0.0943
0.1488
0.177
0.1737
0.1469
0.1129
0.0802
0.0532
0.0309
0.0113
0.0005
0.0
0.0
0.0
0.0
0.0
0.0
0.0
0.0
0.0
0.0
0.0
0.0045
0.0574
0.1772
0.3584
0.5202
0.6139
0.6422
0.6217
0.552
0.4327
0.2776
0.1113
0.0048
0.0
0.0
0.0
0.0
0.0
0.0
0.0
0.0
0.0
0.0
0.0
0.017
0.1175
0.2361
0.3177
0.3679
0.3962
0.3959
0.3762
0.3221
0.2422
0.1454
0.0514
0.0018
0.0
0.0
0.0
0.0
0.0
0.0
0.0
0.0
0.0
0.0
0.0
0.0223
0.1106
0.2242
0.3057
0.3482
0.3617
0.3453
0.2907
0.2251
0.1647
0.1042
0.0451
0.0017
0.0
0.0
0.0
0.0
0.0
0.0
0.0
0.0
0.0
0.0
0.0
0.013
0.0827
0.1924
0.2973
0.3844
0.4341
0.4407
0.408
0.3452
0.2522
0.1463
0.0562
0.0029
0.0
0.0
0.0
0.0
0.0
0.0
0.0
0.0
0.0
0.0
0.0
0.004
0.0294
0.0746
0.1409
0.2215
0.3018
0.3515
0.3613
0.3283
0.2636
0.1762
0.0719
0.0039
0.0
0.0
0.0
0.0
0.0
0.0
0.0
0.0
0.0
0.0
0.0
0.0151
0.0964
0.2294
0.3645
0.4262
0.4413
0.4178
0.3712
0.2874
0.1902
0.1033
0.0328
0.0007
0.0
0.0
0.0
0.0
0.0
0.0
0.0
0.0
0.0
0.0
0.0
0.0255
0.1114
0.2424
0.3752
0.4794
0.5395
0.5536
0.5233
0.4508
0.3393
0.2092
0.0935
0.0099
0.0
0.0
0.0
0.0
0.0
0.0
0.0
0.0
0.0
0.0
0.0
0.0314
0.141
0.2787
0.4103
0.511
0.5835
0.6094
0.5991
0.5196
0.3942
0.2401
0.0935
0.0065
0.0
0.0
0.0
0.0
0.0
0.0
0.0
0.0
0.0
0.0
0.0
0.0209
0.0995
0.2167
0.3284
0.408
0.4537
0.4563
0.4214
0.3454
0.2456
0.1449
0.0588
0.0038
0.0
0.0
0.0
0.0
0.0
0.0
0.0
0.0
0.0
0.0
0.0
0.018
0.0864
0.181
0.28
0.3696
0.4355
0.4562
0.4437
0.3742
0.2786
0.1702
0.0683
0.0063
0.0
0.0
0.0
0.0
0.0
0.0
0.0
0.0
0.0
0.0
0.0
0.0253
0.0999
0.2053
0.3033
0.3783
0.4243
0.4179
0.3756
0.2962
0.2056
0.118
0.0455
0.0038
0.0
0.0
0.0
0.0
0.0
0.0
0.0
0.0
0.0
0.0
0.0
0.0245
0.1132
0.2885
0.4468
0.5465
0.5847
0.5861
0.5534
0.4898
0.3867
0.247
0.0937
0.0101
0.0
0.0
0.0
0.0
0.0
0.0
0.0
0.0
0.0
0.0
0.0002
0.0418
0.1596
0.3177
0.444
0.5242
0.5584
0.5441
0.4853
0.3989
0.2979
0.1978
0.0943
0.0138
0.0
0.0
0.0
0.0
0.0
0.0
0.0
0.0
0.0
0.0
0.0002
0.0396
0.1426
0.268
0.3831
0.4825
0.5455
0.5477
0.5093
0.439
0.3389
0.2112
0.0953
0.015
0.0
0.0
0.0
0.0
0.0
0.0
0.0
0.0
0.0
0.0
0.0005
0.0523
0.1755
0.3227
0.4436
0.5216
0.5543
0.5539
0.5112
0.4306
0.3194
0.1951
0.0802
0.0118
0.0
0.0
0.0
0.0
0.0
0.0
0.0
0.0
0.0
0.0
0.0
0.0358
0.1375
0.2703
0.3909
0.4842
0.5488
0.565
0.5412
0.4818
0.3836
0.2549
0.1221
0.0236
0.0
0.0
0.0
0.0
0.0
0.0
0.0
0.0
0.0
0.0
0.0004
0.0479
0.1799
0.3438
0.4765
0.5668
0.6102
0.6105
0.5706
0.4864
0.3699
0.239
0.1138
0.021
0.0
0.0
0.0
0.0
0.0
0.0
0.0
0.0
0.0
0.0
0.0006
0.0306
0.1008
0.2
0.3063
0.3714
0.4127
0.4152
0.3861
0.3326
0.2593
0.1692
0.0793
0.0136
0.0
0.0
0.0
0.0
0.0
0.0
0.0
0.0
0.0
0.0
0.0007
0.0393
0.1273
0.243
0.3537
0.4119
0.4275
0.3975
0.3421
0.2611
0.1781
0.1018
0.0455
0.0084
0.0
0.0
0.0
0.0
0.0
0.0
0.0
0.0
0.0
0.0
0.0002
0.0321
0.1069
0.2346
0.3688
0.4667
0.5177
0.5088
0.4664
0.4002
0.3189
0.2183
0.1105
0.0243
0.0
0.0
0.0
0.0
0.0
0.0
0.0
0.0
0.0
0.0
0.0011
0.0258
0.0758
0.136
0.1966
0.2543
0.3089
0.335
0.3338
0.3188
0.2685
0.188
0.0969
0.0228
0.0
0.0
0.0
0.0
0.0
0.0
0.0
0.0
0.0
0.0
0.0008
0.0301
0.0899
0.1761
0.2567
0.3344
0.4196
0.4585
0.449
0.4052
0.3174
0.2067
0.0976
0.0224
0.0
0.0
0.0
0.0
0.0
0.0
0.0
0.0
0.0
0.0
0.0009
0.0285
0.1003
0.217
0.3359
0.4278
0.4816
0.4727
0.4436
0.3943
0.32
0.2198
0.1176
0.031
0.0
0.0
0.0
0.0
0.0
0.0
0.0
0.0
0.0
0.0
0.0032
0.075
0.2064
0.3532
0.4713
0.5524
0.6017
0.6016
0.5642
0.4926
0.3872
0.2636
0.1359
0.0345
0.0001
0.0
0.0
0.0
0.0
0.0
0.0
0.0
0.0
0.0
0.005
0.0806
0.2127
0.3671
0.4939
0.5852
0.6248
0.6356
0.6059
0.5461
0.4433
0.3125
0.1617
0.0399
0.0002
0.0
0.0
0.0
0.0
0.0
0.0
0.0
0.0
0.0
0.0045
0.0794
0.2254
0.4031
0.5471
0.6512
0.7092
0.7211
0.6902
0.6161
0.5004
0.3534
0.1949
0.0594
0.0006
0.0
0.0
0.0
0.0
0.0
0.0
0.0
0.0
0.0
0.0102
0.1072
0.261
0.437
0.5681
0.66
0.7104
0.7181
0.6848
0.6094
0.4936
0.3474
0.1921
0.0597
0.0008
0.0
0.0
0.0
0.0
0.0
0.0
0.0
0.0
0.0
0.0047
0.0587
0.1772
0.3256
0.4488
0.5308
0.5827
0.5992
0.5737
0.5033
0.3945
0.2592
0.1308
0.0343
0.0002
0.0
0.0
0.0
0.0
0.0
0.0
0.0
0.0
0.0
0.0031
0.04
0.1144
0.2094
0.3072
0.3821
0.4233
0.4225
0.3953
0.3435
0.2797
0.1935
0.1038
0.0327
0.0003
0.0
0.0
0.0
0.0
0.0
0.0
0.0
0.0
0.0
0.004
0.0599
0.175
0.2686
0.3355
0.3685
0.3825
0.3728
0.3398
0.2898
0.2208
0.1505
0.0816
0.0257
0.0002
0.0
0.0
0.0
0.0
0.0
0.0
0.0
0.0
0.0
0.0042
0.0545
0.1682
0.2907
0.3544
0.3972
0.4067
0.3817
0.3415
0.2833
0.2202
0.1501
0.0776
0.0204
0.0
0.0
0.0
0.0
0.0
0.0
0.0
0.0
0.0
0.0
0.0029
0.0448
0.1313
0.2254
0.3019
0.3554
0.3819
0.3678
0.3412
0.292
0.2287
0.1588
0.0889
0.0281
0.0003
0.0
0.0
0.0
0.0
0.0
0.0
0.0
0.0
0.0
0.0058
0.058
0.1528
0.2649
0.3348
0.3705
0.3734
0.354
0.3265
0.2836
0.223
0.156
0.09
0.0297
0.0003
0.0
0.0
0.0
0.0
0.0
0.0
0.0
0.0
0.0
0.0067
0.0631
0.168
0.2875
0.3698
0.4261
0.4488
0.4464
0.4237
0.3664
0.293
0.206
0.1226
0.0444
0.0012
0.0
0.0
0.0
0.0
0.0
0.0
0.0
0.0
0.0
0.0189
0.1206
0.2643
0.4015
0.5014
0.5502
0.576
0.5783
0.5494
0.4825
0.3786
0.2541
0.1299
0.0406
0.0008
0.0
0.0
0.0
0.0
0.0
0.0
0.0
0.0
0.0
0.0131
0.0857
0.1901
0.3017
0.4053
0.4807
0.5151
0.4977
0.4376
0.3565
0.2706
0.1783
0.0948
0.03
0.0008
0.0
0.0
0.0
0.0
0.0
0.0
0.0
0.0
0.0
0.0096
0.0645
0.1694
0.2881
0.4074
0.4925
0.5487
0.5614
0.5264
0.4584
0.3661
0.2596
0.1463
0.0555
0.0042
0.0
0.0
0.0
0.0
0.0
0.0
0.0
0.0
0.0
0.0173
0.0958
0.2393
0.4101
0.5437
0.6345
0.6846
0.693
0.6618
0.5883
0.478
0.3423
0.1968
0.0721
0.0045
0.0
0.0
0.0
0.0
0.0
0.0
0.0
0.0
0.0
0.0188
0.0979
0.2157
0.3404
0.448
0.5071
0.5151
0.4928
0.4411
0.3757
0.3004
0.2239
0.1342
0.0559
0.0059
0.0
0.0
0.0
0.0
0.0
0.0
0.0
0.0
0.0
0.0192
0.1058
0.237
0.3903
0.5192
0.6031
0.6484
0.6542
0.6224
0.5556
0.4546
0.3313
0.1988
0.0806
0.0087
0.0
0.0
0.0
0.0
0.0
0.0
0.0
0.0
0.0001
0.0303
0.1422
0.2928
0.4412
0.5656
0.6556
0.7032
0.7099
0.6761
0.6051
0.4962
0.3589
0.2111
0.0845
0.0091
0.0
0.0
0.0
0.0
0.0
0.0
0.0
0.0
0.0001
0.0262
0.125
0.2787
0.4307
0.5532
0.6409
0.6872
0.6956
0.6659
0.5978
0.4923
0.3576
0.2121
0.0844
0.0095
0.0
0.0
0.0
0.0
0.0
0.0
0.0
0.0
0.0001
0.0322
0.1416
0.2883
0.4339
0.5539
0.6391
0.6855
0.6928
0.6623
0.5944
0.4897
0.3561
0.2112
0.0848
0.0101
0.0
0.0
0.0
0.0
0.0
0.0
0.0
0.0
0.0002
0.0345
0.1457
0.2937
0.4388
0.5589
0.6452
0.691
0.6973
0.664
0.5942
0.4888
0.355
0.2116
0.086
0.0107
0.0
0.0
0.0
0.0
0.0
0.0
0.0
0.0
0.0001
0.0312
0.1366
0.2796
0.4177
0.5309
0.6106
0.6516
0.6548
0.6214
0.5493
0.444
0.3185
0.1894
0.076
0.0091
0.0
0.0
0.0
0.0
0.0
0.0
0.0
0.0
0.0002
0.0272
0.113
0.2275
0.3401
0.4314
0.4941
0.5282
0.533
0.5094
0.4511
0.3638
0.2532
0.1421
0.0563
0.0059
0.0
0.0
0.0
0.0
0.0
0.0
0.0
0.0
0.0003
0.028
0.1204
0.2588
0.3977
0.511
0.5862
0.6266
0.6288
0.5946
0.517
0.4065
0.2782
0.1537
0.0579
0.0069
0.0
0.0
0.0
0.0
0.0
0.0
0.0
0.0
0.0002
0.028
0.1155
0.2355
0.3533
0.4528
0.5222
0.547
0.5234
0.4749
0.4165
0.3399
0.2483
0.1496
0.0642
0.0089
0.0
0.0
0.0
0.0
0.0
0.0
0.0
0.0
0.0005
0.0255
0.1017
0.2122
0.3295
0.4306
0.5072
0.5352
0.5102
0.4638
0.4035
0.3329
0.2486
0.1586
0.0676
0.0095
0.0
0.0
0.0
0.0
0.0
0.0
0.0
0.0
0.0004
0.0276
0.1095
0.2335
0.3661
0.4893
0.5645
0.601
0.5888
0.5448
0.4743
0.3869
0.2764
0.1585
0.0612
0.0073
0.0
0.0
0.0
0.0
0.0
0.0
0.0
0.0
0.0003
0.0231
0.0991
0.2158
0.3218
0.3978
0.4398
0.4593
0.457
0.4305
0.3857
0.3109
0.2216
0.1354
0.0574
0.0078
0.0
0.0
0.0
0.0
0.0
0.0
0.0
0.0
0.0001
0.0226
0.0922
0.2076
0.3247
0.4213
0.4868
0.5164
0.5189
0.4904
0.4432
0.371
0.278
0.1723
0.0785
0.0131
0.0
0.0
0.0
0.0
0.0
0.0
0.0
0.0
0.0002
0.0258
0.0986
0.2047
0.3616
0.477
0.5504
0.581
0.5799
0.5481
0.4854
0.3898
0.2823
0.1604
0.067
0.0111
0.0
0.0
0.0
0.0
0.0
0.0
0.0
0.0
0.0005
0.0377
0.141
0.2812
0.4236
0.542
0.6073
0.6248
0.5974
0.5504
0.4706
0.3579
0.2407
0.136
0.0554
0.0071
0.0
0.0
0.0
0.0
0.0
0.0
0.0
0.0
0.0006
0.0265
0.0897
0.1801
0.279
0.366
0.4261
0.4628
0.4748
0.4613
0.4239
0.35
0.256
0.1577
0.0695
0.0112
0.0
0.0
0.0
0.0
0.0
0.0
0.0
0.0
0.0009
0.0345
0.1163
0.2182
0.3358
0.4478
0.5104
0.5258
0.5103
0.4691
0.3969
0.3107
0.2165
0.1297
0.0602
0.0102
0.0
0.0
0.0
0.0
0.0
0.0
0.0
0.0
0.001
0.0369
0.1234
0.2402
0.3703
0.4826
0.5489
0.5819
0.5872
0.5715
0.5164
0.4255
0.3084
0.1802
0.0761
0.0118
0.0
0.0
0.0
0.0
0.0
0.0
0.0
0.0
0.0012
0.0371
0.1253
0.2434
0.3564
0.4675
0.5484
0.5834
0.5725
0.5271
0.4593
0.3682
0.2624
0.1488
0.0581
0.0081
0.0
0.0
0.0
0.0
0.0
0.0
0.0
0.0
0.0008
0.0251
0.0829
0.1661
0.2571
0.3441
0.4161
0.4533
0.4429
0.397
0.3227
0.242
0.1571
0.083
0.0333
0.0058
0.0
0.0
0.0
0.0
0.0
0.0
0.0
0.0
0.0004
0.0143
0.0511
0.1026
0.1658
0.2332
0.299
0.3296
0.3365
0.3149
0.2703
0.2161
0.1587
0.0992
0.0455
0.0086
0.0
0.0
0.0
0.0
0.0
0.0
0.0
0.0
0.0007
0.0262
0.0858
0.1622
0.2446
0.3333
0.4183
0.4758
0.4964
0.4887
0.4319
0.3481
0.2468
0.142
0.0629
0.012
0.0
0.0
0.0
0.0
0.0
0.0
0.0
0.0
0.0016
0.0392
0.1256
0.2532
0.3726
0.4602
0.5133
0.5368
0.5434
0.5229
0.4606
0.3818
0.2782
0.1745
0.0775
0.0149
0.0
0.0
0.0
0.0
0.0
0.0
0.0
0.0
0.0011
0.0306
0.0953
0.1786
0.2686
0.3482
0.4164
0.4503
0.4496
0.4214
0.3664
0.2957
0.2165
0.1419
0.0692
0.0146
0.0
0.0
0.0
0.0
0.0
0.0
0.0
0.0
0.0017
0.0411
0.1257
0.2245
0.3226
0.402
0.4555
0.4956
0.4962
0.4504
0.3843
0.2994
0.2211
0.1397
0.0668
0.0138
0.0
0.0
0.0
0.0
0.0
0.0
0.0
0.0
0.0016
0.0334
0.1024
0.1977
0.2973
0.3765
0.43
0.4362
0.3904
0.324
0.2572
0.1902
0.1312
0.0789
0.0364
0.0073
0.0
0.0
0.0
0.0
0.0
0.0
0.0
0.0
0.0019
0.0333
0.0974
0.1825
0.2659
0.3351
0.3846
0.4218
0.4152
0.3909
0.3391
0.2717
0.197
0.1284
0.0646
0.0143
0.0
0.0
0.0
0.0
0.0
0.0
0.0
0.0
0.0027
0.0496
0.1439
0.261
0.3716
0.4573
0.5078
0.5196
0.5028
0.4543
0.3837
0.302
0.2099
0.1282
0.0593
0.0138
0.0
0.0
0.0
0.0
0.0
0.0
0.0
0.0
0.001
0.028
0.0835
0.1564
0.2318
0.2966
0.3433
0.3681
0.3697
0.3498
0.3092
0.2535
0.1927
0.128
0.0654
0.0162
0.0001
0.0
0.0
0.0
0.0
0.0
0.0
0.0
0.002
0.0391
0.1127
0.201
0.2939
0.3694
0.4177
0.4369
0.4241
0.3861
0.3439
0.29
0.2217
0.1472
0.0752
0.0187
0.0002
0.0
0.0
0.0
0.0
0.0
0.0
0.0
0.0023
0.0431
0.1254
0.2287
0.3343
0.4228
0.4754
0.499
0.4854
0.4495
0.4076
0.3498
0.2654
0.1769
0.0906
0.0235
0.0004
0.0
0.0
0.0
0.0
0.0
0.0
0.0
0.0037
0.0492
0.1415
0.2598
0.3825
0.4803
0.5345
0.5519
0.5346
0.5067
0.4525
0.3792
0.2809
0.1809
0.0909
0.0241
0.0005
0.0
0.0
0.0
0.0
0.0
0.0
0.0
0.004
0.0515
0.1459
0.2653
0.3757
0.4565
0.5089
0.5339
0.5318
0.5003
0.4444
0.3674
0.276
0.1805
0.0911
0.0249
0.0006
0.0
0.0
0.0
0.0
0.0
0.0
0.0
0.0049
0.057
0.1631
0.3005
0.4333
0.5379
0.6046
0.6386
0.6397
0.6085
0.5487
0.4605
0.3472
0.2235
0.107
0.0264
0.0005
0.0
0.0
0.0
0.0
0.0
0.0
0.0
0.0054
0.0572
0.1616
0.2931
0.4194
0.5197
0.5898
0.6204
0.6146
0.5735
0.5019
0.4052
0.292
0.1812
0.086
0.0226
0.0005
0.0
0.0
0.0
0.0
0.0
0.0
0.0
0.0046
0.0509
0.1344
0.2409
0.3517
0.4418
0.5007
0.5307
0.5265
0.489
0.4296
0.3523
0.2663
0.1742
0.0893
0.0239
0.0004
0.0
0.0
0.0
0.0
0.0
0.0
0.0
0.0027
0.0351
0.0987
0.1909
0.2913
0.3761
0.4423
0.4975
0.5278
0.5184
0.4768
0.3964
0.2975
0.1883
0.0954
0.0277
0.0008
0.0
0.0
0.0
0.0
0.0
0.0
0.0
0.0052
0.0576
0.1638
0.3035
0.4464
0.5609
0.6428
0.6907
0.7
0.6709
0.6003
0.4889
0.3481
0.2067
0.0914
0.0223
0.0005
0.0
0.0
0.0
0.0
0.0
0.0
0.0
0.0044
0.0385
0.1043
0.1895
0.2767
0.3547
0.4057
0.4351
0.4436
0.4293
0.3897
0.3284
0.2511
0.1636
0.0782
0.0197
0.0001
0.0
0.0
0.0
0.0
0.0
0.0
0.0
0.003
0.0377
0.0987
0.1707
0.2375
0.2886
0.3075
0.3095
0.2939
0.2596
0.2185
0.1846
0.1425
0.0932
0.0491
0.0123
0.0
0.0
0.0
0.0
0.0
0.0
0.0
0.0
0.0016
0.0284
0.0829
0.1619
0.2573
0.3399
0.385
0.3928
0.362
0.3288
0.2825
0.2273
0.1698
0.1128
0.0582
0.017
0.0001
0.0
0.0
0.0
0.0
0.0
0.0
0.0
0.003
0.0401
0.1097
0.2061
0.312
0.3984
0.4501
0.4665
0.4356
0.402
0.3456
0.2744
0.2022
0.1316
0.0684
0.0188
0.0002
0.0
0.0
0.0
0.0
0.0
0.0
0.0
0.004
0.0425
0.1112
0.1955
0.2661
0.3102
0.3377
0.3527
0.359
0.3509
0.3236
0.2839
0.223
0.1517
0.0789
0.0209
0.0002
0.0
0.0
0.0
0.0
0.0
0.0
0.0
0.004
0.0459
0.1254
0.2177
0.309
0.3863
0.442
0.4671
0.4571
0.4182
0.3571
0.2899
0.2084
0.1302
0.0613
0.0172
0.0003
0.0
0.0
0.0
0.0
0.0
0.0
0.0
0.0009
0.0229
0.0675
0.1306
0.2043
0.2804
0.3237
0.3516
0.3509
0.3382
0.2986
0.2625
0.2144
0.1546
0.086
0.0265
0.0008
0.0
0.0
0.0
0.0
0.0
0.0
0.0
0.0055
0.0556
0.1497
0.2677
0.3889
0.4803
0.5221
0.5314
0.4982
0.4513
0.4047
0.335
0.2433
0.1625
0.0889
0.0253
0.0004
0.0
0.0
0.0
0.0
0.0
0.0
0.0
0.0045
0.0453
0.1181
0.217
0.3286
0.4299
0.4872
0.5054
0.5208
0.4986
0.4542
0.3816
0.2877
0.1745
0.0871
0.0259
0.0006
0.0
0.0
0.0
0.0
0.0
0.0
0.0
0.0067
0.0612
0.1621
0.2893
0.4118
0.5095
0.5751
0.6099
0.6077
0.5621
0.4688
0.3521
0.2365
0.1299
0.0539
0.012
0.0001
0.0
0.0
0.0
0.0
0.0
0.0
0.0
0.0037
0.0427
0.1177
0.2156
0.3257
0.4457
0.5351
0.5696
0.5852
0.5602
0.4941
0.3952
0.2895
0.1921
0.101
0.029
0.0005
0.0
0.0
0.0
0.0
0.0
0.0
0.0
0.0054
0.0566
0.1554
0.2772
0.398
0.5004
0.5776
0.6238
0.6348
0.6092
0.5527
0.4639
0.3469
0.2198
0.1066
0.0291
0.0007
0.0
0.0
0.0
0.0
0.0
0.0
0.0
0.0064
0.0577
0.1615
0.2825
0.4071
0.5194
0.5985
0.6418
0.6476
0.6175
0.5511
0.4572
0.3398
0.2127
0.0999
0.0257
0.0003
0.0
0.0
0.0
0.0
0.0
0.0
0.0
0.0052
0.0543
0.153
0.2765
0.3943
0.4896
0.5533
0.5802
0.5741
0.5348
0.4721
0.3906
0.2924
0.1847
0.089
0.0229
0.0002
0.0
0.0
0.0
0.0
0.0
0.0
0.0
0.0039
0.0368
0.0958
0.1709
0.2492
0.3097
0.3366
0.3525
0.3512
0.3244
0.274
0.2141
0.1558
0.1023
0.052
0.0148
0.0001
0.0
0.0
0.0
0.0
0.0
0.0
0.0
0.0037
0.0509
0.1463
0.2769
0.4053
0.5125
0.589
0.6257
0.62
0.581
0.5167
0.4292
0.3108
0.1899
0.0979
0.0293
0.0009
0.0
0.0
0.0
0.0
0.0
0.0
0.0
0.005
0.054
0.1516
0.2833
0.4205
0.5263
0.5902
0.6146
0.6081
0.5667
0.4995
0.4097
0.3009
0.1956
0.0969
0.0285
0.0007
0.0
0.0
0.0
0.0
0.0
0.0
0.0
0.0045
0.05
0.1349
0.2371
0.3544
0.4617
0.53
0.5674
0.584
0.5607
0.5063
0.4256
0.3202
0.2022
0.0966
0.0244
0.0003
0.0
0.0
0.0
0.0
0.0
0.0
0.0
0.0017
0.0362
0.1161
0.2273
0.3583
0.4775
0.5558
0.5982
0.6145
0.6099
0.5487
0.4519
0.3208
0.1906
0.0835
0.0217
0.0005
0.0
0.0
0.0
0.0
0.0
0.0
0.0
0.0031
0.0351
0.0938
0.1713
0.2542
0.3417
0.4233
0.492
0.5218
0.5049
0.4541
0.3748
0.2781
0.1727
0.0848
0.0223
0.0001
0.0
0.0
0.0
0.0
0.0
0.0
0.0
0.0051
0.0551
0.1521
0.2727
0.3881
0.4876
0.5606
0.5995
0.5985
0.5658
0.4985
0.4052
0.2938
0.1857
0.092
0.0248
0.0003
0.0
0.0
0.0
0.0
0.0
0.0
0.0
0.0032
0.0367
0.0941
0.1561
0.2146
0.2736
0.3193
0.3433
0.3453
0.3451
0.3261
0.2969
0.2466
0.1736
0.0927
0.0266
0.0005
0.0
0.0
0.0
0.0
0.0
0.0
0.0
0.0054
0.0578
0.1588
0.2831
0.4037
0.4891
0.5283
0.5174
0.4812
0.4465
0.3783
0.316
0.2451
0.17
0.0918
0.0261
0.0004
0.0
0.0
0.0
0.0
0.0
0.0
0.0
0.005
0.0552
0.1553
0.284
0.4137
0.5146
0.5759
0.5978
0.5974
0.5641
0.5152
0.4249
0.3221
0.199
0.0937
0.0243
0.0003
0.0
0.0
0.0
0.0
0.0
0.0
0.0
0.0032
0.0462
0.1325
0.2463
0.3686
0.4718
0.5226
0.5206
0.4954
0.4513
0.3968
0.3414
0.266
0.177
0.0921
0.0257
0.0003
0.0
0.0
0.0
0.0
0.0
0.0
0.0
0.0035
0.05
0.1484
0.2764
0.4035
0.5088
0.5825
0.624
0.633
0.6033
0.5385
0.4554
0.3467
0.2185
0.1009
0.0256
0.0005
0.0
0.0
0.0
0.0
0.0
0.0
0.0
0.0051
0.0584
0.1655
0.2989
0.4307
0.5407
0.6179
0.6583
0.664
0.6238
0.5501
0.4487
0.3269
0.1989
0.09
0.0213
0.0001
0.0
0.0
0.0
0.0
0.0
0.0
0.0
0.0023
0.0404
0.1176
0.2201
0.33
0.4095
0.4471
0.4635
0.4406
0.3811
0.3159
0.2666
0.2158
0.1475
0.0846
0.0241
0.0004
0.0
0.0
0.0
0.0
0.0
0.0
0.0
0.0032
0.0507
0.1526
0.2855
0.4194
0.5285
0.609
0.655
0.6606
0.6171
0.5412
0.4351
0.3104
0.1863
0.0815
0.0176
0.0
0.0
0.0
0.0
0.0
0.0
0.0
0.0
0.0019
0.0417
0.1299
0.2451
0.3604
0.4554
0.5226
0.5622
0.5722
0.5527
0.4927
0.4067
0.2993
0.1836
0.0801
0.016
0.0
0.0
0.0
0.0
0.0
0.0
0.0
0.0
0.0013
0.0383
0.119
0.2201
0.3095
0.3911
0.4471
0.4891
0.5002
0.4815
0.4271
0.3375
0.2326
0.142
0.0649
0.0159
0.0002
0.0
0.0
0.0
0.0
0.0
0.0
0.0
0.0023
0.0354
0.1089
0.2118
0.3175
0.4132
0.4797
0.5095
0.49
0.4349
0.3667
0.2796
0.2136
0.1407
0.075
0.0195
0.0002
0.0
0.0
0.0
0.0
0.0
0.0
0.0
0.0028
0.0432
0.1308
0.2429
0.3502
0.42
0.4204
0.411
0.4057
0.3773
0.3412
0.2817
0.2014
0.1317
0.0637
0.0155
0.0001
0.0
0.0
0.0
0.0
0.0
0.0
0.0
0.0009
0.0266
0.084
0.1627
0.2453
0.3146
0.3748
0.4098
0.4315
0.4249
0.3968
0.3397
0.2558
0.152
0.0719
0.0171
0.0
0.0
0.0
0.0
0.0
0.0
0.0
0.0
0.001
0.033
0.1107
0.2345
0.3598
0.4661
0.5381
0.5632
0.5626
0.5293
0.4623
0.3671
0.2609
0.1565
0.0682
0.0149
0.0
0.0
0.0
0.0
0.0
0.0
0.0
0.0
0.0026
0.0425
0.1337
0.2548
0.3744
0.4716
0.5282
0.5668
0.5779
0.5566
0.4962
0.3987
0.2844
0.1742
0.0821
0.0179
0.0001
0.0
0.0
0.0
0.0
0.0
0.0
0.0
0.0018
0.0353
0.1079
0.2049
0.3116
0.4013
0.4699
0.5124
0.5272
0.4987
0.451
0.3848
0.2885
0.1847
0.0849
0.0173
0.0
0.0
0.0
0.0
0.0
0.0
0.0
0.0
0.0015
0.0462
0.1447
0.2702
0.4035
0.5143
0.5884
0.6148
0.61
0.5793
0.5205
0.4361
0.3277
0.2076
0.0982
0.0221
0.0001
0.0
0.0
0.0
0.0
0.0
0.0
0.0
0.0014
0.0473
0.1494
0.2801
0.4055
0.5141
0.5947
0.6435
0.6552
0.6291
0.5686
0.4753
0.3532
0.2194
0.1008
0.0228
0.0001
0.0
0.0
0.0
0.0
0.0
0.0
0.0
0.0022
0.0499
0.1538
0.285
0.4185
0.5292
0.6079
0.6512
0.6588
0.6305
0.5708
0.4783
0.3567
0.221
0.0987
0.0188
0.0
0.0
0.0
0.0
0.0
0.0
0.0
0.0
0.0007
0.0253
0.0749
0.1472
0.2286
0.3028
0.3626
0.414
0.4386
0.431
0.3993
0.3377
0.2535
0.1621
0.0763
0.0146
0.0
0.0
0.0
0.0
0.0
0.0
0.0
0.0
0.0012
0.0318
0.1084
0.2137
0.3181
0.3853
0.422
0.4333
0.4175
0.3739
0.3216
0.256
0.182
0.1085
0.0461
0.0069
0.0
0.0
0.0
0.0
0.0
0.0
0.0
0.0
0.0012
0.0263
0.0867
0.1683
0.2541
0.3261
0.3746
0.3953
0.3837
0.3464
0.2925
0.2294
0.1645
0.1039
0.0483
0.0087
0.0
0.0
0.0
0.0
0.0
0.0
0.0
0.0
0.0005
0.0306
0.1131
0.2262
0.3418
0.4451
0.5182
0.5629
0.568
0.542
0.4811
0.3954
0.2913
0.1797
0.0808
0.0134
0.0
0.0
0.0
0.0
0.0
0.0
0.0
0.0
0.0008
0.0311
0.1106
0.215
0.3233
0.4179
0.4812
0.5134
0.5092
0.4718
0.4077
0.3235
0.2298
0.14
0.064
0.0105
0.0
0.0
0.0
0.0
0.0
0.0
0.0
0.0
0.0004
0.0298
0.1113
0.2211
0.3357
0.4326
0.4982
0.531
0.5246
0.4858
0.4293
0.351
0.2558
0.1569
0.0678
0.0098
0.0
0.0
0.0
0.0
0.0
0.0
0.0
0.0
0.0002
0.0209
0.0785
0.159
0.2433
0.3171
0.3707
0.4063
0.4152
0.3948
0.3593
0.2991
0.2265
0.1369
0.0601
0.0093
0.0
0.0
0.0
0.0
0.0
0.0
0.0
0.0
0.0005
0.0297
0.11
0.213
0.3094
0.3899
0.4515
0.4852
0.4869
0.4575
0.3973
0.3087
0.2212
0.1387
0.0622
0.0081
0.0
0.0
0.0
0.0
0.0
0.0
0.0
0.0
0.0
0.0263
0.1091
0.2285
0.3486
0.4558
0.5286
0.557
0.5546
0.5125
0.4518
0.3628
0.2593
0.1601
0.0696
0.0096
0.0
0.0
0.0
0.0
0.0
0.0
0.0
0.0
0.0002
0.0271
0.1094
0.2308
0.3614
0.4779
0.5559
0.5727
0.5571
0.5313
0.475
0.3866
0.2839
0.1707
0.0715
0.0096
0.0
0.0
0.0
0.0
0.0
0.0
0.0
0.0
0.0002
0.0202
0.0737
0.1413
0.2219
0.3029
0.3692
0.398
0.3855
0.3576
0.3113
0.2607
0.1963
0.1229
0.0577
0.0081
0.0
0.0
0.0
0.0
0.0
0.0
0.0
0.0
0.0004
0.031
0.1207
0.2442
0.3678
0.4731
0.5484
0.59
0.5903
0.5588
0.4958
0.4115
0.2947
0.1726
0.0718
0.009
0.0
0.0
0.0
0.0
0.0
0.0
0.0
0.0
0.0003
0.0214
0.0784
0.1477
0.2134
0.2735
0.329
0.3708
0.3714
0.3315
0.2822
0.2286
0.1661
0.1036
0.0458
0.0051
0.0
0.0
0.0
0.0
0.0
0.0
0.0
0.0
0.0001
0.0147
0.0588
0.1186
0.187
0.267
0.3291
0.3672
0.3863
0.3699
0.3174
0.2412
0.1589
0.0929
0.0369
0.0036
0.0
0.0
0.0
0.0
0.0
0.0
0.0
0.0
0.0001
0.0237
0.098
0.1899
0.2816
0.3436
0.3875
0.4307
0.4483
0.4129
0.3406
0.2506
0.1605
0.09
0.0342
0.0024
0.0
0.0
0.0
0.0
0.0
0.0
0.0
0.0
0.0
0.0107
0.0552
0.1123
0.178
0.2467
0.3072
0.3497
0.3502
0.3268
0.295
0.247
0.1902
0.122
0.0546
0.0065
0.0
0.0
0.0
0.0
0.0
0.0
0.0
0.0
0.0
0.021
0.1029
0.2203
0.3558
0.4629
0.5224
0.526
0.5076
0.4691
0.4174
0.341
0.2582
0.1584
0.0664
0.0066
0.0
0.0
0.0
0.0
0.0
0.0
0.0
0.0
0.0001
0.0261
0.1255
0.2621
0.3956
0.5015
0.5802
0.6279
0.6378
0.6105
0.5472
0.449
0.3235
0.1879
0.0696
0.0054
0.0
0.0
0.0
0.0
0.0
0.0
0.0
0.0
0.0
0.0234
0.1187
0.2513
0.3871
0.5024
0.5831
0.6225
0.6207
0.5836
0.5068
0.4068
0.288
0.1657
0.0607
0.0044
0.0
0.0
0.0
0.0
0.0
0.0
0.0
0.0
0.0
0.0097
0.0574
0.1344
0.236
0.3472
0.4264
0.4723
0.4793
0.4537
0.4013
0.3335
0.2304
0.1303
0.0454
0.0026
0.0
0.0
0.0
0.0
0.0
0.0
0.0
0.0
0.0
0.0116
0.0768
0.176
0.2795
0.3598
0.4049
0.418
0.4177
0.3933
0.3601
0.3057
0.2262
0.132
0.0525
0.0035
0.0
0.0
0.0
0.0
0.0
0.0
0.0
0.0
0.0
0.0221
0.1187
0.2522
0.3818
0.4743
0.538
0.5599
0.5412
0.493
0.4148
0.3114
0.1981
0.0947
0.0259
0.0001
0.0
0.0
0.0
0.0
0.0
0.0
0.0
0.0
0.0
0.0071
0.0522
0.1182
0.1904
0.2568
0.3108
0.3611
0.4042
0.4109
0.3804
0.3283
0.2365
0.1349
0.0502
0.0023
0.0
0.0
0.0
0.0
0.0
0.0
0.0
0.0
0.0
0.0164
0.1066
0.2337
0.3652
0.4813
0.5685
0.618
0.6233
0.5906
0.5193
0.4235
0.3028
0.1698
0.0575
0.0018
0.0
0.0
0.0
0.0
0.0
0.0
0.0
0.0
0.0
0.0144
0.0964
0.2147
0.3383
0.4497
0.5275
0.5564
0.5491
0.522
0.4619
0.3792
0.2664
0.1401
0.0499
0.0023
0.0
0.0
0.0
0.0
0.0
0.0
0.0
0.0
0.0
0.0152
0.1062
0.2398
0.373
0.4814
0.539
0.5518
0.5434
0.5203
0.4603
0.3685
0.2552
0.1419
0.0479
0.0018
0.0
0.0
0.0
0.0
0.0
0.0
0.0
0.0
0.0
0.014
0.1057
0.2416
0.3823
0.5035
0.5875
0.6308
0.6393
0.6067
0.5327
0.4257
0.292
0.1605
0.0524
0.002
0.0
0.0
0.0
0.0
0.0
0.0
0.0
0.0
0.0
0.0127
0.0969
0.2203
0.3632
0.4881
0.5743
0.6222
0.6391
0.6171
0.5574
0.4593
0.329
0.1869
0.063
0.002
0.0
0.0
0.0
0.0
0.0
0.0
0.0
0.0
0.0
0.0122
0.1055
0.2377
0.3744
0.4901
0.5712
0.6041
0.5917
0.5505
0.4717
0.37
0.2505
0.1329
0.0416
0.001
0.0
0.0
0.0
0.0
0.0
0.0
0.0
0.0
0.0
0.0107
0.0975
0.2319
0.3729
0.4951
0.5825
0.6252
0.624
0.5884
0.5243
0.4229
0.2905
0.1529
0.0426
0.0004
0.0
0.0
0.0
0.0
0.0
0.0
0.0
0.0
0.0
0.0027
0.0547
0.1497
0.2602
0.366
0.4334
0.4454
0.4099
0.3623
0.3057
0.2336
0.1592
0.0891
0.0286
0.0005
0.0
0.0
0.0
0.0
0.0
0.0
0.0
0.0
0.0
0.0049
0.0708
0.1847
0.3138
0.4203
0.5015
0.5468
0.5502
0.5103
0.4437
0.3574
0.2437
0.1251
0.0349
0.0002
0.0
0.0
0.0
0.0
0.0
0.0
0.0
0.0
0.0
0.0066
0.0765
0.1787
0.3025
0.4211
0.4975
0.5339
0.5355
0.4978
0.423
0.3138
0.1981
0.1004
0.0288
0.0001
0.0
0.0
0.0
0.0
0.0
0.0
0.0
0.0
0.0
0.0051
0.085
0.2159
0.3541
0.4703
0.5569
0.605
0.614
0.5886
0.5197
0.4148
0.2857
0.1515
0.0423
0.0002
0.0
0.0
0.0
0.0
0.0
0.0
0.0
0.0
0.0
0.0064
0.0957
0.2336
0.3738
0.4898
0.5744
0.6248
0.6366
0.6085
0.5415
0.4387
0.3086
0.1679
0.0479
0.0002
0.0
0.0
0.0
0.0
0.0
0.0
0.0
0.0
0.0
0.0065
0.0978
0.2413
0.3869
0.5066
0.5917
0.6378
0.6455
0.6153
0.5478
0.4445
0.3128
0.1707
0.0488
0.0001
0.0
0.0
0.0
0.0
0.0
0.0
0.0
0.0
0.0
0.0059
0.0951
0.2344
0.3789
0.4972
0.5797
0.6239
0.63
0.5964
0.5271
0.4224
0.291
0.1513
0.037
0.0
0.0
0.0
0.0
0.0
0.0
0.0
0.0
0.0
0.0
0.0034
0.0784
0.212
0.3544
0.4727
0.5573
0.6023
0.6073
0.574
0.5053
0.4025
0.2731
0.136
0.0308
0.0
0.0
0.0
0.0
0.0
0.0
0.0
0.0
0.0
0.0
0.0022
0.0613
0.1864
0.3225
0.4306
0.5015
0.5353
0.5312
0.494
0.4239
0.3267
0.211
0.0967
0.0177
0.0
0.0
0.0
0.0
0.0
0.0
0.0
0.0
0.0
0.0
0.0014
0.0499
0.153
0.2803
0.3983
0.4884
0.5356
0.5367
0.499
0.4465
0.3563
0.2366
0.1186
0.0278
0.0
0.0
0.0
0.0
0.0
0.0
0.0
0.0
0.0
0.0
0.0026
0.0796
0.2269
0.3786
0.5029
0.5915
0.6416
0.65
0.6184
0.5502
0.4432
0.3063
0.1583
0.0378
0.0
0.0
0.0
0.0
0.0
0.0
0.0
0.0
0.0
0.0
0.0021
0.0818
0.2226
0.3687
0.4918
0.5793
0.6247
0.6301
0.6002
0.5311
0.4273
0.2941
0.1499
0.0307
0.0
0.0
0.0
0.0
0.0
0.0
0.0
0.0
0.0
0.0
0.0014
0.0697
0.2017
0.3347
0.4346
0.5066
0.5617
0.5644
0.5239
0.444
0.3363
0.2223
0.1055
0.0193
0.0
0.0
0.0
0.0
0.0
0.0
0.0
0.0
0.0
0.0
0.0004
0.0539
0.1751
0.3093
0.4276
0.5094
0.5533
0.5604
0.5218
0.4439
0.3333
0.2076
0.0913
0.0128
0.0
0.0
0.0
0.0
0.0
0.0
0.0
0.0
0.0
0.0
0.0002
0.0351
0.123
0.2178
0.2895
0.3458
0.4133
0.4475
0.4459
0.4027
0.3168
0.2061
0.0966
0.0152
0.0
0.0
0.0
0.0
0.0
0.0
0.0
0.0
0.0
0.0
0.0001
0.025
0.0764
0.1219
0.1633
0.2072
0.247
0.259
0.2639
0.2425
0.1912
0.131
0.0637
0.009
0.0
0.0
0.0
0.0
0.0
0.0
0.0
0.0
0.0
0.0
0.0001
0.033
0.1231
0.2512
0.3991
0.5031
0.5557
0.5652
0.5327
0.4581
0.3532
0.2207
0.098
0.0138
0.0
0.0
0.0
0.0
0.0
0.0
0.0
0.0
0.0
0.0
0.0003
0.0597
0.1976
0.3532
0.4849
0.5781
0.6305
0.6422
0.611
0.5375
0.4265
0.2876
0.1398
0.0235
0.0
0.0
0.0
0.0
0.0
0.0
0.0
0.0
0.0
0.0
0.0001
0.0483
0.1783
0.3274
0.4592
0.5548
0.6093
0.6205
0.59
0.5165
0.4037
0.262
0.1157
0.0155
0.0
0.0
0.0
0.0
0.0
0.0
0.0
0.0
0.0
0.0
0.0001
0.0493
0.1888
0.3456
0.4725
0.5622
0.6103
0.6173
0.582
0.508
0.396
0.2578
0.1147
0.0129
0.0
0.0
0.0
0.0
0.0
0.0
0.0
0.0
0.0
0.0
0.0
0.0453
0.1766
0.3232
0.4449
0.5328
0.586
0.5959
0.5607
0.4908
0.3829
0.2494
0.1103
0.0128
0.0
0.0
0.0
0.0
0.0
0.0
0.0
0.0
0.0
0.0
0.0
0.0424
0.1747
0.3255
0.4466
0.5313
0.5801
0.5837
0.5443
0.4673
0.3577
0.2235
0.0881
0.0072
0.0
0.0
0.0
0.0
0.0
0.0
0.0
0.0
0.0
0.0
0.0
0.0312
0.1438
0.278
0.3938
0.4833
0.5293
0.5334
0.4917
0.421
0.3196
0.1963
0.0803
0.0062
0.0
0.0
0.0
0.0
0.0
0.0
0.0
0.0
0.0
0.0
0.0
0.0382
0.1707
0.3215
0.4445
0.5334
0.5807
0.5877
0.5531
0.4806
0.3719
0.2359
0.099
0.0069
0.0
0.0
0.0
0.0
0.0
0.0
0.0
0.0
0.0
0.0
0.0
0.036
0.1684
0.319
0.4429
0.5326
0.5809
0.5896
0.5567
0.4867
0.3797
0.2425
0.1022
0.0065
0.0
0.0
0.0
0.0
0.0
0.0
0.0
0.0
0.0
0.0
0.0
0.0336
0.1657
0.3198
0.4453
0.5324
0.5816
0.5905
0.5582
0.4863
0.3765
0.2359
0.0949
0.0049
0.0
0.0
0.0
0.0
0.0
0.0
0.0
0.0
0.0
0.0
0.0
0.0333
0.1678
0.3224
0.4486
0.5409
0.5856
0.5871
0.5455
0.4667
0.3537
0.2179
0.0882
0.0036
0.0
0.0
0.0
0.0
0.0
0.0
0.0
0.0
0.0
0.0
0.0
0.018
0.0996
0.2018
0.3029
0.3989
0.4642
0.4643
0.3895
0.2973
0.2026
0.1077
0.0355
0.0008
0.0
0.0
0.0
0.0
0.0
0.0
0.0
0.0
0.0
0.0
0.0
0.0053
0.0505
0.1166
0.1817
0.2301
0.2613
0.2671
0.2436
0.1979
0.1349
0.0697
0.0203
0.0003
0.0
0.0
0.0
0.0
0.0
0.0
0.0
0.0
0.0
0.0
0.0
0.0122
0.091
0.2074
0.315
0.4005
0.4494
0.4551
0.4231
0.3592
0.2699
0.1681
0.0626
0.0017
0.0
0.0
0.0
0.0
0.0
0.0
0.0
0.0
0.0
0.0
0.0
0.0113
0.0871
0.1912
0.2854
0.3567
0.3878
0.3931
0.3661
0.2969
0.2104
0.117
0.0384
0.0005
0.0
0.0
0.0
0.0
0.0
0.0
0.0
0.0
0.0
0.0
0.0
0.0137
0.0965
0.217
0.3385
0.4298
0.4852
0.4931
0.4479
0.3737
0.267
0.1416
0.0406
0.0002
0.0
0.0
0.0
0.0
0.0
0.0
0.0
0.0
0.0
0.0
0.0
0.0139
0.1242
0.2794
0.4093
0.5068
0.5523
0.5382
0.495
0.4248
0.3298
0.1946
0.0672
0.001
0.0
0.0
0.0
0.0
0.0
0.0
0.0
0.0
0.0
0.0
0.0
0.018
0.1442
0.3104
0.4468
0.539
0.5786
0.5749
0.5276
0.4457
0.3219
0.1826
0.0563
0.0003
0.0
0.0
0.0
0.0
0.0
0.0
0.0
0.0
0.0
0.0
0.0
0.0061
0.0837
0.2098
0.332
0.425
0.4888
0.4957
0.4634
0.3905
0.2868
0.1554
0.0438
0.0002
0.0
0.0
0.0
0.0
0.0
0.0
0.0
0.0
0.0
0.0
0.0
0.0105
0.122
0.2864
0.4275
0.5138
0.5656
0.5706
0.524
0.4413
0.3273
0.1894
0.0628
0.0004
0.0
0.0
0.0
0.0
0.0
0.0
0.0
0.0
0.0
0.0
0.0
0.0082
0.1144
0.2722
0.4078
0.4981
0.551
0.5631
0.5355
0.455
0.3336
0.1894
0.0612
0.0002
0.0
0.0
0.0
0.0
0.0
0.0
0.0
0.0
0.0
0.0
0.0
0.0068
0.1069
0.2537
0.382
0.4643
0.5083
0.5075
0.4693
0.3895
0.2712
0.1328
0.0308
0.0
0.0
0.0
0.0
0.0
0.0
0.0
0.0
0.0
0.0
0.0
0.0
0.0047
0.0916
0.2382
0.3756
0.479
0.5331
0.5395
0.5032
0.4276
0.315
0.1737
0.0455
0.0
0.0
0.0
0.0
0.0
0.0
0.0
0.0
0.0
0.0
0.0
0.0
0.0029
0.0678
0.1767
0.2889
0.3889
0.455
0.4609
0.4063
0.3193
0.2173
0.1176
0.0326
0.0
0.0
0.0
0.0
0.0
0.0
0.0
0.0
0.0
0.0
0.0
0.0
0.0012
0.0503
0.1533
0.2686
0.3661
0.4256
0.4448
0.4198
0.3556
0.2566
0.141
0.0401
0.0
0.0
0.0
0.0
0.0
0.0
0.0
0.0
0.0
0.0
0.0
0.0
0.0024
0.0658
0.1606
0.2445
0.3171
0.3746
0.3875
0.3652
0.3029
0.2192
0.1234
0.0338
0.0
0.0
0.0
0.0
0.0
0.0
0.0
0.0
0.0
0.0
0.0
0.0
0.0011
0.0315
0.0816
0.1446
0.2107
0.2655
0.2933
0.2747
0.2228
0.1472
0.0672
0.0125
0.0
0.0
0.0
0.0
0.0
0.0
0.0
0.0
0.0
0.0
0.0
0.0
0.0013
0.0644
0.1917
0.3153
0.4075
0.463
0.4571
0.4064
0.3295
0.2358
0.1219
0.0243
0.0
0.0
0.0
0.0
0.0
0.0
0.0
0.0
0.0
0.0
0.0
0.0
0.0009
0.045
0.1359
0.2535
0.3611
0.4241
0.4265
0.3886
0.3125
0.2161
0.1006
0.0179
0.0
0.0
0.0
0.0
0.0
0.0
0.0
0.0
0.0
0.0
0.0
0.0
0.0004
0.047
0.1638
0.3104
0.4281
0.4904
0.5005
0.4724
0.4043
0.3004
0.1716
0.0392
0.0
0.0
0.0
0.0
0.0
0.0
0.0
0.0
0.0
0.0
0.0
0.0
0.0003
0.0691
0.2367
0.3802
0.4882
0.539
0.5341
0.4884
0.4068
0.2867
0.1496
0.0329
0.0
0.0
0.0
0.0
0.0
0.0
0.0
0.0
0.0
0.0
0.0
0.0
0.0
0.0159
0.0666
0.1179
0.1449
0.157
0.1555
0.1503
0.1244
0.0815
0.035
0.004
0.0
0.0
0.0
0.0
0.0
0.0
0.0
0.0
0.0
0.0
0.0
0.0
0.0
0.024
0.0947
0.2037
0.3006
0.353
0.3419
0.3241
0.2606
0.176
0.072
0.0081
0.0
0.0
0.0
0.0
0.0
0.0
0.0
0.0
0.0
0.0
0.0
0.0
0.0
0.0267
0.1065
0.2224
0.3216
0.381
0.3785
0.3489
0.2898
0.2028
0.092
0.0105
0.0
0.0
0.0
0.0
0.0
0.0
0.0
0.0
0.0
0.0
0.0
0.0
0.0
0.0167
0.0735
0.1652
0.2789
0.3209
0.3208
0.2947
0.2547
0.1829
0.0824
0.0093
0.0
0.0
0.0
0.0
0.0
0.0
0.0
0.0
0.0
0.0
0.0
0.0
0.0
0.0231
0.095
0.2049
0.3448
0.4175
0.4075
0.3624
0.2951
0.1901
0.077
0.0071
0.0
0.0
0.0
0.0
0.0
0.0
0.0
0.0
0.0
0.0
0.0
0.0
0.0
0.0241
0.0989
0.1923
0.2777
0.3033
0.2853
0.2633
0.2094
0.1373
0.0561
0.0048
0.0
0.0
0.0
0.0
0.0
0.0
0.0
0.0
0.0
0.0
0.0
0.0
0.0
0.0197
0.0913
0.1953
0.2957
0.3378
0.3498
0.3329
0.2772
0.1866
0.0811
0.0076
0.0
0.0
0.0
0.0
0.0
0.0
0.0
0.0
0.0
0.0
0.0
0.0
0.0
0.0155
0.086
0.2153
0.3527
0.404
0.4029
0.3734
0.3088
0.1945
0.0796
0.0053
0.0
0.0
0.0
0.0
0.0
0.0
0.0
0.0
0.0
0.0
0.0
0.0
0.0
0.0196
0.0986
0.2058
0.3122
0.3824
0.3903
0.3427
0.2595
0.1673
0.0677
0.0027
0.0
0.0
0.0
0.0
0.0
0.0
0.0
0.0
0.0
0.0
0.0
0.0
0.0
0.0123
0.0696
0.1472
0.2133
0.2441
0.2521
0.2265
0.1823
0.1179
0.0517
0.0032
0.0
0.0
0.0
0.0
0.0
0.0
0.0
0.0
0.0
0.0
0.0
0.0
0.0
0.0185
0.0957
0.2294
0.3704
0.4522
0.4705
0.4445
0.37
0.2605
0.128
0.0075
0.0
0.0
0.0
0.0
0.0
0.0
0.0
0.0
0.0
0.0
0.0
0.0
0.0
0.0098
0.0667
0.1502
0.2193
0.2605
0.2514
0.2057
0.1421
0.0797
0.0287
0.0012
0.0
0.0
0.0
0.0
0.0
0.0
0.0
0.0
0.0
0.0
0.0
0.0
0.0
0.0088
0.0707
0.1667
0.2635
0.3357
0.3558
0.3244
0.2484
0.1475
0.0469
0.001
0.0
0.0
0.0
0.0
0.0
0.0
0.0
0.0
0.0
0.0
0.0
0.0
0.0
0.0052
0.0509
0.1434
0.2252
0.2807
0.2967
0.2765
0.214
0.1263
0.0393
0.0007
0.0
0.0
0.0
0.0
0.0
0.0
0.0
0.0
0.0
0.0
0.0
0.0
0.0
0.0045
0.0403
0.1045
0.1857
0.2472
0.2595
0.2274
0.1744
0.0999
0.033
0.0004
0.0
0.0
0.0
0.0
0.0
0.0
0.0
0.0
0.0
0.0
0.0
0.0
0.0
0.003
0.0352
0.0928
0.176
0.2512
0.2675
0.2436
0.1859
0.1116
0.0357
0.0006
0.0
0.0
0.0
0.0
0.0
0.0
0.0
0.0
0.0
0.0
0.0
0.0
0.0
0.0087
0.0626
0.1323
0.1946
0.2445
0.2798
0.2694
0.2168
0.1351
0.0494
0.001
0.0
0.0
0.0
0.0
0.0
0.0
0.0
0.0
0.0
0.0
0.0
0.0
0.0
0.0085
0.0732
0.1716
0.2957
0.3832
0.4073
0.3883
0.3249
0.2071
0.0754
0.0004
0.0
0.0
0.0
0.0
0.0
0.0
0.0
0.0
0.0
0.0
0.0
0.0
0.0
0.0032
0.0471
0.1166
0.1738
0.2047
0.194
0.1683
0.1271
0.0762
0.0224
0.0
0.0
0.0
0.0
0.0
0.0
0.0
0.0
0.0
0.0
0.0
0.0
0.0
0.0
0.0014
0.0332
0.0984
0.1738
0.2397
0.2603
0.2379
0.1794
0.1111
0.0387
0.0002
0.0
0.0
0.0
0.0
0.0
0.0
0.0
0.0
0.0
0.0
0.0
0.0
0.0
0.0011
0.0273
0.0763
0.1385
0.1899
0.2199
0.2254
0.1876
0.1145
0.0349
0.0002
0.0
0.0
0.0
0.0
0.0
0.0
0.0
0.0
0.0
0.0
0.0
0.0
0.0
0.0047
0.0568
0.151
0.2611
0.3246
0.3482
0.3204
0.2539
0.1475
0.0451
0.0003
0.0
0.0
0.0
0.0
0.0
0.0
0.0
0.0
0.0
0.0
0.0
0.0
0.0
0.0026
0.0431
0.1076
0.1871
0.2402
0.2489
0.2275
0.1752
0.0996
0.0295
0.0001
0.0
0.0
0.0
0.0
0.0
0.0
0.0
0.0
0.0
0.0
0.0
0.0
0.0
0.002
0.0498
0.1395
0.2443
0.3516
0.4046
0.3913
0.3201
0.1993
0.0698
0.0002
0.0
0.0
0.0
0.0
0.0
0.0
0.0
0.0
0.0
0.0
0.0
0.0
0.0
0.004
0.0678
0.188
0.3145
0.3786
0.3824
0.348
0.2772
0.178
0.0596
0.0002
0.0
0.0
0.0
0.0
0.0
0.0
0.0
0.0
0.0
0.0
0.0
0.0
0.0
0.002
0.0444
0.1391
0.2776
0.3511
0.3717
0.3338
0.2651
0.1706
0.067
0.0001
0.0
0.0
0.0
0.0
0.0
0.0
0.0
0.0
0.0
0.0
0.0
0.0
0.0
0.0031
0.0684
0.1887
0.2889
0.331
0.3209
0.2789
0.2031
0.1149
0.0342
0.0
0.0
0.0
0.0
0.0
0.0
0.0
0.0
0.0
0.0
0.0
0.0
0.0
0.0
0.0002
0.0224
0.0761
0.1457
0.196
0.2182
0.2096
0.1735
0.112
0.0306
0.0
0.0
0.0
0.0
0.0
0.0
0.0
0.0
0.0
0.0
0.0
0.0
0.0
0.0
0.0005
0.0383
0.119
0.2316
0.3039
0.3236
0.2991
0.2301
0.1307
0.0351
0.0
0.0
0.0
0.0
0.0
0.0
0.0
0.0
0.0
0.0
0.0
0.0
0.0
0.0
0.0008
0.0271
0.0885
0.1498
0.1969
0.2213
0.2139
0.1696
0.0942
0.0198
0.0
0.0
0.0
0.0
0.0
0.0
0.0
0.0
0.0
0.0
0.0
0.0
0.0
0.0
0.0002
0.0141
0.0473
0.0839
0.1155
0.1284
0.1143
0.0843
0.0457
0.0096
0.0
0.0
0.0
0.0
0.0
0.0
0.0
0.0
0.0
0.0
0.0
0.0
0.0
0.0
0.0
0.0105
0.0375
0.0715
0.119
0.1599
0.1603
0.1232
0.0613
0.0101
0.0
0.0
0.0
0.0
0.0
0.0
0.0
0.0
0.0
0.0
0.0
0.0
0.0
0.0
0.0
0.0217
0.0733
0.1266
0.1641
0.1654
0.1348
0.0923
0.0462
0.0081
0.0
0.0
0.0
0.0
0.0
0.0
0.0
0.0
0.0
0.0
0.0
0.0
0.0
0.0
0.0003
0.0327
0.1054
0.1836
0.2269
0.2275
0.1954
0.1397
0.0777
0.0155
0.0
0.0
0.0
0.0
0.0
0.0
0.0
0.0
0.0
0.0
0.0
0.0
0.0
0.0
0.0002
0.0436
0.1575
0.2627
0.322
0.3239
0.2708
0.1838
0.0854
0.0072
0.0
0.0
0.0
0.0
0.0
0.0
0.0
0.0
0.0
0.0
0.0
0.0
0.0
0.0
0.0
0.0152
0.0647
0.118
0.1586
0.1738
0.1621
0.121
0.0613
0.0065
0.0
0.0
0.0
0.0
0.0
0.0
0.0
0.0
0.0
0.0
0.0
0.0
0.0
0.0
0.0
0.0166
0.0748
0.1514
0.2095
0.239
0.2298
0.1794
0.096
0.01
0.0
0.0
0.0
0.0
0.0
0.0
0.0
0.0
0.0
0.0
0.0
0.0
0.0
0.0
0.0
0.0424
0.1607
0.3012
0.386
0.4062
0.3683
0.2705
0.14
0.0193
0.0
0.0
0.0
0.0
0.0
0.0
0.0
0.0
0.0
0.0
0.0
0.0
0.0
0.0
0.0001
0.0435
0.1451
0.241
0.313
0.3409
0.321
0.2525
0.1461
0.0133
0.0
0.0
0.0
0.0
0.0
0.0
0.0
0.0
0.0
0.0
0.0
0.0
0.0
0.0
0.0001
0.0795
0.2526
0.3803
0.4412
0.4374
0.3744
0.2663
0.1374
0.0154
0.0
0.0
0.0
0.0
0.0
0.0
0.0
0.0
0.0
0.0
0.0
0.0
0.0
0.0
0.0
0.0165
0.0559
0.0863
0.1003
0.0959
0.0721
0.0421
0.0166
0.0012
0.0
0.0
0.0
0.0
0.0
0.0
0.0
0.0
0.0
0.0
0.0
0.0
0.0
0.0
0.0
0.002
0.0146
0.0297
0.0459
0.0587
0.0647
0.0584
0.0331
0.0015
0.0
0.0
0.0
0.0
0.0
0.0
0.0
0.0
0.0
0.0
0.0
0.0
0.0
0.0
0.0
0.0053
0.0397
0.0923
0.1467
0.1696
0.1468
0.1015
0.0511
0.0035
0.0
0.0
0.0
0.0
0.0
0.0
0.0
0.0
0.0
0.0
0.0
0.0
0.0
0.0
0.0
0.0137
0.07
0.1313
0.1897
0.209
0.1807
0.1233
0.0612
0.0044
0.0
0.0
0.0
0.0
0.0
0.0
0.0
0.0
0.0
0.0
0.0
0.0
0.0
0.0
0.0
0.0054
0.0345
0.0648
0.0956
0.1043
0.0922
0.0718
0.0403
0.0046
0.0
0.0
0.0
0.0
0.0
0.0
0.0
0.0
0.0
0.0
0.0
0.0
0.0
0.0
0.0
0.0201
0.113
0.2098
0.2517
0.2446
0.2094
0.1611
0.0825
0.0058
0.0
0.0
0.0
0.0
0.0
0.0
0.0
0.0
0.0
0.0
0.0
0.0
0.0
0.0
0.0
0.0225
0.0925
0.1584
0.1966
0.1981
0.1792
0.1275
0.0549
0.0013
0.0
0.0
0.0
0.0
0.0
0.0
0.0
0.0
0.0
0.0
0.0
0.0
0.0
0.0
0.0
0.0138
0.0665
0.118
0.1429
0.1336
0.1076
0.0725
0.0324
0.0013
0.0
0.0
0.0
0.0
0.0
0.0
0.0
0.0
0.0
0.0
0.0
0.0
0.0
0.0
0.0
0.0125
0.0701
0.1523
0.2344
0.2765
0.257
0.1853
0.0821
0.0021
0.0
0.0
0.0
0.0
0.0
0.0
0.0
0.0
0.0
0.0
0.0
0.0
0.0
0.0
0.0
0.0079
0.0588
0.1465
0.2202
0.2584
0.241
0.1741
0.0825
0.003
0.0
0.0
0.0
0.0
0.0
0.0
0.0
0.0
0.0
0.0
0.0
0.0
0.0
0.0
0.0
0.0059
0.0558
0.1513
0.2166
0.2436
0.2343
0.1825
0.0927
0.0028
0.0
0.0
0.0
0.0
0.0
0.0
0.0
0.0
0.0
0.0
0.0
0.0
0.0
0.0
0.0
0.009
0.0616
0.1284
0.1828
0.2012
0.1847
0.123
0.0481
0.0006
0.0
0.0
0.0
0.0
0.0
0.0
0.0
0.0
0.0
0.0
0.0
0.0
0.0
0.0
0.0
0.0053
0.0538
0.1347
0.2197
0.2775
0.2697
0.209
0.0927
0.0014
0.0
0.0
0.0
0.0
0.0
0.0
0.0
0.0
0.0
0.0
0.0
0.0
0.0
0.0
0.0
0.028
0.1805
0.3604
0.441
0.4541
0.4105
0.3132
0.1687
0.0076
0.0
0.0
0.0
0.0
0.0
0.0
0.0
0.0
0.0
0.0
0.0
0.0
0.0
0.0
0.0
0.0416
0.2191
0.3713
0.4515
0.4682
0.4277
0.3309
0.1821
0.0075
0.0
0.0
0.0
0.0
0.0
0.0
0.0
0.0
0.0
0.0
0.0
0.0
0.0
0.0
0.0
0.0223
0.1111
0.1969
0.2321
0.2234
0.1767
0.1133
0.0565
0.0037
0.0
0.0
0.0
0.0
0.0
0.0
0.0
0.0
0.0
0.0
0.0
0.0
0.0
0.0
0.0
0.0072
0.0418
0.0841
0.1208
0.1384
0.135
0.106
0.0527
0.0026
0.0
0.0
0.0
0.0
0.0
0.0
0.0
0.0
0.0
0.0
0.0
0.0
0.0
0.0
0.0
0.012
0.0936
0.1926
0.2621
0.29
0.2767
0.2115
0.1001
0.0005
0.0
0.0
0.0
0.0
0.0
0.0
0.0
0.0
0.0
0.0
0.0
0.0
0.0
0.0
0.0
0.0247
0.1491
0.2974
0.3948
0.4395
0.4099
0.3132
0.161
0.0046
0.0
0.0
0.0
0.0
0.0
0.0
0.0
0.0
0.0
0.0
0.0
0.0
0.0
0.0
0.0
0.0194
0.1383
0.2664
0.3561
0.3825
0.3479
0.2591
0.1256
0.0035
0.0
0.0
0.0
0.0
0.0
0.0
0.0
0.0
0.0
0.0
0.0
0.0
0.0
0.0
0.0
0.0195
0.15
0.3018
0.3923
0.4172
0.3842
0.2902
0.1383
0.0025
0.0
0.0
0.0
0.0
0.0
0.0
0.0
0.0
0.0
0.0
0.0
0.0
0.0
0.0
0.0
0.0119
0.0975
0.2063
0.2923
0.3229
0.2969
0.2212
0.1065
0.0021
0.0
0.0
0.0
0.0
0.0
0.0
0.0
0.0
0.0
0.0
0.0
0.0
0.0
0.0
0.0
0.007
0.0498
0.1153
0.1764
0.2138
0.1982
0.1389
0.0602
0.0014
0.0
0.0
0.0
0.0
0.0
0.0
0.0
0.0
0.0
0.0
0.0
0.0
0.0
0.0
0.0
0.0136
0.0991
0.1998
0.2483
0.2418
0.1988
0.132
0.0557
0.0011
0.0
0.0
0.0
0.0
0.0
0.0
0.0
0.0
0.0
0.0
0.0
0.0
0.0
0.0
0.0
0.0086
0.0378
0.0621
0.074
0.0728
0.0577
0.0386
0.0158
0.0004
0.0
0.0
0.0
0.0
0.0
0.0
0.0
0.0
0.0
0.0
0.0
0.0
0.0
0.0
0.0
0.0134
0.0758
0.1412
0.204
0.2223
0.1987
0.1383
0.0576
0.001
0.0
0.0
0.0
0.0
0.0
0.0
0.0
0.0
0.0
0.0
0.0
0.0
0.0
0.0
0.0
0.0016
0.0163
0.0426
0.0657
0.0665
0.0571
0.0346
0.0094
0.0
0.0
0.0
0.0
0.0
0.0
0.0
0.0
0.0
0.0
0.0
0.0
0.0
0.0
0.0
0.0
0.0006
0.0208
0.0566
0.0903
0.1124
0.1075
0.0723
0.0213
0.0001
0.0
0.0
0.0
0.0
0.0
0.0
0.0
0.0
0.0
0.0
0.0
0.0
0.0
0.0
0.0
0.0068
0.0489
0.1018
0.1418
0.155
0.1326
0.0839
0.0265
0.0002
0.0
0.0
0.0
0.0
0.0
0.0
0.0
0.0
0.0
0.0
0.0
0.0
0.0
0.0
0.0
0.0024
0.0314
0.072
0.1045
0.1168
0.1062
0.0719
0.025
0.0005
0.0
0.0
0.0
0.0
0.0
0.0
0.0
0.0
0.0
0.0
0.0
0.0
0.0
0.0
0.0
0.0063
0.0591
0.1363
0.2072
0.2516
0.2431
0.1725
0.0633
0.0005
0.0
0.0
0.0
0.0
0.0
0.0
0.0
0.0
0.0
0.0
0.0
0.0
0.0
0.0
0.0
0.0143
0.1296
0.2701
0.3551
0.3795
0.348
0.2498
0.1024
0.0007
0.0
0.0
0.0
0.0
0.0
0.0
0.0
0.0
0.0
0.0
0.0
0.0
0.0
0.0
0.0
0.0055
0.064
0.1375
0.1793
0.185
0.1565
0.0992
0.0298
0.0
0.0
0.0
0.0
0.0
0.0
0.0
0.0
0.0
0.0
0.0
0.0
0.0
0.0
0.0
0.0
0.0039
0.0259
0.0488
0.0568
0.0508
0.0372
0.0218
0.0057
0.0
0.0
0.0
0.0
0.0
0.0
0.0
0.0
0.0
0.0
0.0
0.0
0.0
0.0
0.0
0.0
0.0049
0.0575
0.1487
0.2255
0.2701
0.2589
0.1809
0.0664
0.0004
0.0
0.0
0.0
0.0
0.0
0.0
0.0
0.0
0.0
0.0
0.0
0.0
0.0
0.0
0.0
0.0105
0.116
0.264
0.3612
0.3873
0.3519
0.252
0.0945
0.0003
0.0
0.0
0.0
0.0
0.0
0.0
0.0
0.0
0.0
0.0
0.0
0.0
0.0
0.0
0.0
0.0066
0.0834
0.1848
0.2558
0.2772
0.2444
0.1604
0.0515
0.0003
0.0
0.0
0.0
0.0
0.0
0.0
0.0
0.0
0.0
0.0
0.0
0.0
0.0
0.0
0.0
0.0041
0.0512
0.1215
0.1701
0.1802
0.1522
0.0956
0.0297
0.0002
0.0
0.0
0.0
0.0
0.0
0.0
0.0
0.0
0.0
0.0
0.0
0.0
0.0
0.0
0.0
0.001
0.0251
0.0611
0.0941
0.1138
0.1071
0.0736
0.0224
0.0
0.0
0.0
0.0
0.0
0.0
0.0
0.0
0.0
0.0
0.0
0.0
0.0
0.0
0.0
0.0
0.0008
0.0125
0.043
0.0843
0.1099
0.1011
0.0592
0.0157
0.0
0.0
0.0
0.0
0.0
0.0
0.0
0.0
0.0
0.0
0.0
0.0
0.0
0.0
0.0
0.0
0.0007
0.0136
0.0329
0.0459
0.046
0.0381
0.024
0.0078
0.0001
0.0
0.0
0.0
0.0
0.0
0.0
0.0
0.0
0.0
0.0
0.0
0.0
0.0
0.0
0.0
0.002
0.0198
0.0634
0.1046
0.1287
0.125
0.0872
0.0244
0.0001
0.0
0.0
0.0
0.0
0.0
0.0
0.0
0.0
0.0
0.0
0.0
0.0
0.0
0.0
0.0
0.0045
0.0563
0.1222
0.1666
0.18
0.1578
0.0978
0.0277
0.0005
0.0
0.0
0.0
0.0
0.0
0.0
0.0
0.0
0.0
0.0
0.0
0.0
0.0
0.0
0.0
0.0023
0.0286
0.0749
0.1219
0.1534
0.161
0.1111
0.0368
0.0008
0.0
0.0
0.0
0.0
0.0
0.0
0.0
0.0
0.0
0.0
0.0
0.0
0.0
0.0
0.0
0.0073
0.0883
0.2065
0.3136
0.354
0.3211
0.2323
0.0951
0.0014
0.0
0.0
0.0
0.0
0.0
0.0
0.0
0.0
0.0
0.0
0.0
0.0
0.0
0.0
0.0
0.0233
0.1504
0.313
0.4136
0.4355
0.387
0.2788
0.1173
0.0019
0.0
0.0
0.0
0.0
0.0
0.0
0.0
0.0
