_wind_offshore_current load factor in Norway in 2016
0.9914
0.9892
0.9889
0.9284
0.8221
0.7571
0.659
0.5165
0.3417
0.1895
0.1004
0.0627
0.0481
0.0471
0.066
0.1128
0.1633
0.2118
0.2754
0.3527
0.4082
0.4614
0.5432
0.6419
0.7488
0.8322
0.8837
0.9041
0.9195
0.9413
0.9617
0.9736
0.9825
0.99
0.9914
0.9914
0.9913
0.9912
0.9905
0.9892
0.9884
0.9893
0.9895
0.9892
0.9892
0.9887
0.9882
0.9887
0.9892
0.9905
0.9908
0.9911
0.9912
0.9912
0.9911
0.991
0.991
0.991
0.9904
0.99
0.9899
0.9898
0.9899
0.9898
0.9896
0.9901
0.9911
0.9914
0.9908
0.9892
0.9874
0.9853
0.983
0.9797
0.9754
0.9686
0.9597
0.9512
0.9447
0.9385
0.9324
0.9269
0.9162
0.8983
0.8752
0.8537
0.8367
0.8284
0.8213
0.8172
0.818
0.8253
0.8367
0.8537
0.8667
0.8746
0.8781
0.8728
0.8642
0.8544
0.8426
0.8433
0.8476
0.8558
0.8623
0.8636
0.8617
0.8564
0.8483
0.8433
0.844
0.851
0.8537
0.851
0.844
0.8433
0.8337
0.8197
0.8063
0.7903
0.7742
0.7592
0.7477
0.7143
0.6668
0.6285
0.6189
0.6339
0.6629
0.7002
0.7224
0.7303
0.7201
0.7155
0.7369
0.7713
0.7976
0.8037
0.7993
0.8156
0.8551
0.8912
0.9092
0.9114
0.9123
0.9178
0.9254
0.9341
0.9447
0.9536
0.9626
0.97
0.9737
0.9736
0.9756
0.9769
0.9759
0.9729
0.9704
0.9659
0.9583
0.9479
0.9351
0.9309
0.9235
0.911
0.8918
0.8661
0.8367
0.7993
0.7445
0.6869
0.6257
0.5549
0.4897
0.4391
0.4024
0.378
0.3417
0.2942
0.2574
0.2516
0.2779
0.3241
0.3638
0.3995
0.4332
0.4614
0.5121
0.549
0.5651
0.5938
0.6271
0.6564
0.6719
0.7155
0.7571
0.8002
0.8315
0.8655
0.8837
0.8843
0.8848
0.9013
0.906
0.8912
0.8763
0.8752
0.9003
0.9211
0.9306
0.9462
0.9566
0.9523
0.9504
0.9643
0.9739
0.9795
0.9802
0.983
0.9849
0.9868
0.9889
0.9907
0.9914
0.9903
0.9872
0.987
0.9871
0.9874
0.9864
0.9875
0.9894
0.991
0.9913
0.9913
0.9902
0.9871
0.9811
0.9733
0.9621
0.949
0.9223
0.9046
0.8902
0.8763
0.871
0.8655
0.8517
0.836
0.8139
0.7829
0.7551
0.7314
0.7178
0.7155
0.7062
0.6819
0.6446
0.5966
0.5461
0.4793
0.4097
0.3499
0.3031
0.2791
0.2539
0.2367
0.2171
0.1965
0.1771
0.1355
0.11
0.0893
0.0698
0.05
0.035
0.025
0.0193
0.0131
0.0052
0.0024
0.0023
0.0056
0.0143
0.035
0.0638
0.0958
0.1194
0.1239
0.1452
0.1651
0.1945
0.2447
0.2954
0.3513
0.4391
0.4972
0.5314
0.5461
0.5314
0.5106
0.4643
0.4126
0.4302
0.3751
0.3322
0.3254
0.3201
0.3322
0.3751
0.4273
0.4748
0.5299
0.5966
0.6642
0.7167
0.7466
0.7602
0.7762
0.7857
0.8028
0.8315
0.8299
0.8205
0.7949
0.753
0.7224
0.699
0.699
0.7143
0.7258
0.7167
0.7014
0.6844
0.6603
0.6325
0.6106
0.6064
0.605
0.6008
0.6022
0.605
0.6148
0.6298
0.6419
0.6577
0.6642
0.6499
0.6022
0.5254
0.4126
0.2516
0.1323
0.2077
0.7097
0.9087
0.9219
0.9055
0.8918
0.8928
0.9041
0.9235
0.9327
0.9273
0.9022
0.8517
0.794
0.7073
0.598
0.4972
0.3981
0.3175
0.2706
0.2458
0.2257
0.2129
0.2192
0.2356
0.2493
0.2493
0.2481
0.2458
0.2435
0.2481
0.2458
0.2268
0.1847
0.1379
0.0991
0.0665
0.0411
0.0231
0.0126
0.0067
0.0022
0.0003
0.0
0.0
0.0
0.0001
0.0008
0.0033
0.0071
0.0126
0.0173
0.0199
0.0253
0.0325
0.035
0.0389
0.0384
0.0329
0.0316
0.0308
0.0276
0.0304
0.035
0.0269
0.0115
0.0025
0.0004
0.0308
0.0784
0.1269
0.1752
0.2171
0.2504
0.2804
0.3268
0.3808
0.4288
0.4643
0.4808
0.4748
0.4258
0.3458
0.261
0.1915
0.1444
0.1143
0.1143
0.13
0.1589
0.2046
0.2657
0.3389
0.3794
0.3596
0.3376
0.3228
0.3162
0.3044
0.2904
0.2779
0.2682
0.2634
0.2562
0.2447
0.2401
0.239
0.2345
0.2182
0.1965
0.1743
0.1572
0.1419
0.1308
0.1323
0.1403
0.1477
0.1436
0.1254
0.0977
0.0721
0.0555
0.0467
0.0429
0.0337
0.0199
0.0105
0.0049
0.0023
0.0025
0.0081
0.022
0.0448
0.0749
0.1051
0.1277
0.1589
0.1925
0.2171
0.2504
0.3044
0.3894
0.4912
0.5895
0.6844
0.754
0.8028
0.851
0.882
0.8988
0.9101
0.9302
0.9438
0.9573
0.9628
0.9678
0.9762
0.9836
0.9874
0.9902
0.9911
0.987
0.9795
0.9734
0.9664
0.9671
0.9697
0.9736
0.9784
0.9838
0.9886
0.9913
0.99
0.9798
0.9546
0.9074
0.8397
0.7445
0.6366
0.5388
0.448
0.3822
0.378
0.4024
0.4406
0.5136
0.4778
0.417
0.4867
0.5299
0.5505
0.6134
0.6782
0.719
0.7062
0.6512
0.5564
0.4942
0.4347
0.3485
0.2916
0.3376
0.3995
0.451
0.518
0.6352
0.7073
0.7073
0.6966
0.7073
0.7212
0.7314
0.7143
0.668
0.6512
0.6538
0.6106
0.4942
0.3937
0.3822
0.3737
0.3865
0.3241
0.2993
0.3966
0.5061
0.5534
0.6446
0.7423
0.7434
0.7771
0.8476
0.8881
0.9105
0.9269
0.9375
0.9435
0.9479
0.9559
0.9621
0.9682
0.9759
0.984
0.9778
0.9388
0.942
0.9496
0.9459
0.9273
0.871
0.7713
0.6869
0.6459
0.705
0.8537
0.9231
0.9538
0.9744
0.9904
0.9875
0.9805
0.9716
0.9748
0.9888
0.9914
0.9913
0.9913
0.9856
0.9673
0.9485
0.9162
0.8758
0.8854
0.7967
0.6134
0.4569
0.3937
0.3362
0.2516
0.1387
0.0555
0.0199
0.014
0.0491
0.1284
0.1975
0.2967
0.4053
0.451
0.6893
0.8859
0.9132
0.8692
0.8213
0.8629
0.952
0.9845
0.9827
0.97
0.9435
0.9187
0.906
0.8943
0.8943
0.8988
0.8993
0.8998
0.8933
0.8875
0.8775
0.8686
0.8617
0.8597
0.8655
0.8591
0.8692
0.9013
0.9265
0.9284
0.9187
0.9092
0.8948
0.9101
0.9546
0.9784
0.9914
0.9589
0.8611
0.6736
0.4605
0.4817
0.5162
0.3587
0.3501
0.5254
0.7936
0.9323
0.9867
0.9911
0.9887
0.989
0.9904
0.9913
0.987
0.9751
0.9838
0.9914
0.9912
0.9912
0.9899
0.9865
0.9881
0.9875
0.9793
0.9697
0.9568
0.9551
0.9626
0.9716
0.9753
0.9709
0.9556
0.9485
0.9619
0.98
0.9781
0.9651
0.9585
0.9551
0.9531
0.9467
0.9223
0.8781
0.8268
0.7791
0.7132
0.7235
0.8106
0.8292
0.8411
0.8447
0.8164
0.7653
0.7212
0.6819
0.6064
0.5388
0.5269
0.4229
0.3254
0.2551
0.1799
0.1157
0.1837
0.4793
0.7498
0.8503
0.9334
0.9713
0.9887
0.986
0.9844
0.9908
0.9913
0.9913
0.9886
0.9887
0.9902
0.991
0.9913
0.9913
0.9913
0.9914
0.9914
0.9912
0.9889
0.9914
0.988
0.9851
0.9815
0.9807
0.9863
0.9912
0.9911
0.9856
0.9592
0.9069
0.9309
0.9702
0.977
0.9797
0.9784
0.9823
0.9851
0.9836
0.9777
0.9592
0.9288
0.8902
0.8524
0.8213
0.8055
0.8089
0.8315
0.8686
0.8933
0.9074
0.9195
0.9327
0.9459
0.9573
0.958
0.9504
0.9381
0.928
0.9258
0.9306
0.9299
0.9162
0.8912
0.8469
0.7921
0.7358
0.6731
0.612
0.5461
0.4867
0.4763
0.4987
0.5402
0.5781
0.6271
0.6819
0.705
0.6832
0.6203
0.552
0.5165
0.4643
0.3695
0.2754
0.1856
0.1261
0.1072
0.1186
0.1355
0.1572
0.1895
0.2481
0.3737
0.5852
0.7412
0.8097
0.8571
0.8629
0.8375
0.8189
0.8089
0.8114
0.8055
0.833
0.8564
0.8722
0.8875
0.8993
0.9313
0.9498
0.9512
0.9651
0.9793
0.9859
0.9872
0.9888
0.9829
0.9269
0.8197
0.7612
0.6148
0.448
0.3109
0.2779
0.3555
0.4837
0.6008
0.6706
0.7014
0.8123
0.9119
0.9597
0.9773
0.9882
0.9904
0.9911
0.991
0.9906
0.9914
0.9912
0.9905
0.9911
0.9914
0.9912
0.9859
0.9643
0.9317
0.9027
0.8859
0.8804
0.8978
0.942
0.9675
0.9881
0.989
0.9649
0.9168
0.9023
0.9336
0.9644
0.9852
0.9914
0.9865
0.9778
0.9759
0.9811
0.9827
0.9704
0.9456
0.9277
0.914
0.8875
0.8544
0.8089
0.7412
0.6642
0.6134
0.5952
0.5824
0.5852
0.5136
0.4361
0.378
0.3555
0.3851
0.4361
0.4882
0.5578
0.6175
0.6794
0.7143
0.699
0.6744
0.6538
0.6655
0.6298
0.5709
0.5002
0.4185
0.3362
0.2891
0.2904
0.3018
0.3005
0.2804
0.2424
0.2046
0.1724
0.1563
0.1428
0.1246
0.1093
0.0906
0.0778
0.0715
0.0698
0.0665
0.056
0.0439
0.0292
0.018
0.0148
0.0196
0.0276
0.0316
0.03
0.0246
0.0183
0.0118
0.0047
0.0015
0.0006
0.0002
0.0079
0.0434
0.0945
0.1355
0.1771
0.2334
0.298
0.3569
0.3709
0.3444
0.2929
0.2379
0.1885
0.1651
0.1528
0.1554
0.1847
0.2345
0.298
0.3937
0.4584
0.4987
0.4912
0.4495
0.4097
0.388
0.3723
0.3513
0.3188
0.2767
0.2345
0.1995
0.1598
0.1284
0.1136
0.1164
0.1284
0.1403
0.1572
0.1827
0.2046
0.2203
0.2139
0.1847
0.152
0.1231
0.0964
0.0726
0.0575
0.0491
0.0467
0.0425
0.0376
0.0367
0.0407
0.0462
0.0505
0.0525
0.0545
0.056
0.0555
0.051
0.0467
0.0491
0.055
0.0654
0.0772
0.0887
0.0997
0.1121
0.1269
0.1387
0.1436
0.1469
0.1477
0.1323
0.1045
0.0715
0.0398
0.0029
0.0001
0.0061
0.0227
0.0371
0.0495
0.066
0.09
0.1121
0.1331
0.1511
0.1607
0.1624
0.1607
0.1724
0.1935
0.2139
0.229
0.2458
0.2694
0.3122
0.361
0.3865
0.4068
0.4347
0.4599
0.4584
0.4332
0.448
0.4778
0.5195
0.5432
0.5016
0.3966
0.2891
0.2214
0.1945
0.1598
0.1186
0.0826
0.0575
0.0272
0.0071
0.0097
0.058
0.1371
0.2779
0.4584
0.6312
0.7423
0.8156
0.8792
0.9327
0.9604
0.975
0.9903
0.9914
0.99
0.9877
0.982
0.9787
0.9798
0.9767
0.9771
0.9804
0.9828
0.9849
0.9868
0.9888
0.9894
0.9897
0.9897
0.9897
0.9886
0.987
0.9859
0.9833
0.9792
0.9829
0.987
0.9912
0.9908
0.9885
0.9882
0.9872
0.9859
0.9829
0.9763
0.9647
0.9441
0.9219
0.9003
0.8752
0.8558
0.8469
0.8454
0.8537
0.8276
0.8123
0.7949
0.7742
0.7488
0.712
0.6782
0.6616
0.6499
0.6512
0.6668
0.5966
0.4763
0.3638
0.2804
0.261
0.2866
0.3362
0.3894
0.4599
0.5446
0.6078
0.6577
0.7026
0.7612
0.7819
0.8307
0.8752
0.9032
0.9295
0.947
0.9617
0.9776
0.9898
0.9908
0.9805
0.9497
0.8916
0.8129
0.837
0.9823
0.9675
0.8097
0.6807
0.7155
0.7358
0.7762
0.8531
0.8786
0.8692
0.8367
0.8114
0.844
0.8578
0.802
0.7498
0.712
0.6819
0.6942
0.6794
0.6731
0.6731
0.6918
0.7258
0.7673
0.802
0.8245
0.8229
0.8728
0.911
0.9203
0.9092
0.8953
0.8704
0.8728
0.8918
0.9022
0.8973
0.8837
0.8716
0.8537
0.836
0.8352
0.8447
0.8558
0.8537
0.8728
0.8786
0.8276
0.7703
0.6782
0.549
0.4614
0.3652
0.2779
0.2225
0.2097
0.229
0.2866
0.4053
0.5694
0.6577
0.7002
0.7402
0.7875
0.7885
0.7931
0.8156
0.8253
0.8469
0.8524
0.8476
0.8661
0.882
0.8928
0.9087
0.9096
0.9258
0.9435
0.9556
0.9661
0.9634
0.9523
0.9462
0.9404
0.9344
0.917
0.8943
0.8792
0.8648
0.8454
0.8205
0.7912
0.7752
0.7633
0.7623
0.7551
0.7466
0.7369
0.7085
0.6819
0.6731
0.6731
0.6731
0.6832
0.7026
0.738
0.7752
0.802
0.802
0.8011
0.7742
0.7402
0.6893
0.6603
0.6629
0.6719
0.6757
0.6719
0.6564
0.6189
0.5651
0.5016
0.4273
0.3582
0.3057
0.2742
0.2458
0.2323
0.2301
0.2527
0.2791
0.307
0.3135
0.3083
0.3057
0.3096
0.3031
0.3057
0.3214
0.3444
0.3596
0.3582
0.3485
0.3228
0.273
0.2171
0.1687
0.1339
0.1114
0.0991
0.0938
0.0875
0.0796
0.0726
0.0704
0.0676
0.0676
0.0687
0.0715
0.0687
0.0617
0.052
0.042
0.0341
0.0333
0.0333
0.032
0.0288
0.0253
0.0253
0.0296
0.0341
0.0367
0.0367
0.032
0.022
0.0193
0.0411
0.0761
0.1186
0.166
0.1995
0.2225
0.2345
0.2345
0.2268
0.2077
0.2005
0.2015
0.2171
0.2279
0.2412
0.2539
0.2645
0.2634
0.2424
0.2139
0.1827
0.1444
0.1121
0.1024
0.1186
0.1323
0.1428
0.1503
0.1486
0.1528
0.1537
0.1363
0.1051
0.0693
0.0371
0.0176
0.0115
0.0145
0.0196
0.028
0.052
0.0862
0.1194
0.1511
0.2025
0.2754
0.343
0.4288
0.5388
0.6298
0.6856
0.7167
0.7602
0.8011
0.8276
0.8692
0.9008
0.9265
0.9358
0.9479
0.9566
0.9663
0.9707
0.9788
0.9849
0.9873
0.9911
0.991
0.9871
0.9751
0.9518
0.9227
0.8218
0.7189
0.6748
0.659
0.6554
0.7289
0.8209
0.8928
0.9357
0.9641
0.9802
0.9881
0.9913
0.9877
0.983
0.9748
0.9624
0.9515
0.9078
0.7762
0.5314
0.3681
0.2622
0.1554
0.1172
0.1072
0.11
0.1072
0.1024
0.0964
0.0887
0.0856
0.0868
0.0906
0.0958
0.1072
0.13
0.1633
0.1955
0.2312
0.247
0.2323
0.1771
0.1065
0.0525
0.038
0.057
0.09
0.1114
0.1387
0.1633
0.1827
0.1965
0.1995
0.2424
0.3851
0.5002
0.6078
0.6807
0.7201
0.7713
0.8055
0.818
0.8189
0.8131
0.7732
0.7358
0.7258
0.728
0.693
0.6203
0.5446
0.4987
0.4361
0.3403
0.2447
0.1598
0.1024
0.0606
0.0389
0.0276
0.018
0.0105
0.009
0.016
0.03
0.0491
0.0633
0.0743
0.0893
0.1143
0.1546
0.1915
0.2005
0.1706
0.1186
0.082
0.0715
0.0749
0.0778
0.0844
0.0906
0.0778
0.0617
0.0476
0.0384
0.0439
0.055
0.0654
0.0698
0.0676
0.0682
0.0738
0.0772
0.0766
0.0766
0.0802
0.0844
0.0881
0.0856
0.0844
0.0826
0.0749
0.0671
0.0671
0.0862
0.1045
0.1164
0.1223
0.1239
0.1223
0.1246
0.1411
0.178
0.2246
0.2706
0.3096
0.3135
0.2804
0.2645
0.261
0.2551
0.239
0.2458
0.2539
0.2682
0.3044
0.3624
0.4229
0.4733
0.5195
0.5534
0.5388
0.4837
0.3981
0.3162
0.2424
0.1715
0.1093
0.0622
0.0296
0.0112
0.0052
0.0105
0.0341
0.057
0.0738
0.0964
0.1403
0.2087
0.2878
0.3723
0.4643
0.5622
0.6731
0.7612
0.8028
0.8172
0.8205
0.8221
0.8237
0.8307
0.8337
0.8551
0.8722
0.8843
0.8875
0.8804
0.8571
0.8564
0.8397
0.836
0.8433
0.839
0.836
0.8426
0.8496
0.8454
0.8411
0.8345
0.8221
0.7958
0.7258
0.6757
0.6577
0.6366
0.6078
0.5909
0.5966
0.5766
0.5461
0.5121
0.4882
0.4957
0.4808
0.4539
0.451
0.4599
0.4688
0.4733
0.4629
0.4332
0.4243
0.4495
0.4957
0.552
0.5881
0.5838
0.5665
0.5838
0.6064
0.605
0.5723
0.5432
0.5622
0.6106
0.6512
0.6538
0.6161
0.6064
0.6512
0.6757
0.6744
0.6551
0.623
0.5665
0.5299
0.5694
0.6022
0.6419
0.6782
0.7167
0.7412
0.753
0.7653
0.7623
0.7762
0.7445
0.7519
0.7456
0.738
0.7347
0.7456
0.7819
0.8123
0.839
0.8447
0.8345
0.8433
0.8454
0.8426
0.8352
0.8205
0.8114
0.8172
0.8284
0.8245
0.8097
0.7949
0.7592
0.7519
0.7633
0.728
0.6782
0.6189
0.5607
0.5225
0.5002
0.4673
0.4273
0.3937
0.3582
0.3096
0.2634
0.2379
0.2225
0.2046
0.1808
0.158
0.1254
0.0938
0.0665
0.0411
0.016
0.0025
0.0008
0.0052
0.0189
0.0371
0.054
0.0687
0.1045
0.1651
0.2447
0.3335
0.4258
0.4927
0.5254
0.5432
0.5402
0.4718
0.3709
0.2754
0.1995
0.1589
0.1411
0.1363
0.1436
0.1528
0.1528
0.1403
0.1223
0.0964
0.0676
0.0389
0.0238
0.025
0.022
0.0246
0.0304
0.0402
0.0411
0.0358
0.0284
0.0173
0.0077
0.006
0.0047
0.0024
0.0024
0.0034
0.006
0.011
0.016
0.0186
0.0196
0.0189
0.0164
0.012
0.01
0.009
0.0105
0.0143
0.022
0.0308
0.0407
0.0515
0.0772
0.1201
0.1715
0.215
0.2435
0.2539
0.247
0.2562
0.2791
0.3214
0.3695
0.3952
0.3937
0.3765
0.3472
0.3254
0.3362
0.4111
0.5314
0.6339
0.6782
0.6918
0.6954
0.7026
0.7143
0.7132
0.7002
0.6856
0.7002
0.705
0.7085
0.7325
0.7445
0.7771
0.7931
0.8164
0.8164
0.7993
0.7466
0.7423
0.7752
0.7875
0.8097
0.8002
0.808
0.8245
0.8197
0.8063
0.8002
0.7903
0.7771
0.7519
0.7434
0.7391
0.7571
0.7693
0.7466
0.7314
0.6668
0.6022
0.5665
0.4867
0.4629
0.5314
0.6486
0.6978
0.7612
0.7903
0.794
0.8063
0.818
0.8284
0.8189
0.7762
0.754
0.7903
0.7653
0.7014
0.6312
0.5824
0.5607
0.518
0.4733
0.4229
0.4024
0.3981
0.417
0.4068
0.4126
0.4554
0.5446
0.6244
0.668
0.693
0.712
0.753
0.7456
0.7434
0.699
0.6499
0.6092
0.5752
0.5314
0.5002
0.4629
0.4763
0.5651
0.6203
0.5651
0.5593
0.6881
0.7762
0.7781
0.8011
0.8037
0.7683
0.7235
0.7014
0.7246
0.7602
0.7791
0.7488
0.6893
0.6616
0.6189
0.5766
0.521
0.4987
0.4614
0.4199
0.3541
0.2904
0.2268
0.1642
0.1004
0.0606
0.0358
0.0284
0.0384
0.0643
0.1038
0.1771
0.2694
0.3472
0.4141
0.448
0.4778
0.4957
0.5002
0.4912
0.5136
0.5254
0.5402
0.5417
0.524
0.4808
0.4435
0.3652
0.2516
0.1546
0.0932
0.0665
0.0575
0.055
0.052
0.0457
0.0312
0.0164
0.0088
0.0069
0.0206
0.0575
0.1172
0.1945
0.2954
0.4185
0.5121
0.5838
0.6379
0.6719
0.659
0.6271
0.598
0.6189
0.6022
0.5651
0.5373
0.5106
0.5165
0.5031
0.4972
0.5121
0.5284
0.5534
0.5938
0.6366
0.6603
0.6719
0.6499
0.5795
0.4643
0.3148
0.2767
0.2891
0.378
0.4243
0.4082
0.4658
0.5651
0.5952
0.5665
0.4942
0.3894
0.2345
0.1277
0.1114
0.1995
0.3295
0.4465
0.5343
0.6564
0.7663
0.8382
0.8786
0.9017
0.9391
0.9496
0.9585
0.9699
0.9784
0.9882
0.9908
0.9912
0.9913
0.9908
0.9911
0.9909
0.9906
0.9893
0.9875
0.9885
0.9862
0.9782
0.9657
0.9598
0.9566
0.9534
0.948
0.9631
0.9835
0.9914
0.9868
0.9812
0.9774
0.9742
0.9773
0.9805
0.9848
0.9878
0.9887
0.9882
0.9869
0.9833
0.9759
0.9661
0.9556
0.9444
0.9441
0.9507
0.958
0.9576
0.9613
0.9653
0.9688
0.9689
0.9647
0.9632
0.9647
0.9649
0.9678
0.9873
0.9912
0.9913
0.9914
0.991
0.9896
0.9912
0.99
0.9788
0.9485
0.9238
0.9078
0.8617
0.8055
0.6794
0.6175
0.5665
0.6406
0.6459
0.623
0.6078
0.6339
0.6564
0.6352
0.659
0.6486
0.6022
0.5923
0.6446
0.7201
0.6832
0.5709
0.4524
0.3541
0.2828
0.2066
0.1546
0.1136
0.09
0.085
0.0938
0.0997
0.0875
0.0732
0.0665
0.0627
0.0481
0.0265
0.0093
0.0015
0.0001
0.0002
0.0014
0.0047
0.0088
0.0115
0.0131
0.0137
0.0227
0.0545
0.1051
0.1444
0.1511
0.1724
0.3188
0.6538
0.8307
0.8433
0.7967
0.7291
0.6642
0.5966
0.549
0.5136
0.4867
0.4643
0.4465
0.4126
0.3667
0.3188
0.2586
0.1965
0.1419
0.0881
0.042
0.0137
0.0107
0.0217
0.0457
0.085
0.1339
0.2066
0.2929
0.3751
0.4539
0.5636
0.6905
0.781
0.8123
0.8419
0.868
0.8859
0.9055
0.925
0.9371
0.9453
0.9541
0.963
0.9713
0.9781
0.9804
0.9832
0.9865
0.9866
0.9809
0.9704
0.9533
0.928
0.8875
0.8454
0.7732
0.6731
0.5952
0.4987
0.3995
0.3175
0.2645
0.2097
0.1799
0.1761
0.1925
0.2367
0.3122
0.3894
0.4539
0.4406
0.4229
0.4554
0.4957
0.5254
0.5446
0.5343
0.5031
0.4599
0.417
0.3908
0.4302
0.5417
0.6844
0.8072
0.8875
0.925
0.9426
0.9487
0.949
0.9288
0.9262
0.8597
0.7612
0.7269
0.6406
0.5373
0.4435
0.3709
0.3162
0.2634
0.1905
0.1469
0.13
0.13
0.1379
0.1546
0.1837
0.2401
0.2816
0.3376
0.4584
0.5314
0.605
0.705
0.833
0.874
0.9032
0.9078
0.8798
0.8531
0.8544
0.851
0.826
0.8011
0.7857
0.7742
0.7885
0.802
0.8072
0.7976
0.7912
0.7921
0.7742
0.7155
0.7132
0.7303
0.7178
0.6706
0.6203
0.568
0.5328
0.4808
0.3837
0.3403
0.3175
0.3389
0.3527
0.3403
0.3175
0.3018
0.2904
0.2878
0.2841
0.2622
0.2401
0.2367
0.2435
0.2447
0.2551
0.2742
0.2841
0.2742
0.2539
0.229
0.2056
0.178
0.1537
0.1315
0.1254
0.1246
0.115
0.0984
0.1058
0.1395
0.1866
0.229
0.2767
0.3254
0.3894
0.4852
0.6008
0.6881
0.7477
0.754
0.7423
0.7498
0.7582
0.7663
0.7762
0.7723
0.7402
0.7002
0.6642
0.6603
0.6893
0.6577
0.605
0.5476
0.4748
0.4126
0.3765
0.3652
0.3638
0.3527
0.3403
0.3188
0.2742
0.239
0.2066
0.1706
0.1395
0.1201
0.1004
0.079
0.0505
0.0238
0.0081
0.0025
0.0031
0.0126
0.0325
0.0535
0.0617
0.0612
0.0565
0.0486
0.0439
0.0429
0.0476
0.0601
0.0749
0.0984
0.1323
0.1808
0.2493
0.3201
0.378
0.4126
0.4097
0.4068
0.4082
0.4141
0.4126
0.3652
0.3031
0.2779
0.307
0.2828
0.2323
0.1885
0.1624
0.152
0.1528
0.1428
0.1308
0.1331
0.1395
0.1436
0.1419
0.1461
0.178
0.2066
0.2312
0.2574
0.2866
0.3018
0.3135
0.298
0.2516
0.2118
0.1827
0.1387
0.0862
0.038
0.006
0.0
0.0009
0.0167
0.0601
0.1231
0.1876
0.2345
0.2718
0.307
0.3109
0.2853
0.2622
0.2435
0.2235
0.2066
0.215
0.216
0.1633
0.1114
0.0755
0.0606
0.0491
0.0411
0.0398
0.0462
0.0585
0.0772
0.0984
0.1136
0.1186
0.1246
0.1363
0.1589
0.1743
0.1818
0.178
0.1771
0.1885
0.2005
0.1985
0.1554
0.0964
0.066
0.0411
0.0196
0.0069
0.0017
0.0017
0.0118
0.0393
0.0633
0.0693
0.0612
0.0486
0.0341
0.0238
0.0206
0.0206
0.0193
0.021
0.021
0.0196
0.0231
0.038
0.0633
0.0796
0.1079
0.1477
0.1856
0.2182
0.2301
0.2046
0.1642
0.1254
0.0925
0.0743
0.055
0.0304
0.0123
0.0123
0.0253
0.0462
0.0704
0.085
0.085
0.0687
0.0429
0.0183
0.006
0.0075
0.0183
0.0316
0.0407
0.0384
0.0325
0.0203
0.0071
0.0028
0.0134
0.038
0.0617
0.0784
0.0856
0.0971
0.1114
0.1194
0.1239
0.1379
0.1528
0.1554
0.1477
0.1444
0.1403
0.1411
0.1461
0.1537
0.1818
0.2412
0.3417
0.4778
0.6078
0.7014
0.7551
0.794
0.8197
0.8551
0.8809
0.8983
0.9096
0.9149
0.9187
0.9195
0.9149
0.9119
0.9017
0.8752
0.8382
0.7847
0.7178
0.6603
0.5938
0.5225
0.4763
0.4421
0.4376
0.4361
0.4569
0.5195
0.5923
0.7002
0.7723
0.7931
0.7742
0.7291
0.705
0.6298
0.5895
0.6312
0.6807
0.7314
0.7976
0.8673
0.9046
0.9199
0.9238
0.9432
0.9659
0.9774
0.9828
0.9821
0.979
0.9757
0.9734
0.9651
0.9538
0.9453
0.9375
0.9375
0.9378
0.9404
0.9504
0.9583
0.959
0.9549
0.9509
0.9441
0.9385
0.9358
0.9338
0.9355
0.9404
0.9476
0.9523
0.9493
0.9394
0.9238
0.8993
0.8617
0.8189
0.7633
0.7085
0.6486
0.5923
0.5809
0.5795
0.5446
0.5002
0.4435
0.3555
0.2841
0.2192
0.1935
0.1975
0.2108
0.2087
0.2046
0.2035
0.2087
0.2367
0.2993
0.3638
0.4258
0.4554
0.4718
0.4584
0.4435
0.4688
0.4643
0.4793
0.5373
0.5665
0.6538
0.7132
0.7723
0.7875
0.78
0.8055
0.8411
0.8798
0.9041
0.9195
0.9344
0.9585
0.9641
0.9568
0.9459
0.9341
0.9178
0.9003
0.8854
0.8642
0.8447
0.818
0.7857
0.7571
0.7369
0.7488
0.7571
0.7693
0.7857
0.8046
0.8197
0.8276
0.836
0.8496
0.8604
0.8655
0.8661
0.8558
0.8397
0.8002
0.7423
0.6794
0.6175
0.568
0.5564
0.549
0.5136
0.4748
0.4347
0.4185
0.4421
0.4837
0.5593
0.6446
0.7201
0.7829
0.8156
0.8221
0.8002
0.7623
0.7235
0.7155
0.7224
0.7291
0.7336
0.7488
0.7582
0.7466
0.719
0.6642
0.5709
0.4435
0.3214
0.2379
0.1985
0.1975
0.2312
0.2754
0.3044
0.3389
0.388
0.4243
0.4361
0.4243
0.3981
0.3723
0.3362
0.2866
0.247
0.2077
0.152
0.0958
0.052
0.0131
0.0012
0.0
0.0173
0.0671
0.1246
0.1624
0.1616
0.13
0.09
0.0591
0.0525
0.0676
0.0964
0.1355
0.1598
0.1752
0.1915
0.2087
0.2574
0.343
0.4258
0.4688
0.4643
0.4972
0.5002
0.4912
0.4822
0.4972
0.5417
0.5607
0.5358
0.5031
0.4808
0.4599
0.4421
0.4243
0.4111
0.3966
0.388
0.3808
0.3389
0.2791
0.2203
0.1733
0.1403
0.1179
0.1024
0.0906
0.0772
0.0654
0.0525
0.0304
0.0069
0.0037
0.0105
0.0337
0.0687
0.1086
0.1494
0.1761
0.178
0.1589
0.1315
0.1051
0.0802
0.0606
0.0462
0.0354
0.0261
0.0164
0.0067
0.0023
0.0029
0.0069
0.017
0.0235
0.0265
0.0272
0.0235
0.0131
0.0028
0.0
0.0003
0.0102
0.0288
0.0453
0.054
0.0555
0.0515
0.0407
0.0272
0.0186
0.017
0.0183
0.0186
0.0148
0.0102
0.0329
0.1038
0.1837
0.273
0.3458
0.3837
0.4155
0.4793
0.6008
0.6918
0.7314
0.7423
0.712
0.6881
0.6881
0.6693
0.6512
0.6693
0.6869
0.6905
0.7002
0.6918
0.7235
0.728
0.7002
0.6893
0.7038
0.7073
0.6616
0.5909
0.5016
0.3751
0.247
0.1363
0.0633
0.0173
0.0018
0.0003
0.0046
0.0052
0.0056
0.0227
0.0596
0.1107
0.158
0.2005
0.2401
0.2694
0.3057
0.3667
0.4822
0.6271
0.7623
0.844
0.8902
0.9203
0.9341
0.9429
0.9467
0.9496
0.9507
0.9564
0.9585
0.9608
0.9601
0.9675
0.9751
0.9803
0.9831
0.9844
0.985
0.9835
0.9851
0.9852
0.9873
0.9902
0.9914
0.9906
0.9889
0.9899
0.9914
0.9905
0.985
0.9737
0.9564
0.9219
0.8728
0.8148
0.7303
0.6022
0.5076
0.4068
0.2967
0.2129
0.1678
0.1363
0.1143
0.0997
0.0893
0.0991
0.1254
0.2015
0.2929
0.3851
0.4097
0.4199
0.4273
0.4068
0.3681
0.3295
0.3096
0.3376
0.3723
0.3837
0.361
0.3122
0.2657
0.2257
0.1905
0.1752
0.2035
0.2904
0.3894
0.4673
0.5461
0.6285
0.6769
0.6942
0.7062
0.7132
0.7325
0.7325
0.6978
0.6807
0.699
0.7412
0.7791
0.8156
0.844
0.868
0.8815
0.8938
0.9238
0.9361
0.952
0.9585
0.9538
0.9599
0.9597
0.9663
0.963
0.9531
0.9531
0.9523
0.9479
0.9416
0.9309
0.9162
0.9032
0.8928
0.8763
0.8629
0.8531
0.8397
0.8284
0.8229
0.8253
0.802
0.7653
0.7412
0.7097
0.6794
0.6538
0.6655
0.6844
0.6706
0.6525
0.6393
0.6078
0.5534
0.4912
0.4987
0.5225
0.5795
0.6757
0.7791
0.8148
0.8237
0.8292
0.8189
0.8028
0.7903
0.7894
0.7752
0.7693
0.7582
0.7847
0.794
0.7912
0.794
0.7752
0.794
0.808
0.8205
0.8447
0.8728
0.9037
0.9265
0.9385
0.9507
0.9549
0.9334
0.9306
0.9317
0.9219
0.9041
0.8843
0.8597
0.8454
0.8197
0.7857
0.7456
0.7673
0.7762
0.8046
0.8139
0.8237
0.7993
0.7402
0.6769
0.6406
0.6419
0.6706
0.7212
0.78
0.8011
0.794
0.7781
0.7623
0.7434
0.7258
0.6881
0.6175
0.5343
0.4822
0.451
0.3751
0.2878
0.2005
0.1292
0.0766
0.0363
0.014
0.0063
0.0
0.0067
0.0398
0.0778
0.1254
0.1651
0.1935
0.1905
0.1915
0.2066
0.2139
0.2056
0.166
0.1107
0.0601
0.0448
0.055
0.0856
0.1411
0.2356
0.3582
0.4822
0.5593
0.5994
0.6148
0.5881
0.5136
0.4258
0.3638
0.3362
0.3322
0.3162
0.3188
0.3057
0.2779
0.2539
0.2235
0.1678
0.0925
0.0292
0.0058
0.0231
0.09
0.1761
0.2424
0.2742
0.2682
0.2669
0.2718
0.2574
0.2171
0.1469
0.0778
0.0346
0.014
0.0077
0.0077
0.0196
0.0411
0.0601
0.0856
0.1143
0.1419
0.1624
0.2077
0.2706
0.3362
0.4421
0.5636
0.6706
0.7347
0.7703
0.7993
0.8197
0.8404
0.861
0.874
0.8837
0.8897
0.8912
0.9051
0.9215
0.9371
0.9444
0.9456
0.9453
0.9429
0.9385
0.9375
0.9426
0.9496
0.9561
0.9613
0.9653
0.9686
0.9686
0.9621
0.9561
0.9476
0.9355
0.9269
0.9223
0.9123
0.9055
0.8998
0.8923
0.8716
0.844
0.8172
0.8037
0.8011
0.8148
0.8404
0.8642
0.8832
0.8978
0.9096
0.9187
0.9187
0.9105
0.8912
0.8792
0.8686
0.8411
0.8245
0.8197
0.8164
0.8089
0.794
0.7602
0.719
0.6856
0.6564
0.6459
0.6419
0.6629
0.6942
0.7347
0.7752
0.8063
0.8284
0.8447
0.8496
0.836
0.7903
0.7412
0.6954
0.6433
0.6008
0.5651
0.5373
0.5076
0.4778
0.4524
0.4199
0.3652
0.3109
0.2853
0.2791
0.2891
0.3148
0.3527
0.3822
0.3995
0.4141
0.4406
0.4673
0.4837
0.4748
0.4347
0.3952
0.3667
0.3582
0.378
0.4053
0.4229
0.4082
0.3765
0.3376
0.2993
0.2458
0.2097
0.2056
0.2246
0.2334
0.2171
0.1866
0.1633
0.1486
0.1403
0.1292
0.11
0.0856
0.0622
0.038
0.0151
0.0014
0.0001
0.0102
0.0402
0.0808
0.1231
0.1724
0.2171
0.261
0.3201
0.3709
0.4288
0.4912
0.5343
0.552
0.5446
0.515
0.5061
0.4185
0.2929
0.1995
0.1411
0.1004
0.0856
0.0665
0.0671
0.1201
0.1866
0.239
0.2424
0.2301
0.2203
0.2056
0.1733
0.1194
0.0643
0.0272
0.0134
0.021
0.0164
0.0196
0.0389
0.0881
0.1486
0.2214
0.3322
0.4347
0.5091
0.6352
0.6978
0.7132
0.7434
0.7612
0.7325
0.719
0.7109
0.6616
0.6092
0.5694
0.5402
0.4793
0.417
0.388
0.3709
0.3322
0.261
0.1905
0.1428
0.1239
0.1254
0.1411
0.1847
0.2323
0.2551
0.2828
0.3458
0.388
0.4554
0.5607
0.6512
0.712
0.7653
0.8089
0.8558
0.8584
0.8781
0.8843
0.8864
0.8704
0.849
0.8276
0.8237
0.8221
0.8447
0.8524
0.8483
0.8447
0.808
0.7519
0.7325
0.7258
0.668
0.6312
0.6352
0.6339
0.5838
0.6134
0.5564
0.4068
0.2694
0.1827
0.1157
0.0743
0.03
0.0095
0.022
0.0505
0.1269
0.2056
0.2657
0.3096
0.3596
0.417
0.5136
0.6036
0.6731
0.6642
0.6472
0.6782
0.7466
0.8123
0.8686
0.8881
0.8902
0.9003
0.9132
0.925
0.9313
0.9327
0.9355
0.9394
0.9429
0.9401
0.9338
0.9262
0.9215
0.9219
0.9215
0.9195
0.917
0.8993
0.8763
0.8496
0.8419
0.8524
0.8503
0.8476
0.8531
0.8623
0.8775
0.8923
0.8958
0.8809
0.8558
0.8284
0.7857
0.7178
0.6339
0.4912
0.3228
0.216
0.1761
0.2005
0.2356
0.1885
0.1164
0.0977
0.0596
0.0411
0.0671
0.1277
0.1995
0.2574
0.2804
0.2779
0.2967
0.3096
0.3005
0.2816
0.2447
0.1511
0.058
0.0058
0.0217
0.0844
0.1216
0.1143
0.1136
0.1072
0.0802
0.0654
0.0596
0.0638
0.0778
0.0862
0.0868
0.0862
0.0919
0.1045
0.1164
0.1209
0.1172
0.1038
0.0844
0.0654
0.0471
0.0312
0.0173
0.0046
0.0012
0.0004
0.0008
0.0018
0.0012
0.0
0.0
0.0
0.0112
0.0411
0.0755
0.1121
0.1363
0.1633
0.1866
0.2066
0.2139
0.2066
0.2077
0.1955
0.1743
0.1436
0.1065
0.0709
0.0476
0.032
0.0213
0.0
0.0
0.0
0.0046
0.0213
0.0346
0.0416
0.0486
0.052
0.0434
0.022
0.003
0.0
0.0097
0.0453
0.0814
0.0984
0.0808
0.0687
0.0808
0.1086
0.1477
0.2025
0.2586
0.2657
0.2046
0.1428
0.09
0.0591
0.042
0.032
0.0341
0.0565
0.0977
0.1598
0.2334
0.2904
0.3322
0.3541
0.3596
0.3254
0.2718
0.2257
0.2129
0.2097
0.2025
0.1866
0.1724
0.1616
0.1537
0.1546
0.1678
0.2118
0.2574
0.2916
0.3122
0.3135
0.2657
0.2214
0.2235
0.2527
0.2767
0.2754
0.2669
0.2447
0.2268
0.2182
0.2097
0.2035
0.2035
0.2066
0.2056
0.1895
0.1528
0.1045
0.0693
0.0606
0.0856
0.1254
0.1642
0.2097
0.2779
0.3765
0.4673
0.4912
0.5031
0.4643
0.4111
0.3308
0.2754
0.216
0.1808
0.178
0.2025
0.2401
0.2706
0.2742
0.2791
0.2694
0.2841
0.3624
0.4808
0.5738
0.6175
0.6379
0.6577
0.6757
0.6954
0.699
0.6954
0.6844
0.6525
0.6008
0.552
0.5046
0.4569
0.4068
0.3709
0.3322
0.2657
0.1818
0.1136
0.0575
0.0371
0.0118
0.004
0.017
0.0238
0.032
0.0467
0.0732
0.0977
0.1216
0.1598
0.1995
0.2214
0.2301
0.2225
0.2139
0.2118
0.216
0.2301
0.247
0.247
0.2192
0.1554
0.0772
0.0183
0.0004
0.002
0.0486
0.1179
0.1895
0.2562
0.3175
0.3485
0.343
0.3241
0.3031
0.2828
0.2645
0.2257
0.1733
0.1331
0.1121
0.0971
0.0906
0.09
0.0991
0.1179
0.1277
0.1331
0.1511
0.1651
0.1789
0.1818
0.1624
0.1308
0.0964
0.0715
0.0545
0.0429
0.0333
0.028
0.0257
0.0213
0.0173
0.0199
0.03
0.0425
0.0525
0.0606
0.0612
0.0495
0.0515
0.0535
0.051
0.0505
0.0486
0.0471
0.0453
0.042
0.0363
0.03
0.0235
0.0148
0.0056
0.0014
0.0019
0.0058
0.0143
0.0253
0.0341
0.0425
0.0491
0.0515
0.0476
0.0358
0.0261
0.0304
0.0389
0.0425
0.0434
0.0457
0.05
0.0491
0.0407
0.0272
0.017
0.0118
0.0105
0.011
0.0115
0.0105
0.0093
0.0154
0.025
0.035
0.0457
0.0462
0.0367
0.0292
0.0284
0.032
0.0476
0.0671
0.0832
0.0997
0.1179
0.1411
0.1752
0.2108
0.2493
0.3044
0.3695
0.4347
0.5091
0.605
0.6844
0.7246
0.7663
0.8046
0.839
0.849
0.8454
0.8397
0.8322
0.8322
0.8426
0.8462
0.8397
0.8221
0.7993
0.7829
0.7838
0.7931
0.7967
0.7875
0.7781
0.7683
0.7653
0.781
0.7847
0.7791
0.7732
0.7673
0.7612
0.7571
0.7402
0.728
0.7445
0.7732
0.8089
0.836
0.8531
0.8673
0.8815
0.8907
0.8948
0.9013
0.9013
0.9008
0.8963
0.8848
0.871
0.8524
0.8345
0.8097
0.7713
0.7258
0.6782
0.6189
0.5402
0.4539
0.3923
0.3541
0.3376
0.3362
0.3638
0.4068
0.4391
0.4614
0.4643
0.4332
0.3808
0.3349
0.2954
0.2574
0.2171
0.1511
0.0808
0.0246
0.0
0.0033
0.0393
0.0832
0.1072
0.1157
0.1308
0.1436
0.1486
0.1444
0.1223
0.0971
0.0732
0.053
0.0288
0.0107
0.0009
0.0
0.0021
0.0126
0.0261
0.042
0.0654
0.0938
0.1086
0.1093
0.1065
0.1051
0.1031
0.0925
0.0958
0.1179
0.1284
0.1024
0.0649
0.0329
0.0123
0.0134
0.0253
0.0467
0.0633
0.0844
0.1017
0.1201
0.1308
0.1164
0.0838
0.051
0.03
0.0257
0.0425
0.0715
0.0964
0.0893
0.0761
0.0643
0.0462
0.0246
0.0058
0.0
0.0093
0.0704
0.1697
0.2694
0.3308
0.3472
0.3295
0.2954
0.2574
0.2046
0.1486
0.1086
0.0862
0.0755
0.0887
0.1107
0.1246
0.1136
0.0925
0.0862
0.0875
0.0814
0.0671
0.0389
0.018
0.0075
0.0004
0.0005
0.0077
0.0145
0.0105
0.0071
0.004
0.0069
0.0276
0.0627
0.0919
0.1179
0.1277
0.115
0.1086
0.1143
0.115
0.1128
0.1209
0.1284
0.1277
0.1107
0.0887
0.0766
0.0665
0.0535
0.038
0.0272
0.0224
0.0186
0.0193
0.0224
0.0272
0.0288
0.0265
0.017
0.0075
0.0014
0.0015
0.006
0.0173
0.0393
0.0585
0.0676
0.0676
0.0676
0.0743
0.085
0.1065
0.1086
0.1011
0.0938
0.0802
0.058
0.0416
0.0206
0.0058
0.0017
0.0
0.0018
0.0128
0.0265
0.0448
0.0585
0.0726
0.1038
0.1363
0.1563
0.1607
0.166
0.1799
0.2015
0.216
0.1995
0.1642
0.1452
0.1678
0.2171
0.2562
0.2853
0.3254
0.3765
0.448
0.5476
0.6629
0.7358
0.7643
0.794
0.8367
0.8763
0.9055
0.9265
0.9397
0.9479
0.9523
0.9564
0.9608
0.9655
0.9695
0.9706
0.9691
0.9655
0.9592
0.9531
0.9435
0.9299
0.9187
0.9074
0.8973
0.882
0.8531
0.8164
0.7723
0.7325
0.6954
0.6538
0.6106
0.5651
0.5106
0.448
0.3923
0.3403
0.273
0.1876
0.115
0.0676
0.0341
0.022
0.0292
0.0984
0.2458
0.4421
0.5923
0.7167
0.8352
0.9242
0.9695
0.9845
0.9905
0.9908
0.988
0.9597
0.8544
0.5766
0.451
0.4643
0.3952
0.2993
0.2056
0.152
0.1223
0.1031
0.1004
0.0887
0.0617
0.0416
0.0358
0.035
0.03
0.0354
0.053
0.0704
0.0808
0.0784
0.0784
0.0971
0.1172
0.1292
0.1444
0.166
0.1885
0.2005
0.1915
0.1895
0.2203
0.247
0.2891
0.3403
0.3652
0.3894
0.4302
0.4852
0.5269
0.5388
0.5738
0.5923
0.612
0.612
0.6064
0.6036
0.5938
0.5795
0.5593
0.5388
0.4882
0.4214
0.3981
0.3681
0.4082
0.4584
0.4703
0.4643
0.451
0.4629
0.5016
0.5002
0.4673
0.445
0.4317
0.5061
0.5002
0.3981
0.2929
0.2493
0.1915
0.1837
0.1678
0.1371
0.11
0.0906
0.0643
0.0402
0.0261
0.0231
0.0312
0.03
0.0292
0.0308
0.0346
0.0462
0.0389
0.009
0.0007
0.0002
0.0022
0.0046
0.0034
0.0028
0.0079
0.0358
0.1186
0.152
0.1223
0.0945
0.0887
0.0977
0.1107
0.1172
0.1072
0.0906
0.0709
0.0515
0.0398
0.03
0.0217
0.0206
0.0157
0.0095
0.0047
0.0065
0.0206
0.0505
0.0862
0.1261
0.1724
0.2235
0.2574
0.2657
0.2779
0.2954
0.3122
0.3122
0.2634
0.2005
0.2066
0.2435
0.2816
0.3201
0.3417
0.378
0.5476
0.7143
0.7931
0.78
0.6525
0.524
0.518
0.5106
0.4421
0.3596
0.3201
0.3148
0.2929
0.2622
0.2235
0.2015
0.1935
0.1965
0.2046
0.2077
0.2046
0.1827
0.1616
0.1876
0.2841
0.4097
0.4972
0.5461
0.5343
0.4465
0.4554
0.6881
0.8276
0.7781
0.6406
0.5076
0.401
0.3148
0.2682
0.229
0.1935
0.1761
0.178
0.1866
0.1985
0.2108
0.2046
0.1697
0.1323
0.1128
0.1093
0.1157
0.1277
0.1363
0.1379
0.1261
0.1017
0.0715
0.05
0.0429
0.0367
0.0337
0.0341
0.0308
0.0411
0.0808
0.1355
0.1837
0.2225
0.2562
0.2891
0.2878
0.3513
0.4957
0.5852
0.6325
0.6655
0.6731
0.7246
0.7958
0.851
0.8686
0.9065
0.8953
0.868
0.836
0.802
0.7683
0.7445
0.7723
0.8221
0.8864
0.9291
0.928
0.9145
0.8943
0.8763
0.8245
0.8469
0.8843
0.8734
0.8253
0.7723
0.7246
0.6782
0.6161
0.5564
0.4942
0.4097
0.3908
0.4229
0.4465
0.4897
0.5314
0.552
0.6564
0.7085
0.6446
0.5723
0.5895
0.6782
0.738
0.7519
0.7303
0.6893
0.5923
0.4599
0.3837
0.5505
0.6954
0.7325
0.7062
0.6719
0.6433
0.6106
0.5593
0.4629
0.4111
0.3908
0.3952
0.4126
0.3837
0.3295
0.3148
0.3241
0.3281
0.3527
0.4126
0.4763
0.4837
0.4793
0.4927
0.5016
0.5121
0.5343
0.5388
0.5031
0.4569
0.4214
0.3908
0.3652
0.3308
0.3031
0.2791
0.2706
0.2706
0.2574
0.2192
0.1743
0.1411
0.1269
0.1363
0.1572
0.1866
0.2182
0.2435
0.239
0.2171
0.1789
0.1395
0.1121
0.0977
0.0912
0.0958
0.1128
0.1323
0.1452
0.1419
0.1239
0.0997
0.0856
0.0802
0.0826
0.0958
0.1143
0.1339
0.1486
0.1616
0.1761
0.1827
0.1733
0.1537
0.1284
0.1017
0.0755
0.05
0.0231
0.011
0.0088
0.009
0.0071
0.0013
0.0
0.0001
0.0015
0.004
0.0079
0.0261
0.056
0.0971
0.158
0.2401
0.3376
0.4376
0.5358
0.6339
0.719
0.7838
0.8229
0.8503
0.8667
0.8686
0.8558
0.836
0.8221
0.8131
0.8011
0.7752
0.7477
0.728
0.7155
0.7026
0.6966
0.6954
0.6918
0.6942
0.699
0.6819
0.6312
0.5622
0.5076
0.4643
0.4039
0.3308
0.2742
0.2097
0.152
0.1031
0.056
0.0193
0.006
0.0025
0.0393
0.1277
0.2481
0.378
0.5106
0.6216
0.6655
0.6022
0.4229
0.2816
0.229
0.2516
0.3865
0.4097
0.3268
0.2334
0.158
0.0802
0.0333
0.0213
0.0476
0.1011
0.1697
0.2323
0.2866
0.3228
0.3458
0.3837
0.4243
0.4024
0.3295
0.2657
0.1955
0.1331
0.0862
0.057
0.032
0.0123
0.0038
0.0024
0.0034
0.021
0.0591
0.0958
0.1209
0.1715
0.2779
0.388
0.417
0.4199
0.3723
0.3254
0.3096
0.2954
0.2645
0.2345
0.1789
0.1363
0.1239
0.0802
0.0231
0.0007
0.0
0.0014
0.0224
0.0687
0.1284
0.2015
0.2942
0.4155
0.5651
0.6339
0.6603
0.6757
0.6629
0.6731
0.7201
0.719
0.7097
0.6782
0.6092
0.5225
0.4584
0.4332
0.3995
0.3822
0.4068
0.4039
0.3894
0.3837
0.3485
0.2993
0.2562
0.229
0.247
0.2853
0.3135
0.3582
0.388
0.3981
0.4376
0.4554
0.4317
0.3808
0.3096
0.2516
0.2097
0.1678
0.13
0.0997
0.0761
0.0633
0.0601
0.0601
0.0606
0.0638
0.0743
0.0925
0.1136
0.1436
0.1761
0.1915
0.2015
0.2066
0.2118
0.2246
0.2669
0.3652
0.4927
0.5824
0.6189
0.6216
0.5895
0.5299
0.4763
0.4376
0.4406
0.451
0.4658
0.4867
0.5002
0.5002
0.4837
0.4376
0.3981
0.3851
0.3995
0.4155
0.417
0.3952
0.3555
0.3214
0.307
0.3281
0.3794
0.4406
0.5358
0.6203
0.668
0.6769
0.6954
0.7314
0.7602
0.7829
0.7958
0.8011
0.8046
0.7984
0.7976
0.8139
0.808
0.7993
0.794
0.7949
0.8063
0.8307
0.8584
0.8758
0.8832
0.8848
0.8734
0.8503
0.8299
0.8114
0.8037
0.7958
0.7894
0.7673
0.7509
0.7391
0.7212
0.7073
0.7026
0.6769
0.6486
0.6148
0.549
0.448
0.3681
0.3822
0.3596
0.3188
0.2706
0.2345
0.1572
0.0844
0.0633
0.0826
0.1624
0.3513
0.5852
0.7498
0.839
0.8148
0.5795
0.5952
0.6433
0.6148
0.4243
0.3923
0.5269
0.5852
0.5809
0.6064
0.6339
0.6603
0.6731
0.6472
0.6106
0.5694
0.5314
0.4852
0.4703
0.5091
0.524
0.5031
0.4927
0.5016
0.5195
0.5225
0.5136
0.5106
0.5121
0.521
0.4852
0.4495
0.4258
0.4039
0.3652
0.3241
0.2942
0.2841
0.2694
0.247
0.2279
0.2077
0.2139
0.1945
0.1837
0.1808
0.1715
0.1546
0.1411
0.1292
0.1223
0.1024
0.0738
0.066
0.0633
0.0555
0.0606
0.0772
0.085
0.0802
0.0778
0.0761
0.0704
0.0654
0.058
0.0453
0.0304
0.014
0.0029
0.0016
0.0143
0.0481
0.0945
0.1554
0.2046
0.2066
0.1905
0.1771
0.1572
0.1428
0.1444
0.1503
0.1461
0.1216
0.0906
0.0601
0.0337
0.016
0.0088
0.0128
0.0288
0.0565
0.0906
0.1292
0.1761
0.2356
0.3175
0.3995
0.4569
0.4629
0.4421
0.4539
0.4748
0.5002
0.515
0.5373
0.5709
0.6134
0.6486
0.6499
0.6148
0.6106
0.6161
0.6499
0.6966
0.7703
0.8382
0.874
0.8786
0.8826
0.8875
0.8973
0.9132
0.9119
0.9145
0.9187
0.9295
0.952
0.9556
0.942
0.906
0.836
0.7391
0.5938
0.417
0.2527
0.1308
0.0693
0.0316
0.009
0.0012
0.0001
0.0001
0.0005
0.0003
0.0001
0.0001
0.0001
0.002
0.0126
0.035
0.0627
0.0856
0.1079
0.1284
0.1419
0.1363
0.1136
0.0844
0.058
0.035
0.0196
0.0148
0.0126
0.0123
0.0164
0.0224
0.025
0.0261
0.0269
0.0296
0.0292
0.0246
0.028
0.0481
0.0721
0.0887
0.0971
0.0977
0.0906
0.0738
0.0591
0.052
0.0535
0.0601
0.0633
0.0525
0.0384
0.0376
0.0448
0.0555
0.0627
0.0649
0.053
0.0376
0.0284
0.0224
0.018
0.0143
0.0199
0.0312
0.0402
0.0462
0.0505
0.0453
0.0272
0.0052
0.0001
0.0052
0.0358
0.066
0.0868
0.1093
0.1428
0.2097
0.2754
0.3044
0.3403
0.4068
0.5002
0.5016
0.5809
0.6832
0.7369
0.7762
0.7819
0.7723
0.7132
0.6022
0.4882
0.4024
0.3555
0.3175
0.2694
0.2356
0.1955
0.1752
0.1724
0.1827
0.1955
0.2046
0.1945
0.1706
0.1452
0.1261
0.1186
0.1216
0.1411
0.1633
0.1733
0.1752
0.178
0.1687
0.1469
0.1269
0.1261
0.1331
0.1572
0.1895
0.2424
0.3018
0.3417
0.3596
0.3837
0.4155
0.445
0.4957
0.5165
0.5121
0.5358
0.6216
0.659
0.6616
0.6008
0.4703
0.3122
0.1546
0.085
0.1157
0.2171
0.3135
0.3624
0.3499
0.3254
0.3109
0.3254
0.3652
0.4111
0.4435
0.4332
0.3952
0.3513
0.3541
0.3765
0.4097
0.4302
0.4229
0.3937
0.3667
0.3444
0.3254
0.2929
0.2481
0.2108
0.1945
0.2246
0.2779
0.3148
0.3349
0.3458
0.3228
0.3018
0.2551
0.2066
0.1752
0.1511
0.1477
0.1315
0.1261
0.13
0.1201
0.1011
0.0743
0.054
0.042
0.0443
0.0585
0.0766
0.0945
0.1136
0.1223
0.1269
0.1269
0.1284
0.1387
0.1554
0.1715
0.1895
0.2087
0.2171
0.2056
0.2056
0.2246
0.239
0.2539
0.2754
0.2954
0.3018
0.2942
0.2804
0.2634
0.2458
0.2312
0.2312
0.2379
0.2447
0.247
0.2527
0.2574
0.2657
0.2779
0.2967
0.3175
0.3362
0.343
0.3376
0.3389
0.3652
0.3908
0.4024
0.4053
0.4024
0.3966
0.3923
0.3695
0.3322
0.2993
0.2878
0.2841
0.2718
0.2574
0.2527
0.2634
0.2816
0.3018
0.3214
0.3322
0.3485
0.3981
0.4718
0.5549
0.6366
0.6706
0.6794
0.6807
0.668
0.6499
0.6352
0.5994
0.568
0.5505
0.5417
0.5373
0.552
0.5766
0.6022
0.6257
0.6406
0.6459
0.6366
0.6092
0.5795
0.5417
0.5106
0.4852
0.4569
0.417
0.3908
0.388
0.3624
0.3308
0.3135
0.2841
0.2118
0.152
0.1223
0.1072
0.0945
0.0832
0.0887
0.1072
0.1315
0.1818
0.2718
0.3822
0.4569
0.5343
0.6008
0.6719
0.6819
0.6629
0.6731
0.6807
0.7623
0.8352
0.8352
0.7857
0.6616
0.448
0.2841
0.2493
0.2645
0.2574
0.2323
0.2056
0.178
0.1706
0.1975
0.2379
0.2598
0.2791
0.2929
0.2891
0.2929
0.2718
0.2182
0.1633
0.1011
0.0457
0.012
0.0021
0.0033
0.0213
0.0565
0.0925
0.1246
0.1624
0.215
0.2891
0.3723
0.4584
0.5373
0.5994
0.623
0.6551
0.6744
0.6881
0.712
0.7325
0.7358
0.7143
0.693
0.6905
0.6819
0.6603
0.6257
0.5852
0.5607
0.5461
0.5417
0.552
0.5636
0.5766
0.6022
0.612
0.6271
0.6379
0.6312
0.6339
0.659
0.6706
0.668
0.6564
0.6525
0.6525
0.6499
0.6203
0.5593
0.4673
0.3513
0.1935
0.0808
0.0337
0.0308
0.0784
0.1572
0.3582
0.549
0.6807
0.78
0.844
0.8918
0.9313
0.9284
0.9008
0.7984
0.7592
0.7713
0.7683
0.7369
0.7358
0.7683
0.8114
0.849
0.8763
0.8998
0.8953
0.8781
0.8686
0.911
0.9531
0.9673
0.9707
0.9709
0.9709
0.9619
0.9588
0.9588
0.9883
0.9892
0.9913
0.9913
0.9913
0.9913
0.9913
0.9899
0.9872
0.9863
0.9869
0.9891
0.9911
0.9912
0.9886
0.9862
0.9849
0.9853
0.987
0.9897
0.991
0.9912
0.9913
0.9914
0.9914
0.9913
0.9908
0.9891
0.9871
0.9832
0.9776
0.9728
0.9678
0.963
0.9578
0.949
0.9432
0.942
0.9426
0.9462
0.949
0.9467
0.9407
0.9262
0.9096
0.8988
0.8875
0.874
0.8661
0.8564
0.8462
0.8345
0.8156
0.8011
0.7875
0.7571
0.7097
0.6433
0.5564
0.4703
0.4141
0.3472
0.2791
0.2214
0.1678
0.1201
0.082
0.0535
0.0341
0.0186
0.0095
0.0086
0.0081
0.0031
0.0
0.0
0.0
0.0034
0.0126
0.0265
0.0384
0.0565
0.0726
0.1038
0.1706
0.261
0.3582
0.4406
0.5254
0.568
0.5852
0.6008
0.5505
0.4243
0.3241
0.343
0.3295
0.3295
0.4229
0.5636
0.6905
0.7582
0.7752
0.7445
0.7235
0.754
0.7201
0.7178
0.7235
0.7212
0.6616
0.5578
0.4406
0.3083
0.1761
0.0698
0.0151
0.0128
0.0095
0.0
0.0329
0.2527
0.5136
0.6551
0.7062
0.7235
0.7358
0.7269
0.6893
0.6379
0.5665
0.5284
0.5121
0.5016
0.4912
0.4748
0.4495
0.4214
0.3937
0.3582
0.307
0.2458
0.2087
0.2066
0.2312
0.2516
0.2657
0.2804
0.2878
0.2841
0.2669
0.2504
0.247
0.2301
0.2005
0.1818
0.1607
0.1494
0.1461
0.1554
0.1563
0.1837
0.2356
0.273
0.2942
0.2993
0.3228
0.3582
0.3582
0.3765
0.388
0.3723
0.3541
0.3268
0.3148
0.3624
0.4288
0.4599
0.4435
0.4082
0.3596
0.3148
0.2754
0.2345
0.1905
0.1528
0.1331
0.1403
0.1537
0.1572
0.1546
0.1494
0.1331
0.1186
0.1231
0.1419
0.166
0.1837
0.1885
0.1895
0.1837
0.1706
0.1687
0.1789
0.1733
0.1598
0.1403
0.1179
0.0971
0.0814
0.0693
0.0671
0.0709
0.0738
0.0732
0.0709
0.0808
0.09
0.0925
0.0964
0.1086
0.1231
0.1339
0.1411
0.1461
0.1419
0.1387
0.1371
0.1201
0.1093
0.1072
0.1058
0.1045
0.0984
0.0887
0.0726
0.0545
0.0367
0.0193
0.011
0.0022
0.0003
0.0003
0.0102
0.0486
0.0925
0.1363
0.1715
0.1905
0.1915
0.1789
0.166
0.1323
0.1017
0.0802
0.0627
0.0457
0.0304
0.0186
0.0189
0.0325
0.054
0.057
0.0402
0.0257
0.017
0.011
0.0065
0.0024
0.0005
0.0
0.0
0.0006
0.0017
0.0016
0.0176
0.0565
0.1038
0.1572
0.2203
0.2878
0.3308
0.3765
0.448
0.5121
0.5165
0.5165
0.5549
0.6459
0.7358
0.7633
0.7921
0.7949
0.7314
0.6642
0.6092
0.5564
0.5016
0.4733
0.4391
0.4554
0.5269
0.5952
0.6525
0.738
0.7693
0.7663
0.7445
0.7246
0.7132
0.6807
0.6978
0.7336
0.7423
0.7477
0.7314
0.6966
0.6769
0.6551
0.5665
0.448
0.3894
0.3751
0.4082
0.448
0.4718
0.4987
0.5002
0.4748
0.4599
0.4718
0.4391
0.3966
0.3624
0.3057
0.3403
0.3376
0.3281
0.3349
0.3485
0.3751
0.3723
0.3638
0.3499
0.3018
0.2312
0.1743
0.1537
0.1452
0.1231
0.085
0.0633
0.0434
0.0261
0.016
0.0118
0.0061
0.0005
0.0009
0.0069
0.0077
0.0238
0.053
0.0622
0.0545
0.0515
0.0384
0.035
0.0457
0.0617
0.0796
0.1004
0.1065
0.1164
0.1537
0.2129
0.3109
0.4111
0.4867
0.5665
0.6459
0.7109
0.7693
0.8292
0.8704
0.9114
0.9101
0.887
0.8253
0.7369
0.6312
0.4539
0.2504
0.1065
0.0371
0.012
0.0086
0.0284
0.038
0.0416
0.0448
0.0467
0.055
0.0687
0.051
0.042
0.0367
0.0199
0.0
0.0
0.0012
0.0011
0.0145
0.0312
0.0416
0.0402
0.0434
0.0491
0.053
0.0525
0.0471
0.0416
0.0467
0.0649
0.0838
0.0814
0.1157
0.2118
0.2954
0.3995
0.5549
0.6538
0.6339
0.6881
0.8189
0.7683
0.668
0.5564
0.451
0.4199
0.4793
0.568
0.6629
0.7791
0.8411
0.8089
0.705
0.549
0.3908
0.2942
0.2279
0.178
0.152
0.1363
0.1254
0.1194
0.1107
0.1072
0.1045
0.1011
0.0875
0.0682
0.0491
0.0337
0.0231
0.0196
0.0203
0.0269
0.0443
0.0778
0.0687
0.0393
0.0627
0.0606
0.0856
0.0766
0.0766
0.0844
0.1038
0.1172
0.0977
0.0766
0.0525
0.0217
0.0005
0.0
0.0367
0.1179
0.2118
0.2878
0.3349
0.3582
0.3638
0.3751
0.4332
0.4852
0.5461
0.6022
0.6352
0.6325
0.6175
0.6134
0.6175
0.6706
0.705
0.705
0.6693
0.6216
0.5881
0.5723
0.5534
0.4972
0.4053
0.3175
0.2706
0.2129
0.1511
0.1371
0.1743
0.2435
0.3254
0.4024
0.5195
0.6285
0.6551
0.6564
0.6942
0.7336
0.7582
0.7653
0.7073
0.5952
0.4718
0.3444
0.247
0.1827
0.1428
0.1363
0.1715
0.2268
0.307
0.448
0.5738
0.6616
0.7235
0.7592
0.7791
0.7921
0.8156
0.802
0.8002
0.7976
0.8114
0.839
0.8648
0.8648
0.8642
0.868
0.8636
0.8352
0.7838
0.7303
0.6203
0.5061
0.4332
0.401
0.3937
0.3908
0.388
0.3981
0.417
0.4361
0.4258
0.3737
0.3175
0.3175
0.3541
0.4039
0.4229
0.4524
0.5358
0.5417
0.5299
0.5031
0.4068
0.3254
0.3808
0.4421
0.448
0.4391
0.4421
0.4495
0.4435
0.4391
0.4111
0.3765
0.3569
0.3596
0.4068
0.4126
0.4111
0.4185
0.4214
0.3751
0.3362
0.3044
0.247
0.2015
0.1905
0.2087
0.247
0.2634
0.2841
0.3018
0.3005
0.2866
0.2694
0.2435
0.2118
0.1827
0.1444
0.1172
0.1093
0.1209
0.1323
0.1419
0.1511
0.158
0.166
0.1598
0.1403
0.0997
0.0434
0.009
0.0001
0.0
0.0046
0.017
0.0292
0.0448
0.0622
0.0814
0.11
0.1419
0.1733
0.1995
0.1985
0.1669
0.1554
0.1572
0.1554
0.1511
0.1589
0.1818
0.2108
0.239
0.2562
0.2791
0.2878
0.2412
0.1537
0.0715
0.0203
0.0024
0.0029
0.0054
0.0001
0.0
0.0231
0.0665
0.0875
0.0784
0.0856
0.1107
0.1347
0.1528
0.2097
0.2916
0.3638
0.417
0.4332
0.4778
0.5388
0.6092
0.6564
0.6893
0.7423
0.7819
0.7912
0.8011
0.802
0.8156
0.868
0.8923
0.8804
0.8875
0.8886
0.9037
0.9191
0.8983
0.8558
0.8114
0.6966
0.4942
0.298
0.1935
0.1469
0.1024
0.0601
0.0341
0.0296
0.0316
0.0269
0.0151
0.0058
0.0065
0.012
0.0206
0.0292
0.0242
0.0126
0.0151
0.0231
0.0265
0.018
0.01
0.0154
0.0164
0.0199
0.0296
0.057
0.0951
0.1308
0.1537
0.1678
0.178
0.178
0.1915
0.2323
0.2718
0.3109
0.3681
0.4082
0.4376
0.4793
0.5795
0.7014
0.8028
0.8571
0.8902
0.9223
0.9262
0.9309
0.9361
0.9338
0.9032
0.8164
0.6603
0.5061
0.3966
0.3765
0.3995
0.3966
0.3638
0.3555
0.3582
0.3638
0.4126
0.4882
0.5549
0.6161
0.6819
0.7509
0.8164
0.861
0.8704
0.8544
0.8591
0.874
0.8881
0.9041
0.9195
0.9435
0.9718
0.9785
0.98
0.9754
0.9667
0.9638
0.9262
0.802
0.5593
0.3837
0.2356
0.1269
0.058
0.0196
0.0052
0.0029
0.0002
0.0001
0.0058
0.0081
0.0011
0.0043
0.012
0.0107
0.0005
0.0606
0.2056
0.378
0.4406
0.4317
0.4584
0.4852
0.4658
0.4495
0.4658
0.5284
0.5165
0.4361
0.378
0.3162
0.298
0.3083
0.3751
0.5031
0.623
0.6856
0.7456
0.8055
0.8531
0.8854
0.9149
0.9231
0.9207
0.9182
0.9145
0.9127
0.914
0.9327
0.9456
0.9517
0.9578
0.9588
0.952
0.9554
0.9365
0.9013
0.8655
0.849
0.8213
0.78
0.7752
0.7976
0.7993
0.7875
0.7752
0.7466
0.7109
0.7026
0.7062
0.6918
0.668
0.6642
0.7026
0.7143
0.7002
0.6668
0.598
0.4942
0.3966
0.3005
0.2182
0.1706
0.152
0.158
0.1724
0.1827
0.1876
0.1995
0.2379
0.3057
0.3527
0.3624
0.3624
0.3569
0.3444
0.3135
0.2657
0.2312
0.2025
0.1885
0.1651
0.1444
0.1436
0.1633
0.215
0.2754
0.3652
0.4673
0.5564
0.6022
0.6161
0.6175
0.6175
0.6078
0.5867
0.5694
0.5622
0.5446
0.4927
0.4273
0.3822
0.3794
0.4155
0.4376
0.4584
0.4822
0.5165
0.5505
0.5909
0.5895
0.552
0.521
0.5461
0.6078
0.6564
0.6832
0.6942
0.7038
0.7026
0.699
0.6978
0.6856
0.6616
0.6106
0.5938
0.623
0.7132
0.7571
0.7752
0.7412
0.6668
0.5895
0.5593
0.5723
0.6339
0.6161
0.5432
0.4495
0.3851
0.3582
0.343
0.361
0.3851
0.4614
0.4897
0.4361
0.343
0.273
0.298
0.3122
0.2767
0.2401
0.2171
0.1895
0.1607
0.13
0.1157
0.1209
0.1395
0.1616
0.1743
0.1789
0.1743
0.1563
0.1323
0.1157
0.1093
0.1216
0.1554
0.2035
0.2551
0.3109
0.3851
0.4658
0.515
0.5328
0.5402
0.5402
0.4942
0.4391
0.4258
0.4185
0.4097
0.3865
0.3681
0.3667
0.3596
0.343
0.3135
0.2841
0.2622
0.2527
0.2447
0.2225
0.1724
0.1284
0.0991
0.0766
0.058
0.0448
0.0371
0.0333
0.032
0.0337
0.042
0.055
0.0698
0.0868
0.1051
0.115
0.115
0.1031
0.0838
0.0612
0.0434
0.0346
0.0304
0.0269
0.0246
0.018
0.0061
0.0001
0.0
0.0004
0.0084
0.0227
0.0333
0.0333
0.0246
0.0107
0.0014
0.0001
0.0002
0.0038
0.0157
0.0337
0.0525
0.0704
0.0875
0.1065
0.1269
0.1486
0.1651
0.1633
0.1771
0.2118
0.2634
0.3322
0.3995
0.4332
0.445
0.4673
0.4927
0.5225
0.5388
0.5402
0.5373
0.5061
0.4629
0.448
0.4332
0.4317
0.4391
0.4539
0.4867
0.4987
0.4778
0.5061
0.5766
0.6393
0.668
0.6881
0.7201
0.728
0.7235
0.7062
0.6782
0.6856
0.6954
0.699
0.6966
0.6551
0.568
0.4748
0.4317
0.4406
0.4927
0.5402
0.5136
0.4539
0.4288
0.448
0.4155
0.3681
0.361
0.3794
0.3681
0.1965
0.1107
0.1121
0.1379
0.1935
0.2645
0.2779
0.3513
0.518
0.6339
0.6616
0.6352
0.6629
0.7026
0.7592
0.808
0.826
0.8636
0.8781
0.9258
0.9564
0.9737
0.979
0.9795
0.9774
0.9691
0.9556
0.9515
0.949
0.9485
0.9467
0.9429
0.9476
0.9549
0.959
0.9617
0.9636
0.9634
0.9653
0.9533
0.9541
0.9597
0.9729
0.9776
0.9833
0.989
0.9904
0.9907
0.9913
0.9882
0.9822
0.9734
0.9426
0.851
0.7062
0.668
0.6856
0.6419
0.5607
0.4987
0.4912
0.5002
0.5417
0.5923
0.6092
0.568
0.5284
0.5343
0.5388
0.5388
0.515
0.4643
0.4288
0.4097
0.401
0.4024
0.4068
0.4185
0.4376
0.4882
0.5254
0.5795
0.6499
0.7336
0.754
0.7949
0.8352
0.8918
0.9291
0.9601
0.9774
0.9847
0.989
0.9913
0.9816
0.9305
0.8574
0.9465
0.9911
0.9592
0.8837
0.8571
0.887
0.9355
0.9704
0.9837
0.9867
0.9857
0.9798
0.9753
0.9615
0.9538
0.9426
0.9145
0.8591
0.8072
0.7791
0.7358
0.6642
0.5299
0.3709
0.2435
0.1697
0.1885
0.1866
0.3308
0.5432
0.7866
0.906
0.9559
0.9784
0.9859
0.9785
0.974
0.9601
0.9479
0.979
0.9913
0.9888
0.9811
0.9604
0.9265
0.8774
0.8952
0.9514
0.9766
0.9832
0.9914
0.9789
0.9473
0.8958
0.8537
0.8284
0.8245
0.8367
0.8517
0.8661
0.8875
0.9096
0.9262
0.9381
0.949
0.9517
0.9528
0.9512
0.9504
0.9429
0.932
0.9101
0.8781
0.8426
0.8037
0.7519
0.6966
0.6577
0.623
0.5795
0.5402
0.4733
0.3794
0.2754
0.1935
0.1444
0.1114
0.0893
0.079
0.0738
0.0671
0.0627
0.057
0.0505
0.0481
0.0491
0.0585
0.082
0.1164
0.1511
0.1856
0.2246
0.2767
0.343
0.3908
0.3995
0.3822
0.3709
0.378
0.3952
0.3894
0.3569
0.2942
0.2312
0.1866
0.1477
0.1277
0.1128
0.1038
0.1065
0.1121
0.115
0.0984
0.0687
0.0398
0.0253
0.0384
0.0682
0.1114
0.1598
0.216
0.2645
0.2598
0.2279
0.1985
0.1743
0.1486
0.1157
0.0881
0.055
0.0095
0.0
0.0
0.0021
0.006
0.0079
0.01
0.0067
0.0034
0.0035
0.0151
0.0704
0.1678
0.2682
0.3322
0.3555
0.3555
0.361
0.4024
0.4763
0.5373
0.5461
0.5578
0.5795
0.552
0.5031
0.4273
0.343
0.2929
0.273
0.2878
0.3201
0.3808
0.4867
0.6203
0.705
0.719
0.7026
0.6616
0.6092
0.5373
0.4406
0.3765
0.3541
0.3281
0.2657
0.2401
0.2077
0.1598
0.0971
0.0363
0.0001
0.0001
0.012
0.0471
0.0893
0.1186
0.1277
0.1323
0.1371
0.1371
0.1269
0.1128
0.1004
0.0971
0.0862
0.0721
0.0665
0.066
0.0617
0.0471
0.053
0.0802
0.1024
0.1223
0.1347
0.1477
0.1697
0.1743
0.1651
0.1678
0.178
0.1866
0.1761
0.1494
0.1246
0.0838
0.0434
0.0276
0.0333
0.051
0.0772
0.0991
0.0832
0.0676
0.0638
0.0486
0.0308
0.0167
0.0143
0.0199
0.0346
0.0425
0.0358
0.0312
0.0476
0.0749
0.1121
0.1771
0.2356
0.2551
0.2171
0.1724
0.1494
0.1347
0.1277
0.1284
0.1261
0.1136
0.0919
0.053
0.0071
0.0
0.0105
0.0337
0.0486
0.0453
0.021
0.0075
0.0043
0.0105
0.0186
0.0292
0.032
0.0325
0.035
0.0486
0.0687
0.0984
0.1436
0.2056
0.2493
0.2754
0.2447
0.1651
0.1038
0.0627
0.0402
0.051
0.0964
0.158
0.2203
0.2742
0.3308
0.3709
0.4039
0.4347
0.4421
0.4068
0.3417
0.2598
0.1965
0.1633
0.1563
0.1371
0.0977
0.0709
0.0601
0.0545
0.058
0.0671
0.0778
0.0881
0.1058
0.1201
0.1277
0.1292
0.1308
0.1503
0.1837
0.2108
0.2312
0.2356
0.2279
0.1955
0.1607
0.1339
0.1143
0.0997
0.0772
0.0515
0.0176
0.0
0.0
0.0009
0.0167
0.0425
0.057
0.0486
0.0296
0.0143
0.0231
0.0585
0.1136
0.1706
0.2087
0.2171
0.2005
0.1687
0.1284
0.0945
0.0698
0.0555
0.0402
0.0269
0.0231
0.0148
0.006
0.0003
0.0
0.0
0.0
0.0
0.0001
0.0049
0.03
0.0601
0.1079
0.1995
0.2942
0.3513
0.3808
0.3937
0.388
0.3808
0.388
0.3952
0.3569
0.3044
0.2669
0.2312
0.1995
0.178
0.1607
0.1554
0.1733
0.239
0.3681
0.5314
0.6092
0.6525
0.668
0.6655
0.6512
0.6446
0.6339
0.605
0.5966
0.5966
0.5852
0.5593
0.5328
0.5373
0.5254
0.4599
0.3808
0.3308
0.3403
0.388
0.4778
0.568
0.6285
0.6472
0.6577
0.6706
0.6978
0.7002
0.6881
0.699
0.7097
0.7073
0.7073
0.7132
0.7369
0.7703
0.8229
0.844
0.833
0.8237
0.833
0.8544
0.8769
0.8953
0.9127
0.925
0.9341
0.9426
0.9456
0.9498
0.9538
0.9561
0.9568
0.9559
0.9544
0.9515
0.9487
0.947
0.9453
0.9444
0.9438
0.9435
0.9456
0.9482
0.949
0.9517
0.9525
0.9585
0.9624
0.9669
0.9718
0.9759
0.9777
0.9792
0.98
0.9789
0.9776
0.979
0.9804
0.9799
0.98
0.9812
0.9834
0.9844
0.9843
0.9839
0.9833
0.9813
0.9795
0.9797
0.9798
0.975
0.9667
0.9638
0.9523
0.9306
0.9017
0.8848
0.8537
0.8648
0.8426
0.8299
0.8551
0.8537
0.8551
0.8667
0.8558
0.8578
0.836
0.8229
0.78
0.7445
0.7212
0.7085
0.6966
0.7002
0.705
0.6978
0.6769
0.6379
0.6216
0.6092
0.5824
0.5314
0.5195
0.4942
0.4688
0.4288
0.3751
0.3188
0.2657
0.2171
0.1752
0.1164
0.0665
0.0393
0.0346
0.0481
0.0738
0.1143
0.1503
0.1651
0.1697
0.1616
0.1239
0.0906
0.0893
0.1004
0.1024
0.0964
0.0912
0.0881
0.0862
0.0796
0.0749
0.0796
0.0766
0.0545
0.042
0.0333
0.0227
0.0164
0.0131
0.0196
0.0429
0.0808
0.1269
0.1771
0.2279
0.2853
0.3188
0.3005
0.2828
0.2657
0.2527
0.215
0.1715
0.1444
0.1347
0.1461
0.1633
0.1624
0.1511
0.1201
0.0997
0.0977
0.1128
0.1363
0.1633
0.1866
0.1985
0.2046
0.2025
0.2077
0.2203
0.2192
0.2035
0.1847
0.1715
0.1546
0.1363
0.1379
0.1528
0.1624
0.1642
0.1537
0.1269
0.0997
0.0761
0.0732
0.0881
0.1246
0.1995
0.3044
0.3894
0.4273
0.4141
0.3851
0.3541
0.3241
0.2993
0.2853
0.2718
0.2634
0.2767
0.2841
0.2645
0.2493
0.2504
0.2401
0.2279
0.2246
0.2129
0.2056
0.2066
0.2401
0.2954
0.3513
0.3995
0.4391
0.4748
0.5002
0.518
0.5091
0.5016
0.4927
0.4837
0.4957
0.5284
0.5402
0.5269
0.5269
0.4897
0.4495
0.451
0.3894
0.307
0.247
0.216
0.2046
0.1915
0.1895
0.1895
0.1895
0.1935
0.1995
0.1955
0.1771
0.1572
0.1339
0.1065
0.0802
0.0591
0.052
0.0671
0.1031
0.1419
0.1589
0.1743
0.2025
0.2087
0.2035
0.215
0.2447
0.2828
0.3444
0.445
0.5578
0.6298
0.6629
0.6966
0.7336
0.7643
0.7829
0.7875
0.7762
0.7903
0.8148
0.8237
0.8496
0.8673
0.8728
0.8815
0.8781
0.8564
0.844
0.8426
0.8037
0.6978
0.668
0.6551
0.6257
0.5388
0.5299
0.5505
0.5852
0.6244
0.6175
0.6161
0.6148
0.552
0.5781
0.6744
0.7269
0.753
0.7402
0.7912
0.7967
0.7771
0.7623
0.754
0.781
0.8046
0.8496
0.9051
0.9238
0.9462
0.9578
0.9453
0.9149
0.8918
0.8864
0.9003
0.906
0.9119
0.9265
0.9407
0.9564
0.9641
0.9721
0.9777
0.9813
0.9829
0.9843
0.9843
0.9844
0.982
0.9786
0.9766
0.9691
0.9595
0.9549
0.9485
0.9444
0.9381
0.9331
0.9309
0.9223
0.9182
0.9069
0.8792
0.8454
0.8063
0.7498
0.7369
0.7167
0.7014
0.6794
0.6161
0.5343
0.4495
0.3569
0.2622
0.1678
0.0997
0.0476
0.0131
0.0008
0.0
0.0
0.004
0.0143
0.0183
0.0227
0.0308
0.0429
0.0612
0.0802
0.0938
0.1038
0.1121
0.1209
0.1284
0.1246
0.1136
0.1072
0.1045
0.0991
0.0893
0.0945
0.1017
0.0971
0.0826
0.057
0.0398
0.03
0.038
0.0676
0.1045
0.1403
0.1837
0.2257
0.2493
0.2586
0.2657
0.2367
0.1856
0.1965
0.3083
0.4703
0.549
0.5417
0.5373
0.5881
0.659
0.7303
0.7703
0.7912
0.7838
0.7551
0.7434
0.753
0.7683
0.8097
0.8655
0.9078
0.9344
0.9358
0.9246
0.9132
0.9041
0.9003
0.8998
0.9003
0.887
0.8604
0.8197
0.78
0.7314
0.6731
0.6092
0.5476
0.4808
0.4039
0.3122
0.247
0.2087
0.1856
0.1752
0.1706
0.1955
0.2356
0.2493
0.2516
0.2493
0.2367
0.2005
0.1486
0.0925
0.0443
0.0095
0.0
0.0001
0.0084
0.0261
0.0367
0.0411
0.0402
0.0367
0.03
0.0217
0.021
0.0284
0.0346
0.0398
0.0443
0.0486
0.0535
0.0654
0.0919
0.1261
0.1733
0.229
0.298
0.3981
0.5121
0.6022
0.6869
0.7602
0.802
0.818
0.8139
0.8046
0.7967
0.7949
0.802
0.802
0.802
0.8072
0.8028
0.7623
0.7097
0.668
0.6512
0.6285
0.5966
0.5622
0.5343
0.4972
0.4554
0.4243
0.4141
0.401
0.4141
0.4258
0.4317
0.4111
0.3837
0.3765
0.4024
0.4629
0.5284
0.5723
0.5694
0.5709
0.6092
0.6719
0.693
0.7155
0.7073
0.6706
0.6525
0.668
0.6757
0.6832
0.6757
0.6757
0.6893
0.6978
0.6807
0.6393
0.5923
0.5388
0.4718
0.3995
0.3485
0.3005
0.2516
0.2046
0.1633
0.1331
0.1231
0.1121
0.1072
0.1143
0.1239
0.1511
0.1895
0.2323
0.2634
0.2816
0.3135
0.361
0.3952
0.4258
0.4539
0.4942
0.5165
0.5121
0.4569
0.3908
0.3254
0.2634
0.2171
0.1995
0.1965
0.2025
0.2108
0.2203
0.2268
0.2334
0.2424
0.2435
0.229
0.2129
0.1975
0.1876
0.1827
0.1866
0.2035
0.2334
0.2853
0.3444
0.3837
0.4024
0.3865
0.3541
0.3268
0.3175
0.3389
0.3851
0.4391
0.4927
0.552
0.5938
0.612
0.6285
0.6446
0.6577
0.6693
0.6794
0.6794
0.6769
0.6719
0.6693
0.6782
0.6807
0.6744
0.6693
0.6216
0.5578
0.524
0.5165
0.5165
0.5284
0.5476
0.5723
0.5909
0.6036
0.5923
0.6022
0.6216
0.6379
0.6472
0.6538
0.6844
0.7391
0.7866
0.8205
0.8419
0.8558
0.861
0.8558
0.8496
0.8382
0.8189
0.7958
0.7791
0.7561
0.728
0.693
0.6486
0.5994
0.5505
0.4897
0.4347
0.3981
0.3808
0.3695
0.3527
0.3582
0.3952
0.451
0.4942
0.515
0.515
0.4912
0.4867
0.5046
0.5195
0.549
0.5881
0.6298
0.6782
0.7347
0.7819
0.8253
0.8667
0.8968
0.9262
0.9498
0.9606
0.9686
0.9713
0.9714
0.9729
0.9756
0.9782
0.9789
0.9821
0.9852
0.9879
0.989
0.9886
0.9879
0.986
0.9829
0.979
0.9748
0.9707
0.9671
0.9647
0.9599
0.9507
0.9351
0.8998
0.8307
0.7073
0.5417
0.3995
0.3175
0.2904
0.2458
0.2046
0.1743
0.1411
0.1201
0.1179
0.1461
0.1818
0.2171
0.2551
0.2942
0.378
0.4897
0.6036
0.6832
0.7402
0.7875
0.839
0.8792
0.9092
0.9341
0.9487
0.9538
0.947
0.9262
0.8655
0.7026
0.451
0.3254
0.3083
0.2993
0.2669
0.2268
0.1885
0.1642
0.2005
0.2235
0.2993
0.4288
0.5476
0.6486
0.7224
0.7643
0.7643
0.7466
0.8584
0.8978
0.8843
0.8988
0.8875
0.8728
0.8245
0.7412
0.6655
0.6419
0.6339
0.5909
0.5709
0.5867
0.6148
0.6538
0.7014
0.7073
0.7132
0.7445
0.7903
0.8419
0.8763
0.9207
0.947
0.9606
0.9686
0.9777
0.9833
0.9837
0.9576
0.9055
0.9149
0.8734
0.7949
0.8148
0.8315
0.851
0.8734
0.8968
0.8983
0.8923
0.8864
0.8758
0.871
0.8578
0.8345
0.8055
0.7762
0.7391
0.7002
0.6869
0.6893
0.6693
0.623
0.5636
0.5358
0.5446
0.623
0.7235
0.8164
0.8558
0.844
0.808
0.7653
0.6905
0.5694
0.417
0.2816
0.1261
0.0398
0.0363
0.079
0.1563
0.247
0.3322
0.3723
0.3794
0.3794
0.3638
0.3376
0.3403
0.3349
0.3541
0.3737
0.3937
0.4229
0.4539
0.4421
0.4082
0.3652
0.343
0.3188
0.3031
0.2904
0.2682
0.2504
0.2669
0.2993
0.3555
0.4097
0.4421
0.4302
0.4141
0.4185
0.448
0.4733
0.4793
0.4867
0.4987
0.4972
0.4882
0.5002
0.5328
0.5564
0.5752
0.5564
0.5665
0.5446
0.5002
0.4822
0.5121
0.5622
0.5881
0.568
0.5388
0.5136
0.4942
0.5328
0.659
0.6905
0.6078
0.4897
0.3582
0.2754
0.2694
0.3109
0.3214
0.2754
0.1818
0.0766
0.0033
0.0003
0.0235
0.0709
0.085
0.079
0.0693
0.0643
0.0407
0.0154
0.0011
0.0
0.0022
0.0384
0.0838
0.1363
0.1895
0.2539
0.3295
0.3937
0.445
0.5358
0.5254
0.6036
0.5867
0.6406
0.719
0.754
0.7445
0.7201
0.7369
0.8028
0.8564
0.8798
0.8902
0.8948
0.8963
0.8958
0.8902
0.8886
0.9157
0.9338
0.9348
0.9242
0.887
0.8089
0.6216
0.3472
0.3162
0.4554
0.6472
0.7571
0.7713
0.7477
0.6706
0.6366
0.6577
0.6782
0.6693
0.6525
0.6339
0.6499
0.668
0.6538
0.598
0.549
0.5269
0.5461
0.598
0.6794
0.7291
0.7519
0.7633
0.7347
0.6757
0.6312
0.5909
0.524
0.4539
0.448
0.5076
0.5809
0.6564
0.7246
0.7109
0.7002
0.7097
0.6905
0.6352
0.6148
0.5867
0.5838
0.5622
0.6352
0.6744
0.6744
0.6832
0.6744
0.6551
0.6271
0.5938
0.598
0.6064
0.6406
0.6339
0.612
0.6189
0.6092
0.6352
0.6564
0.6869
0.7224
0.7412
0.7683
0.7885
0.7958
0.836
0.8063
0.8447
0.8636
0.8948
0.8758
0.8578
0.8642
0.8692
0.8864
0.9145
0.945
0.9615
0.97
0.9753
0.9802
0.9833
0.9837
0.9843
0.9828
0.9789
0.9736
0.9659
0.9601
0.9541
0.9447
0.9385
0.9375
0.9355
0.9231
0.9032
0.8918
0.8804
0.8629
0.8382
0.8123
0.7912
0.7857
0.7683
0.7412
0.7212
0.7109
0.6719
0.6148
0.5299
0.4229
0.3122
0.2225
0.1537
0.1024
0.0654
0.0411
0.0227
0.0112
0.0069
0.006
0.0061
0.0073
0.0093
0.0148
0.0269
0.0434
0.0612
0.0772
0.0932
0.1017
0.0991
0.0919
0.0862
0.0826
0.079
0.0778
0.0832
0.1024
0.1371
0.1895
0.2504
0.3057
0.3458
0.417
0.5254
0.6472
0.728
0.7838
0.8268
0.8597
0.8854
0.9037
0.9153
0.9231
0.9306
0.9215
0.9327
0.9517
0.9604
0.963
0.9578
0.9416
0.9223
0.9092
0.8998
0.8815
0.8629
0.8367
0.7875
0.7269
0.6271
0.4912
0.3808
0.3214
0.307
0.3109
0.3201
0.3403
0.4097
0.5314
0.6832
0.7847
0.8642
0.8983
0.9145
0.9334
0.9517
0.9578
0.9592
0.9643
0.9684
0.9714
0.9704
0.9661
0.9571
0.9541
0.941
0.9348
0.941
0.9549
0.9713
0.9835
0.9874
0.9853
0.981
0.9739
0.9608
0.9429
0.914
0.8804
0.8345
0.7781
0.7212
0.6881
0.693
0.712
0.7291
0.7643
0.7912
0.7791
0.7477
0.7026
0.6629
0.6352
0.6285
0.598
0.5417
0.4614
0.3794
0.3135
0.2657
0.229
0.1925
0.1598
0.1164
0.0991
0.1093
0.11
0.1143
0.1277
0.1503
0.1866
0.2562
0.3295
0.3837
0.4376
0.4629
0.4599
0.448
0.4258
0.4126
0.4243
0.4391
0.4302
0.4068
0.4126
0.4406
0.451
0.4524
0.4554
0.4629
0.4465
0.4229
0.4126
0.4024
0.4039
0.3952
0.3695
0.3241
0.2866
0.2682
0.2657
0.261
0.2622
0.2598
0.2754
0.2929
0.3322
0.3822
0.4629
0.5328
0.5781
0.5752
0.5766
0.5636
0.5694
0.5952
0.6433
0.6856
0.7014
0.7073
0.7026
0.6706
0.6642
0.6719
0.6856
0.6629
0.6134
0.5923
0.5622
0.5165
0.4569
0.4024
0.3596
0.3096
0.239
0.1724
0.1194
0.0755
0.0376
0.0143
0.0019
0.0025
0.0312
0.079
0.1379
0.2203
0.273
0.2742
0.2904
0.3214
0.417
0.5136
0.6036
0.6893
0.7791
0.8462
0.8933
0.9215
0.9444
0.9544
0.9651
0.9713
0.9795
0.9844
0.9843
0.9782
0.9578
0.9037
0.8229
0.7582
0.7291
0.7509
0.8123
0.8268
0.8221
0.8299
0.8292
0.8148
0.8382
0.9013
0.9306
0.9368
0.9512
0.942
0.9378
0.9588
0.9793
0.9859
0.9828
0.9643
0.9388
0.9231
0.9145
0.8763
0.8063
0.6794
0.5461
0.5091
0.5046
0.5314
0.5328
0.5121
0.5314
0.5809
0.5578
0.5622
0.6203
0.6693
0.7235
0.699
0.6525
0.5534
0.4688
0.4273
0.3638
0.2718
0.2279
0.2493
0.2118
0.2077
0.2779
0.3555
0.4199
0.4406
0.4068
0.3308
0.3444
0.401
0.4643
0.4141
0.3044
0.2301
0.2412
0.2682
0.2841
0.298
0.3485
0.4643
0.5269
0.5781
0.5909
0.5636
0.5388
0.4912
0.4673
0.4421
0.3952
0.3624
0.3295
0.3162
0.3018
0.3018
0.3018
0.2929
0.2779
0.2754
0.2904
0.3162
0.3458
0.3458
0.3485
0.3214
0.2504
0.1724
0.1164
0.0875
0.0875
0.1038
0.1331
0.1771
0.2035
0.2268
0.2481
0.215
0.1339
0.0565
0.0056
0.0028
0.0743
0.2562
0.4912
0.6731
0.7653
0.7949
0.8106
0.8221
0.8382
0.8578
0.8763
0.8728
0.8629
0.8469
0.8337
0.8268
0.8197
0.781
0.7456
0.7143
0.6856
0.6668
0.6693
0.7167
0.6719
0.6794
0.6189
0.5269
0.4111
0.3241
0.2718
0.298
0.3751
0.4643
0.4435
0.3596
0.3135
0.239
0.1724
0.1277
0.1107
0.1058
0.0893
0.057
0.0341
0.0316
0.051
0.085
0.1428
0.2447
0.3837
0.5046
0.612
0.705
0.7653
0.7949
0.8097
0.8229
0.826
0.826
0.833
0.8558
0.887
0.9017
0.9162
0.9277
0.9361
0.9465
0.9507
0.9669
0.9724
0.9704
0.9695
0.9673
0.9645
0.9588
0.9546
0.9549
0.9498
0.9476
0.9467
0.9435
0.9385
0.9207
0.9022
0.9087
0.9037
0.8826
0.871
0.9065
0.8993
0.9087
0.9114
0.9119
0.9078
0.9055
0.9051
0.9037
0.8998
0.8918
0.887
0.8815
0.8798
0.8786
0.8769
0.8809
0.8832
0.8832
0.8769
0.8667
0.8571
0.8469
0.8299
0.8462
0.839
0.8205
0.794
0.7612
0.7894
0.7723
0.7303
0.7026
0.6844
0.6744
0.6577
0.6419
0.6078
0.5809
0.5766
0.5895
0.4942
0.4867
0.4957
0.4822
0.4942
0.6731
0.7931
0.7571
0.7477
0.7653
0.6819
0.5909
0.4068
0.2225
0.1172
0.0606
0.0203
0.006
0.0199
0.0429
0.0881
0.1503
0.1827
0.2129
0.2279
0.2301
0.2129
0.1995
0.1995
0.2025
0.2077
0.2301
0.2458
0.2334
0.2056
0.1771
0.1678
0.1837
0.216
0.2435
0.2694
0.3083
0.3254
0.3335
0.3485
0.3865
0.4495
0.518
0.568
0.5895
0.6134
0.5994
0.5966
0.5505
0.5417
0.5636
0.5446
0.4808
0.3966
0.3376
0.1995
0.0991
0.0515
0.0991
0.2025
0.3268
0.4024
0.4837
0.5723
0.6807
0.8404
0.9013
0.9459
0.9754
0.9853
0.9863
0.9862
0.9879
0.9894
0.9902
0.9913
0.9913
0.9913
0.9913
0.9909
0.9905
0.9907
0.9903
0.9901
0.99
0.9903
0.9908
0.9913
0.9913
0.9914
0.9872
0.9678
0.9467
0.9588
0.9693
0.98
0.9797
0.9634
0.9368
0.9262
0.9331
0.9317
0.9127
0.9114
0.9149
0.9242
0.9351
0.9432
0.9487
0.9546
0.9617
0.9747
0.9836
0.9869
0.9869
0.9865
0.9828
0.9759
0.9566
0.9355
0.9338
0.9404
0.9462
0.9531
0.9583
0.9509
0.9348
0.9215
0.9127
0.9132
0.9191
0.9096
0.8943
0.8604
0.8367
0.8055
0.7771
0.7477
0.7633
0.8229
0.8918
0.9525
0.9825
0.9913
0.9857
0.9692
0.9483
0.9314
0.9659
0.9912
0.9914
0.9913
0.99
0.9913
0.9913
0.991
0.9823
0.9638
0.9707
0.9814
0.9844
0.9804
0.9788
0.9835
0.9881
0.9906
0.9913
0.9914
0.9909
0.9881
0.9889
0.9912
0.9914
0.9913
0.9913
0.9906
0.986
0.9774
0.9595
0.925
0.874
0.8156
0.7456
0.6551
0.5651
0.4897
0.5358
0.6577
0.6918
0.8462
0.9227
0.9381
0.9391
0.9512
0.9686
0.9736
0.9704
0.9597
0.9638
0.9838
0.9902
0.9914
0.9909
0.9837
0.9724
0.9592
0.9695
0.9907
0.987
0.9184
0.9553
0.9569
0.9246
0.9073
0.8235
0.6393
0.3928
0.3979
0.3877
0.308
0.2907
0.3877
0.5663
0.7256
0.8567
0.9283
0.9652
0.9834
0.9911
0.9883
0.9718
0.9368
0.8558
0.6807
0.4718
0.3281
0.2791
0.3228
0.451
0.7097
0.8623
0.8837
0.8752
0.826
0.7673
0.7132
0.6419
0.5593
0.4882
0.4185
0.3894
0.343
0.2551
0.1589
0.1058
0.1284
0.2118
0.2816
0.3281
0.3751
0.4053
0.417
0.3966
0.3952
0.4053
0.4185
0.4748
0.5534
0.5952
0.6472
0.719
0.754
0.7477
0.7752
0.781
0.7791
0.7683
0.7235
0.6819
0.6352
0.6036
0.5938
0.6298
0.6551
0.6769
0.6794
0.7014
0.7336
0.7602
0.7967
0.8089
0.8089
0.7984
0.7976
0.8148
0.8411
0.8397
0.844
0.8686
0.8958
0.906
0.9182
0.9309
0.9394
0.9444
0.9438
0.9444
0.9493
0.9174
0.8734
0.7912
0.6719
0.5781
0.5852
0.6257
0.6603
0.6832
0.7235
0.7456
0.8072
0.8046
0.8642
