_pv_national_current load factor in Netherlands in 2016
0.0
0.0
0.0
0.0
0.0
0.0
0.0
0.0
0.031
0.1018
0.1425
0.1311
0.0731
0.0374
0.0121
0.0
0.0
0.0
0.0
0.0
0.0
0.0
0.0
0.0
0.0
0.0
0.0
0.0
0.0
0.0
0.0
0.0
0.0026
0.0133
0.0306
0.0528
0.0664
0.058
0.0288
0.0008
0.0
0.0
0.0
0.0
0.0
0.0
0.0
0.0
0.0
0.0
0.0
0.0
0.0
0.0
0.0
0.0
0.0095
0.0495
0.1014
0.1127
0.0887
0.0464
0.0126
0.0
0.0
0.0
0.0
0.0
0.0
0.0
0.0
0.0
0.0
0.0
0.0
0.0
0.0
0.0
0.0
0.0
0.0025
0.0148
0.0252
0.0292
0.025
0.0174
0.0063
0.0
0.0
0.0
0.0
0.0
0.0
0.0
0.0
0.0
0.0
0.0
0.0
0.0
0.0
0.0
0.0
0.0
0.0086
0.0308
0.0521
0.06
0.0551
0.0393
0.0139
0.0
0.0
0.0
0.0
0.0
0.0
0.0
0.0
0.0
0.0
0.0
0.0
0.0
0.0
0.0
0.0
0.0
0.0085
0.0374
0.0703
0.0861
0.0765
0.0538
0.0205
0.0
0.0
0.0
0.0
0.0
0.0
0.0
0.0
0.0
0.0
0.0
0.0
0.0
0.0
0.0
0.0
0.0
0.0081
0.021
0.03
0.0385
0.0359
0.0221
0.0064
0.0
0.0
0.0
0.0
0.0
0.0
0.0
0.0
0.0
0.0
0.0
0.0
0.0
0.0
0.0
0.0
0.0
0.0635
0.1515
0.2076
0.2817
0.2667
0.1897
0.0903
0.0043
0.0
0.0
0.0
0.0
0.0
0.0
0.0
0.0
0.0
0.0
0.0
0.0
0.0
0.0
0.0
0.0
0.006
0.0321
0.0705
0.1187
0.1119
0.0781
0.0257
0.0
0.0
0.0
0.0
0.0
0.0
0.0
0.0
0.0
0.0
0.0
0.0
0.0
0.0
0.0
0.0
0.0
0.0174
0.0619
0.1169
0.191
0.1679
0.0915
0.027
0.0003
0.0
0.0
0.0
0.0
0.0
0.0
0.0
0.0
0.0
0.0
0.0
0.0
0.0
0.0
0.0
0.0
0.0102
0.0292
0.0388
0.0406
0.0372
0.0263
0.0093
0.0
0.0
0.0
0.0
0.0
0.0
0.0
0.0
0.0
0.0
0.0
0.0
0.0
0.0
0.0
0.0
0.0
0.0203
0.055
0.0893
0.1369
0.1708
0.1226
0.0452
0.0005
0.0
0.0
0.0
0.0
0.0
0.0
0.0
0.0
0.0
0.0
0.0
0.0
0.0
0.0
0.0
0.0
0.0322
0.0817
0.1135
0.1235
0.1041
0.072
0.0327
0.0016
0.0
0.0
0.0
0.0
0.0
0.0
0.0
0.0
0.0
0.0
0.0
0.0
0.0
0.0
0.0
0.0
0.0027
0.0185
0.0488
0.0683
0.0686
0.0679
0.0377
0.0015
0.0
0.0
0.0
0.0
0.0
0.0
0.0
0.0
0.0
0.0
0.0
0.0
0.0
0.0
0.0
0.0
0.0216
0.0673
0.1119
0.1261
0.1102
0.0722
0.0303
0.0007
0.0
0.0
0.0
0.0
0.0
0.0
0.0
0.0
0.0
0.0
0.0
0.0
0.0
0.0
0.0
0.0
0.0231
0.0874
0.1711
0.2035
0.179
0.126
0.0554
0.0022
0.0
0.0
0.0
0.0
0.0
0.0
0.0
0.0
0.0
0.0
0.0
0.0
0.0
0.0
0.0
0.0006
0.0935
0.2106
0.3106
0.3411
0.3146
0.2339
0.122
0.0166
0.0
0.0
0.0
0.0
0.0
0.0
0.0
0.0
0.0
0.0
0.0
0.0
0.0
0.0
0.0
0.0044
0.1776
0.3263
0.4276
0.459
0.4108
0.2887
0.1217
0.0127
0.0
0.0
0.0
0.0
0.0
0.0
0.0
0.0
0.0
0.0
0.0
0.0
0.0
0.0
0.0
0.003
0.1394
0.2878
0.3748
0.3748
0.3187
0.2135
0.0934
0.0098
0.0
0.0
0.0
0.0
0.0
0.0
0.0
0.0
0.0
0.0
0.0
0.0
0.0
0.0
0.0
0.0
0.0307
0.0829
0.1296
0.1566
0.1588
0.1174
0.056
0.0047
0.0
0.0
0.0
0.0
0.0
0.0
0.0
0.0
0.0
0.0
0.0
0.0
0.0
0.0
0.0
0.0007
0.0509
0.1302
0.2083
0.2397
0.257
0.1951
0.0911
0.0092
0.0
0.0
0.0
0.0
0.0
0.0
0.0
0.0
0.0
0.0
0.0
0.0
0.0
0.0
0.0
0.003
0.0938
0.216
0.3201
0.3699
0.3291
0.1927
0.0688
0.0051
0.0
0.0
0.0
0.0
0.0
0.0
0.0
0.0
0.0
0.0
0.0
0.0
0.0
0.0
0.0
0.0
0.0209
0.0574
0.0909
0.103
0.1013
0.071
0.0245
0.0012
0.0
0.0
0.0
0.0
0.0
0.0
0.0
0.0
0.0
0.0
0.0
0.0
0.0
0.0
0.0
0.0
0.0028
0.0115
0.0262
0.0358
0.0459
0.0544
0.0343
0.0032
0.0
0.0
0.0
0.0
0.0
0.0
0.0
0.0
0.0
0.0
0.0
0.0
0.0
0.0
0.0
0.0023
0.0724
0.197
0.3518
0.421
0.4073
0.3278
0.1912
0.0371
0.0
0.0
0.0
0.0
0.0
0.0
0.0
0.0
0.0
0.0
0.0
0.0
0.0
0.0
0.0
0.0007
0.0185
0.0538
0.0995
0.1469
0.1299
0.1012
0.0563
0.0077
0.0
0.0
0.0
0.0
0.0
0.0
0.0
0.0
0.0
0.0
0.0
0.0
0.0
0.0
0.0
0.0
0.0145
0.0487
0.1061
0.1419
0.1107
0.0556
0.0253
0.004
0.0
0.0
0.0
0.0
0.0
0.0
0.0
0.0
0.0
0.0
0.0
0.0
0.0
0.0
0.0
0.0247
0.2421
0.3958
0.4809
0.4996
0.4556
0.357
0.2098
0.0467
0.0
0.0
0.0
0.0
0.0
0.0
0.0
0.0
0.0
0.0
0.0
0.0
0.0
0.0
0.0
0.0018
0.028
0.0611
0.0679
0.0551
0.0384
0.025
0.0111
0.0003
0.0
0.0
0.0
0.0
0.0
0.0
0.0
0.0
0.0
0.0
0.0
0.0
0.0
0.0
0.0
0.0
0.0031
0.0109
0.0225
0.029
0.0349
0.0386
0.0325
0.0121
0.0
0.0
0.0
0.0
0.0
0.0
0.0
0.0
0.0
0.0
0.0
0.0
0.0
0.0
0.0
0.0025
0.0126
0.0325
0.0539
0.0883
0.1015
0.0646
0.0362
0.0032
0.0
0.0
0.0
0.0
0.0
0.0
0.0
0.0
0.0
0.0
0.0
0.0
0.0
0.0
0.0
0.0007
0.0272
0.0649
0.0803
0.0878
0.0782
0.0567
0.0355
0.0063
0.0
0.0
0.0
0.0
0.0
0.0
0.0
0.0
0.0
0.0
0.0
0.0
0.0
0.0
0.0
0.006
0.041
0.0656
0.075
0.0715
0.1163
0.2095
0.1671
0.0458
0.0
0.0
0.0
0.0
0.0
0.0
0.0
0.0
0.0
0.0
0.0
0.0
0.0
0.0
0.0
0.0211
0.1609
0.2755
0.2959
0.3025
0.2662
0.1777
0.0704
0.0124
0.0
0.0
0.0
0.0
0.0
0.0
0.0
0.0
0.0
0.0
0.0
0.0
0.0
0.0
0.0
0.0002
0.0101
0.0228
0.033
0.052
0.0754
0.0906
0.0779
0.0179
0.0
0.0
0.0
0.0
0.0
0.0
0.0
0.0
0.0
0.0
0.0
0.0
0.0
0.0
0.0
0.0014
0.0286
0.0923
0.154
0.1415
0.0818
0.064
0.038
0.0084
0.0
0.0
0.0
0.0
0.0
0.0
0.0
0.0
0.0
0.0
0.0
0.0
0.0
0.0
0.0
0.0067
0.0487
0.0928
0.1274
0.2135
0.1866
0.0854
0.0363
0.0202
0.0
0.0
0.0
0.0
0.0
0.0
0.0
0.0
0.0
0.0
0.0
0.0
0.0
0.0
0.0
0.0034
0.0431
0.1566
0.2548
0.2349
0.1865
0.1511
0.1016
0.0349
0.0
0.0
0.0
0.0
0.0
0.0
0.0
0.0
0.0
0.0
0.0
0.0
0.0
0.0
0.0
0.0072
0.0514
0.089
0.1064
0.1216
0.11
0.0678
0.0317
0.0086
0.0
0.0
0.0
0.0
0.0
0.0
0.0
0.0
0.0
0.0
0.0
0.0
0.0
0.0
0.0
0.02
0.062
0.0821
0.1136
0.0827
0.0682
0.0372
0.0189
0.0072
0.0
0.0
0.0
0.0
0.0
0.0
0.0
0.0
0.0
0.0
0.0
0.0
0.0
0.0
0.0
0.0016
0.0253
0.0889
0.1709
0.2178
0.2083
0.1507
0.0665
0.0268
0.0001
0.0
0.0
0.0
0.0
0.0
0.0
0.0
0.0
0.0
0.0
0.0
0.0
0.0
0.0
0.0887
0.2507
0.4072
0.4842
0.4654
0.4167
0.3423
0.2208
0.0732
0.0005
0.0
0.0
0.0
0.0
0.0
0.0
0.0
0.0
0.0
0.0
0.0
0.0
0.0
0.0
0.0214
0.0933
0.1895
0.2934
0.3774
0.3781
0.3205
0.2189
0.0797
0.0013
0.0
0.0
0.0
0.0
0.0
0.0
0.0
0.0
0.0
0.0
0.0
0.0
0.0
0.0
0.054
0.2219
0.3756
0.4217
0.3785
0.2695
0.1638
0.0849
0.0277
0.0
0.0
0.0
0.0
0.0
0.0
0.0
0.0
0.0
0.0
0.0
0.0
0.0
0.0
0.0
0.0032
0.02
0.0407
0.0576
0.0621
0.0572
0.042
0.0236
0.0062
0.0
0.0
0.0
0.0
0.0
0.0
0.0
0.0
0.0
0.0
0.0
0.0
0.0
0.0
0.0
0.0443
0.1795
0.3408
0.4409
0.4599
0.4288
0.3455
0.2283
0.0932
0.0031
0.0
0.0
0.0
0.0
0.0
0.0
0.0
0.0
0.0
0.0
0.0
0.0
0.0
0.0001
0.1789
0.3769
0.5266
0.6022
0.6209
0.5857
0.4967
0.3542
0.1672
0.0112
0.0
0.0
0.0
0.0
0.0
0.0
0.0
0.0
0.0
0.0
0.0
0.0
0.0
0.0001
0.1446
0.3568
0.518
0.5969
0.6099
0.5674
0.4745
0.3191
0.1369
0.0087
0.0
0.0
0.0
0.0
0.0
0.0
0.0
0.0
0.0
0.0
0.0
0.0
0.0
0.0
0.0427
0.1403
0.2496
0.3045
0.3065
0.2631
0.1727
0.0812
0.0237
0.0
0.0
0.0
0.0
0.0
0.0
0.0
0.0
0.0
0.0
0.0
0.0
0.0
0.0
0.0
0.0891
0.2378
0.3835
0.4985
0.5372
0.5067
0.4258
0.2909
0.1303
0.0102
0.0
0.0
0.0
0.0
0.0
0.0
0.0
0.0
0.0
0.0
0.0
0.0
0.0
0.0
0.0003
0.0074
0.0249
0.0517
0.0679
0.0703
0.0479
0.0315
0.0116
0.0
0.0
0.0
0.0
0.0
0.0
0.0
0.0
0.0
0.0
0.0
0.0
0.0
0.0
0.0
0.014
0.0374
0.0424
0.0577
0.0657
0.0711
0.0628
0.0397
0.0148
0.0004
0.0
0.0
0.0
0.0
0.0
0.0
0.0
0.0
0.0
0.0
0.0
0.0
0.0
0.0
0.0113
0.0502
0.1011
0.1282
0.1383
0.1395
0.1183
0.0874
0.0396
0.0026
0.0
0.0
0.0
0.0
0.0
0.0
0.0
0.0
0.0
0.0
0.0
0.0
0.0
0.0009
0.08
0.1981
0.3051
0.3476
0.3578
0.3358
0.2866
0.2047
0.1017
0.0109
0.0
0.0
0.0
0.0
0.0
0.0
0.0
0.0
0.0
0.0
0.0
0.0
0.0
0.0013
0.0734
0.1781
0.2796
0.3402
0.3421
0.3446
0.2876
0.2082
0.1039
0.0134
0.0
0.0
0.0
0.0
0.0
0.0
0.0
0.0
0.0
0.0
0.0
0.0
0.0
0.0022
0.0733
0.165
0.2338
0.2743
0.2809
0.2587
0.2189
0.1435
0.0808
0.0109
0.0
0.0
0.0
0.0
0.0
0.0
0.0
0.0
0.0
0.0
0.0
0.0
0.0
0.0041
0.1063
0.2531
0.371
0.4281
0.4242
0.3765
0.2888
0.1705
0.0717
0.008
0.0
0.0
0.0
0.0
0.0
0.0
0.0
0.0
0.0
0.0
0.0
0.0
0.0
0.0114
0.1912
0.3858
0.5221
0.5946
0.6143
0.5858
0.5083
0.3784
0.2067
0.0409
0.0
0.0
0.0
0.0
0.0
0.0
0.0
0.0
0.0
0.0
0.0
0.0
0.0
0.0123
0.1692
0.3862
0.5106
0.5754
0.587
0.5578
0.485
0.3553
0.1808
0.0299
0.0
0.0
0.0
0.0
0.0
0.0
0.0
0.0
0.0
0.0
0.0
0.0
0.0
0.0244
0.2265
0.4465
0.5717
0.6412
0.6568
0.6202
0.5336
0.3981
0.221
0.0483
0.0
0.0
0.0
0.0
0.0
0.0
0.0
0.0
0.0
0.0
0.0
0.0
0.0
0.0047
0.0364
0.0566
0.0761
0.0841
0.0844
0.0644
0.0399
0.0207
0.0067
0.0
0.0
0.0
0.0
0.0
0.0
0.0
0.0
0.0
0.0
0.0
0.0
0.0
0.0
0.0018
0.0597
0.1878
0.3607
0.4811
0.4348
0.3064
0.1826
0.082
0.0317
0.0051
0.0
0.0
0.0
0.0
0.0
0.0
0.0
0.0
0.0
0.0
0.0
0.0
0.0
0.0021
0.0464
0.1293
0.2742
0.4171
0.4828
0.4977
0.4484
0.345
0.1897
0.0375
0.0
0.0
0.0
0.0
0.0
0.0
0.0
0.0
0.0
0.0
0.0
0.0
0.0
0.0023
0.0183
0.0349
0.0518
0.0672
0.0774
0.0841
0.0883
0.0827
0.0517
0.0118
0.0
0.0
0.0
0.0
0.0
0.0
0.0
0.0
0.0
0.0
0.0
0.0
0.0
0.0167
0.1076
0.2042
0.2857
0.2777
0.2775
0.2741
0.2366
0.1693
0.0909
0.0207
0.0
0.0
0.0
0.0
0.0
0.0
0.0
0.0
0.0
0.0
0.0
0.0
0.0
0.0123
0.0864
0.1945
0.3406
0.3388
0.3034
0.249
0.1982
0.1362
0.0792
0.0202
0.0
0.0
0.0
0.0
0.0
0.0
0.0
0.0
0.0
0.0
0.0
0.0
0.0
0.0067
0.0562
0.1381
0.2783
0.3336
0.342
0.3133
0.2666
0.2009
0.1182
0.0333
0.0
0.0
0.0
0.0
0.0
0.0
0.0
0.0
0.0
0.0
0.0
0.0
0.0
0.0139
0.0887
0.1854
0.2797
0.3866
0.3899
0.3195
0.2248
0.14
0.0781
0.0246
0.0
0.0
0.0
0.0
0.0
0.0
0.0
0.0
0.0
0.0
0.0
0.0
0.0
0.0352
0.1493
0.253
0.3306
0.3722
0.3823
0.3767
0.3532
0.2771
0.1539
0.0405
0.0
0.0
0.0
0.0
0.0
0.0
0.0
0.0
0.0
0.0
0.0
0.0
0.0
0.0525
0.2432
0.4267
0.5445
0.6109
0.6203
0.5725
0.4876
0.3557
0.1917
0.0515
0.0
0.0
0.0
0.0
0.0
0.0
0.0
0.0
0.0
0.0
0.0
0.0
0.0
0.0124
0.0733
0.1757
0.3442
0.4923
0.5685
0.5714
0.4993
0.3737
0.2154
0.0663
0.0001
0.0
0.0
0.0
0.0
0.0
0.0
0.0
0.0
0.0
0.0
0.0
0.0
0.0439
0.1974
0.4337
0.573
0.6464
0.6666
0.6352
0.5554
0.4267
0.2569
0.0862
0.0005
0.0
0.0
0.0
0.0
0.0
0.0
0.0
0.0
0.0
0.0
0.0
0.0
0.0589
0.2719
0.4742
0.594
0.6637
0.6786
0.6428
0.5615
0.4343
0.2687
0.0975
0.0012
0.0
0.0
0.0
0.0
0.0
0.0
0.0
0.0
0.0
0.0
0.0
0.0
0.0679
0.3013
0.4935
0.612
0.6753
0.6876
0.6478
0.5672
0.4365
0.2686
0.0995
0.0018
0.0
0.0
0.0
0.0
0.0
0.0
0.0
0.0
0.0
0.0
0.0
0.0
0.0122
0.0533
0.1277
0.2226
0.2548
0.253
0.2428
0.2068
0.1437
0.0791
0.0268
0.0
0.0
0.0
0.0
0.0
0.0
0.0
0.0
0.0
0.0
0.0
0.0
0.0
0.0427
0.191
0.4513
0.5751
0.6465
0.6646
0.6265
0.5456
0.4268
0.2614
0.0972
0.0027
0.0
0.0
0.0
0.0
0.0
0.0
0.0
0.0
0.0
0.0
0.0
0.0002
0.1237
0.3203
0.4923
0.6052
0.6686
0.6841
0.6436
0.5648
0.4405
0.2779
0.1089
0.0039
0.0
0.0
0.0
0.0
0.0
0.0
0.0
0.0
0.0
0.0
0.0
0.0
0.0224
0.108
0.2314
0.3581
0.4228
0.439
0.422
0.3633
0.2434
0.121
0.0409
0.0004
0.0
0.0
0.0
0.0
0.0
0.0
0.0
0.0
0.0
0.0
0.0
0.0
0.0297
0.1045
0.2238
0.4243
0.5607
0.637
0.6298
0.5613
0.4394
0.2797
0.1033
0.004
0.0
0.0
0.0
0.0
0.0
0.0
0.0
0.0
0.0
0.0
0.0
0.0
0.0483
0.1542
0.3076
0.433
0.4609
0.4382
0.3794
0.308
0.2034
0.1036
0.0382
0.001
0.0
0.0
0.0
0.0
0.0
0.0
0.0
0.0
0.0
0.0
0.0
0.0
0.0248
0.101
0.2309
0.4688
0.5089
0.4847
0.4213
0.3277
0.2211
0.1652
0.0645
0.0031
0.0
0.0
0.0
0.0
0.0
0.0
0.0
0.0
0.0
0.0
0.0
0.0
0.0429
0.1345
0.2432
0.3471
0.3961
0.3914
0.3917
0.3375
0.2544
0.141
0.0598
0.0051
0.0
0.0
0.0
0.0
0.0
0.0
0.0
0.0
0.0
0.0
0.0
0.0
0.0293
0.1082
0.2553
0.3945
0.4385
0.4677
0.4605
0.4183
0.3264
0.1959
0.0696
0.0042
0.0
0.0
0.0
0.0
0.0
0.0
0.0
0.0
0.0
0.0
0.0
0.0
0.0158
0.0533
0.1219
0.1707
0.2139
0.2515
0.2158
0.1327
0.0939
0.0621
0.0238
0.002
0.0
0.0
0.0
0.0
0.0
0.0
0.0
0.0
0.0
0.0
0.0
0.0
0.0059
0.018
0.0342
0.0669
0.1161
0.1795
0.1968
0.1883
0.1703
0.1835
0.0985
0.0121
0.0
0.0
0.0
0.0
0.0
0.0
0.0
0.0
0.0
0.0
0.0
0.0009
0.0485
0.1646
0.4658
0.6094
0.6715
0.6862
0.6365
0.5175
0.3637
0.1956
0.0673
0.0063
0.0
0.0
0.0
0.0
0.0
0.0
0.0
0.0
0.0
0.0
0.0
0.0
0.0092
0.0481
0.1431
0.3011
0.4751
0.5899
0.5637
0.4513
0.3201
0.1821
0.0606
0.0052
0.0
0.0
0.0
0.0
0.0
0.0
0.0
0.0
0.0
0.0
0.0
0.0
0.0153
0.0635
0.1258
0.168
0.1839
0.2046
0.2559
0.3002
0.2457
0.1423
0.0486
0.0054
0.0
0.0
0.0
0.0
0.0
0.0
0.0
0.0
0.0
0.0
0.0
0.0006
0.0383
0.1224
0.2712
0.3633
0.4141
0.4474
0.4662
0.4364
0.3593
0.2532
0.1226
0.0179
0.0
0.0
0.0
0.0
0.0
0.0
0.0
0.0
0.0
0.0
0.0
0.0016
0.0493
0.1566
0.3344
0.4849
0.5847
0.6013
0.5797
0.4918
0.343
0.1846
0.0606
0.0059
0.0
0.0
0.0
0.0
0.0
0.0
0.0
0.0
0.0
0.0
0.0
0.0024
0.0441
0.0716
0.0936
0.137
0.1741
0.1799
0.1657
0.2134
0.1703
0.0766
0.0389
0.0055
0.0
0.0
0.0
0.0
0.0
0.0
0.0
0.0
0.0
0.0
0.0
0.0208
0.1416
0.3257
0.4966
0.6348
0.6863
0.6708
0.5732
0.4479
0.348
0.2263
0.0967
0.0153
0.0
0.0
0.0
0.0
0.0
0.0
0.0
0.0
0.0
0.0
0.0
0.0155
0.1208
0.2608
0.4107
0.5049
0.5616
0.584
0.5378
0.416
0.3299
0.1757
0.0538
0.0053
0.0
0.0
0.0
0.0
0.0
0.0
0.0
0.0
0.0
0.0
0.0
0.0017
0.0337
0.1153
0.256
0.4439
0.5768
0.6273
0.5975
0.5317
0.4159
0.2641
0.1228
0.0209
0.0
0.0
0.0
0.0
0.0
0.0
0.0
0.0
0.0
0.0
0.0
0.0098
0.0772
0.1643
0.2443
0.314
0.3852
0.4538
0.5229
0.5372
0.4597
0.3007
0.1314
0.0253
0.0
0.0
0.0
0.0
0.0
0.0
0.0
0.0
0.0
0.0
0.0
0.0105
0.077
0.1341
0.147
0.1464
0.1557
0.173
0.214
0.2455
0.2609
0.2196
0.1235
0.0277
0.0
0.0
0.0
0.0
0.0
0.0
0.0
0.0
0.0
0.0
0.0
0.0045
0.0561
0.152
0.402
0.5785
0.5814
0.5184
0.4151
0.2863
0.189
0.1277
0.0849
0.0252
0.0
0.0
0.0
0.0
0.0
0.0
0.0
0.0
0.0
0.0
0.0
0.0145
0.0903
0.253
0.357
0.4237
0.4512
0.4679
0.4727
0.4299
0.3312
0.2296
0.1184
0.0287
0.0
0.0
0.0
0.0
0.0
0.0
0.0
0.0
0.0
0.0
0.0
0.0058
0.0499
0.1212
0.2626
0.4293
0.4816
0.4866
0.4402
0.408
0.3251
0.2355
0.1381
0.0373
0.0
0.0
0.0
0.0
0.0
0.0
0.0
0.0
0.0
0.0
0.0
0.028
0.1663
0.3271
0.4349
0.516
0.5586
0.5717
0.5325
0.4696
0.3717
0.2435
0.1201
0.0287
0.0
0.0
0.0
0.0
0.0
0.0
0.0
0.0
0.0
0.0
0.0
0.0197
0.1252
0.3273
0.5138
0.6314
0.6831
0.6896
0.6524
0.5755
0.447
0.284
0.1407
0.0381
0.0
0.0
0.0
0.0
0.0
0.0
0.0
0.0
0.0
0.0
0.0
0.0462
0.2001
0.3745
0.5198
0.6212
0.6757
0.6852
0.6526
0.5796
0.4696
0.3245
0.1651
0.0416
0.0001
0.0
0.0
0.0
0.0
0.0
0.0
0.0
0.0
0.0
0.0
0.019
0.1107
0.2706
0.4401
0.5468
0.5947
0.6078
0.5875
0.5265
0.3723
0.2135
0.0997
0.0251
0.0
0.0
0.0
0.0
0.0
0.0
0.0
0.0
0.0
0.0
0.0
0.0276
0.1122
0.2436
0.4161
0.4897
0.5095
0.4661
0.3804
0.2907
0.212
0.1418
0.0792
0.026
0.0001
0.0
0.0
0.0
0.0
0.0
0.0
0.0
0.0
0.0
0.0
0.0351
0.1362
0.3169
0.4696
0.5401
0.5459
0.4929
0.4205
0.3425
0.2829
0.221
0.1437
0.046
0.0003
0.0
0.0
0.0
0.0
0.0
0.0
0.0
0.0
0.0
0.0
0.0033
0.0257
0.0706
0.1713
0.2813
0.3499
0.3488
0.3279
0.3224
0.2794
0.2242
0.1281
0.0446
0.0001
0.0
0.0
0.0
0.0
0.0
0.0
0.0
0.0
0.0
0.0
0.0146
0.075
0.2399
0.4588
0.588
0.6283
0.6041
0.5166
0.3885
0.2576
0.1669
0.1014
0.0404
0.0005
0.0
0.0
0.0
0.0
0.0
0.0
0.0
0.0
0.0
0.0
0.0405
0.1534
0.326
0.4361
0.4927
0.4914
0.4655
0.438
0.3906
0.3284
0.2559
0.1585
0.0551
0.0012
0.0
0.0
0.0
0.0
0.0
0.0
0.0
0.0
0.0
0.0002
0.0478
0.1565
0.3543
0.4889
0.581
0.6355
0.6515
0.6263
0.5706
0.4754
0.3352
0.1799
0.0532
0.0009
0.0
0.0
0.0
0.0
0.0
0.0
0.0
0.0
0.0
0.0
0.0475
0.1879
0.3916
0.5367
0.6303
0.6856
0.6775
0.6496
0.6051
0.5022
0.3592
0.1999
0.0646
0.0024
0.0
0.0
0.0
0.0
0.0
0.0
0.0
0.0
0.0
0.0008
0.0798
0.2387
0.4146
0.5611
0.665
0.7229
0.7369
0.7074
0.6353
0.522
0.3715
0.2068
0.0653
0.0027
0.0
0.0
0.0
0.0
0.0
0.0
0.0
0.0
0.0
0.0012
0.0722
0.2468
0.422
0.5655
0.6645
0.7202
0.7318
0.7006
0.6266
0.5092
0.3518
0.1839
0.0532
0.0015
0.0
0.0
0.0
0.0
0.0
0.0
0.0
0.0
0.0
0.0005
0.0382
0.1279
0.2266
0.3294
0.4236
0.4779
0.4837
0.4457
0.3722
0.2748
0.1749
0.0886
0.0285
0.0004
0.0
0.0
0.0
0.0
0.0
0.0
0.0
0.0
0.0
0.0002
0.0414
0.1585
0.2987
0.4101
0.4757
0.4957
0.49
0.4769
0.4383
0.3664
0.2701
0.1663
0.0635
0.0029
0.0
0.0
0.0
0.0
0.0
0.0
0.0
0.0
0.0
0.0001
0.0278
0.0842
0.1348
0.172
0.2066
0.2432
0.2816
0.2931
0.3007
0.2565
0.1923
0.1223
0.0507
0.003
0.0
0.0
0.0
0.0
0.0
0.0
0.0
0.0
0.0
0.0001
0.0234
0.0721
0.1275
0.1716
0.1927
0.1879
0.1716
0.1664
0.1504
0.1341
0.1014
0.0724
0.0308
0.0012
0.0
0.0
0.0
0.0
0.0
0.0
0.0
0.0
0.0
0.0
0.0209
0.0639
0.13
0.2169
0.2777
0.2943
0.3004
0.2796
0.2252
0.1707
0.1129
0.0694
0.0252
0.0009
0.0
0.0
0.0
0.0
0.0
0.0
0.0
0.0
0.0
0.0005
0.0295
0.0852
0.1659
0.2326
0.2877
0.33
0.3359
0.3155
0.2762
0.2205
0.1549
0.085
0.0394
0.0033
0.0
0.0
0.0
0.0
0.0
0.0
0.0
0.0
0.0
0.002
0.0662
0.1958
0.3084
0.3334
0.3469
0.3289
0.3201
0.3228
0.3046
0.2835
0.2395
0.1722
0.0798
0.0068
0.0
0.0
0.0
0.0
0.0
0.0
0.0
0.0
0.0
0.0007
0.0221
0.0589
0.1065
0.1561
0.2021
0.2507
0.2462
0.2419
0.2484
0.2585
0.2416
0.1686
0.0676
0.0049
0.0
0.0
0.0
0.0
0.0
0.0
0.0
0.0
0.0
0.0007
0.0246
0.0836
0.1839
0.3069
0.4259
0.5006
0.5041
0.4347
0.3563
0.2928
0.2137
0.1293
0.0572
0.0068
0.0
0.0
0.0
0.0
0.0
0.0
0.0
0.0
0.0
0.0041
0.0993
0.274
0.444
0.582
0.6708
0.722
0.7385
0.7105
0.6389
0.5285
0.3834
0.2216
0.082
0.0084
0.0
0.0
0.0
0.0
0.0
0.0
0.0
0.0
0.0
0.0091
0.1058
0.2599
0.4255
0.5498
0.6172
0.6303
0.6074
0.5376
0.443
0.34
0.2245
0.1294
0.0522
0.0054
0.0
0.0
0.0
0.0
0.0
0.0
0.0
0.0
0.0
0.0065
0.1049
0.2686
0.4402
0.5764
0.6665
0.7213
0.7317
0.6988
0.6348
0.5327
0.3924
0.231
0.0856
0.0082
0.0
0.0
0.0
0.0
0.0
0.0
0.0
0.0
0.0
0.0135
0.1113
0.2607
0.421
0.5439
0.6332
0.6901
0.7066
0.6826
0.6207
0.5167
0.3801
0.2234
0.0847
0.0092
0.0
0.0
0.0
0.0
0.0
0.0
0.0
0.0
0.0
0.0155
0.1213
0.28
0.4437
0.5764
0.67
0.7231
0.7351
0.7067
0.6379
0.5297
0.3866
0.2261
0.0846
0.0085
0.0
0.0
0.0
0.0
0.0
0.0
0.0
0.0
0.0
0.01
0.1041
0.2622
0.4191
0.5459
0.6336
0.6788
0.6844
0.6461
0.5702
0.4607
0.3309
0.1976
0.082
0.011
0.0
0.0
0.0
0.0
0.0
0.0
0.0
0.0
0.0
0.0141
0.1148
0.2617
0.4172
0.5435
0.6301
0.6793
0.6891
0.6645
0.6007
0.5006
0.3662
0.2129
0.0819
0.0106
0.0
0.0
0.0
0.0
0.0
0.0
0.0
0.0
0.0
0.0155
0.1157
0.2662
0.4218
0.5503
0.6412
0.6928
0.7058
0.6801
0.6165
0.5152
0.3794
0.226
0.0885
0.0112
0.0
0.0
0.0
0.0
0.0
0.0
0.0
0.0
0.0
0.0172
0.1215
0.2703
0.4249
0.5531
0.6439
0.693
0.7007
0.6687
0.5928
0.4739
0.325
0.1746
0.0673
0.0107
0.0
0.0
0.0
0.0
0.0
0.0
0.0
0.0
0.0
0.0065
0.0448
0.1116
0.1883
0.2622
0.3182
0.3319
0.3224
0.3095
0.2696
0.2093
0.1473
0.0875
0.0396
0.0077
0.0
0.0
0.0
0.0
0.0
0.0
0.0
0.0
0.0
0.0102
0.084
0.2182
0.376
0.509
0.5988
0.65
0.6534
0.6173
0.5451
0.4368
0.3006
0.1736
0.0761
0.0152
0.0
0.0
0.0
0.0
0.0
0.0
0.0
0.0
0.0
0.0193
0.1205
0.2668
0.4195
0.5462
0.6341
0.6837
0.6942
0.664
0.5952
0.4891
0.3445
0.2014
0.0854
0.015
0.0
0.0
0.0
0.0
0.0
0.0
0.0
0.0
0.0
0.0181
0.1212
0.2697
0.425
0.5531
0.6422
0.6789
0.6889
0.6713
0.6166
0.5174
0.3842
0.2306
0.0954
0.0147
0.0
0.0
0.0
0.0
0.0
0.0
0.0
0.0
0.0
0.0146
0.0847
0.222
0.3362
0.4336
0.4902
0.5322
0.5373
0.5406
0.5069
0.4211
0.3073
0.1984
0.092
0.021
0.0
0.0
0.0
0.0
0.0
0.0
0.0
0.0
0.0
0.0137
0.0799
0.2015
0.3414
0.4207
0.4923
0.5338
0.5663
0.5669
0.5197
0.455
0.3325
0.2158
0.0991
0.0235
0.0
0.0
0.0
0.0
0.0
0.0
0.0
0.0
0.0
0.0187
0.1053
0.2405
0.3693
0.4725
0.5535
0.6141
0.6343
0.6123
0.5621
0.4562
0.3231
0.2006
0.0976
0.0219
0.0
0.0
0.0
0.0
0.0
0.0
0.0
0.0
0.0
0.0141
0.0888
0.2187
0.3754
0.5192
0.613
0.6036
0.5427
0.4878
0.4545
0.3839
0.2905
0.186
0.0957
0.0228
0.0
0.0
0.0
0.0
0.0
0.0
0.0
0.0
0.0
0.0285
0.1318
0.2651
0.3777
0.4597
0.4878
0.4814
0.4353
0.3693
0.2572
0.1692
0.1104
0.0623
0.0305
0.0079
0.0
0.0
0.0
0.0
0.0
0.0
0.0
0.0
0.0
0.0208
0.1024
0.2257
0.3778
0.5075
0.5729
0.5828
0.5763
0.5798
0.5467
0.4792
0.3566
0.2116
0.0986
0.0245
0.0
0.0
0.0
0.0
0.0
0.0
0.0
0.0
0.0
0.0132
0.0409
0.0801
0.1199
0.1515
0.1776
0.1979
0.2514
0.291
0.3229
0.2815
0.2137
0.1447
0.0914
0.03
0.0001
0.0
0.0
0.0
0.0
0.0
0.0
0.0
0.0
0.0111
0.0615
0.1458
0.235
0.3156
0.4727
0.5396
0.5394
0.5157
0.4789
0.396
0.2504
0.1218
0.0596
0.0189
0.0
0.0
0.0
0.0
0.0
0.0
0.0
0.0
0.0
0.0092
0.0405
0.0908
0.1647
0.2125
0.284
0.3263
0.3384
0.2801
0.2296
0.1792
0.1382
0.0716
0.0315
0.0137
0.0
0.0
0.0
0.0
0.0
0.0
0.0
0.0
0.0
0.0049
0.0256
0.0517
0.0842
0.1214
0.1567
0.1827
0.2013
0.206
0.2188
0.2228
0.2071
0.1597
0.0907
0.027
0.0001
0.0
0.0
0.0
0.0
0.0
0.0
0.0
0.0
0.0182
0.0738
0.1532
0.2681
0.3837
0.4805
0.5519
0.5619
0.5297
0.4546
0.349
0.223
0.1221
0.0512
0.0113
0.0
0.0
0.0
0.0
0.0
0.0
0.0
0.0
0.0
0.0106
0.0519
0.0979
0.1493
0.2271
0.347
0.4846
0.5773
0.6045
0.5272
0.3943
0.285
0.1727
0.0803
0.0261
0.0002
0.0
0.0
0.0
0.0
0.0
0.0
0.0
0.0
0.029
0.127
0.2745
0.4215
0.5253
0.5603
0.5797
0.6132
0.5964
0.5156
0.4242
0.3297
0.2192
0.1003
0.0267
0.0002
0.0
0.0
0.0
0.0
0.0
0.0
0.0
0.0
0.0225
0.0689
0.1262
0.1998
0.2831
0.3603
0.4392
0.505
0.512
0.4926
0.4297
0.3331
0.2206
0.1107
0.0319
0.0004
0.0
0.0
0.0
0.0
0.0
0.0
0.0
0.0001
0.0335
0.1326
0.266
0.3893
0.4991
0.5898
0.6495
0.6594
0.6129
0.5358
0.4271
0.2976
0.1746
0.0936
0.0308
0.0003
0.0
0.0
0.0
0.0
0.0
0.0
0.0
0.0
0.0185
0.0708
0.1511
0.2345
0.2851
0.294
0.2909
0.2953
0.3087
0.2803
0.2299
0.1665
0.1019
0.0499
0.0159
0.0001
0.0
0.0
0.0
0.0
0.0
0.0
0.0
0.0
0.0121
0.0512
0.1113
0.199
0.3036
0.3812
0.408
0.3613
0.303
0.2467
0.192
0.1295
0.0741
0.0354
0.0116
0.0
0.0
0.0
0.0
0.0
0.0
0.0
0.0
0.0003
0.0367
0.1418
0.2808
0.4264
0.5469
0.6269
0.6567
0.6482
0.6141
0.5404
0.4494
0.3158
0.1922
0.1013
0.0318
0.0005
0.0
0.0
0.0
0.0
0.0
0.0
0.0
0.0002
0.0316
0.1105
0.2113
0.3144
0.391
0.4423
0.433
0.3914
0.3652
0.3264
0.3013
0.2621
0.1883
0.104
0.0322
0.0007
0.0
0.0
0.0
0.0
0.0
0.0
0.0
0.0002
0.0312
0.1158
0.2251
0.3354
0.4227
0.4958
0.5405
0.5413
0.5016
0.4336
0.3426
0.255
0.1718
0.0933
0.0309
0.0004
0.0
0.0
0.0
0.0
0.0
0.0
0.0
0.0004
0.034
0.1234
0.2327
0.3358
0.4245
0.4908
0.5115
0.4981
0.4701
0.4439
0.3758
0.3007
0.2056
0.1068
0.0367
0.0008
0.0
0.0
0.0
0.0
0.0
0.0
0.0
0.0008
0.041
0.1466
0.2812
0.4233
0.5417
0.6174
0.6641
0.6707
0.6351
0.5729
0.48
0.3605
0.2115
0.1021
0.0303
0.0008
0.0
0.0
0.0
0.0
0.0
0.0
0.0
0.0008
0.0417
0.1478
0.284
0.4255
0.5424
0.6226
0.6672
0.6756
0.6488
0.5918
0.5014
0.3815
0.242
0.1138
0.0278
0.0009
0.0
0.0
0.0
0.0
0.0
0.0
0.0
0.0011
0.0453
0.1548
0.2943
0.4399
0.5604
0.6397
0.6837
0.6899
0.6591
0.593
0.4939
0.3691
0.2311
0.11
0.0307
0.0009
0.0
0.0
0.0
0.0
0.0
0.0
0.0
0.0007
0.0395
0.1372
0.2667
0.4053
0.5167
0.5789
0.6036
0.6028
0.5599
0.4921
0.399
0.2985
0.1958
0.0965
0.0319
0.001
0.0
0.0
0.0
0.0
0.0
0.0
0.0
0.0009
0.0363
0.1239
0.2466
0.3811
0.5024
0.5935
0.6513
0.6707
0.649
0.5861
0.4854
0.3567
0.2217
0.1121
0.0363
0.0014
0.0
0.0
0.0
0.0
0.0
0.0
0.0
0.0006
0.043
0.1494
0.2814
0.4331
0.5636
0.6547
0.7081
0.7218
0.6965
0.6346
0.5356
0.4067
0.2598
0.1205
0.0272
0.001
0.0
0.0
0.0
0.0
0.0
0.0
0.0
0.0011
0.0395
0.1487
0.2964
0.4449
0.5644
0.644
0.6915
0.6902
0.6302
0.5302
0.4098
0.2744
0.1697
0.0828
0.0275
0.0006
0.0
0.0
0.0
0.0
0.0
0.0
0.0
0.0001
0.0117
0.0441
0.0886
0.1352
0.181
0.2203
0.2588
0.3046
0.3524
0.3735
0.3377
0.2637
0.1731
0.0929
0.0343
0.0013
0.0
0.0
0.0
0.0
0.0
0.0
0.0
0.0
0.0164
0.0583
0.114
0.1739
0.2407
0.3028
0.3289
0.2985
0.2669
0.2442
0.2157
0.1746
0.1167
0.0616
0.0201
0.0005
0.0
0.0
0.0
0.0
0.0
0.0
0.0
0.0006
0.0337
0.1131
0.2129
0.3004
0.3648
0.4002
0.3942
0.3137
0.3376
0.3079
0.2701
0.2222
0.1573
0.0917
0.0333
0.0011
0.0
0.0
0.0
0.0
0.0
0.0
0.0
0.0002
0.0211
0.0724
0.155
0.2532
0.3372
0.3752
0.3606
0.3883
0.4098
0.3829
0.346
0.2545
0.162
0.0925
0.0354
0.0017
0.0
0.0
0.0
0.0
0.0
0.0
0.0
0.0005
0.0237
0.0658
0.117
0.188
0.2723
0.329
0.345
0.3294
0.3221
0.3057
0.2628
0.1801
0.1318
0.0768
0.0278
0.0014
0.0
0.0
0.0
0.0
0.0
0.0
0.0
0.001
0.0438
0.1509
0.2784
0.4019
0.4841
0.5077
0.4879
0.435
0.4042
0.3548
0.2691
0.183
0.119
0.0668
0.0284
0.0015
0.0
0.0
0.0
0.0
0.0
0.0
0.0
0.0001
0.0258
0.0804
0.1504
0.2504
0.3512
0.4231
0.4037
0.408
0.4243
0.3946
0.3385
0.2496
0.1737
0.0883
0.0296
0.0012
0.0
0.0
0.0
0.0
0.0
0.0
0.0
0.0012
0.044
0.1336
0.2394
0.3411
0.3974
0.4487
0.4692
0.454
0.4495
0.438
0.4
0.3184
0.2298
0.1226
0.0397
0.0014
0.0
0.0
0.0
0.0
0.0
0.0
0.0
0.0005
0.024
0.0816
0.1763
0.3274
0.458
0.5444
0.5849
0.6361
0.6433
0.592
0.4842
0.3679
0.2251
0.1133
0.0396
0.0017
0.0
0.0
0.0
0.0
0.0
0.0
0.0
0.0002
0.0112
0.0337
0.0573
0.0721
0.0904
0.1242
0.1645
0.1812
0.1647
0.1395
0.1254
0.1146
0.1065
0.0959
0.0468
0.0029
0.0
0.0
0.0
0.0
0.0
0.0
0.0
0.0009
0.0368
0.1142
0.2341
0.3216
0.3886
0.4516
0.5284
0.565
0.4818
0.374
0.2879
0.2221
0.1424
0.0817
0.0305
0.0015
0.0
0.0
0.0
0.0
0.0
0.0
0.0
0.0013
0.034
0.1016
0.1966
0.3131
0.4421
0.5506
0.5945
0.5841
0.5646
0.5138
0.419
0.3272
0.2193
0.1171
0.0375
0.0011
0.0
0.0
0.0
0.0
0.0
0.0
0.0
0.0
0.023
0.0878
0.1709
0.3409
0.4776
0.5373
0.5293
0.4255
0.3837
0.4195
0.3574
0.2429
0.1551
0.0814
0.0279
0.0012
0.0
0.0
0.0
0.0
0.0
0.0
0.0
0.0007
0.0337
0.1113
0.2188
0.3376
0.4247
0.5035
0.5625
0.5719
0.5433
0.4925
0.4337
0.3544
0.2354
0.1042
0.0357
0.0013
0.0
0.0
0.0
0.0
0.0
0.0
0.0
0.0
0.0257
0.099
0.2024
0.2567
0.3232
0.3881
0.4223
0.4319
0.4325
0.4088
0.3321
0.2429
0.1718
0.0933
0.0391
0.0025
0.0
0.0
0.0
0.0
0.0
0.0
0.0
0.0016
0.0429
0.1379
0.2533
0.3599
0.4426
0.4746
0.4376
0.4569
0.4762
0.4564
0.4012
0.305
0.2234
0.1196
0.0413
0.0017
0.0
0.0
0.0
0.0
0.0
0.0
0.0
0.0013
0.0422
0.1353
0.2212
0.2636
0.2844
0.3053
0.3188
0.3372
0.3648
0.3468
0.3477
0.3051
0.2174
0.1184
0.0397
0.0017
0.0
0.0
0.0
0.0
0.0
0.0
0.0
0.0006
0.0297
0.097
0.1685
0.2514
0.3336
0.412
0.452
0.4392
0.4138
0.3487
0.2776
0.2128
0.163
0.0844
0.0283
0.0007
0.0
0.0
0.0
0.0
0.0
0.0
0.0
0.0003
0.0355
0.1306
0.2404
0.3898
0.4873
0.5659
0.5915
0.6167
0.5517
0.4557
0.4055
0.3369
0.2208
0.1086
0.0326
0.0007
0.0
0.0
0.0
0.0
0.0
0.0
0.0
0.0
0.0186
0.0807
0.1889
0.3067
0.4029
0.4389
0.4716
0.4617
0.3986
0.3126
0.2361
0.165
0.1283
0.0873
0.0401
0.002
0.0
0.0
0.0
0.0
0.0
0.0
0.0
0.0
0.0196
0.0847
0.1564
0.2599
0.3646
0.4588
0.4896
0.4778
0.417
0.3423
0.2565
0.2001
0.1361
0.069
0.0206
0.0006
0.0
0.0
0.0
0.0
0.0
0.0
0.0
0.0
0.0267
0.111
0.2602
0.4097
0.522
0.5741
0.5766
0.5711
0.5496
0.5026
0.4455
0.3608
0.2467
0.1205
0.036
0.0011
0.0
0.0
0.0
0.0
0.0
0.0
0.0
0.0005
0.0363
0.1187
0.2252
0.3286
0.4153
0.4992
0.5648
0.5966
0.5851
0.5372
0.4682
0.3684
0.251
0.1235
0.0375
0.0013
0.0
0.0
0.0
0.0
0.0
0.0
0.0
0.0011
0.0432
0.1469
0.2815
0.4076
0.5108
0.5953
0.628
0.6034
0.5239
0.464
0.394
0.284
0.2052
0.117
0.0426
0.0013
0.0
0.0
0.0
0.0
0.0
0.0
0.0
0.0008
0.0419
0.1391
0.2259
0.2705
0.3182
0.4169
0.4935
0.5405
0.5028
0.4487
0.3928
0.3174
0.2228
0.127
0.0413
0.0014
0.0
0.0
0.0
0.0
0.0
0.0
0.0
0.0011
0.0443
0.1454
0.27
0.4025
0.5108
0.6035
0.6559
0.6677
0.6451
0.5506
0.4081
0.2664
0.1655
0.1048
0.0391
0.0011
0.0
0.0
0.0
0.0
0.0
0.0
0.0
0.001
0.0417
0.1369
0.2532
0.3787
0.4881
0.5605
0.5777
0.5477
0.4997
0.4487
0.3727
0.2768
0.1812
0.0926
0.0315
0.0008
0.0
0.0
0.0
0.0
0.0
0.0
0.0
0.0002
0.0232
0.0678
0.1011
0.1358
0.1951
0.2506
0.2861
0.3177
0.4037
0.4531
0.4061
0.3298
0.2137
0.1134
0.0362
0.0005
0.0
0.0
0.0
0.0
0.0
0.0
0.0
0.0005
0.0393
0.1472
0.2842
0.4231
0.5302
0.5931
0.6312
0.6514
0.6105
0.4871
0.335
0.2285
0.1464
0.0742
0.0243
0.0004
0.0
0.0
0.0
0.0
0.0
0.0
0.0
0.0003
0.0355
0.1344
0.2584
0.3459
0.4204
0.5047
0.5979
0.6289
0.5982
0.5351
0.4313
0.2667
0.1359
0.0597
0.0252
0.0006
0.0
0.0
0.0
0.0
0.0
0.0
0.0
0.0001
0.0162
0.0861
0.203
0.3539
0.4915
0.5832
0.6385
0.6513
0.6115
0.5014
0.3798
0.2819
0.1979
0.1122
0.0345
0.0008
0.0
0.0
0.0
0.0
0.0
0.0
0.0
0.0003
0.0361
0.1388
0.2716
0.4071
0.5137
0.5847
0.6058
0.5816
0.51
0.4536
0.384
0.2906
0.1916
0.1166
0.0359
0.0008
0.0
0.0
0.0
0.0
0.0
0.0
0.0
0.0002
0.026
0.0925
0.1872
0.2914
0.3404
0.3464
0.3586
0.3615
0.3297
0.3255
0.2948
0.2322
0.1686
0.095
0.0322
0.0007
0.0
0.0
0.0
0.0
0.0
0.0
0.0
0.0002
0.0318
0.1274
0.2542
0.3831
0.4974
0.5805
0.6344
0.6546
0.6417
0.5822
0.4916
0.3682
0.2333
0.1123
0.0335
0.0007
0.0
0.0
0.0
0.0
0.0
0.0
0.0
0.0
0.0265
0.1077
0.2364
0.3744
0.4654
0.4985
0.4834
0.4447
0.3783
0.3633
0.3672
0.3094
0.1989
0.1019
0.0306
0.0002
0.0
0.0
0.0
0.0
0.0
0.0
0.0
0.0
0.0192
0.0874
0.1944
0.3119
0.4019
0.4602
0.5297
0.5903
0.5927
0.5467
0.4598
0.3396
0.2139
0.1097
0.0296
0.0004
0.0
0.0
0.0
0.0
0.0
0.0
0.0
0.0
0.017
0.0939
0.2264
0.3281
0.3986
0.5143
0.6342
0.6648
0.64
0.5752
0.4737
0.3316
0.2037
0.1038
0.031
0.0004
0.0
0.0
0.0
0.0
0.0
0.0
0.0
0.0001
0.0315
0.1335
0.2693
0.4099
0.5275
0.6179
0.6696
0.6835
0.6594
0.5996
0.5073
0.3854
0.2436
0.112
0.0253
0.0004
0.0
0.0
0.0
0.0
0.0
0.0
0.0
0.0001
0.035
0.1387
0.2752
0.4161
0.5331
0.6169
0.6642
0.6756
0.6517
0.5929
0.5002
0.3776
0.2365
0.1077
0.0236
0.0003
0.0
0.0
0.0
0.0
0.0
0.0
0.0
0.0
0.0319
0.1352
0.273
0.416
0.5329
0.6139
0.6586
0.6669
0.6402
0.5783
0.4631
0.2697
0.1184
0.0484
0.0142
0.0
0.0
0.0
0.0
0.0
0.0
0.0
0.0
0.0
0.0275
0.1184
0.2409
0.3849
0.5033
0.5804
0.6139
0.6185
0.5885
0.5207
0.4347
0.3279
0.2059
0.0902
0.0214
0.0
0.0
0.0
0.0
0.0
0.0
0.0
0.0
0.0
0.0084
0.0454
0.1024
0.1508
0.2032
0.2629
0.3022
0.3388
0.361
0.364
0.3344
0.2638
0.176
0.0891
0.0259
0.0001
0.0
0.0
0.0
0.0
0.0
0.0
0.0
0.0
0.0119
0.065
0.1632
0.2894
0.4057
0.4842
0.4932
0.4835
0.4701
0.4364
0.3825
0.3014
0.1992
0.0979
0.0263
0.0
0.0
0.0
0.0
0.0
0.0
0.0
0.0
0.0
0.0202
0.1042
0.2309
0.3646
0.4776
0.5473
0.5911
0.603
0.5839
0.512
0.3974
0.2586
0.1521
0.0808
0.0238
0.0001
0.0
0.0
0.0
0.0
0.0
0.0
0.0
0.0
0.0114
0.0555
0.1343
0.2572
0.3785
0.4655
0.5316
0.6037
0.5901
0.538
0.4581
0.3422
0.2083
0.1
0.0239
0.0
0.0
0.0
0.0
0.0
0.0
0.0
0.0
0.0
0.0198
0.1021
0.2279
0.3717
0.5003
0.5909
0.6312
0.6043
0.5248
0.4398
0.3343
0.2345
0.1391
0.0705
0.0179
0.0
0.0
0.0
0.0
0.0
0.0
0.0
0.0
0.0
0.0118
0.0704
0.1802
0.309
0.4465
0.53
0.5404
0.4946
0.436
0.3569
0.2767
0.1932
0.1354
0.0788
0.0225
0.0
0.0
0.0
0.0
0.0
0.0
0.0
0.0
0.0
0.0116
0.0771
0.1674
0.2545
0.3359
0.4179
0.5145
0.5161
0.4862
0.4289
0.3681
0.2768
0.1731
0.0873
0.021
0.0
0.0
0.0
0.0
0.0
0.0
0.0
0.0
0.0
0.0164
0.0963
0.2152
0.3373
0.4392
0.4611
0.4361
0.4395
0.4379
0.4071
0.3808
0.3119
0.2018
0.0986
0.0221
0.0
0.0
0.0
0.0
0.0
0.0
0.0
0.0
0.0
0.0107
0.0775
0.1848
0.3021
0.4149
0.5075
0.505
0.4879
0.4289
0.3293
0.2802
0.2111
0.1422
0.0671
0.0136
0.0
0.0
0.0
0.0
0.0
0.0
0.0
0.0
0.0
0.0059
0.0457
0.1221
0.2127
0.2801
0.3296
0.3746
0.4116
0.4365
0.4538
0.4356
0.3593
0.2391
0.1041
0.0194
0.0
0.0
0.0
0.0
0.0
0.0
0.0
0.0
0.0
0.0081
0.0538
0.1286
0.2381
0.3554
0.4595
0.5245
0.556
0.527
0.4834
0.4034
0.3024
0.1859
0.076
0.0123
0.0
0.0
0.0
0.0
0.0
0.0
0.0
0.0
0.0
0.0058
0.0507
0.1139
0.1722
0.2276
0.255
0.2445
0.2273
0.2155
0.2376
0.2544
0.2171
0.1424
0.067
0.0127
0.0
0.0
0.0
0.0
0.0
0.0
0.0
0.0
0.0
0.0019
0.0252
0.0799
0.194
0.289
0.3502
0.4078
0.3706
0.2847
0.2133
0.1379
0.0933
0.1094
0.0835
0.0182
0.0
0.0
0.0
0.0
0.0
0.0
0.0
0.0
0.0
0.0103
0.065
0.1259
0.198
0.2751
0.4139
0.5475
0.5174
0.4501
0.3907
0.2953
0.2691
0.1885
0.0818
0.0155
0.0
0.0
0.0
0.0
0.0
0.0
0.0
0.0
0.0
0.0133
0.1027
0.2351
0.3748
0.4908
0.5574
0.6047
0.6293
0.6194
0.567
0.4804
0.3534
0.2189
0.089
0.013
0.0
0.0
0.0
0.0
0.0
0.0
0.0
0.0
0.0
0.0078
0.08
0.1984
0.3134
0.3972
0.4708
0.5493
0.5615
0.4917
0.4486
0.443
0.3481
0.2176
0.0936
0.0135
0.0
0.0
0.0
0.0
0.0
0.0
0.0
0.0
0.0
0.0121
0.1028
0.2424
0.3944
0.5071
0.5709
0.5587
0.5111
0.4639
0.4084
0.3534
0.282
0.1766
0.0777
0.0118
0.0
0.0
0.0
0.0
0.0
0.0
0.0
0.0
0.0
0.0109
0.0841
0.1718
0.2627
0.3884
0.5089
0.5983
0.6525
0.647
0.5919
0.499
0.3665
0.2142
0.0772
0.0099
0.0
0.0
0.0
0.0
0.0
0.0
0.0
0.0
0.0
0.0058
0.0706
0.187
0.3209
0.4241
0.4598
0.4988
0.5182
0.5202
0.5144
0.4528
0.3341
0.19
0.0733
0.008
0.0
0.0
0.0
0.0
0.0
0.0
0.0
0.0
0.0
0.0049
0.0697
0.1766
0.2924
0.3805
0.4261
0.47
0.4943
0.501
0.4781
0.4258
0.3349
0.2124
0.0868
0.0109
0.0
0.0
0.0
0.0
0.0
0.0
0.0
0.0
0.0
0.0039
0.0405
0.0828
0.1184
0.1293
0.1253
0.1298
0.1465
0.1398
0.1112
0.089
0.0737
0.0532
0.0251
0.0024
0.0
0.0
0.0
0.0
0.0
0.0
0.0
0.0
0.0
0.0025
0.0516
0.1387
0.2399
0.3259
0.4116
0.503
0.5845
0.5808
0.539
0.4599
0.3385
0.1997
0.0794
0.008
0.0
0.0
0.0
0.0
0.0
0.0
0.0
0.0
0.0
0.0033
0.0489
0.1291
0.293
0.4855
0.596
0.6437
0.6364
0.6006
0.5346
0.4468
0.3081
0.1603
0.0658
0.0059
0.0
0.0
0.0
0.0
0.0
0.0
0.0
0.0
0.0
0.0039
0.0579
0.1215
0.2776
0.4688
0.5049
0.5306
0.5513
0.5367
0.4696
0.3864
0.2861
0.1539
0.0611
0.0052
0.0
0.0
0.0
0.0
0.0
0.0
0.0
0.0
0.0
0.006
0.098
0.2475
0.4031
0.5311
0.6166
0.6482
0.664
0.6339
0.5827
0.4804
0.3548
0.2059
0.0765
0.0051
0.0
0.0
0.0
0.0
0.0
0.0
0.0
0.0
0.0
0.0014
0.0471
0.133
0.2332
0.3288
0.4023
0.4409
0.4501
0.4342
0.3994
0.3475
0.2573
0.1502
0.0575
0.0039
0.0
0.0
0.0
0.0
0.0
0.0
0.0
0.0
0.0
0.0044
0.095
0.2475
0.4066
0.5401
0.635
0.6885
0.7013
0.6737
0.6074
0.5028
0.365
0.2107
0.0744
0.0054
0.0
0.0
0.0
0.0
0.0
0.0
0.0
0.0
0.0
0.0034
0.0893
0.2377
0.3902
0.5154
0.6015
0.6515
0.6688
0.6494
0.5855
0.4809
0.3458
0.1986
0.0707
0.0046
0.0
0.0
0.0
0.0
0.0
0.0
0.0
0.0
0.0
0.0025
0.0836
0.2261
0.3676
0.478
0.5347
0.5576
0.5285
0.4601
0.3787
0.2815
0.1672
0.067
0.0154
0.0
0.0
0.0
0.0
0.0
0.0
0.0
0.0
0.0
0.0
0.0002
0.0371
0.1391
0.279
0.4346
0.5657
0.5851
0.6203
0.6362
0.5745
0.4718
0.3387
0.1828
0.0627
0.003
0.0
0.0
0.0
0.0
0.0
0.0
0.0
0.0
0.0
0.0003
0.0439
0.1393
0.239
0.3496
0.4735
0.4661
0.4364
0.4416
0.4008
0.3525
0.2573
0.1676
0.0625
0.0026
0.0
0.0
0.0
0.0
0.0
0.0
0.0
0.0
0.0
0.0001
0.0128
0.0512
0.1209
0.2237
0.3222
0.3522
0.3511
0.3356
0.3269
0.3274
0.2954
0.1847
0.0638
0.0022
0.0
0.0
0.0
0.0
0.0
0.0
0.0
0.0
0.0
0.0001
0.0501
0.1783
0.3304
0.4721
0.5786
0.63
0.6367
0.6191
0.5572
0.4602
0.331
0.1843
0.0596
0.0019
0.0
0.0
0.0
0.0
0.0
0.0
0.0
0.0
0.0
0.0005
0.0679
0.2144
0.3736
0.5046
0.5945
0.6438
0.6542
0.6265
0.5615
0.4603
0.3272
0.1814
0.0568
0.0016
0.0
0.0
0.0
0.0
0.0
0.0
0.0
0.0
0.0
0.0002
0.0653
0.2089
0.3641
0.4902
0.5789
0.6297
0.6418
0.6157
0.5513
0.4514
0.3204
0.1767
0.0536
0.0011
0.0
0.0
0.0
0.0
0.0
0.0
0.0
0.0
0.0
0.0
0.042
0.1709
0.3324
0.4678
0.5438
0.5968
0.6113
0.5736
0.5124
0.4159
0.2897
0.1547
0.0472
0.0007
0.0
0.0
0.0
0.0
0.0
0.0
0.0
0.0
0.0
0.0
0.0401
0.1638
0.3171
0.4536
0.5519
0.5964
0.5724
0.4788
0.349
0.217
0.1155
0.0542
0.0157
0.0
0.0
0.0
0.0
0.0
0.0
0.0
0.0
0.0
0.0
0.0
0.0402
0.161
0.2601
0.3097
0.3279
0.414
0.5135
0.5413
0.5106
0.4331
0.3011
0.1534
0.0447
0.0003
0.0
0.0
0.0
0.0
0.0
0.0
0.0
0.0
0.0
0.0
0.0348
0.1278
0.2413
0.3835
0.5153
0.6024
0.6349
0.6127
0.555
0.446
0.3213
0.1693
0.0467
0.0005
0.0
0.0
0.0
0.0
0.0
0.0
0.0
0.0
0.0
0.0
0.0516
0.2064
0.3696
0.5055
0.6007
0.6549
0.6678
0.6397
0.572
0.4656
0.3262
0.1742
0.0468
0.0003
0.0
0.0
0.0
0.0
0.0
0.0
0.0
0.0
0.0
0.0
0.0384
0.1807
0.3585
0.5027
0.5969
0.649
0.66
0.6273
0.5562
0.4481
0.3083
0.16
0.0417
0.0001
0.0
0.0
0.0
0.0
0.0
0.0
0.0
0.0
0.0
0.0
0.0222
0.0662
0.127
0.2727
0.5021
0.6027
0.5711
0.4641
0.3727
0.3399
0.2601
0.1457
0.0392
0.0001
0.0
0.0
0.0
0.0
0.0
0.0
0.0
0.0
0.0
0.0
0.0125
0.0559
0.1327
0.2502
0.3812
0.4652
0.4218
0.3256
0.2674
0.2108
0.1237
0.0474
0.0064
0.0
0.0
0.0
0.0
0.0
0.0
0.0
0.0
0.0
0.0
0.0
0.0062
0.0482
0.1561
0.3142
0.4463
0.5343
0.585
0.5693
0.4859
0.3785
0.2692
0.1262
0.0278
0.0
0.0
0.0
0.0
0.0
0.0
0.0
0.0
0.0
0.0
0.0
0.0064
0.0727
0.2056
0.3721
0.5009
0.5921
0.6238
0.5898
0.5094
0.371
0.2398
0.0998
0.0229
0.0
0.0
0.0
0.0
0.0
0.0
0.0
0.0
0.0
0.0
0.0
0.0187
0.1145
0.2549
0.4179
0.536
0.6082
0.6192
0.6026
0.5325
0.4356
0.2936
0.1426
0.0305
0.0
0.0
0.0
0.0
0.0
0.0
0.0
0.0
0.0
0.0
0.0
0.0318
0.1677
0.322
0.4511
0.5342
0.5869
0.5829
0.5395
0.4679
0.3671
0.2422
0.123
0.025
0.0
0.0
0.0
0.0
0.0
0.0
0.0
0.0
0.0
0.0
0.0
0.0153
0.106
0.2484
0.4021
0.5292
0.6079
0.6299
0.6029
0.5337
0.4283
0.2939
0.1481
0.0308
0.0
0.0
0.0
0.0
0.0
0.0
0.0
0.0
0.0
0.0
0.0
0.0268
0.1651
0.3329
0.4728
0.5686
0.6216
0.633
0.5994
0.5288
0.42
0.2798
0.1334
0.0242
0.0
0.0
0.0
0.0
0.0
0.0
0.0
0.0
0.0
0.0
0.0
0.0264
0.1661
0.335
0.4773
0.577
0.6334
0.6475
0.6181
0.5492
0.4406
0.2985
0.147
0.0274
0.0
0.0
0.0
0.0
0.0
0.0
0.0
0.0
0.0
0.0
0.0
0.0239
0.1638
0.3348
0.4768
0.5719
0.6252
0.6301
0.5916
0.5101
0.3922
0.2436
0.1057
0.0151
0.0
0.0
0.0
0.0
0.0
0.0
0.0
0.0
0.0
0.0
0.0
0.0073
0.0801
0.1855
0.2807
0.3558
0.4028
0.4323
0.4203
0.3523
0.2902
0.1989
0.0981
0.0152
0.0
0.0
0.0
0.0
0.0
0.0
0.0
0.0
0.0
0.0
0.0
0.0155
0.1434
0.3057
0.4417
0.536
0.5909
0.6053
0.5842
0.517
0.4109
0.2727
0.1278
0.0196
0.0
0.0
0.0
0.0
0.0
0.0
0.0
0.0
0.0
0.0
0.0
0.0119
0.1321
0.2965
0.4368
0.5318
0.5843
0.5947
0.5667
0.5009
0.3963
0.2608
0.1202
0.017
0.0
0.0
0.0
0.0
0.0
0.0
0.0
0.0
0.0
0.0
0.0
0.0101
0.1304
0.2974
0.4397
0.5385
0.5929
0.605
0.5766
0.5083
0.4011
0.2625
0.1194
0.0152
0.0
0.0
0.0
0.0
0.0
0.0
0.0
0.0
0.0
0.0
0.0
0.0075
0.1192
0.286
0.4302
0.5282
0.5861
0.6005
0.5666
0.4976
0.3883
0.2478
0.1066
0.0114
0.0
0.0
0.0
0.0
0.0
0.0
0.0
0.0
0.0
0.0
0.0
0.0024
0.0559
0.1484
0.2433
0.332
0.3967
0.4306
0.4001
0.3137
0.2139
0.1173
0.0495
0.0046
0.0
0.0
0.0
0.0
0.0
0.0
0.0
0.0
0.0
0.0
0.0
0.0032
0.078
0.21
0.3528
0.438
0.4556
0.4594
0.4525
0.4198
0.329
0.202
0.0789
0.0073
0.0
0.0
0.0
0.0
0.0
0.0
0.0
0.0
0.0
0.0
0.0
0.0042
0.1096
0.2806
0.4297
0.5374
0.5984
0.6049
0.5645
0.4737
0.38
0.2375
0.0921
0.0056
0.0
0.0
0.0
0.0
0.0
0.0
0.0
0.0
0.0
0.0
0.0
0.0038
0.1135
0.2777
0.4181
0.5094
0.566
0.5767
0.5227
0.4436
0.3229
0.196
0.0738
0.0059
0.0
0.0
0.0
0.0
0.0
0.0
0.0
0.0
0.0
0.0
0.0
0.002
0.0984
0.2637
0.4024
0.5033
0.5683
0.5685
0.4925
0.4005
0.2869
0.1615
0.0588
0.0032
0.0
0.0
0.0
0.0
0.0
0.0
0.0
0.0
0.0
0.0
0.0
0.0008
0.074
0.2299
0.3915
0.513
0.5816
0.5988
0.5547
0.4742
0.3594
0.2168
0.0897
0.0051
0.0
0.0
0.0
0.0
0.0
0.0
0.0
0.0
0.0
0.0
0.0
0.001
0.0801
0.2055
0.3041
0.3651
0.3852
0.3928
0.3468
0.2693
0.1609
0.0888
0.0448
0.0023
0.0
0.0
0.0
0.0
0.0
0.0
0.0
0.0
0.0
0.0
0.0
0.0005
0.0926
0.2588
0.3995
0.4985
0.55
0.524
0.4724
0.4074
0.318
0.2117
0.0853
0.0048
0.0
0.0
0.0
0.0
0.0
0.0
0.0
0.0
0.0
0.0
0.0
0.0001
0.0862
0.2716
0.4242
0.5201
0.5786
0.5949
0.562
0.4925
0.3835
0.2437
0.1001
0.0041
0.0
0.0
0.0
0.0
0.0
0.0
0.0
0.0
0.0
0.0
0.0
0.0003
0.1045
0.2906
0.4443
0.5462
0.5986
0.5937
0.544
0.4591
0.3179
0.168
0.0562
0.0011
0.0
0.0
0.0
0.0
0.0
0.0
0.0
0.0
0.0
0.0
0.0
0.0001
0.0505
0.1322
0.2112
0.2778
0.354
0.3821
0.3612
0.2673
0.1703
0.0838
0.0244
0.0
0.0
0.0
0.0
0.0
0.0
0.0
0.0
0.0
0.0
0.0
0.0
0.0
0.0799
0.2656
0.4305
0.5376
0.5913
0.5966
0.5695
0.4387
0.2412
0.0992
0.0236
0.0
0.0
0.0
0.0
0.0
0.0
0.0
0.0
0.0
0.0
0.0
0.0
0.0
0.0491
0.2016
0.3608
0.4433
0.4803
0.5048
0.5052
0.4201
0.2939
0.1718
0.0426
0.0001
0.0
0.0
0.0
0.0
0.0
0.0
0.0
0.0
0.0
0.0
0.0
0.0
0.0185
0.0833
0.1772
0.2696
0.3065
0.2981
0.2716
0.2309
0.1523
0.1057
0.0394
0.0001
0.0
0.0
0.0
0.0
0.0
0.0
0.0
0.0
0.0
0.0
0.0
0.0
0.0067
0.0465
0.1835
0.3867
0.4853
0.5201
0.5308
0.4732
0.3733
0.229
0.0836
0.0005
0.0
0.0
0.0
0.0
0.0
0.0
0.0
0.0
0.0
0.0
0.0
0.0
0.0385
0.1798
0.3314
0.4715
0.5326
0.5177
0.4709
0.375
0.2536
0.1313
0.035
0.0
0.0
0.0
0.0
0.0
0.0
0.0
0.0
0.0
0.0
0.0
0.0
0.0
0.0181
0.0775
0.1441
0.2312
0.3099
0.3133
0.2315
0.1806
0.1343
0.077
0.0279
0.0
0.0
0.0
0.0
0.0
0.0
0.0
0.0
0.0
0.0
0.0
0.0
0.0
0.0351
0.1831
0.3421
0.4831
0.5522
0.5619
0.528
0.4594
0.3389
0.1861
0.0537
0.0
0.0
0.0
0.0
0.0
0.0
0.0
0.0
0.0
0.0
0.0
0.0
0.0
0.0479
0.2226
0.4085
0.5271
0.5941
0.6137
0.5809
0.5059
0.3864
0.2349
0.0816
0.0
0.0
0.0
0.0
0.0
0.0
0.0
0.0
0.0
0.0
0.0
0.0
0.0
0.0539
0.2617
0.4356
0.554
0.6202
0.636
0.6037
0.5258
0.4022
0.2436
0.0839
0.0
0.0
0.0
0.0
0.0
0.0
0.0
0.0
0.0
0.0
0.0
0.0
0.0
0.0241
0.1547
0.2986
0.3942
0.4599
0.4611
0.4233
0.3378
0.2292
0.1044
0.0185
0.0
0.0
0.0
0.0
0.0
0.0
0.0
0.0
0.0
0.0
0.0
0.0
0.0
0.0077
0.0688
0.1548
0.2318
0.2704
0.2622
0.2726
0.2581
0.2007
0.0934
0.0258
0.0
0.0
0.0
0.0
0.0
0.0
0.0
0.0
0.0
0.0
0.0
0.0
0.0
0.0212
0.1484
0.3339
0.4409
0.4432
0.3885
0.3163
0.258
0.1754
0.0902
0.0244
0.0
0.0
0.0
0.0
0.0
0.0
0.0
0.0
0.0
0.0
0.0
0.0
0.0
0.0138
0.0994
0.235
0.3994
0.4468
0.4361
0.3823
0.321
0.2338
0.1036
0.019
0.0
0.0
0.0
0.0
0.0
0.0
0.0
0.0
0.0
0.0
0.0
0.0
0.0
0.0066
0.0578
0.1328
0.2447
0.3504
0.3942
0.3861
0.3363
0.2404
0.1301
0.0269
0.0
0.0
0.0
0.0
0.0
0.0
0.0
0.0
0.0
0.0
0.0
0.0
0.0
0.0094
0.0789
0.1813
0.3374
0.4562
0.495
0.4456
0.3549
0.246
0.1237
0.0186
0.0
0.0
0.0
0.0
0.0
0.0
0.0
0.0
0.0
0.0
0.0
0.0
0.0
0.0099
0.0933
0.2705
0.4076
0.4394
0.4793
0.4419
0.3589
0.2359
0.1083
0.0193
0.0
0.0
0.0
0.0
0.0
0.0
0.0
0.0
0.0
0.0
0.0
0.0
0.0
0.0073
0.0971
0.2622
0.4425
0.4772
0.4169
0.3752
0.2879
0.1962
0.0993
0.0194
0.0
0.0
0.0
0.0
0.0
0.0
0.0
0.0
0.0
0.0
0.0
0.0
0.0
0.0111
0.1236
0.2795
0.3765
0.4066
0.3534
0.2736
0.1713
0.1239
0.0606
0.0058
0.0
0.0
0.0
0.0
0.0
0.0
0.0
0.0
0.0
0.0
0.0
0.0
0.0
0.0016
0.0418
0.1102
0.1709
0.2116
0.2226
0.2117
0.2052
0.1744
0.1012
0.0187
0.0
0.0
0.0
0.0
0.0
0.0
0.0
0.0
0.0
0.0
0.0
0.0
0.0
0.0039
0.0845
0.337
0.4771
0.5443
0.5581
0.5242
0.4448
0.3234
0.1744
0.0258
0.0
0.0
0.0
0.0
0.0
0.0
0.0
0.0
0.0
0.0
0.0
0.0
0.0
0.004
0.0721
0.1924
0.3166
0.399
0.4504
0.4559
0.4058
0.3006
0.1601
0.0224
0.0
0.0
0.0
0.0
0.0
0.0
0.0
0.0
0.0
0.0
0.0
0.0
0.0
0.0016
0.0522
0.1478
0.1873
0.1751
0.1369
0.1046
0.0798
0.0516
0.0295
0.006
0.0
0.0
0.0
0.0
0.0
0.0
0.0
0.0
0.0
0.0
0.0
0.0
0.0
0.0003
0.0236
0.0751
0.1729
0.2419
0.2369
0.2545
0.2561
0.1843
0.0954
0.0099
0.0
0.0
0.0
0.0
0.0
0.0
0.0
0.0
0.0
0.0
0.0
0.0
0.0
0.0
0.0285
0.0793
0.1244
0.1652
0.1972
0.2009
0.1771
0.1211
0.0434
0.0027
0.0
0.0
0.0
0.0
0.0
0.0
0.0
0.0
0.0
0.0
0.0
0.0
0.0
0.0
0.0243
0.0757
0.1371
0.1939
0.2277
0.2216
0.1622
0.098
0.0373
0.0021
0.0
0.0
0.0
0.0
0.0
0.0
0.0
0.0
0.0
0.0
0.0
0.0
0.0
0.0
0.0241
0.0877
0.1818
0.2895
0.4347
0.439
0.3958
0.2709
0.1212
0.0085
0.0
0.0
0.0
0.0
0.0
0.0
0.0
0.0
0.0
0.0
0.0
0.0
0.0
0.0002
0.0475
0.1342
0.2714
0.3889
0.4236
0.4142
0.3586
0.26
0.1287
0.0067
0.0
0.0
0.0
0.0
0.0
0.0
0.0
0.0
0.0
0.0
0.0
0.0
0.0
0.0
0.0298
0.0533
0.0738
0.1162
0.19
0.224
0.1512
0.0644
0.0164
0.0
0.0
0.0
0.0
0.0
0.0
0.0
0.0
0.0
0.0
0.0
0.0
0.0
0.0
0.0
0.0092
0.0458
0.0863
0.1246
0.1717
0.1902
0.1699
0.1125
0.0423
0.0007
0.0
0.0
0.0
0.0
0.0
0.0
0.0
0.0
0.0
0.0
0.0
0.0
0.0
0.0
0.0206
0.0729
0.1299
0.1818
0.2314
0.2815
0.2732
0.1935
0.0796
0.0019
0.0
0.0
0.0
0.0
0.0
0.0
0.0
0.0
0.0
0.0
0.0
0.0
0.0
0.0
0.0774
0.2476
0.3992
0.4857
0.5132
0.4839
0.3724
0.1645
0.0393
0.0008
0.0
0.0
0.0
0.0
0.0
0.0
0.0
0.0
0.0
0.0
0.0
0.0
0.0
0.0
0.0348
0.0951
0.1377
0.1924
0.1862
0.1696
0.1527
0.112
0.0507
0.0009
0.0
0.0
0.0
0.0
0.0
0.0
0.0
0.0
0.0
0.0
0.0
0.0
0.0
0.0
0.0724
0.2279
0.3603
0.4388
0.4563
0.4408
0.381
0.2705
0.1266
0.0019
0.0
0.0
0.0
0.0
0.0
0.0
0.0
0.0
0.0
0.0
0.0
0.0
0.0
0.0
0.0392
0.138
0.245
0.3212
0.3253
0.294
0.2405
0.1599
0.0601
0.0003
0.0
0.0
0.0
0.0
0.0
0.0
0.0
0.0
0.0
0.0
0.0
0.0
0.0
0.0
0.0452
0.1858
0.3254
0.4015
0.4292
0.4142
0.3559
0.248
0.1062
0.0006
0.0
0.0
0.0
0.0
0.0
0.0
0.0
0.0
0.0
0.0
0.0
0.0
0.0
0.0
0.0111
0.0579
0.1188
0.1595
0.1566
0.1267
0.081
0.0397
0.0103
0.0
0.0
0.0
0.0
0.0
0.0
0.0
0.0
0.0
0.0
0.0
0.0
0.0
0.0
0.0
0.0172
0.0973
0.199
0.2738
0.3004
0.2777
0.2145
0.1117
0.0303
0.0
0.0
0.0
0.0
0.0
0.0
0.0
0.0
0.0
0.0
0.0
0.0
0.0
0.0
0.0
0.0215
0.0897
0.1717
0.2781
0.3052
0.2639
0.1989
0.1195
0.0276
0.0
0.0
0.0
0.0
0.0
0.0
0.0
0.0
0.0
0.0
0.0
0.0
0.0
0.0
0.0
0.0168
0.0872
0.2051
0.3304
0.3563
0.3122
0.2227
0.1139
0.0303
0.0
0.0
0.0
0.0
0.0
0.0
0.0
0.0
0.0
0.0
0.0
0.0
0.0
0.0
0.0
0.0099
0.079
0.1592
0.2691
0.3155
0.2798
0.2111
0.1242
0.0312
0.0
0.0
0.0
0.0
0.0
0.0
0.0
0.0
0.0
0.0
0.0
0.0
0.0
0.0
0.0
0.0036
0.0309
0.0593
0.0911
0.1221
0.1179
0.0795
0.0434
0.0099
0.0
0.0
0.0
0.0
0.0
0.0
0.0
0.0
0.0
0.0
0.0
0.0
0.0
0.0
0.0
0.0011
0.0219
0.0505
0.0758
0.0933
0.0835
0.0599
0.0353
0.0082
0.0
0.0
0.0
0.0
0.0
0.0
0.0
0.0
0.0
0.0
0.0
0.0
0.0
0.0
0.0
0.0079
0.0567
0.1138
0.1498
0.1565
0.136
0.0956
0.0471
0.0087
0.0
0.0
0.0
0.0
0.0
0.0
0.0
0.0
0.0
0.0
0.0
0.0
0.0
0.0
0.0
0.0057
0.0464
0.0917
0.1008
0.0941
0.062
0.034
0.0134
0.0009
0.0
0.0
0.0
0.0
0.0
0.0
0.0
0.0
0.0
0.0
0.0
0.0
0.0
0.0
0.0
0.0035
0.0376
0.0912
0.149
0.1934
0.1861
0.1225
0.0517
0.0068
0.0
0.0
0.0
0.0
0.0
0.0
0.0
0.0
0.0
0.0
0.0
0.0
0.0
0.0
0.0
0.0161
0.1338
0.3074
0.4215
0.4552
0.4196
0.3474
0.222
0.0701
0.0
0.0
0.0
0.0
0.0
0.0
0.0
0.0
0.0
0.0
0.0
0.0
0.0
0.0
0.0
0.0047
0.0575
0.1414
0.2026
0.2017
0.1686
0.1354
0.0711
0.0116
0.0
0.0
0.0
0.0
0.0
0.0
0.0
0.0
0.0
0.0
0.0
0.0
0.0
0.0
0.0
0.0005
0.0198
0.0555
0.0948
0.1169
0.109
0.0913
0.0643
0.0157
0.0
0.0
0.0
0.0
0.0
0.0
0.0
0.0
0.0
0.0
0.0
0.0
0.0
0.0
0.0
0.0058
0.0449
0.0775
0.0837
0.0717
0.0547
0.0348
0.0183
0.0031
0.0
0.0
0.0
0.0
0.0
0.0
0.0
0.0
0.0
0.0
0.0
0.0
0.0
0.0
0.0
0.0003
0.0284
0.0659
0.0748
0.0629
0.0502
0.0449
0.0261
0.0031
0.0
0.0
0.0
0.0
0.0
0.0
0.0
0.0
0.0
0.0
0.0
0.0
0.0
0.0
0.0
0.0
0.0156
0.0916
0.2021
0.2863
0.2977
0.1985
0.0769
0.0099
0.0
0.0
0.0
0.0
0.0
0.0
0.0
0.0
0.0
0.0
0.0
0.0
0.0
0.0
0.0
0.0072
0.0657
0.0928
0.0781
0.1229
0.2375
0.2273
0.1006
0.0081
0.0
0.0
0.0
0.0
0.0
0.0
0.0
0.0
0.0
0.0
0.0
0.0
0.0
0.0
0.0
0.0003
0.0169
0.0558
0.1121
0.1634
0.1521
0.1027
0.0413
0.0025
0.0
0.0
0.0
0.0
0.0
0.0
0.0
0.0
0.0
0.0
0.0
0.0
0.0
0.0
0.0
0.0
0.0077
0.0293
0.0679
0.097
0.1167
0.1008
0.0515
0.006
0.0
0.0
0.0
0.0
0.0
0.0
0.0
0.0
0.0
0.0
0.0
0.0
0.0
0.0
0.0
0.0
0.0099
0.0427
0.0798
0.0943
0.0836
0.0616
0.0261
0.0016
0.0
0.0
0.0
0.0
0.0
0.0
0.0
0.0
0.0
0.0
0.0
0.0
0.0
0.0
0.0
0.0001
0.0175
0.0496
0.0853
0.0992
0.1043
0.0995
0.0617
0.0045
0.0
0.0
0.0
0.0
0.0
0.0
0.0
0.0
0.0
0.0
0.0
0.0
0.0
0.0
0.0
0.0032
0.0939
0.1435
0.1625
0.186
0.1711
0.1854
0.1272
0.0172
0.0
0.0
0.0
0.0
0.0
0.0
0.0
0.0
0.0
0.0
0.0
0.0
0.0
0.0
0.0
0.0005
0.0268
0.0798
0.1347
0.191
0.1913
0.1344
0.0558
0.0036
0.0
0.0
0.0
0.0
0.0
0.0
0.0
0.0
0.0
0.0
0.0
0.0
0.0
0.0
0.0
0.0002
0.0389
0.138
0.2408
0.3141
0.3154
0.254
0.1414
0.0149
0.0
0.0
0.0
0.0
0.0
0.0
0.0
0.0
0.0
0.0
0.0
0.0
0.0
0.0
0.0
0.0008
0.0759
0.3182
0.4467
0.4767
0.4449
0.3565
0.2147
0.027
0.0
0.0
0.0
0.0
0.0
0.0
0.0
0.0
0.0
0.0
0.0
0.0
0.0
0.0
0.0
0.0005
0.0537
0.1678
0.2674
0.2942
0.2424
0.1435
0.0577
0.0038
0.0
0.0
0.0
0.0
0.0
0.0
0.0
0.0
0.0
0.0
0.0
0.0
0.0
0.0
0.0
0.0
0.037
0.1134
0.1889
0.2635
0.2714
0.2173
0.1139
0.0068
0.0
0.0
0.0
0.0
0.0
0.0
0.0
0.0
0.0
0.0
0.0
0.0
0.0
0.0
0.0
0.002
0.1447
0.3438
0.4445
0.4742
0.4439
0.3542
0.2088
0.0201
0.0
0.0
0.0
0.0
0.0
0.0
0.0
0.0
0.0
0.0
0.0
0.0
0.0
0.0
0.0
0.0009
0.1049
0.3001
0.4471
0.4789
0.448
0.3578
0.2123
0.0196
0.0
0.0
0.0
0.0
0.0
0.0
0.0
0.0
0.0
0.0
0.0
0.0
0.0
0.0
0.0
0.0001
0.0578
0.1467
0.1782
0.1493
0.1652
0.177
0.0959
0.0063
0.0
0.0
0.0
0.0
0.0
0.0
0.0
0.0
0.0
0.0
0.0
0.0
0.0
0.0
0.0
0.0
0.0256
0.0853
0.1433
0.1714
0.1613
0.1066
0.0423
0.0006
0.0
0.0
0.0
0.0
0.0
0.0
0.0
0.0
0.0
0.0
0.0
0.0
0.0
0.0
0.0
0.0
0.0295
0.0986
0.164
0.199
0.1953
0.1419
0.0666
0.0018
0.0
0.0
0.0
0.0
0.0
0.0
0.0
0.0
0.0
0.0
0.0
0.0
0.0
0.0
0.0
0.0
0.052
0.1518
0.2369
0.307
0.3477
0.2969
0.1576
0.0079
0.0
0.0
0.0
0.0
0.0
0.0
0.0
0.0
0.0
0.0
0.0
0.0
0.0
0.0
0.0
0.0001
0.081
0.2753
0.4173
0.462
0.4315
0.3406
0.1925
0.011
0.0
0.0
0.0
0.0
0.0
0.0
0.0
0.0
0.0
0.0
0.0
0.0
0.0
0.0
0.0
0.0001
0.1191
0.3005
0.4119
0.442
0.4044
0.3035
0.1502
0.0051
0.0
0.0
0.0
0.0
0.0
0.0
0.0
0.0
0.0
0.0
0.0
0.0
0.0
0.0
0.0
0.0
0.0474
0.1358
0.2712
0.3845
0.3464
0.2444
0.1052
0.0033
0.0
0.0
0.0
0.0
0.0
0.0
0.0
0.0
0.0
0.0
0.0
0.0
0.0
0.0
0.0
0.0
0.0159
0.0589
0.1175
0.1477
0.1402
0.1044
0.044
0.0009
0.0
0.0
0.0
0.0
0.0
0.0
0.0
0.0
0.0
0.0
0.0
0.0
0.0
0.0
0.0
0.0
0.0128
0.0332
0.0495
0.0718
0.1318
0.1658
0.1061
0.0029
0.0
0.0
0.0
0.0
0.0
0.0
0.0
0.0
0.0
0.0
0.0
0.0
0.0
0.0
0.0
0.0
0.0102
0.0313
0.0491
0.0785
0.0975
0.0849
0.0442
0.0009
0.0
0.0
0.0
0.0
0.0
0.0
0.0
0.0
0.0
0.0
0.0
0.0
0.0
0.0
0.0
0.0
0.0019
0.0106
0.0196
0.0283
0.0275
0.0181
0.0043
0.0
0.0
0.0
0.0
0.0
0.0
0.0
0.0
0.0
0.0
0.0
0.0
0.0
0.0
0.0
0.0
0.0
0.0407
0.0976
0.0845
0.0591
0.0489
0.0319
0.0103
0.0
0.0
0.0
0.0
0.0
0.0
0.0
0.0
0.0
0.0
0.0
0.0
0.0
0.0
0.0
0.0
0.0
0.0155
0.0511
0.0775
0.091
0.0837
0.0578
0.0218
0.0
0.0
0.0
0.0
0.0
0.0
0.0
0.0
0.0
0.0
0.0
0.0
0.0
0.0
0.0
0.0
0.0
0.0061
0.0284
0.0488
0.0611
0.0611
0.0417
0.0121
0.0
0.0
0.0
0.0
0.0
0.0
0.0
0.0
0.0
0.0
0.0
0.0
0.0
0.0
0.0
0.0
0.0
0.0074
0.0343
0.0634
0.0857
0.0893
0.0695
0.0312
0.0005
0.0
0.0
0.0
0.0
0.0
0.0
0.0
0.0
0.0
0.0
0.0
0.0
0.0
0.0
0.0
0.0
0.0114
0.0463
0.0859
0.1197
0.1442
0.1226
0.0494
0.0006
0.0
0.0
0.0
0.0
0.0
0.0
0.0
0.0
0.0
0.0
0.0
0.0
0.0
0.0
0.0
0.0
0.0451
0.1733
0.3209
0.3615
0.3341
0.2388
0.1019
0.0009
0.0
0.0
0.0
0.0
0.0
0.0
0.0
0.0
0.0
0.0
0.0
0.0
0.0
0.0
0.0
0.0
0.0041
0.0215
0.0468
0.061
0.052
0.0361
0.0089
0.0
0.0
0.0
0.0
0.0
0.0
0.0
0.0
0.0
0.0
0.0
0.0
0.0
0.0
0.0
0.0
0.0
0.0078
0.0321
0.055
0.0625
0.0591
0.0431
0.0166
0.0
0.0
0.0
0.0
0.0
0.0
0.0
0.0
0.0
0.0
0.0
0.0
0.0
0.0
0.0
0.0
0.0
0.015
0.062
0.1271
0.2195
0.2527
0.1972
0.0856
0.001
0.0
0.0
0.0
0.0
0.0
0.0
0.0
0.0
0.0
0.0
0.0
0.0
0.0
0.0
0.0
0.0
0.038
0.1448
0.2694
0.3328
0.304
0.2257
0.0932
0.0008
0.0
0.0
0.0
0.0
0.0
0.0
0.0
0.0
0.0
0.0
0.0
0.0
0.0
0.0
0.0
0.0
0.0084
0.0414
0.105
0.1403
0.1265
0.0794
0.0223
0.0
0.0
0.0
0.0
0.0
0.0
0.0
0.0
0.0
0.0
0.0
0.0
0.0
0.0
0.0
0.0
0.0
0.0171
0.0634
0.0932
0.0924
0.0867
0.0731
0.0396
0.0003
0.0
0.0
0.0
0.0
0.0
0.0
0.0
0.0
0.0
0.0
0.0
0.0
0.0
0.0
0.0
0.0
0.0018
0.0191
0.0406
0.0555
0.0646
0.0538
0.0247
0.0
0.0
0.0
0.0
0.0
0.0
0.0
0.0
0.0
0.0
0.0
0.0
0.0
0.0
0.0
0.0
0.0
0.0299
0.0856
0.1434
0.2013
0.1408
0.0883
0.0237
0.0
0.0
0.0
0.0
0.0
0.0
0.0
0.0
0.0
0.0
0.0
0.0
0.0
0.0
0.0
0.0
0.0
0.0001
0.006
0.0145
0.0215
0.0203
0.0118
0.0023
0.0
0.0
0.0
0.0
0.0
0.0
0.0
0.0
0.0
0.0
0.0
0.0
0.0
0.0
0.0
0.0
0.0
0.0352
0.169
0.3179
0.3673
0.3198
0.2095
0.0885
0.0014
0.0
0.0
0.0
0.0
0.0
0.0
0.0
0.0
0.0
0.0
0.0
0.0
0.0
0.0
0.0
0.0
0.0427
0.1647
0.2846
0.3371
0.3169
0.2299
0.0945
0.0014
0.0
0.0
0.0
0.0
0.0
0.0
0.0
0.0
0.0
0.0
0.0
0.0
0.0
0.0
0.0
0.0
0.0171
0.0617
0.0813
0.0849
0.085
0.0593
0.0206
0.0002
0.0
0.0
0.0
0.0
0.0
0.0
0.0
0.0
0.0
0.0
0.0
0.0
0.0
0.0
0.0
0.0
0.0468
0.1365
0.2446
0.3154
0.3124
0.2434
0.1165
0.0028
0.0
0.0
0.0
0.0
0.0
0.0
0.0
0.0
0.0
0.0
0.0
0.0
0.0
0.0
0.0
0.0
0.0331
0.1647
0.3727
0.4191
0.3752
0.2704
0.12
0.0033
0.0
0.0
0.0
0.0
0.0
0.0
0.0
0.0
