Consumption in British_Isles in 2017
40244.0
38368.0
37290.0
34655.0
32305.0
30730.0
30123.0
30532.0
31244.0
33058.0
36511.0
40500.0
43606.0
45738.0
46059.0
46211.0
47175.0
50601.0
52343.0
51092.0
48571.0
46528.0
43412.0
40428.0
37085.0
36247.0
35493.0
34128.0
32942.0
32190.0
32740.0
35318.0
37554.0
40517.0
43831.0
45512.0
45831.0
46200.0
46626.0
47770.0
50489.0
56378.0
61202.0
60337.0
57770.0
54357.0
49900.0
44990.0
40127.0
38755.0
37470.0
35916.0
34842.0
34194.0
35672.0
42026.0
49537.0
53831.0
56094.0
56408.0
56448.0
56812.0
56819.0
57232.0
58596.0
62260.0
64524.0
63428.0
61205.0
57010.0
51422.0
45444.0
40195.0
38776.0
37910.0
36740.0
36022.0
35443.0
37157.0
43684.0
52140.0
56040.0
57969.0
58071.0
58160.0
58110.0
57871.0
58196.0
59728.0
63904.0
66347.0
66064.0
64372.0
60548.0
55174.0
49101.0
43696.0
42202.0
41550.0
40460.0
39631.0
39199.0
41101.0
48363.0
57177.0
60217.0
61291.0
60581.0
59571.0
59172.0
59115.0
59626.0
61343.0
65815.0
67610.0
67063.0
65229.0
61151.0
55560.0
49150.0
43718.0
42087.0
41035.0
39653.0
38542.0
37865.0
39300.0
46160.0
54945.0
58702.0
60071.0
60339.0
60601.0
60853.0
60460.0
60346.0
60958.0
64170.0
65755.0
64285.0
61617.0
57711.0
52575.0
47457.0
43204.0
41723.0
40375.0
38826.0
37397.0
36216.0
36363.0
38933.0
42532.0
46998.0
51049.0
52826.0
53818.0
54209.0
53744.0
53191.0
53548.0
57422.0
60207.0
59137.0
56093.0
52267.0
48112.0
44428.0
40923.0
39585.0
38161.0
36365.0
34930.0
33707.0
33604.0
35351.0
37436.0
40837.0
45486.0
48821.0
50362.0
51693.0
51843.0
51847.0
53125.0
57606.0
59970.0
58568.0
55482.0
51910.0
47084.0
42195.0
37834.0
36350.0
35438.0
33721.0
32298.0
31513.0
33329.0
40834.0
50508.0
53939.0
55528.0
55784.0
56621.0
56937.0
57065.0
57165.0
58082.0
62119.0
64810.0
63143.0
60429.0
56438.0
50935.0
44838.0
39495.0
37962.0
36922.0
35798.0
34794.0
34183.0
35904.0
43564.0
53051.0
55864.0
56466.0
56658.0
56779.0
57135.0
56815.0
57248.0
58061.0
62483.0
65296.0
64129.0
61483.0
57422.0
51631.0
45113.0
39471.0
37875.0
37098.0
35647.0
34277.0
33261.0
35066.0
42480.0
51656.0
53911.0
53952.0
52834.0
52354.0
52453.0
52469.0
53026.0
54909.0
59827.0
63789.0
62870.0
60251.0
56515.0
50935.0
44895.0
39765.0
38248.0
37624.0
36409.0
35750.0
35243.0
37133.0
45096.0
54583.0
57950.0
59009.0
59425.0
60531.0
61250.0
61261.0
61443.0
62078.0
65463.0
66597.0
65825.0
64041.0
59649.0
53917.0
47796.0
42633.0
40530.0
39459.0
37951.0
36970.0
36204.0
37824.0
45353.0
54802.0
58128.0
59363.0
59029.0
58044.0
57140.0
56553.0
57141.0
58104.0
61745.0
65469.0
64278.0
61756.0
57836.0
53013.0
48226.0
43586.0
41518.0
40341.0
38741.0
37308.0
36143.0
36326.0
39263.0
43327.0
48404.0
52543.0
53683.0
53416.0
52855.0
51982.0
51906.0
53289.0
57271.0
62187.0
61173.0
57818.0
54072.0
49987.0
46051.0
42432.0
41053.0
39485.0
37415.0
35576.0
34039.0
33708.0
34909.0
37071.0
40623.0
46183.0
49966.0
52756.0
54113.0
54057.0
53914.0
54652.0
58355.0
61413.0
60343.0
57565.0
54121.0
49427.0
44584.0
40222.0
39104.0
38458.0
37302.0
36338.0
35693.0
37793.0
45715.0
55390.0
58802.0
60429.0
60693.0
61126.0
61243.0
61251.0
60881.0
61145.0
64403.0
66371.0
65780.0
63633.0
59760.0
54194.0
48065.0
42804.0
41638.0
40844.0
39623.0
38675.0
37960.0
39690.0
47357.0
56537.0
59077.0
59781.0
59868.0
59787.0
59657.0
59389.0
59529.0
60330.0
63791.0
66221.0
65988.0
64241.0
60682.0
55039.0
48640.0
43221.0
41815.0
40850.0
39711.0
38797.0
38208.0
40055.0
47916.0
57358.0
60169.0
60785.0
60032.0
59436.0
59088.0
58730.0
59088.0
60544.0
64092.0
66659.0
66233.0
65005.0
61131.0
55427.0
49187.0
43822.0
42206.0
41485.0
40250.0
39301.0
38820.0
40581.0
48348.0
58067.0
60769.0
61293.0
60385.0
59538.0
59008.0
58636.0
59186.0
60657.0
63991.0
66332.0
66057.0
65070.0
61325.0
55744.0
49509.0
44366.0
42931.0
42127.0
40906.0
40151.0
39446.0
41314.0
48862.0
58233.0
60865.0
60709.0
59273.0
57638.0
56644.0
55898.0
56263.0
57924.0
61356.0
65428.0
65222.0
62693.0
58486.0
53376.0
48373.0
43851.0
42369.0
41200.0
39671.0
38441.0
37425.0
37780.0
40714.0
45125.0
49913.0
53433.0
54083.0
54237.0
54207.0
53641.0
53362.0
54285.0
57858.0
62937.0
62190.0
58990.0
55577.0
51516.0
47595.0
44063.0
42720.0
41427.0
39811.0
38657.0
37382.0
37235.0
38888.0
41420.0
45141.0
49514.0
51990.0
53091.0
53879.0
53790.0
53920.0
55299.0
59330.0
63948.0
62970.0
60355.0
56829.0
52490.0
47365.0
42471.0
41470.0
41088.0
40124.0
39370.0
38858.0
40990.0
48971.0
58876.0
62098.0
63459.0
63031.0
62330.0
62119.0
61343.0
61407.0
62260.0
65088.0
67927.0
67425.0
65550.0
61430.0
55494.0
48862.0
43114.0
41644.0
40823.0
39780.0
38887.0
38286.0
40176.0
48054.0
57765.0
60197.0
60843.0
59740.0
59011.0
58171.0
57451.0
57771.0
58947.0
61982.0
65811.0
65828.0
63953.0
59967.0
54173.0
47598.0
42048.0
40801.0
40122.0
39085.0
38167.0
37339.0
39384.0
47028.0
56673.0
59280.0
59540.0
58767.0
57862.0
57429.0
57278.0
57876.0
59564.0
63419.0
66713.0
65893.0
64227.0
60023.0
54330.0
48175.0
42860.0
41572.0
40752.0
39422.0
38494.0
37925.0
39733.0
47650.0
57253.0
60407.0
62463.0
62825.0
63292.0
63684.0
63541.0
62901.0
63100.0
65632.0
68282.0
67876.0
66574.0
62832.0
57250.0
50739.0
45266.0
43720.0
43078.0
41947.0
41002.0
40297.0
42006.0
49430.0
58896.0
61649.0
62785.0
62617.0
62108.0
61795.0
61054.0
61171.0
61231.0
63688.0
66899.0
65753.0
63115.0
59273.0
53931.0
48822.0
44475.0
42805.0
41725.0
40102.0
38723.0
37334.0
37618.0
40282.0
44219.0
48577.0
52474.0
52670.0
51679.0
51092.0
50473.0
50217.0
51076.0
54123.0
59976.0
59908.0
56701.0
53092.0
49210.0
45409.0
42193.0
40868.0
39706.0
38136.0
36795.0
35688.0
35754.0
37359.0
39579.0
43321.0
47626.0
50568.0
52349.0
53889.0
54221.0
54366.0
55160.0
58262.0
62218.0
61140.0
58095.0
54629.0
50282.0
45397.0
40930.0
39968.0
39685.0
38492.0
37418.0
36902.0
38865.0
46490.0
55948.0
59139.0
60603.0
60409.0
60214.0
60217.0
59960.0
59823.0
60113.0
63053.0
66403.0
64995.0
62026.0
57999.0
52392.0
46070.0
40906.0
39583.0
38721.0
37268.0
36211.0
35409.0
36932.0
44738.0
53932.0
57025.0
58556.0
59106.0
59407.0
59776.0
59714.0
59693.0
60283.0
62831.0
65922.0
65610.0
63332.0
59559.0
54310.0
48244.0
43085.0
41217.0
40449.0
39066.0
37960.0
37261.0
39199.0
46802.0
55310.0
57444.0
58454.0
58213.0
57804.0
56921.0
56235.0
55885.0
56155.0
59189.0
63278.0
62383.0
59472.0
55320.0
49720.0
44193.0
39304.0
37981.0
37066.0
35667.0
34283.0
33583.0
35488.0
42795.0
51304.0
53499.0
54241.0
54050.0
54549.0
54768.0
54118.0
53835.0
54320.0
56740.0
60812.0
60075.0
57566.0
53790.0
48428.0
43107.0
38160.0
36744.0
35919.0
34633.0
33783.0
33455.0
35777.0
43672.0
52496.0
54595.0
54453.0
53857.0
53860.0
53503.0
52872.0
53593.0
54389.0
57095.0
60814.0
59583.0
56687.0
52990.0
48584.0
44040.0
40192.0
39049.0
37806.0
36582.0
35305.0
34330.0
35050.0
38295.0
42135.0
46584.0
49497.0
49270.0
48126.0
46723.0
45993.0
46209.0
47670.0
51692.0
57633.0
57990.0
55433.0
51768.0
48165.0
44585.0
40962.0
39785.0
38775.0
37366.0
36159.0
35327.0
35433.0
37203.0
39455.0
43327.0
47593.0
50225.0
51329.0
51994.0
51457.0
51147.0
52099.0
55375.0
60419.0
60275.0
57752.0
54349.0
49944.0
45375.0
40848.0
39973.0
39560.0
38752.0
37982.0
37560.0
39889.0
48085.0
56749.0
59186.0
60090.0
59485.0
58768.0
58501.0
58458.0
58789.0
59791.0
62527.0
65772.0
64882.0
62343.0
58094.0
52507.0
46592.0
41116.0
39742.0
39016.0
37912.0
37314.0
36860.0
39181.0
47451.0
56318.0
58106.0
58647.0
57364.0
56371.0
56012.0
55838.0
56144.0
57476.0
60720.0
65176.0
65495.0
63560.0
59755.0
54041.0
48107.0
42782.0
41356.0
40704.0
39498.0
38606.0
38149.0
40230.0
48232.0
56777.0
58993.0
59922.0
59750.0
59895.0
60114.0
60031.0
60074.0
60732.0
63326.0
66487.0
66216.0
64738.0
60669.0
54866.0
48864.0
43521.0
42048.0
41523.0
40341.0
39586.0
38936.0
41104.0
48953.0
57821.0
60512.0
61674.0
61655.0
61793.0
62187.0
62215.0
62604.0
62834.0
64932.0
66927.0
66570.0
65513.0
61458.0
55932.0
49966.0
44473.0
43084.0
42350.0
41306.0
40494.0
39951.0
42076.0
49731.0
58620.0
61825.0
63393.0
63357.0
63069.0
63026.0
62149.0
61682.0
61414.0
62895.0
65245.0
65628.0
63538.0
59336.0
54125.0
48824.0
43981.0
42399.0
41097.0
39462.0
38252.0
37142.0
37518.0
40695.0
44666.0
49927.0
54698.0
56652.0
57596.0
57455.0
56312.0
55641.0
55405.0
57092.0
60636.0
60072.0
57149.0
53086.0
49076.0
45191.0
41449.0
40008.0
38797.0
37197.0
35973.0
34636.0
34442.0
35980.0
38010.0
42038.0
47702.0
51572.0
53558.0
54725.0
54592.0
54482.0
54994.0
56789.0
60081.0
59187.0
55906.0
52467.0
48399.0
43520.0
38770.0
37707.0
37263.0
36326.0
35541.0
35008.0
37123.0
44693.0
52107.0
56032.0
56757.0
55239.0
53845.0
52687.0
51773.0
52213.0
53938.0
57218.0
62637.0
63934.0
61705.0
57807.0
52512.0
46616.0
41233.0
39958.0
39224.0
38248.0
37361.0
36915.0
38926.0
46510.0
53319.0
56850.0
58488.0
58181.0
57715.0
57100.0
56789.0
57250.0
58408.0
60962.0
64747.0
65196.0
62995.0
58730.0
53047.0
47648.0
42553.0
41267.0
40465.0
39181.0
38278.0
37452.0
39463.0
46587.0
53015.0
56218.0
57498.0
57256.0
57123.0
56963.0
56633.0
56622.0
57072.0
58881.0
62440.0
63275.0
60864.0
56653.0
51021.0
45379.0
40371.0
38837.0
38012.0
36629.0
35543.0
35105.0
37145.0
44174.0
50863.0
53132.0
53496.0
52331.0
51418.0
51069.0
51093.0
51672.0
53121.0
55758.0
60379.0
62044.0
59918.0
56182.0
51255.0
45957.0
41465.0
40046.0
39340.0
38171.0
37361.0
37023.0
39012.0
45953.0
52446.0
55879.0
56892.0
55882.0
54821.0
53680.0
52278.0
52295.0
52819.0
54729.0
59055.0
60421.0
57927.0
53890.0
48990.0
44407.0
40159.0
38754.0
37413.0
35518.0
34011.0
33036.0
33491.0
36493.0
39894.0
44364.0
47672.0
48063.0
47126.0
45791.0
43954.0
42763.0
43187.0
46269.0
52388.0
54617.0
51843.0
48134.0
44213.0
40428.0
36995.0
35954.0
34818.0
33086.0
31680.0
30883.0
31172.0
33284.0
35316.0
38931.0
42555.0
44194.0
45292.0
46062.0
46170.0
46160.0
47301.0
50064.0
54194.0
54924.0
52385.0
48681.0
44396.0
40021.0
35557.0
34407.0
33608.0
32181.0
31127.0
30646.0
32989.0
40344.0
47461.0
50269.0
50812.0
49937.0
49419.0
49229.0
48837.0
48851.0
49696.0
52195.0
56910.0
58914.0
56639.0
52814.0
47888.0
42558.0
37808.0
36518.0
35673.0
34488.0
33428.0
33273.0
35655.0
42924.0
50000.0
52689.0
53137.0
52333.0
52304.0
52449.0
52255.0
51965.0
52157.0
54023.0
57395.0
58187.0
55492.0
51227.0
46124.0
40684.0
35772.0
34167.0
33237.0
32063.0
30973.0
30690.0
32975.0
40233.0
47333.0
50133.0
51344.0
50569.0
50599.0
50708.0
50333.0
50561.0
51553.0
54415.0
58775.0
60551.0
58661.0
55235.0
50184.0
44788.0
39844.0
38240.0
36738.0
34791.0
33191.0
32074.0
34193.0
41389.0
48011.0
50872.0
51975.0
51843.0
52482.0
52310.0
51707.0
51662.0
52290.0
54628.0
58382.0
61052.0
59328.0
55565.0
50905.0
45402.0
40559.0
39205.0
38526.0
37415.0
36472.0
35988.0
38200.0
45305.0
52098.0
53916.0
53223.0
51890.0
51993.0
51695.0
50880.0
50463.0
51004.0
53819.0
57946.0
60302.0
58025.0
53821.0
48953.0
43650.0
39111.0
37244.0
35537.0
33408.0
31892.0
30927.0
31176.0
33976.0
37381.0
42170.0
45557.0
46797.0
47464.0
47473.0
47032.0
46671.0
46659.0
48584.0
52673.0
54453.0
51871.0
48334.0
44671.0
41307.0
38005.0
36712.0
35477.0
33630.0
32075.0
30752.0
30623.0
32174.0
33871.0
36676.0
39883.0
42018.0
43498.0
44729.0
44924.0
44825.0
45166.0
47426.0
50987.0
52630.0
51011.0
47625.0
43775.0
39585.0
35689.0
34723.0
34493.0
33529.0
32882.0
32647.0
35265.0
43135.0
51312.0
53957.0
55331.0
55291.0
55324.0
55436.0
55164.0
54977.0
55594.0
58132.0
61310.0
63635.0
61549.0
57910.0
52414.0
46255.0
40971.0
39669.0
39103.0
37962.0
37036.0
36501.0
38895.0
46829.0
53928.0
54694.0
54188.0
53280.0
53445.0
53957.0
54116.0
54361.0
55571.0
58318.0
61277.0
63539.0
61639.0
57996.0
52235.0
46356.0
41696.0
39348.0
38720.0
37551.0
36937.0
36597.0
38785.0
46742.0
53527.0
55350.0
55562.0
54528.0
54296.0
54344.0
54111.0
54231.0
55203.0
58368.0
61790.0
64475.0
61840.0
57981.0
52332.0
46069.0
40525.0
38916.0
37911.0
36462.0
35217.0
34754.0
37099.0
44492.0
51375.0
52392.0
51423.0
49401.0
48410.0
47854.0
47333.0
47497.0
49474.0
54001.0
58378.0
62092.0
60006.0
56640.0
51372.0
45237.0
40277.0
39047.0
38445.0
37459.0
36592.0
36186.0
38393.0
45692.0
53465.0
56324.0
57563.0
57644.0
57326.0
57358.0
56435.0
55664.0
55076.0
57287.0
59657.0
61096.0
58406.0
54189.0
49656.0
44698.0
40583.0
39033.0
37717.0
36073.0
34643.0
33643.0
34272.0
37239.0
40527.0
44388.0
46069.0
45845.0
45514.0
44995.0
44154.0
43528.0
44641.0
47474.0
52252.0
54830.0
52623.0
49205.0
45351.0
41884.0
38489.0
37421.0
36199.0
34547.0
33148.0
31973.0
32151.0
33646.0
35652.0
39402.0
43281.0
45149.0
45745.0
46555.0
46047.0
46094.0
47156.0
50085.0
53676.0
56073.0
54780.0
51430.0
47235.0
42267.0
37773.0
36976.0
36963.0
36150.0
35585.0
35342.0
37864.0
45581.0
52583.0
54097.0
53551.0
52444.0
52529.0
52323.0
51584.0
51464.0
52435.0
56228.0
59904.0
62638.0
60842.0
56935.0
51337.0
45678.0
40518.0
39389.0
38791.0
37799.0
36937.0
36425.0
38780.0
46296.0
53166.0
54318.0
53706.0
52565.0
51671.0
51000.0
50965.0
51146.0
52427.0
56283.0
59992.0
63099.0
60630.0
56118.0
50038.0
43824.0
38620.0
37086.0
36184.0
34940.0
33885.0
33660.0
35958.0
43329.0
50697.0
52754.0
53190.0
52197.0
51097.0
50332.0
49861.0
49969.0
50420.0
53320.0
56805.0
60333.0
58666.0
55086.0
49881.0
44184.0
39094.0
37620.0
36610.0
35075.0
33714.0
33098.0
34945.0
41944.0
48386.0
48611.0
47679.0
45593.0
44286.0
43834.0
43433.0
44418.0
47097.0
51714.0
56054.0
59947.0
58804.0
55583.0
50606.0
45161.0
40333.0
38853.0
37729.0
36166.0
35112.0
34514.0
36554.0
43508.0
50555.0
52700.0
52891.0
52159.0
52184.0
52093.0
51600.0
51506.0
51552.0
53813.0
56038.0
58064.0
55999.0
52405.0
47978.0
43148.0
38632.0
37021.0
35645.0
33976.0
32765.0
32034.0
32786.0
35595.0
39278.0
43639.0
45777.0
45816.0
45570.0
45172.0
44614.0
44243.0
44648.0
46732.0
50061.0
53077.0
51739.0
48467.0
44459.0
40989.0
37638.0
36365.0
35023.0
33265.0
31860.0
30994.0
31414.0
33008.0
35340.0
39074.0
42470.0
43875.0
44135.0
44127.0
43532.0
43343.0
44252.0
46922.0
49793.0
52874.0
52164.0
48812.0
44601.0
40098.0
35954.0
34879.0
34278.0
33132.0
32163.0
32071.0
34793.0
41913.0
48354.0
49031.0
48163.0
46488.0
45678.0
45494.0
45502.0
46334.0
48040.0
51913.0
55380.0
59173.0
58026.0
53852.0
48360.0
42292.0
37141.0
35561.0
34361.0
32881.0
31732.0
31364.0
33469.0
40418.0
47315.0
48945.0
49080.0
47656.0
47110.0
46906.0
46387.0
46198.0
46955.0
50071.0
53788.0
57618.0
57105.0
53803.0
48609.0
42945.0
38083.0
36644.0
35641.0
34439.0
33690.0
33587.0
36270.0
43248.0
49605.0
50701.0
49679.0
47635.0
45854.0
44680.0
44095.0
44207.0
45663.0
49298.0
53211.0
57320.0
56946.0
53703.0
48383.0
42622.0
37544.0
36072.0
35036.0
33513.0
32466.0
32051.0
34223.0
40884.0
47620.0
49208.0
49292.0
48590.0
48707.0
48460.0
47873.0
47635.0
48135.0
51157.0
53995.0
57261.0
56525.0
53005.0
47959.0
42477.0
37597.0
36116.0
34986.0
33329.0
32283.0
31727.0
33935.0
40026.0
46432.0
47976.0
48048.0
47497.0
47550.0
47731.0
47306.0
47419.0
47983.0
50255.0
52782.0
54816.0
52713.0
48835.0
44239.0
39574.0
35257.0
33784.0
32709.0
31057.0
29900.0
29379.0
30486.0
33356.0
37152.0
41299.0
43610.0
43854.0
43859.0
43663.0
43226.0
42843.0
43345.0
45230.0
48461.0
50969.0
50177.0
46832.0
42566.0
38653.0
34631.0
32828.0
31062.0
29060.0
27718.0
26692.0
26918.0
28226.0
30750.0
34479.0
37940.0
39672.0
40132.0
40684.0
40048.0
39744.0
40942.0
43866.0
46650.0
49547.0
49730.0
47411.0
43360.0
39036.0
34833.0
33644.0
32740.0
31212.0
29962.0
29428.0
31452.0
38178.0
45550.0
48448.0
49371.0
49072.0
49270.0
50350.0
49673.0
48221.0
47547.0
49933.0
53238.0
56939.0
56859.0
52893.0
47787.0
41836.0
36785.0
35105.0
34074.0
32742.0
32180.0
31919.0
34116.0
40869.0
46492.0
46422.0
45078.0
43989.0
44109.0
44290.0
44180.0
45250.0
47589.0
51882.0
55853.0
59428.0
59194.0
55937.0
50765.0
44881.0
39823.0
38358.0
37310.0
36119.0
35115.0
34427.0
36474.0
43290.0
50611.0
53026.0
53743.0
53679.0
53784.0
53292.0
52410.0
51713.0
51899.0
54590.0
57179.0
60042.0
60086.0
56633.0
51286.0
45440.0
40301.0
38619.0
37723.0
36438.0
35427.0
34827.0
36783.0
43391.0
50388.0
52288.0
52087.0
50131.0
49281.0
48782.0
48012.0
47491.0
47833.0
50595.0
53641.0
57337.0
58107.0
54929.0
49773.0
44269.0
39655.0
38127.0
37186.0
35803.0
34790.0
34394.0
36583.0
43211.0
50084.0
51964.0
51734.0
50178.0
49091.0
47777.0
46244.0
45131.0
45103.0
48168.0
51287.0
54540.0
55416.0
52675.0
48615.0
43976.0
39777.0
38175.0
36803.0
35211.0
34015.0
33410.0
34110.0
36362.0
38894.0
40883.0
40925.0
39115.0
37371.0
36073.0
34928.0
34677.0
35764.0
39421.0
44381.0
48856.0
50249.0
47568.0
44148.0
40833.0
37049.0
35756.0
34823.0
33300.0
32251.0
31861.0
32822.0
34542.0
36245.0
37372.0
37522.0
36581.0
35599.0
34219.0
33732.0
34392.0
36716.0
39785.0
42504.0
46360.0
47707.0
44660.0
40481.0
35809.0
32951.0
33536.0
33672.0
33119.0
33087.0
35194.0
42227.0
49869.0
52354.0
52771.0
51722.0
50268.0
49088.0
47283.0
45925.0
45476.0
47749.0
50312.0
52003.0
53955.0
54102.0
49765.0
43971.0
38339.0
35002.0
35241.0
35439.0
34748.0
34487.0
36558.0
43370.0
51052.0
52890.0
52618.0
51457.0
50045.0
48905.0
47359.0
47191.0
48092.0
50824.0
52504.0
53049.0
53813.0
53605.0
48788.0
43005.0
37570.0
34142.0
34193.0
34170.0
33460.0
33102.0
34970.0
41898.0
49803.0
52038.0
52301.0
51492.0
50891.0
50428.0
49656.0
49293.0
49491.0
51436.0
52783.0
52648.0
53060.0
52081.0
47171.0
41421.0
36185.0
32645.0
32535.0
32351.0
31328.0
31112.0
33116.0
39880.0
47219.0
48846.0
48408.0
47297.0
45713.0
44201.0
42549.0
42364.0
43243.0
46172.0
49039.0
50088.0
51061.0
50694.0
46537.0
41184.0
36153.0
32778.0
32519.0
31967.0
30908.0
30640.0
32517.0
39035.0
46526.0
48152.0
47577.0
46012.0
44394.0
42758.0
40631.0
39457.0
39781.0
41993.0
44551.0
45863.0
47382.0
48274.0
45009.0
40949.0
36439.0
33102.0
32645.0
32092.0
31374.0
31089.0
31780.0
34352.0
37830.0
41139.0
42618.0
42488.0
41785.0
40588.0
38883.0
37726.0
37339.0
38947.0
41771.0
43632.0
44976.0
45736.0
42840.0
39537.0
35812.0
32742.0
32382.0
31908.0
30843.0
30094.0
30267.0
31718.0
34269.0
36885.0
38323.0
38293.0
37807.0
37551.0
36334.0
35503.0
35937.0
38089.0
41144.0
43518.0
45512.0
47267.0
44199.0
39728.0
35049.0
32044.0
31959.0
31877.0
31080.0
30972.0
33069.0
39591.0
46312.0
48218.0
47144.0
44682.0
42836.0
42084.0
41366.0
41222.0
42162.0
44855.0
47527.0
48545.0
49633.0
50224.0
46060.0
40762.0
36065.0
33068.0
32804.0
32645.0
31937.0
31886.0
33755.0
39933.0
46704.0
49412.0
49307.0
48539.0
48397.0
47937.0
46497.0
45846.0
45610.0
47106.0
48978.0
49836.0
50932.0
51247.0
47378.0
41956.0
36568.0
33050.0
32878.0
32490.0
31699.0
31723.0
33890.0
40287.0
46695.0
47919.0
46494.0
44956.0
44355.0
43893.0
42755.0
42213.0
42793.0
45314.0
48078.0
49380.0
50798.0
51983.0
48327.0
43275.0
38280.0
34965.0
34642.0
34411.0
33551.0
33459.0
35392.0
41483.0
47729.0
48891.0
47375.0
45355.0
44432.0
44123.0
42941.0
41921.0
41695.0
43791.0
46269.0
48179.0
49701.0
51222.0
47638.0
42547.0
37405.0
33995.0
33535.0
33257.0
32405.0
32298.0
34414.0
40359.0
46920.0
48833.0
48176.0
47035.0
46299.0
45237.0
43148.0
41724.0
41071.0
42538.0
45137.0
47091.0
48217.0
49499.0
46698.0
42097.0
37591.0
34250.0
33557.0
32914.0
31959.0
31509.0
32272.0
34626.0
38196.0
40239.0
40134.0
38060.0
36094.0
34311.0
32483.0
31647.0
31922.0
34215.0
37636.0
40614.0
41944.0
43543.0
41518.0
38183.0
34406.0
31210.0
30521.0
29808.0
29081.0
28694.0
28996.0
29829.0
32293.0
34182.0
34833.0
34263.0
33294.0
32398.0
30586.0
29559.0
30240.0
32958.0
36531.0
38845.0
40214.0
41875.0
39678.0
36209.0
32523.0
29700.0
29113.0
28729.0
28034.0
28029.0
30238.0
35721.0
41882.0
44434.0
44022.0
43626.0
44054.0
43996.0
43234.0
42573.0
42386.0
44287.0
46857.0
48321.0
49231.0
50190.0
46888.0
41777.0
36657.0
33207.0
32578.0
32076.0
31211.0
31168.0
32920.0
38207.0
43751.0
45756.0
45070.0
43203.0
42376.0
41593.0
40118.0
39372.0
39666.0
41561.0
44073.0
45716.0
46770.0
47776.0
44600.0
39865.0
34521.0
31107.0
30502.0
30182.0
29460.0
29306.0
31116.0
36404.0
42751.0
45972.0
46615.0
45975.0
44819.0
43543.0
41898.0
40743.0
41187.0
43079.0
44714.0
45870.0
46958.0
48069.0
45436.0
40749.0
36039.0
32700.0
32284.0
31900.0
31299.0
31284.0
33095.0
38017.0
44164.0
46731.0
46685.0
46224.0
46281.0
45763.0
44792.0
44380.0
44336.0
45797.0
47395.0
48111.0
48354.0
49141.0
46485.0
41695.0
36689.0
33241.0
32726.0
32163.0
31432.0
30932.0
31738.0
33957.0
37672.0
40737.0
42224.0
41922.0
41353.0
41045.0
39636.0
39262.0
39354.0
41201.0
44094.0
44716.0
44965.0
44737.0
42365.0
38304.0
34201.0
30970.0
30308.0
29750.0
28721.0
28098.0
28417.0
30186.0
33552.0
36132.0
37376.0
36854.0
35818.0
33898.0
31718.0
30694.0
30753.0
33037.0
36545.0
38816.0
40328.0
41971.0
40694.0
37858.0
34228.0
30934.0
30455.0
29899.0
28925.0
28380.0
28520.0
29330.0
31490.0
33197.0
34544.0
36318.0
37484.0
38594.0
38070.0
37659.0
37577.0
38716.0
39987.0
40532.0
40945.0
42449.0
40862.0
37711.0
33903.0
31193.0
31018.0
30836.0
29945.0
29522.0
30116.0
31856.0
34866.0
37358.0
39336.0
40274.0
40025.0
39791.0
38788.0
38202.0
38474.0
40564.0
43349.0
44504.0
45137.0
45977.0
43826.0
39536.0
34605.0
31458.0
31420.0
31404.0
30795.0
30644.0
32465.0
38047.0
44634.0
46170.0
44940.0
43530.0
42763.0
42500.0
42009.0
41913.0
42454.0
44990.0
47369.0
48760.0
49487.0
50257.0
47933.0
42428.0
37228.0
33962.0
33694.0
33522.0
32866.0
32735.0
34489.0
39943.0
45872.0
47255.0
46733.0
45571.0
44889.0
44139.0
43121.0
42815.0
43326.0
45698.0
48129.0
49205.0
49687.0
50293.0
47577.0
42485.0
36953.0
33542.0
33275.0
32871.0
32180.0
32029.0
33573.0
39008.0
45950.0
48206.0
48036.0
47613.0
47177.0
46638.0
45690.0
45091.0
45198.0
47345.0
48658.0
49233.0
49630.0
49872.0
47216.0
41966.0
36791.0
33342.0
32800.0
32293.0
31414.0
31075.0
32649.0
37963.0
44653.0
47012.0
46913.0
46449.0
45408.0
44904.0
44051.0
43668.0
43794.0
45405.0
47024.0
47424.0
47081.0
47267.0
45345.0
40957.0
36846.0
33545.0
32770.0
32220.0
31192.0
30630.0
30813.0
33062.0
36807.0
39764.0
40627.0
40089.0
39166.0
37997.0
35932.0
34263.0
33862.0
35646.0
39011.0
41236.0
42671.0
43480.0
42776.0
39891.0
36125.0
33017.0
32393.0
31732.0
30660.0
30046.0
29846.0
30761.0
32913.0
35110.0
36359.0
36426.0
36344.0
36413.0
35622.0
34882.0
34869.0
36636.0
39267.0
40664.0
41644.0
42688.0
41729.0
37315.0
32491.0
29511.0
29492.0
29407.0
28766.0
29129.0
31368.0
37851.0
45190.0
47105.0
47144.0
46379.0
46476.0
46443.0
45670.0
45061.0
45466.0
47251.0
48068.0
48460.0
48190.0
48436.0
46257.0
41233.0
36035.0
32618.0
32409.0
32761.0
32411.0
32302.0
33968.0
40137.0
46735.0
46556.0
45117.0
43782.0
43912.0
43942.0
43296.0
42849.0
43419.0
46026.0
47969.0
49108.0
49649.0
50282.0
48273.0
42730.0
37248.0
33905.0
33990.0
33987.0
33363.0
33264.0
34982.0
41474.0
48509.0
49085.0
48301.0
47374.0
46461.0
46764.0
46287.0
45890.0
46287.0
48795.0
50478.0
51365.0
51762.0
52085.0
49893.0
45024.0
39322.0
35645.0
35325.0
35352.0
34408.0
34169.0
35584.0
41732.0
48622.0
49350.0
48460.0
47495.0
47751.0
47915.0
47553.0
47672.0
48298.0
50525.0
51601.0
51814.0
51828.0
51714.0
49561.0
44131.0
38532.0
35105.0
34861.0
34748.0
34125.0
34022.0
35490.0
41548.0
48590.0
49788.0
49045.0
48533.0
48543.0
48235.0
47203.0
46422.0
46198.0
47628.0
48491.0
48974.0
48750.0
48482.0
46917.0
42540.0
37884.0
34246.0
33724.0
33180.0
32053.0
31568.0
31610.0
33809.0
37676.0
40500.0
41436.0
40942.0
40157.0
39437.0
37859.0
36631.0
36273.0
37876.0
40324.0
41795.0
42205.0
42483.0
41461.0
37600.0
33621.0
30586.0
29743.0
29026.0
27876.0
27242.0
26576.0
27325.0
29320.0
31601.0
33401.0
33905.0
33975.0
34488.0
33968.0
33818.0
34963.0
37279.0
39326.0
40280.0
40703.0
41284.0
40572.0
37379.0
34149.0
30789.0
30662.0
30466.0
29408.0
29005.0
29220.0
30942.0
33971.0
36823.0
39021.0
39866.0
39456.0
38887.0
37548.0
36765.0
36853.0
39241.0
42272.0
43510.0
43986.0
44365.0
43483.0
39850.0
35285.0
32202.0
31894.0
31670.0
31305.0
31153.0
32653.0
39052.0
45924.0
46660.0
45653.0
44237.0
44126.0
44363.0
44184.0
44451.0
45129.0
47414.0
48680.0
48911.0
48682.0
48395.0
46617.0
41200.0
36121.0
32792.0
32358.0
32038.0
30967.0
30707.0
32086.0
38421.0
45113.0
46442.0
45786.0
44878.0
44812.0
44479.0
43830.0
43520.0
44086.0
46510.0
48496.0
48623.0
48622.0
48096.0
46314.0
41212.0
35925.0
32834.0
32386.0
31927.0
31107.0
30862.0
32157.0
38045.0
44852.0
46168.0
45206.0
42973.0
41424.0
40571.0
39671.0
39608.0
39981.0
42508.0
44578.0
45717.0
46322.0
46644.0
45364.0
40551.0
35490.0
32121.0
31556.0
31230.0
30172.0
29920.0
31012.0
36936.0
43188.0
43773.0
42694.0
41277.0
40458.0
40323.0
38662.0
37555.0
37278.0
39448.0
42149.0
43566.0
44136.0
44030.0
43267.0
39761.0
35192.0
31707.0
31008.0
30305.0
29210.0
28544.0
28558.0
31005.0
34847.0
38225.0
39880.0
39855.0
39753.0
38956.0
37768.0
37483.0
38002.0
39513.0
41686.0
42917.0
42930.0
42613.0
42365.0
39556.0
35663.0
32314.0
31657.0
30907.0
30034.0
29401.0
28753.0
29858.0
32147.0
35031.0
37137.0
37831.0
37262.0
36518.0
34928.0
33933.0
33691.0
35452.0
38208.0
40073.0
41110.0
41423.0
41609.0
37864.0
32991.0
29958.0
29427.0
29035.0
28331.0
28316.0
29627.0
36398.0
43845.0
45800.0
45780.0
44829.0
44564.0
44069.0
43252.0
42831.0
42993.0
45370.0
47037.0
47894.0
47904.0
47363.0
46453.0
41837.0
36410.0
33347.0
33001.0
32809.0
32106.0
32021.0
33379.0
39756.0
46940.0
48483.0
48580.0
47911.0
47170.0
46653.0
45052.0
43878.0
43535.0
45463.0
47308.0
48069.0
48324.0
47964.0
47145.0
42859.0
37240.0
33915.0
33345.0
32993.0
32288.0
32329.0
33585.0
39693.0
45898.0
46212.0
44889.0
42816.0
41640.0
40927.0
39823.0
39385.0
39963.0
42551.0
45098.0
46412.0
46914.0
46828.0
46450.0
42082.0
36656.0
33267.0
32556.0
32089.0
31387.0
31268.0
32284.0
38220.0
44541.0
45714.0
44704.0
43502.0
42976.0
42481.0
42064.0
41586.0
42284.0
44638.0
46027.0
46534.0
46318.0
46164.0
45281.0
40862.0
36110.0
32822.0
32114.0
31630.0
30920.0
30728.0
31887.0
37796.0
45159.0
47320.0
47880.0
47550.0
47280.0
46781.0
45716.0
44717.0
44184.0
45325.0
46278.0
46694.0
46283.0
45228.0
44384.0
40553.0
35725.0
32067.0
30776.0
29714.0
28705.0
28085.0
27575.0
29762.0
33396.0
36976.0
38542.0
38583.0
38424.0
37215.0
35357.0
34103.0
33744.0
35153.0
37775.0
39354.0
39624.0
39212.0
39153.0
36453.0
32574.0
29390.0
28453.0
27761.0
26777.0
26391.0
26008.0
27218.0
29365.0
31686.0
33341.0
33773.0
33758.0
33278.0
32118.0
31352.0
32236.0
34243.0
36760.0
38838.0
40069.0
40299.0
40748.0
38063.0
33120.0
29768.0
28947.0
28156.0
27511.0
27098.0
28039.0
34216.0
42110.0
45577.0
46500.0
46867.0
46857.0
46410.0
45689.0
45598.0
45646.0
47649.0
48592.0
48310.0
47078.0
45826.0
44086.0
39025.0
33636.0
30558.0
29580.0
28971.0
28068.0
27917.0
29059.0
35092.0
42491.0
44326.0
44618.0
44369.0
44197.0
43718.0
43233.0
43301.0
44102.0
46667.0
47943.0
47663.0
47113.0
46375.0
45357.0
41467.0
36639.0
33154.0
32188.0
31620.0
30947.0
30866.0
32132.0
38284.0
45905.0
48399.0
49117.0
48882.0
49310.0
49028.0
48595.0
48188.0
48331.0
50159.0
50747.0
50414.0
49283.0
47758.0
46047.0
41710.0
36369.0
32983.0
32031.0
31437.0
30699.0
30617.0
31978.0
37921.0
44242.0
44961.0
44134.0
43181.0
43067.0
42925.0
42799.0
43256.0
44512.0
47222.0
48758.0
48994.0
48431.0
47543.0
46016.0
42034.0
36669.0
33145.0
31941.0
31124.0
30341.0
30260.0
31412.0
37290.0
44533.0
46683.0
46969.0
46473.0
46325.0
45567.0
44236.0
43336.0
42891.0
44433.0
45854.0
46300.0
45856.0
44920.0
44286.0
41060.0
36565.0
33023.0
31745.0
30730.0
29802.0
29105.0
28789.0
31214.0
34388.0
36990.0
38176.0
38502.0
38172.0
37540.0
36540.0
35258.0
34964.0
36580.0
38698.0
39826.0
39820.0
38854.0
38921.0
37123.0
33284.0
30385.0
29305.0
28381.0
27598.0
26932.0
26258.0
27302.0
29356.0
31676.0
33551.0
34327.0
34886.0
34977.0
33908.0
33133.0
33244.0
34923.0
37349.0
38816.0
39731.0
39879.0
39974.0
37311.0
32532.0
29481.0
28601.0
27954.0
27640.0
27688.0
29058.0
35285.0
41883.0
43579.0
43309.0
42667.0
41922.0
40864.0
39876.0
39495.0
40113.0
42706.0
44617.0
45203.0
45275.0
44239.0
43513.0
39620.0
34621.0
31811.0
30875.0
30200.0
29600.0
29610.0
30881.0
36805.0
43348.0
45465.0
45606.0
45231.0
45186.0
45277.0
44137.0
43112.0
43067.0
44972.0
46406.0
46666.0
46649.0
45521.0
44626.0
40569.0
35317.0
31938.0
30672.0
29614.0
29126.0
29067.0
30363.0
36562.0
43236.0
44760.0
44377.0
43206.0
42794.0
42522.0
41843.0
41744.0
42166.0
43903.0
45676.0
46396.0
46461.0
45395.0
44659.0
41752.0
36446.0
32830.0
31317.0
30414.0
29891.0
29626.0
30721.0
36320.0
42280.0
43659.0
43233.0
42089.0
41709.0
41414.0
40884.0
40691.0
41027.0
42954.0
44387.0
44915.0
45232.0
44253.0
44018.0
41326.0
36102.0
32291.0
30876.0
29987.0
29341.0
28738.0
29605.0
35274.0
41023.0
42457.0
41791.0
40209.0
39198.0
38256.0
37230.0
36690.0
36776.0
38374.0
40294.0
41244.0
41443.0
40722.0
40770.0
39000.0
34818.0
31382.0
29803.0
28655.0
27710.0
26875.0
26724.0
29041.0
32621.0
36139.0
38128.0
38314.0
37163.0
36155.0
34712.0
33028.0
32609.0
34099.0
36242.0
37234.0
37548.0
37289.0
36777.0
35132.0
31726.0
28839.0
27133.0
25954.0
25282.0
24768.0
24166.0
25299.0
26946.0
29411.0
31755.0
32758.0
33166.0
33724.0
33190.0
32938.0
33804.0
36215.0
38222.0
39195.0
39166.0
38508.0
38167.0
36360.0
32601.0
29584.0
28346.0
27352.0
26739.0
26365.0
26625.0
28995.0
32300.0
35806.0
38235.0
39179.0
39876.0
40660.0
40535.0
40763.0
41023.0
42484.0
44218.0
44201.0
43615.0
42450.0
41630.0
38742.0
33864.0
30862.0
29481.0
28696.0
27950.0
27677.0
28673.0
33699.0
39636.0
43314.0
44152.0
43730.0
43379.0
42963.0
41925.0
41265.0
41476.0
41953.0
42962.0
43281.0
43423.0
42794.0
42167.0
39608.0
34932.0
31535.0
30249.0
29319.0
28925.0
28531.0
29621.0
34725.0
40269.0
43362.0
44120.0
42980.0
42471.0
42133.0
41864.0
41515.0
41478.0
42579.0
44113.0
45086.0
45159.0
44172.0
43398.0
40346.0
35473.0
31530.0
30035.0
29099.0
28347.0
28071.0
28975.0
33579.0
38674.0
41148.0
40970.0
39909.0
39518.0
39352.0
39013.0
38860.0
39473.0
41117.0
43081.0
44198.0
44405.0
43265.0
42621.0
40250.0
35322.0
31728.0
30413.0
29383.0
28630.0
28419.0
29391.0
34076.0
39803.0
43298.0
44422.0
44438.0
44589.0
44626.0
44173.0
43536.0
43409.0
43836.0
44878.0
45020.0
44170.0
42790.0
41747.0
39803.0
35668.0
32281.0
30541.0
29230.0
28276.0
27385.0
27241.0
29094.0
31811.0
34413.0
35576.0
35272.0
34339.0
33568.0
32381.0
31629.0
31531.0
32952.0
35156.0
36292.0
37044.0
36488.0
36751.0
36107.0
33015.0
29990.0
28120.0
26850.0
25994.0
24987.0
24549.0
25647.0
27084.0
29131.0
31106.0
32702.0
33843.0
34270.0
33496.0
33086.0
33269.0
35110.0
37242.0
38304.0
38914.0
38501.0
38074.0
36585.0
32229.0
28831.0
27617.0
26797.0
26143.0
25611.0
26537.0
31866.0
38229.0
41075.0
42701.0
43448.0
43719.0
43353.0
42451.0
42512.0
43368.0
45970.0
47846.0
47594.0
46179.0
44305.0
42532.0
38330.0
33403.0
29955.0
28653.0
27832.0
27332.0
27167.0
28404.0
34232.0
41340.0
44174.0
45148.0
44667.0
44238.0
44006.0
43059.0
41926.0
41212.0
42731.0
44013.0
43996.0
43557.0
41923.0
40365.0
37115.0
31768.0
28030.0
26768.0
25931.0
25410.0
25156.0
26355.0
32206.0
38307.0
39930.0
39735.0
39020.0
38442.0
37724.0
37110.0
37214.0
38389.0
41864.0
44707.0
45903.0
45817.0
45031.0
43531.0
40140.0
35036.0
31377.0
30004.0
29103.0
28629.0
28390.0
29508.0
35116.0
42105.0
44546.0
45582.0
45428.0
45086.0
44413.0
43413.0
42262.0
41968.0
43455.0
44159.0
44004.0
43587.0
42726.0
41895.0
39448.0
34998.0
31573.0
30189.0
29201.0
28457.0
27926.0
29085.0
34694.0
40628.0
42239.0
42271.0
41922.0
41477.0
40639.0
39350.0
38385.0
38292.0
40169.0
41964.0
42658.0
42455.0
41600.0
40827.0
38539.0
34455.0
31110.0
29717.0
28519.0
27612.0
26582.0
26182.0
28191.0
31554.0
34765.0
35961.0
35649.0
35283.0
34592.0
33785.0
32991.0
33079.0
34760.0
36845.0
37377.0
37227.0
36301.0
35863.0
34926.0
31504.0
28558.0
27076.0
26213.0
25379.0
24245.0
23450.0
24557.0
26113.0
28514.0
30492.0
31366.0
31510.0
31786.0
31207.0
30395.0
30059.0
31773.0
33966.0
35311.0
36018.0
35899.0
35318.0
33811.0
29519.0
26464.0
25389.0
24721.0
24199.0
23889.0
25345.0
31522.0
38308.0
40265.0
40680.0
40710.0
40931.0
40758.0
39707.0
38892.0
39433.0
42087.0
43725.0
44091.0
44148.0
43284.0
42240.0
39558.0
34589.0
31437.0
30420.0
29458.0
28724.0
28389.0
29626.0
35503.0
41845.0
43776.0
43512.0
42671.0
42554.0
42642.0
42107.0
41960.0
42486.0
44417.0
45650.0
45823.0
45665.0
44477.0
43487.0
40911.0
35819.0
32380.0
30878.0
29861.0
29105.0
28682.0
29799.0
35174.0
41251.0
42667.0
42271.0
41126.0
40793.0
40672.0
40342.0
40312.0
40781.0
43001.0
44366.0
44729.0
44680.0
43701.0
42473.0
40110.0
35172.0
31510.0
29932.0
29013.0
28363.0
27866.0
28841.0
34515.0
40531.0
41922.0
41812.0
40902.0
40143.0
38918.0
37478.0
36854.0
37153.0
39255.0
40895.0
41489.0
41741.0
41305.0
40287.0
38321.0
33726.0
30399.0
28590.0
27831.0
27252.0
26908.0
28167.0
33473.0
38965.0
40940.0
41363.0
41084.0
41050.0
40492.0
39526.0
38894.0
38872.0
40783.0
42238.0
42362.0
42090.0
41309.0
40510.0
38804.0
34792.0
31295.0
29321.0
28091.0
27213.0
26518.0
26621.0
29020.0
31999.0
34629.0
35597.0
34969.0
34133.0
33260.0
31980.0
31220.0
31442.0
33171.0
35844.0
37414.0
38112.0
37824.0
37572.0
37240.0
34252.0
31176.0
29509.0
28151.0
27226.0
26151.0
25751.0
26887.0
28578.0
30954.0
32710.0
33238.0
33008.0
32778.0
32212.0
31800.0
32214.0
33926.0
35897.0
37652.0
39086.0
39281.0
39093.0
38469.0
34717.0
31570.0
30187.0
29295.0
28772.0
28303.0
29595.0
35205.0
41536.0
43707.0
43859.0
43259.0
43228.0
42778.0
42556.0
42452.0
42902.0
44623.0
45760.0
46017.0
45884.0
44956.0
44051.0
42256.0
37639.0
34093.0
32232.0
31243.0
30654.0
29949.0
31083.0
36330.0
42338.0
44538.0
44837.0
44022.0
43669.0
43114.0
42491.0
42379.0
42843.0
44442.0
45479.0
45704.0
45419.0
44382.0
43117.0
41187.0
36680.0
32820.0
31091.0
30114.0
29643.0
29315.0
30237.0
35647.0
41437.0
43458.0
43625.0
43583.0
43357.0
42998.0
42698.0
42622.0
43719.0
46038.0
47129.0
47462.0
47157.0
45736.0
44246.0
42245.0
37597.0
33668.0
31847.0
30659.0
29741.0
29196.0
30201.0
35689.0
42081.0
45072.0
46040.0
45950.0
46229.0
45701.0
44695.0
43746.0
43413.0
44628.0
45171.0
44795.0
44199.0
43251.0
42232.0
39909.0
35100.0
31368.0
29463.0
28166.0
27366.0
26588.0
27311.0
32263.0
38243.0
41007.0
41527.0
41303.0
41020.0
40614.0
40429.0
40001.0
40150.0
41597.0
42274.0
41859.0
41124.0
39896.0
38848.0
37102.0
33198.0
30054.0
27961.0
26612.0
25778.0
25290.0
25574.0
27879.0
31165.0
34403.0
36276.0
36615.0
36523.0
35546.0
33890.0
32752.0
32700.0
33844.0
35824.0
36412.0
36250.0
35626.0
35273.0
34508.0
31534.0
28782.0
27008.0
25744.0
25049.0
24163.0
23912.0
25049.0
26730.0
29618.0
32485.0
33767.0
34081.0
33949.0
33497.0
33219.0
33462.0
34996.0
36635.0
37190.0
37512.0
37418.0
37189.0
36208.0
32430.0
29409.0
28130.0
27454.0
27223.0
27001.0
28463.0
34253.0
40201.0
42114.0
41778.0
41745.0
42020.0
41963.0
41473.0
41481.0
42310.0
44599.0
46042.0
46017.0
45285.0
43830.0
42289.0
39692.0
34525.0
31382.0
29840.0
28899.0
28446.0
28306.0
29328.0
34961.0
41489.0
44242.0
45388.0
45260.0
45314.0
44898.0
44664.0
44785.0
45318.0
47647.0
48748.0
48420.0
47043.0
45224.0
43468.0
40059.0
35270.0
31816.0
30284.0
29162.0
28529.0
28264.0
29424.0
35137.0
42228.0
45429.0
46517.0
46638.0
46690.0
46599.0
46018.0
45356.0
45427.0
46875.0
47508.0
46528.0
45135.0
43389.0
41727.0
38185.0
33406.0
30015.0
28758.0
27689.0
27211.0
26850.0
28064.0
33808.0
40826.0
43853.0
44916.0
44984.0
45400.0
45871.0
45598.0
45435.0
45786.0
47530.0
48292.0
47748.0
46628.0
44958.0
43283.0
39922.0
35173.0
31881.0
30296.0
29381.0
28670.0
28454.0
29498.0
34863.0
41332.0
44240.0
45247.0
45342.0
45326.0
45085.0
44180.0
43725.0
43372.0
44671.0
45398.0
44622.0
43452.0
41694.0
40532.0
38390.0
34892.0
30529.0
29212.0
28277.0
27427.0
26807.0
26915.0
29275.0
32907.0
36339.0
37627.0
37063.0
36059.0
34299.0
32264.0
30749.0
30497.0
32079.0
34606.0
36220.0
36695.0
36100.0
35865.0
34818.0
31646.0
28708.0
26877.0
25601.0
24867.0
24058.0
23619.0
24775.0
26345.0
28584.0
30400.0
31154.0
31488.0
31413.0
30142.0
29237.0
29632.0
31904.0
34760.0
36862.0
38395.0
38524.0
38116.0
36626.0
31849.0
28636.0
27239.0
26177.0
25905.0
25795.0
27247.0
33157.0
39999.0
42751.0
43154.0
42582.0
42618.0
42333.0
41115.0
40509.0
40454.0
42562.0
44130.0
44798.0
44669.0
43795.0
42533.0
40153.0
35322.0
31865.0
30518.0
29586.0
29079.0
28919.0
30074.0
35474.0
42204.0
45007.0
45430.0
45231.0
45393.0
45263.0
44380.0
43653.0
43870.0
45788.0
46585.0
46218.0
45506.0
44377.0
43059.0
40640.0
35714.0
32188.0
30634.0
29782.0
29324.0
29123.0
30281.0
35749.0
41949.0
43873.0
43566.0
42891.0
42824.0
42403.0
41368.0
41111.0
42162.0
44230.0
45456.0
45426.0
45287.0
44462.0
43432.0
41368.0
36394.0
32688.0
31154.0
30102.0
29637.0
29334.0
30342.0
35795.0
42157.0
44461.0
44676.0
44251.0
44069.0
43448.0
42575.0
42571.0
43513.0
45590.0
46834.0
46933.0
46250.0
45098.0
44064.0
41907.0
37175.0
33412.0
31594.0
30463.0
29793.0
29481.0
30413.0
35762.0
41999.0
44069.0
43954.0
43532.0
43462.0
43275.0
42517.0
42378.0
42737.0
44137.0
45216.0
44890.0
43886.0
42227.0
41273.0
39827.0
35764.0
32260.0
30347.0
29069.0
28308.0
27667.0
27505.0
29692.0
33108.0
36056.0
37246.0
36351.0
35527.0
34462.0
33074.0
32247.0
32496.0
34255.0
36737.0
38013.0
38341.0
37541.0
37077.0
36116.0
33222.0
30175.0
28524.0
27424.0
26789.0
26210.0
25804.0
26918.0
28843.0
31454.0
33316.0
34519.0
35288.0
35319.0
34387.0
33831.0
34256.0
36108.0
38016.0
39070.0
39705.0
39269.0
38822.0
37477.0
33669.0
30442.0
29147.0
28429.0
28066.0
28103.0
29285.0
34968.0
41543.0
44291.0
45062.0
44705.0
44746.0
44674.0
43865.0
43591.0
43795.0
45594.0
46662.0
46061.0
44928.0
43997.0
43006.0
40126.0
35277.0
31846.0
30447.0
29609.0
29213.0
29136.0
30348.0
35986.0
42762.0
45999.0
46929.0
47216.0
47484.0
47351.0
46917.0
46911.0
47050.0
48501.0
48826.0
48000.0
46729.0
45125.0
43323.0
40170.0
35213.0
31541.0
29713.0
28550.0
27869.0
27655.0
28954.0
34653.0
41268.0
43666.0
43409.0
42327.0
41888.0
41684.0
41231.0
40853.0
41032.0
43312.0
44638.0
44653.0
44506.0
43665.0
42642.0
40170.0
35244.0
31670.0
30171.0
29268.0
28780.0
28606.0
29539.0
34805.0
40846.0
42961.0
42876.0
41902.0
41964.0
41688.0
40863.0
40539.0
40931.0
42722.0
44044.0
44179.0
43845.0
43052.0
42052.0
39241.0
34144.0
30422.0
28777.0
27848.0
27190.0
27035.0
28090.0
33367.0
39638.0
42174.0
42123.0
41734.0
41418.0
40980.0
39625.0
38608.0
38654.0
40200.0
41739.0
42187.0
41945.0
41217.0
40673.0
38339.0
33994.0
30485.0
28636.0
27349.0
26414.0
26202.0
26211.0
28531.0
32262.0
36024.0
38346.0
39111.0
38688.0
38470.0
36192.0
35049.0
35118.0
36445.0
38135.0
38154.0
37634.0
36372.0
36121.0
35015.0
31714.0
28931.0
27268.0
26169.0
25695.0
25428.0
25023.0
26330.0
28536.0
31746.0
34472.0
36082.0
36551.0
36589.0
35734.0
34513.0
34154.0
35751.0
37376.0
37967.0
38281.0
37901.0
37843.0
36591.0
32158.0
28975.0
27573.0
26728.0
26301.0
26382.0
27470.0
33280.0
39380.0
41506.0
41430.0
40378.0
39542.0
38691.0
38459.0
38600.0
39621.0
42220.0
43903.0
44416.0
44436.0
43657.0
42870.0
40422.0
35466.0
31964.0
30562.0
29529.0
29152.0
29001.0
29747.0
35044.0
41356.0
43657.0
43353.0
42088.0
41032.0
40333.0
39582.0
39646.0
40634.0
43367.0
44726.0
44450.0
43897.0
42965.0
41986.0
39065.0
34249.0
30725.0
29126.0
28265.0
27917.0
27809.0
28741.0
34107.0
40746.0
44027.0
45547.0
45645.0
45779.0
45958.0
45567.0
45016.0
45275.0
46706.0
47588.0
46660.0
45707.0
44378.0
43658.0
40307.0
35124.0
31816.0
30314.0
29161.0
28713.0
28818.0
29858.0
35240.0
41816.0
44725.0
44805.0
43780.0
42984.0
42375.0
41042.0
40066.0
39524.0
41126.0
42643.0
43098.0
43165.0
42430.0
41808.0
39198.0
34209.0
30760.0
29118.0
27739.0
26941.0
26958.0
27878.0
32933.0
38788.0
41598.0
42335.0
42321.0
42143.0
42068.0
41426.0
41071.0
41139.0
41829.0
42473.0
42565.0
42270.0
41011.0
40217.0
37606.0
33186.0
29968.0
28361.0
27210.0
26809.0
26498.0
26675.0
28975.0
32147.0
35376.0
37135.0
36973.0
36304.0
36040.0
35675.0
35786.0
36071.0
37427.0
39032.0
39176.0
38739.0
38029.0
38052.0
36594.0
32945.0
30049.0
28439.0
27344.0
26632.0
26266.0
25683.0
26728.0
28628.0
31629.0
34191.0
35659.0
36723.0
37045.0
36145.0
35235.0
35406.0
36818.0
38415.0
39087.0
38825.0
38343.0
38106.0
35794.0
31199.0
28086.0
26903.0
25981.0
25627.0
25772.0
27068.0
32204.0
38265.0
42080.0
42802.0
42499.0
42255.0
42313.0
41607.0
41300.0
41451.0
42592.0
44078.0
44186.0
43620.0
42790.0
41984.0
39183.0
34136.0
30654.0
29361.0
28602.0
28199.0
28317.0
29338.0
34236.0
40159.0
43473.0
43930.0
43282.0
43017.0
42769.0
41995.0
41384.0
41345.0
43008.0
44677.0
45007.0
44638.0
43717.0
43203.0
40718.0
35071.0
31627.0
29815.0
28654.0
27992.0
28001.0
28684.0
33450.0
39246.0
43068.0
44504.0
44304.0
43863.0
43572.0
42194.0
41208.0
40877.0
41856.0
43410.0
43372.0
42439.0
41322.0
40657.0
37488.0
32264.0
29052.0
27575.0
26767.0
26584.0
27033.0
28016.0
32732.0
38426.0
41871.0
42735.0
42204.0
41291.0
40635.0
39527.0
39211.0
39490.0
40647.0
42085.0
42676.0
42714.0
41861.0
41225.0
37814.0
32901.0
29182.0
27418.0
26383.0
25841.0
25940.0
26759.0
31326.0
36705.0
39951.0
40236.0
39883.0
40215.0
40243.0
40271.0
40371.0
40970.0
41901.0
43138.0
43155.0
42285.0
40690.0
39420.0
36205.0
31975.0
28704.0
27055.0
25946.0
25417.0
25141.0
24909.0
27165.0
30358.0
33213.0
35175.0
35866.0
35729.0
35450.0
34537.0
34035.0
34655.0
36571.0
38983.0
39862.0
39537.0
38923.0
38647.0
36341.0
32598.0
29895.0
28444.0
27311.0
26365.0
25955.0
25280.0
25919.0
27898.0
30120.0
31701.0
32551.0
33124.0
33576.0
32412.0
31402.0
31753.0
33624.0
35622.0
36764.0
37113.0
37389.0
37526.0
35239.0
30907.0
27775.0
26510.0
25876.0
25592.0
25833.0
26904.0
31681.0
36979.0
39657.0
39713.0
39103.0
39366.0
39497.0
38979.0
38485.0
38852.0
40914.0
42931.0
43512.0
43212.0
42365.0
41831.0
38517.0
34452.0
30212.0
28741.0
27857.0
27516.0
27593.0
28517.0
33275.0
38447.0
40999.0
41118.0
40371.0
39913.0
39964.0
39486.0
39141.0
39597.0
41345.0
43421.0
43894.0
43042.0
42235.0
41703.0
38370.0
33584.0
30050.0
28626.0
27743.0
27209.0
27320.0
28483.0
32981.0
38737.0
42646.0
44028.0
43946.0
44291.0
44217.0
43414.0
42975.0
42970.0
44218.0
45458.0
45334.0
43755.0
42464.0
41230.0
37455.0
32802.0
29346.0
27768.0
26846.0
26280.0
26195.0
27311.0
31705.0
37203.0
40360.0
41047.0
40814.0
40772.0
40433.0
39411.0
39128.0
39172.0
40461.0
41890.0
42219.0
41477.0
40878.0
40438.0
37109.0
32329.0
28900.0
27314.0
26154.0
25516.0
25557.0
26653.0
31003.0
36148.0
39122.0
39388.0
38794.0
38849.0
38897.0
38333.0
37515.0
37481.0
38656.0
39995.0
40869.0
41032.0
40711.0
40771.0
37737.0
33718.0
30319.0
28641.0
27496.0
26840.0
26598.0
26752.0
28662.0
31729.0
34443.0
35685.0
35456.0
35152.0
34703.0
33746.0
32506.0
31330.0
32498.0
34841.0
36496.0
37238.0
37355.0
37843.0
35623.0
31953.0
29025.0
27344.0
26222.0
25601.0
25418.0
24971.0
25821.0
27614.0
29504.0
31227.0
32196.0
32804.0
32972.0
32093.0
31732.0
32686.0
34350.0
36750.0
37445.0
37580.0
37676.0
37715.0
34937.0
30750.0
27512.0
26292.0
25674.0
25352.0
25650.0
27007.0
31822.0
37169.0
41164.0
42697.0
42813.0
42749.0
42342.0
41353.0
40850.0
41263.0
43075.0
44949.0
45562.0
44962.0
44008.0
43112.0
39009.0
34118.0
30881.0
29459.0
28585.0
28182.0
28412.0
29837.0
34379.0
40152.0
43998.0
45233.0
45069.0
44726.0
44589.0
44378.0
43762.0
43646.0
44950.0
46164.0
45990.0
44969.0
43997.0
42558.0
38413.0
33486.0
29746.0
28237.0
27043.0
26352.0
26448.0
27633.0
32629.0
38604.0
42536.0
44024.0
44015.0
44018.0
44037.0
43086.0
42353.0
42434.0
43350.0
44638.0
44919.0
44312.0
43522.0
42850.0
38762.0
33857.0
30488.0
29040.0
28145.0
27744.0
27923.0
29248.0
33873.0
39306.0
41843.0
41905.0
40984.0
40878.0
40561.0
39869.0
39476.0
39419.0
41011.0
42837.0
43341.0
43202.0
42915.0
42338.0
38900.0
34163.0
30434.0
28822.0
27692.0
27199.0
26983.0
27993.0
32279.0
37453.0
40317.0
40374.0
40306.0
40571.0
40164.0
39458.0
39610.0
40364.0
41744.0
43173.0
43017.0
42208.0
41415.0
40288.0
36830.0
32856.0
29808.0
27902.0
26862.0
26339.0
26292.0
26897.0
28869.0
32138.0
35565.0
37167.0
37310.0
36785.0
35526.0
34125.0
32947.0
32689.0
34230.0
36898.0
38285.0
38616.0
38714.0
39010.0
36382.0
32842.0
29676.0
28011.0
26867.0
26131.0
25922.0
25834.0
26692.0
28422.0
30237.0
31610.0
32346.0
32805.0
33614.0
33192.0
32676.0
33052.0
35216.0
37583.0
38952.0
39257.0
39668.0
39538.0
36308.0
31829.0
28786.0
27573.0
26823.0
26529.0
26810.0
28254.0
32850.0
38539.0
42291.0
43417.0
42527.0
41743.0
41487.0
41209.0
41431.0
42602.0
44294.0
46157.0
46677.0
45942.0
45227.0
43822.0
39057.0
34253.0
30947.0
29453.0
28451.0
28108.0
28268.0
29746.0
34231.0
39779.0
42457.0
42725.0
41515.0
40614.0
40110.0
39145.0
38360.0
38667.0
40358.0
42358.0
43620.0
44099.0
44062.0
43368.0
39341.0
34571.0
31276.0
29808.0
29007.0
28476.0
28747.0
30166.0
34385.0
39951.0
42647.0
42675.0
41447.0
40135.0
39933.0
39194.0
38641.0
38907.0
40531.0
42551.0
43339.0
43180.0
43196.0
41525.0
37412.0
32756.0
29715.0
28505.0
27775.0
27751.0
28041.0
29838.0
34733.0
40709.0
43670.0
43976.0
43102.0
41946.0
40525.0
39259.0
38835.0
38887.0
40707.0
42962.0
44019.0
44013.0
43626.0
42531.0
38751.0
33827.0
30369.0
28781.0
27497.0
26867.0
26822.0
28378.0
32616.0
37687.0
40273.0
40315.0
39101.0
38890.0
38651.0
37819.0
37587.0
37970.0
39119.0
40698.0
41547.0
41702.0
41485.0
40209.0
36309.0
31948.0
28478.0
26789.0
25652.0
24918.0
24686.0
25195.0
27147.0
30065.0
32548.0
33403.0
33042.0
32785.0
32387.0
30926.0
29831.0
29766.0
31702.0
34552.0
35928.0
36247.0
37230.0
36732.0
34047.0
30617.0
27805.0
26433.0
25434.0
24901.0
24891.0
25224.0
26044.0
28285.0
30686.0
32298.0
33605.0
34623.0
35025.0
34998.0
35195.0
36455.0
39166.0
41360.0
41925.0
41799.0
41806.0
40309.0
36817.0
32498.0
29545.0
28477.0
27909.0
27442.0
27734.0
29752.0
34573.0
40481.0
44304.0
45710.0
45764.0
45710.0
45473.0
44829.0
44443.0
44977.0
46615.0
48199.0
48348.0
47788.0
47452.0
44928.0
40128.0
35190.0
31764.0
30370.0
29488.0
29054.0
29269.0
30994.0
35618.0
41431.0
45072.0
45646.0
45555.0
45647.0
45437.0
44797.0
44309.0
44704.0
46283.0
47518.0
47735.0
47180.0
46755.0
43945.0
39183.0
34099.0
30801.0
29117.0
28194.0
27729.0
27960.0
29897.0
34759.0
40895.0
44830.0
45891.0
45822.0
45908.0
45207.0
43910.0
43024.0
42994.0
44163.0
45494.0
45827.0
45663.0
46317.0
44071.0
39628.0
34921.0
31180.0
29563.0
28596.0
28245.0
28509.0
30329.0
34700.0
40194.0
43225.0
43602.0
42645.0
42791.0
42370.0
41837.0
41405.0
41818.0
43329.0
45001.0
45416.0
45397.0
45914.0
43980.0
39464.0
34331.0
31018.0
29648.0
28588.0
28376.0
28631.0
30424.0
34856.0
40201.0
42920.0
42948.0
41916.0
41420.0
40805.0
39702.0
39310.0
39693.0
41398.0
43561.0
44350.0
44346.0
44833.0
42634.0
38743.0
34591.0
31388.0
29688.0
28553.0
27861.0
27707.0
28292.0
30068.0
33292.0
36512.0
37716.0
37126.0
36329.0
35335.0
33743.0
33071.0
33230.0
35253.0
38047.0
39094.0
39503.0
40420.0
39274.0
36533.0
32817.0
30026.0
28634.0
27539.0
26959.0
26764.0
27016.0
27487.0
29311.0
31485.0
32803.0
32945.0
32478.0
32202.0
31341.0
30872.0
31509.0
33546.0
36002.0
37537.0
38329.0
39430.0
38342.0
35566.0
31652.0
28617.0
27045.0
25892.0
25383.0
25231.0
26072.0
28062.0
31052.0
33868.0
34821.0
34300.0
33354.0
32669.0
31645.0
31669.0
32423.0
35440.0
38897.0
40474.0
40863.0
41963.0
40613.0
37059.0
32899.0
29950.0
28680.0
27724.0
27288.0
27614.0
29540.0
34443.0
40206.0
43759.0
44629.0
44059.0
44035.0
43918.0
43433.0
43750.0
44302.0
46014.0
47352.0
47389.0
46943.0
46829.0
44061.0
39556.0
34524.0
30907.0
29338.0
28428.0
27913.0
28148.0
30096.0
35264.0
41214.0
45350.0
46743.0
46375.0
46149.0
45489.0
44470.0
43744.0
43990.0
45513.0
47178.0
47168.0
46995.0
47468.0
44810.0
40004.0
35098.0
31667.0
30207.0
29298.0
28871.0
29168.0
31055.0
35949.0
41513.0
43973.0
43844.0
42725.0
42555.0
42600.0
42003.0
41976.0
42736.0
44219.0
46098.0
46673.0
46959.0
47739.0
45075.0
40436.0
36186.0
32069.0
30486.0
29516.0
29021.0
29201.0
31047.0
35921.0
41273.0
43529.0
43004.0
41518.0
40913.0
40776.0
40175.0
39575.0
39685.0
40948.0
43104.0
44124.0
44345.0
44884.0
42200.0
38498.0
34304.0
31110.0
29399.0
28399.0
27711.0
27615.0
28417.0
30397.0
33587.0
36188.0
36917.0
35952.0
35143.0
34661.0
33640.0
32900.0
33485.0
35455.0
38480.0
40090.0
40666.0
40859.0
38755.0
35418.0
31713.0
28654.0
27036.0
25877.0
25050.0
24701.0
24925.0
25590.0
27875.0
31057.0
33648.0
35199.0
36115.0
37157.0
37117.0
36891.0
37867.0
39974.0
42118.0
42359.0
42414.0
42731.0
39868.0
36005.0
31642.0
28739.0
27792.0
27244.0
27049.0
27382.0
29620.0
35482.0
41946.0
45648.0
46499.0
46687.0
46716.0
46571.0
45805.0
45473.0
45828.0
47365.0
48957.0
49125.0
48988.0
48176.0
44531.0
39386.0
34192.0
30869.0
29649.0
28748.0
28333.0
28587.0
30539.0
36424.0
43571.0
46532.0
47063.0
47194.0
47014.0
46503.0
45732.0
45159.0
44956.0
46449.0
48105.0
48471.0
48449.0
48294.0
43991.0
38786.0
33208.0
29627.0
28080.0
27436.0
26986.0
27224.0
29419.0
35558.0
42471.0
44337.0
43794.0
42296.0
42203.0
42351.0
41988.0
41566.0
41760.0
44307.0
46531.0
47286.0
48365.0
48475.0
44695.0
39613.0
34449.0
31092.0
29775.0
29105.0
28699.0
28963.0
31061.0
36933.0
43447.0
45090.0
45135.0
44268.0
44279.0
44275.0
43884.0
43826.0
44378.0
46853.0
48065.0
48373.0
48275.0
46888.0
42471.0
37263.0
32416.0
29227.0
27704.0
26914.0
26686.0
26895.0
29003.0
35301.0
42770.0
45584.0
46274.0
45437.0
44933.0
44273.0
43014.0
41590.0
40933.0
43101.0
44782.0
45522.0
46072.0
45952.0
42508.0
37974.0
33567.0
30280.0
28652.0
27626.0
26818.0
26654.0
27535.0
29833.0
33588.0
36923.0
37862.0
37781.0
37808.0
37544.0
36244.0
35281.0
35856.0
37816.0
40676.0
42196.0
42924.0
43126.0
40261.0
36852.0
33004.0
29897.0
28469.0
27407.0
26492.0
26135.0
26444.0
27495.0
29550.0
32555.0
35130.0
36373.0
36964.0
37116.0
36687.0
36215.0
36616.0
38444.0
40487.0
41146.0
42110.0
41842.0
38720.0
33821.0
29496.0
26281.0
25280.0
24832.0
24351.0
24487.0
26867.0
33676.0
41072.0
43608.0
43599.0
42989.0
42177.0
41232.0
39958.0
39356.0
39956.0
42774.0
45326.0
46220.0
47188.0
46390.0
42559.0
37212.0
31791.0
28446.0
27237.0
26574.0
26168.0
26384.0
28801.0
35405.0
42412.0
43411.0
42110.0
40969.0
40716.0
41343.0
41247.0
41823.0
42753.0
46115.0
48498.0
49364.0
49990.0
48562.0
43815.0
38112.0
32512.0
29158.0
28147.0
27475.0
26560.0
26464.0
28567.0
34962.0
41850.0
43056.0
42190.0
41289.0
41083.0
40990.0
40315.0
40057.0
40470.0
43728.0
46467.0
49277.0
49361.0
49179.0
45062.0
39875.0
34372.0
31062.0
29765.0
28958.0
28327.0
28304.0
30414.0
36925.0
43861.0
45388.0
44483.0
42626.0
42051.0
41910.0
40955.0
40760.0
41109.0
44181.0
46734.0
48255.0
49746.0
49038.0
44802.0
39614.0
34449.0
31045.0
29994.0
29412.0
28954.0
29176.0
31351.0
37902.0
44830.0
46488.0
45616.0
44567.0
44142.0
43861.0
43410.0
42745.0
42663.0
44865.0
46748.0
47929.0
48923.0
47526.0
43799.0
39489.0
34820.0
31436.0
30051.0
29169.0
28452.0
28229.0
29088.0
31793.0
35293.0
38965.0
40479.0
40403.0
40294.0
39650.0
38924.0
38217.0
38772.0
40848.0
43604.0
44920.0
45884.0
44704.0
41941.0
38398.0
34351.0
31242.0
29893.0
28932.0
28216.0
27781.0
28140.0
29549.0
31863.0
35394.0
38144.0
38972.0
39134.0
39048.0
38385.0
37723.0
38320.0
40441.0
43092.0
44833.0
46986.0
45928.0
42282.0
37740.0
33256.0
30067.0
29336.0
28848.0
28432.0
28669.0
30986.0
38043.0
45728.0
47412.0
47359.0
46362.0
45563.0
45055.0
44773.0
44991.0
46035.0
49127.0
51349.0
52124.0
53203.0
51275.0
46975.0
41172.0
35934.0
32528.0
31650.0
31120.0
30578.0
30841.0
33111.0
40140.0
47088.0
48271.0
47108.0
45458.0
44418.0
44027.0
43469.0
43426.0
44062.0
46958.0
49393.0
51133.0
53084.0
51313.0
46454.0
40604.0
35004.0
31700.0
30893.0
30118.0
29553.0
29644.0
31911.0
38856.0
46080.0
47616.0
47331.0
46341.0
45812.0
45748.0
45386.0
45420.0
46143.0
48898.0
50874.0
51351.0
52152.0
49436.0
44424.0
39019.0
34014.0
30865.0
29840.0
29350.0
28860.0
28938.0
31153.0
38032.0
45086.0
46864.0
47470.0
47079.0
47019.0
47050.0
46246.0
45765.0
45766.0
47948.0
49762.0
50865.0
52379.0
50806.0
46401.0
40883.0
35651.0
32276.0
31457.0
31024.0
30262.0
30282.0
32414.0
39127.0
46224.0
47122.0
45426.0
43300.0
42282.0
41690.0
41059.0
41045.0
41679.0
44546.0
46603.0
47755.0
48986.0
46769.0
42921.0
38539.0
34206.0
30968.0
29741.0
28851.0
28037.0
27668.0
28533.0
31594.0
35567.0
39780.0
41236.0
40572.0
39245.0
37677.0
36196.0
35650.0
36211.0
38560.0
42100.0
43894.0
44957.0
42638.0
39337.0
35878.0
32606.0
29562.0
28535.0
27694.0
26674.0
26197.0
26630.0
28476.0
30873.0
34080.0
36417.0
37146.0
37064.0
37194.0
36824.0
37138.0
38478.0
41307.0
44234.0
45921.0
47258.0
45108.0
41469.0
37359.0
32943.0
30140.0
29490.0
29049.0
28659.0
28888.0
31197.0
38492.0
46363.0
49067.0
49267.0
48913.0
48464.0
48294.0
47662.0
47267.0
47730.0
50091.0
51821.0
52759.0
53457.0
51103.0
46495.0
40862.0
35677.0
32422.0
31502.0
30840.0
30200.0
30291.0
32341.0
39379.0
46752.0
48934.0
48913.0
47601.0
46757.0
46003.0
45405.0
45099.0
45621.0
48363.0
50545.0
51967.0
53617.0
50532.0
45573.0
40171.0
34755.0
31530.0
30710.0
30015.0
29291.0
29284.0
31183.0
38226.0
45155.0
46963.0
47037.0
45928.0
45186.0
44379.0
44152.0
44707.0
45897.0
48779.0
50928.0
52072.0
52187.0
48972.0
44359.0
39348.0
34245.0
30954.0
29867.0
29277.0
29022.0
29181.0
31686.0
38903.0
46573.0
48000.0
47478.0
46034.0
45139.0
44250.0
43149.0
42759.0
43793.0
47014.0
49451.0
51151.0
52922.0
49834.0
45073.0
39694.0
34465.0
30776.0
29595.0
29128.0
28415.0
28605.0
30682.0
37530.0
45141.0
47866.0
48328.0
47592.0
46947.0
45810.0
44087.0
42982.0
42945.0
45178.0
47177.0
48743.0
49853.0
46744.0
42956.0
38473.0
34121.0
31104.0
29685.0
28672.0
28012.0
27891.0
28956.0
31917.0
36092.0
40632.0
42228.0
41793.0
40203.0
38907.0
38059.0
38272.0
39478.0
41833.0
44861.0
47117.0
47172.0
44653.0
41574.0
38083.0
34796.0
30859.0
29527.0
28412.0
27173.0
26398.0
26488.0
28613.0
31285.0
35167.0
38463.0
39589.0
40259.0
40423.0
39408.0
38763.0
39308.0
41661.0
43724.0
44855.0
45002.0
42020.0
38180.0
33616.0
29141.0
25986.0
25084.0
24784.0
24347.0
24545.0
27064.0
34670.0
42475.0
43718.0
42773.0
41774.0
41645.0
41885.0
41840.0
42368.0
43379.0
46361.0
49095.0
50768.0
51366.0
47803.0
42916.0
37417.0
31843.0
28758.0
28081.0
27464.0
26958.0
27133.0
29688.0
37297.0
44497.0
45399.0
43828.0
41911.0
41877.0
42476.0
42381.0
42865.0
44133.0
47494.0
50613.0
53052.0
53517.0
50354.0
45249.0
39283.0
33693.0
29878.0
28786.0
28125.0
27489.0
27437.0
29940.0
37429.0
45235.0
46790.0
46555.0
45862.0
45955.0
45693.0
45290.0
45523.0
46210.0
49186.0
51873.0
53978.0
53788.0
50045.0
45078.0
39246.0
33384.0
29467.0
28470.0
28005.0
27313.0
27203.0
29583.0
37055.0
44981.0
46449.0
45039.0
42521.0
41008.0
40646.0
39955.0
39893.0
41092.0
44618.0
48322.0
51213.0
53040.0
49864.0
45204.0
39620.0
34564.0
31229.0
30821.0
30463.0
29857.0
30123.0
32522.0
40160.0
47811.0
48691.0
46795.0
44672.0
44243.0
44136.0
43576.0
43828.0
44801.0
48034.0
50667.0
52767.0
52270.0
48133.0
43938.0
38803.0
33942.0
30403.0
29035.0
27953.0
26598.0
26048.0
26747.0
29940.0
34568.0
38979.0
41427.0
41671.0
41360.0
40969.0
40154.0
39566.0
40145.0
42453.0
45491.0
47580.0
47064.0
44099.0
40904.0
37311.0
33641.0
30884.0
30014.0
29503.0
28619.0
28090.0
28690.0
30736.0
33585.0
37207.0
39659.0
40547.0
40562.0
40767.0
40143.0
40240.0
41476.0
44394.0
47322.0
49719.0
49863.0
46773.0
42959.0
38324.0
33708.0
30707.0
30375.0
30048.0
29216.0
29298.0
31702.0
39299.0
47643.0
49070.0
49451.0
48704.0
48134.0
48028.0
47855.0
48008.0
48715.0
51442.0
53982.0
55770.0
54731.0
50746.0
45661.0
39589.0
34044.0
30470.0
29378.0
28566.0
27664.0
27826.0
30131.0
37881.0
46082.0
48239.0
47933.0
47076.0
46735.0
46168.0
45572.0
45345.0
46018.0
48452.0
50962.0
53432.0
52753.0
48363.0
43344.0
37549.0
32102.0
28687.0
27914.0
27312.0
26327.0
26160.0
28528.0
35817.0
44182.0
46417.0
46877.0
46717.0
46619.0
46363.0
45883.0
45945.0
46559.0
49373.0
51591.0
53208.0
52084.0
48128.0
43356.0
37857.0
32975.0
29978.0
29444.0
28929.0
28334.0
28560.0
31036.0
38682.0
46903.0
47734.0
46696.0
44902.0
43232.0
42798.0
42599.0
42710.0
43778.0
47435.0
50483.0
53491.0
53272.0
49431.0
44296.0
38813.0
33426.0
29817.0
28802.0
28074.0
27338.0
27143.0
29340.0
36456.0
44815.0
47103.0
47153.0
46610.0
45795.0
45260.0
44318.0
43800.0
43724.0
46153.0
48756.0
50727.0
49613.0
45800.0
41701.0
37197.0
32843.0
29555.0
28577.0
27857.0
26989.0
26731.0
27916.0
31273.0
35880.0
39928.0
41847.0
41581.0
40759.0
40489.0
39714.0
39114.0
39538.0
41756.0
45564.0
48095.0
46774.0
43730.0
40108.0
36546.0
32455.0
29197.0
27706.0
26727.0
25800.0
25205.0
25698.0
27700.0
30593.0
34446.0
37714.0
38993.0
38770.0
38386.0
37031.0
35966.0
37083.0
40753.0
44979.0
48205.0
47510.0
45100.0
42133.0
38027.0
33606.0
30572.0
30048.0
29668.0
29054.0
29018.0
31212.0
38161.0
45995.0
48054.0
48137.0
47548.0
46367.0
45462.0
44212.0
43461.0
43747.0
46587.0
49082.0
51171.0
49898.0
45879.0
41066.0
36001.0
31202.0
27791.0
27096.0
26745.0
26233.0
26407.0
28759.0
36063.0
44152.0
45602.0
45193.0
44061.0
43771.0
44108.0
44249.0
44404.0
46062.0
50010.0
53390.0
55999.0
54857.0
51361.0
47091.0
41574.0
36424.0
33144.0
32321.0
31856.0
30997.0
31068.0
33160.0
40509.0
48674.0
50811.0
51346.0
51388.0
50764.0
50623.0
49919.0
49982.0
50983.0
53565.0
56093.0
57862.0
55824.0
51833.0
46808.0
41284.0
36052.0
32809.0
32254.0
31602.0
30594.0
30730.0
32886.0
39958.0
48311.0
50192.0
50612.0
50685.0
50555.0
50625.0
50563.0
50403.0
50630.0
53257.0
55182.0
56508.0
54096.0
50132.0
45589.0
39980.0
34901.0
31650.0
31097.0
30734.0
30043.0
30081.0
32244.0
38993.0
47386.0
49911.0
50088.0
48857.0
47977.0
47203.0
45998.0
45738.0
46392.0
48990.0
51677.0
54169.0
51992.0
47964.0
43600.0
38852.0
33962.0
29988.0
28699.0
27797.0
26529.0
25891.0
26936.0
30242.0
34585.0
38353.0
39694.0
39274.0
39022.0
38911.0
38247.0
38225.0
39241.0
42384.0
46421.0
48998.0
46691.0
43192.0
39491.0
35693.0
31708.0
28432.0
27521.0
26977.0
25892.0
25192.0
25248.0
27134.0
30392.0
33954.0
36709.0
37998.0
38188.0
38492.0
38237.0
38088.0
38702.0
41953.0
45833.0
49027.0
47255.0
44476.0
41329.0
37682.0
33252.0
30491.0
30376.0
30214.0
29679.0
29652.0
31822.0
38719.0
46321.0
50065.0
50659.0
50409.0
50386.0
50389.0
50023.0
50026.0
50579.0
52433.0
55569.0
57598.0
55288.0
51307.0
46282.0
40778.0
35694.0
32477.0
31939.0
31619.0
30601.0
30023.0
31728.0
37731.0
45337.0
48618.0
49487.0
48905.0
48447.0
47734.0
46952.0
46904.0
47827.0
50498.0
54071.0
56386.0
53916.0
49849.0
45081.0
39458.0
33991.0
30583.0
29944.0
29471.0
28529.0
28835.0
31148.0
37854.0
45443.0
48390.0
47919.0
46548.0
45192.0
43941.0
42623.0
42642.0
44239.0
47746.0
52837.0
55972.0
54181.0
50295.0
45669.0
40615.0
35343.0
31835.0
31461.0
30998.0
30125.0
30150.0
32389.0
38884.0
46412.0
50215.0
51322.0
50794.0
50545.0
50474.0
50297.0
50401.0
50700.0
52453.0
54933.0
57468.0
55500.0
51707.0
47016.0
41703.0
36537.0
33012.0
32486.0
32047.0
31231.0
31176.0
33270.0
39963.0
47630.0
50527.0
49933.0
47710.0
45942.0
44890.0
43657.0
43491.0
44587.0
47834.0
51688.0
54758.0
52057.0
48350.0
44304.0
39531.0
34852.0
31286.0
30471.0
29789.0
28445.0
27575.0
28077.0
31157.0
35865.0
39721.0
41713.0
41652.0
40722.0
39747.0
38484.0
38260.0
38913.0
41616.0
45740.0
47885.0
44822.0
41657.0
38319.0
34803.0
31090.0
27997.0
27859.0
27366.0
27296.0
27139.0
26114.0
25712.0
25609.0
27140.0
30272.0
33424.0
37079.0
39258.0
39577.0
39281.0
39563.0
39761.0
40841.0
43833.0
48480.0
53274.0
51925.0
49188.0
46268.0
42595.0
38539.0
34555.0
33600.0
32712.0
31765.0
31567.0
31958.0
34974.0
42509.0
49489.0
51144.0
50967.0
49665.0
48994.0
49000.0
48944.0
50152.0
52332.0
57333.0
61090.0
59979.0
56697.0
53031.0
47481.0
41311.0
36168.0
34515.0
33547.0
32317.0
31636.0
31892.0
34642.0
41950.0
48942.0
50706.0
50566.0
50262.0
50382.0
50176.0
49821.0
50396.0
52017.0
55945.0
58592.0
56625.0
54145.0
50689.0
45838.0
33833.0
32617.0
31511.0
30984.0
31052.0
33393.0
40676.0
47472.0
48937.0
49239.0
48650.0
49021.0
49014.0
48771.0
49327.0
50816.0
54897.0
60449.0
59095.0
56429.0
52841.0
47776.0
42522.0
37624.0
35879.0
34711.0
33333.0
32651.0
32644.0
35034.0
42315.0
49669.0
51847.0
52424.0
51930.0
51487.0
51448.0
51571.0
52272.0
53634.0
57713.0
62113.0
60886.0
58623.0
54665.0
49626.0
43823.0
38920.0
36999.0
35502.0
33964.0
33093.0
32763.0
34742.0
41799.0
49162.0
51812.0
52428.0
51527.0
50953.0
50851.0
50213.0
50497.0
51409.0
54896.0
59071.0
57197.0
54171.0
50410.0
46252.0
41619.0
37549.0
35562.0
34048.0
32351.0
30932.0
30030.0
30821.0
34056.0
37946.0
42366.0
44969.0
45015.0
44174.0
43659.0
42652.0
42142.0
43826.0
48557.0
53764.0
51630.0
48000.0
45494.0
42470.0
38922.0
35454.0
34092.0
32476.0
30790.0
29608.0
28775.0
29169.0
30990.0
33062.0
36180.0
38526.0
39217.0
39728.0
41353.0
41883.0
42993.0
45746.0
51199.0
55821.0
54324.0
51548.0
48931.0
45512.0
41077.0
37040.0
35671.0
34838.0
33957.0
33399.0
33466.0
35921.0
43917.0
52170.0
53099.0
52502.0
51027.0
49876.0
49949.0
50106.0
51172.0
53170.0
57951.0
61706.0
59713.0
57099.0
52846.0
47295.0
40958.0
35603.0
33800.0
32477.0
31197.0
30390.0
30150.0
32612.0
40415.0
48780.0
51406.0
52418.0
53032.0
53635.0
54178.0
54496.0
54839.0
56107.0
60208.0
63480.0
61879.0
59938.0
56290.0
51096.0
45001.0
39945.0
38221.0
36898.0
35465.0
34697.0
34417.0
36746.0
44624.0
52906.0
54195.0
53624.0
52139.0
51525.0
51382.0
51424.0
52355.0
54701.0
59485.0
62471.0
61332.0
59233.0
55201.0
49370.0
43220.0
38043.0
36111.0
34943.0
33666.0
32635.0
32255.0
34449.0
42197.0
50383.0
52323.0
52972.0
52671.0
52126.0
51769.0
51389.0
51651.0
52973.0
57645.0
61371.0
60459.0
58027.0
54490.0
49059.0
43156.0
37376.0
35150.0
33295.0
31648.0
30404.0
29833.0
31880.0
39097.0
47267.0
49045.0
48201.0
46708.0
46083.0
46327.0
46469.0
48139.0
50292.0
55251.0
59197.0
57982.0
55672.0
52164.0
47579.0
43079.0
39217.0
37391.0
36022.0
34480.0
33353.0
32590.0
33316.0
36169.0
40304.0
44915.0
48074.0
48366.0
47826.0
47496.0
47118.0
47580.0
48840.0
53144.0
56863.0
55438.0
52145.0
49123.0
45438.0
41880.0
38322.0
36479.0
34702.0
32643.0
31207.0
30035.0
29687.0
31382.0
33469.0
36850.0
39099.0
40055.0
40381.0
41299.0
41575.0
42858.0
45827.0
51821.0
56113.0
54714.0
51923.0
48733.0
45245.0
40568.0
36451.0
35714.0
35224.0
34345.0
33821.0
33862.0
36626.0
45087.0
53896.0
55907.0
56877.0
56813.0
57003.0
57302.0
57160.0
57498.0
58943.0
62915.0
65063.0
63405.0
60984.0
56400.0
50801.0
44292.0
38990.0
37005.0
35841.0
34512.0
33949.0
34000.0
36654.0
44386.0
52990.0
55328.0
56492.0
56329.0
56177.0
56196.0
55901.0
56231.0
57319.0
61715.0
63697.0
62745.0
60683.0
56690.0
51163.0
45080.0
39947.0
38404.0
37493.0
36247.0
35378.0
35265.0
37519.0
45114.0
53617.0
55300.0
55794.0
55237.0
55194.0
55499.0
55484.0
55543.0
56569.0
60771.0
63175.0
61639.0
59015.0
55170.0
49676.0
43682.0
38438.0
36287.0
34932.0
33190.0
31924.0
31529.0
33571.0
41216.0
49334.0
50956.0
50813.0
49595.0
49905.0
50667.0
51023.0
51979.0
53989.0
58928.0
61585.0
60459.0
58894.0
55590.0
50840.0
44991.0
40126.0
38501.0
37171.0
35959.0
35083.0
34712.0
37023.0
44287.0
52488.0
54330.0
53617.0
52245.0
51180.0
50981.0
51015.0
51852.0
53524.0
58051.0
60767.0
58794.0
56430.0
52619.0
47809.0
42751.0
38304.0
36477.0
34873.0
32875.0
31640.0
30971.0
31867.0
35563.0
40017.0
44269.0
46962.0
47937.0
48447.0
48774.0
48527.0
48759.0
50038.0
53489.0
56290.0
54605.0
51397.0
48830.0
45302.0
41773.0
38333.0
37125.0
35800.0
34307.0
33148.0
32347.0
32697.0
34964.0
37648.0
41486.0
45054.0
46429.0
46742.0
47093.0
47769.0
48944.0
51642.0
57350.0
59971.0
58331.0
55196.0
51834.0
47524.0
42631.0
37817.0
36220.0
35177.0
33681.0
32520.0
32046.0
34134.0
41937.0
50861.0
53561.0
54603.0
54554.0
54864.0
55142.0
54766.0
54673.0
56004.0
60486.0
62731.0
61233.0
58702.0
55261.0
49777.0
43911.0
38907.0
37355.0
36164.0
34535.0
33394.0
32911.0
34927.0
42483.0
51132.0
53098.0
53783.0
53440.0
53251.0
53221.0
52922.0
52620.0
53879.0
58335.0
59712.0
57722.0
55274.0
51650.0
46021.0
40272.0
35284.0
33845.0
32931.0
31655.0
30909.0
30732.0
32551.0
40123.0
48936.0
51066.0
51603.0
51322.0
51388.0
51657.0
51442.0
51979.0
53271.0
57480.0
59427.0
57940.0
55969.0
52586.0
47210.0
41989.0
37307.0
35428.0
34138.0
32566.0
31227.0
30594.0
32786.0
40445.0
49097.0
50794.0
50294.0
48701.0
48025.0
48539.0
49374.0
50696.0
53080.0
58772.0
61672.0
60374.0
58450.0
55462.0
50615.0
45111.0
40157.0
38777.0
37356.0
36107.0
35216.0
34841.0
37002.0
44612.0
53634.0
55405.0
55118.0
53831.0
53106.0
52657.0
52232.0
53156.0
54902.0
59955.0
62314.0
60823.0
59068.0
55397.0
50616.0
45853.0
41773.0
40034.0
38500.0
36689.0
35158.0
34056.0
34692.0
38058.0
42401.0
46730.0
48955.0
48269.0
47047.0
46607.0
46464.0
47124.0
49165.0
54319.0
57492.0
56165.0
53087.0
49818.0
46000.0
42001.0
38452.0
36974.0
35699.0
34123.0
32800.0
31955.0
32169.0
34188.0
36934.0
40714.0
44169.0
45867.0
46673.0
47974.0
48895.0
50023.0
52404.0
57782.0
59771.0
58534.0
55348.0
51406.0
46913.0
41163.0
36389.0
35002.0
33973.0
32388.0
31363.0
31118.0
33862.0
41943.0
51221.0
54293.0
55262.0
54895.0
54867.0
54986.0
55115.0
55771.0
57446.0
62087.0
63891.0
62426.0
60417.0
56582.0
51043.0
45000.0
39841.0
38490.0
38078.0
36596.0
35804.0
35458.0
37785.0
45396.0
54094.0
56022.0
55972.0
55117.0
54122.0
54053.0
54669.0
55919.0
58303.0
63239.0
64624.0
63349.0
61792.0
58006.0
52330.0
45886.0
40374.0
38925.0
37917.0
36704.0
35512.0
35062.0
37369.0
45272.0
54971.0
57279.0
57757.0
56739.0
56206.0
56535.0
56841.0
57579.0
59762.0
63249.0
64530.0
64218.0
62632.0
59499.0
53917.0
47486.0
42168.0
40375.0
39507.0
38160.0
36888.0
36213.0
38268.0
46047.0
55744.0
57817.0
57798.0
56663.0
55949.0
56180.0
56392.0
57396.0
59577.0
63435.0
64056.0
63720.0
62767.0
59172.0
53743.0
47756.0
42366.0
40783.0
39782.0
38354.0
37527.0
37182.0
39580.0
47539.0
56809.0
59745.0
59787.0
58433.0
57567.0
57052.0
57088.0
58002.0
59797.0
63034.0
64348.0
63445.0
61164.0
57830.0
53161.0
47849.0
43583.0
42046.0
40684.0
39014.0
37633.0
36433.0
37095.0
40244.0
44821.0
49521.0
52991.0
53810.0
53478.0
52943.0
52287.0
52374.0
53040.0
57290.0
59888.0
58217.0
54799.0
51673.0
47776.0
43714.0
40029.0
38921.0
37585.0
35657.0
34045.0
32979.0
33031.0
34905.0
37737.0
41281.0
46220.0
48900.0
49481.0
50500.0
50441.0
50730.0
52725.0
58003.0
59793.0
58511.0
55631.0
52404.0
48450.0
43585.0
38955.0
37831.0
37379.0
35985.0
34904.0
34486.0
36727.0
45000.0
54256.0
56818.0
58006.0
57402.0
56827.0
56745.0
56721.0
57364.0
59122.0
62916.0
63910.0
62851.0
61204.0
57346.0
52109.0
46032.0
40450.0
38733.0
37912.0
36072.0
34756.0
34150.0
36433.0
44019.0
53309.0
55976.0
57004.0
57042.0
57071.0
57307.0
56869.0
57051.0
58174.0
62056.0
63326.0
61798.0
59794.0
55859.0
50455.0
44695.0
39240.0
37557.0
36572.0
35203.0
33825.0
33176.0
35309.0
43229.0
52253.0
54182.0
54713.0
54313.0
54126.0
53807.0
53871.0
54030.0
55503.0
59867.0
60513.0
58642.0
56949.0
53335.0
47844.0
41758.0
36672.0
34876.0
33770.0
32212.0
31122.0
30637.0
32878.0
40795.0
49755.0
51973.0
52688.0
52635.0
52517.0
52339.0
52483.0
52939.0
54998.0
59855.0
61730.0
60617.0
59028.0
55657.0
50992.0
45334.0
39991.0
38349.0
37349.0
35873.0
34980.0
34760.0
36708.0
44063.0
52882.0
55977.0
56402.0
55373.0
54258.0
53869.0
53996.0
55029.0
57255.0
62212.0
63853.0
61924.0
59688.0
56498.0
52059.0
47285.0
42965.0
41095.0
39975.0
38507.0
37667.0
36976.0
37642.0
40960.0
45547.0
50196.0
53189.0
53805.0
53957.0
54281.0
54360.0
54608.0
56422.0
60919.0
63187.0
61496.0
58490.0
55505.0
51782.0
47649.0
44006.0
42638.0
41144.0
39205.0
37702.0
36549.0
36161.0
37602.0
40285.0
44835.0
50458.0
54172.0
56040.0
57320.0
57284.0
57176.0
58313.0
62291.0
63835.0
62194.0
59923.0
57022.0
52597.0
47644.0
43024.0
41428.0
40780.0
39497.0
38427.0
37275.0
38872.0
46638.0
56274.0
60744.0
63524.0
63641.0
63593.0
63612.0
62883.0
62809.0
64051.0
67173.0
67908.0
67041.0
65666.0
62287.0
57509.0
51067.0
45633.0
44031.0
43242.0
42249.0
41617.0
41363.0
43514.0
51303.0
60078.0
63047.0
64366.0
63435.0
62706.0
62907.0
62508.0
62728.0
64134.0
67063.0
66879.0
65795.0
64978.0
61217.0
55470.0
48844.0
43031.0
41503.0
40956.0
39752.0
38834.0
38179.0
40029.0
47227.0
55764.0
58860.0
60061.0
59954.0
59720.0
59557.0
59448.0
59599.0
61342.0
65321.0
65942.0
64996.0
63320.0
60221.0
54939.0
48991.0
42695.0
41086.0
40095.0
38769.0
37819.0
37341.0
39423.0
47050.0
56319.0
59096.0
60081.0
59319.0
58785.0
58499.0
58507.0
59432.0
61508.0
65898.0
66663.0
65947.0
64394.0
61113.0
55852.0
49443.0
43964.0
42197.0
41210.0
39740.0
38471.0
37530.0
39139.0
46726.0
56140.0
59124.0
59032.0
57869.0
57173.0
56728.0
56350.0
57044.0
58687.0
63185.0
64751.0
62869.0
60722.0
57489.0
53131.0
48320.0
44071.0
42194.0
40708.0
39508.0
38501.0
37592.0
38152.0
41320.0
45869.0
50678.0
54115.0
54701.0
53986.0
53748.0
54173.0
54988.0
56496.0
60604.0
62931.0
61598.0
58389.0
55372.0
51938.0
47989.0
44385.0
43003.0
41355.0
39751.0
38486.0
37304.0
36950.0
38368.0
40665.0
44406.0
49122.0
52129.0
53563.0
54478.0
53782.0
53246.0
54469.0
58710.0
60161.0
58259.0
56026.0
53370.0
49459.0
44904.0
40644.0
39392.0
38860.0
38044.0
37327.0
37269.0
39576.0
47158.0
55967.0
59598.0
60461.0
59392.0
58474.0
57957.0
57924.0
58688.0
60629.0
65229.0
66704.0
65848.0
63710.0
60518.0
55334.0
49095.0
43583.0
41967.0
41189.0
39818.0
38826.0
38392.0
40365.0
47856.0
56802.0
60346.0
60719.0
59553.0
59055.0
58938.0
58657.0
58964.0
60590.0
64371.0
65674.0
64177.0
62057.0
58311.0
52935.0
46917.0
41550.0
39863.0
38863.0
37519.0
36486.0
36090.0
38123.0
45040.0
53602.0
56507.0
58044.0
57814.0
57310.0
57055.0
56945.0
57276.0
58699.0
62470.0
63730.0
62160.0
59916.0
56892.0
52088.0
46924.0
41952.0
40243.0
39067.0
37422.0
36221.0
35393.0
37082.0
43537.0
51405.0
55528.0
56754.0
56674.0
56600.0
56480.0
56010.0
56038.0
57192.0
60752.0
62350.0
60868.0
58887.0
55529.0
51045.0
46098.0
41463.0
39638.0
38402.0
36674.0
35357.0
34596.0
36256.0
42009.0
48803.0
52652.0
53902.0
53243.0
52704.0
52226.0
51290.0
50785.0
51536.0
55216.0
57571.0
56261.0
53964.0
50723.0
46599.0
42337.0
38100.0
36351.0
34628.0
32538.0
30823.0
29773.0
30190.0
32731.0
36437.0
40149.0
43625.0
44885.0
45356.0
45284.0
44888.0
44746.0
46029.0
50273.0
52805.0
51538.0
49584.0
46784.0
43357.0
39538.0
35879.0
34066.0
32542.0
30190.0
28685.0
27425.0
27246.0
29229.0
32322.0
36582.0
41258.0
43587.0
44115.0
44622.0
44395.0
44121.0
45197.0
48951.0
50162.0
48414.0
45830.0
43180.0
39924.0
36641.0
33472.0
31861.0
30223.0
27929.0
26517.0
25816.0
26246.0
28519.0
32130.0
36996.0
41628.0
43863.0
45431.0
47271.0
47538.0
45249.0
42838.0
42170.0
41155.0
39886.0
39310.0
38482.0
36934.0
35323.0
33224.0
32288.0
31153.0
29555.0
28306.0
27638.0
27994.0
30001.0
32315.0
35130.0
38722.0
40777.0
41468.0
42729.0
43667.0
44360.0
46323.0
49001.0
50050.0
48904.0
47145.0
45243.0
42255.0
38897.0
35281.0
34307.0
33119.0
31614.0
30589.0
29778.0
30862.0
34618.0
38765.0
43141.0
47282.0
48813.0
49767.0
50396.0
50204.0
49851.0
51069.0
55257.0
58036.0
56758.0
54487.0
51716.0
47721.0
43193.0
39003.0
37498.0
36421.0
35045.0
34013.0
33294.0
34359.0
38091.0
42206.0
46397.0
49479.0
50086.0
49618.0
49314.0
49368.0
50488.0
52781.0
57365.0
60256.0
59177.0
57233.0
54283.0
50361.0
45793.0
41620.0
40031.0
38682.0
37239.0
35970.0
34548.0
34934.0
38133.0
41751.0
46072.0
50671.0
52500.0
52645.0
52249.0
51674.0
51789.0
52602.0
56618.0
58875.0
57109.0
54373.0
51089.0
47542.0
43387.0
39739.0
38536.0
37538.0
35605.0
34021.0
32727.0
32837.0
34798.0
37270.0
40421.0
43830.0
44913.0
45447.0
45625.0
45125.0
44625.0
45877.0
50660.0
54034.0
53188.0
50507.0
48001.0
44664.0
40887.0
37123.0
35543.0
33864.0
31287.0
29137.0
27551.0
27230.0
28471.0
30593.0
34103.0
38747.0
42192.0
43340.0
44086.0
44089.0
44792.0
46366.0
50469.0
52293.0
50791.0
47400.0
44002.0
40598.0
37906.0
