Consumption in Spain in 2017
24401.0
23393.0
21909.0
20615.0
19628.0
19252.0
19351.0
19691.0
19600.0
20238.0
22001.0
23417.0
24064.0
24655.0
24680.0
23427.0
22972.0
23540.0
26259.0
27668.0
28683.0
29180.0
28618.0
26357.0
23755.0
21649.0
20422.0
19846.0
19749.0
20450.0
22781.0
25922.0
28485.0
30812.0
32838.0
33448.0
33400.0
33486.0
32622.0
31811.0
31522.0
32181.0
34087.0
34713.0
34955.0
34572.0
32689.0
29723.0
27117.0
24766.0
23281.0
22719.0
22559.0
23189.0
25512.0
29200.0
32300.0
34788.0
36112.0
36202.0
35633.0
35525.0
34348.0
33413.0
33141.0
33694.0
35528.0
35991.0
36159.0
35633.0
33492.0
30433.0
27702.0
25348.0
23946.0
23349.0
23194.0
23664.0
25870.0
29496.0
32365.0
34619.0
35607.0
35420.0
34704.0
34632.0
33591.0
32725.0
32515.0
32958.0
34757.0
35291.0
35284.0
35201.0
33462.0
30539.0
28002.0
25528.0
24080.0
23359.0
23152.0
23560.0
25446.0
28714.0
31328.0
33618.0
34626.0
34604.0
33828.0
33404.0
32084.0
30853.0
30444.0
30464.0
31777.0
31865.0
31820.0
31717.0
30382.0
28466.0
26483.0
24192.0
22472.0
21530.0
21168.0
21070.0
21391.0
22452.0
22804.0
24629.0
26449.0
27131.0
26852.0
26987.0
26313.0
24900.0
24261.0
24628.0
27130.0
28605.0
29498.0
30080.0
29736.0
27790.0
25934.0
23897.0
22395.0
21554.0
21337.0
21578.0
22518.0
23983.0
25545.0
27940.0
30222.0
30533.0
30100.0
30221.0
29987.0
28905.0
28307.0
28562.0
31117.0
32559.0
33140.0
33124.0
31669.0
29495.0
26843.0
24617.0
22827.0
21959.0
21533.0
21624.0
22088.0
22855.0
23524.0
25417.0
27817.0
28756.0
28779.0
28874.0
29113.0
28088.0
27342.0
27576.0
30498.0
32421.0
33746.0
33796.0
32188.0
29224.0
26258.0
24203.0
23045.0
22566.0
22607.0
23178.0
26309.0
31669.0
35546.0
36948.0
37517.0
37150.0
36537.0
36196.0
35052.0
34585.0
34426.0
34919.0
37276.0
38418.0
38645.0
38001.0
34981.0
31360.0
28795.0
26343.0
24973.0
24387.0
24290.0
24982.0
27771.0
32742.0
36325.0
37371.0
38125.0
38117.0
37768.0
37453.0
36316.0
35757.0
35585.0
36139.0
37952.0
38818.0
38864.0
37883.0
34896.0
31439.0
28508.0
26220.0
24893.0
24403.0
24217.0
24932.0
27641.0
32549.0
35782.0
36484.0
36841.0
36500.0
35812.0
35541.0
34391.0
33840.0
33688.0
34277.0
36267.0
37643.0
37956.0
37243.0
34502.0
31075.0
28355.0
26180.0
24805.0
24238.0
24168.0
24841.0
27338.0
32226.0
35449.0
36194.0
36318.0
35824.0
35236.0
34968.0
33773.0
33330.0
33268.0
33844.0
35905.0
37104.0
37124.0
36367.0
33694.0
30251.0
27809.0
25711.0
24333.0
23765.0
23704.0
24421.0
27034.0
31836.0
34619.0
35445.0
36050.0
35916.0
35512.0
35393.0
34207.0
33597.0
33316.0
33678.0
35646.0
36778.0
36702.0
36061.0
33806.0
31023.0
28770.0
26558.0
25029.0
24220.0
23872.0
23890.0
24341.0
25915.0
27647.0
30303.0
32533.0
32852.0
32263.0
32193.0
31590.0
30336.0
29549.0
29567.0
31858.0
33480.0
34018.0
33936.0
32418.0
30070.0
27627.0
25301.0
23640.0
22714.0
22347.0
22251.0
22617.0
23525.0
24293.0
26420.0
28842.0
29818.0
29728.0
30013.0
29842.0
28530.0
27879.0
27969.0
30356.0
32468.0
33681.0
33716.0
32628.0
29873.0
27068.0
24922.0
23619.0
23176.0
22863.0
23788.0
27035.0
32351.0
36036.0
37265.0
37692.0
37161.0
36627.0
36550.0
35333.0
34814.0
34559.0
34907.0
36845.0
38147.0
38446.0
37607.0
34724.0
31226.0
28706.0
26430.0
25148.0
24789.0
24733.0
25262.0
27948.0
32867.0
36082.0
37153.0
37865.0
37623.0
37166.0
36990.0
35643.0
35354.0
35329.0
35770.0
37866.0
39632.0
39797.0
38993.0
36134.0
32398.0
29628.0
27299.0
25941.0
25542.0
25424.0
26017.0
28663.0
33897.0
37667.0
39131.0
39842.0
39868.0
39654.0
39484.0
38300.0
37796.0
37687.0
38115.0
39783.0
40939.0
41015.0
39736.0
36637.0
33068.0
30076.0
27650.0
26275.0
25825.0
25649.0
26250.0
28889.0
33920.0
37527.0
38984.0
39986.0
40295.0
40133.0
40065.0
38851.0
38297.0
38119.0
38594.0
39898.0
40916.0
40900.0
39880.0
37090.0
33495.0
30667.0
28269.0
26817.0
26223.0
26095.0
26604.0
29318.0
34257.0
37500.0
39114.0
40006.0
40116.0
39725.0
39293.0
37835.0
37048.0
36721.0
36795.0
38078.0
39120.0
38796.0
37945.0
35453.0
32611.0
30075.0
27757.0
25975.0
25056.0
24438.0
24417.0
24875.0
26463.0
28265.0
31408.0
34112.0
34792.0
34356.0
34297.0
33333.0
31888.0
31102.0
31028.0
32638.0
34090.0
34712.0
34569.0
32963.0
30681.0
28200.0
25768.0
24031.0
23079.0
22580.0
22696.0
22997.0
23847.0
24524.0
26586.0
29169.0
30246.0
30251.0
30627.0
30482.0
29252.0
28638.0
28435.0
30547.0
32702.0
33840.0
34178.0
32866.0
30048.0
27029.0
25071.0
23793.0
23347.0
23349.0
24201.0
27475.0
32669.0
36248.0
37560.0
38449.0
38306.0
37793.0
37568.0
36288.0
35863.0
35490.0
35626.0
37127.0
38869.0
39168.0
38115.0
35277.0
31761.0
29169.0
26829.0
25568.0
24972.0
24922.0
25463.0
28208.0
33259.0
36556.0
37739.0
38374.0
37969.0
37271.0
36802.0
35641.0
35021.0
34652.0
34742.0
36554.0
38643.0
38998.0
37982.0
35193.0
31729.0
29068.0
26858.0
25638.0
25118.0
24948.0
25603.0
28437.0
33611.0
36926.0
38060.0
38585.0
38263.0
37604.0
37362.0
36139.0
35451.0
35190.0
35420.0
37102.0
39053.0
39214.0
38149.0
35507.0
32115.0
29522.0
27313.0
26041.0
25476.0
25271.0
25958.0
28740.0
33642.0
36773.0
37957.0
38636.0
38473.0
38122.0
37866.0
36553.0
36146.0
36119.0
36543.0
37885.0
39252.0
39243.0
38144.0
35466.0
32174.0
29537.0
27250.0
25869.0
25236.0
24997.0
25608.0
28248.0
33033.0
35985.0
37267.0
37990.0
38084.0
37803.0
37631.0
36232.0
35492.0
35188.0
35249.0
36203.0
37561.0
37393.0
36570.0
34319.0
31610.0
29408.0
27207.0
25436.0
24624.0
24242.0
24065.0
24600.0
26096.0
27687.0
30275.0
32517.0
32724.0
32220.0
31970.0
31273.0
30175.0
29366.0
29131.0
30621.0
32659.0
33248.0
33188.0
31820.0
29759.0
27404.0
25042.0
23361.0
22548.0
22224.0
22292.0
22587.0
23386.0
23972.0
26114.0
28400.0
29353.0
29205.0
29504.0
29300.0
27949.0
27180.0
27128.0
29145.0
31692.0
32955.0
33028.0
31632.0
29020.0
26379.0
24350.0
23251.0
22869.0
22813.0
23610.0
26813.0
31867.0
34960.0
36057.0
36302.0
36148.0
35733.0
35501.0
34362.0
33739.0
33432.0
33443.0
34729.0
36706.0
37047.0
36175.0
33521.0
30238.0
27848.0
25847.0
24613.0
24165.0
24065.0
24607.0
27360.0
32285.0
35016.0
35624.0
35741.0
35311.0
35025.0
34859.0
33713.0
33232.0
33016.0
32894.0
34101.0
36311.0
36661.0
36023.0
33281.0
30005.0
27653.0
25598.0
24398.0
23780.0
23657.0
24335.0
26983.0
31816.0
34581.0
35414.0
35533.0
35407.0
35145.0
34889.0
33733.0
33114.0
32743.0
32689.0
33801.0
35786.0
36345.0
35573.0
32880.0
29812.0
27587.0
25493.0
24283.0
23952.0
23845.0
24354.0
26908.0
31603.0
34002.0
34846.0
35139.0
35183.0
35500.0
35614.0
34413.0
33929.0
33568.0
33393.0
34282.0
36010.0
36299.0
35271.0
32830.0
29691.0
27736.0
25618.0
24320.0
23951.0
23711.0
24471.0
27015.0
31436.0
34101.0
34928.0
35339.0
35145.0
34805.0
34659.0
33422.0
32723.0
32463.0
32298.0
33216.0
34897.0
34823.0
34184.0
32046.0
29639.0
27676.0
25618.0
24102.0
23467.0
22839.0
22890.0
23451.0
24816.0
26301.0
28558.0
30435.0
30877.0
30617.0
30690.0
29801.0
28606.0
28087.0
27993.0
29146.0
30833.0
31181.0
30929.0
29492.0
27630.0
25564.0
23739.0
22473.0
21708.0
21337.0
21382.0
21719.0
22500.0
22874.0
24867.0
26967.0
27774.0
28021.0
28279.0
27898.0
26458.0
25724.0
25490.0
27087.0
29948.0
31242.0
31375.0
30329.0
27868.0
25474.0
23776.0
22921.0
22526.0
22400.0
23185.0
26275.0
31054.0
33939.0
35141.0
35390.0
35185.0
34663.0
34351.0
33205.0
32676.0
32238.0
32023.0
32862.0
35060.0
35577.0
34862.0
32222.0
29242.0
27107.0
25310.0
24237.0
23731.0
23621.0
24282.0
27005.0
31509.0
33856.0
34559.0
34549.0
34406.0
34002.0
33923.0
32827.0
32281.0
32038.0
32167.0
32957.0
35182.0
35653.0
34850.0
32191.0
29358.0
27022.0
25270.0
24126.0
23681.0
23671.0
24328.0
26933.0
31751.0
34248.0
35111.0
35241.0
34957.0
34789.0
34529.0
33263.0
32682.0
32364.0
32274.0
32993.0
35558.0
36226.0
35424.0
32931.0
29806.0
27559.0
25726.0
24594.0
24103.0
23975.0
24580.0
27292.0
32132.0
34706.0
35871.0
36146.0
35663.0
35059.0
34763.0
33529.0
33231.0
33069.0
33193.0
33938.0
36251.0
36732.0
35905.0
33420.0
30281.0
27937.0
26077.0
24873.0
24519.0
24342.0
25054.0
27873.0
32498.0
35098.0
36095.0
36576.0
36532.0
36350.0
36243.0
34983.0
34155.0
33679.0
33489.0
34034.0
35726.0
35983.0
35215.0
32919.0
30334.0
28382.0
26366.0
24766.0
24004.0
23667.0
23671.0
24052.0
25513.0
27012.0
29857.0
32270.0
32688.0
32404.0
32303.0
31667.0
30216.0
29435.0
29258.0
30235.0
32097.0
32615.0
32144.0
30733.0
28624.0
26513.0
24497.0
22879.0
22031.0
21624.0
21555.0
21955.0
22618.0
23160.0
25405.0
27652.0
28838.0
29228.0
29525.0
29208.0
27716.0
26854.0
26679.0
27938.0
30386.0
31649.0
31582.0
30549.0
28145.0
25608.0
23767.0
22821.0
22381.0
22362.0
23173.0
26114.0
30926.0
33692.0
35068.0
35736.0
35528.0
35113.0
35017.0
33826.0
33159.0
32905.0
32765.0
33220.0
35615.0
36274.0
35551.0
32657.0
29483.0
27336.0
25379.0
24265.0
23828.0
23847.0
24414.0
27050.0
31753.0
34211.0
35248.0
35347.0
34930.0
34412.0
34229.0
33034.0
32445.0
32282.0
32265.0
33021.0
35666.0
36287.0
35302.0
32625.0
29536.0
27116.0
25220.0
24001.0
23632.0
23554.0
24239.0
26675.0
31263.0
33429.0
34363.0
34491.0
34120.0
33654.0
33571.0
32411.0
31863.0
31273.0
31050.0
31931.0
34921.0
35566.0
34784.0
32060.0
29107.0
26993.0
25094.0
23982.0
23605.0
23600.0
24332.0
26832.0
31337.0
33500.0
34380.0
34589.0
34245.0
33836.0
33748.0
32645.0
32032.0
31709.0
31592.0
32150.0
34881.0
35648.0
35022.0
32415.0
29498.0
27511.0
25694.0
24425.0
23959.0
23932.0
24572.0
27065.0
31365.0
33513.0
34595.0
34633.0
34273.0
33780.0
33430.0
32068.0
31212.0
30806.0
30681.0
31077.0
33858.0
34403.0
33902.0
31729.0
29278.0
27535.0
25678.0
24164.0
23491.0
23122.0
23060.0
23551.0
24908.0
26339.0
29074.0
30651.0
30659.0
30140.0
30143.0
29416.0
28170.0
27382.0
27157.0
28099.0
30656.0
31475.0
31315.0
29845.0
27774.0
25613.0
23594.0
22307.0
21624.0
21252.0
21268.0
21650.0
22142.0
22594.0
24774.0
26578.0
27335.0
27288.0
27564.0
27401.0
26123.0
25242.0
25003.0
25948.0
29001.0
30699.0
30768.0
29499.0
27240.0
24792.0
23065.0
22109.0
21717.0
21771.0
22650.0
25705.0
30372.0
33015.0
34205.0
34474.0
34330.0
33876.0
33711.0
32547.0
31996.0
31565.0
31352.0
31665.0
34261.0
35293.0
34587.0
31832.0
28811.0
26738.0
24899.0
23857.0
23471.0
23380.0
24025.0
26905.0
31238.0
33424.0
34363.0
34525.0
34023.0
33586.0
33377.0
32184.0
31536.0
31105.0
31082.0
31396.0
34363.0
35446.0
34674.0
32086.0
28985.0
26910.0
25218.0
24122.0
23678.0
23665.0
24296.0
26797.0
31082.0
33198.0
34402.0
34466.0
34100.0
33646.0
33341.0
32331.0
31690.0
31205.0
31128.0
31579.0
34255.0
35081.0
34554.0
31921.0
28922.0
27045.0
25077.0
23983.0
23564.0
23460.0
24156.0
26531.0
30736.0
32898.0
34002.0
34395.0
34462.0
34280.0
34250.0
33040.0
32408.0
32084.0
31967.0
32243.0
34529.0
35182.0
34535.0
31868.0
28989.0
26892.0
25179.0
24028.0
23718.0
23693.0
24353.0
26696.0
30767.0
32962.0
34154.0
34403.0
34437.0
34109.0
33746.0
32466.0
31506.0
30910.0
30713.0
30664.0
33097.0
33826.0
33451.0
31039.0
28689.0
27187.0
25573.0
24051.0
23346.0
22893.0
22791.0
23351.0
24495.0
26048.0
28855.0
30235.0
30329.0
29756.0
29580.0
28685.0
27620.0
26857.0
26520.0
26704.0
29180.0
30376.0
30352.0
29062.0
27107.0
25140.0
23381.0
22165.0
21423.0
21063.0
21123.0
21534.0
22075.0
22572.0
24773.0
26441.0
27071.0
26794.0
26967.0
26660.0
25454.0
24911.0
24558.0
25317.0
28334.0
29975.0
30226.0
29303.0
27194.0
24908.0
23186.0
22239.0
21812.0
21831.0
22556.0
25387.0
29019.0
31181.0
32998.0
33407.0
33384.0
33027.0
32941.0
31806.0
30981.0
30628.0
30439.0
30539.0
33097.0
34063.0
33510.0
30977.0
28142.0
26415.0
24636.0
23670.0
23139.0
23088.0
23764.0
25980.0
29085.0
30921.0
32576.0
33003.0
33273.0
33043.0
32965.0
31818.0
30910.0
30425.0
30397.0
30424.0
32915.0
33887.0
33434.0
31094.0
28445.0
26347.0
24657.0
23882.0
23612.0
23467.0
24098.0
26602.0
30687.0
32919.0
34074.0
34355.0
33995.0
33639.0
33358.0
32250.0
31453.0
30889.0
30682.0
30784.0
33688.0
34917.0
34323.0
31833.0
29058.0
26993.0
25217.0
24086.0
23766.0
23641.0
24300.0
26804.0
30704.0
32938.0
33915.0
34068.0
33773.0
33213.0
32803.0
31595.0
30996.0
30587.0
30406.0
30696.0
33562.0
34913.0
34123.0
31719.0
28894.0
27054.0
25225.0
24068.0
23665.0
23536.0
23971.0
26498.0
30366.0
32465.0
33571.0
34092.0
34284.0
34318.0
34089.0
33106.0
32357.0
31972.0
31951.0
32242.0
34185.0
34929.0
34000.0
31797.0
29386.0
27388.0
25420.0
23922.0
23277.0
23010.0
23006.0
23485.0
24381.0
25863.0
28683.0
30742.0
31361.0
31183.0
31290.0
30345.0
28916.0
27924.0
27518.0
27772.0
30162.0
31500.0
31448.0
29899.0
27802.0
25773.0
23843.0
22392.0
21633.0
21248.0
21220.0
21670.0
21886.0
22702.0
25001.0
26968.0
27832.0
27965.0
28149.0
27767.0
26399.0
25515.0
25187.0
25779.0
28600.0
30529.0
30796.0
29510.0
27253.0
24731.0
23193.0
22075.0
21542.0
21653.0
22435.0
25307.0
29277.0
31872.0
32954.0
33366.0
33250.0
33005.0
32650.0
31519.0
31057.0
30500.0
30282.0
30327.0
32949.0
34449.0
33564.0
31156.0
28259.0
26281.0
24568.0
23496.0
23109.0
22939.0
23627.0
26082.0
29871.0
32257.0
33176.0
33506.0
33252.0
33042.0
32552.0
31306.0
30580.0
30252.0
30114.0
30343.0
32856.0
34325.0
33416.0
30876.0
27960.0
26001.0
24484.0
23546.0
23232.0
23101.0
23699.0
26190.0
29649.0
31786.0
32534.0
32680.0
32448.0
32241.0
31842.0
30751.0
30013.0
29564.0
29331.0
29313.0
31715.0
33566.0
32701.0
30242.0
27682.0
25912.0
24287.0
23287.0
22883.0
22783.0
23416.0
25815.0
29001.0
31189.0
32168.0
32297.0
32146.0
31996.0
31826.0
30717.0
30118.0
29639.0
29516.0
29388.0
31583.0
33320.0
32553.0
30046.0
27298.0
25700.0
24273.0
23323.0
22994.0
23001.0
23425.0
25745.0
29053.0
31129.0
31620.0
31803.0
31921.0
31748.0
31553.0
30328.0
29551.0
29067.0
28685.0
28468.0
30078.0
31592.0
31216.0
29033.0
26932.0
25518.0
24093.0
22857.0
22146.0
21862.0
21788.0
22072.0
22705.0
24285.0
26644.0
27886.0
27958.0
27793.0
27771.0
27005.0
25720.0
25023.0
24669.0
24893.0
27071.0
28637.0
28514.0
27062.0
25095.0
23551.0
22094.0
20964.0
20274.0
20019.0
19996.0
20246.0
20336.0
21149.0
22964.0
24361.0
24948.0
24810.0
24951.0
24670.0
23695.0
23111.0
22955.0
23571.0
26212.0
28448.0
28438.0
27248.0
25329.0
23295.0
21972.0
21283.0
20957.0
21040.0
21829.0
24541.0
28425.0
31102.0
32515.0
33330.0
33675.0
33805.0
33347.0
32200.0
31590.0
31327.0
31367.0
31559.0
33232.0
34511.0
33561.0
30724.0
27892.0
25928.0
24446.0
23396.0
23209.0
23055.0
23648.0
26116.0
29622.0
32171.0
33290.0
33838.0
33751.0
33669.0
33201.0
31868.0
31234.0
30786.0
30532.0
30470.0
32659.0
34362.0
33416.0
30809.0
27921.0
25848.0
24214.0
23173.0
22844.0
22757.0
23453.0
25974.0
29265.0
31604.0
32426.0
32524.0
32276.0
32017.0
31644.0
30656.0
30115.0
29683.0
29475.0
29425.0
31679.0
33805.0
33164.0
30549.0
27769.0
25842.0
24324.0
23345.0
23010.0
22906.0
23439.0
25669.0
28850.0
31307.0
32065.0
32142.0
32005.0
31929.0
31634.0
30665.0
30120.0
29833.0
29659.0
29597.0
31629.0
33647.0
32994.0
30588.0
27895.0
26113.0
24447.0
23429.0
23071.0
23030.0
23619.0
25766.0
28699.0
30908.0
31986.0
32310.0
32100.0
31712.0
31525.0
30359.0
29417.0
28917.0
28611.0
28592.0
30635.0
32313.0
31734.0
29451.0
27042.0
25394.0
23945.0
22761.0
22158.0
21757.0
21671.0
22087.0
22736.0
24493.0
26588.0
27708.0
27714.0
27368.0
27384.0
26623.0
25519.0
24778.0
24439.0
24526.0
26510.0
28649.0
28730.0
27264.0
25579.0
23671.0
21989.0
20853.0
20250.0
19923.0
19881.0
20255.0
20258.0
21377.0
23154.0
24523.0
24907.0
24625.0
24628.0
24116.0
23010.0
22593.0
22304.0
22791.0
25150.0
27883.0
28189.0
27127.0
25272.0
23265.0
21897.0
20993.0
20669.0
20808.0
21450.0
24001.0
26571.0
28866.0
30099.0
30792.0
30998.0
30921.0
30634.0
29608.0
28833.0
28365.0
28180.0
28121.0
30229.0
32565.0
31949.0
29376.0
26588.0
25004.0
23470.0
22767.0
22523.0
22467.0
23134.0
25444.0
28405.0
30856.0
31992.0
32421.0
32435.0
32391.0
32265.0
31167.0
30564.0
30101.0
30026.0
29944.0
31968.0
33923.0
33089.0
30512.0
27630.0
26014.0
24666.0
23606.0
23218.0
23079.0
23801.0
26128.0
29194.0
31561.0
32649.0
33124.0
33172.0
33101.0
32760.0
31754.0
31164.0
30932.0
30902.0
30836.0
32801.0
34655.0
33828.0
31114.0
28218.0
26449.0
24968.0
24033.0
23637.0
23598.0
24242.0
26586.0
29686.0
32362.0
33463.0
33951.0
33841.0
33853.0
33613.0
32596.0
32003.0
31531.0
31363.0
31478.0
33333.0
35587.0
34591.0
31863.0
28896.0
26987.0
25344.0
24401.0
23866.0
23854.0
24559.0
26919.0
30233.0
33188.0
34559.0
34966.0
34924.0
34539.0
34347.0
32924.0
32131.0
31708.0
31474.0
31490.0
33055.0
34897.0
34044.0
31660.0
29133.0
27204.0
25431.0
23962.0
23341.0
23111.0
23084.0
23389.0
24109.0
26348.0
29210.0
30817.0
31219.0
31069.0
31175.0
30261.0
28894.0
27903.0
27616.0
27685.0
29436.0
31522.0
31477.0
29806.0
27742.0
25472.0
23658.0
22277.0
21575.0
21409.0
21608.0
22092.0
22252.0
23735.0
25671.0
26645.0
26848.0
26988.0
26994.0
25849.0
24883.0
24415.0
24447.0
25250.0
28362.0
30708.0
29382.0
27223.0
24840.0
23136.0
22143.0
21887.0
21849.0
22510.0
25383.0
29789.0
32380.0
33478.0
34391.0
34670.0
34678.0
34295.0
32974.0
32115.0
31550.0
31168.0
30695.0
30860.0
32967.0
34470.0
31745.0
29057.0
26940.0
25083.0
23968.0
23654.0
23429.0
23887.0
26290.0
30447.0
32753.0
33743.0
33876.0
33355.0
32828.0
32396.0
31201.0
30440.0
29884.0
29668.0
29262.0
29404.0
31700.0
33808.0
31327.0
28722.0
26746.0
24955.0
23858.0
23423.0
23309.0
23837.0
26147.0
30287.0
32371.0
33206.0
32974.0
32521.0
32313.0
31951.0
30874.0
30108.0
29700.0
29350.0
28867.0
29065.0
31169.0
33268.0
30717.0
28133.0
26332.0
24634.0
23562.0
23094.0
22900.0
23380.0
25722.0
29671.0
31475.0
32103.0
32135.0
31883.0
31762.0
31316.0
30201.0
29585.0
29269.0
29034.0
28558.0
29027.0
31109.0
32701.0
30296.0
27782.0
26230.0
24727.0
23581.0
23243.0
23034.0
23515.0
25835.0
29621.0
31490.0
32355.0
32500.0
32248.0
32023.0
31437.0
30151.0
29278.0
28976.0
28587.0
28249.0
28524.0
30115.0
31740.0
29589.0
27494.0
26130.0
24570.0
23293.0
22615.0
22292.0
22100.0
22659.0
23635.0
24725.0
27086.0
28399.0
28306.0
27974.0
27906.0
27147.0
25954.0
25087.0
24709.0
24635.0
24884.0
26733.0
29226.0
27955.0
26459.0
24699.0
23083.0
21821.0
21246.0
20954.0
20866.0
21194.0
21731.0
22055.0
23779.0
24957.0
25439.0
25503.0
25479.0
25149.0
24049.0
23276.0
22869.0
22962.0
23700.0
25991.0
29054.0
28096.0
25972.0
23883.0
22318.0
21483.0
21167.0
21195.0
21938.0
24929.0
28875.0
31046.0
32130.0
32136.0
32019.0
32064.0
31784.0
30638.0
29929.0
29513.0
29215.0
28744.0
28696.0
30553.0
32696.0
30130.0
27524.0
25705.0
24223.0
23387.0
22954.0
22791.0
23310.0
25633.0
29214.0
31285.0
32052.0
31962.0
32008.0
32125.0
31867.0
30730.0
30042.0
29774.0
29442.0
29119.0
29217.0
30808.0
32624.0
30106.0
27494.0
25606.0
24156.0
23175.0
22811.0
22693.0
23037.0
25334.0
29142.0
30997.0
31817.0
31927.0
31823.0
31879.0
31637.0
30536.0
29844.0
29487.0
29382.0
29042.0
29204.0
30897.0
32784.0
29995.0
27353.0
25691.0
24103.0
23122.0
22636.0
22535.0
23109.0
25406.0
28960.0
30672.0
31468.0
31612.0
31707.0
31724.0
31506.0
30509.0
29900.0
29565.0
29340.0
28777.0
28870.0
30313.0
32202.0
29819.0
27349.0
25679.0
23977.0
23116.0
22773.0
22582.0
23112.0
25347.0
28780.0
30426.0
31501.0
31589.0
31715.0
31844.0
31759.0
30637.0
29670.0
29362.0
29045.0
28439.0
28408.0
29390.0
31172.0
29106.0
27041.0
25603.0
24076.0
22908.0
22300.0
22009.0
21871.0
22435.0
23398.0
24715.0
27024.0
28366.0
28535.0
28320.0
28071.0
27213.0
26040.0
25293.0
24953.0
24791.0
24930.0
26221.0
28669.0
27322.0
25451.0
23730.0
22212.0
21069.0
20444.0
20128.0
20104.0
20486.0
20821.0
21359.0
23254.0
24833.0
25436.0
25269.0
25221.0
24758.0
23627.0
22891.0
22575.0
22726.0
23108.0
24657.0
27681.0
27196.0
25540.0
23518.0
22172.0
21424.0
21073.0
21021.0
21683.0
24055.0
26845.0
28516.0
30184.0
30777.0
30878.0
30999.0
30950.0
30052.0
29162.0
28778.0
28651.0
28229.0
28077.0
29124.0
31193.0
28914.0
26574.0
24978.0
23613.0
22631.0
22295.0
22119.0
22534.0
24594.0
27070.0
28709.0
30337.0
30824.0
31016.0
31173.0
31072.0
30021.0
29339.0
29129.0
28877.0
28347.0
28222.0
29196.0
31052.0
28832.0
26663.0
25071.0
23765.0
22679.0
22297.0
22158.0
22500.0
24282.0
26616.0
28156.0
29690.0
30278.0
30347.0
30364.0
30306.0
29517.0
28790.0
28515.0
28366.0
27883.0
27670.0
28393.0
30059.0
27841.0
25961.0
24470.0
22966.0
21802.0
21163.0
20865.0
20747.0
21346.0
21857.0
22278.0
24124.0
25287.0
25722.0
25754.0
25729.0
25237.0
24166.0
23587.0
23221.0
23019.0
23164.0
24184.0
26247.0
25132.0
23734.0
22623.0
21318.0
20223.0
19565.0
19310.0
19218.0
19627.0
19676.0
19770.0
21479.0
22802.0
23360.0
23217.0
23319.0
22967.0
21926.0
21440.0
21189.0
21022.0
21353.0
22577.0
24860.0
24373.0
23137.0
22031.0
20773.0
19912.0
19416.0
19062.0
19144.0
19779.0
20370.0
21267.0
23207.0
24631.0
25034.0
25079.0
25201.0
24792.0
23830.0
23079.0
22899.0
22879.0
23215.0
24126.0
26451.0
25254.0
23481.0
21995.0
20621.0
19487.0
19079.0
18797.0
18758.0
19016.0
18937.0
19305.0
21137.0
22553.0
23091.0
23144.0
23227.0
23100.0
21898.0
21299.0
21153.0
21050.0
21517.0
22891.0
25685.0
25083.0
23451.0
21884.0
20305.0
19503.0
19110.0
19096.0
19382.0
20750.0
22268.0
23486.0
25270.0
25897.0
26185.0
26359.0
26583.0
26010.0
25025.0
24713.0
24662.0
24566.0
24784.0
25984.0
28462.0
26963.0
24565.0
23050.0
21778.0
21040.0
20829.0
20841.0
21388.0
23668.0
26494.0
28415.0
29751.0
30276.0
30550.0
30829.0
30798.0
29927.0
29260.0
29090.0
29097.0
28819.0
28825.0
29822.0
31469.0
29060.0
26712.0
25206.0
23743.0
22903.0
22660.0
22628.0
23010.0
25027.0
27661.0
29483.0
30486.0
31156.0
31371.0
31629.0
31500.0
30371.0
29609.0
29385.0
29382.0
29035.0
29098.0
30222.0
31633.0
29151.0
26703.0
25353.0
23990.0
23066.0
22773.0
22766.0
23181.0
25336.0
27905.0
29752.0
30868.0
31348.0
31425.0
31547.0
31438.0
30371.0
29651.0
29428.0
29299.0
28855.0
28806.0
29786.0
32014.0
29691.0
27050.0
25710.0
24134.0
23158.0
22795.0
22666.0
23216.0
25315.0
27811.0
29948.0
31189.0
31502.0
31550.0
31631.0
31444.0
30163.0
29315.0
29041.0
28870.0
28489.0
28322.0
28919.0
30956.0
29108.0
26945.0
25538.0
24103.0
22879.0
22399.0
22124.0
22022.0
22421.0
22751.0
24299.0
26633.0
27984.0
28344.0
28300.0
28274.0
27572.0
26288.0
25390.0
25038.0
24715.0
24923.0
25752.0
28379.0
27255.0
25442.0
23956.0
22368.0
21264.0
20636.0
20200.0
20059.0
20368.0
20121.0
20806.0
22782.0
24210.0
24799.0
25019.0
25238.0
24988.0
23825.0
23080.0
22724.0
22739.0
23315.0
24665.0
27200.0
26616.0
25176.0
23498.0
21949.0
21249.0
20840.0
20590.0
21188.0
23466.0
25797.0
27684.0
28997.0
29373.0
29699.0
29861.0
29834.0
29082.0
28371.0
28171.0
28076.0
27764.0
27826.0
29048.0
30811.0
28788.0
26236.0
24826.0
23523.0
22736.0
22431.0
22352.0
22793.0
24937.0
27855.0
29897.0
31059.0
31359.0
31416.0
31582.0
31532.0
30493.0
29877.0
29834.0
29781.0
29443.0
29638.0
30596.0
32050.0
29587.0
26962.0
25550.0
24189.0
23402.0
22985.0
22754.0
23267.0
25354.0
28140.0
29817.0
30757.0
31229.0
31697.0
32063.0
32087.0
31005.0
30192.0
29925.0
29865.0
29476.0
29680.0
30600.0
32089.0
29835.0
27202.0
25799.0
24343.0
23485.0
23163.0
23001.0
23462.0
25554.0
28163.0
30364.0
31577.0
32052.0
32283.0
32529.0
32318.0
31144.0
30480.0
30229.0
30139.0
29793.0
29845.0
30792.0
32360.0
30224.0
27506.0
26023.0
24367.0
23446.0
23175.0
23009.0
23492.0
25518.0
28483.0
30878.0
31963.0
32371.0
32424.0
32630.0
32378.0
31132.0
30154.0
29621.0
29341.0
28959.0
28889.0
29594.0
31267.0
29647.0
27422.0
25854.0
24247.0
22978.0
22303.0
21921.0
21830.0
22233.0
22717.0
24430.0
26852.0
28478.0
28731.0
28839.0
28764.0
28167.0
26832.0
25969.0
25544.0
25388.0
25628.0
26585.0
28632.0
27740.0
25887.0
24120.0
22485.0
21249.0
20525.0
20100.0
20041.0
20255.0
20220.0
21171.0
23204.0
24914.0
25699.0
25983.0
26202.0
25853.0
24359.0
23631.0
23247.0
23219.0
23555.0
24610.0
26738.0
26441.0
24915.0
23330.0
21563.0
20403.0
19606.0
19306.0
19272.0
19522.0
19436.0
20389.0
22292.0
23646.0
24305.0
24397.0
24593.0
24244.0
23098.0
22363.0
22032.0
22179.0
22613.0
23947.0
26841.0
26717.0
24761.0
22896.0
21355.0
20439.0
20097.0
20031.0
20676.0
23218.0
25770.0
28002.0
29426.0
30220.0
30612.0
30849.0
30735.0
29864.0
29196.0
28902.0
28772.0
28395.0
28495.0
29525.0
31115.0
29344.0
26891.0
25015.0
23547.0
22649.0
22339.0
22247.0
22720.0
24762.0
27435.0
29946.0
30890.0
31370.0
31645.0
31831.0
31721.0
30677.0
30071.0
29832.0
29559.0
29261.0
29317.0
29990.0
31776.0
29932.0
27290.0
25709.0
24200.0
23438.0
22895.0
22833.0
23361.0
25194.0
27627.0
29799.0
30701.0
30960.0
31391.0
31592.0
31592.0
30633.0
29983.0
29827.0
29750.0
29452.0
29496.0
30231.0
31779.0
29728.0
27159.0
25833.0
24476.0
23590.0
23119.0
23003.0
23451.0
25478.0
27831.0
29929.0
30960.0
31419.0
31606.0
31845.0
31700.0
30499.0
29636.0
29380.0
29092.0
28776.0
28737.0
29216.0
30750.0
29135.0
27030.0
25753.0
24381.0
23172.0
22452.0
22054.0
22118.0
22430.0
22805.0
24486.0
26615.0
27887.0
28250.0
28081.0
28021.0
27255.0
26061.0
25303.0
24852.0
24638.0
24788.0
25268.0
27174.0
26822.0
25200.0
23533.0
22003.0
20928.0
20298.0
20019.0
19916.0
20077.0
19810.0
20871.0
22647.0
24269.0
24961.0
24992.0
24967.0
24649.0
23484.0
22961.0
22834.0
22758.0
23121.0
24086.0
26667.0
26991.0
25164.0
23349.0
22035.0
21098.0
20842.0
20748.0
21398.0
23925.0
26566.0
28791.0
29960.0
30637.0
30881.0
31237.0
31201.0
30339.0
29788.0
29703.0
29673.0
29273.0
29112.0
29591.0
30999.0
29177.0
26557.0
25231.0
24015.0
23014.0
22740.0
22688.0
23106.0
24852.0
27394.0
29532.0
30642.0
31188.0
31470.0
31820.0
31844.0
30871.0
30159.0
29900.0
29816.0
29557.0
29511.0
30248.0
31450.0
29679.0
27167.0
25647.0
24385.0
23427.0
23103.0
23012.0
23500.0
25466.0
28014.0
29990.0
31199.0
31566.0
31649.0
31939.0
31862.0
30731.0
30146.0
29929.0
29816.0
29603.0
29634.0
30315.0
31214.0
29287.0
27015.0
25658.0
24393.0
23521.0
23142.0
22962.0
23329.0
25191.0
27568.0
29776.0
30897.0
31481.0
31675.0
31879.0
31751.0
30653.0
30020.0
29824.0
29537.0
29220.0
29128.0
29719.0
31023.0
29509.0
26931.0
25433.0
24144.0
23208.0
22762.0
22611.0
23025.0
24866.0
27179.0
29567.0
30779.0
31173.0
31408.0
31663.0
31583.0
30505.0
29882.0
29569.0
29307.0
28961.0
28812.0
29042.0
30221.0
28886.0
26655.0
25418.0
23956.0
22852.0
22245.0
21967.0
21770.0
21986.0
22288.0
24131.0
26408.0
27971.0
28198.0
28106.0
28150.0
27403.0
26040.0
25232.0
25043.0
24806.0
24912.0
25528.0
27185.0
26639.0
24979.0
23243.0
21924.0
20778.0
20098.0
19705.0
19768.0
19850.0
19454.0
20642.0
22444.0
23960.0
24743.0
24932.0
25068.0
25004.0
23697.0
23155.0
22850.0
22877.0
23352.0
24258.0
26405.0
26821.0
25078.0
23301.0
21924.0
20971.0
20604.0
20619.0
21151.0
23145.0
25432.0
27724.0
28873.0
29804.0
30358.0
30828.0
30994.0
30178.0
29512.0
29249.0
29235.0
28801.0
28838.0
29387.0
30576.0
29115.0
26647.0
25363.0
24078.0
23230.0
22931.0
22845.0
23214.0
25084.0
27378.0
29519.0
30851.0
31466.0
31966.0
32231.0
32415.0
31398.0
30886.0
30757.0
30827.0
30405.0
30057.0
30315.0
31291.0
29838.0
27311.0
25807.0
24433.0
23620.0
23294.0
23116.0
23498.0
25066.0
27399.0
29370.0
30646.0
31329.0
31708.0
32103.0
32030.0
31034.0
30512.0
30372.0
30335.0
30069.0
29837.0
30059.0
30889.0
29472.0
27129.0
25690.0
24358.0
23399.0
23073.0
22952.0
23372.0
25122.0
27489.0
29649.0
30717.0
31177.0
31541.0
31986.0
31861.0
30631.0
30044.0
29820.0
29850.0
29555.0
29404.0
29555.0
30455.0
29299.0
26745.0
25414.0
24078.0
23142.0
22763.0
22649.0
23056.0
24840.0
27375.0
29477.0
30572.0
30963.0
31287.0
31535.0
31512.0
30325.0
29324.0
29049.0
28946.0
28580.0
28437.0
28594.0
29315.0
28641.0
26434.0
25312.0
23953.0
22825.0
22258.0
21853.0
21752.0
21768.0
22402.0
24095.0
26130.0
27506.0
27932.0
27990.0
27989.0
27304.0
26178.0
25572.0
25342.0
25229.0
25440.0
25651.0
26862.0
26744.0
24937.0
23474.0
22144.0
21189.0
20562.0
20266.0
20109.0
20009.0
19935.0
21080.0
22845.0
24346.0
25132.0
25442.0
25750.0
25583.0
24418.0
23691.0
23488.0
23678.0
24155.0
25069.0
26334.0
26842.0
25139.0
23525.0
22383.0
21619.0
21124.0
21163.0
21818.0
23948.0
26722.0
29111.0
30422.0
31049.0
31497.0
32003.0
32161.0
31222.0
30571.0
30476.0
30484.0
30064.0
29797.0
29990.0
30708.0
29510.0
26890.0
25329.0
24077.0
23198.0
22960.0
22799.0
23216.0
25036.0
27497.0
29640.0
30870.0
31638.0
32250.0
32805.0
33003.0
32069.0
31450.0
31491.0
31503.0
31118.0
30851.0
30780.0
31330.0
30129.0
27520.0
26053.0
24727.0
23826.0
23421.0
23315.0
23803.0
25425.0
27817.0
30057.0
31221.0
31967.0
32648.0
33289.0
33339.0
32374.0
31920.0
31986.0
32069.0
31697.0
31417.0
31135.0
31522.0
30396.0
27772.0
26415.0
25034.0
24141.0
23810.0
23622.0
23950.0
25470.0
27837.0
30056.0
31575.0
32467.0
33184.0
33820.0
33991.0
33104.0
32609.0
32724.0
32855.0
32304.0
31816.0
31591.0
31854.0
30641.0
28262.0
26882.0
25467.0
24463.0
24058.0
23807.0
24214.0
25593.0
27991.0
30317.0
31901.0
32733.0
33371.0
34003.0
33995.0
32791.0
32013.0
31924.0
31912.0
31447.0
30943.0
30613.0
30931.0
29817.0
27903.0
26740.0
25153.0
24032.0
23446.0
22984.0
22694.0
22599.0
22894.0
24807.0
27041.0
28596.0
29102.0
29440.0
29661.0
29055.0
27883.0
27190.0
27078.0
27047.0
27012.0
27246.0
28341.0
27862.0
26021.0
24471.0
23166.0
22072.0
21411.0
21041.0
20839.0
20504.0
20355.0
21432.0
23150.0
24756.0
25433.0
25880.0
26186.0
26094.0
24910.0
24066.0
23818.0
24002.0
24439.0
25220.0
27085.0
27467.0
25629.0
23807.0
22565.0
21794.0
21438.0
21468.0
22049.0
24114.0
26921.0
29403.0
30974.0
31817.0
32151.0
32651.0
32640.0
31584.0
30870.0
30796.0
30768.0
30435.0
30156.0
30108.0
30667.0
29518.0
27136.0
25818.0
24425.0
23571.0
23271.0
23123.0
23412.0
25034.0
27527.0
29774.0
31031.0
31826.0
32264.0
32808.0
32742.0
31730.0
30895.0
30826.0
30925.0
30495.0
30213.0
30081.0
30468.0
29498.0
27143.0
25653.0
24313.0
23453.0
23092.0
22969.0
23210.0
24865.0
27216.0
29511.0
30904.0
31898.0
32358.0
32735.0
32793.0
31965.0
31473.0
31648.0
31745.0
31437.0
31108.0
31060.0
31107.0
29938.0
27465.0
25976.0
24698.0
23729.0
23415.0
23243.0
23753.0
25294.0
27700.0
29746.0
30959.0
31728.0
32469.0
33069.0
33291.0
32499.0
32097.0
32272.0
32419.0
32012.0
31450.0
31418.0
31650.0
30594.0
28217.0
26764.0
25372.0
24440.0
24018.0
23946.0
24319.0
25782.0
28029.0
30164.0
31449.0
32172.0
32835.0
33527.0
33742.0
32837.0
32345.0
32141.0
32122.0
31924.0
31466.0
31040.0
30840.0
29895.0
27847.0
26782.0
25481.0
24225.0
23607.0
23236.0
22950.0
22654.0
23121.0
24929.0
27033.0
28767.0
29360.0
29680.0
29961.0
29133.0
27708.0
26808.0
26605.0
26678.0
26964.0
27488.0
27911.0
27432.0
25886.0
24391.0
22891.0
21879.0
21261.0
20892.0
20736.0
20467.0
20136.0
21051.0
22638.0
24180.0
25099.0
25530.0
26042.0
25801.0
24628.0
23856.0
23590.0
23701.0
24133.0
25108.0
26338.0
26935.0
25351.0
23803.0
22470.0
21621.0
21185.0
21262.0
21731.0
23402.0
25804.0
28022.0
29244.0
29892.0
30292.0
30625.0
31086.0
30503.0
29973.0
30040.0
30144.0
29971.0
29619.0
29888.0
30225.0
29664.0
27249.0
25843.0
24523.0
23638.0
23285.0
23163.0
23385.0
24940.0
27521.0
29653.0
30829.0
31547.0
32164.0
32688.0
32735.0
31892.0
31399.0
31521.0
31604.0
31226.0
30928.0
30892.0
31087.0
30174.0
27777.0
26436.0
25032.0
24165.0
23749.0
23609.0
24029.0
25381.0
27804.0
29937.0
31101.0
31867.0
32399.0
32806.0
33007.0
32429.0
32142.0
32203.0
32252.0
31944.0
31574.0
31499.0
31477.0
30777.0
28351.0
26859.0
25421.0
24491.0
24171.0
23947.0
24348.0
25724.0
28171.0
30216.0
31458.0
32352.0
33104.0
33779.0
34022.0
33340.0
33051.0
33241.0
33371.0
32971.0
32410.0
31869.0
31878.0
30810.0
28590.0
27416.0
25964.0
24966.0
24607.0
24473.0
24730.0
26232.0
28422.0
30344.0
31735.0
32601.0
33275.0
33966.0
34020.0
33119.0
32584.0
32585.0
32620.0
32179.0
31708.0
30949.0
30691.0
30011.0
28246.0
27132.0
25703.0
24445.0
23777.0
23310.0
23032.0
22914.0
23315.0
25191.0
27450.0
29098.0
29865.0
30214.0
30474.0
29966.0
28956.0
28309.0
28151.0
28328.0
28564.0
28522.0
28740.0
28800.0
27357.0
25945.0
24313.0
22954.0
22218.0
21660.0
21475.0
21194.0
21128.0
22411.0
24077.0
25726.0
26750.0
27392.0
28149.0
28367.0
27664.0
27145.0
26868.0
27001.0
27368.0
27918.0
28749.0
29675.0
27941.0
26083.0
24489.0
23480.0
23067.0
23047.0
23583.0
25569.0
28191.0
30887.0
32792.0
34199.0
35053.0
35724.0
36230.0
35712.0
35546.0
35670.0
35839.0
35344.0
34667.0
34047.0
33760.0
32936.0
30389.0
28719.0
27152.0
26096.0
25660.0
25324.0
25592.0
26920.0
29384.0
31900.0
33767.0
34996.0
35978.0
36880.0
37275.0
36575.0
36378.0
36567.0
36700.0
36083.0
35402.0
34807.0
34322.0
33651.0
31070.0
29400.0
27692.0
26542.0
25933.0
25719.0
25968.0
27451.0
29961.0
32396.0
34099.0
35363.0
36401.0
37249.0
37758.0
37315.0
37313.0
37483.0
37666.0
37103.0
36335.0
35495.0
34999.0
34251.0
31598.0
29838.0
28106.0
26830.0
26328.0
26037.0
26283.0
27437.0
29774.0
32203.0
34078.0
35484.0
36432.0
37539.0
38164.0
37758.0
37623.0
37773.0
37778.0
37166.0
36366.0
35698.0
35233.0
34157.0
31777.0
30178.0
28308.0
27093.0
26493.0
26144.0
26330.0
27683.0
30076.0
32457.0
34542.0
35880.0
36796.0
37901.0
38513.0
37950.0
37631.0
37708.0
37483.0
36830.0
36160.0
34965.0
34087.0
33285.0
31480.0
30535.0
28749.0
27085.0
26093.0
25596.0
25195.0
24932.0
25446.0
27442.0
29848.0
32097.0
33321.0
34180.0
34863.0
34731.0
34074.0
33379.0
32998.0
32711.0
32455.0
32315.0
32302.0
32240.0
30502.0
28625.0
26860.0
25375.0
24434.0
23972.0
23479.0
23018.0
22814.0
23993.0
25743.0
27508.0
28823.0
29956.0
30815.0
31393.0
31105.0
30671.0
30393.0
30351.0
30419.0
30735.0
31379.0
32569.0
30977.0
29006.0
27035.0
25834.0
25224.0
24970.0
25435.0
27123.0
29711.0
32594.0
34774.0
36363.0
37077.0
38157.0
38771.0
38301.0
38096.0
38020.0
37984.0
37415.0
36665.0
35761.0
35201.0
34194.0
31715.0
30204.0
28622.0
27491.0
26966.0
26705.0
26871.0
28309.0
30641.0
33136.0
35213.0
36722.0
37430.0
38492.0
38947.0
38527.0
38226.0
38389.0
38417.0
37391.0
36562.0
35513.0
34880.0
34180.0
31924.0
30419.0
28842.0
27620.0
27102.0
26754.0
26898.0
28133.0
30401.0
32816.0
34934.0
36284.0
37126.0
38289.0
38980.0
38586.0
38430.0
38381.0
38257.0
37457.0
36698.0
35735.0
35086.0
34435.0
32187.0
30604.0
28846.0
27596.0
26977.0
26739.0
26896.0
28240.0
30381.0
32770.0
34935.0
36416.0
37311.0
38470.0
39017.0
38613.0
38390.0
38609.0
38571.0
37633.0
36865.0
35800.0
35016.0
34314.0
32254.0
30932.0
29123.0
27700.0
26887.0
26646.0
26668.0
27872.0
30021.0
32126.0
34438.0
35933.0
36727.0
37769.0
38380.0
37741.0
36906.0
36852.0
36587.0
35874.0
35283.0
34196.0
32790.0
31770.0
29981.0
29245.0
27746.0
26508.0
25568.0
25022.0
24691.0
24427.0
24680.0
26087.0
28330.0
30253.0
31345.0
32279.0
32948.0
32884.0
32308.0
31760.0
31531.0
31376.0
31190.0
30981.0
30919.0
31050.0
29615.0
28058.0
26576.0
25097.0
24230.0
23675.0
23529.0
22986.0
22629.0
23693.0
25198.0
26711.0
27810.0
28605.0
29690.0
30141.0
29585.0
29129.0
28434.0
28108.0
28135.0
28540.0
29403.0
30386.0
29097.0
27457.0
25995.0
24838.0
24313.0
24191.0
24587.0
26470.0
29015.0
31366.0
33485.0
34744.0
35413.0
36234.0
36730.0
36129.0
35712.0
35760.0
35849.0
35258.0
34664.0
33874.0
33436.0
32866.0
30630.0
29301.0
27561.0
26336.0
25684.0
25495.0
25739.0
27233.0
29465.0
31739.0
33914.0
35053.0
35323.0
36091.0
36451.0
35656.0
35009.0
34987.0
35046.0
34518.0
33992.0
33396.0
32967.0
32421.0
30183.0
28744.0
27127.0
25926.0
25372.0
25166.0
25320.0
26855.0
28933.0
31071.0
32968.0
33929.0
34286.0
34826.0
34996.0
33968.0
33289.0
33313.0
33431.0
32725.0
32442.0
31887.0
31550.0
31206.0
29021.0
27754.0
26301.0
25102.0
24613.0
24405.0
24694.0
25802.0
27569.0
29446.0
30747.0
31653.0
31978.0
32449.0
32736.0
31885.0
31231.0
31226.0
31312.0
30939.0
30644.0
30368.0
30374.0
30110.0
28151.0
27038.0
25452.0
24457.0
23966.0
23858.0
24111.0
25535.0
27421.0
29080.0
30621.0
31471.0
31818.0
32223.0
32263.0
31184.0
30407.0
30168.0
30094.0
29715.0
29591.0
29489.0
29418.0
29027.0
27274.0
26689.0
25231.0
24075.0
23445.0
23085.0
22815.0
22707.0
23013.0
24436.0
26247.0
27738.0
28385.0
28687.0
28631.0
28035.0
26843.0
26234.0
25998.0
25906.0
26105.0
26407.0
26883.0
27309.0
25939.0
24479.0
23088.0
22125.0
21445.0
21112.0
20924.0
20742.0
20508.0
21399.0
22845.0
24301.0
25198.0
25704.0
26214.0
26266.0
25405.0
24848.0
24606.0
24773.0
25234.0
25817.0
26833.0
28111.0
26862.0
25206.0
23707.0
22755.0
22256.0
22322.0
22805.0
24608.0
26837.0
28863.0
30697.0
31828.0
32508.0
33433.0
33913.0
33221.0
32522.0
32432.0
32528.0
32238.0
32048.0
31683.0
31481.0
31060.0
28976.0
27790.0
26347.0
25318.0
24718.0
24528.0
24758.0
26139.0
28193.0
30252.0
32133.0
33400.0
34027.0
34967.0
35276.0
34700.0
34016.0
34077.0
34027.0
33741.0
33369.0
32799.0
32462.0
31901.0
29713.0
28490.0
26892.0
25738.0
25255.0
25104.0
25508.0
26827.0
28963.0
30923.0
32891.0
34169.0
34697.0
35498.0
35876.0
35085.0
34298.0
34341.0
34317.0
33821.0
33460.0
33004.0
32702.0
32149.0
29908.0
28672.0
26997.0
25840.0
25252.0
25121.0
25521.0
27021.0
28962.0
31023.0
32807.0
34004.0
34471.0
35080.0
35107.0
34053.0
33209.0
33048.0
33067.0
32592.0
32259.0
31898.0
31889.0
31365.0
29253.0
28179.0
26670.0
25498.0
25156.0
24958.0
25116.0
26533.0
28607.0
30615.0
32749.0
33870.0
34299.0
34897.0
35019.0
33882.0
32645.0
32307.0
32267.0
31841.0
31469.0
31235.0
30996.0
30334.0
28479.0
27432.0
25865.0
24635.0
23959.0
23624.0
23352.0
23216.0
23598.0
25281.0
27430.0
29125.0
29883.0
30214.0
30331.0
29716.0
28579.0
27945.0
27595.0
27669.0
27818.0
28013.0
28383.0
28532.0
26911.0
25498.0
24083.0
22969.0
22159.0
21819.0
21574.0
21460.0
21119.0
22080.0
23615.0
25181.0
26071.0
26680.0
27235.0
27448.0
26741.0
26239.0
26075.0
26153.0
26480.0
27191.0
28295.0
29433.0
27998.0
26235.0
24602.0
23542.0
23160.0
23097.0
23569.0
25690.0
27958.0
30535.0
32550.0
33968.0
34634.0
35420.0
35830.0
35226.0
34513.0
34316.0
34353.0
33684.0
33348.0
32855.0
32640.0
32174.0
29918.0
28418.0
26726.0
25565.0
25113.0
24928.0
25156.0
26789.0
28825.0
31256.0
33267.0
34530.0
35274.0
36176.0
36566.0
36029.0
35434.0
35438.0
35493.0
35072.0
34797.0
34224.0
33918.0
33615.0
31404.0
29848.0
27896.0
26582.0
25992.0
25767.0
26015.0
27405.0
29534.0
31848.0
34080.0
35655.0
36545.0
37679.0
38236.0
37767.0
37308.0
37306.0
37315.0
36700.0
36275.0
35845.0
35365.0
34985.0
32775.0
31123.0
29087.0
27615.0
26962.0
26675.0
26888.0
28243.0
30107.0
32459.0
34983.0
36352.0
37263.0
38415.0
39286.0
38923.0
38559.0
38541.0
38485.0
37763.0
37287.0
36509.0
35961.0
35457.0
33383.0
31638.0
29934.0
28307.0
27414.0
27022.0
27146.0
28648.0
30553.0
32811.0
35076.0
36392.0
37309.0
38373.0
38944.0
38280.0
37684.0
37460.0
37303.0
36488.0
36011.0
35170.0
34445.0
33729.0
31594.0
30474.0
28696.0
27270.0
26283.0
25705.0
25381.0
25350.0
25469.0
27000.0
29205.0
31341.0
32148.0
32831.0
33399.0
33369.0
32802.0
32238.0
32006.0
31687.0
31465.0
31355.0
31312.0
31225.0
29596.0
27936.0
26246.0
24850.0
24002.0
23486.0
23083.0
22691.0
22478.0
23419.0
24975.0
26631.0
27807.0
28768.0
29780.0
30273.0
29832.0
29425.0
29169.0
29063.0
29202.0
29459.0
30242.0
31588.0
30306.0
28433.0
26588.0
25406.0
24800.0
24489.0
24869.0
26856.0
28975.0
31698.0
34324.0
35836.0
36516.0
37573.0
38224.0
37930.0
37390.0
37543.0
37421.0
36712.0
35847.0
35094.0
34959.0
34389.0
32218.0
30646.0
28868.0
27587.0
26909.0
26518.0
26915.0
28311.0
30217.0
32648.0
34999.0
36415.0
37101.0
38157.0
38738.0
38253.0
37888.0
37823.0
37685.0
37074.0
36533.0
35657.0
35350.0
34481.0
32134.0
30726.0
28965.0
27787.0
27195.0
26611.0
26881.0
28521.0
30356.0
32485.0
34891.0
36224.0
36942.0
37693.0
38085.0
37471.0
36815.0
36764.0
36722.0
36012.0
35395.0
34672.0
34319.0
33756.0
31465.0
29754.0
27970.0
26772.0
26075.0
25620.0
25953.0
27589.0
29439.0
31668.0
33774.0
35221.0
35823.0
36676.0
36993.0
36309.0
35687.0
35656.0
35529.0
34899.0
34281.0
33621.0
33382.0
32823.0
30644.0
29316.0
27743.0
26385.0
25786.0
25506.0
25867.0
27434.0
29374.0
31398.0
33357.0
34694.0
35348.0
35900.0
36040.0
35070.0
34066.0
33916.0
33831.0
33323.0
33043.0
32589.0
32236.0
31590.0
29658.0
28590.0
26998.0
25478.0
24774.0
24204.0
23948.0
24095.0
24451.0
25885.0
27996.0
29968.0
30788.0
31076.0
31277.0
30989.0
30229.0
29595.0
29293.0
29176.0
29283.0
29441.0
29935.0
29915.0
28065.0
26554.0
25004.0
23662.0
22819.0
22433.0
22073.0
22013.0
21748.0
22609.0
24069.0
25478.0
26433.0
27138.0
27780.0
28040.0
27478.0
27076.0
26840.0
26898.0
27184.0
27535.0
28655.0
29886.0
28455.0
26744.0
25113.0
23835.0
23310.0
23082.0
23584.0
25608.0
27562.0
29682.0
31952.0
33301.0
33980.0
34924.0
35575.0
34897.0
34046.0
33704.0
33680.0
33128.0
32537.0
31770.0
31843.0
31325.0
29156.0
27769.0
26197.0
24995.0
24446.0
24147.0
24179.0
25613.0
27410.0
29351.0
31334.0
32562.0
33275.0
34025.0
34578.0
34054.0
33457.0
33254.0
33202.0
32776.0
32393.0
32003.0
32106.0
31778.0
29740.0
28316.0
26707.0
25548.0
24970.0
24603.0
25026.0
26823.0
28703.0
30616.0
32504.0
33664.0
34456.0
35302.0
35798.0
35312.0
34729.0
34692.0
34664.0
34234.0
33903.0
33439.0
33406.0
32763.0
30641.0
29142.0
27370.0
26111.0
25490.0
25239.0
25431.0
27125.0
28935.0
30895.0
33220.0
34784.0
35731.0
36821.0
37542.0
36992.0
36466.0
36483.0
36444.0
36034.0
35526.0
34901.0
34672.0
33927.0
31655.0
30227.0
28384.0
26947.0
26253.0
25885.0
26173.0
27685.0
29541.0
31430.0
33713.0
35294.0
36282.0
37284.0
37853.0
37198.0
36325.0
36141.0
35851.0
35259.0
34752.0
33994.0
33601.0
32802.0
30674.0
29614.0
27958.0
26567.0
25663.0
25123.0
24739.0
24854.0
24949.0
26231.0
28412.0
30468.0
31525.0
32311.0
32795.0
32782.0
32373.0
31789.0
31529.0
31251.0
31191.0
30994.0
31382.0
31310.0
29676.0
27900.0
26272.0
24931.0
24092.0
23533.0
23087.0
22971.0
22413.0
23203.0
24724.0
26188.0
27414.0
28661.0
29653.0
30197.0
29855.0
29396.0
29040.0
28846.0
28858.0
29018.0
30205.0
31145.0
29536.0
27712.0
25866.0
24608.0
23848.0
23570.0
23899.0
25726.0
27425.0
29484.0
31814.0
33384.0
34283.0
35385.0
35995.0
35578.0
35036.0
34939.0
34821.0
34309.0
33547.0
32790.0
32980.0
32262.0
29950.0
28638.0
26969.0
25783.0
25164.0
24809.0
25131.0
26777.0
28697.0
31197.0
33525.0
34941.0
35752.0
36499.0
36762.0
36049.0
35153.0
34880.0
34727.0
34294.0
33754.0
33208.0
33519.0
33046.0
30749.0
28800.0
26986.0
25712.0
25027.0
24779.0
24920.0
26536.0
28216.0
30792.0
33075.0
34564.0
35571.0
36465.0
37055.0
36581.0
35777.0
35661.0
35581.0
35184.0
34497.0
33973.0
34339.0
33857.0
31471.0
29358.0
27451.0
26115.0
25333.0
24997.0
25102.0
26732.0
28380.0
30877.0
33294.0
34958.0
36149.0
37164.0
37866.0
37376.0
36739.0
36723.0
36666.0
36271.0
35653.0
35095.0
35319.0
34820.0
32510.0
30277.0
28165.0
26676.0
25935.0
25614.0
25786.0
27323.0
28980.0
31513.0
33871.0
35549.0
36730.0
38050.0
38807.0
38280.0
37495.0
37322.0
37141.0
36652.0
36087.0
35358.0
35301.0
34588.0
32549.0
30606.0
28697.0
27200.0
26241.0
25521.0
25029.0
25099.0
25122.0
26329.0
28682.0
30588.0
31889.0
32793.0
33455.0
33362.0
32897.0
32469.0
32203.0
31878.0
31605.0
31453.0
32061.0
31670.0
29928.0
28257.0
26559.0
25122.0
24229.0
23673.0
23253.0
23079.0
22466.0
23026.0
24398.0
25903.0
26969.0
28055.0
28998.0
29591.0
29219.0
28943.0
28709.0
28515.0
28490.0
28718.0
30175.0
30819.0
29334.0
27537.0
25803.0
24544.0
23810.0
23630.0
23974.0
25608.0
27324.0
29783.0
32309.0
33773.0
34877.0
35767.0
36626.0
36363.0
35731.0
35570.0
35499.0
34992.0
34173.0
33567.0
34066.0
33191.0
30914.0
29000.0
27096.0
25821.0
25155.0
24833.0
25025.0
26350.0
27624.0
29650.0
31775.0
33242.0
34021.0
34667.0
35059.0
34565.0
33744.0
33695.0
33590.0
32989.0
32451.0
32091.0
32835.0
31847.0
29689.0
27808.0
25940.0
24825.0
24193.0
23914.0
24019.0
25369.0
26854.0
28729.0
30567.0
31616.0
32514.0
33143.0
33506.0
32938.0
32081.0
31773.0
31653.0
31362.0
30885.0
30572.0
31059.0
30064.0
27946.0
26394.0
24692.0
23672.0
23146.0
22957.0
23056.0
24357.0
25735.0
27355.0
29087.0
30068.0
30624.0
31204.0
31567.0
31098.0
30273.0
30119.0
30017.0
29982.0
29725.0
29576.0
30658.0
29739.0
27760.0
26159.0
24693.0
23610.0
23163.0
22958.0
23207.0
24485.0
25798.0
27376.0
28982.0
30061.0
30650.0
31494.0
32013.0
31399.0
30474.0
30228.0
30221.0
30037.0
29911.0
29713.0
30562.0
29599.0
27678.0
26111.0
24672.0
23457.0
22773.0
22477.0
22121.0
22452.0
22531.0
23714.0
25644.0
27291.0
28116.0
28493.0
28827.0
28500.0
27762.0
27153.0
26831.0
26869.0
26965.0
27254.0
28672.0
28064.0
26163.0
24865.0
23409.0
22268.0
21573.0
21120.0
20947.0
20940.0
20392.0
20630.0
22099.0
23687.0
24874.0
25654.0
26238.0
26457.0
25928.0
25518.0
25422.0
25438.0
25641.0
26148.0
27966.0
28068.0
26472.0
24945.0
23385.0
22274.0
21679.0
21457.0
21748.0
23007.0
24137.0
25787.0
27767.0
29008.0
29852.0
30732.0
31442.0
31374.0
30810.0
30654.0
30771.0
30580.0
30211.0
29890.0
30960.0
29666.0
27630.0
26266.0
24652.0
23431.0
22735.0
22317.0
22138.0
22403.0
22481.0
23095.0
24646.0
25987.0
26970.0
27741.0
28406.0
28710.0
28099.0
27724.0
27458.0
27520.0
27694.0
28007.0
29721.0
29478.0
27728.0
26189.0
24598.0
23547.0
22939.0
22665.0
22868.0
24224.0
25880.0
27701.0
29905.0
31313.0
32313.0
33318.0
34009.0
33816.0
32971.0
32769.0
32663.0
32442.0
31976.0
31768.0
32865.0
31925.0
29693.0
27865.0
25992.0
24778.0
24164.0
23748.0
23774.0
24908.0
26276.0
28003.0
30169.0
31613.0
32625.0
33599.0
34418.0
34239.0
33590.0
33405.0
33405.0
33170.0
32680.0
32404.0
33481.0
32314.0
30162.0
28324.0
26507.0
25177.0
24478.0
24231.0
24286.0
25517.0
27007.0
28725.0
30931.0
32312.0
33463.0
34338.0
35188.0
35003.0
34273.0
34027.0
33872.0
33483.0
32940.0
32480.0
33379.0
32120.0
29973.0
28344.0
26580.0
25129.0
24346.0
23898.0
23528.0
23734.0
23798.0
24743.0
26648.0
28279.0
29093.0
29834.0
30581.0
30458.0
30025.0
29459.0
29206.0
28937.0
28707.0
28977.0
30535.0
29538.0
27883.0
26348.0
24868.0
23611.0
22923.0
22403.0
22049.0
22024.0
21661.0
21981.0
23546.0
24802.0
25825.0
26566.0
27387.0
27931.0
27616.0
27275.0
27055.0
27002.0
27280.0
27759.0
29857.0
29849.0
28374.0
26644.0
24961.0
23801.0
23241.0
23055.0
23313.0
25137.0
26993.0
29000.0
31330.0
32878.0
34028.0
35164.0
36064.0
35822.0
35301.0
35112.0
34938.0
34558.0
33901.0
33427.0
34495.0
33085.0
30805.0
28737.0
26810.0
25605.0
24822.0
24633.0
24670.0
26183.0
27914.0
29799.0
32023.0
33611.0
34840.0
35946.0
36794.0
36387.0
35688.0
35583.0
35326.0
34689.0
34060.0
33634.0
34726.0
32911.0
30494.0
28621.0
26934.0
25700.0
24992.0
24659.0
24839.0
26251.0
28134.0
29875.0
32154.0
33554.0
34733.0
35765.0
36724.0
36443.0
35664.0
35538.0
35412.0
34799.0
34217.0
33949.0
34848.0
33017.0
30668.0
28838.0
27106.0
25940.0
25160.0
24828.0
24953.0
26404.0
28025.0
29765.0
32061.0
33323.0
34396.0
35453.0
36215.0
35807.0
35216.0
35145.0
34968.0
34605.0
33871.0
33519.0
34661.0
32736.0
30449.0
28509.0
26782.0
25727.0
25091.0
24544.0
24756.0
26303.0
28022.0
29795.0
31835.0
33247.0
34239.0
35283.0
36008.0
35431.0
34673.0
34475.0
34462.0
34120.0
33448.0
33322.0
34151.0
32143.0
29965.0
28343.0
26868.0
25557.0
24721.0
24264.0
23976.0
24108.0
24399.0
25277.0
27397.0
29193.0
30123.0
30895.0
31441.0
31383.0
30739.0
30216.0
29873.0
29623.0
29466.0
29790.0
31159.0
29720.0
28067.0
26677.0
25060.0
23819.0
23085.0
22668.0
22442.0
22608.0
22479.0
22550.0
24015.0
25454.0
26530.0
27309.0
27860.0
28163.0
27329.0
26760.0
26518.0
26573.0
26649.0
27369.0
29727.0
29271.0
27627.0
26051.0
24472.0
23456.0
23044.0
22885.0
23457.0
25461.0
27793.0
30032.0
32359.0
33950.0
34761.0
35522.0
35825.0
34942.0
33532.0
32966.0
32817.0
32479.0
32031.0
32225.0
33736.0
31523.0
29192.0
27341.0
25711.0
24630.0
24098.0
23997.0
24237.0
26062.0
28298.0
30032.0
32129.0
33416.0
34376.0
34928.0
35112.0
33972.0
32776.0
32329.0
32212.0
31731.0
31294.0
31677.0
32949.0
30746.0
28397.0
26445.0
24966.0
23991.0
23613.0
23536.0
23772.0
25635.0
27772.0
29686.0
31397.0
32546.0
33533.0
34111.0
34388.0
33268.0
32104.0
31822.0
31806.0
31510.0
31100.0
31646.0
32761.0
30651.0
28381.0
26585.0
24976.0
24004.0
23514.0
23449.0
23855.0
25696.0
27910.0
29931.0
31651.0
32596.0
33372.0
34006.0
34195.0
33118.0
31904.0
31758.0
31762.0
31442.0
31158.0
31534.0
32902.0
30801.0
28641.0
26679.0
25178.0
24095.0
23729.0
23539.0
23864.0
25583.0
27699.0
29156.0
30972.0
31788.0
32606.0
33368.0
33688.0
32796.0
31744.0
31459.0
31430.0
30997.0
30577.0
30866.0
31754.0
29437.0
27444.0
26278.0
24997.0
23887.0
23368.0
22863.0
22606.0
22744.0
23188.0
23894.0
25938.0
27537.0
28324.0
28774.0
29246.0
28801.0
27831.0
27257.0
27070.0
26963.0
26966.0
27793.0
29477.0
27678.0
26013.0
24748.0
23412.0
22186.0
21459.0
21052.0
20925.0
21073.0
21168.0
21210.0
22680.0
24312.0
25222.0
25955.0
26606.0
26881.0
25980.0
25386.0
25300.0
25471.0
25687.0
26871.0
29148.0
28083.0
26372.0
24724.0
23436.0
22650.0
22218.0
22188.0
22736.0
24945.0
27592.0
29129.0
30965.0
32194.0
33191.0
34144.0
34525.0
33604.0
33074.0
33163.0
33230.0
32672.0
32117.0
32447.0
33593.0
31166.0
28801.0
27375.0
25898.0
24905.0
24508.0
24286.0
24661.0
26494.0
29006.0
30445.0
32227.0
33355.0
34475.0
35392.0
35982.0
35141.0
34618.0
34675.0
34659.0
34024.0
33318.0
33660.0
34564.0
31897.0
29271.0
27831.0
26307.0
25173.0
24677.0
24432.0
24815.0
26660.0
29055.0
30642.0
32647.0
33793.0
34715.0
35709.0
36049.0
35236.0
34729.0
34764.0
34797.0
34168.0
33465.0
33827.0
34551.0
31857.0
29418.0
27890.0
26414.0
25452.0
24771.0
24639.0
24917.0
26685.0
29130.0
30487.0
32152.0
33145.0
33886.0
34591.0
35157.0
34475.0
33948.0
34057.0
34088.0
33487.0
32899.0
33316.0
34134.0
31558.0
29187.0
27845.0
26383.0
25326.0
24843.0
24547.0
24749.0
26438.0
28556.0
29562.0
30858.0
31911.0
32726.0
33389.0
33809.0
33127.0
32542.0
32316.0
32245.0
31757.0
31226.0
31740.0
32301.0
29941.0
27937.0
26832.0
25470.0
24399.0
23732.0
23384.0
23115.0
23567.0
24149.0
24784.0
26716.0
28233.0
28955.0
29175.0
29184.0
28343.0
27044.0
26193.0
25944.0
25870.0
26158.0
27452.0
29001.0
27156.0
25465.0
24156.0
22830.0
21846.0
21270.0
21050.0
20894.0
21088.0
21175.0
21269.0
22786.0
24022.0
24871.0
25355.0
25841.0
25683.0
24673.0
24032.0
23876.0
23954.0
24325.0
26172.0
27969.0
27079.0
25429.0
23870.0
22773.0
21989.0
21668.0
21586.0
22049.0
23803.0
26347.0
27525.0
28901.0
29756.0
30509.0
31193.0
31725.0
31233.0
30484.0
30347.0
30387.0
30258.0
30069.0
31100.0
32099.0
29493.0
27155.0
25990.0
24811.0
24100.0
23656.0
23557.0
23957.0
25851.0
28789.0
30089.0
31198.0
32130.0
32886.0
33561.0
33711.0
32687.0
32137.0
32087.0
32222.0
31897.0
31580.0
32692.0
33374.0
30437.0
27965.0
26737.0
25460.0
24607.0
24290.0
23984.0
24234.0
26172.0
29064.0
30278.0
31435.0
32375.0
33194.0
33988.0
34286.0
33452.0
32946.0
33003.0
33162.0
32790.0
32359.0
33415.0
33860.0
30765.0
28288.0
27066.0
25812.0
24984.0
24479.0
24230.0
24577.0
26404.0
29368.0
30519.0
31659.0
32550.0
33294.0
34075.0
34404.0
33541.0
33119.0
33022.0
32911.0
32241.0
31804.0
32952.0
33213.0
30204.0
27684.0
26495.0
25243.0
24285.0
23993.0
23723.0
24061.0
26057.0
28919.0
30067.0
31183.0
31749.0
32128.0
32586.0
32523.0
31317.0
30414.0
30080.0
29972.0
29712.0
29503.0
30640.0
30862.0
28413.0
26378.0
25375.0
24114.0
23103.0
22597.0
22252.0
22081.0
22474.0
23401.0
24198.0
26091.0
27402.0
28035.0
28155.0
28263.0
27548.0
26175.0
25505.0
25317.0
25186.0
25513.0
27144.0
28314.0
26407.0
24808.0
23463.0
22225.0
21273.0
20777.0
20569.0
20421.0
20637.0
20924.0
20976.0
22441.0
23879.0
24796.0
25130.0
25532.0
25336.0
24186.0
23647.0
23489.0
23517.0
24147.0
26697.0
28187.0
26854.0
25109.0
23453.0
22398.0
21722.0
21476.0
21503.0
22187.0
24540.0
28185.0
29610.0
30581.0
31023.0
31491.0
32011.0
32156.0
31078.0
30417.0
30363.0
30425.0
30082.0
30084.0
31915.0
32154.0
29074.0
26599.0
25392.0
24210.0
23532.0
23222.0
23097.0
23462.0
25505.0
28740.0
30081.0
30905.0
31498.0
31974.0
32381.0
32450.0
31450.0
31049.0
30989.0
31011.0
30547.0
30433.0
32348.0
32810.0
29675.0
27210.0
26034.0
24707.0
23881.0
23566.0
23489.0
23757.0
25781.0
28948.0
30076.0
30948.0
31479.0
31904.0
32318.0
32458.0
31586.0
31140.0
31116.0
31303.0
30905.0
30794.0
32574.0
32668.0
29580.0
27147.0
25989.0
24694.0
23826.0
23431.0
23331.0
23712.0
25627.0
28828.0
29880.0
30759.0
31276.0
31930.0
32595.0
32782.0
31997.0
31505.0
31383.0
31400.0
30929.0
30813.0
32856.0
32824.0
29737.0
27329.0
26082.0
24631.0
23747.0
23632.0
23476.0
23897.0
25973.0
29256.0
30439.0
31356.0
32059.0
32565.0
33099.0
33043.0
31769.0
30958.0
30627.0
30608.0
30416.0
30420.0
32044.0
31703.0
29143.0
27040.0
25964.0
24687.0
23587.0
22984.0
22668.0
22456.0
22839.0
23797.0
24614.0
26682.0
28169.0
28725.0
28942.0
29121.0
28328.0
27074.0
26399.0
26202.0
26286.0
26663.0
28648.0
29021.0
27053.0
25492.0
24026.0
22788.0
21818.0
21288.0
20808.0
20726.0
20971.0
21308.0
21264.0
23017.0
24435.0
25207.0
25626.0
26133.0
26029.0
24892.0
24522.0
24310.0
24462.0
25004.0
27750.0
28717.0
27194.0
25428.0
23952.0
22809.0
22057.0
21805.0
21787.0
22369.0
24617.0
28075.0
29471.0
30411.0
31139.0
31797.0
32474.0
32551.0
31642.0
31245.0
31257.0
31278.0
30791.0
30801.0
32965.0
32600.0
29551.0
26989.0
25679.0
24561.0
23835.0
23427.0
23339.0
23712.0
25829.0
29284.0
30500.0
31326.0
31665.0
32070.0
32685.0
32858.0
31941.0
31518.0
31463.0
31505.0
31050.0
31050.0
33373.0
32990.0
29768.0
27211.0
26006.0
24835.0
23949.0
23640.0
23499.0
23897.0
26017.0
29440.0
30719.0
31450.0
32113.0
32502.0
32925.0
33006.0
31948.0
31430.0
31288.0
31345.0
30886.0
30936.0
33185.0
32800.0
29637.0
27250.0
25924.0
24664.0
23979.0
23510.0
23392.0
23783.0
25831.0
29193.0
30317.0
31089.0
31745.0
32271.0
32917.0
32991.0
31993.0
31527.0
31470.0
31503.0
30996.0
31014.0
33108.0
32658.0
29651.0
27200.0
26002.0
24710.0
23882.0
23598.0
23563.0
23936.0
25919.0
29362.0
30337.0
31153.0
31880.0
32476.0
32881.0
33086.0
31983.0
31079.0
31128.0
31168.0
30959.0
31260.0
32758.0
31585.0
28730.0
26902.0
25872.0
24691.0
23503.0
22919.0
22516.0
22205.0
22743.0
23750.0
24596.0
26645.0
28198.0
28651.0
28943.0
29143.0
28289.0
27033.0
26318.0
26111.0
26044.0
26484.0
28782.0
28857.0
26915.0
25116.0
23790.0
22473.0
21526.0
21044.0
20651.0
20589.0
20878.0
21318.0
21441.0
22811.0
24314.0
25050.0
25398.0
26034.0
25790.0
24686.0
24022.0
23845.0
23901.0
24800.0
27613.0
28173.0
26868.0
25179.0
23626.0
22402.0
21779.0
21413.0
21458.0
22151.0
24718.0
28618.0
30079.0
31144.0
31848.0
32433.0
32997.0
33263.0
32306.0
31749.0
31804.0
31731.0
31337.0
31217.0
33351.0
32514.0
29432.0
26926.0
25601.0
24541.0
23766.0
23387.0
23158.0
23362.0
25143.0
28384.0
29829.0
30576.0
31193.0
31830.0
32462.0
32779.0
31872.0
31194.0
31107.0
31032.0
30530.0
30617.0
32867.0
32111.0
29419.0
26964.0
25629.0
24455.0
23714.0
23396.0
23301.0
23665.0
25415.0
28782.0
30643.0
31658.0
32332.0
32937.0
33584.0
33716.0
32780.0
32274.0
32193.0
32219.0
31782.0
31909.0
33961.0
33133.0
30039.0
27530.0
26119.0
24956.0
24071.0
23848.0
23647.0
24022.0
25999.0
29375.0
30863.0
31633.0
32111.0
32763.0
33492.0
33683.0
32684.0
32243.0
32325.0
32315.0
31919.0
32101.0
34060.0
33204.0
30095.0
27665.0
26381.0
25164.0
24375.0
23916.0
23811.0
24203.0
26282.0
29499.0
30811.0
31610.0
31978.0
32461.0
33127.0
33450.0
32602.0
31755.0
31470.0
31365.0
31047.0
31133.0
32937.0
31953.0
29286.0
27080.0
25715.0
24618.0
23520.0
22970.0
22660.0
22345.0
22742.0
23899.0
24542.0
26526.0
27899.0
28364.0
28500.0
28658.0
28030.0
26711.0
25970.0
25824.0
25694.0
26270.0
28498.0
28550.0
26553.0
24868.0
23586.0
22223.0
21290.0
20776.0
20489.0
20347.0
20614.0
21356.0
21489.0
23028.0
24429.0
25246.0
25652.0
26068.0
25814.0
24750.0
23922.0
23895.0
24233.0
25124.0
27868.0
28159.0
26683.0
24964.0
23493.0
22249.0
21669.0
21429.0
21379.0
21949.0
24179.0
27492.0
28735.0
29777.0
30295.0
30874.0
31453.0
31577.0
30743.0
30185.0
30081.0
30141.0
29872.0
30437.0
32764.0
31813.0
28808.0
26489.0
25377.0
24037.0
23300.0
22990.0
22888.0
23375.0
25421.0
28802.0
30446.0
31115.0
31607.0
31940.0
32413.0
32544.0
31609.0
31082.0
30953.0
31094.0
30838.0
31198.0
33382.0
32424.0
29352.0
26844.0
25695.0
24297.0
23574.0
23171.0
23081.0
23419.0
25494.0
28901.0
30457.0
30969.0
31381.0
31645.0
32317.0
32296.0
31447.0
30776.0
30799.0
30665.0
30108.0
30719.0
32404.0
31481.0
28645.0
26445.0
25394.0
24017.0
23027.0
22552.0
22207.0
21989.0
22147.0
22757.0
22804.0
24049.0
25409.0
25889.0
26162.0
26589.0
26252.0
25107.0
24528.0
24303.0
24473.0
25483.0
27810.0
27926.0
26512.0
24818.0
23471.0
22265.0
21482.0
21123.0
21087.0
21435.0
23069.0
25459.0
26718.0
27705.0
28598.0
29081.0
29628.0
30074.0
29418.0
28494.0
28186.0
28223.0
28031.0
28717.0
30551.0
29928.0
27453.0
25521.0
24427.0
23218.0
22237.0
21610.0
21431.0
21400.0
21951.0
23000.0
23855.0
25539.0
27093.0
27626.0
27917.0
28126.0
27691.0
26396.0
25785.0
25594.0
25603.0
26476.0
28422.0
28253.0
26382.0
24704.0
23360.0
22053.0
21017.0
20452.0
20138.0
20128.0
20341.0
20834.0
21163.0
22401.0
23855.0
24636.0
24876.0
25486.0
25422.0
24263.0
23607.0
23515.0
23851.0
25254.0
27858.0
27825.0
26472.0
24810.0
23276.0
22179.0
21557.0
21185.0
21205.0
21886.0
24496.0
28238.0
30147.0
30741.0
31338.0
31843.0
32445.0
32409.0
31495.0
30856.0
30794.0
30817.0
30430.0
31467.0
33182.0
31914.0
28883.0
26449.0
25178.0
23963.0
23267.0
22966.0
22815.0
23197.0
25354.0
28913.0
30697.0
31254.0
31609.0
32052.0
32480.0
32359.0
31200.0
30461.0
30398.0
30469.0
30339.0
31622.0
33356.0
32046.0
28973.0
26536.0
25146.0
23980.0
23178.0
22907.0
22925.0
23366.0
25423.0
28964.0
30933.0
31567.0
32094.0
32441.0
32826.0
32692.0
31326.0
30638.0
30388.0
30360.0
30157.0
31226.0
32777.0
31771.0
28681.0
26331.0
24797.0
23387.0
22716.0
22398.0
22076.0
22576.0
24652.0
28310.0
30350.0
30871.0
31151.0
31570.0
31850.0
31685.0
30528.0
29905.0
29632.0
29787.0
29732.0
30957.0
32728.0
31680.0
28579.0
26376.0
24889.0
23662.0
22873.0
22658.0
22658.0
23062.0
25065.0
28707.0
30583.0
30869.0
31341.0
31654.0
31884.0
31940.0
30594.0
29992.0
29659.0
29508.0
29211.0
30584.0
32061.0
31122.0
28543.0
26474.0
25193.0
23780.0
22836.0
22154.0
21928.0
21783.0
22041.0
23373.0
24508.0
26224.0
27730.0
28061.0
28055.0
28057.0
27210.0
25867.0
24977.0
24713.0
24784.0
26456.0
28285.0
27949.0
26180.0
24444.0
22940.0
21647.0
20675.0
20132.0
19854.0
19824.0
20119.0
20681.0
21035.0
22396.0
23853.0
24534.0
24792.0
25052.0
24930.0
23803.0
22983.0
22759.0
23089.0
25118.0
27654.0
27690.0
26195.0
24494.0
22834.0
21705.0
21025.0
20816.0
20842.0
21435.0
24127.0
27930.0
30181.0
30833.0
31084.0
31300.0
31684.0
31437.0
30372.0
29821.0
29594.0
29494.0
29342.0
31103.0
32914.0
32023.0
28962.0
26435.0
24837.0
23711.0
22940.0
22620.0
22513.0
22963.0
25053.0
28905.0
30935.0
31291.0
31576.0
31644.0
31984.0
31861.0
30921.0
30226.0
30164.0
30133.0
30037.0
31775.0
33544.0
32390.0
29357.0
26842.0
25361.0
24090.0
23197.0
22958.0
22905.0
23333.0
25452.0
29294.0
31242.0
31546.0
31665.0
31832.0
32247.0
32178.0
31168.0
30564.0
30435.0
30489.0
30268.0
31923.0
33541.0
32461.0
29389.0
26850.0
25276.0
23901.0
23012.0
22680.0
22638.0
23026.0
25174.0
28859.0
30771.0
30960.0
31092.0
31181.0
31713.0
31819.0
31008.0
30365.0
30246.0
30378.0
30178.0
31897.0
33406.0
32188.0
29232.0
26865.0
25414.0
24093.0
23253.0
22944.0
22815.0
23169.0
25187.0
28933.0
30873.0
30994.0
31087.0
31166.0
31627.0
31945.0
30953.0
29924.0
29623.0
29538.0
29371.0
31028.0
31999.0
30856.0
28177.0
26081.0
24863.0
23584.0
22520.0
21963.0
21600.0
21387.0
21736.0
22960.0
24293.0
25931.0
27188.0
27197.0
27422.0
27364.0
26814.0
25492.0
24804.0
24414.0
24569.0
26468.0
27863.0
27514.0
25789.0
24158.0
22696.0
21331.0
19867.0
19599.0
19476.0
19350.0
19406.0
19847.0
20276.0
21302.0
23067.0
23852.0
24182.0
24144.0
24658.0
24346.0
23374.0
23110.0
23334.0
24881.0
26544.0
27054.0
26709.0
25347.0
23443.0
22048.0
21119.0
20496.0
20406.0
20462.0
21230.0
23902.0
27324.0
29373.0
30353.0
30651.0
31012.0
31351.0
31388.0
30435.0
29729.0
29679.0
30027.0
31649.0
32656.0
32737.0
31456.0
28479.0
26015.0
24587.0
23447.0
22765.0
22459.0
22514.0
23080.0
25223.0
28708.0
30516.0
31277.0
31397.0
31580.0
31802.0
31740.0
30752.0
30121.0
29822.0
30078.0
31777.0
32596.0
32101.0
30772.0
28070.0
25977.0
24594.0
23449.0
22498.0
22025.0
21562.0
21405.0
21451.0
21734.0
22264.0
24041.0
25137.0
25488.0
25554.0
25816.0
25439.0
24297.0
23553.0
23560.0
25710.0
27176.0
27859.0
27407.0
26086.0
24229.0
22723.0
21626.0
21061.0
20975.0
21147.0
21752.0
24457.0
27785.0
29688.0
30737.0
31232.0
31473.0
31597.0
31433.0
30702.0
30125.0
29962.0
30398.0
32202.0
32897.0
32799.0
31282.0
28698.0
26180.0
24943.0
23587.0
22979.0
22672.0
22592.0
22986.0
25256.0
28699.0
30462.0
31568.0
31862.0
31981.0
32174.0
32059.0
30867.0
30064.0
29622.0
29929.0
31697.0
32137.0
31837.0
30702.0
28285.0
26207.0
24974.0
23652.0
22563.0
22024.0
21795.0
21690.0
22273.0
23054.0
24431.0
26512.0
27955.0
28313.0
28219.0
28345.0
27548.0
26239.0
25317.0
25235.0
26945.0
27979.0
28095.0
27793.0
26153.0
24288.0
22640.0
21386.0
20553.0
20035.0
19674.0
19772.0
20031.0
20418.0
20913.0
22735.0
24153.0
24807.0
24865.0
25264.0
25085.0
23931.0
23189.0
23245.0
25397.0
26955.0
27773.0
27580.0
26201.0
24427.0
22654.0
21466.0
20894.0
20850.0
21000.0
21588.0
24173.0
27962.0
29915.0
30879.0
31297.0
31425.0
31514.0
31576.0
30748.0
30251.0
29852.0
30169.0
32220.0
33268.0
33480.0
32333.0
29444.0
26707.0
25213.0
23774.0
23193.0
23000.0
22977.0
23321.0
25654.0
29206.0
30987.0
31942.0
32161.0
32262.0
32327.0
32192.0
31068.0
30599.0
30293.0
30756.0
32899.0
33992.0
34236.0
32964.0
30139.0
27535.0
25667.0
24324.0
23422.0
23121.0
22940.0
23518.0
25886.0
29619.0
31482.0
32520.0
32650.0
32748.0
32744.0
32884.0
31994.0
31328.0
31145.0
31612.0
33621.0
34436.0
34646.0
33463.0
30781.0
27983.0
26277.0
24773.0
23704.0
23454.0
23191.0
23653.0
25926.0
29296.0
31100.0
32141.0
32510.0
32586.0
32662.0
32678.0
31623.0
31004.0
30904.0
31362.0
33503.0
34531.0
34698.0
33740.0
30968.0
28188.0
26359.0
24869.0
23863.0
23473.0
23374.0
24088.0
26570.0
30510.0
32538.0
33542.0
33818.0
33711.0
33573.0
33286.0
32003.0
31348.0
30935.0
31347.0
33194.0
33808.0
33668.0
32739.0
30566.0
28256.0
26618.0
24919.0
23740.0
23023.0
22673.0
22646.0
23238.0
24389.0
25827.0
28291.0
29586.0
29703.0
29338.0
29268.0
28458.0
27163.0
26363.0
26355.0
28692.0
29689.0
30010.0
29959.0
28444.0
26542.0
24668.0
22990.0
21904.0
21183.0
20924.0
20869.0
21213.0
21552.0
22008.0
24009.0
25515.0
26031.0
25944.0
26212.0
25910.0
24902.0
24298.0
24530.0
27148.0
28560.0
29476.0
29489.0
28137.0
26081.0
23946.0
22666.0
21946.0
21480.0
21649.0
22469.0
25364.0
29465.0
31690.0
32835.0
33308.0
33212.0
33176.0
33071.0
32055.0
31550.0
31387.0
31941.0
34181.0
35025.0
35324.0
34101.0
31421.0
28660.0
26570.0
25039.0
24094.0
23686.0
23545.0
24217.0
26893.0
31016.0
33169.0
34083.0
34362.0
34172.0
34129.0
33768.0
32567.0
32105.0
31944.0
32625.0
34998.0
36008.0
36420.0
35040.0
32001.0
28968.0
26872.0
25234.0
24306.0
23832.0
23835.0
24438.0
27322.0
31528.0
33937.0
34876.0
35231.0
35220.0
34892.0
34685.0
33521.0
32920.0
32523.0
33110.0
35286.0
36179.0
36454.0
34986.0
32307.0
29331.0
27265.0
25601.0
24633.0
24162.0
24089.0
24712.0
27513.0
31724.0
33828.0
34819.0
35068.0
34863.0
34555.0
34184.0
33176.0
32709.0
32435.0
32963.0
35303.0
36092.0
36366.0
35029.0
32155.0
29186.0
27057.0
25399.0
24396.0
23933.0
23926.0
24560.0
27152.0
31789.0
33828.0
34709.0
34834.0
34547.0
34304.0
33911.0
32644.0
31981.0
31674.0
32154.0
34141.0
34686.0
34657.0
33627.0
31555.0
29100.0
27250.0
25470.0
24134.0
23500.0
23113.0
23138.0
23673.0
25091.0
26592.0
29036.0
30292.0
30208.0
29748.0
29537.0
28912.0
27788.0
27108.0
27617.0
29943.0
30720.0
31137.0
30622.0
29161.0
27236.0
25166.0
23408.0
22177.0
21545.0
21282.0
21212.0
21768.0
22147.0
22752.0
24800.0
26305.0
26834.0
26791.0
26980.0
26808.0
25815.0
25274.0
25590.0
28356.0
29769.0
30797.0
30689.0
29439.0
27118.0
24893.0
23266.0
22363.0
22089.0
22281.0
23055.0
26155.0
30817.0
33555.0
34564.0
35056.0
34772.0
34448.0
34028.0
32852.0
32270.0
32036.0
32768.0
35213.0
35909.0
36032.0
34922.0
32239.0
29197.0
27002.0
25297.0
24341.0
24006.0
23980.0
24593.0
27117.0
31553.0
33965.0
34933.0
35123.0
34812.0
34551.0
34082.0
32921.0
32493.0
32442.0
33103.0
35495.0
36306.0
36547.0
35424.0
32708.0
29501.0
27587.0
25948.0
24845.0
24392.0
24230.0
24958.0
27861.0
32180.0
34579.0
35288.0
35492.0
35250.0
34928.0
34697.0
33287.0
32760.0
32558.0
33433.0
35615.0
36276.0
36543.0
35354.0
32563.0
29512.0
27479.0
25660.0
24701.0
24275.0
24156.0
24768.0
27297.0
31251.0
33527.0
34301.0
34469.0
34380.0
34222.0
33862.0
32565.0
31982.0
32070.0
33143.0
35307.0
35943.0
35731.0
34841.0
32257.0
29390.0
27389.0
25661.0
24589.0
24154.0
24147.0
24605.0
27133.0
31341.0
33377.0
34067.0
34391.0
34293.0
34080.0
33766.0
32782.0
32199.0
31866.0
32506.0
34345.0
34322.0
34253.0
33287.0
31271.0
29049.0
27312.0
25487.0
23994.0
23316.0
22969.0
22905.0
23490.0
24730.0
26157.0
28726.0
30486.0
30654.0
30392.0
30288.0
29631.0
28465.0
27695.0
27913.0
29928.0
30515.0
30908.0
30647.0
29254.0
27205.0
25339.0
23429.0
22082.0
21506.0
21216.0
21234.0
21605.0
22314.0
22848.0
24937.0
26748.0
27319.0
27181.0
27400.0
27227.0
26086.0
25395.0
25935.0
28590.0
29867.0
30862.0
30847.0
29654.0
27263.0
25000.0
23403.0
22547.0
22193.0
22213.0
23138.0
26258.0
31110.0
33977.0
35203.0
35911.0
35681.0
35368.0
35050.0
34006.0
33553.0
33350.0
34132.0
36176.0
36678.0
36817.0
35824.0
33035.0
29885.0
27599.0
25852.0
24784.0
24276.0
24254.0
24930.0
27517.0
32190.0
34843.0
35945.0
36416.0
36358.0
35972.0
35674.0
34653.0
34114.0
34069.0
34917.0
36813.0
37178.0
37183.0
35948.0
33140.0
29990.0
27636.0
25769.0
24670.0
24352.0
24236.0
25007.0
27715.0
32507.0
34920.0
36036.0
36722.0
36727.0
36536.0
36257.0
34982.0
34479.0
34138.0
34907.0
36829.0
37314.0
37459.0
35981.0
33239.0
30116.0
27699.0
25856.0
24745.0
24323.0
24441.0
25002.0
27761.0
32395.0
35150.0
36164.0
36742.0
36353.0
35969.0
35652.0
34583.0
34274.0
34390.0
35272.0
37436.0
38103.0
38325.0
37003.0
34318.0
31089.0
28697.0
26702.0
25472.0
24981.0
24816.0
25507.0
28185.0
32933.0
35480.0
36591.0
37038.0
36861.0
36559.0
36569.0
35546.0
35054.0
34972.0
35484.0
37231.0
37590.0
37403.0
36414.0
34196.0
31555.0
29451.0
27291.0
25785.0
24944.0
24513.0
24510.0
25230.0
26707.0
28626.0
31646.0
33761.0
34038.0
33473.0
33487.0
32709.0
31601.0
30801.0
31183.0
33269.0
34016.0
34447.0
34069.0
32632.0
30477.0
27823.0
25529.0
24001.0
23164.0
22770.0
22845.0
23228.0
24102.0
24958.0
27388.0
29501.0
30309.0
30060.0
30482.0
30355.0
29355.0
28819.0
29349.0
32064.0
33430.0
34475.0
34556.0
33090.0
30121.0
27301.0
25312.0
24226.0
23595.0
23616.0
24567.0
27758.0
32994.0
36086.0
37708.0
38285.0
38021.0
37658.0
37518.0
36407.0
35882.0
35808.0
36619.0
38496.0
38991.0
39240.0
38422.0
35619.0
31892.0
29221.0
27078.0
25920.0
25468.0
25416.0
26073.0
28833.0
33848.0
36805.0
38196.0
38534.0
38173.0
37492.0
37269.0
36004.0
35626.0
35478.0
36240.0
38094.0
38462.0
38397.0
37640.0
35396.0
32397.0
29970.0
27544.0
26087.0
25330.0
25009.0
25012.0
25785.0
27192.0
28280.0
30388.0
32105.0
32657.0
32357.0
32447.0
31889.0
30752.0
30140.0
30607.0
33008.0
33882.0
34641.0
34465.0
33200.0
30635.0
27958.0
25806.0
24533.0
23972.0
23813.0
24297.0
26146.0
29219.0
31431.0
33875.0
34934.0
34652.0
33946.0
33993.0
33336.0
32606.0
32403.0
33278.0
35073.0
35392.0
35362.0
35032.0
33167.0
30565.0
28268.0
25988.0
24470.0
23599.0
23278.0
23479.0
24153.0
25405.0
26395.0
28551.0
30568.0
31146.0
30833.0
30974.0
30542.0
29597.0
29139.0
29613.0
31361.0
32011.0
32611.0
32579.0
31746.0
29631.0
27262.0
25162.0
23679.0
22745.0
22574.0
22770.0
23513.0
24843.0
26222.0
28837.0
30831.0
31209.0
30707.0
30937.0
30637.0
29790.0
29261.0
29809.0
31646.0
32279.0
32778.0
32468.0
31173.0
29121.0
26870.0
24727.0
23273.0
22365.0
21977.0
22017.0
22347.0
23145.0
23728.0
25706.0
27757.0
28718.0
28901.0
29417.0
29337.0
28325.0
27875.0
28415.0
30434.0
31384.0
32327.0
32067.0
30857.0
28315.0
25802.0
23953.0
22800.0
22344.0
22340.0
23190.0
26185.0
31176.0
34425.0
35659.0
36513.0
36728.0
36533.0
36503.0
35274.0
34776.0
34582.0
35162.0
36702.0
37134.0
37242.0
36562.0
33872.0
30529.0
28175.0
26029.0
24810.0
24273.0
24276.0
25000.0
27737.0
32680.0
35541.0
36605.0
37077.0
36929.0
36373.0
36191.0
35193.0
34870.0
34665.0
35328.0
37277.0
37886.0
38103.0
37363.0
34683.0
31313.0
28834.0
26625.0
25295.0
24852.0
24766.0
25429.0
28162.0
33091.0
36165.0
37128.0
37397.0
37210.0
36996.0
36873.0
35831.0
35546.0
35427.0
36207.0
38023.0
38429.0
38505.0
37701.0
34917.0
31506.0
28782.0
26656.0
25288.0
24874.0
24756.0
25388.0
28028.0
32714.0
35609.0
36470.0
36764.0
36635.0
36381.0
36217.0
35298.0
34795.0
34781.0
35747.0
37264.0
37565.0
37580.0
36887.0
34324.0
30985.0
28574.0
26489.0
25046.0
24547.0
24507.0
25045.0
27559.0
32236.0
34774.0
35475.0
35834.0
35866.0
35536.0
35350.0
34115.0
33564.0
33527.0
34281.0
35685.0
35769.0
35655.0
34736.0
32505.0
29996.0
28277.0
26275.0
24788.0
23927.0
23423.0
23394.0
24093.0
25715.0
27509.0
30068.0
31816.0
32035.0
31479.0
31337.0
30681.0
29454.0
28788.0
29317.0
31756.0
32411.0
33065.0
32818.0
31346.0
29430.0
27124.0
24847.0
23272.0
22350.0
21989.0
22033.0
22564.0
23355.0
24225.0
26294.0
28577.0
29291.0
29208.0
29468.0
29312.0
28231.0
27717.0
28167.0
30948.0
32280.0
33404.0
33639.0
32379.0
29822.0
26926.0
24809.0
23654.0
23107.0
23131.0
23982.0
27169.0
32401.0
35688.0
37066.0
37637.0
37480.0
37073.0
37037.0
35868.0
35605.0
35578.0
36336.0
38141.0
38603.0
38861.0
38006.0
35254.0
31710.0
29193.0
26839.0
25453.0
24848.0
24708.0
25381.0
28138.0
33070.0
35989.0
36993.0
37346.0
36965.0
36474.0
36186.0
35237.0
34899.0
34742.0
35526.0
37440.0
38133.0
38388.0
37740.0
35029.0
31599.0
28936.0
26699.0
25379.0
24917.0
24818.0
25557.0
28268.0
33172.0
36350.0
37326.0
37726.0
37339.0
36881.0
36541.0
35472.0
34904.0
34728.0
35401.0
37405.0
37907.0
38085.0
37476.0
34941.0
31692.0
29107.0
26747.0
25316.0
24791.0
24741.0
25328.0
28085.0
32632.0
35800.0
36915.0
37237.0
36495.0
35751.0
35361.0
34284.0
33717.0
33567.0
34264.0
36291.0
36981.0
37208.0
36635.0
34445.0
31335.0
28737.0
26197.0
24912.0
24315.0
24220.0
24856.0
27243.0
31785.0
34940.0
36023.0
36343.0
35728.0
34784.0
34271.0
33076.0
32243.0
32069.0
32575.0
34508.0
34983.0
35053.0
34367.0
32606.0
30032.0
27639.0
25305.0
23590.0
22778.0
22347.0
22246.0
22976.0
24500.0
26142.0
28843.0
30716.0
30869.0
30259.0
30017.0
29429.0
28549.0
27953.0
28272.0
30533.0
31257.0
31714.0
31560.0
30357.0
28299.0
25787.0
23559.0
21948.0
21096.0
20647.0
20680.0
21058.0
22040.0
23151.0
25712.0
27923.0
28528.0
28063.0
27999.0
27537.0
26377.0
25900.0
26512.0
29465.0
30094.0
29273.0
27618.0
25548.0
24598.0
23814.0
22630.0
21166.0
19993.0
19311.0
19221.0
19534.0
20067.0
20286.0
21595.0
23887.0
25401.0
25810.0
25947.0
25185.0
23465.0
23073.0
23617.0
25831.0
26849.0
27659.0
28036.0
27550.0
25653.0
23310.0
21301.0
20148.0
19552.0
19402.0
20001.0
21836.0
24539.0
27215.0
29704.0
31381.0
32029.0
31921.0
32247.0
31537.0
30268.0
30062.0
30526.0
32217.0
32470.0
32654.0
32597.0
30883.0
28137.0
25526.0
23257.0
22012.0
21442.0
21171.0
21768.0
23709.0
26884.0
29609.0
32112.0
33493.0
33713.0
33413.0
33559.0
32534.0
31657.0
31491.0
32002.0
33643.0
34025.0
34058.0
33499.0
31443.0
28621.0
26118.0
23836.0
22376.0
21734.0
21484.0
22005.0
23918.0
27150.0
29814.0
32146.0
33206.0
33375.0
32910.0
32908.0
31830.0
30934.0
30791.0
31213.0
32890.0
33102.0
33035.0
32538.0
30683.0
27882.0
25496.0
23300.0
22069.0
21429.0
21214.0
21700.0
23666.0
26617.0
29011.0
31199.0
32341.0
32423.0
31786.0
31737.0
30720.0
29652.0
29295.0
29584.0
31276.0
31680.0
31732.0
31186.0
29628.0
27374.0
25244.0
23288.0
21812.0
21031.0
20647.0
20701.0
21427.0
22847.0
24337.0
26391.0
28191.0
28447.0
27936.0
27885.0
27516.0
26463.0
25785.0
25976.0
28270.0
29018.0
29365.0
29311.0
28286.0
26363.0
24257.0
22207.0
20799.0
19921.0
19555.0
19471.0
19802.0
20647.0
21443.0
23246.0
25466.0
26488.0
26517.0
26756.0
26574.0
25430.0
24977.0
25451.0
28132.0
29097.0
28666.0
27260.0
25043.0
23680.0
